eVTOL_type,mission_segment,propeller_throttle,lift_throttle,propeller_rpm,propeller_thrust_N,propeller_torque_N_m,propeller_efficiency,propeller_motor_efficiency,propeller_power_coefficient,lift_rotor_rpm,lift_thrust_N,lift_torque_N_m,lift_efficiency,lift_motor_efficiency,lift_power_coefficient,propeller_tip_mach,lift_tip_mach,time_min,fesibility
vector_thrust,hover_climb,0.7803709449611781,0.0,1948.6298969038328,4.673708288543937e-12,114.11760687983364,0.1278538954159326,0.9239744741065368,0.0314954941167311,0.0,0.0,0.0,0.0,0.0,0.0,0.5321965580869632,0.0,0.0,True
vector_thrust,hover_climb,0.7803912868725734,0.0,1948.697883501904,4.673707181359489e-12,114.11727918878684,0.1278497716577152,0.923976249291944,0.0314954877176465,0.0,0.0,0.0,0.0,0.0,0.0,0.5322196559782373,0.0,0.0052848152852224,True
vector_thrust,hover_climb,0.7804482764790494,0.0,1948.8883973705165,4.6737040791461226e-12,114.11636097411083,0.1278382174444846,0.9239812231049248,0.0314954697512088,0.0,0.0,0.0,0.0,0.0,0.0,0.5322843824933419,0.0,0.0200925386596453,True
vector_thrust,hover_climb,0.7807195417430701,0.0,1949.1637490638689,4.673699596401843e-12,114.11503401587244,0.1278215219057388,0.9239884100887804,0.031495443698636,0.0,0.0,0.0,0.0,0.0,0.0,0.5323779349699757,0.0,0.0414903189041549,True
vector_thrust,hover_climb,0.7812409451676025,0.0,1949.4694372007448,4.673694620875578e-12,114.11356104809909,0.1278029923418384,0.923996386510234,0.0314954146538031,0.0,0.0,0.0,0.0,0.0,0.0,0.5324817979987431,0.0,0.0652400632147731,True
vector_thrust,hover_climb,0.7817098526291516,0.0,1949.7449165211424,4.673690138064297e-12,114.11223381361654,0.1277862987598633,0.9240035725405036,0.0314953883701801,0.0,0.0,0.0,0.0,0.0,0.0,0.5325754002427903,0.0,0.0866378434592827,True
vector_thrust,hover_climb,0.7820338646330649,0.0,1949.9355895572671,4.673687035862337e-12,114.11131526341612,0.1277747469855178,0.924008545162903,0.0314953701174781,0.0,0.0,0.0,0.0,0.0,0.0,0.5326401888220867,0.0,0.1014455668337057,True
vector_thrust,hover_climb,0.7821494078970846,0.0,1950.0036469955296,4.673685928702664e-12,114.1109874217824,0.1277706243124639,0.9240103198188284,0.0314953635905156,0.0,0.0,0.0,0.0,0.0,0.0,0.5326633143356136,0.0,0.1067303821189281,True
vector_thrust,second_climb,0.4939277493877899,0.0,1225.6568637108014,2205.991195704012,85.8588635870415,0.824642252084782,0.9067292728635318,0.0599842651505494,0.0,0.0,0.0,0.0,0.0,0.0,0.3348006288440985,0.0,0.1067303821189281,True
vector_thrust,second_climb,0.4940409527098491,0.0,1225.731449350274,2206.3797825792217,85.86656408209022,0.8246450801384076,0.9067304148979894,0.0600040839456939,0.0,0.0,0.0,0.0,0.0,0.0,0.3348352570673347,0.0,0.1314881651433233,True
vector_thrust,second_climb,0.4943579398124552,0.0,1225.9404855785572,2207.4708585427265,85.88823172020217,0.8246527733766691,0.906733588033582,0.0600597181704901,0.0,0.0,0.0,0.0,0.0,0.0,0.3349323162257157,0.0,0.2008579316542446,True
vector_thrust,second_climb,0.4948154736252396,0.0,1226.2426938136157,2209.0534511521155,85.9197776544358,0.8246633095044074,0.9067381046851054,0.0601403786536252,0.0,0.0,0.0,0.0,0.0,0.0,0.3350726587282817,0.0,0.3011001486298494,True
vector_thrust,second_climb,0.4953225679341629,0.0,1226.5783299157931,2210.818232666401,85.95511149448977,0.8246742410329951,0.9067430248813774,0.0602302700904409,0.0,0.0,0.0,0.0,0.0,0.0,0.3352285526684461,0.0,0.4123606156080064,True
vector_thrust,second_climb,0.4957787841451019,0.0,1226.880930133037,2212.4156785209207,85.98722965681753,0.8246834456344025,0.9067473762572916,0.0603115842504317,0.0,0.0,0.0,0.0,0.0,0.0,0.3353691249982957,0.0,0.5126028325836111,True
vector_thrust,second_climb,0.4960941280358385,0.0,1227.09045471273,2213.525276204585,86.00961073235547,0.8246894798725746,0.906750343313377,0.060368033539754,0.0,0.0,0.0,0.0,0.0,0.0,0.3354664706281531,0.0,0.5819725990945325,True
vector_thrust,second_climb,0.4962065999921234,0.0,1227.1652575308142,2213.922106027814,86.01762869423153,0.8246915700973881,0.906751393639484,0.0603882150522888,0.0,0.0,0.0,0.0,0.0,0.0,0.3355012263008234,0.0,0.6067303821189277,True
vector_thrust,departure_terminal_procedures,0.5435976745975465,0.0,1377.800082814504,1249.1820967069566,60.4322415885064,0.7289773045538545,0.9156683647421572,0.0336563581474556,0.0,0.0,0.0,0.0,0.0,0.0,0.3766840810925051,0.0,0.6067303821189277,True
vector_thrust,departure_terminal_procedures,0.5437450138417728,0.0,1377.800082814513,1249.1820967070748,60.43224158850762,0.7289773045538711,0.9156683647421576,0.0336563581474556,0.0,0.0,0.0,0.0,0.0,0.0,0.3766840810925076,0.0,0.6548398506010147,True
vector_thrust,departure_terminal_procedures,0.5441566298559205,0.0,1377.8000828145346,1249.182096707371,60.4322415885168,0.7289773045539133,0.915668364742159,0.0336563581474606,0.0,0.0,0.0,0.0,0.0,0.0,0.3766840810925134,0.0,0.7896395857904879,True
vector_thrust,departure_terminal_procedures,0.5447482504986297,0.0,1377.8000828145698,1249.1820967078595,60.43224158852598,0.7289773045539821,0.9156683647421608,0.033656358147463,0.0,0.0,0.0,0.0,0.0,0.0,0.3766840810925231,0.0,0.984430846922812,True
vector_thrust,departure_terminal_procedures,0.5454004834318743,0.0,1377.800082814602,1249.1820967083006,60.43224158854352,0.7289773045540449,0.9156683647421634,0.0336563581474721,0.0,0.0,0.0,0.0,0.0,0.0,0.3766840810925319,0.0,1.2006328357726876,True
vector_thrust,departure_terminal_procedures,0.5459841337340896,0.0,1377.800082814637,1249.1820967088015,60.43224158855393,0.7289773045541147,0.9156683647421652,0.0336563581474759,0.0,0.0,0.0,0.0,0.0,0.0,0.3766840810925415,0.0,1.3954240969050111,True
vector_thrust,departure_terminal_procedures,0.5463858114949182,0.0,1377.800082814663,1249.1820967091603,60.432241588560046,0.7289773045541661,0.9156683647421664,0.0336563581474778,0.0,0.0,0.0,0.0,0.0,0.0,0.3766840810925486,0.0,1.5302238320944848,True
vector_thrust,departure_terminal_procedures,0.5465287280139878,0.0,1377.800082814672,1249.182096709283,60.43224158856229,0.7289773045541844,0.915668364742167,0.0336563581474784,0.0,0.0,0.0,0.0,0.0,0.0,0.3766840810925511,0.0,1.5783333005765716,True
vector_thrust,accel_climb,0.5223764739643624,0.0,1292.3079447442155,2029.316140679418,82.30582276912777,0.8157568872445763,0.9106079052355384,0.052103795672514,0.0,0.0,0.0,0.0,0.0,0.0,0.3533109314815279,0.0,1.5783333005765716,True
vector_thrust,accel_climb,0.522883184847836,0.0,1292.534130919112,2030.4555980868872,82.32613137154868,0.8158071058937507,0.9106121251472384,0.0521892784724146,0.0,0.0,0.0,0.0,0.0,0.0,0.3534451219907185,0.0,1.6971706590936686,True
vector_thrust,accel_climb,0.5242966697979523,0.0,1293.174380373511,2033.6970968611515,82.38332053940344,0.8159580905528504,0.910624129659632,0.0524293960659761,0.0,0.0,0.0,0.0,0.0,0.0,0.3538232608812434,0.0,2.030145538346091,True
vector_thrust,accel_climb,0.5263298414543867,0.0,1294.1352826238383,2038.50888153038,82.46767631297445,0.8161815599097167,0.9106424719173888,0.0527770308860962,0.0,0.0,0.0,0.0,0.0,0.0,0.3543804363230611,0.0,2.5113081798289936,True
vector_thrust,accel_climb,0.5286072380857072,0.0,1295.333725731789,2044.0274665817376,82.56789864545988,0.8163432550342516,0.9106665145640748,0.0531597189530369,0.0,0.0,0.0,0.0,0.0,0.0,0.3550363777766973,0.0,3.045358421324148,True
vector_thrust,accel_climb,0.530638291476494,0.0,1296.4348897983164,2049.161029337371,82.65953222103758,0.8165182765203375,0.9106886613455056,0.0535066512387719,0.0,0.0,0.0,0.0,0.0,0.0,0.3556345243634671,0.0,3.52652106280705,True
vector_thrust,accel_climb,0.5320661163969553,0.0,1297.2927416316616,2052.803794194787,82.72693408411357,0.8165707780601216,0.9107068595486476,0.0537430867442404,0.0,0.0,0.0,0.0,0.0,0.0,0.356075481183743,0.0,3.859495942059473,True
vector_thrust,accel_climb,0.5325725492169384,0.0,1297.5988231799422,2054.1218364001043,82.75126339619585,0.8165930442913162,0.910713276173027,0.0538279831134981,0.0,0.0,0.0,0.0,0.0,0.0,0.3562329857119018,0.0,3.9783333005765695,True
vector_thrust,cruise_0,0.607107873437508,0.0,1510.6596903076088,1225.6301551416784,62.07606669183957,0.7024796229227056,0.9191851406719626,0.0297923848718003,0.0,0.0,0.0,0.0,0.0,0.0,0.4147251078373318,0.0,3.9783333005765695,True
vector_thrust,cruise_0,0.6071558185894005,0.0,1510.6597009552336,1225.630312369154,62.07607206349496,0.7024796473321812,0.919185141507394,0.0297923870298669,0.0,0.0,0.0,0.0,0.0,0.0,0.4147251107604504,0.0,3.991759138966407,True
vector_thrust,cruise_0,0.6072899603517803,0.0,1510.6596711126056,1225.6298716998683,62.076057008087815,0.7024795789185132,0.9191851391658872,0.0297923809813504,0.0,0.0,0.0,0.0,0.0,0.0,0.4147251025676805,0.0,4.029377502185708,True
vector_thrust,cruise_0,0.607483396304351,0.0,1510.6596583980725,1225.6296839515203,62.07605059369924,0.7024795497706786,0.9191851381682816,0.0297923784043682,0.0,0.0,0.0,0.0,0.0,0.0,0.4147250990771285,0.0,4.083737612039944,True
vector_thrust,cruise_0,0.6076975226862534,0.0,1510.659666849898,1225.6298087548726,62.07605485756699,0.7024795691463375,0.9191851388314256,0.0297923801173773,0.0,0.0,0.0,0.0,0.0,0.0,0.4147251013974289,0.0,4.144072782089486,True
vector_thrust,cruise_0,0.6078899184537063,0.0,1510.6596766494968,1225.62995346003,62.07605980141258,0.7024795916117372,0.919185139600322,0.0297923821035691,0.0,0.0,0.0,0.0,0.0,0.0,0.4147251040877368,0.0,4.198432891943722,True
vector_thrust,cruise_0,0.6080227654017598,0.0,1510.6596787798944,1225.629984918421,62.07606087617354,0.7024795964956414,0.9191851397674758,0.0297923825353545,0.0,0.0,0.0,0.0,0.0,0.0,0.4147251046726001,0.0,4.236051255163024,True
vector_thrust,cruise_0,0.6080701195860253,0.0,1510.65967877989,1225.6299849183392,62.07606087617212,0.7024795964956253,0.9191851397674756,0.0297923825353525,0.0,0.0,0.0,0.0,0.0,0.0,0.4147251046725989,0.0,4.249477093552861,True
vector_thrust,cruise_1,0.578150946492304,0.0,1434.9578160960446,1238.5064666253231,60.83818487198705,0.7203320618827531,0.917209474484924,0.0323602851885705,0.0,0.0,0.0,0.0,0.0,0.0,0.3939424867431751,0.0,4.249477093552861,True
vector_thrust,cruise_1,0.5782308741237758,0.0,1434.9578160960464,1238.5064666253536,60.838184871984815,0.7203320618827593,0.9172094744849238,0.0323602851885708,0.0,0.0,0.0,0.0,0.0,0.0,0.3939424867431756,0.0,4.276328770332536,True
vector_thrust,cruise_1,0.578454341473845,0.0,1434.9578160960432,1238.5064666253083,60.838184871987664,0.7203320618827521,0.917209474484924,0.0323602851885715,0.0,0.0,0.0,0.0,0.0,0.0,0.3939424867431747,0.0,4.35156549677114,True
vector_thrust,cruise_1,0.5787759986445393,0.0,1434.9578160960434,1238.5064666253018,60.838184871987664,0.7203320618827489,0.917209474484924,0.0323602851885716,0.0,0.0,0.0,0.0,0.0,0.0,0.3939424867431748,0.0,4.46028571647961,True
vector_thrust,cruise_1,0.5791312640847018,0.0,1434.9578160960457,1238.506466625336,60.83818487198583,0.7203320618827559,0.9172094744849238,0.0323602851885714,0.0,0.0,0.0,0.0,0.0,0.0,0.3939424867431754,0.0,4.580956056578694,True
vector_thrust,cruise_1,0.5794497734808307,0.0,1434.9578160960473,1238.5064666253668,60.83818487198338,0.7203320618827579,0.9172094744849236,0.0323602851885703,0.0,0.0,0.0,0.0,0.0,0.0,0.3939424867431758,0.0,4.689676276287165,True
vector_thrust,cruise_1,0.5796693157063122,0.0,1434.957816096044,1238.50646662532,60.83818487198644,0.7203320618827513,0.917209474484924,0.0323602851885712,0.0,0.0,0.0,0.0,0.0,0.0,0.3939424867431749,0.0,4.764913002725769,True
vector_thrust,cruise_1,0.5797474965237306,0.0,1434.9578160960475,1238.5064666253588,60.83818487198135,0.720332061882759,0.9172094744849236,0.0323602851885695,0.0,0.0,0.0,0.0,0.0,0.0,0.393942486743176,0.0,4.791764679505444,True
vector_thrust,cruise_2,0.6097459468473102,0.0,1510.659670003127,1225.6298552784078,62.076056445780345,0.7024795763684785,0.9191851390785534,0.0297923807552415,0.0,0.0,0.0,0.0,0.0,0.0,0.4147251022630926,0.0,4.791764679505444,True
vector_thrust,cruise_2,0.6098383921359715,0.0,1510.6596847887456,1225.6300736341054,62.07606390531256,0.7024796102684834,0.9191851402386916,0.0297923837521328,0.0,0.0,0.0,0.0,0.0,0.0,0.4147251063222247,0.0,4.818616356285117,True
vector_thrust,cruise_2,0.6100967442848615,0.0,1510.6596821918738,1225.630035275737,62.07606259542622,0.7024796043131797,0.91918514003496,0.0297923832259032,0.0,0.0,0.0,0.0,0.0,0.0,0.4147251056092991,0.0,4.893853082723721,True
vector_thrust,cruise_2,0.6104683692035706,0.0,1510.6596470694628,1225.6295166017017,62.07604487696358,0.7024795237886289,0.9191851372792496,0.0297923761075467,0.0,0.0,0.0,0.0,0.0,0.0,0.4147250959670576,0.0,5.002573302432193,True
vector_thrust,cruise_2,0.6108785419635552,0.0,1510.6596627650165,1225.6297483949038,62.07605279601862,0.7024795597748302,0.9191851385108356,0.0297923792890895,0.0,0.0,0.0,0.0,0.0,0.0,0.4147251002759964,0.0,5.123243642531277,True
vector_thrust,cruise_2,0.6112459946424326,0.0,1510.6596761353014,1225.629945862929,62.07605954230743,0.7024795904322225,0.9191851395600104,0.0297923819994978,0.0,0.0,0.0,0.0,0.0,0.0,0.4147251039465736,0.0,5.231963862239748,True
vector_thrust,cruise_2,0.6114991114523248,0.0,1510.6596789488306,1225.6299874377996,62.07606096274775,0.7024795968871701,0.919185139780878,0.0297923825702403,0.0,0.0,0.0,0.0,0.0,0.0,0.4147251047189785,0.0,5.307200588678351,True
vector_thrust,cruise_2,0.6115892167244422,0.0,1510.65967904452,1225.6299888625326,62.07606101152938,0.7024795971085447,0.9191851397884412,0.0297923825898794,0.0,0.0,0.0,0.0,0.0,0.0,0.4147251047452484,0.0,5.334052265458026,True
vector_thrust,cruise_3,0.5701327473874136,0.0,1406.1577549568829,1247.8141173491383,60.54504419843956,0.7273850016224896,0.9164367404933016,0.0335370507712466,0.0,0.0,0.0,0.0,0.0,0.0,0.386035935361488,0.0,5.334052265458026,True
vector_thrust,cruise_3,0.5701684417864313,0.0,1406.1577549668189,1247.8141174861485,60.54504420284113,0.7273850016419544,0.916436740494012,0.0335370507732128,0.0,0.0,0.0,0.0,0.0,0.0,0.3860359353642159,0.0,5.347478103847863,True
vector_thrust,cruise_3,0.5702683468886824,0.0,1406.1577549936412,1247.814117855987,60.54504421475443,0.7273850016944984,0.9164367404959334,0.0335370507785302,0.0,0.0,0.0,0.0,0.0,0.0,0.3860359353715795,0.0,5.385096467067164,True
vector_thrust,cruise_3,0.5704124317915893,0.0,1406.1577550302256,1247.8141183604462,60.54504423099627,0.7273850017661668,0.9164367404985532,0.0335370507857821,0.0,0.0,0.0,0.0,0.0,0.0,0.3860359353816231,0.0,5.4394565769214,True
vector_thrust,cruise_3,0.5705719635779218,0.0,1406.1577550678144,1247.814118878753,60.54504424768077,0.7273850018398039,0.9164367405012444,0.033537050793231,0.0,0.0,0.0,0.0,0.0,0.0,0.3860359353919423,0.0,5.499791746970942,True
vector_thrust,cruise_3,0.5707153451459586,0.0,1406.1577550992574,1247.814119312319,60.54504426163635,0.7273850019014013,0.9164367405034956,0.0335370507994611,0.0,0.0,0.0,0.0,0.0,0.0,0.3860359354005745,0.0,5.554151856825178,True
vector_thrust,cruise_3,0.5708143732083887,0.0,1406.157755119801,1247.814119595586,60.54504427075506,0.7273850019416468,0.9164367405049666,0.0335370508035323,0.0,0.0,0.0,0.0,0.0,0.0,0.3860359354062144,0.0,5.59177022004448,True
vector_thrust,cruise_3,0.5708496772895352,0.0,1406.1577551269656,1247.8141196943775,60.54504427393906,0.7273850019556821,0.91643674050548,0.0335370508049547,0.0,0.0,0.0,0.0,0.0,0.0,0.3860359354081814,0.0,5.605196058434317,True
vector_thrust,cruise_4,0.6123559409327753,0.0,1510.6596851638474,1225.6300791881772,62.07606409671575,0.7024796111309896,0.9191851402683594,0.029792383829199,0.0,0.0,0.0,0.0,0.0,0.0,0.4147251064252024,0.0,5.605196058434317,True
vector_thrust,cruise_4,0.6124893140790233,0.0,1510.6596834841437,1225.630054384414,62.07606324805468,0.7024796072802155,0.9191851401364288,0.0297923834881502,0.0,0.0,0.0,0.0,0.0,0.0,0.4147251059640692,0.0,5.645473573603828,True
vector_thrust,cruise_4,0.6128615681490971,0.0,1510.659678780065,1225.629984920447,62.07606087103824,0.7024795964959462,0.919185139766919,0.0297923825328829,0.0,0.0,0.0,0.0,0.0,0.0,0.4147251046726469,0.0,5.758328663261734,True
vector_thrust,cruise_4,0.6133957253580814,0.0,1510.6596787809513,1225.629984933432,62.07606087338284,0.7024795964979597,0.9191851397671958,0.0297923825339737,0.0,0.0,0.0,0.0,0.0,0.0,0.4147251046728902,0.0,5.921408992824441,True
vector_thrust,cruise_4,0.6139833862782619,0.0,1510.6596788076167,1225.6299853272797,62.07606088561904,0.7024795965591089,0.9191851397691552,0.0297923825387947,0.0,0.0,0.0,0.0,0.0,0.0,0.4147251046802108,0.0,6.102414502973066,True
vector_thrust,cruise_4,0.6145081665709914,0.0,1510.6596789399075,1225.6299872806376,62.0760609543742,0.7024795968623635,0.919185139779755,0.0297923825665753,0.0,0.0,0.0,0.0,0.0,0.0,0.4147251047165289,0.0,6.265494832535774,True
vector_thrust,cruise_4,0.6148687313066818,0.0,1510.6596790722467,1225.629989234687,62.07606102386697,0.702479597165726,0.9191851397904368,0.0297923825947063,0.0,0.0,0.0,0.0,0.0,0.0,0.4147251047528604,0.0,6.37834992219368,True
vector_thrust,cruise_4,0.6149969022062715,0.0,1510.659679124951,1225.629990012873,62.0760610517296,0.7024795972865324,0.919185139794711,0.0297923826059992,0.0,0.0,0.0,0.0,0.0,0.0,0.4147251047673294,0.0,6.418627437363191,True
vector_thrust,cruise_5,0.5823547266684284,0.0,1428.931605081404,1240.2343735507172,60.77449769489815,0.7217379222453311,0.9170495202405028,0.0325996437712768,0.0,0.0,0.0,0.0,0.0,0.0,0.3922880962613663,0.0,6.418627437363191,True
vector_thrust,cruise_5,0.5824258544004489,0.0,1428.9316055121742,1240.2343795161385,60.774497895402696,0.7217379231200558,0.9170495202727966,0.0325996438591716,0.0,0.0,0.0,0.0,0.0,0.0,0.3922880963796266,0.0,6.445479114142866,True
vector_thrust,cruise_5,0.5826246830268764,0.0,1428.9316070255195,1240.234400473397,60.7744985997726,0.7217379261930693,0.917049520386246,0.0325996441679475,0.0,0.0,0.0,0.0,0.0,0.0,0.392288096795089,0.0,6.520715840581469,True
vector_thrust,cruise_5,0.5829107837850959,0.0,1428.931609437328,1240.2344338728194,60.77449972231015,0.7217379310905119,0.917049520567048,0.0325996446600346,0.0,0.0,0.0,0.0,0.0,0.0,0.3922880974572087,0.0,6.62943606028994,True
vector_thrust,cruise_5,0.5832266511384476,0.0,1428.9316105125451,1240.2344487627408,60.7745002227561,0.7217379332738594,0.917049520647652,0.0325996448794157,0.0,0.0,0.0,0.0,0.0,0.0,0.3922880977523906,0.0,6.750106400389025,True
vector_thrust,cruise_5,0.5835097261375136,0.0,1428.9316105253092,1240.2344489395002,60.77450022870796,0.7217379332997741,0.91704952064861,0.0325996448820259,0.0,0.0,0.0,0.0,0.0,0.0,0.3922880977558949,0.0,6.858826620097496,True
vector_thrust,cruise_5,0.5837047826395984,0.0,1428.9316105253088,1240.2344489394973,60.7745002287,0.7217379332997754,0.9170495206486092,0.0325996448820215,0.0,0.0,0.0,0.0,0.0,0.0,0.3922880977558947,0.0,6.934063346536099,True
vector_thrust,cruise_5,0.5837742317866812,0.0,1428.931610525313,1240.2344489395468,60.77450022870367,0.7217379332997829,0.9170495206486098,0.0325996448820242,0.0,0.0,0.0,0.0,0.0,0.0,0.3922880977558959,0.0,6.960915023315774,True
vector_thrust,cruise_6,0.6164922259426358,0.0,1510.6596787793096,1225.6299849096774,62.07606087586635,0.7024795964942786,0.9191851397674284,0.0297923825352307,0.0,0.0,0.0,0.0,0.0,0.0,0.4147251046724395,0.0,6.960915023315774,True
vector_thrust,cruise_6,0.6168242266743378,0.0,1510.6596787794022,1225.6299849111274,62.07606087591693,0.7024795964945029,0.9191851397674364,0.0297923825352514,0.0,0.0,0.0,0.0,0.0,0.0,0.414725104672465,0.0,7.06832173043447,True
vector_thrust,cruise_6,0.617744361444346,0.0,1510.6596787795418,1225.6299849132165,62.076060875990365,0.702479596494835,0.9191851397674476,0.0297923825352797,0.0,0.0,0.0,0.0,0.0,0.0,0.4147251046725033,0.0,7.369268636188885,True
vector_thrust,cruise_6,0.6190478044134669,0.0,1510.659678779581,1225.629984913749,62.07606087601586,0.7024795964949115,0.9191851397674512,0.0297923825352915,0.0,0.0,0.0,0.0,0.0,0.0,0.4147251046725141,0.0,7.804149515022771,True
vector_thrust,cruise_6,0.620458571590246,0.0,1510.659678779595,1225.629984913876,62.07606087601525,0.7024795964949322,0.9191851397674516,0.0297923825352896,0.0,0.0,0.0,0.0,0.0,0.0,0.4147251046725179,0.0,8.286830875419106,True
vector_thrust,cruise_6,0.6216975785701162,0.0,1510.6596787795936,1225.6299849139853,62.07606087602158,0.7024795964949504,0.9191851397674522,0.029792382535293,0.0,0.0,0.0,0.0,0.0,0.0,0.4147251046725175,0.0,8.721711754252992,True
vector_thrust,cruise_6,0.6225374027946305,0.0,1510.6596904224932,1225.630156378102,62.076066744802056,0.7024796231073017,0.919185140680431,0.0297923848926895,0.0,0.0,0.0,0.0,0.0,0.0,0.4147251078688713,0.0,9.022658660007409,True
vector_thrust,cruise_6,0.6228336311154719,0.0,1510.6596249533604,1225.6291898730988,62.07603372126668,0.7024794730617003,0.9191851355441636,0.0297923716258777,0.0,0.0,0.0,0.0,0.0,0.0,0.4147250898954698,0.0,9.130065367126102,True
vector_thrust,cruise_7,0.6049656509598815,0.0,1466.5472132777268,1231.142400442869,61.30222415389135,0.7124773703595884,0.918045898098368,0.031217526871903,0.0,0.0,0.0,0.0,0.0,0.0,0.4026148013860725,0.0,9.130065367126102,True
vector_thrust,cruise_7,0.6049991088650697,0.0,1466.547213275297,1231.1424004082758,61.30222415271844,0.712477370354361,0.9180458980981802,0.0312175268714093,0.0,0.0,0.0,0.0,0.0,0.0,0.4026148013854054,0.0,9.14349120551594,True
vector_thrust,cruise_7,0.6050927285276608,0.0,1466.5472132752989,1231.1424004083085,61.30222415271558,0.7124773703543708,0.9180458980981798,0.0312175268714091,0.0,0.0,0.0,0.0,0.0,0.0,0.4026148013854059,0.0,9.181109568735245,True
vector_thrust,cruise_7,0.6052276816847872,0.0,1466.547213275296,1231.1424004082714,61.30222415271763,0.712477370354357,0.91804589809818,0.0312175268714093,0.0,0.0,0.0,0.0,0.0,0.0,0.4026148013854052,0.0,9.235469678589478,True
vector_thrust,cruise_7,0.6053770106741002,0.0,1466.547213275295,1231.1424004082537,61.302224152719866,0.7124773703543599,0.9180458980981804,0.0312175268714098,0.0,0.0,0.0,0.0,0.0,0.0,0.4026148013854049,0.0,9.29580484863902,True
vector_thrust,cruise_7,0.6055111397090674,0.0,1466.5472132752948,1231.1424004082553,61.302224152719454,0.7124773703543595,0.9180458980981804,0.0312175268714103,0.0,0.0,0.0,0.0,0.0,0.0,0.4026148013854049,0.0,9.350164958493254,True
vector_thrust,cruise_7,0.6056037317136225,0.0,1466.5472132752943,1231.142400408238,61.30222415271864,0.7124773703543559,0.9180458980981802,0.0312175268714104,0.0,0.0,0.0,0.0,0.0,0.0,0.4026148013854047,0.0,9.387783321712558,True
vector_thrust,cruise_7,0.6056367322713583,0.0,1466.547213275294,1231.1424004082392,61.30222415271905,0.7124773703543557,0.9180458980981802,0.0312175268714098,0.0,0.0,0.0,0.0,0.0,0.0,0.4026148013854046,0.0,9.401209160102391,True
vector_thrust,cruise_8,0.5876864569497605,0.0,1422.078624987536,1242.338642222545,60.70348834604727,0.723381972016726,0.9168665122526728,0.0328761377738633,0.0,0.0,0.0,0.0,0.0,0.0,0.3904067308375905,0.0,9.401209160102391,True
vector_thrust,cruise_8,0.5877163392395491,0.0,1422.0786245976594,1242.3386368271408,60.70348817296984,0.7233819712327144,0.9168665122244528,0.032876137698154,0.0,0.0,0.0,0.0,0.0,0.0,0.3904067307305566,0.0,9.41463499849223,True
vector_thrust,cruise_8,0.587799961383932,0.0,1422.0786246671596,1242.3386377889428,60.70348820385979,0.7233819713724731,0.9168665122294872,0.0328761377116707,0.0,0.0,0.0,0.0,0.0,0.0,0.3904067307496368,0.0,9.452253361711534,True
vector_thrust,cruise_8,0.5879205209431423,0.0,1422.078624769114,1242.338639199843,60.70348824917104,0.7233819715774935,0.9168665122368724,0.0328761377314955,0.0,0.0,0.0,0.0,0.0,0.0,0.3904067307776265,0.0,9.50661347156577,True
vector_thrust,cruise_8,0.5880539478036312,0.0,1422.0786248854524,1242.3386408098197,60.703488300873104,0.7233819718114408,0.9168665122452988,0.0328761377541173,0.0,0.0,0.0,0.0,0.0,0.0,0.3904067308095653,0.0,9.56694864161531,True
vector_thrust,cruise_8,0.5881738156688754,0.0,1422.0786249925543,1242.3386422919748,60.703488348460205,0.723381972026815,0.9168665122530556,0.0328761377749392,0.0,0.0,0.0,0.0,0.0,0.0,0.3904067308389682,0.0,9.621308751469543,True
vector_thrust,cruise_8,0.5882565752887898,0.0,1422.0786250681183,1242.338643337669,60.70348838203847,0.7233819721787673,0.9168665122585284,0.0328761377896295,0.0,0.0,0.0,0.0,0.0,0.0,0.3904067308597129,0.0,9.658927114688847,True
vector_thrust,cruise_8,0.5882860739596842,0.0,1422.078625095235,1242.338643712931,60.70348839409006,0.7233819722332946,0.9168665122604926,0.0328761377949038,0.0,0.0,0.0,0.0,0.0,0.0,0.3904067308671574,0.0,9.672352953078684,True
vector_thrust,cruise_9,0.6241572375803424,0.0,1510.6596787799165,1225.6299849183952,62.07606087617436,0.7024795964956256,0.9191851397674764,0.0297923825353553,0.0,0.0,0.0,0.0,0.0,0.0,0.4147251046726062,0.0,9.672352953078684,True
vector_thrust,cruise_9,0.624264811749845,0.0,1510.6596787799149,1225.629984918384,62.076060876176406,0.7024795964956277,0.9191851397674766,0.0297923825353558,0.0,0.0,0.0,0.0,0.0,0.0,0.4147251046726057,0.0,9.712630468248197,True
vector_thrust,cruise_9,0.6245648950687027,0.0,1510.6596787799133,1225.6299849183624,62.07606087617844,0.7024795964956273,0.9191851397674768,0.0297923825353548,0.0,0.0,0.0,0.0,0.0,0.0,0.4147251046726053,0.0,9.825485557906102,True
vector_thrust,cruise_9,0.6249950697862464,0.0,1510.6596787797323,1225.629984915689,62.07606087608379,0.7024795964952111,0.9191851397674624,0.0297923825353178,0.0,0.0,0.0,0.0,0.0,0.0,0.4147251046725557,0.0,9.988565887468807,True
vector_thrust,cruise_9,0.6254677662460542,0.0,1510.659678779324,1225.6299849096542,62.0760608758796,0.7024795964942725,0.9191851397674304,0.029792382535236,0.0,0.0,0.0,0.0,0.0,0.0,0.4147251046724435,0.0,10.169571397617435,True
vector_thrust,cruise_9,0.6258893865872576,0.0,1510.6596787795286,1225.629984912668,62.076060875980566,0.7024795964947379,0.9191851397674462,0.0297923825352764,0.0,0.0,0.0,0.0,0.0,0.0,0.4147251046724997,0.0,10.332651727180142,True
vector_thrust,cruise_9,0.626178803340066,0.0,1510.6596787802089,1225.6299849227269,62.07606087632328,0.7024795964962963,0.9191851397674996,0.0297923825354145,0.0,0.0,0.0,0.0,0.0,0.0,0.4147251046726865,0.0,10.445506816838048,True
vector_thrust,cruise_9,0.6262816306431817,0.0,1510.659678780284,1225.6299849238394,62.0760608763608,0.7024795964964791,0.9191851397675054,0.0297923825354295,0.0,0.0,0.0,0.0,0.0,0.0,0.4147251046727071,0.0,10.48578433200756,True
vector_thrust,cruise_10,0.6063287621569996,0.0,1461.6517393645188,1232.0916120572333,61.223074811232046,0.7136773710675145,0.9179172042561788,0.0313864128036063,0.0,0.0,0.0,0.0,0.0,0.0,0.4012708349324785,0.0,10.48578433200756,True
vector_thrust,cruise_10,0.6063901093991407,0.0,1461.6517393645208,1232.0916120572622,61.22307481123082,0.7136773710675187,0.9179172042561786,0.0313864128036058,0.0,0.0,0.0,0.0,0.0,0.0,0.4012708349324791,0.0,10.512636008787236,True
vector_thrust,cruise_10,0.6065615224192876,0.0,1461.6517393645192,1232.091612057241,61.223074811232046,0.7136773710675172,0.9179172042561788,0.031386412803606,0.0,0.0,0.0,0.0,0.0,0.0,0.4012708349324786,0.0,10.587872735225837,True
vector_thrust,cruise_10,0.606807979477528,0.0,1461.6517393645172,1232.091612057216,61.22307481123368,0.7136773710675118,0.9179172042561788,0.0313864128036073,0.0,0.0,0.0,0.0,0.0,0.0,0.4012708349324781,0.0,10.696592954934308,True
vector_thrust,cruise_10,0.6070798134789716,0.0,1461.6517393645108,1232.0916120571314,61.22307481123816,0.713677371067502,0.9179172042561792,0.0313864128036099,0.0,0.0,0.0,0.0,0.0,0.0,0.4012708349324764,0.0,10.817263295033392,True
vector_thrust,cruise_10,0.6073231906344398,0.0,1461.6517393645045,1232.091612057029,61.22307481124103,0.7136773710674842,0.9179172042561792,0.0313864128036123,0.0,0.0,0.0,0.0,0.0,0.0,0.4012708349324746,0.0,10.925983514741864,True
vector_thrust,cruise_10,0.6074907631548931,0.0,1461.6517393644956,1232.0916120569077,61.22307481124775,0.7136773710674655,0.9179172042561798,0.0313864128036146,0.0,0.0,0.0,0.0,0.0,0.0,0.4012708349324722,0.0,11.001220241180468,True
vector_thrust,cruise_10,0.6075504012410878,0.0,1461.6517393644956,1232.0916120569077,61.223074811246526,0.7136773710674655,0.9179172042561796,0.0313864128036151,0.0,0.0,0.0,0.0,0.0,0.0,0.4012708349324722,0.0,11.028071917960142,True
vector_thrust,cruise_11,0.6275414923838957,0.0,1510.6596787799149,1225.629984918384,62.076060876177216,0.7024795964956277,0.9191851397674768,0.0297923825353561,0.0,0.0,0.0,0.0,0.0,0.0,0.4147251046726057,0.0,11.028071917960142,True
vector_thrust,cruise_11,0.6276410754141065,0.0,1510.659678779913,1225.629984918354,62.07606087617864,0.7024795964956199,0.9191851397674768,0.0297923825353548,0.0,0.0,0.0,0.0,0.0,0.0,0.4147251046726053,0.0,11.068349433129653,True
vector_thrust,cruise_11,0.6279188318031532,0.0,1510.659678779915,1225.629984918382,62.07606087617742,0.7024795964956264,0.9191851397674768,0.0297923825353554,0.0,0.0,0.0,0.0,0.0,0.0,0.4147251046726058,0.0,11.18120452278756,True
vector_thrust,cruise_11,0.6283169114828098,0.0,1510.6596787799142,1225.6299849183704,62.07606087617701,0.7024795964956291,0.9191851397674766,0.0297923825353552,0.0,0.0,0.0,0.0,0.0,0.0,0.4147251046726055,0.0,11.344284852350263,True
vector_thrust,cruise_11,0.6287542226918758,0.0,1510.6596787799158,1225.6299849184006,62.07606087617578,0.7024795964956273,0.9191851397674764,0.0297923825353553,0.0,0.0,0.0,0.0,0.0,0.0,0.414725104672606,0.0,11.525290362498891,True
vector_thrust,cruise_11,0.6291441805964474,0.0,1510.659678779915,1225.629984918382,62.076060876176406,0.7024795964956264,0.9191851397674766,0.0297923825353554,0.0,0.0,0.0,0.0,0.0,0.0,0.4147251046726058,0.0,11.688370692061598,True
vector_thrust,cruise_11,0.6294118098037026,0.0,1510.6596787799149,1225.629984918384,62.0760608761762,0.7024795964956277,0.9191851397674766,0.0297923825353552,0.0,0.0,0.0,0.0,0.0,0.0,0.4147251046726057,0.0,11.801225781719504,True
vector_thrust,cruise_11,0.6295068859946311,0.0,1510.6596787799158,1225.6299849184006,62.07606087617558,0.7024795964956273,0.9191851397674764,0.0297923825353532,0.0,0.0,0.0,0.0,0.0,0.0,0.414725104672606,0.0,11.841503296889016,True
vector_thrust,cruise_12,0.5868748902299475,0.0,1406.1577551133444,1247.8141195063977,60.54504426745787,0.7273850019289743,0.91643674050446,0.0335370508020135,0.0,0.0,0.0,0.0,0.0,0.0,0.3860359354044418,0.0,11.841503296889016,True
vector_thrust,cruise_12,0.5868999826505037,0.0,1406.157755096586,1247.814119275333,60.545044259969806,0.7273850018961453,0.9164367405032552,0.0335370507986652,0.0,0.0,0.0,0.0,0.0,0.0,0.3860359353998411,0.0,11.854929135278852,True
vector_thrust,cruise_12,0.5869701980319858,0.0,1406.157755050367,1247.8141186380683,60.54504423930885,0.727385001805608,0.9164367404999312,0.0335370507894255,0.0,0.0,0.0,0.0,0.0,0.0,0.3860359353871525,0.0,11.892547498498155,True
vector_thrust,cruise_12,0.5870714229232376,0.0,1406.1577549875055,1247.814117771322,60.54504421120755,0.7273850016824684,0.9164367404954098,0.0335370507768578,0.0,0.0,0.0,0.0,0.0,0.0,0.386035935369895,0.0,11.94690760835239,True
vector_thrust,cruise_12,0.5871834435693728,0.0,1406.1577549226804,1247.8141168775012,60.54504418222077,0.7273850015554836,0.9164367404907466,0.0335370507638946,0.0,0.0,0.0,0.0,0.0,0.0,0.3860359353520983,0.0,12.007242778401933,True
vector_thrust,cruise_12,0.587284073633422,0.0,1406.1577549765636,1247.8141176204624,60.54504420623707,0.7273850016610349,0.9164367404946148,0.0335370507746285,0.0,0.0,0.0,0.0,0.0,0.0,0.386035935366891,0.0,12.061602888256168,True
vector_thrust,cruise_12,0.587353547193226,0.0,1406.157754926064,1247.8141169241608,60.54504418373984,0.7273850015621094,0.9164367404909908,0.0335370507645736,0.0,0.0,0.0,0.0,0.0,0.0,0.3860359353530272,0.0,12.09922125147547,True
vector_thrust,cruise_12,0.5873783094844276,0.0,1406.1577549268347,1247.8141169347864,60.54504418408172,0.7273850015636222,0.9164367404910458,0.033537050764728,0.0,0.0,0.0,0.0,0.0,0.0,0.3860359353532388,0.0,12.112647089865307,True
vector_thrust,cruise_13,0.6300454001477767,0.0,1510.6596787798949,1225.6299849183836,62.07606087617742,0.7024795964956351,0.9191851397674764,0.0297923825353558,0.0,0.0,0.0,0.0,0.0,0.0,0.4147251046726002,0.0,12.112647089865307,True
vector_thrust,cruise_13,0.6301077845908212,0.0,1510.659678779896,1225.6299849183902,62.07606087617456,0.7024795964956327,0.919185139767476,0.0297923825353552,0.0,0.0,0.0,0.0,0.0,0.0,0.4147251046726006,0.0,12.139498766644982,True
vector_thrust,cruise_13,0.6302820431792353,0.0,1510.659678779895,1225.6299849183868,62.0760608761762,0.7024795964956347,0.9191851397674762,0.029792382535355,0.0,0.0,0.0,0.0,0.0,0.0,0.4147251046726002,0.0,12.214735493083586,True
vector_thrust,cruise_13,0.6305324561151048,0.0,1510.6596787798956,1225.6299849183931,62.076060876176,0.7024795964956344,0.9191851397674762,0.0297923825353554,0.0,0.0,0.0,0.0,0.0,0.0,0.4147251046726004,0.0,12.323455712792056,True
vector_thrust,cruise_13,0.6308084682257137,0.0,1510.6596787798965,1225.6299849184145,62.076060876175376,0.7024795964956407,0.919185139767476,0.0297923825353557,0.0,0.0,0.0,0.0,0.0,0.0,0.4147251046726006,0.0,12.44412605289114,True
vector_thrust,cruise_13,0.631055421659755,0.0,1510.6596787798965,1225.6299849184145,62.07606087617497,0.7024795964956407,0.919185139767476,0.0297923825353552,0.0,0.0,0.0,0.0,0.0,0.0,0.4147251046726006,0.0,12.552846272599613,True
vector_thrust,cruise_13,0.6312253664113916,0.0,1510.659678779893,1225.629984918346,62.07606087617742,0.7024795964956252,0.9191851397674762,0.0297923825353561,0.0,0.0,0.0,0.0,0.0,0.0,0.4147251046725997,0.0,12.628082999038217,True
vector_thrust,cruise_13,0.6312858310490955,0.0,1510.6596787798926,1225.629984918327,62.07606087617905,0.7024795964956163,0.9191851397674764,0.0297923825353564,0.0,0.0,0.0,0.0,0.0,0.0,0.4147251046725996,0.0,12.65493467581789,True
vector_thrust,cruise_14,0.5885367054413235,0.0,1406.1577551112923,1247.8141194787872,60.54504426687875,0.7273850019250593,0.9164367405043472,0.0335370508017911,0.0,0.0,0.0,0.0,0.0,0.0,0.3860359354038785,0.0,12.65493467581789,True
vector_thrust,cruise_14,0.5885606479386076,0.0,1406.1577550940003,1247.8141192403602,60.54504425914958,0.7273850018911866,0.9164367405031036,0.0335370507983354,0.0,0.0,0.0,0.0,0.0,0.0,0.3860359353991313,0.0,12.668360514207729,True
vector_thrust,cruise_14,0.588627644700644,0.0,1406.1577550476509,1247.814118601276,60.54504423842844,0.7273850018003905,0.9164367404997698,0.0335370507890682,0.0,0.0,0.0,0.0,0.0,0.0,0.3860359353864068,0.0,12.705978877427029,True
vector_thrust,cruise_14,0.5887242274123015,0.0,1406.1577549841393,1247.8141177255732,60.54504421003097,0.7273850016759782,0.9164367404952012,0.0335370507763686,0.0,0.0,0.0,0.0,0.0,0.0,0.3860359353689708,0.0,12.760338987281266,True
vector_thrust,cruise_14,0.588831108022236,0.0,1406.1577550558288,1247.8141187140443,60.54504424206242,0.7273850018164123,0.9164367405003556,0.0335370507906897,0.0,0.0,0.0,0.0,0.0,0.0,0.386035935388652,0.0,12.820674157330808,True
vector_thrust,cruise_14,0.5889271180971012,0.0,1406.1577550241857,1247.8141182777626,60.54504422774517,0.7273850017544302,0.9164367404980625,0.0335370507842706,0.0,0.0,0.0,0.0,0.0,0.0,0.3860359353799649,0.0,12.875034267185042,True
vector_thrust,cruise_14,0.5889934007553306,0.0,1406.157754948814,1247.8141172385167,60.54504419419995,0.7273850016067817,0.9164367404926566,0.0335370507692839,0.0,0.0,0.0,0.0,0.0,0.0,0.3860359353592729,0.0,12.912652630404343,True
vector_thrust,cruise_14,0.5890170254510269,0.0,1406.1577549246465,1247.8141169052797,60.5450441834406,0.7273850015594392,0.9164367404909228,0.0335370507644772,0.0,0.0,0.0,0.0,0.0,0.0,0.3860359353526381,0.0,12.92607846879418,True
vector_thrust,cruise_15,0.6317998441741806,0.0,1510.6596787799529,1225.6299849183592,62.07606087617966,0.7024795964956154,0.9191851397674778,0.0297923825353536,0.0,0.0,0.0,0.0,0.0,0.0,0.4147251046726162,0.0,12.92607846879418,True
vector_thrust,cruise_15,0.6319188011440664,0.0,1510.659678779956,1225.6299849184104,62.07606087617558,0.702479596495621,0.9191851397674774,0.0297923825353531,0.0,0.0,0.0,0.0,0.0,0.0,0.414725104672617,0.0,12.979781822353528,True
vector_thrust,cruise_15,0.6322500443683887,0.0,1510.6596787799504,1225.6299849183256,62.076060876180485,0.7024795964956095,0.9191851397674778,0.0297923825353547,0.0,0.0,0.0,0.0,0.0,0.0,0.4147251046726155,0.0,13.130255275230736,True
vector_thrust,cruise_15,0.6327233642258034,0.0,1510.659678779956,1225.6299849184115,62.076060876174765,0.7024795964956211,0.9191851397674774,0.0297923825353527,0.0,0.0,0.0,0.0,0.0,0.0,0.414725104672617,0.0,13.34769571464768,True
vector_thrust,cruise_15,0.6332414017055598,0.0,1510.6596787799542,1225.6299849183774,62.07606087617762,0.7024795964956123,0.9191851397674776,0.0297923825353544,0.0,0.0,0.0,0.0,0.0,0.0,0.4147251046726165,0.0,13.589036394845849,True
vector_thrust,cruise_15,0.6337016379642075,0.0,1510.6596787799529,1225.6299849183592,62.07606087617905,0.7024795964956154,0.9191851397674776,0.0297923825353539,0.0,0.0,0.0,0.0,0.0,0.0,0.4147251046726162,0.0,13.80647683426279,True
vector_thrust,cruise_15,0.6340165675139782,0.0,1510.659678779956,1225.6299849184104,62.076060876175376,0.702479596495621,0.9191851397674776,0.0297923825353532,0.0,0.0,0.0,0.0,0.0,0.0,0.414725104672617,0.0,13.956950287139996,True
vector_thrust,cruise_15,0.6341282646818808,0.0,1510.659678779955,1225.6299849183797,62.07606087617762,0.7024795964956122,0.9191851397674776,0.0297923825353542,0.0,0.0,0.0,0.0,0.0,0.0,0.4147251046726167,0.0,14.010653640699346,True
vector_thrust,cruise_16,0.5911910630607812,0.0,1406.1577551088249,1247.8141194440218,60.54504426605751,0.7273850019201095,0.9164367405041984,0.0335370508014553,0.0,0.0,0.0,0.0,0.0,0.0,0.3860359354032011,0.0,14.010653640699346,True
vector_thrust,cruise_16,0.5912131527617532,0.0,1406.157755092061,1247.81411921288,60.54504425856517,0.7273850018872723,0.916436740502993,0.0335370507981037,0.0,0.0,0.0,0.0,0.0,0.0,0.3860359353985989,0.0,14.024079479089185,True
vector_thrust,cruise_16,0.5912749644279076,0.0,1406.1577550457914,1247.8141185748916,60.545044237889925,0.727385001796632,0.916436740499666,0.0335370507888587,0.0,0.0,0.0,0.0,0.0,0.0,0.3860359353858963,0.0,14.061697842308488,True
vector_thrust,cruise_16,0.5913640709667564,0.0,1406.1577549820595,1247.8141176961622,60.54504420940229,0.7273850016717899,0.9164367404950826,0.0335370507761188,0.0,0.0,0.0,0.0,0.0,0.0,0.3860359353683999,0.0,14.116057952162722,True
vector_thrust,cruise_16,0.5914626765777099,0.0,1406.1577550553736,1247.8141187070296,60.54504424211199,0.7273850018154034,0.916436740500349,0.0335370507907405,0.0,0.0,0.0,0.0,0.0,0.0,0.386035935388527,0.0,14.176393122212264,True
vector_thrust,cruise_16,0.5915512518860325,0.0,1406.1577550553957,1247.8141187073393,60.54504424210221,0.7273850018154483,0.9164367405003484,0.0335370507907341,0.0,0.0,0.0,0.0,0.0,0.0,0.386035935388533,0.0,14.230753232066498,True
vector_thrust,cruise_16,0.591612401083892,0.0,1406.1577550256816,1247.814118297651,60.545044228670655,0.7273850017572433,0.9164367404981962,0.033537050784711,0.0,0.0,0.0,0.0,0.0,0.0,0.3860359353803755,0.0,14.2683715952858,True
vector_thrust,cruise_16,0.5916341959505717,0.0,1406.157755000815,1247.8141179547715,60.54504421762082,0.7273850017085309,0.9164367404964144,0.0335370507797761,0.0,0.0,0.0,0.0,0.0,0.0,0.3860359353735489,0.0,14.281797433675637,True
vector_thrust,cruise_17,0.6346025353384535,0.0,1510.6596787799356,1225.629984918394,62.07606087617558,0.7024795964956189,0.919185139767477,0.0297923825353535,0.0,0.0,0.0,0.0,0.0,0.0,0.4147251046726114,0.0,14.281797433675637,True
vector_thrust,cruise_17,0.6346574697273755,0.0,1510.6596787799322,1225.6299849183397,62.076060876179874,0.7024795964956142,0.9191851397674772,0.0297923825353544,0.0,0.0,0.0,0.0,0.0,0.0,0.4147251046726105,0.0,14.308649110455312,True
vector_thrust,cruise_17,0.6348109130811116,0.0,1510.6596787799342,1225.6299849183786,62.07606087617701,0.7024795964956202,0.9191851397674772,0.0297923825353541,0.0,0.0,0.0,0.0,0.0,0.0,0.4147251046726111,0.0,14.383885836893915,True
vector_thrust,cruise_17,0.6350314025196961,0.0,1510.6596787799326,1225.6299849183488,62.07606087617905,0.7024795964956141,0.9191851397674772,0.0297923825353555,0.0,0.0,0.0,0.0,0.0,0.0,0.4147251046726106,0.0,14.492606056602384,True
vector_thrust,cruise_17,0.6352744187829984,0.0,1510.6596787799356,1225.629984918394,62.07606087617456,0.7024795964956189,0.9191851397674768,0.0297923825353531,0.0,0.0,0.0,0.0,0.0,0.0,0.4147251046726114,0.0,14.61327639670147,True
vector_thrust,cruise_17,0.6354918408975432,0.0,1510.6596787799356,1225.629984918394,62.07606087617558,0.7024795964956189,0.919185139767477,0.0297923825353549,0.0,0.0,0.0,0.0,0.0,0.0,0.4147251046726114,0.0,14.721996616409944,True
vector_thrust,cruise_17,0.635641459432932,0.0,1510.6596787799342,1225.6299849183786,62.07606087617803,0.7024795964956202,0.9191851397674772,0.0297923825353547,0.0,0.0,0.0,0.0,0.0,0.0,0.4147251046726111,0.0,14.797233342848545,True
vector_thrust,cruise_17,0.6356946916433089,0.0,1510.6596787799342,1225.6299849183786,62.07606087617762,0.7024795964956202,0.9191851397674772,0.0297923825353544,0.0,0.0,0.0,0.0,0.0,0.0,0.4147251046726111,0.0,14.82408501962822,True
vector_thrust,cruise_18,0.6073527316934295,0.0,1442.0066532143303,1236.6235552611524,60.91755120797905,0.7187003533467872,0.9173958031864228,0.0320864942659494,0.0,0.0,0.0,0.0,0.0,0.0,0.3958776212759656,0.0,14.82408501962822,True
vector_thrust,cruise_18,0.607398305956287,0.0,1442.0066532138912,1236.623555254968,60.91755120776936,0.7187003533458781,0.9173958031863892,0.0320864942658595,0.0,0.0,0.0,0.0,0.0,0.0,0.395877621275845,0.0,14.850936696407896,True
vector_thrust,cruise_18,0.6075256453019553,0.0,1442.0066532128262,1236.6235552399626,60.917551207260416,0.7187003533436762,0.9173958031863072,0.0320864942656387,0.0,0.0,0.0,0.0,0.0,0.0,0.3958776212755527,0.0,14.926173422846498,True
vector_thrust,cruise_18,0.6077087306654634,0.0,1442.0066532119629,1236.6235552277965,60.91755120685041,0.7187003533418906,0.9173958031862413,0.0320864942654609,0.0,0.0,0.0,0.0,0.0,0.0,0.3958776212753156,0.0,15.03489364255497,True
vector_thrust,cruise_18,0.6079106674448471,0.0,1442.006653211454,1236.6235552206176,60.9175512066097,0.7187003533408335,0.9173958031862024,0.0320864942653565,0.0,0.0,0.0,0.0,0.0,0.0,0.395877621275176,0.0,15.155563982654051,True
vector_thrust,cruise_18,0.6080914676710467,0.0,1442.0066532113042,1236.623555218505,60.91755120653995,0.7187003533405253,0.9173958031861912,0.0320864942653254,0.0,0.0,0.0,0.0,0.0,0.0,0.3958776212751348,0.0,15.264284202362523,True
vector_thrust,cruise_18,0.6082159575407947,0.0,1442.0066532113117,1236.6235552186083,60.91755120654259,0.7187003533405418,0.9173958031861916,0.032086494265327,0.0,0.0,0.0,0.0,0.0,0.0,0.3958776212751368,0.0,15.339520928801129,True
vector_thrust,cruise_18,0.6082602636831148,0.0,1442.00665321134,1236.6235552190135,60.9175512065528,0.7187003533405992,0.9173958031861934,0.0320864942653317,0.0,0.0,0.0,0.0,0.0,0.0,0.3958776212751447,0.0,15.366372605580803,True
vector_thrust,cruise_19,0.6366435764545411,0.0,1510.6596787799356,1225.629984918394,62.0760608761762,0.7024795964956189,0.9191851397674772,0.0297923825353534,0.0,0.0,0.0,0.0,0.0,0.0,0.4147251046726114,0.0,15.366372605580803,True
vector_thrust,cruise_19,0.6367209408774327,0.0,1510.6596787799374,1225.6299849184252,62.07606087617517,0.7024795964956285,0.919185139767477,0.0297923825353546,0.0,0.0,0.0,0.0,0.0,0.0,0.4147251046726119,0.0,15.406650120750314,True
vector_thrust,cruise_19,0.6369367072891512,0.0,1510.6596787799356,1225.629984918394,62.07606087617517,0.7024795964956189,0.919185139767477,0.0297923825353542,0.0,0.0,0.0,0.0,0.0,0.0,0.4147251046726114,0.0,15.51950521040822,True
vector_thrust,cruise_19,0.6372459049838923,0.0,1510.6596787799342,1225.6299849183786,62.07606087617701,0.7024795964956202,0.9191851397674772,0.0297923825353547,0.0,0.0,0.0,0.0,0.0,0.0,0.4147251046726111,0.0,15.682585539970926,True
vector_thrust,cruise_19,0.6375855392306744,0.0,1510.6596787799376,1225.6299849184277,62.076060876174765,0.7024795964956271,0.919185139767477,0.0297923825353537,0.0,0.0,0.0,0.0,0.0,0.0,0.4147251046726119,0.0,15.863591050119553,True
vector_thrust,cruise_19,0.637888382255386,0.0,1510.6596787799326,1225.6299849183488,62.07606087617823,0.7024795964956141,0.9191851397674772,0.0297923825353555,0.0,0.0,0.0,0.0,0.0,0.0,0.4147251046726106,0.0,16.02667137968226,True
vector_thrust,cruise_19,0.6380962248420263,0.0,1510.6596787799328,1225.6299849183547,62.07606087617905,0.7024795964956212,0.9191851397674772,0.0297923825353552,0.0,0.0,0.0,0.0,0.0,0.0,0.4147251046726106,0.0,16.139526469340165,True
vector_thrust,cruise_19,0.638170062944823,0.0,1510.659678779934,1225.6299849183729,62.07606087617701,0.7024795964956194,0.9191851397674772,0.0297923825353544,0.0,0.0,0.0,0.0,0.0,0.0,0.414725104672611,0.0,16.179803984509675,True
vector_thrust,cruise_20,0.5949638919073817,0.0,1406.157753356536,1247.814095282673,60.54504348643229,0.7273849984874725,0.9164367403785484,0.0335370504531893,0.0,0.0,0.0,0.0,0.0,0.0,0.3860359349221409,0.0,16.179803984509675,True
vector_thrust,cruise_20,0.5949833580601604,0.0,1406.1577535008632,1247.8140972727128,60.54504355052437,0.7273849987702,0.916436740388885,0.0335370504818074,0.0,0.0,0.0,0.0,0.0,0.0,0.3860359349617634,0.0,16.193229822899514,True
vector_thrust,cruise_20,0.5950378298839841,0.0,1406.157753895918,1247.8141027199038,60.54504372595638,0.7273849995440919,0.9164367404171788,0.0335370505601377,0.0,0.0,0.0,0.0,0.0,0.0,0.3860359350702188,0.0,16.230848186118816,True
vector_thrust,cruise_20,0.5951163592025177,0.0,1406.1577544546517,1247.8141104239585,60.54504397410005,0.7273850006386163,0.9164367404571976,0.0335370506709382,0.0,0.0,0.0,0.0,0.0,0.0,0.3860359352236092,0.0,16.285208295973053,True
vector_thrust,cruise_20,0.5952032653647418,0.0,1406.1577550621898,1247.814118800878,60.54504424465873,0.7273850018287358,0.916436740500788,0.0335370507918258,0.0,0.0,0.0,0.0,0.0,0.0,0.3860359353903982,0.0,16.345543466022594,True
vector_thrust,cruise_20,0.5952813361147916,0.0,1406.15775506197,1247.8141187978208,60.545044244639975,0.7273850018283002,0.9164367405007804,0.0335370507918261,0.0,0.0,0.0,0.0,0.0,0.0,0.3860359353903378,0.0,16.399903575876827,True
vector_thrust,cruise_20,0.595335236292466,0.0,1406.157755061827,1247.8141187958308,60.54504424462549,0.727385001828018,0.9164367405007752,0.0335370507918243,0.0,0.0,0.0,0.0,0.0,0.0,0.3860359353902986,0.0,16.437521939096133,True
vector_thrust,cruise_20,0.5953544480580348,0.0,1406.1577550617749,1247.8141187951048,60.54504424462304,0.7273850018279162,0.9164367405007736,0.0335370507918252,0.0,0.0,0.0,0.0,0.0,0.0,0.3860359353902843,0.0,16.45094777748597,True
vector_thrust,cruise_21,0.6385884847454912,0.0,1510.6596787799142,1225.6299849183704,62.076060876177216,0.7024795964956291,0.9191851397674768,0.0297923825353555,0.0,0.0,0.0,0.0,0.0,0.0,0.4147251046726055,0.0,16.45094777748597,True
vector_thrust,cruise_21,0.6386853207848092,0.0,1510.6596787799149,1225.629984918384,62.07606087617803,0.7024795964956277,0.9191851397674768,0.0297923825353555,0.0,0.0,0.0,0.0,0.0,0.0,0.4147251046726057,0.0,16.504651131045318,True
vector_thrust,cruise_21,0.6389550071722897,0.0,1510.6596787799133,1225.6299849183624,62.07606087617783,0.7024795964956273,0.9191851397674768,0.0297923825353545,0.0,0.0,0.0,0.0,0.0,0.0,0.4147251046726053,0.0,16.655124583922525,True
vector_thrust,cruise_21,0.6393404897241476,0.0,1510.6596787799149,1225.629984918384,62.0760608761762,0.7024795964956277,0.9191851397674766,0.0297923825353543,0.0,0.0,0.0,0.0,0.0,0.0,0.4147251046726057,0.0,16.87256502333947,True
vector_thrust,cruise_21,0.6397625963120688,0.0,1510.6596787799156,1225.6299849183945,62.07606087617558,0.7024795964956342,0.9191851397674764,0.0297923825353552,0.0,0.0,0.0,0.0,0.0,0.0,0.4147251046726058,0.0,17.113905703537633,True
vector_thrust,cruise_21,0.6401378260909684,0.0,1510.659678779918,1225.6299849184347,62.07606087617375,0.7024795964956334,0.9191851397674764,0.0297923825353537,0.0,0.0,0.0,0.0,0.0,0.0,0.4147251046726066,0.0,17.33134614295458,True
vector_thrust,cruise_21,0.6403947284193897,0.0,1510.6596787799156,1225.6299849183945,62.07606087617578,0.7024795964956342,0.9191851397674764,0.0297923825353545,0.0,0.0,0.0,0.0,0.0,0.0,0.4147251046726058,0.0,17.481819595831784,True
vector_thrust,cruise_21,0.6404858753531966,0.0,1510.6596787799167,1225.6299849184154,62.07606087617558,0.7024795964956356,0.9191851397674764,0.0297923825353554,0.0,0.0,0.0,0.0,0.0,0.0,0.4147251046726063,0.0,17.535522949391133,True
vector_thrust,cruise_22,0.5971242838235612,0.0,1406.1577482400835,1247.8140247364615,60.54504119505111,0.727384988464897,0.9164367400101346,0.033537049428007,0.0,0.0,0.0,0.0,0.0,0.0,0.3860359335175087,0.0,17.535522949391133,True
vector_thrust,cruise_22,0.5971422920055557,0.0,1406.1577488445428,1247.814033070911,60.545041464627616,0.7273849896489832,0.916436740053544,0.0335370495484972,0.0,0.0,0.0,0.0,0.0,0.0,0.3860359336834523,0.0,17.54894878778097,True
vector_thrust,cruise_22,0.5971926864032806,0.0,1406.157750468168,1247.814055457912,60.5450421887489,0.7273849928295316,0.916436740170146,0.0335370498721546,0.0,0.0,0.0,0.0,0.0,0.0,0.3860359341291902,0.0,17.586567151000274,True
vector_thrust,cruise_22,0.5972653438356134,0.0,1406.157752716064,1247.8140864525244,60.545043191383456,0.7273849972329759,0.9164367403315904,0.0335370503203076,0.0,0.0,0.0,0.0,0.0,0.0,0.3860359347463106,0.0,17.640927260854507,True
vector_thrust,cruise_22,0.5973457606684265,0.0,1406.1577550884997,1247.8141191642917,60.545044249723865,0.7273850018803751,0.9164367405019956,0.0335370507933769,0.0,0.0,0.0,0.0,0.0,0.0,0.3860359353976211,0.0,17.70126243090405,True
vector_thrust,cruise_22,0.5974180091097512,0.0,1406.1577550863765,1247.8141191349916,60.54504424921575,0.7273850018762146,0.916436740501888,0.0335370507931949,0.0,0.0,0.0,0.0,0.0,0.0,0.3860359353970382,0.0,17.755622540758285,True
vector_thrust,cruise_22,0.5974678942044402,0.0,1406.1577550868794,1247.8141191419877,60.54504424902074,0.727385001877208,0.9164367405018812,0.0335370507930652,0.0,0.0,0.0,0.0,0.0,0.0,0.3860359353971763,0.0,17.793240903977587,True
vector_thrust,cruise_22,0.5974856757959268,0.0,1406.157755087056,1247.8141191444454,60.5450442489524,0.7273850018775578,0.9164367405018788,0.033537050793019,0.0,0.0,0.0,0.0,0.0,0.0,0.3860359353972248,0.0,17.806666742367426,True
vector_thrust,cruise_23,0.6408732503533042,0.0,1510.6596787798971,1225.6299849181146,62.07606087619435,0.7024795964955898,0.9191851397674782,0.0297923825353655,0.0,0.0,0.0,0.0,0.0,0.0,0.4147251046726008,0.0,17.806666742367426,True
vector_thrust,cruise_23,0.6409181224601778,0.0,1510.6596787798887,1225.6299849179836,62.07606087620353,0.7024795964955632,0.919185139767479,0.0297923825353684,0.0,0.0,0.0,0.0,0.0,0.0,0.4147251046725986,0.0,17.833518419147097,True
vector_thrust,cruise_23,0.6410434856454713,0.0,1510.659678779875,1225.629984917789,62.076060876220055,0.7024795964955376,0.9191851397674804,0.0297923825353766,0.0,0.0,0.0,0.0,0.0,0.0,0.4147251046725947,0.0,17.908755145585705,True
vector_thrust,cruise_23,0.6412236952127113,0.0,1510.659678779847,1225.629984917372,62.07606087625596,0.702479596495476,0.9191851397674836,0.0297923825353947,0.0,0.0,0.0,0.0,0.0,0.0,0.414725104672587,0.0,18.01747536529417,True
vector_thrust,cruise_23,0.6414224175248943,0.0,1510.6596787798512,1225.629984917431,62.07606087625024,0.7024795964954798,0.9191851397674832,0.0297923825353917,0.0,0.0,0.0,0.0,0.0,0.0,0.4147251046725883,0.0,18.138145705393256,True
vector_thrust,cruise_23,0.6416003066327582,0.0,1510.659678779859,1225.629984917552,62.076060876247176,0.7024795964955011,0.919185139767483,0.0297923825353908,0.0,0.0,0.0,0.0,0.0,0.0,0.4147251046725903,0.0,18.246865925101726,True
vector_thrust,cruise_23,0.6417227763223137,0.0,1510.6596787798594,1225.6299849175546,62.07606087624188,0.7024795964954977,0.9191851397674824,0.0297923825353882,0.0,0.0,0.0,0.0,0.0,0.0,0.4147251046725905,0.0,18.32210265154033,True
vector_thrust,cruise_23,0.6417663607273777,0.0,1510.659678779862,1225.629984917596,62.07606087624352,0.702479596495507,0.9191851397674828,0.0297923825353892,0.0,0.0,0.0,0.0,0.0,0.0,0.4147251046725912,0.0,18.34895432832001,True
vector_thrust,cruise_24,0.5983184456015112,0.0,1406.1577486709034,1247.8140306769867,60.545041388286286,0.7273849893088795,0.9164367400411862,0.0335370495144933,0.0,0.0,0.0,0.0,0.0,0.0,0.3860359336357827,0.0,18.34895432832001,True
vector_thrust,cruise_24,0.5983356769892384,0.0,1406.1577492107297,1247.814038120277,60.54504162890802,0.7273849903663576,0.9164367400799406,0.0335370496220276,0.0,0.0,0.0,0.0,0.0,0.0,0.3860359337839825,0.0,18.362380166709844,True
vector_thrust,cruise_24,0.5983838996833076,0.0,1406.1577507148322,1247.8140588593023,60.54504229940489,0.7273849933127778,0.9164367401879266,0.0335370499216821,0.0,0.0,0.0,0.0,0.0,0.0,0.3860359341969074,0.0,18.399998529929142,True
vector_thrust,cruise_24,0.5984534314037115,0.0,1406.1577527918814,1247.8140874982828,60.545043225380695,0.7273849973815524,0.9164367403370542,0.033537050335523,0.0,0.0,0.0,0.0,0.0,0.0,0.3860359347671249,0.0,18.454358639783383,True
vector_thrust,cruise_24,0.5985303963009954,0.0,1406.1577550043498,1247.8141180044413,60.54504421183664,0.7273850017155998,0.9164367404959158,0.0335370507764042,0.0,0.0,0.0,0.0,0.0,0.0,0.3860359353745192,0.0,18.514693809832924,True
vector_thrust,cruise_24,0.5985995504382152,0.0,1406.1577550854404,1247.8141191224809,60.545044248651735,0.7273850018744412,0.9164367405018056,0.0335370507929277,0.0,0.0,0.0,0.0,0.0,0.0,0.3860359353967812,0.0,18.56905391968716,True
vector_thrust,cruise_24,0.59864730287909,0.0,1406.1577550858472,1247.814119128137,60.545044248493234,0.7273850018752456,0.9164367405018002,0.0335370507928214,0.0,0.0,0.0,0.0,0.0,0.0,0.3860359353968929,0.0,18.606672282906462,True
vector_thrust,cruise_24,0.5986643250622308,0.0,1406.1577550859813,1247.8141191300117,60.545044248441016,0.7273850018755121,0.9164367405017984,0.0335370507927859,0.0,0.0,0.0,0.0,0.0,0.0,0.3860359353969297,0.0,18.62009812129629,True
vector_thrust,cruise_25,0.6421372748672486,0.0,1510.6596783819616,1225.6299790417331,62.07606067540911,0.702479595583274,0.9191851397362524,0.0297923824546962,0.0,0.0,0.0,0.0,0.0,0.0,0.4147251045633546,0.0,18.62009812129629,True
vector_thrust,cruise_25,0.6422231489872989,0.0,1510.6596786164662,1225.6299825045423,62.07606079370819,0.7024795961208754,0.9191851397546512,0.0297923825022235,0.0,0.0,0.0,0.0,0.0,0.0,0.4147251046277338,0.0,18.673801474855647,True
vector_thrust,cruise_25,0.6424624208908237,0.0,1510.6596787799376,1225.6299849184277,62.07606087617416,0.7024795964956271,0.9191851397674768,0.0297923825353534,0.0,0.0,0.0,0.0,0.0,0.0,0.4147251046726119,0.0,18.82427492773285,True
vector_thrust,cruise_25,0.6428047408617636,0.0,1510.6596787799335,1225.629984918373,62.07606087617884,0.7024795964956209,0.9191851397674772,0.029792382535354,0.0,0.0,0.0,0.0,0.0,0.0,0.4147251046726108,0.0,19.041715367149795,True
vector_thrust,cruise_25,0.6431800424534698,0.0,1510.6596787799333,1225.629984918358,62.07606087617844,0.7024795964956125,0.9191851397674772,0.0297923825353541,0.0,0.0,0.0,0.0,0.0,0.0,0.4147251046726108,0.0,19.28305604734796,True
vector_thrust,cruise_25,0.6435141076908405,0.0,1510.659678779934,1225.6299849183729,62.07606087617803,0.7024795964956194,0.9191851397674772,0.0297923825353548,0.0,0.0,0.0,0.0,0.0,0.0,0.414725104672611,0.0,19.50049648676491,True
vector_thrust,cruise_25,0.6437430881387582,0.0,1510.6596787799326,1225.6299849183488,62.07606087617884,0.7024795964956141,0.9191851397674772,0.0297923825353543,0.0,0.0,0.0,0.0,0.0,0.0,0.4147251046726106,0.0,19.65096993964212,True
vector_thrust,cruise_25,0.6438243827981718,0.0,1510.6596787799333,1225.629984918358,62.07606087617803,0.7024795964956125,0.9191851397674772,0.0297923825353555,0.0,0.0,0.0,0.0,0.0,0.0,0.4147251046726108,0.0,19.704673293201463,True
vector_thrust,cruise_26,0.6002369744203625,0.0,1406.1577493142036,1247.8140395468697,60.54504167663036,0.7273849905690343,0.9164367400875324,0.0335370496435265,0.0,0.0,0.0,0.0,0.0,0.0,0.3860359338123894,0.0,19.704673293201463,True
vector_thrust,cruise_26,0.6002530286350761,0.0,1406.1577497818128,1247.8140459944375,60.545041884911406,0.7273849914850483,0.916436740121087,0.0335370497365924,0.0,0.0,0.0,0.0,0.0,0.0,0.3860359339407634,0.0,19.718099131591305,True
vector_thrust,cruise_26,0.6002979617122822,0.0,1406.1577510819773,1247.814063921554,60.54504246404839,0.7273849940319752,0.9164367402143856,0.0335370499953679,0.0,0.0,0.0,0.0,0.0,0.0,0.3860359342977007,0.0,19.755717494810604,True
vector_thrust,cruise_26,0.6003627626738155,0.0,1406.1577529150356,1247.8140891963733,60.54504328061578,0.7273849976228045,0.9164367403459304,0.0335370503602436,0.0,0.0,0.0,0.0,0.0,0.0,0.3860359348009348,0.0,19.81007760466484,True
vector_thrust,cruise_26,0.6004345085668331,0.0,1406.1577548493324,1247.8141158670944,60.54504414236407,0.727385001411947,0.9164367404847488,0.0335370507453146,0.0,0.0,0.0,0.0,0.0,0.0,0.386035935331962,0.0,19.87041277471438,True
vector_thrust,cruise_26,0.6004989895161109,0.0,1406.1577550839909,1247.8141191025431,60.54504424782987,0.7273850018716103,0.9164367405016836,0.0335370507925411,0.0,0.0,0.0,0.0,0.0,0.0,0.3860359353963833,0.0,19.92477288456861,True
vector_thrust,cruise_26,0.6005435239631045,0.0,1406.1577550842803,1247.8141191065836,60.54504424770993,0.727385001872184,0.916436740501679,0.0335370507924616,0.0,0.0,0.0,0.0,0.0,0.0,0.3860359353964627,0.0,19.96239124778792,True
vector_thrust,cruise_26,0.6005594008393823,0.0,1406.157755084379,1247.814119107957,60.54504424767036,0.7273850018723802,0.9164367405016776,0.033537050792435,0.0,0.0,0.0,0.0,0.0,0.0,0.3860359353964899,0.0,19.97581708617776,True
vector_thrust,cruise_27,0.6441702964635777,0.0,1510.6596788358202,1225.6299857441838,62.07606088164216,0.702479596623841,0.9191851397693802,0.0297923825357742,0.0,0.0,0.0,0.0,0.0,0.0,0.4147251046879535,0.0,19.97581708617776,True
vector_thrust,cruise_27,0.6442304221606301,0.0,1510.659678835899,1225.629985745314,62.07606088386356,0.702479596624012,0.9191851397696246,0.0297923825368354,0.0,0.0,0.0,0.0,0.0,0.0,0.4147251046879752,0.0,20.016094601347262,True
vector_thrust,cruise_27,0.644398253026643,0.0,1510.6596788361887,1225.629985749432,62.07606089129592,0.7024795966246504,0.919185139770443,0.0297923825403921,0.0,0.0,0.0,0.0,0.0,0.0,0.4147251046880547,0.0,20.12894969100517,True
vector_thrust,cruise_27,0.6446391427574041,0.0,1510.6596788364582,1225.6299857532226,62.07606090037343,0.7024795966252323,0.9191851397714405,0.0297923825447373,0.0,0.0,0.0,0.0,0.0,0.0,0.4147251046881287,0.0,20.29203002056788,True
vector_thrust,cruise_27,0.6449043062305602,0.0,1510.6596788366717,1225.6299857561585,62.07606091078785,0.7024795966256865,0.9191851397725826,0.0297923825497271,0.0,0.0,0.0,0.0,0.0,0.0,0.4147251046881872,0.0,20.473035530716505,True
vector_thrust,cruise_27,0.645141282643377,0.0,1510.6596788367076,1225.6299857564902,62.07606091924728,0.7024795966257302,0.9191851397735072,0.0297923825537856,0.0,0.0,0.0,0.0,0.0,0.0,0.4147251046881972,0.0,20.63611586027921,True
vector_thrust,cruise_27,0.6453042358985092,0.0,1510.659678836647,1225.6299857554245,62.07606092601996,0.7024795966255639,0.9191851397742452,0.0297923825570388,0.0,0.0,0.0,0.0,0.0,0.0,0.4147251046881804,0.0,20.74897094993712,True
vector_thrust,cruise_27,0.6453621916519207,0.0,1510.6596788366123,1225.629985754843,62.07606092913991,0.7024795966254762,0.9191851397745852,0.0297923825585372,0.0,0.0,0.0,0.0,0.0,0.0,0.4147251046881711,0.0,20.78924846510663,True
vector_thrust,cruise_28,0.6239914897218795,0.0,1459.6916075520935,1232.4914948379414,61.1917146167742,0.714163594386287,0.9178655386350408,0.0314546430242095,0.0,0.0,0.0,0.0,0.0,0.0,0.4007327151411721,0.0,20.78924846510663,True
vector_thrust,cruise_28,0.6240430663318128,0.0,1459.6916075520944,1232.491494837953,61.19171461677277,0.7141635943862862,0.9178655386350408,0.0314546430242088,0.0,0.0,0.0,0.0,0.0,0.0,0.4007327151411722,0.0,20.82952598027613,True
vector_thrust,cruise_28,0.6241871275675398,0.0,1459.6916075520935,1232.491494837955,61.19171461677338,0.7141635943862894,0.9178655386350408,0.0314546430242095,0.0,0.0,0.0,0.0,0.0,0.0,0.4007327151411721,0.0,20.942381069934044,True
vector_thrust,cruise_28,0.6243941480153254,0.0,1459.691607552095,1232.4914948379733,61.19171461677257,0.7141635943862897,0.9178655386350408,0.0314546430242084,0.0,0.0,0.0,0.0,0.0,0.0,0.4007327151411726,0.0,21.10546139949676,True
vector_thrust,cruise_28,0.6246223806448474,0.0,1459.691607552093,1232.4914948379455,61.19171461677399,0.7141635943862871,0.9178655386350408,0.0314546430242096,0.0,0.0,0.0,0.0,0.0,0.0,0.4007327151411719,0.0,21.286466909645377,True
vector_thrust,cruise_28,0.6248266792866032,0.0,1459.691607552093,1232.4914948379455,61.19171461677461,0.7141635943862871,0.9178655386350408,0.0314546430242099,0.0,0.0,0.0,0.0,0.0,0.0,0.4007327151411719,0.0,21.449547239208087,True
vector_thrust,cruise_28,0.6249673503484102,0.0,1459.6916075520944,1232.491494837953,61.19171461677298,0.7141635943862862,0.9178655386350408,0.0314546430242097,0.0,0.0,0.0,0.0,0.0,0.0,0.4007327151411722,0.0,21.56240232886599,True
vector_thrust,cruise_28,0.6250174195765822,0.0,1459.6916075520935,1232.491494837955,61.19171461677338,0.7141635943862894,0.9178655386350408,0.0314546430242089,0.0,0.0,0.0,0.0,0.0,0.0,0.4007327151411721,0.0,21.602679844035503,True
vector_thrust,cruise_29,0.6464235713062325,0.0,1510.6596787802123,1225.6299849227005,62.07606087632307,0.7024795964962988,0.9191851397674996,0.0297923825354137,0.0,0.0,0.0,0.0,0.0,0.0,0.4147251046726874,0.0,21.602679844035503,True
vector_thrust,cruise_29,0.6468360750315392,0.0,1510.6596787799194,1225.629984918376,62.076060876176605,0.702479596495627,0.9191851397674766,0.0297923825353545,0.0,0.0,0.0,0.0,0.0,0.0,0.414725104672607,0.0,21.90025976194453,True
vector_thrust,cruise_29,0.647972498123403,0.0,1510.6596787800963,1225.6299849209886,62.07606087626615,0.7024795964960293,0.9191851397674906,0.0297923825353899,0.0,0.0,0.0,0.0,0.0,0.0,0.4147251046726555,0.0,22.73406016335155,True
vector_thrust,cruise_29,0.6496069659798186,0.0,1510.6596787799194,1225.629984918376,62.076060876177216,0.702479596495627,0.9191851397674768,0.0297923825353552,0.0,0.0,0.0,0.0,0.0,0.0,0.414725104672607,0.0,23.93893665286705,True
vector_thrust,cruise_29,0.6516556437159196,0.0,1510.6596787799194,1225.629984918376,62.0760608761762,0.702479596495627,0.9191851397674766,0.0297923825353552,0.0,0.0,0.0,0.0,0.0,0.0,0.414725104672607,0.0,25.276248664902063,True
vector_thrust,cruise_29,0.6547018674120566,0.0,1510.65967877992,1225.629984918371,62.0760608761762,0.7024795964956186,0.9191851397674766,0.0297923825353545,0.0,0.0,0.0,0.0,0.0,0.0,0.4147251046726071,0.0,26.48112515441756,True
vector_thrust,cruise_29,0.6594011895161143,0.0,1510.659678769663,1225.629984766927,62.07606087100356,0.7024795964721164,0.9191851397666722,0.0297923825332754,0.0,0.0,0.0,0.0,0.0,0.0,0.4147251046697913,0.0,27.314925555824576,True
vector_thrust,cruise_29,0.662351359330648,0.0,1510.6596787774165,1225.629984881414,62.07606087491271,0.7024795964898911,0.9191851397672802,0.0297923825348466,0.0,0.0,0.0,0.0,0.0,0.0,0.4147251046719198,0.0,27.61250547373361,True
vector_thrust,decel_descend,0.913865606819004,0.0,2207.517167425752,1431.7379971720218,46.751407764752805,0.6748335217026071,0.9230073041855142,0.0105075356904226,0.0,0.0,0.0,0.0,0.0,0.0,0.6060350992267386,0.0,27.61250547373361,False
vector_thrust,decel_descend,0.9158411843382682,0.0,2207.4597383011933,1432.3613948549869,46.792796410427215,0.674578815878825,0.923038179640135,0.0104989307511946,0.0,0.0,0.0,0.0,0.0,0.0,0.6058943084201044,0.0,27.7313428322507,False
vector_thrust,decel_descend,0.9155599241488864,0.0,2207.2667925042683,1433.7943084714714,46.9024578704867,0.6738272574802199,0.9231192475295358,0.0104737497104739,0.0,0.0,0.0,0.0,0.0,0.0,0.6054914767201682,0.0,28.06431771150313,False
vector_thrust,decel_descend,0.9621546804131088,0.0,2214.1919033588,1523.5582304165227,48.96385706494286,0.6832776760255536,0.9246366465885406,0.0107889677590726,0.0,0.0,0.0,0.0,0.0,0.0,0.6068850501262812,0.0,28.545480352986026,False
vector_thrust,decel_descend,0.9834227410590272,0.0,2211.095811370147,1488.6479563116247,48.38453679988237,0.6777052116166613,0.9242180692273728,0.0106074749795515,0.0,0.0,0.0,0.0,0.0,0.0,0.6054769612623278,0.0,29.07953059448118,False
vector_thrust,decel_descend,3.0541735923214204,0.0,2097.620755197468,301.5000226648566,16.890405356680265,0.1355545065722223,0.8476239897564509,0.0040854121472204,0.0,0.0,0.0,0.0,0.0,0.0,0.5739264765528194,0.0,29.560693235964084,False
vector_thrust,decel_descend,2.310810985768061,0.0,2091.7975759272467,87.74488520251654,15.568301125085965,0.0567929686595879,0.8377840021542812,0.0037681617548959,0.0,0.0,0.0,0.0,0.0,0.0,0.5720047399272612,0.0,29.893668115216503,False
vector_thrust,decel_descend,1.4616902557310971,0.0,2090.3712152213843,38.31134111114306,15.3161041124503,0.0398680445530174,0.8357346366137715,0.0037057174861785,0.0,0.0,0.0,0.0,0.0,0.0,0.5714976869063675,0.0,30.0125054737336,False
vector_thrust,arrival_terminal_procedure,6.124655225193825,0.0,2189.0082681866484,1199.8009529032684,20.192248614482143,0.2241737593684051,0.8673124496542132,0.0044551333805545,0.0,0.0,0.0,0.0,0.0,0.0,0.598464594603161,0.0,30.0125054737336,False
vector_thrust,arrival_terminal_procedure,6.133117442067998,0.0,2188.987441942804,1199.837193330486,20.186214943629484,0.2239410622138013,0.8672823736988651,0.0044538868848627,0.0,0.0,0.0,0.0,0.0,0.0,0.5984589008057638,0.0,30.055598250130192,False
vector_thrust,arrival_terminal_procedure,6.292477743818862,0.0,2188.598303731369,1200.132925101481,20.07207080764837,0.219595346722591,0.8667102078127482,0.0044302771287956,0.0,0.0,0.0,0.0,0.0,0.0,0.5983525122437218,0.0,30.176341526456405,False
vector_thrust,arrival_terminal_procedure,6.306774990283543,0.0,2188.5641146318376,1200.1797704901128,20.061740218454432,0.2192167170812196,0.8666581252019647,0.0044281353235525,0.0,0.0,0.0,0.0,0.0,0.0,0.5983431651042485,0.0,30.35082061601673,False
vector_thrust,arrival_terminal_procedure,6.275750826900093,0.0,2188.639092236533,1200.1654964487043,20.084045813594663,0.2200524696679444,0.8667705221398652,0.0044327550075812,0.0,0.0,0.0,0.0,0.0,0.0,0.5983636636297455,0.0,30.544477795278134,False
vector_thrust,arrival_terminal_procedure,6.32541362658858,0.0,2188.518609212118,1200.0987558749575,20.048438152100115,0.2187049816290273,0.8665909814849831,0.0044253832462771,0.0,0.0,0.0,0.0,0.0,0.0,0.5983307241359065,0.0,30.71895688483846,False
vector_thrust,arrival_terminal_procedure,6.308429863846843,0.0,2188.5598059215085,1200.1369197503077,20.060609061572315,0.2191661234394486,0.8666524171436546,0.0044279030832625,0.0,0.0,0.0,0.0,0.0,0.0,0.5983419871230513,0.0,30.83970016116467,False
vector_thrust,arrival_terminal_procedure,6.30417825340237,0.0,2188.5701845218555,1200.1517227139643,20.06365487906305,0.219282608900427,0.866667780935457,0.0044285333730201,0.0,0.0,0.0,0.0,0.0,0.0,0.598344824583713,0.0,30.882792937561263,False
vector_thrust,second_descent,4.700747952997412,0.0,2032.5548744570208,579.0933025041137,16.766963704691182,0.1700284037630915,0.8465326233408528,0.0042908239424152,0.0,0.0,0.0,0.0,0.0,0.0,0.5556909704860378,0.0,30.882792937561263,False
vector_thrust,second_descent,4.692750169347538,0.0,2032.5810610272133,578.5000094222461,16.774182759448994,0.1700688764646044,0.8465830974620021,0.0042910030565778,0.0,0.0,0.0,0.0,0.0,0.0,0.5556744347490297,0.0,30.90755072058566,False
vector_thrust,second_descent,4.673327854487312,0.0,2032.648070849067,576.7414029862607,16.794358107797443,0.1700704358635958,0.8467239280592982,0.0042915150202811,0.0,0.0,0.0,0.0,0.0,0.0,0.5556263759647861,0.0,30.97692048709657,False
vector_thrust,second_descent,4.712023295334045,0.0,2032.600155083045,574.8614111181026,16.77998199907431,0.1682437236692786,0.8466236088565874,0.0042817495417646,0.0,0.0,0.0,0.0,0.0,0.0,0.5555174027808942,0.0,31.077162704072183,False
vector_thrust,second_descent,4.479093271851842,0.0,2033.17125925733,571.9285839053663,16.9391374043856,0.1744263180509397,0.8477257695555155,0.004312898586757,0.0,0.0,0.0,0.0,0.0,0.0,0.5555671017868109,0.0,31.18842317105034,False
vector_thrust,second_descent,4.5384750240691,0.0,2033.0586150554493,569.4479388375954,16.908067725849474,0.1717125952282056,0.8475120837035082,0.0042991498417954,0.0,0.0,0.0,0.0,0.0,0.0,0.5554405282910723,0.0,31.288665388025947,False
vector_thrust,second_descent,4.563805636021002,0.0,2033.0119048324225,567.1617388647164,16.896344603279196,0.1702091432604886,0.8474312554736292,0.0042920057799525,0.0,0.0,0.0,0.0,0.0,0.0,0.5553615060920145,0.0,31.358035154536868,False
vector_thrust,second_descent,4.299787644341661,0.0,2033.617850744288,564.084785804865,17.063235143218556,0.1778853548959714,0.8485722069755246,0.0043302472547389,0.0,0.0,0.0,0.0,0.0,0.0,0.5555033838723906,0.0,31.382792937561263,False
vector_thrust,hover_descent,1.2928466783069337,0.0,1628.9492870645222,4.673685936506382e-12,82.55996177022601,-0.0784009536144898,0.9215675320289292,0.0326545997863577,0.0,0.0,0.0,0.0,0.0,0.0,0.444964053000262,0.0,31.382792937561263,True
vector_thrust,hover_descent,1.2927665915629825,0.0,1628.944671051001,4.673687043431545e-12,82.56499069063,-0.0784012757789774,0.9215667711635004,0.0326544074059587,0.0,0.0,0.0,0.0,0.0,0.0,0.4449590036798781,0.0,31.393815391557823,True
vector_thrust,hover_descent,1.2925422536250106,0.0,1628.931738281843,4.673690146045699e-12,82.57908025551713,-0.078402178692912,0.921564638203626,0.0326538674452076,0.0,0.0,0.0,0.0,0.0,0.0,0.4449448567002992,0.0,31.424699621351973,True
vector_thrust,hover_descent,1.292218232372798,0.0,1628.9130515012537,4.673694626045848e-12,82.59943880271169,-0.07840348408546,0.9215615529993072,0.0326530854308251,0.0,0.0,0.0,0.0,0.0,0.0,0.4449244157900026,0.0,31.469328626462744,True
vector_thrust,hover_descent,1.2918588126883537,0.0,1628.8923136332298,4.673699597642673e-12,82.62203206761754,-0.0784049338197428,0.9215581246934146,0.0326522146236437,0.0,0.0,0.0,0.0,0.0,0.0,0.4449017311331647,0.0,31.518863085089126,True
vector_thrust,hover_descent,1.291535182135135,0.0,1628.8736318890008,4.673704074996143e-12,82.64238545068261,-0.0784062407642965,0.9215550322688502,0.0326514276149331,0.0,0.0,0.0,0.0,0.0,0.0,0.444881295655273,0.0,31.5634920901999,True
vector_thrust,hover_descent,1.2913113313633324,0.0,1628.860705237185,4.673707173327044e-12,82.6564688214869,-0.0784071456212472,0.921552890270096,0.0326508815300473,0.0,0.0,0.0,0.0,0.0,0.0,0.4448671554052911,0.0,31.594376319994044,True
vector_thrust,hover_descent,1.2912314614556708,0.0,1628.8560921117294,4.673708279337305e-12,82.66149473590755,-0.0784074686425972,0.9215521254181576,0.0326506863189511,0.0,0.0,0.0,0.0,0.0,0.0,0.4448621091250891,0.0,31.605398773990608,True
