eVTOL_type,mission_segment,SOC,battery_energy_kw_h,battery_power_kw,voltage_v,voltage_oc_v,current_a,C_Rating_instant,C_Rating_nominal,specific_power,time_min,fesibility
lift_and_cruse,hover_climb,1.0,93.75,18.044558089812707,476.1824447128352,483.0759297489751,37.89421111627623,0.1924752862913355,0.1924752862913355,36.08911617962541,0.0,False
lift_and_cruse,hover_climb,0.999983237447986,93.7484285107487,18.04499952756924,476.1797780281127,483.0734649794293,37.89535143212664,0.1924832268647408,0.1924810782741557,36.089999055138485,0.0051997276739643,False
lift_and_cruse,hover_climb,0.9999362676243126,93.74402508977931,18.046236906639617,476.1723057216519,483.0665586363191,37.89854767414804,0.1925054830131094,0.1924973128804453,36.092473813279234,0.0197690408595537,False
lift_and_cruse,hover_climb,0.9998683885403776,93.7376614256604,18.048025962988174,476.1615068270954,483.0565780118328,37.9031687269211,0.1925376594640732,0.1925207844986493,36.09605192597635,0.0408223083994619,False
lift_and_cruse,hover_climb,0.9997930405164968,93.73059754842156,18.05001303669029,476.149519436954,483.0454994265659,37.90830095669212,0.1925733939109442,0.1925468525276539,36.10002607338058,0.0641896724560282,False
lift_and_cruse,hover_climb,0.9997251471480334,93.72423254512812,18.05180456163296,476.1387178003078,483.0355171290137,37.91292785893327,0.1926056086948071,0.1925703538569408,36.10360912326592,0.0852429399959364,False
lift_and_cruse,hover_climb,0.9996781595118512,93.71982745423608,18.0530450189025,476.1312420745184,483.0286086995922,37.91613139493833,0.1926279126425839,0.1925866255114113,36.106090037805,0.0998122531815259,False
lift_and_cruse,hover_climb,0.9996613890325274,93.71825522179944,18.053487868176145,476.12857386805166,483.026143017439,37.91727504425638,0.1926358749323482,0.1925924344258451,36.10697573635229,0.1050119808554902,False
lift_and_cruse,dep_transition,0.9996613890325274,93.71825522179944,93.74736121213913,467.12121272577343,503.6292404828346,200.69172338728723,1.0003105690649785,0.9901777872206956,187.49472242427825,0.1050119808554902,False
lift_and_cruse,dep_transition,0.9996464800127748,93.71685750119762,94.68549969744214,466.8771239125974,503.76974727875466,202.8060618048017,1.0103359563273482,1.0006095623848867,189.37099939488428,0.105881700694911,False
lift_and_cruse,dep_transition,0.9996038963061944,93.71286527870572,97.3080494015471,466.1932744260275,504.1632837851562,208.7290821423533,1.0383643055036778,1.0298327065809347,194.6160988030942,0.1083186015325623,False
lift_and_cruse,dep_transition,0.9995402583422625,93.7068992195871,101.07613613315158,465.2067995679375,504.7306691781644,217.2716232975237,1.0786424196399411,1.0719801073581214,202.1522722663032,0.1118400252709198,False
lift_and_cruse,dep_transition,0.9994667314691112,93.70000607522915,105.21760160741056,464.1171636246923,505.3569528297007,226.70519833355843,1.122921737540422,1.118523713128727,210.4352032148212,0.1157485107511737,False
lift_and_cruse,dep_transition,0.9993979013899368,93.69355325530658,108.90217347711216,463.1428925328244,505.9165207919822,235.1378407797756,1.162325645030439,1.160128892938287,217.80434695422431,0.1192699344895312,False
lift_and_cruse,dep_transition,0.9993488496118488,93.68895465111082,111.42137951035558,462.47409876636686,506.30040526629256,240.92523902650964,1.1892723448968006,1.1886829015092206,222.8427590207112,0.1217068353271825,False
lift_and_cruse,dep_transition,0.9993310643188296,93.68728727989028,112.31380298604763,462.2366545255732,506.43664963379206,242.9797089462268,1.1988192959986503,1.1988192959986503,224.6276059720953,0.1225765551666033,False
lift_and_cruse,second_climb,0.9993310643188296,93.68728727989028,105.38973067688968,464.05157998408686,505.3643275530503,227.10779410391345,1.1249096194425017,1.1249096194425017,210.7794613537793,0.1225765551666033,False
lift_and_cruse,second_climb,0.9988739453655352,93.64443237801892,105.40128980095236,463.983156615763,505.3058179446708,227.16712453096503,1.125552441748199,1.1252034947292542,210.8025796019047,0.1463440268700226,False
lift_and_cruse,second_climb,0.9975928349136932,93.52432827315876,105.43374920858083,463.7913084765388,505.14181624849874,227.3336822696505,1.1273578533778212,1.1260284880025109,210.86749841716167,0.2129390027205071,False
lift_and_cruse,second_climb,0.9957408149464836,93.35070140123284,105.4808455275438,463.51373895276726,504.90466728813215,227.5752048290944,1.1299779487450354,1.1272247967928046,210.9616910550876,0.3091715310170876,False
lift_and_cruse,second_climb,0.9936841687311948,93.15789081854952,105.5333852771,463.2051858285132,504.641230273285,227.84444562099824,1.1329016559577825,1.1285583994459147,211.0667705542,0.4159815793161184,False
lift_and_cruse,second_climb,0.9918302353645276,92.98408456542448,105.58096460415403,462.92675947608967,504.4036815544786,228.08808715398507,1.1355500197133357,1.1297652039293715,211.16192920830807,0.5122141076126989,False
lift_and_cruse,second_climb,0.9905467389025366,92.8637567721128,105.6140263255005,462.7338428664017,504.23918135911424,228.2572872801345,1.1373906826168323,1.1306032854679968,211.228052651001,0.5788090834631834,False
lift_and_cruse,second_climb,0.9900885580605616,92.82080231817764,105.62585297338389,462.66494410635096,504.1804498177615,228.3177925656773,1.1380491883035306,1.1309029800601742,211.2517059467677,0.6025765551666028,False
lift_and_cruse,departure_terminal_procedures,0.9900885580605616,92.82080231817764,62.760460564389774,473.5110263222704,497.6112976103655,132.5427647416075,0.6761464994587648,0.6761464994587648,125.52092112877956,0.6025765551666028,False
lift_and_cruse,departure_terminal_procedures,0.9895427308026222,92.76963101274583,62.76046056439265,473.425600607964,497.52970856004345,132.56705921048786,0.6765213889762473,0.6762704339498076,125.5209211287853,0.6507534013046681,False
lift_and_cruse,departure_terminal_procedures,0.9880133426607972,92.62625087444977,62.76046056438782,473.1861912548919,497.30107141037263,132.63519368126595,0.6775740303843533,0.6766180114580851,125.52092112877564,0.7857419244909771,False
lift_and_cruse,departure_terminal_procedures,0.9858032757889392,92.41905710521304,62.76046056440684,472.84009955527847,496.9706036719148,132.73381494519333,0.6791009585997707,0.6771211126458918,125.52092112881368,0.980805992182888,False
lift_and_cruse,departure_terminal_procedures,0.983350235223498,92.18908455220294,62.7604605644051,472.45577922694457,496.60370466927714,132.84350414483106,0.6808038236939433,0.6776806752029885,125.5209211288102,1.1973107734702229,False
lift_and_cruse,departure_terminal_procedures,0.981140075497656,91.98188207790524,62.76046080130899,472.10934910431615,496.2730430358101,132.9425372443907,0.6823454066048283,0.6781858773068405,125.52092160261796,1.3923748411621342,False
lift_and_cruse,departure_terminal_procedures,0.9796105715694756,91.83849108463836,62.7604607851284,471.8695178157388,496.04416405134816,133.01118458887328,0.6834163191793801,0.678536071161326,125.5209215702568,1.527363364348443,False
lift_and_cruse,departure_terminal_procedures,0.9790646927850696,91.78731494860028,62.76046077988346,471.78390432026873,495.96246737336514,133.0357073137456,0.6837993403079121,0.6786611700651547,125.52092155976692,1.5755402104865084,False
lift_and_cruse,accel_climb,0.9790646927850696,91.78731494860028,110.19618884414336,459.6992168901789,503.26565439957386,239.7136753625002,1.2005601090272264,1.2005601090272264,220.3923776882868,1.5755402104865084,False
lift_and_cruse,accel_climb,0.9766676573884656,91.56259288016864,110.50332417055624,459.2771687786465,503.00200285195126,240.6082408022988,1.2068888412226786,1.205040368988668,221.0066483411125,1.6943775690036054,False
lift_and_cruse,accel_climb,0.9699115376836122,90.92920665783863,111.47377627455396,458.0595779595323,502.277055405945,243.38252566436788,1.2260493749610295,1.218934844268151,222.947552549108,2.0273524482560275,False
lift_and_cruse,accel_climb,0.9600282207309369,90.00264569352532,113.15312801383658,456.0755591458844,501.1428457405688,248.1484216286884,1.257456703337937,1.24280392295081,226.3062560276732,2.50851508973893,False
lift_and_cruse,accel_climb,0.9488596231128446,88.95558966682918,115.3863984268172,453.69548980496256,499.8817940507881,254.4032723892536,1.2975195567465,1.2741301470375148,230.7727968536344,3.0425653312340843,False
lift_and_cruse,accel_climb,0.9385864863696842,87.99248309715789,117.71798501901954,451.4060527947806,498.75555399585113,260.88976920386006,1.3383781976106046,1.306616526094414,235.43597003803907,3.523727972716987,False
lift_and_cruse,accel_climb,0.9313454093530256,87.31363212684614,119.49721279814472,449.7390869748616,497.97699309871103,265.8366986403104,1.369283939044206,1.3313922763080537,238.99442559628943,3.8567028519694095,False
lift_and_cruse,accel_climb,0.9287330388461345,87.06872239182509,120.16334135340608,449.1273902901551,497.6985253061192,267.69093508145886,1.3808326087113358,1.3406788649875734,240.32668270681216,3.9755402104865065,False
lift_and_cruse,cruise_0,0.9287330388461345,87.06872239182509,77.47350250259599,460.4550427795616,490.9827551616996,168.25421660043685,0.8897971668167003,0.8897971668167003,154.94700500519198,3.9755402104865065,False
lift_and_cruse,cruise_0,0.9286750766372864,87.0632884347456,77.47350250258376,460.44597982419,490.9742612822761,168.25759627156836,0.8898530617321226,0.889815039901003,154.9470050051675,3.979666507657239,False
lift_and_cruse,cruise_0,0.9285126699068076,87.04806280376322,77.47350250246012,460.4261301310567,490.95561100205,168.26488739988147,0.8900089036687457,0.8898535983719108,154.94700500492024,3.991228135409059,False
lift_and_cruse,cruise_0,0.9282779851156502,87.0260611045922,77.47350250258756,460.412804141195,490.943010989151,168.2698696788327,0.890234506399103,0.8898799467023399,154.94700500517513,4.00793517157166,False
lift_and_cruse,cruise_0,0.9280175043982332,87.00164103733437,77.4735025026046,460.3980079510526,490.9290215967642,168.27540197668256,0.8904850406670096,0.8899092037578377,154.9470050052092,4.026478582734686,False
lift_and_cruse,cruise_0,0.9277828191433144,86.97963929468573,77.4735025025093,460.38467213405306,490.9164136018567,168.28038855228758,0.890710885196433,0.8899355748107308,154.9470050050186,4.043185618897288,False
lift_and_cruse,cruise_0,0.9276204117783464,86.96441360421997,77.47350250198599,460.3754407355764,490.9076863838104,168.28384056133976,0.8908672416247146,0.8899538304475673,154.94700500397198,4.054747246649107,False
lift_and_cruse,cruise_0,0.9275624492349074,86.95897961577256,77.4735025025905,460.3721455474631,490.9045712373618,168.28507280710545,0.8909230579077084,0.8899603470675562,154.947005005181,4.05887354381984,False
lift_and_cruse,cruise_1,0.9275624492349074,86.95897961577256,71.48289726507832,461.8404986472737,489.922341087435,154.77832168128842,0.8220300833901327,0.8220300833901327,142.96579453015664,4.05887354381984,False
lift_and_cruse,cruise_1,0.9243052280132676,86.65361512624384,71.48289724583455,461.64645731414817,489.7381398040483,154.8447209608217,0.8249340406769909,0.8223827310005919,142.9657944916691,4.310577671234524,False
lift_and_cruse,cruise_1,0.9151784779940116,85.79798231193858,71.48289724066245,461.0987913394253,489.2188266593256,155.03243729350152,0.8331812418914167,0.8233796953747388,142.9657944813249,5.015836964095558,False
lift_and_cruse,cruise_1,0.9019893621010592,84.5615026969743,71.48289723559796,460.2969919795431,488.4600455539602,155.30808744860198,0.8453946914692806,0.8248436776528921,142.96579447119592,6.034966170014207,False
lift_and_cruse,cruise_1,0.8873497262555117,83.18903683645422,71.48289723514836,459.39256309581145,487.6062216167114,155.6202076267975,0.8593772541413645,0.8265013527932011,142.96579447029671,7.166114250958805,False
lift_and_cruse,cruise_1,0.8741591116244564,81.95241671479278,71.48289723730313,458.56452654638815,486.8263795813023,155.90707487227107,0.8723776166704597,0.8280249092134865,142.96579447460627,8.185243456877453,False
lift_and_cruse,cruise_1,0.8650304931088495,81.09660872895464,71.48289723965692,457.9841379766618,486.2807995105389,156.10878238175954,0.8816071010891707,0.8290961809461433,142.96579447931384,8.890502749738488,False
lift_and_cruse,cruise_1,0.8617724404740754,80.79116629444457,71.48289724063216,457.77553179557447,486.08490677925977,156.18140968140446,0.8849485798103112,0.8294819056686691,142.9657944812643,9.142206877153171,False
lift_and_cruse,cruise_2,0.8617724404740754,80.79116629444457,81.58317597492548,455.3559443463863,487.83088203047583,179.163524683057,1.0098031717619902,1.0098031717619902,163.16635194985096,9.142206877153171,False
lift_and_cruse,cruise_2,0.8580439793613454,80.44162306512612,81.58317593563658,455.1278910043106,487.6190690179449,179.25541847636987,1.0142030637073824,1.0103211044389495,163.16635187127315,9.393911004567858,False
lift_and_cruse,cruise_2,0.8475963963120153,79.46216215425143,81.5831759356439,453.9942611850544,486.5683113784327,179.71500647591705,1.026772735311683,1.0129114387185831,163.1663518712878,10.099170297428891,False
lift_and_cruse,cruise_2,0.8324973385033191,78.04662548468616,81.58317593563439,452.27506460221935,484.9770249541728,180.41350695386936,1.0454844140402275,1.016848333794527,163.16635187126877,11.11829950334754,False
lift_and_cruse,cruise_2,0.8157359918142216,76.47524923258327,81.58317593563697,450.35825002985854,483.2067002594824,181.19885924683985,1.0670694371930836,1.0212747439011325,163.16635187127395,12.24944758429214,False
lift_and_cruse,cruise_2,0.8006321067398133,75.0592600068575,81.58317593563221,448.6236065742625,481.6081596928591,181.9156111159664,1.087296058388395,1.0253145076426124,163.16635187126442,13.268576790210789,False
lift_and_cruse,cruise_2,0.7901785195869506,74.07923621127661,81.58317593564655,447.4190232538923,480.5000728777876,182.4167573977132,1.1017490405442798,1.028139073109941,163.1663518712931,13.973836083071822,False
lift_and_cruse,cruise_2,0.7864474020940929,73.7294439463212,81.58317593564,446.9882964286238,480.1042461678641,182.59663867341487,1.1070008952413253,1.0291529216768605,163.16635187128,14.225540210486509,False
lift_and_cruse,cruise_3,0.7864474020940929,73.7294439463212,78.78863362111875,447.39452630817954,479.3342387471091,176.10549300025784,1.068618307748,1.068618307748,157.5772672422375,14.225540210486509,False
lift_and_cruse,cruise_3,0.7828467564502504,73.39188341721096,78.78863362113839,447.0103355703965,478.98039834168594,176.2600935145062,1.0735530944435745,1.0695564326020204,157.57726724227678,14.477244337901192,False
lift_and_cruse,cruise_3,0.7727573383206733,72.44600046756312,78.78863362112347,445.9587738799509,478.0130541843729,176.68489251675936,1.0876263357721745,1.072134137494622,157.57726724224693,15.182503630762223,False
lift_and_cruse,cruise_3,0.7581760656510975,71.07900615479039,78.78863362112558,444.4339359853402,476.61280577892495,177.30459766143798,1.10862805306204,1.075894544122076,157.57726724225117,16.201632836680872,False
lift_and_cruse,cruise_3,0.7419897280534415,69.56153700501014,78.78863362111784,442.7092000821473,475.0322394631666,178.01075127165404,1.1329105234667258,1.080179525033819,157.57726724223568,17.332780917625474,False
lift_and_cruse,cruise_3,0.7274041636523626,68.194140342409,78.78863362111366,441.1433414109949,473.6003955502079,178.65683533480063,1.15571914111358,1.0841000004628374,157.57726724222732,18.351910123544123,False
lift_and_cruse,cruise_3,0.7173094015400174,67.24775639437664,78.78863362111323,440.053142180618,472.6052526811979,179.10948697305943,1.1720494000517183,1.0868467167601807,157.57726724222647,19.057169416405152,False
lift_and_cruse,cruise_3,0.713706374023458,66.9099725646992,78.78863362109088,439.6629151668836,472.2491296683715,179.27058530060614,1.1779802788100622,1.0878242707207704,157.57726724218176,19.30887354381984,False
lift_and_cruse,cruise_4,0.713706374023458,66.9099725646992,73.619711064148,440.7731266466952,471.1352747749455,167.02404618954657,1.1002800964080688,1.1002800964080688,147.239422128296,19.30887354381984,False
lift_and_cruse,cruise_4,0.7069827915413414,66.27963670700075,73.61971091780966,440.09657160963,470.5151930050369,167.28610529753902,1.110779193688583,1.102006425204339,147.2394218356193,19.81228179864921,False
lift_and_cruse,cruise_4,0.6881416069902322,64.51327565533427,73.61971099380192,438.1936749196002,468.7742570567849,168.02769117469248,1.1412948844430006,1.1068916629831154,147.23942198760383,21.22280038437128,False
lift_and_cruse,cruise_4,0.6609095666356342,61.96027187209071,73.61971094747256,435.4253021090492,466.2497542148511,169.11860659036748,1.188479619955345,1.1140781283221826,147.2394218949451,23.26105879620857,False
lift_and_cruse,cruise_4,0.6306759240324084,59.12586787803829,73.61971089573088,432.2883307011556,463.40056568963473,170.37439373673897,1.245662260968404,1.122350695260895,147.23942179146175,25.52335495809777,False
lift_and_cruse,cruise_4,0.6034282594419197,56.57139932267997,73.61971088352982,429.37777487364446,460.76643061284994,171.5547006089524,1.302102767450099,1.1301260317395498,147.23942176705964,27.561613369935063,False
lift_and_cruse,cruise_4,0.5845675399126934,54.80320686681501,73.61971087358592,427.3526784383598,458.9398952613,172.38583029899502,1.3442561214005382,1.135601144313759,147.23942174717183,28.972131955657133,False
lift_and_cruse,cruise_4,0.577835257781763,54.17205541704029,73.61971087136021,426.6277783453916,458.2873229421092,172.68534290153312,1.359969889045763,1.137574200066594,147.23942174272042,29.475540210486503,False
lift_and_cruse,cruise_5,0.577835257781763,54.17205541704029,76.13599824524604,425.5851611483797,458.3914145235823,178.89721070196035,1.405447839471127,1.405447839471127,152.27199649049209,29.475540210486503,False
lift_and_cruse,cruise_5,0.5743511122416752,53.84541677265705,76.13599830943676,425.207716802931,458.0533727280197,179.05956489020377,1.4140016610912889,1.4067233224269566,152.27199661887352,29.72724433790119,False
lift_and_cruse,cruise_5,0.5645879188159602,52.930117388996266,76.13599829037332,424.04912921566,457.0144033336392,179.56065894121485,1.4385485017125934,1.4106600051097211,152.27199658074665,30.432503630762223,False
lift_and_cruse,cruise_5,0.5504773940519926,51.6072556923743,76.1359982865754,422.3188234765402,455.4640937841392,180.31299764297628,1.475559434433598,1.4165705098000527,152.2719965731508,31.451632836680872,False
lift_and_cruse,cruise_5,0.5348126288761351,50.13868395713767,76.13599828059414,420.4140334051656,453.7619532722958,181.14870637351456,1.5189361244049095,1.4231359840472673,152.27199656118827,32.58278091762547,False
lift_and_cruse,cruise_5,0.5206961857617787,48.81526741516674,76.13599827629709,418.7117507755058,452.2448735353096,181.9023144899972,1.5602626105159734,1.4290564614821164,152.27199655259415,33.60191012354412,False
lift_and_cruse,cruise_5,0.510925631278831,47.8992779323904,76.13599831570943,417.5412942720433,451.204055590598,182.4242224609118,1.5902044715666357,1.4331566619673364,152.27199663141886,34.30716941640515,False
lift_and_cruse,cruise_5,0.5074382269309134,47.57233377477314,76.13599833050209,417.1250409256539,450.83436436416736,182.6105716489912,1.601171019550338,1.4346206538470625,152.27199666100418,34.55887354381984,False
lift_and_cruse,cruise_6,0.5074382269309134,47.57233377477314,83.28796670609516,414.90291487630674,451.9653335211132,200.74085700488632,1.7507647848519363,1.7507647848519363,166.57593341219032,34.55887354381984,False
lift_and_cruse,cruise_6,0.5071874664431425,47.54882497904461,83.28796670607684,414.87350130275627,451.9395858537149,200.75545964900104,1.7516336205349223,1.7508921420599468,166.5759334121537,34.57537873250276,False
lift_and_cruse,cruise_6,0.5064848458967433,47.48295430281968,83.28796670609405,414.7911034828919,451.8674646944623,200.7963784478789,1.754072648062215,1.7512490160575114,166.5759334121881,34.621625243510046,False
lift_and_cruse,cruise_6,0.5054695160517453,47.38776712985112,83.28796670609347,414.6720798447136,451.76330434361785,200.8555159263535,1.757609180218103,1.7517647845777966,166.57593341218694,34.688453388160454,False
lift_and_cruse,cruise_6,0.5043425659134683,47.28211555438765,83.28796670610436,414.5400352298784,451.6477748630722,200.9211648503818,1.7615511865093862,1.752337342780781,166.5759334122087,34.76262703281256,False
lift_and_cruse,cruise_6,0.5033272017624112,47.18692516522604,83.2879667060437,414.4211225373247,451.543758150089,200.98032270823,1.7651179993825612,1.752853289040118,166.5759334120874,34.82945517746296,False
lift_and_cruse,cruise_6,0.5026245384370903,47.121050478477216,83.28796670608476,414.338863064104,451.4718161041389,201.0212669203024,1.7675947870794486,1.753210384679289,166.57593341216952,34.875701688470244,False
lift_and_cruse,cruise_6,0.50237375891092,47.09753989789875,83.28796670609253,414.3095110605057,451.4461481495907,201.03588087448983,1.7684804278799278,1.7533378405282904,166.5759334121851,34.89220687715317,False
lift_and_cruse,cruise_7,0.50237375891092,47.09753989789875,76.0574825025823,416.33928133024057,450.08585070540727,182.6814953938785,1.61489289397076,1.61489289397076,152.1149650051646,34.89220687715317,False
lift_and_cruse,cruise_7,0.5023166430077822,47.09218528197958,76.05747581485936,416.332493994234,450.0798280253414,182.6845281737205,1.6150769978778057,1.614919703553226,152.11495162971872,34.89633317432391,False
lift_and_cruse,cruise_7,0.5021566075504202,47.0771819578519,76.05747581525785,416.3134721168136,450.06295763586985,182.6930732439595,1.6155934678073616,1.6149952414350333,152.1149516305157,34.907894802075724,False
lift_and_cruse,cruise_7,0.5019253489551949,47.05550146454952,76.05747581666454,416.2859875540469,450.0385826460689,182.70542139985795,1.616340372787615,1.6151043983541344,152.11495163332907,34.924601838238324,False
lift_and_cruse,cruise_7,0.5016686703669013,47.03143784689699,76.05747581857239,416.25548592946006,450.0115331935175,182.71912705475472,1.6171701845131183,1.6152255554787371,152.11495163714477,34.943145249401354,False
lift_and_cruse,cruise_7,0.5014374101277458,47.00975719947617,76.05747582098053,416.2280084624952,449.9871667529996,182.731475636847,1.6179185496534605,1.6153347161653653,152.11495164196106,34.95985228556395,False
lift_and_cruse,cruise_7,0.5012773726204374,46.994753683166,76.05747582144855,416.2089954337212,449.9703070240929,182.7400212356006,1.6184368403499254,1.6154102587192083,152.1149516428971,34.97141391331577,False
lift_and_cruse,cruise_7,0.5012202558049892,46.98939898171773,76.05747582192618,416.2022101519311,449.964290326166,182.74307114861347,1.6186218966451689,1.615437219757824,152.11495164385235,34.97554021048651,False
lift_and_cruse,cruise_8,0.5012202558049892,46.98939898171773,83.54905603556607,414.08057161825167,451.3580249179248,201.7700461266517,1.7780405335269671,1.7780405335269671,167.09811207113214,34.97554021048651,False
lift_and_cruse,cruise_8,0.5011573575978602,46.983502274799385,83.54905603566147,414.0732183814515,451.3515998897516,201.77372332072133,1.7782645174374958,1.778072937742712,167.09811207132293,34.97966650765724,False
lift_and_cruse,cruise_8,0.5009811204033577,46.96698003781479,83.54905573522652,414.0526162089475,451.3335986783124,201.7840260287455,1.7788924009827327,1.7781637273957045,167.09811147045303,34.99122813540906,False
lift_and_cruse,cruise_8,0.5007264494080192,46.9431046320018,83.54905612009392,414.0228477138495,451.30758990132654,201.79891650545105,1.7798005209097174,1.7782949454414656,167.09811224018785,35.00793517157165,False
lift_and_cruse,cruise_8,0.5004437847223627,46.91660481772151,83.54905565827089,413.9898112200218,451.2787271149579,201.81544216639816,1.7808095263575805,1.7784405730783297,167.09811131654178,35.02647858273468,False
lift_and_cruse,cruise_8,0.5001891115554976,46.89272920832789,83.54905603553085,413.9600495538679,451.2527272444061,201.83033397482845,1.7817196069461383,1.7785718028595328,167.0981120710617,35.04318561889728,False
lift_and_cruse,cruise_8,0.5000128716512309,46.87620671730289,83.54905603555598,413.9394558085798,451.234737196991,201.8406391349275,1.782349941995797,1.7786626141207302,167.09811207111196,35.0547472466491,False
lift_and_cruse,cruise_8,0.4999499722390812,46.87030989741386,83.54905603552727,413.9321823258716,451.22837530965273,201.84422091885057,1.7825744919901871,1.7786941775619831,167.09811207105454,35.05887354381984,False
lift_and_cruse,cruise_9,0.4999499722390812,46.87030989741386,77.43935918307336,415.6569174129835,450.08211688034,186.3059555586224,1.652204974805385,1.652204974805385,154.87871836614673,35.05887354381984,False
lift_and_cruse,cruise_9,0.4998336080951003,46.859400758915655,77.43935917181751,415.6438997305117,450.07063109445545,186.31193231799165,1.6525908752736935,1.6522579781113371,154.87871834363503,35.0671261381613,False
lift_and_cruse,cruise_9,0.499507561993015,46.82883393684516,77.43935916676693,415.6074235630789,450.03844861402143,186.32868164399576,1.65367310700932,1.6524065150685463,154.87871833353387,35.09024939366495,False
lift_and_cruse,cruise_9,0.4990364090781917,46.78466335108048,77.43935916854369,415.55471026282686,449.9919435091733,186.3528923013722,1.6552394870475873,1.6526212208649378,154.87871833708738,35.12366346599015,False
lift_and_cruse,cruise_9,0.4985134651297888,46.7356373559177,77.43935921794136,415.4961977650155,449.9403266419063,186.3797741344264,1.6569815214759454,1.6528596152746644,154.87871843588272,35.160750288316194,False
lift_and_cruse,cruise_9,0.498042305607889,46.6914661507396,77.43935926204652,415.4434751970621,449.8938213577683,186.4040027641408,1.658554187374789,1.65307448045397,154.87871852409305,35.194164360641395,False
lift_and_cruse,cruise_9,0.497716251267068,46.66089855628763,77.43935929241238,415.4069874778572,449.861638650581,186.4207744577524,1.6596442571153347,1.6532232157723763,154.87871858482475,35.21728761614504,False
lift_and_cruse,cruise_9,0.4975998834565004,46.64998907404692,77.43935930313827,415.3939646524543,449.8501527650432,186.42676118880053,1.6600336459803189,1.6532763075095191,154.87871860627655,35.22554021048651,False
lift_and_cruse,cruise_10,0.4975998834565004,46.64998907404692,78.54705015122875,415.0744916327608,450.0501151507939,189.23603289195543,1.6837528091711251,1.6837528091711251,157.0941003024575,35.22554021048651,False
lift_and_cruse,cruise_10,0.4971866179113882,46.61124542919265,78.54705014941982,415.02815709929394,450.009334582832,189.25768148947043,1.6851570054008014,1.6839454304511396,157.09410029883963,35.254424290681634,False
lift_and_cruse,cruise_10,0.4960286605070603,46.50268692253691,78.5470501509588,414.898312234286,449.8950695616937,189.31837518534127,1.68910399672558,1.6844854606946398,157.0941003019176,35.335355684944375,False
lift_and_cruse,cruise_10,0.4943553294703887,46.34581213784895,78.54705015076173,414.7106330398984,449.7299507511731,189.40617309099207,1.6948403819227065,1.6852666542549757,157.09410030152347,35.45230493808258,False
lift_and_cruse,cruise_10,0.4924980248308896,46.1716898278959,78.54705015123086,414.50225840217865,449.5466812109965,189.50375037402628,1.701253144481158,1.6861348611282088,157.09410030246173,35.582108816223766,False
lift_and_cruse,cruise_10,0.4908246084487939,46.01480704207442,78.54705015116305,414.3144593617712,449.38155971545206,189.59178092425128,1.707072598201758,1.686918124674633,157.0941003023261,35.69905806936197,False
lift_and_cruse,cruise_10,0.4896665446207285,45.9062385581933,78.54705014989618,414.1844650515562,449.2672913453939,189.6527647165317,1.7111231799157192,1.6874607360895777,157.09410029979236,35.77998946362471,False
lift_and_cruse,cruise_10,0.4892532317126848,45.8674904730642,78.54705015122963,414.1380640072861,449.22650928776727,189.6745424305805,1.7125734803345738,1.6876545062011508,157.09410030245925,35.80887354381984,False
lift_and_cruse,cruise_11,0.4892532317126848,45.8674904730642,71.11629736425235,416.225188924276,447.833819334152,170.86014796000535,1.5504728213994223,1.5504728213994223,142.2325947285047,35.80887354381984,False
lift_and_cruse,cruise_11,0.4891999030258792,45.86249090867618,71.11629817609366,416.21927287147406,447.8285484861861,170.86263272285862,1.550642351598925,1.5504953694149637,142.23259635218733,35.81299984099057,False
lift_and_cruse,cruise_11,0.4890504791695817,45.84848242214829,71.11629825149878,416.20269681325135,447.8137794930382,170.86958984254744,1.5511175144477147,1.5505585018956594,142.23259650299755,35.82456146874239,False
lift_and_cruse,cruise_11,0.4888345549291336,45.82823952460628,71.11629836003615,416.17874301810497,447.79243767404336,170.8796444876699,1.5518046599209856,1.5506497429145707,142.2325967200723,35.84126850490499,False
lift_and_cruse,cruise_11,0.4885948963942718,45.80577153696298,71.11629848078617,416.1521553461768,447.7687500345366,170.89080612573122,1.552568047908136,1.5507510293565114,142.23259696157234,35.85981191606802,False
lift_and_cruse,cruise_11,0.4883789708766378,45.7855285196848,71.11629858920517,416.12819981192473,447.7474082018919,170.90086405631874,1.553256480931149,1.5508423001894216,142.23259717841034,35.87651895223062,False
lift_and_cruse,cruise_11,0.4882295454276958,45.77151988384649,71.11629868870773,416.111621578208,447.7326391961696,170.90782533405118,1.5537332498599294,1.5509054704023428,142.23259737741546,35.88808057998244,False
lift_and_cruse,cruise_11,0.4881762160320771,45.76652025300723,71.11629892068459,416.1057047238474,447.7273682343452,170.9103104614357,1.5539034819771842,1.550928021725828,142.23259784136917,35.89220687715317,False
lift_and_cruse,cruise_12,0.4881762160320771,45.76652025300723,83.29231222332737,412.628993346375,449.9766000305522,201.8576337737097,1.81993981108612,1.81993981108612,166.58462444665474,35.89220687715317,False
lift_and_cruse,cruise_12,0.4881135037231878,45.76064097404886,83.29231222325552,412.6218951654881,449.9704187842607,201.86119795879216,1.820174461921724,1.819971945626709,166.58462444651104,35.89633317432391,False
lift_and_cruse,cruise_12,0.4879377874117477,45.74416756985134,83.29231222332017,412.6020060387206,449.9530993026107,201.87118550647315,1.8208322618221864,1.8200619929303448,166.58462444664033,35.907894802075724,False
lift_and_cruse,cruise_12,0.4876838691340607,45.72036273131819,83.2923122233304,412.5732642047162,449.92807188881113,201.88562033297745,1.8217836517669528,1.8201921367100489,166.5846244466608,35.924601838238324,False
lift_and_cruse,cruise_12,0.4874020399299888,45.69394124343645,83.29231222331921,412.5413614962197,449.9002935030138,201.90164510742687,1.822840781389344,1.8203366153925689,166.58462444663843,35.943145249401354,False
lift_and_cruse,cruise_12,0.487148119529428,45.67013620588388,83.2923122233258,412.5126166354491,449.87526599518105,201.9160859279009,1.823794274915597,1.8204668132136472,166.5846244466516,35.95985228556395,False
lift_and_cruse,cruise_12,0.4869724005708078,45.65366255351324,83.29231222331549,412.492723734386,449.8579463962605,201.9260809497588,1.8244546979411265,1.8205569279041431,166.58462444663098,35.97141391331577,False
lift_and_cruse,cruise_12,0.4869096870838125,45.647783164107416,83.29231222332535,412.4856238737467,449.85176509779967,201.9296484614551,1.8246905161809155,1.820589092437341,166.5846244466507,35.97554021048651,False
lift_and_cruse,cruise_13,0.4869096870838125,45.647783164107416,71.01216301123102,415.9903030040082,447.5788243486951,170.70629410932935,1.5556541432896505,1.5556541432896505,142.02432602246205,35.97554021048651,False
lift_and_cruse,cruise_13,0.4868564366779283,45.64279093855578,71.01216301123823,415.9843947222166,447.573561038904,170.70877281019688,1.5558247879017428,1.5556767318022455,142.02432602247646,35.97966650765724,False
lift_and_cruse,cruise_13,0.4867072321600749,45.628803015007016,71.01216301122852,415.96783981755925,447.5588135705481,170.71571848003344,1.5563031231760918,1.5557400280041551,142.02432602245705,35.99122813540906,False
lift_and_cruse,cruise_13,0.4864916248740232,45.60858983193968,71.01216301123702,415.9439165919737,447.53750285603854,170.72575657746455,1.5569948581095705,1.5558315056379526,142.02432602247404,36.00793517157165,False
lift_and_cruse,cruise_13,0.4862523181332995,45.58615482499683,71.01216301123821,415.91736285237886,447.5138497400689,170.73689984367547,1.5577633471650714,1.5559330547245942,142.02432602247643,36.02647858273468,False
lift_and_cruse,cruise_13,0.4860367095726168,45.56594152243282,71.01216301124062,415.8934378923595,447.4925390123385,170.74694121861654,1.5584563825605242,1.5560245622264874,142.02432602248123,36.04318561889728,False
lift_and_cruse,cruise_13,0.4858875034653244,45.55195344987416,71.01216301122872,415.8768808248971,447.47779152749774,170.75389097545388,1.5589363394860616,1.5560878956734192,142.02432602245744,36.0547472466491,False
lift_and_cruse,cruise_13,0.4858342523520734,45.54696115800689,71.01216301123705,415.8709715805659,447.4725282103703,170.756371495213,1.559107705801415,1.5561105007616551,142.0243260224741,36.05887354381984,False
lift_and_cruse,cruise_14,0.4858342523520734,45.54696115800689,85.15615046711099,411.81696549411214,450.08573557523255,206.7815530732645,1.8696340994380816,1.8696340994380816,170.31230093422198,36.05887354381984,False
lift_and_cruse,cruise_14,0.4794826481156996,44.95149826084684,84.01923932987035,411.42500682003,449.24803271218457,204.2283783600302,1.8692293963604167,1.8465493395320824,168.0384786597407,36.47150326089309,False
lift_and_cruse,cruise_14,0.4618511195550571,43.298542458286605,83.25834175047395,409.64550906355805,447.3694002891386,203.28096066942803,1.9232317738312208,1.83798317686218,166.5166835009479,37.62766603607511,False
lift_and_cruse,cruise_14,0.436493700335129,40.92128440641834,83.05144733890948,406.8175641894563,444.8329657378883,204.2247548845428,2.0302934899151737,1.8465165775510013,166.10289467781897,39.29836965233519,False
lift_and_cruse,cruise_14,0.4083977058956786,38.28728492771987,82.85995111404593,404.08030248887,442.4071165583621,205.15676847739908,2.165204694469398,1.8549434626790309,165.71990222809185,41.15271076863781,False
lift_and_cruse,cruise_14,0.3831313020504403,35.91855956722878,82.70464010763024,401.8289059957181,440.4364574725985,205.9524909227479,2.304036272938042,1.8621380590799257,165.40928021526048,42.823414384897895,False
lift_and_cruse,cruise_14,0.3656682458262184,34.28139804620797,82.60319069512792,400.2904958556915,439.0989303660224,206.51340143641303,2.4113763315720806,1.8672095821800068,165.20638139025584,43.97957716007991,False
lift_and_cruse,cruise_14,0.3594401289192536,33.697512086180026,82.5680834382167,399.7454381781086,438.62682727699735,206.7153324152482,2.452214006871929,1.8690353593741127,165.1361668764334,44.39220687715317,False
lift_and_cruse,cruise_15,0.3594401289192536,33.697512086180026,74.91882889729149,401.8237727792238,436.9105567742972,186.4469799263481,2.223274783779156,2.223274783779156,149.83765779458298,44.39220687715317,False
lift_and_cruse,cruise_15,0.3593837817822408,33.69222954208507,74.91882887027838,401.8187187312384,436.9062457048439,186.4493856856706,2.2236240902627498,2.2233034710984128,149.83765774055675,44.39633317432391,False
lift_and_cruse,cruise_15,0.3592259004013045,33.67742816262229,74.91882887046806,401.80455822941246,436.894167239633,186.45612670502345,2.224603412651025,2.223383853941568,149.83765774093612,44.40789480207573,False
lift_and_cruse,cruise_15,0.3589977546451436,33.65603949798221,74.9188288707271,401.7840974033392,436.8767156149402,186.4658678422272,2.2260200999589155,2.223500011493269,149.8376577414542,44.42460183823832,False
lift_and_cruse,cruise_15,0.3587445311978173,33.63229979979537,74.91882887099943,401.7613899425149,436.8573489063459,186.4766798016864,2.2275946193083898,2.223628937994725,149.83765774199887,44.44314524940136,False
lift_and_cruse,cruise_15,0.3585163840686661,33.610911006437455,74.91882887126933,401.74093333913606,436.83990292908106,186.4864211416556,2.229015121612583,2.2237450979642897,149.83765774253865,44.45985228556395,False
lift_and_cruse,cruise_15,0.3583585009756392,33.596109466466174,74.91882887145698,401.7267781029287,436.82783150609504,186.49316241381365,2.229999201232153,2.2238254838220044,149.83765774291396,44.47141391331577,False
lift_and_cruse,cruise_15,0.3583021530766744,33.590826850938235,74.91882887151914,401.7217263899356,436.82352357572097,186.4955683569717,2.2303506256900114,2.2238541733333963,149.83765774303828,44.47554021048651,False
lift_and_cruse,cruise_16,0.3583021530766744,33.590826850938235,80.13587973077317,400.0885214265938,437.787847983102,200.29537324648385,2.385647727172133,2.385647727172133,160.27175946154634,44.47554021048651,False
lift_and_cruse,cruise_16,0.3544380876742771,33.228570719463484,80.1097727020357,399.727691193743,437.4712359788297,200.41615506630063,2.410933880332516,2.3870863169371352,160.2195454040714,44.73962322941339,False
lift_and_cruse,cruise_16,0.3436171187064086,32.214104878725806,80.03471273299105,398.6845023779319,436.5553117945937,200.76726794321425,2.484712786993425,2.391268298893149,160.0694254659821,45.479567405529885,False
lift_and_cruse,cruise_16,0.3279957371352435,30.74960035642908,79.92678137508645,397.1700878333195,435.2289523443266,201.2830893776757,2.599826383459936,2.3974120665339287,159.8535627501729,46.54881771993633,False
lift_and_cruse,cruise_16,0.3106783875023813,29.12609882834825,79.80789059060851,395.4790482365843,433.75257475785946,201.8681657166376,2.740999765103397,2.404380704978457,159.61578118121702,47.73559603437001,False
lift_and_cruse,cruise_16,0.2950947442070272,27.6651322694088,79.70240068436567,393.9455346663672,432.4183461054592,202.40927045038245,2.8822644870264065,2.4108256131023804,159.40480136873134,48.80484634877646,False
lift_and_cruse,cruise_16,0.2843207270789673,26.65506816365318,79.63012404115248,392.8782211609388,431.4926970733336,202.79396986389585,2.989050099332887,2.4154076324801483,159.26024808230497,49.54479052489295,False
lift_and_cruse,cruise_16,0.2804775458357088,26.294769922097696,79.60375604295565,392.48527514389406,431.1517090150749,202.93671890610173,3.029107088315845,2.417107866102996,159.2075120859113,49.80887354381984,False
lift_and_cruse,cruise_17,0.2804775458357088,26.294769922097696,73.27544215940485,394.49446196793673,429.8981064203912,185.7451731866404,2.7866926531966123,2.7866926531966123,146.5508843188097,49.80887354381984,False
lift_and_cruse,cruise_17,0.2791324863143838,26.16867059197348,73.2754422008772,394.3504255473294,429.7753583454869,185.81476596637808,2.800147289648488,2.7877367378674736,146.5508844017544,49.90953387074557,False
lift_and_cruse,cruise_17,0.2753635721627253,25.81533489025549,73.27544197309014,393.9473856240842,429.43210193446834,186.00978317209533,2.8385480216570813,2.7906625367191795,146.55088394618028,50.19157783925722,False
lift_and_cruse,cruise_17,0.2699169705655796,25.304715990523093,73.27543164775194,393.36640358824025,428.9378550941187,186.2916160078616,2.89593698799459,2.794890810753898,146.5508632955039,50.5991431823488,False
lift_and_cruse,cruise_17,0.2638711955737947,24.73792458504326,73.27544215961049,392.723556184354,428.3917711909609,186.60453941298465,2.962414978123057,2.7995855295404435,146.55088431922098,51.0515065853601,False
lift_and_cruse,cruise_17,0.2584236865499483,24.22722061405766,73.27544215965528,392.1402617095136,427.8966326671639,186.8893336242748,3.0249789427193146,2.803858232419661,146.55088431931057,51.45907192845167,False
lift_and_cruse,cruise_17,0.2546536381370362,23.87377857534714,73.27544546441469,391.72964750222576,427.5480063678465,187.0902997390912,3.069845727879893,2.806873281403666,146.55089092882938,51.74111589696332,False
lift_and_cruse,cruise_17,0.2533080723140676,23.747631779443843,73.27544575736928,391.58302095496543,427.4235783623344,187.16216821873613,3.0861825684451687,2.807951507883456,146.55089151473857,51.841776223889056,False
lift_and_cruse,decel_descend,0.2533080723140676,23.747631779443843,30.67018758727257,399.7504140874125,414.4443415143808,76.72334163127593,1.2915051013137635,1.2915051013137635,61.34037517454514,51.841776223889056,False
lift_and_cruse,decel_descend,0.2526529952353062,23.68621830330996,30.66286712696533,399.6744337758896,414.369391892332,76.71977367979498,1.2945473909020573,1.2914450410056368,61.32573425393066,51.96061358240616,False
lift_and_cruse,decel_descend,0.2508183078502923,23.514216360964905,30.643543292195897,399.4616337515023,414.1600516225892,76.71272460309166,1.3032027021045318,1.291326381959663,61.287086584391794,52.29358846165858,False
lift_and_cruse,decel_descend,0.2481690108998782,23.265844771863584,30.61870518164363,399.15434865232135,413.8592564286935,76.71021329067838,1.3160586052757708,1.2912841083474378,61.23741036328726,52.77475110314148,False
lift_and_cruse,decel_descend,0.2452307995339174,22.99038745630476,30.59539455040393,398.8135524666279,413.5277294840399,76.71804656192455,1.3308256220479993,1.2914159679557304,61.19078910080786,53.30880134463664,False
lift_and_cruse,decel_descend,0.2425852759837714,22.74236962347857,30.57821540159934,398.5067044403801,413.2310974127282,76.73467139555719,1.3445951991999032,1.2916958183505194,61.15643080319868,53.78996398611954,False
lift_and_cruse,decel_descend,0.2407552950055286,22.57080890676831,30.56844206452317,398.29444955156544,413.0269485726064,76.7514844697903,1.3543905486698669,1.2919788374510843,61.13688412904635,54.12293886537196,False
lift_and_cruse,decel_descend,0.2401023128533731,22.50959183000373,30.565372001888736,398.2187118893626,412.9543094151482,76.75853622112504,1.3579404571763989,1.2920975415198643,61.13074400377747,54.241776223889055,False
lift_and_cruse,arrival_terminal_procedure,0.2401023128533731,22.50959183000373,63.06520231111343,393.4295574633208,424.2029559830549,160.29604567011444,2.801703504327956,2.801703504327956,126.13040462222686,54.241776223889055,False
lift_and_cruse,arrival_terminal_procedure,0.2395568421226716,22.458453949000468,63.06520231138791,393.36745711981496,424.14883409237166,160.3219026457826,2.8080926366344467,2.80215544048794,126.1304046227758,54.28936012686576,False
lift_and_cruse,arrival_terminal_procedure,0.2380284463303909,22.315166843474152,63.06520231138936,393.1934423238365,423.9972034776874,160.3944033361643,2.826150842590152,2.803422629815409,126.13040462277873,54.422687260233054,False
lift_and_cruse,arrival_terminal_procedure,0.2358197963234378,22.108105905322297,63.0652023113879,392.9419480800286,423.7781311021066,160.49930318324832,2.852659975865686,2.805256101551721,126.1304046227758,54.61535055007758,False
lift_and_cruse,arrival_terminal_procedure,0.2333683048486885,21.87827857956455,63.06520231138895,392.6627604348239,423.5350341861391,160.61591848362465,2.8826714904555333,2.807294339577848,126.1304046227779,54.82919066898543,False
lift_and_cruse,arrival_terminal_procedure,0.2311595198183735,21.67120498297252,63.06520231139154,392.41117506974257,423.3160604761169,160.72115289287635,2.9102570214628907,2.8091336588944524,126.13040462278308,55.02185395882994,False
lift_and_cruse,arrival_terminal_procedure,0.2296309556532246,21.527902092489807,63.06520231136299,392.2370466439729,423.16455289326376,160.79407077977143,2.929658039578403,2.81040814011068,126.13040462272598,55.15518109219724,False
lift_and_cruse,arrival_terminal_procedure,0.2290854099890155,21.476757186470213,63.06520231132927,392.1748957293258,423.11048575609306,160.8201134261369,2.936644981664447,2.810863321480121,126.13040462265852,55.202764995173936,False
lift_and_cruse,second_descent,0.2290854099890155,21.476757186470213,24.75284960472093,396.9154505116133,408.9122357822647,62.3630286319547,1.152541298009114,1.152541298009114,49.50569920944186,55.202764995173936,False
lift_and_cruse,second_descent,0.2289798635181086,21.46686220482269,24.74599327626322,396.9031711837687,408.89724182484895,62.34770142200907,1.1527534939342363,1.152258033343604,49.49198655252644,55.22653246687736,False
lift_and_cruse,second_descent,0.2286842847975916,21.43915169977421,24.726941881230378,396.8687832522031,408.8553227641344,62.305149743252656,1.1533557537731964,1.1514716288321136,49.45388376246076,55.29312744272784,False
lift_and_cruse,second_descent,0.2282575635788669,21.39914658551877,24.69966854055644,396.8191376592198,408.7949129754406,62.24428719698465,1.1542387576537776,1.150346818193268,49.39933708111288,55.389359971024426,False
lift_and_cruse,second_descent,0.2277844912459256,21.35479605430553,24.669635368466228,396.7640989279815,408.7280342461072,62.17730646144232,1.1552310267542565,1.1491089363011109,49.339270736932455,55.49617001932346,False
lift_and_cruse,second_descent,0.2273587617809682,21.314883916965773,24.642788673962013,396.7145677201044,408.667931350928,62.11746882486783,1.1561360075299196,1.1480030671853825,49.285577347924026,55.59240254762004,False
lift_and_cruse,second_descent,0.2270644200667924,21.2872893812618,24.62432690496066,396.6803224599747,408.6264229343869,62.076340319914046,1.1567683538381546,1.1472429645809314,49.24865380992132,55.65899752347052,False
lift_and_cruse,second_descent,0.2269594243829991,21.27744603590617,24.61776094195831,396.6681066576168,408.6116253074443,62.061716905428455,1.1569952380212385,1.1469727068740452,49.23552188391662,55.68276499517394,False
lift_and_cruse,app_transition,0.2269594243829991,21.27744603590617,39.06677672628307,396.66580574086754,415.61945806768216,98.48788617742484,1.8360651302020456,1.8360651302020456,78.13355345256613,55.68276499517394,False
lift_and_cruse,app_transition,0.2269532463941561,21.276866849452134,39.0649828041614,396.66509198882295,415.61793015469647,98.48354339223768,1.836030843990223,1.8359841696214148,78.1299656083228,55.68364219185336,False
lift_and_cruse,app_transition,0.2269359375829167,21.275244148398446,39.05995666149858,396.6630922733704,415.61364932496986,98.47137584515666,1.8359347686307728,1.835757335542802,78.11991332299716,55.68610004233114,False
lift_and_cruse,app_transition,0.2269109296063421,21.27289965059457,39.05269473324541,396.6602030521022,415.6074642098945,98.45379556354044,1.8357959272558584,1.8354295943016448,78.10538946649082,55.68965173917662,False
lift_and_cruse,app_transition,0.2268831783544967,21.270297970734063,39.04463611443578,396.6569968829271,415.6006004682359,98.43428627543304,1.8356418155518728,1.835065891464684,78.08927222887156,55.69359382527082,False
lift_and_cruse,app_transition,0.2268581803022075,21.26795440333196,39.037376839310085,396.6541087868682,415.5944175122283,98.41671184810323,1.835502953764448,1.834738259362342,78.07475367862017,55.69714552211629,False
lift_and_cruse,app_transition,0.2268408838663942,21.266332862474464,39.03235388864256,396.6521104745337,415.5901393183439,98.40455130774096,1.8354068474771976,1.8345115559068192,78.06470777728511,55.69960337259408,False
lift_and_cruse,app_transition,0.2268347113851491,21.265754192357733,39.03056144004736,396.651397346937,415.58861260411385,98.40021177434464,1.8353725499918887,1.8344306559478536,78.06112288009471,55.7004805692735,False
lift_and_cruse,hover_descent,0.2268347113851491,21.265754192357733,15.732892826312716,396.6511934908585,404.2846290240058,39.664302249667394,0.739822941805969,0.739822941805969,31.46578565262543,55.7004805692735,False
lift_and_cruse,hover_descent,0.2268036388374665,21.262841141012487,15.732387791409137,396.6475613397084,404.2808662610717,39.66339449071643,0.7399005897124602,0.7398060101858606,31.46477558281828,55.71152063815924,False
lift_and_cruse,hover_descent,0.2267165808147137,21.254679451379417,15.73097300194912,396.6373849041354,404.270323962698,39.660851577790936,0.7401182637861481,0.7397585794934094,31.46194600389824,55.74245422377609,False
lift_and_cruse,hover_descent,0.2265907921793106,21.24288676681037,15.728929188953238,396.6226811577935,404.25509173517867,39.657178121644,0.7404330911528151,0.7396900617840567,31.45785837790648,55.78715455011709,False
lift_and_cruse,hover_descent,0.2264511964929769,21.229799671216583,15.726661581862816,396.606363484626,404.2381877772939,39.65310249859261,0.7407829101737692,0.7396140428132302,31.45332316372563,55.83676816933689,False
lift_and_cruse,hover_descent,0.2263254423870331,21.21801022378436,15.724619308305464,396.5916637991865,404.2229601246568,39.64943193665512,0.7410984354614036,0.7395455790869914,31.44923861661093,55.88146849567789,False
lift_and_cruse,hover_descent,0.2262384274218102,21.20985257079471,15.723206438489074,396.58149242747567,404.2124235310652,39.646892632737725,0.7413169798291477,0.7394982157101574,31.446412876978147,55.91240208129474,False
lift_and_cruse,hover_descent,0.2262073740365303,21.206941315924723,15.722702275747798,396.57786252995606,404.2086633156539,39.645986524924346,0.741395015892246,0.7394813148872496,31.4454045514956,55.923442150180485,False
