eVTOL_type,mission_segment,propeller_throttle,lift_throttle,propeller_rpm,propeller_thrust_N,propeller_torque_N_m,propeller_efficiency,propeller_motor_efficiency,propeller_power_coefficient,lift_rotor_rpm,lift_thrust_N,lift_torque_N_m,lift_efficiency,lift_motor_efficiency,lift_power_coefficient,propeller_tip_mach,lift_tip_mach,time_min,fesibility
lift_and_cruse,hover_climb,0.0,0.7509891052728122,0.0,5.08914902015806e-12,-5.991188445325284,0.0,,0.0,2367.960145129902,10898.142946434997,57.217723040875526,0.1371346822487525,0.8462102069533953,0.0130050829353172,0.0,0.6219016669124033,0.0,True
lift_and_cruse,hover_climb,0.0,0.751013727039998,0.0,5.089147826428791e-12,-5.991188445325284,0.0,,0.0,2368.0281776143247,10898.140390127022,57.21765615914256,0.1371308696100947,0.8462120103508584,0.0130052626290234,0.0,0.6219248277636489,0.0058703749372442,True
lift_and_cruse,hover_climb,0.0,0.7510827312246429,0.0,5.089144446821947e-12,-5.991188445325284,0.0,,0.0,2368.218842853649,10898.133152878056,57.21746948315251,0.1371201854603201,0.8462170641379526,0.0130057660292473,0.0,0.6219897365102286,0.022318799997232,True
lift_and_cruse,hover_climb,0.0,0.7511824915121138,0.0,5.08913956321778e-12,-5.991188445325284,0.0,,0.0,2368.4944985241323,10898.12269489852,57.21719975109226,0.1371047415122333,0.846224369330264,0.0130064925219531,0.0,0.6220835742737855,0.0460874628701375,True
lift_and_cruse,hover_climb,0.0,0.751293281193015,0.0,5.08913414291727e-12,-5.991188445325284,0.0,,0.0,2368.800641899304,10898.111087612206,57.21690040048368,0.1370875932533614,0.8462324806008912,0.0130072975662554,0.0,0.6221877843033581,0.0724686883704617,True
lift_and_cruse,hover_climb,0.0,0.7513931569757293,0.0,5.089129259478143e-12,-5.991188445325284,0.0,,0.0,2369.076637387478,10898.100629986096,57.216630719688006,0.1370721371246588,0.8462397914064871,0.0130080217148434,0.0,0.6222817264933713,0.0962373512433673,True
lift_and_cruse,hover_climb,0.0,0.7514623051805067,0.0,5.08912588007498e-12,-5.991188445325284,0.0,,0.0,2369.267726372408,10898.093393173302,57.21644410757916,0.1370614377858815,0.8462448521932202,0.0130085221919916,0.0,0.6223467654575755,0.112685776303355,True
lift_and_cruse,hover_climb,0.0,0.7514869902288,0.0,5.089124673993381e-12,-5.991188445325284,0.0,,0.0,2369.3359438870543,10898.090810413469,57.21637750902999,0.1370576185705855,0.8462466586741542,0.0130087006817512,0.0,0.6223699833276393,0.1185561512405993,True
lift_and_cruse,dep_transition,0.7143110832797637,0.7671813269551432,1026.0245387091563,1765.5783938108864,633.3015479895574,0.7028936909629958,0.9551433285017824,0.2516006959154411,2374.280818788457,11407.62416774049,57.30272360026161,0.0315499749489648,0.8464001214950826,0.0129741210388091,0.336891269417537,0.6236688880768302,0.1185561512405993,True
lift_and_cruse,dep_transition,0.7179279212657923,0.7646538526708065,1030.473976107466,1785.9624320510918,639.7219065447819,0.7015363980138952,0.955038800889822,0.2519650153189987,2365.533123009047,11352.363866752434,56.96454060979978,0.0285891019838319,0.8460811087601605,0.0129933062735617,0.3383528014815574,0.6213721279529396,0.1194356902697443,True
lift_and_cruse,dep_transition,0.7279172445022571,0.7576353239751374,1042.709452738566,1842.4512964495689,657.4797236081997,0.6978575744630136,0.9547471162839324,0.2529277369833096,2341.3008251773845,11196.221907373703,56.010255989204325,0.0201050794964146,0.84517153450106,0.0130419911736501,0.342371914243578,0.6150097849257962,0.1219001038656187,True
lift_and_cruse,dep_transition,0.7419814185681183,0.7476168892374458,1059.8023455742043,1922.421510680483,682.5378727723574,0.6928492209060706,0.9543301149136773,0.254181070622379,2306.877137654256,10967.201825758411,54.613751673432375,0.0073448052562223,0.8438086347939422,0.0130999412859707,0.347986736431791,0.6059715944836687,0.1254612846915103,True
lift_and_cruse,dep_transition,0.7570886212985184,0.7365993380708897,1077.9872142209854,2008.829426619841,709.5163745112274,0.6876873165004522,0.9538757279159792,0.255405176271783,2269.2707435095544,10708.34496783196,53.03993921003486,-0.0075392160118226,0.8422138704720281,0.0131484617194348,0.3539604576989169,0.5960976905247355,0.1294138972098347,True
lift_and_cruse,dep_transition,0.7702551266941822,0.7267079227167147,1093.6862448330398,2084.506913931025,733.0714634151586,0.6833681019893909,0.953475653274855,0.2563780223813502,2235.749393068391,10470.949104440926,51.60143235089394,-0.0216338700397604,0.8406881561352146,0.0131790940848126,0.359117759349323,0.5872962680465261,0.1329750780357263,True
lift_and_cruse,dep_transition,0.7791233411049954,0.7198581381040678,1104.1810084854635,2135.6457260177413,748.9544400111773,0.680551336844313,0.9532046165279686,0.2569877791000099,2212.6755877415844,10304.364740713463,50.59516549943837,-0.0317880227714735,0.8395753264695865,0.0131935362600597,0.3625655013959756,0.5812379149658045,0.1354394916316008,True
lift_and_cruse,dep_transition,0.7822405704278531,0.7174095670121632,1107.854765526653,2153.649569726529,754.5401514716986,0.6795786853206064,0.9531091119107348,0.2571938664879326,2204.45572134585,10244.457807746803,50.233994708435525,-0.0354944131684416,0.839165782598293,0.0131974168182287,0.3637724245097848,0.5790796609317138,0.1363190306607457,True
lift_and_cruse,second_climb,0.828272481269311,0.0,1176.837042578172,2098.216422929819,786.1628208545433,0.7449621456440607,0.9541418882234548,0.2374782031931067,0.0,-5.139148052518824e-13,-5.336658663347744,0.0,,0.0,0.3864232727545976,0.0,0.1363190306607457,True
lift_and_cruse,second_climb,0.8285141343445138,0.0,1177.0005347649935,2098.429244322386,786.187146138381,0.7448999700870188,0.9541460952330963,0.2375021906239863,0.0,-5.13966931459322e-13,-5.336658663347744,0.0,,0.0,0.386492753086485,0.0,0.1600865023641651,True
lift_and_cruse,second_climb,0.8291923928969326,0.0,1177.4592511442231,2099.0275454240955,786.2558794056474,0.7447255437143537,0.9541578752110212,0.2375694209866386,0.0,-5.141134729651488e-13,-5.336658663347744,0.0,,0.0,0.3866876703421059,0.0,0.2266814782146496,True
lift_and_cruse,second_climb,0.8301755427284754,0.0,1178.123739239558,2099.8973178441884,786.3567069664757,0.7444729304486987,0.9541748773571508,0.2376666217977993,0.0,-5.143265057671994e-13,-5.336658663347744,0.0,,0.0,0.3869699548904817,0.0,0.32291400651123,True
lift_and_cruse,second_climb,0.831270987694426,0.0,1178.863524300364,2100.8699426286944,786.4707150261006,0.7441917723286259,0.9541937198449564,0.2377745768550478,0.0,-5.145647301330228e-13,-5.336658663347744,0.0,,0.0,0.3872841307728834,0.0,0.4297240548102609,True
lift_and_cruse,second_climb,0.8322617883440971,0.0,1179.5320946985453,2101.752829856655,786.5753376020998,0.7439377524782916,0.9542106704838486,0.2378719051439705,0.0,-5.147809751365688e-13,-5.336658663347744,0.0,,0.0,0.3875679759361674,0.0,0.5259565831068413,True
lift_and_cruse,second_climb,0.8329495876446521,0.0,1179.995901838638,2102.3674851547803,786.6488031500335,0.7437615721147339,0.9542223862410136,0.2379392943821017,0.0,-5.149315222652544e-13,-5.336658663347744,0.0,,0.0,0.3877648393194109,0.0,0.5925515589573258,True
lift_and_cruse,second_climb,0.833195486889077,0.0,1180.1616597203647,2102.5875851267465,786.6752345467434,0.7436986159433836,0.9542265646708236,0.2379633524990914,0.0,-5.149854312104867e-13,-5.336658663347744,0.0,,0.0,0.3878351857911983,0.0,0.6163190306607452,True
lift_and_cruse,departure_terminal_procedures,0.7841324693191515,0.0,1147.2949592974517,1218.8580784177632,529.0159053770253,0.8502576955758959,0.9620520057389016,0.1693230809475993,0.0,-2.9853412886984146e-13,-5.336658663347744,0.0,,0.0,0.377034239361635,0.0,0.6163190306607452,True
lift_and_cruse,departure_terminal_procedures,0.7842921889141786,0.0,1147.2949593844671,1218.8580788444674,529.0159055481099,0.8502576955534555,0.9620520057360372,0.1693230809766776,0.0,-2.9853412897435384e-13,-5.336658663347744,0.0,,0.0,0.3770342393902309,0.0,0.6646479484943089,True
lift_and_cruse,departure_terminal_procedures,0.7847401940639932,0.0,1147.2949593844658,1218.85807884446,529.0159055481342,0.8502576955534562,0.9620520057360364,0.1693230809766882,0.0,-2.985341289743521e-13,-5.336658663347744,0.0,,0.0,0.3770342393902304,0.0,0.8000625671027821,True
lift_and_cruse,departure_terminal_procedures,0.7853888360097996,0.0,1147.2949593844648,1218.858078844457,529.0159055481494,0.8502576955534564,0.962052005736036,0.1693230809766839,0.0,-2.985341289743513e-13,-5.336658663347744,0.0,,0.0,0.37703423939023,0.0,0.9957423605194466,True
lift_and_cruse,departure_terminal_procedures,0.7861105188624189,0.0,1147.2949593844614,1218.8580788444383,529.0159055482042,0.8502576955534573,0.9620520057360344,0.1693230809766888,0.0,-2.985341289743467e-13,-5.336658663347744,0.0,,0.0,0.377034239390229,0.0,1.2129305458029562,True
lift_and_cruse,departure_terminal_procedures,0.7867623111273596,0.0,1147.2949593844653,1218.8580788444583,529.0159055481433,0.8502576955534565,0.962052005736036,0.1693230809766779,0.0,-2.985341289743516e-13,-5.336658663347744,0.0,,0.0,0.3770342393902302,0.0,1.4086103392196208,True
lift_and_cruse,departure_terminal_procedures,0.7872142447070363,0.0,1147.2949593844662,1218.8580788444629,529.0159055481342,0.8502576955534563,0.9620520057360364,0.1693230809766802,0.0,-2.9853412897435283e-13,-5.336658663347744,0.0,,0.0,0.3770342393902305,0.0,1.544024957828094,True
lift_and_cruse,departure_terminal_procedures,0.7873757125705757,0.0,1147.2949593979872,1218.858078910768,529.0159055729083,0.8502576955499692,0.9620520057356424,0.1693230809806102,0.0,-2.985341289905928e-13,-5.336658663347744,0.0,,0.0,0.3770342393946739,0.0,1.592353875661658,True
lift_and_cruse,accel_climb,0.8636517653303997,0.0,1217.9339331659537,2009.923126743549,783.2387318401843,0.7793421094709014,0.9554905375246052,0.222456089056842,0.0,-4.922891847397455e-13,-5.336658663347744,0.0,,0.0,0.4002482451113909,0.0,1.592353875661658,True
lift_and_cruse,accel_climb,0.8677088872200549,0.0,1222.907075594124,1996.541847075168,781.3006895752571,0.7830524985311672,0.955704075902962,0.2204883718505892,0.0,-4.890117164768696e-13,-5.336658663347744,0.0,,0.0,0.4019648477984715,0.0,1.711191234178755,True
lift_and_cruse,accel_climb,0.8801138728175893,0.0,1238.061726737901,1963.6857141272703,776.8083212354187,0.7928053420480436,0.95629399620724,0.2149343325217401,0.0,-4.809642848674693e-13,-5.336658663347744,0.0,,0.0,0.407179806866483,0.0,2.044166113431177,True
lift_and_cruse,accel_climb,0.9007174778052731,0.0,1262.7329949068994,1927.5367723105264,773.0714860270378,0.8051827714623833,0.9571007407277308,0.2070827498549443,0.0,-4.721103476897814e-13,-5.336658663347744,0.0,,0.0,0.4156389458561729,0.0,2.52532875491408,True
lift_and_cruse,accel_climb,0.9266688714089888,0.0,1292.897116537143,1901.5198041477588,773.1856912207885,0.8166308818336498,0.9578899173239096,0.1991211714300347,0.0,-4.65738028332971e-13,-5.336658663347744,0.0,,0.0,0.4259609560574395,0.0,3.059378996409234,True
lift_and_cruse,accel_climb,0.9521925870752602,0.0,1321.6571401689537,1888.916481590924,777.1619223279056,0.8250526049407115,0.9584851154085487,0.1928932021718882,0.0,-4.626511046074011e-13,-5.336658663347744,0.0,,0.0,0.4357994285374464,0.0,3.5405416378921366,True
lift_and_cruse,accel_climb,0.9709359835468232,0.0,1342.2147388083642,1885.39262959048,781.92322079903,0.8299334034228043,0.958835042530079,0.1891030488130995,0.0,-4.617880097927986e-13,-5.336658663347744,0.0,,0.0,0.4428337680924842,0.0,3.873516517144559,True
lift_and_cruse,accel_climb,0.9775097127495328,0.0,1349.6825970768211,1885.0706066183643,783.9717633701197,0.8315179268830681,0.9589496808134854,0.1878357523122319,0.0,-4.617091369123879e-13,-5.336658663347744,0.0,,0.0,0.4453895070539188,0.0,3.992353875661656,True
lift_and_cruse,cruise_0,0.8587261820232567,0.0,1227.0505845848306,1247.3668083131274,550.2713531162722,0.8590235770061244,0.9631940388505016,0.1595119061530458,0.0,-3.055167538326643e-13,-5.336658663347744,0.0,,0.0,0.4049214653742431,0.0,3.992353875661656,True
lift_and_cruse,cruise_0,0.8591178283514133,0.0,1227.0505846113222,1247.3668084484923,550.2713531681846,0.8590235769996568,0.963194038849662,0.1595119061612091,0.0,-3.055167538658192e-13,-5.336658663347744,0.0,,0.0,0.4049214653829853,0.0,4.248184300247074,True
lift_and_cruse,cruise_0,0.860228337606789,0.0,1227.0505846101828,1247.3668084426718,550.2713531659753,0.8590235769999349,0.9631940388496972,0.1595119061608781,0.0,-3.0551675386439364e-13,-5.336658663347744,0.0,,0.0,0.4049214653826092,0.0,4.965005220859927,True
lift_and_cruse,cruise_0,0.8618674671574423,0.0,1227.0505846085837,1247.3668084345002,550.2713531628694,0.8590235770003254,0.9631940388497472,0.15951190616037,0.0,-3.055167538623921e-13,-5.336658663347744,0.0,,0.0,0.4049214653820815,0.0,6.000841462941177,True
lift_and_cruse,cruise_0,0.8637352472537468,0.0,1227.0505846071385,1247.366808427113,550.2713531601222,0.8590235770006779,0.9631940388497908,0.1595119061599547,0.0,-3.055167538605827e-13,-5.336658663347744,0.0,,0.0,0.4049214653816045,0.0,7.150532955048802,True
lift_and_cruse,cruise_0,0.8654625202375494,0.0,1227.0505846064525,1247.3668084236087,550.271353158548,0.8590235770008458,0.9631940388498188,0.1595119061596765,0.0,-3.0551675385972454e-13,-5.336658663347744,0.0,,0.0,0.4049214653813782,0.0,8.186369197130052,True
lift_and_cruse,cruise_0,0.866682975628595,0.0,1227.0505846065423,1247.36680842407,550.2713531588823,0.8590235770008238,0.9631940388498116,0.1595119061597633,0.0,-3.0551675385983753e-13,-5.336658663347744,0.0,,0.0,0.404921465381408,0.0,8.903190117742906,True
lift_and_cruse,cruise_0,0.8673742662344339,0.0,1227.0505846115682,1247.3668084497513,550.2713531687348,0.8590235769995967,0.9631940388496524,0.1595119061612946,0.0,-3.055167538661275e-13,-5.336658663347744,0.0,,0.0,0.4049214653830664,0.0,9.159020542328324,True
lift_and_cruse,cruise_1,0.9296700895163756,0.0,1307.946191837382,1314.4260715097976,588.2914923817989,0.8666446424790416,0.9638073113316802,0.1500907564346629,0.0,-3.219415362380607e-13,-5.336658663347744,0.0,,0.0,0.4316166711323051,0.0,9.159020542328324,True
lift_and_cruse,cruise_1,0.930599046134032,0.0,1307.9461930132456,1314.4260779274882,588.291494901835,0.8666446422194081,0.963807311288354,0.1500907568077248,0.0,-3.219415378099417e-13,-5.336658663347744,0.0,,0.0,0.4316166715203352,0.0,9.406598372572274,True
lift_and_cruse,cruise_1,0.9332173398735968,0.0,1307.9461918668069,1314.426071670394,588.291492444898,0.8666446424725447,0.9638073113305948,0.1500907564440033,0.0,-3.219415362773955e-13,-5.336658663347744,0.0,,0.0,0.4316166711420153,0.0,10.10029603768149,True
lift_and_cruse,cruise_1,0.937041217729164,0.0,1307.946191837364,1314.426071509699,588.2914923818719,0.8666446424790454,0.963807311331678,0.1500907564346716,0.0,-3.2194153623803674e-13,-5.336658663347744,0.0,,0.0,0.4316166711322993,0.0,11.102718207437537,True
lift_and_cruse,cruise_1,0.9413416583595414,0.0,1307.946192736154,1314.4260764151609,588.2914943079957,0.8666446422805903,0.9638073112985636,0.1500907567198259,0.0,-3.219415374395282e-13,-5.336658663347744,0.0,,0.0,0.4316166714288961,0.0,12.21532287721911,True
lift_and_cruse,cruise_1,0.9452673077132148,0.0,1307.9462028958278,1314.4261318651638,588.2915160827328,0.8666446400373091,0.9638073109241873,0.1500907599434992,0.0,-3.219415510208619e-13,-5.336658663347744,0.0,,0.0,0.4316166747815452,0.0,13.217745046975155,True
lift_and_cruse,cruise_1,0.9479075208385797,0.0,1307.9461920632898,1314.426072742768,588.2914928658872,0.8666446424291608,0.963807311323358,0.1500907565063238,0.0,-3.2194153654005136e-13,-5.336658663347744,0.0,,0.0,0.4316166712068538,0.0,13.911442712084373,True
lift_and_cruse,cruise_1,0.948836536768188,0.0,1307.9461918373763,1314.4260715097648,588.2914923817533,0.8666446424790427,0.9638073113316812,0.1500907564346613,0.0,-3.219415362380527e-13,-5.336658663347744,0.0,,0.0,0.4316166711323034,0.0,14.159020542328324,True
lift_and_cruse,cruise_2,0.995204058749377,0.0,1365.5116190103126,1375.7695638988323,620.1688622588198,0.8704163774698648,0.964072495073083,0.1451644561710125,0.0,-3.3696635855861105e-13,-5.336658663347744,0.0,,0.0,0.4506130168564255,0.0,14.159020542328324,True
lift_and_cruse,cruise_2,0.995222514375048,0.0,1365.511619009537,1375.7695638944297,620.168862257048,0.870416377470022,0.9640724950731148,0.1451644561707594,0.0,-3.3696635855753265e-13,-5.336658663347744,0.0,,0.0,0.4506130168561696,0.0,14.163146839499056,True
lift_and_cruse,cruise_2,0.9952742337652294,0.0,1365.5116190095343,1375.7695638944158,620.1688622571301,0.8704163774700223,0.9640724950731124,0.1451644561707764,0.0,-3.369663585575293e-13,-5.336658663347744,0.0,,0.0,0.4506130168561686,0.0,14.174708467250875,True
lift_and_cruse,cruise_2,0.9953489909632524,0.0,1365.5116190095396,1375.7695638944429,620.1688622569629,0.8704163774700213,0.9640724950731168,0.1451644561707429,0.0,-3.36966358557536e-13,-5.336658663347744,0.0,,0.0,0.4506130168561703,0.0,14.191415503413475,True
lift_and_cruse,cruise_2,0.9954319936073576,0.0,1365.5116190095232,1375.769563894351,620.1688622571573,0.8704163774700248,0.9640724950731114,0.145164456170784,0.0,-3.369663585575134e-13,-5.336658663347744,0.0,,0.0,0.450613016856165,0.0,14.209958914576504,True
lift_and_cruse,cruise_2,0.9955068020280656,0.0,1365.511619009525,1375.7695638943608,620.1688622571331,0.8704163774700241,0.9640724950731122,0.1451644561707872,0.0,-3.369663585575159e-13,-5.336658663347744,0.0,,0.0,0.4506130168561655,0.0,14.226665950739104,True
lift_and_cruse,cruise_2,0.99555858529191,0.0,1365.5116190095346,1375.7695638944156,620.1688622570267,0.8704163774700225,0.9640724950731152,0.1451644561707567,0.0,-3.369663585575292e-13,-5.336658663347744,0.0,,0.0,0.4506130168561686,0.0,14.238227578490925,True
lift_and_cruse,cruise_2,0.9955770693448376,0.0,1365.5116190095378,1375.7695638944356,620.1688622569993,0.870416377470022,0.964072495073116,0.1451644561707525,0.0,-3.369663585575341e-13,-5.336658663347744,0.0,,0.0,0.4506130168561698,0.0,14.242353875661657,True
lift_and_cruse,cruise_3,0.8884061963505597,0.0,1230.519049247058,1249.6553416265317,551.694366428205,0.8594334145375031,0.9632275854170091,0.1590241198994852,0.0,-3.0607728283206485e-13,-5.336658663347744,0.0,,0.0,0.4060660439362615,0.0,14.242353875661657,True
lift_and_cruse,cruise_3,0.8884804255651308,0.0,1230.5190494085607,1249.6553424542417,551.6943667442597,0.8594334144982245,0.9632275854119002,0.1590241199488363,0.0,-3.060772830347953e-13,-5.336658663347744,0.0,,0.0,0.4060660439895567,0.0,14.267111658686051,True
lift_and_cruse,cruise_3,0.8886905776126166,0.0,1230.5190494250046,1249.6553425385189,551.6943667770903,0.8594334144942257,0.9632275854113628,0.1590241199540372,0.0,-3.060772830554373e-13,-5.336658663347744,0.0,,0.0,0.4060660439949831,0.0,14.336481425196974,True
lift_and_cruse,cruise_3,0.888994620277142,0.0,1230.519049448219,1249.6553426574917,551.6943668229429,0.8594334144885796,0.963227585410617,0.1590241199612642,0.0,-3.060772830845773e-13,-5.336658663347744,0.0,,0.0,0.4060660440026438,0.0,14.43672364217258,True
lift_and_cruse,cruise_3,0.889332586861008,0.0,1230.519049473227,1249.6553427856609,551.6943668719897,0.8594334144824977,0.9632275854098232,0.1590241199689364,0.0,-3.060772831159696e-13,-5.336658663347744,0.0,,0.0,0.4060660440108963,0.0,14.547984109150734,True
lift_and_cruse,cruise_3,0.889637539614288,0.0,1230.5190494950268,1249.6553428973857,551.6943669142959,0.8594334144771957,0.9632275854091432,0.1590241199754885,0.0,-3.060772831433343e-13,-5.336658663347744,0.0,,0.0,0.4060660440180901,0.0,14.64822632612634,True
lift_and_cruse,cruise_3,0.8898488265246592,0.0,1230.5190495097145,1249.6553429726596,551.6943669425101,0.8594334144736236,0.9632275854086924,0.1590241199798327,0.0,-3.060772831617711e-13,-5.336658663347744,0.0,,0.0,0.406066044022937,0.0,14.717596092637262,True
lift_and_cruse,cruise_3,0.8899242841176267,0.0,1230.5190495150198,1249.6553429998507,551.6943669525845,0.8594334144723331,0.9632275854085328,0.1590241199813802,0.0,-3.06077283168431e-13,-5.336658663347744,0.0,,0.0,0.4060660440246877,0.0,14.742353875661657,True
lift_and_cruse,cruise_4,0.8445441354109471,0.0,1171.2660130761449,1220.2644158442315,530.2037863531258,0.8509591582302429,0.9625524344141392,0.16868360579643,0.0,-2.9887858219541057e-13,-5.336658663347744,0.0,,0.0,0.3865127944324383,0.0,14.742353875661657,True
lift_and_cruse,cruise_4,0.8445653164151128,0.0,1171.2660130748832,1220.2644158381283,530.2037863507707,0.8509591582305626,0.9625524344141764,0.1686836057960689,0.0,-2.9887858219391574e-13,-5.336658663347744,0.0,,0.0,0.386512794432022,0.0,14.75060647000312,True
lift_and_cruse,cruise_4,0.8446246763997083,0.0,1171.2660130743436,1220.264415835519,530.2037863498498,0.8509591582306995,0.9625524344141898,0.1686836057959198,0.0,-2.9887858219327673e-13,-5.336658663347744,0.0,,0.0,0.386512794431844,0.0,14.773729725506763,True
lift_and_cruse,cruise_4,0.8447104856498647,0.0,1171.266013074018,1220.2644158339444,530.2037863491812,0.8509591582307816,0.962552434414201,0.1686836057958097,0.0,-2.98878582192891e-13,-5.336658663347744,0.0,,0.0,0.3865127944317366,0.0,14.807143797831964,True
lift_and_cruse,cruise_4,0.8448057704689101,0.0,1171.2660130739844,1220.2644158337807,530.2037863491752,0.8509591582307905,0.9625524344142004,0.1686836057958111,0.0,-2.988785821928509e-13,-5.336658663347744,0.0,,0.0,0.3865127944317254,0.0,14.844230620158015,True
lift_and_cruse,cruise_4,0.8448916585488179,0.0,1171.2660130742452,1220.2644158350438,530.2037863496128,0.8509591582307244,0.9625524344141942,0.1686836057958766,0.0,-2.9887858219316025e-13,-5.336658663347744,0.0,,0.0,0.3865127944318114,0.0,14.877644692483218,True
lift_and_cruse,cruise_4,0.844951116832864,0.0,1171.2660130748222,1220.2644158378346,530.2037863507737,0.8509591582305781,0.9625524344141748,0.1686836057960582,0.0,-2.988785821938438e-13,-5.336658663347744,0.0,,0.0,0.386512794432002,0.0,14.90076794798686,True
lift_and_cruse,cruise_4,0.8449723415852932,0.0,1171.2660130750423,1220.264415838899,530.2037863510775,0.8509591582305225,0.9625524344141716,0.1686836057961038,0.0,-2.988785821941045e-13,-5.336658663347744,0.0,,0.0,0.3865127944320746,0.0,14.909020542328324,True
lift_and_cruse,cruise_5,0.7883005141054779,0.0,1094.9910700084465,1234.935769895448,515.4290891705342,0.8314466090449737,0.9612179237573926,0.1876242219584787,0.0,-3.024720275510065e-13,-5.336658663347744,0.0,,0.0,0.3613423881702063,0.0,14.909020542328324,True
lift_and_cruse,cruise_5,0.7883359476374436,0.0,1094.9910699530667,1234.9357696419747,515.4290891170506,0.8314466090607653,0.9612179237576266,0.1876242219579843,0.0,-3.024720274889236e-13,-5.336658663347744,0.0,,0.0,0.3613423881519314,0.0,14.925745055308344,True
lift_and_cruse,cruise_5,0.7884352676224575,0.0,1094.9910699515403,1234.9357696349773,515.4290891139295,0.8314466090612018,0.9612179237576816,0.187624221957372,0.0,-3.024720274872096e-13,-5.336658663347744,0.0,,0.0,0.3613423881514276,0.0,14.972606099340023,True
lift_and_cruse,cruise_5,0.7885788863715849,0.0,1094.991069949245,1234.9357696244565,515.4290891091704,0.8314466090618587,0.9612179237577664,0.1876242219564218,0.0,-3.024720274846328e-13,-5.336658663347744,0.0,,0.0,0.3613423881506702,0.0,15.0403222699399,True
lift_and_cruse,cruise_5,0.7887384258148513,0.0,1094.9910699465656,1234.9357696121722,515.4290891035452,0.8314466090626249,0.961217923757867,0.1876242219553023,0.0,-3.02472027481624e-13,-5.336658663347744,0.0,,0.0,0.361342388149786,0.0,15.115481549036332,True
lift_and_cruse,cruise_5,0.7888822873207604,0.0,1094.9910699442955,1234.935769601765,515.4290890988043,0.8314466090632742,0.9612179237579516,0.1876242219543429,0.0,-3.0247202747907497e-13,-5.336658663347744,0.0,,0.0,0.3613423881490369,0.0,15.183197719636208,True
lift_and_cruse,cruise_5,0.7889819100187482,0.0,1094.9910699429383,1234.935769595542,515.4290890958777,0.8314466090636627,0.9612179237580052,0.1876242219537523,0.0,-3.024720274775508e-13,-5.336658663347744,0.0,,0.0,0.361342388148589,0.0,15.230058763667886,True
lift_and_cruse,cruise_5,0.7890174783143811,0.0,1094.9910699425004,1234.9357695935344,515.4290890949568,0.8314466090637882,0.9612179237580216,0.1876242219535528,0.0,-3.02472027477059e-13,-5.336658663347744,0.0,,0.0,0.3613423881484445,0.0,15.246783276647909,True
lift_and_cruse,decel_descend,0.6192702915907343,0.0,872.8585559484316,551.4889236002552,251.1449991483224,0.8678789953756616,0.9598404818260337,0.1438725437237419,0.0,-1.3507582901045437e-13,-5.336658663347744,0.0,,0.0,0.2880396048698105,0.0,15.246783276647909,True
lift_and_cruse,decel_descend,0.6189977021670326,0.0,872.382415968169,550.5233442422228,250.8135139442772,0.868042177405184,0.9598232534804684,0.1435871427507628,0.0,-1.3483933027642692e-13,-5.336658663347744,0.0,,0.0,0.2878230891904745,0.0,15.365620635165008,True
lift_and_cruse,decel_descend,0.6182472526320045,0.0,871.0678988837238,547.865034285624,249.9010956366796,0.8684916443576783,0.9597754293939946,0.1427930808656685,0.0,-1.3418823212052888e-13,-5.336658663347744,0.0,,0.0,0.2872234265706109,0.0,15.698595514417429,True
lift_and_cruse,decel_descend,0.6171965877410369,0.0,869.2179926716924,544.143274060312,248.62423659154945,0.8691215259441277,0.9597074901179118,0.141660122018659,0.0,-1.3327666377110448e-13,-5.336658663347744,0.0,,0.0,0.2863746252079491,0.0,16.17975815590033,True
lift_and_cruse,decel_descend,0.6160752855164493,0.0,867.2306305540404,540.1716338633828,247.2626183312576,0.8697946649614504,0.9596336969201528,0.1404224583539195,0.0,-1.3230389248019756e-13,-5.336658663347744,0.0,,0.0,0.2854560913126702,0.0,16.713808397395486,True
lift_and_cruse,decel_descend,0.6151036264318563,0.0,865.4967507400657,536.730594931488,246.0839350188957,0.8703788958095131,0.9595686583960756,0.1393249511036548,0.0,-1.3146108101746028e-13,-5.336658663347744,0.0,,0.0,0.2846488120898957,0.0,17.19497103887839,True
lift_and_cruse,decel_descend,0.6144517862932122,0.0,864.3270557396462,534.4225261139981,245.2939666885291,0.8707714101246862,0.9595244483551766,0.1385750516738158,0.0,-1.3089576719955014e-13,-5.336658663347744,0.0,,0.0,0.2841009757341511,0.0,17.527945918130808,True
lift_and_cruse,decel_descend,0.6142231097966308,0.0,863.9154104967723,533.6128856587479,245.01698807354435,0.8709092374965461,0.9595088272012176,0.1383092920378359,0.0,-1.3069746248115366e-13,-5.336658663347744,0.0,,0.0,0.2839075401053832,0.0,17.646783276647906,True
lift_and_cruse,arrival_terminal_procedure,0.7809698693192443,0.0,1081.107844555603,1230.187851164073,515.5584639005924,0.8334302968016902,0.960873352865801,0.1858392684619328,0.0,-3.0130912285560853e-13,-5.336658663347744,0.0,,0.0,0.3552832430201926,0.0,17.646783276647906,True
lift_and_cruse,arrival_terminal_procedure,0.7810655330244263,0.0,1081.107835471683,1230.1878089469287,515.5584489523933,0.8334302993531326,0.9608733530900498,0.1858392661966714,0.0,-3.013091125153905e-13,-5.336658663347744,0.0,,0.0,0.3552832400349544,0.0,17.69264122558671,True
lift_and_cruse,arrival_terminal_procedure,0.7813338735686101,0.0,1081.107835471904,1230.1878089479565,515.5584489528857,0.8334302993530707,0.9608733530900404,0.1858392661967773,0.0,-3.013091125156421e-13,-5.336658663347744,0.0,,0.0,0.3552832400350269,0.0,17.82113234320495,True
lift_and_cruse,arrival_terminal_procedure,0.781722352770263,0.0,1081.1078354721485,1230.187808949093,515.5584489534873,0.833430299353002,0.9608733530900284,0.1858392661969063,0.0,-3.0130911251592055e-13,-5.336658663347744,0.0,,0.0,0.3552832400351072,0.0,18.006807387818192,True
lift_and_cruse,arrival_terminal_procedure,0.782154525205374,0.0,1081.107835472326,1230.1878089499223,515.5584489538429,0.8334302993529518,0.9608733530900222,0.1858392661969846,0.0,-3.013091125161236e-13,-5.336658663347744,0.0,,0.0,0.3552832400351656,0.0,18.2128911396858,True
lift_and_cruse,arrival_terminal_procedure,0.7825447960715533,0.0,1081.107835472398,1230.187808950256,515.5584489540162,0.8334302993529312,0.9608733530900188,0.1858392661970135,0.0,-3.0130911251620535e-13,-5.336658663347744,0.0,,0.0,0.3552832400351893,0.0,18.39856618429905,True
lift_and_cruse,arrival_terminal_procedure,0.7828153707918899,0.0,1081.107835472406,1230.187808950294,515.5584489539948,0.8334302993529291,0.9608733530900196,0.1858392661970033,0.0,-3.013091125162147e-13,-5.336658663347744,0.0,,0.0,0.3552832400351919,0.0,18.52705730191729,True
lift_and_cruse,arrival_terminal_procedure,0.7829120367600089,0.0,1081.1078354723984,1230.1878089502595,515.5584489540131,0.8334302993529311,0.9608733530900188,0.1858392661970035,0.0,-3.013091125162062e-13,-5.336658663347744,0.0,,0.0,0.3552832400351894,0.0,18.57291525085609,True
lift_and_cruse,second_descent,0.6430206053146883,0.0,902.735158716262,536.0612443390376,249.6008538525753,0.8755359736618462,0.9603470492127189,0.129039584415296,0.0,-1.3129713740534994e-13,-5.336658663347744,0.0,,0.0,0.2966648298707876,0.0,18.57291525085609,True
lift_and_cruse,second_descent,0.6429890950921943,0.0,902.6693084756268,535.9675332597295,249.5733457394324,0.875552518220582,0.9603451210017564,0.1289992334350103,0.0,-1.3127418481068608e-13,-5.336658663347744,0.0,,0.0,0.2966310466114484,0.0,18.596682722559507,True
lift_and_cruse,second_descent,0.6429010285045208,0.0,902.4851334339728,535.7057390369562,249.4965518258749,0.8755987368782914,0.9603397295942944,0.1288863085228107,0.0,-1.3121006371929516e-13,-5.336658663347744,0.0,,0.0,0.2965365148176651,0.0,18.66327769841,True
lift_and_cruse,second_descent,0.6427743488881169,0.0,902.2198592216372,535.329463668282,249.3863154727028,0.8756651667124767,0.960331968308233,0.1287234811571256,0.0,-1.3111790283412616e-13,-5.336658663347744,0.0,,0.0,0.2964002420484232,0.0,18.75951022670657,True
lift_and_cruse,second_descent,0.6426345468272017,0.0,901.9266232791998,534.9146378722637,249.26497980490905,0.8757384061983597,0.9603233949503268,0.1285432469279701,0.0,-1.3101629981746666e-13,-5.336658663347744,0.0,,0.0,0.2962494457077632,0.0,18.86632027500561,True
lift_and_cruse,second_descent,0.6425093102593203,0.0,901.6635014325318,534.5434234622143,249.1565782591544,0.875803952906744,0.9603157077318012,0.1283813042083925,0.0,-1.3092537850965381e-13,-5.336658663347744,0.0,,0.0,0.2961139915989715,0.0,18.962552803302184,True
lift_and_cruse,second_descent,0.6424230430916427,0.0,901.4820103122178,534.2879400385518,249.08207215372497,0.8758490703384052,0.9603104086792998,0.128269482353176,0.0,-1.308628031182491e-13,-5.336658663347744,0.0,,0.0,0.2960204806475087,0.0,19.02914777915267,True
lift_and_cruse,second_descent,0.6423923336728098,0.0,901.4173545046496,534.1970374432486,249.0555823023102,0.8758651248128875,0.960308521572012,0.1282296223315025,0.0,-1.3084053840377465e-13,-5.336658663347744,0.0,,0.0,0.2959871516980568,0.0,19.05291525085609,True
lift_and_cruse,app_transition,0.5899939944788175,0.0,820.2864692769734,905.2087718171816,355.7891848093215,0.7846025849425955,0.9582403680506056,0.2212104093919746,0.0,-2.217122049932037e-13,-5.336658663347744,0.0,,0.0,0.2693472168074335,0.0,19.05291525085609,True
lift_and_cruse,app_transition,0.589985603708122,0.0,820.2742328681542,905.171780089147,355.7775345151117,0.7846095302211317,0.958240272839578,0.2212065590979793,0.0,-2.2170314463293723e-13,-5.336658663347744,0.0,,0.0,0.2693427402179023,0.0,19.05376945771589,True
lift_and_cruse,app_transition,0.5899620949997901,0.0,820.2399499744482,905.0681377824736,355.7448920138534,0.7846289897658396,0.958240006014715,0.2211957695578972,0.0,-2.2167775958911241e-13,-5.336658663347744,0.0,,0.0,0.2693301980849106,0.0,19.05616289215057,True
lift_and_cruse,app_transition,0.5899281282625657,0.0,820.1904168013793,904.9183859192406,355.697724208867,0.784657107889503,0.9582396203166555,0.2211801748047738,0.0,-2.216410809611175e-13,-5.336658663347744,0.0,,0.0,0.2693120767124123,0.0,19.0596215051168,True
lift_and_cruse,app_transition,0.5898904340081536,0.0,820.1354488587128,904.7521954331831,355.64537457375803,0.7846883142590487,0.9582391920518032,0.2211628611810907,0.0,-2.216003760317577e-13,-5.336658663347744,0.0,,0.0,0.2692919670089396,0.0,19.06346027589949,True
lift_and_cruse,app_transition,0.5898564780652454,0.0,820.0859332436589,904.6024824770668,355.5982116825696,0.7847164280563665,0.9582388060417611,0.2211472579044182,0.0,-2.2156370693325789e-13,-5.336658663347744,0.0,,0.0,0.2692738519550566,0.0,19.066918888865715,True
lift_and_cruse,app_transition,0.5898329828770634,0.0,820.0516723160351,904.49888896189,355.56557554037835,0.7847358821705347,0.9582385388246234,0.2211364578410362,0.0,-2.215383338399032e-13,-5.336658663347744,0.0,,0.0,0.2692613177247575,0.0,19.069312323300394,True
lift_and_cruse,app_transition,0.5898245981035166,0.0,820.0394456602389,904.4619188604196,355.5539279828381,0.7847428250436382,0.9582384434405028,0.2211326028180091,0.0,-2.215292787766172e-13,-5.336658663347744,0.0,,0.0,0.2692568446447682,0.0,19.070166530160204,True
lift_and_cruse,hover_descent,0.0,0.7602931952224757,0.0,5.089124677869881e-12,-5.991188445325284,0.0,,0.0,2258.981614692344,10898.090818714789,52.37485076027042,-0.0880687593898606,0.8416609043756828,0.0130997876146073,0.0,0.5933824426632417,19.070166530160204,True
lift_and_cruse,hover_descent,0.0,0.7602739445790154,0.0,5.089125883290312e-12,-5.991188445325284,0.0,,0.0,2258.9041293740884,10898.093400058764,52.37480639815631,-0.0880718757377298,0.8416587899948315,0.0130997258728368,0.0,0.5933570371750185,19.08063440811075,True
lift_and_cruse,hover_descent,0.0,0.7602200143484261,0.0,5.089129261197135e-12,-5.991188445325284,0.0,,0.0,2258.687055403806,10898.100633667224,52.3746822362512,-0.0880806072678489,0.841652865944494,0.0130995527546025,0.0,0.5932858643166907,19.10996475035418,True
lift_and_cruse,hover_descent,0.0,0.7601421056800826,0.0,5.089134142460152e-12,-5.991188445325284,0.0,,0.0,2258.373465500896,10898.111086633313,52.37450290283167,-0.0880932239663649,0.8416443061365334,0.0130993022088992,0.0,0.5931830470557724,19.152348322896145,True
lift_and_cruse,hover_descent,0.0,0.7600556651093854,0.0,5.0891395603203524e-12,-5.991188445325284,0.0,,0.0,2258.02553302781,10898.122688693831,52.37430397704045,-0.0881072264337374,0.8416348064274135,0.0130990235941955,0.0,0.593068970716504,19.1993905393943,True
lift_and_cruse,hover_descent,0.0,0.7599778132604255,0.0,5.0891444417075184e-12,-5.991188445325284,0.0,,0.0,2257.712170290237,10898.13314192578,52.374124859195724,-0.0881198413057412,0.8416262483531171,0.0130987720931391,0.0,0.5929662295156147,19.241774111936262,True
lift_and_cruse,hover_descent,0.0,0.7599239538824689,0.0,5.089147819769085e-12,-5.991188445325284,0.0,,0.0,2257.4953795905703,10898.140375865614,52.37400096610434,-0.0881285705582299,0.841620326464624,0.0130985977835976,0.0,0.5928951515026119,19.2711044541797,True
lift_and_cruse,hover_descent,0.0,0.7599047348177224,0.0,5.0891490253929764e-12,-5.991188445325284,0.0,,0.0,2257.41802037302,10898.14295764529,52.37395676116297,-0.0881316858911357,0.8416182130628368,0.013098535520647,0.0,0.5928697882333082,19.28157233213024,True
