eVTOL_type,mission_segment,SOC,battery_energy_kw_h,battery_power_kw,voltage_v,voltage_oc_v,current_a,C_Rating_instant,C_Rating_nominal,specific_power,time_min,fesibility
vector_thrust,hover_climb,1.0,37.50000000000001,186.4860535963375,344.36687006446965,415.2368700644696,611.2287723892765,5.61298504642782,5.61298504642782,932.4302679816875,0.0,True
vector_thrust,hover_climb,0.9994171329463617,37.47814248548857,186.48455147327712,344.4020447983369,415.27035857037,611.203665072353,5.616601519690073,5.612754483010629,932.4227573663857,0.005985168591735255,True
vector_thrust,hover_climb,0.997784030519642,37.41690114448658,186.48180376595377,344.49830523844213,415.3619239076271,611.1381075644791,5.626763197454541,5.612152460776075,932.4090188297689,0.02275523832407217,True
vector_thrust,hover_climb,0.99542423599556,37.32840884983351,186.48163019010946,344.63143349307893,415.48834453277993,611.0558227245773,5.641522117297615,5.611396829502189,932.4081509505472,0.04698869121511334,True
vector_thrust,hover_climb,0.9928051382278806,37.23019268354553,186.4866806387056,344.77094601263065,415.62051852811004,610.9816766669685,5.658008070260498,5.610715937614552,932.433403193528,0.07388579471599238,True
vector_thrust,hover_climb,0.9904454104863845,37.141702893239426,186.4959439482813,344.8892265038695,415.73228291897243,610.930312920034,5.672956990593717,5.610244258340776,932.4797197414066,0.09811924760703356,True
vector_thrust,hover_climb,0.9888123915028596,37.08046468135725,186.50496514256912,344.96697099919794,415.80557115377735,610.9033176660845,5.683355612708472,5.609996357777864,932.5248257128457,0.11488931733937047,True
vector_thrust,hover_climb,0.9882295616442374,37.058608561658914,186.50870129353586,344.99390497446353,415.8309251992772,610.8953741985653,5.687077547041199,5.609923411989943,932.5435064676792,0.12087448593110574,True
vector_thrust,second_climb,0.9882295616442374,37.058608561658914,59.969886249393525,344.7667505021418,415.5982360065418,296.7961762253264,2.761179040719123,2.761179040719123,299.84943124696764,0.12087448593110574,True
vector_thrust,second_climb,0.9874844889246176,37.030668334673166,59.97930061067989,344.76954377166516,415.5989623441193,296.8320441497501,2.7636187257926617,2.7615127301972437,299.89650305339944,0.14563226895550094,True
vector_thrust,second_climb,0.9853961962442757,36.95235735916035,60.00630759282514,344.77445167968216,415.59812945892236,296.9355432902117,2.770480598221231,2.762475612067925,300.0315379641257,0.21500203546642224,True
vector_thrust,second_climb,0.9823766682762188,36.839125060358214,60.049073319388704,344.77394327306513,415.58945689430124,297.09983162032825,2.7805296766868497,2.7640040330183626,300.24536659694354,0.315244252442027,True
vector_thrust,second_climb,0.9790225066642554,36.71334399990958,60.09893106492869,344.7628486097262,415.56948270161075,297.29346057882356,2.7917843806995886,2.765805418159752,300.4946553246435,0.42650471942018403,True
vector_thrust,second_climb,0.9759979275774778,36.599922284155426,60.14588897266565,344.74335044954523,415.54214845884326,297.4777080174299,2.8020131012785514,2.7675195243596913,300.72944486332824,0.5267469363957886,True
vector_thrust,second_climb,0.9739033600847067,36.521376003176506,60.17952151989627,344.7245757874707,415.5180421926292,297.6106720901667,2.8091414922916242,2.7687565268557432,300.8976075994813,0.59611670290671,True
vector_thrust,second_climb,0.9731555136675152,36.493331762531824,60.19175081288916,344.7168278942712,415.5084095326696,297.6592117437613,2.811695570399185,2.7692081050258324,300.9587540644458,0.6208744859311053,True
vector_thrust,departure_terminal_procedures,0.9731555136675152,36.493331762531824,40.768110861863335,349.7434875170896,411.42144407448666,209.11703735229597,2.004128382104166,2.004128382104166,203.84055430931667,0.6208744859311053,True
vector_thrust,departure_terminal_procedures,0.9721773335475633,36.456650008033634,40.775457319845565,349.6922762255776,411.37917893478505,209.15473469522118,2.0062127277962047,2.004489664550795,203.8772865992278,0.6701894164222434,True
vector_thrust,departure_terminal_procedures,0.9694355029066095,36.353831358997866,40.79669657036795,349.54373923511713,411.25677694844575,209.2637210025086,2.0120801794765093,2.00553416362395,203.98348285183977,0.8083667811039563,True
vector_thrust,departure_terminal_procedures,0.9654706417269989,36.205149064762466,40.82909936408662,349.3159544008976,411.06954889555516,209.42999150135086,2.0206307459363093,2.007127660882975,204.1454968204331,1.008038858266863,True
vector_thrust,departure_terminal_procedures,0.9610658661697519,36.03996998136571,40.8674443692545,349.0449351454069,410.8474246412384,209.62675364453952,2.0302224632382395,2.0090133828723498,204.3372218462725,1.2296581442115273,True
vector_thrust,departure_terminal_procedures,0.957093359950984,35.89100099816191,40.90414996663272,348.78435192005816,410.6344097920842,209.81510339115198,2.038957477476617,2.010818482436343,204.52074983316362,1.4293302213744343,True
vector_thrust,departure_terminal_procedures,0.9543419947497516,35.78782480311569,40.930755543961624,348.5949149434272,410.47985249410334,209.95162626794126,2.0450549789976464,2.01212688549926,204.65377771980812,1.5675075860561472,True
vector_thrust,departure_terminal_procedures,0.9533595708686246,35.75098390757343,40.94049053133683,348.5255010692461,410.42327699917985,210.00158002258115,2.0472417232466387,2.0126056305060467,204.70245265668416,1.6168225165472851,True
vector_thrust,accel_climb,0.9533595708686246,35.75098390757343,59.53565946019533,343.23182966946325,413.9675460415456,298.2285807138885,2.863181099652786,2.863181099652786,297.6782973009767,1.6168225165472851,True
vector_thrust,accel_climb,0.9497975416896984,35.6174078133637,59.63440630113329,343.00461564633935,413.7330335873322,298.65529125937115,2.8761257395809263,2.867277788058451,298.17203150566644,1.7356598750643821,True
vector_thrust,accel_climb,0.9397895237692695,35.24210714134762,59.92491344001576,342.3616684944442,413.0707797614904,299.8976289016472,2.913374396045533,2.879205007268083,299.6245672000788,2.0686347543168044,True
vector_thrust,accel_climb,0.925233530171565,34.696257381433696,60.29093144510584,341.46337643521656,412.1475661796411,301.4195456676103,2.9664218435936167,2.893816361113242,301.4546572255292,2.549797395799707,True
vector_thrust,accel_climb,0.9089980021916817,34.08742508218807,60.515706223746086,341.7185723602469,412.37936742840003,302.1846330348717,3.0293312311184133,2.901161678870119,302.57853111873044,3.0838476372948613,True
vector_thrust,accel_climb,0.8943151291478388,33.536817343043964,60.747538808076676,341.8527755102683,412.49640582038705,302.9996200339688,3.0885835118952705,2.9089860643354286,303.7376940403834,3.5650102787777636,True
vector_thrust,accel_climb,0.8841178522253876,33.15441945845205,60.921404680494646,341.8922430275396,412.52618337952003,303.62866734656575,3.131054255275649,2.915025312391076,304.60702340247326,3.8979851580301865,True
vector_thrust,accel_climb,0.8804710336025146,33.01766376009431,60.9861043997782,341.8956688542848,412.5265876286776,303.8659621128907,3.146511428352519,2.91730349072114,304.930521998891,4.0168225165472835,True
vector_thrust,cruise_0,0.8804710336025146,33.01766376009431,61.91190174644777,341.3476976536911,411.9717533074567,263.7292743316094,2.726521817263683,2.726521817263683,309.55950873223884,4.0168225165472835,True
vector_thrust,cruise_0,0.8802680888583984,33.01005333218995,61.91271957859874,341.3443279273641,411.96825273825334,263.73276124272564,2.7271595484227538,2.7265578661219574,309.5635978929937,4.023535435742202,True
vector_thrust,cruise_0,0.8796994348112717,32.988728805422696,61.91504265559462,341.3348120233048,411.9583743081397,263.74265895381774,2.7289487705791715,2.7266601919835893,309.5752132779731,4.042344617351853,True
vector_thrust,cruise_0,0.8788776651281821,32.957912442306835,61.91843846457622,341.32086807456125,411.94391713840747,263.7571271425663,2.731538648108986,2.7268097689783284,309.5921923228811,4.069524672278971,True
vector_thrust,cruise_0,0.8779655124634521,32.92370671737947,61.92225839152828,341.3051242093427,411.9276183749642,263.7734035362786,2.734419153647359,2.7269780398033077,309.6112919576414,4.099692257303741,True
vector_thrust,cruise_0,0.8771436391355482,32.89288646758306,61.92574810184677,341.2906986590339,411.91270615550053,263.7882730587583,2.7370198750726678,2.727131765920956,309.62874050923386,4.1268723122308595,True
vector_thrust,cruise_0,0.876574855827534,32.87155709353253,61.92819023436248,341.2805822069161,411.9022602869512,263.79867877637963,2.738822697752013,2.727239343724712,309.6409511718124,4.14568149384051,True
vector_thrust,cruise_0,0.8763718535576704,32.86394450841265,61.929067388978744,341.27694521115234,411.89850718349373,263.8024161589368,2.7394667339155503,2.72727798204087,309.6453369448937,4.152394413035429,True
vector_thrust,cruise_1,0.8763718535576704,32.86394450841265,59.877528749595925,341.2529584574063,411.87429133407477,258.4989567509905,2.6842040743723676,2.6842040743723676,299.3876437479796,4.152394413035429,True
vector_thrust,cruise_1,0.8761756911763846,32.85658841911443,59.87835998133608,341.24935927685937,411.8705821051259,258.5025461283612,2.6848139895869823,2.6842413457853125,299.39179990668043,4.159107332230348,True
vector_thrust,cruise_1,0.8756260407466315,32.83597652799869,59.8807031781953,341.23920570500195,411.8601240083689,258.5126640812295,2.686524522288642,2.6843464086863578,299.4035158909765,4.177916513839999,True
vector_thrust,cruise_1,0.8748317317849906,32.806189941937156,59.88412398535157,341.22435396480023,411.84484217475296,258.52743523805486,2.689000375460028,2.6844997895735854,299.42061992675787,4.205096568767116,True
vector_thrust,cruise_1,0.8739500578454311,32.773127169203676,59.88796913804291,341.20762143880484,411.827646065017,258.5440387563179,2.691754010710383,2.6846721973539904,299.43984569021455,4.235264153791887,True
vector_thrust,cruise_1,0.873155644612408,32.74333667296531,59.89147712913444,341.1923221726285,411.8119415451427,258.5591863983529,2.6942400558449338,2.6848294875921352,299.45738564567216,4.262444208719005,True
vector_thrust,cruise_1,0.8726058641572282,32.722719905896064,59.89392895853718,341.1816105441169,411.8009563663845,258.56977349344163,2.695963294378361,2.6849394219769005,299.4696447926859,4.281253390328656,True
vector_thrust,cruise_1,0.8724096439086957,32.7153616465761,59.89480880589648,341.17776300467733,411.79701256357225,258.57357270877316,2.6965788751456254,2.6849788723073797,299.4740440294824,4.287966309523574,True
vector_thrust,cruise_2,0.8724096439086957,32.7153616465761,53.69439382430774,341.1544553040484,411.7735163824317,242.8716003393423,2.532655130568071,2.532655130568071,268.4719691215387,4.287966309523574,True
vector_thrust,cruise_2,0.8722339726676865,32.70877397503825,53.69511830532641,341.1508705080365,411.76984717679204,242.87487806501431,2.5331727853708395,2.5326893105575317,268.47559152663206,4.2946792287184925,True
vector_thrust,cruise_2,0.8717417391936272,32.690315219761025,53.69715730199932,341.1407715727797,411.7595148064113,242.8841032034137,2.5346243929605317,2.532785509924048,268.48578650999656,4.313488410328144,True
vector_thrust,cruise_2,0.8710304055845925,32.663640209422226,53.70012857908017,341.1260361066333,411.7444500254443,242.89754630641346,2.5367251359703817,2.532925694053174,268.50064289540086,4.340668465255262,True
vector_thrust,cruise_2,0.8702408350664763,32.63403131499287,53.703460846288834,341.109484296543,411.7275437894001,242.91262265577188,2.5390610998514083,2.5330829096086345,268.5173042314442,4.370836050280032,True
vector_thrust,cruise_2,0.869529411301172,32.60735292379396,53.70649412417013,341.09439440179347,411.71214455751925,242.9263462722121,2.541169630040594,2.533226018920463,268.53247062085063,4.39801610520715,True
vector_thrust,cruise_2,0.8690370654038405,32.588889952644024,53.708610434811874,341.08385350073144,411.70139513312597,242.93592120620787,2.542630948129016,2.533325865941174,268.54305217405937,4.416825286816802,True
vector_thrust,cruise_2,0.8688613441296815,32.58230040486306,53.70936914859586,341.0800720112301,411.6975403207952,242.93935389433153,2.543152917105656,2.5333616618727524,268.5468457429793,4.423538206011719,True
vector_thrust,cruise_3,0.8688613441296815,32.58230040486306,53.707372039524365,341.0592820765507,411.67660904032635,242.9344103747935,2.5429461567959364,2.5429461567959364,268.5368601976218,4.423538206011719,True
vector_thrust,cruise_3,0.8686856268479276,32.57571100679729,53.70813173118447,341.0554804322248,411.6727357825572,242.93784791007903,2.543468181457469,2.542982139624099,268.54065865592236,4.430251125206638,True
vector_thrust,cruise_3,0.8681932636856321,32.55724738821121,53.71027208431196,341.0447738605355,411.66183163202084,242.94753176929672,2.5449321634677484,2.543083506624939,268.5513604215598,4.44906030681629,True
vector_thrust,cruise_3,0.867481740887476,32.53056528328036,53.713389870420514,341.02916022614494,411.645940502326,242.96163795606043,2.547050831665373,2.543231164889417,268.56694935210254,4.4762403617434074,True
vector_thrust,cruise_3,0.8666919579150195,32.50094842181324,53.71688482644495,341.0116335701194,411.62811694366866,242.9774506256098,2.549406752171312,2.5433966859747055,268.58442413222474,4.506407946768178,True
vector_thrust,cruise_3,0.8659803405079898,32.47426276904962,53.72006477442038,340.99566522891746,411.6118910993799,242.991838059148,2.551533318968752,2.5435472882247767,268.6003238721019,4.533588001695295,True
vector_thrust,cruise_3,0.8654878593698955,32.45579472637108,53.72228262516007,340.9845163445032,411.6005695660277,243.0018725587422,2.5530071496886118,2.5436523255973706,268.61141312580037,4.552397183304947,True
vector_thrust,cruise_3,0.8653120895838662,32.449203359394986,53.72307759201562,340.98051785229336,411.5965105552355,243.0054693245057,2.5535335907474326,2.543689975190366,268.6153879600781,4.559110102499865,True
vector_thrust,cruise_4,0.8653120895838662,32.449203359394986,53.72120093592202,340.9595160586256,411.5753923642095,243.00082469076204,2.5533275091766057,2.5533275091766057,268.60600467961007,4.559110102499865,True
vector_thrust,cruise_4,0.8651363232612668,32.44261212229751,53.721997793595634,340.9554973958353,411.57131489288344,243.0044300168695,2.553854048294977,2.5533653920864325,268.60998896797815,4.565823021694784,True
vector_thrust,cruise_4,0.8646438220030387,32.42414332511396,53.72423970828957,340.9441827061566,411.55983850526604,243.01457355931782,2.5553305861343243,2.5534719752060857,268.6211985414479,4.5846322033044355,True
vector_thrust,cruise_4,0.8639320978622461,32.397453669834235,53.727504341251645,340.92769019513156,411.5431203545417,243.02934439030372,2.5574674441087746,2.553627179490424,268.6375217062582,4.611812258231553,True
vector_thrust,cruise_4,0.8631420889396128,32.36782833523549,53.73116239219669,340.9091878895866,411.5243787104278,243.04589524085105,2.559843617196237,2.553801087303521,268.65581196098344,4.6419798432563235,True
vector_thrust,cruise_4,0.8624302657258096,32.34113496471787,53.73448935838267,340.8923403623031,411.5073255514262,243.06094809849236,2.5619884873665617,2.5539592549786976,268.67244679191333,4.669159898183441,True
vector_thrust,cruise_4,0.8619376409252822,32.32266153469809,53.73680900154096,340.88058297402137,411.4954314147721,243.07144332335716,2.563475016296387,2.55406953339605,268.6840450077048,4.687969079793093,True
vector_thrust,cruise_4,0.8617618196210887,32.31606823579084,53.73764030261906,340.87636729161454,411.4911680274387,243.0752045448683,2.56400599538755,2.554109054374486,268.6882015130953,4.6946819989880115,True
vector_thrust,cruise_5,0.8617618196210887,32.31606823579084,53.73591869048714,340.8551527381136,411.4698620535732,243.07094297825154,2.5638014745645523,2.5638014745645523,268.6795934524357,4.6946819989880115,True
vector_thrust,cruise_5,0.8615860011410771,32.309475042790396,53.73675168580987,340.85091686442956,411.46558018578634,243.07471197001314,2.5643325473969263,2.5638412281711234,268.68375842904936,4.701394918182929,True
vector_thrust,cruise_5,0.861093353052294,32.291000739461026,53.739095481088356,340.83899351270014,411.45353104391114,243.0853166251024,2.565821831435715,2.5639530812376474,268.6954774054418,4.720204099792581,True
vector_thrust,cruise_5,0.8603814149411174,32.26430306029191,53.74250740777056,340.82162132612257,411.43598511259444,243.10075411061422,2.5679771544035632,2.564115908795865,268.7125370388528,4.747384154719699,True
vector_thrust,cruise_5,0.8595911660447586,32.23466872667846,53.74632904316513,340.8021424666969,411.41632452304543,243.11804535000195,2.5703738862693086,2.564298288904718,268.73164521582567,4.777551739744469,True
vector_thrust,cruise_5,0.858879124382184,32.207967164331905,53.74980348571786,340.7844149226371,411.3984432592559,243.13376569266046,2.572537337322808,2.5644640999111457,268.7490174285893,4.804731794671587,True
vector_thrust,cruise_5,0.858386347166627,32.18948801874852,53.75222523722393,340.7720484468032,411.38597596407607,243.14472306580197,2.5740367569656475,2.564579673286858,268.76112618611967,4.8235409762812385,True
vector_thrust,cruise_5,0.8582104712196904,32.1828926707384,53.753092990630776,340.7676153641357,411.38150800036505,243.14864927286732,2.574572343121341,2.564621085128768,268.7654649531539,4.830253895476157,True
vector_thrust,cruise_6,0.8582104712196904,32.1828926707384,53.758392709656135,340.7461871096994,411.3600133337411,243.16176813847977,2.5745493480570567,2.5745493480570567,268.7919635482807,4.830253895476157,True
vector_thrust,cruise_6,0.8580345752604459,32.17629657226673,53.75926229502189,340.741733317922,411.3555263685612,243.165702609185,2.5750851346248336,2.574591005465072,268.79631147510946,4.836966814671075,True
vector_thrust,cruise_6,0.8575417079284009,32.15781404731504,53.7617088750403,340.72919931907694,411.3429025056547,243.17677182603737,2.5765876572136475,2.5747082041729485,268.8085443752015,4.855775996280727,True
vector_thrust,cruise_6,0.8568294454786102,32.13110420544788,53.76647743789273,340.70626072304583,411.3198420879813,243.1983465368137,2.5787846795671707,2.5749366330003456,268.83238718946365,4.882956051207844,True
vector_thrust,cruise_6,0.8560387979521141,32.10145492320429,53.773510342316655,340.6681955389224,411.2816528121587,243.23016595150082,2.5812157714831536,2.5752735307534973,268.8675517115833,4.913123636232615,True
vector_thrust,cruise_6,0.8553263521630927,32.07473820611598,53.779876949732234,340.63373584912864,411.24709134047947,243.2589707964546,2.583410391964176,2.5755785108306055,268.8993847486612,4.940303691159732,True
vector_thrust,cruise_6,0.8548332711400637,32.056247667752395,53.78429954286489,340.6097978762483,411.2230884954439,243.2789802145268,2.5849314971997686,2.5757903666443185,268.92149771432446,4.959112872769384,True
vector_thrust,cruise_6,0.8546572819037399,32.04964807139025,53.785881271354846,340.6012364569106,411.21450502558105,243.28613652886165,2.5854748460880863,2.575866136303942,268.9294063567742,4.965825791964303,True
vector_thrust,cruise_7,0.8546572819037399,32.04964807139025,53.52181984258389,340.57194250488,411.18516969719,242.63208411655216,2.578302264583872,2.578302264583872,267.60909921291943,4.965825791964303,True
vector_thrust,cruise_7,0.8544821578738123,32.04308092026797,53.52338818623445,340.56340152787357,411.1766084811659,242.63919572169763,2.5788415928101633,2.5783778352476534,267.6169409311722,4.9725387111592205,True
vector_thrust,cruise_7,0.8539914416604777,32.02467906226792,53.52779175023086,340.5394201464859,411.15257345005904,242.65916355314965,2.580354066591818,2.5785900211390578,267.6389587511543,4.991347892768872,True
vector_thrust,cruise_7,0.8532822589268586,31.998084709757208,53.53417900633736,340.5046355606028,411.1177193045028,242.68812637814295,2.5825430733382824,2.578897791306968,267.6708950316868,5.01852794769599,True
vector_thrust,cruise_7,0.8524950180982263,31.96856317868349,53.54130147241961,340.4658468987459,411.0788644667494,242.72042299115193,2.584977432717623,2.5792409875943125,267.7065073620981,5.04869553272076,True
vector_thrust,cruise_7,0.851785641427979,31.94196155354922,53.547748494804246,340.43073664419995,411.04370453070453,242.7496568245763,2.587175003462954,2.579551637602513,267.73874247402125,5.075875587647878,True
vector_thrust,cruise_7,0.8512946833790745,31.923550626715304,53.55222658634369,340.4063491601163,411.01928818460055,242.7699625989805,2.5886981564293503,2.5797674146062883,267.76113293171846,5.09468476925753,True
vector_thrust,cruise_7,0.8511194517219969,31.91697943957489,53.55382809187056,340.3976274502236,411.0105572672614,242.77722457869876,2.5892422370981065,2.5798445832083767,267.7691404593528,5.101397688452448,True
vector_thrust,cruise_8,0.8511194517219969,31.91697943957489,53.40676080180828,340.36827415833,410.9811876568653,242.4126014730115,2.5851305557847906,2.5851305557847906,267.03380400904143,5.101397688452448,True
vector_thrust,cruise_8,0.850944699389226,31.910426227095986,53.40835544942249,340.3595562802183,410.97246228992464,242.41984138472054,2.585672440099313,2.5852077634747643,267.04177724711246,5.108110607647366,True
vector_thrust,cruise_8,0.8504550241482262,31.89206340555849,53.412832709456524,340.3350793888205,410.9479674628694,242.4401687414487,2.5871920868337135,2.5854245379769023,267.06416354728265,5.126919789257018,True
vector_thrust,cruise_8,0.8497473443618501,31.865525413569387,53.41932640383708,340.2995791750992,410.91244926873827,242.46965097861042,2.589391485621569,2.585738941731808,267.0966320191854,5.1540998441841355,True
vector_thrust,cruise_8,0.8489617698785701,31.836066370446385,53.42656693120388,340.25999678462784,410.8728579109079,242.50252393697482,2.591837416561531,2.5860895047331147,267.1328346560194,5.184267429208906,True
vector_thrust,cruise_8,0.8482538929125477,31.809520984220548,53.433120255075714,340.2241719063796,410.8370348582035,242.53227689996683,2.594045446638212,2.586406795555821,267.16560127537855,5.211447484136023,True
vector_thrust,cruise_8,0.84776397179199,31.791148942199634,53.437671872069856,340.1992901644234,410.81215987823145,242.55294184719497,2.5955758564666422,2.5866271701823402,267.1883593603493,5.230256665745675,True
vector_thrust,cruise_8,0.8475891100323218,31.784591626212073,53.43929961115945,340.1903921106793,410.80326532715037,242.5603319994048,2.5961225308090574,2.5867059800634,267.19649805579724,5.236969584940594,True
vector_thrust,cruise_9,0.8475891100323218,31.784591626212073,54.276999720190844,340.1609099301445,410.773791639867,244.64836447630702,2.6182438098261622,2.6182438098261622,271.3849986009542,5.236969584940594,True
vector_thrust,cruise_9,0.8474114765511,31.77793037066626,54.2786794455563,340.1518637021025,410.764750692778,244.6559375416307,2.618804061493891,2.618324857297898,271.3933972277815,5.243682504135512,True
vector_thrust,cruise_9,0.8469137324395388,31.759264966482714,54.28339557384408,340.12646508064984,410.7393700178862,244.67720027263138,2.6203752291618896,2.6185524125237083,271.41697786922043,5.262491685745164,True
vector_thrust,cruise_9,0.8461943845644636,31.732289421167394,54.290235796006456,340.0896281995819,410.7025672742484,244.70803951086842,2.622649285405332,2.6188824561959265,271.4511789800323,5.289671740672281,True
vector_thrust,cruise_9,0.8453958582323746,31.702344683714056,54.29786276816455,340.0485558160597,410.6615441385386,244.74242582257398,2.625178335488823,2.619250460895073,271.4893138408228,5.3198393256970515,True
vector_thrust,cruise_9,0.8446762919409709,31.675360947786416,54.306702693822196,339.9992467826329,410.6122897145065,244.78228075226525,2.62746149029507,2.6196769911241984,271.53351346911097,5.34701938062417,True
vector_thrust,cruise_9,0.8441782601652295,31.65668475619611,54.313000288771384,339.9640145029845,410.57710091094026,244.81067354804705,2.6290440712141794,2.6199808527991313,271.56500144385694,5.365828562233821,True
vector_thrust,cruise_9,0.8440004996242698,31.650018735910127,54.315251081929,339.95142409520594,410.564527145979,244.8208212807905,2.6296094020359306,2.62008945454064,271.576255409645,5.3725414814287396,True
vector_thrust,cruise_10,0.8440004996242698,31.650018735910127,54.062480898319656,339.9212201879203,410.5343575209203,244.1814894389338,2.622509342884259,2.622509342884259,270.3124044915983,5.3725414814287396,True
vector_thrust,cruise_10,0.843823566840403,31.64338375651512,54.06471253977465,339.90867043054675,410.5218260704799,244.19157154723555,2.6230706884461097,2.622617624733461,270.3235626988733,5.379254400623657,True
vector_thrust,cruise_10,0.843327770030181,31.624791376131792,54.07097446325476,339.87346193122727,410.48667199432134,244.2198614967768,2.6246449759007713,2.622921458808485,270.35487231627377,5.398063582233309,True
vector_thrust,cruise_10,0.8426112128684032,31.59792048256513,54.08004633400456,339.8224673029595,410.4357641580988,244.26084615054592,2.626923611956907,2.6233616340145227,270.4002316700228,5.425243637160427,True
vector_thrust,cruise_10,0.8418157417230633,31.56809031461488,54.09014741386692,339.76570565584814,410.3791101258306,244.3064805375736,2.6294578775237545,2.6238517473585437,270.4507370693346,5.455411222185197,True
vector_thrust,cruise_10,0.8410989089750505,31.5412090865644,54.09927711155142,339.71441920671117,410.32793080526096,244.34772644031287,2.631745845390255,2.6242947283786773,270.49638555775715,5.4825912771123155,True
vector_thrust,cruise_10,0.8406027685136691,31.522603819262596,54.105611144248655,339.6788468122429,410.292438193203,244.37634216293708,2.6333317694833243,2.6246020612568075,270.5280557212433,5.5014004587219665,True
vector_thrust,cruise_10,0.8404256827903829,31.51596310463936,54.10787492390161,339.6661351061223,410.27975607995097,244.38656940578977,2.633898295485982,2.6247119018511733,270.53937461950807,5.508113377916885,True
vector_thrust,cruise_11,0.8404256827903829,31.51596310463936,53.93259586310382,339.63588337701947,410.2495639727289,243.95287768307008,2.62898997689392,2.62898997689392,269.6629793155191,5.508113377916885,True
vector_thrust,cruise_11,0.8402491673026906,31.509343773850905,53.93484670851365,339.62319574746783,410.23690757208044,243.96306145823397,2.629553797484725,2.629099723674065,269.67423354256823,5.514826297111803,True
vector_thrust,cruise_11,0.8397545393631157,31.49079522611685,53.94116235703434,339.58760105664663,410.2014034989067,243.99163609240173,2.631135027983926,2.629407661942857,269.7058117851717,5.533635478721455,True
vector_thrust,cruise_11,0.8390396703123154,31.463987636711835,53.95031182968939,339.53604867147317,410.1499901769323,244.0330321316359,2.633423723400415,2.6298537717541586,269.7515591484469,5.560815533648572,True
vector_thrust,cruise_11,0.8382460715060469,31.43422768147677,53.960498995909894,339.47866838311353,410.0927754766294,244.07912313036516,2.6359691906552247,2.6303504774082795,269.80249497954946,5.590983118673343,True
vector_thrust,cruise_11,0.8375309244859283,31.407409668222318,53.96970621433923,339.42682493659015,410.0410913517023,244.12078043562255,2.638267284046154,2.6307994027869275,269.8485310716962,5.618163173600461,True
vector_thrust,cruise_11,0.8370359499235315,31.388848122132437,53.97609387087339,339.3908672977245,410.0052495923134,244.14968086414706,2.639860233689779,2.63111085202106,269.88046935436694,5.636972355210112,True
vector_thrust,cruise_11,0.8368592801739028,31.382223006521357,53.97837678428906,339.3780181409266,409.99244290699795,244.1600097188119,2.640429270750532,2.631222162269353,269.8918839214453,5.643685274405031,True
vector_thrust,cruise_12,0.8368592801739028,31.382223006521357,53.97739822594191,339.34766616301556,409.96217579269205,244.15758746060243,2.6401669334747355,2.6401669334747355,269.88699112970954,5.643685274405031,True
vector_thrust,cruise_12,0.8366826056335201,31.37559771125701,53.97968271129605,339.3348009758514,409.94935480750587,244.1679235414195,2.6407361065152775,2.640278701366443,269.89841355648025,5.650398193599949,True
vector_thrust,cruise_12,0.8361875313949805,31.357032427311776,53.98609269842263,339.29870859310887,409.9133894003592,244.1969252411322,2.642332356188059,2.6405923075475672,269.9304634921132,5.6692073752096,True
vector_thrust,cruise_12,0.8354720157466315,31.33020059049869,53.995378693992976,339.24643653525675,409.86130896587406,244.23893931226013,2.6446428131061075,2.641046621347463,269.97689346996486,5.696387430136719,True
vector_thrust,cruise_12,0.8346776969464323,31.300413635491218,54.00571766668555,339.18825679388965,409.80335317969553,244.28571753122478,2.6472125146329653,2.641552451652398,270.0285883334277,5.726555015161489,True
vector_thrust,cruise_12,0.8339618991356605,31.273571217587275,54.01506190915416,339.1356924529481,409.751000774234,244.32799513783556,2.6495325154970577,2.6420096151596275,270.0753095457708,5.753735070088607,True
vector_thrust,cruise_12,0.8334664730455656,31.254992739208717,54.02154452919507,339.0992355986697,409.71469622436354,244.35732546191664,2.6511406663397956,2.6423267748784487,270.10772264597534,5.772544251698259,True
vector_thrust,cruise_12,0.8332896419162351,31.248361571858823,54.02386136248234,339.08620820623935,409.7017243063007,244.36780787037634,2.6517151367404526,2.642440125065458,270.1193068124117,5.779257170893176,True
vector_thrust,cruise_13,0.8332896419162351,31.248361571858823,54.022872364517546,339.0556484333496,409.6712749511803,244.3653597404706,2.651449590754509,2.651449590754509,270.11436182258774,5.779257170893176,True
vector_thrust,cruise_13,0.8331128059091919,31.241730221594704,54.02519080542492,339.042604956088,409.658288682943,244.37584950954866,2.6520242002731536,2.6515634084165485,270.12595402712464,5.785970090088095,True
vector_thrust,cruise_13,0.8326172786020357,31.223147947576347,54.03169594706375,339.006012825223,409.62185998098056,244.4052819757534,2.6536357030731748,2.651882760965356,270.15847973531874,5.804779271697746,True
vector_thrust,cruise_13,0.8319011065584112,31.19629149594043,54.0411196489087,338.9530181134197,409.569109590958,244.44791944645962,2.6559682608013095,2.6523453924298765,270.20559824454347,5.831959326624864,True
vector_thrust,cruise_13,0.831106056868362,31.166477132563582,54.051611747535794,338.89403559623617,409.51040955015975,244.49539087066304,2.6585625749233572,2.6528604739799393,270.258058737679,5.862126911649635,True
vector_thrust,cruise_13,0.8303895984308055,31.139609941155218,54.06109420827598,338.8407473546153,409.45738599727326,244.53829419556564,2.6609048256747148,2.653325990055441,270.3054710413799,5.889306966576752,True
vector_thrust,cruise_13,0.8298937139954714,31.121014274830184,54.0676726212847,338.8037891975623,409.42061666632014,244.56805817755276,2.66252841554268,2.653648939666396,270.3383631064235,5.908116148186404,True
vector_thrust,cruise_13,0.8297167190511561,31.11437696441836,54.070023671084535,338.7905828231465,409.40747880375255,244.57869548533466,2.6631084043353708,2.653764358174956,270.3501183554227,5.914829067381322,True
vector_thrust,cruise_14,0.8297167190511561,31.11437696441836,54.069024023201,338.7598136846882,409.376845747166,244.5762209812022,2.662839598107505,2.662839598107505,270.34512011600503,5.914829067381322,True
vector_thrust,cruise_14,0.8295397191416986,31.1077394678137,54.071376720785395,338.74659116992643,409.3636934831455,244.58686582051752,2.6634197295937274,2.6629554944915874,270.356883603927,5.921541986576241,True
vector_thrust,cruise_14,0.8290437319351057,31.089139947566473,54.07797785024917,338.7094971928811,409.3267994856287,244.61673283330242,2.6650467244404634,2.663280673546206,270.38988925124585,5.940351168185892,True
vector_thrust,cruise_14,0.828326893609742,31.062258510365332,54.08754046692779,338.655776785216,409.2733762392441,244.65999918585194,2.6674017294945407,2.663751738788658,270.43770233463897,5.96753122311301,True
vector_thrust,cruise_14,0.827531102034954,31.03241632631078,54.098187039081935,338.5959881018907,409.2139287107255,244.70816992818237,2.670021042582751,2.6642762008955345,270.4909351954097,5.9976988081377804,True
vector_thrust,cruise_14,0.8268139730448785,31.00552398918295,54.10780893780346,338.5419728923055,409.16023108535376,244.7517045041284,2.6723858929295807,2.6647501864377547,270.5390446890173,6.024878863064898,True
vector_thrust,cruise_14,0.826317623384515,30.986910876919314,54.114483990947235,338.5045113027781,409.1229949423581,244.78190598685975,2.6740251647208524,2.665079007055785,270.5724199547362,6.04368804467455,True
vector_thrust,cruise_14,0.8261404621676671,30.98026733128753,54.116869560231976,338.4911251848921,409.1096904091037,244.792699568268,2.6746107587725145,2.6651965228791306,270.5843478011599,6.050400963869468,True
vector_thrust,cruise_15,0.8261404621676671,30.98026733128753,54.11585899557868,338.4601450829294,409.07887216557873,244.79019798873634,2.6743386375647336,2.6743386375647336,270.57929497789337,6.050400963869468,True
vector_thrust,cruise_15,0.8259632958979379,30.973623596172683,54.118246240441486,338.446742768129,409.06555317861495,244.80099922270935,2.6749243773836993,2.6744566412984807,270.59123120220744,6.057113883064386,True
vector_thrust,cruise_15,0.8254668418995245,30.955006571232175,54.12494415547217,338.4091448044059,409.02819184435185,244.83130442691726,2.6765671059317184,2.6747877263631543,270.62472077736084,6.075923064674038,True
vector_thrust,cruise_15,0.8247493273170627,30.92809977438986,54.13464690988203,338.3546955975099,408.9740927821966,244.87520521443452,2.678944911717981,2.6752673434934215,270.67323454941015,6.103103119601156,True
vector_thrust,cruise_15,0.8239527827635214,30.898229353632058,54.145449334023596,338.2940972892862,408.9138944676244,244.92408152703993,2.681589618495657,2.675801318351632,270.72724667011795,6.133270704625926,True
vector_thrust,cruise_15,0.8232349732054118,30.87131149520295,54.15521191834919,338.2393519825964,408.8595197857415,244.96825301272256,2.683977425714718,2.6762838928656865,270.77605959174593,6.1604507595530436,True
vector_thrust,cruise_15,0.822738151377836,30.852680676668857,54.16198447816335,338.2013847879782,408.82181475883016,244.99889592641952,2.6856326275888147,2.676618667414425,270.8099223908168,6.179259941162695,True
vector_thrust,cruise_15,0.8225608214085885,30.846030802822074,54.16440487680776,338.18781814979843,408.8083428140841,245.00984718691703,2.6862239156481125,2.676738310191461,270.8220243840388,6.185972860357613,True
vector_thrust,cruise_16,0.8225608214085885,30.846030802822074,54.163383221309886,338.15662545860476,408.7773378729243,245.0073182193659,2.6859484278976784,2.6859484278976784,270.81691610654946,6.185972860357613,True
vector_thrust,cruise_16,0.8223834862983279,30.839380736187305,54.165805280896855,338.1430425658693,408.76385142121643,245.01827708181492,2.6865398629575417,2.6860685669187507,270.8290264044843,6.192685779552532,True
vector_thrust,cruise_16,0.8218865585514228,30.82074594567836,54.172600959606626,338.10493843179324,408.72602066784776,245.04902486175354,2.688198579284275,2.686405646446773,270.86300479803316,6.211494961162184,True
vector_thrust,cruise_16,0.8211683576415607,30.793813411558535,54.18244517677212,338.049757259636,408.6712427707655,245.09356606401033,2.690599550192048,2.6868939395028657,270.9122258838606,6.238675016089301,True
vector_thrust,cruise_16,0.8203710489091872,30.76391433409453,54.19340481519488,337.9883457979692,408.6102903052605,245.14315414815272,2.6932700518673895,2.687437560149027,270.9670240759744,6.268842601114072,True
vector_thrust,cruise_16,0.8196525486723982,30.73697057521494,54.20330930790378,337.93286720200626,408.5552355227401,245.1879681148429,2.695681178655114,2.687928843447233,271.0165465395189,6.296022656041189,True
vector_thrust,cruise_16,0.8191552476694883,30.71832178760582,54.21018027577962,337.89439218595743,408.517059498347,245.21905654004635,2.697352564860635,2.688269657376416,271.05090137889806,6.314831837650841,True
vector_thrust,cruise_16,0.8189777464443385,30.7116654916627,54.212635826803286,337.8806442350292,408.5034193863987,245.23016694160057,2.697949637885493,2.6883914576793817,271.0631791340164,6.321544756845759,True
vector_thrust,cruise_17,0.8189777464443385,30.7116654916627,54.21160537327406,337.84923730027253,408.47222621091356,245.22762027801852,2.697670841015792,2.697670841015792,271.0580268663703,6.321544756845759,True
vector_thrust,cruise_17,0.8188002399897987,30.70500899961746,54.214059971897406,337.83547303606963,408.45857153775086,245.23872770760974,2.6982679465391595,2.697793030306268,271.070299859487,6.3282576760406775,True
vector_thrust,cruise_17,0.8183028314728571,30.686356180232146,54.22095424977343,337.79686050415455,408.420269241144,245.2699218791914,2.699942902972044,2.6981361874391805,271.10477124886717,6.347066857650329,True
vector_thrust,cruise_17,0.8175839340736314,30.659397527761183,54.23094113095705,337.7409441373812,408.3648094296019,245.3151089880968,2.702367404505697,2.698633276412868,271.15470565478523,6.374246912577447,True
vector_thrust,cruise_17,0.8167858498603542,30.62946936976329,54.24205950823209,337.6787159232246,408.30309938106393,245.3654157170488,2.705064116882595,2.6991866846939043,271.21029754116046,6.404414497602217,True
vector_thrust,cruise_17,0.8160666487393075,30.60249932772404,54.2521073096129,337.62250078192693,408.24736139285153,245.4108784683228,2.7074989405359413,2.6996868059213797,271.2605365480645,6.431594552529335,True
vector_thrust,cruise_17,0.8155688614865901,30.58383230574714,54.25907755396846,337.58351568374883,408.2087122151084,245.4424163613848,2.7091867685143134,2.700033744224675,271.2953877698423,6.450403734138987,True
vector_thrust,cruise_17,0.8153911864784665,30.5771694929425,54.2615685666175,337.56958561177294,408.1949031651376,245.4536873135258,2.7097897185163893,2.7001577323745694,271.3078428330875,6.457116653333904,True
vector_thrust,cruise_18,0.8153911864784665,30.5771694929425,54.26052380418924,337.5379627501481,408.1635201923174,245.4511010527508,2.7095073212466114,2.7095073212466114,271.30261902094617,6.457116653333904,True
vector_thrust,cruise_18,0.8152135061521918,30.5705064807072,54.2630165072725,337.52401630507643,408.14969652585575,245.46237974428414,2.710110423436335,2.7096318254641627,271.3150825363625,6.463829572528823,True
vector_thrust,cruise_18,0.8147156097770372,30.551835366638898,54.270010291798705,337.4848931033037,408.1109205194092,245.49402442440518,2.711801880185533,2.7099811475576416,271.3500514589935,6.482638754138475,True
vector_thrust,cruise_18,0.8139960056282401,30.52485021105901,54.28014119132773,337.4282382479359,408.0547756522406,245.53986356539303,2.7142502914721,2.710487160721052,271.4007059566386,6.509818809065592,True
vector_thrust,cruise_18,0.813197134522269,30.4948925445851,54.2914197324439,337.3651896102647,407.99230451991764,245.5908954243982,2.7169736335443795,2.71105049571934,271.4570986622195,6.539986394090363,True
vector_thrust,cruise_18,0.8124772222146158,30.4678958330481,54.30161212203021,337.308234602662,407.9358801590541,245.6370127885979,2.7194325328801146,2.7115595801577466,271.50806061015106,6.56716644901748,True
vector_thrust,cruise_18,0.8119789415707735,30.449210308904014,54.308682583643055,337.26873711664047,407.8967556291599,245.66900440847252,2.7211370680874065,2.7119127320804592,271.54341291821527,6.585975630627132,True
vector_thrust,cruise_18,0.8118010902285306,30.442540883569908,54.31120939502277,337.254624099217,407.8827768549898,245.6804374369762,2.7217459900351857,2.712038940006608,271.5560469751139,6.59268854982205,True
vector_thrust,cruise_19,0.8118010902285306,30.442540883569908,54.31015270911336,337.22278359772326,407.85120249483055,245.67782167770494,2.7214600519464054,2.7214600519464054,271.5507635455668,6.59268854982205,True
vector_thrust,cruise_19,0.8116232334789057,30.435871255458974,54.312681208665346,337.20865414626087,407.8372090478507,245.6892624455752,2.722069127973466,2.72158678537521,271.5634060433267,6.599401469016969,True
vector_thrust,cruise_19,0.81112484208937,30.41718157835138,54.31977542747043,337.1690179573651,407.7979571218071,245.7213618423005,2.7237773509719534,2.721942361736491,271.5988771373522,6.6182106506266205,True
vector_thrust,cruise_19,0.8104045208325401,30.390169531220263,54.33005169070969,337.1116212538865,407.7411239953349,245.76785911841156,2.7262500577494393,2.7224574284958605,271.6502584535485,6.645390705553738,True
vector_thrust,cruise_19,0.8096048513125293,30.360181924219855,54.34149189574632,337.0477484486874,407.67788820885636,245.8196229123093,2.7290004596778528,2.7230308343339127,271.7074594787316,6.6755582905785085,True
vector_thrust,cruise_19,0.8088842174158813,30.333158153095557,54.35183023122336,336.99005018777035,407.6207742453878,245.8664010482925,2.7314838240902093,2.7235490122773403,271.7591511561168,6.702738345505626,True
vector_thrust,cruise_19,0.8083854361699705,30.314453856373902,54.35900185309125,336.95003796235676,407.58117212081845,245.89885067267346,2.7332053370189957,2.7239084682341312,271.79500926545626,6.721547527115278,True
vector_thrust,cruise_19,0.8082074059176156,30.307777721910593,54.36156480043211,336.9357411587063,407.5670228206473,245.9104473073052,2.733820327653263,2.7240369282541352,271.80782400216054,6.728260446310196,True
vector_thrust,cruise_20,0.8082074059176156,30.307777721910593,54.36049588674382,336.90368127403826,407.53525545558836,245.90780126569177,2.7335307873966257,2.7335307873966257,271.8024794337191,6.728260446310196,True
vector_thrust,cruise_20,0.8080293701682789,30.301101381310467,54.363060536703706,336.8893679742734,407.5210914252367,245.91940570765078,2.734145934792961,2.733659783301604,271.81530268351855,6.734973365505114,True
vector_thrust,cruise_20,0.8075304765387056,30.282392870201463,54.37025613744278,336.8492164349954,407.4813613259637,245.95196411996798,2.735871195832225,2.7340217052170526,271.8512806872139,6.753782547114766,True
vector_thrust,cruise_20,0.8068094277145759,30.2553535392966,54.380679138812965,336.79107445724236,407.42383667293205,245.99912576615972,2.7383685923457697,2.734545957848266,271.90339569406484,6.780962602041884,True
vector_thrust,cruise_20,0.8060089481467494,30.225335555503108,54.392282540216016,336.72637366627356,407.35983259111384,246.05162844673657,2.741146493788589,2.7351295818448977,271.96141270108006,6.811130187066654,True
vector_thrust,cruise_20,0.8052875821569304,30.198284330884896,54.402768208592406,336.667928697923,407.3020257310619,246.09907364649112,2.743654721281774,2.735656986480195,272.013841042962,6.838310241993772,True
vector_thrust,cruise_20,0.8047882930272929,30.17956098852349,54.41004195406079,336.62739933499773,407.2619437248623,246.13198564545232,2.7453934884107536,2.736022838893059,272.050209770304,6.857119423603423,True
vector_thrust,cruise_20,0.8046100812635412,30.1728780473828,54.41264138187782,336.6129178876941,407.2476230810062,246.14374744904924,2.7460146466148263,2.736153584042591,272.06320690938907,6.863832342798342,True
vector_thrust,cruise_21,0.8046100812635412,30.1728780473828,54.41155994400549,336.58063684561915,407.21566106535664,246.14107039067144,2.7457214421459764,2.7457214421459764,272.05779972002745,6.863832342798342,True
vector_thrust,cruise_21,0.8044318639128356,30.166194896731344,54.41416108920459,336.56613883897694,407.20132563288183,246.15284007105467,2.7463427598533454,2.745852733781883,272.070805446023,6.87054526199326,True
vector_thrust,cruise_21,0.8039324607465401,30.14746727799526,54.42145903997538,336.52546953929607,407.16111506213326,246.18586189076672,2.7480853367472586,2.7462210945690453,272.1072951998769,6.889354443602912,True
vector_thrust,cruise_21,0.8032106737928048,30.12040026723019,54.43203018355688,336.4665787933432,407.1028955506352,246.23369427665853,2.7506078259873,2.746754668293104,272.1601509177844,6.916534498530029,True
vector_thrust,cruise_21,0.802409372428467,30.09035146606752,54.4437983468695,336.4010461228891,407.0381194602811,246.286942945969,2.7534136763693984,2.747348661050426,272.2189917343475,6.9467020835548,True
vector_thrust,cruise_21,0.8016872637372587,30.06327239014721,54.454432765099796,336.3418509247476,406.97961634455663,246.33506163744278,2.755947173799784,2.7478854285339582,272.272163825499,6.973882138481917,True
vector_thrust,cruise_21,0.8011874593699577,30.044529726373423,54.46180961832014,336.30080197883524,406.9390521245847,246.36844047552074,2.7577034777636236,2.7482577718868133,272.3090480916007,6.992691320091569,True
vector_thrust,cruise_21,0.8010090634676723,30.03783988003772,54.46444587856742,336.2861350135246,406.92455930320716,246.38036904469448,2.758330904623695,2.7483908359386695,272.3222293928371,6.999404239286488,True
vector_thrust,cruise_22,0.8010090634676723,30.03783988003772,54.463351609470955,336.25363100822534,406.8924009625384,246.37766020904164,2.7580339723316007,2.7580339723316007,272.31675804735477,6.999404239286488,True
vector_thrust,cruise_22,0.8008306618880938,30.031149820803524,54.4659896021378,336.2389474191867,406.877893293021,246.38959672579034,2.7586615614939842,2.7581675936943344,272.329948010689,7.0061171584814055,True
vector_thrust,cruise_22,0.8003307418158118,30.012402818092948,54.47339089196318,336.1977579015309,406.83719990717674,246.42308643970765,2.7604217382508502,2.7585424887583967,272.3669544598159,7.024926340091057,True
vector_thrust,cruise_22,0.7996082060648769,29.985307727432893,54.48411161216124,336.1381148245443,406.7782821395495,246.4715960726087,2.7629697322014466,2.759085521821593,272.42055806080623,7.052106395018175,True
vector_thrust,cruise_22,0.7988060710379045,29.955227663921423,54.49604613673357,336.0717463041351,406.71273025421846,246.52559798620723,2.7658039909902636,2.7596900373127675,272.48023068366786,7.082273980042945,True
vector_thrust,cruise_22,0.7980832089307776,29.928120334904165,54.50683075236107,336.0117972844458,406.6535274575037,246.5743967362354,2.768363174316799,2.7602363068498303,272.5341537618053,7.109454034970063,True
vector_thrust,cruise_22,0.7975828818980208,29.909358071175788,54.514311718755714,335.9702262619082,406.61247864565354,246.6082469745443,2.770137304081334,2.7606152377445725,272.57155859377855,7.128263216579715,True
vector_thrust,cruise_22,0.79740429920365,29.90266122013688,54.51698517098916,335.9553728870202,406.5978127964874,246.6203439404223,2.770771102949026,2.760750655228549,272.5849258549458,7.134976135774633,True
vector_thrust,cruise_23,0.79740429920365,29.90266122013688,54.515877752315205,335.92264408042763,406.5654564270183,246.617602538928,2.7704703775951565,2.7704703775951565,272.579388761576,7.134976135774633,True
vector_thrust,cruise_23,0.7972257107412845,29.89596415279817,54.518552952322324,335.90777401623984,406.5507756690921,246.6297075246752,2.7711043416251853,2.7706063634456743,272.5927647616116,7.141689054969551,True
vector_thrust,cruise_23,0.7967252663195943,29.87719748698479,54.526058591575335,335.8660617746733,406.5095970783753,246.66366971655862,2.7728824086221255,2.7709878903342764,272.6302929578767,7.160498236579203,True
vector_thrust,cruise_23,0.7960019709962891,29.85007391236085,54.536930353778054,335.80566273373034,406.44997759006446,246.71286324446373,2.7754563285163703,2.7715405240896427,272.68465176889026,7.18767829150632,True
vector_thrust,cruise_23,0.7951989903205795,29.819962137021736,54.54903287351716,335.7384543148243,406.38364604880167,246.76762581481802,2.7783194655082317,2.772155719750478,272.7451643675858,7.217845876531091,True
vector_thrust,cruise_23,0.7944753639743841,29.79282614903941,54.559969165384615,335.67774781123677,406.3237400783999,246.81711133235729,2.7809047600538657,2.77271163367978,272.7998458269231,7.245025931458208,True
vector_thrust,cruise_23,0.7939745067729203,29.774044003984514,54.56755527209403,335.635652169442,406.28220424980213,246.8514376306277,2.782697011095717,2.7730972508926293,272.8377763604702,7.26383511306786,True
vector_thrust,cruise_23,0.7937957346059229,29.767340047722115,54.57026628364763,335.6206114758927,406.2673645058633,246.8637046596546,2.7833372876532034,2.7732350571164766,272.85133141823815,7.270548032262779,True
vector_thrust,cruise_24,0.7937957346059229,29.767340047722115,54.5691453851653,335.58765599700376,406.2348083738311,246.86092987428836,2.7830327023153885,2.7830327023153885,272.8457269258265,7.270548032262779,True
vector_thrust,cruise_24,0.7936169565798742,29.76063587174529,54.57185816017611,335.5725985473833,406.2199536593969,246.87320499704435,2.783673146958224,2.7831710881995875,272.85929080088056,7.277260951457697,True
vector_thrust,cruise_24,0.79311598028959,29.74184926085963,54.57946918106668,335.5303610267701,406.17828742706905,246.9076443498159,2.78546940112387,2.783559346661786,272.8973459053334,7.2960701330673485,True
vector_thrust,cruise_24,0.7923919145088367,29.714696794081384,54.59049348234668,335.4692023176454,406.1179626854593,246.95752856460112,2.7880696777092937,2.784121725654473,272.95246741173344,7.323250187994466,True
vector_thrust,cruise_24,0.7915880760757097,29.68455285283912,54.602765666482625,335.4011498722733,406.05084755149113,247.01305936458326,2.7909621733252914,2.7847477624777754,273.01382833241314,7.3534177730192365,True
vector_thrust,cruise_24,0.790863674556323,29.65738779586212,54.613855145412224,335.3396821506151,405.990234846144,247.0632385038076,2.7935740140447543,2.785313466356095,273.0692757270611,7.380597827946354,True
vector_thrust,cruise_24,0.7903622796058078,29.6385854852178,54.6215474417957,335.297059297083,405.9482095283424,247.0980456226661,2.7953846885391456,2.7857058708978175,273.1077372089785,7.399407009556006,True
vector_thrust,cruise_24,0.79018331525807,29.63187432217763,54.62429638793644,335.2818303579693,405.93319500563575,247.11048441731043,2.7960315508651754,2.7858461019675547,273.1214819396822,7.4061199287509245,True
vector_thrust,cruise_25,0.79018331525807,29.63187432217763,54.6231620353465,335.2486463021485,405.90043734665204,247.10767688856063,2.7957230537305615,2.7957230537305615,273.1158101767325,7.4061199287509245,True
vector_thrust,cruise_25,0.7900043449598962,29.62516293599612,54.62591238737672,335.23340053897635,405.8854077905843,247.1201223387188,2.796370070004175,2.7958638588741302,273.12956193688365,7.412832847945842,True
vector_thrust,cruise_25,0.789502829204483,29.606356095168117,54.63362984457683,335.19063513412584,405.84325143212243,247.15504363732336,2.7981848150140136,2.7962589509279434,273.16814922288415,7.431642029555494,True
vector_thrust,cruise_25,0.7887779819689956,29.579174323837343,54.64480821458034,335.1287129800501,405.78221783534235,247.20562547881332,2.8008118888355544,2.7968312229922283,273.2240410729017,7.458822084482612,True
vector_thrust,cruise_25,0.7879732735446238,29.548997757923395,54.65725176867138,335.059812299429,405.71431509474087,247.26193224629375,2.803734234438534,2.797468265636586,273.2862588433569,7.488989669507382,True
vector_thrust,cruise_25,0.7872480858046216,29.521803217673313,54.66849597837271,334.9975795524481,405.6529920234179,247.3128120107502,2.806373066205963,2.79804390833717,273.34247989186355,7.5161697244345005,True
vector_thrust,cruise_25,0.786746145445998,29.502980454224932,54.67629553662645,334.954426843977,405.61047469552796,247.3481048145444,2.808202473226233,2.798443203520714,273.38147768313223,7.534978906044151,True
vector_thrust,cruise_25,0.7865669861812528,29.496261981796987,54.6790828008086,334.939008714263,405.5952844927457,247.36071711445967,2.808856031869259,2.7985858963665113,273.395414004043,7.54169182523907,True
vector_thrust,cruise_26,0.7865669861812528,29.496261981796987,54.67793393622035,334.9055941425233,405.56232351113425,247.35787312583722,2.808543520401445,2.808543520401445,273.38966968110174,7.54169182523907,True
vector_thrust,cruise_26,0.7863878210325602,29.489543288721016,54.68072296307458,334.8901591308876,405.54711822214864,247.37049353630036,2.809197251160642,2.8086868146963995,273.4036148153729,7.548404744433988,True
vector_thrust,cruise_26,0.7858857578532197,29.470715919495746,54.688547937809,334.84686316530326,405.5044691843614,247.4059016861575,2.811030798657664,2.809088844874756,273.44273968904497,7.56721392604364,True
vector_thrust,cruise_26,0.7851601205354002,29.443504520077518,54.69949169978251,334.7860205572252,405.44456989861226,247.45542240371563,2.8136805547503854,2.8096511115560867,273.4974584989126,7.594393980970757,True
vector_thrust,cruise_26,0.7843545407624131,29.413295278590496,54.71150436795695,334.7196199198087,405.37922801500514,247.50977994087438,2.8166303259651295,2.810268296312905,273.5575218397847,7.624561565995528,True
vector_thrust,cruise_26,0.7836285741636828,29.386071531138114,54.72232324314176,334.6598447624343,405.3204173493211,247.55873554352084,2.819293756866811,2.810824146583052,273.6116162157088,7.651741620922646,True
vector_thrust,cruise_26,0.7831260985089069,29.367228694084012,54.7298078167888,334.6185067063877,405.27975262102535,247.5926033724021,2.821140124424132,2.811208687694085,273.649039083944,7.670550802532297,True
vector_thrust,cruise_26,0.7829467489705016,29.36050308639382,54.73247856933092,334.6037588028579,405.26524619018437,247.60468857515946,2.821799723617587,2.8113459051493774,273.6623928466546,7.677263721727216,True
vector_thrust,cruise_27,0.7829467489705016,29.36050308639382,54.73131516760933,334.57165473891126,405.2336230418256,247.60180852507372,2.821496162746979,2.821496162746979,273.65657583804665,7.677263721727216,True
vector_thrust,cruise_27,0.7827673938551662,29.35377726956874,54.73398556318952,334.55691353675405,405.219125112737,247.61389222890995,2.8221560302839905,2.821633860141876,273.6699278159476,7.6839766409221335,True
vector_thrust,cruise_27,0.7822648014177827,29.334930053166858,54.74146655109073,334.5156249692756,405.17852144659344,247.64774415830004,2.8240067305155137,2.822019612933605,273.70733275545365,7.702785822531785,True
vector_thrust,cruise_27,0.7815384026494889,29.307690099355845,54.75227350892932,334.4560012934647,405.1198959875889,247.6966463057843,2.82668574617742,2.822576867431457,273.7613675446466,7.729965877458903,True
vector_thrust,cruise_27,0.7807319786848222,29.277449200680838,54.764263626387205,334.38987947159865,405.05489388135345,247.75090232316273,2.8296657198160435,2.823195130867217,273.82131813193604,7.760133462483673,True
vector_thrust,cruise_27,0.7800052517373899,29.250196940152126,54.77506209490209,334.33035579989047,404.9963896569898,247.7997660559378,2.832356449500898,2.8237519476180464,273.87531047451046,7.787313517410792,True
vector_thrust,cruise_27,0.7795022500675576,29.23133437753342,54.782532496764716,334.28919193550325,404.9559371679833,247.83357008285557,2.834221756950103,2.824137154546873,273.91266248382357,7.806122699020443,True
vector_thrust,cruise_27,0.779322712826736,29.224601731002608,54.785198181585784,334.27450623144784,404.9415065190544,247.84563247027486,2.834888125360939,2.8242746090348665,273.92599090792896,7.812835618215361,True
vector_thrust,cruise_28,0.779322712826736,29.224601731002608,54.78401992797651,334.2424124064495,404.90992103923975,247.8427156406,2.8345825868073464,2.8345825868073464,273.92009963988255,7.812835618215361,True
vector_thrust,cruise_28,0.7791431700743412,29.2178688777878,54.7866852500087,334.22773343529167,404.89549892843553,247.8547765039308,2.8352492277421604,2.83472052716638,273.9334262500435,7.81954853741028,True
vector_thrust,cruise_28,0.7786400519766203,29.199001949123268,54.7941519930838,334.1866193227494,404.85510779746267,247.88856430393992,2.8371189336487252,2.8351069589778004,273.970759965419,7.838357719019931,True
vector_thrust,cruise_28,0.777912893834389,29.17173351878959,54.80493829436877,334.1272479696349,404.79678971343856,247.93737345499628,2.839825484076164,2.8356651903113446,274.0246914718438,7.865537773947049,True
vector_thrust,cruise_28,0.7771056273440162,29.141461025400613,54.816905385471564,334.0614065204801,404.7321291175838,247.99152580419747,2.8428361173484187,2.836284531919524,274.08452692735784,7.89570535897182,True
vector_thrust,cruise_28,0.7763781415929439,29.114180309735406,54.82768301579925,334.00213574031847,404.67393289874417,248.04029571887705,2.8455545592696105,2.836842314505764,274.1384150789963,7.922885413898937,True
vector_thrust,cruise_28,0.7758746149739416,29.095298061522815,54.83513894790327,333.96114704021267,404.6336937311838,248.0740345981346,2.8474390937705456,2.8372281868094738,274.1756947395163,7.941694595508589,True
vector_thrust,cruise_28,0.7756948904125549,29.088558390470816,54.83779945874841,333.94652388284464,404.6193392504647,248.08607369027771,2.8481123340836194,2.837365878170955,274.18899729374203,7.948407514703507,True
vector_thrust,cruise_29,0.7756948904125549,29.088558390470816,54.83660611074658,333.914440831937,404.5877921002873,248.08311969298293,2.847804799403952,2.847804799403952,274.1830305537329,7.948407514703507,True
vector_thrust,cruise_29,0.7755151604063245,29.081818515237178,54.8392661144159,333.8998244390614,404.5734461941185,248.09515667441323,2.8484783100604676,2.847942974760381,274.1963305720795,7.955120433898426,True
vector_thrust,cruise_29,0.775011517723941,29.062931914647795,54.8467183144387,333.858885754621,404.53326868092773,248.12887899817804,2.850367310124114,2.8483300812897703,274.23359157219346,7.9739296155080766,True
vector_thrust,cruise_29,0.7742836017670599,29.035635066264753,54.85748352780338,333.79976813072454,404.4752595365062,248.17759320463665,2.8531018136124424,2.848889283185988,274.2874176390169,8.001109670435195,True
vector_thrust,cruise_29,0.7734754944884848,29.005331043318186,54.86942711178477,333.7342086157585,404.41094218791386,248.23163971502305,2.8561435727095255,2.8495096958600143,274.34713555892387,8.031277255459965,True
vector_thrust,cruise_29,0.7727472515053292,28.97802193144985,54.88018347411974,333.6751921343019,404.35305553972273,248.2803138692435,2.858890148867371,2.850068437987119,274.4009173705987,8.058457310387082,True
vector_thrust,cruise_29,0.7722432010280976,28.959120038553664,54.887624637071326,333.63437957243457,404.31303077684413,248.31398624860427,2.8607942033776244,2.850454971192883,274.43812318535663,8.077266491996735,True
vector_thrust,cruise_29,0.7720632895361743,28.952373357606543,54.890279866718224,333.6198193093895,404.29875285096364,248.32600156133734,2.861474420332819,2.8505928978092117,274.4513993335911,8.083979411191653,True
vector_thrust,cruise_30,0.7720632895361743,28.952373357606543,54.88907089245289,333.5877474880922,404.2672446130417,248.32300886062492,2.8611648569224415,2.8611648569224415,274.4453544622645,8.083979411191653,True
vector_thrust,cruise_30,0.7718833726677314,28.945626475039933,54.891725609725945,333.57319402122664,404.2529752982153,248.33502203974152,2.8618453485731306,2.861303272150519,274.45862804862975,8.09069233038657,True
vector_thrust,cruise_30,0.7713792064998714,28.92672024374518,54.89916296663568,333.5324317392944,404.21301248640935,248.36867753216004,2.86375393709165,2.861691048992432,274.49581483317843,8.109501511996223,True
vector_thrust,cruise_30,0.7706505343216521,28.89939503706196,54.90990665805717,333.4735692529225,404.1553138476347,248.4172948339209,2.8665168203758054,2.8622512150272863,274.5495332902858,8.13668156692334,True
vector_thrust,cruise_30,0.7698415880301396,28.86905955113024,54.921826253318926,333.408293235587,404.09134148474493,248.47123333019502,2.8695901810046425,2.8628726915899407,274.60913126659466,8.16684915194811,True
vector_thrust,cruise_30,0.7691125894205291,28.841722103269845,54.932560911311995,333.3495324617522,404.0337659737175,248.519809753928,2.8723653217490543,2.8634323866302736,274.66280455656,8.194029206875229,True
vector_thrust,cruise_30,0.7686080161996297,28.82280060748612,54.93998700369026,333.3088970132925,403.9939566997118,248.55341427214208,2.874289195145678,2.863819576150041,274.6999350184513,8.21283838848488,True
vector_thrust,cruise_30,0.7684279181756302,28.816046931586136,54.942636844663326,333.29439999263724,403.9797557156387,248.56540532001864,2.8749764956224055,2.863957736383116,274.71318422331666,8.219551307679799,True
vector_thrust,cruise_31,0.7684279181756302,28.816046931586136,54.94141182888394,333.26233985822364,403.94828697426817,248.5623728772956,2.8746648762221523,2.8746648762221523,274.7070591444197,8.219551307679799,True
vector_thrust,cruise_31,0.7682478148450781,28.809293056690436,54.944061158973454,333.2478496655284,403.9340946378314,248.57436179574222,2.8753524561469517,2.874803530043177,274.7203057948673,8.226264226874717,True
vector_thrust,cruise_31,0.7677431263147094,28.790367236801607,54.9514833709397,333.20726476171933,403.8943476119619,248.60794909374565,2.8772809333831346,2.8751919726893425,274.7574168546985,8.245073408484368,True
vector_thrust,cruise_31,0.7670136995428455,28.76301373285671,54.96220510386559,333.1486588229143,403.8369610462371,248.65646751932186,2.880072631856234,2.8757530962907913,274.811025519328,8.272253463411486,True
vector_thrust,cruise_31,0.7662039160518672,28.732646851945027,54.9741002252982,333.08366786856453,403.7733354089821,248.71029581069396,2.8831780793523993,2.8763756293667484,274.870501126491,8.302421048436257,True
vector_thrust,cruise_31,0.765474163455878,28.705281129595434,54.984812741360855,333.0251642129795,403.71607260296196,248.75877252774262,2.885982223844476,2.87693627060219,274.92406370680425,8.329601103363373,True
vector_thrust,cruise_31,0.7649690686297197,28.686340073614495,54.99222346007253,332.98470685427276,403.6764799029305,248.79230781599895,2.8879262210904275,2.8773241117470447,274.9611173003626,8.348410284973026,True
vector_thrust,cruise_31,0.7647887844806193,28.67957941802323,54.99486780413801,332.9702734244926,403.6623562479566,248.804274110219,2.8886207141378004,2.877462503915154,274.9743390206901,8.355123204167944,True
vector_thrust,cruise_32,0.7647887844806193,28.67957941802323,54.993626197520605,332.93822543597344,403.6309275890876,248.80120037029573,2.8883070051428192,2.8883070051428192,274.96813098760305,8.355123204167944,True
vector_thrust,cruise_32,0.7646084950995118,28.672818566231697,54.996270155214965,332.9237988662245,403.61681261860264,248.81316503752308,2.88900178825732,2.8884459017080912,274.9813507760748,8.361836123362862,True
vector_thrust,cruise_32,0.764103285351852,28.653873200694456,55.00367645645027,332.88339231720704,403.5772824640079,248.84668089814477,2.890950438848327,2.8888349838140974,275.01838228225137,8.380645304972514,True
vector_thrust,cruise_32,0.7633731056743752,28.62649146278908,55.014373563176775,332.8250443394305,403.52020954172116,248.89508943811947,2.8937712917347396,2.8893969534706327,275.0718678158839,8.40782535989963,True
vector_thrust,cruise_32,0.7625624868785141,28.596093257944286,55.02624390997126,332.76034001815026,403.4569323742531,248.94880607871858,2.896909329908311,2.890020544309842,275.13121954985627,8.437992944924401,True
vector_thrust,cruise_32,0.7618319820050923,28.56869932519097,55.03693400590822,332.70209489539525,403.3999838445813,248.9971817571107,2.8997429337146228,2.8905821324797163,275.1846700295411,8.46517299985152,True
vector_thrust,cruise_32,0.7613263667584889,28.54973875344334,55.04432921697598,332.66181660542446,403.36060880594874,249.03064713062312,2.9017073739389634,2.8909706284861736,275.2216460848799,8.48398218146117,True
vector_thrust,cruise_32,0.7611458969074449,28.54297113402919,55.04696795957077,332.64744711591794,403.34656286816687,249.0425881969289,2.9024091709949076,2.8911092510708256,275.23483979785385,8.49069510065609,True
vector_thrust,cruise_33,0.7611458969074449,28.54297113402919,55.04571161804537,332.61541173597055,403.31517488128503,249.03948137432508,2.9020934522502393,2.9020934522502393,275.22855809022684,8.49069510065609,True
vector_thrust,cruise_33,0.7609654218873791,28.536203320776725,55.0483499613992,332.6010491377629,403.301137664047,249.0514207597367,2.9027955437094977,2.9022325836523595,275.241749806996,8.497408019851008,True
vector_thrust,cruise_33,0.7604596920973046,28.517238453648925,55.05574097103384,332.56082192169896,403.2618254672685,249.08486754841417,2.9047647237931926,2.9026223439662022,275.2787048551692,8.516217201460659,True
vector_thrust,cruise_33,0.7597287611606464,28.489828543524247,55.066417467175164,332.50273331483703,403.20506775494965,249.13318226155272,2.9076153945552177,2.903185362375464,275.3320873358758,8.543397256387777,True
vector_thrust,cruise_33,0.7589173088660298,28.459399082476125,55.07826217445147,332.43831718988434,403.14214079434987,249.18678352048653,2.910786511670192,2.903809985675054,275.39131087225735,8.573564841412548,True
vector_thrust,cruise_33,0.7581860533571777,28.43197700089417,55.08892908382645,332.38033200926174,403.0855081068482,249.23505485031495,2.9136500172636235,2.904372498532266,275.44464541913226,8.600744896339666,True
vector_thrust,cruise_33,0.7576799188324491,28.41299695621685,55.09630813897155,332.3402337636206,403.0463518134759,249.26844754092406,2.9156352022034557,2.904761628433416,275.48154069485776,8.619554077949317,True
vector_thrust,cruise_33,0.7574992636886063,28.406222388322742,55.09894116204257,332.325928562655,403.0323839797842,249.28036285028173,2.9163444165215844,2.9049004792737634,275.49470581021285,8.626266997144235,True
vector_thrust,cruise_34,0.7574992636886063,28.406222388322742,55.09766529032304,332.29390624983205,403.0010372502721,249.27720425024805,2.916026453887207,2.916026453887207,275.4883264516152,8.626266997144235,True
vector_thrust,cruise_34,0.7573186034585546,28.399447629695807,55.10029791388862,332.27960797274847,402.9870781744474,249.28911787583687,2.916735967534824,2.9161658186056267,275.5014895694431,8.632979916339153,True
vector_thrust,cruise_34,0.75681235482011,28.380463305754134,55.10767286269649,332.23956106855826,402.94798502250626,249.32249233411898,2.9187259744562355,2.9165562305710027,275.5383643134825,8.651789097948805,True
vector_thrust,cruise_34,0.7560806743829089,28.353025289359092,55.11832607566271,332.18173324930564,402.8915440929497,249.37070218899066,2.92160682076575,2.9171201859176885,275.59163037831354,8.678969152875922,True
vector_thrust,cruise_34,0.755268390562558,28.322564646095934,55.13014483709378,332.1176068943233,402.8289690860056,249.42418659554764,2.9248115412138387,2.9177458425831655,275.6507241854689,8.709136737900693,True
vector_thrust,cruise_34,0.7545363861979555,28.295114482423337,55.14078827682189,332.05988307359274,402.77265381435683,249.47235222279508,2.927705422809113,2.918309280558347,275.70394138410944,8.736316792827811,True
vector_thrust,cruise_34,0.7540297336289008,28.276115011083785,55.14815103860278,332.0199658534499,402.73371735527246,249.50567153013486,2.929711684550907,2.918699047372044,275.74075519301385,8.755125974437462,True
vector_thrust,cruise_34,0.753848893632906,28.26933351123398,55.150778236393116,332.00572529120103,402.7198280143325,249.51756060290722,2.9304284322069014,2.9188381248734174,275.75389118196557,8.761838893632381,True
vector_thrust,cruise_35,0.753848893632906,28.26933351123398,55.14948451464307,331.97371651159057,402.68852313488355,249.51435778872343,2.930108297219263,2.930108297219263,275.7474225732153,8.761838893632381,True
vector_thrust,cruise_35,0.7536680486278635,28.262551823544886,55.15211130416843,331.9594829053999,402.6746425887218,249.52624514032644,2.930825348866866,2.930247893304525,275.76055652084216,8.7685518128273,True
vector_thrust,cruise_35,0.7531612823618223,28.243548088568346,55.15946988333242,331.91961729318973,402.6357695695191,249.5595458737462,2.9328365083069445,2.9306389519841196,275.7973494166621,8.78736099443695,True
vector_thrust,cruise_35,0.7524288541932084,28.216082032245318,55.170099366426676,331.8620516780361,402.57964699491674,249.60764885327487,2.9357480024446505,2.9312038370700404,275.8504968321334,8.814541049364069,True
vector_thrust,cruise_35,0.7516157408177242,28.185590280664663,55.18189168560317,331.79821666547645,402.51742568680504,249.66101416592952,2.9389868527243856,2.931830519024453,275.90945842801585,8.844708634388839,True
vector_thrust,cruise_35,0.7508829893791454,28.15811210171796,55.192511208170124,331.7407556216075,402.46142940351444,249.7090720697475,2.9419115867833474,2.932394874775248,275.9625560408506,8.871888689315957,True
vector_thrust,cruise_35,0.7503758200023036,28.13909325008639,55.19985736645949,331.7010204076671,402.4227138670094,249.74231659343565,2.943939256207658,2.932785273370179,275.99928683229746,8.890697870925608,True
vector_thrust,cruise_35,0.7501947955961692,28.13230483485635,55.20247862823277,331.6868448341699,402.4089034072444,249.75417892958848,2.9446636555233003,2.9329245756928746,276.01239314116384,8.897410790120526,True
vector_thrust,cruise_36,0.7501947955961692,28.13230483485635,55.201166558601905,331.65485005361444,402.3776409702318,249.7509306765327,2.944341316878065,2.944341316878065,276.0058327930095,8.897410790120526,True
vector_thrust,cruise_36,0.7500137662600855,28.125516234753213,55.20378740530842,331.6406814684544,402.36383934224017,249.76279126212805,2.945066025038323,2.944481142632132,276.01893702654206,8.904123709315446,True
vector_thrust,cruise_36,0.7495064836123159,28.106493135461854,55.211129304325,331.60099812935925,402.3251875443942,249.79601686862452,2.9470986694481844,2.9448728429782363,276.05564652162496,8.922932890925097,True
vector_thrust,cruise_36,0.7487733095177117,28.078999106914193,55.221734608522404,331.5436961362703,402.26938489796095,249.84401094524296,2.950041293526715,2.9454386504503858,276.10867304261205,8.950112945852215,True
vector_thrust,cruise_36,0.7479593685980059,28.048476322425227,55.233499986832754,331.48015404020833,402.207519034975,249.89725491235032,2.9533148111272745,2.946066349461573,276.1674999341638,8.980280530876986,True
vector_thrust,cruise_36,0.7472258719035769,28.020970196384145,55.244095142072105,331.42295719161757,402.15184331353623,249.94520306003264,2.956270884036157,2.9466316154724197,276.2204757103605,9.007460585804102,True
vector_thrust,cruise_36,0.7467181869806617,28.00193201177482,55.25142438542936,331.38340496557754,402.113349788577,249.97837139360726,2.958320298946859,2.9470226406217206,276.2571219271468,9.026269767413755,True
vector_thrust,cruise_36,0.7465369786153873,27.995136698077026,55.254039599935155,331.36929473122007,402.0996185986492,249.99020649074876,2.959052470718661,2.947162165889589,276.27019799967576,9.032982686608673,True
vector_thrust,cruise_37,0.7465369786153873,27.995136698077026,55.252708649402855,331.33731441724456,402.068399198007,249.98691146643998,2.9587278954219665,2.9587278954219665,276.2635432470143,9.032982686608673,True
vector_thrust,cruise_37,0.7463557654013073,27.988341202549034,55.255323447063475,331.3232112036107,402.0546768769358,249.9987448039938,2.959460381231434,2.9588679492580297,276.2766172353174,9.03969560580359,True
vector_thrust,cruise_37,0.7458479676431773,27.96929878661916,55.26264835382378,331.2837111197644,402.0162473897402,250.03189387426735,2.961514850011111,2.959260286114189,276.3132417691189,9.058504787413241,True
vector_thrust,cruise_37,0.7451140494648767,27.941776854932883,55.27322902764258,331.2266741681372,401.9607662456532,250.0797770093616,2.9644890962221235,2.959827008454541,276.3661451382129,9.08568484234036,True
vector_thrust,cruise_37,0.7442992830528312,27.911223114481174,55.2849669632099,331.1634265642212,401.8992575751359,250.1328973648439,2.967797829855803,2.960455716080305,276.4248348160495,9.11585242736513,True
vector_thrust,cruise_37,0.7435650429576279,27.883689110911053,55.29553729860325,331.1064953307289,401.84390398997164,250.18073371310444,2.9707857381971,2.9610218846736256,276.4776864930163,9.143032482292249,True
vector_thrust,cruise_37,0.7430568437759428,27.864631641597864,55.302849313534395,331.06712707525037,401.8056335661578,250.21382444104458,2.97285724346498,2.9614135310172762,276.514246567672,9.1618416639019,True
vector_thrust,cruise_37,0.7428754519116659,27.85782944668748,55.305458368851994,331.053082530763,401.7919820349535,250.22563179380725,2.9735973110208587,2.9615532773095326,276.52729184425993,9.168554583096817,True
vector_thrust,cruise_38,0.7428754519116659,27.85782944668748,55.304107998324916,331.02111715258224,401.7608062661756,250.22228867857473,2.973270465790247,2.973270465790247,276.52053999162456,9.168554583096817,True
vector_thrust,cruise_38,0.7426940552818441,27.851027073069154,55.30671662501216,331.0070796613147,401.7471636410006,250.23409422219385,2.974010852198527,2.9734107453567105,276.5335831250608,9.175267502291737,True
vector_thrust,cruise_38,0.7421857437105357,27.831965389145093,55.31402422565549,330.96776381581196,401.70895755437596,250.26716533910326,2.9760874918704174,2.9738037134479893,276.57012112827744,9.194076683901388,True
vector_thrust,cruise_38,0.7414510833281648,27.804415624806186,55.32457981520717,330.9109933264202,401.6537994877036,250.31493548325165,2.979093862749686,2.974371342972493,276.6228990760359,9.221256738828506,True
vector_thrust,cruise_38,0.7406354935171324,27.773831006892472,55.336289803756316,330.8480417918101,401.5926497579676,250.36792995013883,2.982438372686726,2.975001050597973,276.68144901878156,9.251424323853277,True
vector_thrust,cruise_38,0.7399005119136268,27.746269196761013,55.34683486454939,330.79137759458337,401.53761988435645,250.41565244556838,2.985458623510574,2.975568113935791,276.7341743227469,9.278604378780393,True
vector_thrust,cruise_38,0.739391799786373,27.727192491988994,55.354129336016015,330.7521942932516,401.4995736518704,250.4486641453642,2.987552571282726,2.9759603760022393,276.77064668008006,9.297413560390046,True
vector_thrust,cruise_38,0.7392102248924772,27.7203834334679,55.356732119660876,330.73821578969273,401.48600216848195,250.46044324583895,2.9883006605533535,2.976100341357604,276.7836605983044,9.304126479584964,True
vector_thrust,cruise_39,0.7392102248924772,27.7203834334679,55.35536174987069,330.70626581821114,401.4548706286136,250.4570505967999,2.987971510188756,2.987971510188756,276.77680874935345,9.304126479584964,True
vector_thrust,cruise_39,0.7390286453184992,27.71357419944373,55.35796409797132,330.6922944004811,401.44130808851855,250.46882785831573,2.988719923463647,2.988112013807215,276.7898204898566,9.310839398779882,True
vector_thrust,cruise_39,0.7385198212573519,27.6944932971507,55.36525407698,330.6531637773394,401.4033264929624,250.50181959728093,2.990819087863326,2.988505607742242,276.8262703849,9.329648580389534,True
vector_thrust,cruise_39,0.7377844205883636,27.66691577206364,55.375784125947035,330.59666117227886,401.3484930795935,250.5494746901689,2.99385809656007,2.989074136595893,276.8789206297352,9.356828635316651,True
vector_thrust,cruise_39,0.7369680095137225,27.636300356764604,55.387465660490435,330.5340072855852,401.28770403984197,250.60234097934594,2.997238954915928,2.989704835414449,276.9373283024522,9.386996220341421,True
vector_thrust,cruise_39,0.7362322883322867,27.608710812460757,55.39798498940426,330.4776115470834,401.23299945384707,250.64994755725226,3.00029206600029,2.9902727854807085,276.9899249470213,9.41417627526854,True
vector_thrust,cruise_39,0.735723064598914,27.589614922459283,55.40526160070514,330.43861418436944,401.1951785034041,250.68287879893379,3.0024088158851385,2.9906656576785764,277.0263080035257,9.43298545687819,True
vector_thrust,cruise_39,0.7355413071541549,27.582799018280813,55.40785799960399,330.42470207311214,401.18168745711216,250.6946291365711,3.003165055471004,2.990805840093133,277.03928999801997,9.439698376073109,True
vector_thrust,cruise_40,0.7355413071541549,27.582799018280813,55.40646702955981,330.39276798092703,401.15060074474457,250.69118546487147,3.0028335637461803,3.0028335637461803,277.0323351477991,9.439698376073109,True
vector_thrust,cruise_40,0.7353595451170688,27.575982941890086,55.40906298590974,330.3788629882233,401.1371186791036,250.70293393336203,3.003590132589441,3.0029742894579385,277.0453149295487,9.446411295268028,True
vector_thrust,cruise_40,0.7348502099159453,27.556882871847957,55.41633502610832,330.33991857234554,401.09936266564165,250.73584486236965,3.005712183057555,3.003368503726202,277.0816751305416,9.465220476877679,True
vector_thrust,cruise_40,0.7341140709161498,27.52927765935562,55.42683907578338,330.28368527497906,401.04485548221317,250.7833828329682,3.008784353615235,3.003937923881127,277.1341953789169,9.492400531804797,True
vector_thrust,cruise_40,0.7332968407558917,27.49863152834595,55.43849164665963,330.2213306162018,400.98442888245995,250.83611864333173,3.0122021446638443,3.004569604891679,277.1924582332981,9.522568116829568,True
vector_thrust,cruise_40,0.7325603819653284,27.47101432369982,55.44898478405129,330.1652047601208,400.9300511608566,250.88360722842424,3.015288644805103,3.005138433496268,277.24492392025644,9.549748171756685,True
vector_thrust,cruise_40,0.7320506479919007,27.45189929969628,55.45624321684979,330.1263943213427,400.8924565836545,250.91645657468976,3.0174285640704843,3.0055319101130475,277.28121608424897,9.568557353366337,True
vector_thrust,cruise_40,0.7318687084845367,27.44507656817013,55.45883311732575,330.1125489540605,400.8790463639099,250.9281776362315,3.018193085311424,3.00567230753841,277.29416558662876,9.575270272561255,True
vector_thrust,cruise_41,0.7318687084845367,27.44507656817013,55.457420917643546,330.08063121546917,400.8480050791784,250.92468138270573,3.017859214661549,3.017859214661549,277.28710458821774,9.575270272561255,True
vector_thrust,cruise_41,0.7316867644749895,27.43825366781211,55.46001036850542,330.06679299958455,400.83460387753826,250.93640054468105,3.0186240705182055,3.018000160465527,277.3000518425271,9.581983191756173,True
vector_thrust,cruise_41,0.7311769195106597,27.419134481649746,55.46726415106962,330.02803577672046,400.7970745376737,250.9692292243299,3.0207693760988334,3.0183949894350706,277.3363207553481,9.600792373365826,True
vector_thrust,cruise_41,0.7304400441747777,27.39150165655417,55.47774174035692,329.97207321162205,400.74289516149827,251.01664799090543,3.023875243742689,3.018965292686506,277.3887087017846,9.627972428292942,True
vector_thrust,cruise_41,0.7296219971501235,27.360824893129635,55.489364835286615,329.9100193620879,400.68283275248587,251.0692510096191,3.027330564240671,3.01959794669196,277.4468241764331,9.658140013317713,True
vector_thrust,cruise_41,0.7288848027582204,27.33318010343327,55.49983131914605,329.8541648133031,400.62878347268713,251.11661951599874,3.030450993544853,3.020167645466408,277.49915659573026,9.685320068244831,True
vector_thrust,cruise_41,0.7283745599378019,27.314045997667577,55.50707125346035,329.81554228458657,400.59141636035497,251.14938552217237,3.032614457320212,3.020561720665045,277.5353562673018,9.704129249854482,True
vector_thrust,cruise_41,0.7281924388657315,27.307216457464936,55.509654541257994,329.80176401323956,400.57808735676025,251.16107679176835,3.0333873943693694,3.0207023310087022,277.54827270629,9.7108421690494,True
vector_thrust,cruise_42,0.7281924388657315,27.307216457464936,55.50822045579486,329.7698631042489,400.5470921013448,251.1575263364668,3.033051105981068,3.033051105981068,277.54110227897434,9.7108421690494,True
vector_thrust,cruise_42,0.7280103133841099,27.300386751904128,55.51080328398312,329.7560920172659,400.5337721534062,251.16921566432345,3.03382438297261,3.033192269693344,277.5540164199156,9.71755508824432,True
vector_thrust,cruise_42,0.7274999600606484,27.28124850227432,55.51803848811951,329.7175229739727,400.49647057906867,251.20196064648755,3.0359933206011602,3.03358770759169,277.59019244059755,9.73636426985397,True
vector_thrust,cruise_42,0.7267623504228924,27.25358814085847,55.5284891534084,329.6618325668703,400.44262058805947,251.24925811609543,3.0391334320285077,3.0341588855476,277.64244576704203,9.763544324781089,True
vector_thrust,cruise_42,0.7259434887989372,27.222880829960154,55.54008225754024,329.6000811091696,400.38292412117653,251.3017260187964,3.042626891548966,3.034792503152602,277.70041128770123,9.79371190980586,True
vector_thrust,cruise_42,0.7252055608530492,27.19520853198935,55.550521623546075,329.54449929367837,400.3292048611584,251.34897235020478,3.0457818017352674,3.0353630635487887,277.7526081177304,9.820891964732976,True
vector_thrust,cruise_42,0.7246948106061054,27.17605539772896,55.557742737786455,329.50606566191635,400.2920663057037,251.38165356440473,3.047969193222792,3.035757731366711,277.7887136889323,9.839701146342628,True
vector_thrust,cruise_42,0.7245125084770108,27.16921906788791,55.560319298092956,329.4923548387368,400.2788189079945,251.39331452370826,3.048750683122637,3.035898552492115,277.8015964904648,9.846414065537546,True
vector_thrust,cruise_43,0.7245125084770108,27.16921906788791,55.55886267529965,329.4604712370754,400.24787028512236,251.3897083159651,3.048411938487392,3.048411938487392,277.7943133764982,9.846414065537546,True
vector_thrust,cruise_43,0.7243302020336094,27.16238257626036,55.561438722287,329.4467676313538,400.23463198072307,251.40136711402212,3.049193771617247,3.0485533158708322,277.80719361143497,9.853126984732464,True
vector_thrust,cruise_43,0.7238193417828553,27.143225316857084,55.56865502659495,329.4083877549589,400.19755926421874,251.4340269475821,3.0513867263999184,3.04894935685119,277.8432751329748,9.871936166342117,True
vector_thrust,cruise_43,0.7230809999175775,27.115537496909162,55.579078302458456,329.35297093267974,400.1440402368169,251.48120101900815,3.054561640121275,3.049521400963439,277.89539151229224,9.899116221269233,True
vector_thrust,cruise_43,0.722261326004009,27.084799725150347,55.59064089826624,329.2915234506032,400.0847114640154,251.53353146940057,3.0580938613903443,3.0501559725646046,277.9532044913312,9.929283806294004,True
vector_thrust,cruise_43,0.7215226665917072,27.057099997189024,55.601052679682006,329.23621579546824,400.0313238022418,251.58065351880043,3.0612838160958082,3.050727385845279,278.00526339841,9.956463861221122,True
vector_thrust,cruise_43,0.7210114103665565,27.03792788874587,55.60825465063101,329.1979720482819,399.99441489599917,251.6132484818794,3.06349552678525,3.051122640190614,278.04127325315505,9.975273042830773,True
vector_thrust,cruise_43,0.7208289276980646,27.03108478867743,55.6108243680427,329.1843290257597,399.9812494940256,251.62487860990262,3.0642857095429865,3.051263669914343,278.0541218402135,9.981985962025693,True
vector_thrust,cruise_44,0.7208289276980646,27.03108478867743,55.609344381512116,329.1524632108959,399.95034810847943,251.6212144451722,3.0639444616531715,3.0639444616531715,278.0467219075606,9.981985962025693,True
vector_thrust,cruise_44,0.7206464408132024,27.024241530495097,55.61191363897021,329.1388274390547,399.93719183757196,251.63284262644092,3.0647349963092787,3.0640860558413876,278.05956819485107,9.98869888122061,True
vector_thrust,cruise_44,0.7201350750951016,27.005065316066318,55.61911071941552,329.1006377176082,399.90034907152364,251.66541584875904,3.066952361637838,3.064482693876618,278.0955535970776,10.007508062830262,True
vector_thrust,cruise_44,0.7193960031173127,26.977350116899235,55.62950613756654,329.04549590801116,399.8471625866128,251.71246440811572,3.0701626482399638,3.0650555953833036,278.14753068783267,10.03468811775738,True
vector_thrust,cruise_44,0.7185755192689928,26.946581972587232,55.641037704996855,328.98435398647683,399.78820326031456,251.76465505854011,3.0737342674971377,3.065691111171074,278.20518852498424,10.06485570278215,True
vector_thrust,cruise_44,0.7178361305185871,26.91885489444702,55.65142143284655,328.92932191975945,399.73514877565293,251.81165070883574,3.0769598426060445,3.06626336841402,278.2571071642327,10.092035757709267,True
vector_thrust,cruise_44,0.7173243697917607,26.899663867191034,55.6586039357061,328.8912690454512,399.69847061122476,251.84415795455027,3.079196272499909,3.0666592030644892,278.29301967853047,10.11084493931892,True
vector_thrust,cruise_44,0.7171417071115728,26.892814016683985,55.66116669401938,328.877694176318,399.6853875949304,251.85575672677697,3.0799952911564965,3.066800439144302,278.3058334700969,10.117557858513837,True
vector_thrust,cruise_45,0.7171417071115728,26.892814016683985,55.65966262763581,328.84584662947,399.6545340530489,251.85203290490728,3.0796514985224865,3.0796514985224865,278.298313138179,10.117557858513837,True
vector_thrust,cruise_45,0.7169590403326374,26.88596401247391,55.662224922231374,328.83227904533493,399.6414602066013,251.86362971330587,3.0804508749930424,3.079793304518455,278.31112461115686,10.124270777708755,True
vector_thrust,cruise_45,0.7164471706150963,26.866768898066116,55.66940245382302,328.79428046639805,399.6048484827752,251.8961148574636,3.0826930529335996,3.080190533485524,278.34701226911506,10.143079959318408,True
vector_thrust,cruise_45,0.7157073706779535,26.83902640042327,55.679769543781305,328.7394150981374,399.5519961194348,251.94303578090526,3.0859392954491716,3.080764283439108,278.3988477189065,10.170260014245525,True
vector_thrust,cruise_45,0.7148860808619827,26.808228032324354,55.69094064397663,328.6805274039338,399.49535506931295,251.9935956141158,3.089551006839895,3.0813825300512794,278.4547032198832,10.200427599270295,True
vector_thrust,cruise_45,0.7141459784616294,26.78047419231111,55.699845317194836,328.6329051433316,399.449768095445,252.0338977139165,3.092799306149024,3.081875344902179,278.49922658597416,10.227607654197413,True
vector_thrust,cruise_45,0.7136337409545244,26.76126528579467,55.705285434080864,328.60337227932274,399.42164984746506,252.05851940716548,3.095043474379136,3.082176419440414,278.5264271704043,10.246416835807064,True
vector_thrust,cruise_45,0.7134509124455872,26.754409216709526,55.70722933786332,328.5933135877556,399.41209724328814,252.06731741714225,3.09584989922129,3.082284001675492,278.5361466893166,10.253129755001984,True
vector_thrust,cruise_46,0.7134509124455872,26.754409216709526,55.705700526902376,328.56490394752944,399.3847112803749,252.06353232995795,3.095535753297168,3.095535753297168,278.5285026345119,10.253129755001984,True
vector_thrust,cruise_46,0.7132680820900466,26.74755307837675,55.70764556752519,328.5548340140306,399.3751493179059,252.07233559272484,3.0963424630849583,3.095643864194404,278.538227837626,10.259842674196902,True
vector_thrust,cruise_46,0.7127557658267638,26.728341218503648,55.71310202712628,328.52658757899997,399.3483295975711,252.09703155997258,3.0986052160939095,3.0959471498338256,278.5655101356314,10.278651855806553,True
vector_thrust,cruise_46,0.7120153508933366,26.700575658500128,55.72100401642123,328.48568926126944,399.3095018282094,252.13279600754436,3.10188126058409,3.096386364999669,278.6050200821062,10.305831910733671,True
vector_thrust,cruise_46,0.7111934184512884,26.669753191923323,55.72979836475744,328.44018332669,399.26630633298606,252.17259927721983,3.105526104443304,3.096875180034671,278.64899182378724,10.335999495758442,True
vector_thrust,cruise_46,0.7104527619726108,26.64197857397291,55.73774327425467,328.39908271489355,399.22729844627895,252.20855798262343,3.1088178704284775,3.097316780837414,278.68871637127336,10.363179550685558,True
vector_thrust,cruise_46,0.709940144506853,26.622755419006992,55.74325325865528,328.37058402304996,399.20025412306666,252.23349620242033,3.11110022815414,3.0976230415261035,278.71626629327636,10.381988732295211,True
vector_thrust,cruise_46,0.7097571801034264,26.615894253878494,55.74522211492798,328.36040182462244,399.19059220283424,252.24240725696498,3.111915662650994,3.097732476190006,278.7261105746399,10.388701651490129,True
vector_thrust,cruise_47,0.7097571801034264,26.615894253878494,55.743667925415565,328.33183648207273,399.16308000263655,252.23855931327003,3.11159747709209,3.11159747709209,278.71833962707785,10.388701651490129,True
vector_thrust,cruise_47,0.7095742138649803,26.609033019936767,55.74563791998731,328.32164301638625,399.1534087023661,252.24747563232714,3.112413201347454,3.1117074681892425,278.72818959993657,10.395414570685046,True
vector_thrust,cruise_47,0.7090615163806672,26.589806864275026,55.75116435805632,328.2930503498386,399.12628253065077,252.27248863803783,3.114701255148982,3.112016026903167,278.75582179028163,10.4142237522947,True
vector_thrust,cruise_47,0.70832054930121,26.56202059879538,55.75916758884122,328.2516514467904,399.0870116817233,252.30871176309722,3.118013970458441,3.112462872876495,278.7958379442061,10.441403807221816,True
vector_thrust,cruise_47,0.7074980022690528,26.531175085089483,55.768074476113185,328.2055895346077,399.0433240657159,252.3490248941591,3.1216996690967163,3.112960172881884,278.84037238056595,10.471571392246586,True
vector_thrust,cruise_47,0.7067567904807369,26.503379643027642,55.77612093406201,328.1639876698257,399.003872486376,252.38544366807727,3.1250283827754477,3.113409432366045,278.88060467031005,10.498751447173705,True
vector_thrust,cruise_47,0.7062437878489776,26.48414204433666,55.78170127564621,328.1351419138934,398.9765209472978,252.4107006444793,3.1273363863517205,3.1137210006855973,278.9085063782311,10.517560628783356,True
vector_thrust,cruise_47,0.7060606858069669,26.477275717761266,55.78369525942918,328.12483581274785,398.9667493490349,252.41972554028337,3.1281609891324376,3.1138323311780143,278.9184762971459,10.524273547978275,True
vector_thrust,cruise_48,0.7060606858069669,26.477275717761266,55.782114791984505,328.0961167153148,398.9391128698333,252.4158125088263,3.127838708350667,3.127838708350667,278.9105739599225,10.524273547978275,True
vector_thrust,cruise_48,0.7058775819235799,26.470409322134252,55.784109841824886,328.085799321249,398.92933186941457,252.4248423822824,3.1286636022012995,3.1279506030352624,278.92054920912443,10.530986467173193,True
vector_thrust,cruise_48,0.7053644982773737,26.45116868540152,55.789706753436676,328.0568593111829,398.9018982292856,252.45017467872208,3.130977403027511,3.1282645110134824,278.94853376718333,10.549795648782844,True
vector_thrust,cruise_48,0.7046229719023851,26.42336144633945,55.79781194415645,328.01495821097836,398.8621828265453,252.4868597493088,3.1343274366389915,3.128719098159427,278.9890597207822,10.576975703709962,True
vector_thrust,cruise_48,0.7037998023312187,26.39249258742071,55.806832169092736,327.9683385253182,398.8180014470912,252.52768637587897,3.1380547122636746,3.1292250058585065,279.03416084546365,10.607143288734733,True
vector_thrust,cruise_48,0.7030580280593614,26.364676052226056,55.81498089361226,327.92623378331984,398.7781046893754,252.56456848780851,3.1414210274100225,3.1296820346642393,279.0749044680613,10.634323343661851,True
vector_thrust,cruise_48,0.7025446352903275,26.34542382338729,55.82063209187925,327.89703983584485,398.7504449030631,252.5901464944667,3.1437551311554195,3.1299989873880514,279.10316045939624,10.653132525271502,True
vector_thrust,cruise_48,0.70236139383416,26.338552268781005,55.82265138114961,327.8866094289124,398.7405632580429,252.59928604195787,3.14458906470089,3.130112241110691,279.1132569057481,10.65984544446642,True
vector_thrust,cruise_49,0.70236139383416,26.338552268781005,55.82104346160427,327.85773553968306,398.712801582853,252.59530465526674,3.144262590711671,3.144262590711671,279.10521730802134,10.65984544446642,True
vector_thrust,cruise_49,0.702178150532281,26.331680644960542,55.82306410586475,327.84729381384045,398.70291051327325,252.6044503572668,3.145096834934162,3.144376434825693,279.11532052932375,10.666558363661338,True
vector_thrust,cruise_49,0.7016646757501969,26.312425340632387,55.828732064811426,327.81800532800713,398.6751683689675,252.63010452028453,3.1474368431464113,3.144695773402405,279.1436603240571,10.68536754527099,True
vector_thrust,cruise_49,0.7009225828818983,26.284596858071193,55.83693992998834,327.7756003894726,398.6350069110288,252.66725479540543,3.1508248571023048,3.1451582135908978,279.1846996499417,10.712547600198107,True
vector_thrust,cruise_49,0.7000987827693285,26.253704353849823,55.84607429215384,327.72842110181773,398.59033009526553,252.7085985626581,3.15459444844584,3.145672853642933,279.2303714607692,10.742715185222877,True
vector_thrust,cruise_49,0.6993564387917043,26.225866454688916,55.85432601253734,327.685811828879,398.5499866461425,252.7459473343365,3.1579990343428124,3.146137764682185,279.2716300626867,10.769895240149996,True
vector_thrust,cruise_49,0.6988426508805818,26.206599408021827,55.86004857535401,327.6562685419499,398.5220175622991,252.77184868364785,3.160359703395267,3.1464601801910552,279.30024287677,10.788704421759647,True
vector_thrust,cruise_49,0.6986592682226901,26.199722558350885,55.86209335209685,327.64571341885147,398.5120254950306,252.78110371122304,3.161203134109888,3.146575385170896,279.31046676048425,10.795417340954566,True
vector_thrust,cruise_50,0.6986592682226901,26.199722558350885,55.86045743490485,327.6166836851497,398.48413769338214,252.7770533319121,3.160872400074679,3.160872400074679,279.3022871745242,10.795417340954566,True
vector_thrust,cruise_50,0.6984758837171613,26.192845639393553,55.8625033664035,327.60611721683694,398.4741361788779,252.78631370914806,3.161716136533865,3.16098819725814,279.3125168320175,10.802130260149484,True
vector_thrust,cruise_50,0.6979620127951545,26.173575479818297,55.86824272170775,327.57647910261375,398.4460844757793,252.81229140902656,3.164082811593298,3.161313037640133,279.34121360853874,10.820939441759135,True
vector_thrust,cruise_50,0.6972193461933449,26.14572548225044,55.8765540058132,327.53356865511,398.40547543398986,252.84991027615797,3.1675094846037566,3.161783445999082,279.38277002906597,10.848119496686254,True
vector_thrust,cruise_50,0.6963949074891386,26.1148090308427,55.88580333965561,327.48582790412456,398.36030147868223,252.89177497845037,3.1713221490974433,3.162306946768907,279.4290166982781,10.878287081711024,True
vector_thrust,cruise_50,0.6956519865401604,26.086949495256015,55.894158795192354,327.44271241686516,398.3195097976734,252.92959377919928,3.174765690891452,3.162779855214968,279.4707939759617,10.905467136638142,True
vector_thrust,cruise_50,0.6951377984520236,26.067667441950892,55.899953239563196,327.41281862200043,398.2912303469629,252.95582082548458,3.177153401536388,3.1631078135705466,279.499766197816,10.924276318247793,True
vector_thrust,cruise_50,0.6949542727940717,26.0607852297777,55.902023688418716,327.4021383650058,398.28112747515115,252.9651921740543,3.178006499783678,3.1632249984045933,279.5101184420936,10.930989237442711,True
vector_thrust,cruise_51,0.6949542727940717,26.0607852297777,55.900358491013414,327.37295171852645,398.2531126032402,252.96106926823433,3.1776714011515184,3.1776714011515184,279.50179245506706,10.930989237442711,True
vector_thrust,cruise_51,0.6947707452901541,26.053902948380788,55.90243010067942,327.3622600897469,398.24300026128805,252.97044599749896,3.178524810725114,3.17778919067742,279.5121505033971,10.93770215663763,True
vector_thrust,cruise_51,0.6942564731919001,26.034617744696263,55.90824145370933,327.33227117381466,398.21463792562344,252.99674993163046,3.180918635595677,3.1781196180410816,279.54120726854666,10.956511338247282,True
vector_thrust,cruise_51,0.6935132255721891,26.006745958957097,55.916656623611885,327.28885351683107,398.17357974367934,253.0348396607304,3.1843846478552917,3.178598097370682,279.58328311805946,10.9836913931744,True
vector_thrust,cruise_51,0.6926881401775232,25.97580525665713,55.92602193294871,327.24054940795406,398.127906914835,253.07722978659405,3.1882411690310755,3.1791305978500555,279.63010966474354,11.01385897819917,True
vector_thrust,cruise_51,0.6919446349453888,25.947923810452085,55.934482002613784,327.19692599288277,398.08666543358555,253.11552255887526,3.1917243748413497,3.1796116277875903,279.6724100130689,11.041039033126287,True
vector_thrust,cruise_51,0.691430041612183,25.92862656045687,55.940348918521764,327.1666805006731,398.0580745272962,253.14207795716055,3.1941396181235886,3.1799452140185527,279.7017445926088,11.05984821473594,True
vector_thrust,cruise_51,0.6912463711440023,25.921738917900093,55.94244516072701,327.155874684574,398.0478604617223,253.1515662125917,3.195002554973634,3.1800644045248925,279.712225803635,11.066561133930858,True
vector_thrust,cruise_52,0.6912463711440023,25.921738917900093,55.94074956945245,327.12653004107585,398.0197175621384,253.14736802687284,3.194662995177277,3.194662995177277,279.70374784726226,11.066561133930858,True
vector_thrust,cruise_52,0.6910626988327653,25.914851206228704,55.942847124548706,327.1157128262639,398.0094940032073,253.15686228573838,3.1955262565256657,3.194782810594284,279.71423562274356,11.073274053125775,True
vector_thrust,cruise_52,0.6905480204920879,25.8955507684533,55.948730958391586,327.08537191445896,397.9808199419033,253.18349467747873,3.1979477192688353,3.195118905403522,279.7436547919579,11.092083234735426,True
vector_thrust,cruise_52,0.6898041845156482,25.867656919336813,55.957251318127604,327.04144531685273,397.93931103513756,253.22206093737523,3.2014538098023655,3.1956056029517286,279.786256590638,11.119263289662545,True
vector_thrust,cruise_52,0.6889784442706127,25.83669166014798,55.96673310658316,326.9925759214051,397.89313756717087,253.26497895718404,3.205354963756057,3.1961472187337856,279.8336655329158,11.149430874687315,True
vector_thrust,cruise_52,0.6882343473947674,25.80878802730378,55.97529830860388,326.94844283445696,397.85144468901257,253.30374818942258,3.2088785396295476,3.1966364777474157,279.8764915430194,11.176610929614434,True
vector_thrust,cruise_52,0.6877193437185825,25.78947538944685,55.981237907908984,326.91784443444556,397.8225412189403,253.33063306801142,3.211321798569712,3.19697575888404,279.9061895395449,11.195420111224085,True
vector_thrust,cruise_52,0.6875355266198955,25.782582248246086,55.98336015037889,326.90691262653536,397.8122155634409,253.3402391650677,3.212194753500855,3.197096985673925,279.91680075189447,11.202133030419002,True
vector_thrust,cruise_53,0.6875355266198955,25.782582248246086,55.98163332404267,326.87740888536035,397.78394366472895,253.33596415394285,3.211850649511597,3.211850649511597,279.90816662021336,11.202133030419002,True
vector_thrust,cruise_53,0.6873517076843642,25.77568903816366,55.98375686266211,326.8664656515348,397.7736084924192,253.34557619343022,3.21272393363331,3.211972513122134,279.9187843133106,11.208845949613922,True
vector_thrust,cruise_53,0.6868366180019531,25.756373175073243,55.9897138177121,326.83577152847283,397.74462159274884,253.37253990855004,3.2151735417967764,3.212314365200697,279.94856908856053,11.227655131223573,True
vector_thrust,cruise_53,0.686092186292788,25.728456985979555,55.99833991319586,326.7913342287921,397.7026603484209,253.4115853042979,3.21872042756986,3.2128093915587272,279.99169956597933,11.254835186150691,True
vector_thrust,cruise_53,0.6852657829955359,25.6974668623326,56.007939228564545,326.7418975843379,397.65598444447727,253.45503590119898,3.2226670366507495,3.2133602680532847,280.0396961428227,11.285002771175462,True
vector_thrust,cruise_53,0.684521087071036,25.669540765163855,56.01661052263781,326.6972530506916,397.61383854425094,253.494285877777,3.226231728021638,3.2138578881333486,280.08305261318907,11.312182826102578,True
vector_thrust,cruise_53,0.6840056679169788,25.65021254688671,56.02262381000354,326.6663005108389,397.5846213821977,253.52150458195942,3.228703538044649,3.2142029730209174,280.1131190500177,11.330992007712231,True
vector_thrust,cruise_53,0.6838217023524875,25.643313838218287,56.024772420747766,326.6552422706242,397.5741837333961,253.53123010991857,3.2295867030764,3.2143262754639665,280.1238621037388,11.337704926907149,True
vector_thrust,cruise_54,0.6838217023524875,25.643313838218287,56.023012407073026,326.6255783149251,397.54578185029754,253.52687233921333,3.2292379143585492,3.2292379143585492,280.1150620353651,11.337704926907149,True
vector_thrust,cruise_54,0.683637734962454,25.63641506109203,56.02516219397129,326.6145086213957,397.5353346610682,253.53660333047597,3.230121408043459,3.229361860532932,280.12581096985645,11.344417846102067,True
vector_thrust,cruise_54,0.6831222288070185,25.6170835802632,56.03119275134184,326.5834600502685,397.50603379045606,253.56390059474353,3.2325996728165753,3.2297095529093562,280.1559637567092,11.36322702771172,True
vector_thrust,cruise_54,0.6823771939397076,25.58914477273904,56.039925374303515,326.53851025590893,397.4636185669627,253.6034287348617,3.2361881004750845,3.2302130331423426,280.1996268715176,11.390407082638836,True
vector_thrust,cruise_54,0.6815501193338628,25.55812947501986,56.04964310182386,326.4885043653549,397.4164383980759,253.64741594199765,3.2401809979083196,3.230773309675239,280.2482155091193,11.420574667663606,True
vector_thrust,cruise_54,0.6808048169084977,25.530180634068667,56.05842125567938,326.4433465789523,397.37383782167774,253.68715017732092,3.2437875577523476,3.2312794149966195,280.2921062783969,11.447754722590725,True
vector_thrust,cruise_54,0.6802889771130707,25.510836641740156,56.064508589363676,326.41203864572185,397.34430581952506,253.71470443904815,3.2462884331612196,3.2316303808167346,280.3225429468184,11.466563904200376,True
vector_thrust,cruise_54,0.6801048612390738,25.503932296465273,56.06668364413285,326.4008535251019,397.3337557669943,253.72454980510344,3.247181989584245,3.23175578381269,280.33341822066427,11.473276823395294,True
vector_thrust,cruise_55,0.6801048612390738,25.503932296465273,56.06488947936894,326.37102822143254,397.3052229000776,253.72010746706326,3.2468284259817635,3.2468284259817635,280.3244473968447,11.473276823395294,True
vector_thrust,cruise_55,0.6799207435534133,25.497027883253,56.06706570335202,326.3598316198025,397.2946632832459,253.72995827565902,3.2477223164560756,3.246954485700431,280.3353285167601,11.479989742590213,True
vector_thrust,cruise_55,0.67940481576186,25.477680591069756,56.07317043137987,326.32842734213364,397.265047289036,253.75759167354013,3.2502297656553165,3.2473081072665044,280.36585215689934,11.498798924199864,True
vector_thrust,cruise_55,0.6786591702647164,25.44971888492687,56.08201037531716,326.28296322909966,397.22217641568136,253.797606181487,3.253860499590567,3.2478201685420203,280.41005187658584,11.525978979126982,True
vector_thrust,cruise_55,0.6778314160423125,25.418678101586725,56.0918474162453,326.2323860604065,397.1744901204958,253.84213410554355,3.257900539160916,3.2483899875091495,280.4592370812265,11.556146564151753,True
vector_thrust,cruise_55,0.6770854996171436,25.390706235642888,56.10073324521726,326.18671318360856,397.13143318455025,253.8823563146876,3.261549740800304,3.2489047067141366,280.5036662260863,11.58332661907887,True
vector_thrust,cruise_55,0.6765692339833036,25.37134627437389,56.10689519113738,326.1550485815122,397.1015851738317,253.91024871260524,3.2640802190244544,3.24926164267531,280.5344759556869,11.602135800688522,True
vector_thrust,cruise_55,0.6763849659434793,25.364436222880478,56.10909689434104,326.1437361245157,397.0909222998494,253.92021484711043,3.264984359205742,3.249389178207009,280.5454844717052,11.60884871988344,True
vector_thrust,cruise_56,0.6763849659434793,25.364436222880478,56.107267130344766,326.11374832263687,397.062257435347,253.91568430416035,3.2646259052917905,3.2646259052917905,280.53633565172385,11.60884871988344,True
vector_thrust,cruise_56,0.67620069610972,25.357526104114505,56.10947002325585,326.10242435669596,397.05158497298726,253.92565597141436,3.265530386468044,3.264754112272488,280.5473501162793,11.615561639078358,True
vector_thrust,cruise_56,0.6756843414872845,25.338162805773173,56.11564949026296,326.07066309209443,397.02165268220887,253.95362809290336,3.268067560447951,3.2651137533584227,280.57824745131484,11.63437082068801,True
vector_thrust,cruise_56,0.6749380778425627,25.310177919096105,56.124597578744165,326.02468280464166,396.9783244588647,253.99413272192655,3.2717413848137604,3.2656345264707873,280.62298789372085,11.661550875615127,True
vector_thrust,cruise_56,0.6741096356441255,25.279111336654715,56.13455485103291,325.9735322904191,396.9301301432507,254.03920554617005,3.2758294415224274,3.2662140334439513,280.67277425516454,11.691718460639898,True
vector_thrust,cruise_56,0.673363097673595,25.251116162759818,56.143549185470484,325.9273424536408,396.8866151347628,254.07991951313824,3.279522077518383,3.2667374980406176,280.7177459273524,11.718898515567016,True
vector_thrust,cruise_56,0.6728464009718965,25.231740036446123,56.14978632014165,325.8953198850287,396.85644992646365,254.10815267442646,3.2820827093813874,3.2671004953480995,280.74893160070826,11.737707697176667,True
vector_thrust,cruise_56,0.6726619788983372,25.224824208687654,56.1520148778818,325.88387962776443,396.8456738059638,254.11824051658735,3.282997630374181,3.2672301960041943,280.760074389409,11.744420616371585,True
vector_thrust,cruise_57,0.6726619788983372,25.224824208687654,56.15014993655302,325.8537281604763,396.81687591563553,254.1136258928578,3.2826342688662176,3.2826342688662176,280.7507496827651,11.744420616371585,True
vector_thrust,cruise_57,0.6724775550526962,25.217908314476112,56.15237777423704,325.84227636611155,396.80609018249413,254.12371149614265,3.2835494363731614,3.282764554469159,280.7618888711852,11.751133535566504,True
vector_thrust,cruise_57,0.6719607683729114,25.198528813984183,56.158632558156405,325.8101568120157,396.7758404016181,254.15202497567378,3.286116888913846,3.283130307379311,280.79316279078205,11.769942717176155,True
vector_thrust,cruise_57,0.6712138790168011,25.170520463130046,56.167689633865834,325.76365846228106,396.7320530983715,254.1930235645765,3.2898346076427503,3.2836599262552544,280.8384481693292,11.797122772103274,True
vector_thrust,cruise_57,0.6703847404314965,25.13942776618113,56.177768066677125,325.71193249938295,396.6833488350403,254.23864552664813,3.293971578060682,3.2842492697648087,280.88884033338564,11.827290357128044,True
vector_thrust,cruise_57,0.669637573323588,25.111408999634556,56.18687175106339,325.6652238007285,396.639374011049,254.27985510079031,3.297708460748691,3.284781614143467,280.93435875531696,11.85447041205516,True
vector_thrust,cruise_57,0.669120440292308,25.092016510961557,56.19318466073218,325.6328419455365,396.60889039536545,254.3084316976944,3.3002998108285224,3.2851507659980963,280.9659233036609,11.873279593664813,True
vector_thrust,cruise_57,0.668935862305563,25.08509483645862,56.19544028260055,325.6212734161029,396.5980005958524,254.31864220287906,3.301225714610319,3.285282665081051,280.9772014130028,11.879992512859731,True
vector_thrust,cruise_58,0.668935862305563,25.08509483645862,56.19353470476297,325.59095709905415,396.56906863682593,254.31392382654764,3.300857118624758,3.300857118624758,280.9676735238148,11.879992512859731,True
vector_thrust,cruise_58,0.6687512825731124,25.07817309649172,56.195791537606446,325.5793770041656,396.5581692002413,254.32413996617032,3.3017833766722635,3.300989718588972,280.97895768803227,11.886705432054649,True
vector_thrust,cruise_58,0.6682340585780372,25.058777196676402,56.202122228393684,325.54689783559803,396.52760071494663,254.35279749262378,3.3043816755157622,3.301361677775369,281.0106111419684,11.905514613664302,True
vector_thrust,cruise_58,0.6674865359012488,25.030745096296837,56.211289137353916,325.4998795032557,396.48335257177257,254.39429390201155,3.308144112085228,3.301900278714964,281.05644568676956,11.932694668591418,True
vector_thrust,cruise_58,0.6666566924674199,24.99962596752825,56.22148969244043,325.4475759523912,396.43413639990536,254.44046938086652,3.312330916140458,3.302499611444336,281.10744846220217,11.962862253616189,True
vector_thrust,cruise_58,0.6659088885839497,24.97158332189812,56.230703588422955,325.4003464572935,396.38969998714015,254.48217848947473,3.31611287839587,3.303040973104718,281.1535179421148,11.990042308543307,True
vector_thrust,cruise_58,0.665391313929282,24.952174272348078,56.237092871234545,325.3676039727924,396.358896733241,254.51110124826153,3.3187355255607134,3.303416374863281,281.1854643561727,12.008851490152958,True
vector_thrust,cruise_58,0.6652065781384187,24.945246680190703,56.23937577107498,325.3559066911876,396.3478928147038,254.52143539113953,3.3196726192243715,3.303550506445896,281.1968788553749,12.015564409347878,True
vector_thrust,cruise_59,0.6652065781384187,24.945246680190703,56.237429807033585,325.32542432269895,396.31882572932943,254.5166170189983,3.3192987622221612,3.3192987622221612,281.1871490351679,12.015564409347878,True
vector_thrust,cruise_59,0.6650218406329041,24.93831902373391,56.23971391404942,325.31371544710106,396.3078121491381,254.52695678875028,3.320236216225717,3.319433609154127,281.1985695702471,12.022277328542796,True
vector_thrust,cruise_59,0.6645041740329727,24.918906526236484,56.24612110876805,325.2808753164048,396.2769237240616,254.55596108569753,3.322865943246107,3.3198118710062756,281.2306055438402,12.041086510152446,True
vector_thrust,cruise_59,0.6637560103801706,24.890850389256403,56.255398721289744,325.233335048269,396.2322129504451,254.59795928309234,3.3266739424002947,3.3203595938475616,281.2769936064487,12.068266565079565,True
vector_thrust,cruise_59,0.6629254535849182,24.859704509434437,56.26572235799181,325.18045173356836,396.18248287528104,254.64469265735565,3.3309115222366907,3.3209690708756767,281.32861178995904,12.098434150104335,True
vector_thrust,cruise_59,0.6621770052415001,24.831637696556264,56.27504733544372,325.1326994744116,396.13758306980304,254.6869052695751,3.334739417632719,3.321519590025001,281.3752366772186,12.125614205031452,True
vector_thrust,cruise_59,0.6616589836375838,24.812211886409397,56.28151359434979,325.09959499494823,396.1064589255829,254.7161769419027,3.337393955104475,3.321901338874499,281.40756797174896,12.144423386641105,True
vector_thrust,cruise_59,0.6614740881402198,24.805278305258245,56.28382398756434,325.08776847297844,396.09534044040794,254.72663570557734,3.3383424508727093,3.322037737675199,281.41911993782173,12.151136305836022,True
vector_thrust,cruise_60,0.6614740881402198,24.805278305258245,56.281835777162954,325.0571188338172,396.06613715606693,254.72171268841694,3.337963195251083,3.337963195251083,281.40917888581475,12.151136305836022,True
vector_thrust,cruise_60,0.6612891909645059,24.798344661168976,56.284147385178414,325.04528068916625,396.0550089845342,254.73217711808735,3.33891205817316,3.3381003248295964,281.4207369258921,12.15784922503094,True
vector_thrust,cruise_60,0.6607710764395152,24.778915366481822,56.29063169495436,325.0120782257919,396.0237993630659,254.76153097200054,3.3415738101756385,3.3384849880880476,281.4531584747718,12.176658406640593,True
vector_thrust,cruise_60,0.6600222641109127,24.750834904159234,56.30002089686831,324.964014035515,395.97862413771315,254.80403499642702,3.345428238098358,3.3390419758206136,281.5001044843416,12.20383846156771,True
vector_thrust,cruise_60,0.6591909853916222,24.719661952185838,56.31046860488478,324.910548744184,395.92837813021794,254.8513307773556,3.3497175605079104,3.3396617564210342,281.5523430244239,12.23400604659248,True
vector_thrust,cruise_60,0.6584418848586342,24.691570682198787,56.319905563602845,324.86227171997257,395.88301309710306,254.8940509922959,3.3535922651110153,3.3402215771903707,281.5995278180142,12.261186101519598,True
vector_thrust,cruise_60,0.6579234109480363,24.672127910551367,56.326449425328725,324.82880385673036,395.8515667889542,254.92367443220553,3.3562793019228208,3.3406097731988362,281.6322471266436,12.27999528312925,True
vector_thrust,cruise_60,0.6577383538304609,24.66518826864229,56.32878753639693,324.816847597922,395.8403332818419,254.93425883871978,3.357239417709249,3.340748474996242,281.64393768198465,12.286708202324169,True
vector_thrust,cruise_61,0.6577383538304609,24.66518826864229,56.32675502238708,324.7860294511759,395.8109927108494,254.92922593366197,3.3568546155116556,3.3568546155116556,281.63377511193545,12.286708202324169,True
vector_thrust,cruise_61,0.6575532950764987,24.65824856536871,56.32909442481184,324.77406154087754,395.7997494925808,254.93981632481726,3.3578151090820656,3.356994067562708,281.6454721240592,12.293421121519087,True
vector_thrust,cruise_61,0.6570347272756335,24.638802272836262,56.33565647290541,324.74049535112823,395.76821739662114,254.96952257745681,3.360509498163715,3.35738523327122,281.6782823645271,12.312230303128738,True
vector_thrust,cruise_61,0.6562852585269416,24.610697194760316,56.34515816859499,324.69190521882666,395.7225758671033,255.0125365519735,3.3644112433098567,3.3579516322721936,281.72579084297496,12.339410358055856,True
vector_thrust,cruise_61,0.6554532492714209,24.57949684767829,56.35573094293241,324.6378557007375,395.67181186357936,255.0603992821988,3.368753299153404,3.3585818786720694,281.778654714662,12.369577943080627,True
vector_thrust,cruise_61,0.6547034887745061,24.551380829043985,56.365280786806636,324.5890518767439,395.6259797365827,255.10363122447117,3.372675710830475,3.3591511478267653,281.8264039340332,12.396757998007743,True
vector_thrust,cruise_61,0.6541845571688056,24.53192089383022,56.37190287878898,324.55521921750994,395.5942099691722,255.13360929508062,3.375395871072814,3.359545892777333,281.8595143939449,12.415567179617396,True
vector_thrust,cruise_61,0.6539993365062484,24.52497511898432,56.374268931901184,324.54313271702887,395.58286097705906,255.14432036752174,3.376367830152647,3.359686933934263,281.8713446595059,12.422280098812314,True
vector_thrust,cruise_62,0.6539993365062484,24.52497511898432,62.000719389018755,324.5121448079098,395.55338201650017,269.40196975890404,3.5647013135709233,3.5647013135709233,310.00359694509376,12.422280098812314,True
vector_thrust,cruise_62,0.6537953725092911,24.51732646909842,62.00357809687644,324.49888746228675,395.5409379915858,269.41439380627247,3.5658321541156477,3.564865707387397,310.0178904843822,12.428993018007231,True
vector_thrust,cruise_62,0.6532238233264398,24.4958933747415,62.011598048648814,324.4617007965413,395.506034508892,269.4492488044537,3.5690048208485097,3.5653269054176575,310.05799024324403,12.447802199616884,True
vector_thrust,cruise_62,0.6523977679796552,24.46491629923708,62.023213356645904,324.40785922672467,395.45550345922857,269.49972934984777,3.57360021964564,3.5659948592067,310.1160667832295,12.474982254544,True
vector_thrust,cruise_62,0.6514807175028893,24.430526906358352,62.03614162085925,324.3479537560932,395.39928793429414,269.55591605008885,3.5787156834075824,3.5667383162955026,310.18070810429623,12.505149839568771,True
vector_thrust,cruise_62,0.6506543044844961,24.399536418168612,62.04782230334436,324.29384927401173,395.3485219940675,269.6066807154806,3.5833380921986855,3.5674100295334084,310.23911151672183,12.53232989449589,True
vector_thrust,cruise_62,0.6500823092915001,24.378086598431263,62.05592377533709,324.2563347615838,395.3133256072125,269.64189000392065,3.5865444401400968,3.5678759154987723,310.27961887668545,12.55113907610554,True
vector_thrust,cruise_62,0.6498781468010186,24.370430505038208,62.05881876430448,324.2429315102999,395.3007512275334,269.6544717300118,3.587690270408838,3.56804239570515,310.2940938215224,12.55785199530046,True
vector_thrust,cruise_63,0.6498781468010186,24.370430505038208,62.051895514007285,324.20819005717004,395.2677297068738,269.63704917402873,3.587074084185571,3.587074084185571,310.25947757003644,12.55785199530046,True
vector_thrust,cruise_63,0.649673997012581,24.362774887971792,62.054791658461106,324.19477323104815,395.25514407226336,269.64963656201013,3.5882202737182984,3.5872415385222576,310.27395829230557,12.564564914495378,True
vector_thrust,cruise_63,0.649101926515389,24.341322244327092,62.06291688402691,324.1571395335942,395.21984364443705,269.6849507429129,3.591436049800244,3.587711335174864,310.31458442013457,12.583374096105029,True
vector_thrust,cruise_63,0.6482751159230176,24.310316847113164,62.07468455431181,324.10265152143967,395.16873856538786,269.7360958629453,3.596093972366434,3.5883917362368205,310.37342277155904,12.610554151032147,True
vector_thrust,cruise_63,0.647357224518404,24.275895919440156,62.087782257428394,324.042027911026,395.11188532263145,269.79302162489654,3.601279150878437,3.5891490391595577,310.438911287142,12.640721736056918,True
vector_thrust,cruise_63,0.6465300514411183,24.24487692904194,62.099615897534584,323.9872758257237,395.06054428176054,269.8444534654921,3.605964659290221,3.58983325456344,310.4980794876729,12.667901790984036,True
vector_thrust,cruise_63,0.6459575289316644,24.22340733493742,62.10782338638695,323.9493128339822,395.0249496139281,269.8801251822389,3.6092148347040642,3.590307807637926,310.53911693193476,12.686710972593687,True
vector_thrust,cruise_63,0.6457531779785001,24.21574417419376,62.110756245310604,323.93574945795183,395.01223303004315,269.89287209114167,3.610376338852033,3.5904773841361064,310.55378122655304,12.693423891788605,True
vector_thrust,cruise_64,0.6457531779785001,24.21574417419376,62.10364109797242,323.9007974770914,394.9790397291033,269.87496617906385,3.6097472840688436,3.6097472840688436,310.5182054898621,12.693423891788605,True
vector_thrust,cruise_64,0.6455488402290065,24.208081508587746,62.10657521117759,323.8872205261998,394.96631189247097,269.8877191528838,3.610909157736171,3.6099178631086932,310.532876055888,12.700136810983523,True
vector_thrust,cruise_64,0.6449762423169412,24.186609086885298,62.11480661187252,323.84913798784237,394.93061285613993,269.9234965229542,3.614168954300495,3.6103964079188007,310.5740330593626,12.718945992593175,True
vector_thrust,cruise_64,0.6441486676648163,24.155575037430616,62.126727951134974,323.7940009112289,394.87893133680507,269.97531202584673,3.61889072367969,3.611089472835073,310.6336397556749,12.746126047520292,True
vector_thrust,cruise_64,0.6432299254808553,24.12112220553208,62.13999655032619,323.73265623666754,394.8214376872635,270.0329833264175,3.6241470947700685,3.6118608627255524,310.6999827516309,12.776293632545062,True
vector_thrust,cruise_64,0.6424019837907268,24.09007439215226,62.15192564612484,323.6773499863728,394.769615195459,270.08483254270317,3.6288946827583914,3.6125543785796466,310.7596282306242,12.80347368747218,True
vector_thrust,cruise_64,0.6418289288681556,24.068584832555835,62.16014166459206,323.63936807419117,394.734051949037,270.1205430546925,3.6321887001777142,3.6130320291209004,310.8007083229603,12.822282869081832,True
vector_thrust,cruise_64,0.6416243878950627,24.060914546064858,62.16307102049812,323.62582889038737,394.721377528191,270.1332753531431,3.6333658464920653,3.613202331614691,310.8153551024906,12.828995788276751,True
vector_thrust,cruise_65,0.6416243878950627,24.060914546064858,62.155753051790334,323.59098826450844,394.6883345311694,270.1148584612379,3.6327270032508006,3.6327270032508006,310.7787652589517,12.828995788276751,True
vector_thrust,cruise_65,0.6414198608112719,24.053244780422702,62.15868020042251,323.57746871903913,394.6756820722311,270.12758179400834,3.6339046954381167,3.6328981171050696,310.79340100211255,12.83570870747167,True
vector_thrust,cruise_65,0.6408467325970868,24.03175247239076,62.16687371186678,323.5396337854835,394.6402810082932,270.1631962463418,3.6372088001604417,3.6333770895815736,310.8343685593339,12.85451788908132,True
vector_thrust,cruise_65,0.6400183925518986,24.0006897206962,62.178692400822605,323.4850805554322,394.5892561443608,270.2145681321717,3.641994557519379,3.634067980996897,310.893462004113,12.881697944008438,True
vector_thrust,cruise_65,0.6390988030855724,23.96620511570897,62.19178063738217,323.424697047948,394.53280450517525,270.27145831658754,3.6473218894990493,3.634833087034842,310.95890318691085,12.911865529033209,True
vector_thrust,cruise_65,0.638270100558791,23.935128770954666,62.20354606712489,323.37044311276696,394.48210719207617,270.32259870244036,3.65213571074998,3.635520865047879,311.01773033562444,12.939045583960327,True
vector_thrust,cruise_65,0.6376965203384171,23.913619512690644,62.21167316546056,323.33298139354685,394.4471145770597,270.35792447921546,3.6554748108644017,3.6359959551778065,311.0583658273028,12.957854765569978,True
vector_thrust,cruise_65,0.6374917920932921,23.905942203498455,62.21457075098666,323.31962794398856,394.43464389488986,270.37051931383587,3.656668077227247,3.6361653408831605,311.0728537549333,12.964567684764896,True
vector_thrust,cruise_66,0.6374917920932921,23.905942203498455,62.207038353048134,323.28491756123776,394.4017702477306,270.35156226872664,3.6560191510797977,3.6560191510797977,311.03519176524065,12.964567684764896,True
vector_thrust,cruise_66,0.6372870785626557,23.898265446099593,62.209933702817196,323.2715838440605,394.38932162225706,270.3641480238061,3.657212969846329,3.656189350804982,311.04966851408597,12.971280603959814,True
vector_thrust,cruise_66,0.636713428525267,23.876753569697517,62.21803801344421,323.23426981256165,394.35449191847636,270.3993765466475,3.6605623449057014,3.6566657532828946,311.09019006722104,12.990089785569467,True
vector_thrust,cruise_66,0.6358843359604816,23.84566259851806,62.22972754722739,323.1804698870806,394.30429329584194,270.45018962956686,3.665413741573505,3.6573529089357772,311.14863773613695,13.017269840496583,True
vector_thrust,cruise_66,0.6349639133922784,23.811146752210448,62.242672078008994,323.12092328488205,394.2487595468346,270.5064580426746,3.670814236158453,3.658113838128109,311.21336039004495,13.047437425521354,True
vector_thrust,cruise_66,0.6341344621922765,23.780042332210375,62.254307714398124,323.0674240948689,394.1988899717788,270.5570368397095,3.6756942540909616,3.658797825485335,311.2715385719906,13.074617480448472,True
vector_thrust,cruise_66,0.6335603649450495,23.75851368543936,62.26234481612904,323.03048507409375,394.16447058332216,270.59197321307215,3.6790793195849045,3.65927027716644,311.3117240806452,13.093426662058123,True
vector_thrust,cruise_66,0.6333554523876544,23.750829464537045,62.26521024724043,323.0173182522926,394.15220456524145,270.60442891843735,3.680289021776722,3.6594387182028933,311.32605123620215,13.100139581253043,True
vector_thrust,cruise_67,0.6333554523876544,23.750829464537045,62.2574507146745,322.98273984885424,394.11950212351496,270.5848997130951,3.679629479953677,3.679629479953677,311.2872535733725,13.100139581253043,True
vector_thrust,cruise_67,0.6331505554128384,23.743145827981444,62.260313871235695,322.9695928536905,394.107258256732,270.59734618486397,3.680839740352327,3.6797987370130714,311.3015693561785,13.10685250044796,True
vector_thrust,cruise_67,0.6325763919729986,23.721614698987455,62.26832790431337,322.93280222577346,394.07300250267593,270.6321841102459,3.68423527218548,3.6802724909342683,311.34163952156683,13.125661682057611,True
vector_thrust,cruise_67,0.631746559076387,23.690495965364516,62.27988672874646,322.8797592128093,394.0236338559092,270.6824316521262,3.6891535948741567,3.6809557971224334,311.3994336437323,13.15284173698473,True
vector_thrust,cruise_67,0.6308253169605861,23.655949386021984,62.2926858309408,322.8210535108765,393.96902213176634,270.7380708244139,3.6946286882353223,3.6817124230051315,311.463429154704,13.1830093220095,True
vector_thrust,cruise_67,0.629995129323534,23.62481734963253,62.30419012398907,322.7683126567482,393.91998401058737,270.78808131207467,3.6995762040893054,3.6823925055407734,311.5209506199454,13.210189376936619,True
vector_thrust,cruise_67,0.6294205235305572,23.6032696323959,62.31213615757859,322.73189881445774,393.8861404148944,270.8226236358433,3.7030081395141408,3.6828622396352477,311.560680787893,13.22899855854627,True
vector_thrust,cruise_67,0.6292154296904174,23.595578613390657,62.314969052184175,322.71891950457365,393.87407997573104,270.83493855513336,3.7042346011806675,3.683029707739015,311.5748452609209,13.235711477741187,True
vector_thrust,cruise_68,0.6292154296904174,23.595578613390657,62.30696847967012,322.68447478393114,393.8415505606219,270.8148021343376,3.703563859240976,3.703563859240976,311.5348423983506,13.235711477741187,True
vector_thrust,cruise_68,0.6290103523487838,23.5878882130794,62.30979906885922,322.67151539527646,393.8295123672634,270.8271076974955,3.7047908851125633,3.703732145607231,311.5489953442961,13.242424396936107,True
vector_thrust,cruise_68,0.628435684136513,23.56633815511924,62.31772175272688,322.6352506465277,393.795833123009,270.86155038016506,3.708233482104572,3.7042031710967724,311.5886087636344,13.261233578545758,True
vector_thrust,cruise_68,0.6276051233981953,23.53519212743233,62.32914832080324,322.58296811631743,393.74729814382465,270.9112256751424,3.713220049410799,3.7048825122026696,311.6457416040162,13.288413633472876,True
vector_thrust,cruise_68,0.6266830756245757,23.500615335921598,62.34180028001104,322.5251072674602,393.6936125313333,270.9662281747209,3.7187712133786883,3.705634706203889,311.70900140005523,13.318581218497647,True
vector_thrust,cruise_68,0.6258521640888477,23.469456153331794,62.35317168713559,322.47312830165504,393.6454095364088,271.01566366571046,3.7237875607366364,3.706310767838444,311.76585843567796,13.345761273424763,True
vector_thrust,cruise_68,0.6252770584403149,23.44788969151181,62.36102558649972,322.4372420912418,393.6121442694441,271.0498073180348,3.727267293168279,3.706777703898713,311.80512793249864,13.364570455034416,True
vector_thrust,cruise_68,0.625071786421571,23.44019199080892,62.36382556414163,322.4244511678928,393.6002903132009,271.06197980188887,3.7285108460022642,3.706944170321241,311.8191278207081,13.371283374229334,True
vector_thrust,cruise_69,0.625071786421571,23.44019199080892,62.35556871617028,322.3901418369612,393.56793574565086,271.0411977643948,3.727828262890759,3.727828262890759,311.7778435808514,13.371283374229334,True
vector_thrust,cruise_69,0.6248665318695759,23.432494945109102,62.35836635744037,322.3773709298536,393.55610412967536,271.0533607696392,3.7290723856469206,3.7279955496172263,311.79183178720183,13.377996293424252,True
vector_thrust,cruise_69,0.624291367736493,23.410926290118493,62.366196625686655,322.34163450927053,393.52300392501195,271.08740358802015,3.732562978694271,3.7284637654514086,311.8309831284333,13.396805475033903,True
vector_thrust,cruise_69,0.6234600919667432,23.379753448752876,62.377489398447366,322.290115993393,393.4753062611089,271.1364999662635,3.7376191419516847,3.729139023928462,311.88744699223685,13.423985529961021,True
vector_thrust,cruise_69,0.6225372527803429,23.345146979262864,62.38999250910404,322.2331039071888,393.4225507978594,271.1908584009102,3.74324788494176,3.7298866553242567,311.94996254552024,13.454153114985791,True
vector_thrust,cruise_69,0.6217056302043069,23.31396113266151,62.40122949607641,322.18189034290083,393.3751865569323,271.23971224526815,3.7483344306008424,3.73055857805501,312.0061474803821,13.48133316991291,True
vector_thrust,cruise_69,0.6211300336118092,23.292376260442847,62.408990200703265,322.14653419043617,393.3425021236001,271.27345262933426,3.751862910218675,3.731022634288379,312.0449510035163,13.50014235152256,True
vector_thrust,cruise_69,0.620924586597608,23.284671997410303,62.41175688336067,322.1339325184573,393.3308555431605,271.2854810390939,3.7531238942083505,3.7311880698244875,312.0587844168033,13.506855270717478,True
vector_thrust,cruise_70,0.620924586597608,23.284671997410303,62.403227015002415,322.0997602879099,393.29867764404327,271.26401118391306,3.752428764587835,3.752428764587835,312.0161350750121,13.506855270717478,True
vector_thrust,cruise_70,0.6207191580757683,23.276968427841314,62.405991328696444,322.0871787277012,393.2870534983477,271.2760299866119,3.7536903237936867,3.7525950221786086,312.0299566434822,13.513568189912398,True
vector_thrust,cruise_70,0.6201435071089955,23.255381516587338,62.4137281201866,322.05197305704723,393.2545348319727,271.3096683431608,3.7572298668609503,3.753060345743488,312.068640600933,13.532377371522049,True
vector_thrust,cruise_70,0.6193115294583476,23.22418235468804,62.424885566258936,322.0012220474852,393.20767808586515,271.3581791694367,3.7623570109240463,3.7537314020296395,312.12442783129467,13.559557426449167,True
vector_thrust,cruise_70,0.6183879134817732,23.189546755566504,62.43723813205751,321.94506258922684,393.15585675894056,271.4118861886767,3.7680648788661077,3.7544743378985626,312.18619066028754,13.589725011473938,True
vector_thrust,cruise_70,0.6175555930638941,23.158334739896034,62.448339172992604,321.8946178994482,393.10933485392894,271.4601517740616,3.7732230236615907,3.7551420017370036,312.241695864963,13.616905066401054,True
vector_thrust,cruise_70,0.6169795146743251,23.136731800287198,62.45600562887515,321.859794203014,393.0772337272434,271.4934843220092,3.7768012243741533,3.7556030950135115,312.2800281443757,13.635714248010707,True
vector_thrust,cruise_70,0.616773895931782,23.12902109744183,62.45873864026941,321.8473826372179,393.0657954040742,271.5053670270913,3.778079987971973,3.7557674699490464,312.293693201347,13.642427167205625,True
vector_thrust,cruise_71,0.616773895931782,23.12902109744183,62.44991727927247,321.81334922189427,393.03379599443923,271.4831627908464,3.7773715328029245,3.7773715328029245,312.24958639636236,13.642427167205625,True
vector_thrust,cruise_71,0.6165682967703561,23.121311128888358,62.45264788946894,321.8009578640275,393.0223802005739,271.49503576230836,3.7786508765275086,3.7775367313513324,312.2632394473447,13.649140086400543,True
vector_thrust,cruise_71,0.6159921683084452,23.099706311566695,62.46029015030263,321.7662853372068,392.9904455392911,271.5282650913884,3.7822403473053847,3.777999078704408,312.30145075151313,13.667949268010195,True
vector_thrust,cruise_71,0.6151595022906573,23.06848133589965,62.47131074845272,321.7163052854321,392.9444332671377,271.5761837754743,3.787439891493652,3.778665811297674,312.3565537422636,13.695129322937312,True
vector_thrust,cruise_71,0.6142351245495646,23.033817170608675,62.48351108264765,321.6610022750998,392.8935500118028,271.62923207213356,3.7932284687501197,3.7794039164663498,312.41755541323823,13.725296907962083,True
vector_thrust,cruise_71,0.6134021198513463,23.002579494425493,62.49447466078308,321.6113298916822,392.84787397760465,271.6769028273839,3.798459648420857,3.7800671994190704,312.4723733039154,13.752476962889201,True
vector_thrust,cruise_71,0.6128255690627871,22.98095883985452,62.50204581890586,321.57704102071807,392.81635859785877,271.70982299462963,3.8020885683562358,3.7805252451458506,312.51022909452934,13.771286144498852,True
vector_thrust,cruise_71,0.6126197819486564,22.97324182307462,62.50474478551228,321.56482040565993,392.8051294017121,271.7215583765402,3.803385468738527,3.780688529296145,312.5237239275614,13.77799906369377,True
vector_thrust,cruise_72,0.6126197819486564,22.97324182307462,62.495611493677735,321.530927525072,392.7733103031112,271.6985682416367,3.8026628251578547,3.8026628251578547,312.47805746838867,13.77799906369377,True
vector_thrust,cruise_72,0.6124140155741127,22.965525584029233,62.498308028819444,321.51872721486575,392.7621037309945,271.71029377167577,3.803960310205076,3.8028269343670913,312.49154014409726,13.78471198288869,True
vector_thrust,cruise_72,0.6118374192251592,22.943903220943476,62.50585470967326,321.4845901973126,392.7307555089084,271.74310952954437,3.8076007105148792,3.8032862200502433,312.5292735483663,13.80352116449834,True
vector_thrust,cruise_72,0.6110040787434526,22.912652952879483,62.51673694610867,321.43538451339685,392.6855912193414,271.7904295160175,3.8128741092621175,3.803948505297505,312.5836847305434,13.830701219425459,True
vector_thrust,cruise_72,0.6100789546956676,22.877960801087543,62.528783372256164,321.38094172465827,392.6356499177276,271.8428118296863,3.818745019562697,3.804681642310972,312.6439168612808,13.860868804450229,True
vector_thrust,cruise_72,0.6092452796678963,22.84669798754612,62.539607979872436,321.332045037402,392.5908232410259,271.8898812247555,3.8240507055571573,3.8053404203089234,312.6980398993622,13.888048859377346,True
vector_thrust,cruise_72,0.6086682661477592,22.825059980540978,62.54708279886466,321.29829333206357,392.5598960149532,271.92238450068635,3.8277313677747005,3.8057953325297635,312.73541399432327,13.906858040986998,True
vector_thrust,cruise_72,0.6084623141149065,22.817336779308995,62.54974734895985,321.28626450181184,392.5488768035662,271.933970949464,3.829046770994077,3.8059574951731947,312.74873674479926,13.913570960181916,True
vector_thrust,cruise_73,0.6084623141149065,22.817336779308995,62.54027934963855,321.2525138807603,392.5172398384736,271.9101373920318,3.828308975395617,3.828308975395617,312.70139674819274,13.913570960181916,True
vector_thrust,cruise_73,0.6082563840534836,22.80961440200564,62.54294275721453,321.24050545304965,392.5062433459735,271.92171903304234,3.8296250399636667,3.8284720369888907,312.7147137860727,13.920283879376834,True
vector_thrust,cruise_73,0.6076793297032936,22.78797486387352,62.550392805938415,321.2069062806526,392.4754839632543,271.95411666917687,3.833317396013028,3.828928173572782,312.7519640296921,13.939093060986487,True
vector_thrust,cruise_73,0.6068453290641361,22.75669983990511,62.56113505735569,321.15847833178555,392.43117111565806,272.0008309803775,3.838666133366879,3.829585879160974,312.80567528677847,13.966273115913603,True
vector_thrust,cruise_73,0.6059194746171451,22.721980298142945,62.573025584541256,321.10489949042903,392.3821755949208,272.05253882714175,3.8446210229019986,3.8303138903185006,312.8651279227063,13.996440700938374,True
vector_thrust,cruise_73,0.6050851436237337,22.69069288589002,62.58370906241045,321.05678184597167,392.3382017127853,272.09899778909397,3.8500026866964534,3.83096800076372,312.91854531205223,14.023620755865492,True
vector_thrust,cruise_73,0.6045076773293327,22.669037899849982,62.59108638343028,321.023569616513,392.30786501272433,272.13107920781204,3.8537361328185873,3.831419685222416,312.9554319171514,14.042429937475143,True
vector_thrust,cruise_73,0.6043015639341847,22.66130864753193,62.5937161447721,321.01173339443085,392.2970566315226,272.14251511301103,3.855070413873135,3.8315806949550244,312.9685807238605,14.049142856670061,True
vector_thrust,cruise_74,0.6043015639341847,22.66130864753193,62.583888310269465,320.97812676301254,392.26560362317406,272.1177750369979,3.8543164055005783,3.8543164055005783,312.91944155134735,14.049142856670061,True
vector_thrust,cruise_74,0.6040954738361259,22.653580268854725,62.58651557006325,320.96631104256886,392.2548180563696,272.12920081826485,3.855651277943301,3.85447824195605,312.93257785031625,14.05585577586498,True
vector_thrust,cruise_74,0.6035179717233665,22.631923939626247,62.59386796997064,320.9332520231128,392.22464988021807,272.1611759253103,3.8593966424220323,3.854931142100615,312.9693398498532,14.074664957474631,True
vector_thrust,cruise_74,0.6026833257369563,22.60062471513586,62.60446898028272,320.88560513532923,392.18119188580073,272.20727902683507,3.8648222583984575,3.855584153248186,313.0223449014136,14.10184501240175,True
vector_thrust,cruise_74,0.6017567573506433,22.565878400649126,62.61620260288381,320.83289392078865,392.13314591895386,272.2583077852155,3.870862867815276,3.85630693212785,313.08101301441906,14.13201259742652,True
vector_thrust,cruise_74,0.6009217852288045,22.534566946080172,62.62674478500019,320.78555862269997,392.0900282184613,272.3041550467752,3.876322127732594,3.856956319520323,313.13372392500094,14.159192652353637,True
vector_thrust,cruise_74,0.6003438764327432,22.512895366227877,62.63402382751861,320.75288814890536,392.0602843815335,272.3358111273163,3.880109445917873,3.8574047009263035,313.1701191375931,14.17800183396329,True
vector_thrust,cruise_74,0.6001376053439178,22.50516020039692,62.63661844024709,320.74124534742987,392.04968766332155,272.34709492862595,3.8814629896578814,3.857564526356665,313.18309220123547,14.184714753158207,True
vector_thrust,cruise_75,0.6001376053439178,22.50516020039692,62.626402349680966,320.70778444494255,392.0184204391845,272.32137655987606,3.880691563882955,3.880691563882955,313.13201174840486,14.184714753158207,True
vector_thrust,cruise_75,0.5999313589700458,22.49742596137672,62.628994420757174,320.69616224536975,392.0078466312699,272.3326500825039,3.8820457009396327,3.8808522162148056,313.1449721037859,14.191427672353125,True
vector_thrust,cruise_75,0.5993534196377526,22.475753236415727,62.636248132891446,320.66364565502886,391.9782719924835,272.3641981710663,3.885845151117649,3.8813017894458435,313.1812406644572,14.210236853962778,True
vector_thrust,cruise_75,0.5985181435601231,22.44443038350462,62.64670629804767,320.6167831086435,391.9356722097636,272.4096831743977,3.8913492039971507,3.8819499694416306,313.23353149023836,14.237416908889895,True
vector_thrust,cruise_75,0.5975908781956905,22.409657932338394,62.65828104683475,320.5649431494724,391.88857951115205,272.4600244607495,3.8974772625032292,3.8826673534668155,313.29140523417374,14.267584493914665,True
vector_thrust,cruise_75,0.5967552802584961,22.37832300969361,62.66867979400995,320.51839345605384,391.8463213269608,272.5052510413826,3.9030156653958517,3.8833118508329183,313.34339897004975,14.294764548841783,True
vector_thrust,cruise_75,0.5961769395748093,22.356635234055354,62.6758594130845,320.4862669866411,391.8171726542045,272.53647688196355,3.9068579497393277,3.8837568318977485,313.3792970654225,14.313573730451434,True
vector_thrust,cruise_75,0.5959705145830914,22.348894296865932,62.67841850972669,320.4748184070932,391.8067884188763,272.5476069910739,3.9082311499410904,3.883915440528019,313.39209254863346,14.320286649646354,True
vector_thrust,cruise_76,0.5959705145830914,22.348894296865932,62.66778231145023,320.4415049786588,391.7757088072935,272.52083004085415,3.9074409568696558,3.9074409568696558,313.33891155725115,14.320286649646354,True
vector_thrust,cruise_76,0.5957641158321189,22.34115434370446,62.67033882842805,320.43007710285485,391.76534757885725,272.53194972557037,3.9088147514707074,3.9076003924308975,313.3516941421403,14.326999568841272,True
vector_thrust,cruise_76,0.5951857502114682,22.319465632930065,62.67749283013146,320.3981051877538,391.73636877284497,272.56306637530275,3.9126693912405552,3.908046547213219,313.3874641506573,14.345808750450923,True
vector_thrust,cruise_76,0.5943498598574236,22.288119744653393,62.68780667517912,320.35203021925486,391.6946305087897,272.60792690470976,3.9182534838424563,3.9086897636232285,313.4390333758956,14.372988805378041,True
vector_thrust,cruise_76,0.5934219150939488,22.253321816023085,62.69922091694613,320.30106509483073,391.6484947349925,272.6575736587377,3.924470781085088,3.9094016055768708,313.4961045847307,14.403156390402811,True
vector_thrust,cruise_76,0.5925857072029568,22.221964020110885,62.70947476108803,320.25530421936634,391.6070993490179,272.7021732115393,3.9300899490299894,3.910041080068596,313.54737380544015,14.430336445329928,True
vector_thrust,cruise_76,0.5920069456211215,22.200260460792062,62.71655394302393,320.2237239715247,391.5785481046029,272.7329644293537,3.9339883274614986,3.9104825687635403,313.58276971511964,14.44914562693958,True
vector_thrust,cruise_76,0.5918003706511689,22.192513899418834,62.7190771623086,320.2124704039252,391.56837715884444,272.7439392841806,3.93538158776022,3.910639927734009,313.595385811543,14.455858546134499,True
vector_thrust,cruise_77,0.5918003706511689,22.192513899418834,62.70798498563232,320.17930620483867,391.53748699288553,272.7160135024643,3.934571107622696,3.934571107622696,313.5399249281616,14.455858546134499,True
vector_thrust,cruise_77,0.5915938241383992,22.184768405189978,62.71050549557583,320.16807345707645,391.52733916113976,272.72697742762773,3.9359649534293797,3.934729288077962,313.55252747787915,14.462571465329416,True
vector_thrust,cruise_77,0.5910150430387352,22.163064113952576,62.717558759471956,320.1366484207438,391.498958437654,272.75765820711825,3.939875916098903,3.9351719306165953,313.5877937973598,14.48138064693907,True
vector_thrust,cruise_77,0.5901785552505883,22.131695821897065,62.727726835488376,320.09136423071345,391.45808495307244,272.8018879957987,3.945541688084007,3.935810049538926,313.6386341774419,14.508560701866186,True
vector_thrust,cruise_77,0.5892499492944886,22.096873098543327,62.73897892811137,320.04127746900224,391.4129097003272,272.8508331317529,3.9518500560934258,3.9365161984566615,313.69489464055687,14.538728286890956,True
vector_thrust,cruise_77,0.5884131420043638,22.06549282516365,62.75034864828621,319.9898804365896,391.3659522268403,272.9002899203445,3.957551813351535,3.937229729169322,313.7517432414311,14.565908341818075,True
vector_thrust,cruise_77,0.5878339460960174,22.043772978600657,62.75989814463569,319.94576244341175,391.3249146064192,272.9418289722208,3.9615079350522318,3.937829027872949,313.79949072317845,14.584717523427726,True
vector_thrust,cruise_77,0.5876272097261466,22.036020364730504,62.76330741730583,319.93001526360536,391.31026841650424,272.95665885897756,3.962921915557206,3.9380429839337365,313.8165370865292,14.591430442622645,True
vector_thrust,cruise_78,0.5876272097261466,22.036020364730504,62.751717182634835,319.8969502397703,391.27951776014385,272.9274777415885,3.962088722059263,3.962088722059263,313.75858591317416,14.591430442622645,True
vector_thrust,cruise_78,0.5874204997837272,22.028268741889775,62.755125755161174,319.8812051173389,391.2648759333332,272.9423057389896,3.9635032017410836,3.962303980126203,313.77562877580584,14.598143361817563,True
vector_thrust,cruise_78,0.5868412458373412,22.0065467189003,62.764679418133596,319.837083708524,391.2238504188922,272.9838661542746,3.9674722602104047,3.9629073127552497,313.823397090668,14.616952543427214,True
vector_thrust,cruise_78,0.5860040288438808,21.975151081645535,62.77849282200384,319.7733145567228,391.16456676139853,273.04395732588455,3.9732227973945022,3.963779656409693,313.8924641100192,14.644132598354332,True
vector_thrust,cruise_78,0.5850745515410732,21.94029568279025,62.793835573619134,319.7025197006071,391.09876676645763,273.1107014773984,3.979626377050742,3.9647485813862637,313.9691778680957,14.674300183379103,True
vector_thrust,cruise_78,0.5842369081417279,21.9088840553148,62.807668864952646,319.6387209192008,391.0394829296852,273.1708791636157,3.9854147836913683,3.96562218097343,314.0383443247632,14.70148023830622,True
vector_thrust,cruise_78,0.5836571224757141,21.887142092839284,62.81724732735218,319.5945625628611,390.99845719168667,273.2125474615107,3.9894310651555385,3.9662270797345345,314.0862366367609,14.720289419915872,True
vector_thrust,cruise_78,0.5834501758957324,21.87938159608997,62.82066693658753,319.57880099723,390.9838152653833,273.22742347089576,3.9908665612375303,3.9664430347915385,314.10333468293766,14.72700233911079,True
vector_thrust,cruise_79,0.5834501758957324,21.87938159608997,62.80852927694818,319.5456748502497,390.95304484982813,273.19686287658317,3.9900065516691727,3.9900065516691727,314.04264638474086,14.72700233911079,True
vector_thrust,cruise_79,0.5832432574637536,21.871622154890765,62.81194813327326,319.52991547211207,390.9384074112087,273.2117368215216,3.9914425438740726,3.99022378380401,314.0597406663663,14.733715258305708,True
vector_thrust,cruise_79,0.5826634191208209,21.84987821703079,62.82153062498278,319.4857541059489,390.89739419216687,273.2534260424798,3.9954720119753233,3.990832649744145,314.1076531249139,14.75252443991536,True
vector_thrust,cruise_79,0.5818253570719659,21.81845089019873,62.83538572848272,319.4219271782841,390.83812830193625,273.31370352473857,4.001310191243875,3.9917129949523518,314.1769286424136,14.779704494842477,True
vector_thrust,cruise_79,0.5808949410276987,21.783560288538705,62.850774821167086,319.35106814616347,390.77234802702424,273.380654721463,4.007811530318642,3.9926908089387925,314.2538741058354,14.809872079867247,True
vector_thrust,cruise_79,0.5800564511292128,21.752116917345482,62.864649916441586,319.2872114994007,390.7130819572503,273.4410191790664,4.013688454093352,3.993572424411202,314.32324958220795,14.837052134794366,True
vector_thrust,cruise_79,0.5794760792663308,21.73035297248741,62.874257336898495,319.2430130741169,390.67206851432104,273.48281685421097,4.017766236336535,3.9941828743113774,314.3712866844925,14.855861316404017,True
vector_thrust,cruise_79,0.5792689233955696,21.722584627333863,62.87768728691324,319.22723720311467,390.657430976062,273.497739063274,4.0192237305226755,3.9944008113378136,314.3884364345662,14.862574235598936,True
vector_thrust,cruise_80,0.5792689233955696,21.722584627333863,62.86494786045406,319.19404468389007,390.6266361054879,273.46566191832267,4.018334475724867,4.018334475724867,314.3247393022703,14.862574235598936,True
vector_thrust,cruise_80,0.5790617976418871,21.714817411570774,62.86837699281596,319.17827114878065,390.6120031964115,273.48058184341204,4.01979246019498,4.018553710743045,314.3418849640798,14.869287154793854,True
vector_thrust,cruise_80,0.5784813781747371,21.693051681552646,62.87798828992588,319.1340701019286,390.571002668828,273.5223999552787,4.02388368603785,4.019168190672425,314.3899414496294,14.888096336403505,True
vector_thrust,cruise_80,0.5776424757992991,21.661592842473716,62.891885060816875,319.0701857982126,390.5117551181824,273.58286387737587,4.029811466006339,4.020056654185527,314.45942530408433,14.915276391330623,True
vector_thrust,cruise_80,0.5767111262623819,21.626667234839324,62.90732045830595,318.9992630338839,390.4459951985285,273.65002226110346,4.036412752949379,4.021043486853196,314.5366022915298,14.945443976355394,True
vector_thrust,cruise_80,0.5758717945939845,21.595192297274426,62.921237324855234,318.935348921647,390.3867474680753,273.7105736181251,4.042380178826131,4.021933235144682,314.6061866242762,14.972624031282512,True
vector_thrust,cruise_80,0.5752908398070842,21.573406492765663,62.93087368108148,318.89111070416556,390.3457467162745,273.7525007605087,4.046520842910713,4.022549317180455,314.6543684054074,14.991433212892163,True
vector_thrust,cruise_80,0.5750834758136337,21.56563034301127,62.93431396407966,318.87532062656555,390.3311137074117,273.76746920201464,4.048000829579563,4.022769265104188,314.6715698203983,14.998146132087081,True
vector_thrust,cruise_81,0.5750834758136337,21.56563034301127,62.97602991573535,318.84206172436575,390.300294558033,273.87250223382256,4.049131505684981,4.049131505684981,314.88014957867676,14.998146132087081,True
vector_thrust,cruise_81,0.5748759605240639,21.5578485196524,62.97947536762909,318.8262603621117,390.2856535620202,273.887488979495,4.050614039322951,4.049353080701001,314.8973768381455,15.004859051281999,True
vector_thrust,cruise_81,0.5742944467340826,21.5360417525281,62.98913246582831,318.7819811475511,390.2446302121798,273.92949463687216,4.054774224462056,4.049974123081363,314.94566232914156,15.023668232891652,True
vector_thrust,cruise_81,0.5734539638454156,21.504523644203086,63.003095455992195,318.71798395069965,390.1853497926301,273.9902297116003,4.0608020470804735,4.050872074874902,315.015477279961,15.050848287818768,True
vector_thrust,cruise_81,0.5725208571758666,21.469532144095,63.018604466887574,318.6469356895032,390.1195532831862,274.05768954109794,4.067514950410073,4.051869450364442,315.0930223344379,15.081015872843539,True
vector_thrust,cruise_81,0.5716799432662011,21.437997872482544,63.032587702897494,318.5829085757425,390.0602727141056,274.11851267956,4.073583437378984,4.052768704156672,315.16293851448745,15.108195927770657,True
vector_thrust,cruise_81,0.5710978872553641,21.416170772076164,63.04345960449088,318.5385917250192,390.0192488720514,274.1658023895715,4.077871320778028,4.053467869838296,315.2172980224544,15.127005109380308,True
vector_thrust,cruise_81,0.5708901262435101,21.408379734131632,63.04766395807661,318.5201957084802,390.0020297751837,274.18409014357087,4.0793918613768545,4.053738249377253,315.23831979038306,15.133718028575228,True
vector_thrust,cruise_82,0.5708901262435101,21.408379734131632,63.39453855816487,318.479624516891,389.96394317487426,275.0568571798688,4.091855884627225,4.091855884627225,316.97269279082434,15.133718028575228,True
vector_thrust,cruise_82,0.5706811901022711,21.40054462883517,63.39879087791952,318.4602790673296,389.94578369499146,275.07531074031334,4.09337994626825,4.092130407177477,316.99395438959755,15.140430947770145,True
vector_thrust,cruise_82,0.5700956821711604,21.378588081418517,63.41070935968905,318.40606740967155,389.8948997707033,275.1270331434524,4.097656792285436,4.092899850345779,317.05354679844527,15.159240129379796,True
vector_thrust,cruise_82,0.5692493853846254,21.34685195192346,63.42794432997969,318.3277112855051,389.8213646578221,275.20182740932694,4.103854191620326,4.094012519777448,317.13972164989843,15.186420184306915,True
vector_thrust,cruise_82,0.5683097713315097,21.311616424931618,63.44709070368081,318.2407176038937,389.7397389279585,275.2849165562087,4.110756671084228,4.095248587178576,317.23545351840403,15.216587769331685,True
vector_thrust,cruise_82,0.5674629418459307,21.279860319222408,63.46435633114775,318.16231651075503,389.6661895513743,275.35984386500786,4.116997221029319,4.096363235810036,317.32178165573873,15.243767824258804,True
vector_thrust,cruise_82,0.5668767696496131,21.257878861860497,63.476313040550245,318.1080487776775,389.61528784052877,275.4117321651284,4.121327875600736,4.097135146928225,317.38156520275123,15.262577005868454,True
vector_thrust,cruise_82,0.5666675378824186,21.250032670590702,63.480582030684396,318.08867837219674,389.5971204448795,275.4302582189152,4.122875864648363,4.097410747918448,317.402910153422,15.269289925063372,True
vector_thrust,cruise_83,0.5666675378824186,21.250032670590702,63.786567292352004,318.0477453445116,389.55873224522134,276.1992483258135,4.1338547360187174,4.1338547360187174,318.93283646176,15.269289925063372,True
vector_thrust,cruise_83,0.5664572671474579,21.242147518029675,63.7908785573008,318.0282802587349,389.54047858082583,276.21792013055506,4.135415689077802,4.134134195607868,318.954392786504,15.276002844258292,True
vector_thrust,cruise_83,0.5658680185806314,21.220050696773683,63.802963808965266,317.97373329113645,389.489330726448,276.2702603234609,4.139796239304993,4.134917567596168,319.0148190448263,15.294812025867943,True
vector_thrust,cruise_83,0.565016313324738,21.188111749677677,63.82044004088272,317.89489237801826,389.4154141428723,276.345948391417,4.146144147287088,4.136050385589255,319.1022002044136,15.321992080795061,True
vector_thrust,cruise_83,0.5640706920354865,21.15265095133075,63.83985457038535,317.80736027198355,389.3333649006877,276.4300310606159,4.153214586361331,4.1373088449890965,319.1992728519267,15.352159665819832,True
vector_thrust,cruise_83,0.5632184463481941,21.120691738057282,63.85736213522739,317.7284737600779,389.25943385181773,276.5058548286676,4.159607286068898,4.138443693995976,319.28681067613695,15.379339720746948,True
vector_thrust,cruise_83,0.5626285238740814,21.098569645278058,63.86948645843823,317.673869931694,389.20826795950325,276.5583642369476,4.164043691406945,4.139229598618887,319.3474322921912,15.398148902356601,True
vector_thrust,cruise_83,0.562417953222037,21.090673245826395,63.87381530651022,317.6543795404774,389.1900062674676,276.57711210821094,4.16562951394719,4.139510196690323,319.3690765325511,15.404861821551519,True
vector_thrust,cruise_84,0.562417953222037,21.090673245826395,63.25238385821766,317.61310503645007,389.1513364631737,275.01447846196197,4.14155591033913,4.14155591033913,316.2619192910883,15.404861821551519,True
vector_thrust,cruise_84,0.5622094454734464,21.082854205254247,63.25662915861617,317.59380296642115,389.1332537438029,275.0329402837174,4.143118222767648,4.141833934490565,316.28314579308085,15.411574740746437,True
vector_thrust,cruise_84,0.561625137949138,21.060942673092683,63.2685288993491,317.5397128663827,389.0825849015347,275.0846894951708,4.147502544025854,4.142613247106209,316.3426444967455,15.430383922356087,True
vector_thrust,cruise_84,0.560780576001993,21.029271600074743,63.2857367813783,317.4615324263773,389.0093606011897,275.1595225815206,4.153855890097945,4.1437401892686525,316.4286839068915,15.457563977283206,True
vector_thrust,cruise_84,0.5598428877541183,20.99410829077944,63.30485307842601,317.37473377866894,388.9280798610753,275.24265492199163,4.16093234923282,4.14499211330532,316.52426539213,15.487731562307976,True
vector_thrust,cruise_84,0.5589977936104948,20.96241726039356,63.32209159610112,317.296508440333,388.85484132200696,275.3176212356583,4.167330458363959,4.14612106179261,316.6104579805056,15.514911617235095,True
vector_thrust,cruise_84,0.5584128224476905,20.9404808417884,63.33402953890567,317.24236235296553,388.8041547243319,275.3695365790567,4.17177059898499,4.1469028762574025,316.67014769452834,15.533720798844746,True
vector_thrust,cruise_84,0.558204019352062,20.93265072570233,63.33829183012173,317.22303536622155,388.7860641030583,275.38807229461435,4.173357752999959,4.147182013205935,316.6914591506087,15.540433718039663,True
vector_thrust,cruise_85,0.558204019352062,20.93265072570233,64.05374110152607,317.1821110307364,388.74776039236,277.1868202933258,4.200074895559344,4.200074895559344,320.2687055076304,15.540433718039663,True
vector_thrust,cruise_85,0.5579928071785379,20.924730269195177,64.05810188290626,317.16256440946773,388.72946672920557,277.205694918145,4.201691870722931,4.200360893420939,320.2905094145313,15.547146637234583,True
vector_thrust,cruise_85,0.5574009197426846,20.902534490350675,64.0703254246531,317.1077889043005,388.67820677533774,277.25860166563285,4.206229735895153,4.201162563217845,320.35162712326553,15.565955818844234,True
vector_thrust,cruise_85,0.5565453985605363,20.870452446020117,64.08800172877403,317.02861753581476,388.6041281369529,277.3351094223931,4.212805954338171,4.202321847444072,320.44000864387016,15.593135873771352,True
vector_thrust,cruise_85,0.5555955382400479,20.834832684001803,64.1076386506774,316.9407183623316,388.52189893553634,277.4201032556152,4.220131169159874,4.203609716992904,320.538193253387,15.623303458796123,True
vector_thrust,cruise_85,0.5547394700037837,20.802730125141895,64.12534688113601,316.8615008727266,388.44780566601554,277.4967491980787,4.2267546571657535,4.204771095078799,320.62673440568005,15.65048351372324,True
vector_thrust,cruise_85,0.554146900402245,20.780508765084193,64.13761023442571,316.80666785543616,388.39652746740967,277.5498282605421,4.231351467333272,4.205575375879366,320.68805117212855,15.669292695332892,True
vector_thrust,cruise_85,0.5539353846363013,20.77257692386131,64.14198873451203,316.7870956388547,388.3782256845794,277.56877957622606,4.232994675830003,4.205862535799733,320.70994367256014,15.67600561452781,True
vector_thrust,cruise_86,0.5539353846363013,20.77257692386131,63.99577349180225,316.74552231533613,388.33935362682536,277.20155553412485,4.226839636512412,4.226839636512412,319.9788674590112,15.67600561452781,True
vector_thrust,cruise_86,0.5537243422600509,20.76466283475191,64.00012712079594,316.7259933847614,388.3210948925192,277.2204197418291,4.228477655910871,4.22712728273677,320.0006356039797,15.682718533722728,True
vector_thrust,cruise_86,0.5531329305882667,20.742484897060006,64.01234674584435,316.67126745030066,388.2699328081655,277.2733602180713,4.23307558598756,4.227934532547923,320.0617337292217,15.70152771533238,True
vector_thrust,cruise_86,0.5522780969029847,20.71042863386193,64.03001746189742,316.59216771924423,388.19599559734553,277.3499170477317,4.239738974370053,4.229101890506759,320.1500873094871,15.728707770259497,True
vector_thrust,cruise_86,0.551328999654083,20.674837487028118,64.04964725207937,316.5043480660827,388.11392337233116,277.43496180249576,4.247161399509483,4.230398674500707,320.2482362603968,15.758875355284268,True
vector_thrust,cruise_86,0.5504736189339878,20.642760710024547,64.06734922059512,316.4252022301921,388.0399715373964,277.51165434165387,4.253872947509866,4.231568101792389,320.3367461029756,15.786055410211386,True
vector_thrust,cruise_86,0.5498815251121184,20.620557191704446,64.07960852422954,316.3704188031865,387.9887912163788,277.5647667860349,4.258530974538046,4.232377973817347,320.3980426211477,15.804864591821037,True
vector_thrust,cruise_86,0.5496701791503418,20.612631718137823,64.0839855795722,316.35086428600783,387.970524365986,277.5837300253303,4.260196082966758,4.232667130100528,320.419927897861,15.811577511015955,True
vector_thrust,cruise_87,0.5496701791503418,20.612631718137823,63.055981227983274,316.30928433574104,387.931685198119,274.99642826528464,4.219932932820837,4.219932932820837,315.27990613991636,15.811577511015955,True
vector_thrust,cruise_87,0.5494622568750439,20.60483463281415,63.06021884426131,316.2900421990161,387.9137126863,275.0149128876217,4.22155673426555,4.220216586928792,315.3010942213065,15.818290430210874,True
vector_thrust,cruise_87,0.5488795898810918,20.582984620540945,63.072097077337986,316.23612004083964,387.86335264325413,275.0667261357309,4.226113745364771,4.2210116824630575,315.36048538668996,15.837099611820525,True
vector_thrust,cruise_87,0.54803739875303,20.551402453238634,63.08927387650399,316.1581823163444,387.7905745824949,275.14165190551205,4.232717681622494,4.222161449117887,315.44636938251995,15.864279666747644,True
vector_thrust,cruise_87,0.5471023421706945,20.516337831401053,63.10835566948189,316.07165310749883,387.70978914726163,275.2248873217184,4.240073731821567,4.22343873070384,315.54177834740943,15.894447251772414,True
vector_thrust,cruise_87,0.546259619305605,20.48473572396019,63.12556309587121,315.99367056571253,387.63699687716644,275.29994668846746,4.246725065575607,4.224590547458912,315.62781547935606,15.92162730669953,True
vector_thrust,cruise_87,0.5456762892460862,20.46286084672824,63.13747952052183,315.9396925212616,387.58661911535927,275.3519265294941,4.25134118120022,4.225388199429794,315.68739760260917,15.940436488309183,True
vector_thrust,cruise_87,0.5454680718787293,20.455052695452352,63.14173413151814,315.92042551279513,387.5686387179463,275.3704852842967,4.252991286794437,4.225672991130827,315.7086706575907,15.947149407504101,True
vector_thrust,cruise_88,0.5454680718787293,20.455052695452352,63.12190686636574,315.8794999344396,387.53044871938334,275.3204929510737,4.25166832517736,4.25166832517736,315.6095343318287,15.947149407504101,True
vector_thrust,cruise_88,0.5452599053247872,20.447246449679525,63.12615967667917,315.8602376782328,387.5124752552193,275.3390463109719,4.25331874508925,4.251954837567919,315.63079838339587,15.953862326699019,True
vector_thrust,cruise_88,0.5446765535546199,20.42537075829825,63.13808051597534,315.8062591218127,387.4621125359829,275.3910523043548,4.257950519136804,4.252757946092152,315.69040257987666,15.972671508308672,True
vector_thrust,cruise_88,0.5438333720553236,20.393751452074635,63.15531895920266,315.72823983509704,387.3893305877418,275.46625693900256,4.264662960206188,4.253919302297828,315.7765947960133,15.999851563235788,True
vector_thrust,cruise_88,0.5428972150784235,20.358645565440884,63.17446927789125,315.6416200097661,387.30854080962683,275.549802343835,4.2721400952536985,4.255209461804783,315.87234638945625,16.03001914826056,True
vector_thrust,cruise_88,0.5420534997405587,20.327006240270958,63.19173853787577,315.5635557448142,387.23574460137,275.6251414204988,4.278901115649997,4.256372894146728,315.95869268937884,16.057199203187675,True
vector_thrust,cruise_88,0.5414694822842545,20.305105585659547,63.20369780651082,315.5095211014247,387.1853641001764,275.67731506612574,4.283593468061972,4.257178591659991,316.0184890325541,16.07600838479733,True
vector_thrust,cruise_88,0.5412610194719855,20.29728823019946,63.20796771983476,315.4902338841583,387.167382722293,275.69594303965613,4.28527084820532,4.25746625628013,316.03983859917383,16.082721303992248,True
vector_thrust,cruise_89,0.5412610194719855,20.29728823019946,63.186362673525515,315.44920975310833,387.1291387922921,275.64146439772315,4.28386694485034,4.28386694485034,315.93181336762757,16.082721303992248,True
vector_thrust,cruise_89,0.5410526133646958,20.2894730011761,63.1906305412686,315.42992782595815,387.11116485216814,275.6600861355391,4.285544581132801,4.284156353583746,315.95315270634296,16.089434223187165,True
vector_thrust,cruise_89,0.5404685900609274,20.26757212728478,63.20259360184321,315.3758941282953,387.060800791616,275.7122838582443,4.290252798799198,4.28496758167449,316.0129680092161,16.108243404796816,True
vector_thrust,cruise_89,0.5396244373333631,20.23591640000112,63.21989313234466,315.2977950963598,386.9880168850306,275.7877658881501,4.297076187717399,4.2861406815691305,316.0994656617233,16.135423459723935,True
vector_thrust,cruise_89,0.53868720121848,20.200770045693,63.23911135767406,315.21108667206835,386.9072249054761,275.8716196470092,4.304677139248834,4.2874438902375465,316.1955567883703,16.165591044748705,True
vector_thrust,cruise_89,0.537842512567907,20.169094221296515,63.25644189573146,315.13294250240386,386.8344266886649,275.9472369703696,4.311550325847538,4.288619092788112,316.2822094786573,16.192771099675824,True
vector_thrust,cruise_89,0.5372578209787362,20.147168286702613,63.26844362213634,315.0788525188863,386.78404478354355,275.9996034014318,4.316320641089131,4.2894329428506826,316.3422181106817,16.211580281285475,True
vector_thrust,cruise_89,0.5370491174563411,20.139341904612795,63.272728697969,315.05954554216464,386.7660629018358,276.0183002222573,4.318025913718014,4.28972351848263,316.363643489845,16.218293200480392,True
vector_thrust,cruise_90,0.5370491174563411,20.139341904612795,63.24899080062401,315.0184235620078,386.72776592237125,275.95843885899995,4.316525971391529,4.316525971391529,316.24495400312003,16.218293200480392,True
vector_thrust,cruise_90,0.5368404777207976,20.131517914529915,63.253273539173655,314.9991225216581,386.70979208277663,275.9771284429982,4.318231425204545,4.316818312785605,316.26636769586827,16.22500611967531,True
vector_thrust,cruise_90,0.5362557994887921,20.10959248082971,63.26527829524011,314.94503524582035,386.6594282962935,276.029516393902,4.323017776339213,4.3176377620896345,316.32639147620057,16.24381530128496,True
vector_thrust,cruise_90,0.5354106995378515,20.077901232669436,63.28263815274126,314.8668587281582,386.5866447659195,276.10527364856455,4.329954569681061,4.318822752694105,316.4131907637063,16.27099535621208,True
vector_thrust,cruise_90,0.5344724109414907,20.042715410305902,63.301923440376655,314.7800642138546,386.5058531764418,276.18943335128677,4.337682084773924,4.3201391739061075,316.50961720188326,16.30116294123685,True
vector_thrust,cruise_90,0.5336267730067097,20.01100398775162,63.319314493722075,314.7018424009545,386.43305528627286,276.26532674252326,4.344669931133336,4.321326293951009,316.5965724686104,16.32834299616397,True
vector_thrust,cruise_90,0.5330414239194856,19.98905339698072,63.33135815039813,314.64769864285165,386.3826735934087,276.31788445308035,4.349519945259416,4.322148398625737,316.6567907519907,16.34715217777362,True
vector_thrust,cruise_90,0.5328324856251602,19.981218210943513,63.335658201371885,314.6283724655193,386.3646917847214,276.3366495873369,4.351253732098293,4.322441921772592,316.6782910068594,16.353865096968537,True
vector_thrust,cruise_91,0.5328324856251602,19.981218210943513,63.3093127142173,314.5871536134002,386.32634288955626,276.27020689132445,4.349637599499645,4.349637599499645,316.5465635710865,16.353865096968537,True
vector_thrust,cruise_91,0.5326236198141893,19.9733857430321,63.31361006825604,314.5678341656217,386.30836986268565,276.2889635518532,4.351371469340934,4.349932907042195,316.56805034128024,16.360578016163455,True
vector_thrust,cruise_91,0.5320383077332109,19.951436539995417,63.32565580627797,314.5136952819629,386.2580083388727,276.34153958283656,4.356237637318757,4.350760671583913,316.62827903138987,16.37938719777311,True
vector_thrust,cruise_91,0.5311922910895505,19.919710915858143,63.34307495780056,314.43544413182497,386.1852280632543,276.4175689508774,4.363290281974665,4.351957688814319,316.7153747890028,16.406567252700224,True
vector_thrust,cruise_91,0.5302529838654071,19.88448689495277,63.362426160786065,314.3485666915163,386.10444005522686,276.50203114374636,4.371147097559347,4.3532874736433556,316.81213080393036,16.436734837724995,True
vector_thrust,cruise_91,0.5294064272124874,19.852741020468283,63.37987669405343,314.2702700915952,386.03164537136314,276.57819748372907,4.378252087963208,4.354486647379579,316.89938347026714,16.463914892652113,True
vector_thrust,cruise_91,0.5288204417200127,19.830766564500482,63.39196935970771,314.21607453032357,385.98126587830757,276.63097492070204,4.383184016127763,4.355317582885966,316.95984679853854,16.482724074261764,True
vector_thrust,cruise_91,0.5286112761841402,19.82292285690526,63.39627609810448,314.1967298561771,385.9632848520912,276.6497760644065,4.384946437129529,4.355613590777988,316.9813804905224,16.489436993456685,True
vector_thrust,cruise_92,0.5286112761841402,19.82292285690526,63.36666781392012,314.1554154746258,385.92488551080294,276.5750979842554,4.38318634665483,4.38318634665483,316.8333390696006,16.489436993456685,True
vector_thrust,cruise_92,0.5284021939887736,19.815082274579016,63.370979437005595,314.13607852017617,385.90691418750407,276.5939206386068,4.3849492203927145,4.383484649727529,316.854897185028,16.496149912651603,True
vector_thrust,cruise_92,0.5278162754240538,19.793110328402022,63.383065181755,314.0818905707325,385.85655743901924,276.646681696659,4.3898968563179475,4.384320811590889,316.915325908775,16.514959094261254,True
vector_thrust,cruise_92,0.5269693815147204,19.761351806802022,63.40054221921677,314.0035684513714,385.7837840387676,276.7229787728629,4.39706775410289,4.385529974328764,317.00271109608383,16.542139149188372,True
vector_thrust,cruise_92,0.5260290995754385,19.72609123407895,63.41995685587142,313.91661216395295,385.70300364160624,276.80773495832403,4.405056498409314,4.38687319777012,317.0997842793571,16.572306734213143,True
vector_thrust,cruise_92,0.5251816636689618,19.69431238758607,63.43746816966544,313.83824444336403,385.6302157853097,276.8841804801452,4.412281241705198,4.388084713087122,317.1873408483272,16.599486789140258,True
vector_thrust,cruise_92,0.5245950692260175,19.67231509597566,63.449591478809175,313.7839996285017,385.57984100894487,276.9371063162187,4.4172956991332155,4.388923486366979,317.2479573940459,16.618295970749912,True
vector_thrust,cruise_92,0.5243856862533355,19.664463234500086,63.45392018759059,313.76463736800395,385.56186166383225,276.9560037484668,4.4190883344616445,4.389222974526326,317.269600937953,16.62500888994483,True
vector_thrust,cruise_93,0.5243856862533355,19.664463234500086,63.42010704453842,313.72322930678934,385.5234138117418,276.8707113267519,4.41714440013316,4.41714440013316,317.1005352226921,16.62500888994483,True
vector_thrust,cruise_93,0.5241764006383931,19.656615023939747,63.4244324560461,313.7038760439225,385.50544535576404,276.88959842734033,4.418936839181803,4.417445721461801,317.1221622802305,16.631721809139748,True
vector_thrust,cruise_93,0.5235899117811476,19.634621691793036,63.43655686024381,313.64964237445844,385.45509663203364,276.94254017552146,4.423967522666033,4.41829034437403,317.18278430121904,16.6505309907494,True
vector_thrust,cruise_93,0.5227421930256736,19.602832238462764,63.45408983300532,313.57125413103284,385.3823348111276,277.01909867800003,4.431258969827347,4.419511744640188,317.2704491650266,16.677711045676517,True
vector_thrust,cruise_93,0.5218009944838408,19.56753729314403,63.47356756733321,313.484224368215,385.30156723855384,277.1041490680306,4.439382326882907,4.420868622918328,317.36783783666607,16.707878630701288,True
vector_thrust,cruise_93,0.5209527318087601,19.53572744282851,63.49113228295476,313.40579037755293,385.22879091576385,277.18084617711344,4.4467288166198715,4.422092234488755,317.4556614147738,16.735058685628406,True
vector_thrust,cruise_93,0.5203655646945117,19.513708676044192,63.503296269898335,313.3514996621901,385.1784241084701,277.2339607651068,4.451828138117186,4.422939614855555,317.51648134949164,16.753867867238057,True
vector_thrust,cruise_93,0.5201559772266819,19.50584914600058,63.50763929642758,313.3321210114999,385.160447604546,277.2529247828941,4.4536511242669015,4.423242163307039,317.5381964821379,16.760580786432975,True
vector_thrust,cruise_94,0.5201559772266819,19.50584914600058,63.46818340675113,313.29062184481904,385.1219538416851,277.1533697583003,4.451462272062543,4.451462272062543,317.34091703375566,16.760580786432975,True
vector_thrust,cruise_94,0.5199465059323071,19.49799397246152,63.47253140804205,313.2712539066288,385.1039898156717,277.172356314233,4.4532853858428405,4.451767222124975,317.36265704021025,16.767293705627893,True
vector_thrust,cruise_94,0.5193594965274214,19.47598111977831,63.48469297472943,313.2169790962053,385.0536534974569,277.225474087481,4.458400580087568,4.452620366229972,317.42346487364716,16.786102887237544,True
vector_thrust,cruise_94,0.5185110248174686,19.444163430655077,63.502279723433,313.1385313462469,384.98090958507845,277.30228729113765,4.465814705321906,4.453854091363359,317.511398617165,16.813282942164662,True
vector_thrust,cruise_94,0.5175689895302075,19.408837107382784,63.52181724854869,313.0514354582325,384.90016186444416,277.3876208484858,4.4740750001931495,4.45522466503312,317.60908624274344,16.843450527189432,True
vector_thrust,cruise_94,0.5167199720484106,19.3769989518154,63.53943553161766,312.972941820789,384.82740340531046,277.4645719556596,4.48154554541445,4.456460605085649,317.6971776580883,16.87063058211655,True
vector_thrust,cruise_94,0.5161322820804531,19.354960578017,63.5516364764767,312.9186097898917,384.7770489478679,277.51786190900896,4.486731098747989,4.457316514638622,317.7581823823835,16.8894397637262,True
vector_thrust,cruise_94,0.5159225079071734,19.34709404651901,63.555992683063835,312.89921638620876,384.75907684915745,277.53688847878215,4.488584937586648,4.4576221073780715,317.7799634153192,16.89615268292112,True
vector_thrust,cruise_95,0.5159225079071734,19.34709404651901,63.508604727300515,312.85762978647625,384.7205407830277,277.41732166192793,4.4860548828767985,4.4860548828767985,317.5430236365026,16.89615268292112,True
vector_thrust,cruise_95,0.5157128764645909,19.33923286742216,63.51295376737686,312.8382495153215,384.7025834007386,277.43632363716875,4.487907790015002,4.4863621596657985,317.5647688368843,16.902865602116037,True
vector_thrust,cruise_95,0.5151254180704443,19.317203177641666,63.52514922758061,312.7839401288658,384.6522656915178,277.4896062495435,4.4931086342767355,4.487223781146333,317.6257461379031,16.921674783725692,True
vector_thrust,cruise_95,0.5142762968710538,19.285361132664523,63.54278501731643,312.7054423639788,384.5795486540109,277.56665794784806,4.500647095068473,4.488469767321033,317.71392508658215,16.948854838652807,True
vector_thrust,cruise_95,0.5133335397589232,19.250007740959624,63.562376853488544,312.6182908925616,384.49883074002685,277.6522558081032,4.509046169810348,4.48985395161299,317.81188426744274,16.979022423677577,True
vector_thrust,cruise_95,0.512483871090056,19.218145165877104,63.58004358610772,312.53974711281637,384.4260991163658,277.7294432109659,4.516642433373825,4.491102132236444,317.9002179305386,17.006202478604695,True
vector_thrust,cruise_95,0.5118957300176373,19.196089875661404,63.59227838746509,312.48538034720224,384.37576321892374,277.7828980046038,4.521915405645906,4.491966538022557,317.96139193732546,17.025011660214346,True
vector_thrust,cruise_95,0.5116857947534582,19.18821730325469,63.59664670536148,312.4659745398184,384.3577977420267,277.8019835235463,4.523800525026153,4.4922751657785005,317.9832335268074,17.031724579409268,True
vector_thrust,cruise_96,0.5116857947534582,19.18821730325469,63.537177507458125,312.4243059542752,384.3192246083857,277.65190832418466,4.520753720062873,4.520753720062873,317.6858875372906,17.031724579409268,True
vector_thrust,cruise_96,0.5111351616328527,19.16756856123198,63.548627419116364,312.3734070073631,384.27211188954146,277.70195355062054,4.525702103847451,4.521568561008672,317.7431370955818,17.049345993473477,True
vector_thrust,cruise_96,0.5095917402052371,19.1096902576964,63.58074347113592,312.2307424457909,384.14008949218857,277.8423262577908,4.539629614111452,4.523854122242395,317.9037173556796,17.098720098498227,True
vector_thrust,cruise_96,0.5073599145333915,19.025996795002186,63.6272415569862,312.0244587134216,383.94927119694415,278.04555989865355,4.559919580551871,4.527163190937502,318.136207784931,17.170067747449707,True
vector_thrust,cruise_96,0.5048806704059006,18.93302514022128,63.67897422424805,311.7953242488404,383.7374228212967,278.2716728263574,4.5826700073323465,4.530844782269761,318.39487112124027,17.249257663431585,True
vector_thrust,cruise_96,0.5026450477124318,18.849189289216195,63.72569562883901,311.58872156750056,383.54650340773406,278.4758825480439,4.603378049801238,4.534169743601953,318.62847814419507,17.320605312383066,True
vector_thrust,cruise_96,0.5010968914595728,18.791133429733986,63.75809015774097,311.4456592816954,383.4143549174206,278.6174724207472,4.6178269506709375,4.53647512283601,318.7904507887049,17.369979417407816,True
vector_thrust,cruise_96,0.500544151137529,18.770405667657343,63.769664004014565,311.3945833303581,383.3671860817584,278.66805934008545,4.623007395903316,4.537298783675098,318.84832002007283,17.387600831472025,True
vector_thrust,decel_descend,0.500544151137529,18.770405667657343,53.93524889262319,320.33954962239414,372.9018515551902,175.25386456486672,2.9909179928395315,2.9909179928395315,269.676244463116,17.387600831472025,True
vector_thrust,decel_descend,0.49755037929617596,18.658139223606604,53.999276492494786,320.02509725089635,372.66719444298684,175.4651254821493,3.00958435209442,2.994523414496013,269.99638246247395,17.506438189989122,True
vector_thrust,decel_descend,0.4891423659284143,18.34283872231554,54.17770903362739,319.1645731871589,372.0302736938436,176.05370174982073,3.063326534547846,3.0045681764389673,270.88854516813694,17.839413069241544,True
vector_thrust,decel_descend,0.47693999047710234,17.88524964289134,54.443804545823454,317.9103609201519,371.10981037131734,176.93050747205032,3.144940250279451,3.019531920704193,272.2190227291173,18.320575710724444,True
vector_thrust,decel_descend,0.4633212397651297,17.374546491192365,54.750560916307066,316.50315361627406,370.087892807479,177.9400961663865,3.2414429706118573,3.036761766098785,273.7528045815354,18.8546259522196,True
vector_thrust,decel_descend,0.45098092258037165,16.91178459676394,55.03722090421513,315.22135755941963,369.16677079676487,178.88255984844972,3.3342195814108337,3.0528460424214754,275.18610452107566,19.335788593702503,True
vector_thrust,decel_descend,0.4424008963033248,16.590033611374686,55.24130828020972,314.32642855874093,368.5290367294984,179.55304581033758,3.401938112271903,3.0642886918166017,276.2065414010486,19.668763472954925,True
vector_thrust,decel_descend,0.4393305705981052,16.47489639742895,55.31527839681031,314.0054458615642,368.30136334259686,179.79596627684035,3.4268447699422624,3.0684344217603954,276.5763919840515,19.78760083147202,True
vector_thrust,arrival_terminal_procedure,0.4393305705981052,16.47489639742895,140.08063728008574,305.51512957169837,378.0191406348101,458.4831890688121,8.502241685517568,8.502241685517568,700.4031864004287,19.78760083147202,False
vector_thrust,arrival_terminal_procedure,0.43568824894607294,16.33830933547774,133.91358043342703,305.2356921292481,377.7671983816588,428.39111948789423,8.003291966995148,7.94420585237391,669.5679021671352,19.83143693178368,False
vector_thrust,arrival_terminal_procedure,0.42798201718125134,16.04932564429693,139.39825845949935,304.56295616765505,377.16147005038687,446.5087184973604,8.473254158719808,8.280183722909651,696.9912922974967,19.954262955437443,False
vector_thrust,arrival_terminal_procedure,0.41516180764399013,15.568567786649634,136.45555974548896,303.62338886877086,376.3286741816451,438.4418838426746,8.550639494820778,8.130590063847588,682.2777987274447,20.13175170208636,False
vector_thrust,arrival_terminal_procedure,0.40024788423196134,15.009295658698555,184.99421157989994,302.5092814191869,375.34575537817074,596.4756591572424,12.021844804630826,11.061213005395773,924.9710578994997,20.32874934869998,False
vector_thrust,arrival_terminal_procedure,0.3799391396340036,14.247717736275137,225.51412408711485,301.0985022437064,374.10682161679694,731.2015528574872,15.452558541577366,13.559608010593903,1127.5706204355743,20.506238095348888,False
vector_thrust,arrival_terminal_procedure,0.36444021817182637,13.666508181443492,275.99740036346094,300.0232382074877,373.16682911789246,899.0291288937967,19.736543300783666,16.6718499574652,1379.9870018173046,20.629064119002653,False
vector_thrust,arrival_terminal_procedure,0.3561645092068813,13.356169095258052,388.7668589371211,299.49374043823946,372.70530900957266,1269.7108602964504,28.47152144549063,23.545876626125565,1943.8342946856055,20.672900219314315,False
vector_thrust,second_descent,0.3561645092068813,13.356169095258052,41.3867271147938,312.1583921900203,359.8208287119741,155.95095154541465,3.6448623813997796,3.6448623813997796,206.933635573969,20.672900219314315,True
vector_thrust,second_descent,0.35568536129733686,13.338201048650134,41.378862338918346,312.1322492313781,359.7901292683592,155.92528522173873,3.648866126008121,3.6442625119106347,206.89431169459175,20.69765800233871,True
vector_thrust,second_descent,0.35434331776147093,13.287874416055162,41.35690580927974,312.0589726394556,359.7041783348618,155.85364970395256,3.6601436983751765,3.6425882572724713,206.7845290463987,20.76702776884963,True
vector_thrust,second_descent,0.35240530161118405,13.215198810419404,41.3253854403959,311.9530182028716,359.5801495553309,155.7508600256665,3.6765962865720723,3.640185872241355,206.6269272019795,20.86726998582523,True
vector_thrust,second_descent,0.35025604236393343,13.134601588647508,41.2906865326203,311.8353254391292,359.44272770353655,155.6377738215661,3.6950763616779954,3.637542838344503,206.4534326631015,20.97853045280339,True
vector_thrust,second_descent,0.3483212141454309,13.062045530453661,41.25968015080476,311.7292049600847,359.3191298539005,155.53678513110805,3.7119269151164778,3.635182545732308,206.29840075402382,21.078772669778996,True
vector_thrust,second_descent,0.3469831459661023,13.01186797372884,41.238364507891426,311.65572135127456,359.23371626682984,155.46739524500026,3.7237008021838376,3.6335607756628243,206.19182253945712,21.148142436289916,True
vector_thrust,second_descent,0.3465057672820018,12.99396627307507,41.230784945513534,311.62948626771026,359.20325596334385,155.44272829492223,3.727925449750629,3.6329842633843654,206.15392472756767,21.172900219314315,True
vector_thrust,hover_descent,0.3465057672820018,12.99396627307507,0.03,328.7100331030071,328.7329888002217,0.075,0.001897284629236709,0.001897284629236709,0.15,21.172900219314315,False
vector_thrust,hover_descent,0.3465056102484211,12.993960384315793,0.03,328.70998245834136,328.73293815611123,0.075,0.0018972851967544101,0.001897284629236709,0.15,21.184668021050935,False
vector_thrust,hover_descent,0.346505170250106,12.993943884378977,0.03,328.70984057114396,328.73279627046986,0.075,0.001897286786998777,0.001897284629236709,0.15,21.21764066880424,False
vector_thrust,hover_descent,0.3465045344341206,12.993920041279525,0.03,328.70963557989546,328.73259128147,0.075,0.0018972890852162368,0.001897284629236709,0.15,21.265287525303705,False
vector_thrust,hover_descent,0.34650382873161967,12.993893577435742,0.03,328.70940811452516,328.73236381859533,0.075,0.0018972916363883697,0.001897284629236709,0.15,21.318171546269262,False
vector_thrust,hover_descent,0.34650319291563825,12.993869734336439,0.03,328.70920322738596,328.7321589337047,0.075,0.0018972939352245183,0.001897284629236709,0.15,21.36581840276873,False
vector_thrust,hover_descent,0.3465027529173283,12.993853234399815,0.03,328.7090614700106,328.73201717788544,0.075,0.001897295526240375,0.001897284629236709,0.15,21.39879105052204,False
vector_thrust,hover_descent,0.34650259588374976,12.993847345640619,0.03,328.7090108831213,328.73196659155144,0.075,0.0018972960941014236,0.001897284629236709,0.15,21.41055885225866,False
