eVTOL_type,mission_segment,velocity_kts,equivalent_airspeed_kts,Mach,time_min,fesibility
vector_thrust,hover_climb,4.4853526384497595,4.485352638817302,0.006780797811705762,0.0,True
vector_thrust,hover_climb,4.4853526384497595,4.485190168820666,0.0067808555252493,0.005450550781748748,True
vector_thrust,hover_climb,4.4853526384497595,4.484734954826768,0.006781017242781587,0.020722654698051127,True
vector_thrust,hover_climb,4.4853526384497595,4.484077195345174,0.006781250951638518,0.04279148426822049,True
vector_thrust,hover_climb,4.4853526384497595,4.48334719801692,0.006781510376934031,0.06728603713945196,True
vector_thrust,hover_climb,4.4853526384497595,4.48268954776504,0.006781744136311183,0.08935486670962133,True
vector_thrust,hover_climb,4.4853526384497595,4.482234469978368,0.006781905916841153,0.10462697062592372,True
vector_thrust,hover_climb,4.4853526384497595,4.482072060599649,0.006781963658421299,0.11007752140767246,True
vector_thrust,second_climb,66.99506444066647,66.94606438600259,0.10129818744579903,0.11007752140767246,True
vector_thrust,second_climb,66.99506444066647,66.93393602843466,0.10130250003266708,0.13483530443206768,True
vector_thrust,second_climb,66.99506444066647,66.89995940620298,0.10131458653974595,0.20420507094298898,True
vector_thrust,second_climb,66.99506444066647,66.85087811760529,0.1013320596226719,0.30444728791859366,True
vector_thrust,second_climb,66.99506444066647,66.79642462923402,0.1013514637729431,0.41570775489675077,True
vector_thrust,second_climb,66.99506444066647,66.74738412106537,0.10136895576901506,0.5159499718723555,True
vector_thrust,second_climb,66.99506444066647,66.71345835119665,0.1013810658604108,0.5853197383832768,True
vector_thrust,second_climb,66.99506444066647,66.70135262505923,0.10138538894329067,0.6100775214076719,True
vector_thrust,departure_terminal_procedures,81.43072902060369,81.07373007647932,0.12323125893850524,0.6100775214076719,True
vector_thrust,departure_terminal_procedures,81.43072902060369,81.07373007647932,0.12323125893850524,0.6469650657845092,True
vector_thrust,departure_terminal_procedures,81.43072902060369,81.07373007647932,0.12323125893850524,0.7503216683551451,True
vector_thrust,departure_terminal_procedures,81.43072902060369,81.07373007647932,0.12323125893850524,0.8996762863949201,True
vector_thrust,departure_terminal_procedures,81.43072902060369,81.07373007647932,0.12323125893850524,1.0654474060868728,True
vector_thrust,departure_terminal_procedures,81.43072902060369,81.07373007647932,0.12323125893850524,1.214802024126648,True
vector_thrust,departure_terminal_procedures,81.43072902060369,81.07373007647932,0.12323125893850524,1.3181586266972838,True
vector_thrust,departure_terminal_procedures,81.43072902060369,81.07373007647932,0.12323125893850524,1.3550461710741213,True
vector_thrust,accel_climb,71.77965050363076,71.46496267327954,0.10862602857810881,1.3550461710741213,True
vector_thrust,accel_climb,71.77965050363076,71.40272290661449,0.10864826951004548,1.4738835295912183,True
vector_thrust,accel_climb,71.77965050363076,71.22848593468682,0.10871065938198948,1.8068584088436406,True
vector_thrust,accel_climb,71.77965050363076,70.97710968861895,0.10880100376997041,2.288021050326543,True
vector_thrust,accel_climb,71.77965050363076,70.69866138374805,0.10890154025072306,2.8220712918216977,True
vector_thrust,accel_climb,71.77965050363076,70.44829097634891,0.10899235735317521,3.3032339333045995,True
vector_thrust,accel_climb,71.77965050363076,70.27530826459123,0.10905533669598616,3.6362088125570224,True
vector_thrust,accel_climb,71.77965050363076,70.21362669616704,0.10907783996912397,3.7550461710741194,True
vector_thrust,cruise_0,88.41833261339092,86.4893010157543,0.1343623250805936,3.7550461710741194,True
vector_thrust,cruise_0,88.41833261339092,86.4893010157543,0.1343623250805936,3.761759090269038,True
vector_thrust,cruise_0,88.41833261339092,86.4893010157543,0.1343623250805936,3.7805682718786886,True
vector_thrust,cruise_0,88.41833261339092,86.4893010157543,0.1343623250805936,3.8077483268058065,True
vector_thrust,cruise_0,88.41833261339092,86.4893010157543,0.1343623250805936,3.8379159118305775,True
vector_thrust,cruise_0,88.41833261339092,86.4893010157543,0.1343623250805936,3.8650959667576954,True
vector_thrust,cruise_0,88.41833261339092,86.4893010157543,0.1343623250805936,3.8839051483673463,True
vector_thrust,cruise_0,88.41833261339092,86.4893010157543,0.1343623250805936,3.890618067562265,True
vector_thrust,cruise_1,85.72134953647954,83.85115828812208,0.13026393387363314,3.890618067562265,True
vector_thrust,cruise_1,85.72134953647954,83.85115828812208,0.13026393387363314,3.8973309867571837,True
vector_thrust,cruise_1,85.72134953647954,83.85115828812208,0.13026393387363314,3.916140168366834,True
vector_thrust,cruise_1,85.72134953647954,83.85115828812208,0.13026393387363314,3.943320223293952,True
vector_thrust,cruise_1,85.72134953647954,83.85115828812208,0.13026393387363314,3.973487808318723,True
vector_thrust,cruise_1,85.72134953647954,83.85115828812208,0.13026393387363314,4.000667863245841,True
vector_thrust,cruise_1,85.72134953647954,83.85115828812208,0.13026393387363314,4.019477044855492,True
vector_thrust,cruise_1,85.72134953647954,83.85115828812208,0.13026393387363314,4.026189964050411,True
vector_thrust,cruise_2,87.45503466868365,85.54701943856216,0.1328984776207895,4.026189964050411,True
vector_thrust,cruise_2,87.45503466868365,85.54701943856216,0.1328984776207895,4.032902883245329,True
vector_thrust,cruise_2,87.45503466868365,85.54701943856216,0.1328984776207895,4.05171206485498,True
vector_thrust,cruise_2,87.45503466868365,85.54701943856216,0.1328984776207895,4.078892119782098,True
vector_thrust,cruise_2,87.45503466868365,85.54701943856216,0.1328984776207895,4.109059704806869,True
vector_thrust,cruise_2,87.45503466868365,85.54701943856216,0.1328984776207895,4.136239759733987,True
vector_thrust,cruise_2,87.45503466868365,85.54701943856216,0.1328984776207895,4.155048941343638,True
vector_thrust,cruise_2,87.45503466868365,85.54701943856216,0.1328984776207895,4.161761860538556,True
vector_thrust,cruise_3,84.93191746678075,83.0789493367702,0.12906429658979396,4.161761860538556,True
vector_thrust,cruise_3,84.93191746678075,83.0789493367702,0.12906429658979396,4.168474779733475,True
vector_thrust,cruise_3,84.93191746678075,83.0789493367702,0.12906429658979396,4.187283961343126,True
vector_thrust,cruise_3,84.93191746678075,83.0789493367702,0.12906429658979396,4.214464016270243,True
vector_thrust,cruise_3,84.93191746678075,83.0789493367702,0.12906429658979396,4.244631601295015,True
vector_thrust,cruise_3,84.93191746678075,83.0789493367702,0.12906429658979396,4.271811656222132,True
vector_thrust,cruise_3,84.93191746678075,83.0789493367702,0.12906429658979396,4.290620837831783,True
vector_thrust,cruise_3,84.93191746678075,83.0789493367702,0.12906429658979396,4.297333757026702,True
vector_thrust,cruise_4,88.45928743487276,86.52936232180356,0.1344245608734989,4.297333757026702,True
vector_thrust,cruise_4,88.45928743487276,86.52936232180356,0.1344245608734989,4.30404667622162,True
vector_thrust,cruise_4,88.45928743487276,86.52936232180356,0.1344245608734989,4.3228558578312715,True
vector_thrust,cruise_4,88.45928743487276,86.52936232180356,0.1344245608734989,4.350035912758389,True
vector_thrust,cruise_4,88.45928743487276,86.52936232180356,0.1344245608734989,4.380203497783159,True
vector_thrust,cruise_4,88.45928743487276,86.52936232180356,0.1344245608734989,4.407383552710277,True
vector_thrust,cruise_4,88.45928743487276,86.52936232180356,0.1344245608734989,4.426192734319929,True
vector_thrust,cruise_4,88.45928743487276,86.52936232180356,0.1344245608734989,4.432905653514847,True
vector_thrust,cruise_5,87.34437044718764,85.43876958944442,0.132730309983333,4.432905653514847,True
vector_thrust,cruise_5,87.34437044718764,85.43876958944442,0.132730309983333,4.439618572709765,True
vector_thrust,cruise_5,87.34437044718764,85.43876958944442,0.132730309983333,4.458427754319417,True
vector_thrust,cruise_5,87.34437044718764,85.43876958944442,0.132730309983333,4.485607809246535,True
vector_thrust,cruise_5,87.34437044718764,85.43876958944442,0.132730309983333,4.515775394271305,True
vector_thrust,cruise_5,87.34437044718764,85.43876958944442,0.132730309983333,4.5429554491984225,True
vector_thrust,cruise_5,87.34437044718764,85.43876958944442,0.132730309983333,4.561764630808074,True
vector_thrust,cruise_5,87.34437044718764,85.43876958944442,0.132730309983333,4.568477550002993,True
vector_thrust,cruise_6,88.45770280079081,86.52781225984171,0.1344221528308073,4.568477550002993,True
vector_thrust,cruise_6,88.45770280079081,86.52781225984171,0.1344221528308073,4.575190469197911,True
vector_thrust,cruise_6,88.45770280079081,86.52781225984171,0.1344221528308073,4.593999650807563,True
vector_thrust,cruise_6,88.45770280079081,86.52781225984171,0.1344221528308073,4.62117970573468,True
vector_thrust,cruise_6,88.45770280079081,86.52781225984171,0.1344221528308073,4.651347290759451,True
vector_thrust,cruise_6,88.45770280079081,86.52781225984171,0.1344221528308073,4.678527345686568,True
vector_thrust,cruise_6,88.45770280079081,86.52781225984171,0.1344221528308073,4.69733652729622,True
vector_thrust,cruise_6,88.45770280079081,86.52781225984171,0.1344221528308073,4.704049446491139,True
vector_thrust,cruise_7,88.45725158763248,86.52737089084594,0.13442146715796927,4.704049446491139,True
vector_thrust,cruise_7,88.45725158763248,86.52737089084594,0.13442146715796927,4.710762365686056,True
vector_thrust,cruise_7,88.45725158763248,86.52737089084594,0.13442146715796927,4.729571547295708,True
vector_thrust,cruise_7,88.45725158763248,86.52737089084594,0.13442146715796927,4.756751602222826,True
vector_thrust,cruise_7,88.45725158763248,86.52737089084594,0.13442146715796927,4.786919187247596,True
vector_thrust,cruise_7,88.45725158763248,86.52737089084594,0.13442146715796927,4.814099242174715,True
vector_thrust,cruise_7,88.45725158763248,86.52737089084594,0.13442146715796927,4.832908423784366,True
vector_thrust,cruise_7,88.45725158763248,86.52737089084594,0.13442146715796927,4.839621342979284,True
vector_thrust,cruise_8,88.4567974734708,86.5269266841383,0.13442077707670655,4.839621342979284,True
vector_thrust,cruise_8,88.4567974734708,86.5269266841383,0.13442077707670655,4.846334262174202,True
vector_thrust,cruise_8,88.4567974734708,86.5269266841383,0.13442077707670655,4.865143443783854,True
vector_thrust,cruise_8,88.4567974734708,86.5269266841383,0.13442077707670655,4.892323498710971,True
vector_thrust,cruise_8,88.4567974734708,86.5269266841383,0.13442077707670655,4.922491083735742,True
vector_thrust,cruise_8,88.4567974734708,86.5269266841383,0.13442077707670655,4.94967113866286,True
vector_thrust,cruise_8,88.4567974734708,86.5269266841383,0.13442077707670655,4.968480320272511,True
vector_thrust,cruise_8,88.4567974734708,86.5269266841383,0.13442077707670655,4.97519323946743,True
vector_thrust,cruise_9,88.45634042082348,86.52647960305424,0.13442008253006035,4.97519323946743,True
vector_thrust,cruise_9,88.45634042082348,86.52647960305424,0.13442008253006035,4.981906158662348,True
vector_thrust,cruise_9,88.45634042082348,86.52647960305424,0.13442008253006035,5.0007153402719995,True
vector_thrust,cruise_9,88.45634042082348,86.52647960305424,0.13442008253006035,5.027895395199117,True
vector_thrust,cruise_9,88.45634042082348,86.52647960305424,0.13442008253006035,5.0580629802238875,True
vector_thrust,cruise_9,88.45634042082348,86.52647960305424,0.13442008253006035,5.085243035151006,True
vector_thrust,cruise_9,88.45634042082348,86.52647960305424,0.13442008253006035,5.104052216760657,True
vector_thrust,cruise_9,88.45634042082348,86.52647960305424,0.13442008253006035,5.1107651359555755,True
vector_thrust,cruise_10,88.45588039147725,86.52602961021424,0.134419383459961,5.1107651359555755,True
vector_thrust,cruise_10,88.45588039147725,86.52602961021424,0.134419383459961,5.117478055150494,True
vector_thrust,cruise_10,88.45588039147725,86.52602961021424,0.134419383459961,5.136287236760145,True
vector_thrust,cruise_10,88.45588039147725,86.52602961021424,0.134419383459961,5.1634672916872635,True
vector_thrust,cruise_10,88.45588039147725,86.52602961021424,0.134419383459961,5.193634876712034,True
vector_thrust,cruise_10,88.45588039147725,86.52602961021424,0.134419383459961,5.2208149316391514,True
vector_thrust,cruise_10,88.45588039147725,86.52602961021424,0.134419383459961,5.239624113248803,True
vector_thrust,cruise_10,88.45588039147725,86.52602961021424,0.134419383459961,5.246337032443721,True
vector_thrust,cruise_11,88.45541734646872,86.52557666750492,0.1344186798071989,5.246337032443721,True
vector_thrust,cruise_11,88.45541734646872,86.52557666750492,0.1344186798071989,5.25304995163864,True
vector_thrust,cruise_11,88.45541734646872,86.52557666750492,0.1344186798071989,5.271859133248291,True
vector_thrust,cruise_11,88.45541734646872,86.52557666750492,0.1344186798071989,5.299039188175409,True
vector_thrust,cruise_11,88.45541734646872,86.52557666750492,0.1344186798071989,5.3292067732001795,True
vector_thrust,cruise_11,88.45541734646872,86.52557666750492,0.1344186798071989,5.356386828127297,True
vector_thrust,cruise_11,88.45541734646872,86.52557666750492,0.1344186798071989,5.375196009736949,True
vector_thrust,cruise_11,88.45541734646872,86.52557666750492,0.1344186798071989,5.381908928931867,True
vector_thrust,cruise_12,88.45495124606474,86.52512073606003,0.13441797151139476,5.381908928931867,True
vector_thrust,cruise_12,88.45495124606474,86.52512073606003,0.13441797151139476,5.388621848126785,True
vector_thrust,cruise_12,88.45495124606474,86.52512073606003,0.13441797151139476,5.407431029736436,True
vector_thrust,cruise_12,88.45495124606474,86.52512073606003,0.13441797151139476,5.434611084663555,True
vector_thrust,cruise_12,88.45495124606474,86.52512073606003,0.13441797151139476,5.464778669688325,True
vector_thrust,cruise_12,88.45495124606474,86.52512073606003,0.13441797151139476,5.491958724615443,True
vector_thrust,cruise_12,88.45495124606474,86.52512073606003,0.13441797151139476,5.5107679062250945,True
vector_thrust,cruise_12,88.45495124606474,86.52512073606003,0.13441797151139476,5.517480825420012,True
vector_thrust,cruise_13,88.4544820497418,86.52466177624015,0.1344172585109682,5.517480825420012,True
vector_thrust,cruise_13,88.4544820497418,86.52466177624015,0.1344172585109682,5.524193744614931,True
vector_thrust,cruise_13,88.4544820497418,86.52466177624015,0.1344172585109682,5.543002926224583,True
vector_thrust,cruise_13,88.4544820497418,86.52466177624015,0.1344172585109682,5.5701829811517,True
vector_thrust,cruise_13,88.4544820497418,86.52466177624015,0.1344172585109682,5.600350566176471,True
vector_thrust,cruise_13,88.4544820497418,86.52466177624015,0.1344172585109682,5.627530621103588,True
vector_thrust,cruise_13,88.4544820497418,86.52466177624015,0.1344172585109682,5.64633980271324,True
vector_thrust,cruise_13,88.4544820497418,86.52466177624015,0.1344172585109682,5.653052721908158,True
vector_thrust,cruise_14,88.76000285771197,86.82351700621433,0.13488153424322916,5.653052721908158,True
vector_thrust,cruise_14,88.76000285771197,86.82351700621433,0.13488153424322916,5.659765641103077,True
vector_thrust,cruise_14,88.76000285771197,86.82351700621433,0.13488153424322916,5.678574822712728,True
vector_thrust,cruise_14,88.76000285771197,86.82351700621433,0.13488153424322916,5.705754877639846,True
vector_thrust,cruise_14,88.76000285771197,86.82351700621433,0.13488153424322916,5.735922462664616,True
vector_thrust,cruise_14,88.76000285771197,86.82351700621433,0.13488153424322916,5.763102517591734,True
vector_thrust,cruise_14,88.76000285771197,86.82351700621433,0.13488153424322916,5.781911699201386,True
vector_thrust,cruise_14,88.76000285771197,86.82351700621433,0.13488153424322916,5.7886246183963035,True
vector_thrust,cruise_15,88.45147266144302,86.5217180440666,0.13441268538233136,5.7886246183963035,True
vector_thrust,cruise_15,88.45147266144302,86.5217180440666,0.13441268538233136,5.795337537591222,True
vector_thrust,cruise_15,88.45147266144302,86.5217180440666,0.13441268538233136,5.814146719200874,True
vector_thrust,cruise_15,88.45147266144302,86.5217180440666,0.13441268538233136,5.8413267741279915,True
vector_thrust,cruise_15,88.45147266144302,86.5217180440666,0.13441268538233136,5.871494359152762,True
vector_thrust,cruise_15,88.45147266144302,86.5217180440666,0.13441268538233136,5.8986744140798795,True
vector_thrust,cruise_15,88.45147266144302,86.5217180440666,0.13441268538233136,5.917483595689531,True
vector_thrust,cruise_15,88.45147266144302,86.5217180440666,0.13441268538233136,5.924196514884449,True
vector_thrust,cruise_16,88.7570654473212,86.82064368159956,0.13487707049370848,5.924196514884449,True
vector_thrust,cruise_16,88.7570654473212,86.82064368159956,0.13487707049370848,5.930909434079368,True
vector_thrust,cruise_16,88.7570654473212,86.82064368159956,0.13487707049370848,5.94971861568902,True
vector_thrust,cruise_16,88.7570654473212,86.82064368159956,0.13487707049370848,5.976898670616137,True
vector_thrust,cruise_16,88.7570654473212,86.82064368159956,0.13487707049370848,6.007066255640908,True
vector_thrust,cruise_16,88.7570654473212,86.82064368159956,0.13487707049370848,6.034246310568025,True
vector_thrust,cruise_16,88.7570654473212,86.82064368159956,0.13487707049370848,6.053055492177677,True
vector_thrust,cruise_16,88.7570654473212,86.82064368159956,0.13487707049370848,6.059768411372595,True
vector_thrust,cruise_17,88.44842203306779,86.51873397155546,0.1344080495844223,6.059768411372595,True
vector_thrust,cruise_17,88.44842203306779,86.51873397155546,0.1344080495844223,6.066481330567513,True
vector_thrust,cruise_17,88.44842203306779,86.51873397155546,0.1344080495844223,6.085290512177165,True
vector_thrust,cruise_17,88.44842203306779,86.51873397155546,0.1344080495844223,6.112470567104283,True
vector_thrust,cruise_17,88.44842203306779,86.51873397155546,0.1344080495844223,6.142638152129053,True
vector_thrust,cruise_17,88.44842203306779,86.51873397155546,0.1344080495844223,6.169818207056171,True
vector_thrust,cruise_17,88.44842203306779,86.51873397155546,0.1344080495844223,6.1886273886658225,True
vector_thrust,cruise_17,88.44842203306779,86.51873397155546,0.1344080495844223,6.195340307860741,True
vector_thrust,cruise_18,88.74607021041271,86.8098883288734,0.13486036190452602,6.195340307860741,True
vector_thrust,cruise_18,88.74607021041271,86.8098883288734,0.13486036190452602,6.202053227055659,True
vector_thrust,cruise_18,88.74607021041271,86.8098883288734,0.13486036190452602,6.220862408665311,True
vector_thrust,cruise_18,88.74607021041271,86.8098883288734,0.13486036190452602,6.248042463592428,True
vector_thrust,cruise_18,88.74607021041271,86.8098883288734,0.13486036190452602,6.278210048617199,True
vector_thrust,cruise_18,88.74607021041271,86.8098883288734,0.13486036190452602,6.305390103544316,True
vector_thrust,cruise_18,88.74607021041271,86.8098883288734,0.13486036190452602,6.324199285153968,True
vector_thrust,cruise_18,88.74607021041271,86.8098883288734,0.13486036190452602,6.330912204348887,True
vector_thrust,cruise_19,88.44538460358885,86.51576280997897,0.13440343384382875,6.330912204348887,True
vector_thrust,cruise_19,88.44538460358885,86.51576280997897,0.13440343384382875,6.337625123543805,True
vector_thrust,cruise_19,88.44538460358885,86.51576280997897,0.13440343384382875,6.356434305153456,True
vector_thrust,cruise_19,88.44538460358885,86.51576280997897,0.13440343384382875,6.383614360080574,True
vector_thrust,cruise_19,88.44538460358885,86.51576280997897,0.13440343384382875,6.413781945105344,True
vector_thrust,cruise_19,88.44538460358885,86.51576280997897,0.13440343384382875,6.440962000032462,True
vector_thrust,cruise_19,88.44538460358885,86.51576280997897,0.13440343384382875,6.459771181642114,True
vector_thrust,cruise_19,88.44538460358885,86.51576280997897,0.13440343384382875,6.466484100837032,True
vector_thrust,cruise_20,88.44489257850326,86.51528151945384,0.13440268615234277,6.466484100837032,True
vector_thrust,cruise_20,88.44489257850326,86.51528151945384,0.13440268615234277,6.47319702003195,True
vector_thrust,cruise_20,88.44489257850326,86.51528151945384,0.13440268615234277,6.492006201641602,True
vector_thrust,cruise_20,88.44489257850326,86.51528151945384,0.13440268615234277,6.5191862565687195,True
vector_thrust,cruise_20,88.44489257850326,86.51528151945384,0.13440268615234277,6.54935384159349,True
vector_thrust,cruise_20,88.44489257850326,86.51528151945384,0.13440268615234277,6.5765338965206075,True
vector_thrust,cruise_20,88.44489257850326,86.51528151945384,0.13440268615234277,6.595343078130259,True
vector_thrust,cruise_20,88.44489257850326,86.51528151945384,0.13440268615234277,6.602055997325178,True
vector_thrust,cruise_21,88.44439710379162,86.51479685456349,0.1344019332187338,6.602055997325178,True
vector_thrust,cruise_21,88.44439710379162,86.51479685456349,0.1344019332187338,6.608768916520096,True
vector_thrust,cruise_21,88.44439710379162,86.51479685456349,0.1344019332187338,6.627578098129748,True
vector_thrust,cruise_21,88.44439710379162,86.51479685456349,0.1344019332187338,6.654758153056865,True
vector_thrust,cruise_21,88.44439710379162,86.51479685456349,0.1344019332187338,6.684925738081636,True
vector_thrust,cruise_21,88.44439710379162,86.51479685456349,0.1344019332187338,6.712105793008753,True
vector_thrust,cruise_21,88.44439710379162,86.51479685456349,0.1344019332187338,6.730914974618405,True
vector_thrust,cruise_21,88.44439710379162,86.51479685456349,0.1344019332187338,6.737627893813324,True
vector_thrust,cruise_22,88.44389813081511,86.51430876773026,0.13440117496908927,6.737627893813324,True
vector_thrust,cruise_22,88.44389813081511,86.51430876773026,0.13440117496908927,6.744340813008241,True
vector_thrust,cruise_22,88.44389813081511,86.51430876773026,0.13440117496908927,6.763149994617893,True
vector_thrust,cruise_22,88.44389813081511,86.51430876773026,0.13440117496908927,6.790330049545011,True
vector_thrust,cruise_22,88.44389813081511,86.51430876773026,0.13440117496908927,6.820497634569781,True
vector_thrust,cruise_22,88.44389813081511,86.51430876773026,0.13440117496908927,6.847677689496899,True
vector_thrust,cruise_22,88.44389813081511,86.51430876773026,0.13440117496908927,6.8664868711065505,True
vector_thrust,cruise_22,88.44389813081511,86.51430876773026,0.13440117496908927,6.873199790301469,True
vector_thrust,cruise_23,88.4433956098991,86.5138172103633,0.13440041132792252,6.873199790301469,True
vector_thrust,cruise_23,88.4433956098991,86.5138172103633,0.13440041132792252,6.879912709496387,True
vector_thrust,cruise_23,88.4433956098991,86.5138172103633,0.13440041132792252,6.898721891106039,True
vector_thrust,cruise_23,88.4433956098991,86.5138172103633,0.13440041132792252,6.925901946033156,True
vector_thrust,cruise_23,88.4433956098991,86.5138172103633,0.13440041132792252,6.956069531057927,True
vector_thrust,cruise_23,88.4433956098991,86.5138172103633,0.13440041132792252,6.983249585985045,True
vector_thrust,cruise_23,88.4433956098991,86.5138172103633,0.13440041132792252,7.002058767594696,True
vector_thrust,cruise_23,88.4433956098991,86.5138172103633,0.13440041132792252,7.008771686789615,True
vector_thrust,cruise_24,88.44288949030371,86.51332213282969,0.13439964221812825,7.008771686789615,True
vector_thrust,cruise_24,88.44288949030371,86.51332213282969,0.13439964221812825,7.015484605984533,True
vector_thrust,cruise_24,88.44288949030371,86.51332213282969,0.13439964221812825,7.034293787594184,True
vector_thrust,cruise_24,88.44288949030371,86.51332213282969,0.13439964221812825,7.061473842521302,True
vector_thrust,cruise_24,88.44288949030371,86.51332213282969,0.13439964221812825,7.091641427546072,True
vector_thrust,cruise_24,88.44288949030371,86.51332213282969,0.13439964221812825,7.118821482473191,True
vector_thrust,cruise_24,88.44288949030371,86.51332213282969,0.13439964221812825,7.137630664082842,True
vector_thrust,cruise_24,88.44288949030371,86.51332213282969,0.13439964221812825,7.14434358327776,True
vector_thrust,cruise_25,88.44237972019286,86.51282348442429,0.13439886756093528,7.14434358327776,True
vector_thrust,cruise_25,88.44237972019286,86.51282348442429,0.13439886756093528,7.151056502472678,True
vector_thrust,cruise_25,88.44237972019286,86.51282348442429,0.13439886756093528,7.16986568408233,True
vector_thrust,cruise_25,88.44237972019286,86.51282348442429,0.13439886756093528,7.1970457390094476,True
vector_thrust,cruise_25,88.44237972019286,86.51282348442429,0.13439886756093528,7.227213324034218,True
vector_thrust,cruise_25,88.44237972019286,86.51282348442429,0.13439886756093528,7.254393378961336,True
vector_thrust,cruise_25,88.44237972019286,86.51282348442429,0.13439886756093528,7.273202560570987,True
vector_thrust,cruise_25,88.44237972019286,86.51282348442429,0.13439886756093528,7.279915479765906,True
vector_thrust,cruise_26,88.44186624660266,86.51232121333872,0.13439808727585856,7.279915479765906,True
vector_thrust,cruise_26,88.44186624660266,86.51232121333872,0.13439808727585856,7.286628398960825,True
vector_thrust,cruise_26,88.44186624660266,86.51232121333872,0.13439808727585856,7.305437580570476,True
vector_thrust,cruise_26,88.44186624660266,86.51232121333872,0.13439808727585856,7.332617635497594,True
vector_thrust,cruise_26,88.44186624660266,86.51232121333872,0.13439808727585856,7.3627852205223645,True
vector_thrust,cruise_26,88.44186624660266,86.51232121333872,0.13439808727585856,7.389965275449482,True
vector_thrust,cruise_26,88.44186624660266,86.51232121333872,0.13439808727585856,7.408774457059134,True
vector_thrust,cruise_26,88.44186624660266,86.51232121333872,0.13439808727585856,7.415487376254052,True
vector_thrust,cruise_27,88.44134901540852,86.51181526662923,0.13439730128064925,7.415487376254052,True
vector_thrust,cruise_27,88.44134901540852,86.51181526662923,0.13439730128064925,7.42220029544897,True
vector_thrust,cruise_27,88.44134901540852,86.51181526662923,0.13439730128064925,7.441009477058621,True
vector_thrust,cruise_27,88.44134901540852,86.51181526662923,0.13439730128064925,7.46818953198574,True
vector_thrust,cruise_27,88.44134901540852,86.51181526662923,0.13439730128064925,7.49835711701051,True
vector_thrust,cruise_27,88.44134901540852,86.51181526662923,0.13439730128064925,7.525537171937628,True
vector_thrust,cruise_27,88.44134901540852,86.51181526662923,0.13439730128064925,7.5443463535472794,True
vector_thrust,cruise_27,88.44134901540852,86.51181526662923,0.13439730128064925,7.551059272742197,True
vector_thrust,cruise_28,88.44082797129076,86.51130559018303,0.13439650949124243,7.551059272742197,True
vector_thrust,cruise_28,88.44082797129076,86.51130559018303,0.13439650949124243,7.557772191937116,True
vector_thrust,cruise_28,88.44082797129076,86.51130559018303,0.13439650949124243,7.576581373546767,True
vector_thrust,cruise_28,88.44082797129076,86.51130559018303,0.13439650949124243,7.603761428473885,True
vector_thrust,cruise_28,88.44082797129076,86.51130559018303,0.13439650949124243,7.633929013498656,True
vector_thrust,cruise_28,88.44082797129076,86.51130559018303,0.13439650949124243,7.661109068425773,True
vector_thrust,cruise_28,88.44082797129076,86.51130559018303,0.13439650949124243,7.679918250035425,True
vector_thrust,cruise_28,88.44082797129076,86.51130559018303,0.13439650949124243,7.686631169230343,True
vector_thrust,cruise_29,88.44030305769937,86.51079212868392,0.13439571182170354,7.686631169230343,True
vector_thrust,cruise_29,88.44030305769937,86.51079212868392,0.13439571182170354,7.6933440884252615,True
vector_thrust,cruise_29,88.44030305769937,86.51079212868392,0.13439571182170354,7.712153270034913,True
vector_thrust,cruise_29,88.44030305769937,86.51079212868392,0.13439571182170354,7.739333324962031,True
vector_thrust,cruise_29,88.44030305769937,86.51079212868392,0.13439571182170354,7.769500909986801,True
vector_thrust,cruise_29,88.44030305769937,86.51079212868392,0.13439571182170354,7.796680964913919,True
vector_thrust,cruise_29,88.44030305769937,86.51079212868392,0.13439571182170354,7.815490146523571,True
vector_thrust,cruise_29,88.44030305769937,86.51079212868392,0.13439571182170354,7.8222030657184884,True
vector_thrust,cruise_30,88.43977421681714,86.51027482557606,0.13439490818417235,7.8222030657184884,True
vector_thrust,cruise_30,88.43977421681714,86.51027482557606,0.13439490818417235,7.828915984913407,True
vector_thrust,cruise_30,88.43977421681714,86.51027482557606,0.13439490818417235,7.847725166523059,True
vector_thrust,cruise_30,88.43977421681714,86.51027482557606,0.13439490818417235,7.8749052214501765,True
vector_thrust,cruise_30,88.43977421681714,86.51027482557606,0.13439490818417235,7.905072806474947,True
vector_thrust,cruise_30,88.43977421681714,86.51027482557606,0.13439490818417235,7.932252861402064,True
vector_thrust,cruise_30,88.43977421681714,86.51027482557606,0.13439490818417235,7.951062043011716,True
vector_thrust,cruise_30,88.43977421681714,86.51027482557606,0.13439490818417235,7.957774962206634,True
vector_thrust,cruise_31,88.43924138952156,86.50975362302682,0.13439409848880504,7.957774962206634,True
vector_thrust,cruise_31,88.43924138952156,86.50975362302682,0.13439409848880504,7.964487881401553,True
vector_thrust,cruise_31,88.43924138952156,86.50975362302682,0.13439409848880504,7.983297063011205,True
vector_thrust,cruise_31,88.43924138952156,86.50975362302682,0.13439409848880504,8.010477117938322,True
vector_thrust,cruise_31,88.43924138952156,86.50975362302682,0.13439409848880504,8.040644702963093,True
vector_thrust,cruise_31,88.43924138952156,86.50975362302682,0.13439409848880504,8.067824757890211,True
vector_thrust,cruise_31,88.43924138952156,86.50975362302682,0.13439409848880504,8.086633939499862,True
vector_thrust,cruise_31,88.43924138952156,86.50975362302682,0.13439409848880504,8.09334685869478,True
vector_thrust,cruise_32,88.43870451534522,86.50922846188804,0.13439328264371414,8.09334685869478,True
vector_thrust,cruise_32,88.43870451534522,86.50922846188804,0.13439328264371414,8.100059777889697,True
vector_thrust,cruise_32,88.43870451534522,86.50922846188804,0.13439328264371414,8.11886895949935,True
vector_thrust,cruise_32,88.43870451534522,86.50922846188804,0.13439328264371414,8.146049014426467,True
vector_thrust,cruise_32,88.43870451534522,86.50922846188804,0.13439328264371414,8.176216599451237,True
vector_thrust,cruise_32,88.43870451534522,86.50922846188804,0.13439328264371414,8.203396654378356,True
vector_thrust,cruise_32,88.43870451534522,86.50922846188804,0.13439328264371414,8.222205835988007,True
vector_thrust,cruise_32,88.43870451534522,86.50922846188804,0.13439328264371414,8.228918755182926,True
vector_thrust,cruise_33,88.4381635324347,86.50869928165574,0.1343924605549059,8.228918755182926,True
vector_thrust,cruise_33,88.4381635324347,86.50869928165574,0.1343924605549059,8.235631674377844,True
vector_thrust,cruise_33,88.4381635324347,86.50869928165574,0.1343924605549059,8.254440855987495,True
vector_thrust,cruise_33,88.4381635324347,86.50869928165574,0.1343924605549059,8.281620910914613,True
vector_thrust,cruise_33,88.4381635324347,86.50869928165574,0.1343924605549059,8.311788495939384,True
vector_thrust,cruise_33,88.4381635324347,86.50869928165574,0.1343924605549059,8.338968550866502,True
vector_thrust,cruise_33,88.4381635324347,86.50869928165574,0.1343924605549059,8.357777732476153,True
vector_thrust,cruise_33,88.4381635324347,86.50869928165574,0.1343924605549059,8.36449065167107,True
vector_thrust,cruise_34,88.43761837750792,86.50816602042846,0.13439163212621552,8.36449065167107,True
vector_thrust,cruise_34,88.43761837750792,86.50816602042846,0.13439163212621552,8.37120357086599,True
vector_thrust,cruise_34,88.43761837750792,86.50816602042846,0.13439163212621552,8.390012752475641,True
vector_thrust,cruise_34,88.43761837750792,86.50816602042846,0.13439163212621552,8.41719280740276,True
vector_thrust,cruise_34,88.43761837750792,86.50816602042846,0.13439163212621552,8.44736039242753,True
vector_thrust,cruise_34,88.43761837750792,86.50816602042846,0.13439163212621552,8.474540447354647,True
vector_thrust,cruise_34,88.43761837750792,86.50816602042846,0.13439163212621552,8.4933496289643,True
vector_thrust,cruise_34,88.43761837750792,86.50816602042846,0.13439163212621552,8.500062548159217,True
vector_thrust,cruise_35,88.43706898580974,86.50762861486386,0.1343907972592398,8.500062548159217,True
vector_thrust,cruise_35,88.43706898580974,86.50762861486386,0.1343907972592398,8.506775467354135,True
vector_thrust,cruise_35,88.43706898580974,86.50762861486386,0.1343907972592398,8.525584648963786,True
vector_thrust,cruise_35,88.43706898580974,86.50762861486386,0.1343907972592398,8.552764703890904,True
vector_thrust,cruise_35,88.43706898580974,86.50762861486386,0.1343907972592398,8.582932288915677,True
vector_thrust,cruise_35,88.43706898580974,86.50762861486386,0.1343907972592398,8.610112343842793,True
vector_thrust,cruise_35,88.43706898580974,86.50762861486386,0.1343907972592398,8.628921525452444,True
vector_thrust,cruise_35,88.43706898580974,86.50762861486386,0.1343907972592398,8.635634444647362,True
vector_thrust,cruise_36,88.43651529106599,86.50708700013367,0.13438995585326713,8.635634444647362,True
vector_thrust,cruise_36,88.43651529106599,86.50708700013367,0.13438995585326713,8.64234736384228,True
vector_thrust,cruise_36,88.43651529106599,86.50708700013367,0.13438995585326713,8.66115654545193,True
vector_thrust,cruise_36,88.43651529106599,86.50708700013367,0.13438995585326713,8.68833660037905,True
vector_thrust,cruise_36,88.43651529106599,86.50708700013367,0.13438995585326713,8.71850418540382,True
vector_thrust,cruise_36,88.43651529106599,86.50708700013367,0.13438995585326713,8.745684240330938,True
vector_thrust,cruise_36,88.43651529106599,86.50708700013367,0.13438995585326713,8.764493421940589,True
vector_thrust,cruise_36,88.43651529106599,86.50708700013367,0.13438995585326713,8.771206341135507,True
vector_thrust,cruise_37,88.43595722543543,86.50654110987674,0.13438910780520455,8.771206341135507,True
vector_thrust,cruise_37,88.43595722543543,86.50654110987674,0.13438910780520455,8.777919260330426,True
vector_thrust,cruise_37,88.43595722543543,86.50654110987674,0.13438910780520455,8.796728441940077,True
vector_thrust,cruise_37,88.43595722543543,86.50654110987674,0.13438910780520455,8.823908496867196,True
vector_thrust,cruise_37,88.43595722543543,86.50654110987674,0.13438910780520455,8.854076081891966,True
vector_thrust,cruise_37,88.43595722543543,86.50654110987674,0.13438910780520455,8.881256136819083,True
vector_thrust,cruise_37,88.43595722543543,86.50654110987674,0.13438910780520455,8.900065318428735,True
vector_thrust,cruise_37,88.43595722543543,86.50654110987674,0.13438910780520455,8.906778237623653,True
vector_thrust,cruise_38,88.43539471946015,86.50599087615052,0.13438825300950236,8.906778237623653,True
vector_thrust,cruise_38,88.43539471946015,86.50599087615052,0.13438825300950236,8.913491156818571,True
vector_thrust,cruise_38,88.43539471946015,86.50599087615052,0.13438825300950236,8.932300338428224,True
vector_thrust,cruise_38,88.43539471946015,86.50599087615052,0.13438825300950236,8.95948039335534,True
vector_thrust,cruise_38,88.43539471946015,86.50599087615052,0.13438825300950236,8.98964797838011,True
vector_thrust,cruise_38,88.43539471946015,86.50599087615052,0.13438825300950236,9.01682803330723,True
vector_thrust,cruise_38,88.43539471946015,86.50599087615052,0.13438825300950236,9.03563721491688,True
vector_thrust,cruise_38,88.43539471946015,86.50599087615052,0.13438825300950236,9.042350134111798,True
vector_thrust,cruise_39,88.4348277020136,86.50543622938027,0.13438739135807526,9.042350134111798,True
vector_thrust,cruise_39,88.4348277020136,86.50543622938027,0.13438739135807526,9.049063053306718,True
vector_thrust,cruise_39,88.4348277020136,86.50543622938027,0.13438739135807526,9.067872234916369,True
vector_thrust,cruise_39,88.4348277020136,86.50543622938027,0.13438739135807526,9.095052289843487,True
vector_thrust,cruise_39,88.4348277020136,86.50543622938027,0.13438739135807526,9.125219874868257,True
vector_thrust,cruise_39,88.4348277020136,86.50543622938027,0.13438739135807526,9.152399929795374,True
vector_thrust,cruise_39,88.4348277020136,86.50543622938027,0.13438739135807526,9.171209111405027,True
vector_thrust,cruise_39,88.4348277020136,86.50543622938027,0.13438739135807526,9.177922030599944,True
vector_thrust,cruise_40,88.43425610024688,86.50487709830641,0.1343865227402205,9.177922030599944,True
vector_thrust,cruise_40,88.43425610024688,86.50487709830641,0.1343865227402205,9.184634949794862,True
vector_thrust,cruise_40,88.43425610024688,86.50487709830641,0.1343865227402205,9.203444131404515,True
vector_thrust,cruise_40,88.43425610024688,86.50487709830641,0.1343865227402205,9.230624186331632,True
vector_thrust,cruise_40,88.43425610024688,86.50487709830641,0.1343865227402205,9.260791771356402,True
vector_thrust,cruise_40,88.43425610024688,86.50487709830641,0.1343865227402205,9.28797182628352,True
vector_thrust,cruise_40,88.43425610024688,86.50487709830641,0.1343865227402205,9.306781007893171,True
vector_thrust,cruise_40,88.43425610024688,86.50487709830641,0.1343865227402205,9.31349392708809,True
vector_thrust,cruise_41,88.43367983953252,86.50431340992962,0.13438564704253264,9.31349392708809,True
vector_thrust,cruise_41,88.43367983953252,86.50431340992962,0.13438564704253264,9.320206846283009,True
vector_thrust,cruise_41,88.43367983953252,86.50431340992962,0.13438564704253264,9.33901602789266,True
vector_thrust,cruise_41,88.43367983953252,86.50431340992962,0.13438564704253264,9.366196082819778,True
vector_thrust,cruise_41,88.43367983953252,86.50431340992962,0.13438564704253264,9.396363667844549,True
vector_thrust,cruise_41,88.43367983953252,86.50431340992962,0.13438564704253264,9.423543722771665,True
vector_thrust,cruise_41,88.43367983953252,86.50431340992962,0.13438564704253264,9.442352904381318,True
vector_thrust,cruise_41,88.43367983953252,86.50431340992962,0.13438564704253264,9.449065823576236,True
vector_thrust,cruise_42,88.43309884340623,86.50374508945387,0.13438476414881495,9.449065823576236,True
vector_thrust,cruise_42,88.43309884340623,86.50374508945387,0.13438476414881495,9.455778742771153,True
vector_thrust,cruise_42,88.43309884340623,86.50374508945387,0.13438476414881495,9.474587924380806,True
vector_thrust,cruise_42,88.43309884340623,86.50374508945387,0.13438476414881495,9.501767979307923,True
vector_thrust,cruise_42,88.43309884340623,86.50374508945387,0.13438476414881495,9.531935564332693,True
vector_thrust,cruise_42,88.43309884340623,86.50374508945387,0.13438476414881495,9.559115619259812,True
vector_thrust,cruise_42,88.43309884340623,86.50374508945387,0.13438476414881495,9.577924800869463,True
vector_thrust,cruise_42,88.43309884340623,86.50374508945387,0.13438476414881495,9.584637720064382,True
vector_thrust,cruise_43,88.43251303350605,86.50317206022683,0.13438387393998705,9.584637720064382,True
vector_thrust,cruise_43,88.43251303350605,86.50317206022683,0.13438387393998705,9.5913506392593,True
vector_thrust,cruise_43,88.43251303350605,86.50317206022683,0.13438387393998705,9.610159820868951,True
vector_thrust,cruise_43,88.43251303350605,86.50317206022683,0.13438387393998705,9.63733987579607,True
vector_thrust,cruise_43,88.43251303350605,86.50317206022683,0.13438387393998705,9.66750746082084,True
vector_thrust,cruise_43,88.43251303350605,86.50317206022683,0.13438387393998705,9.694687515747956,True
vector_thrust,cruise_43,88.43251303350605,86.50317206022683,0.13438387393998705,9.71349669735761,True
vector_thrust,cruise_43,88.43251303350605,86.50317206022683,0.13438387393998705,9.720209616552527,True
vector_thrust,cruise_44,88.43192232950916,86.50259424367808,0.13438297629398863,9.720209616552527,True
vector_thrust,cruise_44,88.43192232950916,86.50259424367808,0.13438297629398863,9.726922535747445,True
vector_thrust,cruise_44,88.43192232950916,86.50259424367808,0.13438297629398863,9.745731717357097,True
vector_thrust,cruise_44,88.43192232950916,86.50259424367808,0.13438297629398863,9.772911772284214,True
vector_thrust,cruise_44,88.43192232950916,86.50259424367808,0.13438297629398863,9.803079357308984,True
vector_thrust,cruise_44,88.43192232950916,86.50259424367808,0.13438297629398863,9.830259412236103,True
vector_thrust,cruise_44,88.43192232950916,86.50259424367808,0.13438297629398863,9.849068593845754,True
vector_thrust,cruise_44,88.43192232950916,86.50259424367808,0.13438297629398863,9.855781513040673,True
vector_thrust,cruise_45,88.43132664906568,86.50201155925434,0.13438207108567915,9.855781513040673,True
vector_thrust,cruise_45,88.43132664906568,86.50201155925434,0.13438207108567915,9.862494432235591,True
vector_thrust,cruise_45,88.43132664906568,86.50201155925434,0.13438207108567915,9.881303613845242,True
vector_thrust,cruise_45,88.43132664906568,86.50201155925434,0.13438207108567915,9.90848366877236,True
vector_thrust,cruise_45,88.43132664906568,86.50201155925434,0.13438207108567915,9.938651253797131,True
vector_thrust,cruise_45,88.43132664906568,86.50201155925434,0.13438207108567915,9.965831308724248,True
vector_thrust,cruise_45,88.43132664906568,86.50201155925434,0.13438207108567915,9.9846404903339,True
vector_thrust,cruise_45,88.43132664906568,86.50201155925434,0.13438207108567915,9.991353409528818,True
vector_thrust,cruise_46,88.4307259077301,86.50142392435252,0.1343811581867335,9.991353409528818,True
vector_thrust,cruise_46,88.4307259077301,86.50142392435252,0.1343811581867335,9.998066328723736,True
vector_thrust,cruise_46,88.4307259077301,86.50142392435252,0.1343811581867335,10.016875510333389,True
vector_thrust,cruise_46,88.4307259077301,86.50142392435252,0.1343811581867335,10.044055565260505,True
vector_thrust,cruise_46,88.4307259077301,86.50142392435252,0.1343811581867335,10.074223150285276,True
vector_thrust,cruise_46,88.4307259077301,86.50142392435252,0.1343811581867335,10.101403205212394,True
vector_thrust,cruise_46,88.4307259077301,86.50142392435252,0.1343811581867335,10.120212386822045,True
vector_thrust,cruise_46,88.4307259077301,86.50142392435252,0.1343811581867335,10.126925306016965,True
vector_thrust,cruise_47,88.43012001888947,86.50083125424925,0.1343802374655328,10.126925306016965,True
vector_thrust,cruise_47,88.43012001888947,86.50083125424925,0.1343802374655328,10.133638225211882,True
vector_thrust,cruise_47,88.43012001888947,86.50083125424925,0.1343802374655328,10.152447406821533,True
vector_thrust,cruise_47,88.43012001888947,86.50083125424925,0.1343802374655328,10.179627461748652,True
vector_thrust,cruise_47,88.43012001888947,86.50083125424925,0.1343802374655328,10.209795046773422,True
vector_thrust,cruise_47,88.43012001888947,86.50083125424925,0.1343802374655328,10.23697510170054,True
vector_thrust,cruise_47,88.43012001888947,86.50083125424925,0.1343802374655328,10.255784283310192,True
vector_thrust,cruise_47,88.43012001888947,86.50083125424925,0.1343802374655328,10.26249720250511,True
vector_thrust,cruise_48,88.42950889368868,86.50023346202802,0.13437930878705098,10.26249720250511,True
vector_thrust,cruise_48,88.42950889368868,86.50023346202802,0.13437930878705098,10.269210121700027,True
vector_thrust,cruise_48,88.42950889368868,86.50023346202802,0.13437930878705098,10.28801930330968,True
vector_thrust,cruise_48,88.42950889368868,86.50023346202802,0.13437930878705098,10.315199358236796,True
vector_thrust,cruise_48,88.42950889368868,86.50023346202802,0.13437930878705098,10.345366943261567,True
vector_thrust,cruise_48,88.42950889368868,86.50023346202802,0.13437930878705098,10.372546998188685,True
vector_thrust,cruise_48,88.42950889368868,86.50023346202802,0.13437930878705098,10.391356179798336,True
vector_thrust,cruise_48,88.42950889368868,86.50023346202802,0.13437930878705098,10.398069098993256,True
vector_thrust,cruise_49,88.42889244095214,86.49963045850245,0.1343783720127358,10.398069098993256,True
vector_thrust,cruise_49,88.42889244095214,86.49963045850245,0.1343783720127358,10.404782018188174,True
vector_thrust,cruise_49,88.42889244095214,86.49963045850245,0.1343783720127358,10.423591199797825,True
vector_thrust,cruise_49,88.42889244095214,86.49963045850245,0.1343783720127358,10.450771254724943,True
vector_thrust,cruise_49,88.42889244095214,86.49963045850245,0.1343783720127358,10.480938839749713,True
vector_thrust,cruise_49,88.42889244095214,86.49963045850245,0.1343783720127358,10.508118894676832,True
vector_thrust,cruise_49,88.42889244095214,86.49963045850245,0.1343783720127358,10.526928076286483,True
vector_thrust,cruise_49,88.42889244095214,86.49963045850245,0.1343783720127358,10.5336409954814,True
vector_thrust,cruise_50,88.42827056710263,86.49902215213686,0.13437742700038535,10.5336409954814,True
vector_thrust,cruise_50,88.42827056710263,86.49902215213686,0.13437742700038535,10.54035391467632,True
vector_thrust,cruise_50,88.42827056710263,86.49902215213686,0.13437742700038535,10.559163096285971,True
vector_thrust,cruise_50,88.42827056710263,86.49902215213686,0.13437742700038535,10.58634315121309,True
vector_thrust,cruise_50,88.42827056710263,86.49902215213686,0.13437742700038535,10.61651073623786,True
vector_thrust,cruise_50,88.42827056710263,86.49902215213686,0.13437742700038535,10.643690791164977,True
vector_thrust,cruise_50,88.42827056710263,86.49902215213686,0.13437742700038535,10.66249997277463,True
vector_thrust,cruise_50,88.42827056710263,86.49902215213686,0.13437742700038535,10.669212891969547,True
vector_thrust,cruise_51,88.42764317607597,86.49840844896292,0.1343764736040185,10.669212891969547,True
vector_thrust,cruise_51,88.42764317607597,86.49840844896292,0.1343764736040185,10.675925811164465,True
vector_thrust,cruise_51,88.42764317607597,86.49840844896292,0.1343764736040185,10.694734992774116,True
vector_thrust,cruise_51,88.42764317607597,86.49840844896292,0.1343764736040185,10.721915047701234,True
vector_thrust,cruise_51,88.42764317607597,86.49840844896292,0.1343764736040185,10.752082632726005,True
vector_thrust,cruise_51,88.42764317607597,86.49840844896292,0.1343764736040185,10.779262687653123,True
vector_thrust,cruise_51,88.42764317607597,86.49840844896292,0.1343764736040185,10.798071869262774,True
vector_thrust,cruise_51,88.42764317607597,86.49840844896292,0.1343764736040185,10.804784788457692,True
vector_thrust,cruise_52,88.42701016923218,86.49778925249268,0.1343755116737399,10.804784788457692,True
vector_thrust,cruise_52,88.42701016923218,86.49778925249268,0.1343755116737399,10.811497707652611,True
vector_thrust,cruise_52,88.42701016923218,86.49778925249268,0.1343755116737399,10.830306889262262,True
vector_thrust,cruise_52,88.42701016923218,86.49778925249268,0.1343755116737399,10.85748694418938,True
vector_thrust,cruise_52,88.42701016923218,86.49778925249268,0.1343755116737399,10.887654529214151,True
vector_thrust,cruise_52,88.42701016923218,86.49778925249268,0.1343755116737399,10.914834584141268,True
vector_thrust,cruise_52,88.42701016923218,86.49778925249268,0.1343755116737399,10.93364376575092,True
vector_thrust,cruise_52,88.42701016923218,86.49778925249268,0.1343755116737399,10.940356684945838,True
vector_thrust,cruise_53,88.4263714452625,86.49716446362767,0.13437454105559868,10.940356684945838,True
vector_thrust,cruise_53,88.4263714452625,86.49716446362767,0.13437454105559868,10.947069604140756,True
vector_thrust,cruise_53,88.4263714452625,86.49716446362767,0.13437454105559868,10.965878785750409,True
vector_thrust,cruise_53,88.4263714452625,86.49716446362767,0.13437454105559868,10.993058840677525,True
vector_thrust,cruise_53,88.4263714452625,86.49716446362767,0.13437454105559868,11.023226425702296,True
vector_thrust,cruise_53,88.4263714452625,86.49716446362767,0.13437454105559868,11.050406480629414,True
vector_thrust,cruise_53,88.4263714452625,86.49716446362767,0.13437454105559868,11.069215662239065,True
vector_thrust,cruise_53,88.4263714452625,86.49716446362767,0.13437454105559868,11.075928581433983,True
vector_thrust,cruise_54,88.42572690009239,86.49653398056392,0.134373561591441,11.075928581433983,True
vector_thrust,cruise_54,88.42572690009239,86.49653398056392,0.134373561591441,11.082641500628903,True
vector_thrust,cruise_54,88.42572690009239,86.49653398056392,0.134373561591441,11.101450682238553,True
vector_thrust,cruise_54,88.42572690009239,86.49653398056392,0.134373561591441,11.128630737165672,True
vector_thrust,cruise_54,88.42572690009239,86.49653398056392,0.134373561591441,11.158798322190442,True
vector_thrust,cruise_54,88.42572690009239,86.49653398056392,0.134373561591441,11.185978377117559,True
vector_thrust,cruise_54,88.42572690009239,86.49653398056392,0.134373561591441,11.204787558727212,True
vector_thrust,cruise_54,88.42572690009239,86.49653398056392,0.134373561591441,11.21150047792213,True
vector_thrust,cruise_55,88.42507642677973,86.49589769869254,0.13437257311875545,11.21150047792213,True
vector_thrust,cruise_55,88.42507642677973,86.49589769869254,0.13437257311875545,11.218213397117047,True
vector_thrust,cruise_55,88.42507642677973,86.49589769869254,0.13437257311875545,11.2370225787267,True
vector_thrust,cruise_55,88.42507642677973,86.49589769869254,0.13437257311875545,11.264202633653817,True
vector_thrust,cruise_55,88.42507642677973,86.49589769869254,0.13437257311875545,11.294370218678587,True
vector_thrust,cruise_55,88.42507642677973,86.49589769869254,0.13437257311875545,11.321550273605705,True
vector_thrust,cruise_55,88.42507642677973,86.49589769869254,0.13437257311875545,11.340359455215356,True
vector_thrust,cruise_55,88.42507642677973,86.49589769869254,0.13437257311875545,11.347072374410274,True
vector_thrust,cruise_56,88.42441991540866,86.49525551049565,0.13437157547051157,11.347072374410274,True
vector_thrust,cruise_56,88.42441991540866,86.49525551049565,0.13437157547051157,11.353785293605194,True
vector_thrust,cruise_56,88.42441991540866,86.49525551049565,0.13437157547051157,11.372594475214845,True
vector_thrust,cruise_56,88.42441991540866,86.49525551049565,0.13437157547051157,11.399774530141963,True
vector_thrust,cruise_56,88.42441991540866,86.49525551049565,0.13437157547051157,11.429942115166734,True
vector_thrust,cruise_56,88.42441991540866,86.49525551049565,0.13437157547051157,11.45712217009385,True
vector_thrust,cruise_56,88.42441991540866,86.49525551049565,0.13437157547051157,11.475931351703503,True
vector_thrust,cruise_56,88.42441991540866,86.49525551049565,0.13437157547051157,11.48264427089842,True
vector_thrust,cruise_57,88.42375725297828,86.49460730543774,0.13437056847499085,11.48264427089842,True
vector_thrust,cruise_57,88.42375725297828,86.49460730543774,0.13437056847499085,11.489357190093338,True
vector_thrust,cruise_57,88.42375725297828,86.49460730543774,0.13437056847499085,11.508166371702991,True
vector_thrust,cruise_57,88.42375725297828,86.49460730543774,0.13437056847499085,11.535346426630108,True
vector_thrust,cruise_57,88.42375725297828,86.49460730543774,0.13437056847499085,11.565514011654878,True
vector_thrust,cruise_57,88.42375725297828,86.49460730543774,0.13437056847499085,11.592694066581997,True
vector_thrust,cruise_57,88.42375725297828,86.49460730543774,0.13437056847499085,11.611503248191648,True
vector_thrust,cruise_57,88.42375725297828,86.49460730543774,0.13437056847499085,11.618216167386567,True
vector_thrust,cruise_58,88.42308832328597,86.49395296985138,0.13436955195560946,11.618216167386567,True
vector_thrust,cruise_58,88.42308832328597,86.49395296985138,0.13436955195560946,11.624929086581485,True
vector_thrust,cruise_58,88.42308832328597,86.49395296985138,0.13436955195560946,11.643738268191136,True
vector_thrust,cruise_58,88.42308832328597,86.49395296985138,0.13436955195560946,11.670918323118254,True
vector_thrust,cruise_58,88.42308832328597,86.49395296985138,0.13436955195560946,11.701085908143025,True
vector_thrust,cruise_58,88.42308832328597,86.49395296985138,0.13436955195560946,11.728265963070141,True
vector_thrust,cruise_58,88.42308832328597,86.49395296985138,0.13436955195560946,11.747075144679794,True
vector_thrust,cruise_58,88.42308832328597,86.49395296985138,0.13436955195560946,11.753788063874712,True
vector_thrust,cruise_59,88.42241300680548,86.49329238681801,0.13436852573073277,11.753788063874712,True
vector_thrust,cruise_59,88.42241300680548,86.49329238681801,0.13436852573073277,11.76050098306963,True
vector_thrust,cruise_59,88.42241300680548,86.49329238681801,0.13436852573073277,11.779310164679282,True
vector_thrust,cruise_59,88.42241300680548,86.49329238681801,0.13436852573073277,11.806490219606399,True
vector_thrust,cruise_59,88.42241300680548,86.49329238681801,0.13436852573073277,11.83665780463117,True
vector_thrust,cruise_59,88.42241300680548,86.49329238681801,0.13436852573073277,11.863837859558288,True
vector_thrust,cruise_59,88.42241300680548,86.49329238681801,0.13436852573073277,11.882647041167939,True
vector_thrust,cruise_59,88.42241300680548,86.49329238681801,0.13436852573073277,11.889359960362858,True
vector_thrust,cruise_60,88.42173118055881,86.49262543604269,0.13436748961348086,11.889359960362858,True
vector_thrust,cruise_60,88.42173118055881,86.49262543604269,0.13436748961348086,11.896072879557776,True
vector_thrust,cruise_60,88.42173118055881,86.49262543604269,0.13436748961348086,11.914882061167427,True
vector_thrust,cruise_60,88.42173118055881,86.49262543604269,0.13436748961348086,11.942062116094545,True
vector_thrust,cruise_60,88.42173118055881,86.49262543604269,0.13436748961348086,11.972229701119316,True
vector_thrust,cruise_60,88.42173118055881,86.49262543604269,0.13436748961348086,11.999409756046433,True
vector_thrust,cruise_60,88.42173118055881,86.49262543604269,0.13436748961348086,12.018218937656085,True
vector_thrust,cruise_60,88.42173118055881,86.49262543604269,0.13436748961348086,12.024931856851003,True
vector_thrust,cruise_61,88.42104271798205,86.49195199372276,0.13436644341152465,12.024931856851003,True
vector_thrust,cruise_61,88.42104271798205,86.49195199372276,0.13436644341152465,12.03164477604592,True
vector_thrust,cruise_61,88.42104271798205,86.49195199372276,0.13436644341152465,12.050453957655574,True
vector_thrust,cruise_61,88.42104271798205,86.49195199372276,0.13436644341152465,12.07763401258269,True
vector_thrust,cruise_61,88.42104271798205,86.49195199372276,0.13436644341152465,12.10780159760746,True
vector_thrust,cruise_61,88.42104271798205,86.49195199372276,0.13436644341152465,12.134981652534579,True
vector_thrust,cruise_61,88.42104271798205,86.49195199372276,0.13436644341152465,12.15379083414423,True
vector_thrust,cruise_61,88.42104271798205,86.49195199372276,0.13436644341152465,12.16050375333915,True
vector_thrust,cruise_62,89.34268541373385,87.39348711868818,0.13576699069436274,12.16050375333915,True
vector_thrust,cruise_62,89.34268541373385,87.39348711868818,0.13576699069436274,12.167216672534067,True
vector_thrust,cruise_62,89.34268541373385,87.39348711868818,0.13576699069436274,12.186025854143718,True
vector_thrust,cruise_62,89.34268541373385,87.39348711868818,0.13576699069436274,12.213205909070837,True
vector_thrust,cruise_62,89.34268541373385,87.39348711868818,0.13576699069436274,12.243373494095607,True
vector_thrust,cruise_62,89.34268541373385,87.39348711868818,0.13576699069436274,12.270553549022726,True
vector_thrust,cruise_62,89.34268541373385,87.39348711868818,0.13576699069436274,12.289362730632376,True
vector_thrust,cruise_62,89.34268541373385,87.39348711868818,0.13576699069436274,12.296075649827294,True
vector_thrust,cruise_63,89.34153646157343,87.39236323333186,0.13576524472292087,12.296075649827294,True
vector_thrust,cruise_63,89.34153646157343,87.39236323333186,0.13576524472292087,12.302788569022212,True
vector_thrust,cruise_63,89.34153646157343,87.39236323333186,0.13576524472292087,12.321597750631865,True
vector_thrust,cruise_63,89.34153646157343,87.39236323333186,0.13576524472292087,12.348777805558981,True
vector_thrust,cruise_63,89.34153646157343,87.39236323333186,0.13576524472292087,12.378945390583752,True
vector_thrust,cruise_63,89.34153646157343,87.39236323333186,0.13576524472292087,12.40612544551087,True
vector_thrust,cruise_63,89.34153646157343,87.39236323333186,0.13576524472292087,12.424934627120521,True
vector_thrust,cruise_63,89.34153646157343,87.39236323333186,0.13576524472292087,12.43164754631544,True
vector_thrust,cruise_64,89.34037563057515,87.39122772829948,0.13576348070015157,12.43164754631544,True
vector_thrust,cruise_64,89.34037563057515,87.39122772829948,0.13576348070015157,12.438360465510359,True
vector_thrust,cruise_64,89.34037563057515,87.39122772829948,0.13576348070015157,12.45716964712001,True
vector_thrust,cruise_64,89.34037563057515,87.39122772829948,0.13576348070015157,12.484349702047128,True
vector_thrust,cruise_64,89.34037563057515,87.39122772829948,0.13576348070015157,12.514517287071898,True
vector_thrust,cruise_64,89.34037563057515,87.39122772829948,0.13576348070015157,12.541697341999017,True
vector_thrust,cruise_64,89.34037563057515,87.39122772829948,0.13576348070015157,12.560506523608668,True
vector_thrust,cruise_64,89.34037563057515,87.39122772829948,0.13576348070015157,12.567219442803585,True
vector_thrust,cruise_65,89.33920267557885,87.39008036377952,0.13576169825350437,12.567219442803585,True
vector_thrust,cruise_65,89.33920267557885,87.39008036377952,0.13576169825350437,12.573932361998505,True
vector_thrust,cruise_65,89.33920267557885,87.39008036377952,0.13576169825350437,12.592741543608156,True
vector_thrust,cruise_65,89.33920267557885,87.39008036377952,0.13576169825350437,12.619921598535274,True
vector_thrust,cruise_65,89.33920267557885,87.39008036377952,0.13576169825350437,12.650089183560045,True
vector_thrust,cruise_65,89.33920267557885,87.39008036377952,0.13576169825350437,12.677269238487161,True
vector_thrust,cruise_65,89.33920267557885,87.39008036377952,0.13576169825350437,12.696078420096814,True
vector_thrust,cruise_65,89.33920267557885,87.39008036377952,0.13576169825350437,12.702791339291732,True
vector_thrust,cruise_66,89.3380173437844,87.38892089248729,0.135759896998819,12.702791339291732,True
vector_thrust,cruise_66,89.3380173437844,87.38892089248729,0.135759896998819,12.70950425848665,True
vector_thrust,cruise_66,89.3380173437844,87.38892089248729,0.135759896998819,12.7283134400963,True
vector_thrust,cruise_66,89.3380173437844,87.38892089248729,0.135759896998819,12.75549349502342,True
vector_thrust,cruise_66,89.3380173437844,87.38892089248729,0.135759896998819,12.78566108004819,True
vector_thrust,cruise_66,89.3380173437844,87.38892089248729,0.135759896998819,12.812841134975308,True
vector_thrust,cruise_66,89.3380173437844,87.38892089248729,0.135759896998819,12.831650316584959,True
vector_thrust,cruise_66,89.3380173437844,87.38892089248729,0.135759896998819,12.838363235779877,True
vector_thrust,cruise_67,89.3368193744316,87.38774905935155,0.13575807653983882,12.838363235779877,True
vector_thrust,cruise_67,89.3368193744316,87.38774905935155,0.13575807653983882,12.845076154974796,True
vector_thrust,cruise_67,89.3368193744316,87.38774905935155,0.13575807653983882,12.863885336584447,True
vector_thrust,cruise_67,89.3368193744316,87.38774905935155,0.13575807653983882,12.891065391511566,True
vector_thrust,cruise_67,89.3368193744316,87.38774905935155,0.13575807653983882,12.921232976536336,True
vector_thrust,cruise_67,89.3368193744316,87.38774905935155,0.13575807653983882,12.948413031463453,True
vector_thrust,cruise_67,89.3368193744316,87.38774905935155,0.13575807653983882,12.967222213073105,True
vector_thrust,cruise_67,89.3368193744316,87.38774905935155,0.13575807653983882,12.973935132268023,True
vector_thrust,cruise_68,89.33560849846307,87.38656460118503,0.13575623646769872,12.973935132268023,True
vector_thrust,cruise_68,89.33560849846307,87.38656460118503,0.13575623646769872,12.980648051462941,True
vector_thrust,cruise_68,89.33560849846307,87.38656460118503,0.13575623646769872,12.999457233072592,True
vector_thrust,cruise_68,89.33560849846307,87.38656460118503,0.13575623646769872,13.02663728799971,True
vector_thrust,cruise_68,89.33560849846307,87.38656460118503,0.13575623646769872,13.05680487302448,True
vector_thrust,cruise_68,89.33560849846307,87.38656460118503,0.13575623646769872,13.0839849279516,True
vector_thrust,cruise_68,89.33560849846307,87.38656460118503,0.13575623646769872,13.10279410956125,True
vector_thrust,cruise_68,89.33560849846307,87.38656460118503,0.13575623646769872,13.109507028756168,True
vector_thrust,cruise_69,89.33438443816914,87.38536724633684,0.13575437636038531,13.109507028756168,True
vector_thrust,cruise_69,89.33438443816914,87.38536724633684,0.13575437636038531,13.116219947951087,True
vector_thrust,cruise_69,89.33438443816914,87.38536724633684,0.13575437636038531,13.135029129560738,True
vector_thrust,cruise_69,89.33438443816914,87.38536724633684,0.13575437636038531,13.162209184487857,True
vector_thrust,cruise_69,89.33438443816914,87.38536724633684,0.13575437636038531,13.192376769512627,True
vector_thrust,cruise_69,89.33438443816914,87.38536724633684,0.13575437636038531,13.219556824439744,True
vector_thrust,cruise_69,89.33438443816914,87.38536724633684,0.13575437636038531,13.238366006049397,True
vector_thrust,cruise_69,89.33438443816914,87.38536724633684,0.13575437636038531,13.245078925244314,True
vector_thrust,cruise_70,89.33314690681334,87.38415671432628,0.135752495782168,13.245078925244314,True
vector_thrust,cruise_70,89.33314690681334,87.38415671432628,0.135752495782168,13.251791844439232,True
vector_thrust,cruise_70,89.33314690681334,87.38415671432628,0.135752495782168,13.270601026048885,True
vector_thrust,cruise_70,89.33314690681334,87.38415671432628,0.135752495782168,13.297781080976002,True
vector_thrust,cruise_70,89.33314690681334,87.38415671432628,0.135752495782168,13.327948666000772,True
vector_thrust,cruise_70,89.33314690681334,87.38415671432628,0.135752495782168,13.35512872092789,True
vector_thrust,cruise_70,89.33314690681334,87.38415671432628,0.135752495782168,13.373937902537541,True
vector_thrust,cruise_70,89.33314690681334,87.38415671432628,0.135752495782168,13.38065082173246,True
vector_thrust,cruise_71,89.33189560823779,87.38293271545679,0.13575059428299907,13.38065082173246,True
vector_thrust,cruise_71,89.33189560823779,87.38293271545679,0.13575059428299907,13.387363740927379,True
vector_thrust,cruise_71,89.33189560823779,87.38293271545679,0.13575059428299907,13.40617292253703,True
vector_thrust,cruise_71,89.33189560823779,87.38293271545679,0.13575059428299907,13.433352977464148,True
vector_thrust,cruise_71,89.33189560823779,87.38293271545679,0.13575059428299907,13.463520562488918,True
vector_thrust,cruise_71,89.33189560823779,87.38293271545679,0.13575059428299907,13.490700617416035,True
vector_thrust,cruise_71,89.33189560823779,87.38293271545679,0.13575059428299907,13.509509799025688,True
vector_thrust,cruise_71,89.33189560823779,87.38293271545679,0.13575059428299907,13.516222718220606,True
vector_thrust,cruise_72,89.33063023644664,87.38169495040846,0.13574867139788097,13.516222718220606,True
vector_thrust,cruise_72,89.33063023644664,87.38169495040846,0.13574867139788097,13.522935637415523,True
vector_thrust,cruise_72,89.33063023644664,87.38169495040846,0.13574867139788097,13.541744819025176,True
vector_thrust,cruise_72,89.33063023644664,87.38169495040846,0.13574867139788097,13.568924873952293,True
vector_thrust,cruise_72,89.33063023644664,87.38169495040846,0.13574867139788097,13.599092458977063,True
vector_thrust,cruise_72,89.33063023644664,87.38169495040846,0.13574867139788097,13.626272513904182,True
vector_thrust,cruise_72,89.33063023644664,87.38169495040846,0.13574867139788097,13.645081695513833,True
vector_thrust,cruise_72,89.33063023644664,87.38169495040846,0.13574867139788097,13.65179461470875,True
vector_thrust,cruise_73,89.32935047516605,87.3804431098076,0.1357467266461974,13.65179461470875,True
vector_thrust,cruise_73,89.32935047516605,87.3804431098076,0.1357467266461974,13.65850753390367,True
vector_thrust,cruise_73,89.32935047516605,87.3804431098076,0.1357467266461974,13.67731671551332,True
vector_thrust,cruise_73,89.32935047516605,87.3804431098076,0.1357467266461974,13.70449677044044,True
vector_thrust,cruise_73,89.32935047516605,87.3804431098076,0.1357467266461974,13.73466435546521,True
vector_thrust,cruise_73,89.32935047516605,87.3804431098076,0.1357467266461974,13.761844410392326,True
vector_thrust,cruise_73,89.32935047516605,87.3804431098076,0.1357467266461974,13.780653592001979,True
vector_thrust,cruise_73,89.32935047516605,87.3804431098076,0.1357467266461974,13.787366511196897,True
vector_thrust,cruise_74,89.32805599737969,87.37917687377245,0.13574475953100762,13.787366511196897,True
vector_thrust,cruise_74,89.32805599737969,87.37917687377245,0.13574475953100762,13.794079430391815,True
vector_thrust,cruise_74,89.32805599737969,87.37917687377245,0.13574475953100762,13.812888612001467,True
vector_thrust,cruise_74,89.32805599737969,87.37917687377245,0.13574475953100762,13.840068666928584,True
vector_thrust,cruise_74,89.32805599737969,87.37917687377245,0.13574475953100762,13.870236251953354,True
vector_thrust,cruise_74,89.32805599737969,87.37917687377245,0.13574475953100762,13.897416306880473,True
vector_thrust,cruise_74,89.32805599737969,87.37917687377245,0.13574475953100762,13.916225488490124,True
vector_thrust,cruise_74,89.32805599737969,87.37917687377245,0.13574475953100762,13.922938407685043,True
vector_thrust,cruise_75,89.32674646483744,87.37789591143253,0.1357427695382997,13.922938407685043,True
vector_thrust,cruise_75,89.32674646483744,87.37789591143253,0.1357427695382997,13.929651326879961,True
vector_thrust,cruise_75,89.32674646483744,87.37789591143253,0.1357427695382997,13.948460508489612,True
vector_thrust,cruise_75,89.32674646483744,87.37789591143253,0.1357427695382997,13.97564056341673,True
vector_thrust,cruise_75,89.32674646483744,87.37789591143253,0.1357427695382997,14.005808148441501,True
vector_thrust,cruise_75,89.32674646483744,87.37789591143253,0.1357427695382997,14.032988203368618,True
vector_thrust,cruise_75,89.32674646483744,87.37789591143253,0.1357427695382997,14.05179738497827,True
vector_thrust,cruise_75,89.32674646483744,87.37789591143253,0.1357427695382997,14.058510304173188,True
vector_thrust,cruise_76,89.32542152753601,87.37659988042059,0.13574075613620146,14.058510304173188,True
vector_thrust,cruise_76,89.32542152753601,87.37659988042059,0.13574075613620146,14.065223223368106,True
vector_thrust,cruise_76,89.32542152753601,87.37659988042059,0.13574075613620146,14.084032404977759,True
vector_thrust,cruise_76,89.32542152753601,87.37659988042059,0.13574075613620146,14.111212459904875,True
vector_thrust,cruise_76,89.32542152753601,87.37659988042059,0.13574075613620146,14.141380044929646,True
vector_thrust,cruise_76,89.32542152753601,87.37659988042059,0.13574075613620146,14.168560099856764,True
vector_thrust,cruise_76,89.32542152753601,87.37659988042059,0.13574075613620146,14.187369281466415,True
vector_thrust,cruise_76,89.32542152753601,87.37659988042059,0.13574075613620146,14.194082200661335,True
vector_thrust,cruise_77,89.32408082316863,87.37528842633436,0.13573871877414406,14.194082200661335,True
vector_thrust,cruise_77,89.32408082316863,87.37528842633436,0.13573871877414406,14.200795119856252,True
vector_thrust,cruise_77,89.32408082316863,87.37528842633436,0.13573871877414406,14.219604301465903,True
vector_thrust,cruise_77,89.32408082316863,87.37528842633436,0.13573871877414406,14.246784356393022,True
vector_thrust,cruise_77,89.32408082316863,87.37528842633436,0.13573871877414406,14.276951941417792,True
vector_thrust,cruise_77,89.32408082316863,87.37528842633436,0.13573871877414406,14.304131996344909,True
vector_thrust,cruise_77,89.32408082316863,87.37528842633436,0.13573871877414406,14.322941177954561,True
vector_thrust,cruise_77,89.32408082316863,87.37528842633436,0.13573871877414406,14.32965409714948,True
vector_thrust,cruise_78,89.32272397654297,87.37396118216711,0.13573665688197745,14.32965409714948,True
vector_thrust,cruise_78,89.32272397654297,87.37396118216711,0.13573665688197745,14.336367016344397,True
vector_thrust,cruise_78,89.32272397654297,87.37396118216711,0.13573665688197745,14.35517619795405,True
vector_thrust,cruise_78,89.32272397654297,87.37396118216711,0.13573665688197745,14.382356252881166,True
vector_thrust,cruise_78,89.32272397654297,87.37396118216711,0.13573665688197745,14.412523837905937,True
vector_thrust,cruise_78,89.32272397654297,87.37396118216711,0.13573665688197745,14.439703892833055,True
vector_thrust,cruise_78,89.32272397654297,87.37396118216711,0.13573665688197745,14.458513074442706,True
vector_thrust,cruise_78,89.32272397654297,87.37396118216711,0.13573665688197745,14.465225993637626,True
vector_thrust,cruise_79,89.32135059896382,87.37261776770383,0.13573456986903232,14.465225993637626,True
vector_thrust,cruise_79,89.32135059896382,87.37261776770383,0.13573456986903232,14.471938912832544,True
vector_thrust,cruise_79,89.32135059896382,87.37261776770383,0.13573456986903232,14.490748094442194,True
vector_thrust,cruise_79,89.32135059896382,87.37261776770383,0.13573456986903232,14.517928149369313,True
vector_thrust,cruise_79,89.32135059896382,87.37261776770383,0.13573456986903232,14.548095734394083,True
vector_thrust,cruise_79,89.32135059896382,87.37261776770383,0.13573456986903232,14.575275789321202,True
vector_thrust,cruise_79,89.32135059896382,87.37261776770383,0.13573456986903232,14.594084970930853,True
vector_thrust,cruise_79,89.32135059896382,87.37261776770383,0.13573456986903232,14.60079789012577,True
vector_thrust,cruise_80,89.31996028757816,87.3712577888806,0.13573245712312496,14.60079789012577,True
vector_thrust,cruise_80,89.31996028757816,87.3712577888806,0.13573245712312496,14.607510809320688,True
vector_thrust,cruise_80,89.31996028757816,87.3712577888806,0.13573245712312496,14.626319990930341,True
vector_thrust,cruise_80,89.31996028757816,87.3712577888806,0.13573245712312496,14.653500045857458,True
vector_thrust,cruise_80,89.31996028757816,87.3712577888806,0.13573245712312496,14.683667630882228,True
vector_thrust,cruise_80,89.31996028757816,87.3712577888806,0.13573245712312496,14.710847685809346,True
vector_thrust,cruise_80,89.31996028757816,87.3712577888806,0.13573245712312496,14.729656867418997,True
vector_thrust,cruise_80,89.31996028757816,87.3712577888806,0.13573245712312496,14.736369786613917,True
vector_thrust,cruise_81,89.31855262468069,87.36988083710524,0.1357303180095018,14.736369786613917,True
vector_thrust,cruise_81,89.31855262468069,87.36988083710524,0.1357303180095018,14.743082705808835,True
vector_thrust,cruise_81,89.31855262468069,87.36988083710524,0.1357303180095018,14.761891887418486,True
vector_thrust,cruise_81,89.31855262468069,87.36988083710524,0.1357303180095018,14.789071942345604,True
vector_thrust,cruise_81,89.31855262468069,87.36988083710524,0.1357303180095018,14.819239527370375,True
vector_thrust,cruise_81,89.31855262468069,87.36988083710524,0.1357303180095018,14.846419582297493,True
vector_thrust,cruise_81,89.31855262468069,87.36988083710524,0.1357303180095018,14.865228763907144,True
vector_thrust,cruise_81,89.31855262468069,87.36988083710524,0.1357303180095018,14.871941683102062,True
vector_thrust,cruise_82,89.31712717697587,87.36848648853541,0.13572815186971787,14.871941683102062,True
vector_thrust,cruise_82,89.31712717697587,87.36848648853541,0.13572815186971787,14.878654602296981,True
vector_thrust,cruise_82,89.31712717697587,87.36848648853541,0.13572815186971787,14.897463783906632,True
vector_thrust,cruise_82,89.31712717697587,87.36848648853541,0.13572815186971787,14.92464383883375,True
vector_thrust,cruise_82,89.31712717697587,87.36848648853541,0.13572815186971787,14.954811423858521,True
vector_thrust,cruise_82,89.31712717697587,87.36848648853541,0.13572815186971787,14.981991478785638,True
vector_thrust,cruise_82,89.31712717697587,87.36848648853541,0.13572815186971787,15.00080066039529,True
vector_thrust,cruise_82,89.31712717697587,87.36848648853541,0.13572815186971787,15.007513579590208,True
vector_thrust,cruise_83,89.31568349479353,87.36707430331151,0.13572595802044518,15.007513579590208,True
vector_thrust,cruise_83,89.31568349479353,87.36707430331151,0.13572595802044518,15.014226498785126,True
vector_thrust,cruise_83,89.31568349479353,87.36707430331151,0.13572595802044518,15.033035680394777,True
vector_thrust,cruise_83,89.31568349479353,87.36707430331151,0.13572595802044518,15.060215735321895,True
vector_thrust,cruise_83,89.31568349479353,87.36707430331151,0.13572595802044518,15.090383320346666,True
vector_thrust,cruise_83,89.31568349479353,87.36707430331151,0.13572595802044518,15.117563375273784,True
vector_thrust,cruise_83,89.31568349479353,87.36707430331151,0.13572595802044518,15.136372556883435,True
vector_thrust,cruise_83,89.31568349479353,87.36707430331151,0.13572595802044518,15.143085476078353,True
vector_thrust,cruise_84,89.31422111125507,87.36564382474081,0.13572373575220534,15.143085476078353,True
vector_thrust,cruise_84,89.31422111125507,87.36564382474081,0.13572373575220534,15.149798395273272,True
vector_thrust,cruise_84,89.31422111125507,87.36564382474081,0.13572373575220534,15.168607576882923,True
vector_thrust,cruise_84,89.31422111125507,87.36564382474081,0.13572373575220534,15.195787631810042,True
vector_thrust,cruise_84,89.31422111125507,87.36564382474081,0.13572373575220534,15.225955216834812,True
vector_thrust,cruise_84,89.31422111125507,87.36564382474081,0.13572373575220534,15.253135271761929,True
vector_thrust,cruise_84,89.31422111125507,87.36564382474081,0.13572373575220534,15.271944453371582,True
vector_thrust,cruise_84,89.31422111125507,87.36564382474081,0.13572373575220534,15.2786573725665,True
vector_thrust,cruise_85,89.31273954138527,87.36419457842892,0.13572148432801998,15.2786573725665,True
vector_thrust,cruise_85,89.31273954138527,87.36419457842892,0.13572148432801998,15.285370291761417,True
vector_thrust,cruise_85,89.31273954138527,87.36419457842892,0.13572148432801998,15.30417947337107,True
vector_thrust,cruise_85,89.31273954138527,87.36419457842892,0.13572148432801998,15.331359528298186,True
vector_thrust,cruise_85,89.31273954138527,87.36419457842892,0.13572148432801998,15.361527113322957,True
vector_thrust,cruise_85,89.31273954138527,87.36419457842892,0.13572148432801998,15.388707168250075,True
vector_thrust,cruise_85,89.31273954138527,87.36419457842892,0.13572148432801998,15.407516349859726,True
vector_thrust,cruise_85,89.31273954138527,87.36419457842892,0.13572148432801998,15.414229269054644,True
vector_thrust,cruise_86,89.31123828116668,87.36272607135454,0.13571920298197376,15.414229269054644,True
vector_thrust,cruise_86,89.31123828116668,87.36272607135454,0.13571920298197376,15.420942188249564,True
vector_thrust,cruise_86,89.31123828116668,87.36272607135454,0.13571920298197376,15.439751369859215,True
vector_thrust,cruise_86,89.31123828116668,87.36272607135454,0.13571920298197376,15.466931424786333,True
vector_thrust,cruise_86,89.31123828116668,87.36272607135454,0.13571920298197376,15.497099009811103,True
vector_thrust,cruise_86,89.31123828116668,87.36272607135454,0.13571920298197376,15.52427906473822,True
vector_thrust,cruise_86,89.31123828116668,87.36272607135454,0.13571920298197376,15.543088246347873,True
vector_thrust,cruise_86,89.31123828116668,87.36272607135454,0.13571920298197376,15.54980116554279,True
vector_thrust,cruise_87,89.30971680653126,87.36123779088325,0.13571689091768205,15.54980116554279,True
vector_thrust,cruise_87,89.30971680653126,87.36123779088325,0.13571689091768205,15.556514084737708,True
vector_thrust,cruise_87,89.30971680653126,87.36123779088325,0.13571689091768205,15.575323266347361,True
vector_thrust,cruise_87,89.30971680653126,87.36123779088325,0.13571689091768205,15.602503321274478,True
vector_thrust,cruise_87,89.30971680653126,87.36123779088325,0.13571689091768205,15.632670906299248,True
vector_thrust,cruise_87,89.30971680653126,87.36123779088325,0.13571689091768205,15.659850961226367,True
vector_thrust,cruise_87,89.30971680653126,87.36123779088325,0.13571689091768205,15.678660142836017,True
vector_thrust,cruise_87,89.30971680653126,87.36123779088325,0.13571689091768205,15.685373062030935,True
vector_thrust,cruise_88,89.30817457228434,87.359729203715,0.13571454730665583,15.685373062030935,True
vector_thrust,cruise_88,89.30817457228434,87.359729203715,0.13571454730665583,15.692085981225855,True
vector_thrust,cruise_88,89.30817457228434,87.359729203715,0.13571454730665583,15.710895162835506,True
vector_thrust,cruise_88,89.30817457228434,87.359729203715,0.13571454730665583,15.738075217762624,True
vector_thrust,cruise_88,89.30817457228434,87.359729203715,0.13571454730665583,15.768242802787395,True
vector_thrust,cruise_88,89.30817457228434,87.359729203715,0.13571454730665583,15.795422857714511,True
vector_thrust,cruise_88,89.30817457228434,87.359729203715,0.13571454730665583,15.814232039324164,True
vector_thrust,cruise_88,89.30817457228434,87.359729203715,0.13571454730665583,15.820944958519082,True
vector_thrust,cruise_89,89.30661101095586,87.35819975476026,0.13571217128655577,15.820944958519082,True
vector_thrust,cruise_89,89.30661101095586,87.35819975476026,0.13571217128655577,15.827657877714,True
vector_thrust,cruise_89,89.30661101095586,87.35819975476026,0.13571217128655577,15.846467059323652,True
vector_thrust,cruise_89,89.30661101095586,87.35819975476026,0.13571217128655577,15.873647114250769,True
vector_thrust,cruise_89,89.30661101095586,87.35819975476026,0.13571217128655577,15.90381469927554,True
vector_thrust,cruise_89,89.30661101095586,87.35819975476026,0.13571217128655577,15.930994754202658,True
vector_thrust,cruise_89,89.30661101095586,87.35819975476026,0.13571217128655577,15.949803935812309,True
vector_thrust,cruise_89,89.30661101095586,87.35819975476026,0.13571217128655577,15.956516855007228,True
vector_thrust,cruise_90,89.30502553157201,87.35664886593857,0.13570976195932596,15.956516855007228,True
vector_thrust,cruise_90,89.30502553157201,87.35664886593857,0.13570976195932596,15.963229774202146,True
vector_thrust,cruise_90,89.30502553157201,87.35664886593857,0.13570976195932596,15.982038955811797,True
vector_thrust,cruise_90,89.30502553157201,87.35664886593857,0.13570976195932596,16.009219010738914,True
vector_thrust,cruise_90,89.30502553157201,87.35664886593857,0.13570976195932596,16.039386595763684,True
vector_thrust,cruise_90,89.30502553157201,87.35664886593857,0.13570976195932596,16.066566650690802,True
vector_thrust,cruise_90,89.30502553157201,87.35664886593857,0.13570976195932596,16.085375832300453,True
vector_thrust,cruise_90,89.30502553157201,87.35664886593857,0.13570976195932596,16.092088751495375,True
vector_thrust,cruise_91,89.30341751834156,87.35507593489343,0.13570731838919725,16.092088751495375,True
vector_thrust,cruise_91,89.30341751834156,87.35507593489343,0.13570731838919725,16.098801670690293,True
vector_thrust,cruise_91,89.30341751834156,87.35507593489343,0.13570731838919725,16.117610852299944,True
vector_thrust,cruise_91,89.30341751834156,87.35507593489343,0.13570731838919725,16.144790907227062,True
vector_thrust,cruise_91,89.30341751834156,87.35507593489343,0.13570731838919725,16.174958492251832,True
vector_thrust,cruise_91,89.30341751834156,87.35507593489343,0.13570731838919725,16.202138547178947,True
vector_thrust,cruise_91,89.30341751834156,87.35507593489343,0.13570731838919725,16.2209477287886,True
vector_thrust,cruise_91,89.30341751834156,87.35507593489343,0.13570731838919725,16.22766064798352,True
vector_thrust,cruise_92,89.30178632924903,87.35348033361633,0.1357048396005497,16.22766064798352,True
vector_thrust,cruise_92,89.30178632924903,87.35348033361633,0.1357048396005497,16.234373567178437,True
vector_thrust,cruise_92,89.30178632924903,87.35348033361633,0.1357048396005497,16.253182748788088,True
vector_thrust,cruise_92,89.30178632924903,87.35348033361633,0.1357048396005497,16.280362803715207,True
vector_thrust,cruise_92,89.30178632924903,87.35348033361633,0.1357048396005497,16.310530388739977,True
vector_thrust,cruise_92,89.30178632924903,87.35348033361633,0.1357048396005497,16.337710443667095,True
vector_thrust,cruise_92,89.30178632924903,87.35348033361633,0.1357048396005497,16.356519625276746,True
vector_thrust,cruise_92,89.30178632924903,87.35348033361633,0.1357048396005497,16.363232544471664,True
vector_thrust,cruise_93,89.30013129454667,87.35186140697145,0.13570232457562076,16.363232544471664,True
vector_thrust,cruise_93,89.30013129454667,87.35186140697145,0.13570232457562076,16.369945463666582,True
vector_thrust,cruise_93,89.30013129454667,87.35186140697145,0.13570232457562076,16.388754645276233,True
vector_thrust,cruise_93,89.30013129454667,87.35186140697145,0.13570232457562076,16.41593470020335,True
vector_thrust,cruise_93,89.30013129454667,87.35186140697145,0.13570232457562076,16.446102285228122,True
vector_thrust,cruise_93,89.30013129454667,87.35186140697145,0.13570232457562076,16.47328234015524,True
vector_thrust,cruise_93,89.30013129454667,87.35186140697145,0.13570232457562076,16.49209152176489,True
vector_thrust,cruise_93,89.30013129454667,87.35186140697145,0.13570232457562076,16.49880444095981,True
vector_thrust,cruise_94,89.29845171513705,87.35021847111364,0.13569977225204752,16.49880444095981,True
vector_thrust,cruise_94,89.29845171513705,87.35021847111364,0.13569977225204752,16.505517360154727,True
vector_thrust,cruise_94,89.29845171513705,87.35021847111364,0.13569977225204752,16.52432654176438,True
vector_thrust,cruise_94,89.29845171513705,87.35021847111364,0.13569977225204752,16.551506596691496,True
vector_thrust,cruise_94,89.29845171513705,87.35021847111364,0.13569977225204752,16.581674181716267,True
vector_thrust,cruise_94,89.29845171513705,87.35021847111364,0.13569977225204752,16.608854236643385,True
vector_thrust,cruise_94,89.29845171513705,87.35021847111364,0.13569977225204752,16.627663418253036,True
vector_thrust,cruise_94,89.29845171513705,87.35021847111364,0.13569977225204752,16.634376337447957,True
vector_thrust,cruise_95,89.29674686083551,87.34855081178875,0.13569718152022633,16.634376337447957,True
vector_thrust,cruise_95,89.29674686083551,87.34855081178875,0.13569718152022633,16.641089256642875,True
vector_thrust,cruise_95,89.29674686083551,87.34855081178875,0.13569718152022633,16.659898438252526,True
vector_thrust,cruise_95,89.29674686083551,87.34855081178875,0.13569718152022633,16.687078493179644,True
vector_thrust,cruise_95,89.29674686083551,87.34855081178875,0.13569718152022633,16.717246078204415,True
vector_thrust,cruise_95,89.29674686083551,87.34855081178875,0.13569718152022633,16.744426133131533,True
vector_thrust,cruise_95,89.29674686083551,87.34855081178875,0.13569718152022633,16.763235314741184,True
vector_thrust,cruise_95,89.29674686083551,87.34855081178875,0.13569718152022633,16.769948233936102,True
vector_thrust,cruise_96,89.29501596850274,87.34685768250696,0.1356945512204749,16.769948233936102,True
vector_thrust,cruise_96,89.29501596850274,87.34685768250696,0.1356945512204749,16.77666115313102,True
vector_thrust,cruise_96,89.29501596850274,87.34685768250696,0.1356945512204749,16.79547033474067,True
vector_thrust,cruise_96,89.29501596850274,87.34685768250696,0.1356945512204749,16.82265038966779,True
vector_thrust,cruise_96,89.29501596850274,87.34685768250696,0.1356945512204749,16.85281797469256,True
vector_thrust,cruise_96,89.29501596850274,87.34685768250696,0.1356945512204749,16.879998029619678,True
vector_thrust,cruise_96,89.29501596850274,87.34685768250696,0.1356945512204749,16.89880721122933,True
vector_thrust,cruise_96,89.29501596850274,87.34685768250696,0.1356945512204749,16.905520130424247,True
vector_thrust,cruise_97,89.29325824003482,87.34513830257666,0.13569188013997802,16.905520130424247,True
vector_thrust,cruise_97,89.29325824003482,87.34513830257666,0.13569188013997802,16.912233049619164,True
vector_thrust,cruise_97,89.29325824003482,87.34513830257666,0.13569188013997802,16.931042231228815,True
vector_thrust,cruise_97,89.29325824003482,87.34513830257666,0.13569188013997802,16.958222286155934,True
vector_thrust,cruise_97,89.29325824003482,87.34513830257666,0.13569188013997802,16.988389871180704,True
vector_thrust,cruise_97,89.29325824003482,87.34513830257666,0.13569188013997802,17.015569926107823,True
vector_thrust,cruise_97,89.29325824003482,87.34513830257666,0.13569188013997802,17.034379107717474,True
vector_thrust,cruise_97,89.29325824003482,87.34513830257666,0.13569188013997802,17.04109202691239,True
vector_thrust,cruise_98,89.29147284019803,87.3433918549865,0.13568916700949726,17.04109202691239,True
vector_thrust,cruise_98,89.29147284019803,87.3433918549865,0.13568916700949726,17.047804946107313,True
vector_thrust,cruise_98,89.29147284019803,87.3433918549865,0.13568916700949726,17.066614127716964,True
vector_thrust,cruise_98,89.29147284019803,87.3433918549865,0.13568916700949726,17.093794182644082,True
vector_thrust,cruise_98,89.29147284019803,87.3433918549865,0.13568916700949726,17.123961767668852,True
vector_thrust,cruise_98,89.29147284019803,87.3433918549865,0.13568916700949726,17.151141822595967,True
vector_thrust,cruise_98,89.29147284019803,87.3433918549865,0.13568916700949726,17.169951004205622,True
vector_thrust,cruise_98,89.29147284019803,87.3433918549865,0.13568916700949726,17.17666392340054,True
vector_thrust,cruise_99,89.28965889429325,87.34161748412079,0.13568641049982183,17.17666392340054,True
vector_thrust,cruise_99,89.28965889429325,87.34161748412079,0.13568641049982183,17.183376842595457,True
vector_thrust,cruise_99,89.28965889429325,87.34161748412079,0.13568641049982183,17.20218602420511,True
vector_thrust,cruise_99,89.28965889429325,87.34161748412079,0.13568641049982183,17.229366079132223,True
vector_thrust,cruise_99,89.28965889429325,87.34161748412079,0.13568641049982183,17.259533664156997,True
vector_thrust,cruise_99,89.28965889429325,87.34161748412079,0.13568641049982183,17.286713719084116,True
vector_thrust,cruise_99,89.28965889429325,87.34161748412079,0.13568641049982183,17.305522900693763,True
vector_thrust,cruise_99,89.28965889429325,87.34161748412079,0.13568641049982183,17.31223581988868,True
vector_thrust,cruise_100,89.2878154856347,87.33981429329314,0.13568360921793698,17.31223581988868,True
vector_thrust,cruise_100,89.2878154856347,87.33981429329314,0.13568360921793698,17.318948739083602,True
vector_thrust,cruise_100,89.2878154856347,87.33981429329314,0.13568360921793698,17.337757920693253,True
vector_thrust,cruise_100,89.2878154856347,87.33981429329314,0.13568360921793698,17.364937975620368,True
vector_thrust,cruise_100,89.2878154856347,87.33981429329314,0.13568360921793698,17.395105560645142,True
vector_thrust,cruise_100,89.2878154856347,87.33981429329314,0.13568360921793698,17.42228561557226,True
vector_thrust,cruise_100,89.2878154856347,87.33981429329314,0.13568360921793698,17.441094797181908,True
vector_thrust,cruise_100,89.2878154856347,87.33981429329314,0.13568360921793698,17.447807716376825,True
vector_thrust,cruise_101,89.28594165282318,87.33798134207932,0.1356807617028807,17.447807716376825,True
vector_thrust,cruise_101,89.28594165282318,87.33798134207932,0.1356807617028807,17.454520635571743,True
vector_thrust,cruise_101,89.28594165282318,87.33798134207932,0.1356807617028807,17.473329817181394,True
vector_thrust,cruise_101,89.28594165282318,87.33798134207932,0.1356807617028807,17.500509872108513,True
vector_thrust,cruise_101,89.28594165282318,87.33798134207932,0.1356807617028807,17.530677457133283,True
vector_thrust,cruise_101,89.28594165282318,87.33798134207932,0.1356807617028807,17.557857512060405,True
vector_thrust,cruise_101,89.28594165282318,87.33798134207932,0.1356807617028807,17.576666693670052,True
vector_thrust,cruise_101,89.28594165282318,87.33798134207932,0.1356807617028807,17.58337961286497,True
vector_thrust,cruise_102,89.28403638679569,87.33611764343112,0.13567786642126,17.58337961286497,True
vector_thrust,cruise_102,89.28403638679569,87.33611764343112,0.13567786642126,17.590092532059888,True
vector_thrust,cruise_102,89.28403638679569,87.33611764343112,0.13567786642126,17.60890171366954,True
vector_thrust,cruise_102,89.28403638679569,87.33611764343112,0.13567786642126,17.636081768596654,True
vector_thrust,cruise_102,89.28403638679569,87.33611764343112,0.13567786642126,17.666249353621428,True
vector_thrust,cruise_102,89.28403638679569,87.33611764343112,0.13567786642126,17.693429408548546,True
vector_thrust,cruise_102,89.28403638679569,87.33611764343112,0.13567786642126,17.712238590158194,True
vector_thrust,cruise_102,89.28403638679569,87.33611764343112,0.13567786642126,17.718951509353115,True
vector_thrust,cruise_103,89.28209862762691,87.33422216054775,0.1356749217623904,17.718951509353115,True
vector_thrust,cruise_103,89.28209862762691,87.33422216054775,0.1356749217623904,17.725664428548033,True
vector_thrust,cruise_103,89.28209862762691,87.33422216054775,0.1356749217623904,17.744473610157684,True
vector_thrust,cruise_103,89.28209862762691,87.33422216054775,0.1356749217623904,17.7716536650848,True
vector_thrust,cruise_103,89.28209862762691,87.33422216054775,0.1356749217623904,17.801821250109573,True
vector_thrust,cruise_103,89.28209862762691,87.33422216054775,0.1356749217623904,17.82900130503669,True
vector_thrust,cruise_103,89.28209862762691,87.33422216054775,0.1356749217623904,17.84781048664634,True
vector_thrust,cruise_103,89.28209862762691,87.33422216054775,0.1356749217623904,17.854523405841256,True
vector_thrust,cruise_104,89.28012726105882,87.33229380348106,0.13567192603302247,17.854523405841256,True
vector_thrust,cruise_104,89.28012726105882,87.33229380348106,0.13567192603302247,17.861236325036174,True
vector_thrust,cruise_104,89.28012726105882,87.33229380348106,0.13567192603302247,17.88004550664583,True
vector_thrust,cruise_104,89.28012726105882,87.33229380348106,0.13567192603302247,17.907225561572943,True
vector_thrust,cruise_104,89.28012726105882,87.33229380348106,0.13567192603302247,17.937393146597714,True
vector_thrust,cruise_104,89.28012726105882,87.33229380348106,0.13567192603302247,17.964573201524836,True
vector_thrust,cruise_104,89.28012726105882,87.33229380348106,0.13567192603302247,17.983382383134483,True
vector_thrust,cruise_104,89.28012726105882,87.33229380348106,0.13567192603302247,17.9900953023294,True
vector_thrust,cruise_105,89.2781211147289,87.33033142544609,0.13566887745160985,17.9900953023294,True
vector_thrust,cruise_105,89.2781211147289,87.33033142544609,0.13566887745160985,17.99680822152432,True
vector_thrust,cruise_105,89.2781211147289,87.33033142544609,0.13566887745160985,18.01561740313397,True
vector_thrust,cruise_105,89.2781211147289,87.33033142544609,0.13566887745160985,18.042797458061088,True
vector_thrust,cruise_105,89.2781211147289,87.33033142544609,0.13566887745160985,18.07296504308586,True
vector_thrust,cruise_105,89.2781211147289,87.33033142544609,0.13566887745160985,18.10014509801298,True
vector_thrust,cruise_105,89.2781211147289,87.33033142544609,0.13566887745160985,18.118954279622628,True
vector_thrust,cruise_105,89.2781211147289,87.33033142544609,0.13566887745160985,18.125667198817546,True
vector_thrust,cruise_106,89.27607895406612,87.32833381880654,0.1356657741420729,18.125667198817546,True
vector_thrust,cruise_106,89.27607895406612,87.32833381880654,0.1356657741420729,18.132380118012463,True
vector_thrust,cruise_106,89.27607895406612,87.32833381880654,0.1356657741420729,18.151189299622114,True
vector_thrust,cruise_106,89.27607895406612,87.32833381880654,0.1356657741420729,18.17836935454923,True
vector_thrust,cruise_106,89.27607895406612,87.32833381880654,0.1356657741420729,18.208536939574003,True
vector_thrust,cruise_106,89.27607895406612,87.32833381880654,0.1356657741420729,18.23571699450112,True
vector_thrust,cruise_106,89.27607895406612,87.32833381880654,0.1356657741420729,18.25452617611077,True
vector_thrust,cruise_106,89.27607895406612,87.32833381880654,0.1356657741420729,18.26123909530569,True
vector_thrust,cruise_107,89.27399947781795,87.32629971069946,0.13566261412700142,18.26123909530569,True
vector_thrust,cruise_107,89.27399947781795,87.32629971069946,0.13566261412700142,18.267952014500608,True
vector_thrust,cruise_107,89.27399947781795,87.32629971069946,0.13566261412700142,18.28676119611026,True
vector_thrust,cruise_107,89.27399947781795,87.32629971069946,0.13566261412700142,18.313941251037374,True
vector_thrust,cruise_107,89.27399947781795,87.32629971069946,0.13566261412700142,18.344108836062148,True
vector_thrust,cruise_107,89.27399947781795,87.32629971069946,0.13566261412700142,18.371288890989266,True
vector_thrust,cruise_107,89.27399947781795,87.32629971069946,0.13566261412700142,18.390098072598914,True
vector_thrust,cruise_107,89.27399947781795,87.32629971069946,0.13566261412700142,18.39681099179383,True
vector_thrust,cruise_108,89.27188131316892,87.32422775826024,0.13565939532023663,18.39681099179383,True
vector_thrust,cruise_108,89.27188131316892,87.32422775826024,0.13565939532023663,18.40352391098875,True
vector_thrust,cruise_108,89.27188131316892,87.32422775826024,0.13565939532023663,18.422333092598404,True
vector_thrust,cruise_108,89.27188131316892,87.32422775826024,0.13565939532023663,18.44951314752552,True
vector_thrust,cruise_108,89.27188131316892,87.32422775826024,0.13565939532023663,18.47968073255029,True
vector_thrust,cruise_108,89.27188131316892,87.32422775826024,0.13565939532023663,18.50686078747741,True
vector_thrust,cruise_108,89.27188131316892,87.32422775826024,0.13565939532023663,18.52566996908706,True
vector_thrust,cruise_108,89.27188131316892,87.32422775826024,0.13565939532023663,18.532382888281976,True
vector_thrust,cruise_109,89.26972301040406,87.32211654340247,0.13565611551876172,18.532382888281976,True
vector_thrust,cruise_109,89.26972301040406,87.32211654340247,0.13565611551876172,18.539095807476894,True
vector_thrust,cruise_109,89.26972301040406,87.32211654340247,0.13565611551876172,18.557904989086545,True
vector_thrust,cruise_109,89.26972301040406,87.32211654340247,0.13565611551876172,18.585085044013663,True
vector_thrust,cruise_109,89.26972301040406,87.32211654340247,0.13565611551876172,18.615252629038434,True
vector_thrust,cruise_109,89.26972301040406,87.32211654340247,0.13565611551876172,18.642432683965552,True
vector_thrust,cruise_109,89.26972301040406,87.32211654340247,0.13565611551876172,18.661241865575203,True
vector_thrust,cruise_109,89.26972301040406,87.32211654340247,0.13565611551876172,18.66795478477012,True
vector_thrust,cruise_110,89.26752303706648,87.31996456710303,0.13565277239382356,18.66795478477012,True
vector_thrust,cruise_110,89.26752303706648,87.31996456710303,0.13565277239382356,18.67466770396504,True
vector_thrust,cruise_110,89.26752303706648,87.31996456710303,0.13565277239382356,18.69347688557469,True
vector_thrust,cruise_110,89.26752303706648,87.31996456710303,0.13565277239382356,18.720656940501804,True
vector_thrust,cruise_110,89.26752303706648,87.31996456710303,0.13565277239382356,18.75082452552658,True
vector_thrust,cruise_110,89.26752303706648,87.31996456710303,0.13565277239382356,18.778004580453697,True
vector_thrust,cruise_110,89.26752303706648,87.31996456710303,0.13565277239382356,18.796813762063344,True
vector_thrust,cruise_110,89.26752303706648,87.31996456710303,0.13565277239382356,18.803526681258262,True
vector_thrust,cruise_111,89.26527977154953,87.317770243134,0.1356493634811951,18.803526681258262,True
vector_thrust,cruise_111,89.26527977154953,87.317770243134,0.1356493634811951,18.810239600453183,True
vector_thrust,cruise_111,89.26527977154953,87.317770243134,0.1356493634811951,18.829048782062834,True
vector_thrust,cruise_111,89.26527977154953,87.317770243134,0.1356493634811951,18.85622883698995,True
vector_thrust,cruise_111,89.26527977154953,87.317770243134,0.1356493634811951,18.886396422014723,True
vector_thrust,cruise_111,89.26527977154953,87.317770243134,0.1356493634811951,18.91357647694184,True
vector_thrust,cruise_111,89.26527977154953,87.317770243134,0.1356493634811951,18.93238565855149,True
vector_thrust,cruise_111,89.26527977154953,87.317770243134,0.1356493634811951,18.939098577746407,True
vector_thrust,cruise_112,89.26299149605738,87.31553189117692,0.1356458861704784,18.939098577746407,True
vector_thrust,cruise_112,89.26299149605738,87.31553189117692,0.1356458861704784,18.945811496941324,True
vector_thrust,cruise_112,89.26299149605738,87.31553189117692,0.1356458861704784,18.96462067855098,True
vector_thrust,cruise_112,89.26299149605738,87.31553189117692,0.1356458861704784,18.991800733478094,True
vector_thrust,cruise_112,89.26299149605738,87.31553189117692,0.1356458861704784,19.021968318502864,True
vector_thrust,cruise_112,89.26299149605738,87.31553189117692,0.1356458861704784,19.049148373429986,True
vector_thrust,cruise_112,89.26299149605738,87.31553189117692,0.1356458861704784,19.067957555039634,True
vector_thrust,cruise_112,89.26299149605738,87.31553189117692,0.1356458861704784,19.07467047423455,True
vector_thrust,cruise_113,89.26065638885721,87.31324772924387,0.1356423376933306,19.07467047423455,True
vector_thrust,cruise_113,89.26065638885721,87.31324772924387,0.1356423376933306,19.08138339342947,True
vector_thrust,cruise_113,89.26065638885721,87.31324772924387,0.1356423376933306,19.10019257503912,True
vector_thrust,cruise_113,89.26065638885721,87.31324772924387,0.1356423376933306,19.12737262996624,True
vector_thrust,cruise_113,89.26065638885721,87.31324772924387,0.1356423376933306,19.15754021499101,True
vector_thrust,cruise_113,89.26065638885721,87.31324772924387,0.1356423376933306,19.184720269918127,True
vector_thrust,cruise_113,89.26065638885721,87.31324772924387,0.1356423376933306,19.20352945152778,True
vector_thrust,cruise_113,89.26065638885721,87.31324772924387,0.1356423376933306,19.210242370722696,True
vector_thrust,cruise_114,89.25827251573628,87.31091586532102,0.13563871511048198,19.210242370722696,True
vector_thrust,cruise_114,89.25827251573628,87.31091586532102,0.13563871511048198,19.216955289917614,True
vector_thrust,cruise_114,89.25827251573628,87.31091586532102,0.13563871511048198,19.235764471527265,True
vector_thrust,cruise_114,89.25827251573628,87.31091586532102,0.13563871511048198,19.26294452645438,True
vector_thrust,cruise_114,89.25827251573628,87.31091586532102,0.13563871511048198,19.293112111479154,True
vector_thrust,cruise_114,89.25827251573628,87.31091586532102,0.13563871511048198,19.320292166406272,True
vector_thrust,cruise_114,89.25827251573628,87.31091586532102,0.13563871511048198,19.33910134801592,True
vector_thrust,cruise_114,89.25827251573628,87.31091586532102,0.13563871511048198,19.345814267210837,True
vector_thrust,cruise_115,89.25583782056376,87.30853428813634,0.13563501529739377,19.345814267210837,True
vector_thrust,cruise_115,89.25583782056376,87.30853428813634,0.13563501529739377,19.35252718640576,True
vector_thrust,cruise_115,89.25583782056376,87.30853428813634,0.13563501529739377,19.37133636801541,True
vector_thrust,cruise_115,89.25583782056376,87.30853428813634,0.13563501529739377,19.398516422942524,True
vector_thrust,cruise_115,89.25583782056376,87.30853428813634,0.13563501529739377,19.4286840079673,True
vector_thrust,cruise_115,89.25583782056376,87.30853428813634,0.13563501529739377,19.455864062894417,True
vector_thrust,cruise_115,89.25583782056376,87.30853428813634,0.13563501529739377,19.474673244504064,True
vector_thrust,cruise_115,89.25583782056376,87.30853428813634,0.13563501529739377,19.481386163698982,True
vector_thrust,cruise_116,89.2533501148422,87.30610085693911,0.13563123492837997,19.481386163698982,True
vector_thrust,cruise_116,89.2533501148422,87.30610085693911,0.13563123492837997,19.4880990828939,True
vector_thrust,cruise_116,89.2533501148422,87.30610085693911,0.13563123492837997,19.50690826450355,True
vector_thrust,cruise_116,89.2533501148422,87.30610085693911,0.13563123492837997,19.53408831943067,True
vector_thrust,cruise_116,89.2533501148422,87.30610085693911,0.13563123492837997,19.56425590445544,True
vector_thrust,cruise_116,89.2533501148422,87.30610085693911,0.13563123492837997,19.59143595938256,True
vector_thrust,cruise_116,89.2533501148422,87.30610085693911,0.13563123492837997,19.61024514099221,True
vector_thrust,cruise_116,89.2533501148422,87.30610085693911,0.13563123492837997,19.616958060187127,True
vector_thrust,cruise_117,89.25080706611688,87.30361329016193,0.13562737045899415,19.616958060187127,True
vector_thrust,cruise_117,89.25080706611688,87.30361329016193,0.13562737045899415,19.623670979382045,True
vector_thrust,cruise_117,89.25080706611688,87.30361329016193,0.13562737045899415,19.642480160991695,True
vector_thrust,cruise_117,89.25080706611688,87.30361329016193,0.13562737045899415,19.66966021591881,True
vector_thrust,cruise_117,89.25080706611688,87.30361329016193,0.13562737045899415,19.699827800943584,True
vector_thrust,cruise_117,89.25080706611688,87.30361329016193,0.13562737045899415,19.727007855870703,True
vector_thrust,cruise_117,89.25080706611688,87.30361329016193,0.13562737045899415,19.74581703748035,True
vector_thrust,cruise_117,89.25080706611688,87.30361329016193,0.13562737045899415,19.75252995667527,True
vector_thrust,cruise_118,89.24820618508849,87.30106915281482,0.13562341810644574,19.75252995667527,True
vector_thrust,cruise_118,89.24820618508849,87.30106915281482,0.13562341810644574,19.75924287587019,True
vector_thrust,cruise_118,89.24820618508849,87.30106915281482,0.13562341810644574,19.77805205747984,True
vector_thrust,cruise_118,89.24820618508849,87.30106915281482,0.13562341810644574,19.805232112406955,True
vector_thrust,cruise_118,89.24820618508849,87.30106915281482,0.13562341810644574,19.83539969743173,True
vector_thrust,cruise_118,89.24820618508849,87.30106915281482,0.13562341810644574,19.862579752358847,True
vector_thrust,cruise_118,89.24820618508849,87.30106915281482,0.13562341810644574,19.881388933968495,True
vector_thrust,cruise_118,89.24820618508849,87.30106915281482,0.13562341810644574,19.888101853163413,True
vector_thrust,cruise_119,89.2455448112531,87.29846584243833,0.13561937382777792,19.888101853163413,True
vector_thrust,cruise_119,89.2455448112531,87.29846584243833,0.13561937382777792,19.89481477235833,True
vector_thrust,cruise_119,89.2455448112531,87.29846584243833,0.13561937382777792,19.913623953967985,True
vector_thrust,cruise_119,89.2455448112531,87.29846584243833,0.13561937382777792,19.9408040088951,True
vector_thrust,cruise_119,89.2455448112531,87.29846584243833,0.13561937382777792,19.97097159391987,True
vector_thrust,cruise_119,89.2455448112531,87.29846584243833,0.13561937382777792,19.998151648846992,True
vector_thrust,cruise_119,89.2455448112531,87.29846584243833,0.13561937382777792,20.01696083045664,True
vector_thrust,cruise_119,89.2455448112531,87.29846584243833,0.13561937382777792,20.023673749651557,True
vector_thrust,cruise_120,89.24282009686138,87.29580057341275,0.135615233295492,20.023673749651557,True
vector_thrust,cruise_120,89.24282009686138,87.29580057341275,0.135615233295492,20.030386668846475,True
vector_thrust,cruise_120,89.24282009686138,87.29580057341275,0.135615233295492,20.049195850456126,True
vector_thrust,cruise_120,89.24282009686138,87.29580057341275,0.135615233295492,20.076375905383244,True
vector_thrust,cruise_120,89.24282009686138,87.29580057341275,0.135615233295492,20.106543490408015,True
vector_thrust,cruise_120,89.24282009686138,87.29580057341275,0.135615233295492,20.133723545335137,True
vector_thrust,cruise_120,89.24282009686138,87.29580057341275,0.135615233295492,20.152532726944784,True
vector_thrust,cruise_120,89.24282009686138,87.29580057341275,0.135615233295492,20.159245646139702,True
vector_thrust,cruise_121,89.24002898895603,87.29307035938747,0.135610991870251,20.159245646139702,True
vector_thrust,cruise_121,89.24002898895603,87.29307035938747,0.135610991870251,20.16595856533462,True
vector_thrust,cruise_121,89.24002898895603,87.29307035938747,0.135610991870251,20.18476774694427,True
vector_thrust,cruise_121,89.24002898895603,87.29307035938747,0.135610991870251,20.211947801871386,True
vector_thrust,cruise_121,89.24002898895603,87.29307035938747,0.135610991870251,20.24211538689616,True
vector_thrust,cruise_121,89.24002898895603,87.29307035938747,0.135610991870251,20.269295441823278,True
vector_thrust,cruise_121,89.24002898895603,87.29307035938747,0.135610991870251,20.288104623432925,True
vector_thrust,cruise_121,89.24002898895603,87.29307035938747,0.135610991870251,20.294817542627847,True
vector_thrust,cruise_122,89.37418892128436,87.42430331106657,0.13581486407534119,20.294817542627847,True
vector_thrust,cruise_122,89.37418892128436,87.42430331106657,0.13581486407534119,20.301530461822765,True
vector_thrust,cruise_122,89.37418892128436,87.42430331106657,0.13581486407534119,20.320339643432415,True
vector_thrust,cruise_122,89.37418892128436,87.42430331106657,0.13581486407534119,20.34751969835953,True
vector_thrust,cruise_122,89.37418892128436,87.42430331106657,0.13581486407534119,20.377687283384304,True
vector_thrust,cruise_122,89.37418892128436,87.42430331106657,0.13581486407534119,20.404867338311423,True
vector_thrust,cruise_122,89.37418892128436,87.42430331106657,0.13581486407534119,20.42367651992107,True
vector_thrust,cruise_122,89.37418892128436,87.42430331106657,0.13581486407534119,20.430389439115988,True
vector_thrust,cruise_123,89.95573115331695,87.99315797811354,0.13669858766658005,20.430389439115988,True
vector_thrust,cruise_123,89.95573115331695,87.99315797811354,0.13669858766658005,20.437102358310906,True
vector_thrust,cruise_123,89.95573115331695,87.99315797811354,0.13669858766658005,20.45591153992056,True
vector_thrust,cruise_123,89.95573115331695,87.99315797811354,0.13669858766658005,20.483091594847675,True
vector_thrust,cruise_123,89.95573115331695,87.99315797811354,0.13669858766658005,20.513259179872446,True
vector_thrust,cruise_123,89.95573115331695,87.99315797811354,0.13669858766658005,20.540439234799567,True
vector_thrust,cruise_123,89.95573115331695,87.99315797811354,0.13669858766658005,20.559248416409215,True
vector_thrust,cruise_123,89.95573115331695,87.99315797811354,0.13669858766658005,20.565961335604133,True
vector_thrust,cruise_124,89.95572615530087,87.99315308913968,0.13669858007149155,20.565961335604133,True
vector_thrust,cruise_124,89.95572615530087,87.99315308913968,0.13669858007149155,20.57267425479905,True
vector_thrust,cruise_124,89.95572615530087,87.99315308913968,0.13669858007149155,20.5914834364087,True
vector_thrust,cruise_124,89.95572615530087,87.99315308913968,0.13669858007149155,20.61866349133582,True
vector_thrust,cruise_124,89.95572615530087,87.99315308913968,0.13669858007149155,20.64883107636059,True
vector_thrust,cruise_124,89.95572615530087,87.99315308913968,0.13669858007149155,20.67601113128771,True
vector_thrust,cruise_124,89.95572615530087,87.99315308913968,0.13669858007149155,20.69482031289736,True
vector_thrust,cruise_124,89.95572615530087,87.99315308913968,0.13669858007149155,20.701533232092277,True
vector_thrust,cruise_125,89.95572101926714,87.9931480651593,0.13669857226666857,20.701533232092277,True
vector_thrust,cruise_125,89.95572101926714,87.9931480651593,0.13669857226666857,20.708246151287195,True
vector_thrust,cruise_125,89.95572101926714,87.9931480651593,0.13669857226666857,20.727055332896846,True
vector_thrust,cruise_125,89.95572101926714,87.9931480651593,0.13669857226666857,20.75423538782396,True
vector_thrust,cruise_125,89.95572101926714,87.9931480651593,0.13669857226666857,20.784402972848735,True
vector_thrust,cruise_125,89.95572101926714,87.9931480651593,0.13669857226666857,20.811583027775853,True
vector_thrust,cruise_125,89.95572101926714,87.9931480651593,0.13669857226666857,20.8303922093855,True
vector_thrust,cruise_125,89.95572101926714,87.9931480651593,0.13669857226666857,20.83710512858042,True
vector_thrust,cruise_126,89.95571573751357,87.99314289863828,0.13669856424040672,20.83710512858042,True
vector_thrust,cruise_126,89.95571573751357,87.99314289863828,0.13669856424040672,20.84381804777534,True
vector_thrust,cruise_126,89.95571573751357,87.99314289863828,0.13669856424040672,20.86262722938499,True
vector_thrust,cruise_126,89.95571573751357,87.99314289863828,0.13669856424040672,20.889807284312106,True
vector_thrust,cruise_126,89.95571573751357,87.99314289863828,0.13669856424040672,20.91997486933688,True
vector_thrust,cruise_126,89.95571573751357,87.99314289863828,0.13669856424040672,20.947154924263998,True
vector_thrust,cruise_126,89.95571573751357,87.99314289863828,0.13669856424040672,20.965964105873645,True
vector_thrust,cruise_126,89.95571573751357,87.99314289863828,0.13669856424040672,20.972677025068563,True
vector_thrust,cruise_127,89.95571030167865,87.99313758139752,0.13669855597999966,20.972677025068563,True
vector_thrust,cruise_127,89.95571030167865,87.99313758139752,0.13669855597999966,20.97938994426348,True
vector_thrust,cruise_127,89.95571030167865,87.99313758139752,0.13669855597999966,20.998199125873136,True
vector_thrust,cruise_127,89.95571030167865,87.99313758139752,0.13669855597999966,21.02537918080025,True
vector_thrust,cruise_127,89.95571030167865,87.99313758139752,0.13669855597999966,21.05554676582502,True
vector_thrust,cruise_127,89.95571030167865,87.99313758139752,0.13669855597999966,21.082726820752143,True
vector_thrust,cruise_127,89.95571030167865,87.99313758139752,0.13669855597999966,21.10153600236179,True
vector_thrust,cruise_127,89.95571030167865,87.99313758139752,0.13669855597999966,21.108248921556708,True
vector_thrust,cruise_128,89.95570470266449,87.99313210453761,0.13669854747162205,21.108248921556708,True
vector_thrust,cruise_128,89.95570470266449,87.99313210453761,0.13669854747162205,21.114961840751626,True
vector_thrust,cruise_128,89.95570470266449,87.99313210453761,0.13669854747162205,21.133771022361277,True
vector_thrust,cruise_128,89.95570470266449,87.99313210453761,0.13669854747162205,21.160951077288395,True
vector_thrust,cruise_128,89.95570470266449,87.99313210453761,0.13669854747162205,21.191118662313166,True
vector_thrust,cruise_128,89.95570470266449,87.99313210453761,0.13669854747162205,21.218298717240284,True
vector_thrust,cruise_128,89.95570470266449,87.99313210453761,0.13669854747162205,21.237107898849935,True
vector_thrust,cruise_128,89.95570470266449,87.99313210453761,0.13669854747162205,21.243820818044853,True
vector_thrust,cruise_129,89.955698930548,87.99312645835195,0.13669853870019458,21.243820818044853,True
vector_thrust,cruise_129,89.955698930548,87.99312645835195,0.13669853870019458,21.25053373723977,True
vector_thrust,cruise_129,89.955698930548,87.99312645835195,0.13669853870019458,21.26934291884942,True
vector_thrust,cruise_129,89.955698930548,87.99312645835195,0.13669853870019458,21.296522973776536,True
vector_thrust,cruise_129,89.955698930548,87.99312645835195,0.13669853870019458,21.32669055880131,True
vector_thrust,cruise_129,89.955698930548,87.99312645835195,0.13669853870019458,21.35387061372843,True
vector_thrust,cruise_129,89.955698930548,87.99312645835195,0.13669853870019458,21.372679795338076,True
vector_thrust,cruise_129,89.955698930548,87.99312645835195,0.13669853870019458,21.379392714532994,True
vector_thrust,cruise_130,89.95569297447823,87.99312063222636,0.1366985296492279,21.379392714532994,True
vector_thrust,cruise_130,89.95569297447823,87.99312063222636,0.1366985296492279,21.386105633727915,True
vector_thrust,cruise_130,89.95569297447823,87.99312063222636,0.1366985296492279,21.404914815337566,True
vector_thrust,cruise_130,89.95569297447823,87.99312063222636,0.1366985296492279,21.43209487026468,True
vector_thrust,cruise_130,89.95569297447823,87.99312063222636,0.1366985296492279,21.462262455289455,True
vector_thrust,cruise_130,89.95569297447823,87.99312063222636,0.1366985296492279,21.489442510216573,True
vector_thrust,cruise_130,89.95569297447823,87.99312063222636,0.1366985296492279,21.50825169182622,True
vector_thrust,cruise_130,89.95569297447823,87.99312063222636,0.1366985296492279,21.51496461102114,True
vector_thrust,cruise_131,89.95568682255742,87.99311461452264,0.13669852030064195,21.51496461102114,True
vector_thrust,cruise_131,89.95568682255742,87.99311461452264,0.13669852030064195,21.521677530216056,True
vector_thrust,cruise_131,89.95568682255742,87.99311461452264,0.13669852030064195,21.540486711825707,True
vector_thrust,cruise_131,89.95568682255742,87.99311461452264,0.13669852030064195,21.567666766752826,True
vector_thrust,cruise_131,89.95568682255742,87.99311461452264,0.13669852030064195,21.597834351777596,True
vector_thrust,cruise_131,89.95568682255742,87.99311461452264,0.13669852030064195,21.625014406704718,True
vector_thrust,cruise_131,89.95568682255742,87.99311461452264,0.13669852030064195,21.643823588314365,True
vector_thrust,cruise_131,89.95568682255742,87.99311461452264,0.13669852030064195,21.650536507509283,True
vector_thrust,cruise_132,89.95568046170234,87.99310839244295,0.13669851063455513,21.650536507509283,True
vector_thrust,cruise_132,89.95568046170234,87.99310839244295,0.13669851063455513,21.6572494267042,True
vector_thrust,cruise_132,89.95568046170234,87.99310839244295,0.13669851063455513,21.676058608313852,True
vector_thrust,cruise_132,89.95568046170234,87.99310839244295,0.13669851063455513,21.703238663240967,True
vector_thrust,cruise_132,89.95568046170234,87.99310839244295,0.13669851063455513,21.73340624826574,True
vector_thrust,cruise_132,89.95568046170234,87.99310839244295,0.13669851063455513,21.76058630319286,True
vector_thrust,cruise_132,89.95568046170234,87.99310839244295,0.13669851063455513,21.779395484802507,True
vector_thrust,cruise_132,89.95568046170234,87.99310839244295,0.13669851063455513,21.786108403997428,True
vector_thrust,cruise_133,89.9556738774817,87.99310195187091,0.1366985006290374,21.786108403997428,True
vector_thrust,cruise_133,89.9556738774817,87.99310195187091,0.1366985006290374,21.792821323192346,True
vector_thrust,cruise_133,89.9556738774817,87.99310195187091,0.1366985006290374,21.811630504801997,True
vector_thrust,cruise_133,89.9556738774817,87.99310195187091,0.1366985006290374,21.83881055972911,True
vector_thrust,cruise_133,89.9556738774817,87.99310195187091,0.1366985006290374,21.868978144753886,True
vector_thrust,cruise_133,89.9556738774817,87.99310195187091,0.1366985006290374,21.896158199681004,True
vector_thrust,cruise_133,89.9556738774817,87.99310195187091,0.1366985006290374,21.91496738129065,True
vector_thrust,cruise_133,89.9556738774817,87.99310195187091,0.1366985006290374,21.92168030048557,True
vector_thrust,cruise_134,89.95566705392535,87.99309527718478,0.1366984902598202,21.92168030048557,True
vector_thrust,cruise_134,89.95566705392535,87.99309527718478,0.1366984902598202,21.928393219680487,True
vector_thrust,cruise_134,89.95566705392535,87.99309527718478,0.1366984902598202,21.94720240129014,True
vector_thrust,cruise_134,89.95566705392535,87.99309527718478,0.1366984902598202,21.974382456217256,True
vector_thrust,cruise_134,89.95566705392535,87.99309527718478,0.1366984902598202,22.004550041242027,True
vector_thrust,cruise_134,89.95566705392535,87.99309527718478,0.1366984902598202,22.03173009616915,True
vector_thrust,cruise_134,89.95566705392535,87.99309527718478,0.1366984902598202,22.050539277778796,True
vector_thrust,cruise_134,89.95566705392535,87.99309527718478,0.1366984902598202,22.057252196973714,True
vector_thrust,cruise_135,89.9556599732978,87.993088351036,0.13669847949995229,22.057252196973714,True
vector_thrust,cruise_135,89.9556599732978,87.993088351036,0.13669847949995229,22.06396511616863,True
vector_thrust,cruise_135,89.9556599732978,87.993088351036,0.13669847949995229,22.082774297778283,True
vector_thrust,cruise_135,89.9556599732978,87.993088351036,0.13669847949995229,22.1099543527054,True
vector_thrust,cruise_135,89.9556599732978,87.993088351036,0.13669847949995229,22.14012193773017,True
vector_thrust,cruise_135,89.9556599732978,87.993088351036,0.13669847949995229,22.167301992657293,True
vector_thrust,cruise_135,89.9556599732978,87.993088351036,0.13669847949995229,22.18611117426694,True
vector_thrust,cruise_135,89.9556599732978,87.993088351036,0.13669847949995229,22.19282409346186,True
vector_thrust,cruise_136,89.95565261582917,87.99308115408598,0.13669846831939092,22.19282409346186,True
vector_thrust,cruise_136,89.95565261582917,87.99308115408598,0.13669846831939092,22.199537012656776,True
vector_thrust,cruise_136,89.95565261582917,87.99308115408598,0.13669846831939092,22.218346194266427,True
vector_thrust,cruise_136,89.95565261582917,87.99308115408598,0.13669846831939092,22.245526249193542,True
vector_thrust,cruise_136,89.95565261582917,87.99308115408598,0.13669846831939092,22.275693834218316,True
vector_thrust,cruise_136,89.95565261582917,87.99308115408598,0.13669846831939092,22.302873889145435,True
vector_thrust,cruise_136,89.95565261582917,87.99308115408598,0.13669846831939092,22.321683070755082,True
vector_thrust,cruise_136,89.95565261582917,87.99308115408598,0.13669846831939092,22.328395989950003,True
vector_thrust,cruise_137,89.95564495939267,87.99307366469073,0.13669845668451183,22.328395989950003,True
vector_thrust,cruise_137,89.95564495939267,87.99307366469073,0.13669845668451183,22.33510890914492,True
vector_thrust,cruise_137,89.95564495939267,87.99307366469073,0.13669845668451183,22.353918090754572,True
vector_thrust,cruise_137,89.95564495939267,87.99307366469073,0.13669845668451183,22.381098145681687,True
vector_thrust,cruise_137,89.95564495939267,87.99307366469073,0.13669845668451183,22.41126573070646,True
vector_thrust,cruise_137,89.95564495939267,87.99307366469073,0.13669845668451183,22.43844578563358,True
vector_thrust,cruise_137,89.95564495939267,87.99307366469073,0.13669845668451183,22.457254967243227,True
vector_thrust,cruise_137,89.95564495939267,87.99307366469073,0.13669845668451183,22.463967886438144,True
vector_thrust,cruise_138,89.95563697911577,87.99306585852032,0.13669844455751817,22.463967886438144,True
vector_thrust,cruise_138,89.95563697911577,87.99306585852032,0.13669844455751817,22.470680805633062,True
vector_thrust,cruise_138,89.95563697911577,87.99306585852032,0.13669844455751817,22.489489987242717,True
vector_thrust,cruise_138,89.95563697911577,87.99306585852032,0.13669844455751817,22.51667004216983,True
vector_thrust,cruise_138,89.95563697911577,87.99306585852032,0.13669844455751817,22.546837627194602,True
vector_thrust,cruise_138,89.95563697911577,87.99306585852032,0.13669844455751817,22.574017682121724,True
vector_thrust,cruise_138,89.95563697911577,87.99306585852032,0.13669844455751817,22.59282686373137,True
vector_thrust,cruise_138,89.95563697911577,87.99306585852032,0.13669844455751817,22.59953978292629,True
vector_thrust,cruise_139,89.95562864690767,87.99305770809684,0.13669843189572256,22.59953978292629,True
vector_thrust,cruise_139,89.95562864690767,87.99305770809684,0.13669843189572256,22.606252702121207,True
vector_thrust,cruise_139,89.95562864690767,87.99305770809684,0.13669843189572256,22.625061883730858,True
vector_thrust,cruise_139,89.95562864690767,87.99305770809684,0.13669843189572256,22.652241938657976,True
vector_thrust,cruise_139,89.95562864690767,87.99305770809684,0.13669843189572256,22.682409523682747,True
vector_thrust,cruise_139,89.95562864690767,87.99305770809684,0.13669843189572256,22.709589578609865,True
vector_thrust,cruise_139,89.95562864690767,87.99305770809684,0.13669843189572256,22.728398760219516,True
vector_thrust,cruise_139,89.95562864690767,87.99305770809684,0.13669843189572256,22.735111679414434,True
vector_thrust,cruise_140,89.9556199308813,87.99304918222889,0.1366984186506688,22.735111679414434,True
vector_thrust,cruise_140,89.9556199308813,87.99304918222889,0.1366984186506688,22.74182459860935,True
vector_thrust,cruise_140,89.9556199308813,87.99304918222889,0.1366984186506688,22.760633780219003,True
vector_thrust,cruise_140,89.9556199308813,87.99304918222889,0.1366984186506688,22.787813835146117,True
vector_thrust,cruise_140,89.9556199308813,87.99304918222889,0.1366984186506688,22.81798142017089,True
vector_thrust,cruise_140,89.9556199308813,87.99304918222889,0.1366984186506688,22.84516147509801,True
vector_thrust,cruise_140,89.9556199308813,87.99304918222889,0.1366984186506688,22.863970656707657,True
vector_thrust,cruise_140,89.9556199308813,87.99304918222889,0.1366984186506688,22.870683575902575,True
vector_thrust,cruise_141,89.95561079463914,87.99304024531303,0.13669840476704648,22.870683575902575,True
vector_thrust,cruise_141,89.95561079463914,87.99304024531303,0.13669840476704648,22.877396495097496,True
vector_thrust,cruise_141,89.95561079463914,87.99304024531303,0.13669840476704648,22.896205676707147,True
vector_thrust,cruise_141,89.95561079463914,87.99304024531303,0.13669840476704648,22.923385731634262,True
vector_thrust,cruise_141,89.95561079463914,87.99304024531303,0.13669840476704648,22.953553316659036,True
vector_thrust,cruise_141,89.95561079463914,87.99304024531303,0.13669840476704648,22.980733371586155,True
vector_thrust,cruise_141,89.95561079463914,87.99304024531303,0.13669840476704648,22.999542553195802,True
vector_thrust,cruise_141,89.95561079463914,87.99304024531303,0.13669840476704648,23.00625547239072,True
vector_thrust,cruise_142,89.95560119638361,87.9930308564636,0.13669839018133906,23.00625547239072,True
vector_thrust,cruise_142,89.95560119638361,87.9930308564636,0.13669839018133906,23.012968391585638,True
vector_thrust,cruise_142,89.95560119638361,87.9930308564636,0.13669839018133906,23.031777573195292,True
vector_thrust,cruise_142,89.95560119638361,87.9930308564636,0.13669839018133906,23.058957628122407,True
vector_thrust,cruise_142,89.95560119638361,87.9930308564636,0.13669839018133906,23.089125213147177,True
vector_thrust,cruise_142,89.95560119638361,87.9930308564636,0.13669839018133906,23.1163052680743,True
vector_thrust,cruise_142,89.95560119638361,87.9930308564636,0.13669839018133906,23.135114449683947,True
vector_thrust,cruise_142,89.95560119638361,87.9930308564636,0.13669839018133906,23.141827368878864,True
vector_thrust,cruise_143,89.95559108779693,87.99302096841697,0.1366983748201219,23.141827368878864,True
vector_thrust,cruise_143,89.95559108779693,87.99302096841697,0.1366983748201219,23.148540288073782,True
vector_thrust,cruise_143,89.95559108779693,87.99302096841697,0.1366983748201219,23.167349469683433,True
vector_thrust,cruise_143,89.95559108779693,87.99302096841697,0.1366983748201219,23.19452952461055,True
vector_thrust,cruise_143,89.95559108779693,87.99302096841697,0.1366983748201219,23.224697109635322,True
vector_thrust,cruise_143,89.95559108779693,87.99302096841697,0.1366983748201219,23.25187716456244,True
vector_thrust,cruise_143,89.95559108779693,87.99302096841697,0.1366983748201219,23.27068634617209,True
vector_thrust,cruise_143,89.95559108779693,87.99302096841697,0.1366983748201219,23.27739926536701,True
vector_thrust,cruise_144,89.95558041261576,87.9930105261373,0.136698358597896,23.27739926536701,True
vector_thrust,cruise_144,89.95558041261576,87.9930105261373,0.136698358597896,23.284112184561927,True
vector_thrust,cruise_144,89.95558041261576,87.9930105261373,0.136698358597896,23.302921366171578,True
vector_thrust,cruise_144,89.95558041261576,87.9930105261373,0.136698358597896,23.330101421098693,True
vector_thrust,cruise_144,89.95558041261576,87.9930105261373,0.136698358597896,23.360269006123467,True
vector_thrust,cruise_144,89.95558041261576,87.9930105261373,0.136698358597896,23.387449061050585,True
vector_thrust,cruise_144,89.95558041261576,87.9930105261373,0.136698358597896,23.406258242660233,True
vector_thrust,cruise_144,89.95558041261576,87.9930105261373,0.136698358597896,23.41297116185515,True
vector_thrust,cruise_145,89.95556910479408,87.9929994650195,0.13669834141429654,23.41297116185515,True
vector_thrust,cruise_145,89.95556910479408,87.9929994650195,0.13669834141429654,23.41968408105007,True
vector_thrust,cruise_145,89.95556910479408,87.9929994650195,0.13669834141429654,23.438493262659723,True
vector_thrust,cruise_145,89.95556910479408,87.9929994650195,0.13669834141429654,23.465673317586837,True
vector_thrust,cruise_145,89.95556910479408,87.9929994650195,0.13669834141429654,23.49584090261161,True
vector_thrust,cruise_145,89.95556910479408,87.9929994650195,0.13669834141429654,23.52302095753873,True
vector_thrust,cruise_145,89.95556910479408,87.9929994650195,0.13669834141429654,23.541830139148377,True
vector_thrust,cruise_145,89.95556910479408,87.9929994650195,0.13669834141429654,23.548543058343295,True
vector_thrust,cruise_146,89.95555708610445,87.99298770854281,0.13669832315044747,23.548543058343295,True
vector_thrust,cruise_146,89.95555708610445,87.99298770854281,0.13669832315044747,23.555255977538213,True
vector_thrust,cruise_146,89.95555708610445,87.99298770854281,0.13669832315044747,23.574065159147864,True
vector_thrust,cruise_146,89.95555708610445,87.99298770854281,0.13669832315044747,23.601245214074982,True
vector_thrust,cruise_146,89.95555708610445,87.99298770854281,0.13669832315044747,23.631412799099753,True
vector_thrust,cruise_146,89.95555708610445,87.99298770854281,0.13669832315044747,23.658592854026875,True
vector_thrust,cruise_146,89.95555708610445,87.99298770854281,0.13669832315044747,23.677402035636522,True
vector_thrust,cruise_146,89.95555708610445,87.99298770854281,0.13669832315044747,23.68411495483144,True
vector_thrust,cruise_147,89.95554426295736,87.9929751651596,0.13669830366412822,23.68411495483144,True
vector_thrust,cruise_147,89.95554426295736,87.9929751651596,0.13669830366412822,23.690827874026358,True
vector_thrust,cruise_147,89.95554426295736,87.9929751651596,0.13669830366412822,23.70963705563601,True
vector_thrust,cruise_147,89.95554426295736,87.9929751651596,0.13669830366412822,23.736817110563123,True
vector_thrust,cruise_147,89.95554426295736,87.9929751651596,0.13669830366412822,23.766984695587897,True
vector_thrust,cruise_147,89.95554426295736,87.9929751651596,0.13669830366412822,23.794164750515016,True
vector_thrust,cruise_147,89.95554426295736,87.9929751651596,0.13669830366412822,23.812973932124663,True
vector_thrust,cruise_147,89.95554426295736,87.9929751651596,0.13669830366412822,23.819686851319585,True
vector_thrust,cruise_148,89.9555305221127,87.99296172410031,0.13669828278325674,23.819686851319585,True
vector_thrust,cruise_148,89.9555305221127,87.99296172410031,0.13669828278325674,23.826399770514502,True
vector_thrust,cruise_148,89.9555305221127,87.99296172410031,0.13669828278325674,23.845208952124153,True
vector_thrust,cruise_148,89.9555305221127,87.99296172410031,0.13669828278325674,23.872389007051268,True
vector_thrust,cruise_148,89.9555305221127,87.99296172410031,0.13669828278325674,23.902556592076042,True
vector_thrust,cruise_148,89.9555305221127,87.99296172410031,0.13669828278325674,23.92973664700316,True
vector_thrust,cruise_148,89.9555305221127,87.99296172410031,0.13669828278325674,23.948545828612808,True
vector_thrust,cruise_148,89.9555305221127,87.99296172410031,0.13669828278325674,23.955258747807726,True
vector_thrust,cruise_149,89.95551572478605,87.99294724960845,0.13669826029693347,23.955258747807726,True
vector_thrust,cruise_149,89.95551572478605,87.99294724960845,0.13669826029693347,23.961971667002643,True
vector_thrust,cruise_149,89.95551572478605,87.99294724960845,0.13669826029693347,23.980780848612298,True
vector_thrust,cruise_149,89.95551572478605,87.99294724960845,0.13669826029693347,24.007960903539413,True
vector_thrust,cruise_149,89.95551572478605,87.99294724960845,0.13669826029693347,24.038128488564183,True
vector_thrust,cruise_149,89.95551572478605,87.99294724960845,0.13669826029693347,24.065308543491305,True
vector_thrust,cruise_149,89.95551572478605,87.99294724960845,0.13669826029693347,24.084117725100953,True
vector_thrust,cruise_149,89.95551572478605,87.99294724960845,0.13669826029693347,24.09083064429587,True
vector_thrust,cruise_150,89.95549969837224,87.99293157284448,0.13669823594286387,24.09083064429587,True
vector_thrust,cruise_150,89.95549969837224,87.99293157284448,0.13669823594286387,24.097543563490788,True
vector_thrust,cruise_150,89.95549969837224,87.99293157284448,0.13669823594286387,24.11635274510044,True
vector_thrust,cruise_150,89.95549969837224,87.99293157284448,0.13669823594286387,24.143532800027558,True
vector_thrust,cruise_150,89.95549969837224,87.99293157284448,0.13669823594286387,24.173700385052328,True
vector_thrust,cruise_150,89.95549969837224,87.99293157284448,0.13669823594286387,24.20088043997945,True
vector_thrust,cruise_150,89.95549969837224,87.99293157284448,0.13669823594286387,24.219689621589097,True
vector_thrust,cruise_150,89.95549969837224,87.99293157284448,0.13669823594286387,24.226402540784015,True
vector_thrust,cruise_151,89.95548222453,87.99291448023082,0.1366982093892522,24.226402540784015,True
vector_thrust,cruise_151,89.95548222453,87.99291448023082,0.1366982093892522,24.233115459978933,True
vector_thrust,cruise_151,89.95548222453,87.99291448023082,0.1366982093892522,24.251924641588584,True
vector_thrust,cruise_151,89.95548222453,87.99291448023082,0.1366982093892522,24.2791046965157,True
vector_thrust,cruise_151,89.95548222453,87.99291448023082,0.1366982093892522,24.309272281540473,True
vector_thrust,cruise_151,89.95548222453,87.99291448023082,0.1366982093892522,24.33645233646759,True
vector_thrust,cruise_151,89.95548222453,87.99291448023082,0.1366982093892522,24.35526151807724,True
vector_thrust,cruise_151,89.95548222453,87.99291448023082,0.1366982093892522,24.36197443727216,True
vector_thrust,cruise_152,89.95546302152711,87.99289569618175,0.13669818020797225,24.36197443727216,True
vector_thrust,cruise_152,89.95546302152711,87.99289569618175,0.13669818020797225,24.368687356467078,True
vector_thrust,cruise_152,89.95546302152711,87.99289569618175,0.13669818020797225,24.38749653807673,True
vector_thrust,cruise_152,89.95546302152711,87.99289569618175,0.13669818020797225,24.414676593003843,True
vector_thrust,cruise_152,89.95546302152711,87.99289569618175,0.13669818020797225,24.444844178028617,True
vector_thrust,cruise_152,89.95546302152711,87.99289569618175,0.13669818020797225,24.472024232955736,True
vector_thrust,cruise_152,89.95546302152711,87.99289569618175,0.13669818020797225,24.490833414565383,True
vector_thrust,cruise_152,89.95546302152711,87.99289569618175,0.13669818020797225,24.4975463337603,True
vector_thrust,cruise_153,89.95544171718137,87.99287485663505,0.1366981478334483,24.4975463337603,True
vector_thrust,cruise_153,89.95544171718137,87.99287485663505,0.1366981478334483,24.50425925295522,True
vector_thrust,cruise_153,89.95544171718137,87.99287485663505,0.1366981478334483,24.523068434564873,True
vector_thrust,cruise_153,89.95544171718137,87.99287485663505,0.1366981478334483,24.550248489491988,True
vector_thrust,cruise_153,89.95544171718137,87.99287485663505,0.1366981478334483,24.58041607451676,True
vector_thrust,cruise_153,89.95544171718137,87.99287485663505,0.1366981478334483,24.60759612944388,True
vector_thrust,cruise_153,89.95544171718137,87.99287485663505,0.1366981478334483,24.626405311053528,True
vector_thrust,cruise_153,89.95544171718137,87.99287485663505,0.1366981478334483,24.633118230248446,True
vector_thrust,cruise_154,89.95541780568239,87.99285146681562,0.13669811149704036,24.633118230248446,True
vector_thrust,cruise_154,89.95541780568239,87.99285146681562,0.13669811149704036,24.639831149443364,True
vector_thrust,cruise_154,89.95541780568239,87.99285146681562,0.13669811149704036,24.658640331053014,True
vector_thrust,cruise_154,89.95541780568239,87.99285146681562,0.13669811149704036,24.685820385980133,True
vector_thrust,cruise_154,89.95541780568239,87.99285146681562,0.13669811149704036,24.715987971004903,True
vector_thrust,cruise_154,89.95541780568239,87.99285146681562,0.13669811149704036,24.74316802593202,True
vector_thrust,cruise_154,89.95541780568239,87.99285146681562,0.13669811149704036,24.761977207541673,True
vector_thrust,cruise_154,89.95541780568239,87.99285146681562,0.13669811149704036,24.76869012673659,True
vector_thrust,cruise_155,89.9447601186714,87.98242629962711,0.13668191585565637,24.76869012673659,True
vector_thrust,cruise_155,89.9447601186714,87.98242629962711,0.13668191585565637,24.775403045931508,True
vector_thrust,cruise_155,89.9447601186714,87.98242629962711,0.13668191585565637,24.79421222754116,True
vector_thrust,cruise_155,89.9447601186714,87.98242629962711,0.13668191585565637,24.821392282468274,True
vector_thrust,cruise_155,89.9447601186714,87.98242629962711,0.13668191585565637,24.851559867493048,True
vector_thrust,cruise_155,89.9447601186714,87.98242629962711,0.13668191585565637,24.878739922420166,True
vector_thrust,cruise_155,89.9447601186714,87.98242629962711,0.13668191585565637,24.897549104029814,True
vector_thrust,cruise_155,89.9447601186714,87.98242629962711,0.13668191585565637,24.90426202322473,True
vector_thrust,cruise_156,89.95302656096489,87.99051239212308,0.13669447771216134,24.90426202322473,True
vector_thrust,cruise_156,89.95302656096489,87.99051239212308,0.13669447771216134,24.910974942419653,True
vector_thrust,cruise_156,89.95302656096489,87.99051239212308,0.13669447771216134,24.929784124029304,True
vector_thrust,cruise_156,89.95302656096489,87.99051239212308,0.13669447771216134,24.95696417895642,True
vector_thrust,cruise_156,89.95302656096489,87.99051239212308,0.13669447771216134,24.987131763981193,True
vector_thrust,cruise_156,89.95302656096489,87.99051239212308,0.13669447771216134,25.01431181890831,True
vector_thrust,cruise_156,89.95302656096489,87.99051239212308,0.13669447771216134,25.03312100051796,True
vector_thrust,cruise_156,89.95302656096489,87.99051239212308,0.13669447771216134,25.039833919712876,True
vector_thrust,cruise_157,89.94502011013556,87.98268061883151,0.13668231094405708,25.039833919712876,True
vector_thrust,cruise_157,89.94502011013556,87.98268061883151,0.13668231094405708,25.046546838907794,True
vector_thrust,cruise_157,89.94502011013556,87.98268061883151,0.13668231094405708,25.06535602051745,True
vector_thrust,cruise_157,89.94502011013556,87.98268061883151,0.13668231094405708,25.092536075444563,True
vector_thrust,cruise_157,89.94502011013556,87.98268061883151,0.13668231094405708,25.122703660469334,True
vector_thrust,cruise_157,89.94502011013556,87.98268061883151,0.13668231094405708,25.149883715396456,True
vector_thrust,cruise_157,89.94502011013556,87.98268061883151,0.13668231094405708,25.168692897006103,True
vector_thrust,cruise_157,89.94502011013556,87.98268061883151,0.13668231094405708,25.17540581620102,True
vector_thrust,cruise_158,89.95184690217982,87.98935847007161,0.13669268507829824,25.17540581620102,True
vector_thrust,cruise_158,89.95184690217982,87.98935847007161,0.13669268507829824,25.18211873539594,True
vector_thrust,cruise_158,89.95184690217982,87.98935847007161,0.13669268507829824,25.20092791700559,True
vector_thrust,cruise_158,89.95184690217982,87.98935847007161,0.13669268507829824,25.228107971932708,True
vector_thrust,cruise_158,89.95184690217982,87.98935847007161,0.13669268507829824,25.25827555695748,True
vector_thrust,cruise_158,89.95184690217982,87.98935847007161,0.13669268507829824,25.285455611884597,True
vector_thrust,cruise_158,89.95184690217982,87.98935847007161,0.13669268507829824,25.304264793494248,True
vector_thrust,cruise_158,89.95184690217982,87.98935847007161,0.13669268507829824,25.310977712689166,True
vector_thrust,cruise_159,89.94545485833633,87.98310588208736,0.13668297159640547,25.310977712689166,True
vector_thrust,cruise_159,89.94545485833633,87.98310588208736,0.13668297159640547,25.327866655804904,True
vector_thrust,cruise_159,89.94545485833633,87.98310588208736,0.13668297159640547,25.375188422838754,True
vector_thrust,cruise_159,89.94545485833633,87.98310588208736,0.13668297159640547,25.44357035746628,True
vector_thrust,cruise_159,89.94545485833633,87.98310588208736,0.13668297159640547,25.519468578885103,True
vector_thrust,cruise_159,89.94545485833633,87.98310588208736,0.13668297159640547,25.587850513512628,True
vector_thrust,cruise_159,89.94545485833633,87.98310588208736,0.13668297159640547,25.63517228054648,True
vector_thrust,cruise_159,89.94545485833633,87.98310588208736,0.13668297159640547,25.65206122366222,True
vector_thrust,decel_descend,77.42284015415977,75.73369831420695,0.11765334755793126,25.65206122366222,False
vector_thrust,decel_descend,77.42284015415977,75.8002291788609,0.11762907511710896,25.770898582179317,False
vector_thrust,decel_descend,77.42284015415977,75.9868114866303,0.11756114444933259,26.103873461431743,False
vector_thrust,decel_descend,77.42284015415977,76.2568655743193,0.11746318746630073,26.58503610291464,False
vector_thrust,decel_descend,77.42284015415977,76.55720499430753,0.11735474698457143,27.119086344409794,False
vector_thrust,decel_descend,77.42284015415977,76.82834399792918,0.11725729987998963,27.600248985892698,False
vector_thrust,decel_descend,77.42284015415977,77.01627917359319,0.11719000502624115,27.933223865145123,False
vector_thrust,decel_descend,77.42284015415977,77.08341212105017,0.11716601555142299,28.05206122366222,False
vector_thrust,arrival_terminal_procedure,73.7017220908582,73.37860774222052,0.11153474994549381,28.05206122366222,False
vector_thrust,arrival_terminal_procedure,73.7017220908582,73.37860774222052,0.11153474994549381,28.090413100726792,False
vector_thrust,arrival_terminal_procedure,73.7017220908582,73.37860774222052,0.11153474994549381,28.197872672312972,False
vector_thrust,arrival_terminal_procedure,73.7017220908582,73.37860774222052,0.11153474994549381,28.353156252362957,False
vector_thrust,arrival_terminal_procedure,73.7017220908582,73.37860774222052,0.11153474994549381,28.52550802341971,False
vector_thrust,arrival_terminal_procedure,73.7017220908582,73.37860774222052,0.11153474994549381,28.680791603469693,False
vector_thrust,arrival_terminal_procedure,73.7017220908582,73.37860774222052,0.11153474994549381,28.788251175055873,False
vector_thrust,arrival_terminal_procedure,73.7017220908582,73.37860774222052,0.11153474994549381,28.826603052120447,False
vector_thrust,second_descent,72.2056160222934,71.88906072443666,0.10927065337467556,28.826603052120447,False
vector_thrust,second_descent,72.2056160222934,71.90210797531174,0.10926599406335072,28.851360835144842,False
vector_thrust,second_descent,72.2056160222934,71.93867232722114,0.10925294210770865,28.920730601655762,False
vector_thrust,second_descent,72.2056160222934,71.99152696855819,0.10923408966891514,29.020972818631368,False
vector_thrust,second_descent,72.2056160222934,72.050215585477,0.10921317635783144,29.132233285609527,False
vector_thrust,second_descent,72.2056160222934,72.10311417894732,0.1091943443031568,29.23247550258513,False
vector_thrust,second_descent,72.2056160222934,72.13973333827015,0.10918131776610554,29.30184526909605,False
vector_thrust,second_descent,72.2056160222934,72.15280498073878,0.1091766697671215,29.326603052120447,False
vector_thrust,hover_descent,2.596200263466373,2.5943014078433464,0.003925518739792607,29.326603052120447,False
vector_thrust,hover_descent,2.596200263466373,2.5943954132216986,0.0039254853179598835,29.33601975339498,False
vector_thrust,hover_descent,2.596200263466373,2.594658820174259,0.003925391676570145,29.362404764042886,False
vector_thrust,hover_descent,2.596200263466373,2.5950394795994662,0.003925256372569441,29.400532209114438,False
vector_thrust,hover_descent,2.596200263466373,2.5954620147731093,0.0039251062126879665,29.44285048051078,False
vector_thrust,hover_descent,2.596200263466373,2.5958427374223776,0.003924970937929247,29.480977925582327,False
vector_thrust,hover_descent,2.596200263466373,2.5961062232140546,0.003924877333003665,29.507362936230237,False
vector_thrust,hover_descent,2.596200263466373,2.596200263679113,0.0039248439273990195,29.516779637504772,False
