eVTOL_type,mission_segment,altitude_ft,air_speed_mph,pitch_angle_deg,range_nmi,time_min,fesibility
lift_and_cruse,hover_climb,0.0,4.5843864800397025,0.0,0.0,0.0,True
lift_and_cruse,hover_climb,2.475778302439521,4.5843864800397025,0.0,0.0,0.006136883194381117,True
lift_and_cruse,hover_climb,9.412754953531659,4.5843864800397025,0.0,0.0,0.023332047796944106,True
lift_and_cruse,hover_climb,19.436976651092134,4.5843864800397025,0.0,0.0,0.04817978057329685,True
lift_and_cruse,hover_climb,30.563023348907855,4.5843864800397025,0.0,0.0,0.07575868330963859,True
lift_and_cruse,hover_climb,40.587245046468325,4.5843864800397025,0.0,0.0,0.10060641608599132,True
lift_and_cruse,hover_climb,47.52422169756047,4.5843864800397025,0.0,0.0,0.11780158068855433,True
lift_and_cruse,hover_climb,49.99999999999999,4.5843864800397025,0.0,0.0,0.12393846388293545,True
lift_and_cruse,dep_transition,49.99999999999999,66.51155520780183,5.0,0.0,0.12393846388293545,True
lift_and_cruse,dep_transition,50.4951556604879,66.5654274022252,5.09903113209758,0.0007693673411612662,0.12474123140943594,True
lift_and_cruse,dep_transition,51.88255099070633,66.7163739366906,5.376510198141267,0.002928404593871983,0.1269905360350164,True
lift_and_cruse,dep_transition,53.887395330218425,66.93449799880942,5.777479066043686,0.006056943130440026,0.1302408753926697,True
lift_and_cruse,dep_transition,56.11260466978156,67.17659744296297,6.222520933956314,0.00954131611410747,0.13384847990981638,True
lift_and_cruse,dep_transition,58.117449009293665,67.39472150508179,6.623489801858734,0.012691400742428695,0.1370988192674697,True
lift_and_cruse,dep_transition,59.50484433951209,67.5456680395472,6.900968867902419,0.01487730553209545,0.13934812389305015,True
lift_and_cruse,dep_transition,59.99999999999999,67.59954023397054,7.0,0.015658630052089843,0.14015089141955067,True
lift_and_cruse,second_climb,59.99999999999999,81.47882654391005,15.014951499245356,0.015658630052089843,0.14015089141955067,True
lift_and_cruse,second_climb,71.8837358517097,81.47882654391005,15.018761500318792,0.04363722412811834,0.16391836312297003,True
lift_and_cruse,second_climb,105.18122377695195,81.47882654391005,15.02944591334515,0.1220315026645081,0.2305133389734545,True
lift_and_cruse,second_climb,153.29748792524222,81.47882654391005,15.04490888853857,0.23531451735439585,0.326745867270035,True
lift_and_cruse,second_climb,206.70251207475772,81.47882654391005,15.062104182579748,0.36104917781344825,0.4335559155690658,True
lift_and_cruse,second_climb,254.818776223048,81.47882654391005,15.077626147725159,0.4743321925033359,0.5297884438656463,True
lift_and_cruse,second_climb,288.11626414829027,81.47882654391005,15.088384120411348,0.5527264710397255,0.5963834197161306,True
lift_and_cruse,second_climb,299.99999999999994,81.47882654391005,15.092226858753104,0.5807050651157539,0.6201508914195502,True
lift_and_cruse,departure_terminal_procedures,299.99999999999994,88.50669057221282,9.533259957775936,0.5807050651157539,0.6201508914195502,True
lift_and_cruse,departure_terminal_procedures,299.99999999999994,88.50669057221282,9.53325995777602,0.6277780726906941,0.6568739793513261,True
lift_and_cruse,departure_terminal_procedures,299.99999999999994,88.50669057221282,9.533259957776027,0.7596737089527456,0.7597697852026483,True
lift_and_cruse,departure_terminal_procedures,299.99999999999994,88.50669057221282,9.533259957776018,0.9502684255463851,0.908458532690418,True
lift_and_cruse,departure_terminal_procedures,299.99999999999994,88.50669057221282,9.533259957776018,1.1618126013594414,1.0734905918268651,True
lift_and_cruse,departure_terminal_procedures,299.99999999999994,88.50669057221282,9.533259957776014,1.352407317953081,1.2221793393146352,True
lift_and_cruse,departure_terminal_procedures,299.99999999999994,88.50669057221282,9.533259957776018,1.4843029542151318,1.3250751451659573,True
lift_and_cruse,departure_terminal_procedures,299.99999999999994,88.50669057221282,9.533259957776023,1.5313759617900722,1.3617982330977332,True
lift_and_cruse,accel_climb,299.99999999999994,81.27210135787676,15.131105756204438,1.5313759617900722,1.3617982330977332,True
lift_and_cruse,accel_climb,359.4186792585485,82.69457952053378,14.704518038113036,1.6721393554789528,1.4806355916148302,True
lift_and_cruse,accel_climb,525.9061188847598,86.68027476284078,13.61129712192253,2.0796202309813165,1.8136104708672525,True
lift_and_cruse,accel_climb,766.4874396262113,92.4397712607146,12.254319329799479,2.702474870621723,2.294773112350155,True
lift_and_cruse,accel_climb,1033.5125603737886,98.83233009716218,10.995934758858791,3.440875919582109,2.8288233538453094,True
lift_and_cruse,accel_climb,1274.09388111524,104.591826595036,10.039087157432682,4.148564558058967,3.3099859953282116,True
lift_and_cruse,accel_climb,1440.5813207414515,108.57752183734299,9.457001374444992,4.661833347501919,3.642960874580634,True
lift_and_cruse,accel_climb,1500.0,110.00000000000003,9.263101406385482,4.849677388637157,3.761798233097731,True
lift_and_cruse,cruise_0,1500.0,109.6098783106657,6.4025443285699986,4.849677388637157,3.761798233097731,True
lift_and_cruse,cruise_0,1500.0,109.6098783106657,6.402544328566593,4.856227773994583,3.765924530268464,True
lift_and_cruse,cruise_0,1500.0,109.6098783106657,6.402544328566595,4.87458154591162,3.7774861580202836,True
lift_and_cruse,cruise_0,1500.0,109.6098783106657,6.402544328566337,4.901103514765857,3.794193194182885,True
lift_and_cruse,cruise_0,1500.0,109.6098783106657,6.4025443285656,4.930540679355109,3.812736605345911,True
lift_and_cruse,cruise_0,1500.0,109.6098783106657,6.402544328566549,4.957062648209345,3.829443641508512,True
lift_and_cruse,cruise_0,1500.0,109.6098783106657,6.402544328565493,4.975416420126383,3.841005269260332,True
lift_and_cruse,cruise_0,1500.0,109.6098783106657,6.402544328566597,4.981966805483808,3.8451315664310646,True
lift_and_cruse,cruise_1,1500.0,121.45743674768401,6.9868581046562594,4.981966805483808,3.8451315664310646,False
lift_and_cruse,cruise_1,1500.0,121.45743674768401,15.655992780678456,4.9892252116373825,3.8492578636017973,False
lift_and_cruse,cruise_1,1500.0,121.45743674768401,15.695548394945531,5.009562813740878,3.860819491353617,False
lift_and_cruse,cruise_1,1500.0,121.45743674768401,15.586307912764113,5.0389515002733765,3.8775265275162183,False
lift_and_cruse,cruise_1,1500.0,121.45743674768401,15.758083584402803,5.07157048143853,3.896069938679244,False
lift_and_cruse,cruise_1,1500.0,121.45743674768401,15.57736186752318,5.1009591679710296,3.9127769748418455,False
lift_and_cruse,cruise_1,1500.0,121.45743674768401,15.789041860042484,5.121296770074524,3.9243386025936653,False
lift_and_cruse,cruise_1,1500.0,121.45743674768401,15.735208912484236,5.128555176228098,3.928464899764398,False
lift_and_cruse,cruise_2,1500.0,111.03259970773789,6.237537542453356,5.128555176228098,3.928464899764398,True
lift_and_cruse,cruise_2,1500.0,111.03259970773789,6.237537542453391,5.135190584701604,3.9325911969351304,True
lift_and_cruse,cruise_2,1500.0,111.03259970773789,6.237537542453383,5.153782586096,3.9441528246869506,True
lift_and_cruse,cruise_2,1500.0,111.03259970773789,6.237537542453352,5.180648806519192,3.9608598608495518,True
lift_and_cruse,cruise_2,1500.0,111.03259970773789,6.237537542453347,5.210468061523795,3.9794032720125774,True
lift_and_cruse,cruise_2,1500.0,111.03259970773789,6.237537542453312,5.237334281946986,3.9961103081751785,True
lift_and_cruse,cruise_2,1500.0,111.03259970773789,6.237537542453437,5.255926283341382,4.007671935926998,True
lift_and_cruse,cruise_2,1500.0,111.03259970773789,6.237537542453395,5.262561691814888,4.011798233097731,True
lift_and_cruse,cruise_3,1500.0,111.03252332185592,6.237546230170996,5.262561691814888,4.011798233097731,True
lift_and_cruse,cruise_3,1500.0,111.03252332185592,6.237546230283175,5.269197095723504,4.015924530268464,True
lift_and_cruse,cruise_3,1500.0,111.03252332185592,6.237546230284352,5.287789084327365,4.027486158020284,True
lift_and_cruse,cruise_3,1500.0,111.03252332185592,6.237546230286601,5.314655286267697,4.044193194182885,True
lift_and_cruse,cruise_3,1500.0,111.03252332185592,6.237546230287746,5.344474520757874,4.06273660534591,True
lift_and_cruse,cruise_3,1500.0,111.03252332185592,6.2375462302889355,5.371340722698207,4.079443641508512,True
lift_and_cruse,cruise_3,1500.0,111.03252332185592,6.237546230290922,5.389932711302066,4.091005269260332,True
lift_and_cruse,cruise_3,1500.0,111.03252332185592,6.237546230290971,5.396568115210682,4.095131566431064,True
lift_and_cruse,cruise_4,1500.0,111.03244665290629,6.237554950480096,5.396568115210682,4.095131566431064,True
lift_and_cruse,cruise_4,1500.0,111.03244665290629,6.237554950124424,5.403203514537493,4.099257863601797,True
lift_and_cruse,cruise_4,1500.0,111.03244665290629,6.237554950094956,5.42179549030342,4.110819491353617,True
lift_and_cruse,cruise_4,1500.0,111.03244665290629,6.237554950086504,5.448661673692398,4.127526527516219,True
lift_and_cruse,cruise_4,1500.0,111.03244665290629,6.237554950079295,5.478480887592129,4.146069938679244,True
lift_and_cruse,cruise_4,1500.0,111.03244665290629,6.237554950076372,5.505347070981108,4.1627769748418455,True
lift_and_cruse,cruise_4,1500.0,111.03244665290629,6.237554950439376,5.523939046747034,4.174338602593665,True
lift_and_cruse,cruise_4,1500.0,111.03244665290629,6.2375549506758485,5.530574446073845,4.178464899764398,True
lift_and_cruse,cruise_5,1500.0,111.03236969881037,6.237563702473452,5.530574446073845,4.178464899764398,True
lift_and_cruse,cruise_5,1500.0,111.03236969881037,6.2375637024734525,5.537209840801809,4.182591196935131,True
lift_and_cruse,cruise_5,1500.0,111.03236969881037,6.237563702473221,5.555801803682054,4.194152824686951,True
lift_and_cruse,cruise_5,1500.0,111.03236969881037,6.23756370247345,5.582667968450685,4.210859860849552,True
lift_and_cruse,cruise_5,1500.0,111.03236969881037,6.237563702474261,5.612487161683387,4.229403272012577,True
lift_and_cruse,cruise_5,1500.0,111.03236969881037,6.237563702475045,5.639353326452018,4.2461103081751785,True
lift_and_cruse,cruise_5,1500.0,111.03236969881037,6.237563702473449,5.657945289332263,4.257671935926998,True
lift_and_cruse,cruise_5,1500.0,111.03236969881037,6.237563702473453,5.664580684060227,4.261798233097731,True
lift_and_cruse,cruise_6,1500.0,111.03229245746661,6.23757248753928,5.664580684060227,4.261798233097731,True
lift_and_cruse,cruise_6,1500.0,111.03229245746661,6.237572487539232,5.671216074172179,4.265924530268464,True
lift_and_cruse,cruise_6,1500.0,111.03229245746661,6.237572487539244,5.689808024118644,4.277486158020284,True
lift_and_cruse,cruise_6,1500.0,111.03229245746661,6.237572487539257,5.716674170197422,4.294193194182885,True
lift_and_cruse,cruise_6,1500.0,111.03229245746661,6.237572487539275,5.746493342685952,4.31273660534591,True
lift_and_cruse,cruise_6,1500.0,111.03229245746661,6.23757248753928,5.77335948876473,4.329443641508512,True
lift_and_cruse,cruise_6,1500.0,111.03229245746661,6.23757248753928,5.791951438711195,4.341005269260332,True
lift_and_cruse,cruise_6,1500.0,111.03229245746661,6.23757248753928,5.798586828823147,4.345131566431064,True
lift_and_cruse,cruise_7,1500.0,111.03221492675019,6.2375813055353175,5.798586828823147,4.345131566431064,True
lift_and_cruse,cruise_7,1500.0,111.03221492675019,6.237581305534784,5.805222214301794,4.349257863601796,True
lift_and_cruse,cruise_7,1500.0,111.03221492675019,6.237581305535101,5.823814151266025,4.360819491353617,True
lift_and_cruse,cruise_7,1500.0,111.03221492675019,6.237581305535598,5.850680278584932,4.377526527516217,True
lift_and_cruse,cruise_7,1500.0,111.03221492675019,6.237581305535526,5.880499430251575,4.396069938679244,True
lift_and_cruse,cruise_7,1500.0,111.03221492675019,6.237581305535587,5.907365557570482,4.412776974841845,True
lift_and_cruse,cruise_7,1500.0,111.03221492675019,6.237581305535634,5.925957494534712,4.424338602593665,True
lift_and_cruse,cruise_7,1500.0,111.03221492675019,6.237581305535599,5.932592880013359,4.428464899764397,True
lift_and_cruse,cruise_8,1500.0,111.03213710451274,6.237590156706964,5.932592880013359,4.428464899764397,True
lift_and_cruse,cruise_8,1500.0,111.03213710451274,6.237590156706964,5.939228260841278,4.43259119693513,True
lift_and_cruse,cruise_8,1500.0,111.03213710451274,6.237590156706601,5.957820184774461,4.444152824686951,True
lift_and_cruse,cruise_8,1500.0,111.03213710451274,6.237590156706962,5.984686293262958,4.460859860849551,True
lift_and_cruse,cruise_8,1500.0,111.03213710451274,6.237590156706963,6.014505424029423,4.479403272012577,True
lift_and_cruse,cruise_8,1500.0,111.03213710451274,6.2375901567068865,6.041371532517919,4.496110308175178,True
lift_and_cruse,cruise_8,1500.0,111.03213710451274,6.237590156706997,6.0599634564511025,4.507671935926998,True
lift_and_cruse,cruise_8,1500.0,111.03213710451274,6.237590156706978,6.066598837279022,4.511798233097731,True
lift_and_cruse,cruise_9,1500.0,111.03205898858207,6.237599041299259,6.066598837279022,4.511798233097731,True
lift_and_cruse,cruise_9,1500.0,111.03205898858207,6.23759904130064,6.0732342134386625,4.515924530268463,True
lift_and_cruse,cruise_9,1500.0,111.03205898858207,6.237599041300321,6.09182612429162,4.527486158020284,True
lift_and_cruse,cruise_9,1500.0,111.03205898858207,6.237599041300283,6.118692213878642,4.544193194182884,True
lift_and_cruse,cruise_9,1500.0,111.03205898858207,6.237599041300638,6.148511323666053,4.56273660534591,True
lift_and_cruse,cruise_9,1500.0,111.03205898858207,6.237599041300615,6.175377413253075,4.579443641508511,True
lift_and_cruse,cruise_9,1500.0,111.03205898858207,6.237599041300641,6.193969324106033,4.591005269260332,True
lift_and_cruse,cruise_9,1500.0,111.03205898858207,6.237599041300639,6.200604700265673,4.595131566431064,True
lift_and_cruse,cruise_10,1500.0,111.03198057676158,6.237607959566064,6.200604700265673,4.595131566431064,True
lift_and_cruse,cruise_10,1500.0,111.03198057676158,6.237607959566656,6.207240071739352,4.599257863601796,True
lift_and_cruse,cruise_10,1500.0,111.03198057676158,6.237607959566399,6.225831969462538,4.610819491353617,True
lift_and_cruse,cruise_10,1500.0,111.03198057676158,6.237607959566521,6.25269804007649,4.627526527516217,True
lift_and_cruse,cruise_10,1500.0,111.03198057676158,6.237607959566669,6.282517128805383,4.646069938679244,True
lift_and_cruse,cruise_10,1500.0,111.03198057676158,6.237607959566665,6.309383199419336,4.662776974841845,True
lift_and_cruse,cruise_10,1500.0,111.03198057676158,6.237607959566664,6.327975097142522,4.674338602593665,True
lift_and_cruse,cruise_10,1500.0,111.03198057676158,6.2376079595666685,6.334610468616201,4.678464899764397,True
lift_and_cruse,cruise_11,1500.0,111.0319018668302,6.23761691175789,6.334610468616201,4.678464899764397,True
lift_and_cruse,cruise_11,1500.0,111.0319018668302,6.237616911758026,6.341245835386104,4.68259119693513,True
lift_and_cruse,cruise_11,1500.0,111.0319018668302,6.237616911758353,6.359837719929599,4.694152824686951,True
lift_and_cruse,cruise_11,1500.0,111.0319018668302,6.23761691175789,6.3867037714983494,4.710859860849551,True
lift_and_cruse,cruise_11,1500.0,111.0319018668302,6.237616911758284,6.416522839088663,4.729403272012577,True
lift_and_cruse,cruise_11,1500.0,111.0319018668302,6.23761691175789,6.443388890657412,4.746110308175178,True
lift_and_cruse,cruise_11,1500.0,111.0319018668302,6.237616911757891,6.461980775200908,4.757671935926998,True
lift_and_cruse,cruise_11,1500.0,111.0319018668302,6.237616911757891,6.468616141970811,4.761798233097731,True
lift_and_cruse,cruise_12,1500.0,111.0318228565417,6.237625898130003,6.468616141970811,4.761798233097731,True
lift_and_cruse,cruise_12,1500.0,111.0318228565417,6.23762589813,6.475251504018988,4.765924530268463,True
lift_and_cruse,cruise_12,1500.0,111.0318228565417,6.237625898130002,6.493843375332501,4.777486158020284,True
lift_and_cruse,cruise_12,1500.0,111.0318228565417,6.237625898130005,6.520709407783372,4.794193194182884,True
lift_and_cruse,cruise_12,1500.0,111.0318228565417,6.237625898130003,6.550528454154439,4.81273660534591,True
lift_and_cruse,cruise_12,1500.0,111.0318228565417,6.237625898129985,6.57739448660531,4.829443641508511,True
lift_and_cruse,cruise_12,1500.0,111.0318228565417,6.237625898129974,6.595986357918823,4.841005269260332,True
lift_and_cruse,cruise_12,1500.0,111.0318228565417,6.237625898129962,6.602621719967,4.845131566431064,True
lift_and_cruse,cruise_13,1500.0,111.0317435436246,6.237634918941575,6.602621719967,4.845131566431064,True
lift_and_cruse,cruise_13,1500.0,111.0317435436246,6.237634918941575,6.609257077275365,4.849257863601796,True
lift_and_cruse,cruise_13,1500.0,111.0317435436246,6.237634918941579,6.627848935308221,4.860819491353617,True
lift_and_cruse,cruise_13,1500.0,111.0317435436246,6.237634918941571,6.654714948567987,4.877526527516217,True
lift_and_cruse,cruise_13,1500.0,111.0317435436246,6.237634918941574,6.684533973638535,4.896069938679244,True
lift_and_cruse,cruise_13,1500.0,111.0317435436246,6.237634918941569,6.7113999868983,4.912776974841845,True
lift_and_cruse,cruise_13,1500.0,111.0317435436246,6.23763491894157,6.729991844931156,4.924338602593665,True
lift_and_cruse,cruise_13,1500.0,111.0317435436246,6.237634918941575,6.7366272022395215,4.928464899764397,True
lift_and_cruse,cruise_14,1500.0,111.03166392578167,6.237643974446924,6.7366272022395215,4.928464899764397,True
lift_and_cruse,cruise_14,1500.0,111.03166392578167,6.237643974486878,6.743262554789852,4.93259119693513,True
lift_and_cruse,cruise_14,1500.0,111.03166392578167,6.237643974454913,6.761854399490994,4.944152824686951,True
lift_and_cruse,cruise_14,1500.0,111.03166392578167,6.2376439744541115,6.788720393485872,4.960859860849551,True
lift_and_cruse,cruise_14,1500.0,111.03166392578167,6.237643974454108,6.818539397174007,4.979403272012577,True
lift_and_cruse,cruise_14,1500.0,111.03166392578167,6.237643974454108,6.845405391168885,4.996110308175178,True
lift_and_cruse,cruise_14,1500.0,111.03166392578167,6.237643974454111,6.863997235870026,5.007671935926998,True
lift_and_cruse,cruise_14,1500.0,111.03166392578167,6.237643974449415,6.870632588420357,5.011798233097731,True
lift_and_cruse,cruise_15,1500.0,111.03158400068942,6.237653064931863,6.870632588420357,5.011798233097731,True
lift_and_cruse,cruise_15,1500.0,111.03158400068942,6.237653064943026,6.8772679361942926,5.015924530268463,True
lift_and_cruse,cruise_15,1500.0,111.03158400068942,6.237653064932107,6.8958597675122695,5.027486158020284,True
lift_and_cruse,cruise_15,1500.0,111.03158400068942,6.237653064934259,6.922725742167916,5.044193194182884,True
lift_and_cruse,cruise_15,1500.0,111.03158400068942,6.237653064932107,6.9525447243911245,5.06273660534591,True
lift_and_cruse,cruise_15,1500.0,111.03158400068942,6.237653064932103,6.979410699046771,5.079443641508511,True
lift_and_cruse,cruise_15,1500.0,111.03158400068942,6.237653064928848,6.998002530364749,5.091005269260332,True
lift_and_cruse,cruise_15,1500.0,111.03158400068942,6.237653064917221,7.004637878138683,5.095131566431064,True
lift_and_cruse,cruise_16,1500.0,111.03150376599791,6.237662190642865,7.004637878138683,5.095131566431064,True
lift_and_cruse,cruise_16,1500.0,111.03150376599791,6.237662190647861,7.011273221117721,5.099257863601796,True
lift_and_cruse,cruise_16,1500.0,111.03150376599791,6.23766219064851,7.029865039000694,5.110819491353617,True
lift_and_cruse,cruise_16,1500.0,111.03150376599791,6.237662190638708,7.056730994242196,5.127526527516217,True
lift_and_cruse,cruise_16,1500.0,111.03150376599791,6.237662190634628,7.086549954917331,5.146069938679244,True
lift_and_cruse,cruise_16,1500.0,111.03150376599791,6.237662190637425,7.113415910158833,5.162776974841845,True
lift_and_cruse,cruise_16,1500.0,111.03150376599791,6.237662190643063,7.132007728041805,5.174338602593665,True
lift_and_cruse,cruise_16,1500.0,111.03150376599791,6.237662190635052,7.138643071020842,5.178464899764397,True
lift_and_cruse,cruise_17,1500.0,111.03142321933026,6.237671351857406,7.138643071020842,5.178464899764397,True
lift_and_cruse,cruise_17,1500.0,111.03142321933026,6.237671351857563,7.145278409186338,5.18259119693513,True
lift_and_cruse,cruise_17,1500.0,111.03142321933026,6.237671351857567,7.163870213582067,5.194152824686951,True
lift_and_cruse,cruise_17,1500.0,111.03142321933026,6.237671351857565,7.190736149333937,5.210859860849551,True
lift_and_cruse,cruise_17,1500.0,111.03142321933026,6.237671351857566,7.2205550883772105,5.229403272012577,True
lift_and_cruse,cruise_17,1500.0,111.03142321933026,6.237671351857565,7.247421024129081,5.246110308175178,True
lift_and_cruse,cruise_17,1500.0,111.03142321933026,6.237671351857565,7.26601282852481,5.257671935926998,True
lift_and_cruse,cruise_17,1500.0,111.03142321933026,6.237671351850168,7.272648166690306,5.261798233097731,True
lift_and_cruse,cruise_18,1500.0,111.03134235828219,6.237680548849136,7.272648166690306,5.261798233097731,True
lift_and_cruse,cruise_18,1500.0,111.03134235828219,6.237680548849295,7.279283500023473,5.265924530268463,True
lift_and_cruse,cruise_18,1500.0,111.03134235828219,6.237680548848475,7.297875290879316,5.277486158020284,True
lift_and_cruse,cruise_18,1500.0,111.03134235828219,6.2376805488431355,7.324741207065484,5.294193194182884,True
lift_and_cruse,cruise_18,1500.0,111.03134235828219,6.2376805488492915,7.354560124392467,5.31273660534591,True
lift_and_cruse,cruise_18,1500.0,111.03134235828219,6.237680548849292,7.381426040578636,5.329443641508511,True
lift_and_cruse,cruise_18,1500.0,111.03134235828219,6.237680548834722,7.4000178314344796,5.341005269260332,True
lift_and_cruse,cruise_18,1500.0,111.03134235828219,6.237680548826019,7.406653164767645,5.345131566431064,True
lift_and_cruse,cruise_19,1500.0,111.03126118042161,6.2376897818510875,7.406653164767645,5.345131566431064,True
lift_and_cruse,cruise_19,1500.0,111.03126118042161,6.237689781895114,7.413288493249549,5.349257863601796,True
lift_and_cruse,cruise_19,1500.0,111.03126118042161,6.237689781895113,7.431880270512458,5.360819491353617,True
lift_and_cruse,cruise_19,1500.0,111.03126118042161,6.23768978188456,7.458746167056266,5.377526527516217,True
lift_and_cruse,cruise_19,1500.0,111.03126118042161,6.23768978188916,7.488565062581875,5.396069938679244,True
lift_and_cruse,cruise_19,1500.0,111.03126118042161,6.237689781878193,7.515430959125683,5.412776974841845,True
lift_and_cruse,cruise_19,1500.0,111.03126118042161,6.237689781895112,7.534022736388591,5.424338602593665,True
lift_and_cruse,cruise_19,1500.0,111.03126118042161,6.237689781878022,7.540658064870496,5.428464899764397,True
lift_and_cruse,cruise_20,1500.0,111.03117968328831,6.237699051227872,7.540658064870496,5.428464899764397,True
lift_and_cruse,cruise_20,1500.0,111.03117968328831,6.237699051279891,7.547293388482058,5.43259119693513,True
lift_and_cruse,cruise_20,1500.0,111.03117968328831,6.237699051275084,7.56588515209857,5.444152824686951,True
lift_and_cruse,cruise_20,1500.0,111.03117968328831,6.237699051275079,7.592751028922765,5.460859860849551,True
lift_and_cruse,cruise_20,1500.0,111.03117968328831,6.237699051275081,7.6225699025612546,5.479403272012577,True
lift_and_cruse,cruise_20,1500.0,111.03117968328831,6.237699051275082,7.649435779385448,5.496110308175178,True
lift_and_cruse,cruise_20,1500.0,111.03117968328831,6.2376990512750785,7.668027543001961,5.507671935926998,True
lift_and_cruse,cruise_20,1500.0,111.03117968328831,6.237699051275084,7.674662866613523,5.511798233097731,True
lift_and_cruse,cruise_21,1500.0,111.03109786439333,6.237708357209133,7.674662866613523,5.511798233097731,True
lift_and_cruse,cruise_21,1500.0,111.03109786439333,6.237708357272534,7.681298185335513,5.515924530268463,True
lift_and_cruse,cruise_21,1500.0,111.03109786439333,6.237708357270059,7.699889935251751,5.527486158020284,True
lift_and_cruse,cruise_21,1500.0,111.03109786439333,6.237708357272534,7.726755792278478,5.544193194182884,True
lift_and_cruse,cruise_21,1500.0,111.03109786439333,6.237708357272535,7.756574643943433,5.56273660534591,True
lift_and_cruse,cruise_21,1500.0,111.03109786439333,6.237708357259076,7.783440500970159,5.579443641508511,True
lift_and_cruse,cruise_21,1500.0,111.03109786439333,6.2377083572725365,7.8020322508863975,5.591005269260332,True
lift_and_cruse,cruise_21,1500.0,111.03109786439333,6.237708357255436,7.808667569608389,5.595131566431064,True
lift_and_cruse,cruise_22,1500.0,111.03101572121876,6.237717700160298,7.808667569608389,5.595131566431064,True
lift_and_cruse,cruise_22,1500.0,111.03101572121876,6.237717700173893,7.815302883421429,5.599257863601796,True
lift_and_cruse,cruise_22,1500.0,111.03101572121876,6.237717700174102,7.833894619583094,5.610819491353617,True
lift_and_cruse,cruise_22,1500.0,111.03101572121876,6.237717700174102,7.860760456733886,5.627526527516217,True
lift_and_cruse,cruise_22,1500.0,111.03101572121876,6.23771770016589,7.89057928633822,5.646069938679244,True
lift_and_cruse,cruise_22,1500.0,111.03101572121876,6.237717700174101,7.917445123489011,5.662776974841845,True
lift_and_cruse,cruise_22,1500.0,111.03101572121876,6.237717700174101,7.9360368596506765,5.674338602593665,True
lift_and_cruse,cruise_22,1500.0,111.03101572121876,6.237717700171306,7.942672173463717,5.678464899764397,True
lift_and_cruse,cruise_23,1500.0,111.03093325121695,6.237727080257312,7.942672173463717,5.678464899764397,True
lift_and_cruse,cruise_23,1500.0,111.03093325121695,6.237727080269799,7.949307482348276,5.68259119693513,True
lift_and_cruse,cruise_23,1500.0,111.03093325121695,6.2377270802698,7.967899204700641,5.694152824686951,True
lift_and_cruse,cruise_23,1500.0,111.03093325121695,6.237727080269801,7.994765021896419,5.710859860849551,True
lift_and_cruse,cruise_23,1500.0,111.03093325121695,6.237727080269802,8.024583829352355,5.729403272012577,True
lift_and_cruse,cruise_23,1500.0,111.03093325121695,6.237727080264513,8.05144964654813,5.746110308175178,True
lift_and_cruse,cruise_23,1500.0,111.03093325121695,6.237727080269801,8.070041368900498,5.757671935926998,True
lift_and_cruse,cruise_23,1500.0,111.03093325121695,6.237727080247323,8.076676677785057,5.761798233097731,True
lift_and_cruse,cruise_24,1500.0,111.03085045181047,6.2377364978501,8.076676677785057,5.761798233097731,True
lift_and_cruse,cruise_24,1500.0,111.03085045181047,6.237736497853045,8.083311981721447,5.765924530268463,True
lift_and_cruse,cruise_24,1500.0,111.03085045181047,6.237736497853043,8.101903690209356,5.777486158020284,True
lift_and_cruse,cruise_24,1500.0,111.03085045181047,6.237736497853041,8.128769487370413,5.794193194182884,True
lift_and_cruse,cruise_24,1500.0,111.03085045181047,6.237736497853046,8.158588272589489,5.81273660534591,True
lift_and_cruse,cruise_24,1500.0,111.03085045181047,6.237736497849995,8.185454069750543,5.829443641508511,True
lift_and_cruse,cruise_24,1500.0,111.03085045181047,6.237736497853047,8.204045778238452,5.841005269260332,True
lift_and_cruse,cruise_24,1500.0,111.03085045181047,6.237736497853045,8.210681082174844,5.845131566431064,True
lift_and_cruse,cruise_25,1500.0,111.03076732039116,6.237745953220757,8.210681082174844,5.845131566431064,True
lift_and_cruse,cruise_25,1500.0,111.03076732039116,6.237745953220727,8.217316381143227,5.849257863601796,True
lift_and_cruse,cruise_25,1500.0,111.03076732039116,6.237745953220724,8.235908075711086,5.860819491353617,True
lift_and_cruse,cruise_25,1500.0,111.03076732039116,6.237745953216609,8.262773852757084,5.877526527516217,True
lift_and_cruse,cruise_25,1500.0,111.03076732039116,6.237745953220728,8.29259261565013,5.896069938679244,True
lift_and_cruse,cruise_25,1500.0,111.03076732039116,6.2377459532207284,8.31945839269613,5.912776974841845,True
lift_and_cruse,cruise_25,1500.0,111.03076732039116,6.237745953210838,8.338050087263987,5.924338602593665,True
lift_and_cruse,cruise_25,1500.0,111.03076732039116,6.237745953218702,8.34468538623237,5.928464899764397,True
lift_and_cruse,cruise_26,1500.0,111.03068385432012,6.237755446607724,8.34468538623237,5.928464899764397,True
lift_and_cruse,cruise_26,1500.0,111.03068385432012,6.237755446672491,8.351320680212746,5.93259119693513,True
lift_and_cruse,cruise_26,1500.0,111.03068385432012,6.237755446673265,8.369912360804516,5.944152824686951,True
lift_and_cruse,cruise_26,1500.0,111.03068385432012,6.237755446673265,8.396778117654485,5.960859860849551,True
lift_and_cruse,cruise_26,1500.0,111.03068385432012,6.237755446673266,8.426596858131626,5.979403272012577,True
lift_and_cruse,cruise_26,1500.0,111.03068385432012,6.2377554466614145,8.453462614981595,5.996110308175178,True
lift_and_cruse,cruise_26,1500.0,111.03068385432012,6.237755446673265,8.472054295573365,6.007671935926998,True
lift_and_cruse,cruise_26,1500.0,111.03068385432012,6.237755446662011,8.47868958955374,6.011798233097731,True
lift_and_cruse,cruise_27,1500.0,111.03060005092689,6.237764978501707,8.47868958955374,6.011798233097731,True
lift_and_cruse,cruise_27,1500.0,111.03060005092689,6.237764978514658,8.48532487852595,6.015924530268463,True
lift_and_cruse,cruise_27,1500.0,111.03060005092689,6.237764978514656,8.503916545085149,6.027486158020284,True
lift_and_cruse,cruise_27,1500.0,111.03060005092689,6.237764978510056,8.530782281657464,6.044193194182884,True
lift_and_cruse,cruise_27,1500.0,111.03060005092689,6.237764978514656,8.560600999628111,6.06273660534591,True
lift_and_cruse,cruise_27,1500.0,111.03060005092689,6.237764978510032,8.587466736200428,6.079443641508511,True
lift_and_cruse,cruise_27,1500.0,111.03060005092689,6.237764978501777,8.606058402759627,6.091005269260332,True
lift_and_cruse,cruise_27,1500.0,111.03060005092689,6.237764978514599,8.612693691731835,6.095131566431064,True
lift_and_cruse,cruise_28,1500.0,111.03051590750903,6.237774549052459,8.612693691731835,6.095131566431064,True
lift_and_cruse,cruise_28,1500.0,111.03051590750903,6.237774549052531,8.619328975675558,6.099257863601796,True
lift_and_cruse,cruise_28,1500.0,111.03051590750903,6.237774549052533,8.63792062814525,6.110819491353617,True
lift_and_cruse,cruise_28,1500.0,111.03051590750903,6.237774549052531,8.664786344357639,6.127526527516217,True
lift_and_cruse,cruise_28,1500.0,111.03051590750903,6.237774549048595,8.694605039730472,6.146069938679244,True
lift_and_cruse,cruise_28,1500.0,111.03051590750903,6.237774549052533,8.72147075594286,6.162776974841845,True
lift_and_cruse,cruise_28,1500.0,111.03051590750903,6.237774549040817,8.740062408412554,6.174338602593665,True
lift_and_cruse,cruise_28,1500.0,111.03051590750903,6.237774549052534,8.746697692356276,6.178464899764397,True
lift_and_cruse,cruise_29,1500.0,111.03043142133164,6.237784158552066,8.746697692356276,6.178464899764397,True
lift_and_cruse,cruise_29,1500.0,111.03043142133164,6.2377841585957645,8.753332971251027,6.18259119693513,True
lift_and_cruse,cruise_29,1500.0,111.03043142133164,6.237784158598243,8.771924609573821,6.194152824686951,True
lift_and_cruse,cruise_29,1500.0,111.03043142133164,6.237784158598246,8.798790305343346,6.210859860849551,True
lift_and_cruse,cruise_29,1500.0,111.03043142133164,6.237784158598246,8.828608978026312,6.229403272012577,True
lift_and_cruse,cruise_29,1500.0,111.03043142133164,6.2377841585898075,8.855474673795838,6.246110308175178,True
lift_and_cruse,cruise_29,1500.0,111.03043142133164,6.237784158597778,8.87406631211863,6.257671935926998,True
lift_and_cruse,cruise_29,1500.0,111.03043142133164,6.237784158598246,8.880701591013382,6.261798233097731,True
lift_and_cruse,cruise_30,1500.0,111.03034658962697,6.237793807448886,8.880701591013382,6.261798233097731,True
lift_and_cruse,cruise_30,1500.0,111.03034658962697,6.237793807466863,8.887336864838513,6.265924530268463,True
lift_and_cruse,cruise_30,1500.0,111.03034658962697,6.237793807452321,8.90592848895655,6.277486158020284,True
lift_and_cruse,cruise_30,1500.0,111.03034658962697,6.237793807466861,8.932794164199604,6.294193194182884,True
lift_and_cruse,cruise_30,1500.0,111.03034658962697,6.237793807466861,8.962612814099911,6.31273660534591,True
lift_and_cruse,cruise_30,1500.0,111.03034658962697,6.23779380746686,8.989478489342966,6.329443641508511,True
lift_and_cruse,cruise_30,1500.0,111.03034658962697,6.237793807463297,9.008070113461002,6.341005269260332,True
lift_and_cruse,cruise_30,1500.0,111.03034658962697,6.237793807466861,9.014705387286133,6.345131566431064,True
lift_and_cruse,cruise_31,1500.0,111.03026140959352,6.237803495931433,9.014705387286133,6.345131566431064,True
lift_and_cruse,cruise_31,1500.0,111.03026140959352,6.237803495977308,9.021340656020831,6.349257863601796,True
lift_and_cruse,cruise_31,1500.0,111.03026140959352,6.237803495977306,9.039932265875782,6.360819491353617,True
lift_and_cruse,cruise_31,1500.0,111.03026140959352,6.237803495977307,9.066797920508083,6.377526527516217,True
lift_and_cruse,cruise_31,1500.0,111.03026140959352,6.237803495977306,9.096616547532175,6.396069938679244,True
lift_and_cruse,cruise_31,1500.0,111.03026140959352,6.2378034959773085,9.123482202164478,6.412776974841845,True
lift_and_cruse,cruise_31,1500.0,111.03026140959352,6.237803495977305,9.14207381201943,6.424338602593665,True
lift_and_cruse,cruise_31,1500.0,111.03026140959352,6.237803495945878,9.148709080754125,6.428464899764397,True
lift_and_cruse,cruise_32,1500.0,111.03017587839594,6.2378132244315445,9.148709080754125,6.428464899764397,True
lift_and_cruse,cruise_32,1500.0,111.03017587839594,6.2378132244509406,9.1553443443774,6.432591196935129,True
lift_and_cruse,cruise_32,1500.0,111.03017587839594,6.2378132244523545,9.173935939910468,6.444152824686951,True
lift_and_cruse,cruise_32,1500.0,111.03017587839594,6.237813224452355,9.200801573847045,6.460859860849551,True
lift_and_cruse,cruise_32,1500.0,111.03017587839594,6.237813224452355,9.230620177900619,6.479403272012577,True
lift_and_cruse,cruise_32,1500.0,111.03017587839594,6.237813224442487,9.257485811837197,6.496110308175178,True
lift_and_cruse,cruise_32,1500.0,111.03017587839594,6.2378132244523545,9.276077407370263,6.507671935926998,True
lift_and_cruse,cruise_32,1500.0,111.03017587839594,6.237813224435753,9.282712670993538,6.511798233097731,True
lift_and_cruse,cruise_33,1500.0,111.20653014284646,6.21780247152061,9.282712670993538,6.511798233097731,True
lift_and_cruse,cruise_33,1500.0,111.20653014284646,6.217802471520612,9.289358473706987,6.515924530268463,True
lift_and_cruse,cruise_33,1500.0,111.20653014284646,6.217802471520611,9.307979599114516,6.527486158020284,True
lift_and_cruse,cruise_33,1500.0,111.20653014284646,6.217802471520611,9.334887904956044,6.544193194182884,True
lift_and_cruse,cruise_33,1500.0,111.20653014284646,6.21780247152061,9.364753871250949,6.56273660534591,True
lift_and_cruse,cruise_33,1500.0,111.20653014284646,6.217802471517381,9.391662177092478,6.579443641508511,True
lift_and_cruse,cruise_33,1500.0,111.20653014284646,6.217802471519882,9.410283302500007,6.591005269260332,True
lift_and_cruse,cruise_33,1500.0,111.20653014284646,6.217802471519277,9.416929105213457,6.595131566431064,True
lift_and_cruse,cruise_34,1500.0,111.02925519650171,6.237917945933633,9.416929105213457,6.595131566431064,True
lift_and_cruse,cruise_34,1500.0,111.02925519650171,6.237917945933744,9.42356431381595,6.599257863601796,True
lift_and_cruse,cruise_34,1500.0,111.02925519650171,6.237917945933749,9.442155755184212,6.610819491353617,True
lift_and_cruse,cruise_34,1500.0,111.02925519650171,6.237917945933749,9.469021166346193,6.627526527516217,True
lift_and_cruse,cruise_34,1500.0,111.02925519650171,6.237917945906101,9.498839523138615,6.646069938679244,True
lift_and_cruse,cruise_34,1500.0,111.02925519650171,6.237917945894724,9.525704934300597,6.662776974841845,True
lift_and_cruse,cruise_34,1500.0,111.02925519650171,6.237917945923378,9.544296375668859,6.674338602593665,True
lift_and_cruse,cruise_34,1500.0,111.02925519650171,6.2379179459262515,9.550931584271352,6.678464899764397,True
lift_and_cruse,cruise_35,1500.0,111.20817076965007,6.217616762051893,9.550931584271352,6.678464899764397,True
lift_and_cruse,cruise_35,1500.0,111.20817076965007,6.217616760473969,9.557577485030142,6.682591196935129,True
lift_and_cruse,cruise_35,1500.0,111.20817076965007,6.217616760255873,9.576198885154607,6.694152824686951,True
lift_and_cruse,cruise_35,1500.0,111.20817076965007,6.217616759947089,9.603107587973616,6.710859860849551,True
lift_and_cruse,cruise_35,1500.0,111.20817076965007,6.217616759444299,9.632973994880276,6.729403272012577,True
lift_and_cruse,cruise_35,1500.0,111.20817076965007,6.2176167589417695,9.659882697699285,6.746110308175178,True
lift_and_cruse,cruise_35,1500.0,111.20817076965007,6.217616758501488,9.678504097823751,6.757671935926998,True
lift_and_cruse,cruise_35,1500.0,111.20817076965007,6.217616758386436,9.68514999858254,6.761798233097731,True
lift_and_cruse,cruise_36,1500.0,111.02831523916844,6.238024862457184,9.68514999858254,6.761798233097731,True
lift_and_cruse,cruise_36,1500.0,111.02831523916844,6.238024862562631,9.691785151012333,6.765924530268463,True
lift_and_cruse,cruise_36,1500.0,111.02831523916844,6.238024862581286,9.710376434988188,6.777486158020284,True
lift_and_cruse,cruise_36,1500.0,111.02831523916844,6.2380248625812875,9.737241618711552,6.794193194182884,True
lift_and_cruse,cruise_36,1500.0,111.02831523916844,6.238024862581284,9.767059723066156,6.81273660534591,True
lift_and_cruse,cruise_36,1500.0,111.02831523916844,6.238024862581286,9.79392490678952,6.829443641508511,True
lift_and_cruse,cruise_36,1500.0,111.02831523916844,6.238024862549141,9.812516190765376,6.841005269260332,True
lift_and_cruse,cruise_36,1500.0,111.02831523916844,6.238024862581285,9.81915134319517,6.845131566431064,True
lift_and_cruse,cruise_37,1500.0,111.2095670156862,6.2174587216015755,9.81915134319517,6.845131566431064,True
lift_and_cruse,cruise_37,1500.0,111.2095670156862,6.217458721601516,9.825797327394882,6.849257863601796,True
lift_and_cruse,cruise_37,1500.0,111.2095670156862,6.217458721601531,9.844418961315625,6.860819491353617,True
lift_and_cruse,cruise_37,1500.0,111.2095670156862,6.217458721601564,9.87132800198004,6.877526527516217,True
lift_and_cruse,cruise_37,1500.0,111.2095670156862,6.217458721601598,9.901194783866814,6.896069938679244,True
lift_and_cruse,cruise_37,1500.0,111.2095670156862,6.2174587216016235,9.928103824531226,6.912776974841845,True
lift_and_cruse,cruise_37,1500.0,111.2095670156862,6.217458721601649,9.946725458451969,6.924338602593665,True
lift_and_cruse,cruise_37,1500.0,111.2095670156862,6.217458721601652,9.953371442651681,6.928464899764397,True
lift_and_cruse,cruise_38,1500.0,111.02735670749604,6.238133894814941,9.953371442651681,6.928464899764397,True
lift_and_cruse,cruise_38,1500.0,111.02735670749604,6.238133894813049,9.960006537798757,6.932591196935129,True
lift_and_cruse,cruise_38,1500.0,111.02735670749604,6.238133894813288,9.978597661272001,6.944152824686951,True
lift_and_cruse,cruise_38,1500.0,111.02735670749604,6.238133894813046,10.00546261306237,6.960859860849551,True
lift_and_cruse,cruise_38,1500.0,111.02735670749604,6.238133894813065,10.035280459990773,6.979403272012577,True
lift_and_cruse,cruise_38,1500.0,111.02735670749604,6.238133894813298,10.062145411781145,6.996110308175178,True
lift_and_cruse,cruise_38,1500.0,111.02735670749604,6.238133894813254,10.080736535254388,7.007671935926998,True
lift_and_cruse,cruise_38,1500.0,111.02735670749604,6.23813389481327,10.087371630401464,7.011798233097731,True
lift_and_cruse,cruise_39,1500.0,111.21013527544679,6.2173944022600445,10.087371630401464,7.011798233097731,True
lift_and_cruse,cruise_39,1500.0,111.21013527544679,6.217394402259969,10.094017648560893,7.015924530268463,True
lift_and_cruse,cruise_39,1500.0,111.21013527544679,6.217394402259991,10.112639377634649,7.027486158020284,True
lift_and_cruse,cruise_39,1500.0,111.21013527544679,6.217394402260021,10.139548555799147,7.044193194182884,True
lift_and_cruse,cruise_39,1500.0,111.21013527544679,6.217394402260066,10.169415490299501,7.06273660534591,True
lift_and_cruse,cruise_39,1500.0,111.21013527544679,6.2173944022600995,10.196324668464003,7.079443641508511,True
lift_and_cruse,cruise_39,1500.0,111.21013527544679,6.217394402260133,10.214946397537755,7.091005269260332,True
lift_and_cruse,cruise_39,1500.0,111.21013527544679,6.2173944022601395,10.221592415697186,7.095131566431064,True
lift_and_cruse,cruise_40,1500.0,111.02638304213306,6.238244651407944,10.221592415697186,7.095131566431064,True
lift_and_cruse,cruise_40,1500.0,111.02638304213306,6.238244651401413,10.228227452657139,7.099257863601796,True
lift_and_cruse,cruise_40,1500.0,111.02638304213306,6.238244651408193,10.24681841309369,7.110819491353617,True
lift_and_cruse,cruise_40,1500.0,111.02638304213306,6.238244651408193,10.273683129289214,7.127526527516217,True
lift_and_cruse,cruise_40,1500.0,111.02638304213306,6.238244651408191,10.303500714727065,7.146069938679244,True
lift_and_cruse,cruise_40,1500.0,111.02638304213306,6.238244651408193,10.33036543092259,7.162776974841845,True
lift_and_cruse,cruise_40,1500.0,111.02638304213306,6.238244651375901,10.348956391359142,7.174338602593665,True
lift_and_cruse,cruise_40,1500.0,111.02638304213306,6.2382446513816605,10.355591428319094,7.178464899764397,True
lift_and_cruse,cruise_41,1500.0,111.02629389878479,6.238254791758616,10.355591428319094,7.178464899764397,True
lift_and_cruse,cruise_41,1500.0,111.02629389878479,6.238254791807417,10.36222645995176,7.182591196935129,True
lift_and_cruse,cruise_41,1500.0,111.02629389878479,6.238254791808774,10.380817405461586,7.194152824686951,True
lift_and_cruse,cruise_41,1500.0,111.02629389878479,6.238254791808777,10.407682100087365,7.210859860849551,True
lift_and_cruse,cruise_41,1500.0,111.02629389878479,6.238254791808775,10.437499661584607,7.229403272012577,True
lift_and_cruse,cruise_41,1500.0,111.02629389878479,6.238254791769036,10.464364356210385,7.246110308175178,True
lift_and_cruse,cruise_41,1500.0,111.02629389878479,6.238254791808774,10.48295530172021,7.257671935926998,True
lift_and_cruse,cruise_41,1500.0,111.02629389878479,6.238254791782045,10.489590333352876,7.261798233097731,True
lift_and_cruse,cruise_42,1500.0,111.02620437263201,6.238264975779214,10.489590333352876,7.261798233097731,True
lift_and_cruse,cruise_42,1500.0,111.02620437263201,6.238264975765653,10.496225359635377,7.265924530268463,True
lift_and_cruse,cruise_42,1500.0,111.02620437263201,6.238264975770577,10.514816290154377,7.277486158020284,True
lift_and_cruse,cruise_42,1500.0,111.02620437263201,6.238264975760298,10.541680963117786,7.294193194182884,True
lift_and_cruse,cruise_42,1500.0,111.02620437263201,6.238264975779654,10.57149850057161,7.31273660534591,True
lift_and_cruse,cruise_42,1500.0,111.02620437263201,6.238264975767047,10.598363173535018,7.329443641508511,True
lift_and_cruse,cruise_42,1500.0,111.02620437263201,6.238264975776003,10.616954104054017,7.341005269260332,True
lift_and_cruse,cruise_42,1500.0,111.02620437263201,6.238264975779651,10.62358913033652,7.345131566431064,True
lift_and_cruse,cruise_43,1500.0,111.02611446041529,6.2382752036896445,10.62358913033652,7.345131566431064,True
lift_and_cruse,cruise_43,1500.0,111.02611446041529,6.2382752036919324,10.630224151245786,7.349257863601796,True
lift_and_cruse,cruise_43,1500.0,111.02611446041529,6.238275203691936,10.648815066709314,7.360819491353617,True
lift_and_cruse,cruise_43,1500.0,111.02611446041529,6.238275203691938,10.675679717916937,7.377526527516217,True
lift_and_cruse,cruise_43,1500.0,111.02611446041529,6.238275203691936,10.705497231223662,7.396069938679244,True
lift_and_cruse,cruise_43,1500.0,111.02611446041529,6.238275203691934,10.732361882431283,7.412776974841845,True
lift_and_cruse,cruise_43,1500.0,111.02611446041529,6.238275203691968,10.750952797894811,7.424338602593665,True
lift_and_cruse,cruise_43,1500.0,111.02611446041529,6.238275203691937,10.75758781880408,7.428464899764397,True
lift_and_cruse,cruise_44,1500.0,111.02602415883335,6.238285475920435,10.75758781880408,7.428464899764397,True
lift_and_cruse,cruise_44,1500.0,111.02602415883335,6.238285475921468,10.764222834316842,7.432591196935129,True
lift_and_cruse,cruise_44,1500.0,111.02602415883335,6.238285475921469,10.782813734659701,7.444152824686951,True
lift_and_cruse,cruise_44,1500.0,111.02602415883335,6.2382854759214705,10.809678364017326,7.460859860849551,True
lift_and_cruse,cruise_44,1500.0,111.02602415883335,6.238285475921468,10.839495853072378,7.479403272012577,True
lift_and_cruse,cruise_44,1500.0,111.02602415883335,6.238285475921469,10.866360482430004,7.496110308175178,True
lift_and_cruse,cruise_44,1500.0,111.02602415883335,6.2382854759214705,10.884951382772863,7.507671935926998,True
lift_and_cruse,cruise_44,1500.0,111.02602415883335,6.2382854759216295,10.891586398285627,7.511798233097731,True
lift_and_cruse,cruise_45,1500.0,111.02593346454272,6.238295792848298,10.891586398285627,7.511798233097731,True
lift_and_cruse,cruise_45,1500.0,111.02593346454272,6.238295792848925,10.898221408378417,7.515924530268463,True
lift_and_cruse,cruise_45,1500.0,111.02593346454272,6.238295792848926,10.91681229353485,7.527486158020284,True
lift_and_cruse,cruise_45,1500.0,111.02593346454272,6.238295792849144,10.943676900947452,7.544193194182884,True
lift_and_cruse,cruise_45,1500.0,111.02593346454272,6.238295792849959,10.973494365645369,7.56273660534591,True
lift_and_cruse,cruise_45,1500.0,111.02593346454272,6.23829579284906,11.000358973057972,7.579443641508511,True
lift_and_cruse,cruise_45,1500.0,111.02593346454272,6.238295792849269,11.018949858214405,7.591005269260332,True
lift_and_cruse,cruise_45,1500.0,111.02593346454272,6.238295792849547,11.025584868307195,7.595131566431064,True
lift_and_cruse,cruise_46,1500.0,111.02584237415672,6.238306154832143,11.025584868307195,7.595131566431064,True
lift_and_cruse,cruise_46,1500.0,111.02584237415672,6.238306154859886,11.032219872956343,7.599257863601796,True
lift_and_cruse,cruise_46,1500.0,111.02584237415672,6.238306154859888,11.050810742860026,7.610819491353617,True
lift_and_cruse,cruise_46,1500.0,111.02584237415672,6.238306154859887,11.077675328231763,7.627526527516217,True
lift_and_cruse,cruise_46,1500.0,111.02584237415672,6.238306154859887,11.107492768466168,7.646069938679244,True
lift_and_cruse,cruise_46,1500.0,111.02584237415672,6.238306154859887,11.134357353837906,7.662776974841845,True
lift_and_cruse,cruise_46,1500.0,111.02584237415672,6.238306154859891,11.15294822374159,7.674338602593665,True
lift_and_cruse,cruise_46,1500.0,111.02584237415672,6.238306154859889,11.159583228390735,7.678464899764397,True
lift_and_cruse,cruise_47,1500.0,111.02575088424504,6.238316562332316,11.159583228390735,7.678464899764397,True
lift_and_cruse,cruise_47,1500.0,111.02575088424504,6.238316562344908,11.166218227572362,7.682591196935129,True
lift_and_cruse,cruise_47,1500.0,111.02575088424504,6.23831656234559,11.184809082156395,7.694152824686951,True
lift_and_cruse,cruise_47,1500.0,111.02575088424504,6.238316562345597,11.211673645390597,7.710859860849551,True
lift_and_cruse,cruise_47,1500.0,111.02575088424504,6.238316562345193,11.241491061054191,7.729403272012577,True
lift_and_cruse,cruise_47,1500.0,111.02575088424504,6.23831656234491,11.268355624288393,7.746110308175178,True
lift_and_cruse,cruise_47,1500.0,111.02575088424504,6.238316562344907,11.286946478872427,7.757671935926998,True
lift_and_cruse,cruise_47,1500.0,111.02575088424504,6.238316562346262,11.293581478054053,7.761798233097731,True
lift_and_cruse,cruise_48,1500.0,111.09101214489658,6.230899323365481,11.293581478054053,7.761798233097731,True
lift_and_cruse,cruise_48,1500.0,111.09101214489658,6.230899323365379,11.300220377307577,7.765924530268463,True
lift_and_cruse,cruise_48,1500.0,111.09101214489658,6.230899323365379,11.318822159650235,7.777486158020284,True
lift_and_cruse,cruise_48,1500.0,111.09101214489658,6.230899323365379,11.345702513953173,7.794193194182884,True
lift_and_cruse,cruise_48,1500.0,111.09101214489658,6.230899323365372,11.375537456380783,7.81273660534591,True
lift_and_cruse,cruise_48,1500.0,111.09101214489658,6.230899323365369,11.40241781068372,7.829443641508511,True
lift_and_cruse,cruise_48,1500.0,111.09101214489658,6.230899323365357,11.421019593026378,7.841005269260332,True
lift_and_cruse,cruise_48,1500.0,111.09101214489658,6.230899323365361,11.427658492279903,7.845131566431064,True
lift_and_cruse,cruise_49,1500.0,111.05683442290028,6.23478213100909,11.427658492279903,7.845131566431064,True
lift_and_cruse,cruise_49,1500.0,111.05683442290028,6.234782131008996,11.434295349041882,7.849257863601796,True
lift_and_cruse,cruise_49,1500.0,111.05683442290028,6.23478213100899,11.452891408450405,7.860819491353617,True
lift_and_cruse,cruise_49,1500.0,111.05683442290028,6.23478213100899,11.479763492873909,7.877526527516217,True
lift_and_cruse,cruise_49,1500.0,111.05683442290028,6.234782131008992,11.509589256427834,7.896069938679244,True
lift_and_cruse,cruise_49,1500.0,111.05683442290028,6.234782131008982,11.53646134085134,7.912776974841845,True
lift_and_cruse,cruise_49,1500.0,111.05683442290028,6.234782131008975,11.555057400259859,7.924338602593665,True
lift_and_cruse,cruise_49,1500.0,111.05683442290028,6.2347821310089735,11.561694257021838,7.928464899764397,True
lift_and_cruse,cruise_50,1500.0,111.04125888216753,6.236552812301239,11.561694257021838,7.928464899764397,True
lift_and_cruse,cruise_50,1500.0,111.04125888216753,6.2365528123011496,11.568330182975432,7.932591196935129,True
lift_and_cruse,cruise_50,1500.0,111.04125888216753,6.236552812301146,11.586923634316811,7.944152824686951,True
lift_and_cruse,cruise_50,1500.0,111.04125888216753,6.236552812301143,11.6137919499741,7.960859860849551,True
lift_and_cruse,cruise_50,1500.0,111.04125888216753,6.236552812301148,11.64361353051311,7.979403272012577,True
lift_and_cruse,cruise_50,1500.0,111.04125888216753,6.236552812301139,11.670481846170398,7.996110308175178,True
lift_and_cruse,cruise_50,1500.0,111.04125888216753,6.236552812301142,11.689075297511776,8.007671935926998,True
lift_and_cruse,cruise_50,1500.0,111.04125888216753,6.236552812301138,11.69571122346537,8.01179823309773,True
lift_and_cruse,cruise_51,1500.0,111.02460667668123,6.238446724496174,11.69571122346537,8.01179823309773,True
lift_and_cruse,cruise_51,1500.0,111.02460667668123,6.238446724496052,11.702346154268117,8.015924530268462,True
lift_and_cruse,cruise_51,1500.0,111.02460667668123,6.238446724496042,11.720936817258794,8.027486158020285,True
lift_and_cruse,cruise_51,1500.0,111.02460667668123,6.23844672449604,11.747801103632574,8.044193194182885,True
lift_and_cruse,cruise_51,1500.0,111.02460667668123,6.238446724496043,11.77761821200428,8.062736605345911,True
lift_and_cruse,cruise_51,1500.0,111.02460667668123,6.238446724496035,11.804482498378059,8.079443641508512,True
lift_and_cruse,cruise_51,1500.0,111.02460667668123,6.238446724496033,11.823073161368733,8.091005269260332,True
lift_and_cruse,cruise_51,1500.0,111.02460667668123,6.238446724496025,11.829708092171481,8.095131566431064,True
lift_and_cruse,cruise_52,1500.0,111.0245130510688,6.238457375288215,11.829708092171481,8.095131566431064,True
lift_and_cruse,cruise_52,1500.0,111.0245130510688,6.238457375288094,11.836343017379079,8.099257863601796,True
lift_and_cruse,cruise_52,1500.0,111.0245130510688,6.238457375288091,11.854933664692489,8.110819491353617,True
lift_and_cruse,cruise_52,1500.0,111.0245130510688,6.238457375288092,11.881797928411963,8.127526527516217,True
lift_and_cruse,cruise_52,1500.0,111.0245130510688,6.238457375288085,11.911615011639286,8.146069938679243,True
lift_and_cruse,cruise_52,1500.0,111.0245130510688,6.23845737528809,11.938479275358763,8.162776974841844,True
lift_and_cruse,cruise_52,1500.0,111.0245130510688,6.2384573752880845,11.957069922672172,8.174338602593664,True
lift_and_cruse,cruise_52,1500.0,111.0245130510688,6.238457375288089,11.96370484787977,8.178464899764398,True
lift_and_cruse,cruise_53,1500.0,111.02441900401607,6.238468074050414,11.96370484787977,8.178464899764398,True
lift_and_cruse,cruise_53,1500.0,111.02441900401607,6.2384680740503,11.97033976746703,8.18259119693513,True
lift_and_cruse,cruise_53,1500.0,111.02441900401607,6.238468074050306,11.988930399032606,8.19415282468695,True
lift_and_cruse,cruise_53,1500.0,111.02441900401607,6.238468074050308,12.0157946399958,8.21085986084955,True
lift_and_cruse,cruise_53,1500.0,111.02441900401607,6.23846807405031,12.045611697965562,8.229403272012577,True
lift_and_cruse,cruise_53,1500.0,111.02441900401607,6.238468074050303,12.072475938928756,8.246110308175178,True
lift_and_cruse,cruise_53,1500.0,111.02441900401607,6.238468074050305,12.091066570494332,8.257671935926998,True
lift_and_cruse,cruise_53,1500.0,111.02441900401607,6.238468074050306,12.097701490081592,8.26179823309773,True
lift_and_cruse,cruise_54,1500.0,111.02432453176061,6.2384788212111655,12.097701490081592,8.26179823309773,True
lift_and_cruse,cruise_54,1500.0,111.02432453176061,6.238478821211031,12.104336404023107,8.265924530268462,True
lift_and_cruse,cruise_54,1500.0,111.02432453176061,6.238478821211026,12.12292701976965,8.277486158020285,True
lift_and_cruse,cruise_54,1500.0,111.02432453176061,6.23847882121103,12.14979123787368,8.294193194182885,True
lift_and_cruse,cruise_54,1500.0,111.02432453176061,6.2384788212110225,12.179608270471682,8.312736605345911,True
lift_and_cruse,cruise_54,1500.0,111.02432453176061,6.23847882121102,12.206472488575713,8.329443641508512,True
lift_and_cruse,cruise_54,1500.0,111.02432453176061,6.238478821211017,12.225063104322256,8.341005269260332,True
lift_and_cruse,cruise_54,1500.0,111.02432453176061,6.238478821211019,12.231698018263769,8.345131566431064,True
lift_and_cruse,cruise_55,1500.0,111.0242296304897,6.2384896172045945,12.231698018263769,8.345131566431064,True
lift_and_cruse,cruise_55,1500.0,111.0242296304897,6.238489617204502,12.238332926533898,8.349257863601796,True
lift_and_cruse,cruise_55,1500.0,111.0242296304897,6.238489617204494,12.25692352638957,8.360819491353617,True
lift_and_cruse,cruise_55,1500.0,111.0242296304897,6.238489617204499,12.283787721530631,8.377526527516217,True
lift_and_cruse,cruise_55,1500.0,111.0242296304897,6.2384896172044915,12.313604728641655,8.396069938679243,True
lift_and_cruse,cruise_55,1500.0,111.0242296304897,6.238489617204496,12.340468923782716,8.412776974841844,True
lift_and_cruse,cruise_55,1500.0,111.0242296304897,6.238489617204493,12.359059523638388,8.424338602593664,True
lift_and_cruse,cruise_55,1500.0,111.0242296304897,6.238489617204492,12.365694431908516,8.428464899764398,True
lift_and_cruse,cruise_56,1500.0,111.02413429633917,6.2385004624706255,12.365694431908516,8.428464899764398,True
lift_and_cruse,cruise_56,1500.0,111.02413429633917,6.238500462470514,12.372329334481387,8.43259119693513,True
lift_and_cruse,cruise_56,1500.0,111.02413429633917,6.23850046247051,12.390919918373708,8.44415282468695,True
lift_and_cruse,cruise_56,1500.0,111.02413429633917,6.238500462470509,12.417784090447054,8.46085986084955,True
lift_and_cruse,cruise_56,1500.0,111.02413429633917,6.238500462470507,12.447601071954846,8.479403272012577,True
lift_and_cruse,cruise_56,1500.0,111.02413429633917,6.238500462470511,12.47446524402819,8.496110308175178,True
lift_and_cruse,cruise_56,1500.0,111.02413429633917,6.238500462470507,12.49305582792051,8.507671935926998,True
lift_and_cruse,cruise_56,1500.0,111.02413429633917,6.238500462470507,12.499690730493384,8.51179823309773,True
lift_and_cruse,cruise_57,1500.0,111.02403852539277,6.23851135745521,12.499690730493384,8.51179823309773,True
lift_and_cruse,cruise_57,1500.0,111.02403852539277,6.238511357455091,12.5063256273429,8.515924530268462,True
lift_and_cruse,cruise_57,1500.0,111.02403852539277,6.238511357455103,12.524916195198724,8.527486158020285,True
lift_and_cruse,cruise_57,1500.0,111.02403852539277,6.238511357455099,12.551780344098665,8.544193194182885,True
lift_and_cruse,cruise_57,1500.0,111.02403852539277,6.2385113574550966,12.58159729988592,8.562736605345911,True
lift_and_cruse,cruise_57,1500.0,111.02403852539277,6.238511357455095,12.60846144878586,8.579443641508512,True
lift_and_cruse,cruise_57,1500.0,111.02403852539277,6.2385113574550966,12.627052016641688,8.591005269260332,True
lift_and_cruse,cruise_57,1500.0,111.02403852539277,6.238511357455086,12.633686913491202,8.595131566431064,True
lift_and_cruse,cruise_58,1500.0,111.02394231368098,6.23852230261029,12.633686913491202,8.595131566431064,True
lift_and_cruse,cruise_58,1500.0,111.02394231368098,6.238522302610187,12.640321804591018,8.599257863601796,True
lift_and_cruse,cruise_58,1500.0,111.02394231368098,6.238522302610192,12.658912356336547,8.610819491353617,True
lift_and_cruse,cruise_58,1500.0,111.02394231368098,6.238522302610183,12.685776481956431,8.627526527516217,True
lift_and_cruse,cruise_58,1500.0,111.02394231368098,6.238522302610184,12.715593411904774,8.646069938679243,True
lift_and_cruse,cruise_58,1500.0,111.02394231368098,6.238522302610184,12.74245753752466,8.662776974841846,True
lift_and_cruse,cruise_58,1500.0,111.02394231368098,6.238522302610191,12.761048089270188,8.674338602593664,True
lift_and_cruse,cruise_58,1500.0,111.02394231368098,6.238522302610181,12.767682980370004,8.678464899764398,True
lift_and_cruse,cruise_59,1500.0,111.02384565718026,6.238533298393978,12.767682980370004,8.678464899764398,True
lift_and_cruse,cruise_59,1500.0,111.02384565718026,6.238533298393884,12.77431786569354,8.68259119693513,True
lift_and_cruse,cruise_59,1500.0,111.02384565718026,6.238533298393881,12.792908401254293,8.694152824686949,True
lift_and_cruse,cruise_59,1500.0,111.02384565718026,6.238533298393883,12.819772503486496,8.71085986084955,True
lift_and_cruse,cruise_59,1500.0,111.02384565718026,6.238533298393879,12.849589407476474,8.729403272012577,True
lift_and_cruse,cruise_59,1500.0,111.02384565718026,6.2385332983938815,12.87645350970868,8.74611030817518,True
lift_and_cruse,cruise_59,1500.0,111.02384565718026,6.238533298393875,12.895044045269431,8.757671935926998,True
lift_and_cruse,cruise_59,1500.0,111.02384565718026,6.238533298393882,12.901678930592968,8.76179823309773,True
lift_and_cruse,cruise_60,1500.0,111.02374855181188,6.238544345270738,12.901678930592968,8.76179823309773,True
lift_and_cruse,cruise_60,1500.0,111.02374855181188,6.238544345270988,12.908313810113398,8.765924530268462,True
lift_and_cruse,cruise_60,1500.0,111.02374855181188,6.2385443452710065,12.926904329414214,8.777486158020283,True
lift_and_cruse,cruise_60,1500.0,111.02374855181188,6.238544345271034,12.953768408150129,8.794193194182885,True
lift_and_cruse,cruise_60,1500.0,111.02374855181188,6.238544345271059,12.98358528606119,8.812736605345911,True
lift_and_cruse,cruise_60,1500.0,111.02374855181188,6.2385443452710865,13.010449364797106,8.829443641508512,True
lift_and_cruse,cruise_60,1500.0,111.02374855181188,6.238544345271106,13.02903988409792,8.841005269260332,True
lift_and_cruse,cruise_60,1500.0,111.02374855181188,6.2385443452711185,13.035674763618351,8.845131566431064,True
lift_and_cruse,cruise_61,1500.0,111.02365099344102,6.23855544371127,13.035674763618351,8.845131566431064,True
lift_and_cruse,cruise_61,1500.0,111.02365099344102,6.238555443711567,13.042309637308604,8.849257863601796,True
lift_and_cruse,cruise_61,1500.0,111.02365099344102,6.238555443711595,13.06090014027363,8.860819491353617,True
lift_and_cruse,cruise_61,1500.0,111.02365099344102,6.238555443711632,13.08776419540364,8.877526527516217,True
lift_and_cruse,cruise_61,1500.0,111.02365099344102,6.238555443711663,13.117581047114127,8.896069938679243,True
lift_and_cruse,cruise_61,1500.0,111.02365099344102,6.238555443711702,13.144445102244141,8.912776974841846,True
lift_and_cruse,cruise_61,1500.0,111.02365099344102,6.238555443711722,13.163035605209163,8.924338602593664,True
lift_and_cruse,cruise_61,1500.0,111.02365099344102,6.238555443711741,13.16967047889942,8.928464899764398,True
lift_and_cruse,cruise_62,1500.0,107.8130598544844,6.620441652531304,13.16967047889942,8.928464899764398,True
lift_and_cruse,cruise_62,1500.0,107.8130598544844,6.620441652530521,13.176113484762526,8.93259119693513,True
lift_and_cruse,cruise_62,1500.0,107.8130598544844,6.620441652530522,13.194166386022381,8.944152824686949,True
lift_and_cruse,cruise_62,1500.0,107.8130598544844,6.620441652530519,13.220253584180162,8.96085986084955,True
lift_and_cruse,cruise_62,1500.0,107.8130598544844,6.6204416525305225,13.249208189702232,8.979403272012577,True
lift_and_cruse,cruise_62,1500.0,107.8130598544844,6.620441652531116,13.275295387860014,8.99611030817518,True
lift_and_cruse,cruise_62,1500.0,107.8130598544844,6.620441652530521,13.293348289119866,9.007671935926998,True
lift_and_cruse,cruise_62,1500.0,107.8130598544844,6.6204416525305225,13.299791294982974,9.01179823309773,True
lift_and_cruse,cruise_63,1500.0,107.8120382906466,6.620568676164321,13.299791294982974,9.01179823309773,True
lift_and_cruse,cruise_63,1500.0,107.8120382906466,6.62056867616432,13.306234239796504,9.015924530268462,True
lift_and_cruse,cruise_63,1500.0,107.8120382906466,6.6205686761643205,13.32428696999924,9.027486158020283,True
lift_and_cruse,cruise_63,1500.0,107.8120382906466,6.620568676164317,13.350373920972327,9.044193194182885,True
lift_and_cruse,cruise_63,1500.0,107.8120382906466,6.620568676164319,13.379328252140086,9.062736605345911,True
lift_and_cruse,cruise_63,1500.0,107.8120382906466,6.62056867616432,13.40541520311317,9.079443641508512,True
lift_and_cruse,cruise_63,1500.0,107.8120382906466,6.62056867616432,13.423467933315909,9.091005269260332,True
lift_and_cruse,cruise_63,1500.0,107.8120382906466,6.620568676164315,13.429910878129439,9.095131566431064,True
lift_and_cruse,cruise_64,1500.0,107.81101230980366,6.6206962526924515,13.429910878129439,9.095131566431064,True
lift_and_cruse,cruise_64,1500.0,107.81101230980366,6.6206962526924515,13.436353761629428,9.099257863601796,True
lift_and_cruse,cruise_64,1500.0,107.81101230980366,6.620696252692451,13.454406320035437,9.110819491353617,True
lift_and_cruse,cruise_64,1500.0,107.81101230980366,6.6206962526924515,13.48049302275506,9.127526527516217,True
lift_and_cruse,cruise_64,1500.0,107.81101230980366,6.620696252692453,13.50944707838226,9.146069938679243,True
lift_and_cruse,cruise_64,1500.0,107.81101230980366,6.620696252692773,13.535533781101883,9.162776974841846,True
lift_and_cruse,cruise_64,1500.0,107.81101230980366,6.620696252692452,13.553586339507893,9.174338602593664,True
lift_and_cruse,cruise_64,1500.0,107.81101230980366,6.620696252693213,13.56002922300788,9.178464899764398,True
lift_and_cruse,cruise_65,1500.0,107.80998187305714,6.6208243870223695,13.56002922300788,9.178464899764398,True
lift_and_cruse,cruise_65,1500.0,107.80998187305714,6.620824387010355,13.566472044928037,9.18259119693513,True
lift_and_cruse,cruise_65,1500.0,107.80998187305714,6.6208243872825685,13.584524430791197,9.194152824686949,True
lift_and_cruse,cruise_65,1500.0,107.80998187305714,6.620824387371572,13.610610884179172,9.21085986084955,True
lift_and_cruse,cruise_65,1500.0,107.80998187305714,6.620824387098532,13.639564663069125,9.229403272012577,True
lift_and_cruse,cruise_65,1500.0,107.80998187305714,6.620824387098371,13.665651116457102,9.24611030817518,True
lift_and_cruse,cruise_65,1500.0,107.80998187305714,6.620824387098255,13.68370350232026,9.257671935926998,True
lift_and_cruse,cruise_65,1500.0,107.80998187305714,6.620824387098211,13.690146324240416,9.26179823309773,True
lift_and_cruse,cruise_66,1500.0,107.80894694098983,6.62095308403608,13.690146324240416,9.26179823309773,True
lift_and_cruse,cruise_66,1500.0,107.80894694098983,6.620953084036097,13.696589084312098,9.265924530268462,True
lift_and_cruse,cruise_66,1500.0,107.80894694098983,6.620953084036057,13.71464129687968,9.277486158020283,True
lift_and_cruse,cruise_66,1500.0,107.80894694098983,6.620953084036057,13.740727499848292,9.294193194182885,True
lift_and_cruse,cruise_66,1500.0,107.80894694098983,6.620953084036079,13.76968100079372,9.312736605345911,True
lift_and_cruse,cruise_66,1500.0,107.80894694098983,6.620953084036057,13.795767203762333,9.329443641508512,True
lift_and_cruse,cruise_66,1500.0,107.80894694098983,6.620953084036057,13.813819416329913,9.341005269260332,True
lift_and_cruse,cruise_66,1500.0,107.80894694098983,6.620953084036062,13.820262176401593,9.345131566431064,True
lift_and_cruse,cruise_67,1500.0,107.80790747365609,6.621082349199971,13.820262176401593,9.345131566431064,True
lift_and_cruse,cruise_67,1500.0,107.80790747365609,6.621082348803612,13.82670487435377,9.349257863601796,True
lift_and_cruse,cruise_67,1500.0,107.80790747365609,6.62108234880366,13.844756912866359,9.360819491353617,True
lift_and_cruse,cruise_67,1500.0,107.80790747365609,6.62108234880373,13.870842864318222,9.377526527516217,True
lift_and_cruse,cruise_67,1500.0,107.80790747365609,6.621082348803809,13.89979608610112,9.396069938679243,True
lift_and_cruse,cruise_67,1500.0,107.80790747365609,6.6210823488038875,13.925882037552983,9.412776974841846,True
lift_and_cruse,cruise_67,1500.0,107.80790747365609,6.621082348803928,13.943934076065572,9.424338602593664,True
lift_and_cruse,cruise_67,1500.0,107.80790747365609,6.621082348803952,13.950376774017748,9.428464899764398,True
lift_and_cruse,cruise_68,1500.0,107.80686343057269,6.621212183637861,13.950376774017748,9.428464899764398,True
lift_and_cruse,cruise_68,1500.0,107.80686343057269,6.621212190956688,13.956819409576964,9.43259119693513,True
lift_and_cruse,cruise_68,1500.0,107.80686343057269,6.621212190960857,13.97487127326837,9.444152824686949,True
lift_and_cruse,cruise_68,1500.0,107.80686343057269,6.621212190973662,14.000956972096304,9.46085986084955,True
lift_and_cruse,cruise_68,1500.0,107.80686343057269,6.621212190981889,14.029909913487794,9.479403272012577,True
lift_and_cruse,cruise_68,1500.0,107.80686343057269,6.621212190983566,14.055995612315728,9.49611030817518,True
lift_and_cruse,cruise_68,1500.0,107.80686343057269,6.621212190987014,14.074047476007136,9.507671935926998,True
lift_and_cruse,cruise_68,1500.0,107.80686343057269,6.621212190983351,14.080490111566352,9.51179823309773,True
lift_and_cruse,cruise_69,1500.0,107.80581477070896,6.621342652092604,14.080490111566352,9.51179823309773,True
lift_and_cruse,cruise_69,1500.0,107.80581477070896,6.621342593528049,14.086932684456707,9.515924530268462,True
lift_and_cruse,cruise_69,1500.0,107.80581477070896,6.621342593557421,14.104984372553869,9.527486158020283,True
lift_and_cruse,cruise_69,1500.0,107.80581477070896,6.621342593596122,14.131069817640766,9.544193194182885,True
lift_and_cruse,cruise_69,1500.0,107.80581477070896,6.621342593636066,14.160022477400949,9.562736605345911,True
lift_and_cruse,cruise_69,1500.0,107.80581477070896,6.621342593677441,14.186107922487846,9.579443641508512,True
lift_and_cruse,cruise_69,1500.0,107.80581477070896,6.621342593705573,14.204159610585007,9.591005269260332,True
lift_and_cruse,cruise_69,1500.0,107.80581477070896,6.621342593717543,14.210602183475363,9.595131566431064,True
lift_and_cruse,cruise_70,1500.0,107.80476145247684,6.621473601032752,14.210602183475363,9.595131566431064,True
lift_and_cruse,cruise_70,1500.0,107.80476145247684,6.62147360082635,14.217044693418469,9.599257863601796,True
lift_and_cruse,cruise_70,1500.0,107.80476145247684,6.62147360082635,14.235096205141357,9.610819491353617,True
lift_and_cruse,cruise_70,1500.0,107.80476145247684,6.62147360082635,14.261181395360046,9.627526527516217,True
lift_and_cruse,cruise_70,1500.0,107.80476145247684,6.6214736008263495,14.290133772237859,9.646069938679243,True
lift_and_cruse,cruise_70,1500.0,107.80476145247684,6.621473600826347,14.316218962456547,9.662776974841846,True
lift_and_cruse,cruise_70,1500.0,107.80476145247684,6.62147360082635,14.334270474179435,9.674338602593664,True
lift_and_cruse,cruise_70,1500.0,107.80476145247684,6.6214736008263495,14.340712984122542,9.678464899764398,True
lift_and_cruse,cruise_71,1500.0,107.80370343372064,6.621605235357184,14.340712984122542,9.678464899764398,True
lift_and_cruse,cruise_71,1500.0,107.80370343372064,6.621605180686249,14.347155430837491,9.68259119693513,True
lift_and_cruse,cruise_71,1500.0,107.80370343372064,6.621605180711942,14.365206765399021,9.694152824686949,True
lift_and_cruse,cruise_71,1500.0,107.80370343372064,6.621605180756933,14.391291699612129,9.71085986084955,True
lift_and_cruse,cruise_71,1500.0,107.80370343372064,6.621605180804199,14.420243792345186,9.729403272012577,True
lift_and_cruse,cruise_71,1500.0,107.80370343372064,6.621605180850098,14.446328726558294,9.74611030817518,True
lift_and_cruse,cruise_71,1500.0,107.80370343372064,6.621605180874489,14.464380061119824,9.757671935926998,True
lift_and_cruse,cruise_71,1500.0,107.80370343372064,6.621605180892268,14.470822507834773,9.76179823309773,True
lift_and_cruse,cruise_72,1500.0,107.8026406717068,6.621737392948363,14.470822507834773,9.76179823309773,True
lift_and_cruse,cruise_72,1500.0,107.8026406717068,6.621737363193427,14.477264891038105,9.765924530268462,True
lift_and_cruse,cruise_72,1500.0,107.8026406717068,6.621737363173226,14.495316047644035,9.777486158020283,True
lift_and_cruse,cruise_72,1500.0,107.8026406717068,6.621737363154517,14.521400724703852,9.794193194182885,True
lift_and_cruse,cruise_72,1500.0,107.8026406717068,6.621737363143995,14.550352532018287,9.812736605345911,True
lift_and_cruse,cruise_72,1500.0,107.8026406717068,6.6217373631198635,14.576437209078103,9.829443641508512,True
lift_and_cruse,cruise_72,1500.0,107.8026406717068,6.621737363101187,14.594488365684034,9.841005269260332,True
lift_and_cruse,cruise_72,1500.0,107.8026406717068,6.621737363096671,14.600930748887363,9.845131566431064,True
lift_and_cruse,cruise_73,1500.0,107.80157312311306,6.621870165997064,14.600930748887363,9.845131566431064,True
lift_and_cruse,cruise_73,1500.0,107.80157312311306,6.621870143798696,14.607373068293027,9.849257863601796,True
lift_and_cruse,cruise_73,1500.0,107.80157312311306,6.621870143898866,14.62542404614186,9.860819491353617,True
lift_and_cruse,cruise_73,1500.0,107.80157312311306,6.621870144060828,14.651508464890192,9.877526527516217,True
lift_and_cruse,cruise_73,1500.0,107.80157312311306,6.621870144241495,14.680459985500509,9.896069938679243,True
lift_and_cruse,cruise_73,1500.0,107.80157312311306,6.621870144401426,14.706544404248838,9.912776974841846,True
lift_and_cruse,cruise_73,1500.0,107.80157312311306,6.621870144523981,14.724595382097675,9.924338602593664,True
lift_and_cruse,cruise_73,1500.0,107.80157312311306,6.621870144557917,14.731037701503336,9.928464899764398,True
lift_and_cruse,cruise_74,1500.0,107.8005007440178,6.622003532995301,14.731037701503336,9.928464899764398,True
lift_and_cruse,cruise_74,1500.0,107.8005007440178,6.622003534951317,14.737479956822655,9.93259119693513,True
lift_and_cruse,cruise_74,1500.0,107.8005007440178,6.622003534951199,14.755530755105546,9.944152824686949,True
lift_and_cruse,cruise_74,1500.0,107.8005007440178,6.622003534951231,14.781614914373568,9.96085986084955,True
lift_and_cruse,cruise_74,1500.0,107.8005007440178,6.622003534951185,14.810566146982472,9.979403272012577,True
lift_and_cruse,cruise_74,1500.0,107.8005007440178,6.622003534951002,14.836650306250492,9.99611030817518,True
lift_and_cruse,cruise_74,1500.0,107.8005007440178,6.622003534951054,14.854701104533383,10.007671935926998,True
lift_and_cruse,cruise_74,1500.0,107.8005007440178,6.622003534951033,14.861143359852703,10.01179823309773,True
lift_and_cruse,cruise_75,1500.0,107.79942348988855,6.6221375308146015,14.861143359852703,10.01179823309773,True
lift_and_cruse,cruise_75,1500.0,107.79942348988855,6.622137530814593,14.867585550794344,10.015924530268462,True
lift_and_cruse,cruise_75,1500.0,107.79942348988855,6.6221375308145936,14.885636168694981,10.027486158020283,True
lift_and_cruse,cruise_75,1500.0,107.79942348988855,6.6221375308145936,14.9117200673031,10.044193194182885,True
lift_and_cruse,cruise_75,1500.0,107.79942348988855,6.622137530814596,14.940671010601335,10.062736605345911,True
lift_and_cruse,cruise_75,1500.0,107.79942348988855,6.622137530814598,14.96675490920945,10.079443641508512,True
lift_and_cruse,cruise_75,1500.0,107.79942348988855,6.6221375308145936,14.984805527110092,10.091005269260332,True
lift_and_cruse,cruise_75,1500.0,107.79942348988855,6.622137530814597,14.99124771805173,10.095131566431064,True
lift_and_cruse,cruise_76,1500.0,107.79834131557098,6.622272141806755,14.99124771805173,10.095131566431064,True
lift_and_cruse,cruise_76,1500.0,107.79834131557098,6.622272140224528,14.997689844321654,10.099257863601796,True
lift_and_cruse,cruise_76,1500.0,107.79834131557098,6.622272140221633,15.015740281016175,10.110819491353617,True
lift_and_cruse,cruise_76,1500.0,107.79834131557098,6.6222721402234574,15.041823917773867,10.127526527516217,True
lift_and_cruse,cruise_76,1500.0,107.79834131557098,6.622272140224516,15.07077457044005,10.146069938679243,True
lift_and_cruse,cruise_76,1500.0,107.79834131557098,6.622272140221333,15.09685820719774,10.162776974841846,True
lift_and_cruse,cruise_76,1500.0,107.79834131557098,6.622272140223429,15.114908643892262,10.174338602593664,True
lift_and_cruse,cruise_76,1500.0,107.79834131557098,6.622272140223598,15.121350770162186,10.178464899764398,True
lift_and_cruse,cruise_77,1500.0,107.79725417527696,6.622407376300977,15.121350770162186,10.178464899764398,True
lift_and_cruse,cruise_77,1500.0,107.79725417527696,6.622407376300979,15.127792831463626,10.18259119693513,True
lift_and_cruse,cruise_77,1500.0,107.79725417527696,6.622407376301418,15.145843086120493,10.194152824686949,True
lift_and_cruse,cruise_77,1500.0,107.79725417527696,6.622407376301056,15.171926459826151,10.21085986084955,True
lift_and_cruse,cruise_77,1500.0,107.79725417527696,6.622407376301314,15.200876820526611,10.229403272012577,True
lift_and_cruse,cruise_77,1500.0,107.79725417527696,6.622407376301738,15.226960194232271,10.24611030817518,True
lift_and_cruse,cruise_77,1500.0,107.79725417527696,6.622407376300978,15.24501044888914,10.257671935926998,True
lift_and_cruse,cruise_77,1500.0,107.79725417527696,6.622407376301151,15.251452510190578,10.26179823309773,True
lift_and_cruse,cruise_78,1500.0,107.79616202257266,6.622543237644844,15.251452510190578,10.26179823309773,True
lift_and_cruse,cruise_78,1500.0,107.79616202257266,6.622543237644502,15.257894506223984,10.265924530268462,True
lift_and_cruse,cruise_78,1500.0,107.79616202257266,6.622543237644748,15.27594457800389,10.277486158020283,True
lift_and_cruse,cruise_78,1500.0,107.79616202257266,6.622543237644501,15.302027687444681,10.294193194182885,True
lift_and_cruse,cruise_78,1500.0,107.79616202257266,6.622543237644738,15.330977754833265,10.312736605345911,True
lift_and_cruse,cruise_78,1500.0,107.79616202257266,6.622543237644659,15.357060864274056,10.329443641508512,True
lift_and_cruse,cruise_78,1500.0,107.79616202257266,6.622543237645122,15.37511093605396,10.341005269260332,True
lift_and_cruse,cruise_78,1500.0,107.79616202257266,6.622543237645209,15.381552932087368,10.345131566431064,True
lift_and_cruse,cruise_79,1500.0,107.7950648103664,6.62267973258199,15.381552932087368,10.345131566431064,True
lift_and_cruse,cruise_79,1500.0,107.7950648103664,6.622679732582999,15.387994862550382,10.349257863601796,True
lift_and_cruse,cruise_79,1500.0,107.7950648103664,6.622679732581989,15.40604475060613,10.360819491353617,True
lift_and_cruse,cruise_79,1500.0,107.7950648103664,6.622679732582686,15.43212759455782,10.377526527516217,True
lift_and_cruse,cruise_79,1500.0,107.7950648103664,6.622679732582561,15.461077367275733,10.396069938679243,True
lift_and_cruse,cruise_79,1500.0,107.7950648103664,6.622679732582241,15.487160211227424,10.412776974841846,True
lift_and_cruse,cruise_79,1500.0,107.7950648103664,6.622679732582393,15.505210099283174,10.424338602593664,True
lift_and_cruse,cruise_79,1500.0,107.7950648103664,6.6226797325819895,15.511652029746188,10.428464899764398,True
lift_and_cruse,cruise_80,1500.0,107.79396249089599,6.622816867113867,15.511652029746188,10.428464899764398,True
lift_and_cruse,cruise_80,1500.0,107.79396249089599,6.6228168671148735,15.518093894333592,10.43259119693513,True
lift_and_cruse,cruise_80,1500.0,107.79396249089599,6.622816867114166,15.536143597809989,10.444152824686949,True
lift_and_cruse,cruise_80,1500.0,107.79396249089599,6.622816867113871,15.562226175036791,10.46085986084955,True
lift_and_cruse,cruise_80,1500.0,107.79396249089599,6.622816867113872,15.591175651712412,10.479403272012577,True
lift_and_cruse,cruise_80,1500.0,107.79396249089599,6.622816867114358,15.617258228939216,10.49611030817518,True
lift_and_cruse,cruise_80,1500.0,107.79396249089599,6.62281686711387,15.635307932415612,10.507671935926998,True
lift_and_cruse,cruise_80,1500.0,107.79396249089599,6.622816867113871,15.641749797003017,10.51179823309773,True
lift_and_cruse,cruise_81,1500.0,107.79285501571613,6.622954647326574,15.641749797003017,10.51179823309773,True
lift_and_cruse,cruise_81,1500.0,107.79285501571613,6.622954647326722,15.648191595406706,10.515924530268462,True
lift_and_cruse,cruise_81,1500.0,107.79285501571613,6.622954647326621,15.666241113440448,10.527486158020283,True
lift_and_cruse,cruise_81,1500.0,107.79285501571613,6.622954647326743,15.69232342269485,10.544193194182885,True
lift_and_cruse,cruise_81,1500.0,107.79285501571613,6.622954647326571,15.721272601943545,10.562736605345911,True
lift_and_cruse,cruise_81,1500.0,107.79285501571613,6.622954647326574,15.747354911197945,10.579443641508512,True
lift_and_cruse,cruise_81,1500.0,107.79285501571613,6.622954647326687,15.765404429231689,10.591005269260332,True
lift_and_cruse,cruise_81,1500.0,107.79285501571613,6.62295464732689,15.771846227635375,10.595131566431064,True
lift_and_cruse,cruise_82,1500.0,107.79174233568492,6.6230930816462195,15.771846227635375,10.595131566431064,True
lift_and_cruse,cruise_82,1500.0,107.79174233568492,6.623093079415801,15.7782879595443,10.599257863601796,True
lift_and_cruse,cruise_82,1500.0,107.79174233568492,6.623093079415822,15.796337291263855,10.610819491353617,True
lift_and_cruse,cruise_82,1500.0,107.79174233568492,6.6230930794158684,15.822419331286453,10.627526527516217,True
lift_and_cruse,cruise_82,1500.0,107.79174233568492,6.623093079415915,15.851368211710392,10.646069938679243,True
lift_and_cruse,cruise_82,1500.0,107.79174233568492,6.623093079415954,15.87745025173299,10.662776974841846,True
lift_and_cruse,cruise_82,1500.0,107.79174233568492,6.623093079415987,15.895499583452544,10.674338602593664,True
lift_and_cruse,cruise_82,1500.0,107.79174233568492,6.623093079416,15.90194131536147,10.678464899764398,True
lift_and_cruse,cruise_83,1500.0,107.79062440095085,6.623232169583228,15.90194131536147,10.678464899764398,True
lift_and_cruse,cruise_83,1500.0,107.79062440095085,6.623232169583763,15.908382980461605,10.68259119693513,True
lift_and_cruse,cruise_83,1500.0,107.79062440095085,6.623232169583772,15.92643212498709,10.694152824686949,True
lift_and_cruse,cruise_83,1500.0,107.79062440095085,6.623232169583785,15.952513894506419,10.71085986084955,True
lift_and_cruse,cruise_83,1500.0,107.79062440095085,6.623232169583796,15.981462474694382,10.729403272012577,True
lift_and_cruse,cruise_83,1500.0,107.79062440095085,6.623232169583811,16.00754424421371,10.74611030817518,True
lift_and_cruse,cruise_83,1500.0,107.79062440095085,6.623232169583819,16.0255933887392,10.757671935926998,True
lift_and_cruse,cruise_83,1500.0,107.79062440095085,6.623232169583822,16.032035053839333,10.76179823309773,True
lift_and_cruse,cruise_84,1500.0,107.7895011609386,6.623371924252206,16.032035053839333,10.76179823309773,True
lift_and_cruse,cruise_84,1500.0,107.7895011609386,6.623371924254931,16.03847665181363,10.765924530268462,True
lift_and_cruse,cruise_84,1500.0,107.7895011609386,6.623371924254976,16.056525608256695,10.777486158020283,True
lift_and_cruse,cruise_84,1500.0,107.7895011609386,6.623371924255043,16.08260710598906,10.794193194182885,True
lift_and_cruse,cruise_84,1500.0,107.7895011609386,6.623371924255123,16.111555384516244,10.812736605345911,True
lift_and_cruse,cruise_84,1500.0,107.7895011609386,6.623371924255189,16.137636882248607,10.829443641508512,True
lift_and_cruse,cruise_84,1500.0,107.7895011609386,6.6233719242552365,16.15568583869167,10.841005269260332,True
lift_and_cruse,cruise_84,1500.0,107.7895011609386,6.6233719242552525,16.16212743666597,10.845131566431064,True
lift_and_cruse,cruise_85,1500.0,107.78837256433526,6.623512349842163,16.16212743666597,10.845131566431064,True
lift_and_cruse,cruise_85,1500.0,107.78837256433526,6.623512349828924,16.168568967194314,10.849257863601796,True
lift_and_cruse,cruise_85,1500.0,107.78837256433526,6.623512349829327,16.18661773465802,10.860819491353617,True
lift_and_cruse,cruise_85,1500.0,107.78837256433526,6.623512349829973,16.212698959307296,10.877526527516217,True
lift_and_cruse,cruise_85,1500.0,107.78837256433526,6.623512349830646,16.24164693473512,10.896069938679243,True
lift_and_cruse,cruise_85,1500.0,107.78837256433526,6.623512349831371,16.267728159384394,10.912776974841846,True
lift_and_cruse,cruise_85,1500.0,107.78837256433526,6.623512349831783,16.2857769268481,10.924338602593664,True
lift_and_cruse,cruise_85,1500.0,107.78837256433526,6.623512349831932,16.292218457376446,10.928464899764398,True
lift_and_cruse,cruise_86,1500.0,107.7872385590756,6.623653453005245,16.292218457376446,10.928464899764398,True
lift_and_cruse,cruise_86,1500.0,107.7872385590756,6.623653453066188,16.29865992013561,10.93259119693513,True
lift_and_cruse,cruise_86,1500.0,107.7872385590756,6.623653453067388,16.3167084977143,10.944152824686949,True
lift_and_cruse,cruise_86,1500.0,107.7872385590756,6.623653453068625,16.342789447971768,10.96085986084955,True
lift_and_cruse,cruise_86,1500.0,107.7872385590756,6.623653453070338,16.37173711884767,10.979403272012577,True
lift_and_cruse,cruise_86,1500.0,107.7872385590756,6.6236534530716975,16.39781806910514,10.99611030817518,True
lift_and_cruse,cruise_86,1500.0,107.7872385590756,6.6236534530725715,16.415866646683828,11.007671935926998,True
lift_and_cruse,cruise_86,1500.0,107.7872385590756,6.6236534530730244,16.422308109442994,11.01179823309773,True
lift_and_cruse,cruise_87,1500.0,107.7860990923275,6.6237952403598195,16.422308109442994,11.01179823309773,True
lift_and_cruse,cruise_87,1500.0,107.7860990923275,6.623795240607648,16.428749504106595,11.015924530268462,True
lift_and_cruse,cruise_87,1500.0,107.7860990923275,6.6237952406096525,16.446797890885758,11.027486158020283,True
lift_and_cruse,cruise_87,1500.0,107.7860990923275,6.623795240612407,16.472878565429927,11.044193194182885,True
lift_and_cruse,cruise_87,1500.0,107.7860990923275,6.623795240615763,16.501825930287147,11.062736605345911,True
lift_and_cruse,cruise_87,1500.0,107.7860990923275,6.623795240618629,16.527906604831315,11.079443641508512,True
lift_and_cruse,cruise_87,1500.0,107.7860990923275,6.623795240620739,16.545954991610476,11.091005269260332,True
lift_and_cruse,cruise_87,1500.0,107.7860990923275,6.623795240621309,16.55239638627408,11.095131566431064,True
lift_and_cruse,cruise_88,1500.0,107.78495411047658,6.623937718495214,16.55239638627408,11.095131566431064,True
lift_and_cruse,cruise_88,1500.0,107.78495411047658,6.623937718939687,16.55883771251253,11.099257863601796,True
lift_and_cruse,cruise_88,1500.0,107.78495411047658,6.623937718942139,16.576885907568684,11.110819491353617,True
lift_and_cruse,cruise_88,1500.0,107.78495411047658,6.6239377189462285,16.602966305065074,11.127526527516217,True
lift_and_cruse,cruise_88,1500.0,107.78495411047658,6.623937718950655,16.631913362422463,11.146069938679243,True
lift_and_cruse,cruise_88,1500.0,107.78495411047658,6.623937718954524,16.657993759918856,11.162776974841846,True
lift_and_cruse,cruise_88,1500.0,107.78495411047658,6.6239377189577064,16.67604195497501,11.174338602593664,True
lift_and_cruse,cruise_88,1500.0,107.78495411047658,6.623937718958617,16.68248328121346,11.178464899764398,True
lift_and_cruse,cruise_89,1500.0,107.78380355911072,6.6240808940301035,16.68248328121346,11.178464899764398,True
lift_and_cruse,cruise_89,1500.0,107.78380355911072,6.624080894336091,16.688924538693925,11.18259119693513,True
lift_and_cruse,cruise_89,1500.0,107.78380355911072,6.624080894338256,16.70697254109447,11.194152824686949,True
lift_and_cruse,cruise_89,1500.0,107.78380355911072,6.624080894340848,16.733052660195447,11.21085986084955,True
lift_and_cruse,cruise_89,1500.0,107.78380355911072,6.624080894344036,16.76199940855724,11.229403272012577,True
lift_and_cruse,cruise_89,1500.0,107.78380355911072,6.62408089434689,16.78807952765822,11.24611030817518,True
lift_and_cruse,cruise_89,1500.0,107.78380355911072,6.62408089434877,16.806127530058763,11.257671935926998,True
lift_and_cruse,cruise_89,1500.0,107.78380355911072,6.624080894349471,16.812568787539227,11.26179823309773,True
lift_and_cruse,cruise_90,1500.0,107.78264738300403,6.624224774254511,16.812568787539227,11.26179823309773,True
lift_and_cruse,cruise_90,1500.0,107.78264738300403,6.624224774496503,16.819009975925564,11.265924530268462,True
lift_and_cruse,cruise_90,1500.0,107.78264738300403,6.624224774498055,16.837057784728664,11.277486158020283,True
lift_and_cruse,cruise_90,1500.0,107.78264738300403,6.624224774500276,16.86313762407323,11.294193194182885,True
lift_and_cruse,cruise_90,1500.0,107.78264738300403,6.624224774502906,16.89208406192882,11.312736605345911,True
lift_and_cruse,cruise_90,1500.0,107.78264738300403,6.624224774505157,16.918163901273385,11.329443641508512,True
lift_and_cruse,cruise_90,1500.0,107.78264738300403,6.6242247745069145,16.936211710076485,11.341005269260332,True
lift_and_cruse,cruise_90,1500.0,107.78264738300403,6.624224774507392,16.942652898462818,11.345131566431064,True
lift_and_cruse,cruise_91,1500.0,107.7814855261007,6.624369365876486,16.942652898462818,11.345131566431064,True
lift_and_cruse,cruise_91,1500.0,107.7814855261007,6.624369365886617,16.949094017415536,11.349257863601796,True
lift_and_cruse,cruise_91,1500.0,107.7814855261007,6.62436936588669,16.96714163166996,11.360819491353617,True
lift_and_cruse,cruise_91,1500.0,107.7814855261007,6.624369365878915,16.993221189883542,11.377526527516217,True
lift_and_cruse,cruise_91,1500.0,107.7814855261007,6.6243693658790415,17.02216731570729,11.396069938679243,True
lift_and_cruse,cruise_91,1500.0,107.7814855261007,6.624369365879154,17.04824687392087,11.412776974841846,True
lift_and_cruse,cruise_91,1500.0,107.7814855261007,6.624369365879233,17.0662944881753,11.424338602593664,True
lift_and_cruse,cruise_91,1500.0,107.7814855261007,6.6243693658792635,17.072735607128013,11.428464899764398,True
lift_and_cruse,cruise_92,1500.0,107.78031793149789,6.6245146766207235,17.072735607128013,11.428464899764398,True
lift_and_cruse,cruise_92,1500.0,107.78031793149789,6.624514676624547,17.07917665630422,11.43259119693513,True
lift_and_cruse,cruise_92,1500.0,107.78031793149789,6.6245146766245995,17.097224075049215,11.444152824686949,True
lift_and_cruse,cruise_92,1500.0,107.78031793149789,6.6245146766246785,17.123303350743484,11.46085986084955,True
lift_and_cruse,cruise_92,1500.0,107.78031793149789,6.624514676624757,17.152249162994448,11.479403272012577,True
lift_and_cruse,cruise_92,1500.0,107.78031793149789,6.62451467662484,17.178328438688713,11.49611030817518,True
lift_and_cruse,cruise_92,1500.0,107.78031793149789,6.624514676624896,17.196375857433708,11.507671935926998,True
lift_and_cruse,cruise_92,1500.0,107.78031793149789,6.624514676624911,17.202816906609915,11.51179823309773,True
lift_and_cruse,cruise_93,1500.0,107.77914454142886,6.624660713438281,17.202816906609915,11.51179823309773,True
lift_and_cruse,cruise_93,1500.0,107.77914454142886,6.62466071344031,17.209257885663273,11.515924530268462,True
lift_and_cruse,cruise_93,1500.0,107.77914454142886,6.624660713440346,17.227305107928405,11.527486158020283,True
lift_and_cruse,cruise_93,1500.0,107.77914454142886,6.624660713440389,17.253384099701048,11.544193194182885,True
lift_and_cruse,cruise_93,1500.0,107.77914454142886,6.624660713440439,17.28232959682278,11.562736605345911,True
lift_and_cruse,cruise_93,1500.0,107.77914454142886,6.624660713440482,17.308408588595423,11.579443641508512,True
lift_and_cruse,cruise_93,1500.0,107.77914454142886,6.62466071344051,17.326455810860555,11.591005269260332,True
lift_and_cruse,cruise_93,1500.0,107.77914454142886,6.624660713440524,17.332896789913914,11.595131566431064,True
lift_and_cruse,cruise_94,1500.0,107.77796529724523,6.624807483701769,17.332896789913914,11.595131566431064,True
lift_and_cruse,cruise_94,1500.0,107.77796529724523,6.62480748370267,17.339337698494575,11.599257863601796,True
lift_and_cruse,cruise_94,1500.0,107.77796529724523,6.624807483702684,17.357384723299592,11.610819491353617,True
lift_and_cruse,cruise_94,1500.0,107.77796529724523,6.624807483702708,17.383463429734107,11.627526527516217,True
lift_and_cruse,cruise_94,1500.0,107.77796529724523,6.6248074837027335,17.41240861015441,11.646069938679243,True
lift_and_cruse,cruise_94,1500.0,107.77796529724523,6.624807483702756,17.438487316588922,11.662776974841846,True
lift_and_cruse,cruise_94,1500.0,107.77796529724523,6.624807483702773,17.456534341393944,11.674338602593664,True
lift_and_cruse,cruise_94,1500.0,107.77796529724523,6.624807483702776,17.462975249974605,11.678464899764398,True
lift_and_cruse,cruise_95,1500.0,107.77678013939878,6.624954994893707,17.462975249974605,11.678464899764398,True
lift_and_cruse,cruise_95,1500.0,107.77678013939878,6.624954994855886,17.46941608772916,11.68259119693513,True
lift_and_cruse,cruise_95,1500.0,107.77678013939878,6.624954994877241,17.48746291408385,11.694152824686949,True
lift_and_cruse,cruise_95,1500.0,107.77678013939878,6.6249549948544475,17.513541333749323,11.71085986084955,True
lift_and_cruse,cruise_95,1500.0,107.77678013939878,6.624954994891093,17.542486195880006,11.729403272012577,True
lift_and_cruse,cruise_95,1500.0,107.77678013939878,6.624954994865059,17.56856461554548,11.74611030817518,True
lift_and_cruse,cruise_95,1500.0,107.77678013939878,6.624954994882721,17.586611441900168,11.757671935926998,True
lift_and_cruse,cruise_95,1500.0,107.77678013939878,6.624954994893707,17.593052279654724,11.76179823309773,True
lift_and_cruse,cruise_96,1500.0,107.77558900742308,6.625103254618255,17.593052279654724,11.76179823309773,True
lift_and_cruse,cruise_96,1500.0,107.77558900742308,6.62510325461825,17.599493046226158,11.765924530268462,True
lift_and_cruse,cruise_96,1500.0,107.77558900742308,6.625103254618253,17.61753967313017,11.777486158020283,True
lift_and_cruse,cruise_96,1500.0,107.77558900742308,6.6251032546182484,17.643617804581062,11.794193194182885,True
lift_and_cruse,cruise_96,1500.0,107.77558900742308,6.625103254618528,17.672562346817696,11.812736605345911,True
lift_and_cruse,cruise_96,1500.0,107.77558900742308,6.625103254618653,17.698640478268587,11.829443641508512,True
lift_and_cruse,cruise_96,1500.0,107.77558900742308,6.625103254618315,17.716687105172596,11.841005269260332,True
lift_and_cruse,cruise_96,1500.0,107.77558900742308,6.625103254619193,17.72312787174403,11.845131566431064,True
lift_and_cruse,cruise_97,1500.0,107.77439183991423,6.625252270590858,17.72312787174403,11.845131566431064,True
lift_and_cruse,cruise_97,1500.0,107.77439183991423,6.62525227058409,17.72956856677165,11.849257863601796,True
lift_and_cruse,cruise_97,1500.0,107.77439183991423,6.625252270565793,17.747614993214356,11.860819491353617,True
lift_and_cruse,cruise_97,1500.0,107.77439183991423,6.625252270564332,17.773692834990268,11.877526527516217,True
lift_and_cruse,cruise_97,1500.0,107.77439183991423,6.6252522705667545,17.80263705571193,11.896069938679243,True
lift_and_cruse,cruise_97,1500.0,107.77439183991423,6.625252270589108,17.828714897487842,11.912776974841846,True
lift_and_cruse,cruise_97,1500.0,107.77439183991423,6.625252270576163,17.846761323930544,11.924338602593664,True
lift_and_cruse,cruise_97,1500.0,107.77439183991423,6.6252522705534505,17.853202018958168,11.928464899764398,True
lift_and_cruse,cruise_98,1500.0,107.77318857451158,6.625402050647885,17.853202018958168,11.928464899764398,True
lift_and_cruse,cruise_98,1500.0,107.77318857451158,6.625402050602813,17.85964264207756,11.93259119693513,True
lift_and_cruse,cruise_98,1500.0,107.77318857451158,6.625402050628007,17.87768886703789,11.944152824686949,True
lift_and_cruse,cruise_98,1500.0,107.77318857451158,6.625402050602517,17.903766417663327,11.96085986084955,True
lift_and_cruse,cruise_98,1500.0,107.77318857451158,6.625402050641377,17.93271031523235,11.979403272012577,True
lift_and_cruse,cruise_98,1500.0,107.77318857451158,6.625402050618646,17.95878786585779,11.99611030817518,True
lift_and_cruse,cruise_98,1500.0,107.77318857451158,6.625402050618735,17.97683409081812,12.007671935926998,True
lift_and_cruse,cruise_98,1500.0,107.77318857451158,6.6254020506478835,17.98327471393751,12.01179823309773,True
lift_and_cruse,cruise_99,1500.0,107.77197914787752,6.625552602759055,17.98327471393751,12.01179823309773,True
lift_and_cruse,cruise_99,1500.0,107.77197914787752,6.625552602753657,17.98971526478048,12.015924530268462,True
lift_and_cruse,cruise_99,1500.0,107.77197914787752,6.6255526027536575,18.007761287226753,12.027486158020283,True
lift_and_cruse,cruise_99,1500.0,107.77197914787752,6.625552602753657,18.033838545210912,12.044193194182885,True
lift_and_cruse,cruise_99,1500.0,107.77197914787752,6.625552602753851,18.06278211797261,12.062736605345911,True
lift_and_cruse,cruise_99,1500.0,107.77197914787752,6.625552602754006,18.08885937595677,12.079443641508512,True
lift_and_cruse,cruise_99,1500.0,107.77197914787752,6.625552602753657,18.106905398403047,12.091005269260332,True
lift_and_cruse,cruise_99,1500.0,107.77197914787752,6.625552602753656,18.11334594924601,12.095131566431064,True
lift_and_cruse,cruise_100,1500.0,107.7707634956769,6.625703934994881,18.11334594924601,12.095131566431064,True
lift_and_cruse,cruise_100,1500.0,107.7707634956769,6.625703934994881,18.119786427440502,12.099257863601796,True
lift_and_cruse,cruise_100,1500.0,107.7707634956769,6.625703934994879,18.13783224633028,12.110819491353617,True
lift_and_cruse,cruise_100,1500.0,107.7707634956769,6.6257039349918605,18.16390921016677,12.127526527516217,True
lift_and_cruse,cruise_100,1500.0,107.7707634956769,6.625703934993865,18.19285245644919,12.146069938679243,True
lift_and_cruse,cruise_100,1500.0,107.7707634956769,6.625703934984444,18.218929420285683,12.162776974841846,True
lift_and_cruse,cruise_100,1500.0,107.7707634956769,6.625703934994881,18.236975239175457,12.174338602593664,True
lift_and_cruse,cruise_100,1500.0,107.7707634956769,6.625703934994884,18.243415717369952,12.178464899764398,True
lift_and_cruse,cruise_101,1500.0,107.76954155255608,6.625856055587386,18.243415717369952,12.178464899764398,True
lift_and_cruse,cruise_101,1500.0,107.76954155255608,6.625856055587391,18.24985612254002,12.18259119693513,True
lift_and_cruse,cruise_101,1500.0,107.76954155255608,6.625856055587387,18.267901736819905,12.194152824686949,True
lift_and_cruse,cruise_101,1500.0,107.76954155255608,6.625856055582064,18.293978404986536,12.21085986084955,True
lift_and_cruse,cruise_101,1500.0,107.76954155255608,6.625856055587388,18.32292132310017,12.229403272012577,True
lift_and_cruse,cruise_101,1500.0,107.76954155255608,6.62585605556382,18.348997991266803,12.24611030817518,True
lift_and_cruse,cruise_101,1500.0,107.76954155255608,6.625856055580277,18.367043605546687,12.257671935926998,True
lift_and_cruse,cruise_101,1500.0,107.76954155255608,6.625856055587386,18.37348401071675,12.26179823309773,True
lift_and_cruse,cruise_102,1500.0,107.76831325212099,6.62600897287759,18.37348401071675,12.26179823309773,True
lift_and_cruse,cruise_102,1500.0,107.76831325212099,6.626008972876741,18.379924342482475,12.265924530268462,True
lift_and_cruse,cruise_102,1500.0,107.76831325212099,6.626008972876663,18.397969751087956,12.277486158020283,True
lift_and_cruse,cruise_102,1500.0,107.76831325212099,6.626008972876556,18.42404612204647,12.294193194182885,True
lift_and_cruse,cruise_102,1500.0,107.76831325212099,6.626008972876416,18.452988710283975,12.312736605345911,True
lift_and_cruse,cruise_102,1500.0,107.76831325212099,6.626008972876331,18.47906508124249,12.329443641508512,True
lift_and_cruse,cruise_102,1500.0,107.76831325212099,6.626008972876253,18.49711048984797,12.341005269260332,True
lift_and_cruse,cruise_102,1500.0,107.76831325212099,6.626008972876243,18.503550821613693,12.345131566431064,True
lift_and_cruse,cruise_103,1500.0,107.76707852691513,6.626162695347704,18.503550821613693,12.345131566431064,True
lift_and_cruse,cruise_103,1500.0,107.76707852691513,6.626162695347407,18.509991079591124,12.349257863601796,True
lift_and_cruse,cruise_103,1500.0,107.76707852691513,6.626162695347597,18.5280362814464,12.360819491353617,True
lift_and_cruse,cruise_103,1500.0,107.76707852691513,6.626162695346898,18.554112353642214,12.377526527516217,True
lift_and_cruse,cruise_103,1500.0,107.76707852691513,6.626162695346623,18.583054610278136,12.396069938679243,True
lift_and_cruse,cruise_103,1500.0,107.76707852691513,6.626162695347094,18.60913068247395,12.412776974841846,True
lift_and_cruse,cruise_103,1500.0,107.76707852691513,6.626162695346701,18.627175884329226,12.424338602593664,True
lift_and_cruse,cruise_103,1500.0,107.76707852691513,6.6261626953468555,18.633616142306654,12.428464899764398,True
lift_and_cruse,cruise_104,1500.0,107.7658373083965,6.62631723161376,18.633616142306654,12.428464899764398,True
lift_and_cruse,cruise_104,1500.0,107.7658373083965,6.626317231613743,18.640056326107743,12.43259119693513,True
lift_and_cruse,cruise_104,1500.0,107.7658373083965,6.626317231613759,18.658101320125535,12.444152824686949,True
lift_and_cruse,cruise_104,1500.0,107.7658373083965,6.626317231613762,18.684177091987475,12.46085986084955,True
lift_and_cruse,cruise_104,1500.0,107.7658373083965,6.626317231613761,18.713119015277954,12.479403272012577,True
lift_and_cruse,cruise_104,1500.0,107.7658373083965,6.62631723161376,18.739194787139894,12.49611030817518,True
lift_and_cruse,cruise_104,1500.0,107.7658373083965,6.626317231613745,18.757239781157686,12.507671935926998,True
lift_and_cruse,cruise_104,1500.0,107.7658373083965,6.626317231613755,18.763679964958776,12.51179823309773,True
lift_and_cruse,cruise_105,1500.0,107.7645895269142,6.626472590433468,18.763679964958776,12.51179823309773,True
lift_and_cruse,cruise_105,1500.0,107.7645895269142,6.626472590433469,18.770120074191315,12.515924530268462,True
lift_and_cruse,cruise_105,1500.0,107.7645895269142,6.626472590432326,18.78816485927268,12.527486158020283,True
lift_and_cruse,cruise_105,1500.0,107.7645895269142,6.626472590433467,18.814240329212726,12.544193194182885,True
lift_and_cruse,cruise_105,1500.0,107.7645895269142,6.62647259043347,18.84318191739519,12.562736605345911,True
lift_and_cruse,cruise_105,1500.0,107.7645895269142,6.626472590433468,18.869257387335242,12.579443641508512,True
lift_and_cruse,cruise_105,1500.0,107.7645895269142,6.626472590433468,18.887302172416604,12.591005269260332,True
lift_and_cruse,cruise_105,1500.0,107.7645895269142,6.626472590433467,18.893742281649143,12.595131566431064,True
lift_and_cruse,cruise_106,1500.0,107.76333511168434,6.6266287807067865,18.893742281649143,12.595131566431064,True
lift_and_cruse,cruise_106,1500.0,107.76333511168434,6.6266287807067865,18.900182315916695,12.599257863601796,True
lift_and_cruse,cruise_106,1500.0,107.76333511168434,6.6266287807045865,18.91822689095083,12.610819491353617,True
lift_and_cruse,cruise_106,1500.0,107.76333511168434,6.626628780706347,18.944302057363846,12.627526527516217,True
lift_and_cruse,cruise_106,1500.0,107.76333511168434,6.6266287807067865,18.973243308656713,12.646069938679243,True
lift_and_cruse,cruise_106,1500.0,107.76333511168434,6.626628780706784,18.999318475069725,12.662776974841846,True
lift_and_cruse,cruise_106,1500.0,107.76333511168434,6.626628780706786,19.017363050103857,12.674338602593664,True
lift_and_cruse,cruise_106,1500.0,107.76333511168434,6.626628780706785,19.02380308437141,12.678464899764398,True
lift_and_cruse,cruise_107,1500.0,107.76207399076529,6.626785811522751,19.02380308437141,12.678464899764398,True
lift_and_cruse,cruise_107,1500.0,107.76207399076529,6.626785811472038,19.030243043273238,12.68259119693513,True
lift_and_cruse,cruise_107,1500.0,107.76207399076529,6.62678581147955,19.0482874071373,12.694152824686949,True
lift_and_cruse,cruise_107,1500.0,107.76207399076529,6.62678581147955,19.07436226840072,12.71085986084955,True
lift_and_cruse,cruise_107,1500.0,107.76207399076529,6.626785811479265,19.10330318100309,12.729403272012577,True
lift_and_cruse,cruise_107,1500.0,107.76207399076529,6.626785811479551,19.129378042266513,12.74611030817518,True
lift_and_cruse,cruise_107,1500.0,107.76207399076529,6.626785811479549,19.147422406130573,12.757671935926998,True
lift_and_cruse,cruise_107,1500.0,107.76207399076529,6.626785811479552,19.1538623650324,12.76179823309773,True
lift_and_cruse,cruise_108,1500.0,107.76080609103198,6.626943691946709,19.1538623650324,12.76179823309773,True
lift_and_cruse,cruise_108,1500.0,107.76080609103198,6.626943691946246,19.160302248163394,12.765924530268462,True
lift_and_cruse,cruise_108,1500.0,107.76080609103198,6.62694369194619,19.178346399722297,12.777486158020283,True
lift_and_cruse,cruise_108,1500.0,107.76080609103198,6.6269436919461215,19.204420954195875,12.794193194182885,True
lift_and_cruse,cruise_108,1500.0,107.76080609103198,6.626943691946064,19.233361526287215,12.812736605345911,True
lift_and_cruse,cruise_108,1500.0,107.76080609103198,6.626943691946063,19.259436080760793,12.829443641508512,True
lift_and_cruse,cruise_108,1500.0,107.76080609103198,6.626943691946086,19.277480232319697,12.841005269260332,True
lift_and_cruse,cruise_108,1500.0,107.76080609103198,6.626943691946094,19.28392011545069,12.845131566431064,True
lift_and_cruse,cruise_109,1500.0,107.75953133815004,6.6271024314556035,19.28392011545069,12.845131566431064,True
lift_and_cruse,cruise_109,1500.0,107.75953133815004,6.627102431436539,19.2903599224013,12.849257863601796,True
lift_and_cruse,cruise_109,1500.0,107.75953133815004,6.627102431441513,19.308403860507514,12.860819491353617,True
lift_and_cruse,cruise_109,1500.0,107.75953133815004,6.627102431449132,19.334478106533012,12.877526527516217,True
lift_and_cruse,cruise_109,1500.0,107.75953133815004,6.627102431454068,19.36341833627281,12.896069938679243,True
lift_and_cruse,cruise_109,1500.0,107.75953133815004,6.627102431455605,19.389492582298313,12.912776974841846,True
lift_and_cruse,cruise_109,1500.0,107.75953133815004,6.627102431455602,19.407536520404527,12.924338602593664,True
lift_and_cruse,cruise_109,1500.0,107.75953133815004,6.627102431455603,19.413976327355137,12.928464899764398,True
lift_and_cruse,cruise_110,1500.0,107.75824965654874,6.627262039511261,19.413976327355137,12.928464899764398,True
lift_and_cruse,cruise_110,1500.0,107.75824965654874,6.62726203950844,19.4204160577113,12.93259119693513,True
lift_and_cruse,cruise_110,1500.0,107.75824965654874,6.62726203950595,19.438459781204628,12.944152824686949,True
lift_and_cruse,cruise_110,1500.0,107.75824965654874,6.627262039509341,19.46453371710553,12.96085986084955,True
lift_and_cruse,cruise_110,1500.0,107.75824965654874,6.627262039509341,19.493473602632992,12.979403272012577,True
lift_and_cruse,cruise_110,1500.0,107.75824965654874,6.627262039509339,19.519547538533892,12.996110308175178,True
lift_and_cruse,cruise_110,1500.0,107.75824965654874,6.62726203950934,19.537591262027227,13.007671935926998,True
lift_and_cruse,cruise_110,1500.0,107.75824965654874,6.627262039509339,19.544030992383387,13.01179823309773,True
lift_and_cruse,cruise_111,1500.0,107.7569609693933,6.627422525767747,19.544030992383387,13.01179823309773,True
lift_and_cruse,cruise_111,1500.0,107.7569609693933,6.627422525770344,19.550470645726435,13.015924530268462,True
lift_and_cruse,cruise_111,1500.0,107.7569609693933,6.6274225257703225,19.568514153433835,13.027486158020283,True
lift_and_cruse,cruise_111,1500.0,107.7569609693933,6.627422525770335,19.594587777515024,13.044193194182883,True
lift_and_cruse,cruise_111,1500.0,107.7569609693933,6.62742252577029,19.623527316948717,13.062736605345911,True
lift_and_cruse,cruise_111,1500.0,107.7569609693933,6.627422525770346,19.649600941029906,13.079443641508512,True
lift_and_cruse,cruise_111,1500.0,107.7569609693933,6.627422525770344,19.667644448737303,13.091005269260332,True
lift_and_cruse,cruise_111,1500.0,107.7569609693933,6.6274225257703465,19.674084102080357,13.095131566431064,True
lift_and_cruse,cruise_112,1500.0,107.75566519855658,6.6275839000638905,19.674084102080357,13.095131566431064,True
lift_and_cruse,cruise_112,1500.0,107.75566519855658,6.627583900063881,19.680523677986972,13.099257863601796,True
lift_and_cruse,cruise_112,1500.0,107.75566519855658,6.6275839000638905,19.698566968722293,13.110819491353617,True
lift_and_cruse,cruise_112,1500.0,107.75566519855658,6.6275839000638905,19.724640279269757,13.127526527516217,True
lift_and_cruse,cruise_112,1500.0,107.75566519855658,6.627583900063888,19.753579470707265,13.146069938679243,True
lift_and_cruse,cruise_112,1500.0,107.75566519855658,6.627583900063896,19.77965278125473,13.162776974841846,True
lift_and_cruse,cruise_112,1500.0,107.75566519855658,6.6275839000638905,19.797696071990057,13.174338602593664,True
lift_and_cruse,cruise_112,1500.0,107.75566519855658,6.627583900063891,19.80413564789667,13.178464899764398,True
lift_and_cruse,cruise_113,1500.0,107.75436226458969,6.627746172381823,19.80413564789667,13.178464899764398,True
lift_and_cruse,cruise_113,1500.0,107.75436226458969,6.627746172381862,19.81057514593877,13.18259119693513,True
lift_and_cruse,cruise_113,1500.0,107.75436226458969,6.62774617238195,19.828618218502587,13.194152824686949,True
lift_and_cruse,cruise_113,1500.0,107.75436226458969,6.627746172381917,19.854691213783077,13.21085986084955,True
lift_and_cruse,cruise_113,1500.0,107.75436226458969,6.6277461723818245,19.883630055300653,13.229403272012577,True
lift_and_cruse,cruise_113,1500.0,107.75436226458969,6.627746172381826,19.909703050581143,13.246110308175178,True
lift_and_cruse,cruise_113,1500.0,107.75436226458969,6.6277461723818245,19.92774612314496,13.257671935926998,True
lift_and_cruse,cruise_113,1500.0,107.75436226458969,6.627746172381823,19.934185621187062,13.26179823309773,True
lift_and_cruse,cruise_114,1500.0,107.75305208669214,6.627909352909717,19.934185621187062,13.26179823309773,True
lift_and_cruse,cruise_114,1500.0,107.75305208669214,6.6279093528808675,19.940625040931753,13.265924530268462,True
lift_and_cruse,cruise_114,1500.0,107.75305208669214,6.627909352881178,19.958667894111084,13.277486158020283,True
lift_and_cruse,cruise_114,1500.0,107.75305208669214,6.627909352881317,19.98474057237182,13.294193194182883,True
lift_and_cruse,cruise_114,1500.0,107.75305208669214,6.6279093528811615,20.013679062024003,13.312736605345911,True
lift_and_cruse,cruise_114,1500.0,107.75305208669214,6.6279093528812,20.039751740284736,13.329443641508512,True
lift_and_cruse,cruise_114,1500.0,107.75305208669214,6.627909352881353,20.057794593464063,13.341005269260332,True
lift_and_cruse,cruise_114,1500.0,107.75305208669214,6.627909352880741,20.064234013208754,13.345131566431064,True
lift_and_cruse,cruise_115,1500.0,107.75173458268061,6.628073451914046,20.064234013208754,13.345131566431064,True
lift_and_cruse,cruise_115,1500.0,107.75173458268061,6.628073451915164,20.07067335421821,13.349257863601796,True
lift_and_cruse,cruise_115,1500.0,107.75173458268061,6.628073451914268,20.088715986786333,13.360819491353617,True
lift_and_cruse,cruise_115,1500.0,107.75173458268061,6.6280734519145055,20.114788346254628,13.377526527516217,True
lift_and_cruse,cruise_115,1500.0,107.75173458268061,6.628073451914597,20.143726482073898,13.396069938679243,True
lift_and_cruse,cruise_115,1500.0,107.75173458268061,6.628073451915048,20.169798841542192,13.412776974841846,True
lift_and_cruse,cruise_115,1500.0,107.75173458268061,6.628073451914951,20.187841474110314,13.424338602593664,True
lift_and_cruse,cruise_115,1500.0,107.75173458268061,6.628073451915118,20.19428081511977,13.428464899764398,True
lift_and_cruse,cruise_116,1500.0,107.75040966895746,6.628238479981059,20.19428081511977,13.428464899764398,True
lift_and_cruse,cruise_116,1500.0,107.75040966895746,6.628238479995503,20.200720076951193,13.43259119693513,True
lift_and_cruse,cruise_116,1500.0,107.75040966895746,6.628238479995207,20.218762487667366,13.444152824686949,True
lift_and_cruse,cruise_116,1500.0,107.75040966895746,6.628238479997241,20.244834526550317,13.46085986084955,True
lift_and_cruse,cruise_116,1500.0,107.75040966895746,6.62823847999815,20.273772306546707,13.479403272012577,True
lift_and_cruse,cruise_116,1500.0,107.75040966895746,6.628238480000109,20.29984434542966,13.496110308175178,True
lift_and_cruse,cruise_116,1500.0,107.75040966895746,6.62823848000043,20.317886756145835,13.507671935926998,True
lift_and_cruse,cruise_116,1500.0,107.75040966895746,6.6282384799957565,20.324326017977253,13.51179823309773,True
lift_and_cruse,cruise_117,1500.0,107.74907726047769,6.62840444777939,20.324326017977253,13.51179823309773,True
lift_and_cruse,cruise_117,1500.0,107.74907726047769,6.628404447780177,20.330765200182736,13.515924530268462,True
lift_and_cruse,cruise_117,1500.0,107.74907726047769,6.628404447780323,20.348807387792004,13.527486158020283,True
lift_and_cruse,cruise_117,1500.0,107.74907726047769,6.628404447780247,20.37487910427613,13.544193194182883,True
lift_and_cruse,cruise_117,1500.0,107.74907726047769,6.628404447780597,20.40381652643681,13.562736605345911,True
lift_and_cruse,cruise_117,1500.0,107.74907726047769,6.628404447780175,20.42988824292094,13.579443641508512,True
lift_and_cruse,cruise_117,1500.0,107.74907726047769,6.628404447780117,20.447930430530203,13.591005269260332,True
lift_and_cruse,cruise_117,1500.0,107.74907726047769,6.628404447780703,20.454369612735686,13.595131566431064,True
lift_and_cruse,cruise_118,1500.0,107.74773727071538,6.628571366198326,20.454369612735686,13.595131566431064,True
lift_and_cruse,cruise_118,1500.0,107.74773727071538,6.628571366122097,20.460808714862168,13.599257863601796,True
lift_and_cruse,cruise_118,1500.0,107.74773727071538,6.628571366140431,20.478850678095068,13.610819491353617,True
lift_and_cruse,cruise_118,1500.0,107.74773727071538,6.628571366166656,20.50492207034595,13.627526527516217,True
lift_and_cruse,cruise_118,1500.0,107.74773727071538,6.628571366117985,20.533859132634873,13.646069938679243,True
lift_and_cruse,cruise_118,1500.0,107.74773727071538,6.628571366186638,20.559930524885754,13.662776974841846,True
lift_and_cruse,cruise_118,1500.0,107.74773727071538,6.628571366092037,20.577972488118654,13.674338602593664,True
lift_and_cruse,cruise_118,1500.0,107.74773727071538,6.628571366162223,20.584411590245136,13.678464899764398,True
lift_and_cruse,cruise_119,1500.0,107.74638961162908,6.628739246310999,20.584411590245136,13.678464899764398,True
lift_and_cruse,cruise_119,1500.0,107.74638961162908,6.628739246311034,20.590850611834295,13.68259119693513,True
lift_and_cruse,cruise_119,1500.0,107.74638961162908,6.628739246310824,20.608892349406627,13.694152824686949,True
lift_and_cruse,cruise_119,1500.0,107.74638961162908,6.628739246310901,20.634963415568535,13.71085986084955,True
lift_and_cruse,cruise_119,1500.0,107.74638961162908,6.628739246310819,20.663900115926012,13.729403272012577,True
lift_and_cruse,cruise_119,1500.0,107.74638961162908,6.628739246310741,20.68997118208792,13.746110308175178,True
lift_and_cruse,cruise_119,1500.0,107.74638961162908,6.628739246310627,20.70801291966025,13.757671935926998,True
lift_and_cruse,cruise_119,1500.0,107.74638961162908,6.628739246310823,20.714451941249408,13.76179823309773,True
lift_and_cruse,cruise_120,1500.0,107.74503419362586,6.628908099387412,20.714451941249408,13.76179823309773,True
lift_and_cruse,cruise_120,1500.0,107.74503419362586,6.628908099393047,20.720890881837565,13.765924530268462,True
lift_and_cruse,cruise_120,1500.0,107.74503419362586,6.628908099392231,20.738932392450124,13.777486158020283,True
lift_and_cruse,cruise_120,1500.0,107.74503419362586,6.62890809939221,20.76500313064566,13.794193194182883,True
lift_and_cruse,cruise_120,1500.0,107.74503419362586,6.628908099393405,20.793939466987926,13.812736605345911,True
lift_and_cruse,cruise_120,1500.0,107.74503419362586,6.628908099392861,20.820010205183465,13.829443641508512,True
lift_and_cruse,cruise_120,1500.0,107.74503419362586,6.628908099391524,20.83805171579602,13.841005269260332,True
lift_and_cruse,cruise_120,1500.0,107.74503419362586,6.628908099392585,20.844490656384178,13.845131566431064,True
lift_and_cruse,cruise_121,1500.0,107.74367092552477,6.629077936898246,20.844490656384178,13.845131566431064,True
lift_and_cruse,cruise_121,1500.0,107.74367092552477,6.629077936898344,20.850929515502198,13.849257863601796,True
lift_and_cruse,cruise_121,1500.0,107.74367092552477,6.629077936898346,20.868970797840515,13.860819491353617,True
lift_and_cruse,cruise_121,1500.0,107.74367092552477,6.629077936898347,20.895041206170216,13.877526527516217,True
lift_and_cruse,cruise_121,1500.0,107.74367092552477,6.629077936898343,20.92397717638903,13.896069938679243,True
lift_and_cruse,cruise_121,1500.0,107.74367092552477,6.629077936898345,20.95004758471873,13.912776974841846,True
lift_and_cruse,cruise_121,1500.0,107.74367092552477,6.629077936898348,20.968088867057045,13.924338602593664,True
lift_and_cruse,cruise_121,1500.0,107.74367092552477,6.629077936898348,20.97452772617507,13.928464899764398,True
lift_and_cruse,cruise_122,1500.0,112.46359638782695,6.077904592641044,20.97452772617507,13.928464899764398,True
lift_and_cruse,cruise_122,1500.0,112.46359638782695,6.077904592641041,20.981248652303044,13.93259119693513,True
lift_and_cruse,cruise_122,1500.0,112.46359638782695,6.07790459264031,21.000080268840577,13.944152824686949,True
lift_and_cruse,cruise_122,1500.0,112.46359638782695,6.077904592640407,21.02729274317778,13.96085986084955,True
lift_and_cruse,cruise_122,1500.0,112.46359638782695,6.077904592640923,21.057496311033084,13.979403272012577,True
lift_and_cruse,cruise_122,1500.0,112.46359638782695,6.077904592641041,21.084708785370292,13.996110308175178,True
lift_and_cruse,cruise_122,1500.0,112.46359638782695,6.077904592640991,21.103540401907825,14.007671935926998,True
lift_and_cruse,cruise_122,1500.0,112.46359638782695,6.077904592640947,21.110261328035797,14.01179823309773,True
lift_and_cruse,cruise_123,1500.0,110.04780278907849,6.351065093926801,21.110261328035797,14.01179823309773,True
lift_and_cruse,cruise_123,1500.0,110.04780278907849,6.3510650939452225,21.116837884155707,14.015924530268462,True
lift_and_cruse,cruise_123,1500.0,110.04780278907849,6.351065093949044,21.135264984919722,14.027486158020283,True
lift_and_cruse,cruise_123,1500.0,110.04780278907849,6.3510650939548166,21.16189291702796,14.044193194182883,True
lift_and_cruse,cruise_123,1500.0,110.04780278907849,6.3510650939611075,21.191447691956242,14.062736605345911,True
lift_and_cruse,cruise_123,1500.0,110.04780278907849,6.351065093967345,21.218075624064483,14.079443641508512,True
lift_and_cruse,cruise_123,1500.0,110.04780278907849,6.351065093971265,21.236502724828494,14.091005269260332,True
lift_and_cruse,cruise_123,1500.0,110.04780278907849,6.3510650939727125,21.243079280948404,14.095131566431064,True
lift_and_cruse,cruise_124,1500.0,110.0455422195924,6.3513292376356905,21.243079280948404,14.095131566431064,True
lift_and_cruse,cruise_124,1500.0,110.0455422195924,6.351329237690169,21.24965570197464,14.099257863601796,True
lift_and_cruse,cruise_124,1500.0,110.0455422195924,6.351329237694186,21.268082424214587,14.110819491353617,True
lift_and_cruse,cruise_124,1500.0,110.0455422195924,6.351329237700499,21.294709809339704,14.127526527516217,True
lift_and_cruse,cruise_124,1500.0,110.0455422195924,6.351329237707647,21.32426397716252,14.146069938679243,True
lift_and_cruse,cruise_124,1500.0,110.0455422195924,6.351329237714306,21.35089136228764,14.162776974841846,True
lift_and_cruse,cruise_124,1500.0,110.0455422195924,6.351329237718572,21.369318084527585,14.174338602593664,True
lift_and_cruse,cruise_124,1500.0,110.0455422195924,6.351329237720573,21.375894505553823,14.178464899764398,True
lift_and_cruse,cruise_125,1500.0,110.04326734619121,6.351595069666852,21.375894505553823,14.178464899764398,True
lift_and_cruse,cruise_125,1500.0,110.04326734619121,6.351595069689426,21.382470790631565,14.18259119693513,True
lift_and_cruse,cruise_125,1500.0,110.04326734619121,6.351595069432781,21.400897131952313,14.194152824686949,True
lift_and_cruse,cruise_125,1500.0,110.04326734619121,6.351595069695697,21.427523966633235,14.21085986084955,True
lift_and_cruse,cruise_125,1500.0,110.04326734619121,6.351595069694972,21.45707752350908,14.229403272012577,True
lift_and_cruse,cruise_125,1500.0,110.04326734619121,6.351595069694275,21.483704358190003,14.246110308175178,True
lift_and_cruse,cruise_125,1500.0,110.04326734619121,6.351595069693792,21.502130699510747,14.257671935926998,True
lift_and_cruse,cruise_125,1500.0,110.04326734619121,6.351595069693597,21.508706984588493,14.26179823309773,True
lift_and_cruse,cruise_126,1500.0,110.04097798832518,6.3518626104356555,21.508706984588493,14.26179823309773,True
lift_and_cruse,cruise_126,1500.0,110.04097798832518,6.3518626105495,21.515283132852144,14.265924530268462,True
lift_and_cruse,cruise_126,1500.0,110.04097798832518,6.351862610569164,21.533709090828314,14.277486158020283,True
lift_and_cruse,cruise_126,1500.0,110.04097798832518,6.3518626105954334,21.560335371560278,14.294193194182883,True
lift_and_cruse,cruise_126,1500.0,110.04097798832518,6.351862610625453,21.589888313599165,14.312736605345911,True
lift_and_cruse,cruise_126,1500.0,110.04097798832518,6.351862610651629,21.61651459433113,14.329443641508512,True
lift_and_cruse,cruise_126,1500.0,110.04097798832518,6.351862610670594,21.6349405523073,14.341005269260332,True
lift_and_cruse,cruise_126,1500.0,110.04097798832518,6.351862610679823,21.64151670057095,14.345131566431064,True
lift_and_cruse,cruise_127,1500.0,110.03867396201122,6.3521318826944855,21.64151670057095,14.345131566431064,True
lift_and_cruse,cruise_127,1500.0,110.03867396201122,6.352131882856214,21.648092711143903,14.349257863601796,True
lift_and_cruse,cruise_127,1500.0,110.03867396201122,6.352131882878753,21.66651828331932,14.360819491353617,True
lift_and_cruse,cruise_127,1500.0,110.03867396201122,6.352131882907658,21.693144006553045,14.377526527516217,True
lift_and_cruse,cruise_127,1500.0,110.03867396201122,6.352131882945113,21.72269632981557,14.396069938679243,True
lift_and_cruse,cruise_127,1500.0,110.03867396201122,6.352131882979089,21.749322053049294,14.412776974841846,True
lift_and_cruse,cruise_127,1500.0,110.03867396201122,6.352131882999252,21.767747625224715,14.424338602593664,True
lift_and_cruse,cruise_127,1500.0,110.03867396201122,6.352131883010848,21.77432363579767,14.428464899764398,True
lift_and_cruse,cruise_128,1500.0,110.03635507974519,6.35240290838274,21.77432363579767,14.428464899764398,True
lift_and_cruse,cruise_128,1500.0,110.03635507974519,6.352402908539573,21.780899507792128,14.43259119693513,True
lift_and_cruse,cruise_128,1500.0,110.03635507974519,6.3524029085684575,21.79932469167922,14.444152824686949,True
lift_and_cruse,cruise_128,1500.0,110.03635507974519,6.3524029086097595,21.825949853820056,14.46085986084955,True
lift_and_cruse,cruise_128,1500.0,110.03635507974519,6.352402908657729,21.855501554316454,14.479403272012577,True
lift_and_cruse,cruise_128,1500.0,110.03635507974519,6.3524029087005855,21.882126716457293,14.496110308175178,True
lift_and_cruse,cruise_128,1500.0,110.03635507974519,6.3524029087267895,21.900551900344386,14.507671935926998,True
lift_and_cruse,cruise_128,1500.0,110.03635507974519,6.352402908738241,21.90712777233884,14.51179823309773,True
lift_and_cruse,cruise_129,1500.0,110.03402115041148,6.3526757113088435,21.90712777233884,14.51179823309773,True
lift_and_cruse,cruise_129,1500.0,110.03402115041148,6.352675711308677,21.913703504855572,14.515924530268462,True
lift_and_cruse,cruise_129,1500.0,110.03402115041148,6.352675711308819,21.93212829793476,14.527486158020283,True
lift_and_cruse,cruise_129,1500.0,110.03402115041148,6.352675711308844,21.958752895341814,14.544193194182883,True
lift_and_cruse,cruise_129,1500.0,110.03402115041148,6.352675711308849,21.988303969031005,14.562736605345911,True
lift_and_cruse,cruise_129,1500.0,110.03402115041148,6.3526757113088514,22.014928566438062,14.579443641508512,True
lift_and_cruse,cruise_129,1500.0,110.03402115041148,6.352675711308852,22.033353359517246,14.591005269260332,True
lift_and_cruse,cruise_129,1500.0,110.03402115041148,6.352675711308851,22.03992909203398,14.595131566431064,True
lift_and_cruse,cruise_130,1500.0,109.86631129604625,6.3723245049885024,22.03992909203398,14.595131566431064,True
lift_and_cruse,cruise_130,1500.0,109.86631129604625,6.372324504988524,22.04649480205829,14.599257863601796,True
lift_and_cruse,cruise_130,1500.0,109.86631129604625,6.372324504988532,22.06489151273777,14.610819491353617,True
lift_and_cruse,cruise_130,1500.0,109.86631129604625,6.37232450498852,22.091475529901484,14.627526527516217,True
lift_and_cruse,cruise_130,1500.0,109.86631129604625,6.372324504988529,22.12098156291859,14.646069938679243,True
lift_and_cruse,cruise_130,1500.0,109.86631129604625,6.3723245049870965,22.14756558008231,14.662776974841846,True
lift_and_cruse,cruise_130,1500.0,109.86631129604625,6.372324504988524,22.165962290761783,14.674338602593664,True
lift_and_cruse,cruise_130,1500.0,109.86631129604625,6.372324504988524,22.172528000786095,14.678464899764398,True
lift_and_cruse,cruise_131,1500.0,109.85906996596009,6.373174942139548,22.172528000786095,14.678464899764398,True
lift_and_cruse,cruise_131,1500.0,109.85906996596009,6.373174942139574,22.17909327806198,14.68259119693513,True
lift_and_cruse,cruise_131,1500.0,109.85906996596009,6.373174942139558,22.1974887762073,14.694152824686949,True
lift_and_cruse,cruise_131,1500.0,109.85906996596009,6.373174942139559,22.224071041208404,14.71085986084955,True
lift_and_cruse,cruise_131,1500.0,109.85906996596009,6.37317494213956,22.25357512947173,14.729403272012577,True
lift_and_cruse,cruise_131,1500.0,109.85906996596009,6.373174942139575,22.280157394472834,14.746110308175178,True
lift_and_cruse,cruise_131,1500.0,109.85906996596009,6.37317494213961,22.298552892618154,14.757671935926998,True
lift_and_cruse,cruise_131,1500.0,109.85906996596009,6.373174942139563,22.30511816989404,14.76179823309773,True
lift_and_cruse,cruise_132,1500.0,109.85427513156702,6.3737381511051705,22.30511816989404,14.76179823309773,True
lift_and_cruse,cruise_132,1500.0,109.85427513156702,6.3737381511051705,22.31168316062629,14.765924530268462,True
lift_and_cruse,cruise_132,1500.0,109.85427513156702,6.373738151105178,22.33007785589419,14.777486158020283,True
lift_and_cruse,cruise_132,1500.0,109.85427513156702,6.373738151105226,22.356658960703793,14.794193194182883,True
lift_and_cruse,cruise_132,1500.0,109.85427513156702,6.3737381511052025,22.386161761251714,14.812736605345911,True
lift_and_cruse,cruise_132,1500.0,109.85427513156702,6.373738151105179,22.412742866061322,14.829443641508512,True
lift_and_cruse,cruise_132,1500.0,109.85427513156702,6.373738151105169,22.43113756132922,14.841005269260332,True
lift_and_cruse,cruise_132,1500.0,109.85427513156702,6.373738151105172,22.437702552061467,14.845131566431064,True
lift_and_cruse,cruise_133,1500.0,109.85074720631718,6.374152594439402,22.437702552061467,14.845131566431064,True
lift_and_cruse,cruise_133,1500.0,109.85074720631718,6.374152594439402,22.444267331961715,14.849257863601796,True
lift_and_cruse,cruise_133,1500.0,109.85074720631718,6.374152594439415,22.46266143649148,14.860819491353617,True
lift_and_cruse,cruise_133,1500.0,109.85074720631718,6.374152594439401,22.489241687659742,14.877526527516217,True
lift_and_cruse,cruise_133,1500.0,109.85074720631718,6.374152594439403,22.51874354073725,14.896069938679243,True
lift_and_cruse,cruise_133,1500.0,109.85074720631718,6.3741525944394,22.545323791905517,14.912776974841846,True
lift_and_cruse,cruise_133,1500.0,109.85074720631718,6.3741525944394075,22.56371789643528,14.924338602593664,True
lift_and_cruse,cruise_133,1500.0,109.85074720631718,6.374152594439408,22.57028267633553,14.928464899764398,True
lift_and_cruse,cruise_134,1500.0,109.84710116685427,6.374580955616957,22.57028267633553,14.928464899764398,True
lift_and_cruse,cruise_134,1500.0,109.84710116685427,6.374580955637814,22.576847238345163,14.93259119693513,True
lift_and_cruse,cruise_134,1500.0,109.84710116685427,6.374580955633593,22.595240732359,14.944152824686949,True
lift_and_cruse,cruise_134,1500.0,109.84710116685427,6.374580955627955,22.621820101306184,14.96085986084955,True
lift_and_cruse,cruise_134,1500.0,109.84710116685427,6.374580955621517,22.651320975192167,14.979403272012577,True
lift_and_cruse,cruise_134,1500.0,109.84710116685427,6.3745809556154445,22.677900344139356,14.996110308175178,True
lift_and_cruse,cruise_134,1500.0,109.84710116685427,6.374580955611473,22.696293838153185,15.007671935926998,True
lift_and_cruse,cruise_134,1500.0,109.84710116685427,6.374580955609788,22.702858400162825,15.01179823309773,True
lift_and_cruse,cruise_135,1500.0,110.02535889967031,6.35368835438583,22.702858400162825,15.01179823309773,True
lift_and_cruse,cruise_135,1500.0,110.02535889967031,6.353688354491997,22.709433615015627,15.015924530268462,True
lift_and_cruse,cruise_135,1500.0,110.02535889967031,6.353688354493254,22.727856957632714,15.027486158020283,True
lift_and_cruse,cruise_135,1500.0,110.02535889967031,6.353688354495572,22.754479459061304,15.044193194182883,True
lift_and_cruse,cruise_135,1500.0,110.02535889967031,6.353688354497775,22.784028206389912,15.062736605345911,True
lift_and_cruse,cruise_135,1500.0,110.02535889967031,6.353688354499867,22.810650707818503,15.079443641508512,True
lift_and_cruse,cruise_135,1500.0,110.02535889967031,6.353688354501335,22.82907405043559,15.091005269260332,True
lift_and_cruse,cruise_135,1500.0,110.02535889967031,6.353688354501945,22.83564926528839,15.095131566431064,True
lift_and_cruse,cruise_136,1500.0,110.02291428070248,6.353974181366277,22.83564926528839,15.095131566431064,True
lift_and_cruse,cruise_136,1500.0,110.02291428070248,6.353974181461935,22.842224334048552,15.099257863601796,True
lift_and_cruse,cruise_136,1500.0,110.02291428070248,6.35397418146345,22.860647267323163,15.110819491353617,True
lift_and_cruse,cruise_136,1500.0,110.02291428070248,6.353974181465396,22.88726917723474,15.127526527516217,True
lift_and_cruse,cruise_136,1500.0,110.02291428070248,6.3539741814673025,22.91681726802899,15.146069938679243,True
lift_and_cruse,cruise_136,1500.0,110.02291428070248,6.353974181469655,22.94343917794056,15.162776974841846,True
lift_and_cruse,cruise_136,1500.0,110.02291428070248,6.353974181470872,22.961862111215176,15.174338602593664,True
lift_and_cruse,cruise_136,1500.0,110.02291428070248,6.353974181471649,22.96843717997534,15.178464899764398,True
lift_and_cruse,cruise_137,1500.0,110.0204529436435,6.354261982476164,22.96843717997534,15.178464899764398,True
lift_and_cruse,cruise_137,1500.0,110.0204529436435,6.354261982476146,22.975012101643777,15.18259119693513,True
lift_and_cruse,cruise_137,1500.0,110.0204529436435,6.354261982476136,22.99343462277653,15.194152824686949,True
lift_and_cruse,cruise_137,1500.0,110.0204529436435,6.354261982476108,23.02005593712586,15.21085986084955,True
lift_and_cruse,cruise_137,1500.0,110.0204529436435,6.354261982476103,23.049603366895894,15.229403272012577,True
lift_and_cruse,cruise_137,1500.0,110.0204529436435,6.354261982476073,23.076224681245225,15.246110308175178,True
lift_and_cruse,cruise_137,1500.0,110.0204529436435,6.354261982476055,23.094647202377978,15.257671935926998,True
lift_and_cruse,cruise_137,1500.0,110.0204529436435,6.354261982476046,23.101222124046412,15.26179823309773,True
lift_and_cruse,cruise_138,1500.0,110.01797466026342,6.354551784803658,23.101222124046412,15.26179823309773,True
lift_and_cruse,cruise_138,1500.0,110.01797466026342,6.354551784804056,23.107796897610395,15.265924530268462,True
lift_and_cruse,cruise_138,1500.0,110.01797466026342,6.354551784804035,23.12621900376369,15.277486158020283,True
lift_and_cruse,cruise_138,1500.0,110.01797466026342,6.354551784804013,23.15283971845033,15.294193194182883,True
lift_and_cruse,cruise_138,1500.0,110.01797466026342,6.354551784803978,23.18238648264499,15.312736605345911,True
lift_and_cruse,cruise_138,1500.0,110.01797466026342,6.35455178480397,23.20900719733163,15.329443641508512,True
lift_and_cruse,cruise_138,1500.0,110.01797466026342,6.354551784803953,23.227429303484925,15.341005269260332,True
lift_and_cruse,cruise_138,1500.0,110.01797466026342,6.354551784803916,23.23400407704891,15.345131566431064,True
lift_and_cruse,cruise_139,1500.0,110.01547919763529,6.354843615997482,23.23400407704891,15.345131566431064,True
lift_and_cruse,cruise_139,1500.0,110.01547919763529,6.354843615997976,23.240578701481788,15.349257863601796,True
lift_and_cruse,cruise_139,1500.0,110.01547919763529,6.354843615997974,23.259000389779022,15.360819491353617,True
lift_and_cruse,cruise_139,1500.0,110.01547919763529,6.354843615997604,23.285620500646164,15.377526527516217,True
lift_and_cruse,cruise_139,1500.0,110.01547919763529,6.354843615997976,23.315166594651735,15.396069938679243,True
lift_and_cruse,cruise_139,1500.0,110.01547919763529,6.354843615997564,23.341786705518874,15.412776974841846,True
lift_and_cruse,cruise_139,1500.0,110.01547919763529,6.354843615997979,23.36020839381611,15.424338602593664,True
lift_and_cruse,cruise_139,1500.0,110.01547919763529,6.354843615997979,23.36678301824899,15.428464899764398,True
lift_and_cruse,cruise_140,1500.0,110.01296631800562,6.355137504291043,23.36678301824899,15.428464899764398,True
lift_and_cruse,cruise_140,1500.0,110.01296631800562,6.355137504290996,23.373357492509918,15.43259119693513,True
lift_and_cruse,cruise_140,1500.0,110.01296631800562,6.355137504291002,23.391778760034676,15.444152824686949,True
lift_and_cruse,cruise_140,1500.0,110.01296631800562,6.355137504291001,23.418398262867978,15.46085986084955,True
lift_and_cruse,cruise_140,1500.0,110.01296631800562,6.355137504291008,23.4479436820069,15.479403272012577,True
lift_and_cruse,cruise_140,1500.0,110.01296631800562,6.35513750429099,23.474563184840196,15.496110308175178,True
lift_and_cruse,cruise_140,1500.0,110.01296631800562,6.35513750429098,23.49298445236496,15.507671935926998,True
lift_and_cruse,cruise_140,1500.0,110.01296631800562,6.355137504290987,23.499558926625888,15.51179823309773,True
lift_and_cruse,cruise_141,1500.0,110.01043577866027,6.355433478477452,23.499558926625888,15.51179823309773,True
lift_and_cruse,cruise_141,1500.0,110.01043577866027,6.35543347847749,23.506133249659495,15.515924530268462,True
lift_and_cruse,cruise_141,1500.0,110.01043577866027,6.355433478477453,23.524554093454725,15.527486158020283,True
lift_and_cruse,cruise_141,1500.0,110.01043577866027,6.355433478477498,23.551172983981118,15.544193194182883,True
lift_and_cruse,cruise_141,1500.0,110.01043577866027,6.355433478477436,23.580717723510645,15.562736605345911,True
lift_and_cruse,cruise_141,1500.0,110.01043577866027,6.355433478477435,23.607336614037035,15.579443641508512,True
lift_and_cruse,cruise_141,1500.0,110.01043577866027,6.3554334784774555,23.62575745783227,15.591005269260332,True
lift_and_cruse,cruise_141,1500.0,110.01043577866027,6.355433478477444,23.632331780865876,15.595131566431064,True
lift_and_cruse,cruise_142,1500.0,110.00788733178543,6.355731567988453,23.632331780865876,15.595131566431064,True
lift_and_cruse,cruise_142,1500.0,110.00788733178543,6.355731567988163,23.638905951601995,15.599257863601796,True
lift_and_cruse,cruise_142,1500.0,110.00788733178543,6.35573156798817,23.65732636866915,15.610819491353617,True
lift_and_cruse,cruise_142,1500.0,110.00788733178543,6.355731567988159,23.6839446425556,15.627526527516217,True
lift_and_cruse,cruise_142,1500.0,110.00788733178543,6.3557315679881174,23.71348869766643,15.646069938679243,True
lift_and_cruse,cruise_142,1500.0,110.00788733178543,6.35573156798814,23.740106971552883,15.662776974841846,True
lift_and_cruse,cruise_142,1500.0,110.00788733178543,6.355731567988109,23.758527388620042,15.674338602593664,True
lift_and_cruse,cruise_142,1500.0,110.00788733178543,6.355731567988093,23.76510155935616,15.678464899764398,True
lift_and_cruse,cruise_143,1500.0,110.0053207243238,6.356031802867904,23.76510155935616,15.678464899764398,True
lift_and_cruse,cruise_143,1500.0,110.0053207243238,6.356031802869312,23.771675576709498,15.68259119693513,True
lift_and_cruse,cruise_143,1500.0,110.0053207243238,6.356031802869294,23.79009556400765,15.694152824686949,True
lift_and_cruse,cruise_143,1500.0,110.0053207243238,6.356031802869282,23.816713216859906,15.71085986084955,True
lift_and_cruse,cruise_143,1500.0,110.0053207243238,6.356031802869275,23.846256582674773,15.729403272012577,True
lift_and_cruse,cruise_143,1500.0,110.0053207243238,6.356031802869216,23.87287423552703,15.746110308175178,True
lift_and_cruse,cruise_143,1500.0,110.0053207243238,6.35603180286926,23.89129422282518,15.757671935926998,True
lift_and_cruse,cruise_143,1500.0,110.0053207243238,6.356031802869222,23.897868240178518,15.76179823309773,True
lift_and_cruse,cruise_144,1500.0,110.00273569782594,6.356334213805218,23.897868240178518,15.76179823309773,True
lift_and_cruse,cruise_144,1500.0,110.00273569782594,6.35633421380838,23.90444210304834,15.765924530268462,True
lift_and_cruse,cruise_144,1500.0,110.00273569782594,6.356334213808383,23.922861657493293,15.777486158020283,True
lift_and_cruse,cruise_144,1500.0,110.00273569782594,6.35633421380836,23.949478684854544,15.794193194182883,True
lift_and_cruse,cruise_144,1500.0,110.00273569782594,6.356334213808284,23.97902135642678,15.812736605345911,True
lift_and_cruse,cruise_144,1500.0,110.00273569782594,6.356334213808295,24.005638383788035,15.829443641508512,True
lift_and_cruse,cruise_144,1500.0,110.00273569782594,6.35633421380826,24.02405793823299,15.841005269260332,True
lift_and_cruse,cruise_144,1500.0,110.00273569782594,6.3563342138082595,24.030631801102807,15.845131566431064,True
lift_and_cruse,cruise_145,1500.0,110.00013198829576,6.356638832149404,24.030631801102807,15.845131566431064,True
lift_and_cruse,cruise_145,1500.0,110.00013198829576,6.356638832154852,24.03720550837259,15.849257863601796,True
lift_and_cruse,cruise_145,1500.0,110.00013198829576,6.356638832154856,24.055624626835936,15.860819491353617,True
lift_and_cruse,cruise_145,1500.0,110.00013198829576,6.356638832154792,24.082241024185514,15.877526527516217,True
lift_and_cruse,cruise_145,1500.0,110.00013198829576,6.356638832154784,24.111782996497546,15.896069938679243,True
lift_and_cruse,cruise_145,1500.0,110.00013198829576,6.356638832154738,24.138399393847124,15.912776974841846,True
lift_and_cruse,cruise_145,1500.0,110.00013198829576,6.356638832154755,24.156818512310473,15.924338602593664,True
lift_and_cruse,cruise_145,1500.0,110.00013198829576,6.35663883215471,24.163392219580256,15.928464899764398,True
lift_and_cruse,cruise_146,1500.0,109.99750932603109,6.35694568993076,24.163392219580256,15.928464899764398,True
lift_and_cruse,cruise_146,1500.0,109.99750932603109,6.356945689935467,24.169965770117372,15.93259119693513,True
lift_and_cruse,cruise_146,1500.0,109.99750932603109,6.356945689935444,24.18838444942555,15.944152824686949,True
lift_and_cruse,cruise_146,1500.0,109.99750932603109,6.35694568993545,24.215000212177515,15.96085986084955,True
lift_and_cruse,cruise_146,1500.0,109.99750932603109,6.35694568993529,24.244541480139336,15.979403272012577,True
lift_and_cruse,cruise_146,1500.0,109.99750932603109,6.356945689935216,24.271157242891306,15.996110308175178,True
lift_and_cruse,cruise_146,1500.0,109.99750932603109,6.356945689935185,24.289575922199475,16.007671935927,True
lift_and_cruse,cruise_146,1500.0,109.99750932603109,6.356945689935174,24.296149472736595,16.011798233097732,True
lift_and_cruse,cruise_147,1500.0,109.99486743545792,6.35725481982824,24.296149472736595,16.011798233097732,True
lift_and_cruse,cruise_147,1500.0,109.99486743545792,6.357254819904494,24.302722865391946,16.015924530268464,True
lift_and_cruse,cruise_147,1500.0,109.99486743545792,6.357254819897029,24.32114110232524,16.02748615802028,True
lift_and_cruse,cruise_147,1500.0,109.99486743545792,6.357254819886414,24.347756225826977,16.044193194182885,True
lift_and_cruse,cruise_147,1500.0,109.99486743545792,6.357254819874913,24.377296784274577,16.06273660534591,True
lift_and_cruse,cruise_147,1500.0,109.99486743545792,6.3572548198647425,24.40391190777632,16.07944364150851,True
lift_and_cruse,cruise_147,1500.0,109.99486743545792,6.357254819857565,24.422330144709612,16.091005269260332,True
lift_and_cruse,cruise_147,1500.0,109.99486743545792,6.357254819855214,24.428903537364963,16.095131566431064,True
lift_and_cruse,cruise_148,1500.0,109.99220603495884,6.357566255411604,24.428903537364963,16.095131566431064,True
lift_and_cruse,cruise_148,1500.0,109.99220603495884,6.357566255450075,24.435476770972613,16.099257863601796,True
lift_and_cruse,cruise_148,1500.0,109.99220603495884,6.357566255445551,24.453894562264157,16.110819491353617,True
lift_and_cruse,cruise_148,1500.0,109.99220603495884,6.357566255439171,24.480509041794914,16.127526527516217,True
lift_and_cruse,cruise_148,1500.0,109.99220603495884,6.357566255432183,24.510048885488647,16.146069938679243,True
lift_and_cruse,cruise_148,1500.0,109.99220603495884,6.357566255426075,24.536663365019404,16.162776974841844,True
lift_and_cruse,cruise_148,1500.0,109.99220603495884,6.357566255421992,24.55508115631095,16.174338602593664,True
lift_and_cruse,cruise_148,1500.0,109.99220603495884,6.3575662554205135,24.5616543899186,16.178464899764396,True
lift_and_cruse,cruise_149,1500.0,109.98952483669524,6.35788003078288,24.5616543899186,16.178464899764396,True
lift_and_cruse,cruise_149,1500.0,109.98952483669524,6.357880030810708,24.568227463295422,16.182591196935128,True
lift_and_cruse,cruise_149,1500.0,109.98952483669524,6.35788003080733,24.586644805630158,16.19415282468695,True
lift_and_cruse,cruise_149,1500.0,109.98952483669524,6.357880030802682,24.613258636399525,16.21085986084955,True
lift_and_cruse,cruise_149,1500.0,109.98952483669524,6.3578800307974825,24.642797760022443,16.229403272012576,True
lift_and_cruse,cruise_149,1500.0,109.98952483669524,6.357880030792916,24.66941159079181,16.24611030817518,True
lift_and_cruse,cruise_149,1500.0,109.98952483669524,6.357880030789932,24.687828933126546,16.257671935927,True
lift_and_cruse,cruise_149,1500.0,109.98952483669524,6.357880030788832,24.694402006503367,16.261798233097732,True
lift_and_cruse,cruise_150,1500.0,109.9868235464228,6.3581961809169325,24.694402006503367,16.261798233097732,True
lift_and_cruse,cruise_150,1500.0,109.9868235464228,6.358196180925042,24.70097491844864,16.265924530268464,True
lift_and_cruse,cruise_150,1500.0,109.9868235464228,6.358196180924096,24.71939180846223,16.27748615802028,True
lift_and_cruse,cruise_150,1500.0,109.9868235464228,6.3581961809226755,24.746004985608607,16.294193194182885,True
lift_and_cruse,cruise_150,1500.0,109.9868235464228,6.358196180921085,24.775543383764735,16.31273660534591,True
lift_and_cruse,cruise_150,1500.0,109.9868235464228,6.358196180919649,24.802156560911115,16.32944364150851,True
lift_and_cruse,cruise_150,1500.0,109.9868235464228,6.3581961809187675,24.8205734509247,16.341005269260332,True
lift_and_cruse,cruise_150,1500.0,109.9868235464228,6.3581961809185055,24.827146362869975,16.345131566431064,True
lift_and_cruse,cruise_151,1500.0,109.98410186329991,6.358514741546816,24.827146362869975,16.345131566431064,True
lift_and_cruse,cruise_151,1500.0,109.98410186329991,6.358514741546817,24.83371911216501,16.349257863601796,True
lift_and_cruse,cruise_151,1500.0,109.98410186329991,6.358514741547033,24.852135546442746,16.360819491353617,True
lift_and_cruse,cruise_151,1500.0,109.98410186329991,6.358514741546815,24.878748065031736,16.377526527516217,True
lift_and_cruse,cruise_151,1500.0,109.98410186329991,6.358514741547059,24.908285732244313,16.396069938679243,True
lift_and_cruse,cruise_151,1500.0,109.98410186329991,6.358514741546818,24.934898250833303,16.412776974841844,True
lift_and_cruse,cruise_151,1500.0,109.98410186329991,6.3585147415478405,24.95331468511104,16.424338602593664,True
lift_and_cruse,cruise_151,1500.0,109.98410186329991,6.358514741547633,24.95988743440607,16.428464899764396,True
lift_and_cruse,cruise_152,1500.0,109.98135947968947,6.35883574923404,24.95988743440607,16.428464899764396,True
lift_and_cruse,cruise_152,1500.0,109.98135947968947,6.358835749224982,24.96646001981378,16.432591196935128,True
lift_and_cruse,cruise_152,1500.0,109.98135947968947,6.358835749224983,24.984875994889446,16.44415282468695,True
lift_and_cruse,cruise_152,1500.0,109.98135947968947,6.3588357492249825,25.011487849912218,16.46085986084955,True
lift_and_cruse,cruise_152,1500.0,109.98135947968947,6.358835749224984,25.04102478062185,16.479403272012576,True
lift_and_cruse,cruise_152,1500.0,109.98135947968947,6.358835749224984,25.06763663564462,16.49611030817518,True
lift_and_cruse,cruise_152,1500.0,109.98135947968947,6.358835749224979,25.086052610720287,16.507671935927,True
lift_and_cruse,cruise_152,1500.0,109.98135947968947,6.358835749224977,25.092625196127997,16.511798233097732,True
lift_and_cruse,cruise_153,1500.0,109.97859608095237,6.35915924134,25.092625196127997,16.511798233097732,True
lift_and_cruse,cruise_153,1500.0,109.97859608095237,6.359159241334724,25.0991976163925,16.515924530268464,True
lift_and_cruse,cruise_153,1500.0,109.97859608095237,6.35915924133674,25.117613128747188,16.52748615802028,True
lift_and_cruse,cruise_153,1500.0,109.97859608095237,6.35915924133845,25.14422431511877,16.544193194182885,True
lift_and_cruse,cruise_153,1500.0,109.97859608095237,6.359159241328292,25.173760503681574,16.56273660534591,True
lift_and_cruse,cruise_153,1500.0,109.97859608095237,6.3591592413155285,25.20037169005316,16.57944364150851,True
lift_and_cruse,cruise_153,1500.0,109.97859608095237,6.359159241334804,25.218787202407846,16.591005269260332,True
lift_and_cruse,cruise_153,1500.0,109.97859608095237,6.359159241330836,25.22535962267235,16.595131566431064,True
lift_and_cruse,cruise_154,1500.0,109.97581134523382,6.359485256137099,25.22535962267235,16.595131566431064,True
lift_and_cruse,cruise_154,1500.0,109.97581134523382,6.359485256137098,25.231931876518534,16.599257863601796,True
lift_and_cruse,cruise_154,1500.0,109.97581134523382,6.3594852561370985,25.250346922579443,16.610819491353617,True
lift_and_cruse,cruise_154,1500.0,109.97581134523382,6.3594852561371,25.276957435136993,16.627526527516217,True
lift_and_cruse,cruise_154,1500.0,109.97581134523382,6.3594852561370985,25.306492875822645,16.646069938679243,True
lift_and_cruse,cruise_154,1500.0,109.97581134523382,6.359485256137098,25.3331033883802,16.662776974841844,True
lift_and_cruse,cruise_154,1500.0,109.97581134523382,6.359485256137094,25.351518434441108,16.674338602593664,True
lift_and_cruse,cruise_154,1500.0,109.97581134523382,6.359485256137099,25.35809068828729,16.678464899764396,True
lift_and_cruse,cruise_155,1500.0,109.97300494324105,6.359813832736646,25.35809068828729,16.678464899764396,True
lift_and_cruse,cruise_155,1500.0,109.97300494324105,6.359813832788961,25.364662774420353,16.682591196935128,True
lift_and_cruse,cruise_155,1500.0,109.97300494324105,6.35981383277652,25.38307735055955,16.69415282468695,True
lift_and_cruse,cruise_155,1500.0,109.97300494324105,6.359813832760027,25.409687184060544,16.71085986084955,True
lift_and_cruse,cruise_155,1500.0,109.97300494324105,6.3598138327430345,25.439221871050286,16.729403272012576,True
lift_and_cruse,cruise_155,1500.0,109.97300494324105,6.359813832727148,25.46583170455128,16.74611030817518,True
lift_and_cruse,cruise_155,1500.0,109.97300494324105,6.359813832717721,25.484246280690478,16.757671935927,True
lift_and_cruse,cruise_155,1500.0,109.97300494324105,6.359813832714289,25.49081836682354,16.761798233097732,True
lift_and_cruse,cruise_156,1500.0,109.97017653801232,6.36014501122505,25.49081836682354,16.761798233097732,True
lift_and_cruse,cruise_156,1500.0,109.97017653801232,6.360145011223678,25.49739028392855,16.765924530268464,True
lift_and_cruse,cruise_156,1500.0,109.97017653801232,6.360145011223932,25.515804386461667,16.77748615802028,True
lift_and_cruse,cruise_156,1500.0,109.97017653801232,6.360145011224259,25.542413535582057,16.794193194182885,True
lift_and_cruse,cruise_156,1500.0,109.97017653801232,6.36014501122462,25.571947462966627,16.81273660534591,True
lift_and_cruse,cruise_156,1500.0,109.97017653801232,6.360145011224976,25.59855661208701,16.82944364150851,True
lift_and_cruse,cruise_156,1500.0,109.97017653801232,6.360145011225168,25.616970714620127,16.841005269260332,True
lift_and_cruse,cruise_156,1500.0,109.97017653801232,6.3601450112252484,25.623542631725137,16.845131566431064,True
lift_and_cruse,cruise_157,1500.0,109.96732578467741,6.360478832559215,25.623542631725137,16.845131566431064,True
lift_and_cruse,cruise_157,1500.0,109.96732578467741,6.360478832558433,25.63011437846656,16.849257863601796,True
lift_and_cruse,cruise_157,1500.0,109.96732578467741,6.360478832558709,25.648528003651485,16.860819491353617,True
lift_and_cruse,cruise_157,1500.0,109.96732578467741,6.360478832559111,25.675136462983758,16.877526527516217,True
lift_and_cruse,cruise_157,1500.0,109.96732578467741,6.360478832559576,25.704669624761284,16.896069938679243,True
lift_and_cruse,cruise_157,1500.0,109.96732578467741,6.360478832560004,25.73127808409356,16.912776974841844,True
lift_and_cruse,cruise_157,1500.0,109.96732578467741,6.360478832560315,25.74969170927849,16.924338602593664,True
lift_and_cruse,cruise_157,1500.0,109.96732578467741,6.36047883256044,25.756263456019905,16.928464899764396,True
lift_and_cruse,cruise_158,1500.0,109.96445233020799,6.360815338698205,25.756263456019905,16.928464899764396,True
lift_and_cruse,cruise_158,1500.0,109.96445233020799,6.360815340615024,25.76283503104109,16.932591196935128,True
lift_and_cruse,cruise_158,1500.0,109.96445233020799,6.360815336538863,25.78124817507661,16.94415282468695,True
lift_and_cruse,cruise_158,1500.0,109.96445233020799,6.360815353633099,25.807855939127847,16.96085986084955,True
lift_and_cruse,cruise_158,1500.0,109.96445233020799,6.360815337555033,25.83738832920164,16.979403272012576,True
lift_and_cruse,cruise_158,1500.0,109.96445233020799,6.360815338697652,25.86399609325288,16.99611030817518,True
lift_and_cruse,cruise_158,1500.0,109.96445233020799,6.360815338698589,25.8824092372884,17.007671935927,True
lift_and_cruse,cruise_158,1500.0,109.96445233020799,6.360815338698814,25.888980812309583,17.011798233097732,True
lift_and_cruse,cruise_159,1500.0,109.9615558131586,6.361154572650908,25.888980812309583,17.011798233097732,True
lift_and_cruse,cruise_159,1500.0,109.9615558131586,6.361154572628931,25.89555221423229,17.015924530268464,True
lift_and_cruse,cruise_159,1500.0,109.9615558131586,6.361154572628932,25.91396487325666,17.02748615802028,True
lift_and_cruse,cruise_159,1500.0,109.9615558131586,6.361154572628933,25.940571936446478,17.044193194182885,True
lift_and_cruse,cruise_159,1500.0,109.9615558131586,6.3611545726289345,25.97010354862278,17.06273660534591,True
lift_and_cruse,cruise_159,1500.0,109.9615558131586,6.361154572628935,25.9967106118126,17.07944364150851,True
lift_and_cruse,cruise_159,1500.0,109.9615558131586,6.3611545726289345,26.01512327083697,17.091005269260332,True
lift_and_cruse,cruise_159,1500.0,109.9615558131586,6.3611545726289345,26.021694672759676,17.095131566431064,True
lift_and_cruse,cruise_160,1500.0,109.958635863397,6.361496578346826,26.021694672759676,17.095131566431064,True
lift_and_cruse,cruise_160,1500.0,109.958635863397,6.361496578348447,26.028265900183545,17.099257863601796,True
lift_and_cruse,cruise_160,1500.0,109.958635863397,6.361496578348422,26.046678070273046,17.110819491353617,True
lift_and_cruse,cruise_160,1500.0,109.958635863397,6.361496578348397,26.073284426931497,17.12752652751622,True
lift_and_cruse,cruise_160,1500.0,109.958635863397,6.361496578348374,26.10281525491715,17.146069938679243,True
lift_and_cruse,cruise_160,1500.0,109.958635863397,6.361496578348348,26.129421611575605,17.162776974841844,True
lift_and_cruse,cruise_160,1500.0,109.958635863397,6.361496578348333,26.147833781665106,17.174338602593664,True
lift_and_cruse,cruise_160,1500.0,109.958635863397,6.361496578348318,26.154405009088975,17.178464899764396,True
lift_and_cruse,cruise_161,1500.0,109.95569210182381,6.361841400908542,26.154405009088975,17.178464899764396,True
lift_and_cruse,cruise_161,1500.0,109.95569210182381,6.361841403887653,26.160976060590993,17.182591196935128,True
lift_and_cruse,cruise_161,1500.0,109.95569210182381,6.361841401009686,26.17938773775842,17.194152824686952,True
lift_and_cruse,cruise_161,1500.0,109.95569210182381,6.36184140093022,26.20599338212384,17.210859860849553,True
lift_and_cruse,cruise_161,1500.0,109.95569210182381,6.361841400930813,26.235523419523872,17.229403272012576,True
lift_and_cruse,cruise_161,1500.0,109.95569210182381,6.361841400909683,26.26212906388929,17.246110308175176,True
lift_and_cruse,cruise_161,1500.0,109.95569210182381,6.361841400907375,26.28054074105672,17.257671935927,True
lift_and_cruse,cruise_161,1500.0,109.95569210182381,6.361841400907191,26.287111792558736,17.261798233097732,True
lift_and_cruse,cruise_162,1500.0,109.95272414008052,6.362189086545788,26.287111792558736,17.261798233097732,True
lift_and_cruse,cruise_162,1500.0,109.95272414008052,6.3621890865457305,26.293682666692682,17.265924530268464,True
lift_and_cruse,cruise_162,1500.0,109.95272414008052,6.362189086545735,26.3120938468858,17.277486158020285,True
lift_and_cruse,cruise_162,1500.0,109.95272414008052,6.362189086545734,26.338698773102546,17.294193194182885,True
lift_and_cruse,cruise_162,1500.0,109.95272414008052,6.362189086545733,26.368228013417685,17.312736605345908,True
lift_and_cruse,cruise_162,1500.0,109.95272414008052,6.362189086545734,26.39483293963443,17.32944364150851,True
lift_and_cruse,cruise_162,1500.0,109.95272414008052,6.362189086545731,26.41324411982755,17.341005269260332,True
lift_and_cruse,cruise_162,1500.0,109.95272414008052,6.362189086545733,26.419814993961495,17.345131566431064,True
lift_and_cruse,cruise_163,1500.0,109.94973158024581,6.362539682524356,26.419814993961495,17.345131566431064,True
lift_and_cruse,cruise_163,1500.0,109.94973158024581,6.36253968252506,26.42638568925736,17.349257863601796,True
lift_and_cruse,cruise_163,1500.0,109.94973158024581,6.362539682524381,26.44479636835732,17.360819491353617,True
lift_and_cruse,cruise_163,1500.0,109.94973158024581,6.362539682524686,26.471400570473463,17.37752652751622,True
lift_and_cruse,cruise_163,1500.0,109.94973158024581,6.362539682524762,26.500929007097564,17.396069938679243,True
lift_and_cruse,cruise_163,1500.0,109.94973158024581,6.362539682525127,26.52753320921371,17.412776974841844,True
lift_and_cruse,cruise_163,1500.0,109.94973158024581,6.36253968252438,26.545943888313666,17.424338602593664,True
lift_and_cruse,cruise_163,1500.0,109.94973158024581,6.362539682524381,26.552514583609533,17.428464899764396,True
lift_and_cruse,cruise_164,1500.0,109.94671401451905,6.362893237360321,26.552514583609533,17.428464899764396,True
lift_and_cruse,cruise_164,1500.0,109.94671401451905,6.3628932373611855,26.559085098572943,17.432591196935128,True
lift_and_cruse,cruise_164,1500.0,109.94671401451905,6.362893237360564,26.577495272392593,17.444152824686952,True
lift_and_cruse,cruise_164,1500.0,109.94671401451905,6.362893237361064,26.604098744357536,17.460859860849553,True
lift_and_cruse,cruise_164,1500.0,109.94671401451905,6.362893237360411,26.633626370574948,17.479403272012576,True
lift_and_cruse,cruise_164,1500.0,109.94671401451905,6.362893237360412,26.660229842539888,17.496110308175176,True
lift_and_cruse,cruise_164,1500.0,109.94671401451905,6.362893237360415,26.67864001635954,17.507671935927,True
lift_and_cruse,cruise_164,1500.0,109.94671401451905,6.362893237360416,26.685210531322948,17.511798233097732,True
lift_and_cruse,cruise_165,1500.0,109.9436710248908,6.3632498006896325,26.685210531322948,17.511798233097732,True
lift_and_cruse,cruise_165,1500.0,109.9436710248908,6.363249799387068,26.69178086443455,17.515924530268464,True
lift_and_cruse,cruise_165,1500.0,109.9436710248908,6.3632497996747945,26.710190528716755,17.527486158020285,True
lift_and_cruse,cruise_165,1500.0,109.9436710248908,6.363249800099143,26.736793264378754,17.544193194182885,True
lift_and_cruse,cruise_165,1500.0,109.9436710248908,6.36324980050889,26.76632007336155,17.562736605345908,True
lift_and_cruse,cruise_165,1500.0,109.9436710248908,6.363249800556232,26.792922809023548,17.57944364150851,True
lift_and_cruse,cruise_165,1500.0,109.9436710248908,6.363249800511132,26.81133247330575,17.591005269260332,True
lift_and_cruse,cruise_165,1500.0,109.9436710248908,6.363249800497855,26.817902806417354,17.595131566431064,True
lift_and_cruse,cruise_166,1500.0,109.9406021827993,6.3636094237300185,26.817902806417354,17.595131566431064,True
lift_and_cruse,cruise_166,1500.0,109.9406021827993,6.363609423729995,26.82447295613218,17.599257863601796,True
lift_and_cruse,cruise_166,1500.0,109.9406021827993,6.363609423729995,26.842882106548036,17.610819491353617,True
lift_and_cruse,cruise_166,1500.0,109.9406021827993,6.363609423729997,26.869484099651647,17.62752652751622,True
lift_and_cruse,cruise_166,1500.0,109.9406021827993,6.3636094237299945,26.899010084456812,17.646069938679243,True
lift_and_cruse,cruise_166,1500.0,109.9406021827993,6.363609423729994,26.925612077560427,17.662776974841844,True
lift_and_cruse,cruise_166,1500.0,109.9406021827993,6.363609423729996,26.944021227976283,17.674338602593664,True
lift_and_cruse,cruise_166,1500.0,109.9406021827993,6.3636094237299945,26.950591377691104,17.678464899764396,True
lift_and_cruse,cruise_167,1500.0,109.9375070487726,6.36397215851757,26.950591377691104,17.678464899764396,True
lift_and_cruse,cruise_167,1500.0,109.9375070487726,6.36397215851757,26.957161342437924,17.682591196935128,True
lift_and_cruse,cruise_167,1500.0,109.9375070487726,6.363972158518878,26.975569974584946,17.694152824686952,True
lift_and_cruse,cruise_167,1500.0,109.9375070487726,6.363972158517568,27.002171218768396,17.710859860849553,True
lift_and_cruse,cruise_167,1500.0,109.9375070487726,6.363972158517568,27.031696372334885,17.729403272012576,True
lift_and_cruse,cruise_167,1500.0,109.9375070487726,6.363972158517569,27.05829761651833,17.746110308175176,True
lift_and_cruse,cruise_167,1500.0,109.9375070487726,6.363972158517917,27.076706248665353,17.757671935927,True
lift_and_cruse,cruise_167,1500.0,109.9375070487726,6.363972158517569,27.08327621341217,17.761798233097732,True
lift_and_cruse,cruise_168,1500.0,109.9343851720551,6.364338058875041,27.08327621341217,17.761798233097732,True
lift_and_cruse,cruise_168,1500.0,109.9343851720551,6.364338058817849,27.089845991592817,17.765924530268464,True
lift_and_cruse,cruise_168,1500.0,109.9343851720551,6.364338058757548,27.108254100993037,17.777486158020285,True
lift_and_cruse,cruise_168,1500.0,109.9343851720551,6.36433805875888,27.134854589785473,17.794193194182885,True
lift_and_cruse,cruise_168,1500.0,109.9343851720551,6.364338058758129,27.16437890493119,17.812736605345908,True
lift_and_cruse,cruise_168,1500.0,109.9343851720551,6.364338058758129,27.190979393723623,17.82944364150851,True
lift_and_cruse,cruise_168,1500.0,109.9343851720551,6.364338058758129,27.209387503123846,17.841005269260332,True
lift_and_cruse,cruise_168,1500.0,109.9343851720551,6.3643380587581335,27.21595728130449,17.845131566431064,True
lift_and_cruse,cruise_169,1500.0,109.93123609021823,6.364707179470251,27.21595728130449,17.845131566431064,True
lift_and_cruse,cruise_169,1500.0,109.93123609021823,6.364707179470251,27.222526871293162,17.849257863601796,True
lift_and_cruse,cruise_169,1500.0,109.93123609021823,6.364707179470255,27.240934453391183,17.860819491353617,True
lift_and_cruse,cruise_169,1500.0,109.93123609021823,6.36470717947025,27.267534180209864,17.87752652751622,True
lift_and_cruse,cruise_169,1500.0,109.93123609021823,6.364707179470251,27.29705764962852,17.896069938679243,True
lift_and_cruse,cruise_169,1500.0,109.93123609021823,6.364707179470253,27.3236573764472,17.912776974841844,True
lift_and_cruse,cruise_169,1500.0,109.93123609021823,6.364707179470251,27.342064958545226,17.924338602593664,True
lift_and_cruse,cruise_169,1500.0,109.93123609021823,6.364707179470246,27.348634548533894,17.928464899764396,True
lift_and_cruse,cruise_170,1500.0,109.92805932875413,6.36507957711492,27.348634548533894,17.928464899764396,True
lift_and_cruse,cruise_170,1500.0,109.92805932875413,6.36507957711465,27.35520394867643,17.932591196935128,True
lift_and_cruse,cruise_170,1500.0,109.92805932875413,6.3650795771146855,27.3736109988374,17.944152824686952,True
lift_and_cruse,cruise_170,1500.0,109.92805932875413,6.365079577114676,27.40020995698477,17.960859860849553,True
lift_and_cruse,cruise_170,1500.0,109.92805932875413,6.36507957711468,27.429732573242646,17.979403272012576,True
lift_and_cruse,cruise_170,1500.0,109.92805932875413,6.365079577114694,27.456331531390017,17.996110308175176,True
lift_and_cruse,cruise_170,1500.0,109.92805932875413,6.365079577114701,27.474738581550987,18.007671935927,True
lift_and_cruse,cruise_170,1500.0,109.92805932875413,6.365079577114701,27.481307981693522,18.011798233097732,True
lift_and_cruse,cruise_171,1500.0,109.92485440065143,6.365455309657057,27.481307981693522,18.011798233097732,True
lift_and_cruse,cruise_171,1500.0,109.92485440065143,6.365455309644417,27.48787719030666,18.015924530268464,True
lift_and_cruse,cruise_171,1500.0,109.92485440065143,6.365455309644396,27.506283703814184,18.027486158020285,True
lift_and_cruse,cruise_171,1500.0,109.92485440065143,6.365455309645164,27.532881886474847,18.044193194182885,True
lift_and_cruse,cruise_171,1500.0,109.92485440065143,6.365455309637973,27.562403642007414,18.062736605345908,True
lift_and_cruse,cruise_171,1500.0,109.92485440065143,6.365455309642542,27.589001824668077,18.07944364150851,True
lift_and_cruse,cruise_171,1500.0,109.92485440065143,6.365455309645166,27.607408338175603,18.091005269260332,True
lift_and_cruse,cruise_171,1500.0,109.92485440065143,6.365455309645166,27.61397754678874,18.095131566431064,True
lift_and_cruse,cruise_172,1500.0,109.92162080595226,6.365834436561315,27.61397754678874,18.095131566431064,True
lift_and_cruse,cruise_172,1500.0,109.92162080595226,6.365834436560906,27.620546562159333,18.099257863601796,True
lift_and_cruse,cruise_172,1500.0,109.92162080595226,6.365834436561314,27.638952534213285,18.110819491353617,True
lift_and_cruse,cruise_172,1500.0,109.92162080595226,6.365834436560359,27.665549934450883,18.12752652751622,True
lift_and_cruse,cruise_172,1500.0,109.92162080595226,6.365834436561315,27.695070821559348,18.146069938679243,True
lift_and_cruse,cruise_172,1500.0,109.92162080595226,6.365834436556281,27.721668221796946,18.162776974841844,True
lift_and_cruse,cruise_172,1500.0,109.92162080595226,6.365834436561316,27.740074193850898,18.174338602593664,True
lift_and_cruse,cruise_172,1500.0,109.92162080595226,6.365834436561129,27.746643209221492,18.178464899764396,True
lift_and_cruse,cruise_173,1500.0,109.91835803128963,6.366217018964159,27.746643209221492,18.178464899764396,True
lift_and_cruse,cruise_173,1500.0,109.91835803128963,6.366217018964345,27.753212029605727,18.182591196935128,True
lift_and_cruse,cruise_173,1500.0,109.91835803128963,6.3662170189643605,27.77161745532004,18.194152824686952,True
lift_and_cruse,cruise_173,1500.0,109.91835803128963,6.366217018964405,27.798214066073967,18.210859860849553,True
lift_and_cruse,cruise_173,1500.0,109.91835803128963,6.366217018964431,27.827734076921683,18.229403272012576,True
lift_and_cruse,cruise_173,1500.0,109.91835803128963,6.366217018964461,27.854330687675617,18.246110308175176,True
lift_and_cruse,cruise_173,1500.0,109.91835803128963,6.3662170189644485,27.872736113389927,18.257671935927,True
lift_and_cruse,cruise_173,1500.0,109.91835803128963,6.366217018964144,27.87930493377416,18.261798233097732,True
lift_and_cruse,cruise_174,1500.0,109.91506554940369,6.366603119618605,27.87930493377416,18.261798233097732,True
lift_and_cruse,cruise_174,1500.0,109.91506554940369,6.366603119621332,27.885873557396703,18.265924530268464,True
lift_and_cruse,cruise_174,1500.0,109.91506554940369,6.366603119621312,27.904278431797003,18.277486158020285,True
lift_and_cruse,cruise_174,1500.0,109.91506554940369,6.366603119621215,27.930874245879107,18.294193194182885,True
lift_and_cruse,cruise_174,1500.0,109.91506554940369,6.366603119621065,27.960393372487808,18.312736605345908,True
lift_and_cruse,cruise_174,1500.0,109.91506554940369,6.366603119620935,27.98698918656991,18.32944364150851,True
lift_and_cruse,cruise_174,1500.0,109.91506554940369,6.366603119620867,28.00539406097021,18.341005269260332,True
lift_and_cruse,cruise_174,1500.0,109.91506554940369,6.366603119620844,28.011962684592753,18.345131566431064,True
lift_and_cruse,cruise_175,1500.0,109.91174281863617,6.3669928035350285,28.011962684592753,18.345131566431064,True
lift_and_cruse,cruise_175,1500.0,109.91174281863617,6.366992803577846,28.0185311096459,18.349257863601796,True
lift_and_cruse,cruise_175,1500.0,109.91174281863617,6.366992803577558,28.036935427667125,18.360819491353617,True
lift_and_cruse,cruise_175,1500.0,109.91174281863617,6.36699280357771,28.06353043775817,18.37752652751622,True
lift_and_cruse,cruise_175,1500.0,109.91174281863617,6.36699280357753,28.09304867200412,18.396069938679243,True
lift_and_cruse,cruise_175,1500.0,109.91174281863617,6.3669928035769745,28.119643682095166,18.412776974841844,True
lift_and_cruse,cruise_175,1500.0,109.91174281863617,6.366992803577272,28.13804800011639,18.424338602593664,True
lift_and_cruse,cruise_175,1500.0,109.91174281863617,6.366992803577079,28.144616425169538,18.428464899764396,True
lift_and_cruse,cruise_176,1500.0,109.90838928240161,6.367386135382515,28.144616425169538,18.428464899764396,True
lift_and_cruse,cruise_176,1500.0,109.90838928240161,6.367386135381163,28.151184649812333,18.432591196935128,True
lift_and_cruse,cruise_176,1500.0,109.90838928240161,6.367386135381154,28.169588406296224,18.444152824686952,True
lift_and_cruse,cruise_176,1500.0,109.90838928240161,6.367386135380806,28.196182604942308,18.460859860849553,True
lift_and_cruse,cruise_176,1500.0,109.90838928240161,6.367386135380435,28.22569993855229,18.479403272012576,True
lift_and_cruse,cruise_176,1500.0,109.90838928240161,6.367386135380206,28.25229413719838,18.496110308175176,True
lift_and_cruse,cruise_176,1500.0,109.90838928240161,6.367386135379859,28.270697893682264,18.507671935927,True
lift_and_cruse,cruise_176,1500.0,109.90838928240161,6.36738613537978,28.27726611832506,18.511798233097732,True
lift_and_cruse,cruise_177,1500.0,109.9050043686341,6.367783181356036,28.27726611832506,18.511798233097732,True
lift_and_cruse,cruise_177,1500.0,109.9050043686341,6.36778318283805,28.283834140682348,18.515924530268464,True
lift_and_cruse,cruise_177,1500.0,109.9050043686341,6.367783182960513,28.302237330374847,18.527486158020285,True
lift_and_cruse,cruise_177,1500.0,109.9050043686341,6.367783183138866,28.32883070998364,18.544193194182885,True
lift_and_cruse,cruise_177,1500.0,109.9050043686341,6.367783183344113,28.35834713453082,18.562736605345908,True
lift_and_cruse,cruise_177,1500.0,109.9050043686341,6.367783183523023,28.384940514139622,18.57944364150851,True
lift_and_cruse,cruise_177,1500.0,109.9050043686341,6.36778318361399,28.403343703832117,18.591005269260332,True
lift_and_cruse,cruise_177,1500.0,109.9050043686341,6.367783183666349,28.409911726189407,18.595131566431064,True
lift_and_cruse,cruise_178,1500.0,109.90158748920797,6.368184021434353,28.409911726189407,18.595131566431064,True
lift_and_cruse,cruise_178,1500.0,109.90158748920797,6.368184021434357,28.416479544350896,18.599257863601796,True
lift_and_cruse,cruise_178,1500.0,109.90158748920797,6.368184021434352,28.43488216189947,18.610819491353617,True
lift_and_cruse,cruise_178,1500.0,109.90158748920797,6.368184021434354,28.461474714736344,18.62752652751622,True
lift_and_cruse,cruise_178,1500.0,109.90158748920797,6.368184021434356,28.49099022163592,18.646069938679243,True
lift_and_cruse,cruise_178,1500.0,109.90158748920797,6.368184021434354,28.517582774472796,18.662776974841844,True
lift_and_cruse,cruise_178,1500.0,109.90158748920797,6.368184021434355,28.53598539202137,18.674338602593664,True
lift_and_cruse,cruise_178,1500.0,109.90158748920797,6.3681840214343515,28.54255321018286,18.678464899764396,True
lift_and_cruse,cruise_179,1500.0,109.8981380393314,6.368588717197121,28.54255321018286,18.678464899764396,True
lift_and_cruse,cruise_179,1500.0,109.8981380393314,6.3685887171971185,28.549120822202106,18.682591196935128,True
lift_and_cruse,cruise_179,1500.0,109.8981380393314,6.36858871719753,28.56752286215296,18.694152824686952,True
lift_and_cruse,cruise_179,1500.0,109.8981380393314,6.368588717197122,28.594114580336942,18.710859860849553,True
lift_and_cruse,cruise_179,1500.0,109.8981380393314,6.368588717197134,28.62362916084169,18.729403272012576,True
lift_and_cruse,cruise_179,1500.0,109.8981380393314,6.36858871719712,28.650220879025674,18.746110308175176,True
lift_and_cruse,cruise_179,1500.0,109.8981380393314,6.368588717197487,28.668622918976528,18.757671935927,True
lift_and_cruse,cruise_179,1500.0,109.8981380393314,6.368588717197151,28.67519053099577,18.761798233097732,True
lift_and_cruse,cruise_180,1500.0,109.89465539691096,6.368997346207956,28.67519053099577,18.761798233097732,True
lift_and_cruse,cruise_180,1500.0,109.89465539691096,6.3689973462079426,28.68175793488916,18.765924530268464,True
lift_and_cruse,cruise_180,1500.0,109.89465539691096,6.368997346207943,28.70015939168432,18.777486158020285,True
lift_and_cruse,cruise_180,1500.0,109.89465539691096,6.368997346207952,28.726750267183906,18.794193194182885,True
lift_and_cruse,cruise_180,1500.0,109.89465539691096,6.368997346207941,28.756263912379545,18.812736605345908,True
lift_and_cruse,cruise_180,1500.0,109.89465539691096,6.368997346207942,28.78285478787913,18.82944364150851,True
lift_and_cruse,cruise_180,1500.0,109.89465539691096,6.368997346207946,28.801256244674292,18.841005269260332,True
lift_and_cruse,cruise_180,1500.0,109.89465539691096,6.368997346207952,28.80782364856768,18.845131566431064,True
lift_and_cruse,cruise_181,1500.0,109.89113892188566,6.3694099847699945,28.80782364856768,18.845131566431064,True
lift_and_cruse,cruise_181,1500.0,109.89113892188566,6.36940998471487,28.814390842313344,18.849257863601796,True
lift_and_cruse,cruise_181,1500.0,109.89113892188566,6.369409984714651,28.832791710287665,18.860819491353617,True
lift_and_cruse,cruise_181,1500.0,109.89113892188566,6.369409984714543,28.859381734916486,18.87752652751622,True
lift_and_cruse,cruise_181,1500.0,109.89113892188566,6.3694099847136805,28.88889443571682,18.896069938679243,True
lift_and_cruse,cruise_181,1500.0,109.89113892188566,6.369409984714558,28.915484460345645,18.912776974841844,True
lift_and_cruse,cruise_181,1500.0,109.89113892188566,6.369409984713323,28.933885328319963,18.924338602593664,True
lift_and_cruse,cruise_181,1500.0,109.89113892188566,6.369409984714089,28.94045252206563,18.928464899764396,True
lift_and_cruse,cruise_182,1500.0,109.88758795552852,6.369826711231278,28.94045252206563,18.928464899764396,True
lift_and_cruse,cruise_182,1500.0,109.88758795552852,6.3698267111688915,28.947019503602334,18.932591196935128,True
lift_and_cruse,cruise_182,1500.0,109.88758795552852,6.36982671116962,28.96541977698037,18.944152824686952,True
lift_and_cruse,cruise_182,1500.0,109.88758795552852,6.369826711169103,28.992008942392662,18.960859860849553,True
lift_and_cruse,cruise_182,1500.0,109.88758795552852,6.3698267111686055,29.0215206895346,18.979403272012576,True
lift_and_cruse,cruise_182,1500.0,109.88758795552852,6.369826711169537,29.048109854946894,18.996110308175176,True
lift_and_cruse,cruise_182,1500.0,109.88758795552852,6.3698267111695595,29.06651012832493,19.007671935927,True
lift_and_cruse,cruise_182,1500.0,109.88758795552852,6.3698267111701785,29.073077109861632,19.011798233097732,True
lift_and_cruse,cruise_183,1500.0,109.88400181971424,6.370247606350661,29.073077109861632,19.011798233097732,True
lift_and_cruse,cruise_183,1500.0,109.88400181971424,6.370247606350661,29.079643877087623,19.015924530268464,True
lift_and_cruse,cruise_183,1500.0,109.88400181971424,6.370247606350664,29.09804354998037,19.027486158020285,True
lift_and_cruse,cruise_183,1500.0,109.88400181971424,6.370247606350663,29.124631847666294,19.044193194182885,True
lift_and_cruse,cruise_183,1500.0,109.88400181971424,6.370247606350661,29.154142631704612,19.062736605345908,True
lift_and_cruse,cruise_183,1500.0,109.88400181971424,6.370247606350662,29.18073092939053,19.07944364150851,True
lift_and_cruse,cruise_183,1500.0,109.88400181971424,6.370247606350659,29.19913060228328,19.091005269260332,True
lift_and_cruse,cruise_183,1500.0,109.88400181971424,6.370247606350659,29.20569736950927,19.095131566431064,True
lift_and_cruse,cruise_184,1500.0,106.4806111617892,6.789276784835705,29.20569736950927,19.095131566431064,True
lift_and_cruse,cruise_184,1500.0,106.4806111617892,6.789276784816999,29.21206074703467,19.099257863601796,True
lift_and_cruse,cruise_184,1500.0,106.4806111617892,6.789276784805083,29.229890534650263,19.110819491353617,True
lift_and_cruse,cruise_184,1500.0,106.4806111617892,6.789276784805068,29.255655324250785,19.12752652751622,True
lift_and_cruse,cruise_184,1500.0,106.4806111617892,6.789276784805051,29.284252083271443,19.146069938679243,True
lift_and_cruse,cruise_184,1500.0,106.4806111617892,6.789276784805034,29.310016872871966,19.162776974841844,True
lift_and_cruse,cruise_184,1500.0,106.4806111617892,6.789276784805026,29.32784666048756,19.174338602593664,True
lift_and_cruse,cruise_184,1500.0,106.4806111617892,6.789276784805019,29.33421003801296,19.178464899764396,True
lift_and_cruse,cruise_185,1500.0,106.47937540629688,6.7894363493983825,29.33421003801296,19.178464899764396,True
lift_and_cruse,cruise_185,1500.0,106.47937540629688,6.789436349378747,29.340573341688494,19.182591196935128,True
lift_and_cruse,cruise_185,1500.0,106.47937540629688,6.789436349378749,29.358402922381362,19.194152824686952,True
lift_and_cruse,cruise_185,1500.0,106.47937540629688,6.789436349378752,29.384167412969887,19.210859860849553,True
lift_and_cruse,cruise_185,1500.0,106.47937540629688,6.789436349378756,29.41276384011227,19.229403272012576,True
lift_and_cruse,cruise_185,1500.0,106.47937540629688,6.789436349378754,29.43852833070079,19.246110308175176,True
lift_and_cruse,cruise_185,1500.0,106.47937540629688,6.78943634937875,29.456357911393663,19.257671935927,True
lift_and_cruse,cruise_185,1500.0,106.47937540629688,6.789436349378752,29.462721215069195,19.261798233097732,True
lift_and_cruse,cruise_186,1500.0,106.47812820281406,6.789597397867833,29.462721215069195,19.261798233097732,True
lift_and_cruse,cruise_186,1500.0,106.47812820281406,6.789597397856756,29.469084444210726,19.265924530268464,True
lift_and_cruse,cruise_186,1500.0,106.47812820281406,6.789597397856763,29.486913816063947,19.277486158020285,True
lift_and_cruse,cruise_186,1500.0,106.47812820281406,6.789597397856762,29.51267800487044,19.294193194182885,True
lift_and_cruse,cruise_186,1500.0,106.47812820281406,6.789597397856761,29.541274097060032,19.312736605345908,True
lift_and_cruse,cruise_186,1500.0,106.47812820281406,6.789597397856756,29.567038285866523,19.32944364150851,True
lift_and_cruse,cruise_186,1500.0,106.47812820281406,6.789597397856757,29.584867657719744,19.341005269260332,True
lift_and_cruse,cruise_186,1500.0,106.47812820281406,6.789597397856759,29.591230886861272,19.345131566431064,True
lift_and_cruse,cruise_187,1500.0,106.47686933086784,6.789759958861767,29.591230886861272,19.345131566431064,True
lift_and_cruse,cruise_187,1500.0,106.47686933086784,6.789759958861432,29.59759404077148,19.349257863601796,True
lift_and_cruse,cruise_187,1500.0,106.47686933086784,6.789759958861426,29.615423201831213,19.360819491353617,True
lift_and_cruse,cruise_187,1500.0,106.47686933086784,6.789759958861428,29.64118708603229,19.37752652751622,True
lift_and_cruse,cruise_187,1500.0,106.47686933086784,6.78975995886143,29.669782840135376,19.396069938679243,True
lift_and_cruse,cruise_187,1500.0,106.47686933086784,6.789759958861428,29.695546724336452,19.412776974841844,True
lift_and_cruse,cruise_187,1500.0,106.47686933086784,6.7897599588614295,29.713375885396186,19.424338602593664,True
lift_and_cruse,cruise_187,1500.0,106.47686933086784,6.789759958861432,29.71973903930639,19.428464899764396,True
lift_and_cruse,cruise_188,1500.0,106.47559856348845,6.78992406186633,29.71973903930639,19.428464899764396,True
lift_and_cruse,cruise_188,1500.0,106.47559856348845,6.789924061865884,29.72610211727439,19.432591196935128,True
lift_and_cruse,cruise_188,1500.0,106.47559856348845,6.789924061865884,29.74393106554879,19.444152824686952,True
lift_and_cruse,cruise_188,1500.0,106.47559856348845,6.789924061865886,29.769694642266145,19.460859860849553,True
lift_and_cruse,cruise_188,1500.0,106.47559856348845,6.7899240618658885,29.798290055088053,19.479403272012576,True
lift_and_cruse,cruise_188,1500.0,106.47559856348845,6.7899240618658885,29.824053631805413,19.496110308175176,True
lift_and_cruse,cruise_188,1500.0,106.47559856348845,6.789924061865885,29.84188258007981,19.507671935927,True
lift_and_cruse,cruise_188,1500.0,106.47559856348845,6.789924061865885,29.84824565804781,19.511798233097732,True
lift_and_cruse,cruise_189,1500.0,106.47431566694988,6.790089737221695,29.84824565804781,19.511798233097732,True
lift_and_cruse,cruise_189,1500.0,106.47431566694988,6.790089737221692,29.854608659348752,19.515924530268464,True
lift_and_cruse,cruise_189,1500.0,106.47431566694988,6.790089737221692,29.872437392806834,19.527486158020285,True
lift_and_cruse,cruise_189,1500.0,106.47431566694988,6.790089737221693,29.898200659105616,19.544193194182885,True
lift_and_cruse,cruise_189,1500.0,106.47431566694988,6.7900897372216935,29.926795727388903,19.562736605345908,True
lift_and_cruse,cruise_189,1500.0,106.47431566694988,6.790089737221691,29.95255899368769,19.57944364150851,True
lift_and_cruse,cruise_189,1500.0,106.47431566694988,6.790089737221693,29.97038772714577,19.591005269260332,True
lift_and_cruse,cruise_189,1500.0,106.47431566694988,6.7900897372198346,29.97675072844671,19.595131566431064,True
lift_and_cruse,cruise_190,1500.0,106.47302040049784,6.790257016194081,29.97675072844671,19.595131566431064,True
lift_and_cruse,cruise_190,1500.0,106.47302040049784,6.7902570162155325,29.983113652341363,19.599257863601796,True
lift_and_cruse,cruise_190,1500.0,106.47302040049784,6.790257016194082,30.00094216891183,19.610819491353617,True
lift_and_cruse,cruise_190,1500.0,106.47302040049784,6.7902570162344995,30.026705121798926,19.62752652751622,True
lift_and_cruse,cruise_190,1500.0,106.47302040049784,6.790257016205122,30.05529984222149,19.646069938679243,True
lift_and_cruse,cruise_190,1500.0,106.47302040049784,6.790257016194081,30.081062795108586,19.662776974841844,True
lift_and_cruse,cruise_190,1500.0,106.47302040049784,6.790257016208673,30.098891311679054,19.674338602593664,True
lift_and_cruse,cruise_190,1500.0,106.47302040049784,6.790257016199368,30.105254235573707,19.678464899764396,True
lift_and_cruse,cruise_191,1500.0,106.47171251606346,6.790425930999275,30.105254235573707,19.678464899764396,True
lift_and_cruse,cruise_191,1500.0,106.47171251606346,6.790425930999226,30.111617081307998,19.682591196935128,True
lift_and_cruse,cruise_191,1500.0,106.47171251606346,6.79042593099923,30.129445378878017,19.694152824686952,True
lift_and_cruse,cruise_191,1500.0,106.47171251606346,6.79042593099923,30.1552080153003,19.710859860849553,True
lift_and_cruse,cruise_191,1500.0,106.47171251606346,6.790425930999236,30.183802384473413,19.729403272012576,True
lift_and_cruse,cruise_191,1500.0,106.47171251606346,6.790425930999232,30.209565020895692,19.746110308175176,True
lift_and_cruse,cruise_191,1500.0,106.47171251606346,6.790425930999231,30.22739331846571,19.757671935927,True
lift_and_cruse,cruise_191,1500.0,106.47171251606346,6.7904259309992305,30.233756164200003,19.761798233097732,True
lift_and_cruse,cruise_192,1500.0,106.47039175796257,6.790596514843597,30.233756164200003,19.761798233097732,True
lift_and_cruse,cruise_192,1500.0,106.47039175796257,6.790596514843541,30.2401189310046,19.765924530268464,True
lift_and_cruse,cruise_192,1500.0,106.47039175796257,6.790596514843539,30.25794700741852,19.777486158020285,True
lift_and_cruse,cruise_192,1500.0,106.47039175796257,6.790596514843537,30.28370932426098,19.794193194182885,True
lift_and_cruse,cruise_192,1500.0,106.47039175796257,6.7905965148435365,30.312303338727254,19.812736605345908,True
lift_and_cruse,cruise_192,1500.0,106.47039175796257,6.790596514843539,30.338065655569714,19.82944364150851,True
lift_and_cruse,cruise_192,1500.0,106.47039175796257,6.790596514843538,30.355893731983635,19.841005269260332,True
lift_and_cruse,cruise_192,1500.0,106.47039175796257,6.790596514843541,30.36225649878823,19.845131566431064,True
lift_and_cruse,cruise_193,1500.0,106.46905786257886,6.7907688019647905,30.36225649878823,19.845131566431064,True
lift_and_cruse,cruise_193,1500.0,106.46905786257886,6.79076880196472,30.368619185878032,19.849257863601796,True
lift_and_cruse,cruise_193,1500.0,106.46905786257886,6.790768801964732,30.386447038936065,19.860819491353617,True
lift_and_cruse,cruise_193,1500.0,106.46905786257886,6.79076880196473,30.41220903301992,19.87752652751622,True
lift_and_cruse,cruise_193,1500.0,106.46905786257886,6.790768801964732,30.44080268925116,19.896069938679243,True
lift_and_cruse,cruise_193,1500.0,106.46905786257886,6.790768801964729,30.466564683335015,19.912776974841844,True
lift_and_cruse,cruise_193,1500.0,106.46905786257886,6.79076880196472,30.48439253639305,19.924338602593664,True
lift_and_cruse,cruise_193,1500.0,106.46905786257886,6.790768801964716,30.49075522348285,19.928464899764396,True
lift_and_cruse,cruise_194,1500.0,106.46771055803082,6.790942827635353,30.49075522348285,19.928464899764396,True
lift_and_cruse,cruise_194,1500.0,106.46771055803082,6.790942826023314,30.497117830056514,19.932591196935128,True
lift_and_cruse,cruise_194,1500.0,106.46771055803082,6.790942826208443,30.514945457513345,19.944152824686952,True
lift_and_cruse,cruise_194,1500.0,106.46771055803082,6.790942826478564,30.540707125594015,19.960859860849553,True
lift_and_cruse,cruise_194,1500.0,106.46771055803082,6.790942826762378,30.569300419989023,19.979403272012576,True
lift_and_cruse,cruise_194,1500.0,106.46771055803082,6.790942827006077,30.595062088069692,19.996110308175176,True
lift_and_cruse,cruise_194,1500.0,106.46771055803082,6.790942827181684,30.612889715526524,20.007671935927,True
lift_and_cruse,cruise_194,1500.0,106.46771055803082,6.790942827246841,30.619252322100188,20.011798233097732,True
lift_and_cruse,cruise_195,1500.0,106.46634956382053,6.791118628297291,30.619252322100188,20.011798233097732,True
lift_and_cruse,cruise_195,1500.0,106.46634956382053,6.791118628406634,30.62561484733961,20.015924530268464,True
lift_and_cruse,cruise_195,1500.0,106.46634956382053,6.791118628406645,30.643442246902953,20.027486158020285,True
lift_and_cruse,cruise_195,1500.0,106.46634956382053,6.791118628406598,30.669203585667997,20.044193194182885,True
lift_and_cruse,cruise_195,1500.0,106.46634956382053,6.791118628406747,30.697796514550227,20.062736605345908,True
lift_and_cruse,cruise_195,1500.0,106.46634956382053,6.79111862840669,30.72355785331527,20.07944364150851,True
lift_and_cruse,cruise_195,1500.0,106.46634956382053,6.791118628406745,30.741385252878615,20.091005269260332,True
lift_and_cruse,cruise_195,1500.0,106.46634956382053,6.791118628406708,30.747747778118033,20.095131566431064,True
lift_and_cruse,cruise_196,1500.0,106.46497459046392,6.791296241582752,30.747747778118033,20.095131566431064,True
lift_and_cruse,cruise_196,1500.0,106.46497459046392,6.791296241761597,30.754110221187805,20.099257863601796,True
lift_and_cruse,cruise_196,1500.0,106.46497459046392,6.791296241761739,30.771937390516907,20.110819491353617,True
lift_and_cruse,cruise_196,1500.0,106.46497459046392,6.791296241761713,30.797698396583826,20.12752652751622,True
lift_and_cruse,cruise_196,1500.0,106.46497459046392,6.791296241761776,30.826290956199006,20.146069938679243,True
lift_and_cruse,cruise_196,1500.0,106.46497459046392,6.79129624176182,30.852051962265925,20.162776974841844,True
lift_and_cruse,cruise_196,1500.0,106.46497459046392,6.791296241761825,30.869879131595027,20.174338602593664,True
lift_and_cruse,cruise_196,1500.0,106.46497459046392,6.791296241761892,30.8762415746648,20.178464899764396,True
lift_and_cruse,cruise_197,1500.0,106.46358533910063,6.79147570626105,30.8762415746648,20.178464899764396,True
lift_and_cruse,cruise_197,1500.0,106.46358533910063,6.791475706560377,30.882603934711653,20.182591196935128,True
lift_and_cruse,cruise_197,1500.0,106.46358533910063,6.791475706560316,30.90043087141571,20.194152824686952,True
lift_and_cruse,cruise_197,1500.0,106.46358533910063,6.791475706560486,30.926191541329704,20.210859860849553,True
lift_and_cruse,cruise_197,1500.0,106.46358533910063,6.791475706560446,30.95478372784328,20.229403272012576,True
lift_and_cruse,cruise_197,1500.0,106.46358533910063,6.791475706560467,30.980544397757278,20.246110308175176,True
lift_and_cruse,cruise_197,1500.0,106.46358533910063,6.791475706560505,30.998371334461332,20.257671935927,True
lift_and_cruse,cruise_197,1500.0,106.46358533910063,6.791475706560585,31.00473369450819,20.261798233097732,True
lift_and_cruse,cruise_198,1500.0,106.46218150108253,6.791657062489278,31.00473369450819,20.261798233097732,True
lift_and_cruse,cruise_198,1500.0,106.46218150108253,6.791657062896204,31.011095970660417,20.265924530268464,True
lift_and_cruse,cruise_198,1500.0,106.46218150108253,6.791657062896229,31.028922672296947,20.277486158020285,True
lift_and_cruse,cruise_198,1500.0,106.46218150108253,6.791657062896079,31.054683002528527,20.294193194182885,True
lift_and_cruse,cruise_198,1500.0,106.46218150108253,6.791657062896131,31.083274812023067,20.312736605345908,True
lift_and_cruse,cruise_198,1500.0,106.46218150108253,6.791657062637258,31.109035142254644,20.32944364150851,True
lift_and_cruse,cruise_198,1500.0,106.46218150108253,6.791657062281184,31.126861843891177,20.341005269260332,True
lift_and_cruse,cruise_198,1500.0,106.46218150108253,6.791657062153915,31.133224120043405,20.345131566431064,True
lift_and_cruse,cruise_199,1500.0,106.4607627575393,6.791840351604521,31.133224120043405,20.345131566431064,True
lift_and_cruse,cruise_199,1500.0,106.4607627575393,6.791840352191211,31.139586311410234,20.349257863601796,True
lift_and_cruse,cruise_199,1500.0,106.4607627575393,6.79184035219124,31.15741277548337,20.360819491353617,True
lift_and_cruse,cruise_199,1500.0,106.4607627575393,6.791840352073874,31.183172762425887,20.37752652751622,True
lift_and_cruse,cruise_199,1500.0,106.4607627575393,6.791840351336745,31.211764190898318,20.396069938679243,True
lift_and_cruse,cruise_199,1500.0,106.4607627575393,6.791840350671547,31.237524177840836,20.412776974841844,True
lift_and_cruse,cruise_199,1500.0,106.4607627575393,6.791840350168416,31.255350641913967,20.424338602593664,True
lift_and_cruse,cruise_199,1500.0,106.4607627575393,6.791840349971777,31.261712833280797,20.428464899764396,True
lift_and_cruse,cruise_200,1500.0,106.45932877891947,6.792025617259384,31.261712833280797,20.428464899764396,True
lift_and_cruse,cruise_200,1500.0,106.45932877891947,6.792025617260137,31.26807493895177,20.432591196935128,True
lift_and_cruse,cruise_200,1500.0,106.45932877891947,6.792025617259996,31.285901162910445,20.444152824686952,True
lift_and_cruse,cruise_200,1500.0,106.45932877891947,6.792025617260039,31.311660802877515,20.460859860849553,True
lift_and_cruse,cruise_200,1500.0,106.45932877891947,6.7920256172604105,31.340251846236256,20.479403272012576,True
lift_and_cruse,cruise_200,1500.0,106.45932877891947,6.7920256172610145,31.36601148620333,20.496110308175176,True
lift_and_cruse,cruise_200,1500.0,106.45932877891947,6.792025617261683,31.383837710162005,20.507671935927,True
lift_and_cruse,cruise_200,1500.0,106.45932877891947,6.792025617261846,31.39019981583298,20.511798233097732,True
lift_and_cruse,cruise_201,1500.0,106.45787922450569,6.792212902361767,31.39019981583298,20.511798233097732,True
lift_and_cruse,cruise_201,1500.0,106.45787922450569,6.792212902362665,31.396561834877268,20.515924530268464,True
lift_and_cruse,cruise_201,1500.0,106.45787922450569,6.792212902362449,31.414387816113376,20.527486158020285,True
lift_and_cruse,cruise_201,1500.0,106.45787922450569,6.792212902362344,31.440147105336177,20.544193194182885,True
lift_and_cruse,cruise_201,1500.0,106.45787922450569,6.792212902362509,31.468737759398145,20.562736605345908,True
lift_and_cruse,cruise_201,1500.0,106.45787922450569,6.792212902362786,31.494497048620946,20.57944364150851,True
lift_and_cruse,cruise_201,1500.0,106.45787922450569,6.79221290236322,31.51232302985705,20.591005269260332,True
lift_and_cruse,cruise_201,1500.0,106.45787922450569,6.792212902363382,31.518685048901343,20.595131566431064,True
lift_and_cruse,cruise_202,1500.0,106.4564137419016,6.792402253282546,31.518685048901343,20.595131566431064,True
lift_and_cruse,cruise_202,1500.0,106.4564137419016,6.792402253282235,31.52504698036707,20.599257863601796,True
lift_and_cruse,cruise_202,1500.0,106.4564137419016,6.792402253282294,31.542872716213495,20.610819491353617,True
lift_and_cruse,cruise_202,1500.0,106.4564137419016,6.792402253282313,31.568631650837926,20.62752652751622,True
lift_and_cruse,cruise_202,1500.0,106.4564137419016,6.792402253282272,31.597221911325395,20.646069938679243,True
lift_and_cruse,cruise_202,1500.0,106.4564137419016,6.792402253282256,31.62298084594983,20.662776974841844,True
lift_and_cruse,cruise_202,1500.0,106.4564137419016,6.792402253282219,31.640806581796255,20.674338602593664,True
lift_and_cruse,cruise_202,1500.0,106.4564137419016,6.792402253282252,31.64716851326198,20.678464899764396,True
lift_and_cruse,cruise_203,1500.0,106.45493196648893,6.792593717394518,31.64716851326198,20.678464899764396,True
lift_and_cruse,cruise_203,1500.0,106.45493196648893,6.792593717393983,31.65353035617547,20.682591196935128,True
lift_and_cruse,cruise_203,1500.0,106.45493196648893,6.792593717393967,31.67135584390404,20.694152824686952,True
lift_and_cruse,cruise_203,1500.0,106.45493196648893,6.792593717393991,31.69711441998778,20.710859860849553,True
lift_and_cruse,cruise_203,1500.0,106.45493196648893,6.792593717394005,31.72570428252511,20.729403272012576,True
lift_and_cruse,cruise_203,1500.0,106.45493196648893,6.792593717394112,31.751462858608853,20.746110308175176,True
lift_and_cruse,cruise_203,1500.0,106.45493196648893,6.79259371739422,31.76928834633742,20.757671935927,True
lift_and_cruse,cruise_203,1500.0,106.45493196648893,6.792593717394041,31.775650189250907,20.761798233097732,True
lift_and_cruse,cruise_204,1500.0,106.45343352085307,6.792787343734659,31.775650189250907,20.761798233097732,True
lift_and_cruse,cruise_204,1500.0,106.45343352085307,6.792787343733734,31.78201194261593,20.765924530268464,True
lift_and_cruse,cruise_204,1500.0,106.45343352085307,6.792787343733504,31.799837179435276,20.777486158020285,True
lift_and_cruse,cruise_204,1500.0,106.45343352085307,6.79278734373379,31.825595392944685,20.794193194182885,True
lift_and_cruse,cruise_204,1500.0,106.45343352085307,6.792787343733726,31.854184853054864,20.812736605345908,True
lift_and_cruse,cruise_204,1500.0,106.45343352085307,6.792787343733625,31.879943066564277,20.82944364150851,True
lift_and_cruse,cruise_204,1500.0,106.45343352085307,6.7927873437336,31.89776830338362,20.841005269260332,True
lift_and_cruse,cruise_204,1500.0,106.45343352085307,6.792787343733533,31.904130056748645,20.845131566431064,True
lift_and_cruse,cruise_205,1500.0,106.45191801417353,6.79298318308388,31.904130056748645,20.845131566431064,True
lift_and_cruse,cruise_205,1500.0,106.45191801417353,6.792983183082706,31.91049171954562,20.849257863601796,True
lift_and_cruse,cruise_205,1500.0,106.45191801417353,6.792983183082755,31.92831670259893,20.860819491353617,True
lift_and_cruse,cruise_205,1500.0,106.45191801417353,6.792983183082801,31.954074549405803,20.87752652751622,True
lift_and_cruse,cruise_205,1500.0,106.45191801417353,6.792983183082747,31.982663602506864,20.896069938679243,True
lift_and_cruse,cruise_205,1500.0,106.45191801417353,6.792983183082831,32.00842144931374,20.912776974841844,True
lift_and_cruse,cruise_205,1500.0,106.45191801417353,6.79298318308265,32.026246432367046,20.924338602593664,True
lift_and_cruse,cruise_205,1500.0,106.45191801417353,6.792983183082747,32.03260809516402,20.928464899764396,True
lift_and_cruse,cruise_206,1500.0,106.45038504157827,6.793181288050875,32.03260809516402,20.928464899764396,True
lift_and_cruse,cruise_206,1500.0,106.45038504157827,6.793181288049152,32.03896966634917,20.932591196935128,True
lift_and_cruse,cruise_206,1500.0,106.45038504157827,6.793181288049313,32.05679439271184,20.944152824686952,True
lift_and_cruse,cruise_206,1500.0,106.45038504157827,6.7931812880489755,32.08255186859,20.960859860849553,True
lift_and_cruse,cruise_206,1500.0,106.45038504157827,6.793181288049153,32.11114050999125,20.979403272012576,True
lift_and_cruse,cruise_206,1500.0,106.45038504157827,6.793181288049058,32.1368979858694,20.996110308175176,True
lift_and_cruse,cruise_206,1500.0,106.45038504157827,6.793181288048973,32.15472271223208,21.007671935927,True
lift_and_cruse,cruise_206,1500.0,106.45038504157827,6.793181288048936,32.16108428341723,21.011798233097732,True
lift_and_cruse,cruise_207,1500.0,106.44883418345812,6.793381713161489,32.16108428341723,21.011798233097732,True
lift_and_cruse,cruise_207,1500.0,106.44883418345812,6.7933817131596035,32.1674457619217,21.015924530268464,True
lift_and_cruse,cruise_207,1500.0,106.44883418345812,6.7933817131592384,32.18527022859887,21.027486158020285,True
lift_and_cruse,cruise_207,1500.0,106.44883418345812,6.793381713159318,32.2110273292206,21.044193194182885,True
lift_and_cruse,cruise_207,1500.0,106.44883418345812,6.79338171315918,32.23961555411864,21.062736605345908,True
lift_and_cruse,cruise_207,1500.0,106.44883418345812,6.7933817131593015,32.265372654740375,21.07944364150851,True
lift_and_cruse,cruise_207,1500.0,106.44883418345812,6.793381713159209,32.283197121417544,21.091005269260332,True
lift_and_cruse,cruise_207,1500.0,106.44883418345812,6.79338171315901,32.28955859992201,21.095131566431064,True
lift_and_cruse,cruise_208,1500.0,106.44726500473904,6.79358451495335,32.28955859992201,21.095131566431064,True
lift_and_cruse,cruise_208,1500.0,106.44726500473904,6.793584514951439,32.29591998465094,21.099257863601796,True
lift_and_cruse,cruise_208,1500.0,106.44726500473904,6.7935845149514575,32.3137441885749,21.110819491353617,True
lift_and_cruse,cruise_208,1500.0,106.44726500473904,6.793584514951243,32.33950090950722,21.12752652751622,True
lift_and_cruse,cruise_208,1500.0,106.44726500473904,6.793584514951397,32.36808871298183,21.146069938679243,True
lift_and_cruse,cruise_208,1500.0,106.44726500473904,6.793584514951435,32.39384543391416,21.162776974841844,True
lift_and_cruse,cruise_208,1500.0,106.44726500473904,6.793584514951403,32.411669637838116,21.174338602593664,True
lift_and_cruse,cruise_208,1500.0,106.44726500473904,6.793584514951334,32.41803102256704,21.178464899764396,True
lift_and_cruse,cruise_209,1500.0,106.44567705410846,6.793789752076609,32.41803102256704,21.178464899764396,True
lift_and_cruse,cruise_209,1500.0,106.44567705410846,6.793789752074202,32.4243923123986,21.182591196935128,True
lift_and_cruse,cruise_209,1500.0,106.44567705410846,6.793789752074113,32.44221625042606,21.194152824686952,True
lift_and_cruse,cruise_209,1500.0,106.44567705410846,6.7937897520740975,32.4679725871268,21.210859860849553,True
lift_and_cruse,cruise_209,1500.0,106.44567705410846,6.793789752073912,32.496559964136516,21.229403272012576,True
lift_and_cruse,cruise_209,1500.0,106.44567705410846,6.793789752074195,32.52231630083726,21.246110308175176,True
lift_and_cruse,cruise_209,1500.0,106.44567705410846,6.793789752074105,32.540140238864716,21.257671935927,True
lift_and_cruse,cruise_209,1500.0,106.44567705410846,6.793789752074008,32.546501528696275,21.261798233097732,True
lift_and_cruse,cruise_210,1500.0,106.44406986319272,6.793997485401306,32.546501528696275,21.261798233097732,True
lift_and_cruse,cruise_210,1500.0,106.44406986319272,6.793997485398441,32.55286272248066,21.265924530268464,True
lift_and_cruse,cruise_210,1500.0,106.44406986319272,6.793997485398647,32.570686391389884,21.277486158020285,True
lift_and_cruse,cruise_210,1500.0,106.44406986319272,6.793997485398517,32.596442339203534,21.294193194182885,True
lift_and_cruse,cruise_210,1500.0,106.44406986319272,6.793997485398274,32.62502928458114,21.312736605345908,True
lift_and_cruse,cruise_210,1500.0,106.44406986319272,6.793997485398544,32.65078523239479,21.32944364150851,True
lift_and_cruse,cruise_210,1500.0,106.44406986319272,6.793997485398372,32.66860890130401,21.341005269260332,True
lift_and_cruse,cruise_210,1500.0,106.44406986319272,6.79399748539827,32.6749700950884,21.345131566431064,True
lift_and_cruse,cruise_211,1500.0,106.44244294568134,6.794207778130877,32.6749700950884,21.345131566431064,True
lift_and_cruse,cruise_211,1500.0,106.44244294568134,6.794207778130977,32.68133119164672,21.349257863601796,True
lift_and_cruse,cruise_211,1500.0,106.44244294568134,6.794207778130977,32.699154588134576,21.360819491353617,True
lift_and_cruse,cruise_211,1500.0,106.44244294568134,6.794207778130978,32.724910142287946,21.37752652751622,True
lift_and_cruse,cruise_211,1500.0,106.44244294568134,6.794207778130977,32.7534966507356,21.396069938679243,True
lift_and_cruse,cruise_211,1500.0,106.44244294568134,6.7942077781309775,32.77925220488896,21.412776974841844,True
lift_and_cruse,cruise_211,1500.0,106.44244294568134,6.794207778130978,32.797075601376825,21.424338602593664,True
lift_and_cruse,cruise_211,1500.0,106.44244294568134,6.794207778130977,32.80343669793515,21.428464899764396,True
lift_and_cruse,cruise_212,1500.0,106.44079579639447,6.794420695924158,32.80343669793515,21.428464899764396,True
lift_and_cruse,cruise_212,1500.0,106.44079579639447,6.794420695924265,32.80979769605834,21.432591196935128,True
lift_and_cruse,cruise_212,1500.0,106.44079579639447,6.794420695924261,32.827620816737095,21.444152824686952,True
lift_and_cruse,cruise_212,1500.0,106.44079579639447,6.794420695924261,32.85337597233476,21.460859860849553,True
lift_and_cruse,cruise_212,1500.0,106.44079579639447,6.794420695924259,32.881962038418955,21.479403272012576,True
lift_and_cruse,cruise_212,1500.0,106.44079579639447,6.794420695924262,32.90771719401662,21.496110308175176,True
lift_and_cruse,cruise_212,1500.0,106.44079579639447,6.794420695924262,32.925540314695375,21.507671935927,True
lift_and_cruse,cruise_212,1500.0,106.44079579639447,6.79442069592426,32.931901312818574,21.511798233097732,True
lift_and_cruse,cruise_213,1500.0,106.43912789028852,6.794636307024483,32.931901312818574,21.511798233097732,True
lift_and_cruse,cruise_213,1500.0,106.43912789028852,6.794636307024571,32.938262211266185,21.515924530268464,True
lift_and_cruse,cruise_213,1500.0,106.43912789028852,6.794636307024575,32.956085052660185,21.527486158020285,True
lift_and_cruse,cruise_213,1500.0,106.43912789028852,6.7946363070245726,32.98183980467968,21.544193194182885,True
lift_and_cruse,cruise_213,1500.0,106.43912789028852,6.794636307024571,33.01042542282591,21.562736605345908,True
lift_and_cruse,cruise_213,1500.0,106.43912789028852,6.7946363070245726,33.036180174845406,21.57944364150851,True
lift_and_cruse,cruise_213,1500.0,106.43912789028852,6.7946363070245726,33.054003016239406,21.591005269260332,True
lift_and_cruse,cruise_213,1500.0,106.43912789028852,6.7946363070245726,33.060363914687024,21.595131566431064,True
lift_and_cruse,cruise_214,1500.0,106.4374386813952,6.79485468239796,33.060363914687024,21.595131566431064,True
lift_and_cruse,cruise_214,1500.0,106.4374386813952,6.794854682398047,33.06672471218599,21.599257863601796,True
lift_and_cruse,cruise_214,1500.0,106.4374386813952,6.794854682398047,33.08454727072816,21.610819491353617,True
lift_and_cruse,cruise_214,1500.0,106.4374386813952,6.7948546823980465,33.11030161401492,21.62752652751622,True
lift_and_cruse,cruise_214,1500.0,106.4374386813952,6.794854682398049,33.138886778502034,21.646069938679243,True
lift_and_cruse,cruise_214,1500.0,106.4374386813952,6.7948546823980465,33.16464112178879,21.662776974841844,True
lift_and_cruse,cruise_214,1500.0,106.4374386813952,6.794854682398048,33.182463680330955,21.674338602593664,True
lift_and_cruse,cruise_214,1500.0,106.4374386813952,6.794854682398049,33.188824477829925,21.678464899764396,True
lift_and_cruse,cruise_215,1500.0,106.43572760168858,6.79507589588108,33.188824477829925,21.678464899764396,True
lift_and_cruse,cruise_215,1500.0,106.43572760168858,6.795075895881147,33.19518517307322,21.682591196935128,True
lift_and_cruse,cruise_215,1500.0,106.43572760168858,6.795075895881145,33.213007445101375,21.694152824686952,True
lift_and_cruse,cruise_215,1500.0,106.43572760168858,6.7950758958811495,33.23876137436338,21.710859860849553,True
lift_and_cruse,cruise_215,1500.0,106.43572760168858,6.795075895881148,33.26734607931768,21.729403272012576,True
lift_and_cruse,cruise_215,1500.0,106.43572760168858,6.795075895881147,33.29310000857969,21.746110308175176,True
lift_and_cruse,cruise_215,1500.0,106.43572760168858,6.795075895881149,33.31092228060784,21.757671935927,True
lift_and_cruse,cruise_215,1500.0,106.43572760168858,6.795075895881149,33.31728297585114,21.761798233097732,True
lift_and_cruse,cruise_216,1500.0,106.43399405987438,6.795300024338273,33.31728297585114,21.761798233097732,True
lift_and_cruse,cruise_216,1500.0,106.43399405987438,6.795300024338342,33.32364356749641,21.765924530268464,True
lift_and_cruse,cruise_216,1500.0,106.43399405987438,6.795300024338342,33.34146554924935,21.777486158020285,True
lift_and_cruse,cruise_216,1500.0,106.43399405987438,6.795300024338343,33.367219059051514,21.794193194182885,True
lift_and_cruse,cruise_216,1500.0,106.43399405987438,6.795300024338344,33.395803298440526,21.812736605345908,True
lift_and_cruse,cruise_216,1500.0,106.43399405987438,6.795300024338345,33.42155680824269,21.82944364150851,True
lift_and_cruse,cruise_216,1500.0,106.43399405987438,6.795300024338347,33.43937878999562,21.841005269260332,True
lift_and_cruse,cruise_216,1500.0,106.43399405987438,6.7953000243383475,33.4457393816409,21.845131566431064,True
lift_and_cruse,cruise_217,1500.0,106.4322374400943,6.795527147831049,33.4457393816409,21.845131566431064,True
lift_and_cruse,cruise_217,1500.0,106.4322374400943,6.795527147830866,33.452099868308984,21.849257863601796,True
lift_and_cruse,cruise_217,1500.0,106.4322374400943,6.795527147830864,33.46992155592238,21.860819491353617,True
lift_and_cruse,cruise_217,1500.0,106.4322374400943,6.795527147830863,33.495674640680605,21.87752652751622,True
lift_and_cruse,cruise_217,1500.0,106.4322374400943,6.79552714783086,33.52425840830642,21.896069938679243,True
lift_and_cruse,cruise_217,1500.0,106.4322374400943,6.795527147830862,33.550011493064645,21.912776974841844,True
lift_and_cruse,cruise_217,1500.0,106.4322374400943,6.7955271478308585,33.56783318067804,21.924338602593664,True
lift_and_cruse,cruise_217,1500.0,106.4322374400943,6.795527147830862,33.57419366734614,21.928464899764396,True
lift_and_cruse,cruise_218,1500.0,106.43045710053885,6.795757349797314,33.57419366734614,21.928464899764396,True
lift_and_cruse,cruise_218,1500.0,106.43045710053885,6.795757349797363,33.58055404761952,21.932591196935128,True
lift_and_cruse,cruise_218,1500.0,106.43045710053885,6.79575734979736,33.5983754371216,21.944152824686952,True
lift_and_cruse,cruise_218,1500.0,106.43045710053885,6.795757349797363,33.62412809109647,21.960859860849553,True
lift_and_cruse,cruise_218,1500.0,106.43045710053885,6.795757349797362,33.65271138058885,21.979403272012576,True
lift_and_cruse,cruise_218,1500.0,106.43045710053885,6.795757349797363,33.678464034563724,21.996110308175176,True
lift_and_cruse,cruise_218,1500.0,106.43045710053885,6.795757349797362,33.6962854240658,22.007671935927,True
lift_and_cruse,cruise_218,1500.0,106.43045710053885,6.795757349797363,33.702645804339184,22.011798233097732,True
lift_and_cruse,cruise_219,1500.0,106.42865237196075,6.795990717247585,33.702645804339184,22.011798233097732,True
lift_and_cruse,cruise_219,1500.0,106.42865237196075,6.795990717246292,33.70900607676036,22.015924530268464,True
lift_and_cruse,cruise_219,1500.0,106.42865237196075,6.795990717246413,33.72682716406725,22.027486158020285,True
lift_and_cruse,cruise_219,1500.0,106.42865237196075,6.795990717246329,33.75257938135744,22.044193194182885,True
lift_and_cruse,cruise_219,1500.0,106.42865237196075,6.795990717246479,33.78116218616639,22.062736605345908,True
lift_and_cruse,cruise_219,1500.0,106.42865237196075,6.795990717246481,33.80691440345658,22.07944364150851,True
lift_and_cruse,cruise_219,1500.0,106.42865237196075,6.79599071724632,33.82473549076347,22.091005269260332,True
lift_and_cruse,cruise_219,1500.0,106.42865237196075,6.795990717246663,33.83109576318465,22.095131566431064,True
lift_and_cruse,cruise_220,1500.0,106.42682255607941,6.796227340970057,33.83109576318465,22.095131566431064,True
lift_and_cruse,cruise_220,1500.0,106.42682255607941,6.7962273409701,33.83745592625438,22.099257863601796,True
lift_and_cruse,cruise_220,1500.0,106.42682255607941,6.796227340970098,33.85527670716532,22.110819491353617,True
lift_and_cruse,cruise_220,1500.0,106.42682255607941,6.796227340970098,33.881028481700525,22.12752652751622,True
lift_and_cruse,cruise_220,1500.0,106.42682255607941,6.796227340970098,33.90961079508851,22.146069938679243,True
lift_and_cruse,cruise_220,1500.0,106.42682255607941,6.796227340970099,33.93536256962372,22.162776974841844,True
lift_and_cruse,cruise_220,1500.0,106.42682255607941,6.7962273409700975,33.95318335053466,22.174338602593664,True
lift_and_cruse,cruise_220,1500.0,106.42682255607941,6.7962273409701,33.95954351360439,22.178464899764396,True
lift_and_cruse,cruise_221,1500.0,106.42496692386803,6.79646731575562,33.95954351360439,22.178464899764396,True
lift_and_cruse,cruise_221,1500.0,106.42496692386803,6.796467315755612,33.965903565779854,22.182591196935128,True
lift_and_cruse,cruise_221,1500.0,106.42496692386803,6.796467315755614,33.983724035971996,22.194152824686952,True
lift_and_cruse,cruise_221,1500.0,106.42496692386803,6.796467315755616,34.009475361505515,22.210859860849553,True
lift_and_cruse,cruise_221,1500.0,106.42496692386803,6.7964673157556135,34.03805717653923,22.229403272012576,True
lift_and_cruse,cruise_221,1500.0,106.42496692386803,6.796467315755616,34.06380850207276,22.246110308175176,True
lift_and_cruse,cruise_221,1500.0,106.42496692386803,6.796467315755615,34.081628972264895,22.257671935927,True
lift_and_cruse,cruise_221,1500.0,106.42496692386803,6.796467315755616,34.08798902444036,22.261798233097732,True
lift_and_cruse,cruise_222,1500.0,106.42308471371129,6.796710740636794,34.08798902444036,22.261798233097732,True
lift_and_cruse,cruise_222,1500.0,106.42308471371129,6.796710740636788,34.09434896413325,22.265924530268464,True
lift_and_cruse,cruise_222,1500.0,106.42308471371129,6.796710740636791,34.1121691191562,22.277486158020285,True
lift_and_cruse,cruise_222,1500.0,106.42308471371129,6.796710740636788,34.137919989257064,22.294193194182885,True
lift_and_cruse,cruise_222,1500.0,106.42308471371129,6.796710740636789,34.16650129879866,22.312736605345908,True
lift_and_cruse,cruise_222,1500.0,106.42308471371129,6.796710740636787,34.192252168899515,22.32944364150851,True
lift_and_cruse,cruise_222,1500.0,106.42308471371129,6.796710740636789,34.21007232392247,22.341005269260332,True
lift_and_cruse,cruise_222,1500.0,106.42308471371129,6.796710740636788,34.21643226361536,22.345131566431064,True
lift_and_cruse,cruise_223,1500.0,106.42117512942325,6.796957719030405,34.21643226361536,22.345131566431064,True
lift_and_cruse,cruise_223,1500.0,106.42117512942325,6.796957719146551,34.22279208918977,22.349257863601796,True
lift_and_cruse,cruise_223,1500.0,106.42117512942325,6.79695771914655,34.240611924459834,22.360819491353617,True
lift_and_cruse,cruise_223,1500.0,106.42117512942325,6.7969577191465484,34.26636233250439,22.37752652751622,True
lift_and_cruse,cruise_223,1500.0,106.42117512942325,6.7969577191465484,34.29494312920218,22.396069938679243,True
lift_and_cruse,cruise_223,1500.0,106.42117512942325,6.796957719146551,34.32069353724673,22.412776974841844,True
lift_and_cruse,cruise_223,1500.0,106.42117512942325,6.796957719146551,34.33851337251681,22.424338602593664,True
lift_and_cruse,cruise_223,1500.0,106.42117512942325,6.796957719146549,34.344873198091214,22.428464899764396,True
lift_and_cruse,cruise_224,1500.0,106.41923733811106,6.797208359476925,34.344873198091214,22.428464899764396,True
lift_and_cruse,cruise_224,1500.0,106.41923733811106,6.797208359596397,34.35123290786146,22.432591196935128,True
lift_and_cruse,cruise_224,1500.0,106.41923733811106,6.7972083595963975,34.369052418655485,22.444152824686952,True
lift_and_cruse,cruise_224,1500.0,106.41923733811106,6.7972083595963975,34.39480235781857,22.460859860849553,True
lift_and_cruse,cruise_224,1500.0,106.41923733811106,6.797208359596397,34.423382634097194,22.479403272012576,True
lift_and_cruse,cruise_224,1500.0,106.41923733811106,6.7972083595963975,34.44913257326028,22.496110308175176,True
lift_and_cruse,cruise_224,1500.0,106.41923733811106,6.797208359596398,34.466952084054306,22.507671935927,True
lift_and_cruse,cruise_224,1500.0,106.41923733811106,6.7972083595963975,34.47331179382456,22.511798233097732,True
lift_and_cruse,cruise_225,1500.0,106.41727046787103,6.797462775376627,34.47331179382456,22.511798233097732,True
lift_and_cruse,cruise_225,1500.0,106.41727046787103,6.7974627753765775,34.479671386052864,22.515924530268464,True
lift_and_cruse,cruise_225,1500.0,106.41727046787103,6.797462775376577,34.49749056750168,22.527486158020285,True
lift_and_cruse,cruise_225,1500.0,106.41727046787103,6.7974627753765775,34.523240030747154,22.544193194182885,True
lift_and_cruse,cruise_225,1500.0,106.41727046787103,6.7974627753765775,34.55181977879708,22.562736605345908,True
lift_and_cruse,cruise_225,1500.0,106.41727046787103,6.797462775376579,34.57756924204256,22.57944364150851,True
lift_and_cruse,cruise_225,1500.0,106.41727046787103,6.797462775376578,34.59538842349138,22.591005269260332,True
lift_and_cruse,cruise_225,1500.0,106.41727046787103,6.797462775376581,34.601748015719686,22.595131566431064,True
lift_and_cruse,cruise_226,1500.0,106.41527360530004,6.797721085280356,34.601748015719686,22.595131566431064,True
lift_and_cruse,cruise_226,1500.0,106.41527360530004,6.797721085279539,34.60810748861368,22.599257863601796,True
lift_and_cruse,cruise_226,1500.0,106.41527360530004,6.797721085279528,34.62592633569519,22.610819491353617,True
lift_and_cruse,cruise_226,1500.0,106.41527360530004,6.797721085279536,34.65167531576591,22.62752652751622,True
lift_and_cruse,cruise_226,1500.0,106.41527360530004,6.797721085279516,34.680254527532306,22.646069938679243,True
lift_and_cruse,cruise_226,1500.0,106.41527360530004,6.79772108527953,34.70600350760302,22.662776974841844,True
lift_and_cruse,cruise_226,1500.0,106.41527360530004,6.79772108527953,34.72382235468453,22.674338602593664,True
lift_and_cruse,cruise_226,1500.0,106.41527360530004,6.797721085279528,34.73018182757852,22.678464899764396,True
lift_and_cruse,cruise_227,1500.0,106.41324579280489,6.797983413854616,34.73018182757852,22.678464899764396,True
lift_and_cruse,cruise_227,1500.0,106.41324579280489,6.797983413853468,34.73654117928861,22.682591196935128,True
lift_and_cruse,cruise_227,1500.0,106.41324579280489,6.79798341385347,34.75435968682036,22.694152824686952,True
lift_and_cruse,cruise_227,1500.0,106.41324579280489,6.797983413853465,34.78010817622745,22.710859860849553,True
lift_and_cruse,cruise_227,1500.0,106.41324579280489,6.797983413853417,34.80868684339832,22.729403272012576,True
lift_and_cruse,cruise_227,1500.0,106.41324579280489,6.797983413853401,34.83443533280541,22.746110308175176,True
lift_and_cruse,cruise_227,1500.0,106.41324579280489,6.797983413853423,34.85225384033716,22.757671935927,True
lift_and_cruse,cruise_227,1500.0,106.41324579280489,6.797983413853408,34.85861319204725,22.761798233097732,True
lift_and_cruse,cruise_228,1500.0,106.41118602568905,6.798249891779229,34.85861319204725,22.761798233097732,True
lift_and_cruse,cruise_228,1500.0,106.41118602568905,6.7982498917792284,34.86497242066379,22.765924530268464,True
lift_and_cruse,cruise_228,1500.0,106.41118602568905,6.798249891779229,34.8827905832951,22.777486158020285,True
lift_and_cruse,cruise_228,1500.0,106.41118602568905,6.798249891779232,34.908538574306604,22.794193194182885,True
lift_and_cruse,cruise_228,1500.0,106.41118602568905,6.798249891779233,34.9371166883001,22.812736605345908,True
lift_and_cruse,cruise_228,1500.0,106.41118602568905,6.798249891779231,34.962864679311615,22.82944364150851,True
lift_and_cruse,cruise_228,1500.0,106.41118602568905,6.79824989177923,34.980682841942915,22.841005269260332,True
lift_and_cruse,cruise_228,1500.0,106.41118602568905,6.798249891779233,34.98704207055946,22.845131566431064,True
lift_and_cruse,cruise_229,1500.0,106.40909324899461,6.798520656279166,34.98704207055946,22.845131566431064,True
lift_and_cruse,cruise_229,1500.0,106.40909324899461,6.79852065627579,34.99340117410978,22.849257863601796,True
lift_and_cruse,cruise_229,1500.0,106.40909324899461,6.798520656275895,35.0112189863133,22.860819491353617,True
lift_and_cruse,cruise_229,1500.0,106.40909324899461,6.798520656275875,35.036966470942005,22.87752652751622,True
lift_and_cruse,cruise_229,1500.0,106.40909324899461,6.798520656275695,35.065544022892986,22.896069938679243,True
lift_and_cruse,cruise_229,1500.0,106.40909324899461,6.798520656275673,35.09129150752168,22.912776974841844,True
lift_and_cruse,cruise_229,1500.0,106.40909324899461,6.798520656275667,35.10910931972521,22.924338602593664,True
lift_and_cruse,cruise_229,1500.0,106.40909324899461,6.798520656275698,35.11546842327553,22.928464899764396,True
lift_and_cruse,cruise_230,1500.0,106.40696635407417,6.798795851570924,35.11546842327553,22.928464899764396,True
lift_and_cruse,cruise_230,1500.0,106.40696635407417,6.798795851570513,35.12182739972069,22.932591196935128,True
lift_and_cruse,cruise_230,1500.0,106.40696635407417,6.798795851570898,35.13964485578346,22.944152824686952,True
lift_and_cruse,cruise_230,1500.0,106.40696635407417,6.7987958515709,35.16539182577387,22.960859860849553,True
lift_and_cruse,cruise_230,1500.0,106.40696635407417,6.798795851570899,35.193968806519436,22.979403272012576,True
lift_and_cruse,cruise_230,1500.0,106.40696635407417,6.798795851570901,35.21971577650984,22.996110308175176,True
lift_and_cruse,cruise_230,1500.0,106.40696635407417,6.7987958515709,35.23753323257261,23.007671935927,True
lift_and_cruse,cruise_230,1500.0,106.40696635407417,6.798795851570899,35.243892209017766,23.011798233097732,True
lift_and_cruse,cruise_231,1500.0,106.40480417486425,6.799075629347633,35.243892209017766,23.011798233097732,True
lift_and_cruse,cruise_231,1500.0,106.40480417486425,6.799075629339545,35.25025105624914,23.015924530268464,True
lift_and_cruse,cruise_231,1500.0,106.40480417486425,6.799075629339518,35.26806815026294,23.027486158020285,True
lift_and_cruse,cruise_231,1500.0,106.40480417486425,6.799075629339476,35.293814597077414,23.044193194182885,True
lift_and_cruse,cruise_231,1500.0,106.40480417486425,6.799075629339234,35.32239099714152,23.062736605345908,True
lift_and_cruse,cruise_231,1500.0,106.40480417486425,6.799075629339157,35.34813744395599,23.07944364150851,True
lift_and_cruse,cruise_231,1500.0,106.40480417486425,6.799075629339042,35.36595453796979,23.091005269260332,True
lift_and_cruse,cruise_231,1500.0,106.40480417486425,6.799075629338961,35.37231338520117,23.095131566431064,True
lift_and_cruse,cruise_232,1500.0,106.40260548382857,6.799360149309258,35.37231338520117,23.095131566431064,True
lift_and_cruse,cruise_232,1500.0,106.40260548382857,6.799360149296387,35.37867210103678,23.099257863601796,True
lift_and_cruse,cruise_232,1500.0,106.40260548382857,6.799360149296452,35.39648882688783,23.110819491353617,True
lift_and_cruse,cruise_232,1500.0,106.40260548382857,6.799360149296543,35.422234741691724,23.12752652751622,True
lift_and_cruse,cruise_232,1500.0,106.40260548382857,6.7993601492968185,35.45081055126863,23.146069938679243,True
lift_and_cruse,cruise_232,1500.0,106.40260548382857,6.799360149296506,35.47655646607252,23.162776974841844,True
lift_and_cruse,cruise_232,1500.0,106.40260548382857,6.799360149296437,35.49437319192358,23.174338602593664,True
lift_and_cruse,cruise_232,1500.0,106.40260548382857,6.799360149296456,35.50073190775918,23.178464899764396,True
lift_and_cruse,cruise_233,1500.0,106.40036898753553,6.799649579737264,35.50073190775918,23.178464899764396,True
lift_and_cruse,cruise_233,1500.0,106.40036898753553,6.799649579737266,35.507090489939756,23.182591196935128,True
lift_and_cruse,cruise_233,1500.0,106.40036898753553,6.799649579737265,35.524906841297714,23.194152824686952,True
lift_and_cruse,cruise_233,1500.0,106.40036898753553,6.799649579737265,35.550652214943405,23.210859860849553,True
lift_and_cruse,cruise_233,1500.0,106.40036898753553,6.799649579737264,35.57922742388001,23.229403272012576,True
lift_and_cruse,cruise_233,1500.0,106.40036898753553,6.799649579737261,35.6049727975257,23.246110308175176,True
lift_and_cruse,cruise_233,1500.0,106.40036898753553,6.799649579737258,35.622789148883655,23.257671935927,True
lift_and_cruse,cruise_233,1500.0,106.40036898753553,6.799649579737259,35.62914773106423,23.261798233097732,True
lift_and_cruse,cruise_234,1500.0,106.39809332182907,6.799944098125446,35.62914773106423,23.261798233097732,True
lift_and_cruse,cruise_234,1500.0,106.39809332182907,6.799944098125441,35.63550617724896,23.265924530268464,True
lift_and_cruse,cruise_234,1500.0,106.39809332182907,6.799944098125439,35.653322147555045,23.277486158020285,True
lift_and_cruse,cruise_234,1500.0,106.39809332182907,6.79994409812544,35.679066970564826,23.294193194182885,True
lift_and_cruse,cruise_234,1500.0,106.39809332182907,6.799944098125435,35.70764156834168,23.312736605345908,True
lift_and_cruse,cruise_234,1500.0,106.39809332182907,6.7999440981254375,35.733386391351466,23.32944364150851,True
lift_and_cruse,cruise_234,1500.0,106.39809332182907,6.7999440981254375,35.75120236165755,23.341005269260332,True
lift_and_cruse,cruise_234,1500.0,106.39809332182907,6.799944098125438,35.757560807842275,23.345131566431064,True
lift_and_cruse,cruise_235,1500.0,106.39577704654758,6.800243891867758,35.757560807842275,23.345131566431064,True
lift_and_cruse,cruise_235,1500.0,106.39577704654758,6.8002438918677575,35.76391911560431,23.349257863601796,True
lift_and_cruse,cruise_235,1500.0,106.39577704654758,6.800243891867756,35.78173469805859,23.360819491353617,True
lift_and_cruse,cruise_235,1500.0,106.39577704654758,6.800243891867809,35.80747896060629,23.37752652751622,True
lift_and_cruse,cruise_235,1500.0,106.39577704654758,6.800243891867795,35.83605293631716,23.396069938679243,True
lift_and_cruse,cruise_235,1500.0,106.39577704654758,6.8002438918677575,35.86179719886486,23.412776974841844,True
lift_and_cruse,cruise_235,1500.0,106.39577704654758,6.800243891867759,35.879612781319146,23.424338602593664,True
lift_and_cruse,cruise_235,1500.0,106.39577704654758,6.800243891867757,35.885971089081174,23.428464899764396,True
lift_and_cruse,cruise_236,1500.0,106.39341863973853,6.8005491586502895,35.885971089081174,23.428464899764396,True
lift_and_cruse,cruise_236,1500.0,106.39341863973853,6.800549159012648,35.89232925590268,23.432591196935128,True
lift_and_cruse,cruise_236,1500.0,106.39341863973853,6.800549159012649,35.910144443450406,23.444152824686952,True
lift_and_cruse,cruise_236,1500.0,106.39341863973853,6.8005491590126494,35.93588813534158,23.460859860849553,True
lift_and_cruse,cruise_236,1500.0,106.39341863973853,6.800549159012648,35.9644614776715,23.479403272012576,True
lift_and_cruse,cruise_236,1500.0,106.39341863973853,6.800549159012648,35.99020516956268,23.496110308175176,True
lift_and_cruse,cruise_236,1500.0,106.39341863973853,6.800549159012649,36.00802035711039,23.507671935927,True
lift_and_cruse,cruise_236,1500.0,106.39341863973853,6.800549159012648,36.0143785239319,23.511798233097732,True
lift_and_cruse,cruise_237,1500.0,106.39101649131031,6.800860109084587,36.0143785239319,23.511798233097732,True
lift_and_cruse,cruise_237,1500.0,106.39101649131031,6.800860109090673,36.02073654719885,23.515924530268464,True
lift_and_cruse,cruise_237,1500.0,106.39101649131031,6.800860109090674,36.03855133251563,23.527486158020285,True
lift_and_cruse,cruise_237,1500.0,106.39101649131031,6.800860109090677,36.06429444316626,23.544193194182885,True
lift_and_cruse,cruise_237,1500.0,106.39101649131031,6.80086010909068,36.09286714036784,23.562736605345908,True
lift_and_cruse,cruise_237,1500.0,106.39101649131031,6.800860109090677,36.11861025101847,23.57944364150851,True
lift_and_cruse,cruise_237,1500.0,106.39101649131031,6.8008601090906815,36.13642503633525,23.591005269260332,True
lift_and_cruse,cruise_237,1500.0,106.39101649131031,6.800860109090681,36.142783059602195,23.595131566431064,True
lift_and_cruse,cruise_238,1500.0,106.38856889605356,6.801176963679596,36.142783059602195,23.595131566431064,True
lift_and_cruse,cruise_238,1500.0,106.38856889605356,6.801176964024246,36.149140936598634,23.599257863601796,True
lift_and_cruse,cruise_238,1500.0,106.38856889605356,6.801176964024243,36.16695531207458,23.610819491353617,True
lift_and_cruse,cruise_238,1500.0,106.38856889605356,6.801176964024247,36.19269783048802,23.62752652751622,True
lift_and_cruse,cruise_238,1500.0,106.38856889605356,6.801176964024247,36.221269870355925,23.646069938679243,True
lift_and_cruse,cruise_238,1500.0,106.38856889605356,6.801176964024247,36.24701238876937,23.662776974841844,True
lift_and_cruse,cruise_238,1500.0,106.38856889605356,6.801176964024247,36.26482676424531,23.674338602593664,True
lift_and_cruse,cruise_238,1500.0,106.38856889605356,6.801176964024247,36.27118464124175,23.678464899764396,True
lift_and_cruse,cruise_239,1500.0,106.38607404595558,6.801499959123836,36.27118464124175,23.678464899764396,True
lift_and_cruse,cruise_239,1500.0,106.38607404595558,6.801499959130066,36.2775423691437,23.682591196935128,True
lift_and_cruse,cruise_239,1500.0,106.38607404595558,6.801499959130069,36.29535632686614,23.694152824686952,True
lift_and_cruse,cruise_239,1500.0,106.38607404595558,6.801499959130071,36.3210982416083,23.710859860849553,True
lift_and_cruse,cruise_239,1500.0,106.38607404595558,6.801499959130074,36.349669611451624,23.729403272012576,True
lift_and_cruse,cruise_239,1500.0,106.38607404595558,6.801499959130074,36.37541152619377,23.746110308175176,True
lift_and_cruse,cruise_239,1500.0,106.38607404595558,6.801499959130074,36.39322548391622,23.757671935927,True
lift_and_cruse,cruise_239,1500.0,106.38607404595558,6.8014999591300755,36.39958321181817,23.761798233097732,True
lift_and_cruse,cruise_240,1500.0,106.38353002171975,6.801829343898239,36.39958321181817,23.761798233097732,True
lift_and_cruse,cruise_240,1500.0,106.38353002171975,6.80182934422435,36.40594078768693,23.765924530268464,True
lift_and_cruse,cruise_240,1500.0,106.38353002171975,6.801829344224494,36.423754319421846,23.777486158020285,True
lift_and_cruse,cruise_240,1500.0,106.38353002171975,6.8018293442244975,36.4494956185942,23.794193194182885,True
lift_and_cruse,cruise_240,1500.0,106.38353002171975,6.801829344224493,36.478066305206575,23.812736605345908,True
lift_and_cruse,cruise_240,1500.0,106.38353002171975,6.8018293442244975,36.50380760437893,23.82944364150851,True
lift_and_cruse,cruise_240,1500.0,106.38353002171975,6.8018293442244975,36.52162113611385,23.841005269260332,True
lift_and_cruse,cruise_240,1500.0,106.38353002171975,6.801829344224495,36.527978711982605,23.845131566431064,True
lift_and_cruse,cruise_241,1500.0,106.38093478338894,6.802165384523747,36.527978711982605,23.845131566431064,True
lift_and_cruse,cruise_241,1500.0,106.38093478338894,6.8021653848376875,36.53433613275757,23.849257863601796,True
lift_and_cruse,cruise_241,1500.0,106.38093478338894,6.8021653848377905,36.55214922992936,23.860819491353617,True
lift_and_cruse,cruise_241,1500.0,106.38093478338894,6.802165384838354,36.57788990113979,23.87752652751622,True
lift_and_cruse,cruise_241,1500.0,106.38093478338894,6.8021653848386645,36.60645989076701,23.896069938679243,True
lift_and_cruse,cruise_241,1500.0,106.38093478338894,6.802165384839066,36.63220056197744,23.912776974841844,True
lift_and_cruse,cruise_241,1500.0,106.38093478338894,6.802165384839471,36.650013659149224,23.924338602593664,True
lift_and_cruse,cruise_241,1500.0,106.38093478338894,6.802165384839144,36.6563710799242,23.928464899764396,True
lift_and_cruse,cruise_242,1500.0,106.37828615995629,6.802508363310796,36.6563710799242,23.928464899764396,True
lift_and_cruse,cruise_242,1500.0,106.37828615995629,6.802508363612961,36.662728342415036,23.932591196935128,True
lift_and_cruse,cruise_242,1500.0,106.37828615995629,6.802508363613266,36.68054099608455,23.944152824686952,True
lift_and_cruse,cruise_242,1500.0,106.37828615995629,6.802508363613363,36.706281026415624,23.960859860849553,True
lift_and_cruse,cruise_242,1500.0,106.37828615995629,6.802508363613363,36.734850304720425,23.979403272012576,True
lift_and_cruse,cruise_242,1500.0,106.37828615995629,6.802508363613364,36.760590335051496,23.996110308175176,True
lift_and_cruse,cruise_242,1500.0,106.37828615995629,6.802508363613364,36.77840298872101,24.007671935927,True
lift_and_cruse,cruise_242,1500.0,106.37828615995629,6.802508363613364,36.78476025121185,24.011798233097732,True
lift_and_cruse,cruise_243,1500.0,103.70088381088705,7.1629386393159225,36.78476025121185,24.011798233097732,True
lift_and_cruse,cruise_243,1500.0,103.70088381088705,7.162938849187383,36.790957509719355,24.015924530268464,True
lift_and_cruse,cruise_243,1500.0,103.70088381088705,7.162938757685156,36.80832184219006,24.027486158020285,True
lift_and_cruse,cruise_243,1500.0,103.70088381088705,7.162938581271473,36.83341402961859,24.044193194182885,True
lift_and_cruse,cruise_243,1500.0,103.70088381088705,7.162938426079881,36.86126425654923,24.062736605345908,True
lift_and_cruse,cruise_243,1500.0,103.70088381088705,7.162938494085749,36.88635644397775,24.07944364150851,True
lift_and_cruse,cruise_243,1500.0,103.70088381088705,7.162938539724142,36.90372077644846,24.091005269260332,True
lift_and_cruse,cruise_243,1500.0,103.70088381088705,7.1629385838355075,36.909918034955965,24.095131566431064,True
lift_and_cruse,cruise_244,1500.0,106.38437383993461,6.801720088971029,36.909918034955965,24.095131566431064,True
lift_and_cruse,cruise_244,1500.0,106.38437383993461,6.8017200890079295,36.91627566125206,24.099257863601796,True
lift_and_cruse,cruise_244,1500.0,106.38437383993461,6.801720089008368,36.93408933428124,24.110819491353617,True
lift_and_cruse,cruise_244,1500.0,106.38437383993461,6.801720089008889,36.959830837629724,24.12752652751622,True
lift_and_cruse,cruise_244,1500.0,106.38437383993461,6.80172008900961,36.988401750860504,24.146069938679243,True
lift_and_cruse,cruise_244,1500.0,106.38437383993461,6.801720089009836,37.01414325420898,24.162776974841844,True
lift_and_cruse,cruise_244,1500.0,106.38437383993461,6.801720089010292,37.03195692723817,24.174338602593664,True
lift_and_cruse,cruise_244,1500.0,106.38437383993461,6.8017200890104155,37.03831455353427,24.178464899764396,True
lift_and_cruse,cruise_245,1500.0,102.47197650721382,7.338038001737241,37.03831455353427,24.178464899764396,True
lift_and_cruse,cruise_245,1500.0,102.47197650721382,7.338038001708813,37.04443837143102,24.182591196935128,True
lift_and_cruse,cruise_245,1500.0,102.47197650721382,7.33803800170658,37.061596927883116,24.194152824686952,True
lift_and_cruse,cruise_245,1500.0,102.47197650721382,7.338038001712331,37.08639176034934,24.210859860849553,True
lift_and_cruse,cruise_245,1500.0,102.47197650721382,7.338038001721336,37.11391194817109,24.229403272012576,True
lift_and_cruse,cruise_245,1500.0,102.47197650721382,7.338038001735096,37.13870678063732,24.246110308175176,True
lift_and_cruse,cruise_245,1500.0,102.47197650721382,7.338038001743893,37.15586533708942,24.257671935927,True
lift_and_cruse,cruise_245,1500.0,102.47197650721382,7.338038001746364,37.16198915498617,24.261798233097732,True
lift_and_cruse,cruise_246,1500.0,102.47171758637185,7.338075568228485,37.16198915498617,24.261798233097732,True
lift_and_cruse,cruise_246,1500.0,102.47171758637185,7.338075568467073,37.16811295740958,24.265924530268464,True
lift_and_cruse,cruise_246,1500.0,102.47171758637185,7.338075568336599,37.185271470506336,24.277486158020285,True
lift_and_cruse,cruise_246,1500.0,102.47171758637185,7.338075568274625,37.21006624032228,24.294193194182885,True
lift_and_cruse,cruise_246,1500.0,102.47171758637185,7.338075568285757,37.23758635860745,24.312736605345908,True
lift_and_cruse,cruise_246,1500.0,102.47171758637185,7.338075568258359,37.26238112842339,24.32944364150851,True
lift_and_cruse,cruise_246,1500.0,102.47171758637185,7.338075568320528,37.279539641520145,24.341005269260332,True
lift_and_cruse,cruise_246,1500.0,102.47171758637185,7.338075568344285,37.285663443943555,24.345131566431064,True
lift_and_cruse,cruise_247,1500.0,102.47145339960011,7.338113898797544,37.285663443943555,24.345131566431064,True
lift_and_cruse,cruise_247,1500.0,102.47145339960011,7.338113898730565,37.29178723057892,24.349257863601796,True
lift_and_cruse,cruise_247,1500.0,102.47145339960011,7.338113898729394,37.30894569943857,24.360819491353617,True
lift_and_cruse,cruise_247,1500.0,102.47145339960011,7.338113898729533,37.33374040533004,24.37752652751622,True
lift_and_cruse,cruise_247,1500.0,102.47145339960011,7.338113898730315,37.3612604526644,24.396069938679243,True
lift_and_cruse,cruise_247,1500.0,102.47145339960011,7.33811389872872,37.38605515855587,24.412776974841844,True
lift_and_cruse,cruise_247,1500.0,102.47145339960011,7.33811389872872,37.403213627415525,24.424338602593664,True
lift_and_cruse,cruise_247,1500.0,102.47145339960011,7.338113898730627,37.40933741405089,24.428464899764396,True
lift_and_cruse,cruise_248,1500.0,102.47118370981134,7.338153028131361,37.40933741405089,24.428464899764396,True
lift_and_cruse,cruise_248,1500.0,102.47118370981134,7.338153028131975,37.415461184569345,24.432591196935128,True
lift_and_cruse,cruise_248,1500.0,102.47118370981134,7.338153028126783,37.43261960827043,24.444152824686952,True
lift_and_cruse,cruise_248,1500.0,102.47118370981134,7.338153028131979,37.457414248905884,24.460859860849553,True
lift_and_cruse,cruise_248,1500.0,102.47118370981134,7.338153028131981,37.484934223811536,24.479403272012576,True
lift_and_cruse,cruise_248,1500.0,102.47118370981134,7.338153028122787,37.50972886444699,24.496110308175176,True
lift_and_cruse,cruise_248,1500.0,102.47118370981134,7.338153028131981,37.526887288148075,24.507671935927,True
lift_and_cruse,cruise_248,1500.0,102.47118370981134,7.338153028123356,37.53301105866653,24.511798233097732,True
lift_and_cruse,cruise_249,1500.0,102.47090826310026,7.338192993132876,37.53301105866653,24.511798233097732,True
lift_and_cruse,cruise_249,1500.0,102.47090826310026,7.3381929931337835,37.53913481272405,24.515924530268464,True
lift_and_cruse,cruise_249,1500.0,102.47090826310026,7.338192993135034,37.5562931903026,24.527486158020285,True
lift_and_cruse,cruise_249,1500.0,102.47090826310026,7.338192993203114,37.58108776428904,24.544193194182885,True
lift_and_cruse,cruise_249,1500.0,102.47090826310026,7.338192993206712,37.60860766521988,24.562736605345908,True
lift_and_cruse,cruise_249,1500.0,102.47090826310026,7.338192993181711,37.63340223920633,24.57944364150851,True
lift_and_cruse,cruise_249,1500.0,102.47090826310026,7.33819299317907,37.650560616784865,24.591005269260332,True
lift_and_cruse,cruise_249,1500.0,102.47090826310026,7.3381929931969525,37.656684370842385,24.595131566431064,True
lift_and_cruse,cruise_250,1500.0,102.47062678709241,7.338233833270555,37.656684370842385,24.595131566431064,True
lift_and_cruse,cruise_250,1500.0,102.47062678709241,7.338233833302725,37.66280810807864,24.599257863601796,True
lift_and_cruse,cruise_250,1500.0,102.47062678709241,7.338233833308895,37.67996643852506,24.610819491353617,True
lift_and_cruse,cruise_250,1500.0,102.47062678709241,7.338233833308935,37.70476094440361,24.62752652751622,True
lift_and_cruse,cruise_250,1500.0,102.47062678709241,7.338233833311267,37.7322807697404,24.646069938679243,True
lift_and_cruse,cruise_250,1500.0,102.47062678709241,7.338233833311538,37.75707527561895,24.662776974841844,True
lift_and_cruse,cruise_250,1500.0,102.47062678709241,7.338233833306953,37.774233606065366,24.674338602593664,True
lift_and_cruse,cruise_250,1500.0,102.47062678709241,7.338233833325802,37.780357343301624,24.678464899764396,True
lift_and_cruse,cruise_251,1500.0,102.47033898908388,7.338275591043286,37.780357343301624,24.678464899764396,True
lift_and_cruse,cruise_251,1500.0,102.47033898908388,7.338275591042381,37.78648106333881,24.682591196935128,True
lift_and_cruse,cruise_251,1500.0,102.47033898908388,7.338275591042483,37.80363934559451,24.694152824686952,True
lift_and_cruse,cruise_251,1500.0,102.47033898908388,7.338275591042384,37.82843378183545,24.710859860849553,True
lift_and_cruse,cruise_251,1500.0,102.47033898908388,7.338275591042433,37.85595352988032,24.729403272012576,True
lift_and_cruse,cruise_251,1500.0,102.47033898908388,7.338275591042485,37.88074796612127,24.746110308175176,True
lift_and_cruse,cruise_251,1500.0,102.47033898908388,7.338275591042495,37.89790624837696,24.757671935927,True
lift_and_cruse,cruise_251,1500.0,102.47033898908388,7.3382755910425095,37.90402996841415,24.761798233097732,True
lift_and_cruse,cruise_252,1500.0,102.47004455393852,7.338318312188676,37.90402996841415,24.761798233097732,True
lift_and_cruse,cruise_252,1500.0,102.47004455393852,7.338318312291451,37.91015367085563,24.765924530268464,True
lift_and_cruse,cruise_252,1500.0,102.47004455393852,7.338318312295666,37.92731190380923,24.777486158020285,True
lift_and_cruse,cruise_252,1500.0,102.47004455393852,7.338318312295277,37.95210626880661,24.794193194182885,True
lift_and_cruse,cruise_252,1500.0,102.47004455393852,7.338318312294283,37.97962593777707,24.812736605345908,True
lift_and_cruse,cruise_252,1500.0,102.47004455393852,7.338318312300294,38.004420302774435,24.82944364150851,True
lift_and_cruse,cruise_252,1500.0,102.47004455393852,7.3383183123006965,38.021578535728054,24.841005269260332,True
lift_and_cruse,cruise_252,1500.0,102.47004455393852,7.338318312299628,38.027702238169525,24.845131566431064,True
lift_and_cruse,cruise_253,1500.0,102.46974314170404,7.338362046106687,38.027702238169525,24.845131566431064,True
lift_and_cruse,cruise_253,1500.0,102.46974314170404,7.338362046239833,38.03382592259833,24.849257863601796,True
lift_and_cruse,cruise_253,1500.0,102.46974314170404,7.338362046238361,38.050984105081575,24.860819491353617,True
lift_and_cruse,cruise_253,1500.0,102.46974314170404,7.338362046234493,38.07577839714714,24.87752652751622,True
lift_and_cruse,cruise_253,1500.0,102.46974314170404,7.338362046237651,38.103297985169405,24.896069938679243,True
lift_and_cruse,cruise_253,1500.0,102.46974314170404,7.33836204623601,38.12809227723498,24.912776974841844,True
lift_and_cruse,cruise_253,1500.0,102.46974314170404,7.338362046252375,38.14525045971821,24.924338602593664,True
lift_and_cruse,cruise_253,1500.0,102.46974314170404,7.33836204623112,38.15137414414702,24.928464899764396,True
lift_and_cruse,cruise_254,1500.0,102.46943438489993,7.338406846013978,38.15137414414702,24.928464899764396,True
lift_and_cruse,cruise_254,1500.0,102.46943438489993,7.33840684601946,38.15749781012425,24.932591196935128,True
lift_and_cruse,cruise_254,1500.0,102.46943438489993,7.338406846020134,38.17465594090729,24.944152824686952,True
lift_and_cruse,cruise_254,1500.0,102.46943438489993,7.338406846122416,38.199450158263915,24.960859860849553,True
lift_and_cruse,cruise_254,1500.0,102.46943438489993,7.338406846025554,38.22696966336551,24.979403272012576,True
lift_and_cruse,cruise_254,1500.0,102.46943438489993,7.338406846037514,38.25176388072213,24.996110308175176,True
lift_and_cruse,cruise_254,1500.0,102.46943438489993,7.33840684603791,38.26892201150518,25.007671935927,True
lift_and_cruse,cruise_254,1500.0,102.46943438489993,7.338406846176417,38.2750456774824,25.011798233097732,True
lift_and_cruse,cruise_255,1500.0,102.46911788542137,7.338452769840425,38.2750456774824,25.011798233097732,True
lift_and_cruse,cruise_255,1500.0,102.46911788542137,7.338452769840445,38.281169324545324,25.015924530268464,True
lift_and_cruse,cruise_255,1500.0,102.46911788542137,7.338452769840443,38.2983274023317,25.027486158020285,True
lift_and_cruse,cruise_255,1500.0,102.46911788542137,7.33845276984044,38.323121543105906,25.044193194182885,True
lift_and_cruse,cruise_255,1500.0,102.46911788542137,7.338452769840446,38.35064096320743,25.062736605345908,True
lift_and_cruse,cruise_255,1500.0,102.46911788542137,7.338452769840449,38.37543510398164,25.07944364150851,True
lift_and_cruse,cruise_255,1500.0,102.46911788542137,7.338452769840448,38.39259318176801,25.091005269260332,True
lift_and_cruse,cruise_255,1500.0,102.46911788542137,7.338452769840451,38.39871682883094,25.095131566431064,True
lift_and_cruse,cruise_256,1500.0,102.46879321099166,7.338499880292817,38.39871682883094,25.095131566431064,True
lift_and_cruse,cruise_256,1500.0,102.46879321099166,7.338499880282018,38.40484045649103,25.099257863601796,True
lift_and_cruse,cruise_256,1500.0,102.46879321099166,7.338499880282577,38.42199847991186,25.110819491353617,True
lift_and_cruse,cruise_256,1500.0,102.46879321099166,7.338499880282177,38.44679254212558,25.12752652751622,True
lift_and_cruse,cruise_256,1500.0,102.46879321099166,7.338499880282081,38.47431187503155,25.146069938679243,True
lift_and_cruse,cruise_256,1500.0,102.46879321099166,7.338499880282018,38.499105937245275,25.162776974841844,True
lift_and_cruse,cruise_256,1500.0,102.46879321099166,7.3384998802822015,38.5162639606661,25.174338602593664,True
lift_and_cruse,cruise_256,1500.0,102.46879321099166,7.338499880282143,38.52238758832619,25.178464899764396,True
lift_and_cruse,cruise_257,1500.0,102.46845989108107,7.338548245682017,38.52238758832619,25.178464899764396,True
lift_and_cruse,cruise_257,1500.0,102.46845989108107,7.338548245682043,38.52851119606678,25.182591196935128,True
lift_and_cruse,cruise_257,1500.0,102.46845989108107,7.338548245682046,38.54566916367442,25.194152824686952,True
lift_and_cruse,cruise_257,1500.0,102.46845989108107,7.338548245682045,38.570463145235735,25.210859860849553,True
lift_and_cruse,cruise_257,1500.0,102.46845989108107,7.338548245682053,38.59798238862429,25.229403272012576,True
lift_and_cruse,cruise_257,1500.0,102.46845989108107,7.338548245682049,38.6227763701856,25.246110308175176,True
lift_and_cruse,cruise_257,1500.0,102.46845989108107,7.338548245682043,38.639934337793235,25.257671935927,True
lift_and_cruse,cruise_257,1500.0,102.46845989108107,7.338548245682047,38.646057945533826,25.261798233097732,True
lift_and_cruse,cruise_258,1500.0,102.46811741219258,7.338597940555835,38.646057945533826,25.261798233097732,True
lift_and_cruse,cruise_258,1500.0,102.46811741219258,7.338597940555853,38.65218153280757,25.265924530268464,True
lift_and_cruse,cruise_258,1500.0,102.46811741219258,7.33859794055585,38.66933944306837,25.277486158020285,True
lift_and_cruse,cruise_258,1500.0,102.46811741219258,7.338597940555848,38.694133341761116,25.294193194182885,True
lift_and_cruse,cruise_258,1500.0,102.46811741219258,7.33859794055585,38.72165249317249,25.312736605345908,True
lift_and_cruse,cruise_258,1500.0,102.46811741219258,7.33859794055585,38.74644639186523,25.32944364150851,True
lift_and_cruse,cruise_258,1500.0,102.46811741219258,7.338597940555847,38.763604302126026,25.341005269260332,True
lift_and_cruse,cruise_258,1500.0,102.46811741219258,7.338597940555847,38.769727889399775,25.345131566431064,True
lift_and_cruse,cruise_259,1500.0,102.46776521239208,7.338649046494687,38.769727889399775,25.345131566431064,True
lift_and_cruse,cruise_259,1500.0,102.46776521239208,7.338649046494702,38.77585145562574,25.349257863601796,True
lift_and_cruse,cruise_259,1500.0,102.46776521239208,7.338649046494703,38.793009306911976,25.360819491353617,True
lift_and_cruse,cruise_259,1500.0,102.46776521239208,7.338649046494698,38.817803120384006,25.37752652751622,True
lift_and_cruse,cruise_259,1500.0,102.46776521239208,7.338649046494708,38.84532217720753,25.396069938679243,True
lift_and_cruse,cruise_259,1500.0,102.46776521239208,7.338649046494694,38.87011599067955,25.412776974841844,True
lift_and_cruse,cruise_259,1500.0,102.46776521239208,7.338649046494704,38.887273841965786,25.424338602593664,True
lift_and_cruse,cruise_259,1500.0,102.46776521239208,7.338649046494702,38.893397408191746,25.428464899764396,True
lift_and_cruse,cruise_260,1500.0,102.46740267493162,7.33870165303744,38.893397408191746,25.428464899764396,True
lift_and_cruse,cruise_260,1500.0,102.46740267493162,7.338701653037456,38.89952095275215,25.432591196935128,True
lift_and_cruse,cruise_260,1500.0,102.46740267493162,7.338701653037457,38.91667874333282,25.444152824686952,True
lift_and_cruse,cruise_260,1500.0,102.46740267493162,7.338701653037453,38.94147246908276,25.460859860849553,True
lift_and_cruse,cruise_260,1500.0,102.46740267493162,7.338701653037453,38.96899142854211,25.479403272012576,True
lift_and_cruse,cruise_260,1500.0,102.46740267493162,7.338701653037461,38.99378515429204,25.496110308175176,True
lift_and_cruse,cruise_260,1500.0,102.46740267493162,7.338701653037457,39.01094294487272,25.507671935927,True
lift_and_cruse,cruise_260,1500.0,102.46740267493162,7.338701653037457,39.01706648943311,25.511798233097732,True
lift_and_cruse,cruise_261,1500.0,102.46702912077885,7.33875585876616,39.01706648943311,25.511798233097732,True
lift_and_cruse,cruise_261,1500.0,102.46702912077885,7.3387558587662065,39.023190011669584,25.515924530268464,True
lift_and_cruse,cruise_261,1500.0,102.46702912077885,7.338755858766203,39.040347739699975,25.527486158020285,True
lift_and_cruse,cruise_261,1500.0,102.46702912077885,7.338755858766208,39.065141375062154,25.544193194182885,True
lift_and_cruse,cruise_261,1500.0,102.46702912077885,7.338755858766213,39.092660234198654,25.562736605345908,True
lift_and_cruse,cruise_261,1500.0,102.46702912077885,7.338755858766205,39.11745386956083,25.57944364150851,True
lift_and_cruse,cruise_261,1500.0,102.46702912077885,7.3387558587662065,39.134611597591224,25.591005269260332,True
lift_and_cruse,cruise_261,1500.0,102.46702912077885,7.338755858766202,39.140735119827696,25.595131566431064,True
lift_and_cruse,cruise_262,1500.0,102.46664379981733,7.338811772583851,39.140735119827696,25.595131566431064,True
lift_and_cruse,cruise_262,1500.0,102.46664379981733,7.338811772583852,39.14685861903703,25.599257863601796,True
lift_and_cruse,cruise_262,1500.0,102.46664379981733,7.338811772584871,39.16401628254685,25.610819491353617,True
lift_and_cruse,cruise_262,1500.0,102.46664379981733,7.338811772586328,39.18880982467408,25.62752652751622,True
lift_and_cruse,cruise_262,1500.0,102.46664379981733,7.338811772588305,39.21632858032761,25.646069938679243,True
lift_and_cruse,cruise_262,1500.0,102.46664379981733,7.338811772583852,39.24112212245485,25.662776974841844,True
lift_and_cruse,cruise_262,1500.0,102.46664379981733,7.338811772583851,39.25827978596466,25.674338602593664,True
lift_and_cruse,cruise_262,1500.0,102.46664379981733,7.338811772583852,39.264403285174,25.678464899764396,True
lift_and_cruse,cruise_263,1500.0,102.4662458804223,7.338869515233431,39.264403285174,25.678464899764396,True
lift_and_cruse,cruise_263,1500.0,102.4662458804223,7.338869515231123,39.27052676060331,25.682591196935128,True
lift_and_cruse,cruise_263,1500.0,102.4662458804223,7.338869515231074,39.28768435748298,25.694152824686952,True
lift_and_cruse,cruise_263,1500.0,102.4662458804223,7.338869515231093,39.31247780332688,25.710859860849553,True
lift_and_cruse,cruise_263,1500.0,102.4662458804223,7.338869515231086,39.339996452113944,25.729403272012576,True
lift_and_cruse,cruise_263,1500.0,102.4662458804223,7.33886951523119,39.36478989795784,25.746110308175176,True
lift_and_cruse,cruise_263,1500.0,102.4662458804223,7.338869515231134,39.38194749483751,25.757671935926997,True
lift_and_cruse,cruise_263,1500.0,102.4662458804223,7.338869515231041,39.388070970266824,25.761798233097732,True
lift_and_cruse,cruise_264,1500.0,102.46583443703554,7.338929221075182,39.388070970266824,25.761798233097732,True
lift_and_cruse,cruise_264,1500.0,102.46583443703554,7.338929221075234,39.39419442110791,25.765924530268464,True
lift_and_cruse,cruise_264,1500.0,102.46583443703554,7.338929221075234,39.4113519490929,25.777486158020285,True
lift_and_cruse,cruise_264,1500.0,102.46583443703554,7.338929221075224,39.43614529538109,25.794193194182885,True
lift_and_cruse,cruise_264,1500.0,102.46583443703554,7.338929221075224,39.46366383366966,25.812736605345908,True
lift_and_cruse,cruise_264,1500.0,102.46583443703554,7.338929221075238,39.48845717995785,25.829443641508508,True
lift_and_cruse,cruise_264,1500.0,102.46583443703554,7.338929221075235,39.50561470794283,25.841005269260332,True
lift_and_cruse,cruise_264,1500.0,102.46583443703554,7.338929221075222,39.51173815878392,25.845131566431064,True
lift_and_cruse,cruise_265,1500.0,102.46540843525769,7.338991040304762,39.51173815878392,25.845131566431064,True
lift_and_cruse,cruise_265,1500.0,102.46540843525769,7.338991040305341,39.51786158416676,25.849257863601796,True
lift_and_cruse,cruise_265,1500.0,102.46540843525769,7.338991040305068,39.535019040819314,25.860819491353617,True
lift_and_cruse,cruise_265,1500.0,102.46540843525769,7.338991040305118,39.55981228402914,25.87752652751622,True
lift_and_cruse,cruise_265,1500.0,102.46540843525769,7.338991040305269,39.58733070790938,25.896069938679243,True
lift_and_cruse,cruise_265,1500.0,102.46540843525769,7.338991040305112,39.61212395111921,25.912776974841844,True
lift_and_cruse,cruise_265,1500.0,102.46540843525769,7.33899104030522,39.629281407771764,25.924338602593664,True
lift_and_cruse,cruise_265,1500.0,102.46540843525769,7.338991040305175,39.6354048331546,25.928464899764396,True
lift_and_cruse,cruise_266,1500.0,102.46496671383392,7.3390551413302125,39.6354048331546,25.928464899764396,True
lift_and_cruse,cruise_266,1500.0,102.46496671383392,7.339055140955739,39.64152823213976,25.932591196935128,True
lift_and_cruse,cruise_266,1500.0,102.46496671383392,7.339055140976569,39.65868561482768,25.944152824686952,True
lift_and_cruse,cruise_266,1500.0,102.46496671383392,7.339055140927734,39.68347875115553,25.960859860849553,True
lift_and_cruse,cruise_266,1500.0,102.46496671383392,7.339055140934688,39.7109970564057,25.979403272012576,True
lift_and_cruse,cruise_266,1500.0,102.46496671383392,7.339055140941496,39.735790192733546,25.996110308175176,True
lift_and_cruse,cruise_266,1500.0,102.46496671383392,7.3390551400102995,39.75294757542147,26.007671935926997,True
lift_and_cruse,cruise_266,1500.0,102.46496671383392,7.339055140291405,39.759070974406626,26.011798233097732,True
lift_and_cruse,cruise_267,1500.0,102.46450796271769,7.339121714911641,39.759070974406626,26.011798233097732,True
lift_and_cruse,cruise_267,1500.0,102.46450796271769,7.339121714911638,39.76519434597641,26.015924530268464,True
lift_and_cruse,cruise_267,1500.0,102.46450796271769,7.339121714911633,39.78235165184814,26.027486158020285,True
lift_and_cruse,cruise_267,1500.0,102.46450796271769,7.339121714911632,39.80714467717337,26.044193194182885,True
lift_and_cruse,cruise_267,1500.0,102.46450796271769,7.339121714911634,39.83466285921995,26.062736605345908,True
lift_and_cruse,cruise_267,1500.0,102.46450796271769,7.33912171491164,39.85945588454518,26.079443641508508,True
lift_and_cruse,cruise_267,1500.0,102.46450796271769,7.339121714911641,39.876613190416904,26.091005269260332,True
lift_and_cruse,cruise_267,1500.0,102.46450796271769,7.339121714911641,39.88273656198669,26.095131566431064,True
lift_and_cruse,cruise_268,1500.0,102.46403069613451,7.339190976235863,39.88273656198669,26.095131566431064,True
lift_and_cruse,cruise_268,1500.0,102.46403069613451,7.339190976211561,39.888859905034586,26.099257863601796,True
lift_and_cruse,cruise_268,1500.0,102.46403069613451,7.339190976211562,39.906017130989774,26.110819491353617,True
lift_and_cruse,cruise_268,1500.0,102.46403069613451,7.339190976211559,39.93081004083227,26.12752652751622,True
lift_and_cruse,cruise_268,1500.0,102.46403069613451,7.3391909762097,39.958328094702665,26.146069938679243,True
lift_and_cruse,cruise_268,1500.0,102.46403069613451,7.339190976211559,39.983121004545154,26.162776974841844,True
lift_and_cruse,cruise_268,1500.0,102.46403069613451,7.339190976211559,40.00027823050034,26.174338602593664,True
lift_and_cruse,cruise_268,1500.0,102.46403069613451,7.339190976211561,40.006401573548246,26.178464899764396,True
lift_and_cruse,cruise_269,1500.0,102.46353321920422,7.339263171510471,40.006401573548246,26.178464899764396,True
lift_and_cruse,cruise_269,1500.0,102.46353321920422,7.339263171512363,40.01252488686647,26.182591196935128,True
lift_and_cruse,cruise_269,1500.0,102.46353321920422,7.339263171515452,40.029682029520984,26.194152824686952,True
lift_and_cruse,cruise_269,1500.0,102.46353321920422,7.339263171510539,40.054474818990485,26.210859860849553,True
lift_and_cruse,cruise_269,1500.0,102.46353321920422,7.3392631714975165,40.081992739256954,26.229403272012576,True
lift_and_cruse,cruise_269,1500.0,102.46353321920422,7.339263171509433,40.10678552872646,26.246110308175176,True
lift_and_cruse,cruise_269,1500.0,102.46353321920422,7.339263171504705,40.12394267138097,26.257671935926997,True
lift_and_cruse,cruise_269,1500.0,102.46353321920422,7.33926317150317,40.1300659846992,26.261798233097732,True
lift_and_cruse,cruise_270,1500.0,102.46301358616803,7.3393385833743245,40.1300659846992,26.261798233097732,True
lift_and_cruse,cruise_270,1500.0,102.46301358616803,7.339338583422524,40.13618926696369,26.265924530268464,True
lift_and_cruse,cruise_270,1500.0,102.46301358616803,7.3393385834224665,40.153346322607554,26.277486158020285,True
lift_and_cruse,cruise_270,1500.0,102.46301358616803,7.339338583423734,40.17813898634303,26.294193194182885,True
lift_and_cruse,cruise_270,1500.0,102.46301358616803,7.33933858341771,40.20565676705526,26.312736605345908,True
lift_and_cruse,cruise_270,1500.0,102.46301358616803,7.339338583423423,40.23044943079074,26.329443641508508,True
lift_and_cruse,cruise_270,1500.0,102.46301358616803,7.339338583418567,40.2476064864346,26.341005269260332,True
lift_and_cruse,cruise_270,1500.0,102.46301358616803,7.339338583423437,40.253729768699095,26.345131566431064,True
lift_and_cruse,cruise_271,1500.0,102.46246954753585,7.3394175382811095,40.253729768699095,26.345131566431064,True
lift_and_cruse,cruise_271,1500.0,102.46246954753585,7.339417538321013,40.259853018451345,26.349257863601796,True
lift_and_cruse,cruise_271,1500.0,102.46246954753585,7.3394175383203635,40.277009982997924,26.360819491353617,True
lift_and_cruse,cruise_271,1500.0,102.46246954753585,7.3394175383188545,40.30180251509404,26.37752652751622,True
lift_and_cruse,cruise_271,1500.0,102.46246954753585,7.339417538321808,40.32932014969759,26.396069938679243,True
lift_and_cruse,cruise_271,1500.0,102.46246954753585,7.339417538321248,40.354112681793694,26.412776974841844,True
lift_and_cruse,cruise_271,1500.0,102.46246954753585,7.339417538319898,40.37126964634028,26.424338602593664,True
lift_and_cruse,cruise_271,1500.0,102.46246954753585,7.339417538315843,40.37739289609253,26.428464899764396,True
lift_and_cruse,cruise_272,1500.0,102.46189848240518,7.339500416831101,40.37739289609253,26.428464899764396,True
lift_and_cruse,cruise_272,1500.0,102.46189848240518,7.339500416872213,40.38351611171741,26.432591196935128,True
lift_and_cruse,cruise_272,1500.0,102.46189848240518,7.339500416874602,40.40067298064125,26.444152824686952,True
lift_and_cruse,cruise_272,1500.0,102.46189848240518,7.339500416874645,40.425465374558456,26.460859860849553,True
lift_and_cruse,cruise_272,1500.0,102.46189848240518,7.33950041686722,40.45298285579501,26.479403272012576,True
lift_and_cruse,cruise_272,1500.0,102.46189848240518,7.339500416873652,40.477775249712224,26.496110308175176,True
lift_and_cruse,cruise_272,1500.0,102.46189848240518,7.339500416875253,40.49493211863605,26.507671935926997,True
lift_and_cruse,cruise_272,1500.0,102.46189848240518,7.33950041687492,40.50105533426093,26.511798233097732,True
lift_and_cruse,cruise_273,1500.0,102.4612973106291,7.339587666258484,40.50105533426093,26.511798233097732,True
lift_and_cruse,cruise_273,1500.0,102.4612973106291,7.339587666313123,40.50717851395925,26.515924530268464,True
lift_and_cruse,cruise_273,1500.0,102.4612973106291,7.339587666314368,40.52433528221906,26.527486158020285,True
lift_and_cruse,cruise_273,1500.0,102.4612973106291,7.3395876663122275,40.54912753067258,26.544193194182885,True
lift_and_cruse,cruise_273,1500.0,102.4612973106291,7.339587666313328,40.57664485045659,26.562736605345908,True
lift_and_cruse,cruise_273,1500.0,102.4612973106291,7.3395876663135615,40.6014370989101,26.579443641508508,True
lift_and_cruse,cruise_273,1500.0,102.4612973106291,7.3395876663138395,40.61859386716991,26.591005269260332,True
lift_and_cruse,cruise_273,1500.0,102.4612973106291,7.339587666312377,40.624717046868234,26.595131566431064,True
lift_and_cruse,cruise_274,1500.0,102.46066237712633,7.33967981730431,40.624717046868234,26.595131566431064,True
lift_and_cruse,cruise_274,1500.0,102.46066237712633,7.339679817335616,40.630840188622344,26.599257863601796,True
lift_and_cruse,cruise_274,1500.0,102.46066237712633,7.339679817349542,40.64799685056488,26.610819491353617,True
lift_and_cruse,cruise_274,1500.0,102.46066237712633,7.339679817363771,40.67278894538546,26.62752652751622,True
lift_and_cruse,cruise_274,1500.0,102.46066237712633,7.339679817365801,40.70030609464979,26.646069938679243,True
lift_and_cruse,cruise_274,1500.0,102.46066237712633,7.339679817368577,40.72509818947037,26.662776974841844,True
lift_and_cruse,cruise_274,1500.0,102.46066237712633,7.339679817359053,40.7422548514129,26.674338602593664,True
lift_and_cruse,cruise_274,1500.0,102.46066237712633,7.339679817362095,40.74837799316702,26.678464899764396,True
lift_and_cruse,cruise_275,1500.0,102.45998929693629,7.3397775066691695,40.74837799316702,26.678464899764396,True
lift_and_cruse,cruise_275,1500.0,102.45998929693629,7.339777506727041,40.754501094697254,26.682591196935128,True
lift_and_cruse,cruise_275,1500.0,102.45998929693629,7.339777506720103,40.77165764393497,26.694152824686952,True
lift_and_cruse,cruise_275,1500.0,102.45998929693629,7.339777506727703,40.79644957589239,26.710859860849553,True
lift_and_cruse,cruise_275,1500.0,102.45998929693629,7.339777506727933,40.82396654439224,26.729403272012576,True
lift_and_cruse,cruise_275,1500.0,102.45998929693629,7.339777506727712,40.84875847634966,26.746110308175176,True
lift_and_cruse,cruise_275,1500.0,102.45998929693629,7.339777506726559,40.86591502558738,26.757671935926997,True
lift_and_cruse,cruise_275,1500.0,102.45998929693629,7.339777506727961,40.87203812711762,26.761798233097732,True
lift_and_cruse,cruise_276,1500.0,102.45927274375421,7.339881507766748,40.87203812711762,26.761798233097732,True
lift_and_cruse,cruise_276,1500.0,102.45927274375421,7.339881507804026,40.87816118582598,26.765924530268464,True
lift_and_cruse,cruise_276,1500.0,102.45927274375421,7.339881507814962,40.89531761507951,26.777486158020285,True
lift_and_cruse,cruise_276,1500.0,102.45927274375421,7.339881507813294,40.92010937365473,26.794193194182885,True
lift_and_cruse,cruise_276,1500.0,102.45927274375421,7.3398815078121125,40.94762614971487,26.812736605345908,True
lift_and_cruse,cruise_276,1500.0,102.45927274375421,7.339881507814143,40.97241790829009,26.829443641508508,True
lift_and_cruse,cruise_276,1500.0,102.45927274375421,7.339881507808926,40.98957433754361,26.841005269260332,True
lift_and_cruse,cruise_276,1500.0,102.45927274375421,7.339881507811843,40.995697396251984,26.845131566431064,True
lift_and_cruse,cruise_277,1500.0,102.45850615506927,7.339992773518071,40.995697396251984,26.845131566431064,True
lift_and_cruse,cruise_277,1500.0,102.45850615506927,7.339992773579051,41.001820409148316,26.849257863601796,True
lift_and_cruse,cruise_277,1500.0,102.45850615506927,7.339992773564001,41.018976710039375,26.860819491353617,True
lift_and_cruse,cruise_277,1500.0,102.45850615506927,7.3399927735613195,41.043768283125466,26.87752652751622,True
lift_and_cruse,cruise_277,1500.0,102.45850615506927,7.339992773558867,41.0712848533082,26.896069938679243,True
lift_and_cruse,cruise_277,1500.0,102.45850615506927,7.339992773565895,41.09607642639428,26.912776974841844,True
lift_and_cruse,cruise_277,1500.0,102.45850615506927,7.3399927735661015,41.11323272728536,26.924338602593664,True
lift_and_cruse,cruise_277,1500.0,102.45850615506927,7.339992773550487,41.11935574018168,26.928464899764396,True
lift_and_cruse,cruise_278,1500.0,102.45768131074821,7.340112497569216,41.11935574018168,26.928464899764396,True
lift_and_cruse,cruise_278,1500.0,102.45768131074821,7.340112497576423,41.12547870378457,26.932591196935128,True
lift_and_cruse,cruise_278,1500.0,102.45768131074821,7.340112497588239,41.14263486655848,26.944152824686952,True
lift_and_cruse,cruise_278,1500.0,102.45768131074821,7.340112497587795,41.1674262400595,26.960859860849553,True
lift_and_cruse,cruise_278,1500.0,102.45768131074821,7.340112497583746,41.19494258871951,26.979403272012576,True
lift_and_cruse,cruise_278,1500.0,102.45768131074821,7.340112497589025,41.21973396222053,26.996110308175176,True
lift_and_cruse,cruise_278,1500.0,102.45768131074821,7.3401124975803,41.23689012499444,27.007671935926997,True
lift_and_cruse,cruise_278,1500.0,102.45768131074821,7.3401124975837275,41.24301308859733,27.011798233097732,True
lift_and_cruse,cruise_279,1500.0,102.45678771322814,7.340242204206161,41.24301308859733,27.011798233097732,True
lift_and_cruse,cruise_279,1500.0,102.45678771322814,7.340242204247903,41.24913599879803,27.015924530268464,True
lift_and_cruse,cruise_279,1500.0,102.45678771322814,7.3402422042504725,41.26629201194231,27.027486158020285,True
lift_and_cruse,cruise_279,1500.0,102.45678771322814,7.340242204246231,41.291083169222254,27.044193194182885,True
lift_and_cruse,cruise_279,1500.0,102.45678771322814,7.34024220424736,41.31859927789498,27.062736605345908,True
lift_and_cruse,cruise_279,1500.0,102.45678771322814,7.340242204228967,41.34339043517493,27.079443641508508,True
lift_and_cruse,cruise_279,1500.0,102.45678771322814,7.340242204250104,41.360546448319205,27.091005269260332,True
lift_and_cruse,cruise_279,1500.0,102.45678771322814,7.3402422042515765,41.3666693585199,27.095131566431064,True
lift_and_cruse,cruise_280,1500.0,102.45581164462871,7.340383885391726,41.3666693585199,27.095131566431064,True
lift_and_cruse,cruise_280,1500.0,102.45581164462871,7.34038388539187,41.37279221038986,27.099257863601796,True
lift_and_cruse,cruise_280,1500.0,102.45581164462871,7.340383885392008,41.38994806009503,27.110819491353617,True
lift_and_cruse,cruise_280,1500.0,102.45581164462871,7.340383885391884,41.41473898119863,27.12752652751622,True
lift_and_cruse,cruise_280,1500.0,102.45581164462871,7.340383885392083,41.44225482773538,27.146069938679243,True
lift_and_cruse,cruise_280,1500.0,102.45581164462871,7.340383885391907,41.46704574883898,27.162776974841844,True
lift_and_cruse,cruise_280,1500.0,102.45581164462871,7.340383885391962,41.48420159854415,27.174338602593664,True
lift_and_cruse,cruise_280,1500.0,102.45581164462871,7.340383885391933,41.490324450414114,27.178464899764396,True
lift_and_cruse,cruise_281,1500.0,102.45473467333571,7.340540218059862,41.490324450414114,27.178464899764396,True
lift_and_cruse,cruise_281,1500.0,102.45473467333571,7.340540218059859,41.49644723792329,27.182591196935128,True
lift_and_cruse,cruise_281,1500.0,102.45473467333571,7.340540218059861,41.51360290729358,27.194152824686952,True
lift_and_cruse,cruise_281,1500.0,102.45473467333571,7.340540218059859,41.538393567805706,27.210859860849553,True
lift_and_cruse,cruise_281,1500.0,102.45473467333571,7.340540218059861,41.56590912510775,27.229403272012576,True
lift_and_cruse,cruise_281,1500.0,102.45473467333571,7.340540218059859,41.590699785619876,27.246110308175176,True
lift_and_cruse,cruise_281,1500.0,102.45473467333571,7.340540218059862,41.607855454990165,27.257671935926997,True
lift_and_cruse,cruise_281,1500.0,102.45473467333571,7.340540218059859,41.61397824249934,27.261798233097732,True
lift_and_cruse,cruise_282,1500.0,102.45353116956872,7.3407149240768215,41.61397824249934,27.261798233097732,True
lift_and_cruse,cruise_282,1500.0,102.45353116956872,7.340714924039793,41.62010095808605,27.265924530268464,True
lift_and_cruse,cruise_282,1500.0,102.45353116956872,7.340714924039793,41.63725642593404,27.277486158020285,True
lift_and_cruse,cruise_282,1500.0,102.45353116956872,7.340714924039793,41.66204679523803,27.294193194182885,True
lift_and_cruse,cruise_282,1500.0,102.45353116956872,7.340714924083052,41.68956202932341,27.312736605345908,True
lift_and_cruse,cruise_282,1500.0,102.45353116956872,7.340714924039793,41.71435239862739,27.329443641508508,True
lift_and_cruse,cruise_282,1500.0,102.45353116956872,7.340714924039793,41.73150786647539,27.341005269260332,True
lift_and_cruse,cruise_282,1500.0,102.45353116956872,7.340714924071753,41.737630582062096,27.345131566431064,True
lift_and_cruse,cruise_283,1500.0,102.45216391164698,7.340913408879102,41.737630582062096,27.345131566431064,True
lift_and_cruse,cruise_283,1500.0,102.45216391164698,7.340913408879271,41.74375321594023,27.349257863601796,True
lift_and_cruse,cruise_283,1500.0,102.45216391164698,7.340913408879273,41.760908454845904,27.360819491353617,True
lift_and_cruse,cruise_283,1500.0,102.45216391164698,7.340913408879273,41.78569849331865,27.37752652751622,True
lift_and_cruse,cruise_283,1500.0,102.45216391164698,7.340913408879716,41.813213360209055,27.396069938679243,True
lift_and_cruse,cruise_283,1500.0,102.45216391164698,7.340913408880774,41.8380033986818,27.412776974841844,True
lift_and_cruse,cruise_283,1500.0,102.45216391164698,7.3409134088782695,41.85515863758748,27.424338602593664,True
lift_and_cruse,cruise_283,1500.0,102.45216391164698,7.340913408879271,41.861281271465614,27.428464899764396,True
lift_and_cruse,cruise_284,1500.0,102.45057568153806,7.341143982369424,41.861281271465614,27.428464899764396,True
lift_and_cruse,cruise_284,1500.0,102.45057568153806,7.341143985186818,41.88581678101205,27.445000654655967,True
lift_and_cruse,cruise_284,1500.0,102.45057568153806,7.341143982369375,41.95456375107742,27.491332810276667,True
lift_and_cruse,cruise_284,1500.0,102.45057568153806,7.341143982844653,42.053906001114036,27.558284714979223,True
lift_and_cruse,cruise_284,1500.0,102.45057568153806,7.341143982369361,42.164167580149375,27.632595722926066,True
lift_and_cruse,cruise_284,1500.0,102.45057568153806,7.341143982947396,42.263509830185974,27.699547627628622,True
lift_and_cruse,cruise_284,1500.0,102.45057568153806,7.341143984275993,42.33225680025135,27.745879783249325,True
lift_and_cruse,cruise_284,1500.0,102.45057568153806,7.3411439825362175,42.3567923097978,27.762415538140893,True
lift_and_cruse,decel_descend,1500.0,99.16502847051663,4.607599028755425,42.3567923097978,27.762415538140893,True
lift_and_cruse,decel_descend,1440.5813207414515,99.16502847051663,4.59361008685121,42.52718624696991,27.88125289665799,True
lift_and_cruse,decel_descend,1274.0938811152403,99.16502847051663,4.554579447457731,43.004619449484814,28.214227775910413,True
lift_and_cruse,decel_descend,1033.5125603737888,99.16502847051663,4.498606416298628,43.69453041625046,28.695390417393313,True
lift_and_cruse,decel_descend,766.4874396262114,99.16502847051663,4.437067147602356,44.460273819096166,29.229440658888468,True
lift_and_cruse,decel_descend,525.90611888476,99.16502847051663,4.382144234988821,45.1501847858618,29.71060330037137,True
lift_and_cruse,decel_descend,359.41867925854854,99.16502847051663,4.344423149246887,45.62761798837671,30.043578179623797,True
lift_and_cruse,decel_descend,299.99999999999994,99.16502847051663,4.331017041095947,45.79801192554882,30.16241553814089,True
lift_and_cruse,arrival_terminal_procedure,299.99999999999994,100.88882528693016,7.310093061675158,45.79801192554882,30.16241553814089,True
lift_and_cruse,arrival_terminal_procedure,299.99999999999994,100.88882528693016,7.310093061674605,45.868222930111806,30.21046687435958,True
lift_and_cruse,arrival_terminal_procedure,299.99999999999994,100.88882528693016,7.310093061674604,46.06494979326562,30.345103726566563,True
lift_and_cruse,arrival_terminal_procedure,299.99999999999994,100.88882528693016,7.310093061674604,46.349228347065996,30.53965961496962,True
lift_and_cruse,arrival_terminal_procedure,299.99999999999994,100.88882528693016,7.310093061674604,46.66475373748511,30.75560035979914,True
lift_and_cruse,arrival_terminal_procedure,299.99999999999994,100.88882528693016,7.310093061674604,46.94903229128548,30.950156248202195,True
lift_and_cruse,arrival_terminal_procedure,299.99999999999994,100.88882528693016,7.310093061673661,47.14575915443928,31.084793100409183,True
lift_and_cruse,arrival_terminal_procedure,299.99999999999994,100.88882528693016,7.310093061673265,47.215970159002275,31.132844436627867,True
lift_and_cruse,second_descent,299.99999999999994,84.8044887812306,6.662075270231491,47.215970159002275,31.132844436627867,True
lift_and_cruse,second_descent,288.11626414829027,84.8044887812306,6.658347917831508,47.24509620550169,31.156611908331286,True
lift_and_cruse,second_descent,254.818776223048,84.8044887812306,6.647913084560305,47.326705574283224,31.22320688418177,True
lift_and_cruse,second_descent,206.70251207475772,84.8044887812306,6.632857646498034,47.44463452898645,31.31943941247835,True
lift_and_cruse,second_descent,153.29748792524225,84.8044887812306,6.616179573335129,47.57552579382869,31.426249460777385,True
lift_and_cruse,second_descent,105.18122377695198,84.8044887812306,6.601182071335963,47.69345474853192,31.522481989073963,True
lift_and_cruse,second_descent,71.88373585170969,84.8044887812306,6.590819483544716,47.77506411731345,31.58907696492445,True
lift_and_cruse,second_descent,59.999999999999986,84.8044887812306,6.587124282674234,47.80419016381286,31.612844436627867,True
lift_and_cruse,app_transition,59.99999999999999,59.81837993126622,16.419173454774313,47.80419016381286,31.612844436627867,True
lift_and_cruse,app_transition,59.50484433951209,59.81837993126622,16.418799501822505,47.80496550974344,31.613744327535038,True
lift_and_cruse,app_transition,58.117449009293665,59.81837993126622,16.41775176452713,47.80713798076463,31.61626576582596,True
lift_and_cruse,app_transition,56.112604669781575,59.81837993126622,16.416237858518354,47.81027729234708,31.619909349723695,True
lift_and_cruse,app_transition,53.887395330218425,59.81837993126622,16.414557713261114,47.813761665330745,31.62395342275168,True
lift_and_cruse,app_transition,51.88255099070633,59.81837993126622,16.4130441021107,47.81690097691318,31.627597006649413,True
lift_and_cruse,app_transition,50.4951556604879,59.81837993126622,16.41199673249764,47.81907344793437,31.63011844494033,True
lift_and_cruse,app_transition,49.99999999999999,59.81837993126622,16.41162294681159,47.81984879386495,31.631018335847504,True
lift_and_cruse,hover_descent,49.99999999999999,3.140421451275802,0.0,47.81984879386495,31.631018335847504,True
lift_and_cruse,hover_descent,47.52422169756048,3.140421451275802,0.0,47.81984879386495,31.639976956460185,True
lift_and_cruse,hover_descent,40.58724504646833,3.140421451275802,0.0,47.81984879386495,31.66507845361561,True
lift_and_cruse,hover_descent,30.56302334890786,3.140421451275802,0.0,47.81984879386495,31.7013511679525,True
lift_and_cruse,hover_descent,19.43697665109214,3.140421451275802,0.0,47.81984879386495,31.74161084354077,True
lift_and_cruse,hover_descent,9.412754953531667,3.140421451275802,0.0,47.81984879386495,31.777883557877654,True
lift_and_cruse,hover_descent,2.475778302439526,3.140421451275802,0.0,47.81984879386495,31.80298505503308,True
lift_and_cruse,hover_descent,-0.0,3.140421451275802,0.0,47.81984879386495,31.81194367564576,True
