eVTOL_type,mission_segment,propeller_throttle,lift_throttle,propeller_rpm,propeller_thrust_N,propeller_torque_N_m,propeller_efficiency,propeller_motor_efficiency,propeller_power_coefficient,lift_rotor_rpm,lift_thrust_N,lift_torque_N_m,lift_efficiency,lift_motor_efficiency,lift_power_coefficient,propeller_tip_mach,lift_tip_mach,time_min,fesibility
lift_and_cruse,hover_climb,0.0,0.7507944607788345,0.0,5.089149020169993e-12,-5.991188445325284,0.0,,0.0,2367.362856638842,10898.14294646055,57.19614009217976,0.13624601982924578,0.8461888457759523,0.013006738069992788,0.0,0.621744799952889,0.0,True
lift_and_cruse,hover_climb,0.0,0.7508191323613361,0.0,5.089147826414782e-12,-5.991188445325284,0.0,,0.0,2367.4309567423647,10898.140390097024,57.19607346929958,0.13624222645901912,0.846190651261155,0.01300691690812204,0.0,0.6217679772280676,0.00591238531975519,True
lift_and_cruse,hover_climb,0.0,0.7508882761108455,0.0,5.089144446810308e-12,-5.991188445325284,0.0,,0.0,2367.6218113174773,10898.133152853134,57.19588752191329,0.1362315963169146,0.846195710894795,0.013007417913330682,0.0,0.6218329319611082,0.022478520855795815,True
lift_and_cruse,hover_climb,0.0,0.7509882380071131,0.0,5.08913956320443e-12,-5.991188445325284,0.0,,0.0,2367.8977401722054,10898.122694869933,57.19561884320999,0.13621623047235268,0.8462030245221243,0.013008140949712416,0.0,0.6219268360720392,0.04641728029488974,True
lift_and_cruse,hover_climb,0.0,0.7510992513650868,0.0,5.089134142915949e-12,-5.991188445325284,0.0,,0.0,2368.2041861936787,10898.111087609377,57.19532066292055,0.13619916898459683,0.8462111451365812,0.013008942164146652,0.0,0.6220311195982944,0.07298729874050672,True
lift_and_cruse,hover_climb,0.0,0.7511993285896077,0.0,5.089129259480684e-12,-5.991188445325284,0.0,,0.0,2368.480453843342,10898.100629991535,57.195052037167684,0.13618379110856163,0.8462184643439453,0.013009662867819145,0.0,0.6221251278762995,0.09692605817960064,True
lift_and_cruse,hover_climb,0.0,0.7512686161507828,0.0,5.089125880084503e-12,-5.991188445325284,0.0,,0.0,2368.6717308880516,10898.093393193694,57.194866155717015,0.13617314596346514,0.8462235309357335,0.013010160964174242,0.0,0.6221902125033493,0.11349219371564127,True
lift_and_cruse,hover_climb,0.0,0.751293350925271,0.0,5.089124674001295e-12,-5.991188445325284,0.0,,0.0,2368.74001546334,10898.090810430416,57.19479981792683,0.13616934609787693,0.8462253394865918,0.013010338604852937,0.0,0.6222134466557974,0.11940457903539646,True
lift_and_cruse,dep_transition,0.6997018577330746,0.7633955009233382,1007.0896548384931,1742.9365108741686,617.7614500047887,0.6908806069054193,0.9551222472593838,0.2547424479037714,2367.1180148381504,11358.179784827666,57.02857895484424,0.030181921363405428,0.8461399072228207,0.012990311860753534,0.33067407204768967,0.6217873844485104,0.11940457903539646,True
lift_and_cruse,dep_transition,0.7033398280684552,0.7611179290244336,1011.6077714099229,1763.2195992511315,624.0883250489327,0.6895022810300065,0.9550237109420187,0.25506144894157384,2359.140423085914,11307.813663062705,56.717620840039174,0.02734236442398816,0.8458455455408673,0.013007192393035528,0.3321581441095671,0.6196929100565743,0.12032629278460946,True
lift_and_cruse,dep_transition,0.7133689560378632,0.7547767351933089,1024.0047196320247,1819.482828473757,641.6122202555778,0.6857854532160808,0.9547463610734606,0.2559230636965311,2336.9837676396983,11165.388590908327,55.83951073164538,0.01921471969003912,0.8450058662947582,0.013050314965834788,0.336230246243655,0.6138757859969898,0.1229088773201395,True
lift_and_cruse,dep_transition,0.727478866505568,0.7456899428529499,1041.3065887302478,1899.2761901625456,666.3966840047012,0.6807456067871069,0.9543460266807465,0.2570643175218783,2305.3828184120352,10956.196614202532,54.552876297294596,0.007012557863536841,0.843747712775864,0.013102308390880097,0.34191364356797277,0.6055790659874191,0.12664082010140412,True
lift_and_cruse,dep_transition,0.7426575229002814,0.7356599411985223,1059.7424292578082,1985.6946245351066,693.1519201443078,0.6755522602926567,0.9539068545153919,0.25817981007666785,2270.7232601559695,10719.349936330802,53.100727577960605,-0.007190319568913986,0.8422773495984058,0.013146695714872189,0.3479697257579529,0.596479241214909,0.13078296409129922,True
lift_and_cruse,dep_transition,0.7559082065133201,0.7266296894626385,1075.6852549077898,2061.5679018182977,716.5769222615392,0.6712068820377622,0.9535177785809694,0.2590671609545912,2239.733672295283,10501.780365076716,51.77145256753547,-0.020612259950612707,0.8408738707574163,0.013175516108184493,0.35320703751427573,0.5883428756529349,0.13451490687256384,True
lift_and_cruse,dep_transition,0.7648463369569213,0.7203651994396402,1086.3589906857844,2112.945427541606,732.408437830659,0.6683727963426247,0.9532529764938507,0.2596236378478623,2218.3611094946123,10348.910575511647,50.84045819782446,-0.03026577691281488,0.8398526676140187,0.013189631220200093,0.35671351809815405,0.582731419403387,0.13709749140809388,True
lift_and_cruse,dep_transition,0.7679909215760314,0.7181240123045847,1090.0987189813382,2131.054880091031,737.9832986780434,0.6673940693385366,0.953159440890856,0.25981174971623805,2210.7404033742832,10293.896739168957,50.50607135488703,-0.03378615460895036,0.8394774145509867,0.01319356220325552,0.3579420934027763,0.580730558930185,0.13801920515730687,True
lift_and_cruse,second_climb,0.8537518290599021,0.0,1217.4570478211058,1892.6671024223517,752.3385823353881,0.7969968785947414,0.9565725681619169,0.2123488683976712,0.0,-4.635697417666057e-13,-5.336658663347744,0.0,,0.0,0.399761156248557,0.0,0.13801920515730687,True
lift_and_cruse,second_climb,0.8539576691824229,0.0,1217.5739972120518,1892.7122671895313,752.3191410400593,0.7969534400114969,0.956576541190417,0.21237646289060513,0.0,-4.635808039441179e-13,-5.336658663347744,0.0,,0.0,0.39981589843794046,0.0,0.16178667686072623,True
lift_and_cruse,second_climb,0.85453523313392,0.0,1217.9020443232123,1892.839624804477,752.264903630329,0.7968316059842566,0.9565876711369603,0.2124537921577435,0.0,-4.636119975632159e-13,-5.336658663347744,0.0,,0.0,0.3999694288924027,0.0,0.2283816527112107,True
lift_and_cruse,second_climb,0.8553719582137553,0.0,1218.3770295405059,1893.0257561280755,752.187139435838,0.7966552344111383,0.9566037486663712,0.2125655647052478,0.0,-4.636575865891491e-13,-5.336658663347744,0.0,,0.0,0.4001916678677667,0.0,0.3246141810077912,True
lift_and_cruse,second_climb,0.8563036017436098,0.0,1218.9055335812664,1893.2352456092426,752.1016700622176,0.7964590392983885,0.9566215856952393,0.21268966036510817,0.0,-4.637088967136624e-13,-5.336658663347744,0.0,,0.0,0.400438863648309,0.0,0.431424229306822,True
lift_and_cruse,second_climb,0.8571456531654289,0.0,1219.382884047584,1893.4266020782707,752.0254203976248,0.7962818798079311,0.9566376495912534,0.21280149858390526,0.0,-4.637557655311207e-13,-5.336658663347744,0.0,,0.0,0.4006620577647867,0.0,0.5276567576034025,True
lift_and_cruse,second_climb,0.8577298570329561,0.0,1219.713877378559,1893.560473137034,751.9730752636334,0.7961590630069711,0.9566487623178525,0.2128789118998952,0.0,-4.637885544838432e-13,-5.336658663347744,0.0,,0.0,0.4008167782111747,0.0,0.594251733453887,True
lift_and_cruse,second_climb,0.8579374228883342,0.0,1219.8303505750678,1893.608541232375,751.9549739303355,0.7961158247230068,0.9566526601635553,0.21290730868279714,0.0,-4.638003277716634e-13,-5.336658663347744,0.0,,0.0,0.40087146261057305,0.0,0.6180192051573064,True
lift_and_cruse,departure_terminal_procedures,0.7257215967323676,0.0,1064.0646666851158,1247.0484185926487,515.7096197301292,0.8262105385894899,0.9604385522659535,0.1918963841209712,0.0,-3.054387708422512e-13,-5.336658663347744,0.0,,0.0,0.3496823628344738,0.0,0.6180192051573064,True
lift_and_cruse,departure_terminal_procedures,0.725848146179418,0.0,1064.0646666886246,1247.048418609149,515.7096197359612,0.8262105385883804,0.9604385522658633,0.19189638412186735,0.0,-3.0543877084629257e-13,-5.336658663347744,0.0,,0.0,0.34968236283562687,0.0,0.6635535214463351,True
lift_and_cruse,departure_terminal_procedures,0.7262030422770354,0.0,1064.0646666879313,1247.0484186058889,515.7096197348397,0.8262105385885994,0.9604385522658802,0.191896384121708,0.0,-3.0543877084549407e-13,-5.336658663347744,0.0,,0.0,0.3496823628353991,0.0,0.7911378405306375,True
lift_and_cruse,departure_terminal_procedures,0.7267166972644105,0.0,1064.0646666851255,1247.0484185926957,515.709619730187,0.826210538589487,0.960438552265952,0.19189638412097954,0.0,-3.054387708422627e-13,-5.336658663347744,0.0,,0.0,0.34968236283447696,0.0,0.9755025232965787,True
lift_and_cruse,departure_terminal_procedures,0.7272879431324808,0.0,1064.0646666851853,1247.0484185929774,515.7096197302569,0.8262105385894681,0.9604385522659513,0.19189638412098936,0.0,-3.054387708423317e-13,-5.336658663347744,0.0,,0.0,0.34968236283449666,0.0,1.1801318832379137,True
lift_and_cruse,departure_terminal_procedures,0.7278036406208669,0.0,1064.0646660843215,1247.0484157676274,515.7096187336564,0.8262105387795523,0.9604385522813448,0.19189638396687547,0.0,-3.054387701503205e-13,-5.336658663347744,0.0,,0.0,0.3496823626370355,0.0,1.364496566003855,True
lift_and_cruse,departure_terminal_procedures,0.7281610843981124,0.0,1064.0646661842047,1247.0484162372943,515.7096188993406,0.8262105387479541,0.9604385522787854,0.1918963839925042,0.0,-3.0543877026535576e-13,-5.336658663347744,0.0,,0.0,0.34968236266985997,0.0,1.4920808850881575,True
lift_and_cruse,departure_terminal_procedures,0.7282887677184078,0.0,1064.064666282561,1247.0484166997767,515.7096190624812,0.8262105387168387,0.9604385522762654,0.1918963840177246,0.0,-3.0543877037863124e-13,-5.336658663347744,0.0,,0.0,0.3496823627021826,0.0,1.5376152013771862,True
lift_and_cruse,accel_climb,0.8701814559313874,0.0,1228.9696418794015,1963.2281192254798,774.8967723809797,0.7907391023180624,0.9561044118451045,0.21615194376208868,0.0,-4.808522064411124e-13,-5.336658663347744,0.0,,0.0,0.4038748975313923,0.0,1.5376152013771862,True
lift_and_cruse,accel_climb,0.8742914355873117,0.0,1233.9120648163785,1953.897818831188,773.6445852006678,0.7935979054953807,0.956288113558577,0.21445069960797786,0.0,-4.785669419385219e-13,-5.336658663347744,0.0,,0.0,0.40558214538880427,0.0,1.6564525598942832,True
lift_and_cruse,accel_climb,0.8864997400253406,0.0,1248.5206984385716,1930.920403898926,770.9254032008425,0.8011180003041918,0.9567883865657286,0.20974778507171282,0.0,-4.729390984086269e-13,-5.336658663347744,0.0,,0.0,0.4106196047256108,0.0,1.9894274391467055,True
lift_and_cruse,accel_climb,0.9059629648421509,0.0,1271.2816028137772,1905.4872759111677,769.2096022148844,0.8107313535278338,0.9574595054239872,0.20328648104462224,0.0,-4.667097786521242e-13,-5.336658663347744,0.0,,0.0,0.4184527904244891,0.0,2.470590080629608,True
lift_and_cruse,accel_climb,0.9296242142311326,0.0,1298.1614772377523,1886.8639360649422,770.4717763061614,0.819789987326185,0.9581140383013054,0.19681620963678567,0.0,-4.621483759457015e-13,-5.336658663347744,0.0,,0.0,0.42769536484247006,0.0,3.004640322124762,True
lift_and_cruse,accel_climb,0.9524510759582933,0.0,1323.384254515374,1877.5726117544536,774.3979725636093,0.8265898796275926,0.9586169431822371,0.1917058222877224,0.0,-4.598726578303656e-13,-5.336658663347744,0.0,,0.0,0.4363689222603742,0.0,3.485802963607665,True
lift_and_cruse,accel_climb,0.9690540245264193,0.0,1341.3080056151496,1874.8115831694854,778.5229427616025,0.8306328941867879,0.9589213213412292,0.18853535775779023,0.0,-4.591964008665784e-13,-5.336658663347744,0.0,,0.0,0.44253461173173514,0.0,3.8187778428600874,True
lift_and_cruse,accel_climb,0.9751459951264663,0.0,1347.8022775873221,1874.4952737923218,780.2402474135573,0.8319649603330153,0.9590227587718193,0.18746366829063263,0.0,-4.591189274133217e-13,-5.336658663347744,0.0,,0.0,0.44476900963300986,0.0,3.9376152013771843,True
lift_and_cruse,cruise_0,0.858411679902547,0.0,1227.05058462217,1247.3668085039258,550.27135318947,0.8590235769970082,0.9631940388493172,0.1595119061645666,0.0,-3.0551675387939643e-13,-5.336658663347744,0.0,,0.0,0.404921465386565,0.0,3.9376152013771843,True
lift_and_cruse,cruise_0,0.8585151186332942,0.0,1227.0505846146018,1247.3668084652543,550.2713531746577,0.8590235769988561,0.9631940388495568,0.15951190616223576,0.0,-3.0551675386992465e-13,-5.336658663347744,0.0,,0.0,0.4049214653840675,0.0,3.962372984401579,True
lift_and_cruse,cruise_0,0.8586777378505114,0.0,1227.050584614543,1247.3668084649537,550.2713531745119,0.8590235769988704,0.9631940388495593,0.15951190616220726,0.0,-3.0551675386985104e-13,-5.336658663347744,0.0,,0.0,0.4049214653840481,0.0,4.0317427509125014,True
lift_and_cruse,cruise_0,0.8588306089302116,0.0,1227.050584614533,1247.3668084649025,550.2713531745454,0.859023576998873,0.9631940388495583,0.15951190616221525,0.0,-3.055167538698385e-13,-5.336658663347744,0.0,,0.0,0.4049214653840447,0.0,4.131984967888106,True
lift_and_cruse,cruise_0,0.8590007220202976,0.0,1227.050584614539,1247.3668084649325,550.2713531745787,0.8590235769988714,0.9631940388495576,0.15951190616221878,0.0,-3.0551675386984584e-13,-5.336658663347744,0.0,,0.0,0.40492146538404683,0.0,4.243245434866263,True
lift_and_cruse,cruise_0,0.8591543845968698,0.0,1227.0505846146725,1247.366808465616,550.2713531748645,0.8590235769988388,0.9631940388495526,0.15951190616226654,0.0,-3.0551675387001325e-13,-5.336658663347744,0.0,,0.0,0.4049214653840908,0.0,4.343487651841868,True
lift_and_cruse,cruise_0,0.859260942528377,0.0,1227.0505846146787,1247.3668084656474,550.2713531748645,0.859023576998837,0.9631940388495528,0.15951190616227004,0.0,-3.0551675387002093e-13,-5.336658663347744,0.0,,0.0,0.4049214653840929,0.0,4.412857418352789,True
lift_and_cruse,cruise_0,0.85929901625372,0.0,1227.0505846146682,1247.366808465593,550.2713531748432,0.8590235769988396,0.963194038849553,0.15951190616226235,0.0,-3.0551675387000765e-13,-5.336658663347744,0.0,,0.0,0.4049214653840894,0.0,4.437615201377184,True
lift_and_cruse,cruise_1,0.8161567921370544,0.0,1169.0621329853027,1219.6486235962254,529.5336963443632,0.8505699993612958,0.9625226331181911,0.16910620683432628,0.0,-2.9872775659431847e-13,-5.336658663347744,0.0,,0.0,0.3857855233915343,0.0,4.437615201377184,True
lift_and_cruse,cruise_1,0.8162028088612904,0.0,1169.0621319873533,1219.648618777229,529.5336950625143,0.8505699996146007,0.9625226331315343,0.16910620671367751,0.0,-2.987277554140048e-13,-5.336658663347744,0.0,,0.0,0.3857855230622153,0.0,4.470625578743045,True
lift_and_cruse,cruise_1,0.8163318957573774,0.0,1169.0621322607312,1219.6486200962,529.5336956055778,0.8505699995453189,0.9625226331226108,0.16910620680802246,0.0,-2.9872775573705946e-13,-5.336658663347744,0.0,,0.0,0.38578552315242887,0.0,4.563118600757607,True
lift_and_cruse,cruise_1,0.8165188181969103,0.0,1169.0621321991766,1219.6486197992144,529.5336954840991,0.8505699995609186,0.962522633124598,0.16910620678701774,0.0,-2.98727755664319e-13,-5.336658663347744,0.0,,0.0,0.3857855231321161,0.0,4.696774890058412,True
lift_and_cruse,cruise_1,0.816726822653002,0.0,1169.0621318058445,1219.6486179014535,529.5336947496352,0.8505699996606049,0.9625226331361499,0.16910620666626644,0.0,-2.987277551995016e-13,-5.336658663347744,0.0,,0.0,0.3857855230023182,0.0,4.8451221793626225,True
lift_and_cruse,cruise_1,0.8169147131059864,0.0,1169.0621320337573,1219.648619001112,529.5336951567787,0.8505699996028404,0.9625226331299623,0.16910620673034718,0.0,-2.987277554688403e-13,-5.336658663347744,0.0,,0.0,0.38578552307752845,0.0,4.978778468663428,True
lift_and_cruse,cruise_1,0.8170450063715348,0.0,1169.0621318467354,1219.648618098839,529.5336948583652,0.8505699996502323,0.9625226331340602,0.1691062066891556,0.0,-2.9872775524784716e-13,-5.336658663347744,0.0,,0.0,0.385785523015812,0.0,5.07127149067799,True
lift_and_cruse,cruise_1,0.8170915609800253,0.0,1169.062131850759,1219.648618118254,529.5336948653397,0.8505699996492122,0.9625226331339569,0.16910620669021095,0.0,-2.987277552526025e-13,-5.336658663347744,0.0,,0.0,0.38578552301713975,0.0,5.104281868043851,True
lift_and_cruse,cruise_2,0.86026085166206,0.0,1227.0505846146364,1247.3668084655274,550.2713531747702,0.8590235769988397,0.9631940388495543,0.15951190616225316,0.0,-3.0551675386999154e-13,-5.336658663347744,0.0,,0.0,0.40492146538407897,0.0,5.104281868043851,True
lift_and_cruse,cruise_2,0.8602737307594417,0.0,1227.0505846146345,1247.3668084655164,550.2713531748037,0.8590235769988401,0.9631940388495533,0.15951190616225966,0.0,-3.0551675386998887e-13,-5.336658663347744,0.0,,0.0,0.4049214653840783,0.0,5.112534462385316,True
lift_and_cruse,cruise_2,0.8603098309230263,0.0,1227.050584614639,1247.3668084655392,550.2713531747216,0.8590235769988388,0.9631940388495557,0.15951190616224759,0.0,-3.055167538699944e-13,-5.336658663347744,0.0,,0.0,0.4049214653840798,0.0,5.135657717888956,True
lift_and_cruse,cruise_2,0.8603620329469813,0.0,1227.0505846146386,1247.3668084655387,550.2713531747368,0.8590235769988392,0.9631940388495552,0.1595119061622486,0.0,-3.055167538699943e-13,-5.336658663347744,0.0,,0.0,0.40492146538407964,0.0,5.169071790214159,True
lift_and_cruse,cruise_2,0.8604200223638818,0.0,1227.0505846146343,1247.3668084655155,550.2713531748067,0.8590235769988401,0.9631940388495532,0.1595119061622563,0.0,-3.055167538699886e-13,-5.336658663347744,0.0,,0.0,0.40492146538407825,0.0,5.20615861254021,True
lift_and_cruse,cruise_2,0.8604723136843425,0.0,1227.050584614638,1247.3668084655365,550.2713531747459,0.8590235769988395,0.963194038849555,0.15951190616225774,0.0,-3.0551675386999376e-13,-5.336658663347744,0.0,,0.0,0.40492146538407947,0.0,5.239572684865412,True
lift_and_cruse,cruise_2,0.8605085251988904,0.0,1227.0505846146375,1247.3668084655333,550.2713531747429,0.8590235769988395,0.963194038849555,0.15951190616224686,0.0,-3.05516753869993e-13,-5.336658663347744,0.0,,0.0,0.4049214653840793,0.0,5.262695940369053,True
lift_and_cruse,cruise_2,0.8605214538521283,0.0,1227.05058461464,1247.366808465545,550.2713531747155,0.8590235769988388,0.9631940388495559,0.15951190616224223,0.0,-3.055167538699959e-13,-5.336658663347744,0.0,,0.0,0.40492146538408014,0.0,5.270948534710517,True
lift_and_cruse,cruise_3,0.8155714808541833,0.0,1166.6494241219964,1219.0232462609356,528.8118766705599,0.8501364269406715,0.9624895764620884,0.1695749089133054,0.0,-2.985745833239341e-13,-5.336658663347744,0.0,,0.0,0.3849893397453793,0.0,5.270948534710517,True
lift_and_cruse,cruise_3,0.8156063867259784,0.0,1166.6494242209137,1219.023246737159,528.8118767337593,0.8501364269155726,0.9624895764625221,0.16957490890479618,0.0,-2.9857458344057523e-13,-5.336658663347744,0.0,,0.0,0.38498933977802163,0.0,5.295706317734913,True
lift_and_cruse,cruise_3,0.8157042738648724,0.0,1166.6494241819735,1219.0232465496897,528.8118767677081,0.8501364269254528,0.9624895764607341,0.16957490892700167,0.0,-2.985745833946585e-13,-5.336658663347744,0.0,,0.0,0.3849893397651715,0.0,5.365076084245834,True
lift_and_cruse,cruise_3,0.8158459420259898,0.0,1166.6494241863988,1219.0232465709948,528.8118767589832,0.85013642692433,0.9624895764610711,0.1695749089229297,0.0,-2.985745833998767e-13,-5.336658663347744,0.0,,0.0,0.38498933976663186,0.0,5.46531830122144,True
lift_and_cruse,cruise_3,0.816003482756342,0.0,1166.6494242032272,1219.02324665201,528.8118767435844,0.8501364269200604,0.9624895764618637,0.1695749089130979,0.0,-2.9857458341971967e-13,-5.336658663347744,0.0,,0.0,0.38498933977218514,0.0,5.576578768199596,True
lift_and_cruse,cruise_3,0.8161456935925417,0.0,1166.6494241814817,1219.0232465473232,528.8118767710814,0.8501364269255776,0.9624895764606305,0.16957490892823054,0.0,-2.9857458339407883e-13,-5.336658663347744,0.0,,0.0,0.38498933976500926,0.0,5.676820985175201,True
lift_and_cruse,cruise_3,0.8162442574852352,0.0,1166.6494241787595,1219.0232465342146,528.8118767637332,0.8501364269262683,0.9624895764607728,0.1695749089266637,0.0,-2.9857458339086816e-13,-5.336658663347744,0.0,,0.0,0.3849893397641109,0.0,5.746190751686122,True
lift_and_cruse,cruise_3,0.8162794644636153,0.0,1166.6494241889866,1219.023246583451,528.8118767492157,0.8501364269236736,0.9624895764613964,0.16957490891903734,0.0,-2.985745834029276e-13,-5.336658663347744,0.0,,0.0,0.3849893397674857,0.0,5.770948534710517,True
lift_and_cruse,cruise_4,0.8612521054626124,0.0,1227.05058461467,1247.366808465545,550.2713531747946,0.859023576998844,0.9631940388495543,0.1595119061622588,0.0,-3.055167538699959e-13,-5.336658663347744,0.0,,0.0,0.40492146538408996,0.0,5.770948534710517,True
lift_and_cruse,cruise_4,0.8612651746915633,0.0,1227.0505846063395,1247.3668084229762,550.2713531583564,0.8590235770008778,0.9631940388498216,0.15951190615965366,0.0,-3.055167538595695e-13,-5.336658663347744,0.0,,0.0,0.40492146538134094,0.0,5.779201129051983,True
lift_and_cruse,cruise_4,0.8613018060524317,0.0,1227.0505827482582,1247.3667989285252,550.2713495119751,0.8590235774545015,0.9631940389088658,0.15951190558574188,0.0,-3.055167515340997e-13,-5.336658663347744,0.0,,0.0,0.404921464768182,0.0,5.8023243845556225,True
lift_and_cruse,cruise_4,0.8613547785885092,0.0,1227.050582827929,1247.3667993356296,550.2713496682444,0.8590235774350512,0.9631940389063363,0.15951190561031914,0.0,-3.055167516338115e-13,-5.336658663347744,0.0,,0.0,0.40492146479447316,0.0,5.835738456880825,True
lift_and_cruse,cruise_4,0.861413625284777,0.0,1227.0505846133078,1247.366808458584,550.2713531720502,0.8590235769991766,0.9631940388495995,0.15951190616181835,0.0,-3.0551675386829094e-13,-5.336658663347744,0.0,,0.0,0.4049214653836405,0.0,5.872825279206877,True
lift_and_cruse,cruise_4,0.8614666879800329,0.0,1227.0505846133033,1247.366808458561,550.271353172105,0.8590235769991778,0.963194038849598,0.15951190616182986,0.0,-3.055167538682853e-13,-5.336658663347744,0.0,,0.0,0.404921465383639,0.0,5.906239351532079,True
lift_and_cruse,cruise_4,0.8615034335629497,0.0,1227.0505846136286,1247.3668084602243,550.2713531727097,0.8590235769990984,0.9631940388495887,0.15951190616192507,0.0,-3.0551675386869266e-13,-5.336658663347744,0.0,,0.0,0.40492146538374635,0.0,5.929362607035719,True
lift_and_cruse,cruise_4,0.8615165528745067,0.0,1227.0505846136764,1247.3668084604687,550.2713531728223,0.8590235769990865,0.9631940388495865,0.1595119061619431,0.0,-3.0551675386875254e-13,-5.336658663347744,0.0,,0.0,0.4049214653837621,0.0,5.937615201377184,True
lift_and_cruse,cruise_5,0.8206597156153727,0.0,1172.2517671248459,1220.55331465589,530.5067815576822,0.8511311410877832,0.962565643816213,0.1684962662724786,0.0,-2.989493419964056e-13,-5.336658663347744,0.0,,0.0,0.38683808906895384,0.0,5.937615201377184,True
lift_and_cruse,cruise_5,0.8207430442245247,0.0,1172.2517636089915,1220.5532976317352,530.506775227118,0.8511311419785047,0.9625656439129674,0.16849626527251774,0.0,-2.989493378266902e-13,-5.336658663347744,0.0,,0.0,0.38683808790873686,0.0,5.9953833617674395,True
lift_and_cruse,cruise_5,0.8209770096626009,0.0,1172.2517636097261,1220.5532976352927,530.5067752279083,0.8511311419783184,0.9625656439129617,0.1684962652725585,0.0,-2.989493378275616e-13,-5.336658663347744,0.0,,0.0,0.38683808790897933,0.0,6.157246150292923,True
lift_and_cruse,cruise_5,0.8213163398152724,0.0,1172.251763610952,1220.5532976412287,530.5067752293852,0.8511311419780082,0.962565643912948,0.16849626527269362,0.0,-2.989493378290155e-13,-5.336658663347744,0.0,,0.0,0.38683808790938384,0.0,6.391144656569335,True
lift_and_cruse,cruise_5,0.8216946905670263,0.0,1172.2517636121731,1220.553297647139,530.5067752305916,0.8511311419776988,0.9625656439129416,0.1684962652727163,0.0,-2.989493378304631e-13,-5.336658663347744,0.0,,0.0,0.38683808790978685,0.0,6.650752412851701,True
lift_and_cruse,cruise_5,0.8220371310339247,0.0,1172.2517636124637,1220.5532976485438,530.5067752292515,0.8511311419776254,0.9625656439129847,0.16849626527221934,0.0,-2.9894933783080714e-13,-5.336658663347744,0.0,,0.0,0.3868380879098827,0.0,6.884650919128112,True
lift_and_cruse,cruise_5,0.8222749750244479,0.0,1172.2517636124662,1220.553297648553,530.5067752272427,0.851131141977625,0.9625656439130397,0.16849626527157058,0.0,-2.9894933783080946e-13,-5.336658663347744,0.0,,0.0,0.38683808790988355,0.0,7.046513707653595,True
lift_and_cruse,cruise_5,0.8223600328737435,0.0,1172.2517636127493,1220.553297649923,530.5067752276225,0.8511311419775534,0.9625656439130355,0.1684962652716036,0.0,-2.98949337831145e-13,-5.336658663347744,0.0,,0.0,0.386838087909977,0.0,7.104281868043851,True
lift_and_cruse,cruise_6,0.8632688966996789,0.0,1227.050584613242,1247.366808458249,550.2713531720108,0.8590235769991926,0.9631940388495993,0.15951190616180927,0.0,-3.0551675386820884e-13,-5.336658663347744,0.0,,0.0,0.40492146538361884,0.0,7.104281868043851,True
lift_and_cruse,cruise_6,0.8632958051475338,0.0,1227.050584612395,1247.3668084539202,550.2713531702816,0.8590235769993992,0.9631940388496281,0.1595119061615445,0.0,-3.055167538671486e-13,-5.336658663347744,0.0,,0.0,0.40492146538333923,0.0,7.1207870567267815,True
lift_and_cruse,cruise_6,0.8633712576676221,0.0,1227.0505846146702,1247.3668084655476,550.2713531747976,0.8590235769988439,0.9631940388495543,0.15951190616225444,0.0,-3.055167538699965e-13,-5.336658663347744,0.0,,0.0,0.4049214653840901,0.0,7.167033567734062,True
lift_and_cruse,cruise_6,0.8634804375208329,0.0,1227.0505846146696,1247.366808465543,550.2713531748097,0.8590235769988441,0.963194038849554,0.15951190616225364,0.0,-3.055167538699954e-13,-5.336658663347744,0.0,,0.0,0.4049214653840898,0.0,7.233861712384465,True
lift_and_cruse,cruise_6,0.8636018228139517,0.0,1227.050584617455,1247.366808479776,550.2713531802617,0.8590235769981639,0.9631940388494659,0.15951190616310093,0.0,-3.055167538734814e-13,-5.336658663347744,0.0,,0.0,0.40492146538500906,0.0,7.30803535703657,True
lift_and_cruse,cruise_6,0.8637113719300937,0.0,1227.050584624689,1247.36680851674,550.271353194378,0.859023576996398,0.9631940388492382,0.15951190616533387,0.0,-3.0551675388253506e-13,-5.336658663347744,0.0,,0.0,0.4049214653873962,0.0,7.374863501686973,True
lift_and_cruse,cruise_6,0.8637872848946733,0.0,1227.050584614674,1247.366808465566,550.2713531747247,0.8590235769988429,0.9631940388495563,0.15951190616224492,0.0,-3.05516753870001e-13,-5.336658663347744,0.0,,0.0,0.4049214653840914,0.0,7.421110012694254,True
lift_and_cruse,cruise_6,0.8638143982656494,0.0,1227.0505846146716,1247.3668084655549,550.2713531747642,0.8590235769988435,0.9631940388495552,0.15951190616225094,0.0,-3.0551675386999826e-13,-5.336658663347744,0.0,,0.0,0.4049214653840906,0.0,7.437615201377184,True
lift_and_cruse,cruise_7,0.8258240614986164,0.0,1176.2237636643074,1221.7991132947677,531.7477373056237,0.8518114915977879,0.9626181330663705,0.16775168293616863,0.0,-2.992544746595023e-13,-5.336658663347744,0.0,,0.0,0.38814883100528924,0.0,7.437615201377184,True
lift_and_cruse,cruise_7,0.8258980939329251,0.0,1176.2237604247125,1221.7990975400176,531.7477315412591,0.8518114924178177,0.9626181331535765,0.16775168204170507,0.0,-2.9925447080070147e-13,-5.336658663347744,0.0,,0.0,0.38814882993623673,0.0,7.487130767425974,True
lift_and_cruse,cruise_7,0.8261059083184312,0.0,1176.2237661240783,1221.7991252568154,531.7477415668228,0.8518114909751784,0.9626181330033157,0.16775168357883918,0.0,-2.99254477589359e-13,-5.336658663347744,0.0,,0.0,0.3881488318170032,0.0,7.625870300447818,True
lift_and_cruse,cruise_7,0.8264071592881661,0.0,1176.2237663270432,1221.7991262437338,531.7477420553632,0.8518114909238156,0.9626181329943699,0.16775168367506088,0.0,-2.992544778310843e-13,-5.336658663347744,0.0,,0.0,0.38814883188398075,0.0,7.826354734399026,True
lift_and_cruse,cruise_7,0.8267428522458168,0.0,1176.2237666083265,1221.7991276114387,531.74774272509,0.8518114908526362,0.9626181329821725,0.16775168380610084,0.0,-2.992544781660754e-13,-5.336658663347744,0.0,,0.0,0.38814883197680305,0.0,8.048875668355342,True
lift_and_cruse,cruise_7,0.8270465031418125,0.0,1176.2237667528525,1221.799128314196,531.7477430834572,0.851811490816062,0.9626181329755157,0.16775168387795056,0.0,-2.992544783382013e-13,-5.336658663347744,0.0,,0.0,0.388148832024496,0.0,8.24936010230655,True
lift_and_cruse,cruise_7,0.8272573052994817,0.0,1176.223766838957,1221.79912873288,531.7477432970363,0.851811490794272,0.9626181329715479,0.16775168392075993,0.0,-2.992544784407493e-13,-5.336658663347744,0.0,,0.0,0.3881488320529102,0.0,8.388099635328393,True
lift_and_cruse,cruise_7,0.8273326725980003,0.0,1176.2237669101755,1221.7991290791679,531.747743463456,0.8518114907762505,0.9626181329685457,0.16775168395294485,0.0,-2.9925447852556536e-13,-5.336658663347744,0.0,,0.0,0.3881488320764119,0.0,8.437615201377184,True
lift_and_cruse,cruise_8,0.8653693249402293,0.0,1227.050584630871,1247.3668085484453,550.2713532066131,0.8590235769948792,0.9631940388490389,0.15951190616725963,0.0,-3.055167538903006e-13,-5.336658663347744,0.0,,0.0,0.4049214653894363,0.0,8.437615201377184,True
lift_and_cruse,cruise_8,0.8654108938856053,0.0,1227.0505846532383,1247.366808662738,550.2713532504328,0.8590235769894187,0.9631940388483302,0.1595119061741655,0.0,-3.055167539182942e-13,-5.336658663347744,0.0,,0.0,0.4049214653968174,0.0,8.46237298440158,True
lift_and_cruse,cruise_8,0.865527497964205,0.0,1227.0505846393016,1247.3668085915251,550.2713532230966,0.8590235769928211,0.9631940388487726,0.1595119061698656,0.0,-3.055167539008521e-13,-5.336658663347744,0.0,,0.0,0.40492146539221835,0.0,8.5317427509125,True
lift_and_cruse,cruise_8,0.8656963361537726,0.0,1227.0505846924789,1247.366808863252,550.2713533274991,0.8590235769798387,0.9631940388470817,0.1595119061862869,0.0,-3.0551675396740594e-13,-5.336658663347744,0.0,,0.0,0.40492146540976665,0.0,8.631984967888107,True
lift_and_cruse,cruise_8,0.8658842042124025,0.0,1227.0505846855085,1247.3668088276327,550.2713533137294,0.8590235769815409,0.9631940388473055,0.1595119061841149,0.0,-3.0551675395868177e-13,-5.336658663347744,0.0,,0.0,0.40492146540746643,0.0,8.743245434866262,True
lift_and_cruse,cruise_8,0.866053893644563,0.0,1227.0505849047086,1247.366809947705,550.2713537438447,0.8590235769280258,0.9631940388403415,0.15951190625180714,0.0,-3.0551675423302033e-13,-5.336658663347744,0.0,,0.0,0.4049214654798015,0.0,8.843487651841867,True
lift_and_cruse,cruise_8,0.8661715589438659,0.0,1227.0505848088533,1247.3668094579002,550.271353555541,0.8590235769514273,0.9631940388433926,0.15951190622213554,0.0,-3.055167541130528e-13,-5.336658663347744,0.0,,0.0,0.4049214654481696,0.0,8.91285741835279,True
lift_and_cruse,cruise_8,0.8662136002967691,0.0,1227.0505849240374,1247.366810046473,550.2713537815893,0.8590235769233071,0.9631940388397323,0.15951190625772593,0.0,-3.0551675425721153e-13,-5.336658663347744,0.0,,0.0,0.4049214654861799,0.0,8.937615201377184,True
lift_and_cruse,cruise_9,0.8190930495421933,0.0,1163.9687170641153,1218.390104842218,528.0246146545226,0.8496451549321872,0.9624523077528269,0.17010327909314524,0.0,-2.984195084015661e-13,-5.336658663347744,0.0,,0.0,0.3841047178367531,0.0,8.937615201377184,True
lift_and_cruse,cruise_9,0.8191302621501214,0.0,1163.9687170641187,1218.390104842235,528.0246146544588,0.8496451549321866,0.9624523077528286,0.17010327909314177,0.0,-2.984195084015702e-13,-5.336658663347744,0.0,,0.0,0.38410471783675426,0.0,8.96237298440158,True
lift_and_cruse,cruise_9,0.819234616510801,0.0,1163.9687170641143,1218.390104842214,528.0246146545317,0.8496451549321876,0.9624523077528265,0.17010327909315096,0.0,-2.984195084015651e-13,-5.336658663347744,0.0,,0.0,0.3841047178367528,0.0,9.0317427509125,True
lift_and_cruse,cruise_9,0.8193856403524001,0.0,1163.9687170641178,1218.39010484223,528.0246146544708,0.8496451549321865,0.9624523077528283,0.1701032790931419,0.0,-2.98419508401569e-13,-5.336658663347744,0.0,,0.0,0.38410471783675393,0.0,9.131984967888107,True
lift_and_cruse,cruise_9,0.8195535790619449,0.0,1163.9687170639204,1218.3901048412843,528.0246146541426,0.8496451549322364,0.9624523077528331,0.170103279093089,0.0,-2.9841950840133736e-13,-5.336658663347744,0.0,,0.0,0.38410471783668887,0.0,9.243245434866262,True
lift_and_cruse,cruise_9,0.8197051711395493,0.0,1163.968717063685,1218.3901048401551,528.0246146537294,0.8496451549322962,0.9624523077528392,0.17010327909302558,0.0,-2.984195084010608e-13,-5.336658663347744,0.0,,0.0,0.3841047178366112,0.0,9.343487651841867,True
lift_and_cruse,cruise_9,0.8198572915481429,0.0,1163.9687170640432,1218.3901048418727,528.0246146543219,0.8496451549322052,0.9624523077528307,0.17010327909311718,0.0,-2.984195084014815e-13,-5.336658663347744,0.0,,0.0,0.38410471783672934,0.0,9.41285741835279,True
lift_and_cruse,cruise_9,0.8199249220960939,0.0,1163.9687170641137,1218.3901048422113,528.0246146545469,0.8496451549321875,0.9624523077528261,0.17010327909316558,0.0,-2.984195084015644e-13,-5.336658663347744,0.0,,0.0,0.38410471783675265,0.0,9.437615201377184,True
lift_and_cruse,cruise_10,0.8670814918714173,0.0,1227.050584615362,1247.366808469081,550.2713531761317,0.859023576998675,0.963194038849533,0.1595119061624605,0.0,-3.0551675387086194e-13,-5.336658663347744,0.0,,0.0,0.40492146538431834,0.0,9.437615201377184,True
lift_and_cruse,cruise_10,0.8671073346342361,0.0,1227.0505846146725,1247.3668084655574,550.2713531747459,0.8590235769988435,0.9631940388495558,0.15951190616224184,0.0,-3.0551675386999886e-13,-5.336658663347744,0.0,,0.0,0.4049214653840908,0.0,9.445867795718648,True
lift_and_cruse,cruise_10,0.8671797576400497,0.0,1227.0505846146702,1247.3668084655476,550.2713531747885,0.8590235769988439,0.9631940388495546,0.15951190616225397,0.0,-3.055167538699965e-13,-5.336658663347744,0.0,,0.0,0.4049214653840901,0.0,9.46899105122229,True
lift_and_cruse,cruise_10,0.8672844462733217,0.0,1227.0505846146698,1247.3668084655426,550.2713531747794,0.859023576998844,0.9631940388495548,0.1595119061622498,0.0,-3.055167538699953e-13,-5.336658663347744,0.0,,0.0,0.4049214653840899,0.0,9.50240512354749,True
lift_and_cruse,cruise_10,0.8674006894586483,0.0,1227.0505846144263,1247.3668084643011,550.2713531742841,0.8590235769989035,0.963194038849563,0.15951190616218341,0.0,-3.055167538696912e-13,-5.336658663347744,0.0,,0.0,0.40492146538400964,0.0,9.539491945873545,True
lift_and_cruse,cruise_10,0.8675054638244794,0.0,1227.050584614671,1247.3668084655492,550.2713531747825,0.8590235769988439,0.9631940388495547,0.15951190616225536,0.0,-3.055167538699969e-13,-5.336658663347744,0.0,,0.0,0.4049214653840903,0.0,9.572906018198745,True
lift_and_cruse,cruise_10,0.8675779937367536,0.0,1227.0505846146614,1247.3668084655,550.2713531747338,0.8590235769988458,0.9631940388495559,0.15951190616223376,0.0,-3.0551675386998483e-13,-5.336658663347744,0.0,,0.0,0.4049214653840872,0.0,9.596029273702387,True
lift_and_cruse,cruise_10,0.8676038840535332,0.0,1227.0505845879488,1247.3668083290052,550.2713531223471,0.8590235770053675,0.9631940388504038,0.15951190615399255,0.0,-3.0551675383655323e-13,-5.336658663347744,0.0,,0.0,0.4049214653752722,0.0,9.60428186804385,True
lift_and_cruse,cruise_11,0.8254443742761085,0.0,1170.761218402597,1220.1196755000883,530.0494067426447,0.8508705930000469,0.9625456413708655,0.16877994104875194,0.0,-2.9884313103557807e-13,-5.336658663347744,0.0,,0.0,0.38634621434071775,0.0,9.60428186804385,True
lift_and_cruse,cruise_11,0.8254672959413974,0.0,1170.761218817643,1220.1196775064443,530.0494074918752,0.8508705928948759,0.9625456413593878,0.16877994116763714,0.0,-2.988431315269936e-13,-5.336658663347744,0.0,,0.0,0.3863462144776811,0.0,9.612534462385316,True
lift_and_cruse,cruise_11,0.8255315309140927,0.0,1170.7612188176417,1220.119677506438,530.0494074919086,0.8508705928948762,0.9625456413593869,0.16877994116764386,0.0,-2.98843131526992e-13,-5.336658663347744,0.0,,0.0,0.3863462144776807,0.0,9.635657717888957,True
lift_and_cruse,cruise_11,0.8256243815909872,0.0,1170.7612188176452,1220.1196775064568,530.0494074918447,0.8508705928948757,0.9625456413593887,0.16877994116764436,0.0,-2.988431315269966e-13,-5.336658663347744,0.0,,0.0,0.38634621447768186,0.0,9.669071790214158,True
lift_and_cruse,cruise_11,0.8257274774602454,0.0,1170.761218817642,1220.119677506438,530.0494074918964,0.8508705928948768,0.9625456413593872,0.1687799411676458,0.0,-2.98843131526992e-13,-5.336658663347744,0.0,,0.0,0.38634621447768075,0.0,9.70615861254021,True
lift_and_cruse,cruise_11,0.8258203991337244,0.0,1170.7612188165772,1220.1196775012918,530.0494074899727,0.8508705928951459,0.9625456413594167,0.16877994116734357,0.0,-2.9884313152573156e-13,-5.336658663347744,0.0,,0.0,0.3863462144773294,0.0,9.739572684865411,True
lift_and_cruse,cruise_11,0.8258847226383291,0.0,1170.7612188159396,1220.1196774982088,530.0494074888757,0.8508705928953074,0.9625456413594329,0.16877994116716424,0.0,-2.9884313152497647e-13,-5.336658663347744,0.0,,0.0,0.38634621447711903,0.0,9.762695940369053,True
lift_and_cruse,cruise_11,0.8259076833360637,0.0,1170.7612188153819,1220.119677495515,530.0494074878151,0.8508705928954489,0.9625456413594498,0.1687799411669983,0.0,-2.9884313152431666e-13,-5.336658663347744,0.0,,0.0,0.3863462144769349,0.0,9.770948534710518,True
lift_and_cruse,cruise_12,0.8680874219289485,0.0,1227.0505846157012,1247.3668084708468,550.2713531768063,0.8590235769985896,0.9631940388495219,0.15951190616257152,0.0,-3.055167538712944e-13,-5.336658663347744,0.0,,0.0,0.40492146538443025,0.0,9.770948534710518,True
lift_and_cruse,cruise_12,0.8681911893299672,0.0,1227.0505846135295,1247.36680845975,550.2713531726307,0.8590235769991199,0.9631940388495887,0.1595119061619113,0.0,-3.055167538685765e-13,-5.336658663347744,0.0,,0.0,0.4049214653837136,0.0,9.803958912076379,True
lift_and_cruse,cruise_12,0.8684821510339946,0.0,1227.0505846146646,1247.3668084655508,550.271353174758,0.8590235769988424,0.9631940388495552,0.15951190616225,0.0,-3.0551675386999725e-13,-5.336658663347744,0.0,,0.0,0.40492146538408824,0.0,9.89645193409094,True
lift_and_cruse,cruise_12,0.8689031551621059,0.0,1227.0505846146652,1247.3668084655542,550.271353174752,0.8590235769988426,0.9631940388495555,0.15951190616225044,0.0,-3.055167538699981e-13,-5.336658663347744,0.0,,0.0,0.40492146538408846,0.0,10.030108223391746,True
lift_and_cruse,cruise_12,0.8693711999223876,0.0,1227.050584614821,1247.3668084663493,550.2713531750862,0.8590235769988046,0.9631940388495497,0.1595119061622958,0.0,-3.0551675387019284e-13,-5.336658663347744,0.0,,0.0,0.40492146538413987,0.0,10.178455512695956,True
lift_and_cruse,cruise_12,0.8697935843559846,0.0,1227.0505846167202,1247.3668084760561,550.2713531788061,0.8590235769983408,0.9631940388494896,0.1595119061628848,0.0,-3.055167538725703e-13,-5.336658663347744,0.0,,0.0,0.4049214653847666,0.0,10.312111801996762,True
lift_and_cruse,cruise_12,0.8700862672678502,0.0,1227.0505846146655,1247.3668084655544,550.2713531747459,0.8590235769988425,0.9631940388495556,0.15951190616224703,0.0,-3.0551675386999816e-13,-5.336658663347744,0.0,,0.0,0.4049214653840886,0.0,10.404604824011324,True
lift_and_cruse,cruise_12,0.8701908006844097,0.0,1227.0505846175336,1247.3668084802107,550.2713531803985,0.8590235769981422,0.9631940388494639,0.15951190616313304,0.0,-3.055167538735879e-13,-5.336658663347744,0.0,,0.0,0.404921465385035,0.0,10.437615201377184,True
lift_and_cruse,cruise_13,0.8247156325969294,0.0,1166.4345355786975,1218.9700712223903,528.7481924967559,0.8500974204760519,0.9624866100835545,0.16961696594025,0.0,-2.9856155919578427e-13,-5.336658663347744,0.0,,0.0,0.38491842744156896,0.0,10.437615201377184,True
lift_and_cruse,cruise_13,0.8247385685638104,0.0,1166.4345355787134,1218.9700712224683,528.7481924968318,0.8500974204760479,0.9624866100835529,0.16961696594026768,0.0,-2.985615591958034e-13,-5.336658663347744,0.0,,0.0,0.38491842744157423,0.0,10.445867795718648,True
lift_and_cruse,cruise_13,0.8248028445923969,0.0,1166.4345355787132,1218.9700712224667,528.7481924968379,0.8500974204760475,0.9624866100835526,0.16961696594027373,0.0,-2.98561559195803e-13,-5.336658663347744,0.0,,0.0,0.3849184274415741,0.0,10.46899105122229,True
lift_and_cruse,cruise_13,0.8248957544755146,0.0,1166.4345355787098,1218.9700712224499,528.7481924968349,0.8500974204760485,0.9624866100835526,0.1696169659402617,0.0,-2.9856155919579886e-13,-5.336658663347744,0.0,,0.0,0.38491842744157306,0.0,10.50240512354749,True
lift_and_cruse,cruise_13,0.8249989158908175,0.0,1166.4345355787125,1218.970071222463,528.7481924968502,0.8500974204760481,0.9624866100835523,0.16961696594026335,0.0,-2.985615591958021e-13,-5.336658663347744,0.0,,0.0,0.38491842744157395,0.0,10.539491945873545,True
lift_and_cruse,cruise_13,0.8250918964688105,0.0,1166.4345355787132,1218.9700712224667,528.7481924968349,0.8500974204760475,0.9624866100835526,0.16961696594026968,0.0,-2.98561559195803e-13,-5.336658663347744,0.0,,0.0,0.3849184274415741,0.0,10.572906018198745,True
lift_and_cruse,cruise_13,0.8251562606524612,0.0,1166.4345355787118,1218.9700712224594,528.7481924968015,0.8500974204760481,0.9624866100835536,0.1696169659402589,0.0,-2.9856155919580123e-13,-5.336658663347744,0.0,,0.0,0.38491842744157373,0.0,10.596029273702387,True
lift_and_cruse,cruise_13,0.8251792358520257,0.0,1166.4345355787134,1218.9700712224678,528.7481924968349,0.8500974204760476,0.9624866100835526,0.1696169659402742,0.0,-2.985615591958033e-13,-5.336658663347744,0.0,,0.0,0.38491842744157423,0.0,10.60428186804385,True
lift_and_cruse,cruise_14,0.8706760370638611,0.0,1227.0505846146355,1247.3668084654937,550.2713531747398,0.859023576998842,0.9631940388495551,0.1595119061622471,0.0,-3.055167538699833e-13,-5.336658663347744,0.0,,0.0,0.4049214653840786,0.0,10.60428186804385,True
lift_and_cruse,cruise_14,0.87080698710427,0.0,1227.050584614617,1247.366808465401,550.2713531750741,0.8590235769988465,0.9631940388495458,0.15951190616233799,0.0,-3.055167538699606e-13,-5.336658663347744,0.0,,0.0,0.40492146538407253,0.0,10.645544839751176,True
lift_and_cruse,cruise_14,0.8711742350769128,0.0,1227.0505846146098,1247.3668084653627,550.271353175068,0.8590235769988486,0.9631940388495458,0.15951190616234562,0.0,-3.055167538699512e-13,-5.336658663347744,0.0,,0.0,0.40492146538407014,0.0,10.76116111726938,True
lift_and_cruse,cruise_14,0.8717057947823192,0.0,1227.050584614598,1247.3668084653011,550.2713531751258,0.8590235769988515,0.963194038849544,0.1595119061623657,0.0,-3.055167538699361e-13,-5.336658663347744,0.0,,0.0,0.4049214653840662,0.0,10.928231478895386,True
lift_and_cruse,cruise_14,0.8722969891001596,0.0,1227.050584614587,1247.366808465246,550.271353175211,0.859023576998854,0.9631940388495416,0.15951190616239233,0.0,-3.0551675386992263e-13,-5.336658663347744,0.0,,0.0,0.4049214653840626,0.0,11.113665590525649,True
lift_and_cruse,cruise_14,0.8728307267869108,0.0,1227.0505846145804,1247.3668084652122,550.2713531752564,0.8590235769988557,0.9631940388495402,0.15951190616241176,0.0,-3.0551675386991435e-13,-5.336658663347744,0.0,,0.0,0.40492146538406043,0.0,11.280735952151655,True
lift_and_cruse,cruise_14,0.8732006906579683,0.0,1227.0505846145772,1247.3668084651952,550.27135317529,0.8590235769988566,0.9631940388495392,0.15951190616241928,0.0,-3.0551675386991016e-13,-5.336658663347744,0.0,,0.0,0.40492146538405943,0.0,11.396352229669859,True
lift_and_cruse,cruise_14,0.873332849386929,0.0,1227.050584614575,1247.366808465183,550.2713531753142,0.8590235769988573,0.9631940388495386,0.15951190616241911,0.0,-3.0551675386990723e-13,-5.336658663347744,0.0,,0.0,0.40492146538405865,0.0,11.437615201377184,True
lift_and_cruse,cruise_15,0.8301486753948218,0.0,1169.7008537181066,1219.8227650350216,529.7268513963527,0.8506834524033862,0.9625313084633267,0.16898319133568848,0.0,-2.9877040894544263e-13,-5.336658663347744,0.0,,0.0,0.3859962985122515,0.0,11.437615201377184,True
lift_and_cruse,cruise_15,0.8301954176526413,0.0,1169.7008537181077,1219.8227650350254,529.7268513963496,0.8506834524033858,0.9625313084633268,0.16898319133567838,0.0,-2.987704089454436e-13,-5.336658663347744,0.0,,0.0,0.3859962985122518,0.0,11.454120390060115,True
lift_and_cruse,cruise_15,0.830326431087951,0.0,1169.7008537181066,1219.822765035021,529.7268513963558,0.8506834524033863,0.9625313084633266,0.16898319133568152,0.0,-2.9877040894544247e-13,-5.336658663347744,0.0,,0.0,0.3859962985122515,0.0,11.500366901067395,True
lift_and_cruse,cruise_15,0.8305158670189462,0.0,1169.7008537181075,1219.8227650350254,529.7268513963405,0.8506834524033859,0.962531308463327,0.16898319133567394,0.0,-2.987704089454436e-13,-5.336658663347744,0.0,,0.0,0.38599629851225176,0.0,11.5671950457178,True
lift_and_cruse,cruise_15,0.8307262857466919,0.0,1169.7008537181082,1219.822765035028,529.7268513963375,0.8506834524033856,0.9625313084633271,0.16898319133567632,0.0,-2.987704089454442e-13,-5.336658663347744,0.0,,0.0,0.385996298512252,0.0,11.641368690369902,True
lift_and_cruse,cruise_15,0.8309160113756339,0.0,1169.7008537181061,1219.8227650350182,529.726851396377,0.8506834524033863,0.962531308463326,0.1689831913356911,0.0,-2.9877040894544177e-13,-5.336658663347744,0.0,,0.0,0.3859962985122513,0.0,11.708196835020308,True
lift_and_cruse,cruise_15,0.8310473860584255,0.0,1169.7008537181052,1219.822765035015,529.7268513963801,0.8506834524033866,0.9625313084633259,0.16898319133568018,0.0,-2.98770408945441e-13,-5.336658663347744,0.0,,0.0,0.3859962985122511,0.0,11.754443346027587,True
lift_and_cruse,cruise_15,0.8310942890865168,0.0,1169.7008537181084,1219.8227650350286,529.7268513963284,0.8506834524033856,0.9625313084633274,0.16898319133567077,0.0,-2.9877040894544434e-13,-5.336658663347744,0.0,,0.0,0.3859962985122521,0.0,11.770948534710518,True
lift_and_cruse,cruise_16,0.8743193765368833,0.0,1227.0505846147594,1247.3668084660155,550.271353174904,0.8590235769988213,0.9631940388495532,0.1595119061622748,0.0,-3.055167538701111e-13,-5.336658663347744,0.0,,0.0,0.40492146538411955,0.0,11.770948534710518,True
lift_and_cruse,cruise_16,0.8743989791033535,0.0,1227.0505846062254,1247.3668084224091,550.2713531582714,0.8590235770009044,0.9631940388498215,0.15951190615964844,0.0,-3.055167538594306e-13,-5.336658663347744,0.0,,0.0,0.40492146538130325,0.0,11.795706317734911,True
lift_and_cruse,cruise_16,0.8746221423025168,0.0,1227.0505846147255,1247.3668084658411,550.271353174916,0.859023576998829,0.9631940388495523,0.15951190616227398,0.0,-3.055167538700684e-13,-5.336658663347744,0.0,,0.0,0.4049214653841084,0.0,11.865076084245834,True
lift_and_cruse,cruise_16,0.8749449396591608,0.0,1227.050584614818,1247.3668084663136,550.2713531750286,0.8590235769988068,0.9631940388495512,0.15951190616229,0.0,-3.055167538701841e-13,-5.336658663347744,0.0,,0.0,0.40492146538413887,0.0,11.965318301221439,True
lift_and_cruse,cruise_16,0.8753036571569129,0.0,1227.0505846146657,1247.3668084655367,550.271353174831,0.8590235769988439,0.9631940388495533,0.15951190616226169,0.0,-3.055167538699938e-13,-5.336658663347744,0.0,,0.0,0.4049214653840886,0.0,12.076578768199596,True
lift_and_cruse,cruise_16,0.875627246820558,0.0,1227.0505845966024,1247.3668083732348,550.2713531393171,0.8590235770032538,0.9631940388501291,0.15951190615666946,0.0,-3.055167538473864e-13,-5.336658663347744,0.0,,0.0,0.40492146537812773,0.0,12.176820985175201,True
lift_and_cruse,cruise_16,0.8758513980256885,0.0,1227.0505845990517,1247.366808385751,550.2713531441248,0.8590235770026557,0.9631940388500513,0.15951190615742677,0.0,-3.05516753850452e-13,-5.336658663347744,0.0,,0.0,0.4049214653789361,0.0,12.246190751686123,True
lift_and_cruse,cruise_16,0.87593144030837,0.0,1227.0505846010453,1247.366808395939,550.2713531479752,0.8590235770021691,0.9631940388499896,0.15951190615802918,0.0,-3.055167538529473e-13,-5.336658663347744,0.0,,0.0,0.40492146537959395,0.0,12.270948534710518,True
lift_and_cruse,cruise_17,0.8759314403209661,0.0,1227.0505846146775,1247.3668084656392,550.2713531749313,0.8590235769988378,0.9631940388495509,0.15951190616227587,0.0,-3.0551675387001896e-13,-5.336658663347744,0.0,,0.0,0.4049214653840925,0.0,12.270948534710518,True
lift_and_cruse,cruise_17,0.8760381991265589,0.0,1227.0505846220092,1247.3668085030993,550.2713531891327,0.8590235769970476,0.963194038849323,0.15951190616450947,0.0,-3.05516753879194e-13,-5.336658663347744,0.0,,0.0,0.4049214653865119,0.0,12.303958912076379,True
lift_and_cruse,cruise_17,0.876337548242049,0.0,1227.0505846219255,1247.3668085026723,550.2713531890961,0.8590235769970684,0.9631940388493222,0.15951190616451602,0.0,-3.055167538790894e-13,-5.336658663347744,0.0,,0.0,0.40492146538648427,0.0,12.39645193409094,True
lift_and_cruse,cruise_17,0.8767706873949773,0.0,1227.05058462181,1247.366808502084,550.2713531888895,0.8590235769970965,0.9631940388493252,0.15951190616449396,0.0,-3.0551675387894533e-13,-5.336658663347744,0.0,,0.0,0.4049214653864462,0.0,12.530108223391746,True
lift_and_cruse,cruise_17,0.8772522215868676,0.0,1227.050584621014,1247.366808498014,550.2713531873214,0.8590235769972907,0.9631940388493507,0.15951190616424013,0.0,-3.0551675387794846e-13,-5.336658663347744,0.0,,0.0,0.4049214653861835,0.0,12.678455512695956,True
lift_and_cruse,cruise_17,0.8776867781113703,0.0,1227.0505846209523,1247.3668084976998,550.2713531870904,0.8590235769973059,0.9631940388493556,0.15951190616419106,0.0,-3.055167538778715e-13,-5.336658663347744,0.0,,0.0,0.4049214653861632,0.0,12.812111801996762,True
lift_and_cruse,cruise_17,0.877987894659575,0.0,1227.0505846202718,1247.366808494223,550.2713531858019,0.859023576997472,0.963194038849376,0.15951190616399405,0.0,-3.0551675387701995e-13,-5.336658663347744,0.0,,0.0,0.4049214653859386,0.0,12.904604824011324,True
lift_and_cruse,cruise_17,0.8780954400398229,0.0,1227.0505846199014,1247.3668084923304,550.2713531850665,0.8590235769975625,0.9631940388493881,0.15951190616386957,0.0,-3.055167538765564e-13,-5.336658663347744,0.0,,0.0,0.40492146538581636,0.0,12.937615201377184,True
lift_and_cruse,cruise_18,0.8349541927486646,0.0,1170.0182046550851,1219.9106092925504,529.8231408615094,0.8507396179099462,0.9625356071256529,0.1689222348907842,0.0,-2.9879192458320385e-13,-5.336658663347744,0.0,,0.0,0.38610102296946097,0.0,12.937615201377184,True
lift_and_cruse,cruise_18,0.835001799492245,0.0,1170.018204599284,1219.9106090230252,529.8231407609757,0.8507396179240875,0.9625356071271908,0.16892223487484548,0.0,-2.9879192451718924e-13,-5.336658663347744,0.0,,0.0,0.38610102295104687,0.0,12.954120390060114,True
lift_and_cruse,cruise_18,0.8351352361694556,0.0,1170.018204599283,1219.9106090230225,529.8231407609757,0.8507396179240876,0.9625356071271908,0.16892223487483707,0.0,-2.9879192451718853e-13,-5.336658663347744,0.0,,0.0,0.3861010229510466,0.0,13.000366901067395,True
lift_and_cruse,cruise_18,0.835328176044492,0.0,1170.0182045992842,1219.910609023027,529.8231407609361,0.8507396179240875,0.9625356071271918,0.16892223487481645,0.0,-2.987919245171897e-13,-5.336658663347744,0.0,,0.0,0.3861010229510469,0.0,13.0671950457178,True
lift_and_cruse,cruise_18,0.835542486731125,0.0,1170.018204316651,1219.9106076578898,529.8231402512745,0.8507396179957125,0.9625356071349941,0.16892223479394597,0.0,-2.987919241828275e-13,-5.336658663347744,0.0,,0.0,0.38610102285777914,0.0,13.141368690369902,True
lift_and_cruse,cruise_18,0.8357357216957241,0.0,1170.018204043954,1219.9106063407453,529.8231397595431,0.8507396180648197,0.962535607142522,0.1689222347159129,0.0,-2.987919238602201e-13,-5.336658663347744,0.0,,0.0,0.38610102276779035,0.0,13.208196835020308,True
lift_and_cruse,cruise_18,0.8358695271433062,0.0,1170.0182045992817,1219.9106090230146,529.8231407610213,0.8507396179240878,0.9625356071271894,0.16892223487485575,0.0,-2.987919245171866e-13,-5.336658663347744,0.0,,0.0,0.3861010229510461,0.0,13.254443346027587,True
lift_and_cruse,cruise_18,0.8359172978344384,0.0,1170.0182045992822,1219.9106090230175,529.8231407609239,0.8507396179240877,0.9625356071271921,0.16892223487483476,0.0,-2.987919245171873e-13,-5.336658663347744,0.0,,0.0,0.3861010229510462,0.0,13.270948534710518,True
lift_and_cruse,cruise_19,0.879098987517003,0.0,1227.0505846146787,1247.3668084656028,550.2713531747825,0.8590235769988407,0.9631940388495549,0.1595119061622486,0.0,-3.0551675387001e-13,-5.336658663347744,0.0,,0.0,0.4049214653840929,0.0,13.270948534710518,True
lift_and_cruse,cruise_19,0.8793959822241086,0.0,1227.0505846154138,1247.366808469359,550.2713531762076,0.8590235769986613,0.963194038849532,0.1595119061624737,0.0,-3.0551675387093005e-13,-5.336658663347744,0.0,,0.0,0.4049214653843355,0.0,13.361727072466634,True
lift_and_cruse,cruise_19,0.8802298063855143,0.0,1227.0505846149422,1247.3668084669507,550.2713531753051,0.8590235769987763,0.9631940388495464,0.15951190616234187,0.0,-3.0551675387034016e-13,-5.336658663347744,0.0,,0.0,0.40492146538417984,0.0,13.616082883006678,True
lift_and_cruse,cruise_19,0.8814390634492205,0.0,1227.0505856098503,1247.3668135507453,550.2713551278987,0.8590235767558839,0.9631940388179274,0.15951190646967678,0.0,-3.055167551155107e-13,-5.336658663347744,0.0,,0.0,0.40492146571249527,0.0,13.983637678583897,True
lift_and_cruse,cruise_19,0.8827872695530431,0.0,1227.050584614882,1247.366808466642,550.2713531751258,0.8590235769987912,0.9631940388495499,0.15951190616230784,0.0,-3.0551675387026453e-13,-5.336658663347744,0.0,,0.0,0.40492146538416,0.0,14.391592724170472,True
lift_and_cruse,cruise_19,0.883926175100536,0.0,1227.0505846151466,1247.366808467993,550.2713531757579,0.8590235769987267,0.9631940388495385,0.1595119061623976,0.0,-3.055167538705954e-13,-5.336658663347744,0.0,,0.0,0.4049214653842472,0.0,14.75914751974769,True
lift_and_cruse,cruise_19,0.8846764669042,0.0,1227.0505846153346,1247.3668084689557,550.2713531761226,0.8590235769986805,0.9631940388495327,0.1595119061624569,0.0,-3.0551675387083124e-13,-5.336658663347744,0.0,,0.0,0.40492146538430934,0.0,15.013503330287735,True
lift_and_cruse,cruise_19,0.8849446765751564,0.0,1227.0505846154033,1247.366808469307,550.2713531761834,0.8590235769986635,0.9631940388495326,0.15951190616246938,0.0,-3.055167538709173e-13,-5.336658663347744,0.0,,0.0,0.40492146538433205,0.0,15.10428186804385,True
lift_and_cruse,cruise_20,0.8399233507698357,0.0,1167.9564843993312,1219.355617406423,529.2013734073397,0.8503723026761064,0.9625075410962739,0.1693201997893888,0.0,-2.986559907758241e-13,-5.336658663347744,0.0,,0.0,0.3854206640685,0.0,15.10428186804385,True
lift_and_cruse,cruise_20,0.8399647876572635,0.0,1167.9564843992373,1219.3556174059727,529.2013734071452,0.8503723026761301,0.9625075410962772,0.16932019978937438,0.0,-2.986559907757138e-13,-5.336658663347744,0.0,,0.0,0.38542066406846903,0.0,15.120787056726781,True
lift_and_cruse,cruise_20,0.8400809174291933,0.0,1167.9564843992468,1219.3556174060177,529.2013734072364,0.8503723026761277,0.9625075410962749,0.169320199789384,0.0,-2.9865599077572486e-13,-5.336658663347744,0.0,,0.0,0.38542066406847214,0.0,15.16703356773406,True
lift_and_cruse,cruise_20,0.8402487980943404,0.0,1167.9564843992014,1219.3556174057974,529.2013734070783,0.8503723026761391,0.9625075410962783,0.16932019978935312,0.0,-2.986559907756709e-13,-5.336658663347744,0.0,,0.0,0.38542066406845715,0.0,15.233861712384465,True
lift_and_cruse,cruise_20,0.8404352262394578,0.0,1167.9564843991966,1219.3556174057758,529.2013734071178,0.85037230267614,0.9625075410962771,0.16932019978936877,0.0,-2.986559907756656e-13,-5.336658663347744,0.0,,0.0,0.3854206640684556,0.0,15.30803535703657,True
lift_and_cruse,cruise_20,0.8406032776425651,0.0,1167.9564843991886,1219.3556174057367,529.2013734070936,0.8503723026761424,0.9625075410962776,0.16932019978935245,0.0,-2.98655990775656e-13,-5.336658663347744,0.0,,0.0,0.385420664068453,0.0,15.374863501686974,True
lift_and_cruse,cruise_20,0.8407196203215551,0.0,1167.9564843992011,1219.3556174057967,529.2013734071483,0.8503723026761394,0.9625075410962765,0.16932019978937016,0.0,-2.9865599077567074e-13,-5.336658663347744,0.0,,0.0,0.3854206640684571,0.0,15.421110012694253,True
lift_and_cruse,cruise_20,0.8407611519617371,0.0,1167.9564843991861,1219.355617405725,529.2013734071392,0.8503723026761432,0.9625075410962763,0.1693201997893703,0.0,-2.9865599077565317e-13,-5.336658663347744,0.0,,0.0,0.38542066406845216,0.0,15.437615201377184,True
lift_and_cruse,cruise_21,0.8858524927008932,0.0,1227.0505738282895,1247.3667533491416,550.2713319954103,0.8590235796321826,0.9631940391926258,0.15951190282717848,0.0,-3.0551674037037047e-13,-5.336658663347744,0.0,,0.0,0.40492146182463046,0.0,15.437615201377184,True
lift_and_cruse,cruise_21,0.8859014372182061,0.0,1227.0505885314253,1247.3668284795374,550.2713608971713,0.8590235760426167,0.9631940387241309,0.15951190738249146,0.0,-3.055167587720102e-13,-5.336658663347744,0.0,,0.0,0.40492146667660256,0.0,15.454120390060114,True
lift_and_cruse,cruise_21,0.8860385793143676,0.0,1227.0505888364244,1247.3668300380255,550.2713615045526,0.8590235759681557,0.9631940387142028,0.15951190747925337,0.0,-3.055167591537297e-13,-5.336658663347744,0.0,,0.0,0.404921466777251,0.0,15.500366901067395,True
lift_and_cruse,cruise_21,0.8862368617165471,0.0,1227.0505892719566,1247.366832263511,550.271362372086,0.8590235758618271,0.9631940387000202,0.15951190761748804,0.0,-3.0551675969881646e-13,-5.336658663347744,0.0,,0.0,0.40492146692097475,0.0,15.5671950457178,True
lift_and_cruse,cruise_21,0.8864570860549981,0.0,1227.050589757904,1247.366834746608,550.2713633399313,0.8590235757431903,0.9631940386841988,0.15951190777170193,0.0,-3.055167603069998e-13,-5.336658663347744,0.0,,0.0,0.4049214670813353,0.0,15.641368690369902,True
lift_and_cruse,cruise_21,0.8866556319867405,0.0,1227.0505875159586,1247.3668232906655,550.2713588765371,0.8590235762905303,0.9631940387571432,0.15951190706076077,0.0,-3.0551675750110314e-13,-5.336658663347744,0.0,,0.0,0.4049214663415029,0.0,15.708196835020308,True
lift_and_cruse,cruise_21,0.8867931034687785,0.0,1227.0505853074608,1247.3668120056357,550.2713544791899,0.8590235768297044,0.9631940388290137,0.15951190636025145,0.0,-3.05516754737068e-13,-5.336658663347744,0.0,,0.0,0.40492146561270803,0.0,15.754443346027587,True
lift_and_cruse,cruise_21,0.8868421811575142,0.0,1227.0505845171524,1247.3668079673002,550.2713529055223,0.8590235770226474,0.9631940388547346,0.1595119061095457,0.0,-3.055167537479611e-13,-5.336658663347744,0.0,,0.0,0.40492146535190965,0.0,15.770948534710518,True
lift_and_cruse,cruise_22,0.8569146420730394,0.0,1188.0552447051016,1226.237855529518,535.6273336846682,0.8537254835085566,0.9627677619173253,0.1656267933624863,0.0,-3.003416529535077e-13,-5.336658663347744,0.0,,0.0,0.392053169343718,0.0,15.770948534710518,True
lift_and_cruse,cruise_22,0.8569586287838405,0.0,1188.0552446626525,1226.2378553204778,535.6273336057358,0.8537254835192528,0.9627677619185586,0.1656267933499087,0.0,-3.003416529023077e-13,-5.336658663347744,0.0,,0.0,0.39205316932971,0.0,15.787453723393448,True
lift_and_cruse,cruise_22,0.8570819077120772,0.0,1188.0552446626205,1226.2378553203187,535.627333605596,0.8537254835192608,0.9627677619185617,0.16562679334989353,0.0,-3.003416529022687e-13,-5.336658663347744,0.0,,0.0,0.3920531693296994,0.0,15.833700234400728,True
lift_and_cruse,cruise_22,0.8572601312101736,0.0,1188.0552446625795,1226.237855320118,535.6273336056173,0.8537254835192708,0.9627677619185603,0.16562679334989286,0.0,-3.0034165290221953e-13,-5.336658663347744,0.0,,0.0,0.3920531693296859,0.0,15.900528379051133,True
lift_and_cruse,cruise_22,0.8574580556871089,0.0,1188.0552446625177,1226.237855319812,535.6273336054867,0.8537254835192869,0.9627677619185625,0.165626793349873,0.0,-3.003416529021446e-13,-5.336658663347744,0.0,,0.0,0.3920531693296655,0.0,15.974702023703236,True
lift_and_cruse,cruise_22,0.8576364799728531,0.0,1188.0552446624963,1226.2378553197093,535.6273336054593,0.8537254835192918,0.9627677619185627,0.165626793349873,0.0,-3.0034165290211946e-13,-5.336658663347744,0.0,,0.0,0.39205316932965834,0.0,16.041530168353642,True
lift_and_cruse,cruise_22,0.8577600092796591,0.0,1188.0552446624745,1226.2378553195995,535.6273336054106,0.8537254835192976,0.9627677619185636,0.16562679334986424,0.0,-3.0034165290209255e-13,-5.336658663347744,0.0,,0.0,0.39205316932965123,0.0,16.08777667936092,True
lift_and_cruse,cruise_22,0.8578041075820626,0.0,1188.0552447975733,1226.2378559848994,535.6273338565643,0.8537254834852569,0.9627677619146401,0.1656267933898563,0.0,-3.00341653065044e-13,-5.336658663347744,0.0,,0.0,0.3920531693742333,0.0,16.104281868043852,True
lift_and_cruse,cruise_23,0.8877810021406244,0.0,1227.0505846143676,1247.3668084639523,550.2713531742172,0.8590235769989217,0.9631940388495637,0.15951190616215868,0.0,-3.0551675386960577e-13,-5.336658663347744,0.0,,0.0,0.40492146538399026,0.0,16.104281868043852,True
lift_and_cruse,cruise_23,0.887830236233191,0.0,1227.050584614681,1247.366808465552,550.2713531748158,0.8590235769988452,0.963194038849554,0.15951190616225214,0.0,-3.0551675386999755e-13,-5.336658663347744,0.0,,0.0,0.4049214653840937,0.0,16.12078705672678,True
lift_and_cruse,cruise_23,0.887968228738344,0.0,1227.0505846146825,1247.36680846556,550.2713531748766,0.859023576998845,0.9631940388495525,0.1595119061622662,0.0,-3.0551675386999957e-13,-5.336658663347744,0.0,,0.0,0.4049214653840942,0.0,16.167033567734062,True
lift_and_cruse,cruise_23,0.8881677422747934,0.0,1227.0505846146823,1247.3668084655599,550.2713531747642,0.8590235769988451,0.9631940388495555,0.1595119061622391,0.0,-3.055167538699995e-13,-5.336658663347744,0.0,,0.0,0.40492146538409407,0.0,16.233861712384467,True
lift_and_cruse,cruise_23,0.888389336192309,0.0,1227.0505846146816,1247.3668084655562,550.2713531747976,0.859023576998845,0.9631940388495546,0.1595119061622468,0.0,-3.055167538699986e-13,-5.336658663347744,0.0,,0.0,0.40492146538409385,0.0,16.30803535703657,True
lift_and_cruse,cruise_23,0.888589121405224,0.0,1227.0505846146825,1247.36680846556,550.2713531747307,0.859023576998845,0.9631940388495563,0.15951190616224384,0.0,-3.0551675386999957e-13,-5.336658663347744,0.0,,0.0,0.4049214653840942,0.0,16.374863501686974,True
lift_and_cruse,cruise_23,0.8887274526861932,0.0,1227.0505846146802,1247.3668084655499,550.2713531746457,0.8590235769988455,0.9631940388495586,0.15951190616221037,0.0,-3.0551675386999705e-13,-5.336658663347744,0.0,,0.0,0.40492146538409335,0.0,16.421110012694253,True
lift_and_cruse,cruise_23,0.8887768375481937,0.0,1227.0505846146825,1247.36680846556,550.2713531747672,0.859023576998845,0.9631940388495555,0.15951190616223054,0.0,-3.0551675386999957e-13,-5.336658663347744,0.0,,0.0,0.4049214653840942,0.0,16.437615201377184,True
lift_and_cruse,cruise_24,0.8427383885805948,0.0,1167.0069048944424,1219.1126288506725,528.91803978104,0.8502011740331905,0.9624945031396124,0.16950505815065398,0.0,-2.9859647574441827e-13,-5.336658663347744,0.0,,0.0,0.3851073068773301,0.0,16.437615201377184,True
lift_and_cruse,cruise_24,0.8427592651910489,0.0,1167.0069048941568,1219.112628849297,528.9180397805507,0.8502011740332628,0.9624945031396196,0.16950505815057085,0.0,-2.985964757440813e-13,-5.336658663347744,0.0,,0.0,0.3851073068772359,0.0,16.445867795718648,True
lift_and_cruse,cruise_24,0.842817766909897,0.0,1167.0069048941277,1219.112628849157,528.9180397804199,0.8502011740332699,0.9624945031396226,0.16950505815055456,0.0,-2.985964757440471e-13,-5.336658663347744,0.0,,0.0,0.3851073068772262,0.0,16.46899105122229,True
lift_and_cruse,cruise_24,0.842902321943796,0.0,1167.0069048940763,1219.1126288489113,528.9180397803227,0.8502011740332834,0.9624945031396241,0.16950505815054104,0.0,-2.985964757439869e-13,-5.336658663347744,0.0,,0.0,0.3851073068772093,0.0,16.50240512354749,True
lift_and_cruse,cruise_24,0.8429961953320483,0.0,1167.0069048940888,1219.1126288489709,528.9180397803623,0.8502011740332802,0.9624945031396234,0.1695050581505452,0.0,-2.985964757440015e-13,-5.336658663347744,0.0,,0.0,0.3851073068772134,0.0,16.539491945873543,True
lift_and_cruse,cruise_24,0.8430807943193094,0.0,1167.0069048940568,1219.1126288488156,528.9180397803865,0.850201174033288,0.9624945031396219,0.1695050581505544,0.0,-2.9859647574396343e-13,-5.336658663347744,0.0,,0.0,0.3851073068772028,0.0,16.572906018198744,True
lift_and_cruse,cruise_24,0.8431393508471392,0.0,1167.0069048940688,1219.1126288488742,528.9180397803896,0.850201174033285,0.9624945031396221,0.16950505815053862,0.0,-2.985964757439778e-13,-5.336658663347744,0.0,,0.0,0.38510730687720685,0.0,16.596029273702385,True
lift_and_cruse,cruise_24,0.8431602518501143,0.0,1167.006904894048,1219.1126288487733,528.9180397803561,0.8502011740332907,0.9624945031396225,0.16950505815054218,0.0,-2.985964757439531e-13,-5.336658663347744,0.0,,0.0,0.38510730687719996,0.0,16.604281868043852,True
lift_and_cruse,cruise_25,0.8892354467276327,0.0,1227.0505846692085,1247.3668087441993,550.2713532819838,0.8590235769855313,0.9631940388478171,0.1595119061791469,0.0,-3.0551675393824646e-13,-5.336658663347744,0.0,,0.0,0.4049214654020875,0.0,16.604281868043852,True
lift_and_cruse,cruise_25,0.8892601786729354,0.0,1227.0505847017073,1247.3668089102637,550.2713533456208,0.8590235769775972,0.963194038846788,0.15951190618913932,0.0,-3.0551675397892054e-13,-5.336658663347744,0.0,,0.0,0.40492146541281193,0.0,16.612534462385316,True
lift_and_cruse,cruise_25,0.8893294865293373,0.0,1227.050584700689,1247.3668089050589,550.2713533435968,0.8590235769778459,0.9631940388468211,0.1595119061888183,0.0,-3.055167539776457e-13,-5.336658663347744,0.0,,0.0,0.40492146541247587,0.0,16.635657717888957,True
lift_and_cruse,cruise_25,0.8894296668324008,0.0,1227.0505846994731,1247.366808898846,550.271353341281,0.8590235769781428,0.9631940388468578,0.15951190618846348,0.0,-3.05516753976124e-13,-5.336658663347744,0.0,,0.0,0.40492146541207474,0.0,16.669071790214158,True
lift_and_cruse,cruise_25,0.8895408967465034,0.0,1227.0505846970652,1247.3668088865422,550.2713533365189,0.8590235769787308,0.9631940388469354,0.1595119061877065,0.0,-3.0551675397311043e-13,-5.336658663347744,0.0,,0.0,0.4049214654112801,0.0,16.70615861254021,True
lift_and_cruse,cruise_25,0.889641145864624,0.0,1227.0505846966225,1247.366808884281,550.2713533356923,0.8590235769788386,0.9631940388469484,0.1595119061875785,0.0,-3.055167539725566e-13,-5.336658663347744,0.0,,0.0,0.404921465411134,0.0,16.73957268486541,True
lift_and_cruse,cruise_25,0.8897105395319231,0.0,1227.0505846964304,1247.3668088832978,550.2713533352851,0.8590235769788859,0.9631940388469552,0.1595119061875198,0.0,-3.055167539723158e-13,-5.336658663347744,0.0,,0.0,0.4049214654110706,0.0,16.762695940369053,True
lift_and_cruse,cruise_25,0.8897353096344813,0.0,1227.0505846951205,1247.3668088766062,550.2713533326655,0.8590235769792056,0.9631940388469982,0.15951190618711059,0.0,-3.055167539706768e-13,-5.336658663347744,0.0,,0.0,0.40492146541063834,0.0,16.770948534710516,True
lift_and_cruse,cruise_26,0.8457336613646889,0.0,1169.7919800772474,1219.8478998661355,529.7544789741119,0.8506995939706851,0.9625325436051353,0.16896567674715596,0.0,-2.987765652035368e-13,-5.336658663347744,0.0,,0.0,0.3860263698225472,0.0,16.770948534710516,True
lift_and_cruse,cruise_26,0.8457547502966904,0.0,1169.7919800781017,1219.847899870263,529.7544789756131,0.8506995939704683,0.9625325436051128,0.16896567674739685,0.0,-2.9877656520454774e-13,-5.336658663347744,0.0,,0.0,0.38602636982282906,0.0,16.77920112905198,True
lift_and_cruse,cruise_26,0.8458138471230294,0.0,1169.7919800780735,1219.8478998701244,529.7544789754885,0.8506995939704758,0.9625325436051155,0.16896567674737253,0.0,-2.9877656520451376e-13,-5.336658663347744,0.0,,0.0,0.3860263698228197,0.0,16.802324384555625,True
lift_and_cruse,cruise_26,0.8458992626318804,0.0,1169.791980078036,1219.8478998699443,529.7544789754794,0.8506995939704853,0.962532543605115,0.16896567674736995,0.0,-2.9877656520446964e-13,-5.336658663347744,0.0,,0.0,0.38602636982280736,0.0,16.835738456880826,True
lift_and_cruse,cruise_26,0.8459940917945056,0.0,1169.7919800780826,1219.8478998701696,529.7544789756131,0.8506995939704735,0.9625325436051123,0.16896567674739515,0.0,-2.9877656520452487e-13,-5.336658663347744,0.0,,0.0,0.38602636982282273,0.0,16.87282527920688,True
lift_and_cruse,cruise_26,0.8460796615240905,0.0,1169.7919800779487,1219.8478998695232,529.7544789752607,0.8506995939705075,0.962532543605119,0.16896567674733165,0.0,-2.9877656520436654e-13,-5.336658663347744,0.0,,0.0,0.38602636982277855,0.0,16.90623935153208,True
lift_and_cruse,cruise_26,0.8461393052057163,0.0,1169.7919800780019,1219.8478998697783,529.7544789753639,0.8506995939704941,0.9625325436051173,0.16896567674735644,0.0,-2.98776565204429e-13,-5.336658663347744,0.0,,0.0,0.3860263698227961,0.0,16.92936260703572,True
lift_and_cruse,cruise_26,0.8461605961474733,0.0,1169.7919800779616,1219.8478998695857,529.754478975291,0.850699593970504,0.9625325436051184,0.16896567674734078,0.0,-2.9877656520438184e-13,-5.336658663347744,0.0,,0.0,0.3860263698227828,0.0,16.937615201377184,True
lift_and_cruse,cruise_27,0.8901983004339274,0.0,1227.0505846146445,1247.366808465415,550.2713531745909,0.8590235769988502,0.9631940388495593,0.1595119061622036,0.0,-3.0551675386996403e-13,-5.336658663347744,0.0,,0.0,0.4049214653840816,0.0,16.937615201377184,True
lift_and_cruse,cruise_27,0.8902988928031661,0.0,1227.0505846145843,1247.3668084651079,550.2713531746487,0.859023576998865,0.9631940388495566,0.15951190616224234,0.0,-3.055167538698888e-13,-5.336658663347744,0.0,,0.0,0.4049214653840617,0.0,16.970625578743046,True
lift_and_cruse,cruise_27,0.8905809961994542,0.0,1227.0505846145636,1247.3668084650012,550.271353174673,0.85902357699887,0.9631940388495555,0.15951190616224126,0.0,-3.0551675386986265e-13,-5.336658663347744,0.0,,0.0,0.4049214653840549,0.0,17.063118600757605,True
lift_and_cruse,cruise_27,0.8909892987787402,0.0,1227.0505846146134,1247.3668084652556,550.2713531745818,0.8590235769988577,0.963194038849559,0.15951190616219765,0.0,-3.05516753869925e-13,-5.336658663347744,0.0,,0.0,0.40492146538407137,0.0,17.196774890058414,True
lift_and_cruse,cruise_27,0.8914433835771622,0.0,1227.0505846146443,1247.3668084654119,550.2713531746274,0.8590235769988503,0.9631940388495582,0.15951190616221456,0.0,-3.055167538699632e-13,-5.336658663347744,0.0,,0.0,0.4049214653840816,0.0,17.34512217936262,True
lift_and_cruse,cruise_27,0.8918533151479535,0.0,1227.0505846145793,1247.3668084650828,550.2713531745849,0.859023576998866,0.9631940388495582,0.15951190616220204,0.0,-3.0551675386988264e-13,-5.336658663347744,0.0,,0.0,0.4049214653840601,0.0,17.47877846866343,True
lift_and_cruse,cruise_27,0.8921374498653831,0.0,1227.050584613821,1247.3668084612063,550.2713531729834,0.8590235769990514,0.9631940388495852,0.1595119061619462,0.0,-3.055167538689332e-13,-5.336658663347744,0.0,,0.0,0.4049214653838098,0.0,17.57127149067799,True
lift_and_cruse,cruise_27,0.8922389462585794,0.0,1227.0505846135268,1247.3668084597052,550.2713531725517,0.8590235769991232,0.9631940388495908,0.1595119061618988,0.0,-3.0551675386856554e-13,-5.336658663347744,0.0,,0.0,0.40492146538371276,0.0,17.604281868043852,True
lift_and_cruse,cruise_28,0.8567001626966674,0.0,1181.1246313250222,1223.5099702176835,533.32218453268,0.8526240773475674,0.9626813082802207,0.16685504039812837,0.0,-2.996735137503919e-13,-5.336658663347744,0.0,,0.0,0.3897660964544176,0.0,17.604281868043852,True
lift_and_cruse,cruise_28,0.8567445578825521,0.0,1181.124631325824,1223.509970221604,533.3221845341295,0.8526240773473647,0.9626813082801985,0.16685504039836704,0.0,-2.9967351375135214e-13,-5.336658663347744,0.0,,0.0,0.38976609645468235,0.0,17.62078705672678,True
lift_and_cruse,cruise_28,0.8568690022047598,0.0,1181.1246313264064,1223.5099702244502,533.3221845351993,0.8526240773472177,0.9626813082801818,0.16685504039853588,0.0,-2.9967351375204926e-13,-5.336658663347744,0.0,,0.0,0.38976609645487453,0.0,17.667033567734062,True
lift_and_cruse,cruise_28,0.857048964363721,0.0,1181.1246313272225,1223.5099702284397,533.3221845367797,0.852624077347011,0.9626813082801564,0.16685504039879123,0.0,-2.996735137530264e-13,-5.336658663347744,0.0,,0.0,0.38976609645514365,0.0,17.733861712384464,True
lift_and_cruse,cruise_28,0.8572488941667511,0.0,1181.1246313280988,1223.5099702327234,533.3221845383721,0.8526240773467895,0.9626813082801319,0.16685504039905005,0.0,-2.996735137540756e-13,-5.336658663347744,0.0,,0.0,0.3897660964554329,0.0,17.80803535703657,True
lift_and_cruse,cruise_28,0.8574291932286112,0.0,1181.1246313287968,1223.5099702361363,533.3221845396666,0.8526240773466135,0.9626813082801118,0.16685504039925933,0.0,-2.9967351375491153e-13,-5.336658663347744,0.0,,0.0,0.3897660964556633,0.0,17.87486350168697,True
lift_and_cruse,cruise_28,0.8575540576618501,0.0,1181.12463132904,1223.509970237324,533.3221845400466,0.8526240773465517,0.9626813082801067,0.16685504039930454,0.0,-2.996735137552025e-13,-5.336658663347744,0.0,,0.0,0.38976609645574356,0.0,17.921110012694257,True
lift_and_cruse,cruise_28,0.8575986398142567,0.0,1181.1246313291126,1223.5099702376792,533.3221845401042,0.8526240773465334,0.9626813082801066,0.16685504039931212,0.0,-2.9967351375528943e-13,-5.336658663347744,0.0,,0.0,0.38976609645576754,0.0,17.937615201377184,True
lift_and_cruse,cruise_29,0.8932001345554516,0.0,1227.050584616566,1247.366808475328,550.2713531785234,0.8590235769983734,0.963194038849494,0.15951190616284447,0.0,-3.05516753872392e-13,-5.336658663347744,0.0,,0.0,0.4049214653847157,0.0,17.937615201377184,True
lift_and_cruse,cruise_29,0.8932511213424934,0.0,1227.0505846146527,1247.3668084655512,550.2713531747338,0.8590235769988404,0.9631940388495557,0.15951190616224678,0.0,-3.055167538699974e-13,-5.336658663347744,0.0,,0.0,0.4049214653840843,0.0,17.954120390060112,True
lift_and_cruse,cruise_29,0.8933940464682484,0.0,1227.0505846157096,1247.3668084709502,550.2713531768368,0.8590235769985823,0.9631940388495214,0.159511906162579,0.0,-3.0551675387131976e-13,-5.336658663347744,0.0,,0.0,0.40492146538443313,0.0,18.000366901067395,True
lift_and_cruse,cruise_29,0.8936007442279433,0.0,1227.0505846146523,1247.3668084655512,550.2713531747277,0.8590235769988404,0.9631940388495558,0.15951190616224112,0.0,-3.055167538699974e-13,-5.336658663347744,0.0,,0.0,0.4049214653840842,0.0,18.067195045717796,True
lift_and_cruse,cruise_29,0.8938303899658936,0.0,1227.0505846146475,1247.366808465525,550.2713531748158,0.8590235769988417,0.9631940388495533,0.15951190616225983,0.0,-3.05516753869991e-13,-5.336658663347744,0.0,,0.0,0.4049214653840826,0.0,18.141368690369905,True
lift_and_cruse,cruise_29,0.8940374997304007,0.0,1227.0505846146505,1247.366808465541,550.271353174758,0.859023576998841,0.9631940388495549,0.15951190616225944,0.0,-3.055167538699949e-13,-5.336658663347744,0.0,,0.0,0.4049214653840836,0.0,18.208196835020306,True
lift_and_cruse,cruise_29,0.8941809386158142,0.0,1227.0505846148264,1247.3668084664398,550.2713531751562,0.8590235769987982,0.9631940388495479,0.15951190616231506,0.0,-3.05516753870215e-13,-5.336658663347744,0.0,,0.0,0.4049214653841416,0.0,18.25444334602759,True
lift_and_cruse,cruise_29,0.894232154049501,0.0,1227.0505846146502,1247.366808465539,550.2713531747642,0.859023576998841,0.9631940388495548,0.15951190616225233,0.0,-3.0551675386999437e-13,-5.336658663347744,0.0,,0.0,0.4049214653840835,0.0,18.270948534710516,True
lift_and_cruse,cruise_30,0.852462659992194,0.0,1173.177829220813,1220.8321325870152,530.7932399144909,0.8512915617577747,0.9625779867812223,0.1683212016755834,0.0,-2.9901763269378506e-13,-5.336658663347744,0.0,,0.0,0.3871436856153696,0.0,18.270948534710516,True
lift_and_cruse,cruise_30,0.8525064745085377,0.0,1173.1778292208164,1220.832132587032,530.79323991443,0.8512915617577739,0.962577986781224,0.16832120167558143,0.0,-2.9901763269378915e-13,-5.336658663347744,0.0,,0.0,0.3871436856153708,0.0,18.287453723393448,True
lift_and_cruse,cruise_30,0.8526292906247925,0.0,1173.1778292208169,1220.8321325870347,530.7932399144239,0.8512915617577738,0.9625779867812242,0.16832120167557538,0.0,-2.9901763269378986e-13,-5.336658663347744,0.0,,0.0,0.3871436856153709,0.0,18.33370023440073,True
lift_and_cruse,cruise_30,0.852806896811413,0.0,1173.1778292208169,1220.8321325870347,530.793239914427,0.8512915617577738,0.9625779867812241,0.1683212016755784,0.0,-2.9901763269378986e-13,-5.336658663347744,0.0,,0.0,0.3871436856153709,0.0,18.40052837905113,True
lift_and_cruse,cruise_30,0.8530042073230639,0.0,1173.1778292208135,1220.832132587018,530.7932399144787,0.8512915617577744,0.9625779867812225,0.16832120167557338,0.0,-2.990176326937857e-13,-5.336658663347744,0.0,,0.0,0.38714368561536977,0.0,18.474702023703237,True
lift_and_cruse,cruise_30,0.853182142552965,0.0,1173.1778292208169,1220.8321325870343,530.79323991443,0.851291561757774,0.962577986781224,0.16832120167557738,0.0,-2.990176326937897e-13,-5.336658663347744,0.0,,0.0,0.3871436856153709,0.0,18.54153016835364,True
lift_and_cruse,cruise_30,0.8533053689796437,0.0,1173.1778292208196,1220.8321325870477,530.7932399143783,0.8512915617577732,0.9625779867812255,0.16832120167556755,0.0,-2.99017632693793e-13,-5.336658663347744,0.0,,0.0,0.3871436856153718,0.0,18.58777667936092,True
lift_and_cruse,cruise_30,0.853349366101364,0.0,1173.1778292208178,1220.832132587038,530.7932399144148,0.8512915617577735,0.9625779867812244,0.16832120167557924,0.0,-2.990176326937906e-13,-5.336658663347744,0.0,,0.0,0.3871436856153712,0.0,18.604281868043852,True
lift_and_cruse,cruise_31,0.8951912883143032,0.0,1227.050584616713,1247.3668084760377,550.2713531788152,0.8590235769983405,0.9631940388494893,0.15951190616288477,0.0,-3.0551675387256583e-13,-5.336658663347744,0.0,,0.0,0.4049214653847642,0.0,18.604281868043852,True
lift_and_cruse,cruise_31,0.8952170104709405,0.0,1227.0505846149304,1247.366808466927,550.2713531752656,0.8590235769987764,0.9631940388495472,0.1595119061623296,0.0,-3.0551675387033435e-13,-5.336658663347744,0.0,,0.0,0.40492146538417595,0.0,18.612534462385316,True
lift_and_cruse,cruise_31,0.8952890983288339,0.0,1227.0505846146586,1247.3668084655405,550.2713531747794,0.8590235769988421,0.9631940388495546,0.1595119061622579,0.0,-3.0551675386999477e-13,-5.336658663347744,0.0,,0.0,0.4049214653840863,0.0,18.635657717888954,True
lift_and_cruse,cruise_31,0.8953933099055273,0.0,1227.0505846162162,1247.366808473499,550.2713531778062,0.8590235769984618,0.9631940388495059,0.15951190616273908,0.0,-3.0551675387194403e-13,-5.336658663347744,0.0,,0.0,0.4049214653846003,0.0,18.669071790214158,True
lift_and_cruse,cruise_31,0.8955090336315135,0.0,1227.050584615288,1247.3668084687565,550.2713531760284,0.8590235769986887,0.9631940388495343,0.1595119061624558,0.0,-3.0551675387078247e-13,-5.336658663347744,0.0,,0.0,0.40492146538429397,0.0,18.70615861254021,True
lift_and_cruse,cruise_31,0.8956133490356463,0.0,1227.0505846186795,1247.3668084860865,550.2713531826565,0.8590235769978605,0.9631940388494271,0.15951190616349123,0.0,-3.055167538750271e-13,-5.336658663347744,0.0,,0.0,0.4049214653854131,0.0,18.739572684865415,True
lift_and_cruse,cruise_31,0.8956855663641318,0.0,1227.0505846205756,1247.3668084957765,550.2713531863914,0.8590235769973978,0.9631940388493666,0.15951190616408734,0.0,-3.055167538774004e-13,-5.336658663347744,0.0,,0.0,0.40492146538603885,0.0,18.762695940369053,True
lift_and_cruse,cruise_31,0.8957113461357108,0.0,1227.05058461466,1247.366808465546,550.271353174758,0.8590235769988418,0.9631940388495551,0.15951190616225486,0.0,-3.055167538699961e-13,-5.336658663347744,0.0,,0.0,0.4049214653840867,0.0,18.770948534710516,True
lift_and_cruse,cruise_32,0.8578355829343104,0.0,1178.3850878428268,1222.530527536047,532.4362774394747,0.8521734205297817,0.962646206954958,0.16735330611498206,0.0,-2.99433619481389e-13,-5.336658663347744,0.0,,0.0,0.38886205877642543,0.0,18.770948534710516,True
lift_and_cruse,cruise_32,0.857857963283235,0.0,1178.3850878430405,1222.5305275370883,532.4362774399184,0.8521734205297278,0.9626462069549504,0.1673533061150503,0.0,-2.9943361948164407e-13,-5.336658663347744,0.0,,0.0,0.388862058776496,0.0,18.77920112905198,True
lift_and_cruse,cruise_32,0.8579206846387025,0.0,1178.3850878430453,1222.530527537111,532.4362774398667,0.8521734205297264,0.9626462069549518,0.16735330611503973,0.0,-2.9943361948164967e-13,-5.336658663347744,0.0,,0.0,0.38886205877649765,0.0,18.80232438455562,True
lift_and_cruse,cruise_32,0.8580113535148655,0.0,1178.3850878430449,1222.5305275371102,532.4362774399123,0.8521734205297264,0.9626462069549507,0.16735330611505417,0.0,-2.994336194816494e-13,-5.336658663347744,0.0,,0.0,0.38886205877649743,0.0,18.835738456880826,True
lift_and_cruse,cruise_32,0.8581120353030862,0.0,1178.3850878430478,1222.5305275371222,532.4362774399275,0.8521734205297258,0.9626462069549504,0.16735330611506016,0.0,-2.994336194816524e-13,-5.336658663347744,0.0,,0.0,0.38886205877649843,0.0,18.87282527920688,True
lift_and_cruse,cruise_32,0.8582027887610584,0.0,1178.3850878430521,1222.5305275371459,532.4362774399609,0.8521734205297244,0.9626462069549495,0.1673533061150561,0.0,-2.9943361948165815e-13,-5.336658663347744,0.0,,0.0,0.3888620587764998,0.0,18.90623935153208,True
lift_and_cruse,cruise_32,0.8582656155883253,0.0,1178.3850878430587,1222.530527537178,532.4362774399184,0.8521734205297227,0.9626462069549508,0.16735330611505167,0.0,-2.9943361948166603e-13,-5.336658663347744,0.0,,0.0,0.38886205877650204,0.0,18.92936260703572,True
lift_and_cruse,cruise_32,0.8582880428764212,0.0,1178.3850878430599,1222.5305275371811,532.4362774399397,0.8521734205297228,0.9626462069549503,0.1673533061150466,0.0,-2.994336194816668e-13,-5.336658663347744,0.0,,0.0,0.38886205877650243,0.0,18.937615201377184,True
lift_and_cruse,cruise_33,0.8961970528862214,0.0,1227.0505846146834,1247.366808465555,550.2713531748067,0.8590235769988455,0.9631940388495542,0.15951190616225278,0.0,-3.055167538699983e-13,-5.336658663347744,0.0,,0.0,0.40492146538409446,0.0,18.937615201377184,True
lift_and_cruse,cruise_33,0.8962228914461801,0.0,1227.0505846114954,1247.3668084492638,550.2713531685038,0.859023576999624,0.9631940388496569,0.15951190616124988,0.0,-3.055167538660081e-13,-5.336658663347744,0.0,,0.0,0.40492146538304247,0.0,18.945867795718648,True
lift_and_cruse,cruise_33,0.8962953055396478,0.0,1227.050584614684,1247.36680846556,550.2713531747854,0.859023576998845,0.9631940388495549,0.15951190616225175,0.0,-3.0551675386999957e-13,-5.336658663347744,0.0,,0.0,0.4049214653840947,0.0,18.96899105122229,True
lift_and_cruse,cruise_33,0.896399988725764,0.0,1227.050584614685,1247.3668084655628,550.2713531747763,0.8590235769988449,0.9631940388495551,0.15951190616223732,0.0,-3.0551675387000023e-13,-5.336658663347744,0.0,,0.0,0.404921465384095,0.0,19.00240512354749,True
lift_and_cruse,cruise_33,0.896516236165498,0.0,1227.0505846135081,1247.3668084595497,550.2713531724514,0.8590235769991325,0.9631940388495931,0.15951190616187935,0.0,-3.055167538685274e-13,-5.336658663347744,0.0,,0.0,0.40492146538370666,0.0,19.039491945873543,True
lift_and_cruse,cruise_33,0.8966210236532641,0.0,1227.050584611117,1247.3668084473309,550.2713531677532,0.8590235769997164,0.963194038849669,0.15951190616114397,0.0,-3.055167538655347e-13,-5.336658663347744,0.0,,0.0,0.4049214653829176,0.0,19.072906018198747,True
lift_and_cruse,cruise_33,0.8966935678115483,0.0,1227.0505846142023,1247.366808463098,550.2713531738311,0.8590235769989629,0.9631940388495704,0.15951190616209168,0.0,-3.0551675386939655e-13,-5.336658663347744,0.0,,0.0,0.4049214653839357,0.0,19.096029273702385,True
lift_and_cruse,cruise_33,0.8967194642580304,0.0,1227.050584613285,1247.3668084584106,550.2713531720685,0.8590235769991867,0.9631940388495988,0.1595119061618137,0.0,-3.0551675386824843e-13,-5.336658663347744,0.0,,0.0,0.404921465383633,0.0,19.104281868043852,True
lift_and_cruse,cruise_34,0.8556096624294025,0.0,1174.2785045649941,1221.172807694331,531.1359937258754,0.8514807963144363,0.9625925733615759,0.16811429559883634,0.0,-2.9910107402972974e-13,-5.336658663347744,0.0,,0.0,0.3875069037898004,0.0,19.104281868043852,True
lift_and_cruse,cruise_34,0.8556763470114783,0.0,1174.278504563419,1221.1728076866875,531.1359937229671,0.8514807963148354,0.9625925733616212,0.1681142955983713,0.0,-2.991010740278576e-13,-5.336658663347744,0.0,,0.0,0.38750690378928054,0.0,19.129039651068247,True
lift_and_cruse,cruise_34,0.8558633087821209,0.0,1174.2785045637497,1221.1728076882923,531.1359937236235,0.8514807963147515,0.9625925733616104,0.16811429559847305,0.0,-2.991010740282507e-13,-5.336658663347744,0.0,,0.0,0.3875069037893898,0.0,19.198409417579168,True
lift_and_cruse,cruise_34,0.8561337779609767,0.0,1174.278504563414,1221.1728076866643,531.1359937230523,0.8514807963148368,0.9625925733616189,0.16811429559838642,0.0,-2.9910107402785197e-13,-5.336658663347744,0.0,,0.0,0.3875069037892789,0.0,19.29865163455477,True
lift_and_cruse,cruise_34,0.8564343940700349,0.0,1174.278504563413,1221.172807686658,531.1359937230643,0.8514807963148366,0.9625925733616184,0.1681142955983856,0.0,-2.991010740278504e-13,-5.336658663347744,0.0,,0.0,0.3875069037892786,0.0,19.40991210153293,True
lift_and_cruse,cruise_34,0.8567056169526392,0.0,1174.2785045634168,1221.1728076866773,531.1359937230036,0.8514807963148356,0.9625925733616202,0.16811429559837554,0.0,-2.9910107402785515e-13,-5.336658663347744,0.0,,0.0,0.3875069037892799,0.0,19.510154318508533,True
lift_and_cruse,cruise_34,0.8568935185766389,0.0,1174.278504563414,1221.1728076866643,531.1359937230461,0.8514807963148368,0.962592573361619,0.16811429559837798,0.0,-2.9910107402785197e-13,-5.336658663347744,0.0,,0.0,0.3875069037892789,0.0,19.579524085019454,True
lift_and_cruse,cruise_34,0.8569606214347174,0.0,1174.2785045634143,1221.1728076866661,531.1359937230492,0.8514807963148365,0.9625925733616189,0.16811429559839033,0.0,-2.991010740278524e-13,-5.336658663347744,0.0,,0.0,0.3875069037892791,0.0,19.604281868043852,True
lift_and_cruse,cruise_35,0.8981778326463915,0.0,1227.0505845352109,1247.3668080595771,550.2713530189233,0.8590235770182384,0.9631940388520778,0.15951190613772917,0.0,-3.055167537705624e-13,-5.336658663347744,0.0,,0.0,0.4049214653578688,0.0,19.604281868043852,True
lift_and_cruse,cruise_35,0.8982299693653636,0.0,1227.0505846147362,1247.366808465937,550.2713531748888,0.8590235769988235,0.9631940388495532,0.1595119061622735,0.0,-3.055167538700919e-13,-5.336658663347744,0.0,,0.0,0.4049214653841119,0.0,19.62078705672678,True
lift_and_cruse,cruise_35,0.8983761177406565,0.0,1227.0505846146589,1247.366808465541,550.2713531747825,0.8590235769988425,0.9631940388495545,0.1595119061622598,0.0,-3.055167538699949e-13,-5.336658663347744,0.0,,0.0,0.40492146538408635,0.0,19.667033567734062,True
lift_and_cruse,cruise_35,0.8985874770448576,0.0,1227.0505846146598,1247.3668084655465,550.2713531747642,0.859023576998842,0.963194038849555,0.1595119061622468,0.0,-3.0551675386999624e-13,-5.336658663347744,0.0,,0.0,0.40492146538408663,0.0,19.733861712384464,True
lift_and_cruse,cruise_35,0.8988205405448687,0.0,1227.0505846146564,1247.36680846553,550.2713531748128,0.8590235769988429,0.9631940388495537,0.1595119061622629,0.0,-3.055167538699922e-13,-5.336658663347744,0.0,,0.0,0.4049214653840855,0.0,19.80803535703657,True
lift_and_cruse,cruise_35,0.899019988363837,0.0,1227.0505846164713,1247.3668084748015,550.2713531783776,0.8590235769983999,0.9631940388494958,0.15951190616281394,0.0,-3.0551675387226306e-13,-5.336658663347744,0.0,,0.0,0.4049214653846845,0.0,19.87486350168697,True
lift_and_cruse,cruise_35,0.899158094499252,0.0,1227.0505846190226,1247.3668084878389,550.2713531833584,0.859023576997777,0.9631940388494156,0.15951190616360414,0.0,-3.0551675387545627e-13,-5.336658663347744,0.0,,0.0,0.40492146538552637,0.0,19.921110012694257,True
lift_and_cruse,cruise_35,0.8992074006380836,0.0,1227.0505846146575,1247.3668084655355,550.2713531748007,0.8590235769988426,0.9631940388495539,0.1595119061622533,0.0,-3.0551675386999356e-13,-5.336658663347744,0.0,,0.0,0.40492146538408597,0.0,19.937615201377184,True
lift_and_cruse,cruise_36,0.8536012743140136,0.0,1168.6918447328055,1219.549291760535,529.4221099525652,0.8505039752040947,0.9625175893201819,0.16917772539179265,0.0,-2.9870342731139213e-13,-5.336658663347744,0.0,,0.0,0.38566332984572976,0.0,19.937615201377184,True
lift_and_cruse,cruise_36,0.8536221981384167,0.0,1168.691844732807,1219.5492917605432,529.4221099525379,0.8505039752040944,0.9625175893201827,0.16917772539179043,0.0,-2.9870342731139415e-13,-5.336658663347744,0.0,,0.0,0.38566332984573026,0.0,19.945867795718648,True
lift_and_cruse,cruise_36,0.8536808346500468,0.0,1168.6918447327866,1219.5492917604438,529.4221099525197,0.8505039752040997,0.9625175893201828,0.1691777253917849,0.0,-2.987034273113698e-13,-5.336658663347744,0.0,,0.0,0.38566332984572355,0.0,19.96899105122229,True
lift_and_cruse,cruise_36,0.8537655909777397,0.0,1168.6918447327928,1219.5492917604734,529.4221099524983,0.8505039752040982,0.9625175893201836,0.16917772539176854,0.0,-2.9870342731137703e-13,-5.336658663347744,0.0,,0.0,0.3856633298457256,0.0,20.00240512354749,True
lift_and_cruse,cruise_36,0.8538596967891733,0.0,1168.6918447327955,1219.5492917604847,529.422109952547,0.8505039752040974,0.9625175893201823,0.16917772539179007,0.0,-2.9870342731137986e-13,-5.336658663347744,0.0,,0.0,0.3856633298457265,0.0,20.039491945873543,True
lift_and_cruse,cruise_36,0.8539445132851315,0.0,1168.6918447327662,1219.549291760344,529.4221099525166,0.8505039752041049,0.9625175893201825,0.16917772539177733,0.0,-2.987034273113454e-13,-5.336658663347744,0.0,,0.0,0.3856633298457168,0.0,20.072906018198747,True
lift_and_cruse,cruise_36,0.8540032248254251,0.0,1168.6918447327748,1219.549291760386,529.4221099524892,0.8505039752041025,0.9625175893201834,0.1691777253917836,0.0,-2.9870342731135567e-13,-5.336658663347744,0.0,,0.0,0.3856633298457196,0.0,20.096029273702385,True
lift_and_cruse,cruise_36,0.8540241820407387,0.0,1168.6918447328,1219.5492917605084,529.4221099525348,0.8505039752040959,0.9625175893201827,0.16917772539178697,0.0,-2.987034273113856e-13,-5.336658663347744,0.0,,0.0,0.38566332984572793,0.0,20.104281868043852,True
lift_and_cruse,cruise_37,0.8996656077657503,0.0,1227.050584605038,1247.3668084163285,550.2713531558585,0.8590235770011955,0.9631940388498614,0.15951190615926283,0.0,-3.055167538579413e-13,-5.336658663347744,0.0,,0.0,0.4049214653809115,0.0,20.104281868043852,True
lift_and_cruse,cruise_37,0.8996903043048203,0.0,1227.0505845775222,1247.3668082757272,550.2713531018215,0.8590235770079129,0.9631940388507367,0.15951190615076924,0.0,-3.055167538235039e-13,-5.336658663347744,0.0,,0.0,0.4049214653718314,0.0,20.112534462385316,True
lift_and_cruse,cruise_37,0.8997595142150407,0.0,1227.0505845728462,1247.3668082518325,550.2713530926591,0.8590235770090549,0.9631940388508851,0.15951190614933136,0.0,-3.0551675381765137e-13,-5.336658663347744,0.0,,0.0,0.40492146537028834,0.0,20.135657717888954,True
lift_and_cruse,cruise_37,0.8998595558458041,0.0,1227.050584572134,1247.366808248193,550.271353091337,0.8590235770092284,0.9631940388509056,0.15951190614912183,0.0,-3.0551675381675997e-13,-5.336658663347744,0.0,,0.0,0.40492146537005336,0.0,20.169071790214158,True
lift_and_cruse,cruise_37,0.8999706357717167,0.0,1227.050584566697,1247.366808220412,550.2713530806761,0.8590235770105561,0.9631940388510781,0.15951190614743557,0.0,-3.0551675380995557e-13,-5.336658663347744,0.0,,0.0,0.40492146536825907,0.0,20.20615861254021,True
lift_and_cruse,cruise_37,0.900070753272474,0.0,1227.0505845663465,1247.36680821862,550.271353079965,0.8590235770106416,0.9631940388510899,0.1595119061473322,0.0,-3.055167538095167e-13,-5.336658663347744,0.0,,0.0,0.4049214653681435,0.0,20.239572684865415,True
lift_and_cruse,cruise_37,0.9001400577980948,0.0,1227.0505845693879,1247.366808234161,550.2713530858576,0.8590235770098988,0.9631940388509953,0.15951190614825086,0.0,-3.055167538133231e-13,-5.336658663347744,0.0,,0.0,0.4049214653691471,0.0,20.262695940369053,True
lift_and_cruse,cruise_37,0.9001647964664916,0.0,1227.0505845674497,1247.366808224258,550.2713530821501,0.8590235770103722,0.9631940388510543,0.15951190614767027,0.0,-3.0551675381089756e-13,-5.336658663347744,0.0,,0.0,0.4049214653685076,0.0,20.270948534710516,True
lift_and_cruse,cruise_38,0.8509671654736639,0.0,1164.1334180301064,1218.427091513793,528.0725296431831,0.8496756342233621,0.9624546141515417,0.17007058171803,0.0,-2.9842856752335714e-13,-5.336658663347744,0.0,,0.0,0.38415906845386344,0.0,20.270948534710516,True
lift_and_cruse,cruise_38,0.8510086492983101,0.0,1164.1334180564354,1218.4270916401256,528.0725296901328,0.8496756342166873,0.9624546141508282,0.17007058172546774,0.0,-2.984285675542997e-13,-5.336658663347744,0.0,,0.0,0.3841590684625518,0.0,20.287453723393448,True
lift_and_cruse,cruise_38,0.8511249208424688,0.0,1164.133418052773,1218.4270916225523,528.072529683611,0.8496756342176157,0.9624546141509273,0.17007058172443362,0.0,-2.984285675499955e-13,-5.336658663347744,0.0,,0.0,0.3841590684613433,0.0,20.33370023440073,True
lift_and_cruse,cruise_38,0.8512930332367499,0.0,1164.1334180493939,1218.427091606338,528.0725296776,0.8496756342184726,0.9624546141510185,0.17007058172348305,0.0,-2.984285675460242e-13,-5.336658663347744,0.0,,0.0,0.38415906846022824,0.0,20.40052837905113,True
lift_and_cruse,cruise_38,0.8514797556972584,0.0,1164.133418058129,1218.4270916482506,528.0725296931992,0.849675634216258,0.9624546141507812,0.1700705817259479,0.0,-2.9842856755628977e-13,-5.336658663347744,0.0,,0.0,0.3841590684631107,0.0,20.474702023703237,True
lift_and_cruse,cruise_38,0.8516481056193991,0.0,1164.1334180586064,1218.4270916505411,528.0725296939954,0.8496756342161367,0.9624546141507698,0.17007058172608278,0.0,-2.984285675568508e-13,-5.336658663347744,0.0,,0.0,0.3841590684632683,0.0,20.54153016835364,True
lift_and_cruse,cruise_38,0.8517646733532788,0.0,1164.13341805685,1218.4270916421142,528.0725296908804,0.8496756342165821,0.9624546141508169,0.17007058172558115,0.0,-2.9842856755478677e-13,-5.336658663347744,0.0,,0.0,0.3841590684626887,0.0,20.58777667936092,True
lift_and_cruse,cruise_38,0.8518062889705572,0.0,1164.1334180580188,1218.4270916477205,528.072529692953,0.8496756342162858,0.9624546141507855,0.17007058172590486,0.0,-2.9842856755615997e-13,-5.336658663347744,0.0,,0.0,0.38415906846307435,0.0,20.604281868043852,True
lift_and_cruse,cruise_39,0.9010793622149033,0.0,1227.0505845603975,1247.366808188398,550.2713530683286,0.8590235770120793,0.963194038851278,0.1595119061455069,0.0,-3.055167538021144e-13,-5.336658663347744,0.0,,0.0,0.40492146536618034,0.0,20.604281868043852,True
lift_and_cruse,cruise_39,0.9011290065521733,0.0,1227.0505846146254,1247.3668084654964,550.2713531748341,0.8590235769988407,0.9631940388495523,0.15951190616226887,0.0,-3.0551675386998397e-13,-5.336658663347744,0.0,,0.0,0.4049214653840753,0.0,20.62078705672678,True
lift_and_cruse,cruise_39,0.9012681536691327,0.0,1227.0505846146305,1247.3668084655196,550.2713531747763,0.8590235769988396,0.963194038849554,0.1595119061622497,0.0,-3.055167538699896e-13,-5.336658663347744,0.0,,0.0,0.404921465384077,0.0,20.667033567734062,True
lift_and_cruse,cruise_39,0.9014693493122042,0.0,1227.050584614632,1247.366808465528,550.271353174758,0.8590235769988389,0.9631940388495546,0.15951190616226044,0.0,-3.055167538699917e-13,-5.336658663347744,0.0,,0.0,0.4049214653840775,0.0,20.733861712384464,True
lift_and_cruse,cruise_39,0.9016928289073024,0.0,1227.0505846146223,1247.3668084654769,550.2713531747642,0.8590235769988416,0.9631940388495542,0.15951190616225214,0.0,-3.0551675386997917e-13,-5.336658663347744,0.0,,0.0,0.4049214653840743,0.0,20.80803535703657,True
lift_and_cruse,cruise_39,0.9018943296822999,0.0,1227.050584614628,1247.3668084655073,550.2713531748128,0.8590235769988398,0.963194038849553,0.15951190616226424,0.0,-3.0551675386998665e-13,-5.336658663347744,0.0,,0.0,0.40492146538407614,0.0,20.87486350168697,True
lift_and_cruse,cruise_39,0.9020338572924947,0.0,1227.0505846146207,1247.36680846547,550.2713531747551,0.8590235769988416,0.9631940388495543,0.1595119061622538,0.0,-3.055167538699775e-13,-5.336658663347744,0.0,,0.0,0.40492146538407375,0.0,20.921110012694257,True
lift_and_cruse,cruise_39,0.9020836709123031,0.0,1227.0505846146184,1247.3668084654582,550.2713531747459,0.8590235769988421,0.9631940388495546,0.15951190616225075,0.0,-3.0551675386997463e-13,-5.336658663347744,0.0,,0.0,0.4049214653840729,0.0,20.937615201377184,True
lift_and_cruse,cruise_40,0.8529299341024739,0.0,1164.3947554667377,1218.4862988984573,528.1486810287618,0.8497239166119586,0.9624582693050521,0.1700187630460335,0.0,-2.9844306915018017e-13,-5.336658663347744,0.0,,0.0,0.38424530869458967,0.0,20.937615201377184,True
lift_and_cruse,cruise_40,0.8530553746954461,0.0,1164.394755466693,1218.4862988982418,528.1486810286433,0.84972391661197,0.9624582693050545,0.17001876304600794,0.0,-2.9844306915012736e-13,-5.336658663347744,0.0,,0.0,0.3842453086945749,0.0,20.987130767425974,True
lift_and_cruse,cruise_40,0.8534071830481266,0.0,1164.3947554667022,1218.486298898286,528.1486810287071,0.8497239166119677,0.9624582693050528,0.17001876304602112,0.0,-2.9844306915013816e-13,-5.336658663347744,0.0,,0.0,0.384245308694578,0.0,21.125870300447815,True
lift_and_cruse,cruise_40,0.8539164255166912,0.0,1164.3947554666952,1218.4862988982525,528.1486810286736,0.8497239166119696,0.9624582693050536,0.17001876304601965,0.0,-2.9844306915013e-13,-5.336658663347744,0.0,,0.0,0.3842453086945757,0.0,21.32635473439903,True
lift_and_cruse,cruise_40,0.854482841093868,0.0,1164.3947554666977,1218.4862988982645,528.1486810287253,0.8497239166119686,0.9624582693050523,0.1700187630460228,0.0,-2.9844306915013296e-13,-5.336658663347744,0.0,,0.0,0.3842453086945764,0.0,21.54887566835534,True
lift_and_cruse,cruise_40,0.8549942465700999,0.0,1164.3947554666822,1218.4862988981915,528.1486810286585,0.8497239166119727,0.9624582693050538,0.17001876304600547,0.0,-2.984430691501151e-13,-5.336658663347744,0.0,,0.0,0.3842453086945714,0.0,21.74936010230655,True
lift_and_cruse,cruise_40,0.855348752152176,0.0,1164.3947554666745,1218.4862988981538,528.1486810285734,0.8497239166119748,0.9624582693050558,0.1700187630459991,0.0,-2.984430691501058e-13,-5.336658663347744,0.0,,0.0,0.3842453086945688,0.0,21.888099635328395,True
lift_and_cruse,cruise_40,0.8554753931262636,0.0,1164.3947554666659,1218.4862988981122,528.148681028631,0.8497239166119767,0.9624582693050541,0.17001876304600785,0.0,-2.9844306915009565e-13,-5.336658663347744,0.0,,0.0,0.3842453086945659,0.0,21.937615201377184,True
lift_and_cruse,cruise_41,0.8599567419206964,0.0,1170.156493018586,1219.949160380456,529.865165733624,0.8507640504065254,0.9625374778850198,0.16889570652355396,0.0,-2.988013668764853e-13,-5.336658663347744,0.0,,0.0,0.38614665754027366,0.0,21.937615201377184,True
lift_and_cruse,cruise_41,0.8599996304055976,0.0,1170.1564930110542,1219.9491603440715,529.8651657200365,0.850764050408434,0.9625374778852278,0.16889570652139324,0.0,-2.988013668675737e-13,-5.336658663347744,0.0,,0.0,0.38614665753778826,0.0,21.954120390060112,True
lift_and_cruse,cruise_41,0.8601198393359119,0.0,1170.156493010955,1219.9491603435936,529.8651657199424,0.8507640504084593,0.9625374778852281,0.1688957065213801,0.0,-2.988013668674566e-13,-5.336658663347744,0.0,,0.0,0.3861466575377554,0.0,22.000366901067395,True
lift_and_cruse,cruise_41,0.8602936453851925,0.0,1170.156493011051,1219.949160344056,529.8651657200851,0.8507640504084348,0.9625374778852264,0.1688957065214057,0.0,-2.988013668675699e-13,-5.336658663347744,0.0,,0.0,0.38614665753778715,0.0,22.067195045717796,True
lift_and_cruse,cruise_41,0.8604866928097993,0.0,1170.1564930110533,1219.9491603440667,529.8651657200456,0.8507640504084344,0.9625374778852276,0.16889570652139488,0.0,-2.988013668675725e-13,-5.336658663347744,0.0,,0.0,0.3861466575377878,0.0,22.141368690369905,True
lift_and_cruse,cruise_41,0.86066074628857,0.0,1170.1564930110526,1219.9491603440642,529.8651657200638,0.8507640504084344,0.962537477885227,0.1688957065213975,0.0,-2.9880136686757187e-13,-5.336658663347744,0.0,,0.0,0.38614665753778765,0.0,22.208196835020306,True
lift_and_cruse,cruise_41,0.8607812637554976,0.0,1170.156493007731,1219.9491603280185,529.8651657140709,0.8507640504092762,0.9625374778853188,0.1688957065204616,0.0,-2.988013668636418e-13,-5.336658663347744,0.0,,0.0,0.38614665753669153,0.0,22.25444334602759,True
lift_and_cruse,cruise_41,0.8608242895637485,0.0,1170.1564930110517,1219.9491603440583,529.86516572007,0.8507640504084345,0.9625374778852268,0.1688957065214076,0.0,-2.9880136686757046e-13,-5.336658663347744,0.0,,0.0,0.3861466575377874,0.0,22.270948534710516,True
lift_and_cruse,cruise_42,0.9057931703860549,0.0,1227.05058461469,1247.366808465701,550.271353173272,0.8590235769988347,0.9631940388495955,0.15951190616181324,0.0,-3.055167538700341e-13,-5.336658663347744,0.0,,0.0,0.4049214653840966,0.0,22.270948534710516,True
lift_and_cruse,cruise_42,0.9058941244926384,0.0,1227.0505846146555,1247.3668084655249,550.271353174837,0.859023576998843,0.963194038849553,0.15951190616226354,0.0,-3.0551675386999094e-13,-5.336658663347744,0.0,,0.0,0.4049214653840852,0.0,22.30395891207638,True
lift_and_cruse,cruise_42,0.9061771822067468,0.0,1227.0505846146561,1247.3668084655274,550.2713531748401,0.8590235769988431,0.9631940388495528,0.15951190616226626,0.0,-3.0551675386999154e-13,-5.336658663347744,0.0,,0.0,0.40492146538408547,0.0,22.396451934090937,True
lift_and_cruse,cruise_42,0.906586709133422,0.0,1227.0505846056535,1247.3668084195267,550.2713531571318,0.8590235770010408,0.9631940388498401,0.15951190615947589,0.0,-3.0551675385872464e-13,-5.336658663347744,0.0,,0.0,0.4049214653811146,0.0,22.530108223391746,True
lift_and_cruse,cruise_42,0.9070419379989558,0.0,1227.050584614659,1247.3668084655442,550.2713531748158,0.8590235769988421,0.9631940388495536,0.1595119061622559,0.0,-3.0551675386999563e-13,-5.336658663347744,0.0,,0.0,0.40492146538408635,0.0,22.678455512695955,True
lift_and_cruse,cruise_42,0.9074527058851117,0.0,1227.0505845684127,1247.3668082292338,550.271353084092,0.8590235770101328,0.9631940388510223,0.1595119061479813,0.0,-3.055167538121163e-13,-5.336658663347744,0.0,,0.0,0.4049214653688253,0.0,22.812111801996764,True
lift_and_cruse,cruise_42,0.9077373110600241,0.0,1227.0505845325017,1247.366808045735,550.2713530136992,0.8590235770188999,0.9631940388521614,0.15951190613690908,0.0,-3.055167537671721e-13,-5.336658663347744,0.0,,0.0,0.4049214653569748,0.0,22.904604824011322,True
lift_and_cruse,cruise_42,0.9078389538671442,0.0,1227.050584532551,1247.3668080459859,550.2713530137813,0.859023577018888,0.9631940388521602,0.15951190613692118,0.0,-3.055167537672335e-13,-5.336658663347744,0.0,,0.0,0.40492146535699114,0.0,22.937615201377184,True
lift_and_cruse,cruise_43,0.8701975916416977,0.0,1179.6933562022384,1222.991055224078,532.8575217104728,0.8523897462182772,0.9626630364155934,0.16711443594592013,0.0,-2.9954641623320224e-13,-5.336658663347744,0.0,,0.0,0.38929378176148477,0.0,22.937615201377184,True
lift_and_cruse,cruise_43,0.8702420833933159,0.0,1179.693356206189,1222.9910552433612,532.8575217176267,0.852389746217278,0.9626630364154837,0.1671144359470435,0.0,-2.995464162379252e-13,-5.336658663347744,0.0,,0.0,0.38929378176278845,0.0,22.954120390060112,True
lift_and_cruse,cruise_43,0.8703667863998016,0.0,1179.6933562061247,1222.9910552430488,532.8575217174899,0.8523897462172945,0.962663036415486,0.16711443594701106,0.0,-2.995464162378487e-13,-5.336658663347744,0.0,,0.0,0.3892937817627672,0.0,23.000366901067395,True
lift_and_cruse,cruise_43,0.8705470914041495,0.0,1179.6933562061179,1222.9910552430151,532.8575217175172,0.8523897462172964,0.9626630364154851,0.1671144359470313,0.0,-2.9954641623784044e-13,-5.336658663347744,0.0,,0.0,0.3892937817627649,0.0,23.067195045717796,True
lift_and_cruse,cruise_43,0.8707473588085104,0.0,1179.6933562060444,1222.9910552426568,532.8575217174534,0.8523897462173147,0.9626630364154852,0.16711443594703929,0.0,-2.995464162377527e-13,-5.336658663347744,0.0,,0.0,0.38929378176274076,0.0,23.141368690369905,True
lift_and_cruse,cruise_43,0.8709279232891767,0.0,1179.693356205971,1222.991055242298,532.8575217173258,0.8523897462173334,0.9626630364154871,0.16711443594700118,0.0,-2.995464162376648e-13,-5.336658663347744,0.0,,0.0,0.3892937817627165,0.0,23.208196835020306,True
lift_and_cruse,cruise_43,0.8710529498574805,0.0,1179.693356205942,1222.9910552421572,532.8575217172894,0.8523897462173405,0.9626630364154876,0.16711443594701367,0.0,-2.9954641623763036e-13,-5.336658663347744,0.0,,0.0,0.389293781762707,0.0,23.25444334602759,True
lift_and_cruse,cruise_43,0.8710975856038422,0.0,1179.6933562059235,1222.991055242066,532.857521717183,0.8523897462173452,0.9626630364154901,0.1671144359469777,0.0,-2.99546416237608e-13,-5.336658663347744,0.0,,0.0,0.3892937817627008,0.0,23.270948534710516,True
lift_and_cruse,cruise_44,0.9087986881420429,0.0,1227.0505846146627,1247.3668084655205,550.2713531747642,0.859023576998845,0.963194038849555,0.1595119061622545,0.0,-3.055167538699899e-13,-5.336658663347744,0.0,,0.0,0.40492146538408763,0.0,23.270948534710516,True
lift_and_cruse,cruise_44,0.9088496914585984,0.0,1227.0505846446877,1247.3668086189427,550.2713532337606,0.8590235769915148,0.963194038848599,0.15951190617153854,0.0,-3.055167539075675e-13,-5.336658663347744,0.0,,0.0,0.40492146539399565,0.0,23.287453723393448,True
lift_and_cruse,cruise_44,0.9089926475710144,0.0,1227.0505846447,1247.3668086190053,550.2713532337515,0.8590235769915113,0.9631940388485994,0.159511906171536,0.0,-3.0551675390758277e-13,-5.336658663347744,0.0,,0.0,0.4049214653939998,0.0,23.33370023440073,True
lift_and_cruse,cruise_44,0.909199350377355,0.0,1227.0505846416831,1247.3668086035898,550.2713532278497,0.8590235769922479,0.9631940388486948,0.15951190617061314,0.0,-3.055167539038071e-13,-5.336658663347744,0.0,,0.0,0.4049214653930042,0.0,23.40052837905113,True
lift_and_cruse,cruise_44,0.9094289466272953,0.0,1227.050584640834,1247.3668085992522,550.2713532261935,0.8590235769924554,0.9631940388487216,0.15951190617033914,0.0,-3.055167539027447e-13,-5.336658663347744,0.0,,0.0,0.404921465392724,0.0,23.474702023703237,True
lift_and_cruse,cruise_44,0.909635962065551,0.0,1227.050584639154,1247.366808590667,550.2713532228748,0.8590235769928654,0.9631940388487755,0.1595119061698153,0.0,-3.055167539006419e-13,-5.336658663347744,0.0,,0.0,0.40492146539216967,0.0,23.54153016835364,True
lift_and_cruse,cruise_44,0.9097793080233747,0.0,1227.0505846406584,1247.366808598355,550.2713532258288,0.8590235769924981,0.9631940388487278,0.15951190617029107,0.0,-3.055167539025249e-13,-5.336658663347744,0.0,,0.0,0.4049214653926661,0.0,23.58777667936092,True
lift_and_cruse,cruise_44,0.9098304848060328,0.0,1227.0505846397725,1247.3668085938284,550.2713532240358,0.8590235769927145,0.9631940388487573,0.1595119061700037,0.0,-3.0551675390141623e-13,-5.336658663347744,0.0,,0.0,0.4049214653923737,0.0,23.604281868043852,True
lift_and_cruse,cruise_45,0.8605982030028526,0.0,1165.0999247295606,1218.6492208064126,528.3549101039,0.8498537084401316,0.9624681045938069,0.169879327603058,0.0,-2.9848297350879784e-13,-5.336658663347744,0.0,,0.0,0.38447801154712585,0.0,23.604281868043852,True
lift_and_cruse,cruise_45,0.8606197386206341,0.0,1165.099924729115,1218.6492208042728,528.3549101030976,0.8498537084402448,0.9624681045938193,0.16987932760293206,0.0,-2.9848297350827373e-13,-5.336658663347744,0.0,,0.0,0.38447801154697875,0.0,23.612534462385316,True
lift_and_cruse,cruise_45,0.8606800895808349,0.0,1165.0999247292525,1218.6492208049335,528.354910103365,0.8498537084402095,0.9624681045938149,0.1698793276029796,0.0,-2.984829735084356e-13,-5.336658663347744,0.0,,0.0,0.38447801154702427,0.0,23.635657717888954,True
lift_and_cruse,cruise_45,0.8607673239838696,0.0,1165.0999247291325,1218.6492208043576,528.3549101031948,0.84985370844024,0.962468104593817,0.16987932760294905,0.0,-2.9848297350829453e-13,-5.336658663347744,0.0,,0.0,0.3844780115469846,0.0,23.669071790214158,True
lift_and_cruse,cruise_45,0.8608641811177971,0.0,1165.0999247292466,1218.6492208049026,528.3549101033802,0.8498537084402115,0.9624681045938145,0.1698793276029805,0.0,-2.98482973508428e-13,-5.336658663347744,0.0,,0.0,0.38447801154702227,0.0,23.70615861254021,True
lift_and_cruse,cruise_45,0.8609514772501163,0.0,1165.0999247292752,1218.6492208050422,528.3549101034349,0.849853708440204,0.9624681045938135,0.16987932760298236,0.0,-2.984829735084622e-13,-5.336658663347744,0.0,,0.0,0.38447801154703165,0.0,23.739572684865415,True
lift_and_cruse,cruise_45,0.8610119051851641,0.0,1165.0999247292698,1218.6492208050163,528.3549101033985,0.8498537084402054,0.9624681045938144,0.16987932760297864,0.0,-2.9848297350845584e-13,-5.336658663347744,0.0,,0.0,0.3844780115470299,0.0,23.762695940369053,True
lift_and_cruse,cruise_45,0.8610334750604989,0.0,1165.0999247293057,1218.6492208051884,528.3549101034988,0.8498537084401961,0.9624681045938125,0.16987932760298793,0.0,-2.98482973508498e-13,-5.336658663347744,0.0,,0.0,0.38447801154704175,0.0,23.770948534710516,True
lift_and_cruse,cruise_46,0.9103035912835269,0.0,1227.050584614659,1247.3668084655442,550.2713531747064,0.8590235769988421,0.9631940388495565,0.15951190616223784,0.0,-3.0551675386999563e-13,-5.336658663347744,0.0,,0.0,0.40492146538408635,0.0,23.770948534710516,True
lift_and_cruse,cruise_46,0.9103548598752276,0.0,1227.0505846146568,1247.3668084655317,550.2713531748067,0.8590235769988428,0.9631940388495537,0.1595119061622577,0.0,-3.055167538699926e-13,-5.336658663347744,0.0,,0.0,0.4049214653840857,0.0,23.787453723393448,True
lift_and_cruse,cruise_46,0.9104985595746702,0.0,1227.0505846146627,1247.3668084655633,550.2713531747125,0.8590235769988414,0.9631940388495565,0.15951190616224448,0.0,-3.0551675387000033e-13,-5.336658663347744,0.0,,0.0,0.40492146538408763,0.0,23.83370023440073,True
lift_and_cruse,cruise_46,0.9107063374683279,0.0,1227.050584614659,1247.3668084655442,550.2713531747642,0.8590235769988421,0.963194038849555,0.159511906162254,0.0,-3.0551675386999563e-13,-5.336658663347744,0.0,,0.0,0.40492146538408635,0.0,23.90052837905113,True
lift_and_cruse,cruise_46,0.9109371277610905,0.0,1227.0505846146598,1247.3668084655465,550.2713531747672,0.859023576998842,0.9631940388495549,0.15951190616224636,0.0,-3.0551675386999624e-13,-5.336658663347744,0.0,,0.0,0.40492146538408663,0.0,23.974702023703237,True
lift_and_cruse,cruise_46,0.9111452197056188,0.0,1227.0505846146605,1247.36680846555,550.2713531747551,0.8590235769988418,0.9631940388495552,0.1595119061622472,0.0,-3.055167538699971e-13,-5.336658663347744,0.0,,0.0,0.40492146538408685,0.0,24.04153016835364,True
lift_and_cruse,cruise_46,0.9112893110200366,0.0,1227.05058461466,1247.366808465546,550.2713531747551,0.8590235769988418,0.9631940388495551,0.15951190616225489,0.0,-3.055167538699961e-13,-5.336658663347744,0.0,,0.0,0.4049214653840867,0.0,24.08777667936092,True
lift_and_cruse,cruise_46,0.9113407538967749,0.0,1227.0505846146564,1247.36680846553,550.2713531748097,0.8590235769988429,0.9631940388495537,0.15951190616225958,0.0,-3.055167538699922e-13,-5.336658663347744,0.0,,0.0,0.4049214653840855,0.0,24.104281868043852,True
lift_and_cruse,cruise_47,0.8634852799736024,0.0,1167.006905445556,1219.1126315035508,528.9180407693531,0.8502011738934946,0.962494503124539,0.16950505830729823,0.0,-2.9859647639418606e-13,-5.336658663347744,0.0,,0.0,0.3851073070591952,0.0,24.104281868043852,True
lift_and_cruse,cruise_47,0.8635070422172283,0.0,1167.0069048946355,1219.1126288515206,528.918039781356,0.8502011740331492,0.962494503139608,0.16950505815069197,0.0,-2.9859647574462597e-13,-5.336658663347744,0.0,,0.0,0.3851073068773937,0.0,24.112534462385316,True
lift_and_cruse,cruise_47,0.8635680297665576,0.0,1167.0069048946264,1219.1126288514768,528.9180397813317,0.8502011740331515,0.9624945031396084,0.16950505815068578,0.0,-2.985964757446152e-13,-5.336658663347744,0.0,,0.0,0.3851073068773908,0.0,24.135657717888954,True
lift_and_cruse,cruise_47,0.8636561843836379,0.0,1167.006904894634,1219.1126288515125,528.9180397812952,0.8502011740331493,0.9624945031396097,0.16950505815068467,0.0,-2.98596475744624e-13,-5.336658663347744,0.0,,0.0,0.3851073068773933,0.0,24.169071790214158,True
lift_and_cruse,cruise_47,0.8637540633150161,0.0,1167.0069048946357,1219.1126288515213,528.9180397813378,0.8502011740331491,0.9624945031396086,0.1695050581506949,0.0,-2.9859647574462617e-13,-5.336658663347744,0.0,,0.0,0.3851073068773938,0.0,24.20615861254021,True
lift_and_cruse,cruise_47,0.8638422804490478,0.0,1167.006904894638,1219.112628851533,528.9180397813348,0.8502011740331485,0.9624945031396087,0.1695050581506916,0.0,-2.98596475744629e-13,-5.336658663347744,0.0,,0.0,0.38510730687739464,0.0,24.239572684865415,True
lift_and_cruse,cruise_47,0.8639033459557496,0.0,1167.0069048946286,1219.1126288514863,528.9180397813742,0.850201174033151,0.9624945031396073,0.16950505815070646,0.0,-2.985964757446176e-13,-5.336658663347744,0.0,,0.0,0.38510730687739153,0.0,24.262695940369053,True
lift_and_cruse,cruise_47,0.8639251434210574,0.0,1167.0069048946316,1219.1126288515022,528.9180397813773,0.8502011740331504,0.9624945031396074,0.16950505815071149,0.0,-2.985964757446215e-13,-5.336658663347744,0.0,,0.0,0.3851073068773925,0.0,24.270948534710516,True
lift_and_cruse,cruise_48,0.9118175397268047,0.0,1227.0505846146493,1247.3668084655344,550.2713531746821,0.8590235769988411,0.963194038849557,0.15951190616223246,0.0,-3.0551675386999326e-13,-5.336658663347744,0.0,,0.0,0.4049214653840832,0.0,24.270948534710516,True
lift_and_cruse,cruise_48,0.9119463951724195,0.0,1227.050584614649,1247.3668084655337,550.2713531748067,0.8590235769988409,0.9631940388495536,0.15951190616225341,0.0,-3.055167538699931e-13,-5.336658663347744,0.0,,0.0,0.4049214653840831,0.0,24.312211506417842,True
lift_and_cruse,cruise_48,0.9123077434612564,0.0,1227.0505846146543,1247.36680846556,550.2713531746913,0.85902357699884,0.9631940388495568,0.15951190616221897,0.0,-3.0551675386999957e-13,-5.336658663347744,0.0,,0.0,0.40492146538408486,0.0,24.427827783936046,True
lift_and_cruse,cruise_48,0.9128306974866578,0.0,1227.05058461465,1247.3668084655374,550.2713531747702,0.8590235769988409,0.9631940388495546,0.15951190616224808,0.0,-3.0551675386999397e-13,-5.336658663347744,0.0,,0.0,0.4049214653840834,0.0,24.594898145562055,True
lift_and_cruse,cruise_48,0.9134122285054989,0.0,1227.0505846146418,1247.3668084654973,550.271353174907,0.8590235769988434,0.9631940388495508,0.15951190616228386,0.0,-3.0551675386998417e-13,-5.336658663347744,0.0,,0.0,0.40492146538408075,0.0,24.780332257192313,True
lift_and_cruse,cruise_48,0.9139371587116089,0.0,1227.0505846146534,1247.3668084655558,550.2713531747247,0.85902357699884,0.9631940388495559,0.15951190616223856,0.0,-3.055167538699985e-13,-5.336658663347744,0.0,,0.0,0.40492146538408463,0.0,24.947402618818323,True
lift_and_cruse,cruise_48,0.9143009712548984,0.0,1227.0505846146457,1247.3668084655155,550.2713531748462,0.8590235769988418,0.9631940388495525,0.15951190616227576,0.0,-3.055167538699886e-13,-5.336658663347744,0.0,,0.0,0.404921465384082,0.0,25.063018896336526,True
lift_and_cruse,cruise_48,0.914432719189965,0.0,1227.050584614647,1247.3668084655205,550.2713531748158,0.8590235769988419,0.9631940388495533,0.15951190616226416,0.0,-3.055167538699899e-13,-5.336658663347744,0.0,,0.0,0.4049214653840825,0.0,25.104281868043852,True
lift_and_cruse,cruise_49,0.8649475949274731,0.0,1165.2435230958356,1218.6829603918288,528.3970394213186,0.8498800518079209,0.9624701025278694,0.16985100243897613,0.0,-2.9849123732385474e-13,-5.336658663347744,0.0,,0.0,0.3845253983962321,0.0,25.104281868043852,True
lift_and_cruse,cruise_49,0.8649929969939373,0.0,1165.2435230957728,1218.6829603915253,528.3970394212365,0.849880051807937,0.9624701025278704,0.16985100243896922,0.0,-2.984912373237804e-13,-5.336658663347744,0.0,,0.0,0.38452539839621136,0.0,25.12078705672678,True
lift_and_cruse,cruise_49,0.8651202491822818,0.0,1165.2435230957665,1218.682960391497,528.3970394212579,0.8498800518079385,0.9624701025278696,0.16985100243895912,0.0,-2.984912373237735e-13,-5.336658663347744,0.0,,0.0,0.38452539839620925,0.0,25.167033567734062,True
lift_and_cruse,cruise_49,0.8653042340292589,0.0,1165.2435230957813,1218.6829603915671,528.3970394213491,0.8498800518079348,0.9624701025278674,0.1698510024389775,0.0,-2.9849123732379067e-13,-5.336658663347744,0.0,,0.0,0.3845253983962142,0.0,25.233861712384464,True
lift_and_cruse,cruise_49,0.8655085804625703,0.0,1165.243523095773,1218.6829603915285,528.3970394212943,0.8498800518079369,0.9624701025278687,0.1698510024389697,0.0,-2.984912373237812e-13,-5.336658663347744,0.0,,0.0,0.38452539839621147,0.0,25.30803535703657,True
lift_and_cruse,cruise_49,0.8656928152719998,0.0,1165.2435230957692,1218.6829603915105,528.3970394212517,0.8498800518079376,0.9624701025278698,0.16985100243896775,0.0,-2.984912373237768e-13,-5.336658663347744,0.0,,0.0,0.3845253983962102,0.0,25.37486350168697,True
lift_and_cruse,cruise_49,0.8658203791585449,0.0,1165.2435230957544,1218.6829603914382,528.3970394212821,0.8498800518079412,0.9624701025278687,0.1698510024389674,0.0,-2.9849123732375906e-13,-5.336658663347744,0.0,,0.0,0.3845253983962053,0.0,25.421110012694257,True
lift_and_cruse,cruise_49,0.8658659199438778,0.0,1165.2435230957792,1218.682960391559,528.3970394213217,0.8498800518079354,0.9624701025278681,0.16985100243897278,0.0,-2.9849123732378865e-13,-5.336658663347744,0.0,,0.0,0.38452539839621347,0.0,25.437615201377184,True
lift_and_cruse,cruise_50,0.9154275431542739,0.0,1227.050584614699,1247.3668084656342,550.2713531747702,0.8590235769988418,0.9631940388495556,0.15951190616223793,0.0,-3.055167538700177e-13,-5.336658663347744,0.0,,0.0,0.40492146538409957,0.0,25.437615201377184,True
lift_and_cruse,cruise_50,0.9154545165559417,0.0,1227.0505846146837,1247.366808465556,550.2713531747763,0.8590235769988449,0.9631940388495551,0.15951190616225036,0.0,-3.0551675386999856e-13,-5.336658663347744,0.0,,0.0,0.4049214653840945,0.0,25.445867795718648,True
lift_and_cruse,cruise_50,0.9155301068656267,0.0,1227.050584614682,1247.366808465547,550.2713531748188,0.8590235769988459,0.963194038849554,0.1595119061622449,0.0,-3.0551675386999634e-13,-5.336658663347744,0.0,,0.0,0.404921465384094,0.0,25.46899105122229,True
lift_and_cruse,cruise_50,0.9156393706312285,0.0,1227.0505846146868,1247.3668084655724,550.2713531747794,0.8590235769988445,0.9631940388495551,0.15951190616224992,0.0,-3.0551675387000255e-13,-5.336658663347744,0.0,,0.0,0.4049214653840955,0.0,25.50240512354749,True
lift_and_cruse,cruise_50,0.9157606894039014,0.0,1227.0505846146837,1247.366808465556,550.2713531748219,0.8590235769988449,0.9631940388495539,0.15951190616225605,0.0,-3.0551675386999856e-13,-5.336658663347744,0.0,,0.0,0.4049214653840945,0.0,25.539491945873543,True
lift_and_cruse,cruise_50,0.9158700345306361,0.0,1227.050584614683,1247.3668084655524,550.2713531747976,0.8590235769988457,0.9631940388495546,0.15951190616224473,0.0,-3.0551675386999765e-13,-5.336658663347744,0.0,,0.0,0.40492146538409424,0.0,25.572906018198747,True
lift_and_cruse,cruise_50,0.9159457262960047,0.0,1227.050584614682,1247.366808465547,550.2713531748097,0.8590235769988459,0.9631940388495542,0.15951190616224295,0.0,-3.0551675386999634e-13,-5.336658663347744,0.0,,0.0,0.404921465384094,0.0,25.596029273702385,True
lift_and_cruse,cruise_50,0.915972744849716,0.0,1227.0505846146866,1247.3668084655703,550.2713531747429,0.8590235769988445,0.963194038849556,0.1595119061622414,0.0,-3.0551675387000204e-13,-5.336658663347744,0.0,,0.0,0.4049214653840955,0.0,25.604281868043852,True
lift_and_cruse,cruise_51,0.8413945891070623,0.0,1133.3774420934453,1216.6440463151253,520.2979999097421,0.8431864087141342,0.9619812257374257,0.17678449056744874,0.0,-2.9799184740430046e-13,-5.336658663347744,0.0,,0.0,0.37400972742282396,0.0,25.604281868043852,True
lift_and_cruse,cruise_51,0.8414316011121122,0.0,1133.3774420937702,1216.6440463166314,520.2979999103651,0.8431864087140517,0.9619812257374156,0.17678449056753562,0.0,-2.9799184740466936e-13,-5.336658663347744,0.0,,0.0,0.37400972742293115,0.0,25.61880879296003,True
lift_and_cruse,cruise_51,0.8415353328296484,0.0,1133.3774420937186,1216.6440463163917,520.2979999102739,0.843186408714065,0.9619812257374171,0.17678449056752873,0.0,-2.9799184740461065e-13,-5.336658663347744,0.0,,0.0,0.37400972742291416,0.0,25.659512332067884,True
lift_and_cruse,cruise_51,0.8416852982391029,0.0,1133.3774420937698,1216.6440463166289,520.297999910368,0.8431864087140516,0.9619812257374155,0.1767844905675393,0.0,-2.9799184740466876e-13,-5.336658663347744,0.0,,0.0,0.37400972742293104,0.0,25.718330650250945,True
lift_and_cruse,cruise_51,0.8418518424807473,0.0,1133.3774420936268,1216.6440463159652,520.2979999101007,0.8431864087140883,0.9619812257374197,0.176784490567506,0.0,-2.979918474045062e-13,-5.336658663347744,0.0,,0.0,0.37400972742288385,0.0,25.783614058233727,True
lift_and_cruse,cruise_51,0.8420019794885939,0.0,1133.377442093505,1216.6440463154004,520.2979999099092,0.843186408714119,0.9619812257374224,0.1767844905674683,0.0,-2.9799184740436786e-13,-5.336658663347744,0.0,,0.0,0.37400972742284355,0.0,25.84243237641679,True
lift_and_cruse,cruise_51,0.8421059251863814,0.0,1133.3774420937727,1216.6440463166427,520.2979999103134,0.843186408714051,0.9619812257374171,0.1767844905675352,0.0,-2.9799184740467214e-13,-5.336658663347744,0.0,,0.0,0.37400972742293204,0.0,25.88313591552464,True
lift_and_cruse,cruise_51,0.8421430324211782,0.0,1133.3774420937716,1216.644046316638,520.2979999103377,0.8431864087140513,0.9619812257374164,0.176784490567538,0.0,-2.97991847404671e-13,-5.336658663347744,0.0,,0.0,0.37400972742293165,0.0,25.897662840440823,True
lift_and_cruse,decel_descend,0.7401737274539205,0.0,1015.7358630996828,597.5951091801772,282.3029508803997,0.8797808103086456,0.9629224648445677,0.11942492539073093,0.0,-1.4636858752872343e-13,-5.336658663347744,0.0,,0.0,0.3351885075370835,0.0,25.897662840440823,True
lift_and_cruse,decel_descend,0.7401414583855181,0.0,1015.5182004802969,597.6361192168507,282.3805975782819,0.8798167389928517,0.9629202157298439,0.11929928954635487,0.0,-1.4637863209075245e-13,-5.336658663347744,0.0,,0.0,0.3350475436474818,0.0,26.016500198957917,True
lift_and_cruse,decel_descend,0.7400564493962639,0.0,1014.915316884449,597.7724394654313,282.6068077008961,0.8799158743364618,0.9629141218512993,0.11895043311188018,0.0,-1.4641202092196907e-13,-5.336658663347744,0.0,,0.0,0.33465526093673814,0.0,26.349475078210343,True
lift_and_cruse,decel_descend,0.7399475527577689,0.0,1014.0620866349782,598.024884748574,282.95611662476995,0.8800552979157701,0.9629058446179378,0.11845449864824492,0.0,-1.4647385218356119e-13,-5.336658663347744,0.0,,0.0,0.3340953045680553,0.0,26.830637719693243,True
lift_and_cruse,decel_descend,0.7398457232903299,0.0,1013.1394428796491,598.3812436091258,283.3746703928529,0.8802050691387833,0.9628973629647882,0.11791523119212462,0.0,-1.465611349311457e-13,-5.336658663347744,0.0,,0.0,0.33348317636608127,0.0,27.364687961188398,True
lift_and_cruse,decel_descend,0.7397708715209309,0.0,1012.3296462615494,598.7703583222212,283.77938293472823,0.8803358438031302,0.9628903299097837,0.11743929872610694,0.0,-1.466564405487244e-13,-5.336658663347744,0.0,,0.0,0.33293993421158075,0.0,27.8458506026713,True
lift_and_cruse,decel_descend,0.7397283211461021,0.0,1011.7809323829454,599.0771137301192,284.07468172690875,0.8804241888218075,0.9628857869519467,0.1171153838108283,0.0,-1.4673157395440508e-13,-5.336658663347744,0.0,,0.0,0.3325684973186695,0.0,28.178825481923724,True
lift_and_cruse,decel_descend,0.7397149498583503,0.0,1011.5873807279004,599.1939786251329,284.1830763489315,0.8804553134781508,0.9628842278683926,0.11700084780109701,0.0,-1.4676019759832732e-13,-5.336658663347744,0.0,,0.0,0.3324368119547266,0.0,28.29766284044082,True
lift_and_cruse,arrival_terminal_procedure,0.8028282965761862,0.0,1078.0330804828573,1232.6641758955634,515.4166516501396,0.832269851368518,0.960801018401974,0.18684947119646084,0.0,-3.0191564748682234e-13,-5.336658663347744,0.0,,0.0,0.35427278679532254,0.0,28.29766284044082,True
lift_and_cruse,arrival_terminal_procedure,0.8029411694333526,0.0,1078.0330804882128,1232.6641759204776,515.4166516590834,0.8322698513669873,0.9608010184018373,0.1868494711978404,0.0,-3.0191564749292457e-13,-5.336658663347744,0.0,,0.0,0.3542727867970826,0.0,28.347090655168664,True
lift_and_cruse,arrival_terminal_procedure,0.8032576908509671,0.0,1078.0330804882126,1232.6641759204758,515.4166516590894,0.8322698513669874,0.9608010184018372,0.1868494711978347,0.0,-3.019156474929241e-13,-5.336658663347744,0.0,,0.0,0.3542727867970825,0.0,28.485584314452975,True
lift_and_cruse,arrival_terminal_procedure,0.8037157522352152,0.0,1078.033080488216,1232.664175920491,515.4166516590469,0.8322698513669865,0.9608010184018385,0.18684947119783885,0.0,-3.0191564749292785e-13,-5.336658663347744,0.0,,0.0,0.3542727867970836,0.0,28.685713450559224,True
lift_and_cruse,arrival_terminal_procedure,0.8042250978622447,0.0,1078.0330804882171,1232.6641759204974,515.4166516590349,0.832269851366986,0.9608010184018388,0.1868494711978109,0.0,-3.019156474929294e-13,-5.336658663347744,0.0,,0.0,0.35427278679708396,0.0,28.907840033658797,True
lift_and_cruse,arrival_terminal_procedure,0.8046848476455227,0.0,1078.033080488216,1232.664175920491,515.4166516590712,0.8322698513669865,0.9608010184018378,0.18684947119782416,0.0,-3.0191564749292785e-13,-5.336658663347744,0.0,,0.0,0.3542727867970836,0.0,29.10796916976505,True
lift_and_cruse,arrival_terminal_procedure,0.8050034744684673,0.0,1078.0330804882212,1232.6641759205154,515.4166516589983,0.8322698513669846,0.9608010184018401,0.1868494711978118,0.0,-3.019156474929338e-13,-5.336658663347744,0.0,,0.0,0.3542727867970853,0.0,29.246462829049356,True
lift_and_cruse,arrival_terminal_procedure,0.8051172843163626,0.0,1078.0330804882183,1232.6641759205027,515.4166516590622,0.832269851366986,0.9608010184018382,0.18684947119783057,0.0,-3.019156474929307e-13,-5.336658663347744,0.0,,0.0,0.3542727867970843,0.0,29.2958906437772,True
lift_and_cruse,second_descent,0.6375425423420713,0.0,869.4558556217521,532.5187917736807,245.09993718095322,0.8718325101799285,0.9596153447937333,0.13659843696397814,0.0,-1.304294867662908e-13,-5.336658663347744,0.0,,0.0,0.2857282902938969,0.0,29.2958906437772,True
lift_and_cruse,second_descent,0.6375001902371614,0.0,869.3783536037932,532.3718012099239,245.05012870349003,0.8718581323175804,0.9596124653219938,0.136547442645196,0.0,-1.3039348446160885e-13,-5.336658663347744,0.0,,0.0,0.28569112576379824,0.0,29.319658115480618,True
lift_and_cruse,second_descent,0.6373819289393973,0.0,869.1617807380267,531.9613317641465,244.9110567668379,0.8719297047011317,0.9596044139839939,0.13640475206670633,0.0,-1.3029294844302506e-13,-5.336658663347744,0.0,,0.0,0.28558720329505194,0.0,29.386253091331103,True
lift_and_cruse,second_descent,0.6372120898122238,0.0,868.8503340346745,531.3717829519542,244.71135740247448,0.8720325625487853,0.9595928230607377,0.1361990578028023,0.0,-1.3014855062986656e-13,-5.336658663347744,0.0,,0.0,0.2854375756413795,0.0,29.48248561962768,True
lift_and_cruse,second_descent,0.6370250293260437,0.0,868.506728184786,530.7223687709815,244.49144417066222,0.8721459484767566,0.9595800182472898,0.1359714420603135,0.0,-1.2998949003025673e-13,-5.336658663347744,0.0,,0.0,0.28527224962352377,0.0,29.589295667926717,True
lift_and_cruse,second_descent,0.6368551951913468,0.0,868.1953166277583,530.1416721097646,244.2964236039433,0.8722455298840718,0.959568512402798,0.13576900564471542,0.0,-1.2984726036876976e-13,-5.336658663347744,0.0,,0.0,0.2851227539827563,0.0,29.685528196223295,True
lift_and_cruse,second_descent,0.6367328576067877,0.0,867.9729801691577,529.7422415449987,244.16565138757528,0.8723100413839892,0.9595605312724707,0.13563355901130067,0.0,-1.2974942809624535e-13,-5.336658663347744,0.0,,0.0,0.2850170894588759,0.0,29.75212317207378,True
lift_and_cruse,second_descent,0.6366893256996704,0.0,867.8938157311477,529.6001635794332,244.11915334983368,0.8723329796485854,0.959557688834567,0.13558529189063345,0.0,-1.2971462903109352e-13,-5.336658663347744,0.0,,0.0,0.28497944621421817,0.0,29.7758906437772,True
lift_and_cruse,app_transition,0.5433036536374307,0.0,741.5938017904629,417.85010093315094,190.7084009951521,0.8660108145390218,0.9544467347611256,0.14507131742601348,0.0,-1.0234375772623635e-13,-5.336658663347744,0.0,,0.0,0.24350788900610215,0.0,29.7758906437772,True
lift_and_cruse,app_transition,0.5432978512089267,0.0,741.5858512114565,417.8284790412049,190.70017723702657,0.8660136072746083,0.9544459430600981,0.1450660694128207,0.0,-1.023384618900837e-13,-5.336658663347744,0.0,,0.0,0.2435048637011427,0.0,29.776647247942293,True
lift_and_cruse,app_transition,0.5432815948059694,0.0,741.5635765393216,417.7679006426554,190.67713603141203,0.8660214304501171,0.9544437243969108,0.14505136462780116,0.0,-1.0232362446170748e-13,-5.336658663347744,0.0,,0.0,0.24349638781689678,0.0,29.778767205703545,True
lift_and_cruse,app_transition,0.5432581078945505,0.0,741.5313948377186,417.68037481442616,190.64384379219948,0.8660327303292548,0.9544405173824329,0.14503011513693861,0.0,-1.0230218681663075e-13,-5.336658663347744,0.0,,0.0,0.24348414197523935,0.0,29.781830633426754,True
lift_and_cruse,app_transition,0.5432320452987945,0.0,741.4956843270122,417.5832457657373,190.60689671789075,0.8660452654152018,0.9544369565451528,0.14500652934689479,0.0,-1.0227839706091454e-13,-5.336658663347744,0.0,,0.0,0.24347055311281895,0.0,29.78523078168087,True
lift_and_cruse,app_transition,0.5432085690323132,0.0,741.4635179072908,417.49575109344573,190.5736126301188,0.866056552979973,0.9544337471521427,0.14498527871554995,0.0,-1.0225696704684168e-13,-5.336658663347744,0.0,,0.0,0.24345831266895107,0.0,29.788294209404075,True
lift_and_cruse,app_transition,0.5431923259026007,0.0,741.4412622902912,417.4352115422597,190.55058158892987,0.8660643608000442,0.9544315255229335,0.14497057250860002,0.0,-1.0224213913332532e-13,-5.336658663347744,0.0,,0.0,0.2434498435152909,0.0,29.790414167165324,True
lift_and_cruse,app_transition,0.5431865293815348,0.0,741.4333201920314,417.4136069403411,190.54236235417966,0.8660671467016905,0.9544307325018937,0.14496532386227662,0.0,-1.0223684753200803e-13,-5.336658663347744,0.0,,0.0,0.2434468212058597,0.0,29.79117077133042,True
lift_and_cruse,hover_descent,0.0,0.7812243889991836,0.0,5.089124677971181e-12,-5.991188445325284,0.0,,0.0,2255.8086460479226,10898.090818931716,52.215929548376586,-0.09655178963091052,0.841506608438829,0.013096804618830272,0.0,0.5925489768782725,29.79117077133042,True
lift_and_cruse,hover_descent,0.0,0.7812043116387032,0.0,5.089125883621429e-12,-5.991188445325284,0.0,,0.0,2255.730987324377,10898.093400767833,52.21588017690282,-0.09655522781728366,0.841504486949428,0.013096744878291345,0.0,0.5925235329369818,29.80076147394789,True
lift_and_cruse,hover_descent,0.0,0.7811480650785619,0.0,5.089129261531557e-12,-5.991188445325284,0.0,,0.0,2255.513427082512,10898.100634383372,52.215741872469586,-0.09656486111965357,0.8414985429227442,0.0130965773459469,0.0,0.5924522522334612,29.827634025524656,True
lift_and_cruse,hover_descent,0.0,0.7810668098163265,0.0,5.089134142750873e-12,-5.991188445325284,0.0,,0.0,2255.1991338539337,10898.111087255875,52.21554210131046,-0.09657878090228582,0.841489954224471,0.013096334880758748,0.0,0.5923492789711422,29.866465987650724,True
lift_and_cruse,hover_descent,0.0,0.7809766556352539,0.0,5.089139560492004e-12,-5.991188445325284,0.0,,0.0,2254.8504198563887,10898.122689061416,52.21532048961886,-0.09659422966355846,0.8414804224166837,0.013096065246761017,0.0,0.5922350292605993,29.909566213984267,True
lift_and_cruse,hover_descent,0.0,0.7808954586846497,0.0,5.089144441704468e-12,-5.991188445325284,0.0,,0.0,2254.536352183837,10898.133141919245,52.21512093087282,-0.09660814758277911,0.8414718353928003,0.013095821847874126,0.0,0.5921321316563039,29.948398176110338,True
lift_and_cruse,hover_descent,0.0,0.7808392848379434,0.0,5.0891478196060024e-12,-5.991188445325284,0.0,,0.0,2254.319073205804,10898.140375516383,52.21498289131221,-0.096617778561506,0.8414658934540473,0.013095653151224818,0.0,0.592060945296814,29.975270727687104,True
lift_and_cruse,hover_descent,0.0,0.7808192398306759,0.0,5.089149025164641e-12,-5.991188445325284,0.0,,0.0,2254.2415396347606,10898.142957156322,52.21493363736576,-0.09662121571470324,0.8414637728931242,0.013095592892684813,0.0,0.5920355433368722,29.984861430304573,True
