eVTOL_type,mission_segment,SOC,battery_energy_kw_h,battery_power_kw,voltage_v,voltage_oc_v,current_a,C_Rating_instant,C_Rating_nominal,specific_power,time_min,fesibility
lift_and_cruse,hover_climb,1.0,93.75,17.863370997529092,476.18244471283504,483.0067116222034,37.51371180494004,0.19054262397364358,0.19054262397364358,35.726741995058184,0.0,True
lift_and_cruse,hover_climb,0.999981438024969,93.74825981484085,17.86381932033361,476.1794911994984,483.003965862424,37.514887138388865,0.19055094894824573,0.1905485938206304,35.72763864066722,0.005816550202492724,True
lift_and_cruse,hover_climb,0.9999294260311247,93.74338369041793,17.865075999337527,476.17121515929915,482.9962721504756,37.518181529237566,0.19057428253648923,0.1905653269522376,35.730151998675055,0.022114161707060362,True
lift_and_cruse,hover_climb,0.9998542600217036,93.73633687703472,17.86689289067476,476.1592546852781,482.98515358130504,37.52294433360121,0.1906080160879649,0.19058951856637701,35.73378578134952,0.04566489267813514,True
lift_and_cruse,hover_climb,0.9997708230429737,93.72851466027879,17.86891078392841,476.1459778308022,482.9728117461213,37.528233788618365,0.19064547900189133,0.1906163851863372,35.73782156785682,0.07180423201613484,True
lift_and_cruse,hover_climb,0.9996956408067293,93.72146632563087,17.87073000907269,476.1340142391667,482.96169109565915,37.533002249977876,0.19067925127887556,0.19064060553393922,35.74146001814538,0.09535496298720962,True
lift_and_cruse,hover_climb,0.9996436085783732,93.71658830422248,17.871989598342108,476.1257343113668,482.95399478840505,37.53630369510176,0.19070263315763017,0.1906573744961811,35.743979196684215,0.11165257449177725,True
lift_and_cruse,hover_climb,0.9996250375981396,93.71484727482559,17.87243926842118,476.1227790678851,482.95124789350353,37.537482277377684,0.19071098017909896,0.1906633608448685,35.74487853684236,0.11746912469427,True
lift_and_cruse,dep_transition,0.9996250375981396,93.71484727482559,105.01935748415112,464.19105613717045,505.3468270807847,226.24166509329112,1.1206266724621545,1.1063225629815814,210.03871496830223,0.11746912469427,True
lift_and_cruse,dep_transition,0.9996103595519338,93.71347120799379,106.00738970855265,463.9307848951966,505.49703641069385,228.4983170790241,1.1311863942636744,1.1173575993776586,212.0147794171053,0.11823143306016587,True
lift_and_cruse,dep_transition,0.9995684809267967,93.7095450868872,108.76129786695398,463.2036292791371,505.9165881288819,234.8024641943341,1.1606219353392122,1.1481849016393653,217.52259573390796,0.12036737363688922,True
lift_and_cruse,dep_transition,0.9995060230103903,93.70368965722407,112.69425186674498,462.16073040789627,506.5180142520059,243.84238749396906,1.2026674330633451,1.1923901593662525,225.38850373348996,0.12345389719762795,True
lift_and_cruse,dep_transition,0.9994340438846723,93.69694161418802,116.97977591458383,460.66987303802773,506.8628599297489,253.93452781599518,1.2484931169968132,1.2417407621494743,233.95955182916765,0.1268796798974504,True
lift_and_cruse,dep_transition,0.999366840315055,93.69064127953641,120.75592971222706,459.34232671061636,507.1641367325535,262.8894009944524,1.288882512395901,1.2855301244752892,241.51185942445412,0.1299662034581891,True
lift_and_cruse,dep_transition,0.9993190525876328,93.68616118009056,123.3161423925728,458.43740265356774,507.36942316991275,268.9931241484306,1.3162724100652066,1.3153773528390598,246.6322847851456,0.13210214403491247,True
lift_and_cruse,dep_transition,0.9993017472956488,93.68453880896708,124.2178644151773,458.11773460978355,507.44192284115763,271.1491982605602,1.3259205630683775,1.3259205630683775,248.4357288303546,0.13286445240080835,True
lift_and_cruse,second_climb,0.9993017472956488,93.68453880896708,105.78484365845783,463.94422772557607,505.4213965389756,228.01198363996517,1.1291601048250564,1.1291601048250564,211.56968731691566,0.13286445240080835,True
lift_and_cruse,second_climb,0.9988428766399912,93.64151968499918,105.79170665040482,463.87684780980453,505.36201764264194,228.0608353706098,1.1297567764434362,1.1294020281854649,211.58341330080964,0.15663192410422772,True
lift_and_cruse,second_climb,0.9975569693782552,93.52096587921142,105.81099805561365,463.68793522335926,505.1955846819881,228.19798723647946,1.1314324283227974,1.13008123115002,211.6219961112273,0.22322689995471218,True
lift_and_cruse,second_climb,0.9956983081539977,93.34671638943728,105.83903556363461,463.4146400440666,504.95493331252607,228.39688783430577,1.1338637892880026,1.1310662259573365,211.67807112726922,0.31945942825129264,True
lift_and_cruse,second_climb,0.9936346933283478,93.1532524995326,105.87037712040055,463.1108768139227,504.68762379736086,228.61863697862975,1.136576282483624,1.1321643712523886,211.7407542408011,0.4262694765503235,True
lift_and_cruse,second_climb,0.9917748450573727,92.97889172412869,105.89881506956252,462.83680819046225,504.44659931371524,228.8193173607158,1.1390327474947817,1.133158179900755,211.79763013912503,0.522502004846904,True
lift_and_cruse,second_climb,0.9904874575725008,92.85819914742196,105.91860605253736,462.646931063844,504.2797011128579,228.95868910589724,1.1407397066474878,1.1338483761434544,211.8372121050747,0.5890969806973884,True
lift_and_cruse,second_climb,0.9900279281547573,92.8151182645085,105.92569122243098,462.5791219195888,504.22011513932404,229.00852845377426,1.1413503100038853,1.1340951903782803,211.85138244486197,0.6128644524008079,True
lift_and_cruse,departure_terminal_procedures,0.9900279281547573,92.8151182645085,70.94420992731187,471.46475454440474,498.82578493891384,150.47616867162347,0.7643604970191339,0.7643604970191339,141.88841985462375,0.6128644524008079,True
lift_and_cruse,departure_terminal_procedures,0.9894810573969295,92.76384913096214,70.9442127241843,471.3802311159369,498.7455983938502,150.5036444206437,0.7647854563541867,0.7645000631535089,141.8884254483686,0.6554786644891804,True
lift_and_cruse,departure_terminal_procedures,0.9879487433440146,92.62019468850137,70.94421232962775,471.1433410254667,498.52088240064444,150.58068638797843,0.7659786066887623,0.7648914064270862,141.8884246592555,0.774881033421182,True
lift_and_cruse,departure_terminal_procedures,0.9857344429593639,92.41260402744037,70.94421175520648,470.80086120629386,498.1960617427395,150.69221033204917,0.7677093741492503,0.7654579047508537,141.88842351041296,0.9474224556558745,True
lift_and_cruse,departure_terminal_procedures,0.9832766959809909,92.18219024821789,70.94421111562984,470.42051010778704,497.835403934738,150.81626349991882,0.7696395954266645,0.7660880466655949,141.88842223125968,1.1389289864380012,True
lift_and_cruse,departure_terminal_procedures,0.9810622890788173,91.97458960113913,70.94421096746225,470.07762023378916,497.5103414124014,150.92827752256963,0.7713870301729046,0.7666570343982194,141.8884219349245,1.3114704086726938,True
lift_and_cruse,departure_terminal_procedures,0.9795298421958735,91.83092270586313,70.94421096678981,469.8402188399509,497.28532379220417,151.00593031124922,0.7726009633031581,0.7670514804070062,141.88842193357962,1.4308727776046954,True
lift_and_cruse,departure_terminal_procedures,0.9789829123241928,91.77964803039308,70.94421096655601,469.7554686010433,497.20500256253564,151.03367136196042,0.77303514000924,0.7671923941709372,141.88842193311203,1.473486989693068,True
lift_and_cruse,accel_climb,0.9789829123241928,91.77964803039308,110.00959487532643,459.7561064626686,503.24324442130757,239.27815928199024,1.1986273344239902,1.1986273344239902,220.01918975065286,1.473486989693068,True
lift_and_cruse,accel_climb,0.9765903919606714,91.55534924631294,110.28526741002928,459.34267268897446,502.9748600161691,240.0991829638523,1.2046024762173735,1.2027401269590143,220.57053482005855,1.592324348210165,True
lift_and_cruse,accel_climb,0.9698498980458365,90.92342794179717,111.20427200349705,458.1399789892168,502.24268911400765,242.75140974234318,1.2231624816230133,1.2160260512712453,222.4085440069941,1.9252992274625873,True
lift_and_cruse,accel_climb,0.9599906232113421,89.99912092606331,112.91266091023677,456.1694648313038,501.1316162903598,247.56988233822653,1.2548324869456868,1.2401634526158962,225.82532182047353,2.40646186894549,True
lift_and_cruse,accel_climb,0.9488391607239379,88.95367131786917,115.3108218713182,453.7355304102665,499.8874188989474,254.21389991866764,1.2966961004350157,1.2734456422909053,230.6216437426364,2.9405121104406438,True
lift_and_cruse,accel_climb,0.9385616788674388,87.99015739382239,117.90716025688013,451.35581814960744,498.7866024888305,261.3378418581683,1.3405630688601058,1.309131939624344,235.81432051376026,3.421674751923547,True
lift_and_cruse,accel_climb,0.9313011894902683,87.30948651471266,119.93051598245214,449.60317430173467,498.0305491074437,266.8811813030773,1.3743137322774257,1.3369004505598874,239.86103196490427,3.754649631175969,True
lift_and_cruse,accel_climb,0.9286779371203379,87.06355660503166,120.69496813367142,448.95638325246983,497.7609151646882,268.97765308481576,1.3870239054502096,1.3474024052346507,241.38993626734285,3.873486989693066,True
lift_and_cruse,cruise_0,0.9286779371203379,87.06355660503166,77.47350250288191,460.46000777128194,490.9873482022416,168.25240237011943,0.8898499616130385,0.8898499616130385,154.94700500576383,3.873486989693066,True
lift_and_cruse,cruise_0,0.9286199749230134,87.05812264903251,77.47350250287141,460.4509428016719,490.97885246148223,168.2557827180632,0.8899058631977796,0.8898678395300585,154.94700500574282,3.8776132868637987,True
lift_and_cruse,cruise_0,0.9284575683087805,87.04289702894816,77.47350250288113,460.4366775186033,490.9654163877568,168.26103297857284,0.8900617238731905,0.8898956070034924,154.94700500576226,3.8891749146156185,True
lift_and_cruse,cruise_0,0.9282228837268018,87.02089534938767,77.47350250289328,460.4233375939373,490.9528034647639,168.26602020941513,0.8902873535995278,0.889921983370849,154.94700500578656,3.9058819507782196,True
lift_and_cruse,cruise_0,0.927962403236084,86.99647530338288,77.47350250287366,460.40852594070657,490.93879974656033,168.271558003156,0.8905379178616744,0.8899512715443213,154.94700500574731,3.9244253619412457,True
lift_and_cruse,cruise_0,0.9277277181867428,86.97447358000714,77.47350250287967,460.39517619119954,490.92617884397043,168.27654953146344,0.8907637894366531,0.8899776706400263,154.94700500575934,3.941132398103847,True
lift_and_cruse,cruise_0,0.9275653109634086,86.95924790281956,77.47350250287708,460.3859351514443,490.9174426940523,168.28000496907453,0.890920164598906,0.8899959456897865,154.94700500575416,3.9526940258556666,True
lift_and_cruse,cruise_0,0.927507348470558,86.95381391911482,77.47350250287975,460.38263652257785,490.9143243597213,168.2812384367607,0.8909759875612495,0.8900024692291697,154.9470050057595,3.9568203230263994,True
lift_and_cruse,cruise_1,0.927507348470558,86.95381391911482,69.0966168186756,462.43267180750945,489.54227362164056,149.41984213312102,0.7946358383192909,0.7946358383192909,138.1932336373512,3.9568203230263994,True
lift_and_cruse,cruise_1,0.927455766291806,86.94897808985681,69.09661681868542,462.4295502808939,489.5393042894002,149.420870652368,0.79468013927601,0.7946413081300092,138.19323363737084,3.960946620197132,True
lift_and_cruse,cruise_1,0.9273112361856478,86.93542839240449,69.09661681866771,462.4208030394245,489.5309836715487,149.4237528777246,0.7948042941365304,0.7946566362118074,138.19323363733542,3.972508247948952,True
lift_and_cruse,cruise_1,0.9271023839929851,86.91584849934235,69.0966168186725,462.40816051804126,489.5189581195558,149.42791880000297,0.7949837717211198,0.7946787911752632,138.193233637345,3.989215284111553,True
lift_and_cruse,cruise_1,0.9268705753563405,86.89411643965694,69.0966168186713,462.39412506801546,489.505608118854,149.4325439897229,0.7951830718343218,0.7947033885878826,138.1932336373426,4.007758695274579,True
lift_and_cruse,cruise_1,0.9266617228190717,86.87453651428797,69.09661681866797,462.3814765819904,489.49357780053003,149.43671237165984,0.7953627207047275,0.7947255566321505,138.19323363733594,4.02446573143718,True
lift_and_cruse,cruise_1,0.9265171922831968,86.86098677654971,69.09661681867007,462.3727219027269,489.48525123916517,149.43959766422603,0.7954870891555538,0.7947409010258026,138.19323363734014,4.036027359189,True
lift_and_cruse,cruise_1,0.9264656099132029,86.85615092936277,69.09661681866886,462.369597065986,489.48227926180897,149.44062754846587,0.7955314851686944,0.794746378095746,138.19323363733773,4.040153656359733,True
lift_and_cruse,cruise_2,0.9264656099132029,86.85615092936277,69.72282866657656,462.2158085957361,489.5832256077962,150.84475123930778,0.802739102763172,0.802739102763172,139.44565733315312,4.040153656359733,True
lift_and_cruse,cruise_2,0.9264135515903175,86.85127046159225,69.7228286198055,462.2126682571681,489.58024030770576,150.84579644183677,0.8027843196558897,0.8027446649384112,139.445657239611,4.044279953530466,True
lift_and_cruse,cruise_2,0.9262676873564718,86.83759568966924,69.72282861980155,462.2038682364287,489.5718749392497,150.84872572355835,0.8029110432436745,0.8027602534753778,139.4456572396031,4.0558415812822854,True
lift_and_cruse,cruise_2,0.9260569072896099,86.81783505840093,69.72282861980158,462.19114934924505,489.55978463989885,150.85295968926627,0.8030942348955818,0.8027827850504283,139.44565723960315,4.072548617444887,True
lift_and_cruse,cruise_2,0.9258229588687267,86.79590239394312,69.72282861981547,462.17702900453884,489.5463626631327,150.85766046393,0.8032976602897802,0.8028078008073893,139.44565723963095,4.091092028607912,True
lift_and_cruse,cruise_2,0.9256121784476874,86.7761417294707,69.72282861982217,462.16430390937376,489.5342673957636,150.86189700177,0.803481028594655,0.8028303460703604,139.44565723964433,4.107799064770513,True
lift_and_cruse,cruise_2,0.9254663137721906,86.76246691614286,69.72282861981996,462.1554961474091,489.52589583228877,150.86482949087483,0.803607972465073,0.802845951675816,139.44565723963993,4.119360692522333,True
lift_and_cruse,cruise_2,0.9254142552527516,86.75758642994546,69.72282861981559,462.1523523522949,489.52290778277796,150.86587622554399,0.8036532879303284,0.8028515220045297,139.44565723963117,4.123486989693066,True
lift_and_cruse,cruise_3,0.9254142552527516,86.75758642994546,69.72228029530544,462.1512200117485,489.5215399879802,150.86464619423245,0.8036447665773215,0.8036447665773215,139.44456059061088,4.123486989693066,True
lift_and_cruse,cruise_3,0.9253621971406922,86.7527059819399,69.72228030216817,462.1480760159906,489.518551782744,150.86569300535228,0.8036900863214269,0.8036503428624173,139.44456060433635,4.127613286863799,True
lift_and_cruse,cruise_3,0.9252163334974517,86.73903126538609,69.72228030216978,462.13926578405307,489.51017824933683,150.8686264581489,0.8038170964567913,0.8036659691476171,139.44456060433956,4.1391749146156185,True
lift_and_cruse,cruise_3,0.9250055542837341,86.71927071410008,69.72228030216941,462.1265321398569,489.498076150222,150.87286645246454,0.8040007024221979,0.8036885552824607,139.44456060433882,4.15588195077822,True
lift_and_cruse,cruise_3,0.9247716068093487,86.69733813837644,69.72228030215948,462.1123954141604,489.4846410752249,150.87757392005634,0.8042045880023597,0.8037136316127305,139.44456060431895,4.174425361941245,True
lift_and_cruse,cruise_3,0.9245608272406961,86.67757755381527,69.72228030216543,462.09965555847134,489.47253400542775,150.8818164896201,0.8043883712209372,0.8037362314657296,139.44456060433086,4.191132398103846,True
lift_and_cruse,cruise_3,0.9244149631548592,86.66390279576805,69.72228030216901,462.09083758093,489.4641542736798,150.8847531536859,0.8045156023873788,0.8037518748571219,139.44456060433802,4.202694025855667,True
lift_and_cruse,cruise_3,0.9243629048458261,86.65902232929619,69.722280302165,462.08769013972557,489.46116330879903,150.88580137854953,0.80456102042043,0.8037574586731259,139.44456060433,4.206820323026399,True
lift_and_cruse,cruise_4,0.9243629048458261,86.65902232929619,69.72173035038902,462.08655712666905,489.4597943262284,150.88456756658354,0.8045524687025986,0.8045524687025986,139.44346070077805,4.206820323026399,True
lift_and_cruse,cruise_4,0.9243108469453957,86.65414190113084,69.72173034951022,462.08340948670576,489.45680320436423,150.88561585054126,0.804597890938316,0.8045580584024578,139.44346069902045,4.210946620197132,True
lift_and_cruse,cruise_4,0.9241649838950099,86.64046724015718,69.72173034961078,462.07458903808634,489.4484215019008,150.88855347949902,0.8047251885926503,0.8045737225400712,139.44346069922156,4.2225082479489515,True
lift_and_cruse,cruise_4,0.9239542055376897,86.6207067691584,69.72173034968401,462.0618406289607,489.4363075970736,150.89279950963996,0.8049092102756388,0.8045963633845735,139.44346069936802,4.239215284111554,True
lift_and_cruse,cruise_4,0.9237202590134161,86.59877428250776,69.72173034962711,462.04768751350286,489.42285941721724,150.8975136779365,0.8051135576004448,0.8046215004532746,139.44346069925422,4.257758695274579,True
lift_and_cruse,cruise_4,0.923509480300409,86.57901377816334,69.72173034962674,462.0349328893748,489.4107405390156,150.90176228627243,0.8052977571385929,0.804644155045327,139.44346069925348,4.2744657314371794,True
lift_and_cruse,cruise_4,0.9233636168064887,86.56533907560832,69.72173034963805,462.0261046907726,489.40235263485556,150.90470313019492,0.8054252765747795,0.8046598363258984,139.4434606992761,4.286027359189001,True
lift_and_cruse,cruise_4,0.9233115587086669,86.56045862893751,69.72173034961708,462.0229536015244,489.3993587531239,150.9057528469593,0.805470797523079,0.8046654336658242,139.44346069923415,4.290153656359733,True
lift_and_cruse,cruise_5,0.9233115587086669,86.56045862893751,69.72117874895636,462.0218199199766,489.3979885778331,150.9045152045682,0.8054622151187207,0.8054622151187207,139.44235749791272,4.290153656359733,True
lift_and_cruse,cruise_5,0.9232595010204758,86.55557822066962,69.72117898921127,462.01866857339274,489.3949945787088,150.90556552151875,0.8055077430690358,0.8054678212506274,139.44235797842254,4.294279953530465,True
lift_and_cruse,cruise_5,0.9231136385648729,86.54190361545683,69.72117885311918,462.00983793568986,489.3866046806561,150.90850702573385,0.8056353276428696,0.8054835217119268,139.44235770623837,4.3058415812822854,True
lift_and_cruse,cruise_5,0.9229028610671651,86.52214322504673,69.72117871392105,461.99707478752833,489.3744789412329,150.91275878610816,0.8058197648427493,0.8055062157467912,139.4423574278421,4.322548617444886,True
lift_and_cruse,cruise_5,0.9226689154969822,86.50021082784208,69.72117861460987,461.98290529758174,489.3610176335639,150.91747944034748,0.8060245743308453,0.8055314125317599,139.44235722921974,4.341092028607913,True
lift_and_cruse,cruise_5,0.9224581376434291,86.48045040407148,69.72117856677511,461.970135908683,489.34888693310114,150.92173398719927,0.8062091910469292,0.8055541214396208,139.44235713355022,4.357799064770513,True
lift_and_cruse,cruise_5,0.9223122747441267,86.46677575726187,69.72117855090488,461.96129748737894,489.34049084976505,150.92467898021033,0.8063369995464251,0.8055698405225851,139.44235710180976,4.369360692522334,True
lift_and_cruse,cruise_5,0.9222602168584871,86.46189533048317,69.72117854798033,461.9581427488245,489.3374940492256,150.9257301841452,0.8063826237255388,0.8055754513888258,139.44235709596066,4.373486989693066,True
lift_and_cruse,cruise_6,0.9222602168584871,86.46189533048317,69.72062723680992,461.9570079274816,489.33612299846726,150.92449305781608,0.8063740329710289,0.8063740329710289,139.44125447361984,4.373486989693066,True
lift_and_cruse,cruise_6,0.9222081593839698,86.45701494224717,69.72062522769947,461.95385347658333,489.3331257112311,150.92553982195426,0.8064196381908203,0.8063796257240843,139.44125045539894,4.377613286863798,True
lift_and_cruse,cruise_6,0.9220622975267555,86.44334039313333,69.72062521929712,461.9450125802174,489.32472765679785,150.92848579855948,0.806547513710692,0.8063953657738804,139.44125043859424,4.389174914615619,True
lift_and_cruse,cruise_6,0.9218515208930503,86.42358008372346,69.7206252047353,461.9322346209604,489.3125901201446,150.93274388869216,0.806732370892692,0.8064181163112085,139.4412504094706,4.40588195077822,True
lift_and_cruse,cruise_6,0.921617576281078,86.40164777635107,69.72062518782396,461.9180487035346,489.29911570784486,150.93747144469754,0.8069376462177077,0.8064433751563762,139.4412503756479,4.424425361941246,True
lift_and_cruse,cruise_6,0.9214067992902917,86.38188743346484,69.72062517565806,461.90526452157195,489.2869731928193,150.9417321248053,0.8071226824970047,0.8064661395316747,139.4412503513161,4.441132398103846,True
lift_and_cruse,cruise_6,0.9212609369878011,86.36821284260635,69.72062516269516,461.8964158674334,489.2785689292244,150.94468131425825,0.8072507812609713,0.8064818967473856,139.4412503253903,4.452694025855667,True
lift_and_cruse,cruise_6,0.9212088793151201,86.3633324357925,69.72062516013558,461.89325747679436,489.27556920892215,150.94573401450984,0.8072965090598165,0.8064875212164839,139.44125032027117,4.456820323026399,True
lift_and_cruse,cruise_7,0.9212088793151201,86.3633324357925,69.72007034842686,461.89212243373447,489.27419665818115,150.94448890051933,0.8072878660601719,0.8072878660601719,139.44014069685372,4.456820323026399,True
lift_and_cruse,cruise_7,0.9211568220545546,86.3584520676145,69.72007055602475,461.88896379325723,489.2711968156382,150.9455421328601,0.8073336005417369,0.8072934990030838,139.4401411120495,4.460946620197132,True
lift_and_cruse,cruise_7,0.921010960796559,86.3447775746774,69.72007055395743,461.88011266214903,489.2627905806419,150.94849231417462,0.8074617665898017,0.8073092772908188,139.44014110791485,4.472508247948952,True
lift_and_cruse,cruise_7,0.9208001850285255,86.32501734642427,69.72007055620101,461.8673199099862,489.2506412229017,150.952756498642,0.807647043930081,0.8073320831872396,139.44014111240202,4.489215284111553,True
lift_and_cruse,cruise_7,0.9205662413767665,86.30308512907186,69.72007055616976,461.8531175720991,489.2371536883787,150.95749081669732,0.807852785914688,0.8073574034725177,139.44014111233952,4.507758695274579,True
lift_and_cruse,cruise_7,0.9203554652512717,86.28332486730672,69.7200701591847,461.840318690661,489.22499928347355,150.96175669528904,0.8080382383209683,0.8073802184295279,139.4401403183694,4.5244657314371794,True
lift_and_cruse,cruise_7,0.9202096035483103,86.26965033265408,69.72006971827962,461.8314599023046,489.2165867644306,150.96470912051112,0.8081666233491439,0.8073960087182267,139.44013943655924,4.536027359189001,True
lift_and_cruse,cruise_7,0.9201575460897815,86.26476994591701,69.7200695643555,461.8282978942793,489.2135840978734,150.96576297884744,0.8082124533635557,0.8074016450091152,139.440139128711,4.540153656359733,True
lift_and_cruse,cruise_8,0.9201575460897815,86.26476994591701,69.71951393448676,461.8271619781494,489.2122104872511,150.96451589347123,0.8082037890809554,0.8082037890809554,139.4390278689735,4.540153656359733,True
lift_and_cruse,cruise_8,0.9201054890441529,86.25988959788933,69.71951393447291,461.8239997339457,489.20920768922116,150.96557015768227,0.8082496251426036,0.8082094331909305,139.43902786894583,4.544279953530465,True
lift_and_cruse,cruise_8,0.9199596283884124,86.24621516141367,69.71951393447578,461.81513836357027,489.2007932687859,150.9685245392249,0.8083780826572265,0.8082252497710255,139.43902786895157,4.5558415812822854,True
lift_and_cruse,cruise_8,0.9197488534902677,86.2264550147126,69.71951393448198,461.80233081505384,489.18863208078284,150.97279478276866,0.8085637813644234,0.8082481109512966,139.43902786896396,4.572548617444886,True
lift_and_cruse,cruise_8,0.9195149108037474,86.20452288785131,69.71951393448026,461.7881120518647,489.1751314145554,150.97753583320454,0.8087699914001121,0.8082734926438342,139.43902786896052,4.591092028607913,True
lift_and_cruse,cruise_8,0.9193041355469594,86.18476270752745,69.71951393447858,461.77529827403663,489.1629652423234,150.98180866770463,0.8089558704022917,0.8082963676950518,139.43902786895717,4.607799064770513,True
lift_and_cruse,cruise_8,0.9191582744439986,86.17108822912486,69.71951393447489,461.7664291358354,489.15454460665666,150.98476628012435,0.8090845527411737,0.8083122015719737,139.43902786894978,4.619360692522334,True
lift_and_cruse,cruise_8,0.9191062171993383,86.16620786243797,69.71951393449113,461.7632634346161,489.1515390425939,150.98582198228476,0.8091304888594313,0.8083178533801562,139.43902786898227,4.623486989693066,True
lift_and_cruse,cruise_9,0.9191062171993383,86.16620786243797,69.71895562159726,461.76212709506626,489.1501640632093,150.98456874364592,0.8091217816258276,0.8091217816258276,139.43791124319452,4.623486989693066,True
lift_and_cruse,cruise_9,0.9190541603695416,86.16132753464451,69.7189556215941,461.75896119488664,489.1471583423485,150.98562450686296,0.8091677220225865,0.8091274394292856,139.4379112431882,4.627613286863798,True
lift_and_cruse,cruise_9,0.9189083003184361,86.14765315485339,69.71895562159689,461.7500895801462,489.13873573189557,150.98858308894506,0.8092964719721085,0.8091432943820485,139.43791124319378,4.639174914615619,True
lift_and_cruse,cruise_9,0.918697526293722,86.12789309003645,69.71895562159727,461.73726722664645,489.1265627078708,150.9928594037064,0.8094825935068644,0.8091662110247708,139.43791124319455,4.65588195077822,True
lift_and_cruse,cruise_9,0.9184635845762338,86.10596105402192,69.71895562158893,461.7230320291596,489.11304890312357,150.9976071944485,0.8096892731878091,0.8091916542931525,139.43791124317787,4.674425361941246,True
lift_and_cruse,cruise_9,0.9182528101921502,86.08620095551409,69.71895562159887,461.71020344272756,489.10087089212,151.00188610338338,0.8098755756344361,0.8092145848379731,139.43791124319773,4.691132398103846,True
lift_and_cruse,cruise_9,0.9181069496929183,86.07252653371108,69.71895562159288,461.7013240556521,489.0924420630025,151.00484792030238,0.8100045511771966,0.8092304571261302,139.43791124318577,4.702694025855667,True
lift_and_cruse,cruise_9,0.9180548926636866,86.06764618722062,69.71895562158855,461.69815469645715,489.08943357457605,151.00590512316327,0.8100505919724422,0.8092361226445964,139.4379112431771,4.706820323026399,True
lift_and_cruse,cruise_10,0.9180548926636866,86.06764618722062,70.63310330255018,461.47594611875513,489.23965109867845,153.05912235861965,0.820669629431994,0.820669629431994,141.26620660510036,4.706820323026399,True
lift_and_cruse,cruise_10,0.9180021405042261,86.06270067227119,70.63310330288463,461.47275366252467,489.2366228970165,153.06020262191475,0.8207169032383907,0.8206754215681595,141.26620660576927,4.710946620197132,True
lift_and_cruse,cruise_10,0.9178543321805208,86.04884364192382,70.63310330287435,461.4638075828914,489.22813724955404,153.06322987599862,0.8208493905326643,0.8206916530442645,141.2662066057487,4.722508247948952,True
lift_and_cruse,cruise_10,0.9176407428146609,86.02881963887447,70.6331033028745,461.45087747678684,489.2158730119047,153.06760549362644,0.8210409158791601,0.8207151141515924,141.266206605749,4.739215284111553,True
lift_and_cruse,cruise_10,0.9174036762963934,86.00659465278687,70.63310330290345,461.43652247845614,489.20225779810033,153.07246359771648,0.8212535977606181,0.8207411622460925,141.2662066058069,4.757758695274579,True
lift_and_cruse,cruise_10,0.9171900865570104,85.98657061471972,70.63310330287568,461.42358577096604,489.18998826787754,153.07684198136798,0.8214453119897646,0.820764638184236,141.26620660575136,4.7744657314371794,True
lift_and_cruse,cruise_10,0.9170422777675297,85.97271354070591,70.63310330287342,461.4146314595291,489.1814960206906,153.0798726847208,0.821578034817396,0.8207808881545687,141.26620660574685,4.786027359189001,True
lift_and_cruse,cruise_10,0.9169895254007797,85.9677680063231,70.63310330287845,461.41143533988134,489.1784648818193,153.08095448233766,0.8216254134421548,0.8207866885174329,141.2662066057569,4.790153656359733,True
lift_and_cruse,cruise_11,0.9169895254007797,85.9677680063231,69.19657350011994,461.75684333154436,488.9387133379893,149.8550037740031,0.8049129936121036,0.8049129936121036,138.39314700023988,4.790153656359733,True
lift_and_cruse,cruise_11,0.9169378652176112,85.96292486415105,69.19657349991311,461.7536834430031,488.93571318894936,149.8560494492192,0.8049584507361348,0.8049186102251451,138.39314699982623,4.794279953530465,True
lift_and_cruse,cruise_11,0.9167931165465992,85.94935467624367,69.19657349994914,461.7448287021622,488.92730621529563,149.8589797534971,0.8050858461522014,0.8049343497061708,138.39314699989828,4.8058415812822854,True
lift_and_cruse,cruise_11,0.9165839485150967,85.92974517329033,69.19657349994483,461.7320308097915,488.9151558516821,149.8632151711169,0.8052700091813266,0.8049570993147238,138.39314699988967,4.822548617444886,True
lift_and_cruse,cruise_11,0.9163517893189821,85.90798024865457,69.19657349994375,461.71782286955255,488.9016672874982,149.86791752184254,0.8054745134956484,0.8049823569511341,138.3931469998875,4.841092028607913,True
lift_and_cruse,cruise_11,0.9161426209342192,85.88837071258305,69.19657349994871,461.7050189378702,488.88951209801047,149.8721554477789,0.8056588545710827,0.8050051200325543,138.39314699989743,4.857799064770513,True
lift_and_cruse,cruise_11,0.9159978718226989,85.87480048337802,69.19657349994324,461.6961566661434,488.8810991065811,149.8750888797578,0.8057864720067046,0.805020876313334,138.39314699988648,4.869360692522334,True
lift_and_cruse,cruise_11,0.9159462114434856,85.86995732282678,69.19657349994664,461.69299342598714,488.8780962794169,149.87613594744641,0.8058320279414204,0.8050265004057334,138.39314699989328,4.873486989693066,True
lift_and_cruse,cruise_12,0.9159462114434856,85.86995732282678,69.71716463077259,461.56628478369726,488.96334485892726,151.0447511638436,0.8118923870973026,0.8118923870973026,139.43432926154517,4.873486989693066,True
lift_and_cruse,cruise_12,0.9158941553459078,85.86507706367885,69.71716462898024,461.56310787313635,488.9603303338522,151.04581144054777,0.8119386430878719,0.8118980862730613,139.43432925796048,4.877613286863798,True
lift_and_cruse,cruise_12,0.9157482973461004,85.85140287619693,69.71716463043984,461.55420540475296,488.9518830543355,151.04878268514946,0.812068277674343,0.8119140572409614,139.43432926087968,4.889174914615619,True
lift_and_cruse,cruise_12,0.9155375262847293,85.83164308919336,69.71716462992038,461.5413384627028,488.9396743787112,151.05307729573323,0.8122556782646582,0.8119371415362556,139.43432925984075,4.90588195077822,True
lift_and_cruse,cruise_12,0.9153035878551095,85.80971136141652,69.71716462960644,461.5270537695294,488.9261209991013,151.05784539924358,0.8124637786304644,0.811962770940198,139.4343292592129,4.924425361941246,True
lift_and_cruse,cruise_12,0.9150928164322133,85.78995154052,69.71716463017302,461.51418058335514,488.9139073283517,151.0621426160228,0.8126513620149449,0.8119858692442561,139.43432926034603,4.941132398103846,True
lift_and_cruse,cruise_12,0.9149469579815906,85.77627731077412,69.71716462899748,461.5052703296375,488.90545381935164,151.06511710153768,0.8127812244955808,0.8120018576326407,139.43432925799496,4.952694025855667,True
lift_and_cruse,cruise_12,0.9148949016833812,85.77139703281699,69.71716462995776,461.5020899533307,488.90243652254867,151.06617882940031,0.8128275819543581,0.8120075646086341,139.43432925991553,4.956820323026399,True
lift_and_cruse,cruise_13,0.9148949016833812,85.77139703281699,69.86442228858085,461.4653535967614,488.9256749551768,151.39689630877498,0.8145421982791098,0.8145421982791098,139.7288445771617,4.956820323026399,True
lift_and_cruse,cruise_13,0.914842733422744,85.76650625838225,69.86442054283006,461.4621696336035,488.9226539543399,151.39795792111798,0.8145887385210823,0.8145479099421139,139.72884108566012,4.960946620197132,True
lift_and_cruse,cruise_13,0.9146965611485829,85.75280260767966,69.86442054545459,461.4532462179367,488.9141893361935,151.40094388826404,0.814719226814429,0.8145639749758262,139.72884109090919,4.972508247948952,True
lift_and_cruse,cruise_13,0.914485335946449,85.73300024497959,69.8644205499938,461.4403489806591,488.90195558567797,151.4052597931175,0.8149078618129274,0.8145871953106719,139.7288410999876,4.989215284111553,True
lift_and_cruse,cruise_13,0.9142508934569921,85.711021261593,69.86442055503223,461.42603062817125,488.8883743467481,151.41005154752995,0.8151173332721652,0.8146129758006813,139.72884111006445,5.007758695274579,True
lift_and_cruse,cruise_13,0.9140396678904216,85.69121886472702,69.8644205596796,461.41312708535105,488.8761355500425,151.41437008637206,0.8153061528684807,0.814636210306854,139.7288411193592,5.0244657314371794,True
lift_and_cruse,cruise_13,0.9138934951618161,85.67751517142027,69.86442056255476,461.40419580677434,488.8676646394177,151.41735933829457,0.8154368713528721,0.8146522930132472,139.7288411251095,5.036027359189001,True
lift_and_cruse,cruise_13,0.9138413266989328,85.67262437802495,69.86442056397205,461.40100792363194,488.86464112908305,151.4184263356454,0.8154835344042208,0.8146580336485499,139.7288411279441,5.040153656359733,True
lift_and_cruse,cruise_14,0.9138413266989328,85.67262437802495,69.33519333460293,461.52700940190465,488.7750767570161,150.2299798758352,0.8093039502171131,0.8093039502171131,138.67038666920587,5.040153656359733,True
lift_and_cruse,cruise_14,0.9137895605419979,85.66777130081229,69.33518834573256,461.5238362899815,488.7720640399965,150.2310223045912,0.8093498487350432,0.8093095658852424,138.67037669146512,5.044279953530465,True
lift_and_cruse,cruise_14,0.9136445149366529,85.65417327531121,69.3351874577019,461.5149413407095,488.76362402610863,150.23397290422176,0.8094786341514861,0.8093254610610155,138.6703749154038,5.0558415812822854,True
lift_and_cruse,cruise_14,0.9134349178282666,85.63452354639999,69.33518521886658,461.50208554957186,488.7514257376371,150.23823551759835,0.8096647958003873,0.8093484241862637,138.67037043773317,5.072548617444886,True
lift_and_cruse,cruise_14,0.9132022823904078,85.61271397410073,69.33518715912763,461.48781224723626,488.7378846899872,150.24297800705338,0.8098715717265987,0.809373972452016,138.67037431825526,5.091092028607913,True
lift_and_cruse,cruise_14,0.9129926849180308,85.59306421106538,69.33518889957632,461.47494939582236,488.7256821867886,150.24725209679409,0.8100579608559663,0.8093969974015872,138.67037779915265,5.107799064770513,True
lift_and_cruse,cruise_14,0.9128476388650865,85.57946614360185,69.33518964361119,461.4660464430583,488.71723636173147,150.25020953081165,0.8101869910368501,0.8094129293948877,138.67037928722237,5.119360692522334,True
lift_and_cruse,cruise_14,0.9127958725081071,85.57461304763504,69.33518988914157,461.4628686852669,488.7142218101354,150.2512651216731,0.8102330511040977,0.8094186159685975,138.67037977828315,5.123486989693066,True
lift_and_cruse,cruise_15,0.9127958725081071,85.57461304763504,69.71681652149773,461.36992409747984,488.7767057503578,151.10828183669744,0.8146904092068741,0.8146904092068741,139.43363304299547,5.123486989693066,True
lift_and_cruse,cruise_15,0.9127438160436478,85.56973275409197,69.71681654434016,461.36673616694384,488.7736824243295,151.10934671954968,0.8147369853388239,0.8146961504530592,139.43363308868032,5.127613286863798,True
lift_and_cruse,cruise_15,0.9125979570155219,85.55605847020519,69.71681654491334,461.3578028362944,488.7652104720443,151.11233071478526,0.8148675164170126,0.8147122384680244,139.43363308982669,5.139174914615619,True
lift_and_cruse,cruise_15,0.9123871844673453,85.53629854381363,69.71681654220173,461.3448912925419,488.7529661395188,151.11664375249634,0.8150562132259983,0.8147354919284904,139.43363308440345,5.15588195077822,True
lift_and_cruse,cruise_15,0.9121532443863024,85.51436666121586,69.71681654621466,461.33055708714454,488.7393731799279,151.1214323292652,0.8152657534197293,0.814761309226655,139.43363309242932,5.174425361941246,True
lift_and_cruse,cruise_15,0.911942471474459,85.49460670073053,69.71681654480955,461.31763928759597,488.7271238434146,151.1257479835927,0.8154546349269005,0.8147845767944372,139.4336330896191,5.191132398103846,True
lift_and_cruse,cruise_15,0.9117966119928635,85.48093237433095,69.71681654457957,461.308698156681,488.71864565085247,151.12873523623287,0.8155853962915782,0.814800682371486,139.43363308915914,5.202694025855667,True
lift_and_cruse,cruise_15,0.9117445553265868,85.47605206186752,69.71681654448382,461.30550676012587,488.71561954386584,151.12980151804567,0.8156320746468048,0.8148064311600753,139.43363308896764,5.206820323026399,True
lift_and_cruse,cruise_16,0.9117445553265868,85.47605206186752,69.85689786847114,461.2706020652712,488.73778177728985,151.4445047130625,0.8172686522525485,0.8172686522525485,139.71379573694227,5.206820323026399,True
lift_and_cruse,cruise_16,0.9116923921502408,85.47116176408507,69.85689765629026,461.2674068345388,488.7347523286224,151.44557417500434,0.817315522972403,0.8172744235924957,139.71379531258052,5.210946620197132,True
lift_and_cruse,cruise_16,0.9115462341216366,85.45745944890344,69.8568976562665,461.2584528822425,488.7262633236602,151.44857248233214,0.817446887432845,0.8172906039259682,139.713795312533,5.222508247948952,True
lift_and_cruse,cruise_16,0.9113350295041239,85.43765901601162,69.85689765633525,461.24551151483456,488.7139943304014,151.45290622133524,0.8176367892684929,0.817313990902214,139.7137953126705,5.239215284111553,True
lift_and_cruse,cruise_16,0.911100609860761,85.41568217444635,69.85689765624909,461.2311441766816,488.70037397125526,151.45771777465143,0.8178476678430181,0.8173399563982973,139.71379531249818,5.257758695274579,True
lift_and_cruse,cruise_16,0.91088940487681,85.39588170720094,69.85689765629546,461.21819649483155,488.6880999251199,151.46205415608057,0.8180377561389982,0.817363357634367,139.71379531259092,5.2744657314371794,True
lift_and_cruse,cruise_16,0.910743246391264,85.38217934918102,69.85689765623866,461.2092346685546,488.67960461932313,151.465055758458,0.8181693531117208,0.8173795557495396,139.71379531247732,5.286027359189001,True
lift_and_cruse,cruise_16,0.9106910830115601,85.37728903233376,69.85689765638564,461.20603588262685,488.67657240204744,151.46612716360664,0.8182163297919295,0.8173853375759815,139.71379531277128,5.290153656359733,True
lift_and_cruse,cruise_17,0.9106910830115601,85.37728903233376,69.71509208264659,461.23875731127083,488.6514989998993,151.14751520241145,0.8165531240543893,0.8165531240543893,139.43018416529318,5.290153656359733,True
lift_and_cruse,cruise_17,0.9106390274342924,85.37240882196491,69.71509208264698,461.2355620466827,488.6484698037974,151.1485830486018,0.816599913449379,0.8165588929427602,139.43018416529395,5.294279953530465,True
lift_and_cruse,cruise_17,0.9104931708918196,85.35873477110808,69.7150920826517,461.22660815011693,488.6399814136816,151.15157549039526,0.816731043014221,0.8165750591873174,139.4301841653034,5.3058415812822854,True
lift_and_cruse,cruise_17,0.910282401934949,85.33897518140148,69.71509208264936,461.21366688399695,488.62771332617746,151.15590074423858,0.8169206052124853,0.8165984257609152,139.43018416529873,5.322548617444886,True
lift_and_cruse,cruise_17,0.9100484658391931,85.31704367242436,69.71509208265493,461.19929968691554,488.6140939963075,151.16070286769425,0.8171311065399166,0.8166243685553076,139.43018416530987,5.341092028607913,True
lift_and_cruse,cruise_17,0.9098376965172815,85.29728404849514,69.71509208264851,461.18635215804954,488.6018208990637,151.16503074162748,0.8173208546939725,0.8166477492835714,139.43018416529702,5.357799064770513,True
lift_and_cruse,cruise_17,0.9096918395196099,85.28360995496342,69.7150920826458,461.17739045196765,488.59332626190405,151.16802645061475,0.8174522161419266,0.8166639331786824,139.4301841652916,5.369360692522334,True
lift_and_cruse,cruise_17,0.9096397837397596,85.27872972560246,69.71509208264894,461.17419171181615,488.59029428560694,151.16909575085637,0.8174991087346994,0.8166697099223601,139.43018416529787,5.373486989693066,True
lift_and_cruse,cruise_18,0.9096397837397596,85.27872972560246,69.71451758749676,461.1730495497796,488.5889082050996,151.16780491738513,0.8174901034737962,0.8174901034737962,139.42903517499352,5.373486989693066,True
lift_and_cruse,cruise_18,0.9095877283869176,85.27384953627353,69.71451758749889,461.16985061069335,488.5858760721033,151.16887427877654,0.8175370004666567,0.8174958864006239,139.42903517499778,5.377613286863798,True
lift_and_cruse,cruise_18,0.9094418724731655,85.26017554435927,69.71451758749129,461.16088641783796,488.5773794525471,151.1718709665325,0.817668431612576,0.8175120919847761,139.42903517498257,5.389174914615619,True
lift_and_cruse,cruise_18,0.9092311044245455,85.24041603980115,69.71451758750102,461.1479302716328,488.5650994720092,151.17620235734532,0.8178584298657532,0.8175355154189239,139.42903517500204,5.40588195077822,True
lift_and_cruse,cruise_18,0.9089971693364886,85.2184846252958,69.71451758751678,461.13354655681434,488.55146694027087,151.1810112941319,0.8180694155339995,0.817561521341504,139.42903517503356,5.424425361941246,True
lift_and_cruse,cruise_18,0.9087864009221371,85.19872508645035,69.7145175875174,461.1205841440975,488.53918194711406,151.18534530829638,0.8182596003854503,0.8175849589622969,139.4290351750348,5.441132398103846,True
lift_and_cruse,cruise_18,0.9086405445523257,85.18505105178053,69.71451758751108,461.1116121370269,488.53067907692656,151.1883452673461,0.8183912642158149,0.8176011822370566,139.42903517502216,5.452694025855667,True
lift_and_cruse,cruise_18,0.9085884889965181,85.18017084342358,69.714517587508,461.1084097202888,488.52764416213637,151.18941608458695,0.8184382647629467,0.8176069730368734,139.429035175016,5.456820323026399,True
lift_and_cruse,cruise_19,0.9085884889965181,85.18017084342358,69.71394127613172,461.1072669129776,488.5262568414607,151.18812102626995,0.8184292257910417,0.8184292257910417,139.42788255226344,5.456820323026399,True
lift_and_cruse,cruise_19,0.9085364338690806,85.17529067522631,69.71394127415329,461.1040642977818,488.5232217696506,151.18919190022763,0.8184762307288364,0.8184350227712419,139.42788254830657,5.460946620197132,True
lift_and_cruse,cruise_19,0.9083905785868118,85.1616167425136,69.713941270318,461.0950898037044,488.514716915568,151.1921928304746,0.8186079644491379,0.8184512677579645,139.427882540636,5.472508247948952,True
lift_and_cruse,cruise_19,0.9081798114504268,85.14185732347751,69.71394127416202,461.08211876804603,488.50242503621257,151.19653037422674,0.8187984003034232,0.8184747482572974,139.42788254832405,5.489215284111553,True
lift_and_cruse,cruise_19,0.9079458773744942,85.11992600385882,69.71394127142202,461.0677185267602,488.488779294999,151.20134612632708,0.8190098719479644,0.8185008174500114,139.42788254284403,5.507758695274579,True
lift_and_cruse,cruise_19,0.9077351098716973,85.10016655047163,69.71394127084923,461.05474122186206,488.4764823993916,151.20568628680869,0.8192004949942402,0.8185243121145303,139.42788254169847,5.5244657314371794,True
lift_and_cruse,cruise_19,0.9075892541325117,85.08649257492297,69.71394127112488,461.0457589078689,488.4679712917632,151.20869050167883,0.8193324622521578,0.8185405748819593,139.42788254224976,5.536027359189001,True
lift_and_cruse,cruise_19,0.9075371988017329,85.08161238766246,69.71394127415249,461.0425528117241,488.4649334373991,151.20976284456992,0.8193795711613128,0.8185463798139618,139.42788254830498,5.540153656359733,True
lift_and_cruse,cruise_20,0.9075371988017329,85.08161238766246,69.71336312960109,461.0414093620038,488.4635448723167,151.20846352190281,0.8193704981983889,0.8193704981983889,139.42672625920218,5.540153656359733,True
lift_and_cruse,cruise_20,0.9074851439007027,85.07673224069086,69.71336312961216,461.0382030676552,488.46050686076904,151.20953591917427,0.819417611499744,0.8193763093194473,139.42672625922432,5.544279953530465,True
lift_and_cruse,cruise_20,0.9073392892526876,85.06305836743945,69.71336312959623,461.0292182646556,488.4519937689822,151.21254111421794,0.8195496489270949,0.8193925939116107,139.42672625919246,5.5558415812822854,True
lift_and_cruse,cruise_20,0.9071285230325603,85.04329903430254,69.71336312960538,461.01623233289035,488.4396899830622,151.2168848010767,0.8197405238005868,0.8194161315415991,139.42672625921077,5.572548617444886,True
lift_and_cruse,cruise_20,0.9068945899732164,85.02136780998904,69.71336312961094,461.001815554391,488.4260310261263,151.2217073890723,0.8199524831616112,0.8194422642476429,139.42672625922188,5.591092028607913,True
lift_and_cruse,cruise_20,0.9066838233859876,85.00160844243634,69.71336312961054,460.98882334853266,488.4137222217911,151.22605370585822,0.8201435459273227,0.8194658161287166,139.42672625922108,5.607799064770513,True
lift_and_cruse,cruise_20,0.9065379682802043,84.98793452626914,69.71336312960499,460.9798307218614,488.405202872146,151.22906218041578,0.8202758176527514,0.819482118491955,139.42672625920997,5.619360692522334,True
lift_and_cruse,cruise_20,0.9064859131754481,84.98305436019827,69.71336312960538,460.976620945655,488.40216207558694,151.23013603717504,0.8203230352264081,0.8194879375217059,139.42672625921077,5.623486989693066,True
lift_and_cruse,cruise_21,0.9064859131754481,84.98305436019827,69.71278314072069,460.97547685500444,488.4007722628308,151.22883242365657,0.8203139280596459,0.8203139280596459,139.42556628144138,5.623486989693066,True
lift_and_cruse,cruise_21,0.9064338585018277,84.97817423454634,69.71278314076417,460.9722668798687,488.39773130961663,151.22990634167715,0.8203611500753174,0.8203197533371128,139.42556628152835,5.627613286863798,True
lift_and_cruse,cruise_21,0.9062880044908954,84.96450042102146,69.7127831407661,460.9632717629637,488.38920997500225,151.23291579810618,0.8204934922126589,0.8203360775987305,139.4255662815322,5.639174914615619,True
lift_and_cruse,cruise_21,0.9060772391911067,84.94474117416625,69.7127831407219,460.95027092566414,488.3768942766695,151.237265643993,0.8206848076647807,0.8203596725647743,139.4255662814438,5.65588195077822,True
lift_and_cruse,cruise_21,0.9058433071528835,84.92281004558284,69.71278314071552,460.9358376011427,488.36322209634255,151.24209506993327,0.8208972563931,0.8203858689275964,139.42556628143103,5.674425361941246,True
lift_and_cruse,cruise_21,0.9056325414853129,84.90305076424809,69.7127831407155,460.92283048592253,488.35090137668567,151.246447549171,0.8210887603895147,0.8204094781777842,139.425566281431,5.691132398103846,True
lift_and_cruse,cruise_21,0.9054866870157641,84.88937690772788,69.71278314071472,460.91382754059197,488.3423737805721,151.2494602892048,0.8212213376371225,0.8204258202507324,139.42556628142944,5.702694025855667,True
lift_and_cruse,cruise_21,0.90543463213804,84.88449676294124,69.7127831407207,460.91061408148767,488.33933004072236,151.25053566848513,0.8212686642862991,0.8204316534545433,139.4255662814414,5.706820323026399,True
lift_and_cruse,cruise_22,0.90543463213804,84.88449676294124,69.712201294356,460.9094693518612,488.3379389766876,151.24922773313162,0.8212595226787203,0.8212595226787203,139.424402588712,5.706820323026399,True
lift_and_cruse,cruise_22,0.9053825776967939,84.87961665907443,69.71219822068454,460.9062564371491,488.3348945675988,151.25029624816418,0.8213068174984299,0.8212653245473233,139.42439644136908,5.710946620197132,True
lift_and_cruse,cruise_22,0.9052367243307567,84.86594290600846,69.71219799125103,460.89725105519716,488.32636494665826,151.25330945401421,0.8214394626777974,0.8212816857812629,139.42439598250206,5.722508247948952,True
lift_and_cruse,cruise_22,0.9050259599686743,84.84618374706322,69.71219763179117,460.88423538984773,488.31403726856087,151.25766465636232,0.8216312159639649,0.8213053338451585,139.42439526358234,5.739215284111553,True
lift_and_cruse,cruise_22,0.9047920289591722,84.8242527149224,69.71220282360221,460.8697842527627,488.3003527230932,151.26251263286082,0.8218442170887936,0.8213316575952019,139.42440564720442,5.757758695274579,True
lift_and_cruse,cruise_22,0.9045812642091645,84.80449351960917,69.71220327102982,460.85676211483764,488.2880201589956,151.2668722866344,0.8220361691227782,0.8213553298296377,139.42440654205964,5.7744657314371794,True
lift_and_cruse,cruise_22,0.9044354103743666,84.79081972259688,69.71220357903356,460.8477487727747,488.2794843651764,151.26988998893992,0.8221690565863206,0.8213717154786235,139.4244071580671,5.786027359189001,True
lift_and_cruse,cruise_22,0.9043833557228949,84.78593959902139,69.71220368581527,460.84453160363006,488.27643769887993,151.27096713236253,0.8222164939497392,0.8213775641980278,139.42440737163054,5.790153656359733,True
lift_and_cruse,cruise_23,0.9043833557228949,84.78593959902139,69.7116175766305,460.8433868126712,488.2750449782903,151.2696494546157,0.8222072893963099,0.8222072893963099,139.423235153261,5.790153656359733,True
lift_and_cruse,cruise_23,0.904331301507166,84.78105951629682,69.71161757327309,460.8401694704586,488.27199813632046,151.27072641173922,0.822254729927091,0.8222131430622669,139.42323514654618,5.794279953530465,True
lift_and_cruse,cruise_23,0.9041854487790016,84.76738582303139,69.7116175732721,460.8311537079775,488.263460302515,151.2737444063154,0.8223876846458946,0.8222295469949052,139.4232351465442,5.8058415812822854,True
lift_and_cruse,cruise_23,0.9039746853323283,84.74762674990578,69.71161757328919,460.81812303386636,488.251120759819,151.2781065929878,0.8225798858299629,0.8222532571158231,139.42323514657838,5.822548617444886,True
lift_and_cruse,cruise_23,0.9037407553501514,84.7256958140767,69.71161757330047,460.8036565887354,488.2374221109772,151.28294971973554,0.8227933183736891,0.8222795813264616,139.42323514660094,5.841092028607913,True
lift_and_cruse,cruise_23,0.9035299915343517,84.70593670634545,69.71161756674292,460.7906196305743,488.2250775399801,151.28731453178796,0.8229857093372529,0.8223033057173046,139.42323513348583,5.857799064770513,True
lift_and_cruse,cruise_23,0.903384138345901,84.69226296992821,69.71161756652616,460.78159603014427,488.2165334373147,151.2903358177832,0.8231189007997968,0.8223197275400402,139.42323513305232,5.869360692522334,True
lift_and_cruse,cruise_23,0.903332083925321,84.68738286799885,69.71161756644416,460.77837519890016,488.21348380601967,151.29141424742343,0.8231664467318635,0.8223255892096779,139.42323513288832,5.873486989693066,True
lift_and_cruse,cruise_24,0.903332083925321,84.68738286799885,69.71103124991036,460.77722936760165,488.21209010714864,151.29009596586616,0.8231572270755854,0.8231572270755854,139.42206249982073,5.873486989693066,True
lift_and_cruse,cruise_24,0.9032800299400889,84.68250280688333,69.71103197444006,460.77400816495367,488.20904044216803,151.29117608590101,0.8232047860473014,0.823163103921701,139.42206394888012,5.877613286863798,True
lift_and_cruse,cruise_24,0.903134177857666,84.66882917415619,69.71103197444205,460.76498207074906,488.20049435196415,151.29419835732276,0.8233380486475225,0.8231795478570896,139.4220639488841,5.889174914615619,True
lift_and_cruse,cruise_24,0.9029234153438409,84.64907018848508,69.71103197454093,460.75193646529976,488.1881428772559,151.29856672572703,0.8235306949985374,0.8232033157977439,139.42206394908186,5.90588195077822,True
lift_and_cruse,cruise_24,0.9026894863966799,84.62713934968873,69.71103197444128,460.7374534455393,488.174430983205,151.30341671507557,0.8237446220042833,0.8232297041991656,139.42206394888257,5.924425361941246,True
lift_and_cruse,cruise_24,0.9024787235130481,84.60738032934826,69.71103197446928,460.7244015506573,488.1620744783201,151.30778772654492,0.8239374588706556,0.8232534865205242,139.42206394893856,5.941132398103846,True
lift_and_cruse,cruise_24,0.9023328709694836,84.59370665338909,69.71103197448204,460.7153676136347,488.1535221156052,151.31081329403708,0.8240709590408696,0.8232699483895665,139.42206394896408,5.952694025855667,True
lift_and_cruse,cruise_24,0.9022808167790242,84.58882657303351,69.71103197447331,460.71214309309295,488.1504695361682,151.31189325188961,0.824118615185696,0.8232758243532611,139.42206394894663,5.956820323026399,True
lift_and_cruse,cruise_25,0.9022808167790242,84.58882657303351,69.71044376585203,460.7109966273394,488.14907457581626,151.31057056629976,0.824109360420832,0.824109360420832,139.42088753170407,5.956820323026399,True
lift_and_cruse,cruise_25,0.9022287630342457,84.58394653446054,69.71043330035842,460.70777439729386,488.14602006164563,151.3116270515739,0.8241568973252281,0.8241151145423076,139.42086660071683,5.960946620197132,True
lift_and_cruse,cruise_25,0.90208291161763,84.5702729641528,69.71043977479125,460.6987364264225,488.1374668115051,151.3146681634613,0.8242905453933977,0.8241316778845983,139.4208795495825,5.972508247948952,True
lift_and_cruse,cruise_25,0.9018721500455673,84.55051406677192,69.7104451833521,460.68567459506653,488.12510431767754,151.31905488308487,0.8244837024036245,0.8241555700468562,139.4208903667042,5.989215284111553,True
lift_and_cruse,cruise_25,0.9016382221293779,84.52858332462918,69.71044902479316,460.6711740772635,488.11137982394234,151.32392038296572,0.8246981710443918,0.8241820698741977,139.42089804958633,6.007758695274579,True
lift_and_cruse,cruise_25,0.9014274601662182,84.50882439058296,69.7104488486185,460.6581072797747,488.0990113469391,151.32829719110578,0.8248914532254938,0.8242059080538006,139.420897697237,6.0244657314371794,True
lift_and_cruse,cruise_25,0.9012816082659255,84.49515077493052,69.71044447399659,460.6490640398845,488.090449975245,151.33131720663062,0.8250252114094128,0.8242223564952632,139.42088894799318,6.036027359189001,True
lift_and_cruse,cruise_25,0.9012295543067896,84.49027071626152,69.7104444739708,460.6458358279342,488.0873944460288,151.332398694351,0.8250729781481048,0.8242282467919572,139.4208889479416,6.040153656359733,True
lift_and_cruse,cruise_26,0.9012295543067896,84.49027071626152,69.7098550578263,460.6446885639337,488.08599833933204,151.3310731426156,0.8250636962914741,0.8250636962914741,139.4197101156526,6.040153656359733,True
lift_and_cruse,cruise_26,0.9011775007857361,84.48539069866277,69.70985506052845,460.6414601524358,488.08294265397654,151.33215469768612,0.8251114675742369,0.8250695929774997,139.4197101210569,6.044279953530465,True
lift_and_cruse,cruise_26,0.9010316500037068,84.4717171878475,69.70985506049674,460.63241337681006,488.07438003726713,151.3351855383078,0.8252453491423379,0.8250861172544658,139.41971012099347,6.0558415812822854,True
lift_and_cruse,cruise_26,0.9008208893684677,84.45195837829384,69.70985506080561,460.6193378826718,488.06200467872355,151.3395662927918,0.8254388904633571,0.825110001321446,139.41971012161122,6.072548617444886,True
lift_and_cruse,cruise_26,0.900586962505637,84.43002773490346,69.70985506087231,460.60482168467155,488.04826627230443,151.34443003324816,0.8256538115480726,0.8251365186492848,139.41971012174463,6.091092028607913,True
lift_and_cruse,cruise_26,0.900376201499253,84.41026889055497,69.70985506094836,460.5917398933654,488.0358858776054,151.34881343715685,0.8258475447128517,0.8251604171610454,139.4197101218967,6.107799064770513,True
lift_and_cruse,cruise_26,0.9002303502544137,84.39659533635128,69.70985506100178,460.58268526521476,488.0273169809734,151.3518475823608,0.8259816655105013,0.82517695945474,139.41971012200355,6.119360692522334,True
lift_and_cruse,cruise_26,0.9001782965273907,84.39171529944288,69.70985506105636,460.57945335965564,488.0242585003298,151.35293060203787,0.826029543228501,0.8251828641258652,139.41971012211272,6.123486989693066,True
lift_and_cruse,cruise_27,0.9001782965273907,84.39171529944288,69.70926372000484,460.5783054668401,488.02286112398673,151.35160056952182,0.8260202257136086,0.8260202257136086,139.41852744000968,6.123486989693066,True
lift_and_cruse,cruise_27,0.9001262432400384,84.3868353037536,69.70926372142408,460.5750733620789,488.01980248699886,151.35268365347966,0.826068107973569,0.8260261367793122,139.41852744284816,6.127613286863798,True
lift_and_cruse,cruise_27,0.8999803931127224,84.37316185431771,69.709263721412,460.5660162366969,488.01123160015356,151.35571878660633,0.8262023006385858,0.8260427013966729,139.418527442824,6.139174914615619,True
lift_and_cruse,cruise_27,0.899769633423305,84.35340313343484,69.70926372154686,460.5529257852077,487.9988442896851,151.36010574485562,0.826396291773571,0.826066643768142,139.41852744309372,6.15588195077822,True
lift_and_cruse,cruise_27,0.8995357076098877,84.33147258842698,69.70926372178643,460.5383929835496,487.9850926160277,151.36497637362143,0.8266117124897326,0.8260932258317433,139.41852744357286,6.174425361941246,True
lift_and_cruse,cruise_27,0.89932494754866,84.31171383268688,69.70926372177738,460.52529623096376,487.97270026642246,151.3693659848508,0.8268058961392014,0.8261171826821818,139.41852744355475,6.191132398103846,True
lift_and_cruse,cruise_27,0.8991790969577046,84.2980403397848,69.70926372181269,460.5162312481912,487.964123095913,151.37240442667547,0.8269403288684749,0.8261337653571743,139.41852744362538,6.202694025855667,True
lift_and_cruse,cruise_27,0.8991270434640135,84.29316032475127,69.70926372178852,460.5129956469116,487.9610616621801,151.3734889798288,0.826988317949644,0.8261396844411956,139.41852744357703,6.206820323026399,True
lift_and_cruse,cruise_28,0.8991270434640135,84.29316032475127,69.70867044015219,460.51184712783675,487.9596630121298,151.3721544297239,0.8269789645042355,0.8269789645042355,139.41734088030438,6.206820323026399,True
lift_and_cruse,cruise_28,0.8990749904114534,84.28828035107375,69.70867044171968,460.5086113273117,487.9566014221057,151.37323904765586,0.8270269581441896,0.8269848900076257,139.41734088343935,6.210946620197132,True
lift_and_cruse,cruise_28,0.8989291409419078,84.27460696330385,69.70867044173345,460.49954384611686,487.94802226050825,151.37627847853955,0.8271614629878232,0.8270014950788447,139.4173408834669,6.222508247948952,True
lift_and_cruse,cruise_28,0.8987183822027301,84.25484833150595,69.7086704418079,460.4864384284949,487.93562299145555,151.38067164836957,0.8273559055022891,0.8270254959200206,139.4173408836158,6.239215284111553,True
lift_and_cruse,cruise_28,0.8984844574436317,84.23291788534047,69.7086704419079,460.4718890135223,487.9218580430908,151.38554917318862,0.827571827584278,0.8270521428977253,139.4173408838158,6.257758695274579,True
lift_and_cruse,cruise_28,0.8982736983319812,84.21315921862325,69.70867044194932,460.4587772908547,487.9094537319111,151.3899449996112,0.827766463287308,0.8270761582524435,139.41734088389865,6.2744657314371794,True
lift_and_cruse,cruise_28,0.8981278483979697,84.19948578730967,69.70867044203635,460.4497019473702,487.9008682829024,151.39298774345693,0.827901209034497,0.8270927814230937,139.4173408840727,6.286027359189001,True
lift_and_cruse,cruise_28,0.8980757951387027,84.19460579425338,69.70867044212322,460.4464626481584,487.8978038944569,151.39407383236838,0.8279493098685671,0.8270987149627644,139.41734088424644,6.290153656359733,True
lift_and_cruse,cruise_29,0.8980757951387027,84.19460579425338,69.70807520403443,460.4453135054158,487.8964039666033,151.39273472747462,0.827939920217456,0.827939920217456,139.41615040806886,6.290153656359733,True
lift_and_cruse,cruise_29,0.8980237423220376,84.18972584269103,69.70807520703084,460.4420740066568,487.89333942210754,151.3938208841252,0.8279880256401935,0.8279458602148557,139.4161504140617,6.294279953530465,True
lift_and_cruse,cruise_29,0.897877893513354,84.17605251687694,69.70807520703792,460.4329961635786,487.8847519811164,151.39686461794886,0.8281228437486743,0.8279625058533909,139.41615041407584,6.3058415812822854,True
lift_and_cruse,cruise_29,0.8976671357288841,84.15629397458288,69.70807520703876,460.4198757710385,487.87234074677343,151.40126400692617,0.8283177392139037,0.8279865653286718,139.41615041407752,6.322548617444886,True
lift_and_cruse,cruise_29,0.8974332120290647,84.13436362772481,69.70807520702633,460.40530973298235,487.85856251625756,151.40614843628867,0.8285341644079,0.8280132774034882,139.41615041405265,6.341092028607913,True
lift_and_cruse,cruise_29,0.8972224538714612,84.1146050504495,69.70807520702857,460.39218303144906,487.8461462367721,151.4105504853186,0.8287292537380433,0.8280373514261233,139.41615041405714,6.357799064770513,True
lift_and_cruse,cruise_29,0.8970766045974876,84.10093168101447,69.70807520701061,460.38309732119137,487.8375525045867,151.41359753611306,0.8288643135918609,0.8280540152045814,139.41615041402122,6.369360692522334,True
lift_and_cruse,cruise_29,0.8970245515737492,84.09605171003898,69.708075207027,460.37985432191147,487.8344851597381,151.4146851622738,0.8289125265661463,0.8280599632384708,139.416150414054,6.373486989693066,True
lift_and_cruse,cruise_30,0.8970245515737492,84.09605171003898,69.70747800144932,460.37870455695275,487.8330839508035,151.41334147619315,0.8289031004903644,0.8289031004903644,139.41495600289863,6.373486989693066,True
lift_and_cruse,cruise_30,0.8969724989940947,84.09117178069637,69.70747800285139,460.3754613584979,487.8300164496597,151.4144291666568,0.8289513180494767,0.8289090549854498,139.41495600570278,6.377613286863798,True
lift_and_cruse,cruise_30,0.8968266508493983,84.0774985171311,69.70747800285577,460.36637314743575,487.8214207246215,151.41747720869557,0.8290864505144445,0.8289257413056362,139.41495600571153,6.389174914615619,True
lift_and_cruse,cruise_30,0.8966158940241533,84.05774006476436,69.70747800284407,460.3532377711427,487.8089975182673,151.42188282456587,0.8292818005097873,0.8289498595809405,139.41495600568814,6.40588195077822,True
lift_and_cruse,cruise_30,0.896381971388627,84.03580981768378,69.70747800284394,460.3386551001756,487.79520599814305,151.42677416720042,0.8294987305711473,0.8289766369377825,139.41495600568788,6.424425361941246,True
lift_and_cruse,cruise_30,0.8961712141895891,84.01605133027398,69.70747800283483,460.3255134109348,487.78277774361345,151.43118244652075,0.8296942751105163,0.8290007697939814,139.41495600566967,6.441132398103846,True
lift_and_cruse,cruise_30,0.8960253655787805,84.00237802301068,69.70747800282938,460.3164173277581,487.774175723601,151.4342338097994,0.8298296501678317,0.8290174742960928,139.41495600565875,6.452694025855667,True
lift_and_cruse,cruise_30,0.8959733127916868,83.99749807422064,69.7074780028381,460.31317062621133,487.77110542069204,151.43532297522808,0.8298779756741982,0.8290234368657844,139.4149560056762,6.456820323026399,True
lift_and_cruse,cruise_31,0.8959733127916868,83.99749807422064,69.70687881353328,460.31202024171284,487.76970292650805,151.4339746698981,0.8298685128923697,0.8298685128923697,139.41375762706656,6.456820323026399,True
lift_and_cruse,cruise_31,0.8959212604501705,83.99261816720349,69.70687881467055,460.30877334106293,487.76663246727685,151.43506389905122,0.8299168429948541,0.8298744819424423,139.4137576293411,6.460946620197132,True
lift_and_cruse,cruise_31,0.8957754129726209,83.9789449661832,69.70687881467369,460.29967475589405,487.75802845351916,151.43811625459108,0.8300522909129575,0.82989120905905,139.41375762934737,6.472508247948952,True
lift_and_cruse,cruise_31,0.8955646571111671,83.9591866041719,69.70687881466797,460.28652438699123,487.7455932684001,151.44252810503176,0.8302480970245677,0.8299153863004669,139.41375762933595,6.489215284111553,True
lift_and_cruse,cruise_31,0.8953307355450033,83.93725645734406,69.70687881467387,460.27192507328056,487.73178845116047,151.44742636940597,0.8304655337152302,0.8299422291234255,139.41375762934774,6.507758695274579,True
lift_and_cruse,cruise_31,0.8951199793090988,83.91749806022801,69.70687881466773,460.25876838746075,487.7193482148197,151.45184088669686,0.8306615350531027,0.8299664209793635,139.41375762933546,6.5244657314371794,True
lift_and_cruse,cruise_31,0.8949741313646168,83.90382481543283,69.70687881467224,460.2496619252246,487.71073790229167,151.45489656774816,0.8307972264144553,0.8299831663200009,139.41375762934447,6.536027359189,True
lift_and_cruse,cruise_31,0.8949220788152962,83.89894488893401,69.7068788146691,460.2464115192194,487.7076646396479,151.4559872743257,0.8308456648458173,0.8299891434664601,139.4137576293382,6.540153656359733,True
lift_and_cruse,cruise_32,0.8949220788152962,83.89894488893401,69.70627762740142,460.2452605173846,487.70626085638276,151.45463431614894,0.8308361650993207,0.8308361650993207,139.41255525480284,6.540153656359733,True
lift_and_cruse,cruise_32,0.8948700267130579,83.89406500434919,69.70627762737656,460.242009912562,487.70318743723425,151.45572508383597,0.83088460812735,0.8308421487342632,139.41255525475313,6.544279953530465,True
lift_and_cruse,cruise_32,0.89472417990585,83.88039186617344,69.70627762730831,460.2329009471584,487.69457513005534,151.45878175802272,0.8310203725994741,0.8308589167616712,139.41255525461662,6.5558415812822854,True
lift_and_cruse,cruise_32,0.8945134250128046,83.86063359495044,69.70627762723147,460.21973557677836,487.68212795937615,151.46319985052773,0.8312166364197359,0.83088315313483,139.41255525446294,6.572548617444886,True
lift_and_cruse,cruise_32,0.8942795045211294,83.83870354885588,69.70627762713416,460.2051196104792,487.6683098374676,151.46810504491202,0.8314345815085976,0.8309100616075202,139.4125552542683,6.591092028607913,True
lift_and_cruse,cruise_32,0.8940687492529779,83.81894524246668,69.70627762703374,460.1919479192025,487.6558576125045,151.47252580763302,0.8316310412403007,0.830934312628709,139.41255525406748,6.607799064770513,True
lift_and_cruse,cruise_32,0.8939229019780199,83.80527206043936,69.70627762698699,460.18283107175796,487.6472390027452,151.4755858116352,0.8317670500106463,0.830951098922518,139.41255525397398,6.619360692522334,True
lift_and_cruse,cruise_32,0.8938708496676135,83.80039215633877,69.7062776269645,460.17957695909575,487.6441627786853,151.4766780612412,0.8318156017616969,0.8309570906868378,139.412555253929,6.623486989693066,True
lift_and_cruse,cruise_33,0.8938708496676135,83.80039215633877,69.70567442579245,460.1784253425314,487.6427577022075,151.47532041274545,0.8318060647705451,0.8318060647705451,139.4113488515849,6.623486989693066,True
lift_and_cruse,cruise_33,0.8938187978058075,83.79551229429445,69.70567442421411,460.17517103142364,487.6396813213977,151.4764127200244,0.8318546211144762,0.8318120630270053,139.41134884842822,6.627613286863798,True
lift_and_cruse,cruise_33,0.8936729516721738,83.78183921926629,69.7056744242232,460.1660516795856,487.6310607161139,151.47947371849068,0.8319907032490884,0.8318288720826427,139.4113488484464,6.639174914615619,True
lift_and_cruse,cruise_33,0.8934621977522087,83.76208103926957,69.70567442424559,460.15287129877396,487.618601553094,151.48389806110643,0.8321874263805511,0.8318531677567522,139.41134884849117,6.65588195077822,True
lift_and_cruse,cruise_33,0.8932282783402072,83.74015109439443,69.70567442426898,460.1382386699312,487.60477011899013,151.48881019451483,0.8324058816484948,0.8318801420674778,139.41134884853795,6.674425361941246,True
lift_and_cruse,cruise_33,0.8930175240444805,83.72039287917005,69.70567442428072,460.12505196421995,487.59230589861806,151.49323721080071,0.8326028013801958,0.8319044524236824,139.41134884856143,6.691132398103846,True
lift_and_cruse,cruise_33,0.8928716774422798,83.70671976021373,69.70567442429845,460.1159247253562,487.5836789869231,151.49630154332775,0.8327391286716175,0.8319212797878597,139.4113488485969,6.702694025855667,True
lift_and_cruse,cruise_33,0.8928196253719416,83.70183987861954,69.70567442430627,460.11266690381734,487.5805997997686,151.49739533797097,0.8327877941395307,0.831927286211978,139.41134884861253,6.706820323026399,True
lift_and_cruse,cruise_34,0.8928196253719416,83.70183987861954,69.70506919480661,460.1115146747644,487.57919342620664,151.4960329651357,0.8327782196411647,0.8327782196411647,139.41013838961322,6.706820323026399,True
lift_and_cruse,cruise_34,0.8927675737515852,83.69696003921112,69.7050693856553,460.10825660920665,487.5761141154551,151.49712725162888,0.8328268920208574,0.8327842349667132,139.4101387713106,6.710946620197132,True
lift_and_cruse,cruise_34,0.8926217282943748,83.68328702759764,69.70506938755395,460.0991268643628,487.56748520765285,151.5001925835423,0.8329632929509903,0.8328010851878278,139.4101387751079,6.722508247948952,True
lift_and_cruse,cruise_34,0.8924109753516,83.6635289392125,69.70506939092311,460.0859314634896,487.55501404602137,151.5046231908422,0.833160477039277,0.8328254403685341,139.41013878184623,6.739215284111553,True
lift_and_cruse,cruise_34,0.8921770570238228,83.64159909598338,69.70506939448933,460.0712821614435,487.5411692927218,151.50954227906837,0.8333794443125584,0.832852480743487,139.41013878897866,6.757758695274579,True
lift_and_cruse,cruise_34,0.8919663037046122,83.62184097230738,69.70506939748734,460.05808043172476,487.52869307058785,151.51397556272227,0.8335768256889869,0.832876850636191,139.41013879497467,6.7744657314371794,True
lift_and_cruse,cruise_34,0.8918204577779945,83.60816791668698,69.70506939974406,460.0489427947754,487.5200578525905,151.51704423371805,0.8337134726426537,0.8328937192123412,139.41013879948812,6.786027359189,True
lift_and_cruse,cruise_34,0.8917684059487323,83.60328805769366,69.70506940029074,460.045681262034,487.51697570073446,151.51813957638507,0.8337622522318887,0.8328997403437087,139.41013880058148,6.790153656359733,True
lift_and_cruse,cruise_35,0.8917684059487323,83.60328805769366,69.70446191901078,460.04452847172803,487.51556799004624,151.51677197546397,0.833752637466943,0.833752637466943,139.40892383802156,6.790153656359733,True
lift_and_cruse,cruise_35,0.8917163545729117,83.59840824121046,69.70445979087997,460.0412672415018,487.5124853142796,151.5178625876003,0.8338013962347436,0.8337586387876763,139.40891958175993,6.794279953530465,True
lift_and_cruse,cruise_35,0.8915705098007783,83.58473529382297,69.70445979188739,460.03212709819684,487.5038480988762,151.5209322522509,0.8339381170362576,0.8337755302576121,139.40891958377478,6.8058415812822854,True
lift_and_cruse,cruise_35,0.8913597578477074,83.56497729822257,69.70445979477145,460.0189166692927,487.4913649313049,151.5253691237743,0.8341357636402538,0.8337999450685041,139.4089195895429,6.822548617444886,True
lift_and_cruse,cruise_35,0.8911258406180602,83.54304755794315,69.70445979717817,460.00425068530404,487.4775068505977,151.53029516528778,0.8343552446454146,0.8338270516392855,139.40891959435635,6.841092028607913,True
lift_and_cruse,cruise_35,0.890915088287907,83.52328952699128,69.7044597994372,459.9910339235987,487.46501861939134,151.5347347159952,0.8345530892293606,0.8338514811929463,139.4089195988744,6.857799064770513,True
lift_and_cruse,cruise_35,0.8907692430455593,83.50961653552119,69.70445980108319,459.9818858830891,487.4563750899802,151.53780772469256,0.8346900569246878,0.8338683910641966,139.40891960216638,6.869360692522334,True
lift_and_cruse,cruise_35,0.8907171914604743,83.50473669941947,69.70445980210314,459.97862063698625,487.4532899717649,151.53890461715858,0.8347389510315649,0.833874426943754,139.4089196042063,6.873486989693066,True
lift_and_cruse,cruise_36,0.8907171914604743,83.50473669941947,69.70385258278769,459.9774666932609,487.4518813574143,151.53753744478564,0.8347293259984885,0.8347293259984885,139.40770516557538,6.873486989693066,True
lift_and_cruse,cruise_36,0.8906651403280942,83.49985690575883,69.70385114251691,459.9742015874169,487.44879583353725,151.53863115378076,0.8347782075037666,0.8347353505847905,139.40770228503382,6.877613286863798,True
lift_and_cruse,cruise_36,0.8905192962379647,83.48618402230919,69.703851143462,459.96505103902547,487.44015030572876,151.54170515849168,0.8349152493200587,0.8347522834314219,139.407702286924,6.889174914615619,True
lift_and_cruse,cruise_36,0.8903085452701593,83.46642611907744,69.7038511448629,459.9518255730395,487.427655124903,151.5461482998765,0.835113360067048,0.834776758030099,139.4077022897258,6.90588195077822,True
lift_and_cruse,cruise_36,0.8900746291337176,83.44449648128602,69.70385114643987,459.937142896716,487.41378370890476,151.5510813041394,0.8353333566290521,0.8348039309893073,139.40770229287975,6.924425361941246,True
lift_and_cruse,cruise_36,0.8898638777881843,83.42473854264229,69.70385114825335,459.92391109364286,487.40128346151437,151.55552713047476,0.8355316660666269,0.8348284203777651,139.4077022965067,6.941132398103846,True
lift_and_cruse,cruise_36,0.8897180332270354,83.41106561503456,69.7038511489226,459.9147526432156,487.39263161566794,151.55860448151094,0.8356689556367582,0.8348453716572937,139.4077022978452,6.952694025855667,True
lift_and_cruse,cruise_36,0.8896659818850324,83.40618580172179,69.703851149326,459.911483681695,487.38954352913515,151.5597029233426,0.835717964654757,0.834851422313951,139.407702298652,6.956820323026399,True
lift_and_cruse,cruise_37,0.8896659818850324,83.40618580172179,69.70324117022476,459.9103292944314,487.38813348738046,151.55832937511866,0.8357082930986373,0.8357082930986373,139.40648234044951,6.956820323026399,True
lift_and_cruse,cruise_37,0.8896139309976072,83.40130603102568,69.70324000814072,459.90706040735046,487.38504504311356,151.5594252607897,0.8357572928508744,0.8357143359254972,139.40648001628145,6.960946620197132,True
lift_and_cruse,cruise_37,0.889468087593725,83.38763321191172,69.7032400088246,459.8978994476999,487.3763911981157,151.56250361045647,0.8358946568053741,0.835731310263735,139.4064800176492,6.972508247948952,True
lift_and_cruse,cruise_37,0.8892573376173172,83.36787540162348,69.70324000976628,459.8846589354022,487.36388399734005,151.56695303168928,0.836093233335525,0.8357558448323006,139.40648001953255,6.989215284111553,True
lift_and_cruse,cruise_37,0.8890234225808825,83.34594586695775,69.70324001116924,459.86995955660296,487.34999923853064,151.5718930087233,0.8363137472709758,0.8357830843762575,139.40648002233849,7.007758695274579,True
lift_and_cruse,cruise_37,0.8888126722260982,83.32618802119671,69.7032400123279,459.85671270320324,487.33748696803815,151.57634511794447,0.8365125231910628,0.8358076337666688,139.4064800246558,7.0244657314371794,True
lift_and_cruse,cruise_37,0.8886668283503889,83.31251515784896,69.703240013171,459.84754383635476,487.3288268011871,151.57942681922034,0.8366501357794397,0.8358246265860256,139.406480026342,7.036027359189,True
lift_and_cruse,cruise_37,0.8886147772529809,83.30763536746696,69.70324001312542,459.84427115715204,487.3257357446627,151.58052681268578,0.8366992601138815,0.8358306920636883,139.40648002625085,7.040153656359733,True
lift_and_cruse,cruise_38,0.8886147772529809,83.30763536746696,69.70262766574403,459.84311623296384,487.3243243416793,151.57914776836947,0.8366895466218452,0.8366895466218452,139.40525533148806,7.040153656359733,True
lift_and_cruse,cruise_38,0.8885627266111414,83.30275561979451,69.70262754973821,459.8398433821963,487.3212331086408,151.5802475620666,0.8367386742511603,0.8366956172846203,139.40525509947642,7.044279953530465,True
lift_and_cruse,cruise_38,0.8884168838952767,83.2890828651822,69.70262754963707,459.83067200506974,487.3125709415147,151.5833302609781,0.8368763614734217,0.8367126332264079,139.40525509927414,7.0558415812822854,True
lift_and_cruse,cruise_38,0.888206134912825,83.26932514807734,69.70262754955192,459.8174164374265,487.3000517136793,151.58778596868032,0.8370754054225401,0.8367372279289915,139.40525509910384,7.072548617444886,True
lift_and_cruse,cruise_38,0.8879722209792427,83.24739571680401,69.70262754941986,459.80270034628626,487.28615360403614,151.59273292421935,0.8372964385402328,0.8367645342309997,139.40525509883972,7.091092028607913,True
lift_and_cruse,cruise_38,0.8877614716177734,83.22763796416625,69.70262754930856,459.7894384335237,487.27362930331117,151.597191322844,0.8374956825813139,0.8367891437869897,139.40525509861712,7.107799064770513,True
lift_and_cruse,cruise_38,0.8876156284292817,83.21396516524516,69.7026275493335,459.7802591441267,487.2649608104215,151.60027737762346,0.8376336193160644,0.8368061782525629,139.405255098667,7.119360692522334,True
lift_and_cruse,cruise_38,0.8875635775771031,83.20908539785341,69.70262754933773,459.7769827448563,487.26186678225423,151.60137892578473,0.8376828593798616,0.8368122585996635,139.40525509867547,7.123486989693066,True
lift_and_cruse,cruise_39,0.8875635775771031,83.20908539785341,69.70201205276081,459.7758274656643,487.26045388079456,151.59999262459303,0.8376730944642614,0.8376730944642614,139.40402410552161,7.123486989693066,True
lift_and_cruse,cruise_39,0.8875115271828341,83.20420567339069,69.70201198877672,459.7725508826631,487.25735968515096,151.60109408990363,0.8377223384587735,0.8376791806641299,139.40402397755344,7.127613286863798,True
lift_and_cruse,cruise_39,0.8873656851605456,83.19053298380115,69.70201198883595,459.76336908162966,487.248689191314,151.6041811454736,0.8378603500938863,0.83769623833905,139.4040239776719,7.139174914615619,True
lift_and_cruse,cruise_39,0.8871549371800802,83.17077536063253,69.70201198879742,459.7500984494087,487.2361579297433,151.60864314972676,0.8380598631146157,0.8377208933594464,139.40402397759485,7.15588195077822,True
lift_and_cruse,cruise_39,0.8869210243582584,83.14884603358672,69.70201198888569,459.73536563554217,487.2222464619465,151.6135970962118,0.8382814172573312,0.837748266630448,139.40402397777137,7.174425361941246,True
lift_and_cruse,cruise_39,0.8867102759981258,83.12908837482429,69.70201198893228,459.7220886540876,487.209710124362,151.61806179511885,0.8384811310795742,0.8377729365402848,139.40402397786457,7.191132398103846,True
lift_and_cruse,cruise_39,0.8865644335024002,83.11541564085002,69.7020119889288,459.71289893572754,487.20103330081065,151.62115221049794,0.8386193931081731,0.8377900127799928,139.4040239778576,7.202694025855667,True
lift_and_cruse,cruise_39,0.8865123828974316,83.11053589663422,69.70201198898043,459.709618814165,487.19793629930143,151.62225531525698,0.8386687493076743,0.837796108038713,139.40402397796086,7.206820323026399,True
lift_and_cruse,cruise_40,0.8865123828974316,83.11053589663422,69.70139369875646,459.708463095,487.1965219593648,151.62086255646426,0.8386589371251204,0.8386589371251204,139.40278739751292,7.206820323026399,True
lift_and_cruse,cruise_40,0.8864603327518182,83.10565619548295,69.70139450767122,459.7051825851856,487.19342494220075,151.6219675438834,0.8387083077682802,0.838665049130809,139.40278901534245,7.210946620197132,True
lift_and_cruse,cruise_40,0.8863144914261488,83.09198357120145,69.70139450751799,459.6959903539992,487.18474611674486,151.62505896071286,0.8388466449558437,0.83868214865332,139.40278901503598,7.222508247948952,True
lift_and_cruse,cruise_40,0.8861037444520673,83.07222604238132,69.70139450728664,459.6827046481008,487.17220281439114,151.62952726881875,0.8390466286997493,0.8387068641605638,139.40278901457327,7.239215284111553,True
lift_and_cruse,cruise_40,0.8858698327468886,83.05029682002082,69.70139450702848,459.66795510146824,487.1582779805612,151.63448821370352,0.8392687056989295,0.8387343045846193,139.40278901405696,7.257758695274579,True
lift_and_cruse,cruise_40,0.8856590853924933,83.03053925554624,69.70139450681434,459.6546630422481,487.1457295990276,151.63895921981333,0.8394688909551385,0.8387590350153048,139.40278901362868,7.2744657314371794,True
lift_and_cruse,cruise_40,0.8855132435925803,83.01686658680441,69.70139450663756,459.64546288860936,487.1370444399297,151.64205400089807,0.8396074794239633,0.8387761531464867,139.4027890132751,7.286027359189,True
lift_and_cruse,cruise_40,0.8854611932359088,83.01198686586645,69.70139450657845,459.6421790425239,487.13394446331637,151.64315866384678,0.8396569521672561,0.8387822633574354,139.4027890131569,7.290153656359733,True
lift_and_cruse,cruise_41,0.8854611932359088,83.01198686586645,69.70077443602894,459.6410226447461,487.1325288596585,151.64176172739343,0.8396471048049348,0.8396471048049348,139.40154887205787,7.290153656359733,True
lift_and_cruse,cruise_41,0.8854091433405572,83.00710718817723,69.70077442290962,459.63773860302786,487.1294287244512,151.64286642206943,0.8396965821192786,0.8396532215479469,139.40154884581924,7.294279953530465,True
lift_and_cruse,cruise_41,0.8852633027160053,82.9934346296255,69.70077442294712,459.628535935299,487.1207415626311,151.64596220643736,0.8398352460107001,0.8396703630421635,139.40154884589424,7.3058415812822854,True
lift_and_cruse,cruise_41,0.8850525567548078,82.97367719576323,69.70077442299026,459.6152351465105,487.1081862126137,151.65043682722202,0.840035702141615,0.839695139214269,139.40154884598053,7.322548617444886,True
lift_and_cruse,cruise_41,0.8848186461734847,82.9517480787642,69.70077442305195,459.6004688568448,487.09424800513176,151.65540478063258,0.8402583038475698,0.8397226469908238,139.4015488461039,7.341092028607913,True
lift_and_cruse,cruise_41,0.8846078998313238,82.9319906091866,69.70077442310118,459.5871617106191,487.08168757276576,151.65988210290408,0.8404589622055912,0.8397474381211807,139.40154884620236,7.357799064770513,True
lift_and_cruse,cruise_41,0.8844620587317185,82.9183180060986,69.70077442313892,459.57795111529697,487.07299407335887,151.66298125595517,0.8405978782700716,0.8397645982679441,139.40154884627785,7.369360692522334,True
lift_and_cruse,cruise_41,0.884410008624948,82.91343830858888,69.70077442314893,459.57466354239295,487.06989111994824,151.66408747941767,0.8406474679701855,0.8397707234759144,139.40154884629786,7.373486989693066,True
lift_and_cruse,cruise_42,0.884410008624948,82.91343830858888,69.70015444484258,459.57350602718395,487.0684745779904,151.66269058059547,0.8406376079137957,0.8406376079137957,139.40030888968516,7.373486989693066,True
lift_and_cruse,cruise_42,0.8843579589809596,82.90855865446497,69.70015239811802,459.570218734105,487.065371111331,151.66379225683787,0.8406871776894073,0.8406437142968327,139.40030479623604,7.377613286863798,True
lift_and_cruse,cruise_42,0.8842121190606119,82.89488616193238,69.70015239811038,459.5610056235144,487.0566756082271,151.6668924136714,0.8408261694365949,0.8406608978797873,139.40030479622075,7.389174914615619,True
lift_and_cruse,cruise_42,0.8840013741167593,82.87512882344619,69.70015239808868,459.547689742698,487.04410820343253,151.67137335426224,0.8410270996204419,0.8406857348859426,139.40030479617735,7.40588195077822,True
lift_and_cruse,cruise_42,0.883767464664245,82.85319981227298,69.70015239806933,459.5329066998548,487.0301566143927,151.67634832406057,0.8412502278837826,0.8407133102025527,139.40030479613867,7.424425361941246,True
lift_and_cruse,cruise_42,0.8835567193387819,82.8334424380108,69.70015239805916,459.5195844574673,487.0175841240719,151.68083196966856,0.8414513610131066,0.8407381622021065,139.40030479611832,7.441132398103846,True
lift_and_cruse,cruise_42,0.8834108789425739,82.8197699008663,69.70015239804769,459.5103634141308,487.008882279417,151.68393549956377,0.8415906058290201,0.840755364481304,139.40030479609538,7.452694025855667,True
lift_and_cruse,cruise_42,0.8833588290868075,82.81489022688821,69.70015239804428,459.50707211214524,487.0057763474476,151.6850432853064,0.841640312898766,0.840761504728145,139.40030479608856,7.456820323026399,True
lift_and_cruse,cruise_43,0.8833588290868075,82.81489022688821,69.69952818663954,459.50591448979156,487.00435811135253,151.683636681869,0.8416303879131337,0.8416303879131337,139.39905637327908,7.456820323026399,True
lift_and_cruse,cruise_43,0.883306779695489,82.81001059645209,69.69952816355709,459.50262299453914,487.00125201907196,151.6847444767518,0.8416800994626378,0.841636534613314,139.39905632711418,7.460946620197132,True
lift_and_cruse,cruise_43,0.8831609404830071,82.79633817028191,69.69952816351407,459.49339943470903,486.9925481698074,151.68784901152546,0.8418194202248181,0.8416537604055154,139.39905632702815,7.472508247948952,True
lift_and_cruse,cruise_43,0.882950196561791,82.7765809276679,69.69952816336504,459.480068452661,486.97996870317013,151.69233627966514,0.8420208261371624,0.8416786584189577,139.3990563267301,7.489215284111553,True
lift_and_cruse,cruise_43,0.8827162882439589,82.75465202287114,69.69952816302151,459.46526864645716,486.966003724693,151.69731827405738,0.8422444828173985,0.8417063014657928,139.39905632604302,7.507758695274579,True
lift_and_cruse,cruise_43,0.8825055439404865,82.73489474442061,69.69952816282515,459.45193129870427,486.95341916932875,151.70180825061092,0.8424460923962103,0.8417312145071145,139.3990563256503,7.5244657314371794,True
lift_and_cruse,cruise_43,0.8823597042513385,82.72122227356297,69.69952816272679,459.442699800969,486.94470897452595,151.70491616273037,0.842585667126439,0.8417484590388248,139.39905632545359,7.536027359189,True
lift_and_cruse,cruise_43,0.8823076546478836,82.71634262323909,69.69952816261643,459.4394047676411,486.94160006223433,151.7060255124943,0.8426354919800682,0.8417546143664039,139.39905632523286,7.540153656359733,True
lift_and_cruse,cruise_44,0.8823076546478836,82.71634262323909,69.69890178014967,459.43824655477414,486.94018049034116,151.70461384703148,0.8426255268274808,0.8426255268274808,139.39780356029934,7.540153656359733,True
lift_and_cruse,cruise_44,0.8822556055104939,82.7114630166088,69.69890178258728,459.4349513222126,486.937071422237,151.7057232636321,0.8426753564851349,0.8426316889521774,139.39780356517457,7.544279953530465,True
lift_and_cruse,cruise_44,0.8821097670094048,82.6977906571317,69.69890178246706,459.4257173067504,486.928359221906,151.70883218173856,0.8428150074267305,0.8426489570740288,139.39780356493412,7.5558415812822854,True
lift_and_cruse,cruise_44,0.8818990241159217,82.67803351086765,69.69890178230642,459.412371214186,486.91576768636304,151.71332578561953,0.843016890753699,0.8426739162709941,139.39780356461284,7.572548617444886,True
lift_and_cruse,cruise_44,0.881665116938428,82.65610471297762,69.69890178212964,459.3975546342235,486.90178931066635,151.71831481452278,0.8432410777285733,0.8427016272482766,139.39780356425928,7.591092028607913,True
lift_and_cruse,cruise_44,0.881454373662041,82.63634753081635,69.69890178195757,459.38420217178407,486.8891926832008,151.72281113043866,0.8434431654475654,0.8427266015089224,139.39780356391515,7.607799064770513,True
lift_and_cruse,cruise_44,0.8813085346834785,82.62267512657611,69.69890178184421,459.3749602132125,486.8804741333496,151.72592343044428,0.8435830712621663,0.8427438884151369,139.39780356368843,7.619360692522334,True
lift_and_cruse,cruise_44,0.8812564853335931,82.61779550002436,69.69890178178699,459.37166144621244,486.8773622390097,151.72703434655423,0.8436330143190836,0.8427500588686826,139.39780356357397,7.623486989693066,True
lift_and_cruse,cruise_45,0.8812564853335931,82.61779550002436,69.69827316858647,459.37050265567274,486.87594131941546,151.72561748229992,0.8436230081758341,0.8436230081758341,139.39654633717294,7.623486989693066,True
lift_and_cruse,cruise_45,0.8812044364514572,82.6129159173241,69.69827316809919,459.36720369015035,486.8728292687701,151.72672845857136,0.843672956015983,0.843629185413137,139.39654633619838,7.627613286863798,True
lift_and_cruse,cruise_45,0.8810585986654738,82.59924362488816,69.69827316808943,459.35795921259876,486.8641087124923,151.72984176589094,0.8438129383091499,0.8436464959881731,139.39654633617886,7.639174914615619,True
lift_and_cruse,cruise_45,0.8808478568050883,82.57948657547703,69.6982731680921,459.3445980002037,486.85150510096975,151.73434171379782,0.8440153007447706,0.843671516546025,139.3965463361842,7.65588195077822,True
lift_and_cruse,cruise_45,0.8806139507738866,82.55755788505186,69.69827316808136,459.32976463618184,486.83751332016163,151.7393377859754,0.8442400198940719,0.8436992956482589,139.39654633616271,7.674425361941246,True
lift_and_cruse,cruise_45,0.880403208529949,82.53780079968273,69.69827316807405,459.31639704973503,486.8249046135029,151.74384044946996,0.8444425874502862,0.8437243313052897,139.3965463361481,7.691132398103846,True
lift_and_cruse,cruise_45,0.8802573702656837,82.52412846240786,69.69827316806115,459.3071446238687,486.81617770369553,151.74695714309198,0.844582825524826,0.843741660708805,139.3965463361223,7.702694025855667,True
lift_and_cruse,cruise_45,0.8802053211706924,82.51924885975242,69.69827316805885,459.3038421209003,486.8130628255484,151.74806962750242,0.844632887204287,0.8437478463316448,139.3965463361177,7.706820323026399,True
lift_and_cruse,cruise_46,0.8802053211706924,82.51924885975242,69.69764232743859,459.30268275075974,486.8116405574212,151.74664757022535,0.8446228400102729,0.8446228400102729,139.39528465487717,7.706820323026399,True
lift_and_cruse,cruise_46,0.88015327254513,82.51436930110593,69.69764232741505,459.29938004919404,486.80852552306504,151.74776011571325,0.8446729064929877,0.8446290324457874,139.3952846548301,7.710946620197132,True
lift_and_cruse,cruise_46,0.8800074354779495,82.50069707605775,69.69764232741382,459.29012510313686,486.79979660589424,151.75087781752893,0.8448132213121679,0.8446463855946315,139.39528465482763,7.722508247948952,True
lift_and_cruse,cruise_46,0.8797966946560051,82.48094012400048,69.69764232741464,459.2767487616378,486.7871809112371,151.75538411706196,0.845016064554736,0.8446714676875177,139.39528465482928,7.739215284111553,True
lift_and_cruse,cruise_46,0.8795627897770267,82.45901154159625,69.69764232741436,459.2618986032497,486.773175717374,151.76038724101474,0.8452413177656628,0.844699315108397,139.3952846548287,7.757758695274579,True
lift_and_cruse,cruise_46,0.8793520485708827,82.43925455352026,69.69764232741048,459.24851588350697,486.7605549243561,151.7648962597067,0.8454443668608903,0.8447244123361396,139.39528465482095,7.7744657314371794,True
lift_and_cruse,cruise_46,0.8792062110246134,82.4255822835575,69.69764232741974,459.2392529839063,486.751819649636,151.7680173522939,0.8455849383743996,0.8447417843580403,139.3952846548395,7.786027359189,True
lift_and_cruse,cruise_46,0.8791541621858362,82.42070270492214,69.69764232740707,459.2359467426789,486.7487017859053,151.76913140683237,0.8456351190969447,0.8447479851929403,139.39528465481413,7.790153656359733,True
lift_and_cruse,cruise_47,0.8791541621858362,82.42070270492214,69.69700924116555,459.2347867960432,486.74727816462996,151.76770411366874,0.8456250305301432,0.8456250305301432,139.3940184823311,7.790153656359733,True
lift_and_cruse,cruise_47,0.8791021138181814,82.4158231704545,69.6970092411741,459.23148035623,486.7441601447233,151.7688182293714,0.8456752160715626,0.8456312382021283,139.3940184823482,7.794279953530465,True
lift_and_cruse,cruise_47,0.8789562774735425,82.40215101314462,69.69700924116343,459.2222149352133,486.7354228617108,151.7719403311552,0.8458158645976389,0.8456486340468613,139.39401848232686,7.8058415812822854,True
lift_and_cruse,cruise_47,0.8787455376954414,82.38239415894763,69.69700924117937,459.20882345526775,486.72279507677047,151.77645299032133,0.8460191903554838,0.8456737778517796,139.39401848235875,7.822548617444886,True
lift_and_cruse,cruise_47,0.8785116339746823,82.36046568512647,69.69700924117029,459.19395649214493,486.7087764619054,151.7814631748575,0.8462449795256107,0.8457016937873608,139.39401848234058,7.841092028607913,True
lift_and_cruse,cruise_47,0.878300893811734,82.34070879485006,69.69700924117178,459.18055862975314,486.6961435753657,151.78597855673073,0.8464485118714754,0.8457268527627615,139.39401848234357,7.857799064770513,True
lift_and_cruse,cruise_47,0.8781550569871988,82.32703659254987,69.69700924117583,459.1712852499482,486.6873999307682,151.78910405374813,0.8465894180090633,0.8457442675251855,139.39401848235167,7.869360692522334,True
lift_and_cruse,cruise_47,0.8781030084059698,82.32215703805967,69.69700924118439,459.16797526814236,486.68427907968845,151.79021968045635,0.8466397181983321,0.8457504836162485,139.39401848236878,7.873486989693066,True
lift_and_cruse,cruise_48,0.8781030084059698,82.32215703805967,69.69637389183696,459.1668147479422,486.682854100772,151.78878711018436,0.8466295879445241,0.8466295879445241,139.3927477836739,7.873486989693066,True
lift_and_cruse,cruise_48,0.87805096029757,82.31727752789719,69.69637389184132,459.16350456757874,486.6797330935382,151.78990279799137,0.8466798929675226,0.8466358108963397,139.39274778368264,7.877613286863798,True
lift_and_cruse,cruise_48,0.8779051246792486,82.30360543867955,69.69637389183849,459.15422866511955,486.67098743972525,151.79302930531037,0.8468208763873547,0.8466532495599826,139.39274778367698,7.889174914615619,True
lift_and_cruse,cruise_48,0.8776943859504464,82.28384868285434,69.69637389183617,459.1408220373676,486.65834755732146,151.79754833202702,0.8470246863762307,0.8466784552540254,139.39274778367235,7.90588195077822,True
lift_and_cruse,cruise_48,0.8774604833939618,82.26192031818391,69.69637389183852,459.1259382591003,486.64431551348855,151.8025655860681,0.8472510134125303,0.8467064399016552,139.39274778367704,7.924425361941246,True
lift_and_cruse,cruise_48,0.8772497442796645,82.24216352621855,69.69637389183737,459.1125252446792,486.6316705262395,151.80708733910666,0.8474550307285846,0.8467316608022546,139.39274778367474,7.941132398103846,True
lift_and_cruse,cruise_48,0.8771039081806384,82.22849139193485,69.69637389182978,459.1032413781748,486.6229185067872,151.81021724608016,0.8475962726811779,0.8467491184280893,139.39274778365956,7.952694025855667,True
lift_and_cruse,cruise_48,0.8770518598583051,82.22361186171611,69.69637389184018,459.0999276534757,486.6197946665785,151.81133444689362,0.8476466927622001,0.8467553498189737,139.39274778368036,7.956820323026399,True
lift_and_cruse,cruise_49,0.8770518598583051,82.22361186171611,69.69573591093905,459.09876664422796,486.6183682636395,151.80989576682694,0.847636516237617,0.847636516237617,139.3914718218781,7.956820323026399,True
lift_and_cruse,cruise_49,0.8769998120096106,82.21873237590098,69.69573709106321,459.0954524466114,486.6152444753442,151.81101568998477,0.8476869555216057,0.8476427693725603,139.39147418212642,7.960946620197132,True
lift_and_cruse,cruise_49,0.8768539771214336,82.2050603551344,69.69573562473606,459.086166397057,486.606490187172,151.81414330168164,0.8478282571915827,0.8476602325153251,139.39147124947212,7.972508247948952,True
lift_and_cruse,cruise_49,0.8766432394499502,82.18530369843282,69.69573558323727,459.07274462185165,486.593838192886,151.8186686103385,0.848032552626711,0.8476854997539688,139.39147116647453,7.989215284111553,True
lift_and_cruse,cruise_49,0.876409338064861,82.16337544358072,69.69573626168119,459.0578438603962,486.5797928318269,151.8236944727325,0.8482594276987844,0.8477135618540659,139.39147252336238,8.00775869527458,True
lift_and_cruse,cruise_49,0.8761986000046328,82.14361875043433,69.69573625833334,459.0444156853069,486.56713573606424,151.82822259741897,0.8484639316721408,0.8477388448161214,139.39147251666668,8.02446573143718,True
lift_and_cruse,cruise_49,0.8760527646349561,82.12994668452714,69.69573626011079,459.0351213251708,486.5583753370835,151.8313569239538,0.8486055106581823,0.8477563454514476,139.39147252022158,8.036027359189001,True
lift_and_cruse,cruise_49,0.8760007165728774,82.12506717870725,69.69573626100629,459.0318038550467,486.5552485061197,151.83247570284874,0.8486560510689777,0.8477625921973542,139.39147252201258,8.040153656359733,True
lift_and_cruse,cruise_50,0.8760007165728774,82.12506717870725,69.69509633044768,459.0306421970982,486.5538207979707,151.83103244885825,0.8486458364629242,0.8486458364629242,139.39019266089537,8.040153656359733,True
lift_and_cruse,cruise_50,0.8759486689870857,82.12018771753928,69.6950963304548,459.0273245286689,486.5506938107513,151.83215128683707,0.8486963817271376,0.848652090106709,139.3901926609096,8.044279953530465,True
lift_and_cruse,cruise_50,0.8758028348328797,82.10651576558247,69.69509633045422,459.01802764381233,486.5419314003859,151.83528662183554,0.8488380385165823,0.8486696147783749,139.39019266090844,8.055841581282285,True
lift_and_cruse,cruise_50,0.8755920982192658,82.08675920805616,69.69509633043235,459.0045906922259,486.52926730144213,151.8398184077481,0.8490428221484752,0.8486949447862423,139.3901926608647,8.072548617444886,True
lift_and_cruse,cruise_50,0.875358198009743,82.06483106341341,69.69509633045108,458.9896732523272,486.5152083756608,151.84484982750476,0.8492702306731122,0.8487230674523344,139.39019266090216,8.091092028607912,True
lift_and_cruse,cruise_50,0.8751474610093364,82.04507446962528,69.69509633044817,458.9762299055857,486.5025391653432,151.8493843469711,0.8494752231209154,0.8487484127391536,139.39019266089633,8.107799064770512,True
lift_and_cruse,cruise_50,0.8750016263728082,82.03140247245076,69.69509633041136,458.96692504611474,486.49377038118786,151.85252309052115,0.8496171402988866,0.8487659564626105,139.39019266082272,8.119360692522333,True
lift_and_cruse,cruise_50,0.874949578572363,82.02652299115903,69.69509633044373,458.9636038286383,486.4906405573722,151.8536434455414,0.849667801447425,0.8487722185857612,139.39019266088746,8.123486989693067,True
lift_and_cruse,cruise_51,0.874949578572363,82.02652299115903,69.694454081158,458.9624416066321,486.48921147749434,151.85219478349353,0.8496575441661702,0.8496575441661702,139.388908162316,8.123486989693067,True
lift_and_cruse,cruise_51,0.8748975312499522,82.02164355468302,69.69445408111412,458.95912019068624,486.4860814975948,151.8533151994194,0.8497082101933239,0.8496638132217171,139.38890816222823,8.127613286863799,True
lift_and_cruse,cruise_51,0.8747516978336223,82.0079716719021,69.69445408110343,458.9498128048362,486.4773107014449,151.85645495658147,0.8498502054698193,0.8496813810834356,139.38890816220686,8.13917491461562,True
lift_and_cruse,cruise_51,0.87454096228601,81.98821521431343,69.69445408110244,458.936360677159,486.46463448338255,151.86099313423125,0.8500554785302352,0.8497067735177195,139.38890816220487,8.15588195077822,True
lift_and_cruse,cruise_51,0.8743070632592992,81.9662871805593,69.69445408110391,458.9214263907153,486.45056210456596,151.86603165019326,0.850283430694837,0.8497349654915308,139.38890816220783,8.174425361941246,True
lift_and_cruse,cruise_51,0.8740963273242447,81.94653068664793,69.69445408111224,458.90796786362296,486.4378807718449,151.87057256498696,0.8504889133206324,0.8497603732409372,139.38890816222448,8.191132398103846,True
lift_and_cruse,cruise_51,0.8739504934247824,81.93285875857335,69.69445408111442,458.89865249783213,486.42910359781945,151.87371573531317,0.8506311699209599,0.8497779602003096,139.38890816222883,8.202694025855667,True
lift_and_cruse,cruise_51,0.8738984458873574,81.92797930193976,69.69445408109837,458.8953275304734,486.42597077950245,151.8748376702906,0.8506819522484593,0.8497842377553952,139.38890816219674,8.206820323026399,True
lift_and_cruse,cruise_52,0.8738984458873574,81.92797930193976,69.69380949362201,458.8941647477944,486.4245403230292,151.873383554409,0.8506716519489677,0.8506716519489677,139.38761898724402,8.206820323026399,True
lift_and_cruse,cruise_52,0.8738463988297301,81.9230998902872,69.69380949423247,458.8908395818291,486.4214073487817,151.87450555186538,0.8507224391790081,0.8506779364697136,139.38761898846494,8.21094662019713,True
lift_and_cruse,cruise_52,0.873700566155208,81.90942807705075,69.69380949423008,458.88152168842333,486.4126281618252,151.87764973681638,0.8508647741519072,0.8506955476464959,139.38761898846016,8.222508247948952,True
lift_and_cruse,cruise_52,0.8734898316792776,81.88967171993228,69.69380949423086,458.8680543751775,486.39993981737456,151.88219431423533,0.8510705383893002,0.8507210026873326,139.38761898846172,8.239215284111552,True
lift_and_cruse,cruise_52,0.8732559338416834,81.86774379765782,69.6938094942261,458.85310323165356,486.38585397745317,151.88723993539605,0.851299036136881,0.8507492641692819,139.3876189884522,8.25775869527458,True
lift_and_cruse,cruise_52,0.8730451989776604,81.84798740415566,69.69380949422607,458.83962951471864,486.37316051504746,151.89178725355725,0.8515050106926895,0.8507747345615363,139.38761898845215,8.27446573143718,True
lift_and_cruse,cruise_52,0.8728993658191944,81.83431554554947,69.69380949423129,458.8303036360407,486.3643749461062,151.89493485617666,0.8516476079285353,0.850792364881328,139.38761898846258,8.286027359189001,True
lift_and_cruse,cruise_52,0.872847318546192,81.82943611370551,69.69380949423285,458.82697491643665,486.36123913149964,151.89605837325755,0.8516985118691204,0.8507986579137793,139.3876189884657,8.290153656359733,True
lift_and_cruse,cruise_53,0.872847318546192,81.82943611370551,69.69316255040764,458.8258115761578,486.35980729378286,151.89459876069182,0.8516881682230785,0.8516881682230785,139.38632510081527,8.290153656359733,True
lift_and_cruse,cruise_53,0.8727952717547659,81.8245567270093,69.69316255043586,458.8224826581133,486.35667132316956,151.89572233888285,0.8517390770742641,0.8516944682380835,139.38632510087172,8.294279953530465,True
lift_and_cruse,cruise_53,0.8726494398260223,81.81088498368958,69.69316255044026,458.8131542505745,486.3478837403648,151.8988709572181,0.851881752958384,0.8517121228551947,139.38632510088053,8.305841581282285,True
lift_and_cruse,cruise_53,0.8724387064275123,81.79112872757929,69.69316255043347,458.7996717422518,486.33518326223526,151.90342194248024,0.852088010129572,0.8517376406835648,139.38632510086694,8.322548617444886,True
lift_and_cruse,cruise_53,0.8722048097854032,81.76920091738154,69.69316255043547,458.7847037310812,486.32108395311485,151.9084746778583,0.8523170554123279,0.8517659718748893,139.38632510087095,8.341092028607912,True
lift_and_cruse,cruise_53,0.8719940759981489,81.74944462482645,69.69316255043468,458.7712148147769,486.3083783537252,151.91302840750944,0.8525235236587733,0.8517915050913224,139.38632510086936,8.357799064770512,True
lift_and_cruse,cruise_53,0.8718482435846496,81.7357728360609,69.69316255043113,458.76187841661914,486.29958438481077,151.9161804480084,0.8526664627493248,0.8518091788968469,139.38632510086225,8.369360692522333,True
lift_and_cruse,cruise_53,0.8717961965774866,81.73089342913937,69.69316255103969,458.758545942279,486.29644557221496,151.91730555052655,0.8527174887455815,0.8518154874589062,139.38632510207938,8.373486989693067,True
lift_and_cruse,cruise_54,0.8717961965774866,81.73089342913937,69.692513232392,458.7573820475445,486.2950123485413,151.91584039767937,0.8527071014195552,0.8527071014195552,139.385026464784,8.373486989693067,True
lift_and_cruse,cruise_54,0.8717441500536934,81.72601406753375,69.69251323030193,458.7540493754217,486.29187337948554,151.91696555514875,0.8527581323085325,0.8527134169542738,139.38502646060385,8.377613286863799,True
lift_and_cruse,cruise_54,0.8715983188747397,81.71234239450685,69.69251323029994,458.744710447156,486.2830773957741,151.92011861245277,0.8529011503242911,0.8527311151373421,139.38502646059987,8.38917491461562,True
lift_and_cruse,cruise_54,0.8713875865594463,81.6925862399481,69.69251323030109,458.73121273421407,486.2703647766565,151.92467601370728,0.8531079021946849,0.85275669593526,139.38502646060218,8.40588195077822,True
lift_and_cruse,cruise_54,0.8711536911192544,81.6706585424301,69.6925132303051,458.71622784480275,486.25625199021476,151.92973587230549,0.8533374969738242,0.8527850970377887,139.3850264606102,8.424425361941246,True
lift_and_cruse,cruise_54,0.8709429584145647,81.65090235136545,69.69251323029555,458.7027237195781,486.24353424651684,151.93429602155504,0.853544460679662,0.8528106932602659,139.3850264605911,8.441132398103846,True
lift_and_cruse,cruise_54,0.8707971267500415,81.63723063281638,69.69251323030112,458.6933767953217,486.2347318725613,151.93745250559857,0.8536877428502195,0.8528284106777017,139.38502646060223,8.452694025855667,True
lift_and_cruse,cruise_54,0.8707450800101494,81.6323512509515,69.69251323029512,458.6900405641665,486.2315900599491,151.93857919280666,0.8537388913246324,0.8528347347988788,139.38502646059024,8.456820323026399,True
lift_and_cruse,cruise_55,0.8707450800101494,81.6323512509515,69.6918615140544,458.6888761191102,486.2301554448356,151.93710844637903,0.8537284599314373,0.8537284599314373,139.3837230281088,8.456820323026399,True
lift_and_cruse,cruise_55,0.8706930337554345,81.62747191457198,69.69186151410521,458.6855396895636,486.22701347628356,151.9382351947363,0.8537796133477485,0.8537347910848312,139.38372302821043,8.46094662019713,True
lift_and_cruse,cruise_55,0.8705472033303231,81.61380031221779,69.6918615140905,458.67619023395594,486.21820908659197,151.94139269662156,0.8539229747214055,0.8537525329600668,139.383723028181,8.472508247948952,True
lift_and_cruse,cruise_55,0.8703364721041003,81.59404425975941,69.69186151409528,458.66267730682904,486.2054843191518,151.94595652199493,0.8541302230645275,0.8537781769100357,139.38372302819056,8.489215284111552,True
lift_and_cruse,cruise_55,0.8701025778723238,81.57211667553035,69.69186151409622,458.6476755285519,486.1913580472412,151.95102351283847,0.8543603693105293,0.8538066481264065,139.38372302819243,8.50775869527458,True
lift_and_cruse,cruise_55,0.8698918462560509,81.55236058650478,69.6918615141824,458.63415618480184,486.178628151908,151.95559009006723,0.8545678302542503,0.8538323075389394,139.3837230283648,8.52446573143718,True
lift_and_cruse,cruise_55,0.8697460153445548,81.538688938552,69.6918615140913,458.62479872783706,486.1698173678068,151.95875102305817,0.8547114567344082,0.853850068693419,139.3837230281826,8.536027359189001,True
lift_and_cruse,cruise_55,0.8696939688733786,81.53380958187925,69.6918615152336,458.62145873709073,486.1666725536754,151.95987930094742,0.8547627281480747,0.853856408441191,139.3837230304672,8.540153656359733,True
lift_and_cruse,cruise_56,0.8696939688733786,81.53380958187925,69.69120867998254,458.62029344516054,486.16523677335374,151.95840584475926,0.8547522682599028,0.8547522682599028,139.38241735996507,8.540153656359733,True
lift_and_cruse,cruise_56,0.8696419228906778,81.52893027100104,69.69120560159638,458.61695396778623,486.16209125510414,151.9595272329873,0.8548035068573188,0.8547585759671086,139.38241120319276,8.544279953530465,True
lift_and_cruse,cruise_56,0.8694960932274831,81.51525874007653,69.69120525107289,458.6075940593449,486.1532783920653,151.96268839385587,0.8549472085136478,0.8547763572106516,139.38241050214577,8.555841581282285,True
lift_and_cruse,cruise_56,0.8692853631040622,81.49550279100585,69.69120449935178,458.5940660824125,486.14054133531334,151.96725695449652,0.8551549458732187,0.8548020549504283,139.38240899870357,8.572548617444886,True
lift_and_cruse,cruise_56,0.8690514700987155,81.47357532175458,69.69120339738285,458.5790476596469,486.1264013738527,151.97232859886617,0.8553856320194949,0.8548305824906106,139.3824067947657,8.591092028607912,True
lift_and_cruse,cruise_56,0.8688407395919648,81.4538193367467,69.6912012219861,458.5655135907758,486.1136589322825,151.97689670092083,0.8555935652504117,0.8548562776508826,139.3824024439722,8.607799064770514,True
lift_and_cruse,cruise_56,0.8686949094540967,81.44014776132157,69.69119739909576,458.5561464777377,486.10483905200397,151.98005345904048,0.8557374903088861,0.8548740341293618,139.3823947981915,8.619360692522333,True
lift_and_cruse,cruise_56,0.8686428632616647,81.43526843078106,69.69119464596864,458.5528033615467,486.10169074356673,151.9811771095147,0.8557888512517459,0.8548803545614974,139.38238929193727,8.623486989693067,True
lift_and_cruse,cruise_57,0.8686428632616647,81.43526843078106,69.69055241265156,458.55163451624117,486.10025588714876,151.97972739971203,0.855778506725336,0.855778506725336,139.3811048253031,8.623486989693067,True
lift_and_cruse,cruise_57,0.8685908175492943,81.43038914524634,69.69055109012334,458.5482908710178,486.09710767757633,151.98085434106522,0.8558298902257043,0.8557848523887011,139.38110218024667,8.627613286863799,True
lift_and_cruse,cruise_57,0.868444988643595,81.41671768533703,69.69055109035448,458.5389203407125,486.08828646067457,151.98402074968843,0.855973942021906,0.8558026820327569,139.38110218070895,8.639174914615618,True
lift_and_cruse,cruise_57,0.868234259612461,81.39696183866823,69.6905510906863,458.52537695629434,486.07553737452565,151.98859744854644,0.8561821886704153,0.8558284528416763,139.3811021813726,8.65588195077822,True
lift_and_cruse,cruise_57,0.8680003678163202,81.37503448278001,69.69055109103344,458.5103413681622,486.06138410716943,151.99367873191343,0.8564134438052967,0.8558570649017613,139.38110218206688,8.674425361941246,True
lift_and_cruse,cruise_57,0.8677896383938232,81.35527859942091,69.69055109136148,458.49679155845996,486.0486298864206,151.99825818977075,0.8566219045924373,0.8558828512462547,139.38110218272297,8.691132398103846,True
lift_and_cruse,cruise_57,0.8676438090001022,81.34160709375958,69.69055109157529,458.4874130159589,486.03980226677487,152.00142803878242,0.8567662234150691,0.8559007002627003,139.38110218315057,8.702694025855667,True
lift_and_cruse,cruise_57,0.8675917630705419,81.3367277878633,69.69055109165501,458.4840654996646,486.03665144353033,152.00255949652228,0.8568177419932933,0.8559070713572641,139.38110218331002,8.706820323026399,True
lift_and_cruse,cruise_58,0.8675917630705419,81.3367277878633,69.68988996519715,458.482899908342,486.03521224954966,152.00106695176027,0.8568071504789981,0.8568071504789981,139.3797799303943,8.706820323026399,True
lift_and_cruse,cruise_58,0.8675397176247824,81.33184852732336,69.68989484517154,458.47955106769865,486.03206214137435,152.00220948746778,0.8568587340505395,0.8568135907809217,139.37978969034307,8.71094662019713,True
lift_and_cruse,cruise_58,0.8673938894861198,81.31817713932372,69.68989404367608,458.4701701752944,486.0232323602959,152.0053785475953,0.85700312306405,0.856831454296172,139.37978808735215,8.722508247948952,True
lift_and_cruse,cruise_58,0.867183161538694,81.29842139425257,69.68990198000763,458.45660971696793,486.01047252058595,152.00997961242822,0.8572119692004995,0.8568573898065452,139.37980396001527,8.739215284111552,True
lift_and_cruse,cruise_58,0.8669492709492189,81.27649415148927,69.6898941714546,458.44155900770863,485.9963043473405,152.01505042552805,0.8574436857453644,0.8568859732172396,139.3797883429092,8.75775869527458,True
lift_and_cruse,cruise_58,0.8667385426319641,81.25673837174665,69.68989197922903,458.4279944562345,485.9835375610809,152.01963138528242,0.8576526221751798,0.8569117953983092,139.37978395845806,8.77446573143718,True
lift_and_cruse,cruise_58,0.8665927140017552,81.24306693766455,69.689894764111,458.41860471910996,485.9747020137418,152.02281198780466,0.8577973233137073,0.8569297239763024,139.379789528222,8.786027359189001,True
lift_and_cruse,cruise_58,0.866540668342203,81.23818765708154,69.68989797866558,458.4152526953185,485.97154875786606,152.0239522976636,0.8578490057218752,0.8569361517314524,139.37979595733117,8.790153656359733,True
lift_and_cruse,cruise_59,0.866540668342203,81.23818765708154,69.68923127290486,458.41408728111503,485.97010759634884,152.0224469669234,0.8578383304998447,0.8578383304998447,139.37846254580973,8.790153656359733,True
lift_and_cruse,cruise_59,0.8664886231783452,81.23330842296986,69.6892305663607,458.41073596287436,485.96695348379643,152.02357848503385,0.8578899696436412,0.8578447154753936,139.3784611327214,8.794279953530465,True
lift_and_cruse,cruise_59,0.8663427958093411,81.21963710712573,69.68923056633903,458.4013443313122,485.95811541914173,152.02675382192567,0.8580347168305934,0.8578626333931249,139.37846113267807,8.805841581282285,True
lift_and_cruse,cruise_59,0.8661320689982699,81.1998814685878,69.68923056633659,458.3877704511874,485.94534198459155,152.03134342553173,0.8582439689704179,0.8578885317915104,139.37846113267318,8.822548617444886,True
lift_and_cruse,cruise_59,0.8658981796654835,81.17795434363909,69.68923056630533,458.3727010105292,485.93116168881005,152.0364390361648,0.8584763409782846,0.857917285506541,139.37846113261065,8.841092028607912,True
lift_and_cruse,cruise_59,0.8656874524617351,81.15819866828765,69.68923056628032,458.3591206963875,485.9183831129197,152.04103140610724,0.8586858088104177,0.8579431995149197,139.37846113256063,8.857799064770514,True
lift_and_cruse,cruise_59,0.8655416246030707,81.14452730653787,69.68923056626834,458.34972104172834,485.909538637125,152.04421019264873,0.8588308249618152,0.8579611368984719,139.37846113253667,8.869360692522333,True
lift_and_cruse,cruise_59,0.8654895792212934,81.13964805199626,69.68923056626461,458.34636599011185,485.90638179761925,152.0453448405561,0.8588825924993366,0.857967539534964,139.37846113252922,8.873486989693067,True
lift_and_cruse,cruise_60,0.8654895792212934,81.13964805199626,69.68856656991682,458.3451988438561,485.9049401515569,152.04384543768663,0.8588719355235911,0.8588719355235911,139.37713313983363,8.873486989693067,True
lift_and_cruse,cruise_60,0.8654375343341545,81.13476884382699,69.68856631797945,458.3418436520961,485.90178311112794,152.0449795770785,0.8589237049722069,0.8588783420998772,139.3771326359589,8.877613286863799,True
lift_and_cruse,cruise_60,0.8652917077403974,81.12109760066227,69.68856631808056,458.3324414598122,485.8929366149455,152.0481593871856,0.859068801737102,0.8588963043505256,139.37713263616112,8.889174914615618,True
lift_and_cruse,cruise_60,0.8650809820493253,81.10134206712425,69.68856631824094,458.3188523172475,485.8801509951262,152.05275545622607,0.8592785593448528,0.8589222668266865,139.3771326364819,8.90588195077822,True
lift_and_cruse,cruise_60,0.8648470939592773,81.07941505868224,69.6885663184076,458.3037659341197,485.86595717284115,152.057858245044,0.8595114928140778,0.858951091683727,139.3771326368152,8.924425361941246,True
lift_and_cruse,cruise_60,0.8646363678748664,81.05965948826872,69.68856631857513,458.2901703531414,485.85316640830143,152.06245708419263,0.8597214668970763,0.8589770698077962,139.37713263715025,8.941132398103846,True
lift_and_cruse,cruise_60,0.8644905407906239,81.045988199121,69.68856631869008,458.2807601322857,485.84431349675833,152.06564034857837,0.8598668336023212,0.858995051571125,139.37713263738016,8.952694025855667,True
lift_and_cruse,cruise_60,0.864438495685198,81.04110897048731,69.68856631872063,458.27740130939816,485.8411536463804,152.06677659478902,0.8599187262940249,0.8590014700485015,139.37713263744126,8.956820323026399,True
lift_and_cruse,cruise_61,0.864438495685198,81.04110897048731,69.68789748802887,458.2762341668715,485.8397101633217,152.06526608219284,0.8599079945106479,0.8599079945106479,139.37579497605773,8.956820323026399,True
lift_and_cruse,cruise_61,0.8643864510761948,81.03622978839326,69.68789970583205,458.2728746354554,485.8365505548678,152.06640739873615,0.8599599196072969,0.8599144484974468,139.3757994116641,8.96094662019713,True
lift_and_cruse,cruise_61,0.8642406252616547,81.02255861828012,69.68789970624034,458.26346187566173,485.8276956220156,152.0695916882024,0.8601053672147445,0.8599324552128488,139.3757994124807,8.972508247948952,True
lift_and_cruse,cruise_61,0.8640299006963171,81.00280319027974,69.6878997068377,458.2498574608404,485.81489780949335,152.07419423157802,0.8603156321194484,0.8599584819574548,139.3757994136754,8.989215284111552,True
lift_and_cruse,cruise_61,0.863796013855371,80.98087629894103,69.68789970750329,458.23475412434044,485.8006904524472,152.0793042084578,0.8605491290821552,0.859987378168167,139.37579941500658,9.00775869527458,True
lift_and_cruse,cruise_61,0.8635852888960295,80.96112083400277,69.68789970810188,458.22114326670294,485.78788749180677,152.08390952564338,0.8607596112483896,0.8600134205982837,139.37579941620376,9.02446573143718,True
lift_and_cruse,cruise_61,0.8634394625901741,80.94744961782882,69.68789970850467,458.21172247285017,485.7790261393546,152.08709727397863,0.8609053297765262,0.8600314468731102,139.37579941700935,9.036027359189001,True
lift_and_cruse,cruise_61,0.8633874177625152,80.94257041523579,69.68789970863898,458.2083598762612,485.7758632762643,152.0882351206978,0.8609573480756766,0.8600378812385346,139.37579941727796,9.040153656359733,True
lift_and_cruse,cruise_62,0.8633874177625152,80.94257041523579,77.33039347093617,456.4430513095871,487.15203184908376,169.41958750180564,0.9553735824576665,0.9553735824576665,154.66078694187235,9.040153656359733,True
lift_and_cruse,cruise_62,0.8633295481789539,80.93714514177692,77.33039347092173,456.4394515865913,487.1486716530006,169.42095314809774,0.9554377882582377,0.9553812834703398,154.66078694184347,9.044279953530465,True
lift_and_cruse,cruise_62,0.8631674011267628,80.92194385563401,77.33039347092384,456.4293638283114,487.13925533015544,169.42478031346758,0.95561773495192,0.9554028652292377,154.66078694184768,9.055841581282285,True
lift_and_cruse,cruise_62,0.8629330916333382,80.89997734062545,77.33039347092763,456.41478253652207,487.1256450613207,169.43031257521272,0.9558778853980928,0.9554340621929447,154.66078694185526,9.072548617444886,True
lift_and_cruse,cruise_62,0.8626730274190753,80.8755963205383,77.33039347092172,456.3985929053712,487.1105342511222,169.43645548030412,0.956166796737996,0.9554687026340555,154.66078694184344,9.091092028607912,True
lift_and_cruse,cruise_62,0.8624387173909567,80.85362975540218,77.33039347092932,456.3840014890566,487.09691578023416,169.44199235183808,0.9564272466647447,0.9554999255928114,154.66078694185865,9.107799064770514,True
lift_and_cruse,cruise_62,0.8622765696720132,80.83842840675123,77.33039347091899,456.37390110570334,487.0874892295922,169.44582526548356,0.9566075668045249,0.9555215397667963,154.66078694183798,9.119360692522333,True
lift_and_cruse,cruise_62,0.8622186997917193,80.8330031054737,77.33039347092576,456.3702957640151,487.08412448171566,169.44719347005795,0.9566719388046108,0.9555292552058731,154.6607869418515,9.123486989693067,True
lift_and_cruse,cruise_63,0.8622186997917193,80.8330031054737,77.33028061214385,456.3687147293811,487.08249385933715,169.44693647109338,0.9566671735706858,0.9566671735706858,154.6605612242877,9.123486989693067,True
lift_and_cruse,cruise_63,0.8621608299864827,80.82757781123276,77.33028122102864,456.3651088982523,487.0791289411744,169.44830619221514,0.9567315612084064,0.9566749067717777,154.66056244205728,9.127613286863799,True
lift_and_cruse,cruise_63,0.8619986822989384,80.81237646552547,77.3302812210346,456.355004418448,487.06969907656526,169.45214089131144,0.9569119964954749,0.9566965567987558,154.6605624420692,9.139174914615618,True
lift_and_cruse,cruise_63,0.8617643718966709,80.7904098653129,77.3302812210331,456.3403989607864,487.05606923743073,169.45768404222375,0.9571728534577076,0.956727852439895,154.6605624420662,9.15588195077822,True
lift_and_cruse,cruise_63,0.8615043066605123,80.76602874942303,77.3302832670791,456.324182029191,487.04093707312904,169.46384369717032,0.9574625749961285,0.9567626287528259,154.6605665341582,9.174425361941246,True
lift_and_cruse,cruise_63,0.8612699957207904,80.7440620988241,77.330278575319,456.3095675247467,487.0272981747544,169.46938078000204,0.9577236745627581,0.9567938901346648,154.660557150638,9.191132398103846,True
lift_and_cruse,cruise_63,0.8611078473707685,80.72886069100954,77.3302823018789,456.2994495484856,487.01785875153905,169.4732297230974,0.9579045309686303,0.9568156205807204,154.6605646037578,9.202694025855667,True
lift_and_cruse,cruise_63,0.8610499772637749,80.72343536847889,77.33028122103326,456.29583848516364,487.01448897158855,169.47459815835524,0.9579690645673278,0.9568233465220539,154.66056244206652,9.206820323026399,True
lift_and_cruse,cruise_64,0.8610499772637749,80.72343536847889,77.3301683697961,456.2942558064801,487.01285696586467,169.47434114378422,0.9579642890259431,0.9579642890259431,154.6603367395922,9.206820323026399,True
lift_and_cruse,cruise_64,0.8609921072288373,80.7180100527035,77.33016860217563,456.29064408925797,487.00948714427267,169.47571271253665,0.9580288471011353,0.9579720419039063,154.66033720435126,9.21094662019713,True
lift_and_cruse,cruise_64,0.860829958912353,80.7028086480331,77.33016884150192,456.28052282145677,487.00004377123867,169.47955549119436,0.9582097758744479,0.9579937634500699,154.66033768300383,9.222508247948952,True
lift_and_cruse,cruise_64,0.8605956475896319,80.680841961528,77.33016881338688,456.26589318649883,486.98639434162925,169.48510947603165,0.9584713418554486,0.9580251576959482,154.66033762677375,9.239215284111552,True
lift_and_cruse,cruise_64,0.860335581346425,80.65646075122734,77.33016764404198,456.2496501528928,486.9712398533021,169.49127391028065,0.9587618115806916,0.95806000254522,154.66033528808396,9.25775869527458,True
lift_and_cruse,cruise_64,0.8601012694915025,80.63449401482835,77.33016714814663,456.235010487294,486.95758212420935,169.49683144362393,0.9590236736281142,0.9580914168492497,154.66033429629326,9.27446573143718,True
lift_and_cruse,cruise_64,0.8599391205088781,80.61929254770733,77.33016645516875,456.22487678615363,486.9481283430386,169.50067791059112,0.9592049675847484,0.9581131592438129,154.6603329103375,9.286027359189001,True
lift_and_cruse,cruise_64,0.8598812501778249,80.61386720417109,77.33016623495281,456.22125954653353,486.9447538808775,169.50205101337522,0.9592696875983842,0.9581209207929858,154.66033246990563,9.290153656359733,True
lift_and_cruse,cruise_65,0.8598812501778249,80.61386720417109,77.3300549324738,456.21967486776913,486.9431207684715,169.50179747264676,0.9592649207191513,0.9592649207191513,154.6601098649476,9.290153656359733,True
lift_and_cruse,cruise_65,0.8598233799174584,80.60844186726173,77.33005493246154,456.2160572292222,486.93974606422654,169.50317119628764,0.9593296515811578,0.9592726950608934,154.66010986492307,9.294279953530465,True
lift_and_cruse,cruise_65,0.8596612309683226,80.59324040328025,77.33005493245564,456.2059192691249,486.9302890876887,169.50702099713595,0.959511070030407,0.9592944823160175,154.66010986491128,9.305841581282285,True
lift_and_cruse,cruise_65,0.8594269187322275,80.57127363114634,77.33005493246114,456.1912654243233,486.91662006546915,169.51258597667447,0.9597733487007348,0.9593259763162902,154.66010986492228,9.322548617444886,True
lift_and_cruse,cruise_65,0.8591668514717449,80.54689232547608,77.33005493245692,456.17499525254794,486.9014440340989,169.51876520761886,0.9600646242355975,0.959360946561859,154.66010986491384,9.341092028607912,True
lift_and_cruse,cruise_65,0.8589325386971972,80.52492550286223,77.33005493246536,456.1603312600439,486.88776679209616,169.52433481829212,0.9603272060723863,0.9593924667712054,154.66010986493072,9.357799064770514,True
lift_and_cruse,cruise_65,0.8587703890766218,80.50972397593328,77.33005493246155,456.150180645968,486.8782995656554,169.52819039406833,0.9605090025641452,0.9594142867084948,154.6601098649231,9.369360692522333,True
lift_and_cruse,cruise_65,0.8587125185174365,80.50429861100967,77.3300549324603,456.1465573758685,486.8749202997762,169.52956668781604,0.9605739016710645,0.9594220755952941,154.6601098649206,9.373486989693067,True
lift_and_cruse,cruise_66,0.8587125185174365,80.50429861100967,77.32994088101478,456.14497168401664,486.8732853001399,169.52930686821983,0.9605690902875534,0.9605690902875534,154.65988176202956,9.373486989693067,True
lift_and_cruse,cruise_66,0.8586546480300686,80.49887325281892,77.32994088102475,456.1413480645291,486.8699057528854,169.53068329262948,0.9606339976031005,0.9605768892384691,154.6598817620495,9.377613286863799,True
lift_and_cruse,cruise_66,0.8584924984479851,80.4836717294986,77.32994088101562,456.1311933451966,486.86043520576806,169.53454066175507,0.9608159106505249,0.9605987454568441,154.65988176203123,9.389174914615618,True
lift_and_cruse,cruise_66,0.8582581852945298,80.46170487136216,77.32994088103027,456.1165152793574,486.8467465709982,169.54011658071926,0.9610789045358258,0.9606303391411803,154.65988176206054,9.40588195077822,True
lift_and_cruse,cruise_66,0.8579981170173286,80.43732347037455,77.32994088102424,456.10021822004984,486.83154876813353,169.54630795741716,0.9613709745857317,0.9606654200672585,154.65988176204849,9.424425361941246,True
lift_and_cruse,cruise_66,0.8577638033223512,80.41535656147043,77.32994224116806,456.0855296848292,486.8178521554206,169.55189161355568,0.9616342897953978,0.9606970575911565,154.6598844823361,9.441132398103846,True
lift_and_cruse,cruise_66,0.8576016530647368,80.40015497481907,77.32994088102402,456.0753626154523,486.80837110293925,169.55575166774813,0.9618165655230795,0.9607189290233743,154.65988176204803,9.452694025855667,True
lift_and_cruse,cruise_66,0.8575437822787726,80.39472958863493,77.3299408810125,456.07173336014057,486.80498699077833,169.5571306661541,0.9618816417714103,0.9607267425587968,154.659881762025,9.456820323026399,True
lift_and_cruse,cruise_67,0.8575437822787726,80.39472958863493,77.32982621716506,456.07014616098235,486.80335048869904,169.55686941602534,0.9618768122344312,0.9618768122344312,154.65965243433013,9.456820323026399,True
lift_and_cruse,cruise_67,0.8574859115742073,80.38930421008193,77.32982621612695,456.06651655272725,486.7999660914326,169.55824854401084,0.9619418967001127,0.9618846358704474,154.6596524322539,9.46094662019713,True
lift_and_cruse,cruise_67,0.857323761347939,80.37410262636928,77.32982621646774,456.05634506499086,486.7904819675002,169.5621134927193,0.9621243063883891,0.9619065612843569,154.65965243293547,9.472508247948952,True
lift_and_cruse,cruise_67,0.8570894472707694,80.35213568163462,77.32982621612695,456.0392693159049,486.7745911203324,169.56875334401482,0.9623889859033089,0.9619442284046561,154.6596524322539,9.489215284111552,True
lift_and_cruse,cruise_67,0.8568293777656147,80.32775416552637,77.32982621714805,456.00942052340446,486.7467760223826,169.58008399248055,0.9626824083040089,0.9620085058831463,154.6596524342961,9.50775869527458,True
lift_and_cruse,cruise_67,0.8565950626955164,80.30578712770466,77.32982622072196,455.98252567622643,486.7217143936813,169.59029464604262,0.9629469263517101,0.9620664297580854,154.6596524414439,9.52446573143718,True
lift_and_cruse,cruise_67,0.856432911342576,80.2905854383665,77.32982622088021,455.9639127443207,486.70437059923427,169.59736179100352,0.9631300637694464,0.962106520866691,154.65965244176041,9.536027359189001,True
lift_and_cruse,cruise_67,0.8563750401358382,80.28516001273483,77.32982622032041,455.9572696443744,486.69818055032516,169.59988425387104,0.9631954416498744,0.9621208305112979,154.65965244064083,9.540153656359733,True
lift_and_cruse,cruise_68,0.8563750401358382,80.28516001273483,77.32971093116784,455.9545017751085,486.69536337322813,169.59962151949392,0.9631881024949291,0.9631881024949291,154.65942186233568,9.540153656359733,True
lift_and_cruse,cruise_68,0.856317168987576,80.27973459258524,77.32971093113997,455.94785854087723,486.6891732551802,169.6021440973176,0.9632534885367636,0.9632024286881459,154.65942186227994,9.544279953530465,True
lift_and_cruse,cruise_68,0.8561550174692938,80.26453288774628,77.32971093114251,455.9292439909706,486.67182859275204,169.6092128465605,0.9634367435388341,0.9632425734426523,154.65942186228503,9.555841581282285,True
lift_and_cruse,cruise_68,0.8559207013089208,80.24256574771132,77.32971093144458,455.90234356958496,486.6467639519433,169.6194291605075,0.963701678138528,0.9633005938082461,154.65942186288916,9.572548617444886,True
lift_and_cruse,cruise_68,0.8556606293997332,80.21818400622499,77.32971093162348,455.8724841163277,486.61894308553985,169.63077073135437,0.9639959043434456,0.9633650047191044,154.65942186324696,9.591092028607912,True
lift_and_cruse,cruise_68,0.8554263121727756,80.19621676619771,77.32971093113325,455.8455796626326,486.59387625781096,169.6409912211354,0.9642611471709257,0.9634230488000438,154.6594218622665,9.607799064770514,True
lift_and_cruse,cruise_68,0.8552641593244851,80.18101493667046,77.32971093113831,455.8269600842908,486.57652886851963,169.6480651798158,0.9644447865392437,0.963463223139924,154.65942186227662,9.619360692522333,True
lift_and_cruse,cruise_68,0.8552062875843132,80.17558946102935,77.32971093335881,455.820314611678,486.57033753731463,169.65059008118027,0.9645103436682309,0.9634775625289654,154.65942186671762,9.623486989693067,True
lift_and_cruse,cruise_69,0.8552062875843132,80.17558946102935,77.32959501929501,455.8175448925342,486.5675185031521,169.65032585028425,0.9645029807592785,0.9645029807592785,154.65919003859003,9.623486989693067,True
lift_and_cruse,cruise_69,0.855148415902977,80.1701639909041,77.32959501929669,455.810899286457,486.5613271025441,169.65285086039225,0.9645685460486296,0.9645173360501593,154.65919003859338,9.627613286863799,True
lift_and_cruse,cruise_69,0.8549862628908467,80.15496214601687,77.32959501929376,455.7922780913996,486.54397884729815,169.65992642513103,0.9647523034850869,0.9645575623406006,154.65919003858752,9.639174914615618,True
lift_and_cruse,cruise_69,0.8547519445712529,80.13299480355496,77.32959502068182,455.7653680687873,486.5189090171369,169.67015259177697,0.9650179646455437,0.9646157005620413,154.65919004136364,9.65588195077822,True
lift_and_cruse,cruise_69,0.854491870264758,80.10861283732106,77.32959501929504,455.7354979617514,486.4910823935528,169.68150509409546,0.965312997941846,0.9646802422731778,154.65919003859008,9.674425361941246,True
lift_and_cruse,cruise_69,0.8542575508772211,80.08664539473948,77.32959502153233,455.70858391031203,486.46601038231194,169.69173544413323,0.9655789686205124,0.964738404278209,154.65919004306465,9.691132398103846,True
lift_and_cruse,cruise_69,0.8540953965333794,80.07144342500432,77.32959502170307,455.6899576915928,486.44865940714135,169.69881622345628,0.9657631120089428,0.9647786602148183,154.65919004340614,9.702694025855667,True
lift_and_cruse,cruise_69,0.8540375242593786,80.06601789931675,77.32959501929588,455.6833098503477,486.4424667955976,169.70134354860446,0.9658288490320803,0.9647930286672604,154.65919003859176,9.706820323026399,True
lift_and_cruse,cruise_70,0.8540375242593786,80.06601789931675,77.32947847366418,455.68053823691525,486.43964585746295,169.70107780521303,0.9658214621202488,0.9658214621202488,154.65895694732836,9.706820323026399,True
lift_and_cruse,cruise_70,0.8539796520446625,80.06059237918711,77.32947847373498,455.6738902612791,486.4334531775836,169.70360524987845,0.9658872073956755,0.9658358465916602,154.65895694746996,9.71094662019713,True
lift_and_cruse,cruise_70,0.8538174975378231,80.04539039417091,77.32947847383106,455.65526242748246,486.41610133873587,169.71068763646613,0.9660714693369,0.9658761546501469,154.65895694766212,9.722508247948952,True
lift_and_cruse,cruise_70,0.8535831770577685,80.0234228491658,77.32947847426763,455.62834281341793,486.3910263321457,169.72092366000348,0.9663378600253928,0.9659344110345317,154.65895694853526,9.739215284111552,True
lift_and_cruse,cruise_70,0.8533231003525854,79.9990406580549,77.32947847373967,455.5984620623813,486.36319396659155,169.73228710912832,0.9666337037688374,0.9659990839475764,154.65895694747934,9.75775869527458,True
lift_and_cruse,cruise_70,0.8530887788032244,79.97707301280228,77.32947847374173,455.5715384236591,486.3381167842422,169.74252731694497,0.9669004052364116,0.9660573641459923,154.65895694748346,9.77446573143718,True
lift_and_cruse,cruise_70,0.852926622962979,79.96187090277928,77.32947847436967,455.5529055709497,486.3207622324644,169.74961492369283,0.967085054726381,0.9660977019140294,154.65895694873933,9.786027359189001,True
lift_and_cruse,cruise_70,0.8528687501548412,79.95644532701637,77.3294784753371,455.5462553615359,486.3145683453388,169.75214469305186,0.9671509724855225,0.9661120996159931,154.6589569506742,9.790153656359733,True
lift_and_cruse,cruise_71,0.8528687501548412,79.95644532701637,77.32936128805754,455.54348185351944,486.3117454990502,169.75187741336813,0.9671435613700153,0.9671435613700153,154.65872257611508,9.790153656359733,True
lift_and_cruse,cruise_71,0.8528108774064413,79.95101975685387,77.32936128755449,455.53683151077684,486.3055515430725,169.75440729330643,0.9672094873655891,0.9671579750962764,154.65872257510898,9.794279953530465,True
lift_and_cruse,cruise_71,0.8526487214040414,79.93581763162888,77.32936128747612,455.5181970447638,486.2881961297975,169.76149650723443,0.9673942558885992,0.9671983651509263,154.65872257495224,9.805841581282285,True
lift_and_cruse,cruise_71,0.8524143987622931,79.91384988396497,77.32936128748709,455.4912678484667,486.26311596021077,169.77174239769778,0.9676613791208066,0.9672567400398708,154.65872257497418,9.822548617444886,True
lift_and_cruse,cruise_71,0.8521543196570508,79.8894674678485,77.32936128748537,455.4613764638814,486.23527786743693,169.78311680267933,0.9679580366510464,0.9673215445222126,154.65872257497074,9.841092028607912,True
lift_and_cruse,cruise_71,0.8519199959446262,79.86749961980871,77.32936128748074,455.4344432467183,486.2101955277397,169.79336688219357,0.9682254719515258,0.9673799432778364,154.65872257496147,9.857799064770514,True
lift_and_cruse,cruise_71,0.851757838607114,79.85229736941693,77.32936128799788,455.41580376662694,486.1928374084946,169.80046132118358,0.9684106296251388,0.9674203631017303,154.65872257599577,9.869360692522333,True
lift_and_cruse,cruise_71,0.8516999652645332,79.84687174354998,77.32936128792777,455.409151192371,486.1866422482778,169.8029935268763,0.9684767288111708,0.967434790078734,154.65872257585553,9.873486989693067,True
lift_and_cruse,cruise_72,0.8516999652645332,79.84687174354998,77.3292434534523,455.40637578842023,486.1838174904695,169.80272469742246,0.9684692933470956,0.9684692933470956,154.6584869069046,9.873486989693067,True
lift_and_cruse,cruise_72,0.8516420919821481,79.84144612332639,77.32924345344892,455.399723080638,486.17762226189194,169.8052570172643,0.9685354008224345,0.9684837364251565,154.65848690689785,9.877613286863799,True
lift_and_cruse,cruise_72,0.8514799344833442,79.82624385781354,77.32924345346375,455.38108198883197,486.16026328349074,169.8123530652564,0.968720678022443,0.9685242087120218,154.6584869069275,9.889174914615618,True
lift_and_cruse,cruise_72,0.8512456096786787,79.80427590737612,77.32924345384228,455.35414321949577,486.1351779644289,169.82260883329172,0.9689885368339736,0.9685827024519756,154.65848690768456,9.90588195077822,True
lift_and_cruse,cruise_72,0.8509855281720178,79.77989326612666,77.32924345362838,455.32424121194657,486.1073341591556,169.83399420225166,0.9692860115039453,0.9686476388671644,154.65848690725676,9.924425361941246,True
lift_and_cruse,cruise_72,0.8507512022953032,79.75792521518467,77.3292434535661,455.29729842574494,486.08224667549354,169.84425416218264,0.969554183669449,0.9687061565155816,154.6584869071322,9.941132398103846,True
lift_and_cruse,cruise_72,0.8505890434596755,79.74272282434457,77.32924345365,455.2786523248479,486.064884997994,169.85135543879477,0.9697398516233673,0.9687466586238644,154.6584869073,9.952694025855667,True
lift_and_cruse,cruise_72,0.8505311695823476,79.73729714834509,77.32924345381,455.2719973877803,486.0586885682293,169.85389008589354,0.969806133002267,0.9687611149754277,154.65848690762,9.956820323026399,True
lift_and_cruse,cruise_73,0.8505311695823476,79.73729714834509,77.32912496440254,455.26922008703355,486.0558618951185,169.85361968819183,0.9697986730166916,0.9697986730166916,154.65824992880508,9.956820323026399,True
lift_and_cruse,cruise_73,0.8504732957656796,79.73187147803246,77.32912496453574,455.2625650166179,486.0496653971856,169.85615444929064,0.9698649627175553,0.9698131455251643,154.65824992907147,9.96094662019713,True
lift_and_cruse,cruise_73,0.8503111367696355,79.71666907215334,77.32912496460028,455.2439173055382,486.0323028629301,169.86325733736084,0.9700507506974038,0.9698537002771778,154.65824992920057,9.972508247948952,True
lift_and_cruse,cruise_73,0.8500768098008445,79.69470091882917,77.32912496441183,455.21696897279026,486.0072124076382,169.87352298966806,0.9703193481188658,0.9699123131934257,154.65824992882366,9.989215284111552,True
lift_and_cruse,cruise_73,0.8498167258914214,79.67031805232075,77.3291249645512,455.1870563526022,485.9793629048699,169.8849193337041,0.9706176433163551,0.9699773819234515,154.6582499291024,10.00775869527458,True
lift_and_cruse,cruise_73,0.8495823978492031,79.64834979836279,77.32912496472085,455.16010400672263,485.9542702907293,169.89518918354622,0.9708865553999747,0.9700360188060052,154.6582499294417,10.02446573143718,True
lift_and_cruse,cruise_73,0.8494202375146174,79.63314726699538,77.32912496460798,455.1414512914929,485.936905064319,169.90229730443323,0.97107273574943,0.970076603435385,154.65824992921597,10.036027359189001,True
lift_and_cruse,cruise_73,0.8493623631022421,79.62772154083521,77.32912496440804,455.13479399407936,485.9307073682177,169.9048343937741,0.9711392000680553,0.9700910892372221,154.65824992881608,10.040153656359733,True
lift_and_cruse,cruise_74,0.8493623631022421,79.62772154083521,77.32900581303957,455.1320147954997,485.9278787761363,169.9045624109414,0.9711317153961653,0.9711317153961653,154.65801162607914,10.040153656359733,True
lift_and_cruse,cruise_74,0.8493044887509958,79.62229582040587,77.3290058130645,455.125357364838,485.92168101212394,169.90709961491993,0.9711981880739167,0.9711462174155167,154.658011626129,10.044279953530465,True
lift_and_cruse,cruise_74,0.8491423282568846,79.60709327408294,77.32900581303494,455.1067030410523,485.904314931296,169.91420934885423,0.9713844889467862,0.9711868548652335,154.65801162606988,10.055841581282285,True
lift_and_cruse,cruise_74,0.8489079991227697,79.58512491775966,77.32900581302482,455.07974515416976,485.87921935336806,169.92448489596893,0.9716538280466387,0.9712455873062847,154.65801162604964,10.072548617444886,True
lift_and_cruse,cruise_74,0.8486479128092519,79.56074182586735,77.32900581303785,455.0498219319482,485.85136416796155,169.9358922237877,0.9719529471649481,0.9713107887209821,154.6580116260757,10.091092028607912,True
lift_and_cruse,cruise_74,0.8484135826003276,79.53877336878072,77.32900581305526,455.0228600359414,485.8262664367452,169.94617197149896,0.972222602228154,0.9713695451715859,154.65801162611052,10.107799064770514,True
lift_and_cruse,cruise_74,0.8482514207659512,79.52357069680792,77.32900581304084,455.00420071286413,485.8088976708073,169.95328694344735,0.9724092971007817,0.971410212560473,154.65801162608167,10.119360692522333,True
lift_and_cruse,cruise_74,0.8481935458182307,79.51814492045912,77.3290058131712,454.99754105728596,485.8026987118273,169.95582647878805,0.9724759451262215,0.9714247279053038,154.6580116263424,10.123486989693067,True
lift_and_cruse,cruise_75,0.8481935458182307,79.51814492045912,77.32888594234184,454.99475997137125,485.7998681877504,169.95555277867828,0.9724684349677353,0.9724684349677353,154.65777188468368,10.123486989693067,True
lift_and_cruse,cruise_75,0.8481356709321138,79.51271914988567,77.32888599188273,454.98810017144854,485.793669170174,169.95809254103708,0.9725350920050996,0.9724829672303525,154.65777198376546,10.127613286863799,True
lift_and_cruse,cruise_75,0.8479735089391154,79.49751646304206,77.32888599187763,454.9694392414892,485.7762995521313,169.96520912721644,0.9727219078991217,0.972523687614659,154.65777198375525,10.139174914615618,True
lift_and_cruse,cruise_75,0.8477391776384902,79.47554790360844,77.3288859918878,454.9424718099936,485.7511988650359,169.97549457760698,0.9729919917513611,0.9725825399185742,154.6577719837756,10.15588195077822,True
lift_and_cruse,cruise_75,0.8474790889195573,79.45116458620849,77.32888599188776,454.9125379962476,485.7233380120026,169.98691289927265,0.9732919382100329,0.9726478743970225,154.65777198377552,10.174425361941246,True
lift_and_cruse,cruise_75,0.8472447565427352,79.42919592588143,77.32888599187763,454.8855665595845,485.6982351772479,169.99720255397008,0.9735623393376179,0.9727067507575554,154.65777198375525,10.191132398103846,True
lift_and_cruse,cruise_75,0.8470825932077417,79.41399311322577,77.32888599187203,454.86690063525793,485.6808628811228,170.00432438288883,0.9737495508679699,0.9727475011402849,154.65777198374406,10.202694025855667,True
lift_and_cruse,cruise_75,0.8470247177243808,79.40856728666071,77.32888599187625,454.860238623968,485.67466266251955,170.00686636536744,0.9738163833570902,0.9727620461062025,154.6577719837525,10.206820323026399,True
lift_and_cruse,cruise_76,0.8470247177243808,79.40856728666071,77.32876544250982,454.8574556386672,485.6718302116046,170.00659104054722,0.9738088481480093,0.9738088481480093,154.65753088501964,10.206820323026399,True
lift_and_cruse,cruise_76,0.8469668423031043,79.40314146591602,77.3287654933478,454.8507934828791,485.6656299348985,170.0091332533835,0.973875689702171,0.9738234101090408,154.6575309866956,10.21094662019713,True
lift_and_cruse,cruise_76,0.846804678810407,79.38793863847565,77.32876549334041,454.83212595333754,485.64825678900075,170.01625669785798,0.9740630227554163,0.9738642136638682,154.65753098668083,10.222508247948952,True
lift_and_cruse,cruise_76,0.8465703453420964,79.36596987582153,77.32876549334094,454.80514898675676,485.6231510062711,170.026552060289,0.9743338544526774,0.9739231861717507,154.65753098668188,10.239215284111552,True
lift_and_cruse,cruise_76,0.8463102542164421,79.34158633279144,77.32876549334401,454.77520459205857,485.5952845006497,170.03798138563866,0.9746346316889154,0.9739886540932339,154.65753098668802,10.25775869527458,True
lift_and_cruse,cruise_76,0.8460759196705426,79.31961746911337,77.3287654933503,454.7482236242654,485.5701765759198,170.0482809562513,0.9749057819817,0.9740476507058553,154.6575309867006,10.27446573143718,True
lift_and_cruse,cruise_76,0.8459137548341138,79.30441451569817,77.32876549334266,454.7295511052952,485.55280075899026,170.05540964822617,0.9750935123171206,0.9740884843187074,154.65753098668532,10.286027359189001,True
lift_and_cruse,cruise_76,0.8458558788148204,79.29898863888941,77.32876549334739,454.7228867406219,485.546599284138,170.05795408031383,0.9751605300383492,0.9741030589917558,154.65753098669478,10.290153656359733,True
lift_and_cruse,cruise_77,0.8458558788148204,79.29898863888941,77.32864430973717,454.72010184313626,485.543764912201,170.05767723110853,0.9751529702588634,0.9751529702588634,154.65728861947434,10.290153656359733,True
lift_and_cruse,cruise_77,0.8457980028580973,79.29356276794663,77.32864430972955,454.7134373457474,485.53756337003165,170.06022177748113,0.9752199964393284,0.9751675613199293,154.6572886194591,10.294279953530465,True
lift_and_cruse,cruise_77,0.8456358378648978,79.27835979983418,77.32864430972873,454.69476322323175,485.5201867056731,170.06735208638023,0.9754078488021443,0.9752084482826059,154.65728861945746,10.305841581282285,True
lift_and_cruse,cruise_77,0.845401502227739,79.25639083385055,77.32864430972576,454.6677767311227,485.49507584088997,170.0776573696943,0.9756794314546212,0.9752675413373664,154.65728861945152,10.322548617444886,True
lift_and_cruse,cruise_77,0.8451414086940695,79.23200706506901,77.32864430973544,454.63782176608873,485.4672036977628,170.08909770853506,0.9759810429245052,0.9753331430825095,154.65728861947088,10.341092028607912,True
lift_and_cruse,cruise_77,0.844907071977924,79.21003799793039,77.32864430973123,454.61083127674414,485.4420906966492,170.09940720383315,0.9762529454996153,0.9753922602898328,154.65728861946246,10.357799064770514,True
lift_and_cruse,cruise_77,0.8447449056392505,79.19483490367975,77.32864430971848,454.5921521697598,485.42471136832836,170.10654276496703,0.9764411967994466,0.9754331773701286,154.65728861943697,10.369360692522333,True
lift_and_cruse,cruise_77,0.8446870290837349,79.18940897660016,77.32864430971857,454.5854854540707,485.4185086405864,170.10908964883345,0.9765084005238015,0.9754477818349647,154.65728861943714,10.373486989693067,True
lift_and_cruse,cruise_78,0.8446870290837349,79.18940897660016,77.32852242064448,454.582698657968,485.4156723319858,170.10881111170895,0.9765008151975115,0.9765008151975115,154.65704484128895,10.373486989693067,True
lift_and_cruse,cruise_78,0.8446291525912829,79.18398305543276,77.32852243218522,454.57603180709265,485.40946953928903,170.11135813629377,0.9765680275615555,0.9765154362601547,154.65704486437045,10.377613286863799,True
lift_and_cruse,cruise_78,0.8444669860967879,79.16877994657388,77.3285224324585,454.5573510981785,485.3920893659411,170.1184953163355,0.9767564013994615,0.9765564068723376,154.657044864917,10.389174914615618,True
lift_and_cruse,cruise_78,0.8442326482896312,79.14681077715294,77.32852243283058,454.5303550900505,485.3669734327954,170.12881053022008,0.9770287381392643,0.9766156208231106,154.65704486566116,10.40588195077822,True
lift_and_cruse,cruise_78,0.8439725523466663,79.12242678249997,77.32852243311044,454.5003895652787,485.33909566733934,170.14026189295384,0.9773311873213346,0.9766813567774775,154.65704486622087,10.424425361941246,True
lift_and_cruse,cruise_78,0.8437382134591186,79.10045751179237,77.3285224333485,454.4733895639352,485.3139776035264,170.15058132233983,0.9776038453166914,0.976740594927118,154.657044866697,10.441132398103846,True
lift_and_cruse,cruise_78,0.8435760456173974,79.085254276631,77.3285224334702,454.4547038755591,485.2965947732824,170.15772375906076,0.9777926197540617,0.9767815957149953,154.6570448669404,10.452694025855667,True
lift_and_cruse,cruise_78,0.8435181685253733,79.07982829925375,77.32852243350214,454.4480348112219,485.2903907960286,170.16027309696898,0.977860010257358,0.9767962300571515,154.6570448670043,10.456820323026399,True
lift_and_cruse,cruise_79,0.8435181685253733,79.07982829925375,77.32840013435245,454.44524604647637,485.2875526034036,170.15999354629776,0.9778524030399778,0.9778524030399778,154.6568002687049,10.456820323026399,True
lift_and_cruse,cruise_79,0.8434602914969116,79.07440232783546,77.32839985376678,454.4385769136925,485.28134850692635,170.1625423570791,0.9779197985230437,0.9778670502005441,154.65679970753357,10.46094662019713,True
lift_and_cruse,cruise_79,0.8432981235003346,79.05919907815637,77.32839985383804,454.4198896251495,485.26396483395047,170.16968641328657,0.9781086960042001,0.9779081046951074,154.65679970767607,10.472508247948952,True
lift_and_cruse,cruise_79,0.8430637835220433,79.03722970519155,77.32839985391622,454.392884110787,485.2388438459813,170.18001156504695,0.9783817899676391,0.9779674398787203,154.65679970783245,10.489215284111552,True
lift_and_cruse,cruise_79,0.8428036851685201,79.01284548454876,77.32839985402859,454.36290803707726,485.21096047328786,170.19147396046392,0.9786850803508247,0.9780333104201412,154.65679970805718,10.50775869527458,True
lift_and_cruse,cruise_79,0.8425693441084303,78.99087601016535,77.32839985412697,454.3358985334696,485.1858373603841,170.20180333189052,0.9789584969137437,0.9780926698527603,154.65679970825394,10.52446573143718,True
lift_and_cruse,cruise_79,0.8424071747628726,78.9756726340193,77.32839985420158,454.31720627042426,485.168451037654,170.2089526498869,0.9791477966697509,0.9781337545850594,154.65679970840316,10.536027359189001,True
lift_and_cruse,cruise_79,0.842349297134058,78.97024660631794,77.32839985421671,454.31053485983506,485.16224581426036,170.21150444390418,0.9792153747310277,0.9781484188892818,154.65679970843343,10.540153656359733,True
lift_and_cruse,cruise_80,0.842349297134058,78.97024660631794,77.32825756244547,454.3077485798779,485.15940207739266,170.21117911360653,0.9792074976253442,0.9792074976253442,154.65651512489094,10.540153656359733,True
lift_and_cruse,cruise_80,0.8422914195692924,78.96482058462117,77.32827658784396,454.30107270787295,485.1532003411844,170.2137745135108,0.9792753251212234,0.9792224286954351,154.65655317568792,10.544279953530465,True
lift_and_cruse,cruise_80,0.8421292500698013,78.94961719404388,77.3282765961088,454.2823788444734,485.1358131796241,170.2209254711904,0.9794647485383122,0.9792635674232879,154.6565531922176,10.555841581282285,True
lift_and_cruse,cruise_80,0.8418949079191298,78.92764761741842,77.32827661236261,454.25536382978856,485.11068715360494,170.2312606073163,0.9797386030964709,0.9793230244039408,154.65655322472523,10.572548617444886,True
lift_and_cruse,cruise_80,0.8416348071536003,78.90326317065002,77.32827663401063,454.2253772129266,485.0827981929391,170.24273409486497,0.9800427384702163,0.979389030203854,154.65655326802127,10.591092028607912,True
lift_and_cruse,cruise_80,0.8414004639195857,78.88129349246117,77.3282766597833,454.19835821084575,485.0576700494766,170.25307347621646,0.9803169170982021,0.9794485116068553,154.6565533195666,10.607799064770514,True
lift_and_cruse,cruise_80,0.8412382930691858,78.86608997523618,77.32827667745178,454.17965937580567,485.04028024704587,170.2602297219632,0.9805067445926224,0.9794896807564174,154.65655335490356,10.619360692522333,True
lift_and_cruse,cruise_80,0.8411804149032122,78.86066389717614,77.32827668420266,454.1729856198155,485.0340737821612,170.26278398972167,0.9805745110817234,0.979504375197482,154.65655336840533,10.623486989693067,True
lift_and_cruse,cruise_81,0.8411804149032122,78.86066389717614,77.3281524645556,454.17019316021816,485.0312316087309,170.2624998934641,0.9805668459167663,0.9805668459167663,154.6563049291112,10.623486989693067,True
lift_and_cruse,cruise_81,0.8411225368018937,78.85523782517754,77.32815256782439,454.1635192502256,485.025025095468,170.2650544965099,0.9806346222289424,0.9805815582524406,154.65630513564878,10.627613286863799,True
lift_and_cruse,cruise_81,0.8409603657988154,78.84003429363895,77.32815256713603,454.1448188225934,485.00763445163386,170.27221232255337,0.9808245735629674,0.9806227812282073,154.65630513427206,10.639174914615618,True
lift_and_cruse,cruise_81,0.8407260214748644,78.81806451326852,77.32815256635507,454.11779432486844,484.9825033951177,170.2825573759089,0.9810991914744097,0.9806823599160923,154.65630513271014,10.65588195077822,True
lift_and_cruse,cruise_81,0.8404659182964604,78.79367984029317,77.3281525657419,454.087797185633,484.9546088535817,170.29404186519253,0.9814041748163075,0.9807485007835226,154.6563051314838,10.674425361941246,True
lift_and_cruse,cruise_81,0.8402315728878761,78.77170995823838,77.32815256949979,454.0607687056903,484.9294756844374,170.3043911561916,0.981679118091145,0.9808081038766218,154.65630513899958,10.691132398103846,True
lift_and_cruse,cruise_81,0.8400694005322812,78.75650629990136,77.32815256533968,454.04206331438826,484.91208240448714,170.3115542455994,0.981869475030905,0.9808493571648798,154.65630513067936,10.702694025855667,True
lift_and_cruse,cruise_81,0.8400115218290425,78.75108017147272,77.32815256535021,454.03538721848,484.90587469900345,170.3141109584411,0.9819374305649076,0.9808640816511797,154.65630513070042,10.706820323026399,True
lift_and_cruse,cruise_82,0.8400115218290425,78.75108017147272,77.32802783592254,454.03259280484883,484.9030306156817,170.31382561815218,0.9819297420117712,0.9819297420117712,154.65605567184508,10.706820323026399,True
lift_and_cruse,cruise_82,0.8399536431908948,78.7456540491464,77.3280278358966,454.02591657704727,484.8968228439576,170.316382445526,0.981997706180143,0.9819444831805191,154.6560556717932,10.71094662019713,True
lift_and_cruse,cruise_82,0.8397914706834236,78.73045037657097,77.3280278359421,454.0072095897144,484.8794287291936,170.3235471681867,0.9821881877645433,0.9819857907740058,154.6560556718842,10.722508247948952,True
lift_and_cruse,cruise_82,0.8395571241849956,78.70848039234333,77.3280278359141,453.9801756146392,484.85429265928735,170.3339021882771,0.9824635724523938,0.9820454917534712,154.6560556718282,10.739215284111552,True
lift_and_cruse,cruise_82,0.8392970185923047,78.68409549302856,77.32802783592338,453.950167958633,484.8263925564601,170.34539774143087,0.9827694076060645,0.9821117683784111,154.65605567184676,10.75775869527458,True
lift_and_cruse,cruise_82,0.8390626710078197,78.6621254069831,77.32802783592,453.9231300064158,484.80125437883487,170.35575699265493,0.9830451189646293,0.9821714937521143,154.65605567184,10.77446573143718,True
lift_and_cruse,cruise_82,0.8389004971460574,78.64692160744288,77.32802783592761,453.9044180596832,484.7838576357758,170.3629269912999,0.9832360079000494,0.9822128317638354,154.65605567185523,10.786027359189001,True
lift_and_cruse,cruise_82,0.8388426179051934,78.64149542861189,77.32802783591198,453.89773962473515,484.7776486943557,170.36548616676973,0.9833041533570797,0.9822275864703294,154.65605567182396,10.790153656359733,True
lift_and_cruse,cruise_83,0.8388426179051934,78.64149542861189,77.32790237222551,453.89494330532847,484.7748026566105,170.36519906812046,0.9832964384867428,0.9832964384867428,154.65580474445102,10.790153656359733,True
lift_and_cruse,cruise_83,0.8387847387299433,78.63606925593218,77.32790237216426,453.88826473865606,484.7685936491674,170.36775835815658,0.9833645926136477,0.9833112099353211,154.65580474432852,10.794279953530465,True
lift_and_cruse,cruise_83,0.8386225647173251,78.62086544224923,77.32790237216169,453.8695511985654,484.7511960728931,170.37492998175378,0.9835556066615254,0.9833526023791996,154.65580474432338,10.805841581282285,True
lift_and_cruse,cruise_83,0.8383882160433224,78.59889525406147,77.32790237241748,453.8425077560295,484.7260550033383,170.3852949763208,0.9838317613352008,0.9834124259951638,154.65580474483497,10.822548617444886,True
lift_and_cruse,cruise_83,0.8381281080351317,78.5745101282936,77.32790237218084,453.8124895943164,484.69814935441667,170.3968016011461,0.9841384518626493,0.9834788387559366,154.6558047443617,10.841092028607912,True
lift_and_cruse,cruise_83,0.8378937582736411,78.55253983815385,77.32790237216965,453.7854421787692,484.6730061828604,170.40717083000027,0.9844149345756164,0.9835386868109262,154.6558047443393,10.857799064770514,True
lift_and_cruse,cruise_83,0.8377315829049463,78.53733589733872,77.32790237216763,453.7667236843391,484.65560598549604,170.41434773443027,0.9846063576861972,0.9835801097341756,154.65580474433526,10.869360692522333,True
lift_and_cruse,cruise_83,0.8376737031261857,78.53190966807992,77.32790237217215,453.7600429127635,484.6493958115706,170.41690937480791,0.9846746938640187,0.9835948947482149,154.6558047443443,10.873486989693067,True
lift_and_cruse,cruise_84,0.8376737031261857,78.53190966807992,77.32777616543027,453.7572446867905,484.6465478152276,170.41662049672928,0.9846669524816224,0.9846669524816224,154.65555233086053,10.873486989693067,True
lift_and_cruse,cruise_84,0.8376158234135999,78.526483445025,77.32777616901127,453.75056378284035,484.64033757618466,170.41918226002267,0.9847352974112453,0.9846817543457113,154.65555233802255,10.877613286863799,True
lift_and_cruse,cruise_84,0.8374536478949909,78.5112794901554,77.32777621802094,453.73184368565916,484.62293655722607,170.42636090296065,0.9849268467830038,0.9847232325327807,154.6555524360419,10.889174914615618,True
lift_and_cruse,cruise_84,0.8372192970442641,78.48930909789976,77.32777616542073,453.7047907975153,484.59779049187944,170.43673575918578,0.9852037739991004,0.9847831784349577,154.65555233084146,10.90588195077822,True
lift_and_cruse,cruise_84,0.8369591866193854,78.46492374556739,77.32777616543613,453.67476214089265,484.5698793123648,170.4482534666063,0.9855113234996496,0.9848497277294589,154.65555233087227,10.924425361941246,True
lift_and_cruse,cruise_84,0.8367248346798021,78.44295325123144,77.32777616543686,453.64770527184686,484.54473116077,170.45863268195134,0.9857885808083076,0.9849096988186236,154.65555233087372,10.941132398103846,True
lift_and_cruse,cruise_84,0.8365626578034244,78.42774916907103,77.32777616542208,453.62898023653105,484.52732751871645,170.4658164982602,0.9859805403390153,0.9849512068974214,154.65555233084416,10.952694025855667,True
lift_and_cruse,cruise_84,0.8365047774864983,78.42232288935922,77.32777616542539,453.62229713076397,484.5211161157147,170.46838060567646,0.9860490680390271,0.9849660223058484,154.65555233085078,10.956820323026399,True
lift_and_cruse,cruise_85,0.8365047774864983,78.42232288935922,77.3276492068963,453.6194969974019,484.51826615659087,170.46808992722632,0.9860412999496668,0.9860412999496668,154.6552984137926,10.956820323026399,True
lift_and_cruse,cruise_85,0.8364468972362513,78.41689661589855,77.32764920686654,453.6128137602438,484.5120546880103,170.47065414935452,0.9861098363915662,0.986056132220749,154.65529841373308,10.96094662019713,True
lift_and_cruse,cruise_85,0.8362847202111149,78.40169251979202,77.32764920687448,453.59408713501716,484.49465021755015,170.47783959336388,0.9863019220864506,0.986097695099495,154.65529841374897,10.972508247948952,True
lift_and_cruse,cruise_85,0.8360503671827445,78.37972192338229,77.32764920686142,453.5670247872507,484.4694991902005,170.4882245614197,0.986579626439263,0.9861577650363733,154.65529841372285,10.989215284111552,True
lift_and_cruse,cruise_85,0.8357902543399716,78.35533634437233,77.32764920685355,453.53698564673016,484.44158249549287,170.49975336059114,0.9868880385225649,0.9862244512538743,154.6552984137071,11.00775869527458,True
lift_and_cruse,cruise_85,0.8355559002212313,78.33336564574043,77.32764920686105,453.5099193340624,484.4164293777915,170.5101425712287,0.9871660736860258,0.986284545731186,154.6552984137221,11.02446573143718,True
lift_and_cruse,cruise_85,0.8353937218364255,78.31816142216489,77.32764920686482,453.4911877646914,484.3990223007001,170.51733330558534,0.9873585718948322,0.9863261392109723,154.65529841372964,11.036027359189001,True
lift_and_cruse,cruise_85,0.8353358409810686,78.31273509197517,77.32764920685386,453.48450232717727,484.3928096720635,170.51989988218781,0.9874272919230216,0.9863409851010777,154.65529841370773,11.040153656359733,True
lift_and_cruse,cruise_86,0.8353358409810686,78.31273509197517,77.32752153394176,453.4817002751553,484.389957754678,170.51960748807016,0.9874194975200914,0.9874194975200914,154.65504306788353,11.040153656359733,True
lift_and_cruse,cruise_86,0.8352779601929302,78.30730876808721,77.32752149132958,453.4750147160442,484.3837450526382,170.5221740819507,0.9874882257828015,0.9874343597689389,154.65504298265915,11.044279953530465,True
lift_and_cruse,cruise_86,0.8351157816604332,78.29210453066561,77.32752149122399,453.4562815585304,484.3663371495286,170.5293664450432,0.9876808506841641,0.9874760082318657,154.65504298244798,11.055841581282285,True
lift_and_cruse,cruise_86,0.8348814264532829,78.27013372999527,77.32752149105217,453.42920977298076,484.34118116419074,170.53976141300546,0.9879593347716185,0.9875362018611687,154.65504298210433,11.072548617444886,True
lift_and_cruse,cruise_86,0.834621311191443,78.24574792419779,77.32752149089097,453.3991601595864,484.3132589697667,170.55130131340704,0.9882686130693806,0.9876030253943906,154.65504298178195,11.091092028607912,True
lift_and_cruse,cruise_86,0.8343869548924736,78.2237770211694,77.32752149074747,453.37208441324384,484.2881008999024,170.56170052779018,0.9885474293631301,0.987663243613234,154.65504298149494,11.107799064770514,True
lift_and_cruse,cruise_86,0.8342247749984999,78.20857265610937,77.3275214906227,453.3533463167148,484.2706903974207,170.56889818595704,0.9887404685184225,0.9877049227380874,154.6550429812454,11.119360692522333,True
lift_and_cruse,cruise_86,0.8341668936044474,78.20314627541694,77.32752149059048,453.3466585499056,484.2644765466015,170.5714672339046,0.9888093816853673,0.9877197991975799,154.65504298118097,11.123486989693067,True
lift_and_cruse,cruise_87,0.8341668936044474,78.20314627541694,77.32739299798563,453.34385460020036,484.2616226484747,170.5711728819614,0.9888015595389581,0.9888015595389581,154.65478599597125,11.123486989693067,True
lift_and_cruse,cruise_87,0.8341090122781681,78.19771990107826,77.32739299791618,453.33716670234134,484.2554087325212,170.57374204472362,0.9888704815203285,0.988816452982575,154.65478599583236,11.127613286863799,True
lift_and_cruse,cruise_87,0.8339468322376098,78.18251552227592,77.3273929979616,453.31842701935415,484.2379974064971,170.5809413335992,0.9890636479046984,0.9888581872800386,154.6547859959232,11.139174914615618,True
lift_and_cruse,cruise_87,0.8337124748506641,78.16054451724976,77.32739299794316,453.2913458058894,484.2128364772321,170.59134631099002,0.9893429150187316,0.9889185049626644,154.65478599588633,11.15588195077822,True
lift_and_cruse,cruise_87,0.8334523571686254,78.13615848455863,77.32739299789851,453.2612857305994,484.1849087986931,170.60289732301655,0.9896530631881206,0.9889854662112336,154.65478599579703,11.174425361941246,True
lift_and_cruse,cruise_87,0.8332179986884031,78.11418737703778,77.3273929979302,453.2342005604624,484.1597457907466,170.6133065506977,0.9899326639121336,0.9890458085328042,154.6547859958604,11.191132398103846,True
lift_and_cruse,cruise_87,0.8330558172845505,78.09898287042661,77.32739299796198,453.2154559436032,484.142331872635,170.62051113942326,0.9901262463005229,0.9890875735535125,154.65478599592396,11.202694025855667,True
lift_and_cruse,cruise_87,0.8329979353515482,78.09355643920765,77.32739299796195,453.2087658499476,484.13611680310834,170.6230826610137,0.9901953534221215,0.9891024806712633,154.6547859959239,11.206820323026399,True
lift_and_cruse,cruise_88,0.8329979353515482,78.09355643920765,77.32726372896116,453.2059599899199,484.1332609298327,170.62278644941316,0.990187503999222,0.990187503999222,154.6545274579223,11.206820323026399,True
lift_and_cruse,cruise_88,0.8329400534868729,78.08813001439434,77.32726372908513,453.1992697653496,484.12704579542634,170.6253580862433,0.990256619973902,0.9902024281644346,154.65452745817026,11.21094662019713,True
lift_and_cruse,cruise_88,0.8327778719375375,78.07292549414414,77.32726372908681,453.18052356383134,484.10963105616366,170.6325643065499,0.990450330124767,0.9902442485416959,154.65452745817362,11.222508247948952,True
lift_and_cruse,cruise_88,0.8325435123697599,78.05095428466498,77.32726372909191,453.1534329324552,484.0844651969893,170.64297930187917,0.9907303835702276,0.9903046906341259,154.65452745818382,11.239215284111552,True
lift_and_cruse,cruise_88,0.8322833922663685,78.02656802497205,77.32726372909399,453.1233624063647,484.0565320499179,170.65454143514586,0.9910414052846879,0.9903717899947593,154.65452745818797,11.25775869527458,True
lift_and_cruse,cruise_88,0.8320490316038508,78.004596712861,77.32726372909062,453.0962678224707,484.03136411790933,170.6649606844507,0.9913217937506996,0.9904322567745922,154.65452745818124,11.27446573143718,True
lift_and_cruse,cruise_88,0.8318868486893964,77.9893920646309,77.32726372908678,453.0775166922421,484.0139467938657,170.67217220938923,0.9915159216655798,0.9904741079366058,154.65452745817356,11.286027359189001,True
lift_and_cruse,cruise_88,0.8318289662171862,77.9839655828612,77.32726372908218,453.07082427421807,484.00773050910004,170.67474620671416,0.9915852235611822,0.990489045800648,154.65452745816435,11.290153656359733,True
lift_and_cruse,cruise_89,0.8318289662171862,77.9839655828612,77.32713366182668,453.06801650593167,484.0048726539159,170.67444808436122,0.9915773464951952,0.9915773464951952,154.65426732365336,11.290153656359733,True
lift_and_cruse,cruise_89,0.8317710838138661,77.97853910754995,77.3271336713508,453.0613239550465,483.99865630628415,170.67702221853844,0.9916466574012673,0.9915923015934283,154.6542673427016,11.294279953530465,True
lift_and_cruse,cruise_89,0.8316089007550554,77.96333444578644,77.3271336713681,453.0425712419097,483.9812381635373,170.68423537650398,0.9918409136182074,0.9916342083001181,154.6542673427362,11.305841581282285,True
lift_and_cruse,cruise_89,0.8313745390054345,77.94136303175948,77.32713367133388,453.01547120265076,483.95606738852837,170.69466039843294,0.992121756719385,0.9916947751611656,154.65426734266777,11.322548617444886,True
lift_and_cruse,cruise_89,0.8311144164795642,77.91697654495916,77.32713367132426,452.98539023689676,483.92812878855773,170.7062336625773,0.9924336556731573,0.9917620130323253,154.65426734264852,11.341092028607912,True
lift_and_cruse,cruise_89,0.8308800536337332,77.89500502816249,77.3271336713406,452.9582862492631,483.90295594660125,170.71666294243417,0.9927148352149248,0.9918226046309061,154.6542673426812,11.357799064770514,True
lift_and_cruse,cruise_89,0.8307178692079709,77.87980023824726,77.32713367135513,452.93952861259845,483.88553522640086,170.72388140980073,0.992909510965749,0.9918645421839343,154.65426734271026,11.369360692522333,True
lift_and_cruse,cruise_89,0.8306599861963,77.87437370590312,77.32713367135656,452.93283387268303,483.87931772988395,170.72645788505827,0.9929790084599169,0.9918795108832789,154.65426734271313,11.373486989693067,True
lift_and_cruse,cruise_90,0.8306599861963,77.87437370590312,77.32700281483262,452.93002419122996,483.87645789187303,170.72615787154092,0.992971103778792,0.992971103778792,154.65400562966525,11.373486989693067,True
lift_and_cruse,cruise_90,0.8306021032540878,77.86894718007072,77.3270028170223,452.92332932028205,483.8702403313213,170.72873446688,0.9930406102263093,0.9929860896763824,154.6540056340446,11.377613286863799,True
lift_and_cruse,cruise_90,0.8304399186851115,77.8537423767292,77.32700281548762,452.9045701028326,483.85281879456494,170.73595456500095,0.9932354148009704,0.9930280829414445,154.65400563097523,11.389174914615618,True
lift_and_cruse,cruise_90,0.8302055547526493,77.83177075806088,77.32700281474246,452.87746066589557,483.8276431177227,170.74638962078802,0.9935170508930439,0.9930887749232243,154.6540056294849,11.40588195077822,True
lift_and_cruse,cruise_90,0.8299454298031913,77.80738404404917,77.32700281429263,452.8473692717418,483.7996990804638,170.7579740245961,0.9938298307964367,0.9931561517000426,154.65400562858525,11.424425361941246,True
lift_and_cruse,cruise_90,0.8297110647730451,77.78541232247298,77.32700281416756,452.82025589047413,483.7745213426758,170.76841334343612,0.9941118047637365,0.9932168684764316,154.6540056283351,11.441132398103846,True
lift_and_cruse,cruise_90,0.8295488788352797,77.77020739080747,77.3270028140471,452.80149175438015,483.7570972360848,170.77563875897167,0.9943070306703298,0.993258892668442,154.6540056280942,11.452694025855667,True
lift_and_cruse,cruise_90,0.8294909952838998,77.7647808078656,77.3270028140442,452.79479469506515,483.7508785313114,170.77821771430985,0.9943767245919979,0.9932738922921709,154.6540056280884,11.456820323026399,True
lift_and_cruse,cruise_91,0.8294909952838998,77.7647808078656,77.32686973037895,452.7919834201078,483.74801643400747,170.77791251848765,0.9943687737594751,0.9943687737594751,154.6537394607579,11.456820323026399,True
lift_and_cruse,cruise_91,0.8294331118047705,77.75935423169724,77.32686825975397,452.7852865620209,483.74179738383594,170.78048820844376,0.9944384576838612,0.9943837709310968,154.65373651950793,11.46094662019713,True
lift_and_cruse,cruise_91,0.8292709257311088,77.74414928729145,77.32686829387409,452.76652083941946,483.72437247042666,170.7877153376299,0.9946338134048138,0.9944258514992489,154.65373658774817,11.472508247948952,True
lift_and_cruse,cruise_91,0.8290365596235754,77.7221774647102,77.32686834947509,452.73940200285,483.6991919174614,170.79816056620228,0.9949162465634672,0.9944866697220155,154.65373669895018,11.489215284111552,True
lift_and_cruse,cruise_91,0.8287764322589487,77.69779052427644,77.32686840754903,452.70930017910274,483.67124247061616,170.8097562538802,0.9952299118891494,0.9945541865897835,154.65373681509806,11.50775869527458,True
lift_and_cruse,cruise_91,0.8285420650518996,77.67581859861559,77.3268684597185,452.6821774032755,483.64605986182465,170.82020574007566,0.9955126843075349,0.9946150296029188,154.653736919437,11.52446573143718,True
lift_and_cruse,cruise_91,0.8283798776071607,77.66061352567132,77.32686849807307,452.6634067665876,483.62863238646753,170.82743819794877,0.9957084631881132,0.9946571411977995,154.65373699614614,11.536027359189001,True
lift_and_cruse,cruise_91,0.8283219935178467,77.65518689229812,77.32686851117909,452.6567073876064,483.62241247960094,170.83001966545405,0.9957783545350509,0.9946721720096877,154.65373702235817,11.540153656359733,True
lift_and_cruse,cruise_92,0.8283219935178467,77.65518689229812,77.32673868737132,452.6538932848876,483.61954916762227,170.82972185693208,0.995770427989068,0.995770427989068,154.65347737474264,11.540153656359733,True
lift_and_cruse,cruise_92,0.828264109497125,77.64976026535548,77.32673867919385,452.6471937803049,483.61332919255244,170.83230339108678,0.9958403280673296,0.9957854758117897,154.6534773583877,11.544279953530465,True
lift_and_cruse,cruise_92,0.8281019219057744,77.63455517866635,77.32673867733082,452.6284215745706,483.595900897743,170.83953739414608,0.9960362363806171,0.9958276429841302,154.65347735466165,11.555841581282285,True
lift_and_cruse,cruise_92,0.8278675536046685,77.61258315043767,77.32673867445256,452.6012933727532,483.5707154596585,170.84999254240816,0.9963194685523505,0.9958885862868907,154.6534773489051,11.572548617444886,True
lift_and_cruse,cruise_92,0.8276074238047392,77.5881959816943,77.32673867173604,452.57118115578595,483.54276059482544,170.86159925164856,0.9966340215685544,0.9959562420654182,154.65347734347208,11.591092028607912,True
lift_and_cruse,cruise_92,0.8273730544029883,77.56622385028015,77.32673866963746,452.5440490179932,483.5175731076652,170.87205867096947,0.9969175944965295,0.99601721026428,154.65347733927493,11.607799064770514,True
lift_and_cruse,cruise_92,0.827210865439155,77.55101863492078,77.32673866888705,452.52527190414725,483.5001422577277,170.8792980002723,0.9971139277278692,0.9960594084834183,154.6534773377741,11.619360692522333,True
lift_and_cruse,cruise_92,0.8271529808076205,77.54559195071442,77.32673866866968,452.5185702135856,483.4939211469355,170.88188192182247,0.9971840170079126,0.9960744702223238,154.65347733733935,11.623486989693067,True
lift_and_cruse,cruise_93,0.8271529808076205,77.54559195071442,77.32660535398558,452.51575479549456,483.4910553272686,170.88157602144005,0.9971760277893297,0.9971760277893297,154.65321070797117,11.623486989693067,True
lift_and_cruse,cruise_93,0.8270950962473046,77.54016527318481,77.3266053539175,452.50905297488885,483.48483415273927,170.88416005855555,0.9972461261086276,0.9971911068863657,154.653210707835,11.627613286863799,True
lift_and_cruse,cruise_93,0.826932907143812,77.52496004473238,77.32660535395092,452.490274285092,483.46740249408134,170.891401027936,0.9974425898378592,0.9972333614187282,154.65321070790185,11.639174914615618,True
lift_and_cruse,cruise_93,0.8266985366569902,77.50298781159283,77.32660535395094,452.46313671519096,483.4422121975028,170.90186624467225,0.9977266251918347,0.9972944309822116,154.65321070790188,11.65588195077822,True
lift_and_cruse,cruise_93,0.8264384044302593,77.4786004153368,77.32660535390225,452.43301410289286,483.4142519433452,170.91348412998906,0.9980420704715147,0.9973622269202013,154.6532107078045,11.674425361941246,True
lift_and_cruse,cruise_93,0.8262040328412787,77.45662807886988,77.32660535391393,452.40587260140626,483.3890596034885,170.92395361984177,0.9983264480236465,0.9974233214193707,154.65321070782787,11.691132398103846,True
lift_and_cruse,cruise_93,0.8260418423634164,77.44142272157029,77.32660535393433,452.38708900900923,483.3716253968998,170.9311999176488,0.998523338466814,0.9974656070456601,154.65321070786865,11.702694025855667,True
lift_and_cruse,cruise_93,0.8259839571914482,77.43599598669827,77.32660535391952,452.38038500652806,483.365403088446,170.93378632627198,0.9985936266924951,0.997480699981582,154.65321070783904,11.706820323026399,True
lift_and_cruse,cruise_94,0.8259839571914482,77.43599598669827,77.32647115635463,452.3775676845325,483.36253525736896,170.9334783162248,0.9985856082981547,0.9985856082981547,154.65294231270926,11.706820323026399,True
lift_and_cruse,cruise_94,0.8259260720912975,77.43056925855915,77.32647120220729,452.3708635419864,483.35631289414863,170.93606494494722,0.9986559061887202,0.9986007192655418,154.65294240441457,11.71094662019713,True
lift_and_cruse,cruise_94,0.8257638814749904,77.41536388828034,77.32647120220342,452.3520783756216,483.3388778811644,170.94331288229677,0.9988529276735381,0.9986430613859877,154.65294240440684,11.722508247948952,True
lift_and_cruse,cruise_94,0.8255295088014853,77.39339145013926,77.32647120220703,452.3249314484916,483.31368273984367,170.95378816970256,0.9991377695928781,0.9987042575387207,154.65294240441406,11.739215284111552,True
lift_and_cruse,cruise_94,0.8252693741468841,77.36900382627039,77.326471202206,452.29479845279235,483.28571711174504,170.96541723483853,0.999454110902909,0.9987721940084932,154.652942404412,11.75775869527458,True
lift_and_cruse,cruise_94,0.8250350003697153,77.34703128466082,77.32647120220155,452.2676475983155,483.2605199331056,170.97589679913494,0.999739296480178,0.9988334151466267,154.6529424044031,11.77446573143718,True
lift_and_cruse,cruise_94,0.8248728083771614,77.33182578535887,77.32647120220827,452.24885753462513,483.24308237963095,170.98315006972615,0.9999367464998506,0.9988757884236279,154.65294240441654,11.786027359189001,True
lift_and_cruse,cruise_94,0.8248149226645233,77.32639899979905,77.32647120221006,452.24215122279435,483.2368588770197,170.98573896716724,1.0000072345167894,0.9988909126447664,154.65294240442012,11.790153656359733,True
lift_and_cruse,cruise_95,0.8248149226645233,77.32639899979905,77.32633620640435,452.23933197505573,483.23398904797784,170.9854290396666,0.9999991879431507,0.9999991879431507,154.6526724128087,11.790153656359733,True
lift_and_cruse,cruise_95,0.8247570370243124,77.32097222102928,77.3263361990623,452.23262553520925,483.22776548065644,170.9880180356441,1.000069684978564,1.0000143295484303,154.6526723981246,11.794279953530465,True
lift_and_cruse,cruise_95,0.8245948448945568,77.3057667088647,77.32633619925892,452.21383389931384,483.21032712331635,170.99527294758698,1.0002672665999297,1.0000567595150784,154.65267239851784,11.805841581282285,True
lift_and_cruse,cruise_95,0.8243604700334498,77.28379406563592,77.32633619952264,452.18667762514985,483.1851271516519,171.00575831503792,1.0005529185274489,1.000118082628955,154.6526723990453,11.822548617444886,True
lift_and_cruse,cruise_95,0.8241003329499534,77.25940621405813,77.326336199796,452.1565342573862,483.1571561655912,171.01739857026595,1.0008701596929328,1.0001861600425737,154.652672399592,11.841092028607912,True
lift_and_cruse,cruise_95,0.8238659569836684,77.23743346721892,77.32633620005208,452.1293740601255,483.1319541625888,171.02788821842472,1.0011561567467213,1.0002475081919422,154.65267240010417,11.857799064770514,True
lift_and_cruse,cruise_95,0.8237037634757783,77.22222782585422,77.32633620020613,452.11057753221564,483.114513272206,171.03514846825155,1.00135416873327,1.0002899693769207,154.65267240041226,11.869360692522333,True
lift_and_cruse,cruise_95,0.8236458772222397,77.21680098958497,77.32633620026554,452.1038689135644,483.10828857899605,171.0377398567745,1.0014248573948223,1.0003051249748751,154.6526724005311,11.873486989693067,True
lift_and_cruse,cruise_96,0.8236458772222397,77.21680098958497,77.32619905730174,452.1010480385072,483.1054164893825,171.03742491441503,1.0014167650903372,1.0014167650903372,154.65239811460347,11.873486989693067,True
lift_and_cruse,cruise_96,0.8235879910413357,77.21137416012523,77.326200869171,452.0943388854395,483.09919208225097,171.04002057831678,1.0014874863636372,1.0014319625908201,154.652401738342,11.877613286863799,True
lift_and_cruse,cruise_96,0.8234257973963496,77.19616850590778,77.32620088817033,452.0755407828721,483.08175039401243,171.04728251374496,1.001685630756716,1.0014744809103542,154.65240177634067,11.889174914615618,True
lift_and_cruse,cruise_96,0.823191420344943,77.17419565733839,77.32620094186797,452.04837515992705,483.0565456165208,171.0577780922834,1.0019720968446688,1.001535932071192,154.65240188373593,11.90588195077822,True
lift_and_cruse,cruise_96,0.8229312808293539,77.14980757775193,77.32620100549879,452.01822141724614,483.0285693004941,171.06942969241018,1.0022902425323084,1.0016041516886993,154.65240201099758,11.924425361941246,True
lift_and_cruse,cruise_96,0.8226969026708725,77.1278346253943,77.32620106855273,451.99105187335056,483.00336249945184,171.0799295770332,1.0025770553460116,1.001665628061477,154.65240213710547,11.941132398103846,True
lift_and_cruse,cruise_96,0.8225347076453986,77.11262884175612,77.32620111260472,451.97224887844743,482.9859182904677,171.08719691279433,1.0027756322724846,1.0017081779997283,154.65240222520944,11.952694025855667,True
lift_and_cruse,cruise_96,0.8224768208501338,77.10720195470006,77.3262011290256,451.9655379518307,482.97969241332555,171.08979083206742,1.002846522649213,1.0017233652854856,154.6524022580512,11.956820323026399,True
lift_and_cruse,cruise_97,0.8224768208501338,77.10720195470006,77.32606358618524,451.96271505584264,482.9768183966343,171.08947488354852,1.002838407121497,1.002838407121497,154.65212717237048,11.956820323026399,True
lift_and_cruse,cruise_97,0.8224189341297211,77.10177507466136,77.32606282849858,451.95600417278587,482.97059230730173,171.09206714081455,1.0029092966503816,1.002853601598827,154.65212565699716,11.96094662019713,True
lift_and_cruse,cruise_97,0.8222567389729003,77.0865692787094,77.32606278770865,451.93719962860155,482.95314728327423,171.09933592495295,1.0031080051916825,1.0028962074687207,154.6521255754173,11.972508247948952,True
lift_and_cruse,cruise_97,0.8220223597364957,77.06459622529647,77.32606272526408,451.910024705632,482.9279376821148,171.1098413333457,1.003395286705553,1.0029577847634428,154.65212545052816,11.989215284111552,True
lift_and_cruse,cruise_97,0.8217622177953297,77.04020791831215,77.32606265247955,451.8798606447861,482.8999560141295,171.1215038286028,1.0037143381724323,1.003026144305575,154.6521253049591,12.00775869527458,True
lift_and_cruse,cruise_97,0.8215278374511318,77.01823476104362,77.32606258196031,451.8526818090985,482.87474439210683,171.13201350674325,1.0040019676681176,1.0030877466273596,154.65212516392063,12.02446573143718,True
lift_and_cruse,cruise_97,0.8213656409129182,77.00302883558608,77.3260625309094,451.8338723858783,482.8572968480676,171.13928761472752,1.0042011101333113,1.0031303837028964,154.6521250618188,12.036027359189001,True
lift_and_cruse,cruise_97,0.8213077535777273,76.99760189791193,77.32606251521061,451.82715916485495,482.85106978134456,171.1418839553697,1.0042722024537876,1.003145602114875,154.65212503042122,12.040153656359733,True
lift_and_cruse,cruise_98,0.8213077535777273,76.99760189791193,77.32592688441932,451.82433373087366,482.8481942817595,171.14157230089268,1.0042640935886333,1.0042640935886333,154.65185376883863,12.040153656359733,True
lift_and_cruse,cruise_98,0.8212498663160113,76.99217496712605,77.32592598573886,451.8176205762603,482.8419669826313,171.14416674173842,1.0043351837479,1.0042793178485796,154.65185197147773,12.044279953530465,True
lift_and_cruse,cruise_98,0.821087669642195,76.97696902895578,77.3259259857583,451.7988095747669,482.82451865192655,171.15144261212708,1.0045344601717947,1.0043220128833552,154.6518519715166,12.055841581282285,True
lift_and_cruse,cruise_98,0.8208532882128959,76.95499576995898,77.32592598576457,451.7716253216477,482.7993042755626,171.1619582699988,1.004822562943461,1.0043837190923086,154.65185197152914,12.072548617444886,True
lift_and_cruse,cruise_98,0.820593143836716,76.93060723469213,77.3259259857635,451.74145090670953,482.77131731150723,171.1736321514415,1.0051425268120466,1.0044522217933656,154.651851971527,12.091092028607912,True
lift_and_cruse,cruise_98,0.8203587612976583,76.90863387165545,77.32592598579674,451.71426274333015,482.7461009218605,171.18415210155533,1.0054309791659768,1.00451395318933,154.6518519715935,12.107799064770514,True
lift_and_cruse,cruise_98,0.8201965632399957,76.8934278037496,77.32592598579268,451.6954468658344,482.72865008062263,171.1914333241555,1.0056306915112765,1.0045566796310499,154.65185197158536,12.119360692522333,True
lift_and_cruse,cruise_98,0.8201386753624097,76.88800081522591,77.3259259857973,451.68873134210264,482.72242183698717,171.19403219840717,1.0057019872693176,1.0045719299063607,154.6518519715946,12.123486989693067,True
lift_and_cruse,cruise_99,0.8201386753624097,76.88800081522591,77.32579088491305,451.6859036736507,482.71954458792413,171.19372169045297,1.0056938672502862,1.0056938672502862,154.6515817698261,12.123486989693067,True
lift_and_cruse,cruise_99,0.8200807875598116,76.88257383373234,77.32578741281314,451.6791887943579,482.7133156086196,171.19631269986002,1.005765127115596,1.005709088382492,154.65157482562628,12.127613286863799,True
lift_and_cruse,cruise_99,0.8199185893702484,76.86736775346078,77.32578740799457,451.66037135310853,482.695863972596,171.20359555753944,1.0059649732577742,1.0057518722254504,154.65157481598914,12.139174914615618,True
lift_and_cruse,cruise_99,0.8196842057500322,76.84539428906551,77.32578740087686,451.6331777960311,482.6706448223075,171.21412131356047,1.0062538998957462,1.0058137067844166,154.65157480175372,12.15588195077822,True
lift_and_cruse,cruise_99,0.8194240589412887,76.82100552574582,77.32578739222402,451.60299305703893,482.6426525628098,171.22580640350523,1.0065747790103186,1.0058823519612354,154.65157478444803,12.174425361941246,True
lift_and_cruse,cruise_99,0.819189674209822,76.79903195717081,77.32578738359776,451.57579559435953,482.61743140499465,171.23633645205192,1.006864056712615,1.0059442117370536,154.6515747671955,12.191132398103846,True
lift_and_cruse,cruise_99,0.8190274746345527,76.78382574698931,77.32578737733752,451.5569732828067,482.59997726571186,171.24362466343183,1.007064340630725,1.0059870270308366,154.65157475467504,12.202694025855667,True
lift_and_cruse,cruise_99,0.8189695862152575,76.7783987076804,77.32578737526268,451.5502554629901,482.59374784538073,171.2462260325131,1.0071358404654907,1.006002309021938,154.65157475052536,12.206820323026399,True
lift_and_cruse,cruise_100,0.8189695862152575,76.7783987076804,77.32564532664506,451.54742722266377,482.5908673910955,171.24589946675644,1.0071276117785153,1.0071276117785153,154.65129065329012,12.206820323026399,True
lift_and_cruse,cruise_100,0.8189116978770368,76.77297167597219,77.32564805590138,451.5407086670861,482.584638439871,171.248507230433,1.0071991564866196,1.0071429485008068,154.65129611180276,12.21094662019713,True
lift_and_cruse,cruise_100,0.8187494981651104,76.7577654529791,77.32564805444106,451.5218847908517,482.56718350961376,171.2557971005812,1.0073995749079345,1.0071858215245426,154.65129610888212,12.222508247948952,True
lift_and_cruse,cruise_100,0.8185151123610345,76.73579178384699,77.32564617790575,451.4946823551962,482.54195923862875,171.26632868139464,1.0076893046723487,1.0072477596256355,154.6512923558115,12.239215284111552,True
lift_and_cruse,cruise_100,0.8182549631206479,76.71140279256073,77.32564567883887,451.46448741094366,482.51396160618054,171.27802388151838,1.0080110966752902,1.007316541178984,154.65129135767774,12.25775869527458,True
lift_and_cruse,cruise_100,0.8180205762077757,76.68942901947898,77.32564644455528,451.43728048654657,482.4887358481485,171.28856583698803,1.008301213459941,1.0073785402952764,154.65129288911055,12.27446573143718,True
lift_and_cruse,cruise_100,0.8178583751050409,76.67422266609759,77.3256557294057,451.41844968121615,482.47128022979797,171.29588242343715,1.0085021926743907,1.0074215704423328,154.6513114588114,12.286027359189001,True
lift_and_cruse,cruise_100,0.817800486139911,76.66879557561666,77.32564805597997,451.4117312716512,482.4650481430662,171.29846865365607,1.0085737974436364,1.0074367805225275,154.65129611195994,12.290153656359733,True
lift_and_cruse,cruise_101,0.817800486139911,76.66879557561666,77.32550771921414,451.40890052907884,482.46216616198564,171.29814593505697,1.0085655727166003,1.0085655727166003,154.6510154384283,12.290153656359733,True
lift_and_cruse,cruise_101,0.8177425972547988,76.6633684926374,77.32550771882605,451.40218028636656,482.4559355073969,171.30074992541898,1.0086372868999354,1.0085809044355543,154.6510154376521,12.294279953530465,True
lift_and_cruse,cruise_101,0.8175803960316134,76.64816212796374,77.32550771886011,451.38334998405185,482.4384772937912,171.3080468093172,1.008838280021896,1.0086238668730498,154.65101543772022,12.305841581282285,True
lift_and_cruse,cruise_101,0.8173460080264225,76.62618825247712,77.32550771891593,451.3561378456336,482.4132486435222,171.31859283724808,1.0091288653089068,1.0086859595515312,154.65101543783186,12.322548617444886,True
lift_and_cruse,cruise_101,0.8170858563489727,76.60179903271619,77.32550771893386,451.3259324875607,482.3852458467223,171.3303004331866,1.0094515870750826,1.0087548912853712,154.65101543786773,12.341092028607912,True
lift_and_cruse,cruise_101,0.8168514672293713,76.57982505275356,77.32550771902741,451.2987164518665,482.3600152013813,171.34085076483888,1.0097425264771118,1.0088170093032116,154.65101543805483,12.357799064770514,True
lift_and_cruse,cruise_101,0.8166892646165378,76.56461855780043,77.32550771913637,451.2798812897222,482.3425544999675,171.34815301545612,1.0099439611738288,1.0088600033387611,154.65101543827274,12.369360692522333,True
lift_and_cruse,cruise_101,0.8166313751129742,76.55919141684133,77.32550771903982,451.2731588841253,482.33632273825026,171.3507593948243,1.0100158718798335,1.0088753491236546,154.65101543807964,12.373486989693067,True
lift_and_cruse,cruise_102,0.8166313751129742,76.55919141684133,77.32536645243732,451.27032622375435,482.3334387141247,171.35043444911378,1.010007616608967,1.010007616608967,154.65073290487464,12.373486989693067,True
lift_and_cruse,cruise_102,0.8165734856863305,76.55376428309347,77.32536645190862,451.2636036898936,482.32720689067486,171.35304094315183,1.0100795366937367,1.0100229803215806,154.65073290381724,12.377613286863799,True
lift_and_cruse,cruise_102,0.8164112829455663,76.53855777614685,77.32536645189825,451.24476696851883,482.3097454029987,171.36034484356787,1.010281106977942,1.010066032415816,154.6507329037965,12.389174914615618,True
lift_and_cruse,cruise_102,0.8161768927467841,76.51658369501101,77.3253664519106,451.21754555603246,482.2845120240107,171.370901012235,1.0105725269005732,1.0101282546727381,154.6507329038212,12.40588195077822,True
lift_and_cruse,cruise_102,0.8159167386337627,76.49219424691525,77.32536645191516,451.18732990693195,482.2565039821227,171.3826198657399,1.0108961758904735,1.010197330256561,154.65073290383032,12.424425361941246,True
lift_and_cruse,cruise_102,0.8156823473190032,76.47022006115655,77.3253664519008,451.1601046015446,482.2312686141557,171.39318034179962,1.0111879514555726,1.0102595779029682,154.6507329038016,12.441132398103846,True
lift_and_cruse,cruise_102,0.8155201431866385,76.45501342374736,77.32536645189855,451.141263025793,482.2138046462713,171.40048961353853,1.0113899652193803,1.010302661657917,154.6507329037971,12.452694025855667,True
lift_and_cruse,cruise_102,0.815462253140674,76.44958623193818,77.32536645190538,451.1345383314145,482.20757171912817,171.40309849925475,1.011462082678101,1.010318039468033,154.65073290381076,12.456820323026399,True
lift_and_cruse,cruise_103,0.815462253140674,76.44958623193818,77.32522423788436,451.13170375406213,482.2046856456755,171.40277128481043,1.011453796535793,1.011453796535793,154.6504484757687,12.456820323026399,True
lift_and_cruse,cruise_103,0.8154043631724843,76.4441590474204,77.32522397697704,451.12497898936016,482.1984526061356,171.405379685883,1.011525920005089,1.0114691888024872,154.65044795395409,12.46094662019713,True
lift_and_cruse,cruise_103,0.8152421589141479,76.42895239820136,77.32522402521403,451.10613584558763,482.18098786404283,171.41269071994446,1.0117280705706586,1.0115123314722507,154.65044805042805,12.472508247948952,True
lift_and_cruse,cruise_103,0.8150077665215687,76.40697811139707,77.32522406123212,451.07890516167345,482.155749778133,171.4232571210055,1.012020329198926,1.0115746841774536,154.65044812246424,12.489215284111552,True
lift_and_cruse,cruise_103,0.8147476099727092,76.38258843494148,77.32522408403567,451.0486792282952,482.1277365119971,171.4349872942412,1.012344909710002,1.0116439043432908,154.65044816807134,12.50775869527458,True
lift_and_cruse,cruise_103,0.8145132164624915,76.36061404335858,77.32522405352535,451.02144467058054,482.10249643021325,171.44555785348444,1.0126375246475312,1.0117062815860736,154.6504481070507,12.52446573143718,True
lift_and_cruse,cruise_103,0.8143510108104881,76.34540726348325,77.32522407099822,451.0025966847038,482.0850292095299,171.45287419284173,1.012840120207376,1.0117494555625748,154.65044814199643,12.536027359189001,True
lift_and_cruse,cruise_103,0.8142931202220034,76.33998002081282,77.32522423804834,450.9958696672119,482.07879515330075,171.45548597126998,1.0129124474979663,1.0117648677591637,154.65044847609667,12.540153656359733,True
lift_and_cruse,cruise_104,0.8142931202220034,76.33998002081282,77.32508107574625,450.9930331699316,482.07590702744056,171.45515648489092,1.0129041303739514,1.0129041303739514,154.6501621514925,12.540153656359733,True
lift_and_cruse,cruise_104,0.8142352297117141,76.3345527854732,77.32508109915128,450.9863060562546,482.06967288190714,171.4577680484776,1.0129764652469193,1.0129195586853414,154.65016219830255,12.544279953530465,True
lift_and_cruse,cruise_104,0.8140730239341354,76.3193459938252,77.32508109774045,450.96745651902074,482.05220487637484,171.46508599707838,1.013179197318774,1.012962790866371,154.6501621954809,12.555841581282285,True
lift_and_cruse,cruise_104,0.8138386293458169,76.29737150117033,77.32508107573611,450.9402165950229,482.0269620798115,171.47566242300562,1.0134722970452408,1.0130252731254403,154.65016215147222,12.572548617444886,True
lift_and_cruse,cruise_104,0.8135784703590663,76.27298159616247,77.32508107424498,450.9099803994865,481.99894359650597,171.48740381740643,1.0137978124871947,1.0130946376585857,154.65016214848995,12.591092028607912,True
lift_and_cruse,cruise_104,0.8133440746516439,76.25100699859162,77.32508107574837,450.8827365861525,481.9736988278424,171.49798461252348,1.0140912712475085,1.0131571457294797,154.65016215149674,12.607799064770514,True
lift_and_cruse,cruise_104,0.8131818674785838,76.23580007611723,77.32508107574976,450.8638822051719,481.95622835767506,171.50530794519537,1.0142944506617495,1.013200409717939,154.65016215149953,12.619360692522333,True
lift_and_cruse,cruise_104,0.8131239763472338,76.23037278255316,77.32508107576544,450.85715294114107,481.9499931105701,171.5079218496364,1.0143669843062382,1.013215851858374,154.65016215153088,12.623486989693067,True
lift_and_cruse,cruise_105,0.8131239763472338,76.23037278255316,77.32493552176119,450.85431483987287,481.9471026460494,171.5075867671617,1.0143586171658614,1.0143586171658614,154.64987104352238,12.623486989693067,True
lift_and_cruse,cruise_105,0.813066085294871,76.22494549639416,77.32493693317447,450.8475851360002,481.9408676150228,171.51020403662326,1.0144311788291427,1.0143740966550303,154.64987386634894,12.627613286863799,True
lift_and_cruse,cruise_105,0.8129038779982142,76.20973856233257,77.3249369331097,450.8287292014379,481.9233963663072,171.5175290231016,1.0146344955902304,1.0144174193050364,154.6498738662194,12.639174914615618,True
lift_and_cruse,cruise_105,0.8126694812140742,76.18776386381946,77.32493693316952,450.80148003034174,481.898148889614,171.52811566689425,1.0149284411032864,1.0144800325897334,154.64987386633905,12.65588195077822,True
lift_and_cruse,cruise_105,0.8124093197892235,76.16337373023971,77.32493693318736,450.7712335788285,481.8701252106674,171.53986835149948,1.0152548958588774,1.0145495422664124,154.64987386637472,12.674425361941246,True
lift_and_cruse,cruise_105,0.8121749218843577,76.14139892665852,77.32493693327903,450.7439805279973,481.84487576343025,171.5504593142673,1.0155492016531107,1.0146121810951085,154.64987386655807,12.691132398103846,True
lift_and_cruse,cruise_105,0.812012713190178,76.12619186157919,77.32493693325053,450.7251197554855,481.8274020574858,171.5577896864108,1.0157529676776065,1.014655535597909,154.64987386650105,12.702694025855667,True
lift_and_cruse,cruise_105,0.811954821515859,76.12076451711178,77.32493693327616,450.7183882105818,481.8211656558886,171.56040610346838,1.0158257107668112,1.014671010045649,154.64987386655233,12.706820323026399,True
lift_and_cruse,cruise_106,0.811954821515859,76.12076451711178,77.3247918249084,450.71554787481654,481.8182734066022,171.5600719555928,1.0158173307301128,1.0158173307301128,154.6495836498168,12.706820323026399,True
lift_and_cruse,cruise_106,0.8118969299212214,76.11533718011451,77.32479182489892,450.7088162023289,481.8120369443201,171.56268848839616,1.0158900833627973,1.015832823375562,154.64958364979785,12.71094662019713,True
lift_and_cruse,cruise_106,0.8117347211048986,76.10013010358425,77.32479182489607,450.6899538781159,481.79456246242825,171.57002051585036,1.0160939873283352,1.0158762367436756,154.64958364979213,12.722508247948952,True
lift_and_cruse,cruise_106,0.8115003221241377,76.07815519913791,77.32479182490533,450.66269547551076,481.76931031610764,171.5806173353547,1.016388782000583,1.0159389811385713,154.64958364981067,12.739215284111552,True
lift_and_cruse,cruise_106,0.8112401582603341,76.05376483690632,77.32479182489554,450.6324387802438,481.74128145769794,171.59238131633185,1.0167161801195266,1.016008636365564,154.64958364979108,12.75775869527458,True
lift_and_cruse,cruise_106,0.8110057581572477,76.03178982724198,77.3247918248931,450.60517650233834,481.71602734700207,171.60298245852675,1.0170113366362803,1.0160714063553662,154.6495836497862,12.77446573143718,True
lift_and_cruse,cruise_106,0.8108435479414078,76.01658261950698,77.32479182490438,450.5863093456991,481.69855041558003,171.61031987635175,1.0172156918150828,1.016114851640184,154.64958364980876,12.786027359189001,True
lift_and_cruse,cruise_106,0.8107856557239266,76.01115522411811,77.32479182489857,450.57957552258006,481.69231286315403,171.61293880808978,1.0172886452565915,1.0161303584898673,154.64958364979714,12.790153656359733,True
lift_and_cruse,cruise_107,0.8107856557239266,76.01115522411811,77.32464571324095,450.5767332694412,481.6894185417242,171.61260225791878,1.0172802332137967,1.0172802332137967,154.6492914264819,12.790153656359733,True
lift_and_cruse,cruise_107,0.8107277635868493,76.00572783626713,77.32464571324759,450.56999931892386,481.68318092886926,171.61522130555036,1.0173531962398015,1.0172957583287965,154.64929142649518,12.794279953530465,True
lift_and_cruse,cruise_107,0.8105655532503967,75.99052061722469,77.32464571325349,450.5511306125045,481.66570322408944,171.62256037990096,1.017557689955477,1.0173392626820241,154.64929142650698,12.805841581282285,True
lift_and_cruse,cruise_107,0.8103311520723409,75.96854550678195,77.3246457132587,450.5238629891262,481.6404464230396,171.63316738395838,1.0178533374707983,1.017402138574699,154.6492914265174,12.822548617444886,True
lift_and_cruse,cruise_107,0.8100709857688321,75.94415491582801,77.32464571325097,450.49359606203564,481.6124124017087,171.64494267106832,1.0181816830466266,1.0174719397819516,154.64929142650195,12.841092028607912,True
lift_and_cruse,cruise_107,0.8098365834668428,75.92217970001651,77.32464571325966,450.4663245677949,481.58715364248155,171.6555540016652,1.0184776939796152,1.0175348413213623,154.6492914265193,12.857799064770514,True
lift_and_cruse,cruise_107,0.8096743717288679,75.90697234958137,77.32464571325558,450.4474510344926,481.56967349589246,171.6628984710903,1.018682640869709,1.0175783776553569,154.64929142651116,12.869360692522333,True
lift_and_cruse,cruise_107,0.8096164789680544,75.90154490325511,77.32464571324716,450.44071493581265,481.5634347963282,171.66551991973142,1.0187558055772281,1.0175939170029917,154.64929142649433,12.873486989693065,True
lift_and_cruse,cruise_108,0.8096164789680544,75.90154490325511,77.32449859111237,450.43787076364003,481.56053839830895,171.6651809494255,1.0187473613306923,1.0187473613306923,154.64899718222475,12.873486989693065,True
lift_and_cruse,cruise_108,0.8095585862883716,75.89611746453484,77.32449859252878,450.4311345374479,481.5542996388414,171.66780251724882,1.018820535681915,1.0187629190302083,154.64899718505757,12.877613286863799,True
lift_and_cruse,cruise_108,0.8093963744313236,75.8809101029366,77.3244985925359,450.41225945628344,481.53681872150133,171.67514864452104,1.0190256217087672,1.0188065146372685,154.6489971850718,12.889174914615618,True
lift_and_cruse,cruise_108,0.8091619710552966,75.85893478643405,77.32449859252709,450.38498262292035,481.5115572806535,171.68576584184007,1.0193221257716367,1.0188695224160949,154.64899718505418,12.90588195077822,True
lift_and_cruse,cruise_108,0.8089018023113272,75.83454396668692,77.32449859254524,450.35470547598163,481.48351811299034,171.69755244482602,1.0196514229215152,1.018939470035202,154.64899718509048,12.924425361941246,True
lift_and_cruse,cruise_108,0.80866739780975,75.81256854466407,77.32449859253212,450.32742477621514,481.4582547201772,171.70817397248194,1.019948291984054,1.0190025035124215,154.64899718506425,12.941132398103846,True
lift_and_cruse,cruise_108,0.8085051845491639,75.79736105148412,77.3244985925481,450.3085448737218,481.4407713687793,171.71552549962757,1.0201538331584137,1.0190461311650414,154.6489971850962,12.952694025855667,True
lift_and_cruse,cruise_108,0.8084472912448477,75.79193355420448,77.32449859252364,450.30180650215425,481.43453152576933,171.71814946729808,1.0202272100503993,1.019061703106455,154.64899718504728,12.956820323026399,True
lift_and_cruse,cruise_109,0.8084472912448477,75.79193355420448,77.3243504488855,450.2989604101111,481.43163304593116,171.71780805014987,1.0202187333508925,1.0202187333508925,154.648700897771,12.956820323026399,True
lift_and_cruse,cruise_109,0.8083893980224005,75.78650606460005,77.32435044685003,450.2922219119856,481.42539314258755,171.72043212912533,1.020292119882123,1.0202343236647857,154.64870089370007,12.96094662019713,True
lift_and_cruse,cruise_109,0.8082271846443114,75.7712985604042,77.32435044684108,450.2733404635687,481.4079090230448,171.7277853153194,1.0204978007958658,1.0202780107953764,154.64870089368216,12.972508247948952,True
lift_and_cruse,cruise_109,0.8079927790696658,75.74932303778117,77.32435044681303,450.24605443105065,481.3826429573772,171.73841271461117,1.0207951651322114,1.0203411508503732,154.64870089362606,12.989215284111552,True
lift_and_cruse,cruise_109,0.8077326078845123,75.72493198917303,77.32435044683609,450.2157670762962,481.354598660014,171.75021064311215,1.021125417996544,1.0204112453141223,154.64870089367218,13.00775869527458,True
lift_and_cruse,cruise_109,0.8074982011826912,75.70295636087731,77.32435044681785,450.18847718184526,481.3293306486154,171.76084237658802,1.0214231489240484,1.0204744111195985,154.6487008936357,13.02446573143718,True
lift_and_cruse,cruise_109,0.8073359863990374,75.68774872490977,77.32435044686889,450.1695909176669,481.31184410279565,171.76820096752962,1.0216292869702948,1.020518130361155,154.64870089373778,13.036027359189001,True
lift_and_cruse,cruise_109,0.807278092551055,75.6823211766614,77.32435044684823,450.16285027588856,481.3056031200505,171.77082745642568,1.0217028769709242,1.0205337349929933,154.64870089369646,13.040153656359733,True
lift_and_cruse,cruise_110,0.807278092551055,75.6823211766614,77.32420126732515,450.1600022638488,481.30270255247086,171.77048355798595,1.0216943675238424,1.0216943675238424,154.6484025346503,13.040153656359733,True
lift_and_cruse,cruise_110,0.8072201987856866,75.67689363615813,77.32420126733714,450.1532614952622,481.2964615100465,171.77311016293794,1.021767967231761,1.0217099906240954,154.6484025346743,13.044279953530465,True
lift_and_cruse,cruise_110,0.8070579838861155,75.66168598932332,77.32420126733739,450.1343736871051,481.278974198698,171.78047041414447,1.0219742456235843,1.0217537695495866,154.64840253467477,13.055841581282285,True
lift_and_cruse,cruise_110,0.80682357611221,75.63971026051969,77.32420126736359,450.1070784662855,481.2537035232494,171.79110802430043,1.0222724739820106,1.0218170422734862,154.64840253472718,13.072548617444886,True
lift_and_cruse,cruise_110,0.806563402485156,75.61531898298338,77.32420126734198,450.07678091579913,481.22565411286183,171.8029172878822,1.0226036867248365,1.0218872840160498,154.64840253468395,13.091092028607912,True
lift_and_cruse,cruise_110,0.8063289935824414,75.59334314835387,77.32420126735403,450.0494818375417,481.2003814979271,171.8135592359803,1.0229022832746686,1.0219505825421185,154.64840253470805,13.107799064770514,True
lift_and_cruse,cruise_110,0.8061667772752678,75.57813536955635,77.32420126732302,450.03058921924134,481.1828917680766,171.8209248964831,1.0231090207936842,1.021994393642215,154.64840253464604,13.119360692522333,True
lift_and_cruse,cruise_110,0.8061088828834574,75.57270777032414,77.32420126733598,450.02384630993674,481.1766496493206,171.82355390883015,1.023182824832675,1.0220100310617035,154.64840253467196,13.123486989693065,True
lift_and_cruse,cruise_111,0.8061088828834574,75.57270777032414,77.32405103386459,450.0209963785548,481.1737469873125,171.82320748612386,1.0231742822933254,1.0231742822933254,154.64810206772918,13.123486989693065,True
lift_and_cruse,cruise_111,0.8060509885750214,75.56728017890826,77.32405103388868,450.0142533426478,481.167504809124,171.82583661451227,1.0232480960805788,1.0231899382491838,154.64810206777736,13.127613286863799,True
lift_and_cruse,cruise_111,0.8058887721535557,75.55207238939585,77.32405103386837,449.9953591823047,481.1500143163888,171.83320393669624,1.0234549745559687,1.0232338092413409,154.64810206773674,13.139174914615618,True
lift_and_cruse,cruise_111,0.8056543621797914,75.53009645435543,77.3240510338692,449.9680547841139,481.1247390462149,171.84385176624926,1.0237540707047503,1.0232972150263933,154.6481020677384,13.15588195077822,True
lift_and_cruse,cruise_111,0.8053941861101671,75.50570494782816,77.32405103385618,449.93774705000595,481.0966845395518,171.85567237470653,1.0240862475155732,1.023367604485137,154.64810206771236,13.174425361941246,True
lift_and_cruse,cruise_111,0.8051597750059507,75.48372890680788,77.32405103387092,449.91043879887746,481.071407336165,171.86632454607843,1.0243857134660255,1.023431036124889,154.64810206774183,13.191132398103846,True
lift_and_cruse,cruise_111,0.8049975571748341,75.4685209851407,77.32405103386712,449.8915398339998,481.0539144327531,171.87369728242146,1.0245930530767402,1.023474939357326,154.64810206773424,13.202694025855667,True
lift_and_cruse,cruise_111,0.8049396622390446,75.46309333491041,77.32405103387046,449.8847946598798,481.04767118170685,171.87632882027305,1.0246670720882172,1.023490609661076,154.64810206774092,13.206820323026399,True
lift_and_cruse,cruise_112,0.8049396622390446,75.46309333491041,77.32389973337767,449.8819428086855,481.04476641953994,171.8759798418049,1.0246584961765197,1.0246584961765197,154.64779946675534,13.206820323026399,True
lift_and_cruse,cruise_112,0.8048817673873989,75.45766569256865,77.32389973328328,449.8751975081896,481.03852310929227,171.87861149548135,1.0247325249762953,1.024674185083725,154.64779946656657,13.21094662019713,True
lift_and_cruse,cruise_112,0.8047195494436402,75.44245776034126,77.32389973328455,449.85629700322795,481.02102944563495,171.88598589476615,1.0249400061568037,1.0247181484164043,154.6477994665691,13.222508247948952,True
lift_and_cruse,cruise_112,0.8044851372694373,75.42048161900973,77.32389973327608,449.8289834386182,480.99574959585664,171.89664395246322,1.025239973887373,1.0247816876577929,154.64779946655216,13.239215284111552,True
lift_and_cruse,cruise_112,0.8042249587565945,75.39608988343073,77.32389973328203,449.79866553305504,480.9676900097087,171.90847591548504,1.02557311897947,1.024852225271297,154.64779946656407,13.25775869527458,True
lift_and_cruse,cruise_112,0.8039905454502879,75.37411363596449,77.32389973327987,449.77134812003123,480.94240823300186,171.91913831879697,1.0258734581309148,1.0249157904195703,154.64779946655975,13.27446573143718,True
lift_and_cruse,cruise_112,0.8038283260948188,75.35890557138926,77.3238997332841,449.7524428161771,480.92491216650336,171.92651813696392,1.0260814024658056,1.024959786057541,154.6477994665682,13.286027359189001,True
lift_and_cruse,cruise_112,0.8037704306149028,75.35347787014715,77.32389973328497,449.74569537995285,480.91866778690985,171.92915220248693,1.0261556373899885,1.0249754893432481,154.64779946656995,13.290153656359733,True
lift_and_cruse,cruise_113,0.8037704306149028,75.35347787014715,77.32374703803474,449.7428416773124,480.91576085605647,171.92879991075645,1.0261470236487529,1.0261470236487529,154.64749407606948,13.290153656359733,True
lift_and_cruse,cruise_113,0.8037125352199125,75.3480501768668,77.3237473502933,449.73609404655696,480.90951647981984,171.93143481279282,1.026221272548144,1.0261627499080161,154.6474947005866,13.294279953530465,True
lift_and_cruse,cruise_113,0.8035503157534799,75.33284210188874,77.32374735029413,449.7171872045879,480.89201965572465,171.93881629515207,1.0264293590697209,1.0262068058553442,154.64749470058825,13.305841581282285,True
lift_and_cruse,cruise_113,0.8033159013782851,75.31086575421423,77.32374735029327,449.6898644845533,480.8667352415084,171.94948458973516,1.0267302021955564,1.0262704789499015,154.64749470058655,13.322548617444886,True
lift_and_cruse,cruise_113,0.8030557204216044,75.2864737895254,77.32374735029711,449.6595364197553,480.8386705927123,171.96132791693563,1.027064319806314,1.0263411651581644,154.64749470059422,13.341092028607912,True
lift_and_cruse,cruise_113,0.8028213049126454,75.2644973355605,77.32374735030173,449.63220985584553,480.81338425787175,171.97200056094414,1.0273655359817888,1.0264048642120138,154.64749470060346,13.357799064770514,True
lift_and_cruse,cruise_113,0.8026590840324319,75.24928912804049,77.32374735029832,449.6132982206451,480.7958850387953,171.97938746692347,1.0275740876887043,1.0264489525299023,154.64749470059664,13.369360692522333,True
lift_and_cruse,cruise_113,0.8026011880082496,75.24386137577339,77.32374735029155,449.60654852504035,480.78963953440564,171.98202406225602,1.0276485394711254,1.0264646888955054,154.6474947005831,13.373486989693065,True
lift_and_cruse,cruise_114,0.8026011880082496,75.24386137577339,77.32359386923905,449.6036928342947,480.78673055314346,171.98166986083376,1.0276398958724307,1.0276398958724307,154.6471877384781,13.373486989693065,True
lift_and_cruse,cruise_114,0.8025432920672092,75.23843363130085,77.32359580836379,449.5969425886308,480.78048537744905,171.98431104755204,1.0277143833045341,1.02765567772201,154.64719161672758,13.377613286863799,True
lift_and_cruse,cruise_114,0.802381071077426,75.22322541350869,77.32359325612967,449.57802997502415,480.76298489319396,171.99169372887528,1.0279230438955569,1.0276997913643091,154.64718651225934,13.389174914615618,True
lift_and_cruse,cruise_114,0.8021466545017623,75.20124885954021,77.32359386932222,449.5506979767293,480.73769605246,172.00237368417353,1.028224774402333,1.0277636071660716,154.64718773864445,13.40588195077822,True
lift_and_cruse,cruise_114,0.8018864711004641,75.1768566656685,77.32359386927179,449.52035976495097,480.7096263578788,172.01422838509623,1.0285598687936481,1.0278344424105001,154.64718773854358,13.424425361941246,True
lift_and_cruse,cruise_114,0.8016520533883831,75.15488000516092,77.32359386928718,449.4930240612183,480.68433548014,172.02491127850624,1.0288619658381288,1.0278982757683246,154.64718773857436,13.441132398103846,True
lift_and_cruse,cruise_114,0.8014898309830325,75.1396716546593,77.32359386928403,449.4741061023241,480.66683311902835,172.03230527833512,1.0290711275806734,1.0279424570419473,154.64718773856805,13.452694025855667,True
lift_and_cruse,cruise_114,0.8014319344144525,75.13424385135491,77.32359386927664,449.467354150071,480.6605864936081,172.0349444056408,1.0291457971725302,1.0279582265859448,154.64718773855327,13.456820323026399,True
lift_and_cruse,cruise_115,0.8014319344144525,75.13424385135491,77.32343929883778,449.46449653424594,480.65767539816767,172.03458759271845,1.0291371195777788,1.0291371195777788,154.64687859767557,13.456820323026399,True
lift_and_cruse,cruise_115,0.8013740379323742,75.12881605616008,77.32343930265561,449.4577444553751,480.6514287150961,172.03722684501062,1.0292117991359742,1.02915290798719,154.64687860531123,13.46094662019713,True
lift_and_cruse,cruise_115,0.8012118154194512,75.11360769557355,77.32343931732433,449.4388249591208,480.63392560465263,172.04462254544387,1.0294211045053616,1.0291971501942232,154.64687863464866,13.472508247948952,True
lift_and_cruse,cruise_115,0.800977396640548,75.09163093505137,77.3234393445978,449.4114839554389,480.6086321126883,172.05531140283648,1.02972371031391,1.029261092568036,154.6468786891956,13.489215284111552,True
lift_and_cruse,cruise_115,0.8007172107941515,75.0672385119517,77.32343938057264,449.3811356011349,480.5805573965145,172.06717757043506,1.0300597862538032,1.0293320777909132,154.64687876114527,13.50775869527458,True
lift_and_cruse,cruise_115,0.8004827908779245,75.04526164480542,77.32343941778574,449.35379076052203,480.5552619985708,172.07787080783797,1.0303627685313514,1.0293960463666152,154.64687883557147,13.52446573143718,True
lift_and_cruse,cruise_115,0.8003205669467817,75.03005315126079,77.32343944870087,449.3348664788533,480.53775651218274,172.08527197894838,1.0305725434014117,1.0294403213000727,154.64687889740173,13.536027359189001,True
lift_and_cruse,cruise_115,0.8002626698335354,75.02462529689396,77.32343945835123,449.3281122705777,480.5315087714348,172.08791366268633,1.0306474318884502,1.029456124254763,154.64687891670246,13.540153656359733,True
lift_and_cruse,cruise_116,0.8002626698335354,75.02462529689396,77.3232835489507,449.32525278067084,480.5285955085205,172.08755366058747,1.0306387168607685,1.0306387168607685,154.6465670979014,13.540153656359733,True
lift_and_cruse,cruise_116,0.8002047728077663,75.01919745072809,77.32328354898466,449.31849844893213,480.52234770769456,172.09019543828958,1.0307136151769791,1.03065453856503,154.64656709796932,13.544279953530465,True
lift_and_cruse,cruise_116,0.8000425487712196,75.00398894730183,77.32328354899269,449.29957264187374,480.5048414655403,172.0975982059944,1.0309235336933074,1.0306988740143186,154.64656709798538,13.555841581282285,True
lift_and_cruse,cruise_116,0.7998081277900021,74.9820119803127,77.32328354898677,449.27222252198743,480.4795434494527,172.10829726334342,1.0312270261069982,1.030762951064072,154.64656709797353,13.572548617444886,True
lift_and_cruse,cruise_116,0.7995479394983964,74.95761932797467,77.32328354899732,449.24186405325366,480.4514637142739,172.12017474101089,1.0315640869475402,1.0308340857166505,154.64656709799465,13.591092028607912,True
lift_and_cruse,cruise_116,0.7993135173783787,74.93564225422301,77.32328354899266,449.21451010320675,480.42616379658296,172.13087815920974,1.0318679573546536,1.0308981888836943,154.64656709798533,13.607799064770514,True
lift_and_cruse,cruise_116,0.7991512919217711,74.92043361766605,77.32328354899606,449.1955795200179,480.4086551831676,172.1382863647915,1.0320783472211854,1.0309425569006287,154.64656709799212,13.619360692522333,True
lift_and_cruse,cruise_116,0.7990933942640155,74.91500571225144,77.32328354898846,449.1888230627098,480.40240632702324,172.14093056248524,1.032153455307513,1.0309583930983097,154.6465670979769,13.623486989693065,True
lift_and_cruse,cruise_117,0.7990933942640155,74.91500571225144,77.32312667667463,449.1859616132746,480.3994909688223,172.14056823807388,1.0321447077461743,1.0321447077461743,154.64625335334927,13.623486989693065,True
lift_and_cruse,cruise_117,0.799035496694429,74.90957781510272,77.32312667671592,449.1792050305946,480.39324205478874,172.14321255208887,1.0322198258334145,1.0321605628972528,154.64625335343183,13.627613286863799,True
lift_and_cruse,cruise_117,0.7988732711338797,74.89436916880122,77.32312667671972,449.16027291725214,480.37573269447245,172.1506224269149,1.0324303603902776,1.032204992070254,154.64625335343945,13.639174914615618,True
lift_and_cruse,cruise_117,0.7986388479497353,74.87239199528769,77.32312667672521,449.13291368636186,480.3504301750683,172.16133175591844,1.032734743675968,1.0322692045761592,154.64625335345042,13.65588195077822,True
lift_and_cruse,cruise_117,0.7983786572121236,74.8479991136366,77.3231266767193,449.10254510773655,480.3223454451175,172.17322063631192,1.0330727942342008,1.0323404896027206,154.6462533534386,13.674425361941246,True
lift_and_cruse,cruise_117,0.7981442328874822,74.82602183320145,77.32312667672394,449.07518205128997,480.29704103048675,172.1839343299707,1.03337755718064,1.0324047282788416,154.6462533534479,13.691132398103846,True
lift_and_cruse,cruise_117,0.7979820059047555,74.81081305357084,77.3231266767282,449.056245167557,480.27952930686257,172.19134964743614,1.0335885651669288,1.0324491900855879,154.6462533534564,13.702694025855667,True
lift_and_cruse,cruise_117,0.7979241077022408,74.80538509708508,77.32312667672349,449.0494864618637,480.27327934104886,172.19399638354696,1.033663893949539,1.0324650597594105,154.64625335344698,13.706820323026399,True
lift_and_cruse,cruise_118,0.7979241077022408,74.80538509708508,77.32296864042681,449.0466230932275,480.27036184388675,172.19363127105373,1.0336551110601806,1.0336551110601806,154.64593728085362,13.706820323026399,True
lift_and_cruse,cruise_118,0.7978662095887368,74.79995714894407,77.32296864120832,449.0398642622139,480.2641118205933,172.19627812521637,1.033730449896349,1.0336709997682196,154.64593728241664,13.71094662019713,True
lift_and_cruse,cruise_118,0.797703982503903,74.7847483597409,77.32296864073447,449.0209258504456,480.2465993526694,172.2036951120733,1.0339416032014968,1.0337155229385409,154.64593728146895,13.722508247948952,True
lift_and_cruse,cruise_118,0.7974695571164216,74.76277097966452,77.32296864043823,448.9935575198326,480.22129234528273,172.21441472068386,1.034246881280893,1.0337798713011783,154.64593728087647,13.739215284111552,True
lift_and_cruse,cruise_118,0.7972093639323452,74.73837786865737,77.32296864030346,448.9631788437957,480.19320263763706,172.22631501317042,1.0345859259181565,1.0338513071496533,154.64593728060692,13.75775869527458,True
lift_and_cruse,cruise_118,0.7969749374026609,74.71640038149947,77.32296864042728,448.93580669215527,480.1678937415044,172.23703899121844,1.0348915853411067,1.0339156817414334,154.64593728085455,13.77446573143718,True
lift_and_cruse,cruise_118,0.7968127088935232,74.70119145876781,77.32296864044288,448.9168635156519,480.15037891834623,172.24446142659346,1.0351032141736134,1.033960237618473,154.64593728088576,13.786027359189001,True
lift_and_cruse,cruise_118,0.7967548101461448,74.69576345120107,77.32296864042978,448.91010256435175,480.14412784667127,172.2471107032384,1.0351787646259165,1.033976140868346,154.64593728085956,13.790153656359733,True
lift_and_cruse,cruise_119,0.7967548101461448,74.69576345120107,77.32280942295003,448.90723727673407,480.1412082037434,172.2467427614303,1.035169946063476,1.035169946063476,154.64561884590006,13.790153656359733,True
lift_and_cruse,cruise_119,0.7966969114886321,74.69033545205926,77.32280942355247,448.9004762003644,480.13495707481667,172.2493921557605,1.035245506610084,1.035185868416154,154.64561884710494,13.794279953530465,True
lift_and_cruse,cruise_119,0.7965346828792563,74.67512651993029,77.32280942272162,448.88153149792953,480.117441509992,172.25681626092486,1.03545728139509,1.0352304858667911,154.64561884544324,13.805841581282285,True
lift_and_cruse,cruise_119,0.7963002552880616,74.65314893325576,77.32280942271304,448.854154078723,480.09213003018596,172.26754615917176,1.0357634582249657,1.0352949705009353,154.64561884542607,13.822548617444886,True
lift_and_cruse,cruise_119,0.7960400596570952,74.62875559285268,77.32280942241138,448.82376531778584,480.0640353619892,172.27945787328298,1.0361035013291724,1.0353665576221565,154.64561884482276,13.841092028607912,True
lift_and_cruse,cruise_119,0.7958056309219826,74.60677789893587,77.32280942217791,448.79638408232876,480.03872199972113,172.29019214328713,1.036410061181047,1.0354310685297248,154.64561884435582,13.857799064770514,True
lift_and_cruse,cruise_119,0.795643400886164,74.59156883307789,77.32280942269445,448.7774346207548,480.0212040878337,172.29762170370316,1.036622313608665,1.03547571876538,154.6456188453889,13.869360692522333,True
lift_and_cruse,cruise_119,0.7955855015938245,74.58614077442104,77.32280942269195,448.7706714266304,480.0149519141226,172.30027352306513,1.036698086710174,1.0354916556920348,154.6456188453839,13.873486989693065,True
lift_and_cruse,cruise_120,0.7955855015938245,74.58614077442104,77.32264900558984,448.76780422048665,480.0120301183362,172.29990270781568,1.0366892321114347,1.0366892321114347,154.64529801117968,13.873486989693065,True
lift_and_cruse,cruise_120,0.7955276023922205,74.58071272427068,77.3226490051639,448.7610409017342,480.0057778874276,172.30255464248575,1.0367650153365568,1.0367051881977327,154.6452980103278,13.877613286863799,True
lift_and_cruse,cruise_120,0.7953653722580687,74.56550364919394,77.32264900505204,448.742089916215,479.9882592366348,172.30998587443898,1.0369774143618367,1.0367499002261562,154.64529801010409,13.889174914615618,True
lift_and_cruse,cruise_120,0.7951309424628173,74.54352585588911,77.3226490048562,448.7147034198183,479.962943299805,172.32072606988928,1.0372844939079229,1.0368145215335343,154.6452980097124,13.90588195077822,True
lift_and_cruse,cruise_120,0.7948707443845765,74.51913228605405,77.32264900465026,448.68430458647634,479.93484368831514,172.33264921584652,1.0376255398967917,1.036886260384413,154.64529800930052,13.924425361941246,True
lift_and_cruse,cruise_120,0.7946363134436818,74.49715438534515,77.32264900444497,448.65691427843603,479.90952587549884,172.3433937873567,1.0379330041647816,1.0369509080215455,154.64529800888994,13.941132398103846,True
lift_and_cruse,cruise_120,0.7944740818809362,74.48194517633777,77.32264900429831,448.63795853988023,479.8920048853849,172.35083047611482,1.0381458829303234,1.03699565288232,154.64529800859663,13.952694025855667,True
lift_and_cruse,cruise_120,0.794416182043548,74.47651706658263,77.32264900422233,448.6311931057478,479.88575161345454,172.3534848401402,1.0382218796649416,1.037011623585495,154.64529800844466,13.956820323026399,True
lift_and_cruse,cruise_121,0.794416182043548,74.47651706658263,77.32248737115381,448.6283239810463,479.88282765810123,172.3531111121293,1.0382129886931564,1.0382129886931564,154.64497474230762,13.956820323026399,True
lift_and_cruse,cruise_121,0.7943582822977765,74.47108896541656,77.32248737114406,448.62155842239616,479.8765743293377,172.35576559262128,1.0382889956014283,1.0382289786344299,154.64497474228813,13.96094662019713,True
lift_and_cruse,cruise_121,0.794196050638632,74.45587974737174,77.32248737115042,448.60260116176903,479.85905260320317,172.3632039559637,1.0385020216210836,1.0382737855159936,154.64497474230083,13.972508247948952,True
lift_and_cruse,cruise_121,0.7939616186390137,74.43390174740753,77.32248736846286,448.5752056000261,479.83373222442066,172.37395445193954,1.0388100078478204,1.0383385438744879,154.64497473692572,13.989215284111552,True
lift_and_cruse,cruise_121,0.7937014181131476,74.40950794810757,77.32248737115339,448.54479670627387,479.80562768746296,172.3858890458253,1.039152061199143,1.038410434949195,154.64497474230677,14.00775869527458,True
lift_and_cruse,cruise_121,0.7934669849661432,74.38752984057592,77.3224873711521,448.5173973369724,479.7803054396907,172.3966439279046,1.0394604338911044,1.0384752197285037,154.6449747423042,14.02446573143718,True
lift_and_cruse,cruise_121,0.7933047518762437,74.37232048839785,77.32248736941281,448.49843532950155,479.76278138193163,172.4040877488455,1.0396739417567287,1.038520059485306,154.64497473882562,14.036027359189001,True
lift_and_cruse,cruise_121,0.793246851493725,74.36689232753672,77.32248737115125,448.4916676577612,479.7565270160103,172.40674466403613,1.039750163140649,1.0385360640926087,154.6449747423025,14.040153656359733,True
lift_and_cruse,cruise_122,0.793246851493725,74.36689232753672,70.09925044602781,450.045013155019,478.29120028078967,155.76053149572869,0.9426136853653555,0.9426136853653555,140.19850089205562,14.040153656359733,True
lift_and_cruse,cruise_122,0.7931944635840815,74.36198096100765,70.09925044602983,450.0387488133422,478.28536244164246,155.76274096202144,0.9426761921665591,0.9426270563595663,140.19850089205966,14.044279953530465,True
lift_and_cruse,cruise_122,0.7930476757910764,74.3482196054134,70.09925044603658,450.02119600623325,478.26900489324123,155.76893226917798,0.9428513765686108,0.9426645242007454,140.19850089207316,14.055841581282285,True
lift_and_cruse,cruise_122,0.7928355609405148,74.32833383817326,70.09925044603739,449.9958301325885,478.24536680486574,155.77788032184566,0.9431046406117956,0.9427186749976189,140.19850089207478,14.072548617444886,True
lift_and_cruse,cruise_122,0.7926001307418058,74.3062622570443,70.09925044602464,449.9676742929225,478.2191294739016,155.78781378619965,0.9433859021203782,0.9427787891956975,140.19850089204928,14.091092028607912,True
lift_and_cruse,cruise_122,0.7923880150330381,74.28637640934733,70.09925044603023,449.94230509683,478.1954895259152,155.7967652181946,0.943639453923931,0.9428329604431953,140.19850089206045,14.107799064770514,True
lift_and_cruse,cruise_122,0.7922412261698675,74.27261495342508,70.09925044603301,449.92474814669856,478.17912965861524,155.80296073928125,0.9438149971572859,0.9428704537857524,140.19850089206602,14.119360692522333,True
lift_and_cruse,cruise_122,0.7921888377839554,74.26770354224581,70.09925044602942,449.91848196120435,478.1732907874604,155.80517208094082,0.9438776636534376,0.9428838361290927,140.19850089205883,14.123486989693065,True
lift_and_cruse,cruise_123,0.7921888377839554,74.26770354224581,78.40127956950575,448.1285845307019,479.85574170861787,174.9526414424351,1.05565778703402,1.05565778703402,156.8025591390115,14.123486989693065,True
lift_and_cruse,cruise_123,0.792130111474612,74.26219795074488,78.40127956592396,448.1217426575456,479.84942777706516,174.95537032708867,1.0557363988912858,1.0556742530233911,156.80255913184791,14.127613286863799,True
lift_and_cruse,cruise_123,0.7919655638278894,74.24677160886462,78.4012795659116,448.1025715587766,479.8317362527038,174.96301721465102,1.0559567270424854,1.0557203940609612,156.8025591318232,14.139174914615618,True
lift_and_cruse,cruise_123,0.7917277851086272,74.22447985393381,78.40127956592727,448.0748669719003,479.80617052192116,174.9740691089333,1.0562752732495193,1.0557870807835186,156.80255913185454,14.15588195077822,True
lift_and_cruse,cruise_123,0.7914638699756443,74.19973781021666,78.40127956592976,448.0441150604538,479.7777936816746,174.98633830757822,1.05662905838318,1.0558611126757118,156.8025591318595,14.174425361941246,True
lift_and_cruse,cruise_123,0.7912260900575425,74.17744594289461,78.40127956590783,448.01640661818044,479.75222611391644,174.9973947457031,1.056948011149785,1.055927826815648,156.80255913181566,14.191132398103846,True
lift_and_cruse,cruise_123,0.7910615409158913,74.16201946086481,78.40127956589626,447.9972307118002,479.73453229889367,175.00504729945146,1.0571688462733186,1.0559740020427755,156.80255913179252,14.202694025855667,True
lift_and_cruse,cruise_123,0.791002813941242,74.15651380699144,78.40127956591978,447.99038669827667,479.7282173486352,175.00777871414158,1.0572476838031055,1.055990483298294,156.80255913183956,14.206820323026399,True
lift_and_cruse,cruise_124,0.791002813941242,74.15651380699144,78.39783715342483,447.9881420475335,479.72454090396343,174.99980422496677,1.057194211657151,1.057194211657151,156.79567430684966,14.206820323026399,True
lift_and_cruse,cruise_124,0.7909440895674685,74.15100839695017,78.39783714997475,447.9812981261847,479.71822607382023,175.00253553989796,1.0572730532112598,1.0572107118489558,156.7956742999495,14.21094662019713,True
lift_and_cruse,cruise_124,0.7907795473438307,74.13558256348414,78.39783714996278,447.96212128940994,479.7005320326634,175.01018923662534,1.0574940252282452,1.0572569487228414,156.79567429992557,14.222508247948952,True
lift_and_cruse,cruise_124,0.7905417764604712,74.11329154316918,78.39783714994921,447.9344084130174,479.6749626677849,175.02125097172652,1.0578135025626492,1.0573237739537131,156.79567429989842,14.239215284111552,True
lift_and_cruse,cruise_124,0.7902778700237396,74.0885503147256,78.3978371499615,447.9036473038511,479.64658179786153,175.03353109483285,1.0581683221606444,1.0573979596085141,156.795674299923,14.25775869527458,True
lift_and_cruse,cruise_124,0.7900400979398374,74.06625918185976,78.39783714995508,447.87593057738366,479.6210106029674,175.04459737726498,1.0584882078408955,1.057464812310342,156.79567429991016,14.27446573143718,True
lift_and_cruse,cruise_124,0.7898755542191472,74.05083320804505,78.39783714994212,447.8567489396467,479.6033142798171,175.05225674439976,1.05870968905692,1.0575110834398196,156.79567429988424,14.286027359189001,True
lift_and_cruse,cruise_124,0.7898168291791225,74.04532773554274,78.39783714995923,447.8499028809202,479.5969984347994,175.05499059093145,1.0587887572727535,1.057527598925318,156.79567429991846,14.290153656359733,True
lift_and_cruse,cruise_125,0.7898168291791225,74.04532773554274,78.3943673853268,447.84766107725335,479.5933132237689,175.04695055626001,1.058734828824268,1.058734828824268,156.7887347706536,14.290153656359733,True
lift_and_cruse,cruise_125,0.7897581067609104,74.03982250883536,78.39436738159384,447.84081511267897,479.5869975003532,175.0496843005692,1.0588139010331776,1.0587513633043262,156.78873476318768,14.294279953530465,True
lift_and_cruse,cruise_125,0.7895935700163706,74.02439718903476,78.39436738159351,447.821632551566,479.56930095754274,175.05734480664944,1.059035519617426,1.0587976962713834,156.78873476318702,14.305841581282285,True
lift_and_cruse,cruise_125,0.7893558070498523,74.00210691092366,78.3943673815834,447.7939114054104,479.54372798045915,175.06841638287716,1.0593559319872223,1.058864660382012,156.7887347631668,14.322548617444886,True
lift_and_cruse,cruise_125,0.7890919093992019,73.97736650617519,78.39436738155793,447.763141120476,479.5153431051482,175.0807074305912,1.0597117903916282,1.0589390002105907,156.78873476311585,14.341092028607912,True
lift_and_cruse,cruise_125,0.788854145230429,73.95507611535271,78.39436738157036,447.7354161295913,479.4897683050203,175.09178355756723,1.0600326129032989,1.059005991845468,156.78873476314072,14.357799064770514,True
lift_and_cruse,cruise_125,0.7886896069867023,73.93965065500333,78.39436738157579,447.7162287741843,479.4720694889067,175.09944973828766,1.0602547429260294,1.059052359134398,156.78873476315158,14.369360692522333,True
lift_and_cruse,cruise_125,0.788630883901289,73.93414536574585,78.39436738158061,447.7093806751432,479.46575275454035,175.10218601670414,1.0603340427969994,1.0590689089414738,156.78873476316122,14.373486989693065,True
lift_and_cruse,cruise_126,0.788630883901289,73.93414536574585,78.39086983063837,447.70714178990306,479.46205865901214,175.09407939582243,1.0602796508006571,1.0602796508006571,156.78173966127673,14.373486989693065,True
lift_and_cruse,cruise_126,0.7885721634589574,73.92864032427725,78.39086982706213,447.7002937869238,479.4557420478468,175.09681557055234,1.0603589546384298,1.0602962196669325,156.78173965412427,14.377613286863799,True
lift_and_cruse,cruise_126,0.7884076322504475,73.91321552347947,78.39086982704843,447.68110551525274,479.43804301860257,175.1044828859973,1.0605812225038165,1.0603426489840782,156.78173965409687,14.389174914615618,True
lift_and_cruse,cruise_126,0.7881698772830352,73.89092599528455,78.39086982705555,447.6533761192433,479.41246645132395,175.115564303481,1.0609025738354172,1.0604097523464564,156.7817396541111,14.40588195077822,True
lift_and_cruse,cruise_126,0.7879059885097685,73.86618642279079,78.39086982705476,447.6225966806375,479.3840775950737,175.12786627605274,1.0612594754105138,1.0604842467624158,156.78173965410951,14.424425361941246,True
lift_and_cruse,cruise_126,0.7876682323383811,73.84389678172323,78.39086982703157,447.5948634452756,479.35849921172473,175.1389522475414,1.061581238689305,1.0605513777015048,156.78173965406313,14.441132398103846,True
lift_and_cruse,cruise_126,0.7875036996285387,73.82847184017551,78.39086982705552,447.5756703859946,479.3407979178937,175.14662524191215,1.0618040202456809,1.0605978414073027,156.78173965411105,14.452694025855667,True
lift_and_cruse,cruise_126,0.7874449785180512,73.8229667360673,78.39086982702888,447.5688202515682,479.33448029961676,175.14936395218822,1.0618835527453023,1.0606144256275414,156.78173965405776,14.456820323026399,True
lift_and_cruse,cruise_127,0.7874449785180512,73.8229667360673,78.38734404436876,447.5665843580205,479.3307771984667,175.1411896775221,1.0618286897710312,1.0618286897710312,156.77468808873752,14.456820323026399,True
lift_and_cruse,cruise_127,0.7873862600722552,73.81746188177392,78.38734404167704,447.5597343214332,479.3244597051647,175.14392828435115,1.061908226220262,1.0618452931257671,156.77468808335408,14.46094662019713,True
lift_and_cruse,cruise_127,0.7872217344576484,73.80203760540454,78.38734404168578,447.540540353078,479.30675820480536,175.15160240921804,1.0621311460943808,1.0618918190513222,156.77468808337156,14.472508247948952,True
lift_and_cruse,cruise_127,0.786983987572968,73.77974883496573,78.38734404167981,447.5128027272878,479.281178069458,175.1626936678475,1.0624534403322652,1.0619590620376242,156.77468808335962,14.489215284111552,True
lift_and_cruse,cruise_127,0.7867201077698978,73.75501010342792,78.38734404168845,447.4820141572954,479.2527852568391,175.17500656519329,1.062811389462028,1.0620337114543608,156.7746880833769,14.50775869527458,True
lift_and_cruse,cruise_127,0.7864823596795132,73.73272121995436,78.38734404165982,447.45427269753384,479.227203312424,175.18610238121593,1.0631340974634818,1.0621009820707759,156.77468808331963,14.52446573143718,True
lift_and_cruse,cruise_127,0.7863178325614175,73.71729680263289,78.38734404167828,447.4350739482868,479.20949955620273,175.19378218914878,1.0633575332930836,1.0621475424510614,156.77468808335655,14.536027359189001,True
lift_and_cruse,cruise_127,0.786259113446506,73.71179188560994,78.3873440416607,447.42822178342885,479.20318105949633,175.19652333136742,1.0634372994003374,1.0621641611771064,156.7746880833214,14.540153656359733,True
lift_and_cruse,cruise_128,0.786259113446506,73.71179188560994,78.38378957078146,447.4259889567074,479.1994688286209,175.18828030878143,1.0633819578341241,1.0633819578341241,156.76757914156292,14.540153656359733,True
lift_and_cruse,cruise_128,0.786200397016909,73.70628722033521,78.38378944550209,447.41913691852113,479.19315043373683,175.19102106119058,1.0634617261992085,1.0633985940306645,156.76757889100418,14.544279953530465,True
lift_and_cruse,cruise_128,0.7860358770571054,73.69086347410364,78.38378944651429,447.39993726665233,479.1754464772793,175.19870199777017,1.0636853008317222,1.0634452168376445,156.76757889302857,14.555841581282285,True
lift_and_cruse,cruise_128,0.7857981383372947,73.66857546912138,78.38378944615589,447.3721914325606,479.14986279717505,175.20980309624878,1.0640085419391798,1.0635125998144823,156.76757889231178,14.572548617444886,True
lift_and_cruse,cruise_128,0.7855342676233037,73.64383758968472,78.38378942503655,447.34355027099457,479.12345595641193,175.22120827857339,1.0643670938339262,1.0635818285613392,156.7675788500731,14.591092028607912,True
lift_and_cruse,cruise_128,0.7852965277836319,73.6215494797155,78.38378941569876,447.31883642799465,479.10068617202916,175.23110028712964,1.0646906026887248,1.0636418724376013,156.76757883139751,14.607799064770514,True
lift_and_cruse,cruise_128,0.7851320064144757,73.60612560135709,78.38378941146512,447.30173325482394,479.08492883089275,175.23794670712715,1.064914593095622,1.0636834297808682,156.76757882293023,14.619360692522333,True
lift_and_cruse,cruise_128,0.7850732893590334,73.60062087740938,78.38378940897228,447.295629071881,479.07930506863414,175.2403903486077,1.0649945571837065,1.063698262532564,156.76757881794455,14.623486989693065,True
lift_and_cruse,cruise_129,0.7850732893590334,73.60062087740938,78.38020594308858,447.2937095869765,479.0758937697773,175.2320774094129,1.0649394666607515,1.0649394666607515,156.76041188617717,14.623486989693065,True
lift_and_cruse,cruise_129,0.7850145750165805,73.59511640780441,78.38020594312773,447.2876056541751,479.0702702752697,175.23452089632133,1.0650194347863038,1.0649543164855297,156.76041188625547,14.627613286863799,True
lift_and_cruse,cruise_129,0.7848500609205553,73.57969321130206,78.38020594311261,447.270502446363,479.0545135035829,175.24136791199754,1.0652435645565814,1.0649959279149566,156.76041188622523,14.639174914615618,True
lift_and_cruse,cruise_129,0.7846123307364208,73.55740600653944,78.38020594203819,447.2457866358397,479.031744073177,175.2512634825608,1.0655676083549561,1.0650560663541837,156.76041188407638,14.65588195077822,True
lift_and_cruse,cruise_129,0.7843484695465414,73.53266901998826,78.38020595437102,447.21835282358296,479.00647158787183,175.26224863625805,1.0659275012302156,1.0651228265267074,156.76041190874204,14.674425361941246,True
lift_and_cruse,cruise_129,0.7841107382955727,73.51038171520993,78.38020594303705,447.1936346185994,478.98370156507104,175.2721475492841,1.066251961711065,1.0651829852791137,156.7604118860741,14.691132398103846,True
lift_and_cruse,cruise_129,0.7839462228692242,73.49495839398978,78.38020600427319,447.1765284090132,478.9679440699122,175.27899890475987,1.0664766120834694,1.065224623082843,156.76041200854638,14.702694025855667,True
lift_and_cruse,cruise_129,0.7838875079346606,73.48945386887442,78.38020601400629,447.1704231440681,478.9623202498098,175.2814442823103,1.0665568116600372,1.0652394843976367,156.76041202801258,14.706820323026399,True
lift_and_cruse,cruise_130,0.7838875079346606,73.48945386887442,78.37659261079338,447.1685102857131,478.9589026950353,175.2730588312568,1.0665012254770438,1.0665012254770438,156.75318522158676,14.706820323026399,True
lift_and_cruse,cruise_130,0.7838287957359219,73.48394960024268,78.37659268572513,447.1624052603001,478.9532791579808,175.27550419738353,1.0665814299107164,1.0665161050369047,156.75318537145026,14.71094662019713,True
lift_and_cruse,cruise_130,0.7836642876463913,73.46852696684918,78.37659268288093,447.1452990348751,478.93752222174413,175.28235598624195,1.0668062191905805,1.0665577967906914,156.75318536576185,14.722508247948952,True
lift_and_cruse,cruise_130,0.7834265661412096,73.4462405757384,78.37659271852239,447.12057884984614,478.9147525577673,175.29225855233594,1.067131217301647,1.0666180519088768,156.75318543704478,14.739215284111552,True
lift_and_cruse,cruise_130,0.7831627145835064,73.42150449220372,78.37659272185715,447.0931401858617,478.8894797972157,175.30325135970804,1.067492169729725,1.0666849409254318,156.7531854437143,14.75775869527458,True
lift_and_cruse,cruise_130,0.7829249920101337,73.39921800095003,78.37659270820333,447.0684176019851,478.8667095224202,175.31315718607735,1.0678175858354952,1.0667452158817352,156.75318541640667,14.77446573143718,True
lift_and_cruse,cruise_130,0.7827604825885883,73.38379524268015,78.37659269813712,447.0513083735639,478.850951835659,175.32001316633577,1.0680428970849496,1.0667869331393458,156.75318539627423,14.786027359189001,True
lift_and_cruse,cruise_130,0.7827017697970721,73.37829091847551,78.37659270401912,447.0452020258584,478.8453279510463,175.32246024503584,1.0681233329213238,1.0668018231198702,156.75318540803823,14.790153656359733,True
lift_and_cruse,cruise_131,0.7827017697970721,73.37829091847551,78.37294930001059,447.043295863122,478.84190417136955,175.31400207823907,1.0680672487600433,1.0680672487600433,156.74589860002118,14.790153656359733,True
lift_and_cruse,cruise_131,0.7826430597644356,73.37278685291582,78.37294930002203,447.03718977315776,478.836280557621,175.3164489782732,1.0681476884524512,1.068082156033601,156.74589860004406,14.794279953530465,True
lift_and_cruse,cruise_131,0.7824785577439279,73.35736478849324,78.37294930002413,447.0200805171601,478.8205234486523,175.32330556010427,1.0683731400927585,1.0681239284556858,156.74589860004826,14.805841581282285,True
lift_and_cruse,cruise_131,0.782240845008279,73.33507921952615,78.37294930001886,446.99535595626196,478.7977535227297,175.3332149633427,1.0686990955431817,1.0681842996121722,156.74589860003772,14.822548617444886,True
lift_and_cruse,cruise_131,0.7819770031833402,73.31034404843814,78.37294930001495,446.9679124205262,478.772480473118,175.3442154481267,1.0690611120591773,1.0682513179756743,156.7458986000299,14.841092028607912,True
lift_and_cruse,cruise_131,0.78173928937819,73.28805837920532,78.37294930001966,446.94318543734977,478.74970993610305,175.35412823451432,1.0693874880298495,1.0683117097433543,156.7458986000393,14.857799064770514,True
lift_and_cruse,cruise_131,0.7815747860240362,73.2726361897534,78.37294930002538,446.92607316082217,478.7339520651127,175.3609890350424,1.0696134640504362,1.0683535078670492,156.74589860005077,14.869360692522333,True
lift_and_cruse,cruise_131,0.781516075397871,73.26713206855042,78.37294930002881,446.9199657265974,478.72832811223014,175.36343781254988,1.0696941371139668,1.0683684265787563,156.74589860005761,14.873486989693065,True
lift_and_cruse,cruise_132,0.781516075397871,73.26713206855042,78.3692752917938,446.91806642611255,478.7248980088097,175.3549054718072,1.0696375452292812,1.0696375452292812,156.7385505835876,14.873486989693065,True
lift_and_cruse,cruise_132,0.7814573675540372,73.26162820819097,78.36927529207667,446.9119592512725,478.71927433053605,175.35735408257003,1.0697182221975032,1.0696524813726331,156.73855058415333,14.877613286863799,True
lift_and_cruse,cruise_132,0.7812928716662091,73.24620671870711,78.3692752920775,446.8948469537107,478.70351703901207,175.36421545729127,1.0699443389459262,1.0696943346871668,156.738550584155,14.889174914615618,True
lift_and_cruse,cruise_132,0.7810551677919947,73.22392198049951,78.36927529207664,446.8701179924806,478.68074684511095,175.37413178986068,1.0702712562519485,1.069754822767604,156.73855058415327,14.90588195077822,True
lift_and_cruse,cruise_132,0.7807913358017518,73.19918773141421,78.36927529207115,446.84266956562504,478.6554734922776,175.3851399702999,1.070634341381311,1.0698219709495767,156.7385505841423,14.924425361941246,True
lift_and_cruse,cruise_132,0.7805536308566754,73.17690289281332,78.36927529207709,446.8179381692825,478.6327026768538,175.3950596944703,1.0709616810724316,1.0698824797182502,156.73855058415418,14.941132398103846,True
lift_and_cruse,cruise_132,0.7803891336335042,73.16148127814101,78.3692752920847,446.8008228351847,478.61694461030226,175.40192529844563,1.0711883245266687,1.0699243588305736,156.7385505841694,14.952694025855667,True
lift_and_cruse,cruise_132,0.7803304251953865,73.1559773620675,78.3692752920792,446.7947143090218,478.6113205870493,175.4043757907279,1.0712692358971407,1.0699393064509002,156.7385505841584,14.956820323026399,True
lift_and_cruse,cruise_133,0.7803304251953865,73.1559773620675,78.36557014395001,446.79282202384775,478.6078840756797,175.39576797356727,1.0712121274260207,1.0712121274260207,156.73114028790002,14.956820323026399,True
lift_and_cruse,cruise_133,0.7802717195634598,73.15047370907435,78.36557014395333,446.7867137601574,478.6022603295113,175.39821829607462,1.0712930426610294,1.071227092525899,156.73114028790667,14.96094662019713,True
lift_and_cruse,cruise_133,0.7801072298730473,73.13505280059817,78.3655701439576,446.76959840955703,478.58650284630414,175.4050844701287,1.0715198273169617,1.0712690269978693,156.7311402879152,14.972508247948952,True
lift_and_cruse,cruise_133,0.7798695349538095,73.11276890191964,78.36557014395414,446.74486503140935,478.5637323712262,175.41500774131512,1.0718477105278923,1.0713296323851111,156.7311402879083,14.989215284111552,True
lift_and_cruse,cruise_133,0.7796057129020808,73.08803558457008,78.36557014395522,446.71741169501126,478.5384587005161,175.42602362776373,1.0722118687711268,1.0713969108108932,156.73114028791045,15.00775869527458,True
lift_and_cruse,cruise_133,0.7793680169106109,73.06575158536977,78.36557014394502,446.6926758688994,478.5156875934666,175.43595029900104,1.0725401762425109,1.0714575369636061,156.73114028789004,15.02446573143718,True
lift_and_cruse,cruise_133,0.7792035258831462,73.05033055154496,78.36557014395272,446.67555746573476,478.49992932220607,175.44282071287637,1.0727674899429682,1.0714994973298608,156.73114028790545,15.036027359189001,True
lift_and_cruse,cruise_133,0.7791448196561751,73.04482684276641,78.36557014395008,446.66944784352665,478.4943052253191,175.4452729222652,1.0728486406249258,1.0715144739536793,156.73114028790016,15.040153656359733,True
lift_and_cruse,cruise_134,0.7791448196561751,73.04482684276641,78.36183332749567,446.6675627261777,478.4908622239859,175.43658834150386,1.072791006763204,1.072791006763204,156.72366665499135,15.040153656359733,True
lift_and_cruse,cruise_134,0.7790861162596595,73.03932339934308,78.36183332747022,446.66145336953747,478.48523840675773,175.4390403786003,1.0728721612715184,1.0728060009179023,156.72366665494044,15.044279953530465,True
lift_and_cruse,cruise_134,0.7789216328325185,73.0239030780486,78.36183332747281,446.6443349545626,478.46948072285204,175.44591135831124,1.0730996166471154,1.072848016812712,156.72366665494562,15.055841581282285,True
lift_and_cruse,cruise_134,0.778683946963418,73.00162002782045,78.36183332749522,446.61959714310143,478.4467099535698,175.45584157734083,1.073428469831389,1.0729087398908956,156.72366665499044,15.072548617444886,True
lift_and_cruse,cruise_134,0.7784201349558187,72.976887652108,78.3618333274876,446.592138878962,478.4214359505062,175.46686517994513,1.0737937057094347,1.072976148986386,156.7236666549752,15.091092028607912,True
lift_and_cruse,cruise_134,0.7781824480131059,72.95460450122867,78.36183332747193,446.5673986066698,478.39866453878517,175.47679880745505,1.0741229850399838,1.0730368929073544,156.72366665494386,15.107799064770514,True
lift_and_cruse,cruise_134,0.7780179632471915,72.93918405442422,78.36183332749273,446.5502771230746,478.38290605378376,175.4836740376192,1.0743509718123998,1.0730789347935952,156.72366665498546,15.119360692522333,True
lift_and_cruse,cruise_134,0.7779592592548659,72.93368055514367,78.36183332748378,446.5441664007677,478.3772818800359,175.48612796636473,1.0744323628147445,1.0730939405156874,156.72366665496756,15.123486989693065,True
lift_and_cruse,cruise_135,0.7779592592548659,72.93368055514367,78.35806430097679,446.5422886076728,478.3738323047203,175.47736530239558,1.074374194535972,1.074374194535972,156.71612860195359,15.123486989693065,True
lift_and_cruse,cruise_135,0.7779005581176759,72.92817732353211,78.35806430094956,446.5361781540824,478.3682084132633,175.47981905636615,1.0744555893256287,1.0743892178407792,156.71612860189913,15.127613286863799,True
lift_and_cruse,cruise_135,0.7777360810208113,72.91275759570105,78.35806430096355,446.51905666353434,478.35245051976443,175.4866948479982,1.0746837182461697,1.0744313154246115,156.7161286019271,15.139174914615618,True
lift_and_cruse,cruise_135,0.7774984042986695,72.89047540300025,78.35806430096147,446.4943144025838,478.32967944340527,175.49663202377596,1.0750135454898277,1.0744921565775647,156.71612860192295,15.15588195077822,True
lift_and_cruse,cruise_135,0.7772346024426573,72.86574397899912,78.35806430097763,446.4668511927201,478.30440509370914,175.5076633526283,1.0753798635449854,1.07455969677017,156.71612860195526,15.174425361941246,True
lift_and_cruse,cruise_135,0.776996924645513,72.84346168551684,78.35806430095049,446.44210645804355,478.28163336443686,175.51760394543456,1.0757101188320943,1.0746205588441533,156.71612860190098,15.191132398103846,True
lift_and_cruse,cruise_135,0.776832446208142,72.82804183201331,78.3580643009675,446.4249818828017,478.26587465677517,175.52448399810885,1.0759387815147803,1.0746626825165573,156.716128601935,15.202694025855667,True
lift_and_cruse,cruise_135,0.7767737444743705,72.82253854447224,78.35806430096616,446.41887005638785,478.2602504029861,175.52693964847737,1.076020413851352,1.0746777174322126,156.71612860193233,15.206820323026399,True
lift_and_cruse,cruise_136,0.7767737444743705,72.82253854447224,78.3542625086668,446.4169997480827,478.2567941675424,175.51809754754677,1.0759617018955843,1.0759617018955843,156.7085250173336,15.206820323026399,True
lift_and_cruse,cruise_136,0.7767150456208414,72.81703552695387,78.35426250866556,446.41088819359334,478.2511701987309,175.52055302064014,1.0760433379792167,1.0759767544459788,156.7085250173311,15.21094662019713,True
lift_and_cruse,cruise_136,0.7765505749224374,72.80161639897851,78.35426250867192,446.39376361642576,478.2354120868596,175.527433630282,1.0762721432824307,1.0760189339850907,156.70852501734385,15.222508247948952,True
lift_and_cruse,cruise_136,0.7763129074457792,72.7793350730418,78.3542625086588,446.3690168900072,478.2126406907387,175.53737777170565,1.0766029486909852,1.0760798935982565,156.7085250173176,15.239215284111552,True
lift_and_cruse,cruise_136,0.7760491158507039,72.7546046110035,78.35426250864559,446.3415487166882,478.18736598030915,175.54841683653996,1.0769703534851394,1.0761475653150334,156.70852501729118,15.25775869527458,True
lift_and_cruse,cruise_136,0.7758114472976436,72.7323231841541,78.35426250865237,446.31679950362263,478.16459392079156,175.5583644036311,1.0773015888455788,1.0762085459282387,156.70852501730474,15.27446573143718,True
lift_and_cruse,cruise_136,0.7756469752569879,72.71690393034262,78.35426250866047,446.2996718256613,478.14883498167336,175.56524928495944,1.077530930289961,1.076250751653659,156.70852501732094,15.286027359189001,True
lift_and_cruse,cruise_136,0.7755882758061006,72.71140085682192,78.3542625086613,446.2935588911882,478.1432106447022,175.56770665913643,1.07761280497897,1.0762658158580838,156.7085250173226,15.290153656359733,True
lift_and_cruse,cruise_137,0.7755882758061006,72.71140085682192,78.35042738044591,446.29169623243274,478.1397476608082,175.55878373242464,1.077553539846229,1.077553539846229,156.70085476089181,15.290153656359733,True
lift_and_cruse,cruise_137,0.7755295792609993,72.70589805571869,78.35042738061023,446.2855835731251,478.13412361158385,175.56124092711113,1.0776354182425938,1.0775686217394629,156.70085476122046,15.294279953530465,True
lift_and_cruse,cruise_137,0.7753651150304501,72.6904795341047,78.35042738062754,446.2684558984337,478.11836527269315,175.5681263608286,1.0778649027795697,1.0776108835011242,156.70085476125507,15.305841581282285,True
lift_and_cruse,cruise_137,0.7751274568995492,72.66819908433274,78.35042738059074,446.24370469079105,478.0955935443018,175.57807747658308,1.0781966904768052,1.0776719619603086,156.7008547611815,15.322548617444886,True
lift_and_cruse,cruise_137,0.7748636756767003,72.64346959469066,78.35042738056822,446.2162315365109,478.0703184592531,175.58912428712566,1.0785651865935066,1.077739765630117,156.70085476113644,15.341092028607912,True
lift_and_cruse,cruise_137,0.774626016467988,72.62118904387388,78.35042738057614,446.1914778292862,478.0475460569624,175.59907883716056,1.0788974061617,1.0778008651684006,156.70085476115227,15.357799064770514,True
lift_and_cruse,cruise_137,0.7744615508934297,72.60577039625903,78.35042738055218,446.1743470376866,478.0317868777135,175.60596855313918,1.079127429231911,1.0778431532139399,156.70085476110435,15.369360692522333,True
lift_and_cruse,cruise_137,0.7744028537501881,72.60026753908014,78.35042738054186,446.1682329912575,478.02616245446296,175.6084276532546,1.07920954729609,1.0778582468024114,156.70085476108372,15.373486989693065,True
lift_and_cruse,cruise_138,0.7744028537501881,72.60026753908014,78.34655833619115,446.16637815013473,478.0226926325167,175.59942248679906,1.0791497193039563,1.0791497193039563,156.6931166723823,15.373486989693065,True
lift_and_cruse,cruise_138,0.7743441595387347,72.59476495675638,78.3465583196864,446.16026438585976,478.01706849641954,175.6018813660277,1.0792318408027244,1.0791648303948234,156.6931166393728,15.377613286863799,True
lift_and_cruse,cruise_138,0.7741797018466996,72.5793470481281,78.34655832246541,446.14313360230017,478.0013099225501,175.60877163613327,1.0794620074749746,1.0792071746858527,156.69311664493083,15.389174914615618,True
lift_and_cruse,cruise_138,0.7739420531636473,72.55706748409195,78.34655832643361,446.11837789702025,477.97853785038905,175.61872974413615,1.0797947816588183,1.0792683724352752,156.69311665286722,15.40588195077822,True
lift_and_cruse,cruise_138,0.7736782824263179,72.5323389774673,78.34655833079498,446.09089974356647,477.95326237793216,175.62978432010624,1.0801643737624915,1.0793363085502476,156.69311666158995,15.424425361941246,True
lift_and_cruse,cruise_138,0.7734406326640094,72.51005931225089,78.34655833445,446.06614152582983,477.9304896212731,175.63974587014025,1.0804975817422027,1.0793975274527405,156.6931166689,15.441132398103846,True
lift_and_cruse,cruise_138,0.7732761736261642,72.49464127745289,78.34655833703822,446.04900760924346,477.9147301938888,175.64664043285453,1.080728289352053,1.0794398981240814,156.69311667407644,15.452694025855667,True
lift_and_cruse,cruise_138,0.7732174788157686,72.48913863897832,78.34655833801901,446.0428924467942,477.9091056815128,175.64910126335974,1.0808106518327514,1.0794550212065572,156.69311667603802,15.456820323026399,True
lift_and_cruse,cruise_139,0.7732174788157686,72.48913863897832,78.34265480903856,446.0410455902141,477.90562893484224,175.64001246604434,1.080750251399826,1.080750251399826,156.68530961807713,15.456820323026399,True
lift_and_cruse,cruise_139,0.7731587869561561,72.48363627713964,78.34265420800428,446.0349308329867,477.9000045932108,175.64247175602927,1.080832609466415,1.080765383932739,156.68530841600855,15.46094662019713,True
lift_and_cruse,cruise_139,0.7729943358827078,72.46821898900386,78.34265592050767,446.01779657553715,477.8842461193643,175.64937071481057,1.081063483952697,1.0808078346894463,156.68531184101533,15.472508247948952,True
lift_and_cruse,cruise_139,0.772756696729575,72.44594031839766,78.34266140304885,445.9930351565024,477.86147481364713,175.65934862860922,1.0813973247386017,1.0808692309094474,156.6853228060977,15.489215284111552,True
lift_and_cruse,cruise_139,0.7724929365871948,72.4212128050495,78.3426551166571,445.9655533590933,477.8361976543641,175.67039632745502,1.081767930590667,1.0809372097437537,156.6853102333142,15.50775869527458,True
lift_and_cruse,cruise_139,0.7722552963618198,72.39893403392061,78.34266128684251,445.9407893381943,477.8134258342082,175.68037910855023,1.0821022156789566,1.0809986359132628,156.68532257368503,15.52446573143718,True
lift_and_cruse,cruise_139,0.7720908439272837,72.38351661818284,78.34265182898775,445.92365424383667,477.79766415374047,175.6872567275669,1.0823334812162444,1.081040955361872,156.6853036579755,15.536027359189001,True
lift_and_cruse,cruise_139,0.7720321514783564,72.37801420109591,78.34265096746586,445.9175381139659,477.79203934772625,175.68971733990745,1.082416077491165,1.0810560960315196,156.68530193493172,15.540153656359733,True
lift_and_cruse,cruise_140,0.7720321514783564,72.37801420109591,78.33871604992498,445.91569867873466,477.78855638184723,175.68055191159596,1.082355144923814,1.082355144923814,156.67743209984997,15.540153656359733,True
lift_and_cruse,cruise_140,0.7719734620116367,72.37251206359095,78.33871605025257,445.9095826822705,477.78293207326897,175.68301428280225,1.0824377564008625,1.0823703154143143,156.67743210050514,15.544279953530465,True
lift_and_cruse,cruise_140,0.7718090176136142,72.35709540127634,78.33871605030266,445.89244565118594,477.7671730027337,175.6899142237576,1.0826692958724888,1.082412825450351,156.67743210060533,15.555841581282285,True
lift_and_cruse,cruise_140,0.7715713881398296,72.33481763810903,78.33871605036583,445.8676809075651,477.7444002044276,175.6998863135252,1.0830040553674125,1.0824742627725141,156.67743210073166,15.572548617444886,True
lift_and_cruse,cruise_140,0.7713076387216031,72.3100911301503,78.33871605042064,445.84019270790634,477.71912391431573,175.71095641769554,1.083375853159336,1.0825424648818154,156.6774321008413,15.591092028607912,True
lift_and_cruse,cruise_140,0.7710700081657199,72.28781326553624,78.33871605046507,445.81542542581525,477.6963504104831,175.72093196738757,1.083711050346717,1.0826039235203222,156.67743210093013,15.607799064770514,True
lift_and_cruse,cruise_140,0.7709055624183423,72.27239647671959,78.33871605049801,445.79828522930785,477.68059046017146,175.72783622281332,1.0839431356122453,1.0826464601374983,156.67743210099601,15.619360692522333,True
lift_and_cruse,cruise_140,0.770846872351103,72.2668942829159,78.33871605052477,445.7921678241624,477.6749657599959,175.7303005134546,1.0840259899864557,1.0826616424534983,156.67743210104953,15.623486989693065,True
lift_and_cruse,cruise_141,0.770846872351103,72.2668942829159,78.33474156771923,445.790337501858,477.67147485201326,175.72103964095774,1.0839644119899376,1.0839644119899376,156.66948313543847,15.623486989693065,True
lift_and_cruse,cruise_141,0.7707881852964361,72.2613923715409,78.33474156813371,445.78422038560956,477.6658504511363,175.72350374174786,1.0840472698917136,1.0839796122048322,156.66948313626742,15.627613286863799,True
lift_and_cruse,cruise_141,0.7706237476566133,72.24597634280751,78.33474156809258,445.76708021502844,477.6500911202974,175.7304085294883,1.0842795001272454,1.0840222055345683,156.66948313618516,15.639174914615618,True
lift_and_cruse,cruise_141,0.7703861279481311,72.2236994951373,78.33474156803742,445.74231092949026,477.6273179416093,175.74038762655124,1.0846152585908109,1.0840837632518576,156.66948313607483,15.65588195077822,True
lift_and_cruse,cruise_141,0.7701223893677698,72.19897400322841,78.3347415679751,445.71481768146595,477.6020412234448,175.75146551305428,1.0849881662431746,1.0841520990342652,156.6694831359502,15.674425361941246,True
lift_and_cruse,cruise_141,0.7698847685757412,72.17669705397573,78.33474156793864,445.69004584444565,477.5792673286692,175.76144807875932,1.085324364362742,1.0842136781484495,156.66948313587727,15.691132398103846,True
lift_and_cruse,cruise_141,0.7697203295847579,72.16128089857105,78.3347415678964,445.6729024922228,477.5635071048784,175.76835719177134,1.0855571428402642,1.0842562981593415,156.6694831357928,15.702694025855667,True
lift_and_cruse,cruise_141,0.769661641928768,72.155778930822,78.33474156788742,445.66678396010207,477.5578823065161,175.77082321651994,1.0856402447270164,1.0842715102424934,156.66948313577484,15.706820323026399,True
lift_and_cruse,cruise_142,0.769661641928768,72.155778930822,78.33073066279863,445.6649621802636,477.55438417271745,175.76147399964353,1.0855780621244022,1.0855780621244022,156.66146132559726,15.706820323026399,True
lift_and_cruse,cruise_142,0.7696029573132621,72.15027724811831,78.330730663086,445.6588439406821,477.54875967666146,175.76393983148702,1.0856611674877934,1.085593292156862,156.661461326172,15.71094662019713,True
lift_and_cruse,cruise_142,0.7694385265075926,72.1348618600868,78.33073066309494,445.64170062050397,477.5330000775876,175.7708494717593,1.0858940914039086,1.08563596905144,156.66146132618988,15.722508247948952,True
lift_and_cruse,cruise_142,0.7692009166741646,72.11258593820293,78.33073066312467,445.61692677844565,477.51022650705,175.780835584428,1.086230853055331,1.0856976475557922,156.66146132624934,15.739215284111552,True
lift_and_cruse,cruise_142,0.7689371890534776,72.08786147376352,78.33073066314412,445.5894284658433,477.48494934809094,175.7919212624376,1.0866048752569915,1.0857661174461337,156.66146132628825,15.75775869527458,True
lift_and_cruse,cruise_142,0.7686995781350445,72.06558545016041,78.33073066318963,445.5646520592813,477.4621750508818,175.80191085239434,1.0869420785386752,1.0858278174277045,156.66146132637925,15.77446573143718,True
lift_and_cruse,cruise_142,0.7685351459763955,72.05016993528707,78.33073066319422,445.54750554122387,477.44641454565783,175.80882482872002,1.0871755531586462,1.0858705211036035,156.66146132638843,15.786027359189001,True
lift_and_cruse,cruise_142,0.7684764607587572,72.04466819613349,78.33073066321111,445.5413858785114,477.44078964627266,175.811292589662,1.0872589036046718,1.0858857630510008,156.66146132642223,15.790153656359733,True
lift_and_cruse,cruise_143,0.7684764607587572,72.04466819613349,78.32668264921281,445.53957283874917,477.437284179761,175.80185335761627,1.087196105004984,1.087196105004984,156.65336529842563,15.790153656359733,True
lift_and_cruse,cruise_143,0.768417778610034,72.03916674469068,78.32668266615647,445.533453468594,477.4316595891256,175.80432096152055,1.0872794591070154,1.0872113651931004,156.65336533231294,15.794279953530465,True
lift_and_cruse,cruise_143,0.7682533547158871,72.02375200461442,78.3266826661586,445.51630698894314,477.41589971399725,175.81123545948878,1.0875130796304076,1.0872541259212471,156.6533653323172,15.805841581282285,True
lift_and_cruse,cruise_143,0.7680157548693464,72.00147701900121,78.32668265465803,445.4915285786451,477.3931257379837,175.82122856833814,1.0878508485432015,1.0873159254347926,156.65336530931606,15.822548617444886,True
lift_and_cruse,cruise_143,0.7677520383324518,71.97675359366735,78.3266826642215,445.4640251834948,477.36784812760396,175.83232206843383,1.0882259901321325,1.0873845300021767,156.653365328443,15.841092028607912,True
lift_and_cruse,cruise_143,0.7675144373994197,71.95447850619561,78.32668266045873,445.4392441939416,477.3450734158763,175.84231868124948,1.0885642027680273,1.087446351184996,156.65336532091746,15.857799064770514,True
lift_and_cruse,cruise_143,0.7673500121504994,71.93906363910932,78.32668264261957,445.42209450411127,477.3293126177926,175.8492374844737,1.088798376223276,1.087489138537763,156.65336528523915,15.869360692522333,True
lift_and_cruse,cruise_143,0.7672913293988453,71.93356213114174,78.326682631948,445.4159737096487,477.3236876124354,175.85170695851565,1.0888819761300461,1.0875044102912088,156.653365263896,15.873486989693065,True
lift_and_cruse,cruise_144,0.7672913293988453,71.93356213114174,78.32259689099335,445.414169593713,477.32017472106503,175.8421761984711,1.0888185510430277,1.0888185510430277,156.6451937819867,15.873486989693065,True
lift_and_cruse,cruise_144,0.7672326497450302,71.92806091359658,78.32259689099844,445.40804909695936,477.31455002634254,175.84464549793876,1.088902154466088,1.088833840998638,156.64519378199688,15.877613286863799,True
lift_and_cruse,cruise_144,0.7670682328412575,71.91264682886789,78.32259689099163,445.39089944813946,477.29878986751106,175.85156485875575,1.0891364745368126,1.0888766858301897,156.64519378198327,15.889174914615618,True
lift_and_cruse,cruise_144,0.7668306430954741,71.89037279020071,78.32259689097592,445.3661164504769,477.2760154795967,175.86156502491968,1.0894752552838003,1.088938607074957,156.64519378195183,15.90588195077822,True
lift_and_cruse,cruise_144,0.7665669377687574,71.86565041582102,78.32259689098953,445.33860796143114,477.2507374016579,175.87266631086547,1.0898515207218322,1.0890073464771841,156.64519378197906,15.924425361941246,True
lift_and_cruse,cruise_144,0.7663293469350235,71.84337627515846,78.32259689099715,445.31382237316546,477.22796226586206,175.88266997169472,1.0901907470817929,1.0890692893609946,156.6451937819943,15.941132398103846,True
lift_and_cruse,cruise_144,0.7661649286745984,71.8279620632436,78.32259689104325,445.2966694939103,477.212201174442,175.88959369034552,1.0904256228234002,1.0891121611763472,156.6451937820865,15.952694025855667,True
lift_and_cruse,cruise_144,0.7661062484170162,71.82246078909527,78.32259689099122,445.2905475594954,477.2065760646622,175.8920649290439,1.0905094735422374,1.0891274631397159,156.64519378198244,15.956820323026399,True
lift_and_cruse,cruise_145,0.7661062484170162,71.82246078909527,78.31847263072058,445.2887525911509,477.20305562211814,175.88244071960614,1.090445409002353,1.090445409002353,156.63694526144116,15.956820323026399,True
lift_and_cruse,cruise_145,0.7660475712867891,71.81695980813649,78.31847263070732,445.2826309606635,477.1974308240515,175.8849117558825,1.0905292630344736,1.0904607290658683,156.63694526141464,15.96094662019713,True
lift_and_cruse,cruise_145,0.7658831614537245,71.80154638628666,78.31847263070047,445.26547813316927,477.1816703740304,175.89183598458297,1.0907642856053354,1.0905036582711172,156.63694526140094,15.972508247948952,True
lift_and_cruse,cruise_145,0.7656455819248151,71.77927330545141,78.31847263072646,445.24069053694103,477.15889556108453,175.90184318862507,1.0911040822988671,1.0905657014725874,156.63694526145292,15.989215284111552,True
lift_and_cruse,cruise_145,0.7653818879371482,71.75455199410764,78.3184726307077,445.2131769366352,477.1336170054846,175.91295229067754,1.0914814764653074,1.0906345762805654,156.6369452614154,16.00775869527458,True
lift_and_cruse,cruise_145,0.7651443073188009,71.73227881113759,78.31847263071542,445.18838673673764,477.11084143402144,175.9229629979975,1.0918217207796979,1.090696641201846,156.63694526143084,16.024465731437182,True
lift_and_cruse,cruise_145,0.764979896127229,71.71686526192772,78.31847263070857,445.1712306625151,477.0950800381485,175.92989159526587,1.0920573015252033,1.090739597491577,156.63694526141714,16.036027359189,True
lift_and_cruse,cruise_145,0.7649212183924093,71.71136422428837,78.318472630712,445.16510758709376,477.0894548191413,175.93236457577544,1.0921414039687245,1.0907549296090537,156.636945261424,16.04015365635973,True
lift_and_cruse,cruise_146,0.7649212183924093,71.71136422428837,78.31430915885782,445.16332196933513,477.0859267202711,175.92264522694728,1.0920766883463622,1.0920766883463622,156.62861831771565,16.04015365635973,True
lift_and_cruse,cruise_146,0.7648625438149967,71.70586348265594,78.31430915890006,445.15719920178,477.08030181626276,175.9251180019308,1.0921607940461475,1.0920920386152917,156.62861831780012,16.044279953530463,True
lift_and_cruse,cruise_146,0.7646981411345268,71.69045073136189,78.31430915890344,445.14004318630873,477.0645410677345,175.9320471034051,1.0923965220824845,1.0921350524648248,156.62861831780688,16.055841581282284,True
lift_and_cruse,cruise_146,0.7644605719408216,71.66817861945202,78.31430915728183,445.1152509784451,477.04176581883644,175.94206134842662,1.0927373389884636,1.0921972179894808,156.62861831456365,16.072548617444887,True
lift_and_cruse,cruise_146,0.764196889423537,71.64345838345659,78.31430915817477,445.08773225173525,477.0164867740111,175.95317827661108,1.093115866663773,1.09226622865096,156.62861831634953,16.091092028607914,True
lift_and_cruse,cruise_146,0.7639593191388945,71.62118616927135,78.31430915889075,445.0629374265835,476.9937107564256,175.96319603913557,1.0934571332434577,1.0923284160112527,156.6286183177815,16.107799064770514,True
lift_and_cruse,cruise_146,0.7637949150980514,71.60577329044231,78.31430915890262,445.0457781480557,476.9779490487767,175.97012952007708,1.0936934219734211,1.0923714570472465,156.62861831780523,16.119360692522335,True
lift_and_cruse,cruise_146,0.7637362399152147,71.60027249205137,78.31430915889118,445.03965392831543,476.97232371790824,175.9726042439813,1.093777777204687,1.0923868194145097,156.62861831778235,16.123486989693067,True
lift_and_cruse,cruise_147,0.7637362399152147,71.60027249205137,78.3101057283024,445.03787787779225,476.96878784753596,175.96278793557127,1.0937123980498835,1.0937123980498835,156.6202114566048,16.123486989693067,True
lift_and_cruse,cruise_147,0.763677567920409,71.59477199253834,78.31010572836115,445.0317539699337,476.96316283502887,175.965262450858,1.093796756478903,1.0937277786202872,156.6202114567223,16.1276132868638,True
lift_and_cruse,cruise_147,0.7635131724760141,71.57935991962633,78.31010572836666,445.0145947573959,476.9474017808465,175.97219642980258,1.0940331929582625,1.0937708773846821,156.62021145673333,16.13917491461562,True
lift_and_cruse,cruise_147,0.7632756137381332,71.55708878795,78.31010572836585,444.98979792402315,476.92462608631973,175.98221773025256,1.0943750344297651,1.0938331656711733,156.6202114567317,16.15588195077822,True
lift_and_cruse,cruise_147,0.7630119428251017,71.53236963985327,78.31010572836156,444.9622740567126,476.89934654042975,175.99334248792755,1.0947547003761013,1.0939023125944358,156.62021145672313,16.174425361941246,True
lift_and_cruse,cruise_147,0.7627743829947791,71.51009840576054,78.3101057283599,444.93747459346366,476.87657006609,176.0033673091631,1.0950969935202393,1.0939646227646838,156.6202114567198,16.191132398103846,True
lift_and_cruse,cruise_147,0.7626099861881313,71.4946862051373,78.3101057283688,444.92031210152237,476.8608080394973,176.01030567846632,1.0953339932264858,1.0940077488177442,156.6202114567376,16.202694025855667,True
lift_and_cruse,cruise_147,0.7625513135870658,71.48918564878743,78.31010572836543,444.91418673420475,476.8551825942145,176.01278214750832,1.0954186023143164,1.0940231415318877,156.62021145673086,16.2068203230264,True
lift_and_cruse,cruise_148,0.7625513135870658,71.48918564878743,78.3058615704519,444.91242047385884,476.85163883391624,176.00286700706474,1.0953525468195067,1.0953525468195067,156.6117231409038,16.2068203230264,True
lift_and_cruse,cruise_148,0.7624926442052459,71.48368539424179,78.30586157045151,444.90629542254595,476.84601371041083,176.00534326411585,1.095437159043273,1.0953679577870303,156.61172314090302,16.21094662019713,True
lift_and_cruse,cruise_148,0.7623282560820412,71.46827400769136,78.30586157044749,444.8891330040691,476.8302523436062,176.0122821250611,1.0956743069555424,1.0954111417370287,156.61172314089498,16.22250824794895,True
lift_and_cruse,cruise_148,0.7620907079229804,71.44600386777942,78.30586157044877,444.86433153271645,476.80747619305384,176.0223104837519,1.0960171772953822,1.0954735531534971,156.61172314089754,16.239215284111552,True
lift_and_cruse,cruise_148,0.761827048750712,71.42128582037925,78.30586157044232,444.83680251035474,476.7821961350926,176.03344308033277,1.0963979863325282,1.0955428367863431,156.61172314088464,16.25775869527458,True
lift_and_cruse,cruise_148,0.761589499497693,71.39901557790871,78.30586157042903,444.8119983960018,476.7594191940535,176.0434749685378,1.096741310388042,1.0956052701687171,156.61172314085806,16.274465731437182,True
lift_and_cruse,cruise_148,0.7614251100103444,71.38360406346979,78.30586157045173,444.7948326817465,476.74365684153645,176.05041823082144,1.0969790240753983,1.0956484815104126,156.61172314090345,16.286027359189,True
lift_and_cruse,cruise_148,0.7613664400214233,71.37810375200841,78.30586157043986,444.78870616367914,476.7380312793429,176.05289644659925,1.0970638880925399,1.0956639046680574,156.61172314087972,16.29015365635973,True
lift_and_cruse,cruise_149,0.7613664400214233,71.37810375200841,78.30157589413136,444.7869499230332,476.7344795072823,176.04288054692438,1.0969971430759413,1.0969971430759413,156.60315178826272,16.29015365635973,True
lift_and_cruse,cruise_149,0.7613077732835696,71.37260374533466,78.30157589321291,444.7808237253732,476.7288542701874,176.04535854528984,1.097082010153244,1.0970125845247465,156.60315178642583,16.294279953530463,True
lift_and_cruse,cruise_149,0.7611433925683575,71.35719305328351,78.30157589409279,444.76365809210506,476.71309258415823,176.05230229471613,1.0973198725132867,1.0970558539444424,156.60315178818558,16.305841581282284,True
lift_and_cruse,cruise_149,0.7609058551135446,71.3349239168948,78.30157589410248,444.7388519702627,476.6903159677781,176.0623377180168,1.0976637760647652,1.0971183888828404,156.60315178820497,16.322548617444887,True
lift_and_cruse,cruise_149,0.7606422078212488,71.31020698324208,78.30157589410253,444.7113177789547,476.66503538685816,176.07347816058743,1.098045733019956,1.0971878096605203,156.60315178820505,16.341092028607914,True
lift_and_cruse,cruise_149,0.7604046692709515,71.2879377441517,78.30157589410166,444.6865090009668,476.6422579693069,176.0835171221919,1.0983900923421395,1.0972503666475755,156.60315178820332,16.357799064770514,True
lift_and_cruse,cruise_149,0.7602402871896918,71.2725269240336,78.30157589410379,444.66934005573285,476.62649528406047,176.0904652817895,1.0986285230271002,1.0972936635489017,156.60315178820758,16.369360692522335,True
lift_and_cruse,cruise_149,0.760181619843889,71.2670268603646,78.30157589394136,444.66321238385166,476.6208696025007,176.09294524554605,1.098713643048945,1.0973091172448841,156.60315178788272,16.373486989693067,True
lift_and_cruse,cruise_150,0.760181619843889,71.2670268603646,78.29724788498312,444.6614663992296,476.617309693328,176.08282660293716,1.0986461949422026,1.0986461949422026,156.59449576996624,16.373486989693067,True
lift_and_cruse,cruise_150,0.7601229557815985,71.26152710452487,78.29724788505091,444.6553390517906,476.61168434067304,176.08530634857308,1.0987313179749632,1.0986616669968026,156.59449577010182,16.3776132868638,True
lift_and_cruse,cruise_150,0.759958582562915,71.24611711527328,78.29724788499269,444.63817019571985,476.59592232846705,176.09225498644537,1.0989698977718227,1.0987050221308932,156.59449576998537,16.38917491461562,True
lift_and_cruse,cruise_150,0.7597210559402862,71.22384899440182,78.29724788499375,444.61335941121706,476.5731452367298,176.10229748042823,1.0993148388956184,1.0987676809830644,156.5944957699875,16.40588195077822,True
lift_and_cruse,cruise_150,0.7594574206699563,71.19913318780839,78.29724788498555,444.58582003744436,476.54786412226724,176.11344577574565,1.0996979486154328,1.098837239340724,156.5944957699711,16.424425361941246,True
lift_and_cruse,cruise_150,0.7592198929503072,71.1768649640913,78.29724788499107,444.56100658363204,476.52508621866264,176.12349181686193,1.1000433475769036,1.098899920324779,156.59449576998213,16.441132398103846,True
lift_and_cruse,cruise_150,0.7590555183636617,71.16145484659329,78.29724788499404,444.5438343989732,476.509323194085,176.13044487806894,1.1002824982890593,1.0989433030576987,156.59449576998807,16.452694025855667,True
lift_and_cruse,cruise_150,0.7589968536925709,71.15595503367852,78.29724788507389,444.5377055701764,476.5036973908793,176.13292659223967,1.10036787540292,1.098958787394719,156.59449577014777,16.4568203230264,True
lift_and_cruse,cruise_151,0.7589968536925709,71.15595503367852,78.29287670464493,444.53597008507717,476.50012921549967,176.12270316316824,1.100299710229293,1.100299710229293,156.58575340928985,16.4568203230264,True
lift_and_cruse,cruise_151,0.7589381923380826,71.15045553169524,78.2928767044125,444.52984158522963,476.49450374474844,176.12518465451132,1.100385090279039,1.100315212967763,156.585753408825,16.46094662019713,True
lift_and_cruse,cruise_151,0.7587738267062529,71.13504625371121,78.29287670465553,444.512669497897,476.4787414002234,176.13213818777447,1.100624390556792,1.1003586541056578,156.58575340931105,16.47250824794895,True
lift_and_cruse,cruise_151,0.7585363110463282,71.11277916059328,78.29287670433354,444.4878540389765,476.4559638238276,176.14218775755828,1.1009703736269274,1.1004214372592345,156.58575340866707,16.489215284111552,True
lift_and_cruse,cruise_151,0.7582726879428247,71.08806449463981,78.29287670464956,444.46030946952675,476.43068216562676,176.15334391290952,1.101354640982344,1.1004911336372698,156.58575340929912,16.50775869527458,True
lift_and_cruse,cruise_151,0.7580351711843341,71.06579729853131,78.29287670447161,444.43549132808766,476.40790376667815,176.16339703896801,1.1017010839707668,1.1005539390081298,156.58575340894322,16.524465731437182,True
lift_and_cruse,cruise_151,0.7578708041826158,71.05038789212023,78.29287670465342,444.41831589576276,476.392140396398,176.1703550062697,1.1019409577541248,1.1005974078470038,156.58575340930685,16.536027359189,True
lift_and_cruse,cruise_151,0.7578121422184689,71.04488833298147,78.29287670464826,444.41218590719564,476.38651446919323,176.17283847154263,1.1020265930415587,1.100612922917299,156.58575340929653,16.54015365635973,True
lift_and_cruse,cruise_152,0.7578121422184689,71.04488833298147,78.28846148955337,444.41046117231485,476.382937894852,176.1625081530159,1.1019576964161304,1.1019576964161304,156.57692297910674,16.54015365635973,True
lift_and_cruse,cruise_152,0.7577534836046775,71.03938908793852,78.28846148833863,444.4043315173825,476.3773123036629,176.16499138984943,1.1020433345571063,1.1019732299253284,156.57692297667725,16.544279953530463,True
lift_and_cruse,cruise_152,0.7575891256518692,71.02398052986273,78.28846148945898,444.38715619072445,476.3615496207491,176.17194982371723,1.1022833583625955,1.1020167573468893,156.57692297891796,16.555841581282284,True
lift_and_cruse,cruise_152,0.7573516210878289,71.00171447698396,78.2884614888838,444.3623360459007,476.3387715507671,176.18200647505748,1.1026303877758998,1.1020796651952207,156.5769229777676,16.572548617444887,True
lift_and_cruse,cruise_152,0.7570880102989671,70.97700096552816,78.28846148887904,444.33478626817936,476.3134893387672,176.19317049514922,1.1030158176434928,1.1021495000198496,156.57692297775807,16.591092028607914,True
lift_and_cruse,cruise_152,0.7568505046348071,70.95473480951316,78.28846148911798,444.309963427492,476.29071043563886,176.2032307131631,1.1033633090751114,1.1022124301789635,156.57692297823596,16.607799064770514,True
lift_and_cruse,cruise_152,0.7566861453101706,70.9393261228285,78.28846148946364,444.2927847395504,476.27494671345187,176.21019359041227,1.103603908983087,1.102255985395419,156.57692297892729,16.619360692522335,True
lift_and_cruse,cruise_152,0.7566274860858567,70.93382682054907,78.28846148946278,444.2866535883537,476.2693206600522,176.21267880838377,1.1036898035358278,1.1022715312973235,156.57692297892555,16.623486989693067,True
lift_and_cruse,cruise_153,0.7566274860858567,70.93382682054907,78.28400134995985,444.2849398621416,476.26573554994917,176.20223943276304,1.1036201606323237,1.1036201606323237,156.5680026999197,16.623486989693067,True
lift_and_cruse,cruise_153,0.7565688302463318,70.9283278355936,78.2840013496587,444.2788090489572,476.26010983656846,176.2047244208338,1.103706057979318,1.103635725036855,156.5680026993174,16.6276132868638,True
lift_and_cruse,cruise_153,0.7564044800666077,70.91292000624448,78.28400134965908,444.2616304757481,476.24434680889766,176.21168775430937,1.1039468083350583,1.1036793389842916,156.56800269931816,16.63917491461562,True
lift_and_cruse,cruise_153,0.756166986734377,70.89065500634786,78.28400134814038,444.2368056340783,476.22156823655854,176.2217514909084,1.1042948884948744,1.1037423719096262,156.56800269628076,16.65588195077822,True
lift_and_cruse,cruise_153,0.755903388411015,70.86594266353266,78.28400134965956,444.209250635339,476.19628546153507,176.2329233859738,1.1046814858054985,1.1038123456435944,156.56800269931912,16.674425361941246,True
lift_and_cruse,cruise_153,0.7556658939770957,70.84367756035272,78.28400134966041,444.18442308443497,476.1735060454481,176.24299069974688,1.1050300300962064,1.1038754009741008,156.56800269932083,16.691132398103846,True
lift_and_cruse,cruise_153,0.755501542423595,70.82826960221203,78.28400134854446,444.1672411335487,476.1577419650437,176.249958486835,1.105271359171467,1.1039190428161691,156.56800269708893,16.702694025855667,True
lift_and_cruse,cruise_153,0.7554428859726813,70.82277055993887,78.28400134965742,444.16110881672284,476.1521157835311,176.25244546142457,1.1053575140999523,1.1039346196630064,156.56800269931483,16.7068203230264,True
lift_and_cruse,cruise_154,0.7554428859726813,70.82277055993887,78.27949740476795,444.15940590356473,476.14852240014767,176.24189956290297,1.1052871383918121,1.1052871383918121,156.5589948095359,16.7068203230264,True
lift_and_cruse,cruise_154,0.7553842329386642,70.81727183799977,78.27949469603071,444.15327454988557,476.1428960201642,176.24437989728577,1.1053732574090716,1.105302693612784,156.55898939206142,16.71094662019713,True
lift_and_cruse,cruise_154,0.7552198906340055,70.80186474693802,78.27949357290046,444.1360929741568,476.12713242382193,176.25134554664362,1.1056147217635213,1.1053463781319868,156.55898714580093,16.72250824794895,True
lift_and_cruse,cruise_154,0.7549824086778142,70.77960081354509,78.27949162721426,444.11126386005117,476.1043529625305,176.2614118922518,1.1059638300509407,1.1054095084225641,156.5589832544285,16.739215284111552,True
lift_and_cruse,cruise_154,0.7547188229876354,70.75488965509082,78.27949447712366,444.0837029867929,476.0790701773309,176.27259829950106,1.1063516397175759,1.105479663091165,156.55898895424733,16.75775869527458,True
lift_and_cruse,cruise_154,0.7544813399119294,70.73262561674339,78.2795002886908,444.05886940170456,476.0562913808895,176.282686234746,1.1067013229319005,1.1055429287794425,156.5590005773816,16.774465731437182,True
lift_and_cruse,cruise_154,0.7543169962227881,70.71721839588639,78.27949173158159,444.0415195078374,476.04037065963394,176.28970518934574,1.1069432641940466,1.1055869475982552,156.55898346316317,16.786027359189,True
lift_and_cruse,cruise_154,0.7542583425811924,70.71171961698678,78.27949277728055,444.0352983742121,476.0346634418368,176.29223106725595,1.1070296953179974,1.1056027884418582,156.5589855545611,16.79015365635973,True
lift_and_cruse,cruise_155,0.7542583425811924,70.71171961698678,78.27494260005999,444.0336068925684,476.031061341079,176.28157280220938,1.106958549785519,1.106958549785519,156.54988520011997,16.79015365635973,True
lift_and_cruse,cruise_155,0.7541996923921048,70.70622116175983,78.2749425999844,444.02738624941594,476.02535417771304,176.28409603798124,1.1070449688155506,1.106974394421838,156.5498851999688,16.794279953530463,True
lift_and_cruse,cruise_155,0.7540353580415182,70.69081481639233,78.27494259998691,444.0099554132689,476.00936241100607,176.29116677784523,1.1072871815679397,1.1070187950691734,156.54988519997383,16.805841581282284,True
lift_and_cruse,cruise_155,0.7537978875751173,70.66855196016726,78.27494259998394,443.98476457013527,475.98625194535157,176.30138634992758,1.1076373767511367,1.1070829687800832,156.5498851999679,16.822548617444887,True
lift_and_cruse,cruise_155,0.7535343146198837,70.6438419956141,78.27494259998691,443.9568013074382,475.9605989205805,176.3127320667624,1.1080263239787398,1.10715421410683,156.54988519997383,16.841092028607914,True
lift_and_cruse,cruise_155,0.7532968430318786,70.62157903423862,78.27494259999415,443.93160409249134,475.9374842332823,176.3229567706195,1.1083769877131013,1.1072184200426731,156.5498851999883,16.857799064770514,True
lift_and_cruse,cruise_155,0.7531325072826742,70.6061725577507,78.27494259999163,443.9141653108272,475.9214872022686,176.33003390966203,1.108619784739272,1.1072628608735926,156.54988519998327,16.869360692522335,True
lift_and_cruse,cruise_155,0.7530738564711431,70.60067404416968,78.27494259998512,443.9079411315708,475.91577769608006,176.33255999350368,1.1087064637967081,1.1072787233943402,156.54988519997025,16.873486989693067,True
lift_and_cruse,cruise_156,0.7530738564711431,70.60067404416968,78.27034207265261,443.90626208373203,475.91216609277114,176.32177952445528,1.1086344873093539,1.1086344873093539,156.54068414530522,16.873486989693067,True
lift_and_cruse,cruise_156,0.7530152091515274,70.5951758579557,78.2703420699654,443.90003816459364,475.90645685072883,176.32430539128342,1.1087211688518732,1.1086503688588911,156.5406841399308,16.8776132868638,True
lift_and_cruse,cruise_156,0.752850882840712,70.57977026631674,78.27034206995774,443.88259814804917,475.890459261803,176.33138352112275,1.108964117580156,1.1086948730538164,156.54068413991547,16.88917491461562,True
lift_and_cruse,cruise_156,0.7526134239913075,70.55750849918508,78.27034207001648,443.85739403982325,475.867340384534,176.34161377426886,1.1093153771370483,1.1087591964260186,156.54068414003297,16.90588195077822,True
lift_and_cruse,cruise_156,0.7523498639288457,70.53279974332929,78.27034206996751,443.82941605537496,475.841678025935,176.35297134876478,1.1097055069156683,1.1088306079034453,156.54068413993502,16.924425361941246,True
lift_and_cruse,cruise_156,0.7521124039558155,70.5105378708577,78.27034206996116,443.8042055778099,475.818554931304,176.36320673865794,1.1100572371630533,1.1088949635732737,156.54068413992232,16.941132398103846,True
lift_and_cruse,cruise_156,0.7519480762438612,70.49513214786198,78.27034206996369,443.78675761880953,475.80255208343226,176.370291274128,1.1103007728343428,1.1089395080440128,156.54068413992738,16.952694025855667,True
lift_and_cruse,cruise_156,0.7518894283006801,70.48963390318876,78.27034206996623,443.78053016433336,475.7968405014688,176.37281999802315,1.1103877156292123,1.1089554075575419,156.54068413993247,16.9568203230264,True
lift_and_cruse,cruise_157,0.7518894283006801,70.48963390318876,78.26569276707266,443.7788632442712,475.79321973260016,176.36192087858058,1.1103149276468587,1.1103149276468587,156.53138553414533,16.9568203230264,True
lift_and_cruse,cruise_157,0.7518307838867888,70.48413598938646,78.26569277263604,443.77263605324515,475.7875084207756,176.36444940078226,1.1104018729611669,1.1103308463663386,156.5313855452721,16.96094662019713,True
lift_and_cruse,cruise_157,0.7516664657173203,70.46873116099879,78.26569277263258,443.75518687473607,475.77150502855835,176.37153491742887,1.1106455607644632,1.1103754543795856,156.53138554526515,16.97250824794895,True
lift_and_cruse,cruise_157,0.7514290186316903,70.44647049672096,78.26569277263518,443.72996952809336,475.7483777670063,176.38177584673713,1.1109978891763876,1.1104399278023478,156.53138554527035,16.989215284111552,True
lift_and_cruse,cruise_157,0.7511654716249072,70.42176296483505,78.2656927726352,443.7019768514596,475.7227061049708,176.39314527399205,1.1113892064900295,1.1105115058660082,156.5313855452704,17.00775869527458,True
lift_and_cruse,cruise_157,0.7509280234136212,70.39950219502698,78.26569277263353,443.67675313794155,475.699574630384,176.40339134532917,1.1117420077459867,1.1105760116612426,156.53138554526706,17.024465731437182,True
lift_and_cruse,cruise_157,0.7507637038404821,70.38409723504519,78.26569277263222,443.65929602006736,475.6835659846,176.41048327399838,1.1119862851765359,1.1106206600424124,156.53138554526444,17.036027359189,True
lift_and_cruse,cruise_157,0.7507050588018986,70.378599262678,78.26569277263809,443.6530652969626,475.6778523336243,176.41301463678894,1.1120734928209086,1.110636596645278,156.53138554527618,17.04015365635973,True
lift_and_cruse,cruise_158,0.7507050588018986,70.378599262678,78.26099365771105,443.6514107979193,475.6742222321001,176.4019943427102,1.1119998760647687,1.1119998760647687,156.5219873154221,17.04015365635973,True
lift_and_cruse,cruise_158,0.75064641733077,70.37310162475968,78.26099367177306,443.64518034163706,475.6685088573887,176.40452551965495,1.1120870862641261,1.1120158320547187,156.52198734354613,17.044279953530463,True
lift_and_cruse,cruise_158,0.7504821074064308,70.3576975693529,78.26099368300507,443.62772201735964,475.6524996832902,176.41161844599335,1.112331516412234,1.1120605443225058,156.52198736601014,17.055841581282284,True
lift_and_cruse,cruise_158,0.7502446722345267,70.33543802198687,78.2609936703044,443.6024914623351,475.6293640627293,176.42187001680446,1.1126849179987224,1.112125167999318,156.5219873406088,17.072548617444887,True
lift_and_cruse,cruise_158,0.7499811384499044,70.31073172967855,78.26099367031125,443.5744841236583,475.6036831280729,176.43325129116548,1.1130774278473905,1.112196913082054,156.5219873406225,17.091092028607914,True
lift_and_cruse,cruise_158,0.7497437021502995,70.28847207659058,78.26099368751593,443.5492471973884,475.5805433046796,176.4435080792963,1.1134313048683124,1.112261569647717,156.52198737503187,17.107799064770514,True
lift_and_cruse,cruise_158,0.7495793908197381,70.27306788935046,78.2609936730426,443.531780942761,475.56452887737294,176.45060736375933,1.1136763269778944,1.1123063219957414,156.5219873460852,17.11936069252233,True
lift_and_cruse,cruise_158,0.7495207487227874,70.26757019276133,78.26099368190896,443.5255469557015,475.55881316598465,176.45314138498827,1.1137638007140145,1.1123222959154413,156.5219873638179,17.123486989693067,True
lift_and_cruse,cruise_159,0.7495207487227874,70.26757019276133,78.25624367990204,443.5239051815864,475.5551735583261,176.4419972985622,1.1136893372749475,1.1136893372749475,156.51248735980408,17.123486989693067,True
lift_and_cruse,cruise_159,0.7494621102322317,70.26207283427172,78.25624372927088,443.51767146069136,475.54945813292755,176.44453119184212,1.1137768138546589,1.1137053310291039,156.51248745854176,17.1276132868638,True
lift_and_cruse,cruise_159,0.7492978086591188,70.24666956179239,78.25624369647768,443.5002040224608,475.53344318560363,176.45163139451975,1.114021988682716,1.1137501470033937,156.51248739295536,17.139174914615623,True
lift_and_cruse,cruise_159,0.7490603855542397,70.22441114570998,78.25624370876103,443.47496027804095,475.51029924160713,176.4618936898515,1.1143764684949655,1.1138149218816082,156.51248741752207,17.155881950778223,True
lift_and_cruse,cruise_159,0.7487968651618647,70.19970610892481,78.25624369191709,443.4469383118836,475.48460906230906,176.47328676578948,1.114770175657121,1.1138868341665809,156.51248738383418,17.174425361941246,True
lift_and_cruse,cruise_159,0.7485594409272628,70.17744758693088,78.25624371137545,443.4216882039488,475.46146091536883,176.48355423026325,1.115125132758322,1.113951641672052,156.5124874227509,17.191132398103846,True
lift_and_cruse,cruise_159,0.7483951379453684,70.1620441823783,78.25624369350247,443.4042128291841,475.4454407282382,176.4906608927444,1.1153709028407204,1.1139964984201622,156.51248738700494,17.20269402585567,True
lift_and_cruse,cruise_159,0.748336498827914,70.15654676511693,78.25624369748944,443.39797558816065,475.43972296070956,176.49319753884885,1.1154586435932952,1.1140125095499511,156.51248739497888,17.206820323026403,True
lift_and_cruse,cruise_160,0.748336498827914,70.15654676511693,78.25144173162622,443.39634684514596,475.4360736743235,176.48192703524631,1.115383315453146,1.115383315453146,156.50288346325243,17.206820323026403,True
lift_and_cruse,cruise_160,0.7482778633567575,70.15104968969601,78.2514417314841,443.3901098861094,475.43035618869084,176.48446344441845,1.1154710583226748,1.115399345811151,156.5028834629682,17.210946620197134,True
lift_and_cruse,cruise_160,0.7481135702433064,70.13564721030997,78.25144174762396,443.3726333320289,475.4143355061508,176.49157113753597,1.1157169822859128,1.1154442671379283,156.50288349524791,17.222508247948955,True
lift_and_cruse,cruise_160,0.7478761593622012,70.11338994020636,78.2514417390637,443.3473764369145,475.3911832583504,176.5018440440863,1.116072544202429,1.115509192928121,156.5028834781274,17.239215284111555,True
lift_and_cruse,cruise_160,0.7476126525359952,70.08868617524955,78.25144176244409,443.3193398613883,475.36548387733995,176.51324904913227,1.1164674545273932,1.1155812736932995,156.50288352488818,17.25775869527458,True
lift_and_cruse,cruise_160,0.7473752405230043,70.06642879903166,78.251441769364,443.29407660336653,475.34232743257775,176.52352714944857,1.1168234960415964,1.115646232308609,156.502883538728,17.274465731437182,True
lift_and_cruse,cruise_160,0.7472109459982033,70.05102618733156,78.2514417314685,443.27659213181136,475.3263015021942,176.53064114691,1.1170700170070815,1.1156911934794662,156.502883462937,17.286027359189003,True
lift_and_cruse,cruise_160,0.7471523098989458,70.04552905302617,78.25144173147564,443.27035164358483,475.320581685778,176.53318041856073,1.1171580259127918,1.1157072419286203,156.50288346295127,17.290153656359735,True
lift_and_cruse,cruise_161,0.7471523098989458,70.04552905302617,78.24658664694086,443.2687362577376,475.3169225340575,176.52178068665836,1.1170818138543288,1.1170818138543288,156.4931732938817,17.290153656359735,True
lift_and_cruse,cruise_161,0.7470936774866995,70.04003226437808,78.24658664651999,443.2624960563212,475.31120300500555,176.52431972567433,1.1171698248351927,1.117097881640969,156.49317329303997,17.294279953530467,True
lift_and_cruse,cruise_161,0.746929392943834,70.02463058848443,78.24658664621622,443.2450104212949,475.2951765945511,176.5314347515326,1.1174165001449774,1.1171429076199755,156.49317329243243,17.305841581282287,True
lift_and_cruse,cruise_161,0.7466919944467675,70.00237447938446,78.24658664652335,443.2197403973351,475.27201607781404,176.54171833283684,1.1177731491354326,1.1172079851509835,156.4931732930467,17.32254861744489,True
lift_and_cruse,cruise_161,0.7464285013646698,69.9776720029378,78.24658664636611,443.19168925901243,475.2463075148889,176.55313511044272,1.1181692667667884,1.117280233881915,156.49317329273222,17.341092028607914,True
lift_and_cruse,cruise_161,0.7461911017337413,69.95541578753824,78.2465866464768,443.16641287833244,475.2231428025258,176.5634238538164,1.1185263973336461,1.1173453440800187,156.4931732929536,17.357799064770514,True
lift_and_cruse,cruise_161,0.7460268157769722,69.94001397909113,78.24658664626081,443.14891931652926,475.20711116027684,176.57054531745217,1.1187736731644273,1.1173904107991772,156.49317329252162,17.369360692522335,True
lift_and_cruse,cruise_161,0.7459681827354804,69.93451713145129,78.2465866461931,443.14267558729296,475.20138930291887,176.5730872222852,1.1188619514068578,1.1174064967215518,156.4931732923862,17.373486989693067,True
lift_and_cruse,cruise_162,0.7459681827354804,69.93451713145129,78.24167716158594,443.14107391601425,475.1977200759102,176.56155515029417,1.1187848343117495,1.1187848343117495,156.48335432317188,17.373486989693067,True
lift_and_cruse,cruise_162,0.7459095534226292,69.9290206333715,78.24167725136152,443.13483045847255,475.1919985283498,176.56409703006867,1.1188731158224503,1.1188009409695094,156.48335450272305,17.3776132868638,True
lift_and_cruse,cruise_162,0.7457452775637564,69.91361977160216,78.24167725140862,443.117335758856,475.17596641367766,176.57121942351472,1.11912054587139,1.1188460721180467,156.48335450281724,17.389174914615623,True
lift_and_cruse,cruise_162,0.7455078916145932,69.89136483886811,78.24167725152817,443.09205263737636,475.15279765573734,176.58151365170826,1.1194782863681938,1.1189113016430927,156.48335450305635,17.405881950778223,True
lift_and_cruse,cruise_162,0.7452444124584687,69.86666366798144,78.24167725135854,443.0639869632888,475.12707994825035,176.59294224976082,1.119875616711517,1.1189837191190704,156.48335450271708,17.424425361941246,True
lift_and_cruse,cruise_162,0.7450070253733715,69.84440862875357,78.24167725154715,443.03869748760604,475.1039069991439,176.60324164575215,1.1202338410037342,1.1190489813899416,156.4833545030943,17.441132398103846,True
lift_and_cruse,cruise_162,0.744842748098011,69.82900763418853,78.24167725135013,443.02119486450493,475.0878696581094,176.61037048256134,1.120481874331257,1.1190941533669418,156.48335450270025,17.45269402585567,True
lift_and_cruse,cruise_162,0.7447841181547639,69.82351107700912,78.24167725139539,443.0149479014464,475.08214576714187,176.61291501937936,1.1205704230447364,1.1191102768610963,156.48335450279077,17.456820323026403,True
lift_and_cruse,cruise_163,0.7447841181547639,69.82351107700912,78.23670996208286,443.01336079759335,475.0784658436591,176.60124250239673,1.1204923492851777,1.1204923492851777,156.4734199241657,17.456820323026403,True
lift_and_cruse,cruise_163,0.7447254919827146,69.81801487337951,78.23671233591743,443.0071135815327,475.0727427113358,176.60379237680752,1.1205809338791757,1.120508527624177,156.47342467183486,17.460946620197134,True
lift_and_cruse,cruise_163,0.7445612249238527,69.80261483661118,78.23671233607315,442.9896098380017,475.05670491313646,176.61092213239846,1.1208291218271955,1.1205537642062007,156.4734246721463,17.472508247948955,True
lift_and_cruse,cruise_163,0.7443238516902407,69.78036109596007,78.23671233630078,442.96431364873916,475.0335279440244,176.62122700112468,1.1211879584108495,1.1206191461163417,156.47342467260157,17.489215284111555,True
lift_and_cruse,cruise_163,0.7440603866461584,69.75566124807735,78.23671233638073,442.9362334719181,475.00780112530543,176.63266741241296,1.1215865065562494,1.120691732770544,156.47342467276147,17.50775869527458,True
lift_and_cruse,cruise_163,0.7438230122745308,69.73340740073726,78.23671233659724,442.91093093107025,474.9846199694384,176.6429774538462,1.1219458291621054,1.1207571475002656,156.47342467319447,17.524465731437182,True
lift_and_cruse,cruise_163,0.7436587437965858,69.71800723092991,78.23671233660238,442.893419267274,474.96857695041484,176.65011365937576,1.1221946231682327,1.1208024250055961,156.47342467320476,17.536027359189003,True
lift_and_cruse,cruise_163,0.7436001169929853,69.71251096809237,78.23671233614262,442.8871690779061,474.96285103312783,176.65266082498243,1.1222834434792541,1.1208185861578859,156.47342467228523,17.540153656359735,True
lift_and_cruse,cruise_164,0.7436001169929853,69.71251096809237,78.23168841253823,442.8855963348427,474.95916068343575,176.6408505038152,1.1222044268106033,1.1222044268106033,156.46337682507647,17.540153656359735,True
lift_and_cruse,cruise_164,0.7435414940041113,69.70701506288543,78.23169063432952,442.8793459323938,474.9534354994771,176.64340264832066,1.1222932807779078,1.122220640658384,156.46338126865905,17.544279953530467,True
lift_and_cruse,cruise_164,0.7433772358639877,69.69161586224884,78.23169063442933,442.8618331660127,474.93739203879204,176.65053976047895,1.1225422297959458,1.122265982938133,156.46338126885865,17.555841581282287,True
lift_and_cruse,cruise_164,0.7431398755174898,69.66936332976468,78.23169063464918,442.83652393938576,474.91420688894567,176.6608552619648,1.1229021670554669,1.1223315176171111,156.46338126929837,17.57254861744489,True
lift_and_cruse,cruise_164,0.7428764247758668,69.64466482273751,78.23169063468563,442.8084292936432,474.8884709927559,176.67230747746783,1.1233019381010794,1.1224042738730826,156.46338126937127,17.591092028607914,True
lift_and_cruse,cruise_164,0.7426390632892648,69.62241218336857,78.2316906350221,442.78311371802084,474.8652816606244,176.68262815704927,1.1236623636253393,1.1224698414486516,156.4633812700442,17.607799064770514,True
lift_and_cruse,cruise_164,0.7424748037274538,69.6070128494488,78.23169063481123,442.76559303467894,474.8492329846276,176.68977172511558,1.1239119214933007,1.122515224742971,156.46338126962246,17.619360692522335,True
lift_and_cruse,cruise_164,0.7424161801058696,69.60151688492527,78.23169063457254,442.7593396263474,474.8435050486928,176.69232151936154,1.124001014551204,1.122531423659485,156.4633812691451,17.623486989693067,True
lift_and_cruse,cruise_165,0.7424161801058696,69.60151688492527,78.22660813341155,442.757781762284,474.83980393882734,176.68036871528918,1.1239210240584092,1.1239210240584092,156.4532162668231,17.623486989693067,True
lift_and_cruse,cruise_165,0.7423575603435436,69.5960212822072,78.2266108389268,442.7515280328242,474.83407683405403,176.68292462287417,1.1240101576623478,1.1239372830140093,156.4532216778536,17.6276132868638,True
lift_and_cruse,cruise_165,0.7421933112436848,69.58062292909545,78.22661083900778,442.73400626502854,474.8180277323104,176.69006908617402,1.1242598709339184,1.1239827312580144,156.45322167801555,17.639174914615623,True
lift_and_cruse,cruise_165,0.7419559639599091,69.55837162124148,78.22661083886773,442.70868403211546,474.7948344326214,176.70039521162195,1.12462091346893,1.1240484190849778,156.45322167773546,17.655881950778223,True
lift_and_cruse,cruise_165,0.7416925277156525,69.53367447334243,78.22661083867587,442.68057495190965,474.76908949329845,176.71185922205208,1.1250219125300114,1.124121345366693,156.45322167735173,17.674425361941246,True
lift_and_cruse,cruise_165,0.7414551792896771,69.51142305840722,78.22661083913535,442.65524637252946,474.745892015882,176.72219053181016,1.1253834455902447,1.1241870661727316,156.4532216782707,17.691132398103846,True
lift_and_cruse,cruise_165,0.7412909287655174,69.49602457176725,78.22661083898016,442.63771669104904,474.7298377044074,176.72934145752555,1.1256337705229198,1.1242325555262542,156.45322167796033,17.70269402585567,True
lift_and_cruse,cruise_165,0.7412323083693181,69.49052890962358,78.22661083915453,442.6314600713725,474.7241077575155,176.73189387889065,1.1257231374728929,1.1242487923048807,156.45322167830906,17.706820323026403,True
lift_and_cruse,cruise_166,0.7412323083693181,69.49052890962358,78.22147160917164,442.6299167201656,474.7203962881071,176.7198028293792,1.1256421966640047,1.1256421966640047,156.4429432183433,17.706820323026403,True
lift_and_cruse,cruise_166,0.741173691867685,69.48503361259547,78.22148089411034,442.623658242647,474.71466844596597,176.72237684070544,1.1257316988098793,1.1256585921992934,156.44296178822069,17.710946620197134,True
lift_and_cruse,cruise_166,0.7410094519252588,69.469636117993,78.22147178289573,442.6061296278199,474.69861196487847,176.7295072132176,1.1259820484134409,1.1257040101323668,156.44294356579147,17.722508247948955,True
lift_and_cruse,cruise_166,0.7407721178846473,69.44738605168568,78.22147160919975,442.5807944608796,474.6754105134534,176.73984354662127,1.126344198348075,1.12576984889436,156.4429432183995,17.739215284111555,True
lift_and_cruse,cruise_166,0.7405086963369679,69.42269028159073,78.2214716091831,442.5526709811809,474.6496565659837,176.75131934356494,1.1267464305641424,1.1258429456332275,156.4429432183662,17.75775869527458,True
lift_and_cruse,cruise_166,0.7402713611514792,69.40044010795117,78.22147160917744,442.5273294298273,474.62645097466833,176.7616612736494,1.1271090757830218,1.1259088200440837,156.44294321835488,17.774465731437182,True
lift_and_cruse,cruise_166,0.7401071197893215,69.38504248024888,78.22147160917474,442.50979077207774,474.6103910495262,176.76881955139018,1.1273601709904473,1.1259544157235233,156.44294321834948,17.786027359189003,True
lift_and_cruse,cruise_166,0.7400485026629038,69.37954712464723,78.22147160921998,442.503530949017,474.6046590993657,176.7713745964834,1.12744981297041,1.1259706904506637,156.44294321843995,17.790153656359735,True
lift_and_cruse,cruise_167,0.7400485026629038,69.37954712464723,78.2162715350659,442.502003140847,474.6009365191649,176.75913550649014,1.1273678595010577,1.1273678595010577,156.4325430701318,17.790153656359735,True
lift_and_cruse,cruise_167,0.7399898894879463,69.37405213949496,78.21627153114581,442.4957436422247,474.59520488642596,176.76169028219869,1.127457502865819,1.1273841538329676,156.43254306229161,17.794279953530467,True
lift_and_cruse,cruise_167,0.7398256588448352,69.35865551670331,78.21627153115003,442.47820393767637,474.5791445682497,176.76884942979729,1.1277087542302457,1.1274298147991233,156.43254306230006,17.805841581282287,True
lift_and_cruse,cruise_167,0.739588338230145,69.3364067090761,78.21627153125985,442.45285578745995,474.555935064014,176.77919677958207,1.1280720211983661,1.1274958100844303,156.4325430625197,17.82254861744489,True
lift_and_cruse,cruise_167,0.7393249315839993,69.31171233599993,78.21627153146241,442.4247179441544,474.53017214400734,176.79068435314898,1.1284754917167286,1.1275690777047198,156.43254306292482,17.841092028607914,True
lift_and_cruse,cruise_167,0.7390876098228908,69.289463420896,78.21627153169365,442.39936345292693,474.506958470935,176.801036896252,1.128839253749093,1.1276351061129546,156.4325430633873,17.857799064770514,True
lift_and_cruse,cruise_167,0.7389233777502195,69.2740666640831,78.21627153183711,442.3818158412702,474.4908929543028,176.80820251978582,1.1290911224486748,1.1276808083825554,156.43254306367422,17.869360692522335,True
lift_and_cruse,cruise_167,0.7388647639390479,69.26857161928574,78.21627153194744,442.37555282272234,474.48515900879823,176.81076018689745,1.1291810406107388,1.1276971211558031,156.43254306389488,17.873486989693067,True
lift_and_cruse,cruise_168,0.7388647639390479,69.26857161928574,78.21100916363639,442.37404096814095,474.4814250842866,176.7983695256406,1.1290980503178265,1.1290980503178265,156.42201832727278,17.873486989693067,True
lift_and_cruse,cruise_168,0.738806154127093,69.26307694941497,78.21100916364924,442.3677782797812,474.4756914625016,176.80092692729943,1.129187969800351,1.129114382805703,156.42201832729847,17.8776132868638,True
lift_and_cruse,cruise_168,0.7386419329065804,69.24768120999192,78.21100916364414,442.3502296407916,474.4596255697114,176.80809340746325,1.1294399950226295,1.1291601505285747,156.42201832728827,17.889174914615623,True
lift_and_cruse,cruise_168,0.7384046259070908,69.22543367878976,78.21100916365772,442.3248685810358,474.43640801171927,176.81845135493984,1.1298043811640208,1.1292263001109069,156.42201832731544,17.905881950778223,True
lift_and_cruse,cruise_168,0.7381412343715021,69.20074072232832,78.21100916366115,442.29671641074407,474.41063615520676,176.8299506936433,1.130209095141037,1.1292997390286121,156.4220183273223,17.924425361941246,True
lift_and_cruse,cruise_168,0.7379039262234753,69.17849308345082,78.21100916363906,442.27134901271825,474.3874144328682,176.8403138391239,1.1305739786368934,1.1293659218072694,156.42201832727812,17.941132398103846,True
lift_and_cruse,cruise_168,0.7377397035707601,69.16309720975876,78.21100916365646,442.2537924700203,474.37134334723555,176.84748680124434,1.1308266240512823,1.1294117309262501,156.4220183273129,17.95269402585567,True
lift_and_cruse,cruise_168,0.7376810931214152,69.15760248013267,78.2110091636501,442.24752626418626,474.36560741441275,176.8500470875776,1.1309168195449568,1.1294280818366962,156.4220183273002,17.956820323026403,True
lift_and_cruse,cruise_169,0.7376810931214152,69.15760248013267,78.20567825835619,442.2460319066619,474.36186099373737,176.83749003023394,1.13083269884423,1.13083269884423,156.41135651671237,17.956820323026403,True
lift_and_cruse,cruise_169,0.7376224867202064,69.15210813001934,78.20568298474043,442.23976492278257,474.35612629728803,176.84006117954706,1.130922963880313,1.1308491407181585,156.41136596948087,17.960946620197134,True
lift_and_cruse,cruise_169,0.7374582750560645,69.13671328650605,78.20568298502711,442.22220737254344,474.34005485286303,176.84723498605226,1.1311757661833621,1.1308950154643442,156.41136597005422,17.972508247948955,True
lift_and_cruse,cruise_169,0.737220981865078,69.11446704985107,78.20568298530965,442.1968334367859,474.3168292743148,176.8576035220626,1.1315412761595351,1.1309613197279798,156.4113659706193,17.989215284111555,True
lift_and_cruse,cruise_169,0.736957605654591,69.08977553011792,78.20568298539342,442.1686669767738,474.29104851813224,176.86911461543377,1.1319472387745229,1.1310349303677902,156.41136597078685,18.00775869527458,True
lift_and_cruse,cruise_169,0.7367203113129387,69.067529185588,78.2056829856421,442.1432867054714,474.2678187797758,176.87948835449163,1.132313248410745,1.131101267903648,156.4113659712842,18.024465731437182,True
lift_and_cruse,cruise_169,0.7365560982139393,69.0521342075568,78.20568298582657,442.1257212549518,474.2517421481439,176.88666864894842,1.1325666737791198,1.1311471841387049,156.41136597165314,18.036027359189003,True
lift_and_cruse,cruise_169,0.7364974911741587,69.04663979757737,78.20568298588292,442.11945187010247,474.24600423622735,176.88923155244666,1.1326571477622487,1.1311635732826544,156.41136597176583,18.040153656359735,True
lift_and_cruse,cruise_170,0.7364974911741587,69.04663979757737,78.20029150344328,442.1179732052283,474.24224689469077,176.8765267254619,1.132572008322198,1.132572008322198,156.40058300688656,18.040153656359735,True
lift_and_cruse,cruise_170,0.7364388882325953,69.0411457718058,78.20029148281716,442.11170416919543,474.2365093140256,176.8790893043193,1.1326624830748742,1.1325884169725529,156.40058296563433,18.044279953530467,True
lift_and_cruse,cruise_170,0.7362746862618368,69.0257518370472,78.20029148285202,442.0941377315772,474.2204323411783,176.88627042857752,1.1329160656777548,1.1326343989944396,156.40058296570405,18.055841581282287,True
lift_and_cruse,cruise_170,0.7360374070773402,69.00350691350064,78.20029148330791,442.0687509541575,474.1971987757562,176.89664954232887,1.1332827041556146,1.132700858314529,156.40058296661581,18.07254861744489,True
lift_and_cruse,cruise_170,0.735774046411699,68.97881685109678,78.20029148352357,442.0405702425137,474.1714091573289,176.908172378758,1.1336899205980464,1.1327746410953068,156.40058296704714,18.091092028607914,True
lift_and_cruse,cruise_170,0.7355367660744011,68.95657181947512,78.20029148336114,442.0151771324351,474.1481714365443,176.91855669921148,1.1340570610462226,1.1328411337548405,156.40058296672228,18.107799064770514,True
lift_and_cruse,cruise_170,0.7353725626661228,68.941177749949,78.20029148363723,441.9976027978805,474.13208928223827,176.92574431850605,1.1343112696108275,1.1328871573656056,156.40058296727446,18.119360692522335,True
lift_and_cruse,cruise_170,0.7353139590848028,68.93568366420025,78.20029148375343,441.99133024250096,474.12634939955814,176.92830983654758,1.1344020232416194,1.1329035848360818,156.40058296750686,18.123486989693067,True
lift_and_cruse,cruise_171,0.7353139590848028,68.93568366420025,78.19483304240728,441.9898688519401,474.1225799622176,176.91544207905764,1.1343157692220567,1.1343157692220567,156.38966608481456,18.123486989693067,True
lift_and_cruse,cruise_171,0.7352553596530353,68.93018996747206,78.19483302208171,441.983596652464,474.11684041678683,176.9180072674631,1.1344065234922465,1.1343322162524865,156.38966604416342,18.1276132868638,True
lift_and_cruse,cruise_171,0.7350911675161774,68.91479695464163,78.19483302222145,441.96602135164045,474.10075793932737,176.92519570260032,1.1346608896345582,1.1343783058150274,156.3896660444429,18.139174914615623,True
lift_and_cruse,cruise_171,0.7348539025412211,68.89255336323949,78.19483302243992,441.9406217677185,474.07751642126857,176.93558538197578,1.1350286612873586,1.134444920560548,156.38966604487985,18.155881950778223,True
lift_and_cruse,cruise_171,0.7345905576457922,68.86786477929301,78.19483302268289,441.91242684339653,474.0517179786747,176.9471199488354,1.135437136756575,1.1345188758972118,156.38966604536577,18.174425361941246,True
lift_and_cruse,cruise_171,0.7343532915158915,68.84562107961482,78.19483302303816,441.8870209294054,474.0284723099732,176.95751484171328,1.1358054127226012,1.1345855240697635,156.38966604607631,18.191132398103846,True
lift_and_cruse,cruise_171,0.7341890979388414,68.83022793176637,78.19483302303166,441.86943773519016,474.0123846566868,176.96470977723513,1.1360604077289342,1.1346316553103442,156.38966604606333,18.20269402585567,True
lift_and_cruse,cruise_171,0.7341304978661282,68.82473417494953,78.19483302305258,441.8631620179854,474.00664281169617,176.96727790669686,1.1361514421661185,1.1346481211977286,156.38966604610516,18.206820323026403,True
lift_and_cruse,cruise_172,0.7341304978661282,68.82473417494953,78.18930594984727,441.86171837543304,474.00286100905475,176.95424314493357,1.136064045682918,1.136064045682918,156.37861189969453,18.206820323026403,True
lift_and_cruse,cruise_172,0.7340719019955871,68.81924081208628,78.18930592991966,441.8554430213344,473.9971195075042,176.95681094022012,1.1361550806282883,1.1360805311870228,156.3786118598393,18.210946620197134,True
lift_and_cruse,cruise_172,0.7339077198367333,68.80384873469374,78.18930592989108,441.8378588821552,473.98103154955635,176.96400667746585,1.1364102335477724,1.1361267285441574,156.37861185978215,18.222508247948955,True
lift_and_cruse,cruise_172,0.7336704692795503,68.78160649495784,78.18930593011251,441.81244652749854,473.9577821138497,176.9744069112817,1.1367791430686958,1.1361934990917006,156.37861186022502,18.239215284111555,True
lift_and_cruse,cruise_172,0.7334071403854495,68.7569194111359,78.18930593044969,441.78423743025684,473.9319748858955,176.9859531956787,1.1371888827781953,1.1362676273992875,156.37861186089938,18.25775869527458,True
lift_and_cruse,cruise_172,0.733169888671172,68.73467706292237,78.18930593075889,441.75881874833334,473.90872130413123,176.99635864789184,1.1375582989568886,1.1363344314494663,156.37861186151778,18.274465731437182,True
lift_and_cruse,cruise_172,0.7330057050694451,68.71928485026048,78.18930593086282,441.7412267191766,473.8926281761389,177.00356089242536,1.1378140836689175,1.1363806705840434,156.37861186172563,18.286027359189003,True
lift_and_cruse,cruise_172,0.7329471085567651,68.71379142719672,78.18930593083093,441.7349478489934,473.8868843774838,177.00613163050213,1.1379054000767101,1.1363971749811574,156.37861186166185,18.290153656359735,True
lift_and_cruse,cruise_173,0.7329471085567651,68.71379142719672,78.183708488579,441.7335224463111,473.88308992968865,176.99292563444033,1.1378168321772217,1.1378168321772217,156.367416977158,18.290153656359735,True
lift_and_cruse,cruise_173,0.7328885163001948,68.70829840314326,78.18370848877136,441.7272439419282,473.87734648455523,176.9954960800751,1.137908149243428,1.1378333565456333,156.36741697754272,18.294279953530467,True
lift_and_cruse,cruise_173,0.7327243442671305,68.69290727504348,78.18370848879741,441.70965098966684,473.8612530707825,177.0026991113968,1.1381640921919272,1.1378796619572829,156.36741697759481,18.305841581282287,True
lift_and_cruse,cruise_173,0.7324871083412741,68.67066640699444,78.18370848876043,441.6842259009429,473.83799575296416,177.01310988667362,1.1385341442769306,1.1379465886737237,156.36741697752086,18.32254861744489,True
lift_and_cruse,cruise_173,0.7322237956855253,68.645980845518,78.18370848878696,441.6560026715194,473.81217977908005,177.02466787392075,1.1389451534445358,1.1380208903577527,156.36741697757392,18.341092028607914,True
lift_and_cruse,cruise_173,0.7319865586004192,68.6237398687893,78.18370848877655,441.63057125835684,473.78891831980553,177.03508387244497,1.1393157145449868,1.1380878506523653,156.3674169775531,18.357799064770514,True
lift_and_cruse,cruise_173,0.7318223851217939,68.60834860516819,78.18370848879141,441.6129704196597,473.7728197417134,177.04229341694966,1.1395722922250686,1.1381341979346669,156.36741697758282,18.369360692522335,True
lift_and_cruse,cruise_173,0.7317637922218884,68.60285552080202,78.18370848876316,441.6066884055339,473.76707399820106,177.0448667607176,1.1396638917703967,1.1381507409340192,156.36741697752632,18.373486989693067,True
lift_and_cruse,cruise_174,0.7317637922218884,68.60285552080202,78.17803885602375,441.60528175768343,473.7632666113295,177.0314850965063,1.1395741221342943,1.1395741221342943,156.3560777120475,18.373486989693067,True
lift_and_cruse,cruise_174,0.7317052036334435,68.59736284063533,78.17803885611302,441.5990001170662,473.75752122771416,177.03405814158958,1.1396657221884023,1.13959068515183,156.35607771222604,18.3776132868638,True
lift_and_cruse,cruise_174,0.7315410418779058,68.58197267605367,78.178038856105,441.5813983776463,473.7414223831958,177.04126845777253,1.1399224584193455,1.1396370988715705,156.35607771221,18.389174914615623,True
lift_and_cruse,cruise_174,0.7313038208026391,68.55973320024741,78.17803885609136,441.555960592229,473.7181572195914,177.05168976214188,1.140293657781004,1.1397041821295102,156.35607771218272,18.405881950778223,True
lift_and_cruse,cruise_174,0.7310405246286011,68.53504918393136,78.17803885607165,441.5277232721281,473.6923325400978,177.06325943840304,1.1407059416440872,1.1397786576029634,156.3560777121433,18.424425361941246,True
lift_and_cruse,cruise_174,0.7308033023919208,68.51280959924259,78.17803885604931,441.5022791651152,473.66906323966236,177.07368597092653,1.1410776523927026,1.1398457745151944,156.35607771209862,18.441132398103846,True
lift_and_cruse,cruise_174,0.7306391391881237,68.4974192988866,78.17803885603013,441.4846695427952,473.6529592366005,177.0809028065092,1.1413350263130615,1.1398922302011376,156.35607771206026,18.45269402585567,True
lift_and_cruse,cruise_174,0.7305805499551427,68.49192655829462,78.17803885602802,441.4783843939779,473.64721155720076,177.08347875279415,1.1414269101645114,1.1399088118940763,156.35607771205605,18.456820323026403,True
lift_and_cruse,cruise_175,0.7305805499551427,68.49192655829462,78.17229517758332,441.47699702712737,473.6433909329554,177.06991690164986,1.1413359078321388,1.1413359078321388,156.34459035516664,18.456820323026403,True
lift_and_cruse,cruise_175,0.7305219650903972,68.48643422722475,78.17229517758163,441.470712259724,473.63764361998636,177.0724925428295,1.1414277920372808,1.1413525095893173,156.34459035516326,18.460946620197134,True
lift_and_cruse,cruise_175,0.7303578137681002,68.47104504075939,78.17229517758757,441.4531017596188,473.62153937030547,177.0797101345141,1.1416853248119851,1.141399031871034,156.34459035517514,18.472508247948955,True
lift_and_cruse,cruise_175,0.7301206077684336,68.44880697829065,78.17229517757654,441.4276513157926,473.59826639787417,177.09014195424177,1.1420576761671621,1.141466272036092,156.3445903551531,18.489215284111555,True
lift_and_cruse,cruise_175,0.7298573283258454,68.42412453054801,78.17229517746513,441.39939994752575,473.5724330537985,177.10172330420525,1.1424712399681303,1.141540921704459,156.34459035493026,18.50775869527458,True
lift_and_cruse,cruise_175,0.7296201211625946,68.40188635899322,78.1722951774846,441.37394318495257,473.54915594919396,177.11216035715157,1.1428441050962883,1.141608195601166,156.3445903549692,18.524465731437182,True
lift_and_cruse,cruise_175,0.7294559683893307,68.38649703649976,78.17229517752499,441.35632480549924,473.5330465467769,177.11938447454722,1.1431022785357086,1.141654759945524,156.34459035504997,18.536027359189003,True
lift_and_cruse,cruise_175,0.7293973828788444,68.38100464489166,78.17229517758715,441.35003653144463,473.5272969406339,177.1219630200553,1.1431944478642933,1.1416713804230723,156.3445903551743,18.540153656359735,True
lift_and_cruse,cruise_176,0.7293973828788444,68.38100464489166,78.16647550594251,441.34866899708106,473.52346276532086,177.10821623993473,1.143102180376956,1.143102180376956,156.33295101188503,18.540153656359735,True
lift_and_cruse,cruise_176,0.7293388017948633,68.37551266826844,78.16647550598236,441.34238111252796,473.51771353232823,177.1107944739732,1.14319434989992,1.1431188209654812,156.33295101196472,18.544279953530467,True
lift_and_cruse,cruise_176,0.7291746610656976,68.36012447490914,78.16647550598668,441.3247618788345,473.5016039035559,177.1180193311691,1.1434526824840587,1.1431654520602375,156.33295101197336,18.555841581282287,True
lift_and_cruse,cruise_176,0.7289374703726776,68.33788784743852,78.16647550598569,441.2992988157579,473.4783231599848,177.12846165188253,1.143826190557622,1.14323284949571,156.33295101197137,18.57254861744489,True
lift_and_cruse,cruise_176,0.7286742079179772,68.31320699231037,78.1664755059691,441.271033442757,473.45248119320075,177.14005466001333,1.1442410395508051,1.143307673765034,156.3329510119382,18.591092028607914,True
lift_and_cruse,cruise_176,0.7284370160591949,68.29097025554951,78.16647550595842,441.24556406382277,473.4291963221177,177.15050221881256,1.1446150637957493,1.1433751050084657,156.33295101191683,18.607799064770514,True
lift_and_cruse,cruise_176,0.7282728738763469,68.27558192590752,78.16647550596166,441.22793695438133,473.413081546425,177.15773360782208,1.1448740400355688,1.1434217782612341,156.3329510119233,18.619360692522335,True
lift_and_cruse,cruise_176,0.7282142921454162,68.27008988863277,78.16647550595249,441.22164556480254,473.40733002282803,177.1603147486751,1.1449664960116581,1.1434384376110915,156.33295101190498,18.623486989693067,True
lift_and_cruse,cruise_177,0.7282142921454162,68.27008988863277,78.16057781568486,441.22029843648943,473.4034819702026,177.14637810784117,1.1448729296121656,1.1448729296121656,156.32115563136972,18.623486989693067,True
lift_and_cruse,cruise_177,0.7281557149008151,68.26459827195141,78.16057781573704,441.21400744468747,473.3977308266706,177.14895893093708,1.1449653856190312,1.1448896091205485,156.32115563147408,18.6276132868638,True
lift_and_cruse,cruise_177,0.7279915849290176,68.24921108709539,78.16057781574344,441.19637950513,473.38161584540114,177.15619104319953,1.1452245212832568,1.144936349277709,156.32115563148687,18.639174914615623,True
lift_and_cruse,cruise_177,0.7277544097799705,68.22697591687223,78.16057781572239,441.1709038628837,473.3583273691208,177.16664384971466,1.145599190806336,1.1450039043434432,156.32115563144478,18.655881950778223,True
lift_and_cruse,cruise_177,0.7274911645765667,68.20229667905312,78.16057781571135,441.1426245296609,473.3324768222826,177.17824849901945,1.1460153302495946,1.145078903612345,156.3211556314227,18.674425361941246,True
lift_and_cruse,cruise_177,0.7272539882595728,68.18006139933495,78.16057781570609,441.11714257445374,473.30918422318274,177.18870654862803,1.1463905183569785,1.1451464925634784,156.32115563141218,18.691132398103846,True
lift_and_cruse,cruise_177,0.7270898568313691,68.16467407794084,78.16057781569067,441.0995067627732,473.29306410083433,177.19594519882446,1.1466503006849849,1.1451932749744165,156.32115563138134,18.70269402585567,True
lift_and_cruse,cruise_177,0.7270312789386061,68.15918240049432,78.16057781569583,441.09321226755617,473.28731066930004,177.19852893148615,1.1467430444838767,1.145209973286927,156.32115563139166,18.706820323026403,True
lift_and_cruse,cruise_178,0.7270312789386061,68.15918240049432,78.15459999939314,441.09188614208864,473.283448399915,177.18439729861035,1.1466481440485476,1.1466481440485476,156.30919999878628,18.706820323026403,True
lift_and_cruse,cruise_178,0.7269727055936147,68.15369114940138,78.15459999947402,441.08559205316215,473.27769535552943,177.18698070688646,1.146740887707528,1.146664862565247,156.30919999894803,18.710946620197134,True
lift_and_cruse,cruise_178,0.7268085865479439,68.13830498886973,78.15459999943404,441.06795543613424,473.26157504888596,177.19422006312254,1.147000829725781,1.1467117120312202,156.30919999886808,18.722508247948955,True
lift_and_cruse,cruise_178,0.7265714271867302,68.11607129875595,78.15459999945097,441.0424672557259,473.23827887912176,177.20468333970837,1.1473766654366926,1.146779425085308,156.30919999890193,18.739215284111555,True
lift_and_cruse,cruise_178,0.7263081995052844,68.09139370362041,78.15459999941514,441.01417400783265,473.2124197957593,177.2162996124952,1.1477941005953247,1.1468545997498656,156.30919999883028,18.75775869527458,True
lift_and_cruse,cruise_178,0.7260710389739331,68.06915990380622,78.15459999942829,440.9886795173944,473.1891195078785,177.2267681370627,1.1481704573164344,1.1469223467662466,156.30919999885657,18.774465731437182,True
lift_and_cruse,cruise_178,0.7259069184691241,68.05377360648039,78.15459999940036,440.97103503188407,473.1729940660313,177.2340140374657,1.148431049024362,1.1469692385827708,156.30919999880072,18.786027359189003,True
lift_and_cruse,cruise_178,0.7258483444747552,68.0482822945083,78.15459999940671,440.9647374411727,473.16723873625,177.23660035798073,1.1485240818213918,1.1469859759460133,156.30919999881343,18.790153656359735,True
lift_and_cruse,cruise_179,0.7258483444747552,68.0482822945083,78.14853986313985,440.9634329398566,473.163361896724,177.22226839112687,1.148427810784678,1.148427810784678,156.2970797262797,18.790153656359735,True
lift_and_cruse,cruise_179,0.7257897750912834,68.04279141480781,78.14853986320392,440.95713576418757,473.157606961358,177.22485438036497,1.1485208432642857,1.1484445683963844,156.29707972640784,18.794279953530467,True
lift_and_cruse,cruise_179,0.7256256671452063,68.02740629486308,78.14853986319625,440.93949049873436,473.1414813570474,177.23210096923978,1.1487815949157836,1.1484915274172383,156.2970797263925,18.805841581282287,True
lift_and_cruse,cruise_179,0.7253885238224904,68.00517410835847,78.1485398631951,440.91398982218556,473.11817753381274,177.24257469911126,1.149158601556123,1.1485593988127252,156.2970797263902,18.82254861744489,True
lift_and_cruse,cruise_179,0.7251253139412157,67.98049818198896,78.14853986316474,440.8856827062527,473.0923099583648,177.25420257695873,1.1495773377018286,1.1486347492662639,156.29707972632949,18.841092028607914,True
lift_and_cruse,cruise_179,0.7248881694461652,67.95826588557799,78.14853986316312,440.86017572262244,473.0690020217393,177.26468155973944,1.149954867792265,1.148702654701418,156.29707972632625,18.857799064770514,True
lift_and_cruse,cruise_179,0.7247240600382103,67.94288062858222,78.14853986315025,440.8425225923683,473.05287128811375,177.27193469887538,1.1502162721756322,1.148749656168981,156.2970797263005,18.869360692522335,True
lift_and_cruse,cruise_179,0.7246654900041417,67.93738968788828,78.14853986313987,440.8362219165514,473.04711406997455,177.2745236030832,1.1503095951473086,1.1487664326701437,156.29707972627975,18.873486989693067,True
lift_and_cruse,cruise_180,0.7246654900041417,67.93738968788828,78.14239512170445,440.83493968655057,473.0432222922243,177.25998573812223,1.150211915422399,1.150211915422399,156.2847902434089,18.873486989693067,True
lift_and_cruse,cruise_180,0.7246069246458501,67.93189918554843,78.14239512176039,440.82863943476184,473.03746547596984,177.26257430403112,1.1503052378929093,1.1502287122157637,156.28479024352077,18.8776132868638,True
lift_and_cruse,cruise_180,0.7244428279777385,67.91651512291298,78.14239512176337,440.8109855506616,473.02133460226185,177.26982811340739,1.1505668024581046,1.150275781033591,156.28479024352674,18.889174914615623,True
lift_and_cruse,cruise_180,0.724205700951273,67.89428446418184,78.14239512173512,440.7854724210077,472.99802316641944,177.2803122790714,1.1509449847740718,1.1503438111206963,156.28479024347024,18.905881950778223,True
lift_and_cruse,cruise_180,0.7239425091562495,67.86961023339839,78.14239512171356,440.75715148481015,472.9721471442533,177.2919517425894,1.1513650271825546,1.1504193377522243,156.28479024342712,18.924425361941246,True
lift_and_cruse,cruise_180,0.7237053809552462,67.84737946455434,78.14239512170057,440.73163205104333,472.9488315997667,177.3024411661053,1.1517437354024262,1.150487401956696,156.28479024340115,18.941132398103846,True
lift_and_cruse,cruise_180,0.7235412828225095,67.83199526461026,78.14239512170526,440.7139703058475,472.93269560266015,177.3097015318734,1.152005955759139,1.1505345133179095,156.28479024341053,18.95269402585567,True
lift_and_cruse,cruise_180,0.7234827168123984,67.82650470116234,78.1423951216991,440.70766655555764,472.9269365062673,177.31229301550218,1.1520995700835241,1.1505513290438953,156.2847902433982,18.956820323026403,True
lift_and_cruse,cruise_181,0.7234827168123984,67.82650470116234,78.13616339336743,440.7064072713735,472.9230294066582,177.29754345335294,1.1520004419751324,1.1520004419751324,156.27232678673485,18.956820323026403,True
lift_and_cruse,cruise_181,0.723424155544772,67.82101458232239,78.13616339346653,440.7001039543406,472.91727071983024,177.30013459152943,1.1520940556081252,1.1520172780365148,156.27232678693306,18.960946620197134,True
lift_and_cruse,cruise_181,0.7232600703381107,67.80563159419786,78.13616339343089,440.68244148211636,472.90113460559434,177.30739560861412,1.152356436369006,1.1520644568903657,156.27232678686178,18.972508247948955,True
lift_and_cruse,cruise_181,0.7230229598730361,67.78340248809714,78.13616339340348,440.65691594344986,472.8778155988881,177.31789019181394,1.152735799110186,1.1521326460161092,156.27232678680696,18.989215284111555,True
lift_and_cruse,cruise_181,0.7227597864585443,67.75872998048854,78.13616339339161,440.62858123594725,472.85193117634054,177.32954122065726,1.1531571530602687,1.1522083492103867,156.27232678678322,19.00775869527458,True
lift_and_cruse,cruise_181,0.7225226748167228,67.73650076406777,78.13616339338286,440.60304939616356,472.8286080657533,177.34004106660592,1.1535370441727424,1.1522765725311273,156.27232678676572,19.024465731437182,True
lift_and_cruse,cruise_181,0.7223585881426816,67.7211176383764,78.13616339338311,440.58537906657165,472.8124668340641,177.3473086462626,1.1538000838023854,1.1523237940256472,156.27232678676623,19.036027359189003,True
lift_and_cruse,cruise_181,0.7223000262220097,67.7156274583134,78.1361633933953,440.57907225270657,472.80670586973605,177.34990270481316,1.1538939906581573,1.1523406490623191,156.2723267867906,19.040153656359735,True
lift_and_cruse,cruise_182,0.7223000262220097,67.7156274583134,78.1298421945465,440.5778366177027,472.8027830482177,177.3349353983527,1.1537933727726886,1.1537933727726886,156.259684389093,19.040153656359735,True
lift_and_cruse,cruise_182,0.722241469112437,67.71013772929098,78.12984219467559,440.57153024659095,472.7970225013441,177.33752910402265,1.1538872787392092,1.1538102481864707,156.25968438935118,19.044279953530467,True
lift_and_cruse,cruise_182,0.7220773955560428,67.694755833379,78.12984219461303,440.55385921751935,472.78088117609116,177.34479731555473,1.1541504789798207,1.153857537313561,156.25968438922607,19.055841581282287,True
lift_and_cruse,cruise_182,0.721840301925205,67.67252830548797,78.12984219460388,440.52832131504556,472.75755464117276,177.35530229711958,1.1545310268973132,1.153925885820771,156.25968438920776,19.07254861744489,True
lift_and_cruse,cruise_182,0.7215771471940778,67.6478575494448,78.12984219456315,440.4999728864394,472.73166186558325,177.36696486986594,1.1549536976691326,1.1540017659574964,156.2596843891263,19.091092028607914,True
lift_and_cruse,cruise_182,0.7213400523842781,67.62562991102607,78.12984219456277,440.47442868587115,472.70833123156314,177.37747511902973,1.1553347764389272,1.154070148737258,156.25968438912554,19.107799064770514,True
lift_and_cruse,cruise_182,0.7211759773577421,67.61024787728832,78.12984219456023,440.45674980319217,472.69218479482333,177.38474989926735,1.1555986386426045,1.1541174806022834,156.25968438912045,19.119360692522335,True
lift_and_cruse,cruise_182,0.7211174195938947,67.60475808692763,78.12984219455608,440.4504399369356,472.68642197309447,177.38734652790728,1.155692839208163,1.15413437503377,156.25968438911215,19.123486989693067,True
lift_and_cruse,cruise_183,0.7211174195938947,67.60475808692763,78.12342893373435,440.4492286850153,472.68248301224025,177.37215516752246,1.1555906883548253,1.1555906883548253,156.2468578674687,19.123486989693067,True
lift_and_cruse,cruise_183,0.72105886671175,67.59926875422656,78.12342893373221,440.4429192713118,472.6767206160556,177.37475143533476,1.155684887823843,1.15560760320206,156.24685786746443,19.1276132868638,True
lift_and_cruse,cruise_183,0.7208948050000044,67.5838879687504,78.12342893374408,440.4252397174479,472.6605741099684,177.38202682762062,1.1559489108298198,1.1556550028379935,156.24685786748816,19.139174914615623,True
lift_and_cruse,cruise_183,0.7206577284842905,67.56166204540223,78.1234289337407,440.3996894975359,472.63724009043136,177.39254218738378,1.1563306486747227,1.1557235110647528,156.2468578674814,19.155881950778223,True
lift_and_cruse,cruise_183,0.7203945927482862,67.53699307015184,78.12342893374112,440.37132739928535,472.61133901021117,177.4042162818376,1.1567546415505097,1.155799568520519,156.24685786748225,19.174425361941246,True
lift_and_cruse,cruise_183,0.7201575150513899,67.51476703606781,78.12342893373695,440.3457708843254,472.5880008963702,177.41473691403365,1.157136912742579,1.1558681110975084,156.2468578674739,19.191132398103846,True
lift_and_cruse,cruise_183,0.7199934518667334,67.49938611250626,78.1234289337374,440.32808348066806,472.5718492847683,177.42201888091242,1.1574016008217933,1.155915553567326,156.2468578674748,19.20269402585567,True
lift_and_cruse,cruise_183,0.7199348983290818,67.49389671835141,78.12342893374105,440.32177057347536,472.5660846164178,177.4246180747176,1.157496096276519,1.1559324874775876,156.2468578674821,19.206820323026403,True
lift_and_cruse,cruise_184,0.7199348983290818,67.49389671835141,80.84808950060047,439.6511011270612,473.07070579181664,183.8914750658584,1.1978577831705157,1.1978577831705157,161.69617900120093,19.206820323026403,True
lift_and_cruse,cruise_184,0.7198742548371139,67.48821139097943,80.84808731621146,439.6445001243397,473.06469844067755,183.89429352909823,1.1979590670427112,1.1978761424670912,161.69617463242292,19.210946620197134,True
lift_and_cruse,cruise_184,0.7197043353431624,67.47228143842148,80.8480873079116,439.6260020053117,473.04786671458646,183.90220612482605,1.1982430401793969,1.1979276846300666,161.6961746158232,19.222508247948955,True
lift_and_cruse,cruise_184,0.71945879402486,67.44926193983062,80.8480873595006,439.5992687780032,473.02354250554504,183.91364267076517,1.1986536325407027,1.198002181588454,161.6961747190012,19.239215284111555,True
lift_and_cruse,cruise_184,0.719186262981052,67.42371215447363,80.84808732909111,439.5695934811971,472.9965423405181,183.92633934140315,1.199109684580322,1.198084886921796,161.69617465818223,19.25775869527458,True
lift_and_cruse,cruise_184,0.7189407203270836,67.40069253066407,80.84808734951247,439.5428536405553,472.9722139575775,183.93778170762658,1.1995208717967032,1.198159421793158,161.69617469902494,19.274465731437182,True
lift_and_cruse,cruise_184,0.718770799167408,67.3847624219445,80.84808736998886,439.5243472581965,472.95537703931006,183.94570172196234,1.1998055877090585,1.1982110122804903,161.69617473997772,19.286027359189003,True
lift_and_cruse,cruise_184,0.7187101549341751,67.37907702507893,80.84808735993272,439.5177420472755,472.94936778058724,183.94852862516174,1.1999072341723727,1.1982294265544444,161.69617471986544,19.290153656359735,True
lift_and_cruse,cruise_185,0.7187101549341751,67.37907702507893,80.83650615813127,439.51757749087045,472.9442348917048,183.92098586726246,1.1997271219376298,1.1997271219376298,161.67301231626254,19.290153656359735,True
lift_and_cruse,cruise_185,0.7186495195561098,67.3733924583853,80.83650365298689,439.5109738980013,472.9382260588734,183.9238060267187,1.1998287181361802,1.1997455179992422,161.67300730597378,19.294279953530467,True
lift_and_cruse,cruise_185,0.718479622796375,67.35746463716015,80.8365036576358,439.4924682941872,472.9213903493447,183.9317255500192,1.2001135805071639,1.1997971775031953,161.6730073152716,19.305841581282287,True
lift_and_cruse,cruise_185,0.7182341143291154,67.33444821835458,80.8365036809682,439.4657242644683,472.8970603778168,183.94317199663868,1.2005254582745855,1.1998718433299058,161.6730073619364,19.32254861744489,True
lift_and_cruse,cruise_185,0.7179616197459691,67.30890185118459,80.83650366032906,439.43603697042494,472.87005382806825,183.9558797563042,1.2009829391696674,1.199954736773837,161.67300732065812,19.341092028607914,True
lift_and_cruse,cruise_185,0.7177161099407565,67.28588530694593,80.83650368018101,439.40928632527704,472.8457196940553,183.96733209327124,1.2013954150042927,1.200029441023622,161.67300736036202,19.357799064770514,True
lift_and_cruse,cruise_185,0.7175462115124935,67.26995732929628,80.83650370145264,439.39077246697786,472.82887879787705,183.9752590115879,1.2016810234649749,1.2000811487656888,161.67300740290528,19.369360692522335,True
lift_and_cruse,cruise_185,0.7174855753918803,67.26427269298878,80.83650369281294,439.3841645879143,472.82286812001564,183.97808838170138,1.2017829886459366,1.2000996049089458,161.67300738562588,19.373486989693067,True
lift_and_cruse,cruise_186,0.7174855753918803,67.26427269298878,80.82473175681156,439.3840524818299,472.81770322877645,183.95008034606334,1.2015997277740014,1.2015997277740014,161.64946351362312,19.373486989693067,True
lift_and_cruse,cruise_186,0.717424948271096,67.25858890041526,80.82473175680289,439.3774456247693,472.81169345930874,183.95290891018018,1.2017016793479267,1.2016182045361012,161.64946351360578,19.3776132868638,True
lift_and_cruse,cruise_186,0.7172550746473623,67.24266324819023,80.82473175680546,439.3589326043249,472.7948538191574,183.96083527929872,1.2019874336474625,1.2016699812081046,161.64946351361093,19.389174914615623,True
lift_and_cruse,cruise_186,0.7170095996117537,67.21964996360191,80.82473175679722,439.332177863268,472.770518167144,183.97229158054364,1.202400601168579,1.2017448161221818,161.64946351359444,19.405881950778223,True
lift_and_cruse,cruise_186,0.7167371421336621,67.19410707503081,80.82473175680505,439.30247867169646,472.7435053246669,183.98501039107717,1.2028595158350195,1.2018278980063861,161.6494635136101,19.424425361941246,True
lift_and_cruse,cruise_186,0.7164916657577873,67.17109366479255,80.82473175681537,439.2757173190905,472.7191655170907,183.99647259518153,1.203273284290664,1.2019027714791544,161.64946351363074,19.441132398103846,True
lift_and_cruse,cruise_186,0.7163217904627688,67.15516785588457,80.82473175683131,439.25719605418215,472.70232069503635,184.00440632502338,1.2035597879435833,1.201954596232915,161.64946351366262,19.45269402585567,True
lift_and_cruse,cruise_186,0.7162611625981926,67.14948399358055,80.82473175680673,439.2505855279952,472.696308619401,184.00723816492038,1.2036620730109764,1.201973094393084,161.64946351361345,19.456820323026403,True
lift_and_cruse,cruise_187,0.7162611625981926,67.14948399358055,80.81276823704701,439.25052630858454,472.6911117151433,183.9787624528887,1.2034756401815248,1.2034756401815248,161.62553647409402,19.456820323026403,True
lift_and_cruse,cruise_187,0.7162005438819931,67.14380098893685,80.81276651546706,439.24391725300825,472.6851002442619,183.98158935159572,1.203577885358987,1.2034941320100696,161.62553303093412,19.460946620197134,True
lift_and_cruse,cruise_187,0.7160306938070516,67.12787754441109,80.81276651177085,439.225396881105,472.6682567310209,183.98952252752176,1.2038645345318837,1.203546025956137,161.6255330235417,19.472508247948955,True
lift_and_cruse,cruise_187,0.7157852527994957,67.10486744995272,80.81276652051193,439.1986315153046,472.64391548735864,184.00098870010393,1.2042789965246492,1.2036210305882193,161.62553304102386,19.489215284111555,True
lift_and_cruse,cruise_187,0.715512833088455,67.07932810204265,80.81276649687796,439.168920542068,472.61689643593826,184.01371838989948,1.2047393490180678,1.2037043003709473,161.6255329937559,19.50775869527458,True
lift_and_cruse,cruise_187,0.715267390738397,67.05631788172471,80.81276651916639,439.14214856614586,472.5925510455112,184.0251905017087,1.2051544149762985,1.2037793438537916,161.62553303833278,19.524465731437182,True
lift_and_cruse,cruise_187,0.7150975389892763,67.04039428024466,80.81276652779923,439.12361995267713,472.57570236048593,184.03313107286473,1.2054418172143089,1.2038312861748943,161.62553305559845,19.536027359189003,True
lift_and_cruse,cruise_187,0.7150369195280226,67.03471120575212,80.81276648893491,439.117006814475,472.5696888987682,184.03596525481507,1.205544422513641,1.2038498256459267,161.62553297786982,19.540153656359735,True
lift_and_cruse,cruise_188,0.7150369195280226,67.03471120575212,80.80060151868709,439.1170031547232,472.5644583039441,184.0069979941254,1.2053546597772793,1.2053546597772793,161.60120303737418,19.540153656359735,True
lift_and_cruse,cruise_188,0.7149763093717799,67.02902900360438,80.80060044866903,439.1103913379689,472.5584455924538,184.00982885955702,1.2054572348975523,1.2053732036200482,161.60120089733806,19.544279953530467,True
lift_and_cruse,cruise_188,0.7148064832719946,67.0131078067495,80.80060051222122,439.0918636652499,472.5415982789778,184.01776896794325,1.205744782896301,1.205425216025809,161.60120102444245,19.555841581282287,True
lift_and_cruse,cruise_188,0.7145610769148496,66.99010096076717,80.80060052247305,439.0650877736181,472.5172515272252,184.02924493241218,1.2061605434283986,1.2055003903800394,161.6012010449461,19.57254861744489,True
lift_and_cruse,cruise_188,0.7142886956543744,66.9645652175976,80.80060053886274,439.03536511243635,472.490226374492,184.04198558359133,1.2066223393544278,1.2055838491801654,161.60120107772548,19.591092028607914,True
lift_and_cruse,cruise_188,0.714043287967585,66.9415582469611,80.80060050524952,439.0100734991142,472.46724195718025,184.05278310078228,1.2070383174932895,1.2056545793034867,161.60120101049904,19.607799064770514,True
lift_and_cruse,cruise_188,0.7138734602307556,66.92563689663334,80.80060054188411,438.99265762614544,472.4514222760579,184.06025070305114,1.2073265547590433,1.2057034965147355,161.60120108376822,19.619360692522335,True
lift_and_cruse,cruise_188,0.7138128493437297,66.91995462597465,80.80060051433935,438.9864417937877,472.44577621817547,184.06291599357962,1.2074294582209386,1.205720955743967,161.6012010286787,19.623486989693067,True
lift_and_cruse,cruise_189,0.7138128493437297,66.91995462597465,80.78822974171996,438.98666855156023,472.44068490276817,184.03344686585362,1.2072367680647544,1.2072367680647544,161.57645948343992,19.623486989693067,True
lift_and_cruse,cruise_189,0.7137522479208281,66.91427324257764,80.7882276224442,438.9804543103883,472.43503940746336,184.03610632860762,1.207339625026988,1.2072542138132019,161.5764552448884,19.6276132868638,True
lift_and_cruse,cruise_189,0.713582446313257,66.89835434186784,80.78822758543251,438.9630403968004,472.419221969642,184.0435726814588,1.2076280055693671,1.2073031921692496,161.57645517086502,19.639174914615623,True
lift_and_cruse,cruise_189,0.7133370753753439,66.87535081643848,80.78822760667555,438.9378751628308,472.3963646015776,184.05436373622857,1.2080449724230609,1.2073739801608137,161.5764552133511,19.655881950778223,True
lift_and_cruse,cruise_189,0.7130647334806504,66.84981876381099,80.78822755272662,438.90994196853165,472.37099410099006,184.06634305014853,1.2085081072835346,1.2074525629862003,161.57645510545325,19.674425361941246,True
lift_and_cruse,cruise_189,0.7128193612811125,66.8268151201043,80.78822759353584,438.88477328646644,472.34813543669804,184.07713835298645,1.2089256833215052,1.207523378844569,161.57645518707167,19.691132398103846,True
lift_and_cruse,cruise_189,0.71264955810012,66.81089607188625,80.78822760372059,438.8673550674954,472.3323163867008,184.08461005739687,1.2092148238454266,1.207572392306187,161.57645520744117,19.70269402585567,True
lift_and_cruse,cruise_189,0.7125889559770627,66.80521462284963,80.78822761582606,438.86113838588153,472.3266705633952,184.08727692899296,1.209318050567005,1.2075898866557269,161.57645523165212,19.706820323026403,True
lift_and_cruse,cruise_190,0.7125889559770627,66.80521462284963,80.7756421220055,438.86142358904874,472.3215427379723,184.05728501129832,1.209121811493525,1.209121811493525,161.551284244011,19.706820323026403,True
lift_and_cruse,cruise_190,0.7125283634825459,66.79953407648868,80.77564078870877,438.8552083342804,472.31589763201856,184.05994781459157,1.209225002253419,1.2091393041645777,161.55128157741754,19.710946620197134,True
lift_and_cruse,cruise_190,0.712358586891154,66.7836175210457,80.77564077706506,438.8377921204738,472.3000808831198,184.06741834534506,1.209514286082687,1.209188380090461,161.55128155413013,19.722508247948955,True
lift_and_cruse,cruise_190,0.712113252102139,66.76061738457553,80.77564077566724,438.8126235793056,472.27722450194904,184.0782152965992,1.2099325584840912,1.209259308167327,161.55128155133448,19.739215284111555,True
lift_and_cruse,cruise_190,0.711840950328507,66.73508909329753,80.77564077528483,438.78468669742244,472.25185511441316,184.0902013433235,1.210397145159551,1.2093380477321698,161.55128155056966,19.75775869527458,True
lift_and_cruse,cruise_190,0.7115956142759743,66.71208883837258,80.77564076309108,438.75951472061564,472.228997437157,184.10100247153127,1.2108160291561096,1.2094090032485676,161.55128152618215,19.774465731437182,True
lift_and_cruse,cruise_190,0.7114258361089751,66.69617213521641,80.77564082108418,438.7420942019154,472.21317908735693,184.10847840895372,1.211106076878161,1.2094581146923133,161.55128164216836,19.786027359189003,True
lift_and_cruse,cruise_190,0.7113652429132006,66.69049152311256,80.775640798425,438.7358767127286,472.2075335047257,184.11114666781896,1.2112096267561197,1.209475643202486,161.55128159685,19.790153656359735,True
lift_and_cruse,cruise_191,0.7113652429132006,66.69049152311256,80.76283400168282,438.7362222313334,472.20236810477263,184.08061589017237,1.211009728031197,1.211009728031197,161.52566800336564,19.790153656359735,True
lift_and_cruse,cruise_191,0.7113046595159659,66.68481182962181,80.76283276960349,438.73000615684646,472.19672328208577,184.08328038595732,1.2111132433491878,1.2110272569290677,161.52566553920698,19.794279953530467,True
lift_and_cruse,cruise_191,0.7111349084143263,66.6688976638431,80.76283277761075,438.7125877110335,472.1809072781003,184.09075503325136,1.211403433150152,1.2110764303335726,161.5256655552215,19.805841581282287,True
lift_and_cruse,cruise_191,0.7108896104582899,66.64590098046467,80.76283278440918,438.68741595151766,472.1580519719338,184.10155788542485,1.2118230155681913,1.211147498973849,161.52566556881837,19.82254861744489,True
lift_and_cruse,cruise_191,0.7106173495651343,66.62037652173134,80.76283282146132,438.6594754931822,472.13268378594876,184.11355054992228,1.2122890582744112,1.2112263950232847,161.52566564292263,19.841092028607914,True
lift_and_cruse,cruise_191,0.7103720503436697,66.59737971971903,80.76283278320244,438.6343003114923,472.1098271831312,184.12435749856422,1.2127092546521367,1.2112974906129665,161.52566556640488,19.857799064770514,True
lift_and_cruse,cruise_191,0.7102022976641927,66.58146540601807,80.7628327935151,438.61687758370056,472.09400957300744,184.13183739354216,1.2130002109266467,1.2113466985403691,161.5256655870302,19.869360692522335,True
lift_and_cruse,cruise_191,0.7101417135647055,66.57578564669114,80.7628328256301,438.6106592884489,472.08836426787894,184.13450723607755,1.2131040862990345,1.2113642626128656,161.5256656512602,19.873486989693067,True
lift_and_cruse,cruise_192,0.7101417135647055,66.57578564669114,80.74979568642743,438.611067596531,472.08315976374956,184.10341565003156,1.2129003796508941,1.2129003796508941,161.49959137285487,19.873486989693067,True
lift_and_cruse,cruise_192,0.7100811394396601,66.57010682246813,80.74979587306446,438.6048503975267,472.0775154871885,184.10608496278735,1.2130042402924874,1.2129179654759232,161.4995917461289,19.8776132868638,True
lift_and_cruse,cruise_192,0.7099114143177996,66.55419509229371,80.74979590907786,438.58742978645637,472.06170028832736,184.11356369702725,1.2132953389147698,1.2129672364770443,161.49959181815572,19.889174914615623,True
lift_and_cruse,cruise_192,0.7096661539028996,66.53120192839683,80.74979589055859,438.5622549164774,472.0388461358181,184.1243722985705,1.2137162347863188,1.2130384451337062,161.49959178111718,19.905881950778223,True
lift_and_cruse,cruise_192,0.7093939346764051,66.50568137591297,80.74979590171218,438.53431100797724,472.0134792338884,184.1363713502993,1.2141837369530148,1.213117496651278,161.49959180342435,19.924425361941246,True
lift_and_cruse,cruise_192,0.709148672994348,66.48268809322013,80.74979592171717,438.50913269987154,471.9906238058195,184.14718424880837,1.214605250931532,1.2131887336169829,161.49959184343433,19.941132398103846,True
lift_and_cruse,cruise_192,0.7089789462923686,66.46677621490954,80.74979592231027,438.4917078223991,471.974807001041,184.15466814221537,1.2148971190667377,1.2132380386074555,161.49959184462054,19.95269402585567,True
lift_and_cruse,cruise_192,0.7089183714640725,66.4610973247568,80.74979590636825,438.48548877136085,471.96916197547006,184.15733930548558,1.2150013193676181,1.213255636623946,161.4995918127365,19.956820323026403,True
lift_and_cruse,cruise_193,0.7089183714640725,66.4610973247568,80.7365221402532,438.4859616658958,471.9639173504406,184.12567151184686,1.214793697217163,1.214793697217163,161.4730442805064,19.956820323026403,True
lift_and_cruse,cruise_193,0.7088578067923242,66.45541938678039,80.7365220268566,438.4797437967364,471.9582733255676,184.1283415253353,1.214897878348315,1.21481131298758,161.4730440537132,19.960946620197134,True
lift_and_cruse,cruise_193,0.7086881081577242,66.43951013978663,80.7365220429816,438.46232110339884,471.94245898344997,184.13582418087307,1.2151898877454945,1.2148606808063696,161.4730440859632,19.972508247948955,True
lift_and_cruse,cruise_193,0.7084428860173918,66.4165205641305,80.73652201601341,438.43714322139977,471.91960607501585,184.1466384976469,1.2156121011906118,1.2149320297049164,161.47304403202682,19.989215284111555,True
lift_and_cruse,cruise_193,0.7081707092714232,66.39100399419593,80.73652204508373,438.40919596569256,471.8942405620728,184.15864395858972,1.2160810677765288,1.215011237336127,161.47304409016746,20.00775869527458,True
lift_and_cruse,cruise_193,0.707925485862098,66.36801429957168,80.73652206199928,438.38401464914534,471.87138638477603,184.1694625862843,1.2165039023153645,1.215082614676549,161.47304412399856,20.024465731437182,True
lift_and_cruse,cruise_193,0.7077557856451534,66.35210490423313,80.73652208355287,438.3665876853507,471.8555704513816,184.17695049983786,1.2167966854621488,1.2151320171857998,161.47304416710574,20.036027359189003,True
lift_and_cruse,cruise_193,0.7076952202691494,66.34642690023276,80.73652206770917,438.360367891843,471.84992573577125,184.17962308031164,1.216901212375359,1.2151496498922454,161.47304413541835,20.040153656359735,True
lift_and_cruse,cruise_194,0.7076952202691494,66.34642690023276,80.72300215312173,438.3609079907635,471.8446393857521,184.1473559380954,1.2166895178018788,1.2166895178018788,161.44600430624345,20.040153656359735,True
lift_and_cruse,cruise_194,0.7076346652386419,66.34074986612269,80.72300228384103,438.35468934141176,471.83899573460207,184.15002793135983,1.2167940285415022,1.2167071720667468,161.44600456768205,20.044279953530467,True
lift_and_cruse,cruise_194,0.7074649936180507,66.32484315169226,80.72300228447394,438.3372646381323,471.82318231236997,184.15751446515986,1.2170869513945595,1.2167566367313507,161.44600456894787,20.055841581282287,True
lift_and_cruse,cruise_194,0.707219810513297,66.30185723562158,80.72300228291601,438.3120838416893,471.8003307442582,184.16833450066514,1.217510486708812,1.216828126347449,161.44600456583203,20.07254861744489,True
lift_and_cruse,cruise_194,0.7069476770925974,66.276344727431,80.72300228405928,438.28413336801293,471.7749667118528,184.1803461755926,1.2179809212317616,1.216907489305994,161.44600456811855,20.091092028607914,True
lift_and_cruse,cruise_194,0.7067024927171661,66.25335869223433,80.72300228202765,438.25894915311034,471.7521138724851,184.19117041725195,1.2184050798893014,1.2169790067127904,161.4460045640553,20.107799064770514,True
lift_and_cruse,cruise_194,0.706532819512071,66.23745182925666,80.7230022833107,438.24152018677006,471.7362988652502,184.1986621990032,1.2186987800579228,1.217028506051404,161.4460045666214,20.119360692522335,True
lift_and_cruse,cruise_194,0.7064722637763885,66.23177472903642,80.72300228198746,438.2352996733788,471.7306544844816,184.2013362119996,1.2188036347410869,1.2170461736609475,161.44600456397492,20.123486989693067,True
lift_and_cruse,cruise_195,0.7064722637763885,66.23177472903642,80.70922926950163,438.2359089615491,471.7253252836412,184.16845269650656,1.2185877488514918,1.2185877488514918,161.41845853900327,20.123486989693067,True
lift_and_cruse,cruise_195,0.706411718581131,66.22609861698103,80.70922881506499,438.2296897671635,471.7196818773318,184.17112467036472,1.218692577606691,1.2186054285059664,161.41845763012998,20.1276132868638,True
lift_and_cruse,cruise_195,0.7062420745180783,66.21019448606984,80.7092288423744,438.21226311884044,471.7038694466739,184.1786151277755,1.2189864171176399,1.2186549906296658,161.4184576847488,20.139174914615623,True
lift_and_cruse,cruise_195,0.7059969312342507,66.187212303211,80.70922886883781,438.1870795163485,471.6810193117799,184.189440808361,1.2194112780551347,1.2187266209308456,161.41845773767562,20.155881950778223,True
lift_and_cruse,cruise_195,0.7057248420105424,66.16170393848836,80.70922882852749,438.15912594921093,471.65565686005226,184.20145857617865,1.219883184437711,1.2188061389178662,161.41845765705497,20.174425361941246,True
lift_and_cruse,cruise_195,0.7054796974543437,66.13872163634473,80.70922885990652,438.13393893187924,471.6328054606093,184.2122884768397,1.220308671730686,1.2188777971420277,161.41845771981303,20.191132398103846,True
lift_and_cruse,cruise_195,0.705310051804478,66.12281735666981,80.70922884771906,438.1165080367843,471.6169914447363,184.21978408764758,1.2206032916053497,1.2189273933642197,161.41845769543812,20.20269402585567,True
lift_and_cruse,cruise_195,0.7052495059030645,66.1171411784123,80.70922882130792,438.1102868404126,471.6113474143963,184.22245941883352,1.2207084743824907,1.2189450952331313,161.41845764261583,20.206820323026403,True
lift_and_cruse,cruise_196,0.7052495059030645,66.1171411784123,80.69519060734812,438.11096861036106,471.6059733020291,184.18893017745316,1.2204881997181347,1.2204881997181347,161.39038121469625,20.206820323026403,True
lift_and_cruse,cruise_196,0.7051889707452292,66.11146600736524,80.69519102524143,438.1047485323983,471.6003304305213,184.19160559128804,1.2205933693916269,1.2205059277705843,161.39038205048286,20.210946620197134,True
lift_and_cruse,cruise_196,0.705019354806159,66.0955645130774,80.69519101303382,438.08732003400695,471.58451904559513,184.1990997565025,1.220888127054832,1.2205555862392132,161.39038202606764,20.222508247948955,True
lift_and_cruse,cruise_196,0.7047742521620332,66.07258614019061,80.69519105072115,438.06213374288933,471.5616704365932,184.20993095860587,1.2213143169716472,1.2206273568626875,161.3903821014423,20.239215284111555,True
lift_and_cruse,cruise_196,0.7045022080439294,66.04708200411838,80.6951910114716,438.0341771972657,471.53630967958094,184.22195482812234,1.2217876998680524,1.2207070304394094,161.3903820229432,20.25775869527458,True
lift_and_cruse,cruise_196,0.7042571041256697,66.02410351178153,80.69519102456032,438.0089875037344,471.5134598063593,184.23279018079936,1.2222145186368232,1.2207788285657646,161.39038204912063,20.274465731437182,True
lift_and_cruse,cruise_196,0.7040874865975885,66.00820186852391,80.69519106428439,437.99155474175967,471.4976468600227,184.24028971903888,1.2225100617169502,1.2208285226375846,161.39038212856877,20.286027359189003,True
lift_and_cruse,cruise_196,0.7040269507326037,66.0025266311816,80.69519103695427,437.98533288429405,471.4920032081702,184.2429664054845,1.2226155738494537,1.2208462591227147,161.39038207390854,20.290153656359735,True
lift_and_cruse,cruise_197,0.7040269507326037,66.0025266311816,80.68087878483009,437.9860896214125,471.48658272916583,184.20876985972578,1.2223907614275469,1.2223907614275469,161.36175756966017,20.290153656359735,True
lift_and_cruse,cruise_197,0.7039664258218199,65.99685242079562,80.68087918750838,437.9798689118617,471.480940254625,184.21144657309645,1.2224962594841362,1.2224085238266866,161.36175837501676,20.294279953530467,True
lift_and_cruse,cruise_197,0.7037968385939889,65.98095361818646,80.68087922555826,437.9624386216822,471.46513000010975,184.21894460057064,1.2227919390868007,1.2224582799784722,161.36175845111651,20.305841581282287,True
lift_and_cruse,cruise_197,0.7035517774381034,65.9579791348222,80.68087921041345,437.93724977499966,471.442283004017,184.2297810844604,1.2232194605274627,1.2225301897892988,161.3617584208269,20.32254861744489,True
lift_and_cruse,cruise_197,0.703279779367641,65.93247931571634,80.68087917725538,437.9092903794002,471.41692405218856,184.24181097144114,1.223694323921585,1.2226100189023072,161.36175835451075,20.341092028607914,True
lift_and_cruse,cruise_197,0.7030347169358655,65.9095047127374,80.68087922063121,437.88409811432734,471.394075812721,184.25265180546555,1.2241224784293872,1.222681957580187,161.36175844126242,20.357799064770514,True
lift_and_cruse,cruise_197,0.7028651281168637,65.89360576095598,80.68087922338803,437.86666358880655,471.3782639880137,184.26015499875655,1.2244189458132237,1.2227317480118105,161.36175844677607,20.369360692522335,True
lift_and_cruse,cruise_197,0.7028046024979409,65.88793148418196,80.68087921870274,437.86044109317555,471.3726207433129,184.26283307534968,1.2245247885315744,1.2227495194571567,161.36175843740548,20.373486989693067,True
lift_and_cruse,cruise_198,0.7028046024979409,65.88793148418196,80.66628237768904,437.86127572847914,471.36715213811874,184.2279435272844,1.224295262586243,1.224295262586243,161.3325647553781,20.373486989693067,True
lift_and_cruse,cruise_198,0.7027440880519268,65.88225825486813,80.66628278062659,437.8550544133203,471.3615100885489,184.23062155487546,1.2244010900999929,1.2243130595416347,161.33256556125318,20.3776132868638,True
lift_and_cruse,cruise_198,0.7025745301454392,65.86636220113492,80.66628279948179,437.8376224325901,471.3457010223419,184.23812321626446,1.2246976929456395,1.2243629121770396,161.33256559896358,20.389174914615623,True
lift_and_cruse,cruise_198,0.7023295113594814,65.84339168995137,80.6662827941984,437.81243113553165,471.3228557525494,184.24896504148458,1.2251265502674398,1.2244349620246395,161.3325655883968,20.405881950778223,True
lift_and_cruse,cruise_198,0.7020575603149541,65.81789627952695,80.66628281601636,437.7844690118487,471.2974987279205,184.2610009626632,1.225602898692511,1.2245149472917913,161.33256563203273,20.424425361941246,True
lift_and_cruse,cruise_198,0.7018125402511671,65.79492564854691,80.66628282763692,437.7592743118973,471.27465221284837,184.27184703949814,1.2260323914190059,1.2245870253936928,161.33256565527384,20.441132398103846,True
lift_and_cruse,cruise_198,0.7016429807513127,65.77902944543557,80.66628280562396,437.7418381035117,471.25884158254945,184.27935385446239,1.226329785660547,1.2246369122774188,161.33256561124793,20.45269402585567,True
lift_and_cruse,cruise_198,0.7015824655961839,65.77335614964224,80.66628280010967,437.7356150055245,471.2531987658992,184.28203324281367,1.226435959455755,1.224654718275805,161.33256560021934,20.456820323026403,True
lift_and_cruse,cruise_199,0.7015824655961839,65.77335614964224,80.6513901599752,437.7365306518222,471.2476801640235,184.24642339052846,1.2262015332847715,1.2262015332847715,161.3027803199504,20.456820323026403,True
lift_and_cruse,cruise_199,0.7015219618412568,65.76768392261782,80.65139055956729,437.73030876290915,471.2420385647998,184.2491027005271,1.2263076910125805,1.22621936469755,161.30278111913458,20.460946620197134,True
lift_and_cruse,cruise_199,0.7013524338904371,65.75179067722847,80.6513905454706,437.7128751818463,471.2262307573622,184.2566078978951,1.2266052191666532,1.2262693134800062,161.3027810909412,20.472508247948955,True
lift_and_cruse,cruise_199,0.7011074583908696,65.72882422414403,80.65139058424326,437.68768155103334,471.20338732546645,184.26745505228635,1.2270354161838006,1.2263415037407537,161.30278116848652,20.489215284111555,True
lift_and_cruse,cruise_199,0.7008355553896864,65.7033333177831,80.65139054784636,437.65971686700834,471.1780323244559,184.27949663273793,1.227513251581863,1.2264216431765222,161.30278109569272,20.50775869527458,True
lift_and_cruse,cruise_199,0.7005905786107011,65.68036674475323,80.65139056326008,437.63451984854214,471.1551876456641,184.29034794332136,1.2279440863709694,1.2264938610976668,161.30278112652016,20.524465731437182,True
lift_and_cruse,cruise_199,0.7004210490643125,65.66447334977929,80.65139057394885,437.61708202946784,471.13937829314693,184.2978584523088,1.2282424106345224,1.226543845230149,161.3027811478977,20.536027359189003,True
lift_and_cruse,cruise_199,0.7003605445993433,65.65880105618842,80.6513905679537,437.6108583599891,471.13373593063824,184.3005391300262,1.2283489163300518,1.226561685745405,161.3027811359074,20.540153656359735,True
lift_and_cruse,cruise_200,0.7003605445993433,65.65880105618842,80.63619023075849,437.6118583202516,471.12816534626273,184.26417999794555,1.2281093917897274,1.2281093917897274,161.27238046151697,20.540153656359735,True
lift_and_cruse,cruise_200,0.7003000517713833,65.65312985356718,80.6361902307427,437.60563599025534,471.1225241525032,184.26685961829608,1.2282158744760938,1.2281272512940486,161.2723804614854,20.544279953530467,True
lift_and_cruse,cruise_200,0.700130554436847,65.6372394784544,80.63619023075297,437.5882008869148,471.1067176879333,184.2743683963316,1.2285143308409914,1.2281772968364126,161.27238046150595,20.555841581282287,True
lift_and_cruse,cruise_200,0.6998856231785088,65.6142771729852,80.63619023075886,437.56300507336636,471.0838761880812,184.28522058380565,1.2289458694586965,1.2282496259964182,161.2723804615177,20.57254861744489,True
lift_and_cruse,cruise_200,0.6996137692803944,65.58879087003697,80.63619023075387,437.5350379493526,471.0585233490384,184.2972679409375,1.229425196788273,1.2283299208884586,161.27238046150774,20.591092028607914,True
lift_and_cruse,cruise_200,0.6993688367408294,65.56582844445275,80.63619023074568,437.50983874727126,471.0356806121958,184.30812434123766,1.2298573765244512,1.2284022781266903,161.27238046149137,20.607799064770514,True
lift_and_cruse,cruise_200,0.6991993378086292,65.54993791955899,80.63619023075579,437.49239941849555,471.0198726051273,184.31563837261984,1.2301566323517228,1.2284523586822857,161.27238046151157,20.619360692522335,True
lift_and_cruse,cruise_200,0.6991388442696419,65.54426665027893,80.63619023076396,437.4861752079979,471.0142307248958,184.3183203309859,1.2302634708328442,1.2284702337693363,161.27238046152792,20.623486989693067,True
lift_and_cruse,cruise_201,0.6991388442696419,65.54426665027893,80.62067018452629,437.4872628308019,471.0086061615182,184.28118264029902,1.230018647011354,1.230018647011354,161.24134036905258,20.623486989693067,True
lift_and_cruse,cruise_201,0.6990783626131454,65.53859649498237,80.62067049190262,437.4810399135546,471.00296552927455,184.28386423689517,1.2301254661719454,1.2300365458210414,161.24134098380523,20.6276132868638,True
lift_and_cruse,cruise_201,0.6989088965799408,65.52270905436946,80.62067056303029,437.4636033664021,470.9871604958279,184.29137666162197,1.2304248537228593,1.2300866888815853,161.24134112606058,20.639174914615623,True
lift_and_cruse,cruise_201,0.6986640105526299,65.49975098930905,80.62067050938201,437.4384055082853,470.96432103796127,184.3022337446995,1.2308577367577422,1.2301591564794494,161.24134101876402,20.655881950778223,True
lift_and_cruse,cruise_201,0.6983922068563526,65.47426939278306,80.62067051618226,437.4104361009137,470.93897048051326,184.3142866947488,1.2313385589555796,1.2302396061113638,161.24134103236452,20.674425361941246,True
lift_and_cruse,cruise_201,0.6981473195460995,65.45131120744684,80.62067054057495,437.385234839462,470.9161298054403,184.32514817820987,1.2317720873034572,1.2303121030803972,161.2413410811499,20.691132398103846,True
lift_and_cruse,cruise_201,0.6979778519131002,65.43542361685314,80.6206705193601,437.3677940966662,470.9003232198423,184.3326656362333,1.2320722766515935,1.2303622797366052,161.2413410387202,20.70269402585567,True
lift_and_cruse,cruise_201,0.6979173695445654,65.42975339480301,80.62067055963809,437.3615693696034,470.89468185588834,184.33534893212524,1.2321794491991982,1.230380189888555,161.24134111927617,20.706820323026403,True
lift_and_cruse,cruise_202,0.6979173695445654,65.42975339480301,80.60481601655331,437.3627487270877,470.88900082509895,184.29739672879674,1.2319290817158337,1.2319290817158337,161.20963203310663,20.706820323026403,True
lift_and_cruse,cruise_202,0.6978568993157886,65.42408431085518,80.60481601654543,437.35652541350987,470.88336067205023,184.30007880419404,1.232036228680764,1.2319470099488958,161.20963203309086,20.710946620197134,True
lift_and_cruse,cruise_202,0.6976874653022265,65.40819987208373,80.60481601655307,437.33908755579756,470.8675571252217,184.307594461287,1.2323365472362657,1.2319972480787087,161.20963203310615,20.722508247948955,True
lift_and_cruse,cruise_202,0.697442625543965,65.38524614474672,80.60481601655474,437.3138877661219,470.84471984615766,184.31845658986887,1.232770779204948,1.2320698555725031,161.20963203310947,20.739215284111555,True
lift_and_cruse,cruise_202,0.69717087320136,65.3597693626275,80.6048160165372,437.28591623455685,470.8193716981068,184.33051498158716,1.2332530992650779,1.2321504594426615,161.2096320330744,20.75775869527458,True
lift_and_cruse,cruise_202,0.6969260321584205,65.33681551485192,80.60481601654583,437.26071306646344,470.7965331933603,184.34138132449755,1.2336879783693162,1.2322230951069781,161.20963203309165,20.774465731437182,True
lift_and_cruse,cruise_202,0.6967565965428907,65.32093092589601,80.60481601653034,437.24327099594166,470.7807281181254,184.34890223669655,1.233989103889652,1.2322733683643514,161.20963203306067,20.786027359189003,True
lift_and_cruse,cruise_202,0.6966961256011712,65.3152617751098,80.6048160165431,437.23704580747955,470.7750872848774,184.35158665090862,1.234096609988353,1.2322913122311336,161.2096320330862,20.790153656359735,True
lift_and_cruse,cruise_203,0.6966961256011712,65.3152617751098,80.58861406161189,437.2383205146521,470.7693476487735,184.31278842795584,1.2338404818630362,1.2338404818630362,161.17722812322378,20.790153656359735,True
lift_and_cruse,cruise_203,0.6966356670662237,65.30959378745847,80.58861406145935,437.232096762488,470.7637080604977,184.31547168989823,1.2339479619947782,1.2338584443562317,161.1772281229187,20.794279953530467,True
lift_and_cruse,cruise_203,0.69646626581778,65.29371242041688,80.5886140614676,437.2146576765627,470.7479060970676,184.32299067268602,1.2342492145335444,1.23390877849433,161.1772281229352,20.805841581282287,True
lift_and_cruse,cruise_203,0.6962214734058023,65.27076313179397,80.5886140614604,437.18945611410527,470.7250711083348,184.33385760727356,1.2346847973573536,1.2339815247422827,161.1772281229208,20.82254861744489,True
lift_and_cruse,cruise_203,0.6959497736126594,65.24529127618682,80.58861406145422,437.1614826177142,470.6997255054874,184.34592133366064,1.2351686184312414,1.2340622826435952,161.17722812290845,20.841092028607914,True
lift_and_cruse,cruise_203,0.6957049799142939,65.22234186696505,80.58861406145603,437.1362776819182,470.6768892967025,184.35679248322367,1.2356048514153763,1.234135057107753,161.17722812291206,20.857799064770514,True
lift_and_cruse,cruise_203,0.6955355770617508,65.20646034953913,80.58861406145179,437.118834389515,470.66108581188837,184.3643167219435,1.235906914690929,1.2341854264305054,161.17722812290359,20.869360692522335,True
lift_and_cruse,cruise_203,0.6954751178129117,65.20079229496048,80.58861406146072,437.1126087652498,470.6554455465634,184.36700232339473,1.236014755637208,1.234203404585016,161.17722812292143,20.873486989693067,True
lift_and_cruse,cruise_204,0.6954751178129117,65.20079229496048,80.57204894486692,437.1139831795108,470.6496446669372,184.32731975032738,1.2357526052807875,1.2357526052807875,161.14409788973384,20.873486989693067,True
lift_and_cruse,cruise_204,0.6954146712496203,65.19512542965191,80.57204940200494,437.10775890912356,470.64400575697476,184.3300052659286,1.2358604262282986,1.235770609301598,161.14409880400987,20.8776132868638,True
lift_and_cruse,cruise_204,0.6952453035446424,65.17924720731023,80.57204940375567,437.09031869902185,470.62820546440327,184.33752749823077,1.236162614553099,1.2358210392551041,161.14409880751134,20.889174914615623,True
lift_and_cruse,cruise_204,0.695000559603762,65.15630246285268,80.57204940718704,437.0651155138936,470.6053728925519,184.34839913093919,1.2365995508554473,1.235893923993304,161.14409881437408,20.905881950778223,True
lift_and_cruse,cruise_204,0.6947289136084351,65.1308356507908,80.5720494246959,437.0371402157832,470.5800299778121,184.36046810499866,1.2370848760708852,1.2359748358524754,161.1440988493918,20.924425361941246,True
lift_and_cruse,cruise_204,0.6944841683794273,65.10789078557131,80.5720494037373,437.01193366864817,470.5571961871254,184.37134389480656,1.2375224651942272,1.236047748460372,161.1440988074746,20.941132398103846,True
lift_and_cruse,cruise_204,0.6943147990682288,65.09201241264645,80.57204942760326,436.9944892527515,470.5413943841512,184.37887143679598,1.2378254683806227,1.2360982140106627,161.14409885520652,20.95269402585567,True
lift_and_cruse,cruise_204,0.6942543517900635,65.08634548031846,80.5720494009286,436.9882632368104,470.5357547130416,184.38155813284163,1.2379336444036777,1.2361162259453151,161.1440988018572,20.956820323026403,True
lift_and_cruse,cruise_205,0.6942543517900635,65.08634548031846,80.55510557045369,436.9897416867604,470.5298900002901,184.34095331286076,1.2376652118966698,1.2376652118966698,161.11021114090738,20.956820323026403,True
lift_and_cruse,cruise_205,0.6941939174879007,65.0806797644907,80.55510683002565,436.9835168480715,470.52425186273337,184.3436418800429,1.2377733795779289,1.2376832629374797,161.1102136600513,20.960946620197134,True
lift_and_cruse,cruise_205,0.6940245841375681,65.06480476289701,80.55510681018771,436.96607562829064,470.5084533271946,184.351167222099,1.2380765049874047,1.2377337880861408,161.11021362037542,20.972508247948955,True
lift_and_cruse,cruise_205,0.693779889840175,65.04186467251641,80.55510669938184,436.9408710074887,470.4856232816633,184.36204314969484,1.2385147953574387,1.237806809067049,161.11021339876368,20.989215284111555,True
lift_and_cruse,cruise_205,0.6935082989441419,65.01640302601331,80.55510678123315,436.9128940697612,470.46028320841236,184.37411734911555,1.239001628101901,1.2378878752453233,161.1102135624663,21.00775869527458,True
lift_and_cruse,cruise_205,0.693263603356863,64.99346281470591,80.55510673670099,436.8876860688369,470.4374519659506,184.38499765159375,1.2394405757310352,1.237960925599193,161.11021347340198,21.024465731437182,True
lift_and_cruse,cruise_205,0.6930942683984843,64.9775876623579,80.55510674232478,436.8702406487981,470.42165192761325,184.39252831199053,1.2397445198502837,1.238011486455195,161.11021348464956,21.036027359189003,True
lift_and_cruse,cruise_205,0.6930338333805474,64.97192187942632,80.55510686156855,436.8640142356694,470.4160129139942,184.39521648640635,1.2398530342014573,1.2380295348589716,161.1102137231371,21.040153656359735,True
lift_and_cruse,cruise_206,0.6930338333805474,64.97192187942632,80.53776579732458,436.86560183268114,470.41008125811635,184.35364436904797,1.2395780125881561,1.2395780125881561,161.07553159464916,21.040153656359735,True
lift_and_cruse,cruise_206,0.6929734116447679,64.96625734169699,80.53776584298525,436.8593769829052,470.4044435641046,184.3563311239885,1.2396864965467018,1.2395960780967654,161.0755316859705,21.044279953530467,True
lift_and_cruse,cruise_206,0.6928041135045279,64.95038564104948,80.53776570257098,436.84193489285116,470.3886468625952,184.36385924993053,1.2399905590114304,1.2396466965666397,161.07553140514196,21.055841581282287,True
lift_and_cruse,cruise_206,0.6925594700866626,64.92745032062463,80.53776564042958,436.8167289593713,470.3658195096201,184.37473973485166,1.240430208116919,1.2397198560093006,161.07553128085917,21.07254861744489,True
lift_and_cruse,cruise_206,0.6922879356617406,64.9019939682882,80.53776559397622,436.7887506142423,470.3404823951891,184.38681855580248,1.2409185478349976,1.239801072960123,161.07553118795244,21.091092028607914,True
lift_and_cruse,cruise_206,0.6920432909525613,64.87905852680262,80.53776569608907,436.7635412805742,470.31765386844194,184.39770365107725,1.2413588587660946,1.2398742634024043,161.07553139217814,21.107799064770514,True
lift_and_cruse,cruise_206,0.6918739912018823,64.86318667517646,80.5377658575162,436.7460949256209,470.30185572066216,184.4052377586818,1.2416637480094304,1.2399249220924617,161.0755317150324,21.119360692522335,True
lift_and_cruse,cruise_206,0.6918135687494167,64.85752207025782,80.53776566035643,436.7398682746661,470.29621731532,184.40792627136577,1.2417725941073787,1.2399429994199862,161.07553132071286,21.123486989693067,True
lift_and_cruse,cruise_207,0.6918135687494167,64.85752207025782,80.52000703477135,436.74157062048914,470.290215297601,184.36533742454952,1.241490646953021,1.241490646953021,161.0400140695427,21.123486989693067,True
lift_and_cruse,cruise_207,0.6917531598996983,64.85185874059671,80.5200076021817,436.7353453571119,470.28457839438346,184.3680264944146,1.2415994743639085,1.2415087547770465,161.0400152043634,21.1276132868638,True
lift_and_cruse,cruise_207,0.6915838978652841,64.83599042487037,80.52000756011701,436.7179024595599,470.26878366496754,184.37555783629438,1.2419044785994526,1.2415594697901469,161.04001512023402,21.139174914615623,True
lift_and_cruse,cruise_207,0.6913393066206982,64.81305999569045,80.52000759393093,436.6926953730068,470.2459591556058,184.38644285799666,1.2423454891229238,1.2416327680186752,161.04001518786185,21.155881950778223,True
lift_and_cruse,cruise_207,0.6910678301026736,64.78760907212565,80.5200076268453,436.66471575784493,470.2206251955353,184.39852664959312,1.2428353411833684,1.2417141385976371,161.0400152536906,21.174425361941246,True
lift_and_cruse,cruise_207,0.6908232375648313,64.76467852170293,80.52000761671927,436.6395053296821,470.1977994805658,184.40941578282388,1.2432770133887894,1.241787464512629,161.04001523343854,21.191132398103846,True
lift_and_cruse,cruise_207,0.6906539739178877,64.74881005480198,80.52000758468678,436.62205824856784,470.18200325942377,184.41695240713932,1.2435828437276695,1.2418382150969194,161.04001516937356,21.20269402585567,True
lift_and_cruse,cruise_207,0.6905935643505915,64.74314665786795,80.52000759322118,436.61583126811536,470.176365591278,184.41964247694216,1.2436920301039063,1.2418563296543874,161.04001518644236,21.206820323026403,True
lift_and_cruse,cruise_208,0.6905935643505915,64.74314665786795,80.50181579978879,436.61765277690563,470.1702906552726,184.37599874351426,1.2434028921269284,1.2434028921269284,161.00363159957757,21.206820323026403,True
lift_and_cruse,cruise_208,0.690533168718909,64.73748456739771,80.5018163170343,436.61142729065926,470.1646544765647,184.378688722711,1.2435120546179572,1.2434210329258164,161.0036326340686,21.210946620197134,True
lift_and_cruse,cruise_208,0.6903639437202216,64.72161972377077,80.50181631737001,436.59398372306345,470.1488618112332,184.38622305002667,1.2438180009808064,1.243471843250579,161.00363263474003,21.222508247948955,True
lift_and_cruse,cruise_208,0.6901194059931547,64.69869431185825,80.5018163286976,436.56877569185673,470.1260402717531,184.39711218507452,1.2442603728557344,1.2435452778738678,161.0036326573952,21.239215284111555,True
lift_and_cruse,cruise_208,0.6898479888742972,64.67324895696537,80.50181632005891,436.5407950353565,470.1007096081153,184.40920050247522,1.2447517373489685,1.2436267995953467,161.00363264011781,21.25775869527458,True
lift_and_cruse,cruise_208,0.6896034498525222,64.65032342367395,80.50181631368704,436.51558366096407,470.0778868732865,184.42009381227476,1.2451947743821523,1.243700262372508,161.0036326273741,21.274465731437182,True
lift_and_cruse,cruise_208,0.6894342232393225,64.63445842868649,80.50181632186646,436.49813591677,470.0620927227301,184.4276334172077,1.2455015506469147,1.2437511082886956,161.0036326437329,21.286027359189003,True
lift_and_cruse,cruise_208,0.6893738268891137,64.62879627085441,80.50181632134257,436.4919087059765,470.0564557896779,184.4303244946341,1.2456110744279716,1.2437692564938727,161.00363264268515,21.290153656359735,True
lift_and_cruse,cruise_209,0.6893738268891137,64.62879627085441,80.48316836635324,436.49385571841185,470.0503040704029,184.3855699501707,1.2453143646539238,1.2453143646539238,160.96633673270648,21.290153656359735,True
lift_and_cruse,cruise_209,0.6893134448237155,64.62313545222334,80.4831705738399,436.48762960639664,470.0446689654994,184.38826497923137,1.2454238895220902,1.2453325665034685,160.9663411476798,21.294279953530467,True
lift_and_cruse,cruise_209,0.6891442578370248,64.60727417222108,80.48317052609622,436.47018552089617,470.0288784546831,184.39580197356943,1.2457307776541877,1.2453834703096505,160.96634105219243,21.305841581282287,True
lift_and_cruse,cruise_209,0.6888997750382146,64.58435390983263,80.48317048700916,436.44497673844427,470.00606003418227,184.40669500841767,1.2461745119526397,1.245457040344306,160.96634097401832,21.32254861744489,True
lift_and_cruse,cruise_209,0.6886284188844444,64.55891427041666,80.48317049711942,436.4169952317356,469.9807328487842,184.4187878336899,1.2466673914858337,1.2455387135957692,160.96634099423883,21.341092028607914,True
lift_and_cruse,cruise_209,0.6883839347892852,64.53599388649548,80.48317049163217,436.39178309801986,469.9579132476149,184.4296851666518,1.2471117948169268,1.2456123126592835,160.96634098326433,21.357799064770514,True
lift_and_cruse,cruise_209,0.6882147461862532,64.52013245496124,80.48317041778947,436.3743348511542,469.9421212524052,184.43722735737776,1.247419516164959,1.245663251561143,160.96634083557893,21.369360692522335,True
lift_and_cruse,cruise_209,0.6881543634015762,64.51447156889778,80.4831706154081,436.3681074024787,469.93648512949716,184.4399199036667,1.2475293809370476,1.245681436642394,160.9663412308162,21.373486989693067,True
lift_and_cruse,cruise_210,0.6881543634015762,64.51447156889778,80.46404235764786,436.3701865872852,469.93025257590216,184.39399581113153,1.2472246985972373,1.2472246985972373,160.9280847152957,21.373486989693067,True
lift_and_cruse,cruise_210,0.6880939952710656,64.50881205666239,80.46404412464179,436.3639604469814,469.9246182034928,184.3966907393362,1.2473345532027005,1.247242926853548,160.92808824928358,21.3776132868638,True
lift_and_cruse,cruise_210,0.687924847328932,64.49295443708738,80.46404404543408,436.3465159750981,469.90882996239117,184.4042303332369,1.2476423841843047,1.2472939240006569,160.92808809086816,21.389174914615623,True
lift_and_cruse,cruise_210,0.6876804209502133,64.4700394640825,80.46404418291016,436.3213065789319,469.88601486351257,184.41512765778768,1.248087485620272,1.2473676325412661,160.92808836582032,21.405881950778223,True
lift_and_cruse,cruise_210,0.6874091274169208,64.44460569533634,80.46404408472759,436.29332447254166,469.86069131354367,184.42722451384267,1.2485818795569297,1.2474494546070052,160.92808816945518,21.424425361941246,True
lift_and_cruse,cruise_210,0.6871646997404189,64.42169060066428,80.46404409756957,436.2681117711836,469.83787501123805,184.43812575677063,1.2490276506604552,1.2475231896511716,160.92808819513914,21.441132398103846,True
lift_and_cruse,cruise_210,0.6869955501796049,64.40583282933795,80.46404408842447,436.25066311947415,469.82208530970445,184.44567077820014,1.2493363202013135,1.2475742235096057,160.92808817684895,21.45269402585567,True
lift_and_cruse,cruise_210,0.6869351813289224,64.40017324958647,80.46404405412103,436.2444355925099,469.81644996017855,184.44836372248412,1.2494465195960283,1.2475924383468522,160.92808810824206,21.456820323026403,True
lift_and_cruse,cruise_211,0.6869351813289224,64.40017324958647,80.44441180271524,436.2466535350796,469.8101326214959,184.4012123665486,1.2491334688021964,1.2491334688021964,160.88882360543047,21.456820323026403,True
lift_and_cruse,cruise_211,0.6868748275208261,64.39451508007744,80.4444124002581,436.24042760637025,469.8044988937853,184.4039054021868,1.2492436420229018,1.249151711420589,160.8888248005162,21.460946620197134,True
lift_and_cruse,cruise_211,0.6867057197085311,64.3786612226748,80.44441241268599,436.2229828585157,469.7887130617574,184.41144777841296,1.2495524183846085,1.2492028034630842,160.88882482537198,21.472508247948955,True
lift_and_cruse,cruise_211,0.6864613513187499,64.35575168613279,80.44441240483489,436.1977731374693,469.76590139672965,184.42234845667312,1.2499988828646873,1.249276644637297,160.88882480966979,21.489215284111555,True
lift_and_cruse,cruise_211,0.6861901221475271,64.33032395133066,80.444412400379,436.1697906074293,469.74058170659083,184.43444964746882,1.2504947953377898,1.2493586180811875,160.888824800758,21.50775869527458,True
lift_and_cruse,cruise_211,0.6859457524581926,64.30741429295556,80.4444124329012,436.1445775436664,469.71776887300587,184.4453546404489,1.250941935141101,1.249432488483305,160.8888248658024,21.524465731437182,True
lift_and_cruse,cruise_211,0.6857766430253519,64.29156028362674,80.44441240904068,436.1271286499605,469.7019815683775,184.4529021889256,1.2512515522709318,1.2494836155626157,160.88882481808136,21.536027359189003,True
lift_and_cruse,cruise_211,0.685716288496073,64.28590204650685,80.44441242495867,436.12090102254115,469.69634708448,184.4555961683653,1.2513620908889254,1.249501864574318,160.88882484991734,21.540153656359735,True
lift_and_cruse,cruise_212,0.685716288496073,64.28590204650685,80.42425407811486,436.12326392847,469.68994131215624,184.40716359335474,1.2510402983836681,1.2510402983836681,160.8485081562297,21.540153656359735,True
lift_and_cruse,cruise_212,0.6856559494143728,64.28024525759746,80.42425386060971,436.1170381733465,469.6843083363813,184.40985554368555,1.2511507958221622,1.2510585608973335,160.84850772121942,21.544279953530467,True
lift_and_cruse,cruise_212,0.6854868828639032,64.26439526849093,80.42425398568608,436.09959329195556,469.66852503906995,184.41740063509815,1.2514605183308758,1.25110974770173,160.84850797137216,21.555841581282287,True
lift_and_cruse,cruise_212,0.6852425740984125,64.24149132172617,80.42425403934944,436.07438340627334,469.6457170209481,184.42830499361477,1.2519083496985306,1.2511837241767565,160.84850807869887,21.57254861744489,True
lift_and_cruse,cruise_212,0.6849714111040845,64.21606979100793,80.42425403167215,436.0464007149055,469.6204013688338,184.4404100974148,1.2524057799099466,1.2512658466516913,160.8485080633443,21.591092028607914,True
lift_and_cruse,cruise_212,0.6847271010375627,64.1931657222715,80.42425396279862,436.0211875339731,469.5975921585939,184.45131837919644,1.2528542871659816,1.251339849742618,160.84850792559723,21.607799064770514,True
lift_and_cruse,cruise_212,0.6845580328645581,64.17731558105231,80.42425403622592,436.0037385171601,469.58180739269,184.45886860600825,1.2531648540720484,1.2513910713861782,160.84850807245184,21.619360692522335,True
lift_and_cruse,cruise_212,0.6844976930605964,64.17165872443091,80.4242540881462,435.9975108457375,469.57617381536477,184.4615635444407,1.2532757318531074,1.251409354171483,160.8485081762924,21.623486989693067,True
lift_and_cruse,cruise_213,0.6844976930605964,64.17165872443091,80.4035326546149,436.0000288180921,469.5696733319056,184.41175995470496,1.252944590382481,1.252944590382481,160.8070653092298,21.623486989693067,True
lift_and_cruse,cruise_213,0.6844373691352988,64.16600335643426,80.40353470242161,435.9938024931228,469.5640417021285,184.41445817703547,1.2530554600491908,1.2529629228525658,160.80706940484322,21.6276132868638,True
lift_and_cruse,cruise_213,0.6842683450516769,64.1501573485947,80.40353467325409,435.9763577044001,469.5482610212348,184.42200521688454,1.2533661247014936,1.2530141995322885,160.80706934650817,21.639174914615623,True
lift_and_cruse,cruise_213,0.6840240976526922,64.12725915493989,80.40353463433604,435.95114792100225,469.52545680937016,184.4329127039585,1.2538153207739426,1.253088308021505,160.80706926867208,21.655881950778223,True
lift_and_cruse,cruise_213,0.6837530027687055,64.10184400956615,80.40353482094999,435.92316526880387,469.5001454376098,184.44502199418136,1.2543142720477547,1.2531705818942875,160.80706964189997,21.674425361941246,True
lift_and_cruse,cruise_213,0.6835087540666965,64.0789456937528,80.40353461547153,435.89795220682913,469.47734003119393,184.45593329848873,1.2547641464246106,1.2532447163188452,160.80706923094306,21.691132398103846,True
lift_and_cruse,cruise_213,0.683339728359003,64.06309953365653,80.40353468162262,435.88050325105337,469.4615579145928,184.4634858267959,1.255075661635539,1.2532960302886729,160.80706936324523,21.70269402585567,True
lift_and_cruse,cruise_213,0.6832794037106618,64.05744409787454,80.40353468873766,435.87427561267384,469.4559252755914,184.46618148515324,1.2551868773756625,1.2533143453384137,160.80706937747533,21.706820323026403,True
lift_and_cruse,cruise_214,0.6832794037106618,64.05744409787454,80.38222393770151,435.87695600508573,469.44932574367556,184.41494286474858,1.2548459444451288,1.2548459444451288,160.76444787540302,21.706820323026403,True
lift_and_cruse,cruise_214,0.6832190953938194,64.05179019317058,80.38222601039134,435.87072974994277,469.44369510932984,184.41764192924487,1.2549571514557645,1.254864310148495,160.76445202078267,21.710946620197134,True
lift_and_cruse,cruise_214,0.6830501150439848,64.03594828537358,80.38222615013194,435.85328513446836,469.42791723754397,184.4251915622811,1.2552687631914705,1.2549156813999263,160.76445230026388,21.722508247948955,True
lift_and_cruse,cruise_214,0.6828059308410116,64.01305601634483,80.38222609294256,435.828075671736,469.4051170404977,184.4361021657836,1.2557193249887122,1.2549899222740326,160.76445218588512,21.739215284111555,True
lift_and_cruse,cruise_214,0.6825349060991414,63.9876474467945,80.38222611793884,435.8000934151236,469.37981010275314,184.44821457514345,1.2562197916236582,1.2550723408000293,160.76445223587768,21.75775869527458,True
lift_and_cruse,cruise_214,0.6822907205920257,63.96475505550241,80.3822261142506,435.7748806218131,469.3570087556037,184.45912952476436,1.2566710382695827,1.2551466112471679,160.7644522285012,21.774465731437182,True
lift_and_cruse,cruise_214,0.6821217386159615,63.94891299524639,80.38222612419075,435.7574319043232,469.3412294147913,184.4666841048181,1.2569835009298247,1.2551980161604313,160.7644522483815,21.786027359189003,True
lift_and_cruse,cruise_214,0.682061429575209,63.94325902267584,80.38222613948273,435.75120434392466,469.33559777176447,184.46938056332888,1.2570950554231626,1.2552163641314473,160.76445227896545,21.790153656359735,True
lift_and_cruse,cruise_215,0.682061429575209,63.94325902267584,80.36029181310549,435.75405663773626,469.3288934526673,184.41662352656087,1.2567437606618606,1.2567437606618606,160.72058362621098,21.790153656359735,True
lift_and_cruse,cruise_215,0.6820011373451582,63.93760662610858,80.36029377023861,435.74783055094696,469.3232638397161,184.41932304566984,1.256855302682071,1.256762157071751,160.72058754047723,21.794279953530467,True
lift_and_cruse,cruise_215,0.6818322020698879,63.921768944052,80.3602937282287,435.73038637361503,469.30748885736256,184.42687428900248,1.2571678556324248,1.2568136165213497,160.7205874564574,21.805841581282287,True
lift_and_cruse,cruise_215,0.6815880830009354,63.8988827813377,80.36029374655465,435.7051774580585,469.28469289777587,184.43778803247602,1.257619784052497,1.2568879903969448,160.7205874931093,21.82254861744489,True
lift_and_cruse,cruise_215,0.6813171305514845,63.87348098920167,80.36029375436524,435.67719583795736,469.2593906482805,184.44990368391623,1.258121767673435,1.256970554913433,160.7205875087305,21.841092028607914,True
lift_and_cruse,cruise_215,0.6810730101768008,63.85059470407508,80.36029379860285,435.6519836041936,469.23659353898097,184.46082170694532,1.2585743836268677,1.2570449579529106,160.7205875972057,21.857799064770514,True
lift_and_cruse,cruise_215,0.6809040732733347,63.83475686937513,80.36029376214188,435.6345352961335,469.2208171182354,184.4683782223664,1.2588877934974207,1.2570964533302045,160.72058752428376,21.869360692522335,True
lift_and_cruse,cruise_215,0.680843780318773,63.82910440488497,80.3602937195933,435.62830789292616,469.215186510357,184.47107527226478,1.2589996855712602,1.2571148329131683,160.7205874391866,21.873486989693067,True
lift_and_cruse,cruise_216,0.680843780318773,63.82910440488497,80.33769970554955,435.63134210005074,469.2083713649903,184.41671188829793,1.2586374265252764,1.2586374265252764,160.6753994110991,21.873486989693067,True
lift_and_cruse,cruise_216,0.6807835046819299,63.82345356393093,80.33770170547488,435.6251162057594,469.2027428551352,184.41941218998969,1.2587493057765837,1.2586558559872127,160.67540341094977,21.8776132868638,True
lift_and_cruse,cruise_216,0.6806146158993502,63.80762024056408,80.33770170754379,435.6076725908672,469.1869709524232,184.42696543879924,1.2590628027640953,1.2587074066387032,160.67540341508757,21.889174914615623,True
lift_and_cruse,cruise_216,0.6803705640136806,63.784740376282556,80.33770175074072,435.5824645002547,469.1641794382634,184.4378819867806,1.259516095998433,1.258781911686088,160.67540350148144,21.905881950778223,True
lift_and_cruse,cruise_216,0.6800996861312237,63.759345574802225,80.33770168472219,435.5544838251904,469.13888210780726,184.4500005066653,1.2600195945860901,1.2588646201484872,160.67540336944438,21.924425361941246,True
lift_and_cruse,cruise_216,0.679855632938801,63.73646558801259,80.3377015926013,435.52927246379403,469.1160894207337,184.4609209457764,1.2604735759402577,1.2589391517526924,160.6754031852026,21.941132398103846,True
lift_and_cruse,cruise_216,0.6796867425265634,63.720632111865314,80.3377016137894,435.5118247211751,469.1003160886184,184.46847949886688,1.260787933946634,1.2589907386057095,160.6754032275788,21.95269402585567,True
lift_and_cruse,cruise_216,0.6796264661644212,63.71498120291449,80.33770156597305,435.5055975268278,469.0946865787873,184.47117721375804,1.260900164171753,1.2590091504128247,160.6754031319461,21.956820323026403,True
lift_and_cruse,cruise_217,0.6796264661644212,63.71498120291449,80.31440773033052,435.50882475971656,469.08775388662264,184.4151097849232,1.2605262720644452,1.2605262720644452,160.62881546066103,21.956820323026403,True
lift_and_cruse,cruise_217,0.6795662076576807,63.70933196790757,80.31440996365755,435.50259907715787,469.08212657014434,184.41781127202762,1.2606384911639907,1.260544737446554,160.6288199273151,21.960946620197134,True
lift_and_cruse,cruise_217,0.6793973668723207,63.693503144280065,80.31440985102738,435.48515625991945,469.0663578776708,184.425365987261,1.2609529286421068,1.260596375932363,160.62881970205476,21.972508247948955,True
lift_and_cruse,cruise_217,0.6791533843446909,63.67062978231477,80.31440973891603,435.45994932138615,469.04357100643097,184.43628467916886,1.2614075823343578,1.260671008092507,160.62881947783205,21.989215284111555,True
lift_and_cruse,cruise_217,0.678882583442962,63.6452421977777,80.31440983351074,435.43196984082357,469.0182788909468,184.44840637987798,1.261912597872011,1.2607538631374313,160.62881966702147,22.00775869527458,True
lift_and_cruse,cruise_217,0.6786385996067313,63.62236871313106,80.31440975252967,435.40675959320026,468.99549088140253,184.45932936302273,1.262367945412764,1.2608285246293196,160.62881950505934,22.024465731437182,True
lift_and_cruse,cruise_217,0.6784697571901045,63.606539736572294,80.31440980421276,435.389312616786,468.9797207916873,184.4668897314422,1.2626832500770333,1.2608802017561578,160.62881960842552,22.036027359189003,True
lift_and_cruse,cruise_217,0.6784094979572615,63.60089043349327,80.31440985399807,435.38308567347894,468.97409245465144,184.46958830294915,1.2627958196943598,1.2608986472093828,160.62881970799614,22.040153656359735,True
lift_and_cruse,cruise_218,0.6784094979572615,63.60089043349327,80.29037327577677,435.38651782877884,468.96703503581557,184.41171232449497,1.2624095783653075,1.2624095783653075,160.58074655155355,22.040153656359735,True
lift_and_cruse,cruise_218,0.678349257151257,63.595242857930344,80.2903746112686,435.3802927274219,468.9614087729705,184.41441221412398,1.2625221190255822,1.2624280607408858,160.5807492225372,22.044279953530467,True
lift_and_cruse,cruise_218,0.678180465961931,63.57941868393104,80.29037465828327,435.3628508413158,468.9456435071436,184.42196888935092,1.2628374998610794,1.2624797907479814,160.58074931656654,22.055841581282287,True
lift_and_cruse,cruise_218,0.6779365551016676,63.55655204078134,80.29037456676362,435.33764530540424,468.92286155250815,184.4328899074683,1.263293514690182,1.262554551714642,160.58074913352723,22.07254861744489,True
lift_and_cruse,cruise_218,0.6776658337443218,63.53117191353016,80.29037453602818,435.3096674233524,468.8975748707631,184.44501383303663,1.2638000403775866,1.262637547309509,160.58074907205636,22.091092028607914,True
lift_and_cruse,cruise_218,0.6774219215743603,63.50830514759627,80.29037459077716,435.28445855341425,468.8747918033018,184.45593941910337,1.2642567539852656,1.2627123395465425,160.58074918155432,22.107799064770514,True
lift_and_cruse,cruise_218,0.6772531287518092,63.492480820482115,80.29037455072809,435.2670125804976,468.8590251022903,184.4635011415644,1.2645730019439845,1.2627641041050046,160.58074910145618,22.119360692522335,True
lift_and_cruse,cruise_218,0.6771928872189289,63.48683317677458,80.29037443875664,435.260786029487,468.853397952227,184.46619988553863,1.2646859063593185,1.262782578637884,160.5807488775133,22.123486989693067,True
lift_and_cruse,cruise_219,0.6771928872189289,63.48683317677458,80.26554865978245,435.2644359897432,468.8462080382836,184.40640223056909,1.2642865401128554,1.2642865401128554,160.5310973195649,22.123486989693067,True
lift_and_cruse,cruise_219,0.6771326647206134,63.481187317557506,80.26554829530095,435.2582117586503,468.84058275176693,184.40909852578653,1.2643993889849456,1.2643050258579833,160.5310965906019,22.1276132868638,True
lift_and_cruse,cruise_219,0.6769639248289292,63.465367952712114,80.26554808442646,435.24077113102646,468.8248210170435,184.41665597795387,1.2647157047455488,1.264356839596211,160.5310961688529,22.139174914615623,True
lift_and_cruse,cruise_219,0.6767200880953536,63.44250825893939,80.26554812627315,435.21556728300584,468.80204425621605,184.4275793372613,1.265173079795247,1.2644317299252785,160.5310962525463,22.155881950778223,True
lift_and_cruse,cruise_219,0.6764494490111803,63.41713584479815,80.26554823799735,435.18759127864905,468.7767633409452,184.4397058476809,1.2656811168582394,1.264514869033881,160.5310964759947,22.174425361941246,True
lift_and_cruse,cruise_219,0.6762056109660005,63.39427602806254,80.26554816240086,435.1623841710112,468.75398542589045,184.45063313907409,1.2661391896505123,1.2645897863212485,160.53109632480172,22.191132398103846,True
lift_and_cruse,cruise_219,0.6760368694393688,63.37845650994082,80.26554810020386,435.1449394012974,468.7382223039058,184.45819620532092,1.2664563801304844,1.264641638549491,160.53109620040772,22.20269402585567,True
lift_and_cruse,cruise_219,0.6759766462135897,63.37281058252403,80.26554828502529,435.1387131999165,468.7325964850794,184.46089616296152,1.2665696259049777,1.2646601494041174,160.53109657005058,22.206820323026403,True
lift_and_cruse,cruise_220,0.6759766462135897,63.37281058252403,80.23987730134155,435.1425964194575,468.7252646658248,184.3990405940872,1.2661562042743826,1.2661562042743826,160.4797546026831,22.206820323026403,True
lift_and_cruse,cruise_220,0.6759164426711614,63.36716650042137,80.23987783234637,435.1363724605362,468.71964088064897,184.40173947801176,1.26626940138378,1.266174735870939,160.47975566469273,22.210946620197134,True
lift_and_cruse,cruise_220,0.6757477558918288,63.35135211485895,80.23987799229754,435.1189331580475,468.7038829769664,184.40929903219552,1.266586659647508,1.2662266427377018,160.47975598459507,22.222508247948955,True
lift_and_cruse,cruise_220,0.675503995906707,63.32849961625378,80.23987802669836,435.09373136966315,468.6811116584786,184.42022411986082,1.2670453893359812,1.2663016586785933,160.47975605339673,22.239215284111555,True
lift_and_cruse,cruise_220,0.6752334420065991,63.30313518811866,80.23987801156795,435.06575768548294,468.6558367657336,184.43235226235953,1.2675549297880524,1.2663849352662675,160.4797560231359,22.25775869527458,True
lift_and_cruse,cruise_220,0.6749896807090183,63.280282566470476,80.23987799314736,435.0405526258531,468.6330643095065,184.44328143685638,1.268014361347553,1.2664599792689488,160.47975598629472,22.274465731437182,True
lift_and_cruse,cruise_220,0.6748209922929634,63.26446802746533,80.23987789373261,435.023109295083,468.6173049530577,184.45084562093945,1.2683324917755296,1.266511917926418,160.47975578746522,22.286027359189003,True
lift_and_cruse,cruise_220,0.6747607880220935,63.258823877071265,80.23987804419002,435.0168836130101,468.6116804746609,184.45354592684097,1.2684460728576312,1.2665304592868265,160.47975608838004,22.290153656359735,True
lift_and_cruse,cruise_221,0.6747607880220935,63.258823877071265,80.21330425762595,435.0210160406211,468.60419710470927,184.38949223126687,1.268017635192455,1.268017635192455,160.4266085152519,22.290153656359735,True
lift_and_cruse,cruise_221,0.6747006041274629,63.25318163694964,80.21330603032895,435.01479235002813,468.5985749531221,184.39219446774487,1.268131185048485,1.2680362180491411,160.4266120606579,22.294279953530467,True
lift_and_cruse,cruise_221,0.6745319723999883,63.23737241249891,80.21330591442309,434.9973547897369,468.5828209682467,184.3997543632991,1.2684493727645476,1.2680882062658612,160.42661182884618,22.305841581282287,True
lift_and_cruse,cruise_221,0.6742882919673067,63.214527371935,80.21330591394467,434.97215542537543,468.56005537860034,184.41068082042324,1.2689094525372089,1.2681633457987918,160.42661182788933,22.32254861744489,True
lift_and_cruse,cruise_221,0.6740178263628989,63.18917122152177,80.21330584029083,434.9441844398311,468.5347868436891,184.42281043453198,1.2694204928775663,1.2682467592537119,160.42661168058166,22.341092028607914,True
lift_and_cruse,cruise_221,0.6737741446167522,63.16632605782051,80.21330583099682,434.9189817979679,468.51202012906145,184.4337410835033,1.2698812783222837,1.2683219276133184,160.42661166199363,22.357799064770514,True
lift_and_cruse,cruise_221,0.6736055112512018,63.15051667980017,80.21330595269329,434.9015400851479,468.4962647849701,184.44130680554687,1.2702003499316963,1.2683739558978921,160.42661190538658,22.369360692522335,True
lift_and_cruse,cruise_221,0.6735453266275702,63.14487437133471,80.21330586652148,434.89531506395844,468.49064168344484,184.44400689959082,1.2703142620974224,1.2683925240213951,160.42661173304296,22.373486989693067,True
lift_and_cruse,cruise_222,0.6735453266275702,63.14487437133471,80.18576630843707,434.89971414164114,468.4829962216382,184.37760178051903,1.2698697575502702,1.2698697575502702,160.37153261687413,22.373486989693067,True
lift_and_cruse,cruise_222,0.6734851631222496,63.1392340427109,80.1857682363874,434.8934910991023,468.4773755892446,184.38030467461263,1.2699836417973691,1.2698883732792643,160.3715364727748,22.3776132868638,True
lift_and_cruse,cruise_222,0.6733165885244408,63.12343017416632,80.18576822049096,434.87605544607175,468.46162580438363,184.38786560049786,1.2703027614820832,1.269940447886093,160.3715364409819,22.389174914615623,True
lift_and_cruse,cruise_222,0.6730729906454663,63.10059287301247,80.18576831870075,434.8508588518532,468.4388662777709,184.3987934357234,1.27076418850994,1.2700157115153756,160.3715366374015,22.405881950778223,True
lift_and_cruse,cruise_222,0.6728026166678278,63.07524531260886,80.18576844770737,434.8228909192696,468.41360449135647,184.41092480336124,1.2712767273861751,1.270099264271959,160.37153689541475,22.424425361941246,True
lift_and_cruse,cruise_222,0.6725590174732449,63.0524078881167,80.1857684670255,434.7976910712268,468.3908438323083,184.4218566603895,1.2717388620795012,1.270174555600732,160.371536934051,22.441132398103846,True
lift_and_cruse,cruise_222,0.6723904412353039,63.03660386580974,80.1857683087372,434.7802513724581,468.3750926276737,184.42942249509565,1.2720588635071914,1.2702266640162403,160.3715366174744,22.45269402585567,True
lift_and_cruse,cruise_222,0.6723302770002377,63.030963468772285,80.18576843864548,434.77402698693174,468.36947105916084,184.4321233914103,1.2721731127013662,1.2702452659858674,160.37153687729096,22.456820323026403,True
lift_and_cruse,cruise_223,0.6723302770002377,63.030963468772285,80.15719261564053,434.7787122283372,468.3616516968574,184.3631952559444,1.2717113654052525,1.2717113654052525,160.31438523128105,22.456820323026403,True
lift_and_cruse,cruise_223,0.672270134679428,63.025325126196364,80.15719485221028,434.77248989398487,468.3560326925142,184.3658990948139,1.2718255850405473,1.271730016105116,160.31438970442056,22.460946620197134,True
lift_and_cruse,cruise_223,0.6721016194394632,63.00952682244968,80.15719470908317,434.75505649060483,468.3402872977982,184.37346027045592,1.2721456290430528,1.2717821720301987,160.31438941816634,22.472508247948955,True
lift_and_cruse,cruise_223,0.6718581073345449,62.98669756261359,80.15719490261598,434.72986307550383,468.3175341659191,184.3843891396042,1.2726083974197562,1.2718575578309688,160.31438980523197,22.489215284111555,True
lift_and_cruse,cruise_223,0.67158782855835,62.96135892734531,80.15719485807512,434.7018987482874,468.292279430924,184.39652098017663,1.2731224223600306,1.2719412415592628,160.31438971615023,22.50775869527458,True
lift_and_cruse,cruise_223,0.6713443151372503,62.93852954411722,80.15719484288327,434.67670211910274,468.26952514881305,184.4074535564852,1.2735858994279097,1.2720166529315027,160.31438968576654,22.524465731437182,True
lift_and_cruse,cruise_223,0.6711757982558549,62.9227310864864,80.15719482308147,434.65926460641066,468.2537783869271,184.4150202802285,1.2739068332428996,1.272068847126607,160.31438964616294,22.536027359189003,True
lift_and_cruse,cruise_223,0.6711156552048109,62.91709267545102,80.15719486879318,434.65304103665727,468.2481583808589,184.41772117150236,1.2740214132545218,1.2720874774943707,160.31438973758637,22.540153656359735,True
lift_and_cruse,cruise_224,0.6711156552048109,62.91709267545102,80.12750346434697,434.65803438369727,468.24015182271467,184.34607697517654,1.2735411007896131,1.2735411007896131,160.25500692869394,22.540153656359735,True
lift_and_cruse,cruise_224,0.6710555349257303,62.91145639928721,80.12750543038644,434.6518130189309,468.2345344331845,184.3487802725116,1.2736556449229417,1.273559776317296,160.25501086077287,22.544279953530467,True
lift_and_cruse,cruise_224,0.6708870814443142,62.89566388540446,80.12750542403374,434.63438209898635,468.21879372183105,184.35634208416062,1.2739766126607797,1.2736120165281513,160.25501084806749,22.555841581282287,True
lift_and_cruse,cruise_224,0.6706436585831675,62.87284299217196,80.12750540304668,434.60919238369337,468.19604728740734,184.3672708774831,1.2744407105628248,1.273687517280359,160.25501080609337,22.57254861744489,True
lift_and_cruse,cruise_224,0.670373478859577,62.84751364308534,80.12750543762489,434.58123208202505,468.1708000442,184.37940339835416,1.2749562179095266,1.2737713338944092,160.25501087524978,22.591092028607914,True
lift_and_cruse,cruise_224,0.6701300546811872,62.8246926263613,80.12750538609927,434.55603911088576,468.14805249552467,184.3903363271476,1.2754210304091098,1.2738468632162094,160.25501077219855,22.607799064770514,True
lift_and_cruse,cruise_224,0.669961599557351,62.808899958501655,80.12750541848688,434.5386041106218,468.132310408155,184.39790348105768,1.2757428904586006,1.2738991403336757,160.25501083697375,22.619360692522335,True
lift_and_cruse,cruise_224,0.669901478547241,62.80326361380385,80.12750545517216,434.5323814451405,468.12669206581916,184.400604459074,1.2758578007706127,1.2739177998385187,160.2550109103443,22.623486989693067,True
lift_and_cruse,cruise_225,0.669901478547241,62.80326361380385,80.09661047963385,434.53770724344787,468.1184835652669,184.3260300417612,1.275357455500592,1.275357455500592,160.1932209592677,22.623486989693067,True
lift_and_cruse,cruise_225,0.6698413812354683,62.79762949082515,80.096610479636,434.5314874147801,468.1128675895603,184.32872860802797,1.2754722951289743,1.2753761269633623,160.193220959272,22.6276132868638,True
lift_and_cruse,cruise_225,0.6696729921069751,62.78184301002891,80.0966104796296,434.5140593400146,468.09713180482066,184.33629047037044,1.2757941789502085,1.275428447720847,160.1932209592592,22.639174914615623,True
lift_and_cruse,cruise_225,0.6694296622379492,62.75903083480774,80.09661047963776,434.48887373511405,468.0743924934916,184.34721936482362,1.276259602045966,1.275504065076779,160.19322095927552,22.655881950778223,True
lift_and_cruse,cruise_225,0.6691595857273502,62.733711161939084,80.09661047963081,434.46091801393555,468.0491531488124,184.35935185731003,1.2767765810254879,1.2755880101644201,160.19322095926162,22.674425361941246,True
lift_and_cruse,cruise_225,0.6689162545400884,62.71089886313328,80.0966104796265,434.4357291504266,468.02641273324855,184.3702849592503,1.2772427222699496,1.2756636566320845,160.193220959253,22.691132398103846,True
lift_and_cruse,cruise_225,0.6687478637677814,62.69511222822951,80.09661047962186,434.4182970122389,468.0106755715539,184.37785206828315,1.2775655016088006,1.2757160136915808,160.19322095924372,22.70269402585567,True
lift_and_cruse,cruise_225,0.6686877657244427,62.68947803666649,80.0966104796433,434.41207537517334,468.0050589830478,184.38055296958927,1.2776807397804983,1.27573470131056,160.1932209592866,22.706820323026403,True
lift_and_cruse,cruise_226,0.6686877657244427,62.68947803666649,80.0644144559861,434.41776060508886,467.99663220940744,184.3028110647833,1.2771587348224054,1.2771587348224054,160.1288289119722,22.706820323026403,True
lift_and_cruse,cruise_226,0.6686276923792367,62.683846160553436,80.06441445451799,434.4115419183291,467.9910180932747,184.30550953598703,1.277273898868629,1.2771774343530777,160.12882890903597,22.710946620197134,True
lift_and_cruse,cruise_226,0.6684593704034238,62.668065975320985,80.06441445451198,434.39411704284663,467.97528752037,184.3130711416303,1.2775966922220592,1.277229833828923,160.12882890902395,22.722508247948955,True
lift_and_cruse,cruise_226,0.668216137572448,62.645262897417,80.06441445450845,434.3689360631868,467.95255574219743,184.32399966436503,1.2780634308491772,1.277305564948751,160.1288289090169,22.739215284111555,True
lift_and_cruse,cruise_226,0.6679461687654258,62.619953321758665,80.0644144545086,434.340985478595,467.9273247612398,184.33613174328556,1.2785818716487376,1.277389636322787,160.1288289090172,22.75775869527458,True
lift_and_cruse,cruise_226,0.6677029346152525,62.597150120179926,80.06441445451635,434.31580124565824,467.90459188342317,184.34706447169438,1.2790493314726454,1.277465396586573,160.1288289090327,22.774465731437182,True
lift_and_cruse,cruise_226,0.6675346109944273,62.58136978072756,80.06441445450808,434.2983723134103,467.8888599392823,184.35463132168906,1.2793730241440808,1.2775178324040732,160.12882890901616,22.786027359189003,True
lift_and_cruse,cruise_226,0.6674745369171219,62.57573783598018,80.0644144545183,434.2921518208273,467.8832452131501,184.3573321304201,1.2794885884482672,1.277536548133052,160.1288289090366,22.790153656359735,True
lift_and_cruse,cruise_227,0.6674745369171219,62.57573783598018,80.03080343074465,434.29822797172903,467.874581044424,184.276145460014,1.2789430248591982,1.2789430248591982,160.0616068614893,22.790153656359735,True
lift_and_cruse,cruise_227,0.6674144886252783,62.570108308619844,80.0308034290752,434.29201056304447,467.86896889892745,184.27884372589628,1.279058510674294,1.278961751799252,160.0616068581504,22.794279953530467,True
lift_and_cruse,cruise_227,0.6672462368472905,62.55433470443348,80.03080342907684,434.2745892693186,467.853243848411,184.28640475730379,1.2793822060779647,1.2790142280888728,160.06160685815368,22.805841581282287,True
lift_and_cruse,cruise_227,0.6670031054547564,62.5315411363834,80.03080342906918,434.24941346759465,467.83052005211476,184.2973324493737,1.2798502494162505,1.2790900702197994,160.06160685813836,22.82254861744489,True
lift_and_cruse,cruise_227,0.6667332492354191,62.50624211582054,80.03080342907785,434.2214686330424,467.8052979328608,184.30946360519923,1.280370140014572,1.2791742648239777,160.0616068581557,22.841092028607914,True
lift_and_cruse,cruise_227,0.666490116522802,62.483448424012686,80.03080342907057,434.1962895833917,467.7825730414002,184.3203955008334,1.2808389075761826,1.279250136129159,160.06160685814115,22.857799064770514,True
lift_and_cruse,cruise_227,0.6663218630986976,62.4676746655029,80.03080342906645,434.1788642395698,467.76684662523576,184.3279617739845,1.281163506072043,1.279302648798374,160.0616068581329,22.869360692522335,True
lift_and_cruse,cruise_227,0.666261814074263,62.462045069462164,80.03080342906986,434.17264502797707,467.76123387226016,184.3306623767087,1.281279393827951,1.2793213919569548,160.06160685813973,22.873486989693067,True
lift_and_cruse,cruise_228,0.666261814074263,62.462045069462164,79.99565047898095,434.17914719400864,467.7523110212966,184.24572206190197,1.2807081546885022,1.2807081546885022,159.9913009579619,22.873486989693067,True
lift_and_cruse,cruise_228,0.6662017920201333,62.4564180018875,79.99565047736365,434.1729312117783,467.74670096694854,184.24841999963766,1.2808239591960584,1.2807269082900528,159.9913009547273,22.8776132868638,True
lift_and_cruse,cruise_228,0.6660336137584631,62.44065128985592,79.99565047737721,434.155513915747,467.73098177634756,184.25598011091864,1.2811485480149312,1.280779459285862,159.99130095475442,22.889174914615623,True
lift_and_cruse,cruise_228,0.6657905885997647,62.41786768122794,79.99565047738156,434.1303438930088,467.70826644962443,184.26690647242467,1.2816178835765197,1.2808554093818816,159.99130095476312,22.905881950778223,True
lift_and_cruse,cruise_228,0.6655208502906445,62.39257971474792,79.99565047737461,434.1024054756275,467.6830537333059,184.27903615008157,1.282139210098595,1.2809397238338813,159.99130095474922,22.924425361941246,True
lift_and_cruse,cruise_228,0.6652778238110607,62.36979598228694,79.99565047737538,434.0772322103214,467.6603373157844,184.2899667128229,1.2826092728851217,1.2810157031330558,159.99130095475076,22.941132398103846,True
lift_and_cruse,cruise_228,0.6651096439022732,62.35402911583812,79.99565047736422,434.0598108708801,467.6446167649772,184.29753206291034,1.2829347685389194,1.2810682905442674,159.99130095472844,22.95269402585567,True
lift_and_cruse,cruise_228,0.6650496211151073,62.348401979541315,79.99565047736348,434.05359308872926,467.63900610556317,184.30023233606553,1.2830509766522387,1.2810870603795235,159.99130095472697,22.956820323026403,True
lift_and_cruse,cruise_229,0.6650496211151073,62.348401979541315,79.95881090553513,434.0605612699218,467.6298003009234,184.21118627225988,1.2824516485887243,1.2824516485887243,159.91762181107026,22.956820323026403,True
lift_and_cruse,cruise_229,0.664989626594253,62.342777493211216,79.95881090411125,434.05434687616673,467.6241924691942,184.21388374723222,1.2825677682412218,1.282470428019525,159.9176218082225,22.960946620197134,True
lift_and_cruse,cruise_229,0.6648215254789964,62.327018013655916,79.95881090409922,434.0369340319202,467.60847950678664,184.22144256012072,1.2828932405239286,1.2825230513821253,159.91762180819845,22.972508247948955,True
lift_and_cruse,cruise_229,0.6645786117998113,62.3042448562323,79.95881090410175,434.01177044434075,467.58577318177,184.23236704444545,1.2833638539174603,1.2825991060627109,159.9176218082035,22.989215284111555,True
lift_and_cruse,cruise_229,0.6643089972232217,62.278968489677034,79.9588109041029,433.9838391724232,467.5605704589463,184.24449463718102,1.2838866003742542,1.282683536610127,159.9176218082058,23.00775869527458,True
lift_and_cruse,cruise_229,0.6640660822224405,62.25619520835379,79.95881090410137,433.9586723476445,467.53786304737116,184.25542332016187,1.2843579439647703,1.2827596205211496,159.91762180820274,23.024465731437182,True
lift_and_cruse,cruise_229,0.6638979794591805,62.240435574298175,79.95881090410155,433.9412554666724,467.52214873005056,184.26298736872997,1.2846843267890786,1.2828122803337942,159.9176218082031,23.036027359189003,True
lift_and_cruse,cruise_229,0.6638379842048954,62.23481101920895,79.9588109040972,433.93503927602814,467.5165402955742,184.2656871772183,1.2848008516936102,1.2828310760101957,159.9176218081944,23.040153656359735,True
lift_and_cruse,cruise_230,0.6638379842048954,62.23481101920895,79.92011877582505,433.9425193354956,467.50702369838075,184.17213159523652,1.284170666978611,1.284170666978611,159.8402375516501,23.040153656359735,True
lift_and_cruse,cruise_230,0.6637780186404062,62.22918924753808,79.92011877404099,433.9363067080298,467.50141823321275,184.17482845796144,1.2842870976789165,1.2841894713002757,159.84023754808197,23.044279953530467,True
lift_and_cruse,cruise_230,0.6636099986589886,62.21343737428018,79.92011877404332,433.91889881336925,467.4857119025701,184.18238555740513,1.2846134419656525,1.2842421644268036,159.84023754808663,23.055841581282287,True
lift_and_cruse,cruise_230,0.6633672022213536,62.1906752082519,79.92011877405011,433.8937423803098,467.46301516237276,184.1933075645459,1.2850853166164666,1.2843183199291222,159.84023754810022,23.07254861744489,True
lift_and_cruse,cruise_230,0.6630977177727293,62.16541104119337,79.92011877404933,433.8658190522974,467.43782308017063,184.20543240621288,1.2856094645919027,1.2844028623942367,159.84023754809866,23.091092028607914,True
lift_and_cruse,cruise_230,0.6628549200128886,62.14264875120831,79.92011877404448,433.8406593874198,467.41512525751386,184.2163586091337,1.2860820723767743,1.284479047152326,159.84023754808896,23.107799064770514,True
lift_and_cruse,cruise_230,0.6626868983827074,62.12689672337882,79.92011877405506,433.82324746274253,467.3994175770707,184.22392094068215,1.2864093308676647,1.2845317767605702,159.8402375481101,23.119360692522335,True
lift_and_cruse,cruise_230,0.6626269320844494,62.121274882917135,79.92011877406041,433.8170330412735,467.39381151149473,184.22662013623037,1.2865261684559979,1.2845505973482314,159.84023754812083,23.123486989693067,True
lift_and_cruse,cruise_231,0.6626269320844494,62.121274882917135,79.8793825538773,433.82507790813867,467.38395198241494,184.12808899625563,1.285861932235449,1.285861932235449,159.7587651077546,23.123486989693067,True
lift_and_cruse,cruise_231,0.6625669970466126,62.115655973119935,79.87938255181227,433.8188672426192,467.37834904239827,184.1307850835668,1.2859786692748492,1.2858807604113038,159.75876510362454,23.1276132868638,True
lift_and_cruse,cruise_231,0.662399062598898,62.09991211864669,79.87938255179857,433.80146484583145,467.36264978781276,184.13834001173288,1.286305872361841,1.285933520392589,159.75876510359714,23.139174914615623,True
lift_and_cruse,cruise_231,0.6621563897608461,62.077161540079324,79.87938255179932,433.77631635958573,467.33996327439985,184.14925888005652,1.2867789891740689,1.2860097725124964,159.75876510359865,23.155881950778223,True
lift_and_cruse,cruise_231,0.6618870424971336,62.05191023410627,79.8793825518056,433.7484018548592,467.31478254526417,184.161380236173,1.2873045174509379,1.286094422228258,159.7587651036112,23.174425361941246,True
lift_and_cruse,cruise_231,0.6616443683363789,62.02915953153551,79.87938255180808,433.7232501421824,467.2920949533399,184.17230329713848,1.2877783702936667,1.2861707036275576,159.75876510361616,23.191132398103846,True
lift_and_cruse,cruise_231,0.6614764322392808,62.013415522432574,79.87938255180708,433.70584372209885,467.2763943538752,184.17986345346793,1.2881064911964368,1.286223500119819,159.75876510361417,23.20269402585567,True
lift_and_cruse,cruise_231,0.6614164964673992,62.00779654381868,79.87938255180411,433.69963126549385,467.27079081568723,184.18256187250557,1.2882236367356066,1.286242344579329,159.75876510360823,23.206820323026403,True
lift_and_cruse,cruise_232,0.6614164964673992,62.00779654381868,79.83637956477583,433.70830246231486,467.2605509840155,184.07851339602354,1.2875216346118405,1.2875216346118405,159.67275912955165,23.206820323026403,True
lift_and_cruse,cruise_232,0.6613565936976218,62.00218065915204,79.83637956350235,433.7020939750679,467.25495074481785,184.08120852950233,1.2876386725750069,1.2875404854956187,159.6727591270047,23.210946620197134,True
lift_and_cruse,cruise_232,0.6611887496629429,61.9864452809009,79.83637956349324,433.6846976830875,467.2392590579567,184.0887607791993,1.2879667192333784,1.2875933090690792,159.67275912698648,23.222508247948955,True
lift_and_cruse,cruise_232,0.6609462074753643,61.96370695081539,79.83637956349588,433.6595580207114,467.2165834817349,184.0996757756039,1.2884410561810986,1.2876696530907326,159.67275912699176,23.239215284111555,True
lift_and_cruse,cruise_232,0.6606770052225308,61.93846923961226,79.83637956349317,433.6316533127427,467.1914148940587,184.11179283224007,1.2889679402854615,1.28775440482128,159.67275912698634,23.25775869527458,True
lift_and_cruse,cruise_232,0.6604344617118775,61.915730785488506,79.83637956349894,433.60651042933813,467.1687382431002,184.122712017777,1.2894430161119246,1.287830778143466,159.67275912699787,23.274465731437182,True
lift_and_cruse,cruise_232,0.6602666160273514,61.899995252564196,79.8363795634964,433.58911012080034,467.1530452160651,184.13026949124315,1.289771984137657,1.2878836382541392,159.6727591269928,23.286027359189003,True
lift_and_cruse,cruise_232,0.6602067125233227,61.894379299061505,79.8363795634967,433.5828998456766,467.14744438065384,184.13296695259368,1.289889432168589,1.28790250542002,159.6727591269934,23.290153656359735,True
lift_and_cruse,cruise_233,0.6602067125233227,61.894379299061505,79.79084887880154,433.5922694507378,467.13678044816703,184.02276631886926,1.28914531145498,1.28914531145498,159.58169775760308,23.290153656359735,True
lift_and_cruse,cruise_233,0.6601468439635219,61.888766621580174,79.79084887703077,433.5860633832498,467.13118310486277,184.02546029372476,1.2892626440421604,1.289164183712601,159.58169775406154,23.294279953530467,True
lift_and_cruse,cruise_233,0.6599790957830322,61.87304022965927,79.790848877031,433.5686738717398,467.11549953290756,184.0330092998248,1.2895915166700063,1.2892170672009582,159.581697754062,23.305841581282287,True
lift_and_cruse,cruise_233,0.6597366921086772,61.85031488518849,79.79084887703121,433.54354400960335,467.0928356844993,184.04391960749848,1.2900670482950323,1.28929349780933,159.58169775406242,23.32254861744489,True
lift_and_cruse,cruise_233,0.6594676435937953,61.825091586918305,79.79084887702989,433.5156501820846,467.06768011570296,184.05603145788382,1.2905952599394432,1.2893783456542443,159.58169775405977,23.341092028607914,True
lift_and_cruse,cruise_233,0.6592252385961341,61.802366118387575,79.79084887704298,433.49051710433275,467.04501519614195,184.0669459508181,1.2910715332352904,1.2894548055818642,159.58169775408595,23.357799064770514,True
lift_and_cruse,cruise_233,0.6590574887655083,61.7866395717664,79.790848877022,433.473123583026,467.02933028847565,184.07450017576625,1.291401330711544,1.2895077256301188,159.581697754044,23.369360692522335,True
lift_and_cruse,cruise_233,0.6589976194713277,61.781026825436975,79.79084887703172,433.4669157305303,467.023732351033,184.07719647755752,1.2915190749241052,1.2895266141887576,159.58169775406344,23.373486989693067,True
lift_and_cruse,cruise_234,0.6589976194713277,61.781026825436975,79.74248205502334,433.4770689290352,467.0125925367212,183.96009332636203,1.2907276902395377,1.2907276902395377,159.4849641100467,23.373486989693067,True
lift_and_cruse,cruise_234,0.6589377873004466,61.77541755941687,79.74248202654063,433.4708655584881,467.0069983035188,183.9627858530585,1.2908453097476529,1.2907465819388242,159.48496405308126,23.3776132868638,True
lift_and_cruse,cruise_234,0.6587701410794331,61.759700726196854,79.7424820265525,433.45348358433915,466.991323459298,183.97033098207984,1.2911749879403425,1.290799521175689,159.484964053105,23.389174914615623,True
lift_and_cruse,cruise_234,0.658527884740761,61.73698919444634,79.74248202654587,433.42836461618924,466.9686722241784,183.98123568542383,1.2916516847305588,1.2908760323488757,159.48496405309174,23.405881950778223,True
lift_and_cruse,cruise_234,0.6582589997561088,61.71178122713519,79.74248202654582,433.40048288309487,466.9435306569472,183.99334131309462,1.2921811911224772,1.290960969622824,159.48496405309163,23.424425361941246,True
lift_and_cruse,cruise_234,0.6580167420940565,61.6890695713178,79.74248202654465,433.3753607047617,466.9208783540415,184.00425019736014,1.2926586323092555,1.2910375101308034,159.4849640530893,23.441132398103846,True
lift_and_cruse,cruise_234,0.657849094222815,61.673352583388905,79.74248202654793,433.3579747275841,466.90520217831096,184.01180053986897,1.2929892387496338,1.291090485947301,159.48496405309587,23.45269402585567,True
lift_and_cruse,cruise_234,0.6577892613175134,61.66774324851688,79.74248202654162,433.35176956786177,466.89960735744097,184.01449545573814,1.293107271828035,1.2911093944098502,159.48496405308325,23.456820323026403,True
lift_and_cruse,cruise_235,0.6577892613175134,61.66774324851688,79.69091074976345,433.3628080609073,466.8879298177977,183.88959381711175,1.2922624787583707,1.2922624787583707,159.3818214995269,23.456820323026403,True
lift_and_cruse,cruise_235,0.6577294679974554,61.66213762476144,79.69091074763473,433.3566076777608,466.8823389505528,183.89228476898433,1.2923803775754705,1.29228138910596,159.38182149526946,23.460946620197134,True
lift_and_cruse,cruise_235,0.6575619306340456,61.646430996941774,79.6909107476365,433.33923409482225,466.86667352528355,183.899825305909,1.2927108375858387,1.2923343793417592,159.381821495273,23.472508247948955,True
lift_and_cruse,cruise_235,0.6573198315992106,61.623734212425994,79.690910747646,433.3141272544993,466.8440359022024,183.91072337162717,1.293188665195351,1.2924109642160109,159.381821495292,23.489215284111555,True
lift_and_cruse,cruise_235,0.6570511212087043,61.59854261331603,79.69091074764587,433.2862589853051,466.8189094449257,183.92282162938042,1.293719428170182,1.2924959832985394,159.38182149529175,23.50775869527458,True
lift_and_cruse,cruise_235,0.6568090208505946,61.57584570474324,79.69091074765018,433.2611489402484,466.79627075718173,183.93372387118978,1.2941980028242046,1.2925725975197802,159.38182149530036,23.524465731437182,True
lift_and_cruse,cruise_235,0.656641481837088,61.560138922227004,79.69091074764427,433.2437713610727,466.7806040042995,183.94126961561253,1.2945293943844294,1.2926256243506595,159.38182149528853,23.536027359189003,True
lift_and_cruse,cruise_235,0.6565816877826678,61.55453322962511,79.69091074764499,433.23756919885903,466.77501254657847,183.94396289020352,1.2946477078150083,1.2926445510208788,159.38182149528998,23.540153656359735,True
lift_and_cruse,cruise_236,0.6565816877826678,61.55453322962511,79.63569079057584,433.2496156245641,466.7627226825538,183.81018221049055,1.2937420952166179,1.2937420952166179,159.27138158115167,23.540153656359735,True
lift_and_cruse,cruise_236,0.6565219361168941,61.54893151095882,79.63569048869657,433.2434186632689,466.7571354056842,183.81287050736788,1.2938602581385452,1.2937610167083047,159.27138097739314,23.544279953530467,True
lift_and_cruse,cruise_236,0.6563545154662429,61.53323582496027,79.63569048869618,433.22605444239196,466.7414801852442,183.8204056390407,1.2941914721913301,1.2938140524918553,159.27138097739237,23.555841581282287,True
lift_and_cruse,cruise_236,0.656112585086355,61.510554851845775,79.63569048868904,433.2009611328357,466.7188573097099,183.8312958917658,1.2946703904462988,1.293890703187745,159.27138097737807,23.57254861744489,True
lift_and_cruse,cruise_236,0.6558440618888892,61.48538080208336,79.63569048869505,433.1731078846866,466.69374722256134,183.84338547483802,1.2952023653642177,1.293975795331967,159.2713809773901,23.591092028607914,True
lift_and_cruse,cruise_236,0.6556021301860361,61.46269970494088,79.63569048868408,433.1480113758614,466.6711232852136,183.8542798983044,1.2956820332200565,1.294052475383486,159.27138097736815,23.607799064770514,True
lift_and_cruse,cruise_236,0.6554347078856742,61.447003864281946,79.63569048869967,433.13064316555625,466.6554667407176,183.861820230855,1.2960141820107718,1.2941055477732484,159.27138097739933,23.619360692522335,True
lift_and_cruse,cruise_236,0.6553749554857099,61.44140207678531,79.635690488696,433.12444434735687,466.6498789264816,183.86451157364914,1.2961327658345263,1.2941244907035234,159.271380977392,23.623486989693067,True
lift_and_cruse,cruise_237,0.6553749554857099,61.44140207678531,79.57627817246004,433.137648763777,466.63688542130905,183.7205294889048,1.295157263387501,1.295157263387501,159.15255634492007,23.623486989693067,True
lift_and_cruse,cruise_237,0.6553152486951824,61.435804565173356,79.57627782406026,433.13145555368385,466.6313021002307,183.72321541104665,1.2952756828564387,1.2951761980791254,159.1525556481205,23.6276132868638,True
lift_and_cruse,cruise_237,0.6551479537822609,61.420120667086955,79.57627782405756,433.1141018087209,466.61565798623315,183.730744204435,1.2956076182604133,1.295229273102742,159.1525556481151,23.639174914615623,True
lift_and_cruse,cruise_237,0.6549062050988749,61.39745672801953,79.57627782407351,433.08902363949363,466.5930511609952,183.7416252957383,1.2960875798777056,1.2953059805043277,159.15255564814703,23.655881950778223,True
lift_and_cruse,cruise_237,0.6546378835696142,61.37230158465133,79.57627782407286,433.061187198896,466.56795888973284,183.7537047070047,1.2966207141971062,1.2953911355889698,159.15255564814572,23.674425361941246,True
lift_and_cruse,cruise_237,0.6543961335638078,61.34963752160697,79.57627782407448,433.03610583588994,466.54535100521315,183.7645899630421,1.2971014278625264,1.2954678723502882,159.15255564814896,23.691132398103846,True
lift_and_cruse,cruise_237,0.6542288370018545,61.333953468923866,79.57627782406728,433.01874810834664,466.5297055703154,183.77212394980123,1.297434301056006,1.29552098398512,159.15255564813455,23.70269402585567,True
lift_and_cruse,cruise_237,0.6541691294774389,61.3283558885099,79.57627782406931,433.0125530316996,466.5241217211906,183.77481302751198,1.2975531435512562,1.2955399409222603,159.15255564813862,23.706820323026403,True
lift_and_cruse,cruise_238,0.6541691294774389,61.3283558885099,79.51199920748616,433.0271014108612,466.5103113638082,183.61899047063378,1.2964965072931944,1.2964965072931944,159.0239984149723,23.706820323026403,True
lift_and_cruse,cruise_238,0.6541094713008333,61.322762934453124,79.5119988487077,433.0209124030286,466.50473237777743,183.62167371967004,1.296615170064203,1.2965154531712584,159.0239976974154,23.710946620197134,True
lift_and_cruse,cruise_238,0.65394231260122,61.307091806364376,79.51199884871083,433.00357042511894,466.4891004153989,183.62919509337485,1.296947788044772,1.2965685600678454,159.02399769742166,23.722508247948955,True
lift_and_cruse,cruise_238,0.6537007607520954,61.28444632050894,79.5119988486977,432.978509261999,466.46651115062474,183.64006546014568,1.2974287369404023,1.2966453135262719,159.0239976973954,23.739215284111555,True
lift_and_cruse,cruise_238,0.6534326576928364,61.25931165870342,79.51199884870043,432.95069169980786,466.4414383712169,183.6521329644386,1.2979629683416802,1.2967305197303112,159.02399769740086,23.75775869527458,True
lift_and_cruse,cruise_238,0.6531911045221092,61.23666604894774,79.51199884870296,432.92562734841505,466.41884804933454,183.66300748930374,1.298444671603244,1.2968073025481992,159.02399769740592,23.774465731437182,True
lift_and_cruse,cruise_238,0.6530239441744843,61.2209947663579,79.51199884870441,432.9082813948005,466.40321476876085,183.67053404801678,1.2987782302630233,1.2968604460550794,159.02399769740882,23.786027359189003,True
lift_and_cruse,cruise_238,0.6529642852644444,61.21540174354166,79.51199884870742,432.90209052052313,466.3976352575824,183.67322047431523,1.2988973175260872,1.2968794143671483,159.02399769741484,23.790153656359735,True
lift_and_cruse,cruise_239,0.6529642852644444,61.21540174354166,79.44200419917027,432.91821729032523,466.38286528691543,183.5034910205574,1.2977453702254302,1.2977453702254302,158.88400839834054,23.790153656359735,True
lift_and_cruse,cruise_239,0.652904680093162,61.209813758733944,79.4420038594868,432.9120330173311,466.3772910786429,183.50617121538772,1.297864260218313,1.297764324690073,158.8840077189736,23.794279953530467,True
lift_and_cruse,cruise_239,0.6527376699113394,61.194156554188076,79.44200385948267,432.89470432109647,466.36167249411307,183.51368390119177,1.2981975143481999,1.2978174547595116,158.88400771896534,23.805841581282287,True
lift_and_cruse,cruise_239,0.6524963326770972,61.17153118847786,79.44200385948514,432.8696623527719,466.33910256159555,183.52454171061063,1.298679383371113,1.2978942417014152,158.88400771897028,23.82254861744489,True
lift_and_cruse,cruise_239,0.6522284678230186,61.14641885840799,79.44200385948909,432.8418660982802,466.3140512403396,183.5365952730584,1.299214637234501,1.2979794850653115,158.88400771897818,23.841092028607914,True
lift_and_cruse,cruise_239,0.6519871292683126,61.1237933689043,79.44200385948818,432.8168209472353,466.29148025245377,183.5474572329615,1.2996972627836614,1.2980563013596362,158.88400771897636,23.857799064770514,True
lift_and_cruse,cruise_239,0.6518201174398984,61.10813600999049,79.44200385948247,432.79948828221274,466.2758603519019,183.55497509434105,1.3000314602870093,1.2981094680309897,158.88400771896494,23.869360692522335,True
lift_and_cruse,cruise_239,0.6517605115358139,61.10254795648256,79.44200385949264,432.793302150881,466.2702856160949,183.55765841620322,1.3001507756699653,1.2981284446101495,158.8840077189853,23.873486989693067,True
lift_and_cruse,cruise_240,0.6517605115358139,61.10254795648256,79.36520082635846,432.81130860275357,466.2543724851596,183.37136587898883,1.2988852917047524,1.2988852917047524,158.73040165271692,23.873486989693067,True
lift_and_cruse,cruise_240,0.6517009646003203,61.09696543128003,79.365200508342,432.8051297069457,466.2488035758315,183.3740424877985,1.29900438890187,1.298904251086976,158.730401016684,23.8776132868638,True
lift_and_cruse,cruise_240,0.651534117591786,61.081323524229944,79.36520050834332,432.7878160942094,466.2331998282004,183.38154497789358,1.2993382229427577,1.298957393920858,158.73040101668664,23.889174914615623,True
lift_and_cruse,cruise_240,0.6512930161503865,61.05872026409874,79.36520050834736,432.7627959244167,466.21065133612103,183.39238805063044,1.2998209307493729,1.2990341993022614,158.7304010166947,23.905881950778223,True
lift_and_cruse,cruise_240,0.6510254130074633,61.03363246944968,79.36520050834208,432.7350238675757,466.1856238126435,183.40442525180868,1.3003571166845878,1.2991194631246077,158.73040101668417,23.924425361941246,True
lift_and_cruse,cruise_240,0.6507843102471212,61.011029085667616,79.36520050834264,432.7100005206518,466.1630742664349,183.4152724664485,1.3008405829872582,1.2991962978445986,158.73040101668528,23.941132398103846,True
lift_and_cruse,cruise_240,0.6506174615938922,60.995387024427394,79.36520050834257,432.69268294609725,466.1474692043268,183.42278012141884,1.3011753628579235,1.2992494772631484,158.73040101668514,23.95269402585567,True
lift_and_cruse,cruise_240,0.6505579139264407,60.98980443060381,79.36520050834534,432.68650220080025,466.141899764365,183.4254598001622,1.3012948861938158,1.2992684583908156,158.73040101669068,23.956820323026403,True
lift_and_cruse,cruise_241,0.6505579139264407,60.98980443060381,79.28015346191965,432.7067842168066,466.12460221844265,183.2191136208257,1.2998919114772494,1.2998919114772494,158.5603069238393,23.956820323026403,True
lift_and_cruse,cruise_241,0.6504984315608653,60.98422795883112,79.28015187048254,432.7006118280339,466.119039017064,183.2217828512505,1.300011169994302,1.2999108489722,158.56030374096508,23.960946620197134,True
lift_and_cruse,cruise_241,0.6503317654735266,60.96860301314312,79.28015187047208,432.6833154783132,466.10345187170543,183.22927332313682,1.3003455148389458,1.2999639919201478,158.56030374094416,23.972508247948955,True
lift_and_cruse,cruise_241,0.6500909254716247,60.94602426296482,79.28015187048776,432.65832025655925,466.0809273708675,183.24009902519268,1.3008289614727482,1.3000407974578472,158.5603037409755,23.989215284111555,True
lift_and_cruse,cruise_241,0.6498236125057526,60.9209636724143,79.2801518704793,432.63057589309017,466.0559264760102,183.2521169408883,1.301365968405774,1.3001260614409373,158.5603037409586,24.00775869527458,True
lift_and_cruse,cruise_241,0.6495827711868919,60.89838479877112,79.28015187047873,432.60557749985253,466.0334009216756,183.26294677500837,1.301850175269789,1.3002028962945567,158.56030374095747,24.024465731437182,True
lift_and_cruse,cruise_241,0.6494161034573322,60.882759699124904,79.28015187047946,432.58827719534844,466.0178124626335,183.2704423995675,1.3021854681071197,1.3002560757993764,158.56030374095891,24.036027359189003,True
lift_and_cruse,cruise_241,0.6493566203608998,60.87718315883436,79.28015187048669,432.58210261396977,466.01224894827243,183.27311778417723,1.3023051746143757,1.300275056956667,158.56030374097338,24.040153656359735,True
lift_and_cruse,cruise_242,0.6493566203608998,60.87718315883436,79.18491703964746,432.6051960504165,465.99324029621147,183.04199247394422,1.300732276541911,1.300732276541911,158.36983407929492,24.040153656359735,True
lift_and_cruse,cruise_242,0.6492972103917704,60.87161347422847,79.18491475467803,432.59903097190244,465.98768368022274,183.04465492978227,1.3008516749886219,1.3007511964749636,158.36982950935607,24.044279953530467,True
lift_and_cruse,cruise_242,0.6491307471551584,60.85600754579609,79.18491475468788,432.5817545752747,465.97211531686963,183.05213113651635,1.3011864441844672,1.3008043238654257,158.36982950937576,24.055841581282287,True
lift_and_cruse,cruise_242,0.648890200282073,60.833456276444345,79.18491475467653,432.55678818888634,465.9496179567686,183.06293622015798,1.301670504598309,1.3008811069076853,158.36982950935305,24.07254861744489,True
lift_and_cruse,cruise_242,0.6486232126660594,60.80842618744306,79.18491475467195,432.5290758334246,465.92464718580624,183.07493124493595,1.3022081935741934,1.3009663459049,158.3698295093439,24.091092028607914,True
lift_and_cruse,cruise_242,0.6483826644785697,60.78587479486591,79.18491475469274,432.5041062812578,465.90214877211196,183.08574044943174,1.3026930156578407,1.3010431582307567,158.36982950938548,24.107799064770514,True
lift_and_cruse,cruise_242,0.6482161996029221,60.77026871277394,79.18491475468468,432.48682593698464,465.8865790949402,183.09322179464965,1.3030287346400946,1.3010963221362921,158.36982950936937,24.119360692522335,True
lift_and_cruse,cruise_242,0.648156788904353,60.7646989597831,79.18491475468021,432.48065847964574,465.88102228374316,183.09589208237958,1.3031485933159033,1.3011152977243035,158.36982950936041,24.123486989693067,True
lift_and_cruse,cruise_243,0.648156788904353,60.7646989597831,87.3539699505368,430.23864255148317,467.27656074381315,203.036085814659,1.4375775976061407,1.4375775976061407,174.7079399010736,24.123486989693067,True
lift_and_cruse,cruise_243,0.6480910854758078,60.75853926335698,87.35397036187966,430.2316902408066,467.27037342724384,203.03945060249225,1.4377239327568485,1.4376014216647575,174.70794072375932,24.1276132868638,True
lift_and_cruse,cruise_243,0.6479069882768478,60.74128015095448,87.35397033423968,430.21221016386954,467.2530367227134,203.04887646132363,1.4381340942539202,1.437668160557205,174.70794066847935,24.139174914615623,True
lift_and_cruse,cruise_243,0.6476409593798501,60.716339941860944,87.35397035698996,430.18405941836306,467.2279844053567,203.0624995605897,1.4387272101753874,1.437764617609341,174.70794071397992,24.155881950778223,True
lift_and_cruse,cruise_243,0.6473456885598273,60.688658302483816,87.35397033474209,430.15281280422715,467.2001783320101,203.07762292395842,1.4393860922570725,1.4378716971380467,174.70794066948417,24.174425361941246,True
lift_and_cruse,cruise_243,0.6470796578238919,60.66371792098987,87.35397034537752,430.12465907496147,467.17512585206475,203.09125138661327,1.4399802428454411,1.4379681921651442,174.70794069075504,24.191132398103846,True
lift_and_cruse,cruise_243,0.6468955583317363,60.64645859360028,87.35397034515255,430.1051752637796,467.15778895324956,203.10068405417928,1.440391695361655,1.4380349792661866,174.7079406903051,24.20269402585567,True
lift_and_cruse,cruise_243,0.6468298538826764,60.64029880150092,87.35397004747949,430.09822148954817,467.15160142651513,203.10405010686821,1.4405385932255,1.4380588122804931,174.70794009495899,24.206820323026403,True
lift_and_cruse,cruise_244,0.6468298538826764,60.64029880150092,78.87081002055191,432.42341964405426,465.69835751497783,182.39254961138417,1.300633598108201,1.300633598108201,157.74162004110383,24.206820323026403,True
lift_and_cruse,cruise_244,0.6467706835918245,60.63475158673355,78.87081003890272,432.41727955950876,465.69282403646577,182.3951980553962,1.3007530052302316,1.3006524840510318,157.74162007780544,24.210946620197134,True
lift_and_cruse,cruise_244,0.6466048919206238,60.61920861755848,78.87081003890134,432.4000749532169,465.67731940159035,182.40261933386785,1.301087692668796,1.3007054048756035,157.74162007780268,24.222508247948955,True
lift_and_cruse,cruise_244,0.6463653154923654,60.59674832740926,78.87081003889152,432.37521231225304,465.6549141286508,182.41334502753597,1.3015716348131838,1.3007818893459258,157.74162007778304,24.239215284111555,True
lift_and_cruse,cruise_244,0.6460994049953435,60.57181921831344,78.87081003889422,432.3476151129689,465.63004556233955,182.4252519134365,1.3021091923438672,1.3008667968483654,157.74162007778844,24.25775869527458,True
lift_and_cruse,cruise_244,0.6458598272643865,60.54935880603623,78.87081003889301,432.3227493196369,465.6076392278825,182.43598168705728,1.302593895840112,1.3009433104126584,157.74162007778602,24.274465731437182,True
lift_and_cruse,cruise_244,0.6456940339687468,60.53381568457001,78.87081003889764,432.305540782408,465.5921332693161,182.4434080531352,1.3029295326694619,1.3009962675167361,157.7416200777953,24.286027359189003,True
lift_and_cruse,cruise_244,0.6456348629549514,60.528268402026704,78.87081003890142,432.29939895343955,465.58659919858826,182.4460587168003,1.3030493620077825,1.30101516928782,157.74162007780285,24.290153656359735,True
lift_and_cruse,cruise_245,0.6456348629549514,60.528268402026704,75.49224586187586,433.21816357437154,465.01172757236867,174.25918904001713,1.2472229563954902,1.2472229563954902,150.98449172375172,24.290153656359735,True
lift_and_cruse,cruise_245,0.6455782842517521,60.522964148601766,75.49224586044366,433.21233758458567,465.00645191760003,174.2615830657707,1.2473326251132901,1.2472400911239052,150.98449172088732,24.294279953530467,True
lift_and_cruse,cruise_245,0.6454197540748963,60.50810194452153,75.49224586041187,433.1960130477805,464.99166966919995,174.268291539346,1.2476400129805776,1.2472881055918457,150.98449172082374,24.305841581282287,True
lift_and_cruse,cruise_245,0.6451906708805893,60.48662539505525,75.49224586043235,433.1724221716961,464.9703081993482,174.27798700439783,1.248084469398649,1.247357498813817,150.9844917208647,24.32254861744489,True
lift_and_cruse,cruise_245,0.6449364070923475,60.46278816490758,75.4922458604811,433.14623656304644,464.94659806222137,174.2887501517181,1.2485781502102382,1.2474345337437671,150.9844917209622,24.341092028607914,True
lift_and_cruse,cruise_245,0.6447073227715299,60.441311509830925,75.4922458604153,433.1226426031517,464.9252353417475,174.29844920795253,1.2490232762454294,1.2475039526688614,150.9844917208306,24.357799064770514,True
lift_and_cruse,cruise_245,0.6445487911899382,60.42644917405671,75.49224586034359,433.10631422087954,464.91045153385886,174.30516215982527,1.249331499113246,1.24755199918926,150.98449172068717,24.369360692522335,True
lift_and_cruse,cruise_245,0.6444922118615727,60.42114486202244,75.49224586034958,433.10048651930384,464.90517518529873,174.3075581821276,1.2494415394654674,1.2475691482075468,150.98449172069917,24.373486989693067,True
lift_and_cruse,cruise_246,0.6444922118615727,60.42114486202244,75.43169584470097,433.1144512419851,464.8924694345626,174.16111521657788,1.2484320847772064,1.2484320847772064,150.86339168940194,24.373486989693067,True
lift_and_cruse,cruise_246,0.6442951533396025,60.40267062558774,75.43169584493573,433.09415629194575,464.8740933260055,174.16945237245238,1.2488151806175793,1.2484918476747773,150.86339168987146,24.38787013189182,True
lift_and_cruse,cruise_246,0.6437430054836409,60.350906764091334,75.4316958449345,433.0372853525483,464.8226022842991,174.19281926855217,1.2498898463749808,1.2486593476518895,150.863391689869,24.428170800777956,True
lift_and_cruse,cruise_246,0.6429451232642748,60.27610530602576,75.43169584492864,432.95508946035835,464.74818948866107,174.22660288540578,1.2514460590253875,1.248901517387467,150.86339168985728,24.486406954623305,True
lift_and_cruse,cruise_246,0.6420595330710563,60.19308122541153,75.43169584494493,432.8610947415031,464.6630605379788,174.26530128024487,1.2531783977820274,1.2491789175274834,150.86339168988985,24.55104420893924,True
lift_and_cruse,cruise_246,0.6412616367766741,60.1182784478132,75.43169584492912,432.7759973181749,464.5859834493127,174.3003063889146,1.2547429979354283,1.2494298432334887,150.86339168985825,24.609280362784588,True
lift_and_cruse,cruise_246,0.6407094714645265,60.06651294979935,75.43169584493792,432.7170987032419,464.5326413014369,174.32454293759136,1.2558280271033317,1.249603577106028,150.86339168987584,24.649581031670724,True
lift_and_cruse,cruise_246,0.6405124051636845,60.048037984095416,75.43169584493667,432.69607617542385,464.513603086869,174.33319529138498,1.2562157246450876,1.2496655994241062,150.86339168987334,24.663964173869477,True
lift_and_cruse,decel_descend,0.6405124051636845,60.048037984095416,29.276116394588485,438.6054545964554,450.7877237574364,66.7481812817954,0.4875449286510024,0.4875449286510024,58.55223278917697,24.663964173869477,True
lift_and_cruse,decel_descend,0.6398887664537398,59.98957185503811,29.26268754108042,438.5428511847664,450.7217840300042,66.72717047606994,0.48779684013714303,0.48739146062263666,58.52537508216084,24.78280153238657,True
lift_and_cruse,decel_descend,0.6381428706881761,59.82589412701652,29.226209377820318,438.3675787841874,450.5376369937428,66.67086627103302,0.48852335011703385,0.4869802010332317,58.452418755640636,25.115776411638997,True
lift_and_cruse,decel_descend,0.6356237188651913,59.589723643611684,29.176482064339734,438.1146469333859,450.273113769528,66.59618491022655,0.489627443375168,0.4864347102344303,58.35296412867947,25.596939053121897,True
lift_and_cruse,decel_descend,0.6328325133840881,59.32804812975825,29.125408626663994,437.8343571841974,449.981664508076,66.52253433089432,0.49092886038200256,0.48589674851388476,58.25081725332799,26.130989294617052,True
lift_and_cruse,decel_descend,0.6303217526027471,59.09266430650755,29.083092609919213,437.58219156539866,449.7209810289289,66.46449443601112,0.4921707199685896,0.48547281102425827,58.166185219838425,26.612151936099956,True
lift_and_cruse,decel_descend,0.6285863212963471,58.92996762153254,29.055856209116868,437.4078746786568,449.54162213601984,66.42894177837263,0.49306903453673673,0.48521312577742687,58.111712418233736,26.945126815352378,True
lift_and_cruse,decel_descend,0.6279673400617625,58.871938130790234,29.04654029573707,437.345696523828,449.47781333679035,66.41716617990112,0.493397410147363,0.4851271139459976,58.09308059147414,27.063964173869476,True
lift_and_cruse,arrival_terminal_procedure,0.6279673400617625,58.871938130790234,64.45515824723991,434.3135674162742,461.4225829277767,148.4069646515601,1.0948366962889182,1.0948366962889182,128.91031649447982,27.063964173869476,True
lift_and_cruse,arrival_terminal_procedure,0.6274458934007191,58.82305250631742,64.45515824848789,434.2590798652242,461.37253191167906,148.4259267525061,1.0957490921227548,1.0949765846290858,128.91031649697578,27.10864440385833,True
lift_and_cruse,arrival_terminal_procedure,0.625984819408101,58.68607681950947,64.45515824848908,434.1063711737307,461.23227464899196,148.4790968743617,1.0983136960665676,1.0953688344179708,128.91031649697817,27.233835626308547,True
lift_and_cruse,arrival_terminal_procedure,0.6238734725957968,58.488138055855956,64.45515824848577,433.88560186339447,461.02955170938924,148.5560329317978,1.102040959100045,1.0959364116819261,128.91031649697155,27.414742184244272,True
lift_and_cruse,arrival_terminal_procedure,0.621530007578626,58.268438210496186,64.45515824848248,433.6404296000457,460.8044836262739,148.64156836081847,1.106207675029102,1.0965674287419713,128.91031649696495,27.615533315193,True
lift_and_cruse,arrival_terminal_procedure,0.6194185761635761,58.070491515335256,64.45515824848367,433.4194137653213,460.60164802757754,148.71876210534592,1.1099888601869563,1.0971369070304804,128.91031649696734,27.79643987312873,True
lift_and_cruse,arrival_terminal_procedure,0.6179573966724663,57.93350593804371,64.45515824848484,433.26639766308745,460.4612502817986,148.77225355850226,1.1126207076168595,1.0975315273637707,128.91031649696967,27.92163109557894,True
lift_and_cruse,arrival_terminal_procedure,0.6174359030599651,57.88461591187173,64.45515824848599,433.21177330178,460.4111367448183,148.79135866261603,1.1135630309156659,1.0976724706754224,128.91031649697197,27.966311325567798,True
lift_and_cruse,second_descent,0.6174359030599651,57.88461591187173,27.415233748894202,436.28379329168314,447.77088272546706,62.838075056722076,0.4736186518130033,0.4736186518130033,54.830467497788405,27.966311325567798,True
lift_and_cruse,second_descent,0.617319132476833,57.87366866970309,27.4119336004038,436.272029799525,447.75814621158054,62.83221885105871,0.47365132166417384,0.4735745128378912,54.8238672008076,27.990078797271217,True
lift_and_cruse,second_descent,0.616992023526635,57.843002205622035,27.402730089074012,436.2390763681989,447.72248417915915,62.81590664667525,0.47374361723764774,0.4734515656559284,54.805460178148024,28.0566737731217,True
lift_and_cruse,second_descent,0.6165195313007086,57.798706059441436,27.389543391109438,436.19147575090324,447.67101574921514,62.792586261517854,0.4738789626096356,0.47327579691431687,54.779086782218876,28.15290630141828,True
lift_and_cruse,second_descent,0.6159953703295232,57.749565968392794,27.37506332556779,436.13866836696275,447.61397943313455,62.76705072534392,0.4740319249439195,0.47308333229465593,54.75012665113558,28.259716349717312,True
lift_and_cruse,second_descent,0.6155233545898047,57.70531449279418,27.36215766041398,436.0911131177173,447.562671679139,62.7443573838195,0.4741722126266639,0.47291228966153537,54.72431532082796,28.35594887801389,True
lift_and_cruse,second_descent,0.6151968398105424,57.674703732238356,27.353304564264846,436.05821625955406,447.5272099951567,62.72882702796793,0.47427067070619544,0.47279523537249235,54.70660912852969,28.42254385386438,True
lift_and_cruse,second_descent,0.6150803336587632,57.66378128050905,27.350160371976962,436.0464779448313,447.51456264756666,62.723318793124655,0.4743060832536407,0.47275371909819547,54.700320743953924,28.446311325567795,True
lift_and_cruse,app_transition,0.6150803336587632,57.66378128050905,15.335221056571818,436.0445349230458,442.4746932142653,35.16893305239617,0.26594199540908847,0.26594199540908847,30.670442113143636,28.446311325567795,True
lift_and_cruse,app_transition,0.6150782858848364,57.663589301703404,15.334413808881402,436.0443266313912,442.4741504944359,35.1670986353554,0.2659288821547617,0.26592812383307257,30.668827617762805,28.44705890097665,True
lift_and_cruse,app_transition,0.6150725487263055,57.663051443091135,15.332152178969187,436.04374306935523,442.472629977671,35.16195922145773,0.2658921428691313,0.26588926038546257,30.664304357938374,28.449153560725073,True
lift_and_cruse,app_transition,0.6150642597929743,57.66227435559134,15.328884622330431,436.042899949334,442.47043315889067,35.15453387703902,0.26583906149072667,0.2658331110872064,30.657769244660862,28.452180431760578,True
lift_and_cruse,app_transition,0.6150550618480152,57.66141204825142,15.325258728834125,436.0419643664256,442.46799541581214,35.14629419796063,0.2657801572645288,0.2657708039170579,30.65051745766825,28.455540005152447,True
lift_and_cruse,app_transition,0.6150467766568132,57.66063531157623,15.321992651208983,436.0411216242581,442.46579957333574,35.13887215386228,0.26572709689699514,0.2657146795753103,30.643985302417967,28.45856687618795,True
lift_and_cruse,app_transition,0.6150410441646412,57.66009789043512,15.319732865468376,436.0405385333979,442.46428027394796,35.13373685510277,0.2656903838092685,0.26567584724573434,30.639465730936752,28.460661535936374,True
lift_and_cruse,app_transition,0.6150389984674396,57.65990610632246,15.31892643847848,436.0403304514362,442.4637380958884,35.131904269394944,0.2656772822135321,0.265661989517973,30.63785287695696,28.461409111345226,True
lift_and_cruse,hover_descent,0.6150389984674396,57.65990610632246,15.762903631600842,436.0403102835367,442.6498829298846,36.15010644623879,0.27337719909801284,0.27337719909801284,31.525807263201685,28.461409111345226,True
lift_and_cruse,hover_descent,0.6150064901431267,57.65685845091813,15.762399160853843,436.0370049170747,442.6464322102331,36.14922488426025,0.2733829100665408,0.2733705324801736,31.524798321707685,28.472953362616252,True
lift_and_cruse,hover_descent,0.6149154093940765,57.64831963069467,15.760985912715121,436.02774405743185,442.63676416683006,36.14675525085473,0.2733989168807347,0.27335185642276827,31.521971825430242,28.505299635884157,True
lift_and_cruse,hover_descent,0.6147838083505681,57.63598203286576,15.758944329111946,436.0143632149399,442.62279514225236,36.14318763680289,0.2734220600775481,0.2733248771291276,31.517888658223892,28.552041355027217,True
lift_and_cruse,hover_descent,0.6146377622077698,57.62229020697842,15.756679199398409,435.9995136581477,442.60729305098107,36.139229420479744,0.27344776465342846,0.27329494399204385,31.513358398796818,28.60392074931959,True
lift_and_cruse,hover_descent,0.6145061971886666,57.6099559864375,15.754639160529395,435.98613652315265,442.5933282717,36.135664575954294,0.2734709395173954,0.2732679856423351,31.50927832105879,28.650662468462656,True
lift_and_cruse,hover_descent,0.6144151613613132,57.60142137762311,15.753227838643848,435.9768802866824,442.5836655220953,36.13319839609447,0.27348698581991604,0.27324933570160664,31.506455677287697,28.68300874173056,True
lift_and_cruse,hover_descent,0.6143826730290356,57.59837559647208,15.752724228642226,435.97357697772554,442.5802171598657,36.132318379074015,0.2734927144227965,0.27324268076717184,31.50544845728445,28.69455299300159,True
