eVTOL_type,mission_segment,propeller_throttle,propeller_rpm,propeller_thrust_N,propeller_torque_N_m,propeller_efficiency,propeller_motor_efficiency,propeller_power_coefficient,propeller_tip_mach,time_min,fesibility
vector_thrust,hover_climb,0.8899844465830372,1935.201368535188,4.673708288516008e-12,115.12818634515925,0.13026256161151364,0.9236479510238577,0.03221690611980235,0.5285290496548484,0.0,True
vector_thrust,hover_climb,0.8899565352454128,1935.2688085130087,4.673707181334317e-12,115.12785541928208,0.13025836579838704,0.923649743067177,0.03221690208149352,0.528551967040303,0.005177240670103845,True
vector_thrust,hover_climb,0.8898837490950506,1935.457790650406,4.67370407913417e-12,115.12692814520537,0.13024660969356003,0.9236547641144875,0.032216890729330615,0.5286161877346424,0.01968354667101134,True
vector_thrust,hover_climb,0.88979265780964,1935.7309285553333,4.673699596321882e-12,115.12558808496715,0.13022962241890318,0.9236620193570196,0.03221687422795346,0.5287090091310916,0.04064576619107488,True
vector_thrust,hover_climb,0.8897110066115319,1936.0341590973887,4.6736946208026944e-12,115.1241005789429,0.13021076905824008,0.9236700715410684,0.03221685577873072,0.5288120605283466,0.06391207456959466,True
vector_thrust,hover_climb,0.8896549260074667,1936.307423756005,4.673690137986903e-12,115.12276024538654,0.1301937837516419,0.9236773258325919,0.0322168390359896,0.5289049313383648,0.08487429408965821,True
vector_thrust,hover_climb,0.8896258015022983,1936.4965639767847,4.67368703590253e-12,115.12183263073321,0.13018203009944063,0.9236823456945734,0.032216827382118535,0.5289692136570054,0.09938060009056571,True
vector_thrust,hover_climb,0.8896173228610089,1936.5640743040913,4.673685928751237e-12,115.12150155306749,0.1301778353780993,0.9236841372103121,0.03221682320961746,0.5289921584666971,0.10455784076066955,True
vector_thrust,second_climb,0.6097478402229128,1324.144771718124,1960.9705270958386,81.44797247735511,0.8090815292988736,0.9123141743345629,0.04875277577588674,0.36170360186263145,0.10455784076066955,True
vector_thrust,second_climb,0.6097778559781232,1324.1757518403551,1961.13709373368,81.44912589492617,0.8091088077791995,0.9123151060307202,0.048768853885439216,0.36172746363391445,0.12931562378506473,True
vector_thrust,second_climb,0.6098686733936943,1324.2631219461994,1961.605266129499,81.4523509275979,0.8091854905412523,0.9123177395778388,0.04881389437450131,0.361794491611409,0.19868539029598606,True
vector_thrust,second_climb,0.6100174063731149,1324.390841333875,1962.2855945904746,81.45699460526208,0.8092969475300676,0.9123216045221326,0.048878956332634574,0.36189178752291784,0.29892760727159073,True
vector_thrust,second_climb,0.6102067400304911,1324.5346185617834,1963.0460004259699,81.4621282210385,0.80942154569993,0.9123259754860555,0.04895113913863933,0.36200038131295026,0.4101880742497478,True
vector_thrust,second_climb,0.6103992177471487,1324.6659673989002,1963.7359152258086,81.46673755298801,0.8095346011824941,0.9123299857921506,0.04901614802890645,0.36209876239042815,0.5104302912253526,True
vector_thrust,second_climb,0.6105445927089225,1324.7578634756783,1964.2160417340442,81.46991977258294,0.8096132770544326,0.9123328006034799,0.049061122354859946,0.36216714357958085,0.5798000577362739,True
vector_thrust,second_climb,0.6105988921369108,1324.7908582146185,1964.3879325533226,81.47105417788622,0.809641442698217,0.9123338129747395,0.049077171020549225,0.3621916076873324,0.6045578407606691,True
vector_thrust,departure_terminal_procedures,0.610634794093808,1352.9940704508044,1257.7700820550522,60.45374730734982,0.7346530075446823,0.9151688392588943,0.03491421401207375,0.369902233646465,0.6045578407606691,True
vector_thrust,departure_terminal_procedures,0.6107486892687338,1352.9940746946877,1257.7701405779778,60.453749271230656,0.7346530155804772,0.9151688395447573,0.03491421492725585,0.3699022348067228,0.648937476899721,True
vector_thrust,departure_terminal_procedures,0.6110782735969548,1352.9940746946904,1257.7701405780172,60.45374927122696,0.7346530155804818,0.915168839544757,0.03491421492725456,0.3699022348067235,0.773286454099019,True
vector_thrust,departure_terminal_procedures,0.6115818940416808,1352.9940746946907,1257.770140578028,60.45374927122676,0.7346530155804831,0.9151688395447569,0.034914214927255355,0.36990223480672363,0.9529759323841173,True
vector_thrust,departure_terminal_procedures,0.6121789224781393,1352.9940746946868,1257.7701405779737,60.45374927122922,0.7346530155804758,0.915168839544757,0.03491421492725519,0.3699022348067225,1.1524162068338222,True
vector_thrust,departure_terminal_procedures,0.6127513105415475,1352.9940746946918,1257.7701405780365,60.45374927122676,0.734653015580485,0.915168839544757,0.03491421492725466,0.36990223480672385,1.3321056851189206,True
vector_thrust,departure_terminal_procedures,0.6131666588953719,1352.9940746946925,1257.7701405780488,60.45374927122389,0.7346530155804859,0.9151688395447568,0.03491421492725376,0.3699022348067241,1.4564546623182184,True
vector_thrust,departure_terminal_procedures,0.6133187216701691,1352.994074694723,1257.7701405784692,60.453749271239474,0.7346530155805439,0.9151688395447589,0.03491421492726101,0.36990223480673246,1.5008342984572705,True
vector_thrust,accel_climb,0.6657133536476552,1446.3527184412014,1831.6533361124552,80.62411130666533,0.7828621023002745,0.9167617377090245,0.040746221158491115,0.3954260501775719,1.5008342984572705,True
vector_thrust,accel_climb,0.6664577350964437,1446.462531786018,1831.9727398412724,80.60968165352006,0.783045379109246,0.9167676669399298,0.040803785327843275,0.39553704136119794,1.6196716569743674,True
vector_thrust,accel_climb,0.6686055368506524,1446.7788662318978,1832.8878557552734,80.56909457436943,0.7835639061197532,0.9167845646171273,0.040965090370935646,0.39585072515617253,1.9526465362267897,True
vector_thrust,accel_climb,0.6697488311955897,1447.2585653628896,1834.26257249244,80.51004277153338,0.7843260545205625,0.9168097221039875,0.04119821050046958,0.39631105708340786,2.4338091777096924,True
vector_thrust,accel_climb,0.6699036083343549,1447.8223615930012,1835.8608014625524,80.44396772634796,0.7851894479230582,0.9168386634945374,0.04145698492007464,0.3968317945506173,2.9678594192048466,True
vector_thrust,accel_climb,0.6703717925320831,1448.3586448034519,1837.3660643531496,80.38398831130006,0.7859827272417363,0.916865648285837,0.041690160493293785,0.397309839318288,3.449022060687749,True
vector_thrust,accel_climb,0.6708781073455622,1448.745472606026,1838.4439292538182,80.3422514166088,0.7865400297949913,0.9168848212855509,0.04185154236628496,0.3976455927920608,3.7819969399401714,True
vector_thrust,accel_climb,0.6710950223807468,1448.886638374506,1838.835796697236,80.32731328026848,0.7867405511057722,0.916891761938338,0.0419091436696222,0.3977664004667919,3.9008342984572684,True
vector_thrust,cruise_0,0.6885799467869763,1505.2923069378846,1225.6300004234224,62.323742289684596,0.7021827284102311,0.9192583938599029,0.030124940605597703,0.413251586923856,3.9008342984572684,True
vector_thrust,cruise_0,0.6885918062750762,1505.2923059020495,1225.629985007872,62.32374176038855,0.7021827260114568,0.9192583937800767,0.030124940391216527,0.41325158663948564,3.907547217652187,True
vector_thrust,cruise_0,0.6886252055852204,1505.29230590167,1225.629985002215,62.32374176019136,0.7021827260105706,0.9192583937800471,0.030124940391136914,0.41325158663938155,3.9263563992618375,True
vector_thrust,cruise_0,0.6886739063266972,1505.2923059010534,1225.6299849930467,62.32374175987897,0.7021827260091447,0.9192583937799998,0.030124940391009346,0.4132515866392122,3.9535364541889555,True
vector_thrust,cruise_0,0.688728565758252,1505.2923059001596,1225.6299849797522,62.32374175941797,0.7021827260070764,0.9192583937799305,0.030124940390823193,0.41325158663896683,3.9837040392137264,True
vector_thrust,cruise_0,0.6887783583037013,1505.2923058996164,1225.629984971651,62.32374175914166,0.7021827260058128,0.9192583937798887,0.030124940390711098,0.41325158663881767,4.010884094140844,True
vector_thrust,cruise_0,0.6888131190763412,1505.292305899675,1225.6299849725374,62.32374175916523,0.7021827260059562,0.9192583937798926,0.030124940390721285,0.4132515866388338,4.029693275750495,True
vector_thrust,cruise_0,0.6888255851448215,1505.292305899704,1225.6299849729585,62.3237417591804,0.7021827260060165,0.9192583937798949,0.030124940390726662,0.4132515866388417,4.036406194945414,True
vector_thrust,cruise_1,0.6801067495934175,1485.872350806847,1227.4541170124385,61.89507520036302,0.7070652284027465,0.9187521258330331,0.03070488340366008,0.40792017876335834,4.036406194945414,True
vector_thrust,cruise_1,0.6801187837326064,1485.872352658097,1227.45414427927,61.895076116718364,0.7070652325702023,0.9187521259750479,0.030704883781735817,0.4079201792715865,4.043119114140333,True
vector_thrust,cruise_1,0.6801526542979958,1485.8723527016598,1227.4541449208853,61.89507613807636,0.7070652326682324,0.918752125978368,0.030704883790529214,0.4079201792835459,4.061928295749984,True
vector_thrust,cruise_1,0.6802139839451342,1485.8723527595912,1227.4541457741275,61.89507616667605,0.7070652327986287,0.918752125982804,0.030704883802323245,0.40792017929945,4.089108350677101,True
vector_thrust,cruise_1,0.6803124737811808,1485.872352816652,1227.454146614522,61.89507619488689,0.7070652329270835,0.9187521259871777,0.03070488381395964,0.40792017931511504,4.119275935701872,True
vector_thrust,cruise_1,0.680401694163895,1485.8723528666874,1227.4541473513837,61.895076219704926,0.7070652330396784,0.9187521259910214,0.030704883824203614,0.40792017932885144,4.14645599062899,True
vector_thrust,cruise_1,0.6804637055162129,1485.8723529014653,1227.454147863607,61.8950762369951,0.7070652331180205,0.9187521259936974,0.030704883831342858,0.407920179338399,4.165265172238641,True
vector_thrust,cruise_1,0.6804858904302875,1485.8723529138827,1227.4541480464395,61.895076243169676,0.7070652331459055,0.918752125994653,0.030704883833892915,0.40792017934180796,4.17197809143356,True
vector_thrust,cruise_2,0.6818184990360838,1488.84033867938,1227.1070321573377,61.95899576930735,0.7063011073679574,0.9188299362634187,0.03061416907724601,0.40873498774938843,4.17197809143356,True
vector_thrust,cruise_2,0.6818408535320225,1488.8403387536482,1227.1070332515787,61.95899582157739,0.7063011075356537,0.918829936270751,0.030614169100018872,0.4087349877697775,4.178691010628478,True
vector_thrust,cruise_2,0.6819036407394921,1488.8403387538242,1227.1070332541935,61.95899582165323,0.706301107536086,0.9188299362707634,0.03061416910004976,0.40873498776982586,4.197500192238129,True
vector_thrust,cruise_2,0.6819947655970403,1488.8403387540634,1227.107033257724,61.95899582176659,0.7063011075366281,0.9188299362707811,0.030614169100095647,0.40873498776989153,4.224680247165247,True
vector_thrust,cruise_2,0.6820964535623096,1488.8403387543224,1227.1070332615393,61.95899582188897,0.7063011075372072,0.9188299362708003,0.03061416910014482,0.40873498776996253,4.254847832190018,True
vector_thrust,cruise_2,0.6821885647937534,1488.8403387545459,1227.1070332648424,61.958995821993305,0.7063011075377037,0.9188299362708168,0.030614169100187036,0.408734987770024,4.282027887117136,True
vector_thrust,cruise_2,0.6822525819937605,1488.8403387546996,1227.1070332671018,61.958995822056224,0.7063011075380531,0.9188299362708271,0.030614169100213504,0.40873498777006617,4.300837068726787,True
vector_thrust,cruise_2,0.6822754838355126,1488.8403387547478,1227.1070332678353,61.95899582208575,0.7063011075381772,0.9188299362708315,0.03061416910022469,0.40873498777007944,4.307549987921705,True
vector_thrust,cruise_3,0.6872803509070855,1499.9750148863761,1226.0254556394275,62.203975805169414,0.7034918399959641,0.919120447796794,0.030280598450480083,0.4117918177027581,4.307549987921705,True
vector_thrust,cruise_3,0.6873038345209402,1499.9750148504488,1226.0254551062008,62.203975787279674,0.7034918399133763,0.9191204477940607,0.030280598443223256,0.41179181769289486,4.314262907116624,True
vector_thrust,cruise_3,0.6873697941375285,1499.9750148504527,1226.0254551062508,62.203975787283774,0.7034918399133753,0.9191204477940612,0.030280598443225823,0.41179181769289586,4.333072088726275,True
vector_thrust,cruise_3,0.6874655253629962,1499.975014850458,1226.0254551063347,62.20397578729054,0.7034918399133958,0.9191204477940619,0.030280598443227724,0.4117918176928973,4.360252143653393,True
vector_thrust,cruise_3,0.6875723566756313,1499.9750148504702,1226.0254551065184,62.20397578729689,0.7034918399134299,0.9191204477940629,0.03028059844323082,0.41179181769290063,4.390419728678164,True
vector_thrust,cruise_3,0.6876691296032663,1499.9750148504727,1226.0254551065507,62.203975787297715,0.7034918399134276,0.9191204477940631,0.030280598443230645,0.4117918176929014,4.417599783605281,True
vector_thrust,cruise_3,0.6877363882061104,1499.9750148504734,1226.0254551065627,62.20397578729525,0.7034918399134266,0.9191204477940628,0.030280598443230063,0.4117918176929016,4.436408965214933,True
vector_thrust,cruise_3,0.6877604499481018,1499.975014850473,1226.0254551065516,62.203975787297914,0.7034918399134263,0.9191204477940631,0.03028059844323058,0.41179181769290146,4.443121884409851,True
vector_thrust,cruise_4,0.6877590155925524,1499.9718270813735,1226.0257124780487,62.20390442256725,0.7034926305100816,0.9191203649315717,0.03028069240903403,0.4117909425468364,4.443121884409851,True
vector_thrust,cruise_4,0.6877831075410376,1499.9718272794164,1226.0257154171554,62.203904523451335,0.7034926309652823,0.9191203649468787,0.03028069245014885,0.41179094260120563,4.4498348036047695,True
vector_thrust,cruise_4,0.6878507725591289,1499.9718272794123,1226.0257154170963,62.20390452344805,0.7034926309652771,0.9191203649468782,0.030280692450148118,0.4117909426012045,4.46864398521442,True
vector_thrust,cruise_4,0.687961000167695,1499.9718272794023,1226.025715416931,62.20390452343719,0.7034926309652489,0.9191203649468769,0.030280692450141887,0.41179094260120175,4.495824040141539,True
vector_thrust,cruise_4,0.6881059625407393,1499.9718272793996,1226.0257154168942,62.20390452343411,0.7034926309652438,0.9191203649468764,0.03028069245014138,0.4117909426012011,4.525991625166309,True
vector_thrust,cruise_4,0.6882370545168331,1499.9718272793982,1226.0257154168764,62.20390452342961,0.7034926309652352,0.9191203649468759,0.030280692450138952,0.4117909426012006,4.553171680093427,True
vector_thrust,cruise_4,0.6883280427125781,1499.9718272794,1226.02571541692,62.20390452342571,0.7034926309652539,0.9191203649468755,0.03028069245013697,0.4117909426012011,4.571980861703079,True
vector_thrust,cruise_4,0.6883605695284429,1499.971827279399,1226.0257154168953,62.20390452342694,0.7034926309652445,0.9191203649468757,0.030280692450138296,0.41179094260120086,4.578693780897996,True
vector_thrust,cruise_5,0.6883591254050142,1499.9686203171748,1226.02598409359,62.20383304832926,0.7034934279896383,0.919120281618861,0.030280787137668463,0.4117900621860003,4.578693780897996,True
vector_thrust,cruise_5,0.6883916798696871,1499.9686198654244,1226.025977389445,62.20383281604956,0.703493426951311,0.9191202815837174,0.03028078704283352,0.41179006206198016,4.585406700092915,True
vector_thrust,cruise_5,0.6884830464086579,1499.9686198654206,1226.0259773893758,62.20383281605776,0.703493426951302,0.9191202815837182,0.030280787042837,0.4117900620619791,4.604215881702567,True
vector_thrust,cruise_5,0.6886154663045239,1499.9686198654201,1226.0259773893772,62.20383281606617,0.7034934269513033,0.919120281583719,0.030280787042842552,0.41179006206197893,4.631395936629684,True
vector_thrust,cruise_5,0.6887629840430111,1499.968619865417,1226.025977389334,62.20383281607764,0.7034934269512987,0.9191202815837201,0.030280787042847774,0.41179006206197805,4.661563521654455,True
vector_thrust,cruise_5,0.6888963829294842,1499.9686198654167,1226.025977389319,62.20383281608892,0.7034934269512895,0.9191202815837213,0.03028078704285332,0.41179006206197805,4.688743576581572,True
vector_thrust,cruise_5,0.6889889702545521,1499.968619865423,1226.0259773894063,62.203832816089125,0.7034934269513015,0.9191202815837215,0.03028078704285439,0.4117900620619798,4.707552758191224,True
vector_thrust,cruise_5,0.689022068315961,1499.9686198654194,1226.0259773893756,62.203832816094454,0.7034934269513057,0.919120281583722,0.030280787042856284,0.41179006206197877,4.714265677386142,True
vector_thrust,cruise_6,0.6890206134042214,1499.9653922935133,1226.0262400724887,62.20376061764468,0.7034942277830579,0.9191201976921319,0.030280882210914777,0.41178917598875164,4.714265677386142,True
vector_thrust,cruise_6,0.6890537397238368,1499.9653923524593,1226.0262409464863,62.20376065890428,0.7034942279184009,0.919120197697871,0.030280882228620267,0.41178917600493425,4.720978596581061,True
vector_thrust,cruise_6,0.6891467091065026,1499.9653923524547,1226.0262409464312,62.203760658907356,0.7034942279184,0.9191201976978712,0.030280882228621055,0.411789176004933,4.7397877781907125,True
vector_thrust,cruise_6,0.6892814490604998,1499.9653923524518,1226.0262409463735,62.203760658903256,0.7034942279183817,0.9191201976978707,0.0302808822286191,0.41178917600493226,4.76696783311783,True
vector_thrust,cruise_6,0.689431547267166,1499.9653923524463,1226.0262409463012,62.20376065889383,0.7034942279183729,0.9191201976978697,0.030280882228615684,0.4117891760049307,4.7971354181426005,True
vector_thrust,cruise_6,0.6895672759638343,1499.965392352431,1226.0262409460727,62.203760658890545,0.7034942279183413,0.9191201976978689,0.030280882228614043,0.41178917600492654,4.824315473069718,True
vector_thrust,cruise_6,0.6896614782933344,1499.9653923524215,1226.026240945924,62.203760658884605,0.703494227918313,0.9191201976978681,0.030280882228611833,0.41178917600492393,4.84312465467937,True
vector_thrust,cruise_6,0.689695153284771,1499.9653923524208,1226.0262409459192,62.20376065887845,0.7034942279183154,0.9191201976978675,0.030280882228609522,0.41178917600492365,4.849837573874288,True
vector_thrust,cruise_7,0.6896936877695053,1499.9621444357535,1226.0265053602193,62.20368800706586,0.7034950338137551,0.9191201132773968,0.03028097799793996,0.41178828434639947,4.849837573874288,True
vector_thrust,cruise_7,0.6897273912984117,1499.9621444968311,1226.0265062657973,62.203688049002714,0.7034950339539977,0.9191201132832576,0.030280978015889696,0.4117882843631672,4.856550493069206,True
vector_thrust,cruise_7,0.6898219795055994,1499.9621444968302,1226.026506265773,62.20368804900005,0.7034950339539887,0.9191201132832574,0.030280978015888704,0.411788284363167,4.875359674678858,True
vector_thrust,cruise_7,0.6899590627088428,1499.9621444968254,1226.02650626571,62.203688048993286,0.7034950339539826,0.9191201132832565,0.030280978015886154,0.4117882843631657,4.902539729605976,True
vector_thrust,cruise_7,0.6901117672603212,1499.9621444968113,1226.0265062654867,62.20368804898673,0.7034950339539424,0.9191201132832554,0.03028097801588342,0.41178828436316184,4.932707314630746,True
vector_thrust,cruise_7,0.6902498492047515,1499.962144496791,1226.026506265189,62.20368804898077,0.7034950339538982,0.9191201132832544,0.0302809780158798,0.41178828436315623,4.959887369557864,True
vector_thrust,cruise_7,0.6903456828268362,1499.96214449678,1226.0265062650237,62.203688048972374,0.7034950339538727,0.9191201132832533,0.030280978015876373,0.4117882843631531,4.978696551167515,True
vector_thrust,cruise_7,0.6903799405751532,1499.9621444967743,1226.0265062649405,62.2036880489693,0.7034950339538605,0.9191201132832527,0.030280978015875166,0.4117882843631516,4.985409470362433,True
vector_thrust,cruise_8,0.6903784642899117,1499.9588759658702,1226.0267722774538,62.20361493354678,0.7034958449534572,0.919120028326448,0.030281074392383263,0.4117873870453505,4.985409470362433,True
vector_thrust,cruise_8,0.6904127508652559,1499.958876034033,1226.0267732881075,62.20361497870631,0.7034958451099634,0.9191200283328157,0.030281074411614116,0.4117873870640633,4.992122389557352,True
vector_thrust,cruise_8,0.6905089742816867,1499.9588760340253,1226.0267732880038,62.203614978705296,0.7034958451099564,0.9191200283328155,0.030281074411614716,0.4117873870640612,5.010931571167004,True
vector_thrust,cruise_8,0.690648424511259,1499.9588760340139,1226.0267732878262,62.203614978699754,0.7034958451099216,0.9191200283328147,0.03028107441161242,0.4117873870640581,5.038111626094121,True
vector_thrust,cruise_8,0.6908037619377946,1499.958876033991,1226.0267732875002,62.20361497869238,0.7034958451098815,0.9191200283328133,0.030281074411609234,0.4117873870640518,5.068279211118892,True
vector_thrust,cruise_8,0.6909442211593753,1499.9588760339695,1226.0267732871748,62.20361497867824,0.7034958451098298,0.9191200283328113,0.030281074411603184,0.41178738706404594,5.095459266046009,True
vector_thrust,cruise_8,0.6910417027733892,1499.9588760339502,1226.0267732868767,62.20361497866962,0.7034958451097729,0.9191200283328099,0.03028107441159909,0.41178738706404067,5.114268447655661,True
vector_thrust,cruise_8,0.6910765492525188,1499.9588760339416,1226.026773286755,62.20361497866655,0.7034958451097573,0.9191200283328095,0.030281074411598833,0.4117873870640382,5.120981366850579,True
vector_thrust,cruise_9,0.6910750616273506,1499.955585998833,1226.0270316303602,62.20354107803566,0.703496659840499,0.9191199427847556,0.030281171274669325,0.411786483842635,5.120981366850579,True
vector_thrust,cruise_9,0.6911099376244233,1499.9555866815087,1226.0270417609693,62.20354143166679,0.7034966614094897,0.9191199428381399,0.030281171419255827,0.41178648403005175,5.1276942860454975,True
vector_thrust,cruise_9,0.6912078130481712,1499.9555866812652,1226.0270417573613,62.20354143154974,0.7034966614089341,0.9191199428381218,0.030281171419207668,0.41178648402998486,5.146503467655149,True
vector_thrust,cruise_9,0.6913496546808616,1499.9555866808944,1226.0270417518564,62.20354143136895,0.7034966614080794,0.9191199428380941,0.030281171419135187,0.4117864840298831,5.173683522582267,True
vector_thrust,cruise_9,0.6915076521816723,1499.955586680457,1226.0270417453644,62.203541431163764,0.703496661407076,0.9191199428380621,0.030281171419052472,0.411786484029763,5.203851107607037,True
vector_thrust,cruise_9,0.6916505133155368,1499.9555866800322,1226.0270417390673,62.20354143094731,0.7034966614061033,0.9191199428380292,0.030281171418965344,0.41178648402964635,5.231031162534155,True
vector_thrust,cruise_9,0.6917496600417067,1499.9555866797139,1226.027041734336,62.20354143079501,0.7034966614053687,0.9191199428380057,0.030281171418903394,0.4117864840295589,5.249840344143807,True
vector_thrust,cruise_9,0.691785101376122,1499.9555866795884,1226.0270417324746,62.203541430729416,0.7034966614050748,0.9191199428379957,0.030281171418877394,0.4117864840295245,5.256553263338725,True
vector_thrust,cruise_10,0.6917836018901599,1499.952274329783,1226.0272843961925,62.20346646283972,0.7034974786897298,0.9191198566498219,0.03028126866393908,0.4117855746820129,5.256553263338725,True
vector_thrust,cruise_10,0.6918190737327845,1499.9522760717512,1226.0273102472709,62.20346735380883,0.7034974826934411,0.9191198567848426,0.030281269027336823,0.41178557516023967,5.263266182533643,True
vector_thrust,cruise_10,0.6919186183854356,1499.952276071235,1226.0273102396184,62.20346735356205,0.70349748269226,0.9191198567848043,0.030281269027237365,0.41178557516009806,5.282075364143295,True
vector_thrust,cruise_10,0.6920628764124658,1499.9522760703524,1226.0273102264996,62.203467353129945,0.7034974826902213,0.919119856784738,0.030281269027061887,0.41178557515985575,5.309255419070412,True
vector_thrust,cruise_10,0.6922235618721456,1499.9522760692275,1226.0273102098113,62.203467352569945,0.7034974826876352,0.9191198567846525,0.030281269026835703,0.4117855751595469,5.339423004095183,True
vector_thrust,cruise_10,0.6923688501740884,1499.9522760681043,1226.0273101931346,62.203467352014044,0.7034974826850581,0.9191198567845674,0.03028126902661017,0.4117855751592385,5.3666030590223,True
vector_thrust,cruise_10,0.6924696795638788,1499.9522760672244,1226.0273101800865,62.20346735157805,0.7034974826830462,0.9191198567845006,0.030281269026432932,0.411785575158997,5.385412240631952,True
vector_thrust,cruise_10,0.6925057220323336,1499.9522760669058,1226.0273101753546,62.203467351416734,0.7034974826823015,0.919119856784476,0.030281269026368778,0.4117855751589095,5.392125159826871,True
vector_thrust,cruise_11,0.6925042102384218,1499.9489407064846,1226.0275309268345,62.20339109537552,0.7034983016203298,0.9191197699164602,0.030281366573996653,0.4117846594942372,5.392125159826871,True
vector_thrust,cruise_11,0.6925402844972522,1499.9489439414385,1226.0275789345806,62.20339274364636,0.703498309055571,0.919119770166538,0.030281367245777173,0.41178466038233696,5.398838079021789,True
vector_thrust,cruise_11,0.692641516033995,1499.9489439402967,1226.0275789176394,62.20339274308226,0.7034983090529499,0.9191197701664517,0.030281367245549765,0.41178466038202344,5.4176472606314405,True
vector_thrust,cruise_11,0.692788216075828,1499.9489439384047,1226.0275788895483,62.203392742147145,0.7034983090485987,0.9191197701663085,0.030281367245171064,0.41178466038150413,5.444827315558558,True
vector_thrust,cruise_11,0.6929516180810132,1499.948943935964,1226.0275788533243,62.20339274093634,0.7034983090429855,0.9191197701661232,0.03028136724467923,0.41178466038083406,5.4749949005833285,True
vector_thrust,cruise_11,0.6930993594425423,1499.9489439334561,1226.0275788161098,62.20339273967756,0.7034983090372201,0.9191197701659314,0.03028136724416878,0.41178466038014555,5.502174955510446,True
vector_thrust,cruise_11,0.6932018894892197,1499.9489439315328,1226.0275787875685,62.203392738720105,0.7034983090328022,0.919119770165785,0.03028136724377958,0.4117846603796175,5.520984137120098,True
vector_thrust,cruise_11,0.693238539528474,1499.9489439308195,1226.0275787769733,62.203392738361394,0.7034983090311585,0.9191197701657304,0.030281367243633353,0.4117846603794217,5.5276970563150165,True
vector_thrust,cruise_12,0.6932370188409733,1499.9455907729152,1226.0278591566273,62.20331798554197,0.7034991423171555,0.9191196830351077,0.030281466242227915,0.4117837398287627,5.5276970563150165,True
vector_thrust,cruise_12,0.6932736988735914,1499.9455907729152,1226.0278591566273,62.20331798554238,0.7034991423171555,0.9191196830351077,0.030281466242227602,0.4117837398287627,5.534409975509934,True
vector_thrust,cruise_12,0.693376635396317,1499.945590772914,1226.0278591566134,62.2033179855432,0.703499142317158,0.9191196830351078,0.030281466242228636,0.4117837398287624,5.553219157119586,True
vector_thrust,cruise_12,0.6935258037218194,1499.945590772914,1226.0278591566134,62.20331798554238,0.703499142317158,0.9191196830351077,0.030281466242228005,0.4117837398287624,5.580399212046704,True
vector_thrust,cruise_12,0.6936919515829616,1499.945590772912,1226.0278591565843,62.20331798554442,0.7034991423171476,0.9191196830351079,0.030281466242228428,0.4117837398287618,5.610566797071474,True
vector_thrust,cruise_12,0.6938421725515649,1499.9455907729139,1226.027859156605,62.20331798554442,0.7034991423171486,0.9191196830351079,0.03028146624222908,0.4117837398287623,5.637746851998592,True
vector_thrust,cruise_12,0.693946421704419,1499.9455907729168,1226.0278591566603,62.20331798554094,0.7034991423171634,0.9191196830351076,0.030281466242226936,0.41178373982876315,5.656556033608243,True
vector_thrust,cruise_12,0.6939836859144185,1499.945590772915,1226.027859156631,62.20331798554299,0.7034991423171658,0.9191196830351078,0.030281466242228244,0.41178373982876265,5.663268952803162,True
vector_thrust,cruise_13,0.6939821533336081,1499.9422152141276,1226.0281351068106,62.20324252549882,0.7034999800974221,0.9191195953002348,0.030281565801595568,0.4117828131283343,5.663268952803162,True
vector_thrust,cruise_13,0.6940194478594025,1499.9422152141283,1226.028135106818,62.20324252549842,0.7034999800974114,0.9191195953002347,0.030281565801594985,0.4117828131283345,5.66998187199808,True
vector_thrust,cruise_13,0.6941241079226187,1499.9422152141292,1226.028135106829,62.203242525496364,0.7034999800974194,0.9191195953002346,0.030281565801593583,0.4117828131283347,5.688791053607732,True
vector_thrust,cruise_13,0.6942757714570876,1499.9422152141294,1226.0281351068375,62.20324252549656,0.7034999800974183,0.9191195953002346,0.03028156580159357,0.4117828131283348,5.715971108534849,True
vector_thrust,cruise_13,0.6944446952164931,1499.942215214133,1226.0281351068975,62.20324252549349,0.7034999800974255,0.9191195953002342,0.03028156580159293,0.4117828131283358,5.74613869355962,True
vector_thrust,cruise_13,0.69459742300197,1499.9422152141321,1226.0281351068813,62.203242525494105,0.7034999800974251,0.9191195953002343,0.030281565801593774,0.41178281312833553,5.773318748486737,True
vector_thrust,cruise_13,0.6947034101702827,1499.9422152141294,1226.0281351068375,62.20324252549616,0.7034999800974183,0.9191195953002346,0.03028156580159445,0.4117828131283348,5.792127930096389,True
vector_thrust,cruise_13,0.6947412953154773,1499.94221521413,1226.028135106851,62.20324252549656,0.7034999800974288,0.9191195953002346,0.030281565801593562,0.411782813128335,5.798840849291308,True
vector_thrust,cruise_14,0.6947397514586658,1499.9388181804236,1226.0284247117152,62.20316697689124,0.703500825241323,0.9191195070481577,0.030281666185535,0.41178188053234444,5.798840849291308,True
vector_thrust,cruise_14,0.6947776668326283,1499.9388175447416,1226.0284152782388,62.20316664849958,0.7035008237803186,0.919119506998542,0.0302816660513343,0.4117818803578291,5.8055537684862255,True
vector_thrust,cruise_14,0.6948840694604232,1499.9388175465083,1226.0284153044806,62.203166649367255,0.7035008237843934,0.919119506998675,0.03028166605168668,0.41178188035831415,5.824362950095877,True
vector_thrust,cruise_14,0.6950382558108023,1499.9388175491108,1226.0284153430869,62.203166650657806,0.7035008237903624,0.9191195069988725,0.030281666052210457,0.4117818803590287,5.851543005022995,True
vector_thrust,cruise_14,0.6952099862716711,1499.9388175521146,1226.0284153876592,62.2031666521478,0.7035008237972719,0.9191195069991004,0.030281666052813405,0.4117818803598532,5.881710590047765,True
vector_thrust,cruise_14,0.6953652487732852,1499.938817554908,1226.0284154291337,62.2031666535316,0.7035008238036977,0.9191195069993121,0.030281666053374883,0.41178188036062,5.908890644974884,True
vector_thrust,cruise_14,0.6954729933456626,1499.938817556895,1226.0284154586197,62.203166654526775,0.7035008238082597,0.919119506999464,0.03028166605377804,0.4117818803611656,5.927699826584535,True
vector_thrust,cruise_14,0.6955115063619968,1499.9388175576105,1226.028415469248,62.20316665487914,0.7035008238099127,0.9191195069995179,0.030281666053921696,0.41178188036136204,5.934412745779453,True
vector_thrust,cruise_15,0.6955099498190912,1499.9353968796097,1226.0286909639117,62.203090062703396,0.7035016720873564,0.9191194180783611,0.030281766885124173,0.4117809412742454,5.934412745779453,True
vector_thrust,cruise_15,0.6955484938734108,1499.9353969676192,1226.0286922708744,62.2030900933168,0.7035016722897837,0.9191194180836659,0.030281766896473508,0.4117809412984068,5.941125664974371,True
vector_thrust,cruise_15,0.6956566585647278,1499.9353969674169,1226.0286922678756,62.203090093152,0.703501672289325,0.9191194180836437,0.030281766896402534,0.41178094129835136,5.959934846584023,True
vector_thrust,cruise_15,0.6958133960269918,1499.9353969671172,1226.028692263431,62.20309009290316,0.7035016722886264,0.9191194180836104,0.03028176689629292,0.4117809412982691,5.9871149015111405,True
vector_thrust,cruise_15,0.6959879647611872,1499.9353969667627,1226.0286922581734,62.203090092628685,0.7035016722878171,0.9191194180835731,0.03028176689617313,0.4117809412981718,6.017282486535911,True
vector_thrust,cruise_15,0.6961457905743106,1499.935396966429,1226.0286922532462,62.20309009237451,0.7035016722870658,0.9191194180835385,0.030281766896062382,0.41178094129808007,6.044462541463029,True
vector_thrust,cruise_15,0.6962553124230514,1499.935396966188,1226.028692249663,62.2030900922011,0.7035016722864981,0.9191194180835146,0.030281766895988098,0.4117809412980139,6.06327172307268,True
vector_thrust,cruise_15,0.696294460419509,1499.9353969660958,1226.0286922483021,62.203090092142475,0.7035016722862917,0.9191194180835063,0.03028176689596314,0.41178094129798865,6.069984642267599,True
vector_thrust,cruise_16,0.6962928917999676,1499.931953562205,1226.0289717813494,62.203013068534005,0.7035025265794357,0.9191193285794496,0.030281868435358177,0.4117799959718778,6.069984642267599,True
vector_thrust,cruise_16,0.6963320712062768,1499.9319536880441,1226.0289736500567,62.2030131138485,0.7035025268688767,0.9191193285871972,0.030281868452337008,0.41177999600642473,6.076697561462517,True
vector_thrust,cruise_16,0.6964420179556341,1499.931953687715,1226.028973645188,62.203013113614,0.7035025268681256,0.9191193285871646,0.030281868452236484,0.4117799960063343,6.0955067430721686,True
vector_thrust,cruise_16,0.696601335545114,1499.9319536872224,1226.0289736378754,62.20301311326696,0.7035025268669844,0.9191193285871164,0.030281868452087638,0.41177999600619913,6.122686797999286,True
vector_thrust,cruise_16,0.6967787749274928,1499.9319536866465,1226.0289736293419,62.203013112879354,0.7035025268656648,0.919119328587062,0.03028186845192195,0.411779996006041,6.1528543830240565,True
vector_thrust,cruise_16,0.6969391933750833,1499.9319536861015,1226.0289736212512,62.2030131125231,0.7035025268644115,0.9191193285870116,0.030281868451770312,0.4117799960058914,6.180034437951175,True
vector_thrust,cruise_16,0.6970505128783113,1499.9319536857095,1226.028973615434,62.20301311227856,0.7035025268635053,0.9191193285869766,0.030281868451666968,0.41177999600578374,6.198843619560826,True
vector_thrust,cruise_16,0.6970903031448465,1499.9319536855676,1226.028973613349,62.203013112187755,0.7035025268631959,0.9191193285869637,0.03028186845162847,0.4117799960057448,6.2055565387557445,True
vector_thrust,cruise_17,0.6970887221403019,1499.9284870734605,1226.0292546377595,62.202935559499686,0.7035033868504065,0.9191192384783156,0.03028197067116506,0.41177904430822543,6.2055565387557445,True
vector_thrust,cruise_17,0.6971285441923385,1499.9284872292048,1226.029256950504,62.202935617078275,0.7035033872086162,0.9191192384880618,0.030281970692907324,0.4117790443509822,6.212269457950663,True
vector_thrust,cruise_17,0.6972402934969941,1499.9284872287512,1226.0292569437784,62.20293561678392,0.7035033872075732,0.9191192384880201,0.030281970692782108,0.4117790443508577,6.231078639560314,True
vector_thrust,cruise_17,0.697402220958659,1499.9284872280573,1226.0292569334893,62.20293561636885,0.7035033872059806,0.9191192384879601,0.0302819706926081,0.4117790443506672,6.2582586944874325,True
vector_thrust,cruise_17,0.6975825641782851,1499.9284872272567,1226.029256921603,62.20293561588653,0.7035033872041412,0.9191192384878903,0.030281970692405593,0.41177904435044743,6.288426279512203,True
vector_thrust,cruise_17,0.6977456053208566,1499.9284872264932,1226.0292569103026,62.20293561544869,0.703503387202394,0.9191192384878262,0.030281970692223867,0.41177904435023777,6.3156063344393205,True
vector_thrust,cruise_17,0.6978587433693131,1499.9284872259434,1226.0292569021253,62.20293561513672,0.7035033872011199,0.9191192384877803,0.03028197069209525,0.41177904435008683,6.334415516048972,True
vector_thrust,cruise_17,0.6978991833792811,1499.9284872257379,1226.0292568990774,62.202935615033816,0.7035033872006519,0.9191192384877646,0.030281970692051793,0.41177904435003043,6.34112843524389,True
vector_thrust,cruise_18,0.6978975898123082,1499.9249971231898,1226.0295399316215,62.202857540143825,0.703504253036312,0.9191191477685724,0.03028207360648676,0.4117780862036227,6.34112843524389,True
vector_thrust,cruise_18,0.6979380620121264,1499.9249972836976,1226.0295423150783,62.202857600402915,0.7035042534054666,0.9191191477787137,0.030282073629343726,0.41177808624768725,6.347841354438809,True
vector_thrust,cruise_18,0.6980516348525064,1499.924997283172,1226.0295423072862,62.20285760010591,0.7035042534042606,0.91911914777867,0.03028207362921953,0.411778086247543,6.36665053604846,True
vector_thrust,cruise_18,0.6982162027150978,1499.9249972823834,1226.0295422955858,62.20285759967114,0.7035042534024433,0.9191191477786057,0.030282073629040063,0.41177808624732654,6.393830590975578,True
vector_thrust,cruise_18,0.6983994837747487,1499.9249972814546,1226.0295422817999,62.202857599179396,0.7035042534003061,0.9191191477785318,0.030282073628837686,0.4117780862470716,6.423998176000349,True
vector_thrust,cruise_18,0.6985631354616865,1499.9249972809516,1226.029542274333,62.20285759891785,0.7035042533991568,0.9191191477784925,0.03028207362873054,0.41177808624693346,6.451178230927466,True
vector_thrust,cruise_18,0.6986725803863092,1499.924997280453,1226.0295422669478,62.20285759863252,0.7035042533980087,0.9191191477784506,0.030282073628612214,0.4117780862467965,6.469987412537118,True
vector_thrust,cruise_18,0.6987116326950437,1499.9249972802834,1226.0295422644224,62.20285759852736,0.7035042533976137,0.9191191477784355,0.030282073628567406,0.41177808624675,6.476700331732036,True
vector_thrust,cruise_19,0.6987100269237224,1499.9214841890127,1226.0298395530663,62.202779403413935,0.7035051270544433,0.9191190565028946,0.030282177413351763,0.41177712178919185,6.476700331732036,True
vector_thrust,cruise_19,0.6987490743567801,1499.9214837683214,1226.0298333105566,62.20277918015536,0.7035051260876675,0.919119056469434,0.030282177321649843,0.4117771216736985,6.483413250926954,True
vector_thrust,cruise_19,0.6988584607863495,1499.9214837699417,1226.0298333346013,62.20277918097795,0.7035051260913906,0.9191190564695588,0.03028217732198371,0.41177712167414326,6.502222432536605,True
vector_thrust,cruise_19,0.699016469113151,1499.9214837722666,1226.029833369105,62.20277918216293,0.7035051260967408,0.9191190564697388,0.030282177322466627,0.41177712167478153,6.529402487463724,True
vector_thrust,cruise_19,0.699191762205172,1499.9214837748398,1226.0298334072918,62.20277918346332,0.7035051261026474,0.9191190564699365,0.03028217732299642,0.4117771216754879,6.559570072488494,True
vector_thrust,cruise_19,0.6993496207448927,1499.9214837771112,1226.0298334410124,62.202779184615096,0.7035051261078735,0.9191190564701116,0.03028217732346719,0.4117771216761115,6.586750127415612,True
vector_thrust,cruise_19,0.6994588203925564,1499.92148377866,1226.029833463978,62.202779185409796,0.7035051261114262,0.919119056470232,0.030282177323790103,0.41177712167653674,6.605559309025264,True
vector_thrust,cruise_19,0.699497784980958,1499.921483779225,1226.0298334723657,62.20277918569676,0.7035051261127209,0.9191190564702755,0.03028217732390671,0.41177712167669184,6.612272228220181,True
vector_thrust,cruise_20,0.6994961660765779,1499.917946131238,1226.0301266483489,62.20270023760318,0.7035060048233321,0.919118964534666,0.030282281734321504,0.4117761504775182,6.612272228220181,True
vector_thrust,cruise_20,0.6995351257616219,1499.9179458303781,1226.0301221840662,62.20270007674225,0.7035060041319521,0.9191189645106104,0.03028228166815692,0.41177615039492244,6.6189851474151,True
vector_thrust,cruise_20,0.6996442655552932,1499.9179458316312,1226.030122202658,62.20270007738732,0.7035060041348283,0.919118964510708,0.030282281668420633,0.4117761503952664,6.637794329024751,True
vector_thrust,cruise_20,0.6998019160520473,1499.9179458334233,1226.0301222292514,62.20270007831629,0.7035060041389476,0.9191189645108482,0.03028228166880116,0.4117761503957584,6.664974383951869,True
vector_thrust,cruise_20,0.6999768099998512,1499.9179458354017,1226.0301222586152,62.20270007934385,0.7035060041434937,0.9191189645110033,0.03028228166922124,0.4117761503963015,6.69514196897664,True
vector_thrust,cruise_20,0.7001343071341285,1499.9179458371505,1226.0301222845615,62.20270008026256,0.7035060041475126,0.9191189645111413,0.03028228166959811,0.4117761503967816,6.722322023903757,True
vector_thrust,cruise_20,0.7002432556874499,1499.917945838355,1226.0301223024392,62.20270008089165,0.7035060041502916,0.919118964511236,0.03028228166985512,0.4117761503971123,6.741131205513409,True
vector_thrust,cruise_20,0.7002821304642605,1499.917945838776,1226.0301223086954,62.202700081115275,0.7035060041512589,0.9191189645112695,0.030282281669947366,0.41177615039722787,6.747844124708327,True
vector_thrust,cruise_21,0.7002804984601384,1499.9143836128108,1226.0304160595995,62.20262053474224,0.7035068887206621,0.919118871931378,0.030282386782176332,0.4117751724506016,6.747844124708327,True
vector_thrust,cruise_21,0.7003193682968556,1499.914383413585,1226.0304131034704,62.20262042728715,0.7035068882628546,0.9191188719153501,0.030282386737906467,0.4117751723959077,6.754557043903246,True
vector_thrust,cruise_21,0.7004282555988894,1499.9143834144877,1226.0304131168664,62.20262042777048,0.7035068882649276,0.9191188719154222,0.030282386738106484,0.41177517239615546,6.7733662255128975,True
vector_thrust,cruise_21,0.7005855397943158,1499.914383415785,1226.0304131361186,62.202620428465366,0.7035068882679033,0.9191188719155261,0.03028238673839266,0.4117751723965117,6.800546280440015,True
vector_thrust,cruise_21,0.7007600251823706,1499.9143834172194,1226.030413157413,62.20262042924163,0.7035068882712133,0.9191188719156418,0.030282386738712915,0.4117751723969054,6.830713865464785,True
vector_thrust,cruise_21,0.7009171524162938,1499.9143834184813,1226.0304131761327,62.202620429937525,0.7035068882741055,0.919118871915745,0.03028238673900019,0.4117751723972518,6.857893920391903,True
vector_thrust,cruise_21,0.7010258439900717,1499.9143834193533,1226.0304131890625,62.20262043041594,0.7035068882761099,0.919118871915816,0.030282386739198305,0.41177517239749123,6.876703102001555,True
vector_thrust,cruise_21,0.7010646268536062,1499.9143834196634,1226.0304131936714,62.202620430580744,0.7035068882768246,0.9191188719158406,0.030282386739266594,0.4117751723975764,6.883416021196473,True
vector_thrust,cruise_22,0.701062981550986,1499.9107962454066,1226.0307071328004,62.20254025866687,0.7035077787258563,0.9191187786800354,0.03028249255500395,0.41177418760183443,6.883416021196473,True
vector_thrust,cruise_22,0.7011017594210733,1499.910796119631,1226.0307052660526,62.2025401964863,0.7035077784367499,0.9191187786705126,0.030282492529809593,0.411774187567305,6.890128940391391,True
vector_thrust,cruise_22,0.7012103883373729,1499.910796120746,1226.0307052825995,62.202540197037074,0.7035077784393078,0.919118778670597,0.03028249253003435,0.4117741875676111,6.908938122001043,True
vector_thrust,cruise_22,0.7013672977048797,1499.9107961224051,1226.0307053072227,62.202540197869695,0.703507778443127,0.9191187786707239,0.030282492530372043,0.4117741875680666,6.936118176928161,True
vector_thrust,cruise_22,0.7015413650564334,1499.910796124339,1226.0307053359313,62.202540198840275,0.7035077784475722,0.9191187786708719,0.03028249253076557,0.41177418756859746,6.966285761952931,True
vector_thrust,cruise_22,0.7016981138401072,1499.9107961261545,1226.0307053628621,62.20254019974342,0.7035077784517421,0.9191187786710099,0.03028249253113272,0.4117741875690959,6.9934658168800485,True
vector_thrust,cruise_22,0.7018065425111878,1499.9107961274626,1226.030705382277,62.20254020040098,0.7035077784547524,0.9191187786711101,0.030282492531399228,0.41177418756945505,7.0122749984897,True
vector_thrust,cruise_22,0.7018452313462072,1499.9107961279205,1226.0307053890829,62.202540200622984,0.7035077784558106,0.9191187786711442,0.030282492531490166,0.41177418756958073,7.018987917684618,True
vector_thrust,cruise_23,0.701843569230522,1499.9071785944313,1226.0309244291511,62.202456857754754,0.7035086632380295,0.9191186843833955,0.030282598030032085,0.41177319443924437,7.018987917684618,True
vector_thrust,cruise_23,0.7018822551361215,1499.9071817706192,1226.0309715682004,62.202458442525156,0.7035086705385188,0.9191186846254052,0.030282598673307633,0.411773195311211,7.025700836879537,True
vector_thrust,cruise_23,0.7019906197179038,1499.9071817504935,1226.0309712694939,62.2024584328149,0.7035086704922556,0.9191186846239066,0.03028259866939505,0.41177319530568585,7.044510018489189,True
vector_thrust,cruise_23,0.7021471456519024,1499.9071817215386,1226.0309708397276,62.202458418886785,0.7035086704257056,0.919118684621755,0.030282598663783265,0.4117731952977368,7.071690073416306,True
vector_thrust,cruise_23,0.7023207854023649,1499.907181689309,1226.0309703613452,62.20245840343342,0.7035086703516186,0.9191186846193655,0.030282598657559945,0.4117731952888888,7.101857658441077,True
vector_thrust,cruise_23,0.7024771471068424,1499.9071816605465,1226.030969934424,62.202458389683635,0.7035086702854925,0.9191186846172373,0.030282598652028342,0.41177319528099243,7.129037713368194,True
vector_thrust,cruise_23,0.7025853068973387,1499.9071816407072,1226.0309696399518,62.20245838022611,0.7035086702398883,0.9191186846157721,0.030282598648224322,0.41177319527554596,7.147846894977846,True
vector_thrust,cruise_23,0.7026238995690596,1499.907181633561,1226.030969533877,62.20245837682326,0.7035086702234584,0.9191186846152447,0.030282598646857097,0.4117731952735841,7.154559814172764,True
vector_thrust,cruise_24,0.7026222286704388,1499.903545838931,1226.031298547516,62.20237812962593,0.7035095780544144,0.9191185902216122,0.030282706390546848,0.41177219712997193,7.154559814172764,True
vector_thrust,cruise_24,0.702660816224615,1499.9035458389296,1226.0312985475011,62.20237812962839,0.7035095780544187,0.9191185902216125,0.030282706390548128,0.41177219712997154,7.161272733367682,True
vector_thrust,cruise_24,0.7027689105327428,1499.9035458389285,1226.0312985474793,62.20237812962901,0.7035095780544115,0.9191185902216126,0.030282706390547906,0.4117721971299712,7.180081914977334,True
vector_thrust,cruise_24,0.7029250444416103,1499.9035458389278,1226.0312985474766,62.20237812962859,0.703509578054421,0.9191185902216125,0.03028270639054641,0.41177219712997104,7.207261969904452,True
vector_thrust,cruise_24,0.703098247042492,1499.9035458389294,1226.0312985475005,62.20237812962675,0.7035095780544195,0.9191185902216122,0.03028270639054688,0.4117721971299715,7.237429554929222,True
vector_thrust,cruise_24,0.7032542130531629,1499.9035458389292,1226.0312985474902,62.20237812962819,0.7035095780544113,0.9191185902216125,0.03028270639054651,0.4117721971299714,7.26460960985634,True
vector_thrust,cruise_24,0.7033620979952104,1499.9035458389283,1226.031298547482,62.20237812962901,0.7035095780544202,0.9191185902216126,0.03028270639054797,0.41177219712997115,7.283418791465992,True
vector_thrust,cruise_24,0.7034005923725534,1499.90354583893,1226.031298547507,62.20237812962696,0.7035095780544183,0.9191185902216124,0.03028270639054642,0.41177219712997165,7.290131710660909,True
vector_thrust,cruise_25,0.703398906313124,1499.8998820469615,1226.0315984858953,62.20229623595627,0.7035104874855058,0.9191184949924338,0.030282814463874267,0.41177119130018147,7.290131710660909,True
vector_thrust,cruise_25,0.7034373954603295,1499.8998820469847,1226.0315984862455,62.20229623596467,0.7035104874855573,0.9191184949924353,0.030282814463877823,0.41177119130018786,7.296844629855828,True
vector_thrust,cruise_25,0.7035452134712534,1499.8998820469792,1226.0315984861666,62.20229623596016,0.7035104874855435,0.9191184949924347,0.030282814463876245,0.4117711913001864,7.31565381146548,True
vector_thrust,cruise_25,0.7037009466416271,1499.8998820469699,1226.03159848603,62.20229623595913,0.7035104874855272,0.9191184949924344,0.030282814463875228,0.4117711913001838,7.342833866392597,True
vector_thrust,cruise_25,0.7038737024091009,1499.8998820469712,1226.031598486042,62.20229623595503,0.7035104874855245,0.9191184949924338,0.030282814463873937,0.41177119130018425,7.373001451417368,True
vector_thrust,cruise_25,0.7040292639899347,1499.8998820469749,1226.0315984860956,62.20229623596487,0.7035104874855288,0.919118494992435,0.03028281446387778,0.41177119130018525,7.400181506344485,True
vector_thrust,cruise_25,0.704136868031751,1499.8998820469835,1226.0315984862339,62.20229623596672,0.7035104874855503,0.9191184949924355,0.030282814463878868,0.4117711913001876,7.418990687954137,True
vector_thrust,cruise_25,0.7041752619535432,1499.899882046947,1226.0315984856898,62.202296235947244,0.7035104874854695,0.9191184949924325,0.03028281446387041,0.41177119130017753,7.425703607149056,True
vector_thrust,cruise_26,0.7041735619430884,1499.8961920048484,1226.0319008370866,62.202213763743536,0.7035114034811029,0.9191183990814926,0.03028292331621914,0.4117701782638749,7.425703607149056,True
vector_thrust,cruise_26,0.7042119505216852,1499.8961919972303,1226.0319007240696,62.20221375931578,0.7035114034636033,0.9191183990808462,0.03028292331437129,0.4117701782617834,7.432416526343974,True
vector_thrust,cruise_26,0.7043194861891381,1499.8961919958242,1226.0319007031894,62.20221375865575,0.70351140346037,0.9191183990807433,0.030282923314105443,0.41177017826139745,7.4512257079536255,True
vector_thrust,cruise_26,0.7044748098734596,1499.8961919916196,1226.031900640786,62.20221375671973,0.7035114034507096,0.91911839908044,0.030282923313333675,0.41177017826024315,7.478405762880743,True
vector_thrust,cruise_26,0.7046471090860761,1499.8961919871335,1226.0319005741947,62.20221375466932,0.7035114034403914,0.919118399080118,0.030282923312515447,0.4117701782590115,7.5085733479055135,True
vector_thrust,cruise_26,0.7048022574671905,1499.8961919832327,1226.031900516287,62.20221375289871,0.7035114034314198,0.9191183990798393,0.030282923311810588,0.4117701782579407,7.535753402832631,True
vector_thrust,cruise_26,0.7049095745336835,1499.8961919806566,1226.0319004780558,62.2022137517373,0.7035114034255074,0.9191183990796561,0.030282923311349488,0.41177017825723344,7.554562584442283,True
vector_thrust,cruise_26,0.704947865830579,1499.8961919797496,1226.0319004645917,62.20221375132857,0.7035114034234143,0.9191183990795916,0.030282923311187964,0.4117701782569844,7.5612755036372015,True
vector_thrust,cruise_27,0.7049461517244374,1499.89247538621,1226.03220643782,62.20213073210532,0.7035123262605527,0.9191183024830805,0.03028303297007812,0.4117691579314496,7.5612755036372015,True
vector_thrust,cruise_27,0.7049844375409061,1499.8924753340982,1226.0322056644852,62.20213070555439,0.7035123261407877,0.9191183024790518,0.03028303295925637,0.4117691579171432,7.567988422832119,True
vector_thrust,cruise_27,0.7050916847871576,1499.892475337989,1226.0322057222324,62.202130707552115,0.7035123261497407,0.9191183024793542,0.030283032960071374,0.4117691579182114,7.586797604441771,True
vector_thrust,cruise_27,0.7052465901968749,1499.8924753438582,1226.0322058093166,62.20213071057781,0.7035123261632208,0.9191183024798116,0.03028303296130742,0.41176915791982266,7.613977659368889,True
vector_thrust,cruise_27,0.7054184230877015,1499.8924753506597,1226.0322059102355,62.2021307140934,0.7035123261788502,0.9191183024803428,0.030283032962744587,0.4117691579216899,7.644145244393659,True
vector_thrust,cruise_27,0.7055731494582264,1499.8924753569215,1226.0322060031804,62.20213071735503,0.7035123261932453,0.9191183024808345,0.03028303296407936,0.41176915792340896,7.671325299320777,True
vector_thrust,cruise_27,0.7056801734459591,1499.8924753615179,1226.0322060713816,62.20213071974651,0.7035123262038062,0.9191183024811949,0.030283032965058694,0.4117691579246708,7.690134480930428,True
vector_thrust,cruise_27,0.7057183599384171,1499.8924753631647,1226.032206095806,62.202130720609276,0.7035123262075837,0.9191183024813248,0.030283032965412182,0.41176915792512286,7.696847400125347,True
vector_thrust,cruise_28,0.7057166315962219,1499.8887319208923,1226.0325170838853,62.20204719222669,0.7035132561936704,0.9191182051961958,0.030283143461298373,0.41176813022873954,7.696847400125347,True
vector_thrust,cruise_28,0.705754812455921,1499.888731805911,1226.0325153775198,62.20204713434965,0.7035132559294155,0.9191182051873813,0.030283143437763567,0.41176813019717357,7.703560319320265,True
vector_thrust,cruise_28,0.7058617651601274,1499.8887318113514,1226.032515458242,62.202047137182255,0.7035132559419054,0.9191182051878082,0.030283143438923268,0.4117681301986671,7.722369500929917,True
vector_thrust,cruise_28,0.7060162434399061,1499.8887318193995,1226.0325155776754,62.20204714138248,0.7035132559604109,0.9191182051884409,0.030283143440643104,0.41176813020087655,7.749549555857034,True
vector_thrust,cruise_28,0.7061876001678777,1499.8887318284906,1226.0325157125783,62.20204714615399,0.7035132559812997,0.9191182051891584,0.030283143442599296,0.4117681302033724,7.779717140881805,True
vector_thrust,cruise_28,0.7063418956502757,1499.888731836755,1226.032515835215,62.20204715050343,0.7035132560002952,0.9191182051898119,0.030283143444383147,0.4117681302056412,7.806897195808922,True
vector_thrust,cruise_28,0.706448620409551,1499.8887318426218,1226.0325159222598,62.20204715360455,0.7035132560137655,0.9191182051902773,0.030283143445655827,0.41176813020725184,7.825706377418574,True
vector_thrust,cruise_28,0.7064866999015722,1499.8887318447305,1226.0325159535596,62.202047154721896,0.7035132560186265,0.9191182051904447,0.030283143446114533,0.4117681302078308,7.832419296613493,True
vector_thrust,cruise_29,0.7064849568064654,1499.8849606873873,1226.0328250332336,62.20196287184027,0.7035141921752024,0.9191181071703689,0.03028325469455253,0.4117670949027612,7.832419296613493,True
vector_thrust,cruise_29,0.7065230305781169,1499.8849606042747,1226.0328237991498,62.20196283360411,0.7035141919840686,0.9191181071643766,0.030283254679292833,0.41176709487994406,7.8391322158084105,True
vector_thrust,cruise_29,0.7066296825826469,1499.8849606084686,1226.0328238615816,62.20196283362952,0.7035141919937384,0.9191181071644785,0.03028325467913467,0.4117670948810954,7.857941397418062,True
vector_thrust,cruise_29,0.7067837248256289,1499.8849606146437,1226.0328239535274,62.20196283355881,0.7035141920079789,0.919118107164617,0.03028325467885214,0.4117670948827906,7.88512145234518,True
vector_thrust,cruise_29,0.7069545954927708,1499.884960621632,1226.0328240575986,62.201962833333944,0.7035141920241037,0.9191181071647584,0.030283254678460807,0.41176709488470914,7.91528903736995,True
vector_thrust,cruise_29,0.7071084511584139,1499.8849606280362,1226.0328241529892,62.20196283299716,0.70351419203889,0.9191181071648743,0.03028325467803751,0.41176709488646734,7.942469092297068,True
vector_thrust,cruise_29,0.7072148705044119,1499.884960632595,1226.0328242208964,62.20196283267534,0.7035141920494048,0.9191181071649482,0.03028325467769625,0.41176709488771884,7.96127827390672,True
vector_thrust,cruise_29,0.7072528407874469,1499.8849606342096,1226.0328242449546,62.201962832550514,0.7035141920531365,0.9191181071649731,0.030283254677571387,0.41176709488816216,7.967991193101638,True
vector_thrust,cruise_30,0.7072510828274917,1499.881161496558,1226.0331335424708,62.201877869097146,0.7035151348052768,0.91911800841146,0.030283366725277608,0.41176605190158994,7.967991193101638,True
vector_thrust,cruise_30,0.7072890473197974,1499.8811614737883,1226.0331332057171,62.20187785960682,0.7035151347531421,0.9191180084099221,0.03028336672157571,0.4117660518953389,7.974704112296556,True
vector_thrust,cruise_30,0.7073953924350529,1499.8811614760623,1226.0331332398162,62.20187785901853,0.703515134758436,0.919118008409914,0.030283366721198333,0.4117660518959631,7.993513293906208,True
vector_thrust,cruise_30,0.7075489896884894,1499.8811614794322,1226.0331332903693,62.201877858080756,0.7035151347662628,0.9191180084098948,0.030283366720605588,0.41176605189688825,8.020693348833326,True
vector_thrust,cruise_30,0.7077193643461733,1499.881161483227,1226.033133347312,62.201877856934516,0.7035151347750922,0.9191180084098637,0.03028336671989464,0.4117660518979301,8.050860933858097,True
vector_thrust,cruise_30,0.7078727712210102,1499.881161486758,1226.0331334003238,62.20187785577659,0.7035151347833214,0.9191180084098252,0.030283366719187764,0.4117660518988994,8.078040988785213,True
vector_thrust,cruise_30,0.7079788789376308,1499.8811614892738,1226.0331334380894,62.20187785490584,0.7035151347891713,0.919118008409793,0.03028336671866212,0.4117660518995901,8.096850170394866,True
vector_thrust,cruise_30,0.7080167377920262,1499.8811614901483,1226.0331334512355,62.20187785459365,0.7035151347912155,0.9191180084097808,0.030283366718474772,0.41176605189983023,8.103563089589784,True
vector_thrust,cruise_31,0.7080149648416657,1499.8773341014992,1226.0334451519068,62.20179225774772,0.7035160845753475,0.9191179089213937,0.030283479599366364,0.4117650011574423,8.103563089589784,True
vector_thrust,cruise_31,0.7080528178112397,1499.8773341048566,1226.0334452017307,62.20179225945499,0.7035160845830676,0.919117908921653,0.03028347960006168,0.41176500115836395,8.110276008784702,True
vector_thrust,cruise_31,0.7081588498124213,1499.8773341049375,1226.0334452029274,62.20179225949722,0.7035160845832491,0.9191179089216593,0.0302834796000788,0.4117650011583862,8.129085190394354,True
vector_thrust,cruise_31,0.7083119930726243,1499.877334104936,1226.03344520291,62.201792259499676,0.7035160845832422,0.9191179089216596,0.030283479600080355,0.4117650011583858,8.156265245321471,True
vector_thrust,cruise_31,0.7084818617154558,1499.8773341044387,1226.0334451955252,62.20179225924202,0.7035160845821055,0.9191179089216206,0.03028347959997636,0.41176500115824927,8.186432830346241,True
vector_thrust,cruise_31,0.7086348107749602,1499.8773341048689,1226.0334452019124,62.2017922594638,0.7035160845831014,0.9191179089216541,0.030283479600066342,0.4117650011583674,8.21361288527336,True
vector_thrust,cruise_31,0.7087406006109446,1499.877334104782,1226.03344520062,62.20179225941523,0.7035160845828948,0.9191179089216469,0.03028347960004625,0.4117650011583436,8.23242206688301,True
vector_thrust,cruise_31,0.7087783458045391,1499.8773341047918,1226.033445200761,62.2017922594267,0.7035160845829133,0.9191179089216485,0.030283479600050393,0.41176500115834624,8.239134986077929,True
vector_thrust,cruise_32,0.7087765577225154,1499.8734781602386,1226.0337611248362,62.2017060763547,0.7035170417811943,0.9191178086961407,0.030283593349420716,0.411763942576436,8.239134986077929,True
vector_thrust,cruise_32,0.7088142969187542,1499.873478161888,1226.0337611493105,62.20170607719121,0.7035170417849855,0.9191178086962678,0.030283593349761443,0.41176394257688886,8.245847905272848,True
vector_thrust,cruise_32,0.7089200095465071,1499.8734781614514,1226.033761142831,62.201706076968605,0.703517041783979,0.919117808696234,0.030283593349670904,0.41176394257676896,8.2646570868825,True
vector_thrust,cruise_32,0.7090726897610383,1499.8734781620512,1226.033761151721,62.201706077273826,0.703517041785347,0.9191178086962803,0.03028359334979612,0.4117639425769337,8.291837141809618,True
vector_thrust,cruise_32,0.7092420423301949,1499.87347816205,1226.0337611517207,62.20170607727649,0.7035170417853567,0.9191178086962806,0.03028359334979608,0.4117639425769334,8.322004726834388,True
vector_thrust,cruise_32,0.709394524500097,1499.8734781620528,1226.0337611517716,62.20170607727218,0.7035170417853683,0.9191178086962801,0.030283593349794833,0.4117639425769341,8.349184781761505,True
vector_thrust,cruise_32,0.7094999901706228,1499.8734781620499,1226.0337611517084,62.20170607727567,0.7035170417853498,0.9191178086962805,0.03028359334979565,0.4117639425769333,8.367993963371157,True
vector_thrust,cruise_32,0.7095376194591535,1499.8734781620112,1226.0337611511513,62.2017060772564,0.7035170417852701,0.9191178086962776,0.030283593349787294,0.4117639425769227,8.374706882566075,True
vector_thrust,cruise_33,0.7095358155285795,1499.8695924849326,1226.0340703199086,62.20161892971145,0.7035180047998678,0.9191177076659834,0.03028370783101376,0.41176287583246934,8.374706882566075,True
vector_thrust,cruise_33,0.7095734386292808,1499.869592371507,1226.0340686368445,62.20161886980759,0.7035180045392166,0.919117707656992,0.030283707806427335,0.41176287580133036,8.381419801760993,True
vector_thrust,cruise_33,0.7096788255780799,1499.8695923541402,1226.0340683790819,62.201618861613355,0.7035180044993037,0.9191177076557183,0.030283707803138826,0.4117628757965627,8.400228983370646,True
vector_thrust,cruise_33,0.7098310336246438,1499.8695923282437,1226.03406799472,62.20161884942427,0.7035180044397856,0.9191177076538221,0.030283707798250823,0.4117628757894532,8.427409038297762,True
vector_thrust,cruise_33,0.70999985998422,1499.8695922994739,1226.0340675677098,62.20161883591432,0.7035180043736534,0.9191177076517189,0.030283707792835665,0.41176287578155496,8.457576623322533,True
vector_thrust,cruise_33,0.7101518661222603,1499.8695922728928,1226.0340671731715,62.20161882347292,0.7035180043125427,0.9191177076497801,0.030283707787850653,0.41176287577425763,8.484756678249651,True
vector_thrust,cruise_33,0.7102570012947281,1499.8695922544873,1226.0340668999888,62.20161881487999,0.7035180042702405,0.9191177076484398,0.030283707784410654,0.4117628757692047,8.503565859859302,True
vector_thrust,cruise_33,0.7102945124169927,1499.869592247799,1226.0340668007075,62.201618811755495,0.7035180042548596,0.9191177076479526,0.030283707783160543,0.4117628757673685,8.510278779054222,True
vector_thrust,cruise_34,0.7102926938089563,1499.865678488704,1226.034400341678,62.20153175276454,0.703518978011185,0.919117605962804,0.030283823442287684,0.4117618013134904,8.510278779054222,True
vector_thrust,cruise_34,0.7103301987131826,1499.8656784902273,1226.0344003642895,62.20153175353854,0.7035189780146767,0.9191176059629215,0.030283823442603875,0.4117618013139086,8.51699169824914,True
vector_thrust,cruise_34,0.7104352536795243,1499.865678490449,1226.034400367581,62.20153175364861,0.703518978015191,0.9191176059629382,0.030283823442648326,0.4117618013139695,8.53580087985879,True
vector_thrust,cruise_34,0.7105869804428483,1499.865678490445,1226.0344003675052,62.201531753653946,0.7035189780151746,0.9191176059629388,0.0302838234426503,0.4117618013139684,8.562980934785909,True
vector_thrust,cruise_34,0.710755270464016,1499.8656784903646,1226.0344003663174,62.20153175360741,0.703518978014994,0.9191176059629319,0.03028382344263083,0.41176180131394635,8.59314851981068,True
vector_thrust,cruise_34,0.7109067914350835,1499.865678490033,1226.0344003614007,62.20153175343953,0.7035189780142381,0.9191176059629065,0.030283823442562214,0.4117618013138553,8.620328574737796,True
vector_thrust,cruise_34,0.711011589782692,1499.8656784904488,1226.0344003675634,62.20153175364903,0.7035189780151898,0.9191176059629383,0.030283823442648645,0.4117618013139694,8.639137756347449,True
vector_thrust,cruise_34,0.7110489804796195,1499.8656784904483,1226.0344003675675,62.2015317536478,0.703518978015193,0.9191176059629381,0.030283823442648402,0.41176180131396933,8.645850675542366,True
vector_thrust,cruise_35,0.7110471451319162,1499.8617334611529,1226.0347177554677,62.201443388255235,0.7035199563445091,0.9191175034006195,0.030283939729287404,0.4117607182754064,8.645850675542366,True
vector_thrust,cruise_35,0.7110845296012372,1499.8617332691297,1226.0347149060767,62.20144328776245,0.7035199559032401,0.9191175033854945,0.03028393968811362,0.41176071822268984,8.652563594737284,True
vector_thrust,cruise_35,0.7111780706814236,1499.861733242268,1226.034714507413,62.20144327489203,0.7035199558415031,0.9191175033835037,0.030283939682931565,0.4117607182153154,8.671372776346937,True
vector_thrust,cruise_35,0.7113109744977625,1499.8617332148851,1226.0347141009738,62.201443262155045,0.7035199557785556,0.9191175033815148,0.03028393967783704,0.41176071820779797,8.698552831274053,True
vector_thrust,cruise_35,0.7114587916823415,1499.8617331820342,1226.0347136133853,62.20144324693495,0.7035199557030479,0.9191175033791349,0.030283939671754377,0.41176071819877935,8.728720416298824,True
vector_thrust,cruise_35,0.7115916734289536,1499.8617332294577,1226.0347143173158,62.20144326826076,0.7035199558120601,0.9191175033825024,0.030283939680221143,0.4117607182117986,8.755900471225942,True
vector_thrust,cruise_35,0.711671064886089,1499.861733126381,1226.0347127873088,62.20144322151593,0.7035199555751123,0.9191175033751418,0.030283939661625427,0.41176071818350074,8.774709652835593,True
vector_thrust,cruise_35,0.7116994394098956,1499.8617331168612,1226.034712646002,62.20144321716156,0.7035199555532289,0.919117503374458,0.03028393965988962,0.4117607181808872,8.781422572030513,True
vector_thrust,cruise_36,0.7116975887362768,1499.8577584304905,1226.0350447651454,62.201354585198786,0.7035209433481733,0.9191174000826275,0.030284057015177005,0.4117596270004948,8.781422572030513,True
vector_thrust,cruise_36,0.7117259839944376,1499.857758235876,1226.0350418773478,62.201354482771215,0.7035209429009623,0.9191174000672373,0.03028405697316722,0.4117596269470668,8.78813549122543,True
vector_thrust,cruise_36,0.7118056584606991,1499.857758217734,1226.0350416080842,62.20135447435149,0.7035209428592697,0.9191174000659216,0.03028405696979889,0.4117596269420862,8.806944672835082,True
vector_thrust,cruise_36,0.7119210842874989,1499.857758189388,1226.035041187339,62.201354461248215,0.7035209427941098,0.9191174000638712,0.030284056964564675,0.4117596269343043,8.8341247277622,True
vector_thrust,cruise_36,0.7120496032817866,1499.8577581578031,1226.0350407185263,62.20135444668774,0.7035209427214968,0.9191174000615908,0.030284056958751634,0.4117596269256332,8.86429231278697,True
vector_thrust,cruise_36,0.7121657613044154,1499.8577581289533,1226.0350402903102,62.20135443341678,0.7035209426551849,0.9191174000595109,0.030284056953455693,0.411759626917713,8.891472367714087,True
vector_thrust,cruise_36,0.712246348804992,1499.8577581078102,1226.0350399764907,62.201354423718826,0.703520942606587,0.9191174000579895,0.030284056949587714,0.4117596269119085,8.91028154932374,True
vector_thrust,cruise_36,0.7122751505304467,1499.8577581001448,1226.0350398627202,62.20135442020897,0.7035209425889669,0.9191174000574387,0.030284056948188316,0.41175962690980417,8.916994468518658,True
vector_thrust,cruise_37,0.7122732839031599,1499.8537524183816,1226.0353739607503,62.20126507774096,0.7035219379869644,0.9191172959576878,0.030284175210047705,0.41175852722017064,8.916994468518658,True
vector_thrust,cruise_37,0.7123021065229347,1499.8537522256504,1226.035371100886,62.20126497661603,0.7035219375440686,0.9191172959424793,0.030284175168596612,0.41175852716725964,8.923707387713575,True
vector_thrust,cruise_37,0.7123829793518136,1499.8537522102456,1226.035370872224,62.20126496947251,0.7035219375086617,0.9191172959413626,0.03028417516574048,0.4117585271630306,8.942516569323228,True
vector_thrust,cruise_37,0.7125001392755325,1499.8537521864162,1226.0353705185416,62.20126495845346,0.7035219374538899,0.9191172959396385,0.030284175161337357,0.41175852715648853,8.969696624250345,True
vector_thrust,cruise_37,0.7126305863234531,1499.8537521579133,1226.0353700954768,62.201264945318606,0.703521937388372,0.9191172959375812,0.030284175156093322,0.4117585271486637,8.999864209275115,True
vector_thrust,cruise_37,0.712748484495448,1499.8537521300923,1226.0353696825246,62.201264932534485,0.7035219373244154,0.9191172959355768,0.03028417515099327,0.41175852714102584,9.027044264202233,True
vector_thrust,cruise_37,0.7128302779075116,1499.8537521097153,1226.0353693800662,62.20126492319708,0.7035219372775794,0.9191172959341115,0.030284175147270522,0.4117585271354317,9.045853445811884,True
vector_thrust,cruise_37,0.7128595103534905,1499.853752102146,1226.0353692677174,62.2012649197315,0.7035219372601806,0.9191172959335675,0.030284175145889575,0.4117585271333537,9.052566365006804,True
vector_thrust,cruise_38,0.7128576275001023,1499.8497149398086,1226.0357054212063,62.20117485633857,0.7035229403880473,0.9191171910133205,0.030284294328860088,0.4117574188012809,9.052566365006804,True
vector_thrust,cruise_38,0.7128868810055855,1499.8497147415485,1226.0357024792818,62.20117475245523,0.7035229399324577,0.9191171909976906,0.03028429428628918,0.4117574187468522,9.059279284201722,True
vector_thrust,cruise_38,0.7129689621042522,1499.8497147262456,1226.0357022521466,62.20117474535025,0.7035229398972755,0.9191171909965803,0.030284294283447484,0.411757418742651,9.078088465811373,True
vector_thrust,cruise_38,0.7130878704938043,1499.8497147025494,1226.0357019004382,62.20117473437691,0.7035229398428096,0.9191171909948643,0.030284294279061753,0.41175741873614563,9.105268520738491,True
vector_thrust,cruise_38,0.7132202616185521,1499.8497146742095,1226.035701479787,62.20117472129372,0.7035229397776609,0.9191171909928162,0.030284294273836835,0.4117574187283654,9.135436105763262,True
vector_thrust,cruise_38,0.7133399144441047,1499.8497146465797,1226.0357010696853,62.201174708582364,0.7035229397141577,0.919117190990824,0.030284294268763445,0.4117574187207801,9.16261616069038,True
vector_thrust,cruise_38,0.713422923841828,1499.849714626156,1226.0357007665436,62.20117469920498,0.7035229396672101,0.9191171909893534,0.030284294265022736,0.41175741871517313,9.181425342300031,True
vector_thrust,cruise_38,0.7134525906114974,1499.849714618954,1226.035700659649,62.20117469589785,0.7035229396506574,0.9191171909888348,0.030284294263705082,0.411757418713196,9.188138261494949,True
vector_thrust,cruise_39,0.7134506912777682,1499.84564551587,1226.036039489763,62.20108392017067,0.7035239507223057,0.9191170852381091,0.030284414390575744,0.41175630161235177,9.188138261494949,True
vector_thrust,cruise_39,0.7134803792750499,1499.8456453110755,1226.0360364508656,62.201083813025704,0.7035239502516913,0.9191170852219812,0.030284414346678588,0.411756301556129,9.194851180689867,True
vector_thrust,cruise_39,0.7135636787702199,1499.84564529595,1226.036036226376,62.2010838059941,0.7035239502169336,0.9191170852208829,0.03028441434386704,0.4117563015519766,9.21366036229952,True
vector_thrust,cruise_39,0.7136843503131786,1499.8456452724315,1226.0360358772987,62.20108379508389,0.7035239501628653,0.9191170852191777,0.030284414339503518,0.41175630154552,9.240840417226636,True
vector_thrust,cruise_39,0.7138187018916549,1499.845645243966,1226.0360354547938,62.201083781915635,0.7035239500974392,0.9191170852171177,0.030284414334243358,0.4117563015377053,9.271008002251406,True
vector_thrust,cruise_39,0.7139401241939008,1499.8456452163703,1226.0360350451942,62.201083769198334,0.7035239500340059,0.9191170852151256,0.030284414329164348,0.4117563015301294,9.298188057178525,True
vector_thrust,cruise_39,0.7140243598733369,1499.8456451961738,1226.0360347454364,62.20108375990377,0.7035239499875868,0.9191170852136691,0.030284414325456074,0.4117563015245848,9.316997238788176,True
vector_thrust,cruise_39,0.7140544646483805,1499.8456451887298,1226.0360346349291,62.20108375648553,0.7035239499704662,0.9191170852131331,0.030284414324090594,0.4117563015225412,9.323710157983095,True
vector_thrust,cruise_40,0.71405254855241,1499.841543641779,1226.0363763046046,62.200992261092,0.7035249691316855,0.9191169786192536,0.030284535411629586,0.4117551755148027,9.323710157983095,True
vector_thrust,cruise_40,0.7140826747472279,1499.84154345974,1226.0363736033814,62.200992165816544,0.7035249687133709,0.9191169786049138,0.030284535372593596,0.4117551754648272,9.330423077178013,True
vector_thrust,cruise_40,0.7141672029883407,1499.841543445621,1226.0363733938202,62.20099215923037,0.7035249686809161,0.9191169786038863,0.03028453536995768,0.411755175460951,9.349232258787664,True
vector_thrust,cruise_40,0.7142896526955199,1499.841543423834,1226.0363730704578,62.20099214909969,0.7035249686308417,0.919116978602304,0.030284535365904076,0.41175517545496976,9.376412313714782,True
vector_thrust,cruise_40,0.7144259814655193,1499.8415433975076,1226.036372679705,62.200992136888686,0.7035249685703232,0.9191169786003954,0.03028453536102253,0.4117551754477423,9.406579898739553,True
vector_thrust,cruise_40,0.7145491883940452,1499.8415433719354,1226.0363723001421,62.200992125068574,0.7035249685115442,0.9191169785985457,0.030284535356299363,0.41175517544072193,9.433759953666671,True
vector_thrust,cruise_40,0.7146346608775009,1499.8415433530495,1226.036372019831,62.200992116346924,0.7035249684681373,0.9191169785971806,0.030284535352816926,0.41175517543553714,9.452569135276322,True
vector_thrust,cruise_40,0.7146652074213388,1499.8415433463292,1226.0363719200766,62.200992113250514,0.7035249684526833,0.9191169785966955,0.030284535351580908,0.4117551754336922,9.45928205447124,True
vector_thrust,cruise_41,0.7146632743640199,1499.8374089734175,1226.0367185730142,62.20089995861205,0.7035259961588844,0.9191168711569851,0.030284657444654098,0.4117540404141622,9.45928205447124,True
vector_thrust,cruise_41,0.7146938426317105,1499.8374089737056,1226.0367185772889,62.200899958759635,0.7035259961595486,0.9191168711570075,0.03028465744471434,0.41175404041424124,9.46599497366616,True
vector_thrust,cruise_41,0.7147796102033257,1499.8374089737088,1226.0367185773407,62.20089995875636,0.7035259961595451,0.9191168711570072,0.03028465744471377,0.4117540404142422,9.48480415527581,True
vector_thrust,cruise_41,0.7149038534269349,1499.8374089737056,1226.0367185772889,62.200899958760246,0.7035259961595486,0.9191168711570076,0.03028465744471434,0.41175404041424124,9.511984210202929,True
vector_thrust,cruise_41,0.7150421765076953,1499.8374089737088,1226.0367185773407,62.200899958756146,0.7035259961595451,0.9191168711570072,0.030284657444713706,0.4117540404142422,9.5421517952277,True
vector_thrust,cruise_41,0.7151671835584078,1499.8374089737079,1226.0367185773325,62.200899958759436,0.7035259961595556,0.9191168711570075,0.030284657444715174,0.4117540404142419,9.569331850154816,True
vector_thrust,cruise_41,0.7152539036096999,1499.837408973706,1226.0367185773025,62.20089995875923,0.7035259961595479,0.9191168711570075,0.03028465744471446,0.4117540404142414,9.588141031764469,True
vector_thrust,cruise_41,0.7152848957715398,1499.837408973689,1226.036718577036,62.20089995874857,0.7035259961595022,0.9191168711570059,0.03028465744471033,0.41175404041423674,9.594853950959386,True
vector_thrust,cruise_42,0.7152829450115085,1499.8332405842643,1226.0370605504947,62.200806803450604,0.7035270310407894,0.9191167628073457,0.030284780425191216,0.4117528960560701,9.594853950959386,True
vector_thrust,cruise_42,0.7153139590745564,1499.833240581884,1226.0370605153134,62.200806800030534,0.7035270310353479,0.9191167628069291,0.030284780423622475,0.41175289605541665,9.601566870154304,True
vector_thrust,cruise_42,0.7154009767742143,1499.83324058159,1226.0370605109367,62.200806800131176,0.7035270310346728,0.9191167628069329,0.03028478042368395,0.4117528960553359,9.620376051763955,True
vector_thrust,cruise_42,0.7155270291737549,1499.8332405811466,1226.0370605043283,62.20080680030213,0.7035270310336472,0.9191167628069403,0.03028478042378377,0.41175289605521415,9.647556106691074,True
vector_thrust,cruise_42,0.7156673640245022,1499.8332405806293,1226.0370604966217,62.20080680051592,0.7035270310324538,0.9191167628069505,0.03028478042390977,0.41175289605507215,9.677723691715844,True
vector_thrust,cruise_42,0.7157941869987062,1499.833240580145,1226.0370604894101,62.2008068007373,0.7035270310313364,0.9191167628069624,0.0302847804240378,0.41175289605493914,9.704903746642962,True
vector_thrust,cruise_42,0.715882165592175,1499.8332405797987,1226.0370604842444,62.20080680090518,0.7035270310305385,0.919116762806972,0.030284780424132508,0.4117528960548441,9.723712928252613,True
vector_thrust,cruise_42,0.7159136072967495,1499.8332405796766,1226.0370604824193,62.200806800961544,0.7035270310302519,0.919116762806975,0.030284780424165006,0.41175289605481064,9.730425847447531,True
vector_thrust,cruise_43,0.7159116391905195,1499.829038615275,1226.0374125308813,62.20071313176167,0.7035280755011178,0.9191166536090684,0.03028490451124093,0.41175174247922325,9.730425847447531,True
vector_thrust,cruise_43,0.7159431029423171,1499.8290385480057,1226.0374115326326,62.20071309755909,0.703528075346531,0.9191166536038751,0.030284904497303464,0.41175174246075563,9.73713876664245,True
vector_thrust,cruise_43,0.716031381756238,1499.8290384623078,1226.0374102609103,62.20071305398506,0.7035280751495901,0.919116653597259,0.03028490447954876,0.41175174243722873,9.755947948252102,True
vector_thrust,cruise_43,0.716159259260737,1499.8290383308888,1226.0374083107195,62.20071298715619,0.7035280748475864,0.9191166535871125,0.030284904452318354,0.41175174240115,9.78312800317922,True
vector_thrust,cruise_43,0.7163016236261709,1499.8290381604843,1226.0374057819915,62.20071290050544,0.703528074455991,0.9191166535739562,0.030284904417010646,0.41175174235436846,9.81329558820399,True
vector_thrust,cruise_43,0.7164302786555615,1499.8290381115025,1226.0374050551247,62.20071287560602,0.7035280743434279,0.9191166535701752,0.03028490440686481,0.4117517423409214,9.840475643131107,True
vector_thrust,cruise_43,0.7165195270325376,1499.8290381319946,1226.037405359216,62.20071288601916,0.7035280743905175,0.9191166535717566,0.03028490441110856,0.41175174234654704,9.85928482474076,True
vector_thrust,cruise_43,0.7165514222991357,1499.8290381380295,1226.0374054487786,62.20071288909118,0.7035280744043876,0.9191166535722229,0.030284904412359304,0.4117517423482039,9.865997743935678,True
vector_thrust,cruise_44,0.716549434964641,1499.8247997169553,1226.0377332147186,62.20061751579444,0.7035291232770657,0.9191165433325589,0.030285029142930443,0.4117505787640767,9.865997743935678,True
vector_thrust,cruise_44,0.7165813532271185,1499.8248007772956,1226.0377489499851,62.20061805165576,0.7035291257138168,0.9191165434140741,0.030285029361016114,0.41175057905517454,9.872710663130595,True
vector_thrust,cruise_44,0.7166709045220783,1499.8248007279321,1226.0377482173958,62.200618027697814,0.7035291256003723,0.9191165434103834,0.030285029351344514,0.4117505790416227,9.891519844740248,True
vector_thrust,cruise_44,0.7168006236275938,1499.8248006568624,1226.0377471626584,62.20061799326545,0.7035291254370304,0.9191165434050761,0.030285029337451252,0.4117505790221118,9.918699899667365,True
vector_thrust,cruise_44,0.716945035933177,1499.824800577034,1226.03774597793,62.200617954687594,0.7035291252535738,0.9191165433991251,0.030285029321891997,0.41175057900019635,9.948867484692135,True
vector_thrust,cruise_44,0.7170755395530932,1499.8248005052542,1226.0377449126313,62.200617920076695,0.7035291250885942,0.9191165433937822,0.030285029307938534,0.4117505789804904,9.976047539619254,True
vector_thrust,cruise_44,0.7171660691250763,1499.8248004557888,1226.0377441785172,62.200617896272284,0.7035291249749057,0.9191165433901053,0.03028502929834498,0.4117505789669105,9.994856721228905,True
vector_thrust,cruise_44,0.7171984220359869,1499.8248004374188,1226.0377439058907,62.20061788743912,0.7035291249326877,0.9191165433887405,0.030285029294786412,0.41175057896186734,10.001569640423822,True
vector_thrust,cruise_45,0.7171964177143756,1499.8205287847093,1226.038103863434,62.20052272773394,0.7035301870888456,0.919116432385562,0.030285155472341962,0.411749406254578,10.001569640423822,True
vector_thrust,cruise_45,0.717228793120405,1499.8205287850058,1226.038103867826,62.200522727882756,0.7035301870895267,0.9191164323855847,0.030285155472403354,0.41174940625465933,10.008282559618742,True
vector_thrust,cruise_45,0.7173196284365322,1499.8205287850033,1226.0381038677842,62.20052272788583,0.7035301870895186,0.9191164323855848,0.030285155472404412,0.41174940625465867,10.027091741228393,True
vector_thrust,cruise_45,0.7174512058748083,1499.8205287850037,1226.0381038677983,62.20052272788501,0.7035301870895208,0.9191164323855848,0.030285155472404218,0.4117494062546588,10.054271796155511,True
vector_thrust,cruise_45,0.7175976847611133,1499.8205287850035,1226.0381038677963,62.20052272788543,0.7035301870895202,0.9191164323855849,0.030285155472403336,0.4117494062546588,10.084439381180282,True
vector_thrust,cruise_45,0.7177300539135538,1499.8205287850074,1226.038103867851,62.20052272788133,0.7035301870895277,0.9191164323855845,0.03028515547240295,0.41174940625465983,10.111619436107398,True
vector_thrust,cruise_45,0.7178218764842079,1499.8205287850064,1226.0381038678463,62.20052272788214,0.7035301870895284,0.9191164323855846,0.03028515547240283,0.4117494062546596,10.130428617717051,True
vector_thrust,cruise_45,0.7178546912607467,1499.8205287849992,1226.0381038677356,62.2005227278889,0.7035301870895068,0.9191164323855852,0.03028515547240462,0.41174940625465756,10.137141536911969,True
vector_thrust,cruise_46,0.71785266786703,1499.816220712515,1226.0384575400085,62.200426455909906,0.7035312567102439,0.9191163204038441,0.03028528258016711,0.4117482235489581,10.137141536911969,True
vector_thrust,cruise_46,0.7178855053276474,1499.816220712503,1226.0384575398343,62.200426455901706,0.7035312567102137,0.919116320403843,0.0302852825801647,0.41174822354895496,10.143854456106887,True
vector_thrust,cruise_46,0.7179776364150675,1499.8162207125001,1226.0384575397775,62.200426455896576,0.7035312567102028,0.9191163204038423,0.030285282580162755,0.4117482235489541,10.16266363771654,True
vector_thrust,cruise_46,0.7181110892282424,1499.816220712517,1226.038457540029,62.200426455909906,0.7035312567102422,0.9191163204038442,0.030285282580167387,0.41174822354895874,10.189843692643656,True
vector_thrust,cruise_46,0.7182596536968511,1499.8162207125115,1226.038457539954,62.20042645590867,0.7035312567102303,0.9191163204038438,0.030285282580165794,0.4117482235489572,10.220011277668426,True
vector_thrust,cruise_46,0.7183939055803444,1499.8162207124763,1226.038457539417,62.20042645588571,0.7035312567101459,0.9191163204038406,0.030285282580157315,0.4117482235489475,10.247191332595545,True
vector_thrust,cruise_46,0.7184870330954142,1499.8162207125158,1226.0384575400128,62.200426455910105,0.703531256710243,0.9191163204038441,0.03028528258016671,0.41174822354895846,10.266000514205196,True
vector_thrust,cruise_46,0.7185203140091647,1499.8162207124894,1226.0384575396317,62.20042645589391,0.7035312567101901,0.9191163204038418,0.03028528258016114,0.41174822354895113,10.272713433400114,True
vector_thrust,cruise_47,0.7185182716211805,1499.8118762382271,1226.0388142524466,62.200329371657304,0.7035323353828021,0.9191162074755569,0.030285410763503152,0.4117470308497823,10.272713433400114,True
vector_thrust,cruise_47,0.7185515754251094,1499.8118762382942,1226.038814253456,62.20032937169031,0.703532335382965,0.9191162074755619,0.030285410763516093,0.4117470308498008,10.279426352595033,True
vector_thrust,cruise_47,0.718645014324344,1499.811876238337,1226.0388142540853,62.20032937170895,0.7035323353830637,0.919116207475565,0.03028541076352417,0.41174703084981257,10.298235534204684,True
vector_thrust,cruise_47,0.7187803599752733,1499.8118762382464,1226.0388142527356,62.20032937166386,0.7035323353828473,0.919116207475558,0.03028541076350553,0.4117470308497877,10.325415589131802,True
vector_thrust,cruise_47,0.7189310294974748,1499.8118762382903,1226.0388142533895,62.20032937168744,0.7035323353829488,0.9191162074755616,0.030285410763514087,0.4117470308497997,10.355583174156573,True
vector_thrust,cruise_47,0.7190671817355249,1499.8118762383642,1226.0388142544805,62.20032937172495,0.7035323353831185,0.9191162074755672,0.03028541076353092,0.41174703084981995,10.38276322908369,True
vector_thrust,cruise_47,0.719161626435466,1499.8118762382694,1226.038814253073,62.200329371675146,0.7035323353829047,0.9191162074755598,0.03028541076350979,0.4117470308497939,10.401572410693342,True
vector_thrust,cruise_47,0.7191953778639729,1499.8118762382653,1226.0388142530155,62.200329371673085,0.7035323353828908,0.9191162074755594,0.030285410763508297,0.4117470308497928,10.40828532988826,True
vector_thrust,cruise_48,0.7191933161297912,1499.8074947395519,1226.0391740576329,62.20023146125014,0.7035334232621653,0.919116093584532,0.030285540040819414,0.4117458279862108,10.40828532988826,True
vector_thrust,cruise_48,0.7192270892912092,1499.8074927226382,1226.0391441279048,62.20023043568549,0.7035334186273514,0.9191160934288143,0.030285539622923328,0.41174582743250254,10.414998249083178,True
vector_thrust,cruise_48,0.7193218486544356,1499.8074932397149,1226.0391518010015,62.20023069861179,0.7035334198155846,0.919116093468736,0.030285539730060266,0.41174582757445677,10.43380743069283,True
vector_thrust,cruise_48,0.7194591056727522,1499.8074942523876,1226.0391668284121,62.20023121353717,0.70353342214267,0.9191160935469201,0.03028553993988259,0.4117458278524684,10.460987485619947,True
vector_thrust,cruise_48,0.7196119004784627,1499.807494744793,1226.0391741353956,62.20023146391119,0.7035334232742035,0.9191160935849362,0.030285540041904157,0.41174582798764964,10.491155070644718,True
vector_thrust,cruise_48,0.7197499710755351,1499.8074947395423,1226.0391740574837,62.200231461242566,0.7035334232621396,0.919116093584531,0.030285540040816395,0.4117458279862081,10.518335125571836,True
vector_thrust,cruise_48,0.7198457454683058,1499.807494739542,1226.0391740574764,62.20023146124133,0.7035334232621293,0.9191160935845308,0.030285540040816714,0.411745827986208,10.537144307181487,True
vector_thrust,cruise_48,0.7198799718846327,1499.8074947395367,1226.0391740574028,62.200231461243376,0.7035334232621269,0.919116093584531,0.03028554004081619,0.41174582798620657,10.543857226376407,True
vector_thrust,cruise_49,0.7198778924105448,1499.80307847791,1226.0395800455371,62.20013418451985,0.7035345271716591,0.9191159789380039,0.030285671031615363,0.41174461557907666,10.543857226376407,True
vector_thrust,cruise_49,0.7199121405586547,1499.8030761421119,1226.0395453839333,62.20013299779869,0.7035345218041067,0.9191159787577702,0.030285670548126743,0.41174461493782427,10.550570145571324,True
vector_thrust,cruise_49,0.7200082322628426,1499.8030761454304,1226.039545433169,62.200132999501456,0.7035345218117359,0.919115978758028,0.030285670548822623,0.4117446149387354,10.569379327180975,True
vector_thrust,cruise_49,0.7201474175154724,1499.8030761499747,1226.039545500616,62.20013300183453,0.7035345218221842,0.9191159787583812,0.030285670549776423,0.41174461493998293,10.596559382108094,True
vector_thrust,cruise_49,0.7203023572720995,1499.8030761544567,1226.0395455671169,62.20013300413029,0.7035345218324771,0.919115978758729,0.0302856705507124,0.4117446149412134,10.626726967132864,True
vector_thrust,cruise_49,0.7204423646399801,1499.803076158073,1226.0395456207798,62.20013300599026,0.7035345218407878,0.9191159787590104,0.030285670551471404,0.41174461494220616,10.65390702205998,True
vector_thrust,cruise_49,0.7205394815085542,1499.8030761602977,1226.0395456537983,62.20013300713384,0.703534521845902,0.9191159787591835,0.030285670551938558,0.41174461494281694,10.672716203669633,True
vector_thrust,cruise_49,0.7205741874841877,1499.8030761610646,1226.039545665172,62.200133007519824,0.7035345218476646,0.9191159787592423,0.03028567055209649,0.4117446149430275,10.679429122864551,True
vector_thrust,cruise_50,0.7205720855679031,1499.7986180974012,1226.039903161951,62.20003310460119,0.7035356272810679,0.9191158628473842,0.030285801953426696,0.411743391059882,10.679429122864551,True
vector_thrust,cruise_50,0.7206068150787357,1499.798618097227,1226.0399031593586,62.200033104513864,0.7035356272806605,0.9191158628473709,0.030285801953392373,0.41174339105983415,10.686142042059469,True
vector_thrust,cruise_50,0.7207042523138791,1499.7986180974124,1226.0399031621228,62.20003310461103,0.7035356272810945,0.9191158628473856,0.03028580195343176,0.411743391059885,10.704951223669122,True
vector_thrust,cruise_50,0.7208453851103441,1499.7986180972512,1226.0399031597242,62.20003310452248,0.7035356272807273,0.9191158628473723,0.03028580195339604,0.41174339105984076,10.732131278596238,True
vector_thrust,cruise_50,0.7210024909186523,1499.798618097388,1226.0399031617594,62.20003310459401,0.7035356272810367,0.9191158628473831,0.03028580195342496,0.4117433910598784,10.762298863621009,True
vector_thrust,cruise_50,0.7211444538504026,1499.798618097061,1226.0399031568998,62.20003310442921,0.7035356272802824,0.9191158628473581,0.030285801953357814,0.41174339105978863,10.789478918548127,True
vector_thrust,cruise_50,0.721242926251035,1499.7986180974162,1226.0399031621805,62.200033104608366,0.7035356272811081,0.9191158628473853,0.030285801953430808,0.4117433910598861,10.808288100157778,True
vector_thrust,cruise_50,0.7212781164551562,1499.798618097414,1226.039903162132,62.20003310460939,0.7035356272810914,0.9191158628473854,0.030285801953429843,0.41174339105988544,10.815001019352698,True
vector_thrust,cruise_51,0.7212759944750953,1499.7941216246857,1226.0402725562815,62.19993262817584,0.7035367437485475,0.9191157459666336,0.030285934627757423,0.4117421566322052,10.815001019352698,True
vector_thrust,cruise_51,0.7213112084409772,1499.794121625856,1226.0402725736442,62.199932628769034,0.7035367437512396,0.9191157459667239,0.030285934627999337,0.4117421566325265,10.821713938547616,True
vector_thrust,cruise_51,0.7214100043367876,1499.7941216258534,1226.0402725736112,62.199932628772935,0.7035367437512339,0.9191157459667243,0.030285934628000145,0.4117421566325258,10.840523120157266,True
vector_thrust,cruise_51,0.7215531037180383,1499.7941216225636,1226.0402725247795,62.199932627096615,0.7035367437436654,0.9191157459664697,0.030285934627317476,0.41174215663162267,10.867703175084385,True
vector_thrust,cruise_51,0.7217123968119638,1499.7941216246463,1226.040272555688,62.19993262815944,0.7035367437484576,0.919115745966631,0.030285934627749717,0.4117421566321945,10.897870760109155,True
vector_thrust,cruise_51,0.7218563345240177,1499.794121622412,1226.0402725225272,62.19993262701586,0.7035367437433184,0.9191157459664576,0.030285934627284582,0.41174215663158104,10.925050815036272,True
vector_thrust,cruise_51,0.7219561758049042,1499.7941216238971,1226.0402725445795,62.19993262777387,0.7035367437467419,0.9191157459665726,0.0302859346275935,0.4117421566319887,10.943859996645925,True
vector_thrust,cruise_51,0.7219918550101775,1499.79412162278,1226.0402725280003,62.19993262720752,0.7035367437441753,0.9191157459664866,0.030285934627362596,0.41174215663168207,10.950572915840842,True
vector_thrust,cruise_52,0.7219897110932558,1499.7895838722948,1226.0406215562082,62.199830453651096,0.7035378664124036,0.9191156279306439,0.03028606814346763,0.41174091087191805,10.950572915840842,True
vector_thrust,cruise_52,0.7220254153609984,1499.789585466818,1226.0406452177053,62.199831264636806,0.7035378700764867,0.9191156280537737,0.030286068473952526,0.4117409113096664,10.95728583503576,True
vector_thrust,cruise_52,0.7221255833453613,1499.789585465483,1226.0406451979013,62.19983126395956,0.7035378700734136,0.9191156280536708,0.03028606847367602,0.4117409113092999,10.976095016645413,True
vector_thrust,cruise_52,0.7222706687599459,1499.7895854697392,1226.0406452610591,62.19983126612639,0.7035378700831946,0.9191156280539995,0.03028606847455957,0.4117409113104684,11.00327507157253,True
vector_thrust,cruise_52,0.7224313839206847,1499.7895854669412,1226.0406452195382,62.199831264707534,0.7035378700767634,0.919115628053784,0.03028606847398089,0.4117409113097002,11.0334426565973,True
vector_thrust,cruise_52,0.7225741495939403,1499.78958546353,1226.0406451689132,62.19983126297177,0.7035378700689239,0.9191156280535205,0.03028606847327365,0.4117409113087638,11.060622711524418,True
vector_thrust,cruise_52,0.7226727588609283,1499.7895854560618,1226.0406450581027,62.19983125916715,0.7035378700517703,0.919115628052943,0.030286068471721914,0.41174091130671353,11.07943189313407,True
vector_thrust,cruise_52,0.7227079148776941,1499.7895854527137,1226.0406450084092,62.19983125746131,0.7035378700440679,0.9191156280526843,0.030286068471027192,0.41174091130579427,11.086144812328989,True
vector_thrust,cruise_53,0.7227057507797722,1499.7850088531238,1226.0410202926819,62.199728966891236,0.7035390062999128,0.9191155090856109,0.030286203500233786,0.41173965488069036,11.086144812328989,True
vector_thrust,cruise_53,0.7227408868838059,1499.7850089281474,1226.0410214059607,62.199729005047246,0.7035390064723136,0.9191155090914042,0.030286203515783063,0.4117396549012867,11.092857731523907,True
vector_thrust,cruise_53,0.7228392314058639,1499.7850089281421,1226.0410214058834,62.199729005051346,0.703539006472298,0.9191155090914045,0.030286203515784295,0.4117396549012853,11.111666913133558,True
vector_thrust,cruise_53,0.7229810707728506,1499.7850089281467,1226.0410214059573,62.19972900504868,0.7035390064723138,0.9191155090914043,0.030286203515784465,0.41173965490128656,11.138846968060676,True
vector_thrust,cruise_53,0.72313812241966,1499.7850089280867,1226.0410214050794,62.19972900501486,0.7035390064721762,0.9191155090913992,0.0302862035157698,0.4117396549012701,11.169014553085447,True
vector_thrust,cruise_53,0.7232792794380817,1499.7850089280234,1226.0410214041278,62.199729004986565,0.7035390064720276,0.9191155090913947,0.030286203515757545,0.41173965490125275,11.196194608012565,True
vector_thrust,cruise_53,0.7233767730862395,1499.7850089279725,1226.0410214033734,62.19972900496217,0.7035390064719079,0.919115509091391,0.030286203515747605,0.4117396549012388,11.215003789622216,True
vector_thrust,cruise_53,0.7234115304649505,1499.7850089279507,1226.0410214030464,62.19972900495029,0.7035390064718559,0.9191155090913893,0.030286203515743397,0.4117396549012328,11.221716708817134,True
vector_thrust,cruise_54,0.7234093448293984,1499.780391264544,1226.0414009480364,62.199625825123285,0.7035401530810035,0.9191153890593619,0.03028633977150897,0.4117383872027785,11.221716708817134,True
vector_thrust,cruise_54,0.7234440819918182,1499.7803912645595,1226.0414009482733,62.19962582513066,0.7035401530810415,0.919115389059363,0.030286339771512186,0.41173838720278283,11.228429628012051,True
vector_thrust,cruise_54,0.7235413075110587,1499.780391264548,1226.0414009480976,62.199625825117955,0.7035401530810169,0.9191153890593614,0.030286339771506573,0.4117383872027796,11.247238809621704,True
vector_thrust,cruise_54,0.7236815263944868,1499.7803912645738,1226.041400948485,62.19962582513373,0.703540153081072,0.9191153890593636,0.030286339771512717,0.41173838720278677,11.27441886454882,True
vector_thrust,cruise_54,0.7238367746314175,1499.7803912645477,1226.04140094809,62.19962582512308,0.7035401530810071,0.919115389059362,0.030286339771508335,0.41173838720277955,11.304586449573591,True
vector_thrust,cruise_54,0.723976302505579,1499.780391264547,1226.041400948089,62.19962582512143,0.7035401530810099,0.9191153890593617,0.03028633977150759,0.4117383872027794,11.33176650450071,True
vector_thrust,cruise_54,0.7240726663512969,1499.7803912645704,1226.0414009484357,62.19962582513128,0.7035401530810657,0.9191153890593634,0.03028633977151178,0.4117383872027857,11.35057568611036,True
vector_thrust,cruise_54,0.7241070200332003,1499.780391264544,1226.0414009480364,62.19962582511836,0.7035401530810035,0.9191153890593613,0.0302863397715064,0.4117383872027785,11.35728860530528,True
vector_thrust,cruise_55,0.7241048116939618,1499.775730619267,1226.041767457831,62.19952114454879,0.7035413075415918,0.9191152678526032,0.030286477033580308,0.411737107704406,11.35728860530528,True
vector_thrust,cruise_55,0.7241391455500359,1499.7757315568695,1226.0417813709964,62.19952162126712,0.7035413096960746,0.9191152679249901,0.03028647722783731,0.41173710796180835,11.364001524500198,True
vector_thrust,cruise_55,0.7242352379367177,1499.7757315997967,1226.0417820079972,62.19952164309205,0.7035413097947125,0.9191152679283042,0.030286477236731623,0.41173710797359325,11.382810706109849,True
vector_thrust,cruise_55,0.7243738159296272,1499.7757316523991,1226.0417827885785,62.19952166984529,0.7035413099155862,0.9191152679323662,0.0302864772476326,0.41173710798803437,11.409990761036967,True
vector_thrust,cruise_55,0.7245272381171032,1499.77573168988,1226.0417833447618,62.19952168890034,0.7035413100017102,0.9191152679352598,0.03028647725539748,0.4117371079983241,11.440158346061738,True
vector_thrust,cruise_55,0.7246651164579753,1499.775731703159,1226.0417835417954,62.19952169565603,0.7035413100322203,0.9191152679362852,0.03028647725815065,0.4117371080019696,11.467338400988856,True
vector_thrust,cruise_55,0.7247603363989259,1499.7757317045725,1226.0417835627777,62.19952169637346,0.7035413100354709,0.9191152679363943,0.030286477258443065,0.4117371080023577,11.486147582598507,True
vector_thrust,cruise_55,0.7247942813517567,1499.7757317024782,1226.041783531703,62.19952169530573,0.7035413100306607,0.9191152679362322,0.030286477258007653,0.4117371080017827,11.492860501793425,True
vector_thrust,cruise_56,0.724792050814423,1499.7710286014326,1226.0421562874353,62.199416155296284,0.7035424755097368,0.9191151456347265,0.03028661581743705,0.411735816847924,11.492860501793425,True
vector_thrust,cruise_56,0.7248259757137842,1499.771029565902,1226.0421705992542,62.199416645675434,0.7035424777259327,0.9191151457091877,0.03028661601726188,0.41173581711270213,11.499573420988344,True
vector_thrust,cruise_56,0.724920920824185,1499.7710295659035,1226.042170599284,62.19941664566969,0.7035424777259505,0.9191151457091873,0.030286616017259398,0.4117358171127026,11.518382602597995,True
vector_thrust,cruise_56,0.7250578375199043,1499.7710295659022,1226.0421705992544,62.1994166456699,0.7035424777259423,0.9191151457091873,0.03028661601725986,0.41173581711270213,11.545562657525114,True
vector_thrust,cruise_56,0.725209411063008,1499.7710295659003,1226.0421705992317,62.19941664566929,0.703542477725936,0.9191151457091872,0.030286616017259457,0.41173581711270174,11.575730242549884,True
vector_thrust,cruise_56,0.7253456195653386,1499.7710295659035,1226.0421705992821,62.19941664566662,0.7035424777259497,0.919115145709187,0.030286616017258888,0.4117358171127026,11.602910297477,True
vector_thrust,cruise_56,0.7254396815740463,1499.7710295658972,1226.0421705991787,62.199416645671334,0.7035424777259288,0.9191151457091874,0.03028661601725927,0.4117358171127008,11.621719479086654,True
vector_thrust,cruise_56,0.7254732127976978,1499.7710295658994,1226.0421705992178,62.199416645670105,0.7035424777259267,0.9191151457091873,0.03028661601725897,0.4117358171127014,11.628432398281571,True
vector_thrust,cruise_57,0.7254709585640132,1499.76628159437,1226.0425255624396,62.19930940271027,0.703543650687493,0.9191150221669703,0.030286755560869655,0.41173451364043884,11.628432398281571,True
vector_thrust,cruise_57,0.7255044704526865,1499.7662839717195,1226.0425608400285,62.19931061139696,0.7035436561502509,0.9191150223505067,0.03028675605339902,0.4117345142930984,11.63514531747649,True
vector_thrust,cruise_57,0.72559825430943,1499.766283971718,1226.0425608400055,62.199310611397784,0.7035436561502445,0.9191150223505068,0.030286756053398423,0.411734514293098,11.65395449908614,True
vector_thrust,cruise_57,0.7257334895238592,1499.7662839717136,1226.042560839922,62.19931061140025,0.7035436561502296,0.9191150223505069,0.030286756053399585,0.4117345142930968,11.681134554013259,True
vector_thrust,cruise_57,0.7258831920339743,1499.766283971715,1226.0425608399519,62.19931061139738,0.7035436561502395,0.9191150223505066,0.03028675605339949,0.41173451429309715,11.711302139038029,True
vector_thrust,cruise_57,0.7260177105381507,1499.7662839717088,1226.042560839861,62.19931061140148,0.703543656150226,0.9191150223505069,0.030286756053400744,0.41173451429309543,11.738482193965147,True
vector_thrust,cruise_57,0.7261106006729127,1499.7662839717088,1226.042560839861,62.199310611402495,0.703543656150226,0.9191150223505071,0.030286756053401243,0.41173451429309543,11.757291375574798,True
vector_thrust,cruise_57,0.7261437131927625,1499.7662839717102,1226.0425608398768,62.19931061140025,0.7035436561502257,0.9191150223505068,0.03028675605339921,0.4117345142930959,11.764004294769716,True
vector_thrust,cruise_58,0.726141437526064,1499.76149420909,1226.0429558308906,62.19920362607333,0.7035448457393763,0.9191148978469089,0.030286897411522483,0.41173319934782265,11.764004294769716,True
vector_thrust,cruise_58,0.7261745287915404,1499.7614941380652,1226.0429547769609,62.19920358995849,0.7035448455761812,0.9191148978414251,0.03028689739680491,0.41173319932832403,11.770717213964636,True
vector_thrust,cruise_58,0.7262671374723498,1499.7614941380693,1226.0429547770168,62.19920358996731,0.7035448455761869,0.9191148978414261,0.030286897396808475,0.4117331993283252,11.789526395574287,True
vector_thrust,cruise_58,0.7264006711087329,1499.7614941381266,1226.0429547778785,62.19920358999108,0.7035448455763291,0.9191148978414301,0.03028689739681941,0.4117331993283409,11.816706450501405,True
vector_thrust,cruise_58,0.7265484803102883,1499.761494138278,1226.0429547801136,62.19920359006755,0.7035448455766653,0.9191148978414416,0.03028689739684966,0.4117331993283825,11.846874035526175,True
vector_thrust,cruise_58,0.726681288774132,1499.7614941383597,1226.0429547813262,62.199203590111814,0.7035448455768544,0.9191148978414482,0.03028689739686684,0.41173319932840496,11.874054090453292,True
vector_thrust,cruise_58,0.7267729931806953,1499.76149413836,1226.0429547813308,62.19920359011202,0.7035448455768566,0.9191148978414483,0.030286897396866644,0.41173319932840496,11.892863272062945,True
vector_thrust,cruise_58,0.7268056820552952,1499.761494138356,1226.042954781278,62.199203590115715,0.7035448455768435,0.9191148978414485,0.030286897396868684,0.41173319932840385,11.899576191257863,True
vector_thrust,cruise_59,0.726803382826371,1499.756659233684,1226.043352543957,62.19909556526138,0.7035460462214986,0.9191147721605799,0.030287040073248853,0.4117318719901726,11.899576191257863,True
vector_thrust,cruise_59,0.7268360502488219,1499.75665923095,1226.043352503721,62.19909556204895,0.7035460462152745,0.9191147721601769,0.030287040071795817,0.411731871989422,11.90628911045278,True
vector_thrust,cruise_59,0.7269274699210729,1499.7566592308058,1226.0433525015758,62.19909556216252,0.7035460462149384,0.9191147721601854,0.030287040071855842,0.4117318719893824,11.925098292062433,True
vector_thrust,cruise_59,0.7270592820134546,1499.756659230588,1226.0433524983348,62.199095562334286,0.7035460462144418,0.9191147721601983,0.03028704007194809,0.4117318719893226,11.95227834698955,True
vector_thrust,cruise_59,0.7272051757777269,1499.7566592303608,1226.0433524949465,62.199095562512824,0.7035460462139168,0.9191147721602119,0.030287040072044868,0.4117318719892602,11.98244593201432,True
vector_thrust,cruise_59,0.727336254293141,1499.756659230143,1226.0433524916912,62.19909556268583,0.7035460462134107,0.9191147721602249,0.0302870400721368,0.41173187198920047,12.009625986941439,True
vector_thrust,cruise_59,0.7274267592110915,1499.7566592299893,1226.043352489398,62.19909556280553,0.7035460462130485,0.9191147721602339,0.030287040072202055,0.4117318719891582,12.02843516855109,True
vector_thrust,cruise_59,0.7274590195326665,1499.7566592299331,1226.043352488555,62.19909556285022,0.7035460462129218,0.9191147721602373,0.03028704007222643,0.41173187198914285,12.035148087746007,True
vector_thrust,cruise_60,0.7274566963677324,1499.7517783925482,1226.0437541162537,62.1989865140557,0.7035472582850553,0.9191146452850321,0.03028718410642281,0.4117305320408912,12.035148087746007,True
vector_thrust,cruise_60,0.7274889349943595,1499.7517783887472,1226.0437540600917,62.19898651032283,0.7035472582763685,0.9191146452845489,0.030287184104756927,0.4117305320398478,12.041861006940927,True
vector_thrust,cruise_60,0.7275791519206445,1499.7517783886096,1226.0437540580451,62.198986510427154,0.7035472582760439,0.9191146452845567,0.03028718410481424,0.41173053203980997,12.060670188550578,True
vector_thrust,cruise_60,0.7277092226420966,1499.751778388404,1226.0437540549922,62.19898651058274,0.7035472582755823,0.9191146452845681,0.03028718410489905,0.41173053203975346,12.087850243477696,True
vector_thrust,cruise_60,0.7278531789967214,1499.7517783881635,1226.043754051396,62.19898651076599,0.7035472582750136,0.9191146452845819,0.030287184104997804,0.41173053203968746,12.118017828502467,True
vector_thrust,cruise_60,0.7279825077980622,1499.7517783879325,1226.0437540479538,62.19898651093982,0.7035472582744831,0.9191146452845947,0.030287184105091385,0.4117305320396241,12.145197883429583,True
vector_thrust,cruise_60,0.7280717995657002,1499.7517783867277,1226.0437540300647,62.198986510598516,0.7035472582717189,0.9191146452845302,0.030287184104973976,0.41173053203929333,12.164007065039236,True
vector_thrust,cruise_60,0.7281036264594827,1499.751778382672,1226.0437539698623,62.19898650882095,0.7035472582623941,0.9191146452842471,0.03028718410427205,0.4117305320381799,12.170719984234154,True
vector_thrust,cruise_61,0.728101278928763,1499.7468507325746,1226.0441596015608,62.19887641827192,0.7035484819920983,0.919114517192008,0.030287329523187127,0.41172917923831953,12.170719984234154,True
vector_thrust,cruise_61,0.7281330838893845,1499.7468507279254,1226.044159532025,62.19887641423179,0.7035484819813124,0.9191145171914724,0.03028732952140813,0.4117291792370433,12.177432903429072,True
vector_thrust,cruise_61,0.7282220844329355,1499.7468507278197,1226.0441595304796,62.198876414261505,0.7035484819810747,0.9191145171914731,0.03028732952142702,0.4117291792370142,12.196242085038724,True
vector_thrust,cruise_61,0.7283503941032858,1499.7468507276617,1226.0441595281648,62.19887641430722,0.703548481980722,0.9191145171914741,0.03028732952145464,0.4117291792369708,12.223422139965841,True
vector_thrust,cruise_61,0.7284923912406085,1499.7468507274777,1226.04415952548,62.19887641436174,0.7035484819803163,0.9191145171914755,0.030287329521488462,0.41172917923692026,12.253589724990611,True
vector_thrust,cruise_61,0.7286199507007662,1499.746850709827,1226.0441592635161,62.198876406478256,0.7035484819397404,0.9191145171902277,0.030287329518363014,0.41172917923207464,12.28076977991773,True
vector_thrust,cruise_61,0.7287080157527193,1499.7468506937419,1226.0441590247883,62.19887639927304,0.7035484819027705,0.9191145171890884,0.03028732951550357,0.41172917922765867,12.29957896152738,True
vector_thrust,cruise_61,0.7287394043857569,1499.746850688045,1226.044158940244,62.198876396718795,0.7035484818896828,0.9191145171886845,0.03028732951449178,0.41172917922609475,12.306291880722299,True
vector_thrust,cruise_62,0.7208334244943839,1483.153590984281,1227.7906408540582,61.84197968297188,0.7077269160086316,0.9186812384412021,0.030791120192256383,0.4071737909648146,12.306291880722299,True
vector_thrust,cruise_62,0.7208636521711987,1483.1535909919262,1227.7906409636153,61.84197968668447,0.7077269160251995,0.9186812384417818,0.030791120193787602,0.4071737909669134,12.313004799917218,True
vector_thrust,cruise_62,0.7209482402012735,1483.1535909901086,1227.790640937606,61.84197968580326,0.7077269160213285,0.9186812384416442,0.030791120193424112,0.4071737909664144,12.331813981526869,True
vector_thrust,cruise_62,0.7210701917855393,1483.1535909919323,1227.790640963873,61.84197968670599,0.7077269160255013,0.9186812384417842,0.03079112019379779,0.4071737909669151,12.358994036453987,True
vector_thrust,cruise_62,0.7212051572229919,1483.1535909902275,1227.790640939234,61.84197968586701,0.7077269160214623,0.9186812384416537,0.030791120193451503,0.4071737909664471,12.389161621478758,True
vector_thrust,cruise_62,0.7213264041870886,1483.1535909919241,1227.7906409637435,61.84197968668057,0.7077269160254689,0.9186812384417814,0.030791120193786495,0.4071737909669129,12.416341676405874,True
vector_thrust,cruise_62,0.721410113571353,1483.153590989834,1227.7906409335787,61.841979685672484,0.7077269160205815,0.9186812384416235,0.030791120193370144,0.407173790966339,12.435150858015527,True
vector_thrust,cruise_62,0.7214399502107539,1483.1535909919235,1227.7906409638358,61.84197968668754,0.7077269160256483,0.9186812384417821,0.030791120193788296,0.40717379096691264,12.441863777210445,True
vector_thrust,cruise_63,0.7214397981150308,1483.1532705309946,1227.7906811354333,61.8419744560249,0.7077269854288931,0.9186812301850812,0.030791130895351477,0.40717370298998834,12.441863777210445,True
vector_thrust,cruise_63,0.7214696142382462,1483.1532705310035,1227.7906811356938,61.84197445604192,0.7077269854291431,0.9186812301850832,0.03079113089536059,0.4071737029899908,12.448576696405363,True
vector_thrust,cruise_63,0.7215530479942439,1483.1532705309937,1227.7906811354596,61.84197445602306,0.7077269854289804,0.918681230185081,0.03079113089535123,0.4071737029899881,12.467385878015016,True
vector_thrust,cruise_63,0.7216733286302096,1483.1532705310028,1227.7906811355563,61.84197445603126,0.7077269854289244,0.9186812301850821,0.03079113089535526,0.4071737029899906,12.494565932942132,True
vector_thrust,cruise_63,0.7218064353520955,1483.1532705309892,1227.7906811355465,61.8419744560208,0.7077269854292094,0.9186812301850805,0.030791130895350124,0.40717370298998684,12.524733517966903,True
vector_thrust,cruise_63,0.7219260039769112,1483.1532705310158,1227.790681136073,61.841974456043964,0.7077269854295263,0.9186812301850836,0.030791130895359824,0.40717370298999417,12.551913572894021,True
vector_thrust,cruise_63,0.7220085498707909,1483.1532705309753,1227.79068113535,61.8419744560454,0.7077269854291857,0.9186812301850829,0.03079113089536142,0.40717370298998307,12.570722754503672,True
vector_thrust,cruise_63,0.7220379708586542,1483.1532705309994,1227.79068113548,61.84197445604929,0.707726985428881,0.9186812301850839,0.030791130895362197,0.4071737029899897,12.577435673698592,True
vector_thrust,cruise_64,0.7220378171788847,1483.1529470057058,1227.7907215257792,61.84196916996876,0.7077270554685687,0.9186812218488506,0.030791141696574785,0.40717361417179776,12.577435673698592,True
vector_thrust,cruise_64,0.7220672175460804,1483.1529470172322,1227.7907216912558,61.84196917558252,0.7077270554940669,0.9186812218497264,0.030791141698892837,0.4071736141749621,12.58414859289351,True
vector_thrust,cruise_64,0.722149484763623,1483.1529470172416,1227.7907216912947,61.841969175584985,0.7077270554939206,0.9186812218497269,0.030791141698894364,0.40717361417496467,12.60295777450316,True
vector_thrust,cruise_64,0.7223005737492832,1483.152947013807,1227.7907216422138,61.841969173924646,0.7077270554867235,0.9186812218494673,0.030791141698207528,0.4071736141740218,12.630137829430279,True
vector_thrust,cruise_64,0.7224792986635797,1483.1529470172377,1227.7907216913786,61.84196917559789,0.7077270554941499,0.9186812218497282,0.03079114169889903,0.40717361417496367,12.660305414455049,True
vector_thrust,cruise_64,0.7226404415769432,1483.152947017238,1227.7907216913231,61.84196917558867,0.7077270554940582,0.9186812218497272,0.030791141698895262,0.4071736141749637,12.687485469382166,True
vector_thrust,cruise_64,0.72275202108122,1483.1529470145858,1227.7907216534174,61.841969174313704,0.7077270554884538,0.9186812218495275,0.030791141698369395,0.4071736141742356,12.706294650991818,True
vector_thrust,cruise_64,0.7227918562633152,1483.1529470165603,1227.7907216816632,61.8419691752523,0.7077270554926685,0.918681221849675,0.03079114169875664,0.4071736141747777,12.713007570186736,True
vector_thrust,cruise_65,0.7227917009511607,1483.1526203906471,1227.7907626344427,61.84196384425513,0.7077271262328367,0.9186812134341589,0.030791152606350916,0.4071735245053651,12.713007570186736,True
vector_thrust,cruise_65,0.7228315429112745,1483.1526203911797,1227.7907626422384,61.84196384453821,0.7077271262342668,0.9186812134342017,0.03079115260647021,0.40717352450551125,12.719720489381654,True
vector_thrust,cruise_65,0.7229432138231203,1483.1526203910873,1227.7907626408546,61.84196384442691,0.7077271262339616,0.9186812134341877,0.03079115260641915,0.40717352450548594,12.738529670991307,True
vector_thrust,cruise_65,0.7231046773541892,1483.1526203909816,1227.7907626393994,61.841963844389596,0.7077271262338504,0.9186812134341812,0.03079115260640364,0.40717352450545685,12.765709725918423,True
vector_thrust,cruise_65,0.7232840191340721,1483.152620390859,1227.7907626375245,61.84196384432094,0.7077271262333666,0.9186812134341709,0.0307911526063753,0.40717352450542327,12.795877310943194,True
vector_thrust,cruise_65,0.7234457184680723,1483.152620391252,1227.7907626432211,61.84196384451177,0.7077271262343366,0.9186812134342006,0.030791152606454833,0.40717352450553107,12.823057365870312,True
vector_thrust,cruise_65,0.7235576834213229,1483.152620391327,1227.7907626442575,61.84196384455994,0.7077271262344479,0.9186812134342076,0.030791152606475625,0.4071735245055517,12.841866547479963,True
vector_thrust,cruise_65,0.7235976562416087,1483.152620391025,1227.790762640143,61.84196384440989,0.7077271262341441,0.9186812134341843,0.030791152606413377,0.4071735245054689,12.848579466674883,True
vector_thrust,cruise_66,0.7235974992447947,1483.1522905900658,1227.790803977332,61.84195846148869,0.7077271976594558,0.9186812049368493,0.030791163619995097,0.4071734339644031,12.848579466674883,True
vector_thrust,cruise_66,0.7236374788851764,1483.152290590324,1227.7908039811132,61.84195846125255,0.7077271976600911,0.9186812049368304,0.030791163619866717,0.4071734339644739,12.8552923858698,True
vector_thrust,cruise_66,0.7237495357832858,1483.1522905903335,1227.790803981332,61.841958461274274,0.707727197660252,0.9186812049368329,0.030791163619876008,0.4071734339644765,12.874101567479451,True
vector_thrust,cruise_66,0.7239115576374295,1483.1522905903291,1227.7908039811764,61.841958461259516,0.7077271976600812,0.9186812049368313,0.0307911636198689,0.40717343396447536,12.90128162240657,True
vector_thrust,cruise_66,0.7240915198811131,1483.1522905903344,1227.7908039812403,61.84195846127571,0.7077271976600717,0.9186812049368331,0.030791163619876556,0.4071734339644768,12.93144920743134,True
vector_thrust,cruise_66,0.7242537789299692,1483.1522905903257,1227.7908039811607,61.84195846125808,0.7077271976601306,0.9186812049368309,0.03079116361986872,0.40717343396447436,12.958629262358457,True
vector_thrust,cruise_66,0.7243661316052558,1483.152290590316,1227.7908039811107,61.841958461246605,0.7077271976602751,0.9186812049368295,0.03079116361986216,0.40717343396447175,12.97743844396811,True
vector_thrust,cruise_66,0.7244062428789653,1483.1522905903416,1227.7908039814529,61.841958461282275,0.707727197660284,0.9186812049368339,0.030791163619880293,0.40717343396447875,12.984151363163027,True
vector_thrust,cruise_67,0.7244060841680477,1483.1519575585266,1227.7908458196875,61.841953028130355,0.7077272698019703,0.91868119635652,0.030791174742608222,0.4071733425364382,12.984151363163027,True
vector_thrust,cruise_67,0.7244462022985335,1483.1519575523728,1227.7908457309304,61.841953025359246,0.7077272697876713,0.9186811963560766,0.03079117474148299,0.4071733425347488,12.990864282357945,True
vector_thrust,cruise_67,0.7245586474641846,1483.1519575523669,1227.7908457311396,61.84195302534347,0.7077272697881689,0.9186811963560748,0.030791174741475295,0.40717334253474724,13.009673463967598,True
vector_thrust,cruise_67,0.7247212309427016,1483.1519575523705,1227.7908457311032,61.84195302536068,0.7077272697880297,0.9186811963560767,0.030791174741482977,0.40717334253474813,13.036853518894715,True
vector_thrust,cruise_67,0.7249018173206678,1483.1519575523646,1227.7908457311323,61.841953025344694,0.7077272697882194,0.9186811963560748,0.030791174741476607,0.4071733425347466,13.067021103919485,True
vector_thrust,cruise_67,0.7250646393975237,1483.1519575523585,1227.7908457311078,61.84195302532871,0.707727269788318,0.918681196356073,0.030791174741468967,0.40717334253474485,13.094201158846603,True
vector_thrust,cruise_67,0.7251773820906999,1483.1519575523555,1227.7908457310552,61.84195302533015,0.707727269788277,0.9186811963560731,0.030791174741469026,0.40717334253474413,13.113010340456254,True
vector_thrust,cruise_67,0.7252176326375813,1483.1519575523716,1227.7908457310166,61.841953025357405,0.7077272697878504,0.9186811963560763,0.030791174741482887,0.4071733425347486,13.119723259651174,True
vector_thrust,cruise_68,0.7252174715962424,1483.1516203725625,1227.7908758422514,61.84194712513491,0.707727340767132,0.9186811876262799,0.030791185803891924,0.40717324996794896,13.119723259651174,True
vector_thrust,cruise_68,0.725257729635911,1483.1516212522454,1227.7908884840228,61.84194753379181,0.7077273427228482,0.9186811876910106,0.030791185970837173,0.4071732502094505,13.126436178846092,True
vector_thrust,cruise_68,0.7253705653690034,1483.1516212508002,1227.7908884630315,61.84194753303524,0.7077273427191706,0.9186811876908954,0.030791185970520437,0.4071732502090537,13.145245360455743,True
vector_thrust,cruise_68,0.725533713974752,1483.15162150987,1227.790892184056,61.8419476535393,0.7077273432946345,0.918681187709975,0.03079118601976194,0.40717325028017687,13.172425415382861,True
vector_thrust,cruise_68,0.7257149255918809,1483.15161766255,1227.790836926588,61.84194584914337,0.7077273347490479,0.9186811874250463,0.030791185281097175,0.4071732492239627,13.202593000407632,True
vector_thrust,cruise_68,0.7258783126973732,1483.1516157117906,1227.7908089102505,61.841944902097545,0.7077273304167543,0.9186811872771464,0.030791184890560052,0.40717324868841587,13.229773055334748,True
vector_thrust,cruise_68,0.7259914515362871,1483.151621347642,1227.7908898534256,61.841947579540864,0.7077273429344477,0.9186811876981832,0.03079118598965489,0.40717325023563994,13.2485822369444,True
vector_thrust,cruise_68,0.7260318421838006,1483.1516213484156,1227.7908898642636,61.84194757987478,0.707727342935695,0.9186811876982374,0.030791185989789433,0.40717325023585227,13.255295156139319,True
vector_thrust,cruise_69,0.7260316798420406,1483.1512815011486,1227.790930483652,61.841941990792506,0.707727416204996,0.9186811789375495,0.030791197317878466,0.40717315693674905,13.255295156139319,True
vector_thrust,cruise_69,0.726072077671485,1483.1512814255768,1227.790929398367,61.84194195390654,0.7077274160372644,0.9186811789317989,0.03079119730264963,0.4071731569160021,13.262008075334236,True
vector_thrust,cruise_69,0.7261853058492312,1483.1512814680477,1227.7909300082172,61.84194197457129,0.7077274161313972,0.9186811789350237,0.03079119731117716,0.4071731569276619,13.28081725694389,True
vector_thrust,cruise_69,0.7263795717670467,1483.151281482039,1227.7909302092582,61.841941981421684,0.7077274161626517,0.9186811789360907,0.030791197314005998,0.4071731569315028,13.307997311871006,True
vector_thrust,cruise_69,0.7266007791316759,1483.1512812369633,1227.79092668956,61.841941861890255,0.7077274156183568,0.9186811789174508,0.03079119726466632,0.4071731568642216,13.338164896895776,True
vector_thrust,cruise_69,0.7268002590560315,1483.1512814032126,1227.7909290771568,61.841941942950825,0.7077274159875462,0.9186811789300928,0.03079119729812473,0.40717315690986244,13.365344951822895,True
vector_thrust,cruise_69,0.7269384027081475,1483.151281421846,1227.7909293446785,61.84194195208592,0.7077274160287758,0.9186811789315149,0.030791197301900688,0.4071731569149779,13.384154133432546,True
vector_thrust,cruise_69,0.7269877252955247,1483.1512814292898,1227.7909294516828,61.841941955667515,0.7077274160454706,0.9186811789320759,0.030791197303374124,0.4071731569170215,13.390867052627465,True
vector_thrust,cruise_70,0.7269875612277276,1483.1509383511523,1227.7909735018648,61.841936389791925,0.7077274905232749,0.9186811700962432,0.03079120877717535,0.4071730627309394,13.390867052627465,True
vector_thrust,cruise_70,0.7270368941558397,1483.1509383511554,1227.7909735018081,61.8419363897495,0.707727490523132,0.9186811700962388,0.03079120877715478,0.4071730627309402,13.397579971822383,True
vector_thrust,cruise_70,0.7271751771812139,1483.150938351153,1227.7909735019489,61.84193638981428,0.7077274905234032,0.9186811700962456,0.030791208777187117,0.40717306273093967,13.416389153432034,True
vector_thrust,cruise_70,0.7273751458950501,1483.1509383511593,1227.7909735020276,61.841936389786596,0.7077274905233955,0.9186811700962428,0.030791208777172025,0.40717306273094134,13.443569208359152,True
vector_thrust,cruise_70,0.7275972939284698,1483.1509383511593,1227.790973501977,61.84193638982842,0.7077274905233047,0.9186811700962473,0.030791208777193102,0.40717306273094134,13.473736793383923,True
vector_thrust,cruise_70,0.7277976224084453,1483.1509383511514,1227.790973501901,61.8419363897909,0.7077274905233639,0.9186811700962431,0.030791208777175436,0.4071730627309392,13.500916848311041,True
vector_thrust,cruise_70,0.7279363540553584,1483.1509383511452,1227.790973501585,61.84193638978968,0.7077274905229697,0.9186811700962428,0.03079120877717403,0.40717306273093745,13.519726029920692,True
vector_thrust,cruise_70,0.7279858866390454,1483.1509383511457,1227.7909735018322,61.84193638976979,0.7077274905233719,0.9186811700962407,0.030791208777164656,0.40717306273093756,13.52643894911561,True
vector_thrust,cruise_71,0.7279857202805219,1483.150591201793,1227.7910099448738,61.84193049246661,0.7077275645170514,0.9186811611272407,0.030791220254997736,0.40717296742717485,13.52643894911561,True
vector_thrust,cruise_71,0.7280352636211449,1483.150591692473,1227.7910169920406,61.841930731418365,0.7077275656068296,0.9186811611645213,0.030791220353598384,0.4071729675618824,13.533151868310528,True
vector_thrust,cruise_71,0.7281741356685385,1483.1505916919948,1227.791016984919,61.84193073236578,0.7077275656056481,0.9186811611646108,0.03079122035408971,0.40717296756175114,13.55196104992018,True
vector_thrust,cruise_71,0.7283749565852946,1483.150591690332,1227.7910169611137,61.84193073154791,0.7077275656020813,0.9186811611644837,0.030791220353751335,0.4071729675612947,13.579141104847297,True
vector_thrust,cruise_71,0.7285980519398406,1483.1505916903373,1227.7910169612778,61.84193073151286,0.7077275656022542,0.9186811611644801,0.030791220353733717,0.4071729675612961,13.609308689872067,True
vector_thrust,cruise_71,0.7287992352322109,1483.1505916904694,1227.7910169630038,61.84193073124659,0.7077275656022305,0.9186811611644549,0.03079122035359559,0.40717296756133237,13.636488744799186,True
vector_thrust,cruise_71,0.7289385591535327,1483.150591690845,1227.7910169686538,61.84193073071877,0.7077275656034481,0.9186811611644075,0.030791220353317238,0.40717296756143545,13.655297926408837,True
vector_thrust,cruise_71,0.7289883032614609,1483.1505916910692,1227.7910169719187,61.841930730392036,0.7077275656040023,0.918681161164378,0.030791220353145805,0.407172967561497,13.662010845603756,True
vector_thrust,cruise_72,0.7289881368469361,1483.1502437154984,1227.7910934807478,61.84192612258645,0.707727646500532,0.9186811523130958,0.030791232507336147,0.40717287203091057,13.662010845603756,True
vector_thrust,cruise_72,0.7290378898812194,1483.1502414237082,1227.7910605667876,61.84192500447544,0.7077276414108478,0.9186811521387529,0.03079123204578574,0.4071728714017398,13.668723764798674,True
vector_thrust,cruise_72,0.7291773552264299,1483.1502414263632,1227.791060604537,61.8419250057951,0.7077276414160912,0.9186811521389575,0.03079123204633129,0.4071728714024687,13.687532946408325,True
vector_thrust,cruise_72,0.7293790345387627,1483.1502414310748,1227.7910606725122,61.84192500805704,0.7077276414270806,0.918681152139312,0.03079123204726199,0.40717287140376224,13.714713001335443,True
vector_thrust,cruise_72,0.7296030841012808,1483.1502414381441,1227.7910607740582,61.841925011522825,0.7077276414428164,0.9186811521398516,0.030791232048693218,0.4071728714057029,13.744880586360214,True
vector_thrust,cruise_72,0.7298051284246541,1483.1502414451695,1227.7910608748389,61.84192501494085,0.7077276414582231,0.918681152140385,0.03079123205010409,0.40717287140763164,13.772060641287332,True
vector_thrust,cruise_72,0.7299450489279155,1483.1502414452,1227.7910608752418,61.84192501497775,0.7077276414582223,0.9186811521403897,0.03079123205012027,0.40717287140764,13.790869822896983,True
vector_thrust,cruise_72,0.729995006099079,1483.1502414454558,1227.7910608788975,61.841925015098276,0.707727641458772,0.9186811521404088,0.03079123205017036,0.4071728714077102,13.797582742091901,True
vector_thrust,cruise_73,0.7299948361385312,1483.149887540817,1227.7911052715986,61.84191923918855,0.7077277181110402,0.9186811430220658,0.0307912438689507,0.40717277424940224,13.797582742091901,True
vector_thrust,cruise_73,0.7300448038829616,1483.14988753851,1227.7911052381965,61.84191923828931,0.7077277181055994,0.9186811430219144,0.030791243868597933,0.40717277424876885,13.80429566128682,True
vector_thrust,cruise_73,0.7301848668403368,1483.1498875385173,1227.7911052384106,61.84191923830344,0.7077277181058133,0.9186811430219161,0.030791243868603442,0.40717277424877085,13.823104842896472,True
vector_thrust,cruise_73,0.7303874107913728,1483.1498875393609,1227.7911052504114,61.841919238713,0.7077277181074879,0.9186811430219801,0.030791243868773466,0.4071727742490024,13.85028489782359,True
vector_thrust,cruise_73,0.7306124215034941,1483.1498875385184,1227.7911052382601,61.841919238266755,0.7077277181055389,0.9186811430219122,0.030791243868585467,0.4071727742487712,13.88045248284836,True
vector_thrust,cruise_73,0.7308153331250786,1483.1498875385287,1227.791105238496,61.841919238272084,0.7077277181057039,0.9186811430219131,0.03079124386858857,0.40717277424877396,13.907632537775477,True
vector_thrust,cruise_73,0.7309558545613658,1483.149887538521,1227.7911052382788,61.84191923826758,0.7077277181054903,0.9186811430219123,0.030791243868585533,0.40717277424877185,13.92644171938513,True
vector_thrust,cruise_73,0.7310060263498046,1483.149887538534,1227.7911052385577,61.84191923828582,0.7077277181056951,0.9186811430219146,0.030791243868595143,0.40717277424877546,13.933154638580048,True
vector_thrust,cruise_74,0.7310058543541783,1483.1495298921689,1227.7911500678156,61.84191340081025,0.707727795562563,0.9186811338071099,0.030791255812089552,0.4071726760632422,13.933154638580048,True
vector_thrust,cruise_74,0.7310560368447038,1483.1495300028173,1227.7911516664826,61.84191339332688,0.7077277958101449,0.9186811338089697,0.030791255803770037,0.4071726760936188,13.939867557774965,True
vector_thrust,cruise_74,0.7311967017739333,1483.1495299936496,1227.7911515338133,61.84191339464981,0.7077277957893057,0.9186811338088906,0.030791255804808675,0.4071726760911019,13.958676739384616,True
vector_thrust,cruise_74,0.7314001166734636,1483.1495299795508,1227.7911513300664,61.841913396482525,0.7077277957577708,0.9186811338087473,0.03079125580630673,0.40717267608723134,13.985856794311735,True
vector_thrust,cruise_74,0.7316260955568115,1483.1495299628743,1227.7911510892566,61.84191339839437,0.7077277957207688,0.9186811338085507,0.030791255807951654,0.4071726760826532,14.016024379336505,True
vector_thrust,cruise_74,0.7318298808152601,1483.149529946747,1227.7911508563438,61.84191339998685,0.7077277956849394,0.9186811338083332,0.030791255809413245,0.40717267607822566,14.043204434263624,True
vector_thrust,cruise_74,0.7319710075750919,1483.1495299350888,1227.7911506877745,61.841913401060935,0.7077277956586753,0.9186811338081676,0.030791255810433477,0.407172676075025,14.062013615873274,True
vector_thrust,cruise_74,0.7320213955493465,1483.149529930881,1227.7911506269886,61.84191340138604,0.7077277956492933,0.9186811338081012,0.030791255810769504,0.40717267607386987,14.068726535068192,True
vector_thrust,cruise_75,0.732021221535115,1483.1491685397375,1227.7911970227333,61.84190755664314,0.7077278741018553,0.9186811245025539,0.030791267906142478,0.40717257686027336,14.068726535068192,True
vector_thrust,cruise_75,0.7320716201650443,1483.1491684266077,1227.7911953975402,61.841907500956914,0.70772787385067,0.9186811244938953,0.030791267883112997,0.40717257682921565,14.075439454263112,True
vector_thrust,cruise_75,0.7322128914797952,1483.1491684268115,1227.7911954004414,61.841907501073145,0.7077278738510764,0.9186811244939126,0.030791267883162762,0.40717257682927155,14.094248635872763,True
vector_thrust,cruise_75,0.7324171837180016,1483.1491684262733,1227.791195392626,61.84190750086447,0.7077278738497429,0.9186811244938774,0.030791267883081855,0.4071725768291238,14.121428690799881,True
vector_thrust,cruise_75,0.7326441378803001,1483.1491684262853,1227.7911953929552,61.841907500897065,0.7077278738500389,0.9186811244938812,0.030791267883097852,0.40717257682912705,14.151596275824652,True
vector_thrust,cruise_75,0.7328488031924648,1483.149168422275,1227.7911953354621,61.84190749893316,0.7077278738413032,0.9186811244935753,0.03079126788228669,0.4071725768280261,14.178776330751768,True
vector_thrust,cruise_75,0.732990539419442,1483.1491679776248,1227.791188949245,61.84190728196663,0.7077278728533034,0.9186811244597461,0.03079126779272003,0.40717257670595514,14.197585512361421,True
vector_thrust,cruise_75,0.7330411453646778,1483.1491682609412,1227.79119301832,61.84190742024728,0.7077278734828005,0.9186811244813048,0.03079126784980661,0.40717257678373475,14.204298431556339,True
vector_thrust,cruise_76,0.7330409692796472,1483.1488030563603,1227.7912412155197,61.841901537819005,0.7077279529840145,0.9186811150801204,0.030791280084763718,0.40717247652322597,14.204298431556339,True
vector_thrust,cruise_76,0.7330915858403037,1483.1488030552161,1227.7912411990371,61.84190153725531,0.7077279529813639,0.9186811150800328,0.03079128008453091,0.4071724765229119,14.211011350751257,True
vector_thrust,cruise_76,0.7332334679888125,1483.1488030564517,1227.7912412164815,61.8419015378727,0.7077279529836052,0.9186811150801284,0.030791280084787535,0.407172476523251,14.22982053236091,True
vector_thrust,cruise_76,0.7334386440025779,1483.1488030552864,1227.791241199855,61.84190153728811,0.7077279529812084,0.918681115080038,0.030791280084543265,0.40717247652293115,14.257000587288026,True
vector_thrust,cruise_76,0.7336665806038409,1483.1488030552282,1227.791241199412,61.84190153728482,0.7077279529817505,0.9186811150800362,0.030791280084544733,0.40717247652291516,14.287168172312796,True
vector_thrust,cruise_76,0.7338721324389367,1483.1488030552066,1227.7912411989887,61.84190153723645,0.7077279529815111,0.9186811150800306,0.030791280084521745,0.4071724765229092,14.314348227239915,True
vector_thrust,cruise_76,0.734014483228566,1483.1488030564399,1227.7912412166766,61.84190153785303,0.7077279529842072,0.918681115080126,0.03079128008477645,0.4071724765232478,14.333157408849566,True
vector_thrust,cruise_76,0.7340653083587598,1483.1488030616908,1227.791241292136,61.841901540414234,0.7077279529959455,0.9186811150805254,0.030791280085835863,0.4071724765246893,14.339870328044483,True
vector_thrust,cruise_77,0.7340651299808193,1483.1484336929018,1227.791287506477,61.84189550851695,0.7077280329774533,0.9186811055633513,0.030791292419284348,0.4071723751209702,14.339870328044483,True
vector_thrust,cruise_77,0.7341159659991353,1483.1484336928988,1227.7912875064028,61.84189550851039,0.7077280329774089,0.9186811055633505,0.030791292419280143,0.40717237512096943,14.346583247239403,True
vector_thrust,cruise_77,0.7342584634763577,1483.1484336928947,1227.7912875064312,61.84189550851162,0.7077280329775492,0.9186811055633505,0.030791292419279782,0.4071723751209684,14.365392428849054,True
vector_thrust,cruise_77,0.7344645298038001,1483.1484337327108,1227.7912880783533,61.841895527927846,0.7077280330661381,0.9186811055663784,0.030791292427294312,0.40717237513189913,14.392572483776172,True
vector_thrust,cruise_77,0.7346934560849524,1483.1484337336642,1227.7912880919027,61.8418955283872,0.7077280330680041,0.9186811055664503,0.030791292427485097,0.4071723751321609,14.422740068800943,True
vector_thrust,cruise_77,0.734899900949662,1483.148433692904,1227.79128750658,61.841895508513254,0.7077280329775844,0.9186811055633508,0.030791292419282336,0.4071723751209709,14.44992012372806,True
vector_thrust,cruise_77,0.7350428705250979,1483.1484336928959,1227.7912875066268,61.841895508500755,0.7077280329778628,0.9186811055633494,0.03079129241927614,0.4071723751209686,14.468729305337712,True
vector_thrust,cruise_77,0.7350939166470956,1483.1484336928975,1227.7912875064917,61.841895508500144,0.7077280329775898,0.9186811055633494,0.03079129241927534,0.4071723751209691,14.47544222453263,True
vector_thrust,cruise_78,0.735093736109257,1483.1480603352202,1227.791335554767,61.841889454893945,0.7077281140476794,0.9186810959480272,0.03079130490754852,0.4071722726221707,14.47544222453263,True
vector_thrust,cruise_78,0.73514479314505,1483.1480602496647,1227.7913343262685,61.841889413168424,0.7077281138580414,0.9186810959415203,0.030791304890326172,0.40717227259868294,14.482155143727548,True
vector_thrust,cruise_78,0.7352879104946286,1483.1480602496492,1227.791334325626,61.841889413147925,0.7077281138572976,0.9186810959415178,0.030791304890316177,0.4071722725986787,14.5009643253372,True
vector_thrust,cruise_78,0.7354948736557778,1483.148060249645,1227.7913343260543,61.84188941313912,0.7077281138581167,0.9186810959415168,0.03079130489031187,0.40717227259867755,14.528144380264317,True
vector_thrust,cruise_78,0.7357247969297689,1483.1480602496435,1227.791334325846,61.84188941313912,0.7077281138578017,0.9186810959415168,0.030791304890312284,0.4071722725986772,14.558311965289088,True
vector_thrust,cruise_78,0.7359321414847387,1483.1480602496372,1227.7913343258192,61.8418894131219,0.7077281138579004,0.9186810959415148,0.03079130489030306,0.40717227259867544,14.585492020216206,True
vector_thrust,cruise_78,0.7360757344252491,1483.1480602496515,1227.7913343259731,61.84188941315654,0.7077281138578352,0.9186810959415188,0.03079130489032014,0.4071722725986794,14.604301201825857,True
vector_thrust,cruise_78,0.7361270031782499,1483.1480602496533,1227.7913343258401,61.841889413153055,0.7077281138575627,0.9186810959415185,0.030791304890318505,0.4071722725986799,14.611014121020775,True
vector_thrust,cruise_79,0.7361268203092576,1483.147682637196,1227.7913817328658,61.84188325183759,0.7077281956521487,0.9186810862124857,0.03079131750163726,0.40717216893180636,14.611014121020775,True
vector_thrust,cruise_79,0.7361781002372759,1483.1476828093234,1227.7913842047178,61.84188333581356,0.7077281960341034,0.9186810862255796,0.030791317536300995,0.4071721689790609,14.617727040215694,True
vector_thrust,cruise_79,0.7363218419257173,1483.1476826327112,1227.791381668297,61.841883249635906,0.7077281956419303,0.9186810862121431,0.030791317500726757,0.40717216893057506,14.636536221825345,True
vector_thrust,cruise_79,0.7365297085924959,1483.1476826327564,1227.7913816691434,61.84188324965845,0.7077281956423579,0.9186810862121466,0.030791317500737013,0.4071721689305875,14.663716276752464,True
vector_thrust,cruise_79,0.7367606362539165,1483.1476826400456,1227.7913817733809,61.841883253231444,0.7077281956577609,0.9186810862127027,0.03079131750221163,0.40717216893258856,14.693883861777234,True
vector_thrust,cruise_79,0.7369688883743136,1483.1476844122494,1227.7914072256283,61.84188411788474,0.7077281995943435,0.9186810863475232,0.03079131785914234,0.40717216941911605,14.72106391670435,True
vector_thrust,cruise_79,0.7371131080736042,1483.1476826331507,1227.7913816746973,61.84188324987328,0.7077281956430557,0.9186810862121789,0.030791317500827538,0.40717216893069574,14.739873098314003,True
vector_thrust,cruise_79,0.7371646011213935,1483.1476826496335,1227.7913819114922,61.84188325790517,0.707728195679808,0.9186810862134318,0.030791317504140377,0.40717216893522074,14.746586017508921,True
vector_thrust,cruise_80,0.7371644159092144,1483.1473007462225,1227.7914295467187,61.8418770165243,0.7077282783510156,0.9186810763727682,0.030791330253769955,0.4071720640903413,14.746586017508921,True
vector_thrust,cruise_80,0.7372159200833845,1483.1473007462566,1227.7914295471362,61.84187701652307,0.7077282783509636,0.9186810763727689,0.030791330253769053,0.40717206409035056,14.753298936703839,True
vector_thrust,cruise_80,0.737360290993395,1483.1473007462973,1227.7914295477128,61.841877016509756,0.7077282783510342,0.9186810763727685,0.030791330253761268,0.4071720640903618,14.772108118313492,True
vector_thrust,cruise_80,0.7375690678606782,1483.1473007242475,1227.7914292311807,61.84187700574262,0.7077282783023089,0.9186810763710901,0.030791330249314013,0.4071720640843084,14.799288173240608,True
vector_thrust,cruise_80,0.7378010073593735,1483.147300712953,1227.7914290689919,61.841877000207575,0.7077282782772603,0.9186810763702282,0.030791330247028577,0.4071720640812077,14.829455758265379,True
vector_thrust,cruise_80,0.7380101713213592,1483.1473007083735,1227.7914290031194,61.84187699798724,0.7077282782669172,0.9186810763698813,0.030791330246113215,0.4071720640799505,14.856635813192497,True
vector_thrust,cruise_80,0.7381550248631981,1483.1473006325712,1227.7914279146594,61.841876960648676,0.7077282780988402,0.9186810763640769,0.030791330230668948,0.4071720640591402,14.875444994802148,True
vector_thrust,cruise_80,0.7382067437776351,1483.147300524477,1227.791426361871,61.841876908565375,0.7077282778582035,0.9186810763559234,0.030791330209224567,0.4071720640294649,14.882157913997068,True
vector_thrust,cruise_81,0.7382065563474688,1483.1469144909706,1227.791477974591,61.841870712024274,0.7077283620063397,0.918681066420819,0.030791343152677488,0.4071719580507401,14.882157913997068,True
vector_thrust,cruise_81,0.7382582866824816,1483.1469146698257,1227.7914805434611,61.841870799290994,0.7077283624039019,0.9186810664344258,0.030791343188702,0.40717195809984164,14.888870833191985,True
vector_thrust,cruise_81,0.7384032912521488,1483.1469144919452,1227.7914779888358,61.84187071253488,0.70772836200894,0.918681066420897,0.03079134315289261,0.40717195805100764,14.907680014801636,True
vector_thrust,cruise_81,0.7386129851385885,1483.1469145004758,1227.7914781112238,61.84187071667217,0.7077283620276601,0.9186810664215432,0.030791343154597244,0.40717195805334955,14.934860069728755,True
vector_thrust,cruise_81,0.7388459440362172,1483.1469144986997,1227.7914780855679,61.84187071582355,0.7077283620234575,0.9186810664214101,0.03079134315424919,0.40717195805286205,14.965027654753525,True
vector_thrust,cruise_81,0.7390560278894972,1483.146914500828,1227.7914781162422,61.84187071685829,0.7077283620283777,0.9186810664215717,0.03079134315467513,0.4071719580534463,14.992207709680642,True
vector_thrust,cruise_81,0.7392015188505842,1483.1469144737978,1227.7914777281292,61.841870703664206,0.7077283619684881,0.9186810664195146,0.030791343149228118,0.4071719580460256,15.011016891290295,True
vector_thrust,cruise_81,0.7392534654970206,1483.1469144990836,1227.791478090901,61.84187071598221,0.7077283620239904,0.9186810664214362,0.030791343154310685,0.4071719580529674,15.017729810485212,True
vector_thrust,cruise_82,0.7392532754665627,1483.1465237639463,1227.791526962592,61.841864334584734,0.7077284466306809,0.9186810563536552,0.030791356200952035,0.40717185078349233,15.017729810485212,True
vector_thrust,cruise_82,0.7393052357476335,1483.1465271251861,1227.79157535365,61.84186597810396,0.7077284541158063,0.9186810566097434,0.030791356879703986,0.4071718517062618,15.02444272968013,True
vector_thrust,cruise_82,0.7394508764701909,1483.1465235599378,1227.7915239940066,61.84186423392982,0.707728446171077,0.9186810563380158,0.030791356159306775,0.40717185072748535,15.043251911289783,True
vector_thrust,cruise_82,0.7396614984983011,1483.1465297268314,1227.7916125496977,61.84186724209582,0.7077284598659326,0.9186810568070934,0.030791357401025954,0.4071718524204978,15.0704319662169,True
vector_thrust,cruise_82,0.7398954802731925,1483.1465237656319,1227.7915269866066,61.84186433540937,0.7077284466342704,0.9186810563537837,0.030791356201291722,0.4071718507839551,15.10059955124167,True
vector_thrust,cruise_82,0.7401064908909113,1483.1465237642542,1227.7915269667817,61.841864334741345,0.7077284466310214,0.9186810563536794,0.03079135620101581,0.40717185078357687,15.127779606168788,True
vector_thrust,cruise_82,0.7402526240268732,1483.1465237646505,1227.7915269725534,61.84186433493812,0.7077284466319855,0.9186810563537099,0.03079135620109807,0.4071718507836857,15.14658878777844,True
vector_thrust,cruise_82,0.7403047999990017,1483.1465237639527,1227.791526962722,61.841864334612815,0.7077284466306628,0.9186810563536584,0.030791356200964758,0.4071718507834941,15.153301706973359,True
vector_thrust,cruise_83,0.7403046075590848,1483.1461285929556,1227.7915784575516,61.841857928662755,0.7077285325452818,0.9186810461766874,0.030791369419574013,0.4071717422962316,15.153301706973359,True
vector_thrust,cruise_83,0.7403567948381311,1483.1461284589807,1227.7915765283374,61.84185788254597,0.7077285322466014,0.9186810461685488,0.03079136940217521,0.40717174225945113,15.160014626168277,True
vector_thrust,cruise_83,0.7405030813453639,1483.1461284589222,1227.7915765275432,61.84185788250108,0.7077285322465555,0.9186810461685426,0.030791369402157452,0.4071717422594351,15.178823807777928,True
vector_thrust,cruise_83,0.740714629847558,1483.146128460158,1227.7915765452908,61.84185788313632,0.7077285322492942,0.9186810461686401,0.030791369402421453,0.40717174225977426,15.206003862705046,True
vector_thrust,cruise_83,0.7409496504722737,1483.1461284591978,1227.7915765314726,61.84185788264395,0.7077285322471223,0.9186810461685645,0.03079136940221585,0.4071717422595107,15.236171447729816,True
vector_thrust,cruise_83,0.7411615948121122,1483.1461284587367,1227.7915765249377,61.84185788242811,0.7077285322462533,0.9186810461685305,0.03079136940212761,0.40717174225938413,15.263351502656933,True
vector_thrust,cruise_83,0.7413083749235659,1483.1461284596137,1227.7915765374555,61.841857882838895,0.7077285322480605,0.9186810461685953,0.030791369402295925,0.40717174225962494,15.282160684266586,True
vector_thrust,cruise_83,0.7413607819617797,1483.1461284595362,1227.791576536355,61.84185788281531,0.7077285322479093,0.9186810461685909,0.030791369402286325,0.4071717422596036,15.288873603461504,True
vector_thrust,cruise_84,0.7413605868690223,1483.1457284563762,1227.791626552265,61.8418513495354,0.7077286188579928,0.9186810358619445,0.03079138275814807,0.4071716324457556,15.288873603461504,True
vector_thrust,cruise_84,0.7414130053902196,1483.1457284644368,1227.791626668195,61.841851353476535,0.7077286188761808,0.9186810358625586,0.03079138275977619,0.4071716324479685,15.295586522656421,True
vector_thrust,cruise_84,0.7415599400272274,1483.145728464398,1227.7916266676148,61.841851353474276,0.7077286188760571,0.9186810358625574,0.030791382759776737,0.40717163244795784,15.314395704266074,True
vector_thrust,cruise_84,0.7417724262943457,1483.1457284644405,1227.791626668159,61.84185135347407,0.7077286188760387,0.9186810358625583,0.03079138275977439,0.4071716324479695,15.34157575919319,True
vector_thrust,cruise_84,0.7420084894130449,1483.1457284644152,1227.7916266680636,61.841851353468336,0.707728618876438,0.9186810358625572,0.03079138275977288,0.40717163244796256,15.371743344217961,True
vector_thrust,cruise_84,0.7422213744987124,1483.1457284644382,1227.7916266680618,61.841851353487804,0.7077286188759063,0.9186810358625598,0.03079138275978195,0.40717163244796895,15.39892339914508,True
vector_thrust,cruise_84,0.7423688064549527,1483.1457284644316,1227.7916266682632,61.841851353490064,0.7077286188764113,0.9186810358625598,0.030791382759781705,0.40717163244796706,15.41773258075473,True
vector_thrust,cruise_84,0.7424214462986101,1483.145728464417,1227.7916266679238,61.84185135348719,0.707728618876165,0.9186810358625592,0.03079138275978175,0.40717163244796306,15.42444549994965,True
vector_thrust,cruise_85,0.7424212485733896,1483.1453236476361,1227.7916771346447,61.84184473665355,0.7077287065035511,0.9186810254313528,0.030791396273919705,0.40717152131261986,15.42444549994965,True
vector_thrust,cruise_85,0.7424739001495443,1483.145323667648,1227.7916774220712,61.84184474643309,0.7077287065480304,0.9186810254328769,0.030791396277958183,0.4071715213181138,15.431158419144568,True
vector_thrust,cruise_85,0.7426214876435785,1483.1453236679868,1227.7916774268501,61.8418447465813,0.7077287065486314,0.9186810254329008,0.0307913962780196,0.4071715213182068,15.449967600754219,True
vector_thrust,cruise_85,0.7428349188993704,1483.1453236678574,1227.7916774249302,61.841844746523286,0.7077287065482425,0.9186810254328914,0.03079139627799618,0.4071715213181713,15.477147655681337,True
vector_thrust,cruise_85,0.743072032221398,1483.145323668096,1227.791677428549,61.8418447466477,0.7077287065490979,0.9186810254329105,0.03079139627804886,0.40717152131823675,15.507315240706108,True
vector_thrust,cruise_85,0.7432831364883508,1483.1453236678126,1227.7916774244418,61.8418447465241,0.707728706548406,0.9186810254328904,0.030791396277998005,0.4071715213181589,15.534495295633226,True
vector_thrust,cruise_85,0.7434194979221621,1483.145323667624,1227.7916774218352,61.841844746418545,0.7077287065481548,0.9186810254328747,0.03079139627795269,0.40717152131810724,15.553304477242877,True
vector_thrust,cruise_85,0.7434681834931781,1483.1453236676366,1227.791677421871,61.84184474642756,0.7077287065479547,0.918681025432876,0.03079139627795613,0.4071715213181107,15.560017396437795,True
vector_thrust,cruise_86,0.7434679831263211,1483.1449139926576,1227.7917294190102,61.841838080323335,0.7077287953829514,0.9186810148796959,0.03079140996929422,0.40717140884903447,15.560017396437795,True
vector_thrust,cruise_86,0.7435166785566061,1483.144913949936,1227.791728805611,61.84183805942184,0.7077287952883287,0.9186810148764396,0.03079140996066145,0.40717140883730596,15.566730315632713,True
vector_thrust,cruise_86,0.7436531729005111,1483.1449139500783,1227.7917288071362,61.84183805955179,0.7077287952877425,0.9186810148764569,0.030791409960720068,0.4071714088373451,15.585539497242365,True
vector_thrust,cruise_86,0.743850550280487,1483.1449139503356,1227.7917288109938,61.841838059618404,0.7077287952886084,0.9186810148764701,0.030791409960743258,0.4071714088374157,15.612719552169482,True
vector_thrust,cruise_86,0.7440698129744107,1483.1449139503845,1227.7917288117476,61.84183805967826,0.7077287952888045,0.9186810148764778,0.030791409960770778,0.40717140883742914,15.642887137194252,True
vector_thrust,cruise_86,0.744267533564868,1483.144913950391,1227.791728811767,61.84183805966351,0.7077287952887036,0.9186810148764764,0.03079140996076356,0.40717140883743086,15.67006719212137,True
vector_thrust,cruise_86,0.7444044558857879,1483.1449139504198,1227.7917288120661,61.84183805967868,0.7077287952885689,0.9186810148764787,0.0307914099607701,0.40717140883743874,15.688876373731022,True
vector_thrust,cruise_86,0.7444533418138187,1483.1449139503356,1227.7917288109938,61.84183805965059,0.7077287952886084,0.9186810148764736,0.030791409960758732,0.4071714088374157,15.695589292925941,True
vector_thrust,cruise_87,0.7444531386794414,1483.144499185927,1227.7917808022637,61.84183128946912,0.7077288851176827,0.9186810041899177,0.030791423811609483,0.40717129497112586,15.695589292925941,True
vector_thrust,cruise_87,0.7445020345568415,1483.1444991860158,1227.7917808032116,61.84183128949884,0.7077288851173161,0.9186810041899229,0.03079142381161998,0.40717129497115023,15.702302212120859,True
vector_thrust,cruise_87,0.744639090825191,1483.1444991860033,1227.7917808031607,61.84183128950294,0.707728885117515,0.9186810041899232,0.03079142381162267,0.4071712949711468,15.72111139373051,True
vector_thrust,cruise_87,0.7448372811694179,1483.1444991860058,1227.791780803217,61.84183128949495,0.7077288851175575,0.9186810041899224,0.030791423811618476,0.4071712949711475,15.748291448657628,True
vector_thrust,cruise_87,0.745057447516618,1483.1444991860178,1227.791780803309,61.84183128952528,0.7077288851174478,0.9186810041899258,0.030791423811633883,0.4071712949711508,15.778459033682399,True
vector_thrust,cruise_87,0.7452559834720408,1483.144499186003,1227.791780803169,61.84183128949945,0.7077288851175162,0.9186810041899228,0.030791423811620307,0.4071712949711468,15.805639088609517,True
vector_thrust,cruise_87,0.74539347071097,1483.1444991859755,1227.7917808030609,61.84183128949146,0.7077288851179678,0.9186810041899212,0.03079142381161853,0.40717129497113924,15.824448270219168,True
vector_thrust,cruise_87,0.7454425583884484,1483.1444991859944,1227.7917808030804,61.84183128950028,0.7077288851175748,0.9186810041899227,0.030791423811621838,0.4071712949711444,15.831161189414086,True
vector_thrust,cruise_88,0.7454423524480019,1483.1440792497517,1227.791833457704,61.84182443540001,0.7077289760689113,0.9186809933701615,0.030791437835441995,0.4071711796850183,15.831161189414086,True
vector_thrust,cruise_88,0.7454914501446748,1483.1440792496844,1227.7918334569295,61.841824435359634,0.70772897606911,0.9186809933701556,0.030791437835425824,0.40717117968499983,15.837874108609006,True
vector_thrust,cruise_88,0.7456290722700731,1483.1440792496678,1227.7918334564388,61.84182443536024,0.7077289760686374,0.9186809933701553,0.03079143783542686,0.4071711796849952,15.856683290218657,True
vector_thrust,cruise_88,0.7458280812705528,1483.1440792496728,1227.7918334565463,61.8418244353705,0.7077289760687182,0.9186809933701565,0.0307914378354316,0.40717117968499666,15.883863345145775,True
vector_thrust,cruise_88,0.7460491576013185,1483.1440792496837,1227.7918334567348,61.841824435353274,0.707728976068793,0.918680993370155,0.030791437835423097,0.4071711796849996,15.914030930170545,True
vector_thrust,cruise_88,0.7462485146366903,1483.1440792496692,1227.7918334565882,61.84182443533831,0.7077289760688614,0.918680993370153,0.030791437835416012,0.4071711796849956,15.941210985097662,True
vector_thrust,cruise_88,0.7463865707550167,1483.144079249679,1227.7918334568722,61.8418244353664,0.7077289760691198,0.9186809933701563,0.03079143783542924,0.40717117968499833,15.960020166707315,True
vector_thrust,cruise_88,0.7464358615969074,1483.144079249671,1227.7918334564617,61.841824435351434,0.7077289760685879,0.9186809933701543,0.03079143783542177,0.40717117968499617,15.966733085902233,True
vector_thrust,cruise_89,0.7464356527767494,1483.1436540079935,1227.7918867808178,61.8418174947935,0.7077290681699365,0.9186809824137075,0.03079145203649813,0.4071710629423561,15.966733085902233,True
vector_thrust,cruise_89,0.7464849537082551,1483.143654007606,1227.7918867752396,61.84181749459077,0.7077290681690475,0.9186809824136766,0.030791452036413647,0.40717106294224964,15.97344600509715,True
vector_thrust,cruise_89,0.7466231456609869,1483.1436540076145,1227.79188677532,61.84181749466784,0.7077290681689883,0.918680982413685,0.03079145203645098,0.40717106294225197,15.992255186706801,True
vector_thrust,cruise_89,0.7468229790641819,1483.143654007605,1227.791886775386,61.84181749462172,0.7077290681693246,0.9186809824136799,0.030791452036427806,0.40717106294224936,16.01943524163392,True
vector_thrust,cruise_89,0.747044971769637,1483.1436540075924,1227.7918867749981,61.84181749462172,0.707729068168931,0.9186809824136796,0.0307914520364287,0.4071710629422459,16.049602826658692,True
vector_thrust,cruise_89,0.747245155655063,1483.1436540079326,1227.7918867800786,61.84181749469593,0.707729068170036,0.9186809824136957,0.03079145203645227,0.4071710629423393,16.076782881585807,True
vector_thrust,cruise_89,0.7473837846519316,1483.143654007599,1227.7918867753197,61.8418174945877,0.7077290681693337,0.9186809824136762,0.03079145203641227,0.4071710629422477,16.09559206319546,True
vector_thrust,cruise_89,0.7474332800870055,1483.1436540076584,1227.7918867763033,61.84181749468568,0.7077290681696956,0.918680982413688,0.030791452036458663,0.407171062942264,16.10230498239038,True
vector_thrust,cruise_90,0.7474330683104808,1483.143223321588,1227.7919407749177,61.841810464899794,0.7077291614487414,0.9186809713169214,0.030791466419178445,0.40717094470496135,16.10230498239038,True
vector_thrust,cruise_90,0.7474825739067106,1483.1432233217108,1227.7919407764655,61.84181046496744,0.707729161448636,0.9186809713169316,0.030791466419208186,0.4071709447049951,16.109017901585297,True
vector_thrust,cruise_90,0.7476213396950981,1483.1432233216976,1227.7919407764641,61.84181046494509,0.7077291614489294,0.9186809713169289,0.03079146641919763,0.4071709447049915,16.127827083194948,True
vector_thrust,cruise_90,0.7478220033028514,1483.1432233216876,1227.7919407762365,61.84181046493136,0.7077291614487637,0.9186809713169272,0.030791466419192493,0.4071709447049887,16.155007138122066,True
vector_thrust,cruise_90,0.7480449188356341,1483.1432233216879,1227.791940776241,61.84181046493833,0.7077291614487639,0.9186809713169279,0.030791466419194523,0.4071709447049888,16.185174723146837,True
vector_thrust,cruise_90,0.7482459353961902,1483.1432233217104,1227.7919407764666,61.841810464969484,0.7077291614486372,0.9186809713169317,0.03079146641920896,0.407170944704995,16.212354778073955,True
vector_thrust,cruise_90,0.7483851413099354,1483.1432233216826,1227.7919407761701,61.84181046491926,0.7077291614487731,0.9186809713169257,0.03079146641918483,0.4071709447049874,16.231163959683606,True
vector_thrust,cruise_90,0.7484348427805002,1483.1432233217095,1227.7919407765592,61.84181046496866,0.7077291614488205,0.9186809713169316,0.030791466419208595,0.40717094470499465,16.237876878878524,True
vector_thrust,cruise_91,0.7484346279689872,1483.1427870481423,1227.791995474131,61.84180334401244,0.7077292559377495,0.9186809600761999,0.03079148098855221,0.4071708249337429,16.237876878878524,True
vector_thrust,cruise_91,0.7484843396727442,1483.1427870484886,1227.791995479179,61.841803344072915,0.7077292559386609,0.9186809600762147,0.030791480988566926,0.40717082493383794,16.24458979807344,True
vector_thrust,cruise_91,0.748623683343964,1483.1427870485102,1227.7919954792023,61.84180334417438,0.7077292559382151,0.9186809600762259,0.03079148098861634,0.4071708249338439,16.263398979683092,True
vector_thrust,cruise_91,0.7488251830139405,1483.1427870484126,1227.7919954782774,61.8418033441592,0.7077292559388275,0.918680960076222,0.030791480988612372,0.4071708249338171,16.29057903461021,True
vector_thrust,cruise_91,0.749049027888899,1483.1427870484429,1227.7919954786792,61.84180334414834,0.707729255938826,0.9186809600762216,0.030791480988605884,0.40717082493382545,16.32074661963498,True
vector_thrust,cruise_91,0.7492508830064265,1483.142787048483,1227.7919954791669,61.84180334417315,0.7077292559387638,0.9186809600762252,0.030791480988617916,0.40717082493383644,16.3479266745621,True
vector_thrust,cruise_91,0.7493906699138054,1483.1427870484893,1227.7919954793751,61.84180334414979,0.7077292559389785,0.9186809600762228,0.03079148098860658,0.4071708249338382,16.36673585617175,True
vector_thrust,cruise_91,0.7494405788762065,1483.1427870484433,1227.7919954786375,61.841803344179496,0.7077292559387337,0.918680960076225,0.030791480988621927,0.4071708249338255,16.37344877536667,True
vector_thrust,cruise_92,0.7494403609476188,1483.1423450382974,1227.7920508979741,61.84179612961042,0.7077293516707547,0.9186809486876858,0.03079149574955919,0.4071707035876967,16.37344877536667,True
vector_thrust,cruise_92,0.7494902802157638,1483.1423450385735,1227.7920509019534,61.84179612968381,0.7077293516714136,0.9186809486877002,0.030791495749583904,0.4071707035877725,16.380161694561586,True
vector_thrust,cruise_92,0.749630205855808,1483.1423450385594,1227.7920509017067,61.841796129704505,0.7077293516712975,0.918680948687702,0.030791495749594763,0.40717070358776863,16.39897087617124,True
vector_thrust,cruise_92,0.74983254750241,1483.1423450385837,1227.7920509018409,61.841796129713316,0.7077293516709854,0.9186809486877037,0.030791495749598594,0.40717070358777535,16.426150931098356,True
vector_thrust,cruise_92,0.7500573282973105,1483.1423450385794,1227.7920509019166,61.841796129699986,0.7077293516712189,0.9186809486877021,0.03079149574959154,0.4071707035877742,16.456318516123126,True
vector_thrust,cruise_92,0.75026002791029,1483.1423450385528,1227.7920509016885,61.84179612974427,0.7077293516713988,0.9186809486877061,0.030791495749615025,0.4071707035877668,16.483498571050244,True
vector_thrust,cruise_92,0.7504003999275771,1483.1423450385362,1227.7920509015305,61.841796129707575,0.7077293516715181,0.9186809486877018,0.030791495749597088,0.40717070358776225,16.502307752659895,True
vector_thrust,cruise_92,0.7504505178523652,1483.1423450385817,1227.7920509019802,61.84179612979695,0.7077293516712616,0.9186809486877124,0.030791495749640536,0.40717070358777474,16.509020671854813,True
vector_thrust,cruise_93,0.75045029671597,1483.1418971290898,1227.7921069575873,61.841788815530606,0.7077294486637836,0.9186809371468063,0.030791510705903673,0.40717058062208394,16.509020671854813,True
vector_thrust,cruise_93,0.7505004250246765,1483.141897136502,1227.7921070642237,61.84178881914254,0.7077294486805809,0.9186809371473696,0.030791510707394144,0.40717058062411887,16.515733591049734,True
vector_thrust,cruise_93,0.750640936759265,1483.1418971365242,1227.79210706451,61.841788819188665,0.7077294486805464,0.9186809371473751,0.03079151070741597,0.407170580624125,16.534542772659385,True
vector_thrust,cruise_93,0.7508441263539095,1483.1418971365226,1227.792107064398,61.84178881917268,0.7077294486804115,0.9186809371473733,0.03079151070740862,0.4071705806241245,16.561722827586504,True
vector_thrust,cruise_93,0.7510698497102309,1483.141897136513,1227.792107064417,61.84178881916858,0.7077294486806566,0.9186809371473728,0.030791510707406197,0.40717058062412187,16.591890412611274,True
vector_thrust,cruise_93,0.7512733998147114,1483.141897136528,1227.792107064525,61.841788819190505,0.7077294486804971,0.9186809371473753,0.030791510707416727,0.4071705806241261,16.61907046753839,True
vector_thrust,cruise_93,0.7514143610981238,1483.1418971365126,1227.7921070641723,61.84178881916591,0.7077294486802453,0.9186809371473725,0.03079151070740481,0.4071705806241217,16.637879649148044,True
vector_thrust,cruise_93,0.7514646894698345,1483.1418971365051,1227.7921070642462,61.84178881914521,0.7077294486805323,0.91868093714737,0.030791510707395418,0.4071705806241197,16.64459256834296,True
vector_thrust,cruise_94,0.7514644650468607,1483.1414431803835,1227.7921639862109,61.841781409773965,0.7077295470007977,0.9186809254510482,0.030791525867384355,0.40717045599843293,16.64459256834296,True
vector_thrust,cruise_94,0.7515148038710284,1483.1414431803694,1227.792163985768,61.841781409770675,0.7077295470003621,0.9186809254510473,0.030791525867382038,0.40717045599842905,16.65130548753788,True
vector_thrust,cruise_94,0.7516559058658457,1483.1414431803735,1227.7921639859821,61.84178140975182,0.7077295470006323,0.9186809254510454,0.030791525867373094,0.4071704559984301,16.67011466914753,True
vector_thrust,cruise_94,0.7518599494377824,1483.1414431803432,1227.7921639857634,61.841781409715125,0.7077295470009509,0.9186809254510409,0.030791525867355958,0.4071704559984218,16.69729472407465,True
vector_thrust,cruise_94,0.7520866220615601,1483.1414431803385,1227.7921639856595,61.841781409714926,0.707729547000869,0.9186809254510407,0.030791525867356503,0.4071704559984205,16.72746230909942,True
vector_thrust,cruise_94,0.7522910285563353,1483.1414429612341,1227.79216083878,61.84178130285017,0.7077295465139617,0.9186809254343761,0.03079152582324488,0.4071704559382692,16.754642364026537,True
vector_thrust,cruise_94,0.7524325836017633,1483.1414433843252,1227.792166915151,61.8417815092484,0.7077295474537303,0.9186809254665599,0.03079152590844571,0.4071704560544215,16.77345154563619,True
vector_thrust,cruise_94,0.7524831239248456,1483.141443391591,1227.7921670194307,61.84178151278634,0.7077295474697545,0.9186809254671121,0.030791525909905283,0.4071704560564162,16.780164464831106,True
vector_thrust,cruise_95,0.7524828959676242,1483.1409830014518,1227.7922216885447,61.84177389880797,0.7077296466691669,0.9186809135943854,0.03079154123518652,0.4071703296643827,16.780164464831106,True
vector_thrust,cruise_95,0.7525334468124932,1483.140983001409,1227.7922216878205,61.841773898793214,0.7077296466688702,0.9186809135943828,0.030791541235180346,0.40717032966437106,16.786877384026024,True
vector_thrust,cruise_95,0.7526751432733763,1483.1409830014125,1227.7922216877766,61.84177389880941,0.7077296466687263,0.9186809135943845,0.030791541235187726,0.407170329664372,16.805686565635675,True
vector_thrust,cruise_95,0.7528800469108913,1483.1409830014036,1227.7922216877992,61.84177389878973,0.7077296466689722,0.9186809135943822,0.03079154123517842,0.40717032966436945,16.832866620562793,True
vector_thrust,cruise_95,0.7531076755728212,1483.14098300141,1227.7922216877168,61.8417738988008,0.7077296466686844,0.9186809135943835,0.030791541235183635,0.4071703296643712,16.863034205587564,True
vector_thrust,cruise_95,0.7533129448816949,1483.1409830014175,1227.7922216879451,61.84177389881391,0.7077296466689037,0.9186809135943852,0.0307915412351894,0.4071703296643732,16.890214260514682,True
vector_thrust,cruise_95,0.7534550973277746,1483.140983001421,1227.7922216878587,61.84177389881637,0.7077296466686663,0.9186809135943855,0.030791541235191365,0.40717032966437433,16.909023442124333,True
vector_thrust,cruise_95,0.7535058511053493,1483.1409830014175,1227.7922216879451,61.84177389880121,0.7077296466689037,0.9186809135943839,0.030791541235184187,0.4071703296643732,16.91573636131925,True
vector_thrust,cruise_96,0.7535056198268185,1483.1405164391158,1227.7922804127995,61.84176629083487,0.7077297477571378,0.9186809015740129,0.030791556819751743,0.4071702015778809,16.91573636131925,True
vector_thrust,cruise_96,0.7535563841958238,1483.1405164238454,1227.7922801935977,61.84176628337588,0.7077297477234247,0.9186809015728503,0.030791556816672512,0.4071702015736887,16.92244928051417,True
vector_thrust,cruise_96,0.7536986793625369,1483.1405164135163,1227.7922800451752,61.84176627837338,0.7077297477003444,0.9186809015720685,0.03079155681461065,0.40717020157085304,16.941258462123823,True
vector_thrust,cruise_96,0.753904449216807,1483.140516419365,1227.7922801291459,61.84176628120865,0.7077297477132828,0.9186809015725115,0.030791556815778075,0.4071702015724587,16.968438517050938,True
vector_thrust,cruise_96,0.7541330407519303,1483.1405164164814,1227.7922800876988,61.84176627982135,0.7077297477068186,0.9186809015722942,0.03079155681520822,0.4071702015716671,16.99860610207571,True
vector_thrust,cruise_96,0.7543391788973244,1483.1405164238602,1227.7922801937066,61.84176628340459,0.7077297477232628,0.9186809015728538,0.030791556816685953,0.4071702015736928,17.025786157002827,True
vector_thrust,cruise_96,0.7544819333220336,1483.1405164238652,1227.792280193813,61.841766283420164,0.7077297477233458,0.9186809015728555,0.030791556816692794,0.4071702015736942,17.044595338612478,True
vector_thrust,cruise_96,0.7545329020985581,1483.1405164390087,1227.7922804112522,61.84176629079613,0.7077297477568963,0.9186809015740062,0.030791556819736523,0.40717020157785155,17.0513082578074,True
vector_thrust,cruise_97,0.7545326672158168,1483.1400432641128,1227.7923395249527,61.841758560592645,0.7077298502031595,0.9186808893817277,0.03079157261802456,0.40717007167598745,17.0513082578074,True
vector_thrust,cruise_97,0.7545836466596564,1483.140043264108,1227.7923395251887,61.84175856058424,0.7077298502036764,0.9186808893817268,0.030791572618020784,0.4071700716759862,17.058021177002317,True
vector_thrust,cruise_97,0.754726544835229,1483.1400432641087,1227.79233952514,61.841758560590584,0.7077298502035827,0.9186808893817274,0.030791572618023115,0.4071700716759864,17.076830358611968,True
vector_thrust,cruise_97,0.7549331871051237,1483.1400432641105,1227.792339524895,61.84175856057727,0.7077298502031177,0.918680889381726,0.030791572618017928,0.4071700716759869,17.104010413539083,True
vector_thrust,cruise_97,0.7551627484212102,1483.140043264108,1227.7923395251887,61.84175856058137,0.7077298502036764,0.9186808893817264,0.030791572618019507,0.4071700716759862,17.134177998563857,True
vector_thrust,cruise_97,0.7553697616255483,1483.1400432641246,1227.792339525447,61.84175856061294,0.7077298502037423,0.9186808893817301,0.030791572618034953,0.40717007167599073,17.161358053490975,True
vector_thrust,cruise_97,0.7555131223492714,1483.140043264114,1227.7923395252074,61.84175856059202,0.7077298502035737,0.9186808893817278,0.030791572618024857,0.4071700716759878,17.180167235100622,True
vector_thrust,cruise_97,0.7555643076466056,1483.1400432641137,1227.7923395252528,61.841758560598585,0.7077298502036666,0.9186808893817284,0.03079157261802697,0.40717007167598773,17.18688015429554,True
vector_thrust,cruise_98,0.7555640690864731,1483.1395633306377,1227.7923997063263,61.841750727227556,0.7077299541506549,0.9186808770160692,0.030791588645592147,0.4071699399186741,17.18688015429554,True
vector_thrust,cruise_98,0.7556152651384264,1483.1395633307134,1227.7923997078487,61.84175072726445,0.7077299541515912,0.9186808770160749,0.0307915886456079,0.4071699399186949,17.193593073490458,True
vector_thrust,cruise_98,0.7557587706457641,1483.1395633306784,1227.792399706946,61.841750727245795,0.7077299541508186,0.918680877016072,0.03079158864560124,0.4071699399186853,17.212402255100113,True
vector_thrust,cruise_98,0.755966291603278,1483.1395633307711,1227.7923997083944,61.84175072727818,0.7077299541512225,0.9186808770160777,0.03079158864561179,0.4071699399187108,17.239582310027227,True
vector_thrust,cruise_98,0.7561968296693233,1483.139563330652,1227.792399706766,61.84175072721443,0.7077299541510926,0.9186808770160682,0.03079158864558498,0.40716993991867806,17.269749895051998,True
vector_thrust,cruise_98,0.7564047242315991,1483.1395633306574,1227.7923997067821,61.84175072725153,0.7077299541509895,0.9186808770160722,0.030791588645603708,0.40716993991867956,17.29692994997912,True
vector_thrust,cruise_98,0.7565486956170823,1483.1395633307068,1227.7923997075382,61.84175072725665,0.7077299541511863,0.9186808770160739,0.03079158864560376,0.4071699399186931,17.315739131588767,True
vector_thrust,cruise_98,0.7566000990044257,1483.139563330696,1227.7923997073522,61.84175072726855,0.7077299541511118,0.9186808770160749,0.030791588645610164,0.40716993991869016,17.322452050783685,True
vector_thrust,cruise_99,0.7565998566461319,1483.1390764236446,1227.792460767398,61.841742780197315,0.7077300596099969,0.918680864470746,0.03079160490613474,0.4071698062469038,17.322452050783685,True
vector_thrust,cruise_99,0.7566512708650219,1483.1390764233797,1227.7924607633408,61.84174278003559,0.7077300596089966,0.9186808644707225,0.03079160490606618,0.4071698062468311,17.329164969978603,True
vector_thrust,cruise_99,0.7567953880768515,1483.1390764234002,1227.7924607635725,61.841742780070234,0.7077300596089207,0.9186808644707266,0.030791604906082123,0.4071698062468367,17.347974151588254,True
vector_thrust,cruise_99,0.757003794051042,1483.1390764234184,1227.792460763982,61.8417427800768,0.7077300596092136,0.9186808644707278,0.0307916049060841,0.4071698062468416,17.375154206515372,True
vector_thrust,cruise_99,0.7572353159067045,1483.1390764234468,1227.7924607642826,61.8417427801471,0.7077300596090764,0.9186808644707359,0.03079160490611809,0.40716980624684945,17.405321791540143,True
vector_thrust,cruise_99,0.7574440981823173,1483.1390764233931,1227.792460763655,61.84174278004564,0.7077300596092095,0.918680864470724,0.030791604906070812,0.4071698062468347,17.43250184646726,True
vector_thrust,cruise_99,0.7575886846350103,1483.1390764234607,1227.792460764707,61.84174278009443,0.7077300596095122,0.9186808644707307,0.03079160490609214,0.4071698062468532,17.451311028076912,True
vector_thrust,cruise_99,0.7576403076860547,1483.139076423368,1227.792460763257,61.84174278007228,0.7077300596091081,0.9186808644707262,0.03079160490608407,0.4071698062468278,17.45802394727183,True
vector_thrust,cruise_100,0.7576400614140913,1483.1385823331682,1227.7925227216592,61.84173471564405,0.7077301666231431,0.9186808517403025,0.03079162140645061,0.40716967060303416,17.45802394727183,True
vector_thrust,cruise_100,0.7576916953748012,1483.138582333161,1227.792522721491,61.84173471563175,0.7077301666230172,0.918680851740301,0.0307916214064444,0.40716967060303205,17.464736866466748,True
vector_thrust,cruise_100,0.7578364287065865,1483.1385823331382,1227.792522721454,61.84173471565942,0.7077301666234668,0.9186808517403035,0.030791621406460537,0.40716967060302584,17.4835460480764,True
vector_thrust,cruise_100,0.758045726088757,1483.1385823331238,1227.7925227210696,61.84173471563995,0.7077301666231233,0.918680851740301,0.03079162140644975,0.407169670603022,17.510726103003513,True
vector_thrust,cruise_100,0.7582782388424051,1483.1385823331277,1227.792522721224,61.84173471562867,0.7077301666232981,0.9186808517402999,0.03079162140644471,0.407169670603023,17.540893688028287,True
vector_thrust,cruise_100,0.7584879152494314,1483.138582333117,1227.7925227211433,61.841734715624575,0.7077301666234111,0.9186808517402991,0.030791621406443336,0.40716967060302006,17.568073742955406,True
vector_thrust,cruise_100,0.7586331212180295,1483.1385823331493,1227.7925227215921,61.84173471564097,0.7077301666234483,0.9186808517403017,0.03079162140644935,0.40716967060302894,17.586882924565053,True
vector_thrust,cruise_100,0.7586849655220866,1483.1385823331354,1227.7925227214432,61.8417347156256,0.7077301666235175,0.9186808517402998,0.030791621406443332,0.4071696706030251,17.59359584375997,True
vector_thrust,cruise_101,0.7586847152161503,1483.1380808412546,1227.7925856089755,61.84172653043566,0.7077302752410071,0.9186808388191677,0.03079163815403204,0.40716953292722974,17.59359584375997,True
vector_thrust,cruise_101,0.7587365703773133,1483.1380808412075,1227.7925856080928,61.841726530428474,0.7077302752405334,0.9186808388191658,0.030791638154029452,0.4071695329272169,17.600308762954892,True
vector_thrust,cruise_101,0.7588819244185473,1483.1380808412537,1227.7925856087836,61.84172653044549,0.7077302752406862,0.9186808388191687,0.03079163815403499,0.4071695329272295,17.619117944564543,True
vector_thrust,cruise_101,0.7590921195336393,1483.1380808412512,1227.7925856087752,61.84172653045082,0.7077302752407384,0.9186808388191693,0.030791638154039437,0.40716953292722885,17.646297999491658,True
vector_thrust,cruise_101,0.7593256304897258,1483.1380808412355,1227.7925856086595,61.8417265304457,0.7077302752408993,0.9186808388191683,0.030791638154036897,0.4071695329272245,17.676465584516432,True
vector_thrust,cruise_101,0.7595362073926561,1483.1380808410543,1227.7925856060929,61.84172653034956,0.707730275240551,0.9186808388191537,0.030791638153998064,0.40716953292717484,17.70364563944355,True
vector_thrust,cruise_101,0.7596805129221559,1483.1380808408032,1227.7925856022998,61.84172653024379,0.7077302752396697,0.9186808388191364,0.030791638153954817,0.4071695329271059,17.722454821053198,True
vector_thrust,cruise_101,0.7597268153480436,1483.1380808411338,1227.7925856069485,61.84172653039691,0.7077302752402369,0.9186808388191607,0.030791638154016976,0.4071695329271966,17.729167740248116,True
vector_thrust,cruise_102,0.7597265608843805,1483.1375717185138,1227.7926494508733,61.84171822063777,0.7077303855107107,0.918680825701411,0.03079165515644121,0.40716939315651574,17.729167740248116,True
vector_thrust,cruise_102,0.7597728720341036,1483.137571718193,1227.7926494462065,61.84171822046395,0.7077303855098974,0.9186808257013847,0.030791655156368274,0.4071693931564277,17.735880659443033,True
vector_thrust,cruise_102,0.7599026796885938,1483.137571718583,1227.792649451902,61.84171822066278,0.707730385510923,0.9186808257014153,0.03079165515645187,0.4071693931565347,17.754689841052688,True
vector_thrust,cruise_102,0.7600903788747871,1483.1375717186029,1227.792649452068,61.84171822066954,0.707730385510751,0.9186808257014164,0.03079165515645452,0.40716939315654016,17.781869895979803,True
vector_thrust,cruise_102,0.7602988778836391,1483.1375717186447,1227.7926494526537,61.84171822065684,0.7077303855108228,0.9186808257014161,0.030791655156447273,0.40716939315655165,17.812037481004573,True
vector_thrust,cruise_102,0.7604868811333826,1483.137571718665,1227.792649453112,61.8417182207048,0.7077303855111583,0.9186808257014217,0.030791655156468884,0.4071693931565573,17.839217535931695,True
vector_thrust,cruise_102,0.7606170679489211,1483.137571718641,1227.792649452684,61.84171822066134,0.7077303855109652,0.9186808257014165,0.03079165515644945,0.40716939315655076,17.858026717541343,True
vector_thrust,cruise_102,0.7606635478416741,1483.1375717186158,1227.7926494523535,61.84171822066708,0.7077303855109601,0.9186808257014165,0.03079165515645278,0.40716939315654377,17.86473963673626,True
vector_thrust,cruise_103,0.7606632891254954,1483.137054725394,1227.7927142816575,61.841709782364816,0.7077304974858585,0.9186808123808622,0.030791672421696926,0.4071692512251273,17.86473963673626,True
vector_thrust,cruise_103,0.7607097778279476,1483.1370547255747,1227.792714284387,61.84170978239782,0.707730497486489,0.9186808123808702,0.0307916724217061,0.40716925122517683,17.871452555931178,True
vector_thrust,cruise_103,0.760840083275443,1483.137054725579,1227.7927142841386,61.841709782488415,0.7077304974859677,0.91868081238088,0.0307916724217509,0.4071692512251781,17.89026173754083,True
vector_thrust,cruise_103,0.7610285025822698,1483.137054725572,1227.7927142842202,61.84170978245316,0.7077304974862585,0.9186808123808761,0.030791672421734046,0.40716925122517617,17.917441792467947,True
vector_thrust,cruise_103,0.7612378019579523,1483.1370547255729,1227.7927142841775,61.84170978241299,0.7077304974861646,0.9186808123808717,0.03079167242171352,0.40716925122517633,17.947609377492718,True
vector_thrust,cruise_103,0.7614265273000451,1483.1370547255567,1227.7927142839821,61.841709782438194,0.707730497486193,0.918680812380874,0.03079167242172558,0.40716925122517195,17.974789432419836,True
vector_thrust,cruise_103,0.7615572143675552,1483.1370547255688,1227.792714284269,61.84170978244189,0.7077304974864036,0.9186808123808747,0.030791672421727995,0.4071692512251752,17.993598614029487,True
vector_thrust,cruise_103,0.7616038729069323,1483.137054725556,1227.7927142839762,61.84170978246915,0.7077304974861928,0.9186808123808773,0.030791672421741193,0.4071692512251717,18.000311533224405,True
vector_thrust,cruise_104,0.7616036098009871,1483.1365296098757,1227.7927801231144,61.84170121126202,0.7077306112192037,0.9186807988510023,0.030791689958091818,0.40716910706387677,18.000311533224405,True
vector_thrust,cruise_104,0.7616502772069366,1483.1365296107958,1227.7927801359567,61.841701211750475,0.7077306112206614,0.9186807988510766,0.03079168995829821,0.4071691070641295,18.007024452419323,True
vector_thrust,cruise_104,0.7617810836746777,1483.1365296107206,1227.7927801349708,61.84170121172485,0.7077306112209963,0.918680798851072,0.030791689958286832,0.40716910706410875,18.025833634028974,True
vector_thrust,cruise_104,0.7619702277719309,1483.1365296107083,1227.7927801347046,61.84170121171809,0.7077306112206835,0.9186807988510709,0.030791689958284154,0.40716910706410536,18.05301368895609,True
vector_thrust,cruise_104,0.7621803315908804,1483.136528054635,1227.7927577792643,61.841700452545325,0.7077306077632833,0.9186807987326957,0.030791689644895957,0.4071691066369127,18.083181273980863,True
vector_thrust,cruise_104,0.7623697801425343,1483.1365230867777,1227.7926864088288,61.841698028821064,0.707730596726159,0.9186807983547738,0.03079168864437231,0.40716910527307476,18.11036132890798,True
vector_thrust,cruise_104,0.76250096771569,1483.1365189285143,1227.7926266716108,61.84169599998506,0.7077305874877154,0.9186807980384298,0.030791687806853756,0.40716910413149643,18.12917051051763,True
vector_thrust,cruise_104,0.7625478048252288,1483.1365172125845,1227.7926020216435,61.84169516270239,0.7077305836755642,0.9186807979078812,0.030791687461210172,0.40716910366041803,18.135883429712546,True
vector_thrust,cruise_105,0.7625475464046667,1483.1359965515699,1227.7928533756035,61.841692738473064,0.7077307277517112,0.918680785140805,0.03079170787325915,0.4071689607220734,18.135883429712546,True
vector_thrust,cruise_105,0.7625943933805504,1483.1359961545709,1227.7928476723407,61.84169252578382,0.7077307268697344,0.918680785108577,0.030791707783842936,0.4071689606130844,18.142596348907468,True
vector_thrust,cruise_105,0.7627257041237888,1483.135996155314,1227.7928476830718,61.84169252617452,0.7077307268714813,0.9186807851086364,0.030791707784007596,0.40716896061328833,18.16140553051712,True
vector_thrust,cruise_105,0.7629155777230693,1483.1359961564153,1227.7928476987809,61.841692526754606,0.7077307268737426,0.9186807851087248,0.03079170778425014,0.40716896061359076,18.188585585444233,True
vector_thrust,cruise_105,0.7631264934568873,1483.135996157752,1227.7928477180467,61.84169252745317,0.7077307268768254,0.9186807851088313,0.03079170778454173,0.4071689606139577,18.218753170469007,True
vector_thrust,cruise_105,0.763316677086793,1483.1359961589833,1227.7928477356727,61.841692528049656,0.7077307268794789,0.9186807851089247,0.030791707784789363,0.40716896061429564,18.245933225396126,True
vector_thrust,cruise_105,0.7634483744322892,1483.1359961598926,1227.7928477488801,61.84169252854202,0.707730726881737,0.918680785108999,0.030791707784995324,0.4071689606145453,18.264742407005773,True
vector_thrust,cruise_105,0.7634953937560623,1483.1359961601797,1227.7928477528985,61.841692528701905,0.7077307268821903,0.918680785109023,0.030791707785062454,0.40716896061462415,18.27145532620069,True
vector_thrust,cruise_106,0.7634951213984358,1483.1354539479821,1227.79291502989,61.84168365514199,0.7077308441993964,0.9186807711361478,0.03079172588079147,0.4071688117597804,18.27145532620069,True
vector_thrust,cruise_106,0.7635421497023012,1483.135453947973,1227.7929150297493,61.84168365511473,0.7077308441993605,0.9186807711361448,0.03079172588077861,0.40716881175977787,18.27816824539561,True
vector_thrust,cruise_106,0.7636739680031451,1483.1354539479744,1227.7929150296593,61.84168365512252,0.7077308441991736,0.9186807711361457,0.030791725880783292,0.40716881175977826,18.29697742700526,True
vector_thrust,cruise_106,0.7638645758546665,1483.135453949098,1227.7929150459884,61.841683655663054,0.707730844202004,0.9186807711362303,0.03079172588100538,0.4071688117600868,18.324157481932378,True
vector_thrust,cruise_106,0.7640763076674112,1483.1354539479844,1227.7929150298903,61.84168365513749,0.707730844199342,0.9186807711361473,0.03079172588079015,0.407168811759781,18.35432506695715,True
vector_thrust,cruise_106,0.7642672275726428,1483.1354539479785,1227.7929150298141,61.84168365514015,0.7077308441993515,0.9186807711361475,0.03079172588079053,0.4071688117597794,18.38150512188427,True
vector_thrust,cruise_106,0.7643994349994441,1483.1354539479714,1227.7929150297061,61.84168365511944,0.7077308441993201,0.9186807711361452,0.03079172588078118,0.4071688117597775,18.400314303493918,True
vector_thrust,cruise_106,0.764446636481443,1483.1354539488743,1227.7929150428286,61.84168365553883,0.7077308442015849,0.9186807711362116,0.030791725880953604,0.40716881176002534,18.407027222688836,True
vector_thrust,cruise_107,0.764446359316986,1483.1349028323855,1227.7929841430143,61.84167465997689,0.7077309635661055,0.9186807569363948,0.030791744285681343,0.4071686604606648,18.407027222688836,True
vector_thrust,cruise_107,0.7644935698364979,1483.1349028324487,1227.7929841439177,61.84167466000558,0.7077309635662333,0.9186807569363996,0.030791744285693395,0.4071686604606821,18.413740141883753,True
vector_thrust,cruise_107,0.7646258990073237,1483.1349028324582,1227.7929841439554,61.84167466002424,0.7077309635660786,0.9186807569364017,0.03079174428570294,0.4071686604606847,18.432549323493404,True
vector_thrust,cruise_107,0.7648172459028624,1483.134902832078,1227.792984138832,61.84167465985799,0.7077309635658264,0.918680756936375,0.03079174428563659,0.40716866046058037,18.45972937842052,True
vector_thrust,cruise_107,0.7650297991268814,1483.1349028324553,1227.7929841442337,61.841674660019926,0.7077309635666427,0.9186807569364012,0.03079174428570103,0.40716866046068384,18.489896963445293,True
vector_thrust,cruise_107,0.765221460118796,1483.134902832192,1227.7929841402945,61.841674659916414,0.7077309635657754,0.9186807569363838,0.030791744285660456,0.40716866046061156,18.51707701837241,True
vector_thrust,cruise_107,0.7653541809616912,1483.1349028322704,1227.7929841413074,61.84167465995577,0.7077309635657402,0.91868075693639,0.03079174428567545,0.40716866046063316,18.53588619998206,True
vector_thrust,cruise_107,0.7654015657918651,1483.1349028324557,1227.7929841438945,61.84167466003448,0.7077309635660368,0.9186807569364027,0.030791744285706683,0.407168660460684,18.54259911917698,True
vector_thrust,cruise_108,0.7654012832905153,1483.1343420000426,1227.7930478424382,61.84166529188823,0.7077310839213783,0.9186807424634122,0.03079176290837215,0.4071685064939869,18.54259911917698,True
vector_thrust,cruise_108,0.7654486775917138,1483.1343425212594,1227.7930553261524,61.84166554533302,0.7077310850790215,0.9186807425029727,0.030791763012923728,0.4071685066370778,18.549312038371898,True
vector_thrust,cruise_108,0.7655815209610835,1483.1343425044927,1227.793055085399,61.84166553698628,0.7077310850416775,0.9186807425016793,0.030791763009462916,0.4071685066324748,18.56812121998155,True
vector_thrust,cruise_108,0.7657736117193323,1483.1343424806646,1227.7930547433625,61.841665525070034,0.7077310849887949,0.9186807424998357,0.030791763004520516,0.4071685066259332,18.595301274908664,True
vector_thrust,cruise_108,0.7659869917105548,1483.1343424548686,1227.7930543729965,61.84166551214898,0.7077310849314097,0.9186807424978375,0.03079176299915621,0.4071685066188514,18.625468859933438,True
vector_thrust,cruise_108,0.7661793986256675,1483.13434243229,1227.7930540492107,61.84166550087431,0.7077310848818033,0.9186807424960921,0.030791762994479575,0.40716850661265275,18.652648914860556,True
vector_thrust,cruise_108,0.7663126362365174,1483.134342417066,1227.7930538304295,61.841665493245614,0.7077310848475717,0.9186807424949126,0.03079176299131385,0.4071685066084733,18.671458096470204,True
vector_thrust,cruise_108,0.7663602056125853,1483.1343424116872,1227.7930537532015,61.84166549054502,0.7077310848356082,0.9186807424944952,0.03079176299019392,0.4071685066069967,18.67817101566512,True
vector_thrust,cruise_109,0.7663599182828189,1483.1337724928912,1227.7931257497946,61.84165620619519,0.7077312083636853,0.9186807278121432,0.030791782031888253,0.40716835014579256,18.67817101566512,True
vector_thrust,cruise_109,0.7664074968252192,1483.133772503309,1227.793125899599,61.841656211270255,0.7077312083871357,0.918680727812935,0.030791782033984062,0.4071683501486526,18.68488393486004,True
vector_thrust,cruise_109,0.7665408577871439,1483.1337725032986,1227.79312589917,61.84165621127415,0.7077312083866415,0.9186807278129351,0.030791782033985672,0.4071683501486497,18.703693116469694,True
vector_thrust,cruise_109,0.7667336973191949,1483.133772503386,1227.7931259007364,61.84165621128297,0.7077312083873798,0.9186807278129381,0.030791782033986092,0.40716835014867375,18.73087317139681,True
vector_thrust,cruise_109,0.7669479095384398,1483.1337725035487,1227.7931259031225,61.84165621138156,0.7077312083878123,0.9186807278129527,0.03079178203402863,0.40716835014871844,18.76104075642158,True
vector_thrust,cruise_109,0.7671410673043708,1483.1337725033943,1227.7931259009179,61.841656211311665,0.7077312083875089,0.9186807278129414,0.030791782034000886,0.40716835014867603,18.7882208113487,True
vector_thrust,cruise_109,0.767274825098002,1483.1337725033627,1227.7931259003315,61.841656211308795,0.7077312083871908,0.9186807278129403,0.030791782034000775,0.40716835014866737,18.80702999295835,True
vector_thrust,cruise_109,0.7673225802398175,1483.1337725034552,1227.79312590177,61.841656211337494,0.7077312083875941,0.9186807278129456,0.030791782034010444,0.4071683501486928,18.813742912153266,True
vector_thrust,cruise_110,0.7673222843046821,1483.133188170823,1227.7931345956467,61.841644586620546,0.7077313240821079,0.9186807125346238,0.03079180050892665,0.40716818973042285,18.813742912153266,True
vector_thrust,cruise_110,0.7673700518708172,1483.133192628703,1227.7931986204687,61.841646746778565,0.7077313339833744,0.9186807128721757,0.030791801399396836,0.40716819095425555,18.820455831348184,True
vector_thrust,cruise_110,0.7675039338126411,1483.1331926287125,1227.7931986205058,61.84164674679702,0.7077313339832201,0.918680712872178,0.030791801399406127,0.40716819095425827,18.839265012957835,True
vector_thrust,cruise_110,0.7676975270208048,1483.1331926287157,1227.7931986204064,61.84164674680009,0.7077313339829784,0.9186807128721785,0.030791801399407077,0.4071681909542591,18.866445067884953,True
vector_thrust,cruise_110,0.7679125769196764,1483.1331926287194,1227.793198620783,61.84164674679169,0.7077313339835389,0.9186807128721776,0.0307918013994028,0.4071681909542601,18.896612652909724,True
vector_thrust,cruise_110,0.7681064904582644,1483.133192628727,1227.7931986209016,61.84164674680152,0.7077313339835701,0.9186807128721789,0.03079180139940812,0.4071681909542622,18.923792707836846,True
vector_thrust,cruise_110,0.7682407718459374,1483.1331926287198,1227.793198620682,61.84164674678963,0.7077313339833478,0.9186807128721773,0.030791801399401703,0.40716819095426016,18.942601889446493,True
vector_thrust,cruise_110,0.7682887139718858,1483.1331926287212,1227.7931986205892,61.841646746789024,0.7077313339831597,0.9186807128721773,0.030791801399401367,0.4071681909542606,18.94931480864141,True
vector_thrust,cruise_111,0.7682884157754559,1483.132602601809,1227.793274420742,61.841637177896004,0.7077314620826397,0.9186806976763701,0.03079182113440432,0.40716802897272597,18.94931480864141,True
vector_thrust,cruise_111,0.7683363670837523,1483.1326024775242,1227.793272636267,61.841637114600346,0.7077314618066995,0.9186806976666317,0.03079182110804799,0.4071680289386059,18.95602772783633,True
vector_thrust,cruise_111,0.7684707734347022,1483.1326024775246,1227.7932726362665,61.8416371146063,0.7077314618067004,0.9186806976666323,0.030791821108051485,0.4071680289386059,18.97483690944598,True
vector_thrust,cruise_111,0.7686651252818639,1483.1326024775158,1227.7932726358908,61.84163711459174,0.7077314618062458,0.9186806976666305,0.03079182110804492,0.40716802893860354,19.002016964373095,True
vector_thrust,cruise_111,0.7688810183791677,1483.1326024775296,1227.793272636133,61.84163711457781,0.7077314618063646,0.9186806976666294,0.030791821108037246,0.4071680289386073,19.03218454939787,True
vector_thrust,cruise_111,0.7690756926717927,1483.1326024775165,1227.7932726360873,61.841637114659186,0.7077314618065721,0.9186806976666377,0.030791821108076618,0.4071680289386037,19.059364604324987,True
vector_thrust,cruise_111,0.7692105011059672,1483.1326024775142,1227.7932726360386,61.84163711463315,0.7077314618065313,0.9186806976666348,0.030791821108064887,0.40716802893860315,19.078173785934634,True
vector_thrust,cruise_111,0.7692586314493163,1483.1326024775196,1227.7932726360991,61.84163711464443,0.7077314618065206,0.9186806976666362,0.030791821108070244,0.40716802893860454,19.084886705129556,True
vector_thrust,cruise_112,0.7692583273589244,1483.1320016172383,1227.7933471969611,61.84162729339731,0.7077315918152656,0.9186806821836343,0.030791841167274497,0.4071678639829587,19.084886705129556,True
vector_thrust,cruise_112,0.7693064670698716,1483.1320016720797,1227.7933479867356,61.8416273085596,0.7077315919377637,0.9186806821865694,0.030791841172547123,0.4071678639980144,19.091599624324473,True
vector_thrust,cruise_112,0.7694414012947398,1483.1320016794473,1227.7933480924105,61.84162731215944,0.7077315919539088,0.9186806821871304,0.030791841174033493,0.40716786400003707,19.110408805934124,True
vector_thrust,cruise_112,0.769636516794059,1483.132001688433,1227.7933482213937,61.841627316612,0.7077315919737344,0.9186806821878214,0.03079184117587821,0.407167864002504,19.13758886086124,True
vector_thrust,cruise_112,0.7698532586568865,1483.1320016880577,1227.7933482161473,61.84162731645355,0.7077315919731507,0.9186806821877954,0.03079184117581296,0.4071678640024009,19.167756445886013,True
vector_thrust,cruise_112,0.7700486987283611,1483.1320016872842,1227.7933482050164,61.84162731604851,0.7077315919714092,0.9186806821877337,0.030791841175644034,0.40716786400218846,19.19493650081313,True
vector_thrust,cruise_112,0.7701840376915212,1483.1320016865948,1227.793348194966,61.841627315736936,0.7077315919696215,0.9186806821876838,0.030791841175517372,0.4071678640019992,19.21374568242278,True
vector_thrust,cruise_112,0.7702323574960225,1483.1320016861673,1227.7933481892628,61.84162731549528,0.7077315919694099,0.9186806821876478,0.030791841175414933,0.407167864001882,19.220458601617697,True
vector_thrust,cruise_113,0.7702320473959057,1483.1313897513119,1227.793423822669,61.84161728541498,0.7077317243232193,0.9186806664162989,0.030791861590507827,0.4071676960059061,19.220458601617697,True
vector_thrust,cruise_113,0.770280376528211,1483.1313896524516,1227.7934224020514,61.84161724930569,0.7077317241039079,0.9186806664100715,0.03079186157663307,0.4071676959787657,19.227171520812615,True
vector_thrust,cruise_113,0.7704158421019561,1483.1313896457016,1227.7934223047166,61.84161724772243,0.707731724088471,0.9186806664097404,0.03079186157612566,0.4071676959769126,19.24598070242227,True
vector_thrust,cruise_113,0.7706117262844695,1483.1313896354513,1227.7934221574178,61.84161724532869,0.7077317240658879,0.9186806664092388,0.03079186157535942,0.4071676959740986,19.273160757349384,True
vector_thrust,cruise_113,0.7708293224967868,1483.1313895938129,1227.7934215599103,61.841617219988166,0.7077317239735982,0.9186806664055351,0.03079186156446975,0.40716769596266744,19.303328342374154,True
vector_thrust,cruise_113,0.7710255333655659,1483.1313895295416,1227.793420637745,61.84161717708852,0.707731723830851,0.9186806663994143,0.030791861545778277,0.40716769594502294,19.330508397301276,True
vector_thrust,cruise_113,0.7711614063941693,1483.1313895618173,1227.7934211015722,61.841617190248996,0.7077317239026991,0.9186806664015937,0.030791861550990732,0.40716769595388363,19.349317578910924,True
vector_thrust,cruise_113,0.7712099169493332,1483.1313896075233,1227.7934217575491,61.84161721416307,0.707731724003683,0.9186806664052429,0.03079186156100055,0.4071676959664314,19.35603049810584,True
vector_thrust,cruise_114,0.7712096007956322,1483.1307664166172,1227.793501959037,61.8416071106052,0.7077318593275961,0.9186806503556271,0.030791882406912573,0.4071675248803044,19.35603049810584,True
vector_thrust,cruise_114,0.7712581207149551,1483.13076633151,1227.793500735887,61.841607080748176,0.7077318591386561,0.9186806503503971,0.030791882395580616,0.4071675248569397,19.36274341730076,True
vector_thrust,cruise_114,0.7713941211685577,1483.1307663254615,1227.7935006486084,61.84160707930635,0.7077318591247034,0.918680650350098,0.03079188239511418,0.40716752485527913,19.38155259891041,True
vector_thrust,cruise_114,0.7715907791436258,1483.1307663163082,1227.7935005170043,61.841607077165754,0.7077318591044338,0.9186806503496497,0.030791882394428257,0.40716752485276625,19.40873265383753,True
vector_thrust,cruise_114,0.7718092354045535,1483.1307662749848,1227.7934999240558,61.84160705170614,0.707731859012873,0.9186806503459408,0.030791882383467663,0.40716752484142166,19.4389002388623,True
vector_thrust,cruise_114,0.772006222241441,1483.130766215581,1227.7934990717044,61.841607012410236,0.7077318588809379,0.9186806503403214,0.03079188236636738,0.40716752482511337,19.466080293789418,True
vector_thrust,cruise_114,0.7721426328553437,1483.1307662437594,1227.7934994767468,61.84160702386673,0.7077318589438243,0.9186806503422207,0.030791882370901715,0.4071675248328493,19.48488947539907,True
vector_thrust,cruise_114,0.772191335390679,1483.1307662859026,1227.7935000816115,61.841607045853785,0.7077318590369565,0.9186806503455789,0.03079188238009897,0.4071675248444189,19.491602394593986,True
vector_thrust,cruise_115,0.7721910128458433,1483.1301312637202,1227.7935830517722,61.84159679616787,0.7077319971401368,0.9186806339961252,0.03079190364454542,0.40716735051022257,19.491602394593986,True
vector_thrust,cruise_115,0.7722397252527484,1483.130131792202,1227.7935906408115,61.84159706054767,0.7077319983135288,0.9186806340370267,0.030791903754240322,0.407167350655308,19.498315313788904,True
vector_thrust,cruise_115,0.7723762641562336,1483.1301318105704,1227.793590904388,61.84159706993304,0.7077319983540219,0.9186806340384693,0.030791903758150774,0.40716735066035076,19.517124495398555,True
vector_thrust,cruise_115,0.7725737010919971,1483.1301318388116,1227.7935913101778,61.84159708438652,0.707731998417212,0.9186806340406898,0.0307919037641749,0.40716735066810383,19.54430455032567,True
vector_thrust,cruise_115,0.7727930231763299,1483.1301318711037,1227.793591773765,61.8415971009396,0.7077319984887456,0.9186806340432315,0.030791903771076087,0.4071673506769691,19.574472135350444,True
vector_thrust,cruise_115,0.772990791210197,1483.1301319019553,1227.793592216888,61.841597116791846,0.7077319985574587,0.9186806340456639,0.03079190377768847,0.4071673506854388,19.601652190277562,True
vector_thrust,cruise_115,0.7731277429871819,1483.1301319242834,1227.7935925373179,61.841597128286246,0.7077319986067351,0.9186806340474265,0.03079190378248418,0.4071673506915686,19.62046137188721,True
vector_thrust,cruise_115,0.7731766387581711,1483.1301319325535,1227.7935926559553,61.841597132566,0.707731998624914,0.9186806340480819,0.030791903784272632,0.407167350693839,19.627174291082127,True
vector_thrust,cruise_116,0.7731763088142977,1483.1294835880983,1227.7936638312513,61.84158621056694,0.7077321373476282,0.9186806173068343,0.030791925267166436,0.4071671727022465,19.627174291082127,True
vector_thrust,cruise_116,0.7732252141850147,1483.1294836278153,1227.7936644016838,61.84158623023713,0.7077321374359511,0.9186806173098869,0.030791925275311032,0.40716717271315006,19.63388721027705,True
vector_thrust,cruise_116,0.773362295091722,1483.1294836309398,1227.7936644465601,61.84158623184847,0.7077321374429077,0.918680617310134,0.03079192527598496,0.4071671727140079,19.6526963918867,True
vector_thrust,cruise_116,0.7735605161282577,1483.1294836359568,1227.7936645186664,61.84158623439656,0.7077321374541635,0.9186806173105263,0.03079192527704478,0.4071671727153852,19.679876446813815,True
vector_thrust,cruise_116,0.7737807097245066,1483.1294836420577,1227.793664606197,61.8415862375147,0.7077321374675735,0.9186806173110056,0.030791925278343804,0.4071671727170601,19.71004403183859,True
vector_thrust,cruise_116,0.7739792640693078,1483.1294836481677,1227.7936646940498,61.841586240653335,0.7077321374813452,0.9186806173114871,0.030791925279653354,0.4071671727187375,19.737224086765707,True
vector_thrust,cruise_116,0.7741167606051552,1483.129483652874,1227.793664761477,61.841586243047075,0.7077321374915334,0.9186806173118555,0.030791925280650657,0.40716717272002945,19.756033268375354,True
vector_thrust,cruise_116,0.7741658509199617,1483.1294836543775,1227.7936647830252,61.84158624381718,0.7077321374948061,0.9186806173119738,0.030791925280971324,0.4071671727204422,19.762746187570272,True
vector_thrust,cruise_117,0.7741655144508388,1483.1288230475038,1227.7937466488156,61.84157542862014,0.7077322804132993,0.9186806002875133,0.030791947326241693,0.40716699136241785,19.762746187570272,True
vector_thrust,cruise_117,0.7742146144195783,1483.1288230476741,1227.7937466516235,61.8415754287087,0.7077322804142847,0.9186806002875267,0.03079194732627936,0.4071669913624647,19.76945910676519,True
vector_thrust,cruise_117,0.774352240945385,1483.1288230477057,1227.7937466521594,61.841575428712595,0.7077322804145094,0.918680600287528,0.030791947326280298,0.40716699136247336,19.788268288374844,True
vector_thrust,cruise_117,0.7745512513209378,1483.1288230477753,1227.7937466530789,61.84157542875113,0.7077322804145308,0.9186806002875337,0.030791947326295727,0.4071669913624924,19.81544834330196,True
vector_thrust,cruise_117,0.7747723223387748,1483.1288230475934,1227.7937466505523,61.841575428660725,0.7077322804142798,0.9186806002875196,0.030791947326257032,0.40716699136244255,19.84561592832673,True
vector_thrust,cruise_117,0.7749621126316252,1483.1288230473886,1227.793746647459,61.84157542856624,0.7077322804135471,0.9186806002875046,0.030791947326219128,0.4071669913623862,19.87279598325385,True
vector_thrust,cruise_117,0.7750844021394309,1483.128823047788,1227.7937466534322,61.841575428735545,0.7077322804148433,0.9186806002875324,0.03079194732628845,0.40716699136249596,19.8916051648635,True
vector_thrust,cruise_117,0.7751280612459057,1483.1288230481089,1227.793746657607,61.841575428907525,0.707732280414812,0.9186806002875584,0.030791947326359228,0.407166991362584,19.898318084058417,True
vector_thrust,cruise_118,0.7751277175614791,1483.128149082246,1227.7938311858675,61.84156442875388,0.7077324263934643,0.9186805829224136,0.03079196983427083,0.4071668063370836,19.898318084058417,True
vector_thrust,cruise_118,0.7751713842846835,1483.1281490818558,1227.7938311801677,61.841564428514864,0.7077324263924332,0.9186805829223788,0.03079196983416781,0.40716680633697644,19.905031003253335,True
vector_thrust,cruise_118,0.7752937764356039,1483.1281490821634,1227.793831184959,61.841564428635195,0.70773242639375,0.918680582922399,0.03079196983421434,0.4071668063370609,19.923840184862986,True
vector_thrust,cruise_118,0.7754707443038102,1483.128149082355,1227.7938311875723,61.841564428746906,0.7077324263939404,0.9186805829224155,0.030791969834263275,0.40716680633711355,19.951020239790104,True
vector_thrust,cruise_118,0.7756673108088707,1483.1281490816846,1227.7938311780208,61.84156442841259,0.7077324263925864,0.9186805829223637,0.030791969834124116,0.4071668063369294,19.981187824814874,True
vector_thrust,cruise_118,0.7758445437080219,1483.1281490816677,1227.7938311775729,61.84156442842018,0.7077324263921908,0.9186805829223641,0.030791969834127835,0.4071668063369248,20.008367879741993,True
vector_thrust,cruise_118,0.7759672663464532,1483.1281490804297,1227.793831160022,61.8415644278204,0.7077324263898335,0.9186805829222703,0.030791969833882396,0.407166806336585,20.027177061351644,True
vector_thrust,cruise_118,0.7760110801522702,1483.1281490816966,1227.7938311781174,61.841564428479,0.7077324263924737,0.9186805829223711,0.030791969834156784,0.4071668063369328,20.03388998054656,True
vector_thrust,cruise_119,0.7760107289326158,1483.1274611229812,1227.793917475855,61.84155320024445,0.7077325754044703,0.9186805651967126,0.030791992809555926,0.40716661746994026,20.03388998054656,True
vector_thrust,cruise_119,0.7760545503924022,1483.1274611227163,1227.7939174721619,61.84155320013375,0.7077325754040787,0.9186805651966945,0.030791992809512652,0.40716661746986754,20.04060289974148,True
vector_thrust,cruise_119,0.7761773763470503,1483.127461122885,1227.7939174746962,61.84155320026022,0.7077325754046366,0.918680565196712,0.030791992809567865,0.40716661746991384,20.05941208135113,True
vector_thrust,cruise_119,0.7763549717102063,1483.1274611229471,1227.7939174754986,61.841553200230095,0.707732575404626,0.9186805651967103,0.0307919928095499,0.4071666174699309,20.086592136278245,True
vector_thrust,cruise_119,0.7765522355566173,1483.1274611229442,1227.7939174750788,61.84155320025531,0.7077325754039635,0.9186805651967129,0.03079199280956212,0.40716661746993005,20.11675972130302,True
vector_thrust,cruise_119,0.7767300975267613,1483.1274611229533,1227.7939174755224,61.84155320020386,0.7077325754045212,0.9186805651967077,0.030791992809536834,0.40716661746993255,20.143939776230138,True
vector_thrust,cruise_119,0.7768532559350283,1483.1274611229026,1227.7939174749042,61.84155320023768,0.7077325754046088,0.91868056519671,0.0307919928095563,0.40716661746991867,20.162748957839785,True
vector_thrust,cruise_119,0.77689722535097,1483.1274611229812,1227.793917475855,61.84155320022354,0.7077325754044703,0.9186805651967104,0.030791992809545428,0.40716661746994026,20.169461877034703,True
vector_thrust,cruise_120,0.7768968662688149,1483.12675856622,1227.7940055964136,61.84154173350888,0.7077327275774424,0.9186805470948887,0.03079201627238592,0.40716642459531044,20.169461877034703,True
vector_thrust,cruise_120,0.7769408433831512,1483.1267585659764,1227.7940055930362,61.84154173345006,0.7077327275771063,0.9186805470948766,0.03079201627236798,0.40716642459524355,20.176174796229624,True
vector_thrust,cruise_120,0.7770641057156915,1483.126758565989,1227.7940055930771,61.84154173343017,0.707732727576895,0.9186805470948747,0.030792016272357538,0.407166424595247,20.194983977839275,True
vector_thrust,cruise_120,0.7772423322985611,1483.126758565657,1227.7940055882152,61.841541733294065,0.7077327275760009,0.9186805470948523,0.030792016272302915,0.4071664245951558,20.22216403276639,True
vector_thrust,cruise_120,0.7774402976271947,1483.1267585658754,1227.7940055915165,61.841541733403936,0.70773272757676,0.9186805470948693,0.03079201627234913,0.40716642459521585,20.252331617791164,True
vector_thrust,cruise_120,0.7776187924057519,1483.1267585659148,1227.7940055920458,61.841541733413976,0.7077327275767887,0.9186805470948712,0.030792016272352323,0.4071664245952267,20.279511672718282,True
vector_thrust,cruise_120,0.7777423891729736,1483.1267585661208,1227.7940055949937,61.841541733600714,0.7077327275772345,0.9186805470948961,0.030792016272436242,0.4071664245952832,20.29832085432793,True
vector_thrust,cruise_120,0.7777865151246885,1483.126758565922,1227.794005592222,61.84154173336294,0.7077327275769177,0.918680547094866,0.030792016272327468,0.4071664245952286,20.305033773522847,True
vector_thrust,cruise_121,0.7777861478329063,1483.126040768388,1227.7940956308842,61.84153001825191,0.7077328830519655,0.9186805286003813,0.030792040244361052,0.40716622753651205,20.305033773522847,True
vector_thrust,cruise_121,0.7778302815261304,1483.1260407672187,1227.7940956142074,61.841530017389765,0.7077328830495876,0.9186805286002612,0.030792040243981227,0.407166227536191,20.311746692717765,True
vector_thrust,cruise_121,0.777953982831016,1483.1260407670231,1227.794095611337,61.84153001755191,0.7077328830490254,0.9186805286002738,0.0307920402440717,0.4071662275361374,20.330555874327416,True
vector_thrust,cruise_121,0.7781328443883054,1483.1260407673974,1227.7940956166758,61.84153001772245,0.7077328830497969,0.9186805286003009,0.030792040244140523,0.40716622753624016,20.357735929254535,True
vector_thrust,cruise_121,0.7783315153726713,1483.1260407678035,1227.794095622668,61.84153001780342,0.7077328830509905,0.9186805286003193,0.030792040244163946,0.4071662275363516,20.387903514279305,True
vector_thrust,cruise_121,0.7785106467263867,1483.1260407680613,1227.7940956264426,61.84153001800778,0.7077328830516807,0.9186805286003473,0.03079204024425595,0.40716622753642234,20.415083569206427,True
vector_thrust,cruise_121,0.7786346844617346,1483.126040767353,1227.7940956160173,61.84153001767818,0.7077328830496813,0.9186805286002953,0.03079204024411954,0.40716622753622794,20.433892750816074,True
vector_thrust,cruise_121,0.7786789678818621,1483.1260407673487,1227.7940956159139,61.84153001760234,0.7077328830495958,0.9186805286002869,0.030792040244081748,0.4071662275362268,20.440605670010992,True
vector_thrust,cruise_122,0.7972509595986674,1519.183952557544,1224.956944431891,62.644789315476565,0.6988616706221951,0.9196163790354392,0.02972888253277482,0.41706529444820123,20.440605670010992,True
vector_thrust,cruise_122,0.7972991437533551,1519.1839525601943,1224.956944471614,62.64478931683393,0.6988616706284486,0.919616379035641,0.029728882533316778,0.41706529444892887,20.44731858920591,True
vector_thrust,cruise_122,0.7974342009558008,1519.1839525601933,1224.9569444715917,62.644789316834135,0.698861670628442,0.9196163790356409,0.029728882533316986,0.41706529444892865,20.46612777081556,True
vector_thrust,cruise_122,0.7976294898954277,1519.1839525601954,1224.9569444716299,62.64478931683209,0.6988616706284491,0.9196163790356408,0.029728882533316757,0.4170652944489292,20.493307825742676,True
vector_thrust,cruise_122,0.7978464183465697,1519.1839525601963,1224.9569444716449,62.64478931683168,0.6988616706284507,0.9196163790356408,0.029728882533316608,0.41706529444892937,20.52347541076745,True
vector_thrust,cruise_122,0.7980420211763042,1519.1839525601958,1224.956944471641,62.64478931683168,0.69886167062845,0.9196163790356408,0.02972888253331625,0.4170652944489293,20.550655465694568,True
vector_thrust,cruise_122,0.7981774697936523,1519.1839525601947,1224.9569444716244,62.64478931683312,0.6988616706284461,0.9196163790356409,0.02972888253331664,0.417065294448929,20.569464647304216,True
vector_thrust,cruise_122,0.7982258281425096,1519.183952560193,1224.9569444715949,62.644789316835364,0.6988616706284431,0.919616379035641,0.0297288825333173,0.4170652944489285,20.576177566499137,True
vector_thrust,cruise_123,0.819463723880648,1560.2802769520788,1225.8304206051275,63.65644431139852,0.6898709997226121,0.9206546938649425,0.028638581252003123,0.4283475691230295,20.576177566499137,True
vector_thrust,cruise_123,0.819516944176117,1560.2802769511263,1225.8304205905868,63.65644431092236,0.689870999720262,0.9206546938648748,0.028638581251824974,0.428347569122768,20.582890485694055,True
vector_thrust,cruise_123,0.8196661213717475,1560.2802769511331,1225.8304205906988,63.65644431092503,0.6898709997202793,0.9206546938648751,0.028638581251825754,0.42834756912276994,20.601699667303706,True
vector_thrust,cruise_123,0.8198818378415338,1560.2802769511413,1225.8304205908273,63.6564443109281,0.6898709997202985,0.9206546938648756,0.02863858125182664,0.4283475691227722,20.62887972223082,True
vector_thrust,cruise_123,0.820121471790496,1560.2802769511454,1225.8304205908792,63.65644431093834,0.6898709997203076,0.9206546938648767,0.028638581251830372,0.4283475691227733,20.659047307255594,True
vector_thrust,cruise_123,0.8203375610407938,1560.2802769511607,1225.8304205911095,63.65644431093404,0.6898709997203432,0.9206546938648766,0.02863858125182864,0.4283475691227774,20.686227362182713,True
vector_thrust,cruise_123,0.820487203086588,1560.2802769511666,1225.830420591197,63.65644431093876,0.689870999720359,0.9206546938648773,0.02863858125183059,0.4283475691227791,20.70503654379236,True
vector_thrust,cruise_123,0.820540630260714,1560.2802769511684,1225.8304205912311,63.656444310939776,0.6898709997203658,0.9206546938648774,0.02863858125183049,0.4283475691227796,20.711749462987278,True
vector_thrust,cruise_124,0.8205305784879672,1560.2608693051452,1225.8290620848652,63.65594723145707,0.6898749551972307,0.9206542109808871,0.028639070072686994,0.42834224109414315,20.711749462987278,True
vector_thrust,cruise_124,0.8205840141181435,1560.260869304154,1225.829062069738,63.655947230969005,0.6898749551947791,0.9206542109808173,0.028639070072504953,0.42834224109387103,20.718462382182196,True
vector_thrust,cruise_124,0.8207337950560262,1560.2608693041611,1225.8290620698465,63.65594723096983,0.6898749551947979,0.9206542109808177,0.028639070072504037,0.42834224109387303,20.73727156379185,True
vector_thrust,cruise_124,0.8209503849694753,1560.2608693041602,1225.8290620698212,63.65594723098192,0.689874955194795,0.9206542109808188,0.028639070072509015,0.4283422410938727,20.764451618718965,True
vector_thrust,cruise_124,0.8211909897692256,1560.2608693041798,1225.8290620701268,63.655947230978235,0.6898749551948438,0.9206542109808189,0.02863907007250787,0.4283422410938782,20.794619203743736,True
vector_thrust,cruise_124,0.8214079549909615,1560.2608693041864,1225.8290620702328,63.655947230985,0.6898749551948617,0.9206542109808197,0.028639070072509872,0.4283422410938799,20.821799258670858,True
vector_thrust,cruise_124,0.8215582039310959,1560.2608693041918,1225.8290620703106,63.65594723098705,0.6898749551948724,0.92065421098082,0.02863907007251153,0.42834224109388147,20.840608440280505,True
vector_thrust,cruise_124,0.8216118478427695,1560.2608693041932,1225.8290620703274,63.6559472309891,0.6898749551948757,0.9206542109808202,0.02863907007251332,0.4283422410938818,20.847321359475423,True
vector_thrust,cruise_125,0.8216015011118505,1560.2409184371088,1225.8276664257935,63.655436255625474,0.6898790216670012,0.9206537145734488,0.028639572599434837,0.42833676393343595,20.847321359475423,True
vector_thrust,cruise_125,0.8216551534743394,1560.2409184361045,1225.8276664104496,63.65543625512491,0.6898790216645193,0.9206537145733776,0.028639572599246984,0.4283367639331602,20.85403427867034,True
vector_thrust,cruise_125,0.8218055420738718,1560.240918436106,1225.8276664104746,63.65543625513045,0.6898790216645222,0.9206537145733781,0.028639572599248955,0.42833676393316067,20.87284346027999,True
vector_thrust,cruise_125,0.8220230111036255,1560.240918436118,1225.8276664106618,63.65543625513148,0.6898790216645512,0.9206537145733785,0.028639572599248975,0.42833676393316383,20.90002351520711,True
vector_thrust,cruise_125,0.8222645930627316,1560.2409184361304,1225.8276664108469,63.655436255132905,0.6898790216645821,0.9206537145733789,0.028639572599250013,0.4283367639331673,20.93019110023188,True
vector_thrust,cruise_125,0.8224824399509496,1560.2409184361327,1225.8276664108782,63.655436255145204,0.6898790216645885,0.9206537145733801,0.02863957259925536,0.42833676393316794,20.957371155159002,True
vector_thrust,cruise_125,0.8226332997327613,1560.240918436144,1225.8276664110542,63.65543625514008,0.6898790216646185,0.92065371457338,0.028639572599252486,0.42833676393317105,20.97618033676865,True
vector_thrust,cruise_125,0.8226871617920085,1560.2409184361466,1225.8276664110876,63.655436255141105,0.6898790216646197,0.9206537145733801,0.028639572599253774,0.4283367639331717,20.982893255963567,True
vector_thrust,cruise_126,0.8226765036045725,1560.2203941461034,1225.8262304728469,63.654910575944555,0.6898832051150872,0.9206532038870247,0.028640089578856238,0.4283311293495153,20.982893255963567,True
vector_thrust,cruise_126,0.8227303741522093,1560.220394207408,1225.826231409014,63.65491060743466,0.6898832052665422,0.9206532038914674,0.028640089590772726,0.4283311293663454,20.989606175158485,True
vector_thrust,cruise_126,0.8228813743567156,1560.2203942070817,1225.8262314040392,63.65491060726944,0.6898832052657397,0.9206532038914439,0.02864008959071134,0.4283311293662557,21.008415356768136,True
vector_thrust,cruise_126,0.8230997282100871,1560.2203942066076,1225.8262313968,63.65491060702838,0.6898832052645673,0.9206532038914099,0.02864008959062017,0.42833112936612566,21.03559541169525,True
vector_thrust,cruise_126,0.8233422936757447,1560.2203942060653,1225.8262313885245,63.65491060676007,0.689883205263231,0.9206532038913715,0.02864008959051832,0.4283311293659767,21.065762996720025,True
vector_thrust,cruise_126,0.8235610279604133,1560.2203942055726,1225.8262313809928,63.654910606508146,0.6898832052620084,0.9206532038913359,0.028640089590423367,0.4283311293658415,21.092943051647143,True
vector_thrust,cruise_126,0.8237125025554755,1560.2203942052238,1225.8262313756793,63.654910606329004,0.6898832052611487,0.9206532038913106,0.02864008959035586,0.4283311293657458,21.11175223325679,True
vector_thrust,cruise_126,0.8237665841809891,1560.2203942051024,1225.8262313738169,63.65491060626545,0.6898832052608511,0.9206532038913018,0.028640089590332003,0.42833112936571244,21.118465152451712,True
vector_thrust,cruise_127,0.8237555967750957,1560.1992639148507,1225.8247543993868,63.654369437188,0.6898875126118068,0.9206526781192417,0.02864062186643359,0.4283253284153332,21.118465152451712,True
vector_thrust,cruise_127,0.8238096868709462,1560.1992639694874,1225.8247552337175,63.654369465230964,0.6898875127467841,0.9206526781231992,0.028640621877045552,0.42832532843033283,21.12517807164663,True
vector_thrust,cruise_127,0.8239613026479192,1560.1992639692003,1225.8247552293456,63.654369465101624,0.6898875127460774,0.9206526781231801,0.028640621876997795,0.428325328430254,21.14398725325628,True
vector_thrust,cruise_127,0.8241805470672563,1560.1992639687846,1225.8247552229782,63.65436946488332,0.6898875127450468,0.9206526781231495,0.028640621876916326,0.4283253284301399,21.171167308183396,True
vector_thrust,cruise_127,0.8244241024257184,1560.1992639683072,1225.8247552156927,63.65436946464718,0.6898875127438684,0.9206526781231158,0.02864062187682636,0.4283253284300088,21.20133489320817,True
vector_thrust,cruise_127,0.8246437298721527,1560.1992639678745,1225.8247552090904,63.654369464423354,0.6898875127427992,0.9206526781230844,0.028640621876742593,0.42832532842989,21.228514948135288,True
vector_thrust,cruise_127,0.8247958232765955,1560.1992639675675,1225.8247552044058,63.65436946427966,0.6898875127420417,0.9206526781230635,0.02864062187668782,0.42832532842980575,21.247324129744936,True
vector_thrust,cruise_127,0.8248501258958447,1560.199263967461,1225.8247552027772,63.65436946422595,0.6898875127417774,0.9206526781230558,0.0286406218766687,0.42832532842977655,21.254037048939853,True
vector_thrust,cruise_128,0.8248387899183854,1560.1774922074237,1225.8232354207494,63.65381191846058,0.6898919513607565,0.9206521363839105,0.028641170354101537,0.42831935137512467,21.254037048939853,True
vector_thrust,cruise_128,0.8248931009465,1560.1774922038005,1225.8232353654053,63.6538119165428,0.6898919513518008,0.9206521363836424,0.028641170353373487,0.42831935137412996,21.26074996813477,True
vector_thrust,cruise_128,0.8250453362897736,1560.177492208519,1225.8232354374666,63.6538119190212,0.6898919513634605,0.9206521363839897,0.028641170354313947,0.4283193513754254,21.279559149744426,True
vector_thrust,cruise_128,0.8252654770498381,1560.1774922076581,1225.8232354243125,63.65381191858132,0.689891951361332,0.9206521363839276,0.028641170354148454,0.42831935137518906,21.30673920467154,True
vector_thrust,cruise_128,0.8255100287246565,1560.1774922082702,1225.8232354336678,63.65381191890129,0.6898919513628459,0.9206521363839725,0.028641170354269663,0.42831935137535704,21.33690678969631,True
vector_thrust,cruise_128,0.8257305551311948,1560.177492207875,1225.8232354276345,63.65381191868258,0.6898919513618694,0.9206521363839423,0.028641170354185622,0.42831935137524857,21.364086844623433,True
vector_thrust,cruise_128,0.825883271363403,1560.1774922067273,1225.823235410094,63.65381191809163,0.6898919513590301,0.9206521363838589,0.028641170353961538,0.4283193513749335,21.38289602623308,True
vector_thrust,cruise_128,0.8259377964122057,1560.177492206839,1225.8232354118136,63.653811918140406,0.6898919513593088,0.9206521363838662,0.028641170353979287,0.42831935137496413,21.389608945427998,True
vector_thrust,cruise_129,0.8259260906896669,1560.1550402186745,1225.8216690773452,63.65323696853635,0.6898965289789128,0.920651577708847,0.028641735995358967,0.4283131875756171,21.389608945427998,True
vector_thrust,cruise_129,0.8259806241267224,1560.1550402182038,1225.821669070157,63.6532369682914,0.6898965289777511,0.9206515777088125,0.028641735995265122,0.4283131875754879,21.396321864622916,True
vector_thrust,cruise_129,0.8261334830411062,1560.1550402181988,1225.8216690700888,63.65323696828934,0.6898965289777385,0.9206515777088121,0.02864173599526376,0.4283131875754866,21.415131046232567,True
vector_thrust,cruise_129,0.8263545259498984,1560.1550402181635,1225.8216690695465,63.65323696826598,0.6898965289776512,0.9206515777088091,0.028641735995256178,0.4283131875754768,21.442311101159685,True
vector_thrust,cruise_129,0.8266000803954073,1560.15504021447,1225.8216690131435,63.6532369663279,0.6898965289685276,0.9206515777085373,0.028641735994519357,0.4283131875744628,21.472478686184456,True
vector_thrust,cruise_129,0.8268215115936987,1560.1550402155485,1225.8216690296072,63.653236966899385,0.6898965289711886,0.9206515777086173,0.028641735994735577,0.42831318757475895,21.499658741111574,True
vector_thrust,cruise_129,0.8269748546987896,1560.1550402183937,1225.8216690730615,63.65323696839061,0.6898965289782176,0.9206515777088266,0.028641735995302862,0.42831318757554004,21.518467922721225,True
vector_thrust,cruise_129,0.8270296035492436,1560.155040124236,1225.8216676350776,63.65323691900154,0.6898965287455847,0.9206515777019024,0.028641735976536343,0.4283131875496907,21.525180841916143,True
vector_thrust,cruise_130,0.8270175002013993,1560.131859303455,1225.8199547696763,63.652640149691194,0.6899012382980313,0.9206510005712258,0.028642318581347102,0.42830682366213896,21.525180841916143,True
vector_thrust,cruise_130,0.8270722624141644,1560.1318658146608,1225.820054210707,63.652643564823435,0.6899012543851542,0.9206510010500255,0.02864231987900658,0.4283068254496762,21.53189376111106,True
vector_thrust,cruise_130,0.8272257489386678,1560.1318658162409,1225.8200542348332,63.65264356565401,0.6899012543890543,0.920651001050142,0.02864231987932261,0.4283068254501099,21.55070294272071,True
vector_thrust,cruise_130,0.8274476998426367,1560.131865830076,1225.8200544461238,63.6526435729238,0.6899012544232384,0.9206510010511606,0.02864231988208431,0.4283068254539082,21.577882997647826,True
vector_thrust,cruise_130,0.8276942663935902,1560.1318695646376,1225.8201114796123,63.65264553169941,0.689901263649834,0.9206510013257799,0.02864232062636725,0.4283068264791665,21.6080505826726,True
vector_thrust,cruise_130,0.8279166084643378,1560.1318698424827,1225.8201157228427,63.65264567742798,0.6899012643362835,0.920651001346211,0.02864232068174045,0.428306826555444,21.63523063759972,True
vector_thrust,cruise_130,0.8280705826775264,1560.131870067,1225.8201191516482,63.65264579517979,0.689901264890977,0.92065100136272,0.028642320726481204,0.4283068266170813,21.654039819209366,True
vector_thrust,cruise_130,0.828125556981466,1560.1318701395007,1225.820120258872,63.65264583321158,0.6899012650700994,0.920651001368052,0.028642320740933664,0.4283068266369851,21.660752738404284,True
vector_thrust,cruise_131,0.8281130370904108,1560.1079226041788,1225.8183855923503,63.65203045240482,0.6899061367043602,0.9206504052453314,0.028642923145854857,0.4283002522614109,21.660752738404284,True
vector_thrust,cruise_131,0.8281680196657403,1560.1079226127945,1225.8183857239032,63.652030456903496,0.6899061367256429,0.9206504052459631,0.028642923147563306,0.42830025226377616,21.667465657599205,True
vector_thrust,cruise_131,0.8283221378529957,1560.107922613114,1225.818385728776,63.652030457078965,0.6899061367264304,0.9206504052459873,0.028642923147629906,0.4283002522638639,21.686274839208856,True
vector_thrust,cruise_131,0.8285450025960369,1560.107922613762,1225.8183857386753,63.65203045742415,0.6899061367280303,0.9206504052460354,0.028642923147761786,0.42830025226404184,21.71345489413597,True
vector_thrust,cruise_131,0.8287925821061409,1560.1079226103077,1225.8183856859334,63.652030455462494,0.6899061367194993,0.9206504052457669,0.02864292314700735,0.42830025226309354,21.743622479160745,True
vector_thrust,cruise_131,0.8290158406973709,1560.1079228889462,1225.8183899412732,63.6520306017941,0.689906137407897,0.9206504052662752,0.028642923202622874,0.42830025233958885,21.770802534087863,True
vector_thrust,cruise_131,0.8291714860259951,1560.1079228972528,1225.8183900681283,63.652030606110344,0.6899061374284198,0.9206504052668821,0.028642923204260547,0.42830025234186925,21.78961171569751,True
vector_thrust,cruise_131,0.8292276132169288,1560.1079229050808,1225.8183901876796,63.65203061021566,0.6899061374477602,0.9206504052674577,0.028642923205819296,0.4283002523440183,21.79632463489243,True
vector_thrust,cruise_132,0.8263421092293708,1554.5949945747288,1225.4690727322768,63.51155227213884,0.6910412850982101,0.9205129332194978,0.028782768039190814,0.4267867746157292,21.79632463489243,True
vector_thrust,cruise_132,0.8263975351671462,1554.594994604965,1225.4690731929268,63.51155228795399,0.691041285172495,0.9205129332217338,0.02878276804523921,0.42678677462403003,21.803037554087346,True
vector_thrust,cruise_132,0.8265528966680263,1554.5949945992481,1225.4690731058186,63.511552284964374,0.6910412851584474,0.920512933221311,0.028782768044095217,0.4267867746224605,21.821846735697,True
vector_thrust,cruise_132,0.826777560928309,1554.5949945788468,1225.469072795012,63.51155227429521,0.6910412851083273,0.9205129332198027,0.02878276804001496,0.42678677461685965,21.849026790624116,True
vector_thrust,cruise_132,0.827027141767219,1554.5949946016844,1225.4690731429512,63.511552286241184,0.6910412851644375,0.9205129332214914,0.028782768044583074,0.42678677462312936,21.879194375648886,True
vector_thrust,cruise_132,0.827252206880071,1554.5949945948107,1225.4690730382304,63.51155228264237,0.6910412851475488,0.9205129332209827,0.028782768043207233,0.4267867746212423,21.906374430576008,True
vector_thrust,cruise_132,0.8274080682225454,1554.5949945877228,1225.4690729302372,63.511552278928356,0.6910412851301352,0.920512933220458,0.028782768041787917,0.4267867746192965,21.925183612185656,True
vector_thrust,cruise_132,0.8274637165867106,1554.5949945853747,1225.4690728944702,63.511552277706066,0.6910412851243671,0.9205129332202849,0.028782768041319438,0.4267867746186518,21.931896531380573,True
vector_thrust,cruise_133,0.8298757005644242,1559.1970730293929,1225.755916511709,63.6287267990411,0.6900921835073005,0.9206277316841333,0.028665899366652082,0.4280501944948933,21.931896531380573,True
vector_thrust,cruise_133,0.8299319575638889,1559.1970726673958,1225.7559109870965,63.62872661178359,0.6900921826140494,0.9206277316577346,0.028665899295599463,0.4280501943955133,21.93860945057549,True
vector_thrust,cruise_133,0.8300896500770744,1559.1970726695743,1225.7559110202478,63.628726612969196,0.6900921826194063,0.9206277316578992,0.028665899296054884,0.4280501943961113,21.957418632185142,True
vector_thrust,cruise_133,0.8303176869054393,1559.1970726727884,1225.755911069164,63.62872661467728,0.6900921826273165,0.920627731658138,0.028665899296704548,0.4280501943969937,21.98459868711226,True
vector_thrust,cruise_133,0.8305710167229015,1559.197072666667,1225.75591097565,63.62872661147551,0.6900921826121915,0.9206277316576882,0.028665899295488444,0.42805019439531317,22.01476627213703,True
vector_thrust,cruise_133,0.8307994647679086,1559.1970726676632,1225.75591099069,63.62872661191047,0.6900921826146212,0.9206277316577529,0.028665899295646877,0.42805019439558667,22.04194632706415,True
vector_thrust,cruise_133,0.8309576700611475,1559.1970726679883,1225.7559109955405,63.62872661198262,0.6900921826154051,0.9206277316577673,0.02866589929566665,0.42805019439567593,22.0607555086738,True
vector_thrust,cruise_133,0.8310141555439187,1559.1970726677675,1225.7559109921078,63.6287266118211,0.690092182614851,0.9206277316577466,0.028665899295603224,0.4280501943956153,22.067468427868718,True
vector_thrust,cruise_134,0.8281394969986687,1553.7196229796823,1225.4200362060565,63.489374420502,0.6912235475768624,0.9204910520028687,0.028805147721588382,0.426546456705956,22.067468427868718,True
vector_thrust,cruise_134,0.8281952808420022,1553.7196225110492,1225.420029071298,63.489374178900476,0.6912235464269303,0.9204910519685207,0.02880514762935059,0.42654645657730095,22.074181347063636,True
vector_thrust,cruise_134,0.8283516468937934,1553.7196225127514,1225.420029097063,63.489374179833135,0.6912235464310807,0.9204910519686509,0.028805147629710672,0.42654645657776824,22.092990528673287,True
vector_thrust,cruise_134,0.8285777644971245,1553.7196225167747,1225.420029158066,63.489374181944,0.691223546440908,0.9204910519689494,0.028805147630519348,0.42654645657887286,22.1201705836004,True
vector_thrust,cruise_134,0.8288289607690825,1553.7196225229495,1225.4200292517635,63.489374185072606,0.6912235464560056,0.9204910519693966,0.028805147631710302,0.4265464565805679,22.150338168625176,True
vector_thrust,cruise_134,0.8290554835030887,1553.7196225275934,1225.4200293221802,63.4893741873327,0.6912235464673496,0.9204910519697237,0.028805147632562072,0.4265464565818429,22.177518223552294,True
vector_thrust,cruise_134,0.8292123547452485,1553.7196225302325,1225.4200293621384,63.48937418853633,0.691223546473789,0.9204910519699018,0.028805147633011455,0.4265464565825674,22.19632740516194,True
vector_thrust,cruise_134,0.82926836377464,1553.719622530795,1225.4200293706153,63.48937418876161,0.6912235464751517,0.9204910519699365,0.028805147633092328,0.42654645658272183,22.20304032435686,True
vector_thrust,cruise_135,0.8350109733260916,1564.6456449990187,1226.1574954038222,63.76867288488517,0.6889881364442826,0.9207631277675288,0.028529210139915304,0.4295460043137164,22.20304032435686,True
vector_thrust,cruise_135,0.835068431122664,1564.64564500877,1226.1574955530298,63.7686728899996,0.688988136468479,0.9207631277682413,0.02852921014184887,0.4295460043163935,22.20975324355178,True
vector_thrust,cruise_135,0.8352294897217541,1564.645645008804,1226.157495553558,63.76867289001764,0.6889881364685655,0.9207631277682438,0.028529210141855735,0.42954600431640283,22.22856242516143,True
vector_thrust,cruise_135,0.8354623967275073,1564.6456450087605,1226.1574955528845,63.7686728900037,0.6889881364684561,0.9207631277682415,0.028529210141849767,0.4295460043163908,22.255742480088546,True
vector_thrust,cruise_135,0.8357211404203695,1564.6456450087692,1226.1574955530123,63.76867288999898,0.6889881364684768,0.9207631277682412,0.028529210141847977,0.4295460043163932,22.28591006511332,True
vector_thrust,cruise_135,0.835954473758718,1564.6456450087833,1226.1574955532417,63.76867288998218,0.6889881364685133,0.92076312776824,0.028529210141841625,0.4295460043163971,22.31309012004044,True
vector_thrust,cruise_135,0.8361160639878286,1564.6456450105993,1226.1574955810238,63.76867289098432,0.6889881364730183,0.9207631277683774,0.028529210142223732,0.4295460043168957,22.331899301650086,True
vector_thrust,cruise_135,0.836173758377193,1564.64564501446,1226.157495640089,63.76867289312799,0.6889881364825984,0.920763127768671,0.028529210143040707,0.4295460043179555,22.338612220845004,True
vector_thrust,cruise_136,0.8270222201153643,1547.2556355896284,1225.112964524029,63.32667503002868,0.6925868928007328,0.9203290248052137,0.028971894829753146,0.4247718824026902,22.338612220845004,True
vector_thrust,cruise_136,0.8270776450079976,1547.2556352615459,1225.1129595432649,63.32667486166389,0.6925868920011231,0.9203290247810394,0.028971894765013217,0.4247718823126209,22.34532514003992,True
vector_thrust,cruise_136,0.8272330042812094,1547.255635264269,1225.1129595844145,63.32667486311637,0.6925868920077294,0.9203290247812456,0.028971894765574636,0.4247718823133685,22.364134321649573,True
vector_thrust,cruise_136,0.8274576651572846,1547.2556352684628,1225.1129596477924,63.32667486527172,0.6925868920179,0.920329024781555,0.028971894766404497,0.42477188231451984,22.39131437657669,True
vector_thrust,cruise_136,0.8277072419631152,1547.2556352731049,1225.112959717902,63.32667486756195,0.6925868920291487,0.9203290247818878,0.02897189476727864,0.42477188231579416,22.42148196160146,True
vector_thrust,cruise_136,0.8279323032427722,1547.2556352755525,1225.1129597546997,63.32667486863563,0.6925868920350496,0.9203290247820501,0.028971894767678082,0.4247718823164662,22.448662016528584,True
vector_thrust,cruise_136,0.8280881618117639,1547.2556352762829,1225.112959765513,63.326674868814784,0.6925868920367824,0.9203290247820844,0.02897189476773216,0.42477188231666674,22.46747119813823,True
vector_thrust,cruise_136,0.8281438091613478,1547.2556352760034,1225.1129597611766,63.326674868587666,0.6925868920360857,0.9203290247820555,0.02897189476763937,0.42477188231658997,22.47418411733315,True
vector_thrust,cruise_137,0.8396645924713468,1569.1161521094791,1226.5363633381332,63.88445543814058,0.6880980720285712,0.9208737982507222,0.028418383566380614,0.4307733035892374,22.47418411733315,True
vector_thrust,cruise_137,0.8397231453708037,1569.1161521095155,1226.5363633386928,63.884455438166405,0.6880980720286617,0.9208737982507256,0.02841838356639013,0.43077330358924737,22.480897036528066,True
vector_thrust,cruise_137,0.8398872745412629,1569.1161521094723,1226.5363633380348,63.88445543814201,0.6880980720285557,0.9208737982507222,0.028418383566380677,0.4307733035892355,22.499706218137717,True
vector_thrust,cruise_137,0.8401246242325957,1569.116152109494,1226.5363633383674,63.884455438155136,0.6880980720286082,0.9208737982507239,0.028418383566386606,0.43077330358924143,22.526886273064832,True
vector_thrust,cruise_137,0.8403883066741005,1569.1161521095962,1226.5363633399372,63.884455438205975,0.688098072028865,0.9208737982507311,0.028418383566405518,0.4307733035892696,22.557053858089606,True
vector_thrust,cruise_137,0.8406260966592042,1569.1161521094716,1226.536363338027,63.884455438141806,0.6880980720285553,0.9208737982507221,0.028418383566381773,0.4307733035892353,22.584233913016725,True
vector_thrust,cruise_137,0.8407907748678509,1569.116152109472,1226.536363338031,63.88445543814263,0.6880980720285529,0.9208737982507222,0.028418383566381284,0.4307733035892355,22.603043094626372,True
vector_thrust,cruise_137,0.8408495721124931,1569.1161521094934,1226.5363633383533,63.884455438150425,0.6880980720286065,0.9208737982507235,0.028418383566384393,0.43077330358924126,22.609756013821293,True
vector_thrust,cruise_138,0.782200770003228,1457.6283600663735,1231.9054341955912,61.4375362863216,0.7135484631387884,0.9180166561723673,0.031670471799467394,0.4001662867513101,22.609756013821293,True
vector_thrust,cruise_138,0.7822462085044645,1457.628360066312,1231.9054341947242,61.43753628628799,0.7135484631386613,0.9180166561723623,0.031670471799453634,0.40016628675129323,22.61646893301621,True
vector_thrust,cruise_138,0.7823735679996445,1457.6283600663749,1231.9054341956191,61.43753628632079,0.7135484631387866,0.9180166561723673,0.031670471799466464,0.40016628675131044,22.635278114625862,True
vector_thrust,cruise_138,0.7825577215340496,1457.628360065398,1231.9054341816714,61.437536285845646,0.7135484631366835,0.9180166561722929,0.031670471799264535,0.4001662867510422,22.662458169552977,True
vector_thrust,cruise_138,0.7827622741280873,1457.628360065917,1231.9054341890785,61.43753628610002,0.7135484631378084,0.9180166561723325,0.031670471799372615,0.40016628675118476,22.69262575457775,True
vector_thrust,cruise_138,0.7829467118100566,1457.6283600658892,1231.9054341886856,61.43753628608526,0.7135484631377476,0.9180166561723304,0.03167047179936622,0.40016628675117705,22.71980580950487,True
vector_thrust,cruise_138,0.7830744256310816,1457.6283600662423,1231.9054341937235,61.43753628625929,0.7135484631385083,0.9180166561723575,0.031670471799441345,0.4001662867512741,22.738614991114517,True
vector_thrust,cruise_138,0.7831200218222631,1457.6283600663112,1231.9054341946978,61.437536286293934,0.7135484631386492,0.9180166561723628,0.031670471799455466,0.400166286751293,22.745327910309435,True
vector_thrust,cruise_139,0.612505982126998,1118.824231934039,1791.9530805818686,70.39225223482626,0.8126547120230418,0.9060469092463171,0.061590750127413794,0.3071535589497203,22.745327910309435,True
vector_thrust,cruise_139,0.6125312057138299,1118.8242319343603,1791.95308058597,70.39225223495704,0.8126547120231962,0.9060469092463056,0.061590750127492086,0.3071535589498085,22.752040829504352,True
vector_thrust,cruise_139,0.6126018978766598,1118.8242319343594,1791.953080585955,70.3922522349556,0.8126547120231956,0.9060469092463058,0.06159075012749122,0.3071535589498082,22.770850011114007,True
vector_thrust,cruise_139,0.6127040959372803,1118.8242319343601,1791.9530805859658,70.39225223495478,0.8126547120231962,0.906046909246306,0.06159075012749067,0.3071535589498084,22.79803006604112,True
vector_thrust,cruise_139,0.6128175894562627,1118.8242319343594,1791.9530805859545,70.392252234955,0.8126547120231954,0.9060469092463059,0.06159075012749163,0.3071535589498082,22.828197651065892,True
vector_thrust,cruise_139,0.6129198997007044,1118.8242319343594,1791.953080585955,70.39225223495478,0.8126547120231956,0.9060469092463059,0.0615907501274907,0.3071535589498082,22.855377705993014,True
vector_thrust,cruise_139,0.6129907317545311,1118.8242319343606,1791.9530805859713,70.39225223495211,0.8126547120231962,0.9060469092463065,0.06159075012748997,0.3071535589498085,22.87418688760266,True
vector_thrust,cruise_139,0.6130160175985054,1118.8242319343553,1791.9530805858994,70.392252234956,0.8126547120231935,0.9060469092463055,0.0615907501274911,0.3071535589498071,22.88089980679758,True
vector_thrust,cruise_140,0.7840701998219923,1458.1972486933414,1231.7933154328814,61.446262103061194,0.7134123499923102,0.9180316192319914,0.03165025989217533,0.40032246514057956,22.88089980679758,True
vector_thrust,cruise_140,0.7841159812183426,1458.1972486935322,1231.7933154356137,61.44626210315794,0.7134123499927228,0.9180316192320063,0.031650259892216315,0.40032246514063197,22.887612725992497,True
vector_thrust,cruise_140,0.7842443020366897,1458.1972486935315,1231.7933154356072,61.44626210315938,0.7134123499927268,0.9180316192320065,0.03165025989221607,0.4003224651406318,22.906421907602148,True
vector_thrust,cruise_140,0.7844298461656265,1458.197248693473,1231.7933154347656,61.44626210312433,0.7134123499925928,0.9180316192320014,0.03165025989220167,0.40032246514061576,22.933601962529266,True
vector_thrust,cruise_140,0.7846359442004707,1458.1972486935365,1231.7933154356735,61.446262103153636,0.7134123499927375,0.9180316192320059,0.03165025989221474,0.40032246514063324,22.963769547554037,True
vector_thrust,cruise_140,0.7848217760806616,1458.1972486936213,1231.7933154368925,61.44626210320283,0.7134123499929195,0.9180316192320132,0.031650259892235626,0.4003224651406565,22.99094960248116,True
vector_thrust,cruise_140,0.7849504557190484,1458.197248693532,1231.7933154356083,61.44626210315979,0.7134123499927221,0.9180316192320066,0.03165025989221743,0.40032246514063197,23.009758784090806,True
vector_thrust,cruise_140,0.7849963968053326,1458.197248693532,1231.7933154356083,61.446262103158155,0.7134123499927221,0.9180316192320064,0.03165025989221626,0.40032246514063197,23.016471703285724,True
vector_thrust,cruise_141,0.5902169007988949,1064.9512279909252,2185.750625628388,79.46820615284513,0.8245233762519405,0.9008125226184679,0.07674468941480435,0.29236367111913986,23.016471703285724,True
vector_thrust,cruise_141,0.5902426319290087,1064.951227984088,2185.750625546444,79.46820615036897,0.8245233762520157,0.9008125226189138,0.07674468941339767,0.2923636711172628,23.023184622480642,True
vector_thrust,cruise_141,0.5903147476620718,1064.9512279845528,2185.7506255520116,79.46820615050692,0.8245233762520149,0.9008125226188937,0.07674468941346356,0.29236367111739037,23.041993804090293,True
vector_thrust,cruise_141,0.5904190066244218,1064.951227985256,2185.7506255604167,79.46820615074326,0.8245233762519997,0.9008125226188539,0.07674468941359087,0.2923636711175835,23.069173859017408,True
vector_thrust,cruise_141,0.5905347928155426,1064.9512279860558,2185.7506255700046,79.46820615103945,0.8245233762519938,0.9008125226187996,0.0767446894137624,0.29236367111780304,23.09934144404218,True
vector_thrust,cruise_141,0.5906391734184594,1064.951227986761,2185.7506255784706,79.46820615130859,0.824523376251988,0.900812522618749,0.07674468941391856,0.29236367111799666,23.1265214989693,True
vector_thrust,cruise_141,0.590711440834912,1064.9512279872436,2185.750625584267,79.46820615149184,0.8245233762519804,0.9008125226187147,0.07674468941402683,0.2923636711181291,23.145330680578947,True
vector_thrust,cruise_141,0.5907372394753599,1064.9512279874461,2185.750625586694,79.46820615156892,0.824523376251979,0.9008125226187004,0.07674468941407174,0.29236367111818473,23.15204359977387,True
vector_thrust,cruise_142,0.8397601249722011,1560.5932822054394,1225.852448162072,63.66446348782412,0.6898072433516427,0.9206624808023404,0.028630700754868767,0.4284334992224996,23.15204359977387,True
vector_thrust,cruise_142,0.8398185194097334,1560.5932822053842,1225.8524481612103,63.664463487796034,0.6898072433515049,0.9206624808023364,0.02863070075485956,0.4284334992224844,23.158756518968787,True
vector_thrust,cruise_142,0.8399822041907643,1560.5932822052841,1225.852448159693,63.66446348774315,0.6898072433512573,0.9206624808023289,0.028630700754839058,0.42843349922245705,23.177565700578437,True
vector_thrust,cruise_142,0.840218910705966,1560.593282205035,1225.8524481558813,63.664463487612785,0.6898072433506406,0.9206624808023106,0.02863070075479007,0.42843349922238866,23.204745755505552,True
vector_thrust,cruise_142,0.8404818778692315,1560.5932822054417,1225.8524481621075,63.66446348782207,0.6898072433516487,0.9206624808023401,0.028630700754868788,0.4284334992225003,23.234913340530326,True
vector_thrust,cruise_142,0.8407190221403501,1560.5932822054397,1225.852448162068,63.66446348782412,0.6898072433516442,0.9206624808023404,0.02863070075486912,0.42843349922249974,23.262093395457445,True
vector_thrust,cruise_142,0.840883252794583,1560.5932822054397,1225.852448162068,63.66446348782391,0.6898072433516442,0.9206624808023403,0.028630700754870037,0.42843349922249974,23.280902577067092,True
vector_thrust,cruise_142,0.8409418901682507,1560.5932822047432,1225.8524481514346,63.66446348745166,0.6898072433499215,0.9206624808022884,0.028630700754728917,0.42843349922230844,23.28761549626201,True
vector_thrust,cruise_143,0.8453002922631723,1568.804390369617,1226.5085149792321,63.876353631546095,0.6881596831970399,0.9208660927069927,0.02842607417157112,0.43068771487457624,23.28761549626201,True
vector_thrust,cruise_143,0.8453600681046669,1568.8043903692433,1226.5085149735103,63.87635363134419,0.6881596831961109,0.920866092706965,0.028426074171495664,0.43068771487447366,23.294328415456928,True
vector_thrust,cruise_143,0.8455276262548536,1568.8043903691919,1226.508514972716,63.87635363131713,0.6881596831959812,0.9208660927069612,0.028426074171484853,0.43068771487445945,23.313137597066582,True
vector_thrust,cruise_143,0.8457699371487627,1568.8043903692935,1226.5085149742788,63.876353631371444,0.6881596831962347,0.9208660927069687,0.028426074171505583,0.4306877148744874,23.340317651993697,True
vector_thrust,cruise_143,0.8460391346842562,1568.8043903691946,1226.5085149727581,63.87635363132041,0.6881596831959887,0.9208660927069616,0.028426074171486494,0.4306877148744602,23.370485237018467,True
vector_thrust,cruise_143,0.846281901340307,1568.8043903693786,1226.508514975581,63.87635363141429,0.6881596831964485,0.9208660927069748,0.028426074171521744,0.43068771487451074,23.39766529194559,True
vector_thrust,cruise_143,0.8464500278171279,1568.8043903691896,1226.5085149726779,63.876353631319795,0.688159683195975,0.9208660927069615,0.028426074171485856,0.4306877148744589,23.416474473555237,True
vector_thrust,cruise_143,0.8465100565883629,1568.8043903691937,1226.5085149727452,63.87635363131488,0.6881596831959873,0.9208660927069611,0.0284260741714853,0.43068771487445995,23.423187392750155,True
vector_thrust,cruise_144,0.7904175945205475,1462.9399512725827,1230.8954793182384,61.519578138207436,0.7122885964253085,0.9181560966413241,0.031482898468376395,0.40162449090537367,23.423187392750155,True
vector_thrust,cruise_144,0.7904645791766243,1462.939951271848,1230.8954793077448,61.51957813785487,0.7122885964237198,0.9181560966412687,0.03148289846822758,0.40162449090517194,23.429900311945072,True
vector_thrust,cruise_144,0.7905962734311823,1462.9399512718467,1230.895479307722,61.5195781378561,0.7122885964237131,0.9181560966412688,0.031482898468226966,0.4016244909051716,23.448709493554723,True
vector_thrust,cruise_144,0.7907866974663951,1462.939951271847,1230.8954793077278,61.51957813785549,0.7122885964237232,0.9181560966412688,0.031482898468226835,0.4016244909051716,23.47588954848184,True
vector_thrust,cruise_144,0.7909982189276552,1462.9399512718467,1230.8954793077162,61.5195781378563,0.7122885964237092,0.918156096641269,0.031482898468227286,0.4016244909051716,23.506057133506612,True
vector_thrust,cruise_144,0.7911889435901941,1462.939951271847,1230.8954793077278,61.51957813785549,0.7122885964237232,0.9181560966412688,0.031482898468227806,0.4016244909051716,23.53323718843373,True
vector_thrust,cruise_144,0.7913210127212328,1462.9399512718483,1230.895479307746,61.519578137854054,0.712288596423729,0.9181560966412687,0.031482898468226925,0.40162449090517205,23.55204637004338,True
vector_thrust,cruise_144,0.7913681642137095,1462.9399512718505,1230.8954793077714,61.519578137851795,0.7122885964237229,0.9181560966412685,0.03148289846822663,0.4016244909051726,23.5587592892383,True
vector_thrust,cruise_145,0.8423198606277101,1559.017730780066,1225.7438181581256,63.6241421208691,0.6901288819153021,0.9206232654476343,0.028670428976982208,0.4280009592275665,23.5587592892383,True
vector_thrust,cruise_145,0.8423787766058847,1559.017730779818,1225.7438181543325,63.62414212074017,0.6901288819146907,0.9206232654476161,0.02867042897693303,0.4280009592274985,23.565472208433217,True
vector_thrust,cruise_145,0.8425439237030229,1559.0177307800673,1225.743818158143,63.62414212086644,0.6901288819153067,0.920623265447634,0.02867042897698146,0.428000959227567,23.584281390042868,True
vector_thrust,cruise_145,0.8427827459096069,1559.0177307794386,1225.7438181485454,63.624142120544825,0.6901288819137559,0.9206232654475884,0.02867042897685816,0.42800095922739434,23.611461444969983,True
vector_thrust,cruise_145,0.843048064896798,1559.0177307794713,1225.7438181490481,63.62414212055302,0.6901288819138367,0.92062326544759,0.02867042897686265,0.42800095922740333,23.641629029994757,True
vector_thrust,cruise_145,0.8432873313245753,1559.0177307798922,1225.7438181554724,63.62414212077993,0.6901288819148739,0.9206232654476216,0.02867042897694754,0.4280009592275188,23.668809084921875,True
vector_thrust,cruise_145,0.8434530323560704,1559.0177307800168,1225.7438181573737,63.624142120845114,0.6901288819151828,0.9206232654476307,0.028670428976973354,0.42800095922755305,23.687618266531523,True
vector_thrust,cruise_145,0.8435121948585762,1559.017730779852,1225.7438181548473,63.62414212075308,0.6901288819147734,0.9206232654476181,0.028670428976938462,0.4280009592275078,23.69433118572644,True
vector_thrust,cruise_146,0.8434913354338756,1558.9785820896084,1225.7411905272686,63.62314163884893,0.6901368965315097,0.9206222904417589,0.028671418063013085,0.4279902116416106,23.69433118572644,True
vector_thrust,cruise_146,0.8435505044343033,1558.9785820895595,1225.7411905265258,63.62314163881819,0.6901368965313901,0.9206222904417547,0.028671418063001747,0.4279902116415972,23.701044104921362,True
vector_thrust,cruise_146,0.8437163651174612,1558.9785820893426,1225.7411905232184,63.623141638706684,0.6901368965308556,0.9206222904417389,0.028671418062959274,0.4279902116415377,23.719853286531013,True
vector_thrust,cruise_146,0.8439562157406003,1558.9785820896116,1225.7411905273198,63.62314163884586,0.6901368965315188,0.9206222904417586,0.02867141806301303,0.4279902116416115,23.747033341458128,True
vector_thrust,cruise_146,0.8443241419961013,1558.9785820891211,1225.7411905198396,63.62314163858779,0.690136896530311,0.9206222904417223,0.02867141806291361,0.4279902116414769,23.7772009264829,True
vector_thrust,cruise_146,0.8446910484258884,1558.9785820896104,1225.7411905273082,63.62314163884668,0.6901368965315171,0.9206222904417586,0.028671418063012134,0.42799021164161116,23.80438098141002,True
vector_thrust,cruise_146,0.844945245778025,1558.9785820896116,1225.7411905273198,63.62314163884483,0.6901368965315188,0.9206222904417585,0.02867141806301206,0.4279902116416115,23.823190163019667,True
vector_thrust,cruise_146,0.8450360252985164,1558.9785820896104,1225.7411905273082,63.62314163884689,0.6901368965315171,0.9206222904417587,0.028671418063011708,0.42799021164161116,23.829903082214585,True
vector_thrust,cruise_147,0.8450140550221459,1558.9374238741311,1225.7384317718906,63.62208987549674,0.6901453237293436,0.9206212653570248,0.028672458020893347,0.42797891237582514,23.829903082214585,True
vector_thrust,cruise_147,0.8451048561779576,1558.937423873873,1225.738431767957,63.62208987536248,0.6901453237287081,0.920621265357006,0.02867245802084224,0.42797891237575436,23.836616001409503,True
vector_thrust,cruise_147,0.8453594368462714,1558.9374238738744,1225.7384317679719,63.62208987536125,0.6901453237287094,0.9206212653570058,0.028672458020840945,0.4279789123757547,23.855425183019157,True
vector_thrust,cruise_147,0.8457277376706375,1558.9374238738772,1225.7384317680294,63.62208987535818,0.6901453237287207,0.9206212653570056,0.02867245802084114,0.42797891237575547,23.882605237946272,True
vector_thrust,cruise_147,0.846137104806517,1558.9374238738753,1225.7384317679885,63.62208987536042,0.6901453237287136,0.9206212653570057,0.028672458020841535,0.42797891237575497,23.912772822971043,True
vector_thrust,cruise_147,0.8465064593164099,1558.9374238738897,1225.73843176821,63.6220898753674,0.6901453237287486,0.9206212653570068,0.028672458020844182,0.4279789123757589,23.939952877898165,True
vector_thrust,cruise_147,0.8467623539129034,1558.937423873871,1225.7384317679239,63.62208987536494,0.6901453237287046,0.9206212653570062,0.028672458020842763,0.42797891237575375,23.958762059507812,True
vector_thrust,cruise_147,0.846853739823405,1558.9374238739533,1225.7384317691904,63.62208987540614,0.6901453237289077,0.920621265357012,0.028672458020858632,0.42797891237577634,23.96547497870273,True
vector_thrust,cruise_148,0.8468305348164269,1558.8940469268819,1225.7355284513092,63.62098149603738,0.6901542065298086,0.9206201849779568,0.028673554152615157,0.42796700399616755,23.96547497870273,True
vector_thrust,cruise_148,0.846921942172453,1558.894046926879,1225.735528451257,63.62098149604106,0.6901542065298022,0.9206201849779571,0.028673554152616184,0.4279670039961668,23.972187897897648,True
vector_thrust,cruise_148,0.8471782231926676,1558.8940469268812,1225.7355284513003,63.62098149603819,0.6901542065298102,0.9206201849779568,0.028673554152616687,0.4279670039961674,23.9909970795073,True
vector_thrust,cruise_148,0.8475489858385175,1558.894046926949,1225.7355284523303,63.62098149607099,0.6901542065299755,0.9206201849779615,0.02867355415262932,0.4279670039961859,24.018177134434417,True
vector_thrust,cruise_148,0.8479610919728284,1558.8940469269335,1225.7355284520888,63.62098149606299,0.690154206529936,0.9206201849779605,0.02867355415262657,0.42796700399618176,24.048344719459188,True
vector_thrust,cruise_148,0.8483329201859962,1558.8940469268805,1225.7355284512946,63.62098149603942,0.6901542065298073,0.920620184977957,0.028673554152616274,0.4279670039961672,24.075524774386306,True
vector_thrust,cruise_148,0.848590529950965,1558.8940469268823,1225.7355284513,63.620981496037786,0.6901542065298104,0.9206201849779568,0.028673554152615945,0.4279670039961677,24.094333955995957,True
vector_thrust,cruise_148,0.8486825286555286,1558.8940469269949,1225.73552845303,63.62098149609784,0.6901542065300855,0.9206201849779653,0.028673554152638104,0.4279670039961985,24.101046875190875,True
vector_thrust,cruise_149,0.8486579530248008,1558.8482080486299,1225.7324649927573,63.61981030024668,0.6901635949568257,0.9206190432415212,0.028674712622742494,0.42795441973655685,24.101046875190875,True
vector_thrust,cruise_149,0.8487499729310557,1558.8482080486015,1225.7324649923298,63.61981030023664,0.6901635949567573,0.9206190432415196,0.028674712622738102,0.4279544197365491,24.107759794385792,True
vector_thrust,cruise_149,0.8490079721240544,1558.8482080486021,1225.7324649923391,63.619810300235606,0.6901635949567595,0.9206190432415194,0.028674712622737186,0.4279544197365493,24.126568975995443,True
vector_thrust,cruise_149,0.8493812224161518,1558.8482080486215,1225.7324649926172,63.61981030024401,0.6901635949568037,0.9206190432415208,0.028674712622740826,0.4279544197365546,24.153749030922558,True
vector_thrust,cruise_149,0.849796096313709,1558.8482080486053,1225.7324649923853,63.61981030023868,0.6901635949567653,0.9206190432415199,0.02867471262273821,0.42795441973655013,24.183916615947332,True
vector_thrust,cruise_149,0.8501704242382078,1558.8482080486053,1225.7324649923853,63.61981030023213,0.6901635949567653,0.9206190432415192,0.028674712622737127,0.42795441973655013,24.21109667087445,True
vector_thrust,cruise_149,0.8504297672209066,1558.8482080486463,1225.7324649930097,63.61981030025877,0.6901635949568656,0.9206190432415228,0.028674712622745763,0.4279544197365614,24.229905852484098,True
vector_thrust,cruise_149,0.8505223851712433,1558.8482080486035,1225.7324649923457,63.61981030023397,0.6901635949567583,0.9206190432415194,0.02867471262273813,0.42795441973654963,24.236618771679016,True
vector_thrust,cruise_150,0.8504962796906216,1558.7996223145035,1225.7292231643416,63.618569024123666,0.6901735476236303,0.9206178330441216,0.02867594065407019,0.4279410813758698,24.236618771679016,True
vector_thrust,cruise_150,0.8505889185356877,1558.7996223146836,1225.7292231670885,63.61856902422042,0.6901735476240738,0.9206178330441351,0.02867594065410717,0.42794108137591913,24.243331690873937,True
vector_thrust,cruise_150,0.8508486538298384,1558.7996223148216,1225.7292231692004,63.61856902429134,0.6901735476244153,0.9206178330441451,0.02867594065413401,0.42794108137595704,24.262140872483588,True
vector_thrust,cruise_150,0.8512244177491511,1558.7996223145633,1225.7292231652555,63.61856902415687,0.690173547623778,0.9206178330441261,0.028675940654082358,0.4279410813758861,24.289320927410703,True
vector_thrust,cruise_150,0.8516420883498652,1558.7996223146315,1225.7292231663005,63.61856902419459,0.6901735476239474,0.9206178330441314,0.028675940654097398,0.42794108137590486,24.319488512435477,True
vector_thrust,cruise_150,0.852018942152685,1558.7996223145215,1225.7292231646134,63.61856902413145,0.6901735476236756,0.9206178330441228,0.02867594065407234,0.4279410813758747,24.346668567362595,True
vector_thrust,cruise_150,0.8522800365132029,1558.7996223145224,1225.7292231646352,63.618569024131666,0.6901735476236774,0.9206178330441228,0.028675940654072998,0.4279410813758749,24.365477748972243,True
vector_thrust,cruise_150,0.8523732802010767,1558.7996223145215,1225.7292231646134,63.618569024131865,0.6901735476236756,0.9206178330441228,0.02867594065407319,0.4279410813758747,24.37219066816716,True
vector_thrust,cruise_151,0.8523454566899258,1558.7479530260032,1225.725781469867,63.617249084794,0.6901841338082297,0.9206165459910608,0.028677246783064415,0.42792689647944154,24.37219066816716,True
vector_thrust,cruise_151,0.8524387208892054,1558.7479530260082,1225.7257814699522,63.617249084789485,0.6901841338082431,0.9206165459910605,0.028677246783063413,0.42792689647944293,24.37890358736208,True
vector_thrust,cruise_151,0.852700210289566,1558.7479530261483,1225.7257814720854,63.61724908485939,0.6901841338085908,0.9206165459910705,0.02867724678309059,0.42792689647948146,24.39771276897173,True
vector_thrust,cruise_151,0.853078513929814,1558.7479530260985,1225.7257814713312,63.61724908483705,0.690184133808469,0.9206165459910671,0.028677246783081506,0.42792689647946774,24.424892823898848,True
vector_thrust,cruise_151,0.8534990102993549,1558.7479530260055,1225.7257814699135,63.61724908479215,0.6901841338082363,0.9206165459910606,0.028677246783064315,0.4279268964794422,24.455060408923618,True
vector_thrust,cruise_151,0.8538784162626774,1558.7479530260237,1225.7257814701884,63.6172490848024,0.6901841338082821,0.920616545991062,0.02867724678306701,0.4279268964794472,24.48224046385074,True
vector_thrust,cruise_151,0.8541412802414693,1558.7479530260387,1225.7257814704108,63.6172490848022,0.690184133808318,0.9206165459910625,0.028677246783067704,0.4279268964794513,24.501049645460387,True
vector_thrust,cruise_151,0.8542351561872242,1558.747953026006,1225.7257814699108,63.61724908479174,0.6901841338082365,0.9206165459910606,0.02867724678306412,0.4279268964794423,24.507762564655305,True
vector_thrust,cruise_152,0.8542053900960866,1558.6927984561612,1225.7221143087363,63.61584024259051,0.6901954361841294,0.9206151720658889,0.028678641196207246,0.4279117547601834,24.507762564655305,True
vector_thrust,cruise_152,0.8542992860785792,1558.6927984561933,1225.722114309221,63.61584024261182,0.690195436184209,0.9206151720658917,0.02867864119621629,0.4279117547601921,24.514475483850223,True
vector_thrust,cruise_152,0.8545625476273601,1558.6927984561949,1225.7221143092545,63.61584024260998,0.6901954361842154,0.9206151720658916,0.028678641196214983,0.4279117547601925,24.533284665459874,True
vector_thrust,cruise_152,0.8549434171364164,1558.6927984561944,1225.7221143092447,63.61584024261161,0.6901954361842114,0.9206151720658917,0.028678641196215424,0.42791175476019244,24.56046472038699,True
vector_thrust,cruise_152,0.8553667684028625,1558.692798456196,1225.722114309264,63.615840242609366,0.6901954361842156,0.9206151720658916,0.028678641196215576,0.42791175476019283,24.590632305411763,True
vector_thrust,cruise_152,0.8557487528656846,1558.6927984562046,1225.7221143094018,63.61584024261674,0.690195436184237,0.9206151720658925,0.028678641196218078,0.4279117547601952,24.61781236033888,True
vector_thrust,cruise_152,0.8560134047433549,1558.6927984561971,1225.722114309274,63.61584024260814,0.6901954361842171,0.9206151720658915,0.028678641196214712,0.4279117547601932,24.63662154194853,True
vector_thrust,cruise_152,0.8561079194819252,1558.692798456195,1225.7221143092465,63.61584024261038,0.6901954361842119,0.9206151720658917,0.02867864119621504,0.4279117547601926,24.64333446114345,True
vector_thrust,cruise_153,0.8560759399547998,1558.6336740858103,1225.7181908709942,63.614330148926996,0.6902075544839689,0.9206136991873222,0.028680136181133794,0.4278955232018602,24.64333446114345,True
vector_thrust,cruise_153,0.8561704741438927,1558.6336740859456,1225.718190873054,63.614330148993,0.6902075544843016,0.9206136991873317,0.02868013618115967,0.4278955232018973,24.650047380338368,True
vector_thrust,cruise_153,0.8564355258684535,1558.6336740859517,1225.7181908731575,63.61433014899874,0.6902075544843176,0.9206136991873324,0.02868013618116112,0.42789552320189905,24.66885656194802,True
vector_thrust,cruise_153,0.8568189873733532,1558.6336740859674,1225.7181908734017,63.61433014900714,0.6902075544843571,0.9206136991873336,0.028680136181164953,0.4278955232019033,24.696036616875134,True
vector_thrust,cruise_153,0.8572452226423286,1558.633674085814,1225.7181908710513,63.61433014893089,0.6902075544839774,0.9206136991873227,0.0286801361811356,0.4278955232018612,24.726204201899908,True
vector_thrust,cruise_153,0.8576298119249971,1558.6336740858856,1225.718190872144,63.614330148968406,0.6902075544841566,0.9206136991873279,0.028680136181149986,0.42789552320188085,24.753384256827026,True
vector_thrust,cruise_153,0.8578962699698249,1558.6336740859488,1225.7181908731109,63.61433014899936,0.69020755448431,0.9206136991873325,0.028680136181161903,0.4278955232018982,24.772193438436673,True
vector_thrust,cruise_153,0.8579914300317586,1558.6336740859408,1225.7181908729926,63.61433014899566,0.6902075544842908,0.9206136991873318,0.02868013618115902,0.427895523201896,24.77890635763159,True
vector_thrust,cruise_154,0.8579569063436182,1558.5699883608763,1225.7139736334334,63.61270372917899,0.690220610500615,0.9206121126045116,0.028681746742351796,0.42787803940368224,24.77890635763159,True
vector_thrust,cruise_154,0.8580520851325734,1558.5699883612506,1225.7139736391418,63.61270372937475,0.6902206105015369,0.9206121126045391,0.028681746742427197,0.427878039403785,24.78561927682651,True
vector_thrust,cruise_154,0.8583189449756657,1558.5699883610666,1225.7139736363379,63.612703729282714,0.6902206105010831,0.920612112604526,0.028681746742390834,0.4278780394037345,24.804428458436163,True
vector_thrust,cruise_154,0.8587050244820722,1558.569988360878,1225.71397363346,63.61270372917777,0.6902206105006176,0.9206121126045115,0.02868174674235231,0.42787803940368263,24.83160851336328,True
vector_thrust,cruise_154,0.8591341727260018,1558.5699883608793,1225.713973633484,63.61270372917591,0.6902206105006224,0.9206121126045114,0.02868174674235138,0.42787803940368296,24.86177609838805,True
vector_thrust,cruise_154,0.8595213930292129,1558.569988360955,1225.7139736346303,63.612703729222034,0.6902206105008071,0.9206121126045176,0.028681746742368164,0.42787803940370384,24.88895615331517,True
vector_thrust,cruise_154,0.8597896754269718,1558.569988360878,1225.71397363346,63.61270372917797,0.6902206105006176,0.9206121126045115,0.028681746742351157,0.42787803940368263,24.907765334924818,True
vector_thrust,cruise_154,0.8598854873135925,1558.5699883608752,1225.7139736334022,63.6127037291833,0.6902206105006088,0.9206121126045119,0.028681746742353204,0.4278780394036819,24.914478254119736,True
vector_thrust,cruise_155,0.8598480099759639,1558.5010089206123,1225.7094162426577,63.610942322398095,0.6902347550508863,0.9206103940544993,0.02868349145879118,0.4278591023088582,24.914478254119736,True
vector_thrust,cruise_155,0.8599438396942173,1558.5010089207742,1225.7094162451297,63.61094232248111,0.6902347550512885,0.9206103940545112,0.0286834914588219,0.42785910230890273,24.921191173314654,True
vector_thrust,cruise_155,0.8602125254214921,1558.5010089205396,1225.7094162415406,63.61094232236078,0.6902347550507075,0.920610394054494,0.028683491458774947,0.42785910230883833,24.940000354924305,True
vector_thrust,cruise_155,0.8606012486796617,1558.5010089205387,1225.7094162415374,63.61094232236223,0.6902347550507071,0.9206103940544942,0.02868349145877709,0.42785910230883806,24.967180409851423,True
vector_thrust,cruise_155,0.861033338587213,1558.5010089206246,1225.7094162428414,63.61094232240157,0.6902347550509178,0.9206103940545,0.028683491458791625,0.42785910230886165,24.997347994876193,True
vector_thrust,cruise_155,0.8614232158567285,1558.5010089205937,1225.7094162423725,63.61094232238723,0.690234755050843,0.920610394054498,0.028683491458786074,0.4278591023088532,25.024528049803315,True
vector_thrust,cruise_155,0.8616933406174107,1558.501008920557,1225.7094162418134,63.61094232236878,0.6902347550507523,0.9206103940544952,0.028683491458779232,0.4278591023088431,25.043337231412963,True
vector_thrust,cruise_155,0.8617898107672172,1558.5010089205405,1225.7094162415594,63.61094232235997,0.6902347550507117,0.9206103940544941,0.02868349145877663,0.42785910230883856,25.05005015060788,True
vector_thrust,cruise_156,0.8617488645849004,1558.4258144416183,1225.704460547607,63.60902245604906,0.6902501779154249,0.9206085205608749,0.028685393707403056,0.427838458984217,25.05005015060788,True
vector_thrust,cruise_156,0.8618453514537043,1558.4258144416228,1225.7044605476624,63.6090224560464,0.6902501779154346,0.9206085205608747,0.02868539370740316,0.4278384589842182,25.0567630698028,True
vector_thrust,cruise_156,0.8621158805266886,1558.425814441617,1225.7044605475746,63.60902245604454,0.6902501779154215,0.9206085205608744,0.028685393707401145,0.4278384589842166,25.07557225141245,True
vector_thrust,cruise_156,0.8625072728468095,1558.4258144416174,1225.7044605475799,63.60902245605008,0.6902501779154216,0.9206085205608749,0.028685393707404465,0.4278384589842167,25.102752306339564,True
vector_thrust,cruise_156,0.8629423326186962,1558.4258144416199,1225.7044605476167,63.60902245604496,0.6902501779154279,0.9206085205608745,0.02868539370740248,0.42783845898421746,25.132919891364338,True
vector_thrust,cruise_156,0.8633348923609886,1558.4258144416333,1225.704460547834,63.60902245606033,0.6902501779154618,0.9206085205608763,0.028685393707408288,0.42783845898422107,25.160099946291457,True
vector_thrust,cruise_156,0.8636068771903069,1558.4258144416171,1225.7044605475746,63.60902245604721,0.6902501779154202,0.9206085205608747,0.028685393707401682,0.4278384589842167,25.178909127901104,True
vector_thrust,cruise_156,0.8637040119332521,1558.425814441537,1225.704460546357,63.60902245599966,0.6902501779152236,0.9206085205608682,0.02868539370738455,0.4278384589841947,25.185622047096025,True
vector_thrust,cruise_157,0.86365893651482,1558.3432240668449,1225.6990319772242,63.60691404135273,0.690267122358862,0.9206064626722277,0.028687483452456808,0.4278157852461779,25.185622047096025,True
vector_thrust,cruise_157,0.8637560865875976,1558.3432240713616,1225.6990320461457,63.6069140437225,0.6902671223700012,0.9206064626725606,0.0286874834533591,0.4278157852474178,25.192334966290943,True
vector_thrust,cruise_157,0.8640284759809358,1558.3432240640827,1225.6990319350662,63.606914039906606,0.6902671223520487,0.9206064626720243,0.028687483451906696,0.42781578524541963,25.211144147900594,True
vector_thrust,cruise_157,0.86442256198547,1558.3432240732664,1225.6990320752127,63.60691404471869,0.690267122374696,0.9206064626727007,0.028687483453739535,0.4278157852479408,25.23832420282771,True
vector_thrust,cruise_157,0.8648606190442213,1558.3432240654845,1225.6990319564534,63.60691404064125,0.6902671223555054,0.9206064626721276,0.028687483452184886,0.4278157852458044,25.268491787852483,True
vector_thrust,cruise_157,0.8652558860695116,1558.3432240658683,1225.6990319623162,63.606914040843364,0.6902671223564494,0.9206064626721558,0.028687483452261943,0.42781578524590974,25.2956718427796,True
vector_thrust,cruise_157,0.8655297482010864,1558.3432240785985,1225.6990321565725,63.60691404751481,0.6902671223878457,0.9206064626730939,0.028687483454802938,0.4278157852494046,25.31448102438925,True
vector_thrust,cruise_157,0.8656275536948339,1558.3432240782345,1225.699032151022,63.60691404732295,0.6902671223869484,0.9206064626730668,0.028687483454730305,0.4278157852493047,25.321193943584166,True
vector_thrust,cruise_158,0.8655774838196978,1558.2516908112914,1225.6930342719293,63.6045777033632,0.690285907366122,0.9206041818066611,0.028689799973778952,0.4277906563971567,25.321193943584166,True
vector_thrust,cruise_158,0.8656753028780068,1558.2516908112912,1225.6930342719202,63.6045777033636,0.6902859073661212,0.9206041818066611,0.028689799973779316,0.4277906563971567,25.327906862779084,True
vector_thrust,cruise_158,0.8659495688520866,1558.2516908112896,1225.6930342718917,63.604577703365656,0.6902859073661161,0.9206041818066614,0.028689799973779958,0.4277906563971562,25.34671604438874,True
vector_thrust,cruise_158,0.8663463720830157,1558.251690811289,1225.6930342718986,63.60457770336504,0.6902859073661162,0.9206041818066614,0.02868979997377971,0.4277906563971561,25.373896099315854,True
vector_thrust,cruise_158,0.8667874526928038,1558.2516908112864,1225.6930342718485,63.60457770336832,0.690285907366109,0.9206041818066616,0.028689799973780006,0.42779065639715536,25.404063684340624,True
vector_thrust,cruise_158,0.8671854507487586,1558.2516908112884,1225.6930342718842,63.60457770336586,0.6902859073661146,0.9206041818066613,0.028689799973780523,0.4277906563971559,25.431243739267746,True
vector_thrust,cruise_158,0.8674612066502287,1558.2516908112898,1225.6930342718983,63.60457770336483,0.6902859073661164,0.9206041818066613,0.028689799973779337,0.4277906563971563,25.450052920877393,True
vector_thrust,cruise_158,0.8675596887908784,1558.251690811925,1225.6930342815901,63.60457770369547,0.6902859073676838,0.9206041818067079,0.028689799973906624,0.4277906563973307,25.45676584007231,True
vector_thrust,cruise_159,0.8675034606057892,1558.1491339378701,1225.6863363635414,63.601960423264174,0.6903069617647621,0.9206016260600052,0.028692396085922948,0.42776250120730025,25.45676584007231,True
vector_thrust,cruise_159,0.8676019514773948,1558.149133952019,1225.6863365794434,63.60196043067417,0.6903069617996509,0.9206016260610473,0.028692396088744805,0.4277625012111846,25.46347875926723,True
vector_thrust,cruise_159,0.8678781123442674,1558.14913395278,1225.686336591046,63.601960431081665,0.6903069618015272,0.9206016260611043,0.02869239608889911,0.4277625012113935,25.48228794087688,True
vector_thrust,cruise_159,0.8682776492636403,1558.1491339527713,1225.686336590929,63.60196043107244,0.6903069618015079,0.9206016260611032,0.02869239608889654,0.42776250121139114,25.509467995804,True
vector_thrust,cruise_159,0.8688765287536732,1558.1491339528266,1225.6863365917652,63.60196043109929,0.690306961801643,0.9206016260611071,0.02869239608890552,0.4277625012114063,25.53963558082877,True
vector_thrust,cruise_159,0.8694691060049023,1558.1491339528238,1225.6863365917231,63.60196043110196,0.6903069618016372,0.9206016260611073,0.02869239608890721,0.42776250121140547,25.566815635755887,True
vector_thrust,cruise_159,0.869879918592341,1558.1491339528266,1225.6863365917652,63.60196043109847,0.690306961801643,0.920601626061107,0.028692396088905947,0.4277625012114063,25.585624817365538,True
vector_thrust,cruise_159,0.8700266820399118,1558.1491339528231,1225.6863365917152,63.601960431102775,0.6903069618016348,0.9206016260611074,0.02869239608890668,0.4277625012114054,25.592337736560456,True
vector_thrust,cruise_160,0.8699626405952321,1558.032664376006,1225.6787599034706,63.59898869519948,0.6903308817154002,0.9205987233674973,0.028695345183833907,0.42773052653298166,25.592337736560456,True
vector_thrust,cruise_160,0.8701094413114256,1558.0326643495198,1225.6787594993327,63.59898868131401,0.6903308816500973,0.9205987233655445,0.028695345178543705,0.4277305265257103,25.599050655755374,True
vector_thrust,cruise_160,0.8705211782664748,1558.0326643480664,1225.6787594771556,63.59898868054308,0.6903308816465141,0.9205987233654365,0.028695345178250658,0.42773052652531124,25.617859837365025,True
vector_thrust,cruise_160,0.8711172265966387,1558.0326643421317,1225.678759386612,63.59898867743622,0.6903308816318849,0.9205987233649994,0.028695345177066997,0.4277305265236821,25.64503989229214,True
vector_thrust,cruise_160,0.8717802779043368,1558.0326643411095,1225.678759371019,63.59898867689753,0.6903308816293633,0.9205987233649238,0.028695345176862085,0.42773052652340143,25.675207477316913,True
vector_thrust,cruise_160,0.872379011754351,1558.0326643397698,1225.6787593505733,63.59898867619794,0.6903308816260592,0.9205987233648254,0.028695345176595798,0.42773052652303356,25.702387532244032,True
vector_thrust,cruise_160,0.872794097518009,1558.0326643386734,1225.6787593338472,63.59898867562461,0.6903308816233581,0.9205987233647446,0.028695345176377524,0.42773052652273263,25.72119671385368,True
vector_thrust,cruise_160,0.8729423886239644,1558.0326643386734,1225.6787593338472,63.59898867562461,0.6903308816233581,0.9205987233647446,0.028695345176376796,0.42773052652273263,25.727909633048597,True
vector_thrust,cruise_161,0.8728681487624467,1557.8981075271147,1225.6700436485394,63.595556174488976,0.690358528191188,0.9205953695732862,0.02869875328273952,0.42769358631141835,25.727909633048597,True
vector_thrust,cruise_161,0.8730164718884004,1557.8981075373586,1225.6700438048083,63.59555617985348,0.6903585282164333,0.920595369574041,0.028698753284781716,0.4276935863142306,25.73462255224352,True
vector_thrust,cruise_161,0.8734324816777194,1557.8981075372662,1225.6700438034106,63.59555617979691,0.6903585282162087,0.9205953695740334,0.028698753284760563,0.42769358631420523,25.75343173385317,True
vector_thrust,cruise_161,0.8740347232926742,1557.8981075370789,1225.6700438005564,63.595556179706925,0.6903585282157494,0.9205953695740203,0.028698753284726732,0.4276935863141539,25.780611788780284,True
vector_thrust,cruise_161,0.8747046748486359,1557.8981075369068,1225.6700437979302,63.59555617960648,0.6903585282153235,0.9205953695740067,0.02869875328468874,0.4276935863141066,25.810779373805058,True
vector_thrust,cruise_161,0.8753096493624014,1557.8981075366298,1225.6700437937025,63.59555617946608,0.690358528214638,0.9205953695739867,0.02869875328463528,0.42769358631403054,25.837959428732177,True
vector_thrust,cruise_161,0.8757290670463481,1557.8981075367924,1225.670043796185,63.595556179560155,0.690358528215041,0.9205953695739996,0.028698753284670357,0.42769358631407517,25.856768610341824,True
vector_thrust,cruise_161,0.8758789068282117,1557.8981075360468,1225.6700437847992,63.59555617916435,0.6903585282132003,0.9205953695739441,0.02869875328451938,0.4276935863138705,25.86348152953674,True
vector_thrust,cruise_162,0.8757908842742754,1557.739117580503,1225.6597988398405,63.59150145364264,0.690391211717585,0.920591406352855,0.028702781685992083,0.42764993841164545,25.86348152953674,True
vector_thrust,cruise_162,0.8759407484743538,1557.739117580496,1225.6597988397418,63.5915014536447,0.6903912117175693,0.9205914063528551,0.028702781685992034,0.4276499384116434,25.87019444873166,True
vector_thrust,cruise_162,0.8763610836411105,1557.7391175804994,1225.6597988397818,63.59150145363978,0.6903912117175746,0.9205914063528547,0.028702781685991368,0.42764993841164445,25.88900363034131,True
vector_thrust,cruise_162,0.8769695948381426,1557.7391175805012,1225.659798839813,63.591501453637115,0.6903912117175794,0.9205914063528544,0.028702781685990122,0.42764993841164495,25.91618368526843,True
vector_thrust,cruise_162,0.8776465318504344,1557.7391175805005,1225.6597988398087,63.59150145364634,0.6903912117175814,0.9205914063528553,0.02870278168599365,0.42764993841164467,25.9463512702932,True
vector_thrust,cruise_162,0.8782578242703928,1557.7391175812743,1225.6597988516137,63.591501454051794,0.6903912117194861,0.9205914063529125,0.028702781686147028,0.4276499384118571,25.97353132522032,True
vector_thrust,cruise_162,0.8786816275901077,1557.7391175804978,1225.6597988397568,63.591501453651055,0.6903912117175711,0.9205914063528559,0.028702781685995337,0.42764993841164395,25.99234050682997,True
vector_thrust,cruise_162,0.8788330352730435,1557.7391175804985,1225.6597988397775,63.59150145364306,0.690391211717573,0.920591406352855,0.028702781685991687,0.42764993841164417,25.999053426024886,True
vector_thrust,cruise_163,0.8787254001402528,1557.5453741715328,1225.6473922961918,63.58656194847881,0.690431064032603,0.920586576169627,0.028707692761475168,0.4275967495586605,25.999053426024886,True
vector_thrust,cruise_163,0.8788768208627084,1557.5453741714236,1225.6473922945231,63.58656194841957,0.6904310640323363,0.9205865761696188,0.02870769276145323,0.42759674955863053,26.005766345219804,True
vector_thrust,cruise_163,0.879301524797709,1557.5453741714418,1225.6473922948085,63.5865619484333,0.6904310640323826,0.9205865761696206,0.02870769276145756,0.4275967495586356,26.024575526829455,True
vector_thrust,cruise_163,0.8799163686145056,1557.545374171553,1225.647392296502,63.586561948483734,0.6904310640326526,0.9205865761696279,0.028707692761477038,0.42759674955866606,26.05175558175657,True
vector_thrust,cruise_163,0.8806003615182885,1557.545374171558,1225.6473922965777,63.58656194849172,0.6904310640326677,0.9205865761696288,0.028707692761480098,0.42759674955866744,26.081923166781344,True
vector_thrust,cruise_163,0.881218035728704,1557.545374171772,1225.6473922998523,63.58656194860036,0.6904310640331963,0.9205865761696443,0.028707692761521686,0.42759674955872623,26.109103221708462,True
vector_thrust,cruise_163,0.8816462691550441,1557.545374198156,1225.6473927023228,63.58656196242127,0.6904310640982099,0.9205865761715896,0.02870769276678976,0.42759674956596944,26.12791240331811,True
vector_thrust,cruise_163,0.8817992606468644,1557.545374195269,1225.647392658281,63.58656196091468,0.6904310640910946,0.9205865761713773,0.028707692766214606,0.4275967495651769,26.13462532251303,True
vector_thrust,cruise_164,0.8816615953392167,1557.2984380137486,1225.631703582587,63.58026874458629,0.6904818970243275,0.9205804188194666,0.02871395554895874,0.4275289575699532,26.13462532251303,True
vector_thrust,cruise_164,0.8818145817087716,1557.2984380137755,1225.6317035830016,63.580268744601455,0.6904818970243951,0.9205804188194687,0.028713955548964245,0.42752895756996057,26.14133824170795,True
vector_thrust,cruise_164,0.8822436800768961,1557.2984380137777,1225.6317035830234,63.58026874460699,0.690481897024399,0.9205804188194693,0.02871395554896633,0.4275289575699612,26.1601474233176,True
vector_thrust,cruise_164,0.8828648938584978,1557.2984380138516,1225.6317035841548,63.580268744639376,0.6904818970245793,0.9205804188194742,0.028713955548978674,0.4275289575699814,26.187327478244715,True
vector_thrust,cruise_164,0.8835559844639348,1557.2984380137825,1225.6317035831005,63.58026874460576,0.6904818970244124,0.9205804188194693,0.02871395554896599,0.42752895756996245,26.21749506326949,True
vector_thrust,cruise_164,0.8841800784625328,1557.2984380140324,1225.6317035869115,63.58026874474063,0.690481897025025,0.9205804188194882,0.02871395554901719,0.4275289575700311,26.244675118196607,True
vector_thrust,cruise_164,0.8846127684542536,1557.2984380436194,1225.631704038215,63.580268760242575,0.6904818970979175,0.9205804188216706,0.028713955554926895,0.4275289575781537,26.263484299806255,True
vector_thrust,cruise_164,0.8847673532441865,1557.2984380414075,1225.6317040044762,63.58026875908198,0.6904818970924687,0.9205804188215073,0.028713955554483483,0.42752895757754644,26.270197219001172,True
vector_thrust,cruise_165,0.8845782196092886,1556.9603677462026,1225.6104505131902,63.57165744411378,0.6905515615339711,0.920571987173845,0.028722535798173864,0.42743614631069726,26.270197219001172,True
vector_thrust,cruise_165,0.884885200545168,1556.9603677463385,1225.6104505152398,63.57165744416728,0.6905515615343015,0.9205719871738532,0.02872253579819373,0.42743614631073457,26.283527658804893,True
vector_thrust,cruise_165,0.8857471100423479,1556.9603677463092,1225.6104505148032,63.571657444150475,0.6905515615342297,0.920571987173851,0.02872253579818748,0.42743614631072646,26.32087872112581,True
vector_thrust,cruise_165,0.8869972311966925,1556.9603677462692,1225.6104505141961,63.57165744413633,0.6905515615341326,0.9205719871738487,0.028722535798181792,0.4274361463107156,26.37485256999055,True
vector_thrust,cruise_165,0.8883912079587802,1556.9603677462576,1225.610450514022,63.57165744411746,0.6905515615341027,0.9205719871738466,0.02872253579817429,0.4274361463107123,26.434759022685633,True
vector_thrust,cruise_165,0.8896529911809165,1556.9603677463447,1225.6104505153498,63.57165744416667,0.6905515615343174,0.9205719871738534,0.028722535798193623,0.42743614631073623,26.488732871550376,True
vector_thrust,cruise_165,0.890529443495695,1556.960367747955,1225.6104505399117,63.57165744500708,0.6905515615382866,0.9205719871739719,0.028722535798513187,0.4274361463111783,26.52608393387129,True
vector_thrust,cruise_165,0.8908428967562075,1556.9603677479056,1225.6104505391588,63.57165744499704,0.6905515615381649,0.9205719871739698,0.02872253579851064,0.42743614631116483,26.53941437367501,True
vector_thrust,decel_descend,1.056152032788271,1985.9424466666403,-1582.7662309775285,-22.302133522550427,1.7759617710947753,-inf,-0.006193376121885379,0.545205647993988,26.53941437367501,False
vector_thrust,decel_descend,0.9965540476494723,2024.6595234646584,-834.6489788700906,-5.394646728695037,3.8634035558739472,-inf,-0.0014388339025058663,0.5557200706636027,26.65825173219211,False
vector_thrust,decel_descend,1.1163197140922472,2036.4880240910245,-835.4016648703758,-3.3331958794199963,5.014311814647475,-inf,-0.0008744064726932372,0.5586439053118802,26.99122661144453,False
vector_thrust,decel_descend,1.0740933958310566,2037.8833453564816,-814.77293380645,-3.4016889125653496,5.998810830263123,-inf,-0.0008848522201338028,0.5585608611078778,27.47238925292743,False
vector_thrust,decel_descend,1.0716174573483812,2039.479429595281,-813.8092744750622,-3.0563294787811373,6.050941804113186,-inf,-0.0007875571226753275,0.5584822698493438,28.006439494422587,False
vector_thrust,decel_descend,1.079034727639308,2037.45542347774,-859.032044329307,-4.018907254283126,4.815407408800225,-inf,-0.0010303422265403837,0.557464741628155,28.48760213590549,False
vector_thrust,decel_descend,1.1799531584295653,2006.2733275194705,-1387.7591932383923,-12.92154273373571,2.248528264497894,-inf,-0.003399865951755118,0.5486180241040156,28.820577015157912,False
vector_thrust,decel_descend,1.1932742599789747,2006.2558379753964,-1407.4493501096179,-12.976084246501976,2.24586675839536,-inf,-0.003408331743560732,0.5485009372480789,28.93941437367501,False
vector_thrust,arrival_terminal_procedure,7.331222901799973,1800.1213393498394,438.3434134204294,14.790862132931878,0.1073644817575424,0.8302844881365964,0.004825704876110009,0.49214473204476855,28.93941437367501,False
vector_thrust,arrival_terminal_procedure,3.1298235141757638,1947.1549741357821,952.0458022902939,20.81146495301579,0.35001570762220463,0.8692846008137469,0.005803265566899906,0.5323430382430782,28.9872047443367,False
vector_thrust,arrival_terminal_procedure,3.326824333475429,1944.779749335229,935.407802983889,20.277338912495072,0.3327979215531572,0.8667300716587477,0.005668144881748183,0.5316936629218365,29.121110387301798,False
vector_thrust,arrival_terminal_procedure,3.647110017138496,1940.0009418329091,905.7607746893945,19.533439531838543,0.306703715100908,0.862944668239451,0.005487135322355908,0.530387159362153,29.31460964773612,False
vector_thrust,arrival_terminal_procedure,4.241205536388801,1933.1178449892448,873.0743838333875,18.59049517902817,0.2694433789236708,0.8577356972189009,0.005259508095544607,0.5285053529651538,29.52937762399796,False
vector_thrust,arrival_terminal_procedure,5.16227285385652,1928.3542008414597,895.4634786504336,17.917648084101852,0.23780164300958867,0.853709677558114,0.005094226090689546,0.5272029949954876,29.722876884432278,False
vector_thrust,arrival_terminal_procedure,6.203453492578149,1924.0594428352,891.4994578885501,17.36121866229648,0.20594874702490495,0.8501627687795614,0.0049580861248491245,0.526028828297952,29.85678252739737,False
vector_thrust,arrival_terminal_procedure,6.6998012920756365,1922.192071908263,875.1882505603787,17.141749921612245,0.19100370937062874,0.8487053975300031,0.004904925569423705,0.5255182978440451,29.90457289805907,False
vector_thrust,second_descent,1.4870534081151106,1702.0831484414673,-2266.1201216481663,-23.051609565061185,1.5849933005718715,-inf,-0.008412218431749361,0.4653415504258111,29.90457289805907,False
vector_thrust,second_descent,0.991241523414205,1886.3530420844725,-1256.364723332717,-11.447414769368917,1.9353956255402371,-inf,-0.0033999667341483167,0.5156980848122582,29.929330681083464,False
vector_thrust,second_descent,0.9904071285923092,1881.1585227762891,-1315.8568808030652,-12.521857137782817,1.8668905928616915,-inf,-0.0037358511782680137,0.5142165570200531,29.998700447594384,False
vector_thrust,second_descent,0.9920356359319785,1879.1226436848053,-1343.8269070892015,-14.02256139193062,1.8401762234221883,-inf,-0.0041864969231587305,0.5135714114337953,30.098942664569986,False
vector_thrust,second_descent,0.9927222614775418,1874.4566511259247,-1403.4471093526427,-15.800487615057541,1.78731219596956,-inf,-0.004733098759249729,0.512198096618499,30.21020313154815,False
vector_thrust,second_descent,0.9983228351510159,1882.3640860226444,-1307.7073821907595,-17.5522326776904,1.88260227136829,-inf,-0.005206112087745621,0.5142701221863409,30.31044534852375,False
vector_thrust,second_descent,0.9924874037840575,1864.7553178289295,-1512.1785890643328,-18.304968070074786,1.707374913758578,-inf,-0.005526786018548206,0.5093985526306749,30.37981511503467,False
vector_thrust,second_descent,1.014736476151855,1880.8507741790786,-1353.404698252393,-17.93243105594476,1.8571812333260527,-inf,-0.005320108622446088,0.5137735043155175,30.40457289805907,False
vector_thrust,hover_descent,0.0,-2.6481531221257426,0.0,5.256409637131813e-06,90.28733382678833,-inf,0.0007866678894971816,-0.0007233699388578296,30.40457289805907,False
vector_thrust,hover_descent,0.0,-2.6481415669304145,0.0,-7.237235397766539e-06,90.28762360501293,inf,-0.0010830393364357925,-0.0007233606237002364,30.414942790182845,False
vector_thrust,hover_descent,0.0,-2.648136543387879,0.0,-1.2668762557313184e-05,90.28774957155198,inf,-0.0018954990540672675,-0.0007233419959410705,30.44399858224068,False
vector_thrust,hover_descent,0.0,-2.648139883659125,0.0,-9.057212766403334e-06,90.28766577992722,inf,-0.0013547299219764937,-0.0007233179754937552,30.485985418269617,False
vector_thrust,hover_descent,0.0,-2.6481644931259956,0.0,1.7550900281894955e-05,90.28704859490998,-inf,0.002624283964350258,-0.0007232970267317617,30.53258729045938,False
vector_thrust,hover_descent,0.0,-2.648185298221498,0.0,4.0045671746714365e-05,90.28652682834894,-inf,0.005985947703674909,-0.0007232777813719983,30.574574126488315,False
vector_thrust,hover_descent,0.0,-2.6482078097686057,0.0,6.438548347421096e-05,90.28596228467588,-inf,0.009622097786423643,-0.0007232666804877513,30.60362991854615,False
vector_thrust,hover_descent,0.0,-2.648205945932127,0.0,6.237027640048921e-05,90.28600901854011,-inf,0.00932027262412626,-0.0007232600155472534,30.613999810669927,False
