eVTOL_type,mission_segment,propeller_throttle,lift_throttle,propeller_rpm,propeller_thrust_N,propeller_torque_N_m,propeller_efficiency,propeller_motor_efficiency,propeller_power_coefficient,lift_rotor_rpm,lift_thrust_N,lift_torque_N_m,lift_efficiency,lift_motor_efficiency,lift_power_coefficient,propeller_tip_mach,lift_tip_mach,time_min,fesibility
lift_and_cruse,hover_climb,0.0,0.7517246016963529,0.0,5.089149020120187e-12,-5.991188445325284,0.0,,0.0,2370.218402600249,10898.142946353893,57.298852066538565,0.1404677552114057,0.8462907081886909,0.012998717995092704,0.0,0.6224947571669057,0.0,True
lift_and_cruse,hover_climb,0.0,0.7517490388952087,0.0,5.089147826487594e-12,-5.991188445325284,0.0,,0.0,2370.2861776151417,10898.140390252946,57.298784236207,0.1404638711146881,0.8462925036448057,0.012998900942770817,0.0,0.6225178554458674,0.005717513193283924,True
lift_and_cruse,hover_climb,0.0,0.7518175259893066,0.0,5.0891444468667925e-12,-5.991188445325284,0.0,,0.0,2370.4761219358365,10898.13315297409,57.29859488748343,0.1404529866717267,0.8462975351924451,0.012999413451301945,0.0,0.6225825889933496,0.021737629164508172,True
lift_and_cruse,hover_climb,0.0,0.7519165393300626,0.0,5.089139563241035e-12,-5.991188445325284,0.0,,0.0,2370.7507374311344,10898.12269494832,57.298321290868785,0.14043725306071878,0.8463048082991699,0.013000153088358848,0.0,0.6226761739883121,0.04488736747174301,True
lift_and_cruse,hover_climb,0.0,0.7520265003366774,0.0,5.089134142925517e-12,-5.991188445325284,0.0,,0.0,2371.055728486322,10898.111087629868,57.298017647900686,0.14041978298148738,0.8463128840285177,0.01300097269759725,0.0,0.6227801040208435,0.07058163853033202,True
lift_and_cruse,hover_climb,0.0,0.7521256298432426,0.0,5.089129259466629e-12,-5.991188445325284,0.0,,0.0,2371.3306877308487,10898.10062996144,57.297744096711405,0.14040403661660603,0.8463201628761436,0.013001709946959381,0.0,0.6228737944396503,0.09373137683756685,True
lift_and_cruse,hover_climb,0.0,0.7521942617934472,0.0,5.089125880049725e-12,-5.991188445325284,0.0,,0.0,2371.521060699132,10898.09339311922,57.29755480454003,0.14039313626982886,0.8463252015825315,0.013002219478070624,0.0,0.6229386594483312,0.1097514928087911,True
lift_and_cruse,hover_climb,0.0,0.7522187626286333,0.0,5.089124673959328e-12,-5.991188445325284,0.0,,0.0,2371.5890228840285,10898.090810340545,57.29748724906246,0.1403892452843688,0.8463270001899986,0.01300240119675954,0.0,0.6229618152885735,0.11546900600207503,True
lift_and_cruse,dep_transition,0.7433876422708462,0.7749792410003524,1063.4226134569142,1811.6640135886753,663.5964278954958,0.7234493131145843,0.9551910388302445,0.2454194851673324,2389.030555584731,11508.928799362431,57.86029560189167,0.03412818310198296,0.8469263478784865,0.01293910055635789,0.34917078555015796,0.6275433042260756,0.11546900600207503,True
lift_and_cruse,dep_transition,0.7470018480043092,0.7719287157977545,1067.7920132776262,1832.2552898734398,670.1898247206277,0.7221229263679445,0.9550776324189901,0.24583718358343398,2378.67426582758,11443.640766990167,57.46669034348789,0.030943141881165464,0.8465574461468122,0.01296341370142501,0.3506060584439629,0.6248240093903461,0.11627762906134446,True
lift_and_cruse,dep_transition,0.7569690870415049,0.7635010233876608,1079.786606576952,1889.2076758153314,688.3899128978428,0.7185270126345771,0.9547626676410623,0.24694449042712338,2350.139253875111,11259.394285712642,56.35744532457078,0.021794584025119627,0.8455067752103995,0.01302431484574488,0.35454613602799934,0.6173314516138259,0.11854334052515343,True
lift_and_cruse,dep_transition,0.7709651565416267,0.7515605832736956,1096.493123384044,1969.5422275385824,713.9748269279935,0.7136301014077135,0.9543162088775338,0.24839181330139942,2309.923651529956,10989.749478159738,54.737533390703284,0.00797941031466488,0.8439322849300438,0.013095022218215307,0.3600341753533121,0.6067718542117405,0.121817388450967,True
lift_and_cruse,dep_transition,0.7859487322925823,0.7385195597029511,1114.202493241819,2055.9311284913338,741.3810306346245,0.7085827779828281,0.9538348287970773,0.24980878641789073,2266.3182207224663,10685.797706585632,52.91632579401589,-0.008210189488792334,0.8420843358749799,0.013152019905923453,0.3658518573081152,0.595322114485764,0.12545130749351505,True
lift_and_cruse,dep_transition,0.7992940335696214,0.7271725305886526,1129.433914074661,2131.2100512868506,765.18019886527,0.7043610269420187,0.9534153494711388,0.2509354700198582,2227.6628951402413,10407.780840518746,51.25569369351162,-0.023610369289735863,0.8403068362227215,0.013186004447902482,0.3708556987635391,0.5851720719852446,0.1287253554193286,True
lift_and_cruse,dep_transition,0.8084049474166075,0.7194543715696252,1139.5839038730592,2181.8617140951337,781.154261776612,0.7016095499002709,0.9531334726818278,0.25164123707221364,2201.1424349983777,10213.09669680723,50.09638589047411,-0.03474529388224352,0.8390030999664049,0.01320072505086112,0.37419028792864656,0.5782083223356955,0.1309910668831376,True
lift_and_cruse,dep_transition,0.8116053943304374,0.7166967525576863,1143.1304394593296,2199.6499010210755,786.7571805144067,0.7006598943570524,0.9530345914846599,0.25187963159543086,2191.708460479917,10143.164066814186,49.680770547333694,-0.03881796521240704,0.838521628388058,0.013204341043211183,0.3753554567194321,0.5757311339331554,0.13179968994240704,True
lift_and_cruse,second_climb,0.8505138846724081,0.0,1212.7289734318704,1903.2904296851464,753.7652886225007,0.7936470897365617,0.9563886644884294,0.2144137043143084,0.0,-4.66171706512341e-13,-5.336658663347744,0.0,,0.0,0.39820865754804613,0.0,0.13179968994240704,True
lift_and_cruse,second_climb,0.8507200860251237,0.0,1212.846868825739,1903.3451357270797,753.7490683565801,0.7936030609994108,0.9563925850714154,0.21444199887546567,0.0,-4.661851056281706e-13,-5.336658663347744,0.0,,0.0,0.39826364692211247,0.0,0.1555671616458264,True
lift_and_cruse,second_climb,0.8512986826874059,0.0,1213.1775965335426,1903.4992189404775,753.7038350036964,0.7934795677039242,0.956403569758395,0.2145212739299362,0.0,-4.662228451309886e-13,-5.336658663347744,0.0,,0.0,0.39841787990447386,0.0,0.22216213749631086,True
lift_and_cruse,second_climb,0.8521369539451573,0.0,1213.6565329292823,1903.723946280703,753.6390295600121,0.7933007839091496,0.9564194416812357,0.2146358179645792,0.0,-4.662778874545662e-13,-5.336658663347744,0.0,,0.0,0.3986411598015385,0.0,0.3183946657928914,True
lift_and_cruse,second_climb,0.8530703881426888,0.0,1214.1895298782335,1903.9762412154023,753.5678700631939,0.7931018918166848,0.956437056467744,0.21476293376646657,0.0,-4.663396818914102e-13,-5.336658663347744,0.0,,0.0,0.3988895465668982,0.0,0.4252047140919222,True
lift_and_cruse,second_climb,0.8539141205067378,0.0,1214.6710253710824,1904.2061342953466,753.504446723311,0.7929222852426332,0.9564529255169019,0.21487744231239186,0.0,-4.663959894563102e-13,-5.336658663347744,0.0,,0.0,0.3991138459455774,0.0,0.5214372423885026,True
lift_and_cruse,second_climb,0.8544995269419369,0.0,1215.0049438571662,1904.3666570771697,753.4609384993207,0.7927977660670185,0.9564639065505894,0.2149566737172112,0.0,-4.664353061985002e-13,-5.336658663347744,0.0,,0.0,0.3992693500824469,0.0,0.588032218238987,True
lift_and_cruse,second_climb,0.8547087593111569,0.0,1215.1242598717308,1904.424232368901,753.4454844408735,0.7927532805614128,0.9564678255787742,0.21498494820152933,0.0,-4.66449408077846e-13,-5.336658663347744,0.0,,0.0,0.3993249053679734,0.0,0.6117996899424065,True
lift_and_cruse,departure_terminal_procedures,0.7696232281987349,0.0,1127.052652687808,1215.6483633493183,523.3627616507667,0.8462362506692677,0.9617482147552419,0.17358492687797403,0.0,-2.9774797541289223e-13,-5.336658663347744,0.0,,0.0,0.3703820331319785,0.0,0.6117996899424065,True
lift_and_cruse,departure_terminal_procedures,0.7697373271795273,0.0,1127.052652909537,1215.648364411009,523.3627620449366,0.8462362506121718,0.961748214749085,0.17358492694041258,0.0,-2.977479756729315e-13,-5.336658663347744,0.0,,0.0,0.37038203320484514,0.0,0.6479499779982175,True
lift_and_cruse,departure_terminal_procedures,0.7700572716720492,0.0,1127.0526529095325,1215.648364410987,523.3627620450126,0.846236250612173,0.9617482147490828,0.1735849269404243,0.0,-2.977479756729261e-13,-5.336658663347744,0.0,,0.0,0.37038203320484364,0.0,0.7492408342620093,True
lift_and_cruse,departure_terminal_procedures,0.7705202486581914,0.0,1127.052652909535,1215.6483644109996,523.3627620449548,0.8462362506121722,0.9617482147490845,0.17358492694042388,0.0,-2.9774797567292916e-13,-5.336658663347744,0.0,,0.0,0.3703820332048444,0.0,0.8956103623999085,True
lift_and_cruse,departure_terminal_procedures,0.7710350078099307,0.0,1127.0526529095362,1215.6483644110044,523.3627620449336,0.8462362506121721,0.961748214749085,0.17358492694041425,0.0,-2.9774797567293037e-13,-5.336658663347744,0.0,,0.0,0.3703820332048448,0.0,1.0580682822597456,True
lift_and_cruse,departure_terminal_procedures,0.7714995971956947,0.0,1127.0526529095334,1215.6483644109912,523.3627620449639,0.8462362506121729,0.9617482147490841,0.17358492694042318,0.0,-2.9774797567292714e-13,-5.336658663347744,0.0,,0.0,0.370382033204844,0.0,1.2044378103976445,True
lift_and_cruse,departure_terminal_procedures,0.7718215523298442,0.0,1127.0526529095312,1215.6483644109799,523.3627620449791,0.8462362506121733,0.9617482147490837,0.1735849269404205,0.0,-2.9774797567292436e-13,-5.336658663347744,0.0,,0.0,0.37038203320484314,0.0,1.3057286666614365,True
lift_and_cruse,departure_terminal_procedures,0.7719365459415676,0.0,1127.0526529053625,1215.648364391018,523.3627620378983,0.8462362506132471,0.96174821474919,0.17358492693935562,0.0,-2.977479756680351e-13,-5.336658663347744,0.0,,0.0,0.3703820332034732,0.0,1.3418789547172476,True
lift_and_cruse,accel_climb,0.8548394347416127,0.0,1204.5215710055677,2107.014905114343,800.6397495178713,0.7575177785141094,0.9544612694150312,0.232490701241646,0.0,-5.160698118608088e-13,-5.336658663347744,0.0,,0.0,0.3958405557685558,0.0,1.3418789547172476,True
lift_and_cruse,accel_climb,0.8583016044327916,0.0,1208.9291344855337,2084.221985554316,797.0352706560066,0.7630465146594532,0.9547260722469584,0.2301602130640953,0.0,-5.104871566643268e-13,-5.336658663347744,0.0,,0.0,0.39737035236837465,0.0,1.4607163132343444,True
lift_and_cruse,accel_climb,0.8698272054304567,0.0,1223.441881913401,2029.6491596683663,788.9629981151334,0.7772197309793336,0.9554465485651747,0.22354577621662416,0.0,-4.97120669355996e-13,-5.336658663347744,0.0,,0.0,0.40237156066720603,0.0,1.7936911924867667,True
lift_and_cruse,accel_climb,0.8909781734149287,0.0,1249.5794635454174,1970.2046229069824,781.1406652996002,0.7949039679397522,0.9564643385899896,0.2136725901774723,0.0,-4.825609570216708e-13,-5.336658663347744,0.0,,0.0,0.41130935287695747,0.0,2.2748538339696696,True
lift_and_cruse,accel_climb,0.9198739906182947,0.0,1284.3107759382285,1928.0622028358255,778.4257653301313,0.8109323263367947,0.9574925950102444,0.20316014466251353,0.0,-4.722390410519777e-13,-5.336658663347744,0.0,,0.0,0.4231320798817818,0.0,2.808904075464824,True
lift_and_cruse,accel_climb,0.9495804644165168,0.0,1318.768280151408,1908.3590363584644,781.9658740896446,0.822361898112324,0.9582574960284062,0.19493680199477115,0.0,-4.674131571000642e-13,-5.336658663347744,0.0,,0.0,0.43484686413438944,0.0,3.290066716947726,True
lift_and_cruse,accel_climb,0.9718084327975847,0.0,1343.7249285183852,1903.1915952540737,787.6421536677774,0.8287441820046516,0.9586893617855663,0.19005820787348482,0.0,-4.661474990584093e-13,-5.336658663347744,0.0,,0.0,0.44333202144978007,0.0,3.6230415962001485,True
lift_and_cruse,accel_climb,0.9800640867712187,0.0,1352.8282754263532,1902.83713302734,790.2385425544164,0.8307650458196003,0.9588266379082097,0.1884577484143301,0.0,-4.660606808521317e-13,-5.336658663347744,0.0,,0.0,0.44642756750789714,0.0,3.7418789547172455,True
lift_and_cruse,cruise_0,0.8579831681368852,0.0,1227.0505846123644,1247.3668084538208,550.2713531702999,0.8590235769994021,0.9631940388496268,0.15951190616154898,0.0,-3.055167538671243e-13,-5.336658663347744,0.0,,0.0,0.4049214653833292,0.0,3.7418789547172455,True
lift_and_cruse,cruise_0,0.8580176018638958,0.0,1227.0505846146557,1247.3668084655292,550.2713531748188,0.859023576998843,0.9631940388495535,0.15951190616226021,0.0,-3.05516753869992e-13,-5.336658663347744,0.0,,0.0,0.4049214653840853,0.0,3.7501315490587106,True
lift_and_cruse,cruise_0,0.8581141048048772,0.0,1227.050584614656,1247.3668084655305,550.2713531748188,0.8590235769988429,0.9631940388495535,0.1595119061622563,0.0,-3.055167538699923e-13,-5.336658663347744,0.0,,0.0,0.40492146538408536,0.0,3.773254804562351,True
lift_and_cruse,cruise_0,0.8582536118981178,0.0,1227.0505846229357,1247.3668085078389,550.2713531910047,0.8590235769968215,0.963194038849292,0.15951190616481148,0.0,-3.055167538803549e-13,-5.336658663347744,0.0,,0.0,0.40492146538681767,0.0,3.8066688768875525,True
lift_and_cruse,cruise_0,0.8584085312762215,0.0,1227.0505846146589,1247.366808465546,550.2713531747672,0.859023576998842,0.9631940388495549,0.15951190616225405,0.0,-3.055167538699961e-13,-5.336658663347744,0.0,,0.0,0.40492146538408635,0.0,3.843755699213605,True
lift_and_cruse,cruise_0,0.8585481791574706,0.0,1227.050584614659,1247.3668084655478,550.2713531747551,0.8590235769988417,0.9631940388495551,0.15951190616224595,0.0,-3.0551675386999654e-13,-5.336658663347744,0.0,,0.0,0.40492146538408635,0.0,3.8771697715388065,True
lift_and_cruse,cruise_0,0.8586014605618164,0.0,1227.0505846087683,1247.3668084354458,550.2713531632463,0.8590235770002801,0.9631940388497411,0.15951190616044164,0.0,-3.055167538626237e-13,-5.336658663347744,0.0,,0.0,0.40492146538214246,0.0,3.900293027042447,True
lift_and_cruse,cruise_0,0.8586140344793026,0.0,1227.0505846140911,1247.3668084626443,550.2713531736549,0.8590235769989806,0.963194038849573,0.15951190616206573,0.0,-3.055167538692854e-13,-5.336658663347744,0.0,,0.0,0.404921465383899,0.0,3.908545621383912,True
lift_and_cruse,cruise_1,0.8304090097290666,0.0,1189.2863183117202,1226.7584359444295,536.0461513197099,0.853915552853213,0.9627827750924466,0.16541331707279114,0.0,-3.004691583812718e-13,-5.336658663347744,0.0,,0.0,0.3924594183892243,0.0,3.908545621383912,True
lift_and_cruse,cruise_1,0.8304208192507134,0.0,1189.2863183116963,1226.7584359443122,536.0461513196066,0.8539155528532186,0.962782775092449,0.16541331707276893,0.0,-3.0046915838124306e-13,-5.336658663347744,0.0,,0.0,0.39245941838921644,0.0,3.9167982157253776,True
lift_and_cruse,cruise_1,0.8304539192690648,0.0,1189.286318311694,1226.7584359442988,536.0461513196552,0.8539155528532197,0.9627827750924477,0.16541331707277712,0.0,-3.004691583812398e-13,-5.336658663347744,0.0,,0.0,0.39245941838921566,0.0,3.939921471229018,True
lift_and_cruse,cruise_1,0.830501777463364,0.0,1189.286318311693,1226.758435944295,536.0461513195519,0.8539155528532197,0.9627827750924505,0.1654133170727655,0.0,-3.004691583812388e-13,-5.336658663347744,0.0,,0.0,0.3924594183892154,0.0,3.9733355435542195,True
lift_and_cruse,cruise_1,0.8305549338292859,0.0,1189.2863183116976,1226.758435944317,536.0461513196278,0.8539155528532186,0.9627827750924485,0.1654133170727717,0.0,-3.0046915838124423e-13,-5.336658663347744,0.0,,0.0,0.39245941838921683,0.0,4.010422365880272,True
lift_and_cruse,cruise_1,0.8306028601149282,0.0,1189.2863183117017,1226.7584359443385,536.0461513195853,0.8539155528532174,0.9627827750924497,0.1654133170727613,0.0,-3.0046915838124953e-13,-5.336658663347744,0.0,,0.0,0.3924594183892183,0.0,4.0438364382054734,True
lift_and_cruse,cruise_1,0.8306360450418154,0.0,1189.2863183117024,1226.758435944341,536.0461513196066,0.8539155528532175,0.9627827750924491,0.1654133170727681,0.0,-3.0046915838125013e-13,-5.336658663347744,0.0,,0.0,0.3924594183892185,0.0,4.066959693709114,True
lift_and_cruse,cruise_1,0.830647892351344,0.0,1189.2863183116974,1226.7584359443167,536.0461513195822,0.8539155528532186,0.9627827750924496,0.1654133170727747,0.0,-3.004691583812442e-13,-5.336658663347744,0.0,,0.0,0.3924594183892168,0.0,4.075212288050579,True
lift_and_cruse,cruise_2,0.8588569166919955,0.0,1227.0505846590877,1247.3668086924054,550.2713534046477,0.8590235769880086,0.9631940388443304,0.15951190621733685,0.0,-3.055167539255606e-13,-5.336658663347744,0.0,,0.0,0.4049214653987477,0.0,4.075212288050579,True
lift_and_cruse,cruise_2,0.8589326965318058,0.0,1227.0505847193397,1247.3668090001524,550.2713534063981,0.8590235769733096,0.9631940388455283,0.15951190620216432,0.0,-3.055167540009369e-13,-5.336658663347744,0.0,,0.0,0.4049214654186305,0.0,4.124727854099369,True
lift_and_cruse,cruise_2,0.8591455147323827,0.0,1227.0505846851254,1247.3668088252746,550.271353174752,0.8590235769816666,0.9631940388510112,0.1595119061439186,0.0,-3.055167539581042e-13,-5.336658663347744,0.0,,0.0,0.40492146540734,0.0,4.263467387121212,True
lift_and_cruse,cruise_2,0.8594543193415486,0.0,1227.050584687653,1247.3668088381862,550.2713532305089,0.8590235769810499,0.9631940388495736,0.15951190615942623,0.0,-3.055167539612666e-13,-5.336658663347744,0.0,,0.0,0.4049214654081741,0.0,4.463951821072422,True
lift_and_cruse,cruise_2,0.8597988343669221,0.0,1227.050584688884,1247.3668088444579,550.2713532727117,0.8590235769807512,0.9631940388484713,0.15951190617135716,0.0,-3.0551675396280273e-13,-5.336658663347744,0.0,,0.0,0.40492146540858037,0.0,4.686472755028736,True
lift_and_cruse,cruise_2,0.8601108298390293,0.0,1227.0505846892006,1247.3668088460531,550.2713532965741,0.8590235769806754,0.9631940388478403,0.15951190617817934,0.0,-3.0551675396319345e-13,-5.336658663347744,0.0,,0.0,0.4049214654086848,0.0,4.886957188979946,True
lift_and_cruse,cruise_2,0.8603276270719165,0.0,1227.050584688993,1247.3668088449722,550.2713533051381,0.8590235769807275,0.9631940388476071,0.15951190618071884,0.0,-3.055167539629287e-13,-5.336658663347744,0.0,,0.0,0.4049214654086163,0.0,5.025696722001788,True
lift_and_cruse,cruise_2,0.8604051776987004,0.0,1227.0505846888645,1247.3668088443103,550.2713533065147,0.8590235769807596,0.9631940388475676,0.15951190618114705,0.0,-3.055167539627666e-13,-5.336658663347744,0.0,,0.0,0.4049214654085739,0.0,5.0752122880505794,True
lift_and_cruse,cruise_3,0.8157242631482603,0.0,1167.0069068168766,1219.112638104951,528.9180433391531,0.8502011735458624,0.9624945030839918,0.16950505873248334,0.0,-2.985964780110628e-13,-5.336658663347744,0.0,,0.0,0.3851073075117252,0.0,5.0752122880505794,True
lift_and_cruse,cruise_3,0.815735904770429,0.0,1167.006904884984,1219.1126288031735,528.9180415436949,0.8502011740357753,0.9624945030909553,0.16950505871828972,0.0,-2.985964757327844e-13,-5.336658663347744,0.0,,0.0,0.3851073068742088,0.0,5.083464882392045,True
lift_and_cruse,cruise_3,0.8157685378129328,0.0,1167.0069051592095,1219.1126301239485,528.9180414051066,0.8502011739661935,0.9624945031007814,0.16950505859422532,0.0,-2.9859647605628096e-13,-5.336658663347744,0.0,,0.0,0.385107306964702,0.0,5.1065881378956846,True
lift_and_cruse,cruise_3,0.8158157179642174,0.0,1167.0069054199157,1219.11263137961,528.9180412734046,0.8502011739000429,0.9624945031101217,0.16950505847628,0.0,-2.9859647636382933e-13,-5.336658663347744,0.0,,0.0,0.385107307050734,0.0,5.140002210220887,True
lift_and_cruse,cruise_3,0.8158681174316613,0.0,1167.0069057434505,1219.1126329378776,528.9180411093402,0.8502011738179498,0.9624945031217299,0.16950505832970866,0.0,-2.9859647674549477e-13,-5.336658663347744,0.0,,0.0,0.38510730715749913,0.0,5.177089032546938,True
lift_and_cruse,cruise_3,0.815915357848408,0.0,1167.0069060303686,1219.1126343197827,528.9180409634733,0.8502011737451479,0.9624945031320347,0.16950505819962572,0.0,-2.985964770839639e-13,-5.336658663347744,0.0,,0.0,0.3851073072521809,0.0,5.210503104872141,True
lift_and_cruse,cruise_3,0.8159480659596849,0.0,1167.0069062272696,1219.1126352681345,528.9180408632648,0.8502011736951868,0.9624945031391091,0.1695050581103057,0.0,-2.985964773162431e-13,-5.336658663347744,0.0,,0.0,0.3851073073171573,0.0,5.233626360375781,True
lift_and_cruse,cruise_3,0.8159597426474614,0.0,1167.0069062749412,1219.1126354977391,528.9180408390589,0.8502011736830908,0.9624945031408205,0.16950505808868446,0.0,-2.9859647737248e-13,-5.336658663347744,0.0,,0.0,0.38510730733288884,0.0,5.241878954717246,True
lift_and_cruse,cruise_4,0.8606480787567029,0.0,1227.0505846146616,1247.3668084655562,550.2713531747307,0.8590235769988416,0.9631940388495559,0.15951190616223895,0.0,-3.055167538699986e-13,-5.336658663347744,0.0,,0.0,0.4049214653840872,0.0,5.241878954717246,True
lift_and_cruse,cruise_4,0.8607649925864891,0.0,1227.0505846146461,1247.3668084654764,550.2713531747095,0.8590235769988456,0.9631940388495561,0.1595119061622343,0.0,-3.0551675386997907e-13,-5.336658663347744,0.0,,0.0,0.4049214653840821,0.0,5.316152303790432,True
lift_and_cruse,cruise_4,0.8610936976756145,0.0,1227.0505846146516,1247.3668084655048,550.2713531747551,0.8590235769988439,0.963194038849555,0.15951190616224833,0.0,-3.0551675386998604e-13,-5.336658663347744,0.0,,0.0,0.4049214653840839,0.0,5.524261603323196,True
lift_and_cruse,cruise_4,0.8615716157937707,0.0,1227.050584614659,1247.3668084655442,550.2713531747702,0.8590235769988421,0.9631940388495548,0.15951190616225067,0.0,-3.0551675386999563e-13,-5.336658663347744,0.0,,0.0,0.40492146538408635,0.0,5.824988254250011,True
lift_and_cruse,cruise_4,0.8621061334035793,0.0,1227.0505846146639,1247.366808465566,550.271353174752,0.8590235769988414,0.9631940388495553,0.1595119061622525,0.0,-3.05516753870001e-13,-5.336658663347744,0.0,,0.0,0.4049214653840881,0.0,6.158769655184482,True
lift_and_cruse,cruise_4,0.8625914025133157,0.0,1227.0505846146611,1247.3668084655533,550.2713531747398,0.8590235769988417,0.9631940388495557,0.15951190616223992,0.0,-3.055167538699979e-13,-5.336658663347744,0.0,,0.0,0.40492146538408713,0.0,6.459496306111296,True
lift_and_cruse,cruise_4,0.8629292744189667,0.0,1227.050584614657,1247.366808465532,550.2713531748097,0.8590235769988425,0.9631940388495537,0.15951190616225808,0.0,-3.0551675386999265e-13,-5.336658663347744,0.0,,0.0,0.4049214653840858,0.0,6.66760560564406,True
lift_and_cruse,cruise_4,0.8630502679658529,0.0,1227.0505846146618,1247.366808465557,550.2713531747247,0.8590235769988418,0.963194038849556,0.15951190616225083,0.0,-3.0551675386999876e-13,-5.336658663347744,0.0,,0.0,0.4049214653840873,0.0,6.741878954717246,True
lift_and_cruse,cruise_5,0.818286742155847,0.0,1167.0069048940236,1219.1126288486407,528.918039780268,0.850201174033298,0.9624945031396245,0.16950505815052871,0.0,-2.985964757439206e-13,-5.336658663347744,0.0,,0.0,0.3851073068771919,0.0,6.741878954717246,True
lift_and_cruse,cruise_5,0.8182987864110924,0.0,1167.0069048946239,1219.112628851529,528.9180397813226,0.8502011740331455,0.9624945031396087,0.16950505815069214,0.0,-2.9859647574462804e-13,-5.336658663347744,0.0,,0.0,0.3851073068773899,0.0,6.750131549058711,True
lift_and_cruse,cruise_5,0.818332543205752,0.0,1167.0069048946232,1219.1126288515272,528.9180397813255,0.8502011740331462,0.9624945031396086,0.16950505815069922,0.0,-2.985964757446276e-13,-5.336658663347744,0.0,,0.0,0.38510730687738975,0.0,6.7732548045623515,True
lift_and_cruse,cruise_5,0.8183813480445806,0.0,1167.0069048946227,1219.1126288515247,528.918039781362,0.8502011740331461,0.9624945031396076,0.1695050581506998,0.0,-2.98596475744627e-13,-5.336658663347744,0.0,,0.0,0.3851073068773896,0.0,6.806668876887554,True
lift_and_cruse,cruise_5,0.8184355517501858,0.0,1167.0069048948355,1219.1126288525493,528.9180397817875,0.8502011740330923,0.9624945031396005,0.16950505815077493,0.0,-2.9859647574487795e-13,-5.336658663347744,0.0,,0.0,0.3851073068774598,0.0,6.843755699213605,True
lift_and_cruse,cruise_5,0.8184844186309735,0.0,1167.0069048946225,1219.1126288515238,528.9180397813499,0.8502011740331462,0.9624945031396079,0.16950505815070133,0.0,-2.985964757446268e-13,-5.336658663347744,0.0,,0.0,0.3851073068773894,0.0,6.877169771538807,True
lift_and_cruse,cruise_5,0.8185182527909513,0.0,1167.0069048946223,1219.112628851521,528.9180397813469,0.8502011740331462,0.9624945031396079,0.16950505815070188,0.0,-2.985964757446261e-13,-5.336658663347744,0.0,,0.0,0.3851073068773894,0.0,6.900293027042448,True
lift_and_cruse,cruise_5,0.818530331476482,0.0,1167.0069048946223,1219.1126288515225,528.9180397813378,0.8502011740331461,0.9624945031396083,0.16950505815069336,0.0,-2.9859647574462643e-13,-5.336658663347744,0.0,,0.0,0.3851073068773894,0.0,6.9085456213839125,True
lift_and_cruse,cruise_6,0.8633024812287947,0.0,1227.0505846146577,1247.366808465536,550.2713531747946,0.8590235769988426,0.9631940388495541,0.1595119061622675,0.0,-3.0551675386999366e-13,-5.336658663347744,0.0,,0.0,0.40492146538408597,0.0,6.9085456213839125,True
lift_and_cruse,cruise_6,0.8635324189252953,0.0,1227.0505846143078,1247.3668084637466,550.2713531740894,0.859023576998928,0.9631940388495657,0.1595119061621327,0.0,-3.055167538695554e-13,-5.336658663347744,0.0,,0.0,0.4049214653839705,0.0,7.048839725188818,True
lift_and_cruse,cruise_6,0.8641808014656558,0.0,1227.0505846144508,1247.3668084644783,550.2713531743175,0.8590235769988931,0.9631940388495627,0.15951190616218122,0.0,-3.0551675386973456e-13,-5.336658663347744,0.0,,0.0,0.4049214653840177,0.0,7.441935068750707,True
lift_and_cruse,cruise_6,0.8651285426830264,0.0,1227.0505846146625,1247.36680846556,550.2713531747216,0.8590235769988412,0.9631940388495562,0.15951190616224645,0.0,-3.0551675386999957e-13,-5.336658663347744,0.0,,0.0,0.4049214653840875,0.0,8.009974298279134,True
lift_and_cruse,cruise_6,0.8661955438066524,0.0,1227.050584614626,1247.3668084653725,550.2713531747125,0.8590235769988503,0.9631940388495557,0.1595119061622455,0.0,-3.0551675386995363e-13,-5.336658663347744,0.0,,0.0,0.4049214653840755,0.0,8.640450277822024,True
lift_and_cruse,cruise_6,0.8674558502815481,0.0,1227.0505846174515,1247.36680847981,550.2713531802982,0.8590235769981608,0.9631940388494648,0.15951190616312041,0.0,-3.055167538734898e-13,-5.336658663347744,0.0,,0.0,0.40492146538500795,0.0,9.208489507350453,True
lift_and_cruse,cruise_6,0.868692609850254,0.0,1227.0505846146632,1247.3668084655633,550.2713531747125,0.8590235769988411,0.9631940388495565,0.15951190616224445,0.0,-3.0551675387000033e-13,-5.336658663347744,0.0,,0.0,0.40492146538408774,0.0,9.601584850912339,True
lift_and_cruse,cruise_6,0.8691353703799423,0.0,1227.0505846146598,1247.3668084655465,550.2713531747642,0.859023576998842,0.963194038849555,0.15951190616224256,0.0,-3.0551675386999624e-13,-5.336658663347744,0.0,,0.0,0.40492146538408663,0.0,9.741878954717246,True
lift_and_cruse,cruise_7,0.8241349605973294,0.0,1167.0068882268577,1219.1125486156948,528.9180097753706,0.8502011782583421,0.962494503598666,0.1695050533764322,0.0,-2.9859645609251654e-13,-5.336658663347744,0.0,,0.0,0.3851073013770981,0.0,9.741878954717246,True
lift_and_cruse,cruise_7,0.8241578760986162,0.0,1167.0069064882264,1219.1126365224304,528.918042686074,0.8502011736292168,0.9624945030947318,0.16950505861867476,0.0,-2.9859647762345703e-13,-5.336658663347744,0.0,,0.0,0.38510730740327204,0.0,9.750131549058711,True
lift_and_cruse,cruise_7,0.8242220494765097,0.0,1167.0069064865963,1219.1126365145847,528.9180426828709,0.85020117362963,0.9624945030947841,0.1695050586181071,0.0,-2.9859647762153534e-13,-5.336658663347744,0.0,,0.0,0.38510730740273413,0.0,9.773254804562352,True
lift_and_cruse,cruise_7,0.8243148109963376,0.0,1167.0069065080465,1219.1126366178196,528.9180427295443,0.8502011736241949,0.9624945030939718,0.16950505862682017,0.0,-2.9859647764682064e-13,-5.336658663347744,0.0,,0.0,0.3851073074098126,0.0,9.806668876887553,True
lift_and_cruse,cruise_7,0.8244178076485051,0.0,1167.0069065085647,1219.1126366203134,528.9180427308175,0.8502011736240632,0.9624945030939482,0.16950505862709705,0.0,-2.9859647764743143e-13,-5.336658663347744,0.0,,0.0,0.38510730740998356,0.0,9.843755699213606,True
lift_and_cruse,cruise_7,0.8245106397551178,0.0,1167.0069065504622,1219.1126368219586,528.918042821283,0.8502011736134466,0.9624945030923808,0.16950505864391552,0.0,-2.985964776968203e-13,-5.336658663347744,0.0,,0.0,0.38510730742380955,0.0,9.877169771538806,True
lift_and_cruse,cruise_7,0.8245749011221735,0.0,1167.0069065408934,1219.1126367759045,528.9180428014625,0.8502011736158716,0.9624945030927157,0.169505058640346,0.0,-2.9859647768554025e-13,-5.336658663347744,0.0,,0.0,0.3851073074206519,0.0,9.900293027042448,True
lift_and_cruse,cruise_7,0.8245978396481803,0.0,1167.0069065678438,1219.1126369056126,528.9180428587116,0.8502011736090422,0.9624945030917333,0.1695050586508584,0.0,-2.9859647771730956e-13,-5.336658663347744,0.0,,0.0,0.38510730742954535,0.0,9.908545621383913,True
lift_and_cruse,cruise_8,0.8696196645247656,0.0,1227.0505846146857,1247.3668084655158,550.2713531747489,0.859023576998849,0.9631940388495559,0.15951190616222818,0.0,-3.055167538699887e-13,-5.336658663347744,0.0,,0.0,0.4049214653840952,0.0,9.908545621383913,True
lift_and_cruse,cruise_8,0.8697241295054996,0.0,1227.0505846146518,1247.3668084653445,550.2713531751592,0.8590235769988573,0.9631940388495442,0.15951190616236627,0.0,-3.0551675386994676e-13,-5.336658663347744,0.0,,0.0,0.404921465384084,0.0,9.941555998749774,True
lift_and_cruse,cruise_8,0.8700170469569836,0.0,1227.050584614639,1247.3668084652782,550.2713531752595,0.8590235769988607,0.9631940388495412,0.15951190616239366,0.0,-3.055167538699305e-13,-5.336658663347744,0.0,,0.0,0.4049214653840798,0.0,10.034049020764336,True
lift_and_cruse,cruise_8,0.8704408802934739,0.0,1227.0505846146277,1247.3668084652218,550.2713531753354,0.8590235769988632,0.963194038849539,0.15951190616242225,0.0,-3.0551675386991667e-13,-5.336658663347744,0.0,,0.0,0.40492146538407603,0.0,10.167705310065141,True
lift_and_cruse,cruise_8,0.8709120694864815,0.0,1227.0505846146193,1247.3668084651758,550.271353175369,0.8590235769988652,0.963194038849538,0.15951190616243952,0.0,-3.0551675386990546e-13,-5.336658663347744,0.0,,0.0,0.40492146538407336,0.0,10.316052599369351,True
lift_and_cruse,cruise_8,0.8713372907816836,0.0,1227.050584614608,1247.3668084651183,550.2713531755087,0.8590235769988682,0.963194038849534,0.1595119061624686,0.0,-3.0551675386989133e-13,-5.336658663347744,0.0,,0.0,0.4049214653840695,0.0,10.449708888670157,True
lift_and_cruse,cruise_8,0.8716319389894535,0.0,1227.0505846146068,1247.3668084651122,550.2713531755087,0.8590235769988683,0.963194038849534,0.1595119061624773,0.0,-3.0551675386988986e-13,-5.336658663347744,0.0,,0.0,0.40492146538406915,0.0,10.54220191068472,True
lift_and_cruse,cruise_8,0.8717371742292579,0.0,1227.0505846146089,1247.3668084651222,550.2713531754662,0.8590235769988682,0.9631940388495351,0.15951190616245417,0.0,-3.055167538698923e-13,-5.336658663347744,0.0,,0.0,0.4049214653840698,0.0,10.57521228805058,True
lift_and_cruse,cruise_9,0.8266229346201541,0.0,1167.0069048945845,1219.1126288511769,528.9180397812253,0.8502011740331713,0.9624945031396105,0.16950505815067582,0.0,-2.985964757445418e-13,-5.336658663347744,0.0,,0.0,0.38510730687737693,0.0,10.57521228805058,True
lift_and_cruse,cruise_9,0.8266460600118604,0.0,1167.0069048946152,1219.1126288513249,528.91803978128,0.8502011740331636,0.9624945031396097,0.16950505815067987,0.0,-2.9859647574457806e-13,-5.336658663347744,0.0,,0.0,0.3851073068773871,0.0,10.583464882392043,True
lift_and_cruse,cruise_9,0.8267108668894817,0.0,1167.0069048946161,1219.1126288513294,528.918039781353,0.8502011740331633,0.9624945031396076,0.16950505815069625,0.0,-2.9859647574457917e-13,-5.336658663347744,0.0,,0.0,0.3851073068773874,0.0,10.606588137895685,True
lift_and_cruse,cruise_9,0.8268045441125697,0.0,1167.0069048946266,1219.1126288513785,528.9180397813012,0.8502011740331608,0.9624945031396094,0.16950505815068972,0.0,-2.985964757445912e-13,-5.336658663347744,0.0,,0.0,0.38510730687739086,0.0,10.640002210220885,True
lift_and_cruse,cruise_9,0.8269085575444327,0.0,1167.0069048946104,1219.1126288513008,528.9180397812861,0.850201174033165,0.9624945031396094,0.1695050581506826,0.0,-2.9859647574457215e-13,-5.336658663347744,0.0,,0.0,0.3851073068773855,0.0,10.67708903254694,True
lift_and_cruse,cruise_9,0.827002306063362,0.0,1167.0069048946102,1219.1126288512994,528.91803978128,0.8502011740331648,0.9624945031396096,0.16950505815068512,0.0,-2.985964757445718e-13,-5.336658663347744,0.0,,0.0,0.3851073068773855,0.0,10.71050310487214,True
lift_and_cruse,cruise_9,0.827067201845461,0.0,1167.006904894622,1219.1126288513574,528.9180397812921,0.8502011740331615,0.9624945031396095,0.16950505815067637,0.0,-2.98596475744586e-13,-5.336658663347744,0.0,,0.0,0.38510730687738937,0.0,10.733626360375782,True
lift_and_cruse,cruise_9,0.8270903668033401,0.0,1167.0069048946043,1219.1126288512714,528.9180397813165,0.8502011740331663,0.9624945031396085,0.16950505815068495,0.0,-2.9859647574456493e-13,-5.336658663347744,0.0,,0.0,0.3851073068773835,0.0,10.741878954717246,True
lift_and_cruse,cruise_10,0.8722259799090348,0.0,1227.050584439693,1247.3668075717794,550.2713524705932,0.8590235770415349,0.9631940388647557,0.15951190600361415,0.0,-3.055167536510864e-13,-5.336658663347744,0.0,,0.0,0.4049214653263484,0.0,10.741878954717246,True
lift_and_cruse,cruise_10,0.872463324603792,0.0,1227.05059192586,1247.3668458217476,550.2713689559644,0.8590235752141364,0.9631940385789274,0.1595119088360211,0.0,-3.0551676301962664e-13,-5.336658663347744,0.0,,0.0,0.4049214677967516,0.0,10.816152303790432,True
lift_and_cruse,cruise_10,0.8731294117884867,0.0,1227.050583590914,1247.3668032351302,550.271350451208,0.859023577248715,0.9631940389011784,0.15951190563891576,0.0,-3.055167525889137e-13,-5.336658663347744,0.0,,0.0,0.40492146504625487,0.0,11.024261603323197,True
lift_and_cruse,cruise_10,0.8740947886278274,0.0,1227.0505836323462,1247.3668034466298,550.2713508939595,0.859023577238617,0.9631940388902039,0.15951190575647353,0.0,-3.055167526407162e-13,-5.336658663347744,0.0,,0.0,0.4049214650599273,0.0,11.324988254250009,True
lift_and_cruse,cruise_10,0.8751702212309167,0.0,1227.0505836757602,1247.3668036682398,550.2713513302836,0.8590235772280366,0.9631940388794422,0.15951190587167172,0.0,-3.0551675269499496e-13,-5.336658663347744,0.0,,0.0,0.4049214650742538,0.0,11.658769655184482,True
lift_and_cruse,cruise_10,0.8761427188590533,0.0,1227.0505836973457,1247.3668037785455,550.2713514854012,0.8590235772227665,0.9631940388757435,0.1595119059110424,0.0,-3.0551675272201207e-13,-5.336658663347744,0.0,,0.0,0.4049214650813769,0.0,11.959496306111296,True
lift_and_cruse,cruise_10,0.8768176933237525,0.0,1227.0505838257739,1247.3668044350818,550.2713515553988,0.8590235771913887,0.9631940388765264,0.1595119058979206,0.0,-3.0551675288281707e-13,-5.336658663347744,0.0,,0.0,0.40492146512375765,0.0,12.167605605644061,True
lift_and_cruse,cruise_10,0.87705898316436,0.0,1227.0505841428273,1247.3668060549658,550.2713523062978,0.859023577114001,0.9631940388630126,0.15951190603316512,0.0,-3.055167532795742e-13,-5.336658663347744,0.0,,0.0,0.40492146522838396,0.0,12.241878954717246,True
lift_and_cruse,cruise_11,0.8317165201887755,0.0,1167.006904894624,1219.1126288513829,528.9180397812618,0.85020117403316,0.9624945031396104,0.16950505815068406,0.0,-2.9859647574459225e-13,-5.336658663347744,0.0,,0.0,0.38510730687739003,0.0,12.241878954717246,True
lift_and_cruse,cruise_11,0.8317401095775723,0.0,1167.0069048946095,1219.1126288513124,528.918039781283,0.8502011740331638,0.9624945031396094,0.16950505815067818,0.0,-2.98596475744575e-13,-5.336658663347744,0.0,,0.0,0.38510730687738526,0.0,12.250131549058711,True
lift_and_cruse,cruise_11,0.8318062167746164,0.0,1167.0069048946036,1219.1126288512842,528.9180397812709,0.8502011740331652,0.9624945031396097,0.16950505815067954,0.0,-2.9859647574456806e-13,-5.336658663347744,0.0,,0.0,0.3851073068773833,0.0,12.273254804562352,True
lift_and_cruse,cruise_11,0.8319017736084476,0.0,1167.0069048946011,1219.1126288512721,528.9180397812618,0.8502011740331656,0.9624945031396098,0.1695050581506754,0.0,-2.9859647574456514e-13,-5.336658663347744,0.0,,0.0,0.3851073068773825,0.0,12.306668876887553,True
lift_and_cruse,cruise_11,0.8320078740741794,0.0,1167.0069048945988,1219.1126288512592,528.9180397812436,0.8502011740331662,0.9624945031396103,0.16950505815067626,0.0,-2.9859647574456196e-13,-5.336658663347744,0.0,,0.0,0.3851073068773817,0.0,12.343755699213606,True
lift_and_cruse,cruise_11,0.8321035036876092,0.0,1167.006904894607,1219.1126288513,528.9180397812496,0.8502011740331642,0.9624945031396103,0.16950505815068007,0.0,-2.9859647574457195e-13,-5.336658663347744,0.0,,0.0,0.3851073068773844,0.0,12.377169771538806,True
lift_and_cruse,cruise_11,0.8321697016393061,0.0,1167.0069048945857,1219.1126288511978,528.9180397812344,0.8502011740331692,0.9624945031396103,0.16950505815067116,0.0,-2.985964757445469e-13,-5.336658663347744,0.0,,0.0,0.3851073068773774,0.0,12.400293027042448,True
lift_and_cruse,cruise_11,0.8321933314177525,0.0,1167.0069048946007,1219.1126288512698,528.9180397812253,0.8502011740331656,0.9624945031396108,0.16950505815066647,0.0,-2.985964757445646e-13,-5.336658663347744,0.0,,0.0,0.3851073068773823,0.0,12.408545621383913,True
lift_and_cruse,cruise_12,0.8775570282387248,0.0,1227.0505846147144,1247.3668084655792,550.2713531747976,0.8590235769988489,0.9631940388495552,0.15951190616224542,0.0,-3.055167538700042e-13,-5.336658663347744,0.0,,0.0,0.4049214653841046,0.0,12.408545621383913,True
lift_and_cruse,cruise_12,0.8775838975018834,0.0,1227.0505846147105,1247.3668084655612,550.2713531748584,0.8590235769988498,0.9631940388495535,0.15951190616225447,0.0,-3.055167538699998e-13,-5.336658663347744,0.0,,0.0,0.40492146538410334,0.0,12.416798215725377,True
lift_and_cruse,cruise_12,0.8776591971743045,0.0,1227.050584614711,1247.366808465564,550.2713531748401,0.8590235769988499,0.963194038849554,0.15951190616225158,0.0,-3.055167538700005e-13,-5.336658663347744,0.0,,0.0,0.4049214653841035,0.0,12.439921471229018,True
lift_and_cruse,cruise_12,0.877768043957618,0.0,1227.05058461556,1247.3668084699013,550.2713531764933,0.8590235769986422,0.9631940388495274,0.15951190616250185,0.0,-3.0551675387106283e-13,-5.336658663347744,0.0,,0.0,0.4049214653843837,0.0,12.473335543554219,True
lift_and_cruse,cruise_12,0.8778889040669583,0.0,1227.0505846181443,1247.3668084831077,550.2713531815442,0.8590235769980112,0.9631940388494459,0.15951190616330152,0.0,-3.055167538742975e-13,-5.336658663347744,0.0,,0.0,0.4049214653852365,0.0,12.510422365880272,True
lift_and_cruse,cruise_12,0.8779978396850291,0.0,1227.0505846147134,1247.3668084655756,550.2713531748067,0.859023576998849,0.9631940388495549,0.1595119061622389,0.0,-3.0551675387000336e-13,-5.336658663347744,0.0,,0.0,0.40492146538410434,0.0,12.543836438205473,True
lift_and_cruse,cruise_12,0.8780732501375106,0.0,1227.050584614716,1247.3668084655897,550.2713531747733,0.8590235769988485,0.9631940388495559,0.15951190616224237,0.0,-3.055167538700068e-13,-5.336658663347744,0.0,,0.0,0.4049214653841052,0.0,12.566959693709116,True
lift_and_cruse,cruise_12,0.8781001687007706,0.0,1227.0505846129156,1247.36680845639,550.271353171248,0.8590235769992879,0.963194038849613,0.15951190616168706,0.0,-3.055167538677535e-13,-5.336658663347744,0.0,,0.0,0.4049214653835111,0.0,12.57521228805058,True
lift_and_cruse,cruise_13,0.8362293818115903,0.0,1171.7102686772548,1220.3935906648585,530.3400881590949,0.8510368247482144,0.9625583967548527,0.1685990481467548,0.0,-2.9891022090153283e-13,-5.336658663347744,0.0,,0.0,0.3866593968881661,0.0,12.57521228805058,True
lift_and_cruse,cruise_13,0.8367560085442552,0.0,1171.710268677258,1220.3935906648737,530.3400881591222,0.8510368247482133,0.962558396754852,0.16859904814677332,0.0,-2.9891022090153657e-13,-5.336658663347744,0.0,,0.0,0.38665939688816714,0.0,12.75676936356281,True
lift_and_cruse,cruise_13,0.838237131924521,0.0,1171.7102686772553,1220.3935906648612,530.3400881590949,0.8510368247482141,0.9625583967548527,0.16859904814675225,0.0,-2.989102209015335e-13,-5.336658663347744,0.0,,0.0,0.38665939688816625,0.0,13.2654809846429,True
lift_and_cruse,cruise_13,0.8403919252562364,0.0,1171.7102686772582,1220.3935906648749,530.340088159098,0.8510368247482135,0.9625583967548527,0.16859904814676283,0.0,-2.989102209015368e-13,-5.336658663347744,0.0,,0.0,0.38665939688816714,0.0,14.000590575797336,True
lift_and_cruse,cruise_13,0.842567106728123,0.0,1171.710268677254,1220.3935906648564,530.3400881590613,0.8510368247482145,0.9625583967548536,0.168599048146742,0.0,-2.9891022090153233e-13,-5.336658663347744,0.0,,0.0,0.38665939688816575,0.0,14.816500666970489,True
lift_and_cruse,cruise_13,0.8444351441485852,0.0,1171.7102686772594,1220.393590664881,530.3400881590705,0.8510368247482132,0.9625583967548533,0.16859904814675716,0.0,-2.9891022090153833e-13,-5.336658663347744,0.0,,0.0,0.3866593968881676,0.0,15.551610258124924,True
lift_and_cruse,cruise_13,0.8457338262994897,0.0,1171.7102686667115,1220.3935906138395,530.340088140028,0.8510368247508856,0.9625583967551451,0.16859904814373552,0.0,-2.9891022088903677e-13,-5.336658663347744,0.0,,0.0,0.3866593968846868,0.0,16.060321879205013,True
lift_and_cruse,cruise_13,0.8461985163896668,0.0,1171.7102686802004,1220.3935906791148,530.3400881644284,0.8510368247474678,0.9625583967547708,0.16859904814760393,0.0,-2.989102209050246e-13,-5.336658663347744,0.0,,0.0,0.3866593968891381,0.0,16.241878954717247,True
lift_and_cruse,cruise_14,0.08577060874915993,0.0,122.67349173452101,23.657901112486236,-0.46932507523388556,-1.0426306902436215,-0.0847664606707984,-0.013611733515428139,0.0,-5.794514574390175e-15,-5.336658663347744,0.0,,0.0,0.04048172965299888,0.0,16.241878954717247,False
lift_and_cruse,cruise_14,0.2506177990258091,0.0,356.2658047902987,61.27167459335527,29.832342660353454,0.8621675847432448,0.8277952013289638,0.10258413793760005,0.0,-1.500723203383015e-14,-5.336658663347744,0.0,,0.0,0.11756619780042049,0.0,16.25622154490685,False
lift_and_cruse,cruise_14,0.24130541652242066,0.0,342.91060798384467,39.76477467011279,20.510663466661644,0.8478755703770771,0.7703831421095814,0.07613055613343135,0.0,-9.739560803713877e-15,-5.336658663347744,0.0,,0.0,0.11315903975072976,0.0,16.296408589588292,False
lift_and_cruse,cruise_14,0.24469236491161833,0.0,347.26256670065817,57.58378471741709,27.874751014406456,0.863176803809824,0.8183325289731072,0.10088722790595328,0.0,-1.4103959527395023e-14,-5.336658663347744,0.0,,0.0,0.1145951675868585,0.0,16.354480551700647,False
lift_and_cruse,cruise_14,0.23667123088986042,0.0,338.134880173631,40.65724970381092,16.82314643116214,0.8520842433416718,0.7344390145024987,0.06421972092895589,0.0,-9.958154142381343e-15,-5.336658663347744,0.0,,0.0,0.11158306991914002,0.0,16.41893556694169,False
lift_and_cruse,cruise_14,0.24007008087359324,0.0,341.0474929617755,36.67606638778321,19.53716105920259,0.8423529657766435,0.7619118068130827,0.07331162869945464,0.0,-8.983045461422907e-15,-5.336658663347744,0.0,,0.0,0.11254421973077738,0.0,16.477007529054045,False
lift_and_cruse,cruise_14,0.250508861592698,0.0,355.7465992453244,65.72525995219905,31.450692185235905,0.8631814209434702,0.8347484685439883,0.10846505174938045,0.0,-1.6098045844717657e-14,-5.336658663347744,0.0,,0.0,0.11739486218252292,0.0,16.517194573735487,False
lift_and_cruse,cruise_14,0.25001266364046787,0.0,354.94630005051266,65.28823006519711,31.244398384199144,0.8632647121781849,0.8338844799647869,0.1082400523766417,0.0,-1.5991004394267927e-14,-5.336658663347744,0.0,,0.0,0.11713076685770742,0.0,16.53153716392509,False
lift_and_cruse,decel_descend,0.6370349912082536,0.0,898.2180990420088,545.2512202565964,251.15130181521647,0.8723919689606509,0.9603086664519611,0.1358666802276479,0.0,-1.3354803232368586e-13,-5.336658663347744,0.0,,0.0,0.29640814605277,0.0,16.53153716392509,True
lift_and_cruse,decel_descend,0.6368327854154162,0.0,897.8292481340812,544.6155449980781,250.95100782429893,0.8725017689956956,0.9602963879468192,0.13563753019359845,0.0,-1.3339233678955753e-13,-5.336658663347744,0.0,,0.0,0.29621870298328123,0.0,16.65037452244219,True
lift_and_cruse,decel_descend,0.636274061483937,0.0,896.7514607817827,542.8630317700354,250.4001783711139,0.87280419296461,0.9602623502189469,0.13499990731586925,0.0,-1.3296309484652036e-13,-5.336658663347744,0.0,,0.0,0.29569225048703857,0.0,16.98334940169461,True
lift_and_cruse,decel_descend,0.6354864939979928,0.0,895.2237044362622,540.4026938653758,249.63037964118217,0.8732280064677764,0.9602140991317138,0.13408983449702744,0.0,-1.323604858585679e-13,-5.336658663347744,0.0,,0.0,0.29494252879788047,0.0,17.464512043177514,True
lift_and_cruse,decel_descend,0.6346385881547744,0.0,893.5673693807663,537.7670828906022,248.81049599182927,0.8736809403586301,0.9601618011958236,0.13309490182287975,0.0,-1.3171494734975707e-13,-5.336658663347744,0.0,,0.0,0.2941250454046133,0.0,17.99856228467267,True
lift_and_cruse,decel_descend,0.6338971292345165,0.0,892.1088281560739,535.4736835417459,248.1012526139597,0.8740740691793433,0.9601157758896971,0.1322116736195724,0.0,-1.3115322651540838e-13,-5.336658663347744,0.0,,0.0,0.2934011225026543,0.0,18.47972492615557,True
lift_and_cruse,decel_descend,0.633395941052713,0.0,891.117412901678,533.929461447337,247.6259662429339,0.8743382077601243,0.9600845120967484,0.13160752486630675,0.0,-1.3077500118639027e-13,-5.336658663347744,0.0,,0.0,0.2929068629957577,0.0,18.812699805407995,True
lift_and_cruse,decel_descend,0.6332193549830627,0.0,890.7670232366831,533.3865279361075,247.45930343504216,0.874430961045172,0.9600734675454702,0.13139327206427984,0.0,-1.3064202082905487e-13,-5.336658663347744,0.0,,0.0,0.29273175510169497,0.0,18.931537163925093,True
lift_and_cruse,arrival_terminal_procedure,0.7686142325848819,0.0,1063.8155155870882,1247.354914668258,515.7306459217914,0.8260890632712726,0.9604315131541997,0.19199410844415227,0.0,-3.055138407298404e-13,-5.336658663347744,0.0,,0.0,0.34960048459211795,0.0,18.931537163925093,True
lift_and_cruse,arrival_terminal_procedure,0.7686939489482162,0.0,1063.8155091185067,1247.3548842431574,515.7306351900145,0.8260890653218856,0.9604315133200687,0.19199410678381054,0.0,-3.0551383327784e-13,-5.336658663347744,0.0,,0.0,0.34960048246635544,0.0,18.971457560364144,True
lift_and_cruse,arrival_terminal_procedure,0.768917755814338,0.0,1063.8155091185172,1247.354884243207,515.7306351900844,0.8260890653218822,0.9604315133200668,0.1919941067838304,0.0,-3.055138332778521e-13,-5.336658663347744,0.0,,0.0,0.34960048246635883,0.0,19.083312025575022,True
lift_and_cruse,arrival_terminal_procedure,0.7692425381671223,0.0,1063.8155091184956,1247.3548842431064,515.7306351900539,0.8260890653218892,0.9604315133200673,0.19199410678383164,0.0,-3.0551383327782753e-13,-5.336658663347744,0.0,,0.0,0.3496004824663517,0.0,19.24494641091771,True
lift_and_cruse,arrival_terminal_procedure,0.7696037271027877,0.0,1063.8155034583233,1247.354857620374,515.7306257994202,0.8260890671162271,0.9604315134652087,0.19199410533098363,0.0,-3.0551382675713873e-13,-5.336658663347744,0.0,,0.0,0.34960048060625576,0.0,19.42434704405945,True
lift_and_cruse,arrival_terminal_procedure,0.7699298000218014,0.0,1063.8155091184944,1247.354884243101,515.7306351899537,0.8260890653218897,0.9604315133200703,0.19199410678379847,0.0,-3.0551383327782617e-13,-5.336658663347744,0.0,,0.0,0.3496004824663514,0.0,19.58598142940214,True
lift_and_cruse,arrival_terminal_procedure,0.7701558038647123,0.0,1063.8155091184917,1247.354884243087,515.7306351900357,0.8260890653218904,0.9604315133200677,0.1919941067838159,0.0,-3.055138332778228e-13,-5.336658663347744,0.0,,0.0,0.34960048246635045,0.0,19.697835894613014,True
lift_and_cruse,arrival_terminal_procedure,0.7702365346668767,0.0,1063.815509118496,1247.3548842431073,515.730635190063,0.8260890653218892,0.9604315133200669,0.19199410678384057,0.0,-3.0551383327782774e-13,-5.336658663347744,0.0,,0.0,0.3496004824663519,0.0,19.737756291052065,True
lift_and_cruse,second_descent,0.6423355971074107,0.0,901.8904068257303,535.8378640969954,249.4369974527313,0.8754632659704641,0.9603275593312272,0.12919655654196227,0.0,-1.3124242502566798e-13,-5.336658663347744,0.0,,0.0,0.2963872200164822,0.0,19.737756291052065,True
lift_and_cruse,second_descent,0.6423037598199864,0.0,901.8242928532028,535.7431925523715,249.40911040356764,0.8754799314478808,0.9603256128789879,0.12915604408509396,0.0,-1.3121923718484917e-13,-5.336658663347744,0.0,,0.0,0.2963533614546262,0.0,19.761523762755484,True
lift_and_cruse,second_descent,0.6422147770942844,0.0,901.639379437331,535.4787058141003,249.33125380792842,0.8755264875560285,0.9603201703009376,0.1290426664548754,0.0,-1.31154456617361e-13,-5.336658663347744,0.0,,0.0,0.296258618890889,0.0,19.82811873860597,True
lift_and_cruse,second_descent,0.6420867743647968,0.0,901.3730397979887,535.0985362211769,249.21947951715313,0.8755934014793998,0.9603123349200027,0.1288791842347396,0.0,-1.3106134192233966e-13,-5.336658663347744,0.0,,0.0,0.29612204214008014,0.0,19.924351266902548,True
lift_and_cruse,second_descent,0.641945504802652,0.0,901.0786234933396,534.6793834656144,249.09643370669238,0.8756671733520728,0.9603036791174187,0.12869822229168804,0.0,-1.3095867910624898e-13,-5.336658663347744,0.0,,0.0,0.2959709092281458,0.0,20.031161315201583,True
lift_and_cruse,second_descent,0.6418189469999777,0.0,900.814440138424,534.3042663478194,248.98648850299634,0.8757331952918834,0.9602959174350433,0.12853562312986816,0.0,-1.3086680191072638e-13,-5.336658663347744,0.0,,0.0,0.29583515262133625,0.0,20.12739384349816,True
lift_and_cruse,second_descent,0.6417317660353475,0.0,900.6322155296194,534.0460798250112,248.9109125702028,0.8757786391289241,0.9602905667515107,0.12842334657047358,0.0,-1.3080356445097837e-13,-5.336658663347744,0.0,,0.0,0.29574143274958187,0.0,20.193988819348647,True
lift_and_cruse,second_descent,0.6417007305925184,0.0,900.5672981635928,533.9542120502093,248.8840405955298,0.8757948096068588,0.9602886611978269,0.12838332418482895,0.0,-1.3078106333570718e-13,-5.336658663347744,0.0,,0.0,0.29570802932048673,0.0,20.217756291052066,True
lift_and_cruse,app_transition,0.5644931473552482,0.0,787.8674268194039,706.5751757665973,291.1094202743806,0.8216448252760635,0.9582877387629267,0.1961976860664279,0.0,-1.730610054719084e-13,-5.336658663347744,0.0,,0.0,0.2587021809759818,0.0,20.217756291052066,True
lift_and_cruse,app_transition,0.5644856314501433,0.0,787.8566272787034,706.5438566398468,291.09907553397323,0.8216502314953896,0.9582874969270723,0.1961932488400408,0.0,-1.7305333449824296e-13,-5.336658663347744,0.0,,0.0,0.25869819431983637,0.0,20.218575298842175,True
lift_and_cruse,app_transition,0.5644645728568121,0.0,787.82636851218,706.4561079297386,291.07009221457855,0.8216653769249431,0.9582868191413991,0.19618081657847206,0.0,-1.7303184226285028e-13,-5.336658663347744,0.0,,0.0,0.2586870243207626,0.0,20.220870107675207,True
lift_and_cruse,app_transition,0.5644341436228443,0.0,787.7826456047602,706.3293217806023,291.0282153058096,0.8216872562980602,0.9582858392527341,0.19616285292224134,0.0,-1.730007886125071e-13,-5.336658663347744,0.0,,0.0,0.25867088415054434,0.0,20.224186202517796,True
lift_and_cruse,app_transition,0.5644003715410364,0.0,787.7341199899167,706.1886197151341,290.98174263871005,0.8217115317037859,0.9582847510216919,0.19614291681762888,0.0,-1.729663265456853e-13,-5.336658663347744,0.0,,0.0,0.2586529712224219,0.0,20.22786679011713,True
lift_and_cruse,app_transition,0.5643699455863765,0.0,787.6904027604721,706.0618695014106,290.93987869648606,0.8217333951010882,0.958283769985723,0.19612495685615663,0.0,-1.7293528169697974e-13,-5.336658663347744,0.0,,0.0,0.2586368334113629,0.0,20.23118288495972,True
lift_and_cruse,app_transition,0.5643488910822775,0.0,787.6601510742826,705.9741656020614,290.91091154590015,0.8217485206091282,0.958283090769386,0.1961125292017491,0.0,-1.7291380043705758e-13,-5.336658663347744,0.0,,0.0,0.2586256663541174,0.0,20.233477693792754,True
lift_and_cruse,app_transition,0.5643413769969456,0.0,787.6493546845127,705.9428664175505,290.90057400066365,0.8217539179626024,0.9582828482968259,0.19610809402539495,0.0,-1.7290613434783214e-13,-5.336658663347744,0.0,,0.0,0.2586216810071711,0.0,20.234296701582867,True
lift_and_cruse,hover_descent,0.0,0.7582030017095662,0.0,5.0891246778710105e-12,-5.991188445325284,0.0,,0.0,2253.480342728015,10898.090818717206,52.09881006663484,-0.1028571947372137,0.8413924602556219,0.013094445269253996,0.0,0.5919373852202253,20.234296701582867,True
lift_and_cruse,hover_descent,0.0,0.7581829031418906,0.0,5.089125883235145e-12,-5.991188445325284,0.0,,0.0,2253.402559792311,10898.093399940626,52.09875690099328,-0.10286087442741237,0.8413903335560626,0.01309438693315011,0.0,0.5919119138586253,20.24332903103604,True
lift_and_cruse,hover_descent,0.0,0.7581265972142472,0.0,5.089129261154198e-12,-5.991188445325284,0.0,,0.0,2253.1846515444263,10898.100633575279,52.098608062955144,-0.10287118439707497,0.8413843749728857,0.013094223360518726,0.0,0.591840556334905,20.268637055773116,True
lift_and_cruse,hover_descent,0.0,0.7580452559011921,0.0,5.08913414244434e-12,-5.991188445325284,0.0,,0.0,2252.8698550000922,10898.111086599452,52.098393070695764,-0.10288608198564989,0.8413757652242966,0.013093986623507392,0.0,0.5917374719564605,20.305208211112355,True
lift_and_cruse,hover_descent,0.0,0.757955005847454,0.0,5.089139560348803e-12,-5.991188445325284,0.0,,0.0,2252.5205817658107,10898.122688754756,52.09815456545935,-0.1029026160202342,0.8413662100308829,0.013093723355934922,0.0,0.5916230987672969,20.345799131223036,True
lift_and_cruse,hover_descent,0.0,0.7578737221906605,0.0,5.089144441789191e-12,-5.991188445325284,0.0,,0.0,2252.2060096994296,10898.133142100676,52.09793978674412,-0.10291751172820789,0.8413576019178889,0.013093485700782954,0.0,0.5915200897784052,20.38237028656227,True
lift_and_cruse,hover_descent,0.0,0.7578174881592397,0.0,5.089147819895721e-12,-5.991188445325284,0.0,,0.0,2251.9883813710912,10898.140376136798,52.09779121499378,-0.10292781935278901,0.8413516453742704,0.01309332098324791,0.0,0.5914488262639507,20.407678311299343,True
lift_and_cruse,hover_descent,0.0,0.7577974216361626,0.0,5.089149025537007e-12,-5.991188445325284,0.0,,0.0,2251.910723059113,10898.142957953725,52.09773820222128,-0.10293149799710019,0.8413495195987999,0.013093262145694496,0.0,0.5914233967529682,20.41671064075252,True
