eVTOL_type,mission_segment,propeller_throttle,propeller_rpm,propeller_thrust_N,propeller_torque_N_m,propeller_efficiency,propeller_motor_efficiency,propeller_power_coefficient,propeller_tip_mach,time_min,fesibility
vector_thrust,hover_climb,0.8830509866336403,1920.4172029466429,4.673708288515892e-12,113.89314762573734,0.10182781958245225,0.9235454393569857,0.03236390469398021,0.5244912987956868,0.0,True
vector_thrust,hover_climb,0.8830109988773979,1920.4847287721054,4.673707181911919e-12,113.89286412939022,0.10182446857744469,0.9235472311118745,0.03236389284795927,0.524514205260874,0.006746308023983338,True
vector_thrust,hover_climb,0.8829075134451638,1920.673951084889,4.673704079687802e-12,113.89206971266937,0.10181507955504626,0.9235522513495785,0.03236385962338696,0.5245783952552837,0.025649043053745227,True
vector_thrust,hover_climb,0.8827802063889345,1920.9474360600288,4.673699597328223e-12,113.89092167024631,0.10180151272051428,0.9235595054139315,0.03236381153150529,0.5246711722843544,0.05296428658980983,True
vector_thrust,hover_climb,0.882669586442769,1921.2510514879025,4.673694621278551e-12,113.8896471913967,0.10178645565022278,0.9235675563018106,0.03236375801266576,0.5247741743375217,0.08328191965038194,True
vector_thrust,hover_climb,0.8825974815424594,1921.5246629020853,4.673690138477119e-12,113.88849881733327,0.10177289056798308,0.9235748094175239,0.03236370969038982,0.5248670006779186,0.11059716318644654,True
vector_thrust,hover_climb,0.8825628422351119,1921.71404299546,4.673687036268843e-12,113.887704035945,0.10176350372499576,0.9235798284643434,0.032363676188579,0.5249312521935978,0.12949989821620844,True
vector_thrust,hover_climb,0.8825534974330795,1921.7816389222794,4.673685929085368e-12,113.88742036372471,0.10176015369577761,0.9235816196892458,0.032363664219282176,0.5249541860062047,0.1362462062401918,True
vector_thrust,second_climb,0.6040134498918757,1310.9113353888429,1981.6492171280252,81.73538251964864,0.8117353607299969,0.9117366696991012,0.04991757417670617,0.3580887542360308,0.1362462062401918,True
vector_thrust,second_climb,0.604047245650293,1310.9407303475473,1981.8350943012497,81.73799919645053,0.8117556100768397,0.9117372206752388,0.04993502503700427,0.3581120290897612,0.16100398926458698,True
vector_thrust,second_climb,0.6041484399155189,1311.0237277810281,1982.3575624828823,81.7453161291459,0.8118126937296878,0.911738792514793,0.049983904400744225,0.35817743107272115,0.23037375577550828,True
vector_thrust,second_climb,0.6043116143164451,1311.1453035797488,1983.1168409790785,81.75585228474795,0.8118960775942919,0.9117411361036768,0.05005449477686433,0.3582724244278701,0.330615972751113,True
vector_thrust,second_climb,0.6045162202356632,1311.2824964759182,1983.965556733519,81.76749860357044,0.8119898573811569,0.9117438357617913,0.050132788537640464,0.35837852562034633,0.44187643972927004,True
vector_thrust,second_climb,0.6047217854770193,1311.408116877661,1984.735653952145,81.7779518303722,0.8120754497907019,0.9117463553279885,0.05020328159492572,0.35847471573727496,0.5421186567048747,True
vector_thrust,second_climb,0.6048758486409349,1311.4961582996748,1985.271613004896,81.78516535071142,0.8121352872552907,0.911748146624527,0.050252039585919894,0.35854161017833985,0.6114884232157961,True
vector_thrust,second_climb,0.6049331764283649,1311.527798551017,1985.4634986980293,81.78773603378151,0.8121567623170917,0.9117487952809393,0.05026943641563874,0.35856554937584406,0.6362462062401912,True
vector_thrust,departure_terminal_procedures,0.5811166675235284,1292.3818317911964,1293.7857994604594,60.347726664919804,0.7509467699511678,0.9133853759341923,0.038198829582096035,0.35333113185366016,0.6362462062401912,True
vector_thrust,departure_terminal_procedures,0.5812193034402575,1292.3818317912728,1293.785799461499,60.34772666495117,0.7509467699512985,0.9133853759341966,0.03819882958211204,0.3533311318536811,0.6794161252116163,True
vector_thrust,departure_terminal_procedures,0.5815149291963225,1292.3818317914481,1293.785799463867,60.347726665031935,0.7509467699515944,0.9133853759342069,0.038198829582152496,0.353331131853729,0.8003755502292894,True
vector_thrust,departure_terminal_procedures,0.5819631377107198,1292.3818317914468,1293.785799463852,60.347726665033576,0.7509467699515912,0.9133853759342069,0.03819882958215289,0.3533311318537286,0.9751669836984653,True
vector_thrust,departure_terminal_procedures,0.5824898430328916,1292.3818317911994,1293.785799460499,60.34772666491653,0.7509467699511727,0.9133853759341922,0.038198829582094744,0.353331131853661,1.1691708385443211,True
vector_thrust,departure_terminal_procedures,0.5829908759531737,1292.3818317912005,1293.7857994605197,60.347726664915704,0.7509467699511756,0.9133853759341922,0.038198829582094654,0.35333113185366133,1.3439622720134967,True
vector_thrust,departure_terminal_procedures,0.5833656013732855,1292.38183179111,1293.78579945929,60.34772666487738,0.7509467699510226,0.9133853759341871,0.03819882958207523,0.3533311318536365,1.4649216970311698,True
vector_thrust,departure_terminal_procedures,0.5835350851945151,1292.3818317910443,1293.7857994583937,60.34772666484909,0.7509467699509115,0.9133853759341835,0.038198829582061375,0.3533311318536186,1.508091616002595,True
vector_thrust,accel_climb,0.6607866933195345,1435.4695119634846,1840.2178512771857,80.61360488663932,0.7852512876227722,0.9164114016908439,0.04136101867941983,0.39245063256616897,1.508091616002595,True
vector_thrust,accel_climb,0.6615480353325252,1435.5908870169421,1840.5742509565948,80.59954076073504,0.7854387179432908,0.9164177512639508,0.04141892344511554,0.39256417610392735,1.626928974519692,True
vector_thrust,accel_climb,0.6636637825039449,1435.9395470437562,1841.5928360694406,80.55999140931765,0.7859686038669961,0.9164358259928005,0.04158118335580231,0.3928849973169207,1.9599038537721143,True
vector_thrust,accel_climb,0.6648565760328191,1436.4657376709208,1843.1166927883305,80.50248333530966,0.7867464149457482,0.9164626797033103,0.04181569180383995,0.393355595596503,2.4410664952550167,True
vector_thrust,accel_climb,0.6650378410967035,1437.0807465875641,1844.8799803983677,80.43819382568398,0.7876260876488197,0.916493492666144,0.042076030278320985,0.3938876389193357,2.9751167367501714,True
vector_thrust,accel_climb,0.6655183669649715,1437.6627403770458,1846.5335003612904,80.37989774035874,0.7884329684622061,0.9165221494056007,0.04231064667280837,0.3943757676473892,3.456279378233073,True
vector_thrust,accel_climb,0.6660268638913149,1438.0809306539322,1847.7137498000116,80.33937209502157,0.7889990617218264,0.9165424696195639,0.04247304833143873,0.3947184339594137,3.789254257485496,True
vector_thrust,accel_climb,0.6662432980927689,1438.2332321440422,1848.1421191911318,80.32487606766004,0.78920259298935,0.9165498175263038,0.042531018767426966,0.3948416947398096,3.908091616002593,True
vector_thrust,cruise_0,0.6884093345135835,1505.2923018379947,1225.629924525611,62.32373967412462,0.7021827165999375,0.9192583934658762,0.030124939545460905,0.4132515855237708,3.908091616002593,True
vector_thrust,cruise_0,0.6884211047220785,1505.2923058962401,1225.6299849212319,62.32374176004644,0.7021827259979629,0.9192583937799043,0.030124940391283102,0.41325158663789074,3.914804535197512,True
vector_thrust,cruise_0,0.6884542443695447,1505.2923058962542,1225.6299849214495,62.323741760080054,0.7021827259980042,0.919258393779908,0.030124940391298635,0.41325158663789463,3.9336137168071623,True
vector_thrust,cruise_0,0.688502569233649,1505.2923058962888,1225.6299849219552,62.32374176013704,0.7021827259980787,0.9192583937799148,0.030124940391325922,0.4132515866379041,3.9607937717342803,True
vector_thrust,cruise_0,0.6885568105635964,1505.2923058963386,1225.6299849226825,62.323741760226824,0.702182725998192,0.9192583937799254,0.03012494039136816,0.4132515866379178,3.990961356759051,True
vector_thrust,cruise_0,0.6886062255888301,1505.292305896399,1225.629984923578,62.32374176032992,0.702182725998326,0.9192583937799377,0.03012494039141513,0.41325158663793443,4.01814141168617,True
vector_thrust,cruise_0,0.6886407246499562,1505.292305896449,1225.6299849243132,62.32374176040597,0.702182725998447,0.9192583937799469,0.03012494039144958,0.4132515866379482,4.03695059329582,True
vector_thrust,cruise_0,0.6886530972234433,1505.2923058964666,1225.629984924593,62.323741760438566,0.7021827259984935,0.9192583937799506,0.030124940391464027,0.413251586637953,4.043663512490738,True
vector_thrust,cruise_1,0.6563258073400822,1432.955673162533,1237.7057249160223,61.073669582108415,0.7197274328624846,0.9173610011614807,0.032576383063436735,0.3933928335358156,4.043663512490738,True
vector_thrust,cruise_1,0.6563365562147027,1432.955673162527,1237.705724915938,61.07366958210882,0.7197274328624741,0.9173610011614806,0.03257638306343654,0.39339283353581395,4.050376431685658,True
vector_thrust,cruise_1,0.6563667986851933,1432.9556731625305,1237.7057249159816,61.07366958211066,0.7197274328624789,0.9173610011614808,0.03257638306343811,0.3933928335358149,4.069185613295308,True
vector_thrust,cruise_1,0.6564108253925772,1432.9556731625298,1237.7057249159784,61.07366958211169,0.7197274328624794,0.917361001161481,0.032576383063438456,0.3933928335358148,4.096365668222425,True
vector_thrust,cruise_1,0.6564601415414202,1432.9556731625298,1237.7057249159784,61.073669582106156,0.7197274328624794,0.9173610011614803,0.03257638306343596,0.3933928335358148,4.126533253247197,True
vector_thrust,cruise_1,0.6565263376536816,1432.95567316253,1237.7057249159811,61.07366958211108,0.719727432862477,0.9173610011614809,0.032576383063438,0.3933928335358148,4.153713308174315,True
vector_thrust,cruise_1,0.6565814325335346,1432.9556731625312,1237.7057249159975,61.07366958211046,0.7197274328624805,0.9173610011614809,0.03257638306343783,0.3933928335358151,4.172522489783965,True
vector_thrust,cruise_1,0.6566011386067986,1432.9556731625287,1237.7057249159575,61.073669582112714,0.7197274328624745,0.917361001161481,0.03257638306343875,0.3933928335358144,4.179235408978885,True
vector_thrust,cruise_2,0.6489143893659083,1415.6952325710354,1242.8781184357094,60.84956137242153,0.7242480095364847,0.9168956048675748,0.03325311033508506,0.3886542824699756,4.179235408978885,True
vector_thrust,cruise_2,0.6489334006362956,1415.6952314170578,1242.8781023688073,60.84956124621968,0.7242480072,0.9168956048248259,0.03325311032033013,0.3886542821531713,4.1859483281738035,True
vector_thrust,cruise_2,0.6489867829808319,1415.6952314170574,1242.8781023688093,60.84956124621988,0.7242480072000017,0.916895604824826,0.03325311032032987,0.38865428215317116,4.2047575097834535,True
vector_thrust,cruise_2,0.6490642155627558,1415.6952314170583,1242.8781023688227,60.84956124621907,0.724248007200002,0.9168956048248258,0.03325311032032993,0.3886542821531714,4.231937564710572,True
vector_thrust,cruise_2,0.6491505650377881,1415.6952314170567,1242.8781023687966,60.8495612462207,0.7242480071999993,0.916895604824826,0.03325311032033023,0.388654282153171,4.262105149735342,True
vector_thrust,cruise_2,0.6492287292993999,1415.6952314170596,1242.8781023688398,60.84956124621886,0.724248007200004,0.9168956048248259,0.0332531103203299,0.3886542821531717,4.289285204662461,True
vector_thrust,cruise_2,0.6492830240361335,1415.6952314170585,1242.8781023688207,60.84956124621947,0.724248007200002,0.9168956048248259,0.03325311032033065,0.3886542821531715,4.308094386272112,True
vector_thrust,cruise_2,0.6493024419193363,1415.6952314170603,1242.8781023688457,60.84956124621784,0.7242480072000076,0.9168956048248259,0.03325311032032914,0.388654282153172,4.3148073054670295,True
vector_thrust,cruise_3,0.6493024289777566,1415.6952021300424,1242.8781304789982,60.8495611333019,0.724248017036837,0.9168956040553169,0.03325311163446166,0.38865427411293507,4.3148073054670295,True
vector_thrust,cruise_3,0.649321867480604,1415.69520081884,1242.8781122291089,60.84956096854924,0.7242480143829788,0.9168956040045636,0.033253111606025836,0.3886542737529675,4.321520224661948,True
vector_thrust,cruise_3,0.649376447834422,1415.6952008188402,1242.878112229103,60.84956096854883,0.7242480143829783,0.9168956040045636,0.03325311160602457,0.38865427375296757,4.340329406271599,True
vector_thrust,cruise_3,0.6494556133975385,1415.6952008188398,1242.8781122291018,60.849560968550065,0.7242480143829784,0.9168956040045636,0.033253111606025516,0.3886542737529675,4.3675094611987175,True
vector_thrust,cruise_3,0.649543888851855,1415.6952008188389,1242.8781122290861,60.84956096855047,0.7242480143829747,0.9168956040045637,0.03325311160602595,0.38865427375296724,4.397677046223488,True
vector_thrust,cruise_3,0.6496237906405125,1415.6952008188373,1242.878112229072,60.849560968552105,0.7242480143829734,0.9168956040045638,0.03325311160602497,0.38865427375296685,4.4248571011506055,True
vector_thrust,cruise_3,0.6496792890551555,1415.6952008188377,1242.8781122290684,60.849560968551295,0.7242480143829736,0.9168956040045637,0.033253111606025634,0.3886542737529669,4.443666282760257,True
vector_thrust,cruise_3,0.6496991367788727,1415.6952008188393,1242.878112229082,60.849560968550875,0.7242480143829774,0.9168956040045637,0.03325311160602499,0.38865427375296735,4.450379201955175,True
vector_thrust,cruise_4,0.6496991236245112,1415.6951710736091,1242.8781361649965,60.84956084829116,0.7242480236418678,0.9168956032224461,0.033253112937670214,0.3886542655869364,4.450379201955175,True
vector_thrust,cruise_4,0.649718992201186,1415.6951700653997,1242.8781221394647,60.84956068947305,0.7242480216024014,0.9168956031801404,0.033253112898243155,0.3886542653101502,4.457092121150094,True
vector_thrust,cruise_4,0.6497747780581946,1415.6951700654033,1242.8781221395018,60.84956068946855,0.7242480216024081,0.9168956031801402,0.03325311289824154,0.3886542653101512,4.475901302759745,True
vector_thrust,cruise_4,0.6498556874008172,1415.6951700654013,1242.8781221394772,60.84956068947142,0.7242480216024048,0.9168956031801404,0.033253112898242586,0.3886542653101506,4.503081357686863,True
vector_thrust,cruise_4,0.6499459009557056,1415.6951700654022,1242.878122139499,60.84956068947019,0.7242480216024062,0.9168956031801402,0.03325311289824324,0.38865426531015085,4.533248942711634,True
vector_thrust,cruise_4,0.650033908252672,1415.6951700654024,1242.8781221395002,60.84956068946896,0.724248021602406,0.9168956031801401,0.0332531128982431,0.38865426531015085,4.560428997638751,True
vector_thrust,cruise_4,0.6501084921228173,1415.6951700653995,1242.8781221394597,60.84956068947203,0.7242480216024011,0.9168956031801404,0.033253112898243564,0.3886542653101501,4.579238179248403,True
vector_thrust,cruise_4,0.6501351485675665,1415.6951700654004,1242.8781221394636,60.84956068947121,0.7242480216024022,0.9168956031801403,0.033253112898242676,0.38865426531015035,4.585951098443321,True
vector_thrust,cruise_5,0.6501351350847066,1415.695139704815,1242.878139761921,60.84956045058689,0.7242480299729113,0.9168956023699875,0.03325311419397124,0.3886542569751844,4.585951098443321,True
vector_thrust,cruise_5,0.6501618111405735,1415.6951391550256,1242.8781321003794,60.84956040897022,0.7242480288586648,0.9168956023515099,0.03325311419705522,0.3886542568242494,4.592664017638239,True
vector_thrust,cruise_5,0.6502366623958726,1415.6951391550253,1242.8781321003733,60.84956040897022,0.7242480288586622,0.9168956023515099,0.0332531141970557,0.38865425682424937,4.611473199247891,True
vector_thrust,cruise_5,0.6503451015973413,1415.6951391550233,1242.878132100349,60.849560408972884,0.724248028858659,0.9168956023515101,0.0332531141970558,0.38865425682424876,4.638653254175009,True
vector_thrust,cruise_5,0.6504658426391751,1415.6951391550253,1242.8781321003733,60.8495604089696,0.7242480288586622,0.9168956023515099,0.03325311419705389,0.38865425682424937,4.668820839199779,True
vector_thrust,cruise_5,0.6505749718872359,1415.6951391550238,1242.8781321003535,60.849560408971655,0.7242480288586596,0.9168956023515101,0.0332531141970554,0.3886542568242489,4.696000894126897,True
vector_thrust,cruise_5,0.6506506836190713,1415.6951391550274,1242.878132100407,60.849560408968166,0.7242480288586678,0.9168956023515098,0.03325311419705445,0.3886542568242499,4.7148100757365485,True
vector_thrust,cruise_5,0.6506777428832813,1415.6951391550242,1242.8781321003694,60.84956040897145,0.7242480288586621,0.91689560235151,0.033253114197055254,0.3886542568242491,4.721522994931466,True
vector_thrust,cruise_6,0.6506777299505863,1415.6951094695817,1242.8781612189457,60.849560815779036,0.7242480389286071,0.9168956016247424,0.033253115813925746,0.3886542486746318,4.721522994931466,True
vector_thrust,cruise_6,0.6507048083684963,1415.6951080859535,1242.8781421120268,60.849560127019004,0.7242480361521154,0.9168956015186244,0.03325311550252997,0.3886542482947809,4.728235914126385,True
vector_thrust,cruise_6,0.6507807896937261,1415.6951080859521,1242.8781421120052,60.84956012702003,0.7242480361521122,0.9168956015186244,0.033253115502530524,0.3886542482947805,4.747045095736037,True
vector_thrust,cruise_6,0.6508908642566936,1415.6951080859565,1242.8781421120707,60.849560127015515,0.7242480361521235,0.9168956015186241,0.033253115502529226,0.3886542482947817,4.774225150663154,True
vector_thrust,cruise_6,0.6510134236967824,1415.6951080859565,1242.8781421120707,60.84956012701613,0.7242480361521235,0.9168956015186241,0.0332531155025291,0.3886542482947817,4.804392735687925,True
vector_thrust,cruise_6,0.6511241942370787,1415.6951080859576,1242.878142112089,60.849560127014904,0.7242480361521253,0.916895601518624,0.03325311550252847,0.388654248294782,4.831572790615042,True
vector_thrust,cruise_6,0.6512010434344034,1415.6951080859606,1242.878142112124,60.84956012701285,0.7242480361521308,0.9168956015186239,0.033253115502528,0.3886542482947828,4.850381972224694,True
vector_thrust,cruise_6,0.6512285089842594,1415.6951080859553,1242.8781421120523,60.84956012701859,0.7242480361521199,0.9168956015186244,0.03325311550252991,0.38865424829478146,4.857094891419612,True
vector_thrust,cruise_7,0.6105753425915921,1332.711128598365,1281.7267138111915,60.408770484719966,0.7453402119540686,0.9145879192498518,0.03725137505777534,0.3658724529886831,4.857094891419612,True
vector_thrust,cruise_7,0.6106014148529278,1332.7111285983535,1281.7267138110424,60.408770484711766,0.7453402119540492,0.9145879192498508,0.03725137505777183,0.3658724529886799,4.863807810614531,True
vector_thrust,cruise_7,0.6106745287400013,1332.7111285983624,1281.7267138111615,60.408770484711965,0.7453402119540645,0.9145879192498512,0.03725137505777229,0.3658724529886824,4.882616992224182,True
vector_thrust,cruise_7,0.610780340818919,1332.7111285983678,1281.7267138112347,60.408770484717095,0.745340211954074,0.9145879192498517,0.03725137505777441,0.3658724529886838,4.9097970471513,True
vector_thrust,cruise_7,0.610898005108726,1332.7111285983567,1281.7267138110844,60.40877048471504,0.7453402119540556,0.9145879192498512,0.037251375057772596,0.3658724529886808,4.93996463217607,True
vector_thrust,cruise_7,0.6110042178144254,1332.7111285983678,1281.7267138112347,60.40877048471648,0.745340211954074,0.9145879192498517,0.03725137505777392,0.3658724529886838,4.967144687103188,True
vector_thrust,cruise_7,0.6110778312800322,1332.7111285983492,1281.726713810976,60.40877048471094,0.7453402119540413,0.9145879192498506,0.037251375057770396,0.3658724529886787,4.98595386871284,True
vector_thrust,cruise_7,0.6111041258766159,1332.711128598368,1281.7267138112345,60.408770484716676,0.7453402119540745,0.9145879192498517,0.037251375057774476,0.3658724529886839,4.9926667879077575,True
vector_thrust,cruise_8,0.6311044180074298,1372.659076596965,1259.833570050495,60.50642928406668,0.7351427265231363,0.9157179732794289,0.03517146937706558,0.37683946107653765,4.9926667879077575,True
vector_thrust,cruise_8,0.6311331160292809,1372.6590638666905,1259.8333966449477,60.50642348208157,0.7351427025784647,0.9157179723974792,0.03517146665683019,0.3768394575816642,4.999379707102676,True
vector_thrust,cruise_8,0.6312136682565518,1372.6590675834123,1259.8334472723077,60.50642517602029,0.7351427095693347,0.9157179726549722,0.03517146745102554,0.37683945860202495,5.018188888712328,True
vector_thrust,cruise_8,0.6313303059354557,1372.6590722017934,1259.833510181633,60.50642728091024,0.7351427182561566,0.9157179729749327,0.03517146843789504,0.3768394598699204,5.0453689436394455,True
vector_thrust,cruise_8,0.6314600931210759,1372.659076686619,1259.8335712717233,60.506429324930465,0.7351427266917686,0.9157179732856404,0.03517146939622419,0.37683946110115063,5.075536528664216,True
vector_thrust,cruise_8,0.6315773208097031,1372.6590766419454,1259.8335706632013,60.50642930457338,0.7351427266077408,0.9157179732825458,0.035171469386679644,0.3768394610888863,5.1027165835913335,True
vector_thrust,cruise_8,0.6316586115069389,1372.6590766419376,1259.8335706630928,60.50642930456559,0.7351427266077258,0.9157179732825449,0.035171469386675175,0.37683946108888416,5.121525765200985,True
vector_thrust,cruise_8,0.6316876569188759,1372.6590766419463,1259.833570663217,60.50642930457257,0.7351427266077425,0.9157179732825458,0.035171469386679144,0.37683946108888644,5.128238684395903,True
vector_thrust,cruise_9,0.6389705189795183,1386.8873406005969,1253.5336521796726,60.60221952630017,0.7314405374315772,0.9161121153810367,0.03450805827549806,0.3807455812709824,5.128238684395903,True
vector_thrust,cruise_9,0.6390005446854529,1386.8873406005996,1253.5336521797153,60.60221952630263,0.7314405374315811,0.916112115381037,0.034508058275499486,0.38074558127098324,5.134951603590822,True
vector_thrust,cruise_9,0.6390847811203513,1386.887340600598,1253.5336521796905,60.60221952629669,0.7314405374315798,0.9161121153810364,0.03450805827549619,0.38074558127098285,5.153760785200474,True
vector_thrust,cruise_9,0.6392067838993299,1386.8873406005973,1253.5336521796899,60.602219526297304,0.731440537431578,0.9161121153810364,0.03450805827549744,0.38074558127098257,5.180940840127591,True
vector_thrust,cruise_9,0.6393425827387406,1386.887340600594,1253.5336521796307,60.602219526300374,0.7314405374315703,0.9161121153810365,0.034508058275498604,0.3807455812709817,5.211108425152362,True
vector_thrust,cruise_9,0.6394652827793913,1386.887340600592,1253.533652179609,60.60221952629566,0.7314405374315688,0.9161121153810361,0.03450805827549592,0.3807455812709811,5.238288480079479,True
vector_thrust,cruise_9,0.6395503886966079,1386.8873406005994,1253.5336521797042,60.6022195262975,0.7314405374315813,0.9161121153810365,0.034508058275496634,0.3807455812709832,5.257097661689131,True
vector_thrust,cruise_9,0.6395808013625708,1386.8873406005998,1253.533652179718,60.602219526300374,0.7314405374315835,0.9161121153810368,0.03450805827549798,0.38074558127098335,5.26381058088405,True
vector_thrust,cruise_10,0.6438686213959081,1395.685181645422,1249.9831166366964,60.67445790640124,0.7291543194344808,0.9163537888248793,0.034114996437850036,0.3831608741390327,5.26381058088405,True
vector_thrust,cruise_10,0.6438960190090239,1395.685181645919,1249.9831166435274,60.67445790670461,0.7291543194354438,0.9163537888249224,0.034114996437995544,0.3831608741391691,5.270523500078967,True
vector_thrust,cruise_10,0.6439728876322502,1395.685181645917,1249.9831166435033,60.67445790670256,0.7291543194354403,0.916353788824922,0.03411499643799438,0.38316087413916855,5.289332681688619,True
vector_thrust,cruise_10,0.6440842324755692,1395.6851816459186,1249.9831166435306,60.67445790669907,0.729154319435443,0.9163537888249218,0.03411499643799319,0.38316087413916894,5.316512736615737,True
vector_thrust,cruise_10,0.6442081853305044,1395.685181645919,1249.9831166435274,60.67445790669989,0.7291543194354438,0.9163537888249218,0.03411499643799446,0.3831608741391691,5.346680321640507,True
vector_thrust,cruise_10,0.644320196420548,1395.685181645919,1249.9831166435274,60.67445790670338,0.7291543194354438,0.9163537888249222,0.03411499643799548,0.3831608741391691,5.373860376567625,True
vector_thrust,cruise_10,0.644397895842254,1395.6851816459175,1249.9831166435117,60.674457906701946,0.7291543194354423,0.916353788824922,0.03411499643799484,0.3831608741391686,5.392669558177277,True
vector_thrust,cruise_10,0.6444256631959884,1395.6851816459148,1249.9831166434747,60.674457906698656,0.7291543194354365,0.9163537888249216,0.03411499643799294,0.38316087413916794,5.399382477372195,True
vector_thrust,cruise_11,0.6472724342042595,1402.060052203721,1247.5752017472414,60.72874582370332,0.7275462296716267,0.91652758076917,0.033835721497744047,0.3849109829800259,5.399382477372195,True
vector_thrust,cruise_11,0.6473006131914473,1402.0600522042748,1247.5752017549542,60.728745823415736,0.7275462296727275,0.916527580769156,0.03383572149755648,0.384910982980178,5.406095396567113,True
vector_thrust,cruise_11,0.6473796746331976,1402.060052204278,1247.5752017549962,60.72874582341327,0.7275462296727345,0.9165275807691559,0.03383572149755581,0.38491098298017884,5.424904578176765,True
vector_thrust,cruise_11,0.6474941972082594,1402.060052204276,1247.5752017549707,60.728745823414705,0.7275462296727291,0.9165275807691559,0.03383572149755618,0.38491098298017834,5.452084633103882,True
vector_thrust,cruise_11,0.6476216895938026,1402.0600522042791,1247.575201755014,60.728745823411224,0.7275462296727359,0.9165275807691556,0.03383572149755537,0.3849109829801792,5.482252218128653,True
vector_thrust,cruise_11,0.6477369010003483,1402.0600522042794,1247.575201755024,60.728745823411636,0.7275462296727369,0.9165275807691557,0.033835721497555496,0.3849109829801793,5.50943227305577,True
vector_thrust,cruise_11,0.647816821403474,1402.0600522042776,1247.5752017549914,60.728745823412865,0.7275462296727331,0.9165275807691559,0.03383572149755649,0.3849109829801788,5.528241454665422,True
vector_thrust,cruise_11,0.6478453826652256,1402.060052204279,1247.5752017550096,60.72874582341204,0.7275462296727354,0.9165275807691557,0.033835721497555774,0.3849109829801791,5.534954373860341,True
vector_thrust,cruise_12,0.6500809193916438,1407.060808307031,1245.7815609042113,60.77234479426075,0.7263141245021522,0.9166631369998499,0.03361976090375453,0.38628385281134525,5.534954373860341,True
vector_thrust,cruise_12,0.650109816088982,1407.0608082100835,1245.781559565361,60.77234474915391,0.726314124309898,0.9166631369927889,0.033619760883433845,0.38628385278473,5.541667293055259,True
vector_thrust,cruise_12,0.650190891686125,1407.0608081887017,1245.7815592700763,60.772344739244,0.7263141242674952,0.9166631369912355,0.0336197608789726,0.38628385277886,5.5604764746649105,True
vector_thrust,cruise_12,0.6503083326717016,1407.060808157788,1245.7815588431558,60.772344724863906,0.7263141242061918,0.9166631369889843,0.03361976087249453,0.38628385277037314,5.587656529592028,True
vector_thrust,cruise_12,0.6504390751320193,1407.0608080561437,1245.7815574394424,60.7723446776265,0.7263141240046209,0.9166631369815866,0.03361976085122118,0.38628385274246857,5.617824114616798,True
vector_thrust,cruise_12,0.6505572245078244,1407.0608077717409,1245.7815535118305,60.77234454535748,0.7263141234406287,0.9166631369608783,0.0336197607916383,0.3862838526643907,5.645004169543916,True
vector_thrust,cruise_12,0.6506391836632023,1407.0608077610414,1245.7815533640642,60.772344540396574,0.7263141234194105,0.9166631369601007,0.03361976078940543,0.3862838526614534,5.663813351153568,True
vector_thrust,cruise_12,0.6506684736717198,1407.060807810283,1245.7815540440988,60.77234456330195,0.7263141235170607,0.9166631369636866,0.03361976079972356,0.3862838526749718,5.670526270348486,True
vector_thrust,cruise_13,0.6525105303990696,1411.1770725299048,1244.3670922299293,60.808864617841174,0.7253194085367498,0.9167742106213707,0.03344400128124509,0.38741390091858685,5.670526270348486,True
vector_thrust,cruise_13,0.6525401066504001,1411.1770725298932,1244.3670922297651,60.80886461783911,0.7253194085367274,0.9167742106213703,0.0334440012812443,0.38741390091858363,5.677239189543404,True
vector_thrust,cruise_13,0.6526230888994721,1411.1770725298925,1244.3670922297551,60.808864617839525,0.725319408536726,0.9167742106213703,0.033444001281244244,0.3874139009185834,5.696048371153056,True
vector_thrust,cruise_13,0.6527432922335483,1411.1770725298957,1244.3670922298024,60.80886461783686,0.7253194085367308,0.9167742106213701,0.03344400128124357,0.3874139009185843,5.723228426080174,True
vector_thrust,cruise_13,0.652877110646774,1411.1770725298948,1244.3670922297863,60.80886461783727,0.72531940853673,0.9167742106213702,0.03344400128124373,0.3874139009185841,5.753396011104944,True
vector_thrust,cruise_13,0.6529980404636698,1411.177072529895,1244.3670922297863,60.80886461783727,0.7253194085367299,0.9167742106213702,0.03344400128124433,0.38741390091858413,5.7805760660320615,True
vector_thrust,cruise_13,0.6530819286248524,1411.1770725298945,1244.36709222978,60.80886461783768,0.7253194085367287,0.9167742106213702,0.033444001281243536,0.38741390091858396,5.799385247641713,True
vector_thrust,cruise_13,0.653111908046025,1411.1770725298938,1244.3670922297804,60.8088646178385,0.7253194085367276,0.9167742106213702,0.03344400128124401,0.3874139009185838,5.806098166836632,True
vector_thrust,cruise_14,0.6551360976724128,1415.6956055861413,1242.8780103090737,60.84956556770389,0.7242479238863403,0.9168956149498944,0.03325309510430896,0.3886543848747269,5.806098166836632,True
vector_thrust,cruise_14,0.6551663951655711,1415.6956035488472,1242.8779821569933,60.849564634783576,0.724247919795217,0.9168956148019348,0.03325309469019518,0.38865438431542365,5.81281108603155,True
vector_thrust,cruise_14,0.6552514049052547,1415.6956035490552,1242.8779821598787,60.84956463465506,0.7242479197956343,0.916895614801927,0.033253094690115316,0.38865438431548077,5.831620267641202,True
vector_thrust,cruise_14,0.6553745458909586,1415.6956035493615,1242.8779821641313,60.84956463446504,0.7242479197962537,0.9168956148019156,0.03325309468999665,0.3886543843155648,5.858800322568319,True
vector_thrust,cruise_14,0.6555116357389624,1415.6956035496994,1242.8779821688254,60.8495646342574,0.7242479197969376,0.9168956148019032,0.0332530946898673,0.3886543843156576,5.88896790759309,True
vector_thrust,cruise_14,0.6556355228588382,1415.6956035500084,1242.8779821731102,60.84956463406697,0.7242479197975586,0.9168956148018917,0.033253094689749164,0.38865438431574234,5.916147962520208,True
vector_thrust,cruise_14,0.6557214630156232,1415.69560355022,1242.8779821760502,60.849564633937014,0.7242479197979876,0.9168956148018839,0.03325309468966841,0.3886543843158005,5.934957144129859,True
vector_thrust,cruise_14,0.6557521758728891,1415.6956035502908,1242.8779821770324,60.8495646338954,0.7242479197981294,0.9168956148018814,0.03325309468964233,0.38865438431581995,5.941670063324778,True
vector_thrust,cruise_15,0.6557521609975256,1415.695570387226,1242.8779931382471,60.84956432235876,0.7242479276267231,0.9168956139117812,0.03325309607732009,0.3886543752114825,5.941670063324778,True
vector_thrust,cruise_15,0.6557828955306673,1415.6955703870296,1242.8779931355334,60.849564322273686,0.7242479276263306,0.9168956139117674,0.03325309607728154,0.3886543752114286,5.948382982519695,True
vector_thrust,cruise_15,0.655869127310234,1415.695570387031,1242.8779931355602,60.84956432227266,0.7242479276263327,0.9168956139117673,0.03325309607728116,0.3886543752114289,5.967192164129347,True
vector_thrust,cruise_15,0.6559940370432945,1415.6955703870326,1242.8779931355707,60.84956432226999,0.7242479276263343,0.9168956139117671,0.03325309607728007,0.3886543752114293,5.994372219056465,True
vector_thrust,cruise_15,0.6561330940111791,1415.6955703870333,1242.8779931355898,60.8495643222702,0.7242479276263367,0.9168956139117672,0.033253096077280185,0.3886543752114296,6.024539804081235,True
vector_thrust,cruise_15,0.6562587570271953,1415.695570387031,1242.8779931355602,60.84956432227163,0.7242479276263327,0.9168956139117673,0.033253096077280234,0.3886543752114289,6.051719859008354,True
vector_thrust,cruise_15,0.656345928138318,1415.695570387031,1242.8779931355562,60.849564322273686,0.7242479276263324,0.9168956139117675,0.03325309607728243,0.3886543752114289,6.070529040618005,True
vector_thrust,cruise_15,0.6563770807145486,1415.6955703870335,1242.877993135589,60.84956432226918,0.7242479276263396,0.9168956139117671,0.03325309607728038,0.38865437521142965,6.077241959812923,True
vector_thrust,cruise_16,0.6563770657394813,1415.6955370238677,1242.8780038888267,60.849564019578395,0.724247935458691,0.9168956130173911,0.033253097479190974,0.388654366052158,6.077241959812923,True
vector_thrust,cruise_16,0.6564082401995394,1415.6955370237279,1242.8780038868913,60.84956401950849,0.7242479354584112,0.9168956130173802,0.03325309747916065,0.3886543660521195,6.083954879007841,True
vector_thrust,cruise_16,0.656495705741458,1415.6955370237258,1242.8780038868608,60.84956401951095,0.7242479354584067,0.9168956130173804,0.03325309747916108,0.38865436605211895,6.102764060617493,True
vector_thrust,cruise_16,0.6566224012231757,1415.6955370237283,1242.8780038868952,60.84956401950788,0.7242479354584115,0.9168956130173802,0.03325309747915956,0.38865436605211967,6.12994411554461,True
vector_thrust,cruise_16,0.6567634442669019,1415.695537023729,1242.878003886904,60.84956401950726,0.7242479354584132,0.9168956130173802,0.03325309747915974,0.38865436605211984,6.160111700569381,True
vector_thrust,cruise_16,0.6568909003355748,1415.6955370237265,1242.8780038868722,60.849564019510545,0.7242479354584064,0.9168956130173804,0.033253097479160804,0.38865436605211917,6.187291755496499,True
vector_thrust,cruise_16,0.656979314317055,1415.695537023729,1242.878003886904,60.84956401950665,0.7242479354584132,0.9168956130173801,0.03325309747915988,0.38865436605211984,6.20610093710615,True
vector_thrust,cruise_16,0.6570109108736403,1415.6955370237283,1242.8780038868952,60.84956401950809,0.7242479354584115,0.9168956130173802,0.03325309747916056,0.38865436605211967,6.212813856301069,True
vector_thrust,cruise_17,0.6570108958018731,1415.6955034775244,1242.878014699154,60.849563715150005,0.7242479433337407,0.9168956121180967,0.03325309888875901,0.388654356842598,6.212813856301069,True
vector_thrust,cruise_17,0.6570425144547243,1415.695503477383,1242.8780146972072,60.84956371508584,0.7242479433334562,0.9168956121180863,0.03325309888872997,0.3886543568425592,6.2195267754959875,True
vector_thrust,cruise_17,0.6571312257360077,1415.6955034773803,1242.8780146971646,60.84956371508974,0.7242479433334525,0.9168956121180868,0.03325309888873217,0.3886543568425585,6.2383359571056385,True
vector_thrust,cruise_17,0.6572597243368815,1415.6955034773853,1242.8780146972272,60.84956371508318,0.7242479433334604,0.9168956121180861,0.033253098888730195,0.38865435684255983,6.265516012032757,True
vector_thrust,cruise_17,0.657402772824105,1415.6955034773841,1242.8780146972178,60.84956371508707,0.7242479433334601,0.9168956121180866,0.033253098888731875,0.3886543568425596,6.295683597057527,True
vector_thrust,cruise_17,0.6575320394746061,1415.6955034773832,1242.8780146971958,60.84956371508564,0.7242479433334555,0.9168956121180865,0.033253098888730494,0.38865435684255933,6.322863651984645,True
vector_thrust,cruise_17,0.6576217085013224,1415.6955034773844,1242.878014697219,60.8495637150842,0.7242479433334595,0.9168956121180863,0.03325309888872954,0.3886543568425596,6.341672833594297,True
vector_thrust,cruise_17,0.6576537533922262,1415.69550347738,1242.8780146971603,60.84956371508851,0.7242479433334503,0.9168956121180866,0.03325309888873218,0.3886543568425585,6.3483857527892145,True
vector_thrust,cruise_18,0.6576537382223964,1415.6954697459298,1242.8780255687627,60.849563409035454,0.7242479512522101,0.9168956112138354,0.03325310030610803,0.38865434758218065,6.3483857527892145,True
vector_thrust,cruise_18,0.6576858054266567,1415.6954697458164,1242.878025567194,60.84956340898195,0.7242479512519819,0.9168956112138271,0.033253100306083014,0.38865434758214956,6.355098671984133,True
vector_thrust,cruise_18,0.6577757746845824,1415.695469745815,1242.878025567174,60.849563408984004,0.7242479512519804,0.9168956112138272,0.03325310030608464,0.3886543475821492,6.373907853593784,True
vector_thrust,cruise_18,0.6579060941526251,1415.6954697458168,1242.8780255671973,60.849563408981744,0.724247951251985,0.9168956112138271,0.0332531003060838,0.3886543475821497,6.4010879085209025,True
vector_thrust,cruise_18,0.6580511678719791,1415.6954697458177,1242.8780255672107,60.849563408980934,0.7242479512519853,0.9168956112138271,0.033253100306084304,0.3886543475821499,6.431255493545673,True
vector_thrust,cruise_18,0.6581822630145643,1415.6954697458136,1242.8780255671552,60.84956340898667,0.7242479512519789,0.9168956112138276,0.0332531003060856,0.38865434758214884,6.45843554847279,True
vector_thrust,cruise_18,0.6582731995261073,1415.6954697458164,1242.878025567194,60.84956340898237,0.7242479512519819,0.9168956112138271,0.033253100306085144,0.38865434758214956,6.477244730082442,True
vector_thrust,cruise_18,0.6583056971999699,1415.6954697458161,1242.8780255671904,60.84956340898237,0.7242479512519814,0.9168956112138271,0.03325310030608487,0.3886543475821495,6.48395764927736,True
vector_thrust,cruise_19,0.6583056819313039,1415.6954358278508,1242.878036511978,60.84956310163795,0.724247959216602,0.9168956103046171,0.03325310173151604,0.3886543382705673,6.48395764927736,True
vector_thrust,cruise_19,0.6583382021370969,1415.6954358225992,1242.878036439383,60.849563099294414,0.7242479592060543,0.9168956103042418,0.03325310173048149,0.3886543382691256,6.490670568472279,True
vector_thrust,cruise_19,0.6584294418751448,1415.6954358227197,1242.8780364410422,60.84956309935017,0.7242479592062947,0.9168956103042507,0.033253101730506676,0.3886543382691587,6.50947975008193,True
vector_thrust,cruise_19,0.6585616003445021,1415.6954358228918,1242.878036443423,60.84956309942971,0.7242479592066395,0.9168956103042634,0.033253101730542724,0.3886543382692059,6.536659805009048,True
vector_thrust,cruise_19,0.6587087195152347,1415.695435823082,1242.8780364460495,60.8495630995162,0.7242479592070216,0.916895610304277,0.03325310173058121,0.38865433826925816,6.5668273900338185,True
vector_thrust,cruise_19,0.6588416614499633,1415.6954358232456,1242.8780364483086,60.84956309959,0.7242479592073513,0.9168956103042888,0.0332531017306148,0.38865433826930307,6.594007444960936,True
vector_thrust,cruise_19,0.6589338781567143,1415.695435823356,1242.8780364498366,60.84956309964842,0.7242479592075739,0.9168956103042976,0.03325310173063969,0.3886543382693334,6.612816626570588,True
vector_thrust,cruise_19,0.658966833159022,1415.6954358234016,1242.878036450478,60.849563099660095,0.7242479592076635,0.9168956103042999,0.0332531017306463,0.3886543382693459,6.619529545765506,True
vector_thrust,cruise_20,0.6589668177927587,1415.6954017208009,1242.878047526358,60.84956279290909,0.7242479672269836,0.9168956093903718,0.033253103165076014,0.3886543289070753,6.619529545765506,True
vector_thrust,cruise_20,0.6589997955531478,1415.6954017148018,1242.8780474434307,60.849562790190454,0.7242479672149341,0.916895609389939,0.03325310316387082,0.38865432890542845,6.626242464960424,True
vector_thrust,cruise_20,0.659092318546824,1415.6954017149155,1242.8780474449975,60.849562790237805,0.7242479672151619,0.9168956093899467,0.03325310316389323,0.3886543289054596,6.645051646570075,True
vector_thrust,cruise_20,0.6592263345462381,1415.695401715066,1242.878047447084,60.8495627903116,0.7242479672154641,0.9168956093899582,0.03325310316392458,0.3886543289055009,6.672231701497194,True
vector_thrust,cruise_20,0.6593755198276646,1415.6954017152348,1242.8780474494165,60.849562790383956,0.7242479672158035,0.91689560938997,0.033253103163956306,0.38865432890554724,6.702399286521964,True
vector_thrust,cruise_20,0.6595103272530052,1415.695401715382,1242.87804745146,60.849562790451806,0.7242479672161005,0.9168956093899806,0.033253103163987,0.3886543289055877,6.729579341449082,True
vector_thrust,cruise_20,0.659603837142108,1415.6954017154846,1242.878047452873,60.84956279050141,0.7242479672163048,0.9168956093899884,0.03325310316400842,0.38865432890561585,6.7483885230587335,True
vector_thrust,cruise_20,0.6596372541173372,1415.6954017155208,1242.8780474533755,60.84956279051781,0.7242479672163774,0.9168956093899909,0.033253103164015634,0.38865432890562573,6.755101442253651,True
vector_thrust,cruise_21,0.6596372386458353,1415.6953674162567,1242.8780585266973,60.84956247982157,0.7242479752714098,0.9168956084705703,0.03325310460552936,0.38865431948936474,6.755101442253651,True
vector_thrust,cruise_21,0.6596706786104083,1415.6953674135664,1242.8780584895198,60.84956247836437,0.7242479752660065,0.9168956084703518,0.033253104604859925,0.3886543194886261,6.76181436144857,True
vector_thrust,cruise_21,0.6597644979162047,1415.6953674143892,1242.878058500898,60.84956247879401,0.7242479752676598,0.916895608470417,0.033253104605056406,0.38865431948885204,6.780623543058222,True
vector_thrust,cruise_21,0.6599003903779911,1415.6953674155536,1242.8780585169807,60.84956247940054,0.724247975269997,0.9168956084705091,0.03325310460533312,0.38865431948917173,6.807803597985339,True
vector_thrust,cruise_21,0.660051662879651,1415.6953674167685,1242.8780585337613,60.84956248002962,0.724247975272435,0.9168956084706046,0.033253104605620275,0.3886543194895052,6.83797118301011,True
vector_thrust,cruise_21,0.660188354910027,1415.695367417814,1242.8780585482025,60.84956248057651,0.7242479752745344,0.9168956084706876,0.033253104605868104,0.3886543194897922,6.865151237937227,True
vector_thrust,cruise_21,0.6602817096413399,1415.6953674570495,1242.8780590903416,60.84956249977382,0.7242479753533195,0.9168956084736627,0.03325310461451828,0.38865431950056367,6.883960419546879,True
vector_thrust,cruise_21,0.660314017118863,1415.6953674540039,1242.8780590482577,60.849562498289764,0.7242479753472031,0.9168956084734323,0.03325310461384934,0.3886543194997275,6.890673338741797,True
vector_thrust,cruise_22,0.6603140015314657,1415.6953329418197,1242.8780699277768,60.849562176297546,0.7242479834105939,0.9168956075473478,0.03325310605919292,0.388654310025013,6.890673338741797,True
vector_thrust,cruise_22,0.6603463060902444,1415.6953329224693,1242.8780696601634,60.8495621675265,0.7242479833717014,0.9168956075459516,0.033253106055308256,0.3886543100197007,6.897386257936716,True
vector_thrust,cruise_22,0.6604368060090082,1415.6953329225198,1242.8780696608653,60.84956216756176,0.7242479833718033,0.9168956075459564,0.03325310605532447,0.3886543100197145,6.916195439546367,True
vector_thrust,cruise_22,0.6605675417649883,1415.695332922594,1242.8780696618833,60.84956216759824,0.7242479833719514,0.9168956075459621,0.03325310605534208,0.38865431001973494,6.943375494473485,True
vector_thrust,cruise_22,0.6607125913438937,1415.6953329226706,1242.8780696629503,60.849562167647434,0.7242479833721058,0.9168956075459692,0.03325310605536576,0.3886543100197559,6.973543079498255,True
vector_thrust,cruise_22,0.6608432256743167,1415.6953329271291,1242.8780697245577,60.84956216971916,0.7242479833810574,0.9168956075462961,0.033253106056287125,0.38865431002098,7.000723134425373,True
vector_thrust,cruise_22,0.6609335991143102,1415.6953329281419,1242.8780697385616,60.8495621701367,0.7242479833830949,0.9168956075463649,0.03325310605646814,0.38865431002125794,7.019532316035025,True
vector_thrust,cruise_22,0.6609658473971233,1415.695332928836,1242.8780697481454,60.849562170451755,0.7242479833844866,0.9168956075464151,0.03325310605660761,0.3886543100214486,7.0262452352299425,True
vector_thrust,cruise_23,0.6609658315597876,1415.6952979922983,1242.878077545614,60.84956174148717,0.7242479910369582,0.9168956065984281,0.03325310746342688,0.3886543004302352,7.0262452352299425,True
vector_thrust,cruise_23,0.6609980770274597,1415.6952982303148,1242.8780808345305,60.84956185267698,0.7242479915149084,0.9168956066159384,0.03325310751300796,0.3886543004955785,7.032958154424861,True
vector_thrust,cruise_23,0.6610884105789064,1415.6952982303308,1242.878080834745,60.84956185266119,0.7242479915149409,0.9168956066159372,0.03325310751299985,0.38865430049558286,7.051767336034513,True
vector_thrust,cruise_23,0.6612189050537981,1415.6952982303553,1242.8780808350982,60.84956185263639,0.7242479915149923,0.9168956066159353,0.03325310751298619,0.3886543004955896,7.0789473909616305,True
vector_thrust,cruise_23,0.6613636856207767,1415.6952982303808,1242.8780808354527,60.84956185261179,0.7242479915150445,0.9168956066159334,0.03325310751297065,0.3886543004955966,7.109114975986401,True
vector_thrust,cruise_23,0.6614940764853727,1415.6952982303976,1242.8780808356792,60.849561852594164,0.7242479915150761,0.9168956066159321,0.033253107512960914,0.3886543004956012,7.1362950309135185,True
vector_thrust,cruise_23,0.6615842808366363,1415.6952982304113,1242.878080835869,60.84956185258084,0.7242479915151032,0.9168956066159311,0.03325310751295119,0.388654300495605,7.15510421252317,True
vector_thrust,cruise_23,0.661616468651945,1415.695298230413,1242.8780808358965,60.849561852578375,0.7242479915151087,0.9168956066159308,0.03325310751295001,0.3886543004956055,7.161817131718088,True
vector_thrust,cruise_24,0.6616164528661667,1415.6952633396577,1242.8780920823167,60.84956153592853,0.7242479997062157,0.9168956056805937,0.03325310897899714,0.3886542909169609,7.161817131718088,True
vector_thrust,cruise_24,0.6616486376511017,1415.6952633396131,1242.8780920817073,60.84956153590824,0.7242479997061266,0.9168956056805905,0.0332531089789881,0.38865429091694864,7.168530050913007,True
vector_thrust,cruise_24,0.661738801264296,1415.695263339614,1242.8780920817173,60.84956153590701,0.724247999706131,0.9168956056805904,0.03325310897898796,0.3886542909169488,7.187339232522659,True
vector_thrust,cruise_24,0.6618690492926936,1415.6952633396145,1242.8780920817255,60.84956153590517,0.7242479997061291,0.9168956056805901,0.03325310897898614,0.388654290916949,7.214519287449776,True
vector_thrust,cruise_24,0.6620135551073221,1415.695263339615,1242.8780920817378,60.84956153590618,0.7242479997061306,0.9168956056805904,0.03325310897898686,0.38865429091694914,7.244686872474547,True
vector_thrust,cruise_24,0.66214369733043,1415.6952633396143,1242.878092081721,60.84956153590701,0.72424799970613,0.9168956056805904,0.03325310897898721,0.3886542909169489,7.271866927401664,True
vector_thrust,cruise_24,0.6622337290063287,1415.6952633396136,1242.8780920817164,60.84956153590721,0.7242479997061289,0.9168956056805904,0.033253108978986756,0.3886542909169488,7.290676109011316,True
vector_thrust,cruise_24,0.6622658550735799,1415.695263339613,1242.8780920817053,60.84956153590844,0.7242479997061273,0.9168956056805905,0.03325310897898818,0.3886542909169486,7.297389028206234,True
vector_thrust,cruise_25,0.6622658393698769,1415.6952285411996,1242.878107455683,60.84956135431451,0.724248008534958,0.9168956047614296,0.033253110514502485,0.3886542813636549,7.297389028206234,True
vector_thrust,cruise_25,0.6622979621545603,1415.695228247002,1242.8781033903006,60.849561217454976,0.7242480079441656,0.9168956047398448,0.0332531104535324,0.38865428128288804,7.304101947401152,True
vector_thrust,cruise_25,0.6623879522371594,1415.6952282470056,1242.878103390351,60.84956121745047,0.7242480079441739,0.9168956047398445,0.033253110453530646,0.3886542812828891,7.322911129010804,True
vector_thrust,cruise_25,0.6625179486227626,1415.695228247005,1242.8781033903401,60.8495612174517,0.7242480079441729,0.9168956047398445,0.033253110453530535,0.3886542812828889,7.350091183937922,True
vector_thrust,cruise_25,0.6626621739103686,1415.6952282470022,1242.878103390299,60.849561217453754,0.7242480079441678,0.9168956047398447,0.03325311045353253,0.38865428128288815,7.380258768962692,True
vector_thrust,cruise_25,0.6627920622827025,1415.6952282470036,1242.8781033903251,60.84956121745273,0.7242480079441707,0.9168956047398447,0.0332531104535317,0.3886542812828885,7.40743882388981,True
vector_thrust,cruise_25,0.6628819176747028,1415.6952282470052,1242.8781033903483,60.849561217450265,0.7242480079441724,0.9168956047398444,0.033253110453530924,0.3886542812828889,7.4262480054994615,True
vector_thrust,cruise_25,0.6629139807053143,1415.6952282470027,1242.8781033903117,60.84956121745334,0.7242480079441693,0.9168956047398447,0.03325311045353131,0.3886542812828883,7.43296092469438,True
vector_thrust,cruise_26,0.6629139648878396,1415.6951932353227,1242.8781187045483,60.84956102977665,0.7242480168026879,0.9168956038145433,0.03325311199574244,0.38865427167104594,7.43296092469438,True
vector_thrust,cruise_26,0.6629460245779146,1415.6951929502131,1242.8781147647553,60.84956089714482,0.7242480162301463,0.9168956037936252,0.033253111936653756,0.3886542715927741,7.439673843889298,True
vector_thrust,cruise_26,0.6630358375163374,1415.6951929502131,1242.8781147647553,60.849560897145636,0.7242480162301463,0.9168956037936254,0.03325311193665403,0.3886542715927741,7.45848302549895,True
vector_thrust,cruise_26,0.6631655770321864,1415.6951929502147,1242.878114764778,60.84956089714339,0.7242480162301511,0.9168956037936252,0.03325311193665372,0.38865427159277455,7.485663080426067,True
vector_thrust,cruise_26,0.6633095159841218,1415.695192950211,1242.878114764725,60.849560897147896,0.7242480162301428,0.9168956037936256,0.03325311193665527,0.38865427159277355,7.515830665450838,True
vector_thrust,cruise_26,0.663439145265824,1415.6951929502138,1242.8781147647614,60.84956089714359,0.7242480162301501,0.9168956037936252,0.033253111936654006,0.38865427159277427,7.543010720377955,True
vector_thrust,cruise_26,0.663528820744261,1415.695192950211,1242.878114764725,60.849560897146254,0.7242480162301428,0.9168956037936254,0.033253111936655796,0.38865427159277355,7.561819901987607,True
vector_thrust,cruise_26,0.6635608194421135,1415.6951929502134,1242.8781147647585,60.84956089714462,0.7242480162301478,0.9168956037936253,0.03325311193665429,0.3886542715927741,7.568532821182526,True
vector_thrust,cruise_27,0.6635608035018857,1415.6951577107952,1242.8781298557587,60.84956069783948,0.7242480250950827,0.9168956028612428,0.03325311348320686,0.3886542619184103,7.568532821182526,True
vector_thrust,cruise_27,0.6635927988085166,1415.6951574466627,1242.878126205833,60.84956057496033,0.7242480245646653,0.9168956028418633,0.03325311342846524,0.3886542618458974,7.575245740377444,True
vector_thrust,cruise_27,0.6636824309680808,1415.69515744666,1242.8781262058014,60.8495605749632,0.7242480245646586,0.9168956028418636,0.033253113428466104,0.38865426184589663,7.594054921987095,True
vector_thrust,cruise_27,0.663811908356761,1415.6951574466636,1242.8781262058412,60.84956057495889,0.724248024564666,0.9168956028418632,0.03325311342846435,0.38865426184589763,7.621234976914213,True
vector_thrust,cruise_27,0.6639555551306212,1415.6951574466634,1242.878126205845,60.849560574958694,0.7242480245646675,0.9168956028418631,0.033253113428464424,0.3886542618458976,7.651402561938983,True
vector_thrust,cruise_27,0.6640849200514689,1415.69515744666,1242.8781262058014,60.84956057496299,0.7242480245646586,0.9168956028418636,0.03325311342846556,0.38865426184589663,7.678582616866101,True
vector_thrust,cruise_27,0.6641744119656878,1415.6951574466593,1242.8781262057846,60.849560574962794,0.7242480245646604,0.9168956028418634,0.0332531134284668,0.38865426184589646,7.697391798475753,True
vector_thrust,cruise_27,0.6642063450271756,1415.695157446664,1242.8781262058508,60.84956057495829,0.7242480245646693,0.9168956028418631,0.03325311342846468,0.3886542618458978,7.704104717670671,True
vector_thrust,cruise_28,0.664206328802733,1415.6951217283822,1242.8781376405875,60.84956024839299,0.7242480329376124,0.9168956018840964,0.03325311492796776,0.38865425204007026,7.704104717670671,True
vector_thrust,cruise_28,0.664238258560048,1415.6951216999992,1242.878137248376,60.8495602351909,0.7242480328806176,0.916895601882014,0.03325311492208683,0.38865425203227827,7.710817636865589,True
vector_thrust,cruise_28,0.6643277055645457,1415.695120581788,1242.8781217963224,60.84955971498404,0.7242480306350876,0.9168956017999709,0.033253114690335726,0.38865425172529294,7.729626818475241,True
vector_thrust,cruise_28,0.664456913125079,1415.6951168434036,1242.8780701373246,60.84955797596082,0.7242480231278793,0.9168956015256986,0.03325311391561292,0.38865425069898507,7.7568068734023585,True
vector_thrust,cruise_28,0.6646002619200231,1415.6951169712415,1242.8780719038452,60.84955803542153,0.7242480233845934,0.916895601535077,0.0332531139421024,0.38865425073408083,7.786974458427129,True
vector_thrust,cruise_28,0.6647293574223556,1415.6951173568486,1242.8780772323778,60.849558214808035,0.7242480241589491,0.9168956015633686,0.03325311402201929,0.38865425083994243,7.8141545133542465,True
vector_thrust,cruise_28,0.6648186620781318,1415.695117327772,1242.8780768305849,60.849558201281674,0.7242480241005584,0.9168956015612354,0.033253114015992125,0.38865425083196,7.832963694963898,True
vector_thrust,cruise_28,0.6648505282499945,1415.69511741956,1242.8780780989543,60.84955824397265,0.7242480242848809,0.9168956015679688,0.03325311403500962,0.38865425085715877,7.839676614158817,True
vector_thrust,cruise_29,0.6648505146988004,1415.6950858087087,1242.8781492912256,60.84955992486691,0.7242480413817887,0.9168956009214274,0.03325311643859344,0.3886542421789542,7.839676614158817,True
vector_thrust,cruise_29,0.6648823774625299,1415.6950858087102,1242.8781492912549,60.84955992486937,0.7242480413817918,0.9168956009214277,0.0332531164385948,0.38865424217895467,7.846389533353735,True
vector_thrust,cruise_29,0.6649716370766575,1415.6950858087093,1242.878149291233,60.84955992486588,0.7242480413817897,0.9168956009214273,0.03325311643859362,0.3886542421789545,7.865198714963387,True
vector_thrust,cruise_29,0.6651005743179974,1415.695085808712,1242.8781492912694,60.84955992486732,0.7242480413817932,0.9168956009214275,0.03325311643859409,0.38865424217895517,7.892378769890504,True
vector_thrust,cruise_29,0.6652436190746633,1415.6950858087112,1242.8781492912656,60.8495599248624,0.7242480413817941,0.916895600921427,0.03325311643859284,0.388654242178955,7.922546354915275,True
vector_thrust,cruise_29,0.6653724393427402,1415.695085808711,1242.878149291256,60.8495599248663,0.7242480413817936,0.9168956009214274,0.03325311643859438,0.3886542421789549,7.949726409842392,True
vector_thrust,cruise_29,0.6654615530933505,1415.6950858087125,1242.8781492912788,60.8495599248663,0.7242480413817953,0.9168956009214274,0.033253116438593876,0.38865424217895533,7.968535591452044,True
vector_thrust,cruise_29,0.6654933509416168,1415.6950858087098,1242.8781492912447,60.849559924869574,0.7242480413817923,0.9168956009214277,0.03325311643859468,0.38865424217895456,7.975248510646963,True
vector_thrust,cruise_30,0.6654933344952427,1415.6950496693694,1242.878160943898,60.8495595971775,0.7242480498666252,0.9168955999526484,0.03325311795726445,0.38865423225753293,7.975248510646963,True
vector_thrust,cruise_30,0.6655251289300699,1415.6950496723791,1242.8781609854495,60.849559598833736,0.7242480498726626,0.9168955999528953,0.033253117958029176,0.3886542322583591,7.98196142984188,True
vector_thrust,cruise_30,0.6656141967361959,1415.6950496724478,1242.8781609863995,60.84955959888129,0.7242480498728017,0.9168955999529018,0.03325311795805252,0.38865423225837803,8.000770611451532,True
vector_thrust,cruise_30,0.6657428558975659,1415.6950496725347,1242.8781609875914,60.8495595989473,0.7242480498729753,0.9168955999529108,0.033253117958082896,0.38865423225840184,8.02795066637865,True
vector_thrust,cruise_30,0.6658855907488568,1415.6950496726438,1242.878160989105,60.84955959900429,0.7242480498731945,0.9168955999529195,0.03325311795810935,0.3886542322584318,8.058118251403421,True
vector_thrust,cruise_30,0.6660141306654256,1415.6950496727993,1242.878160991283,60.849559599023344,0.7242480498735108,0.9168955999529255,0.0332531179581131,0.38865423225847445,8.085298306330538,True
vector_thrust,cruise_30,0.6661030497754598,1415.695049672917,1242.8781609929229,60.84955959902355,0.7242480498737497,0.9168955999529285,0.03325311795810807,0.3886542322585068,8.10410748794019,True
vector_thrust,cruise_30,0.6661347780321814,1415.6950496729564,1242.8781609934654,60.84955959902642,0.7242480498738301,0.9168955999529299,0.03325311795810541,0.38865423225851764,8.110820407135108,True
vector_thrust,cruise_31,0.6661347614677945,1415.6950133114863,1242.8781726535465,60.849559266978545,0.7242480584006327,0.9168955989779568,0.03325311948483056,0.3886542222761141,8.110820407135108,True
vector_thrust,cruise_31,0.6661664862435072,1415.6950133114897,1242.8781726535951,60.849559266979576,0.7242480584006388,0.916895598977957,0.033253119484831416,0.38865422227611507,8.117533326330026,True
vector_thrust,cruise_31,0.6662553585239118,1415.6950133114908,1242.8781726536022,60.849559266979156,0.7242480584006414,0.9168955989779569,0.03325311948483032,0.3886542222761153,8.136342507939679,True
vector_thrust,cruise_31,0.666383734228075,1415.6950133114938,1242.8781726536536,60.849559266975675,0.724248058400648,0.9168955989779567,0.03325311948483025,0.3886542222761161,8.163522562866795,True
vector_thrust,cruise_31,0.6665261531988058,1415.6950133114942,1242.878172653654,60.849559266975675,0.7242480584006481,0.9168955989779567,0.03325311948482903,0.3886542222761163,8.193690147891566,True
vector_thrust,cruise_31,0.6666544073741835,1415.6950133114915,1242.8781726536142,60.849559266978545,0.724248058400643,0.916895598977957,0.0332531194848301,0.38865422227611557,8.220870202818684,True
vector_thrust,cruise_31,0.6667431281104278,1415.6950133114947,1242.8781726536572,60.84955926697465,0.7242480584006495,0.9168955989779567,0.03325311948482883,0.3886542222761164,8.239679384428335,True
vector_thrust,cruise_31,0.6667747854425561,1415.6950133114901,1242.8781726536101,60.84955926698019,0.7242480584006413,0.916895598977957,0.03325311948483173,0.3886542222761151,8.246392303623253,True
vector_thrust,cruise_32,0.6667747687654288,1415.6949767351418,1242.8781844615164,60.84955893573973,0.724248066990355,0.9168955979975051,0.03325312102209171,0.3886542122347206,8.246392303623253,True
vector_thrust,cruise_32,0.6668064210496342,1415.6949744151846,1242.8781524030942,60.84955785649928,0.7242480623315486,0.9168955978272935,0.03325312054129375,0.38865421159781705,8.253105222818172,True
vector_thrust,cruise_32,0.6668950935912814,1415.694973684232,1242.8781423023938,60.84955751648204,0.7242480608636925,0.9168955977736669,0.03325312038982,0.38865421139714684,8.271914404427823,True
vector_thrust,cruise_32,0.6670231796194398,1415.6949724356036,1242.8781250481732,60.849556935666996,0.7242480583562679,0.9168955976820616,0.03325312013107187,0.3886542110543578,8.299094459354942,True
vector_thrust,cruise_32,0.6671652756187622,1415.6949707724132,1242.8781020653075,60.84955616199709,0.7242480550163432,0.9168955975600405,0.03325311978640948,0.388654210597758,8.329262044379712,True
vector_thrust,cruise_32,0.6672932374859752,1415.694969011556,1242.8780777328184,60.84955534291266,0.7242480514802885,0.9168955974308557,0.03325311942151789,0.3886542101143456,8.356442099306829,True
vector_thrust,cruise_32,0.6673817553044068,1415.694967801225,1242.8780610078195,60.849554779922165,0.7242480490497717,0.9168955973420612,0.03325311917071177,0.38865420978207044,8.375251280916482,True
vector_thrust,cruise_32,0.6674133400938567,1415.694967376393,1242.8780551372593,60.849554582307285,0.7242480481966466,0.9168955973108935,0.033253119082676794,0.3886542096654403,8.3819642001114,True
vector_thrust,cruise_33,0.6674133293555835,1415.6949399333394,1242.8781963121633,60.849558601488745,0.724248075628248,0.9168955970109107,0.03325312256829656,0.38865420213143154,8.3819642001114,True
vector_thrust,cruise_33,0.6674449093177921,1415.694937629498,1242.8781644764401,60.849557529758115,0.7242480710018074,0.9168955968418829,0.03325312209084796,0.38865420149895236,8.388677119306317,True
vector_thrust,cruise_33,0.6675333788510998,1415.694936919881,1242.878154670565,60.8495571996557,0.7242480695767943,0.9168955967898206,0.033253121943788655,0.3886542013041394,8.40748630091597,True
vector_thrust,cruise_33,0.6676611705989411,1415.6949357013018,1242.8781378315866,60.849556632796244,0.7242480671297148,0.9168955967004175,0.03325312169125778,0.3886542009695999,8.434666355843087,True
vector_thrust,cruise_33,0.6678029387424768,1415.694934150583,1242.878116402917,60.849555911460534,0.7242480640156498,0.9168955965866495,0.03325312136991011,0.3886542005438773,8.464833940867857,True
vector_thrust,cruise_33,0.6679306042223636,1415.6949327307066,1242.8780967822884,60.84955525099025,0.7242480611643332,0.916895596482481,0.033253121075676406,0.3886542001540751,8.492013995794975,True
vector_thrust,cruise_33,0.6680189162268515,1415.6949316540497,1242.8780819044523,60.84955475018383,0.7242480590022514,0.9168955964034938,0.03325312085257538,0.38865419985849786,8.510823177404626,True
vector_thrust,cruise_33,0.6680504274172627,1415.6949312495071,1242.8780763142656,60.84955456199367,0.7242480581898723,0.9168955963738133,0.03325312076873832,0.3886541997474378,8.517536096599546,True
vector_thrust,cruise_34,0.6680504161279051,1415.6949029049963,1242.8782082323844,60.849558265079125,0.7242480843187811,0.9168955960182328,0.0332531241239669,0.38865419196594975,8.517536096599546,True
vector_thrust,cruise_34,0.6680819223942251,1415.6949005769206,1242.878176061786,60.849557182066455,0.7242480796436739,0.9168955958474262,0.03325312364148867,0.38865419132681744,8.524249015794464,True
vector_thrust,cruise_34,0.6681701851252474,1415.694899864197,1242.8781662129797,60.84955685052202,0.7242480782124231,0.9168955957951361,0.033253123493788374,0.3886541911311517,8.543058197404115,True
vector_thrust,cruise_34,0.66829767720183,1415.694898789009,1242.878151355458,60.84955635036927,0.724248076053293,0.9168955957162538,0.033253123270974655,0.38865419083597763,8.570238252331231,True
vector_thrust,cruise_34,0.668439111504378,1415.6948974837305,1242.8781333184152,60.84955574319905,0.7242480734321064,0.9168955956204919,0.03325312300048695,0.38865419047763633,8.600405837356004,True
vector_thrust,cruise_34,0.6685664749498705,1415.6948961410035,1242.8781147638806,60.84955511860993,0.7242480707357198,0.9168955955219829,0.03325312272223964,0.38865419010901425,8.627585892283122,True
vector_thrust,cruise_34,0.6686545773029758,1415.694895129736,1242.8781007896343,60.84955464821335,0.7242480687049484,0.9168955954477922,0.03325312251268439,0.3886541898313885,8.646395073892771,True
vector_thrust,cruise_34,0.6686860135398369,1415.6948947453898,1242.8780954785277,60.849554469433166,0.7242480679331266,0.9168955954195951,0.03325312243303948,0.38865418972587296,8.65310799308769,True
vector_thrust,cruise_35,0.668686001795764,1415.6948656486902,1242.8782202452692,60.849557927205346,0.724248093065873,0.9168955950195055,0.03325312568954571,0.38865418173788474,8.65310799308769,True
vector_thrust,cruise_35,0.6687174329832042,1415.6948632529586,1242.8781871397596,60.849556812742755,0.7242480882549045,0.9168955948437374,0.033253125193057446,0.3886541810801787,8.659820912282608,True
vector_thrust,cruise_35,0.6688054851935672,1415.6948626597755,1242.8781789428424,60.849556536793116,0.724248087063711,0.9168955948002162,0.033253125070124484,0.3886541809173306,8.67863009389226,True
vector_thrust,cruise_35,0.6689326720793942,1415.6948616866696,1242.8781654959366,60.84955608413439,0.7242480851095737,0.916895594728824,0.03325312486846847,0.3886541806501815,8.705810148819378,True
vector_thrust,cruise_35,0.6690737663132239,1415.6948604349134,1242.8781481984854,60.8495555018597,0.7242480825958681,0.9168955946369889,0.033253124609071975,0.3886541803065338,8.735977733844148,True
vector_thrust,cruise_35,0.6692008222091639,1415.6948591538298,1242.8781304957897,60.8495549059377,0.7242480800232713,0.9168955945430016,0.033253124343593975,0.3886541799548348,8.763157788771265,True
vector_thrust,cruise_35,0.6692887111635397,1415.6948583089595,1242.8781188208973,60.84955451293175,0.7242480783266484,0.9168955944810173,0.033253124168513296,0.38865417972289046,8.781966970380918,True
vector_thrust,cruise_35,0.6693200711574117,1415.6948580557216,1242.8781153215232,60.84955439514736,0.7242480778181104,0.91689559446244,0.03325312411604268,0.38865417965336846,8.788679889575835,True
vector_thrust,cruise_36,0.6693200589273505,1415.694828158998,1242.8782323194725,60.849557586775674,0.7242481018655524,0.9168955940144768,0.03325312726469048,0.38865417144574765,8.788679889575835,True
vector_thrust,cruise_36,0.6693514136792941,1415.6948257037172,1242.8781983910847,60.849556444610386,0.7242480969350001,0.9168955938343397,0.033253126755863484,0.38865417077169334,8.795392808770753,True
vector_thrust,cruise_36,0.6694392514758823,1415.694825113565,1242.8781902360402,60.84955617007756,0.7242480957498902,0.9168955937910418,0.03325312663355906,0.38865417060967744,8.814201990380406,True
vector_thrust,cruise_36,0.6695661275900893,1415.6948241509208,1242.8781769336995,60.849555722278694,0.7242480938167634,0.9168955937204163,0.03325312643406934,0.38865417034540034,8.841382045307522,True
vector_thrust,cruise_36,0.6697068756239211,1415.6948229584718,1242.8781604557935,60.849555167589855,0.7242480914221582,0.9168955936329319,0.033253126186960476,0.38865417001803443,8.871549630332293,True
vector_thrust,cruise_36,0.6698336186510903,1415.6948220683396,1242.8781481554606,60.84955475352765,0.7242480896346438,0.9168955935676271,0.03325312600249988,0.38865416977366424,8.898729685259411,True
vector_thrust,cruise_36,0.6699212903984413,1415.694821426328,1242.878139283791,60.84955445488991,0.7242480883453897,0.9168955935205262,0.03325312586946025,0.3886541695974112,8.917538866869062,True
vector_thrust,cruise_36,0.6699525727121709,1415.6948211980914,1242.8781361299032,60.849554348728645,0.7242480878870597,0.9168955935037824,0.03325312582216754,0.3886541695347529,8.924251786063982,True
vector_thrust,cruise_37,0.6699525599521636,1415.694790434105,1242.87824447444,60.84955724437002,0.7242481107212333,0.9168955930031591,0.03325312884980628,0.3886541610890402,8.924251786063982,True
vector_thrust,cruise_37,0.6699838385347039,1415.6947904342423,1242.8782444763374,60.84955724443541,0.7242481107215103,0.9168955930031695,0.03325312884983541,0.3886541610890779,8.9309647052589,True
vector_thrust,cruise_37,0.6700714584645514,1415.6947904342444,1242.8782444763597,60.849557244432326,0.7242481107215126,0.9168955930031691,0.03325312884983375,0.3886541610890785,8.94977388686855,True
vector_thrust,cruise_37,0.6701980188811392,1415.6947904342426,1242.878244476336,60.84955724443622,0.7242481107215086,0.9168955930031696,0.033253128849835674,0.388654161089078,8.976953941795669,True
vector_thrust,cruise_37,0.6703384152923602,1415.69479043425,1242.878244476447,60.849557244428645,0.724248110721524,0.916895593003169,0.03325312884983169,0.38865416108908,9.00712152682044,True
vector_thrust,cruise_37,0.6704648402215686,1415.6947904342453,1242.8782444763717,60.84955724443602,0.7242481107215152,0.9168955930031695,0.03325312884983387,0.3886541610890788,9.034301581747556,True
vector_thrust,cruise_37,0.6705522912011892,1415.6947904342442,1242.8782444763606,60.849557244436845,0.7242481107215133,0.9168955930031697,0.03325312884983483,0.3886541610890784,9.053110763357209,True
vector_thrust,cruise_37,0.6705834945936345,1415.6947904342462,1242.878244476391,60.84955724443664,0.7242481107215168,0.9168955930031696,0.03325312884983572,0.388654161089079,9.059823682552127,True
vector_thrust,cruise_38,0.6705834771847079,1415.6947524705106,1242.878256707247,60.84955689983175,0.7242481196330984,0.916895591985446,0.03325313044496746,0.3886541506668016,9.059823682552127,True
vector_thrust,cruise_38,0.6706146747577508,1415.6947495972838,1242.8782170034503,60.84955556322732,0.7242481138632508,0.9168955917746436,0.03325312984951704,0.38865414987800767,9.066536601747044,True
vector_thrust,cruise_38,0.6707020723034743,1415.6947491777858,1242.8782112065953,60.849555368086534,0.7242481130208381,0.9168955917438667,0.03325312976258418,0.3886541497628418,9.085345783356697,True
vector_thrust,cruise_38,0.6708283103744213,1415.6947485063292,1242.8782019280482,60.849555055739195,0.7242481116724582,0.9168955916946044,0.03325312962343585,0.3886541495785052,9.112525838283814,True
vector_thrust,cruise_38,0.6709683476549162,1415.6947477002348,1242.8781907889927,60.849554680770986,0.7242481100537042,0.9168955916354652,0.03325312945639219,0.3886541493572061,9.142693423308584,True
vector_thrust,cruise_38,0.6710944478516088,1415.6947470025807,1242.8781811484387,60.84955435624277,0.7242481086527167,0.9168955915842814,0.03325312931181806,0.3886541491656775,9.169873478235703,True
vector_thrust,cruise_38,0.671181673496327,1415.6947465895726,1242.8781754412696,60.84955416413628,0.7242481078233377,0.9168955915539821,0.033253129226237646,0.3886541490522933,9.188682659845353,True
vector_thrust,cruise_38,0.6712127963368788,1415.694746441702,1242.8781733979108,60.849554095346164,0.7242481075263917,0.9168955915431329,0.03325312919559101,0.3886541490116979,9.195395579040273,True
vector_thrust,cruise_39,0.6712127827255502,1415.6947142650572,1242.8782690206633,60.84955655318282,0.7242481286021606,0.9168955909612576,0.03325313205034033,0.38865414017816485,9.195395579040273,True
vector_thrust,cruise_39,0.671243901634059,1415.6947142466868,1242.8782687668127,60.84955654463294,0.7242481285652719,0.9168955909599094,0.033253132046532095,0.38865414017312155,9.20210849823519,True
vector_thrust,cruise_39,0.6713310734699298,1415.6947142443262,1242.8782687341895,60.84955654354102,0.7242481285605307,0.9168955909597368,0.03325313204604499,0.3886541401724735,9.220917679844842,True
vector_thrust,cruise_39,0.6714569844708973,1415.694714240461,1242.8782686807876,60.849556541735566,0.7242481285527712,0.9168955909594525,0.03325313204524118,0.3886541401714124,9.24809773477196,True
vector_thrust,cruise_39,0.6715966574523937,1415.6947142366964,1242.8782686287554,60.84955653998771,0.7242481285452095,0.9168955909591766,0.03325313204446215,0.3886541401703789,9.27826531979673,True
vector_thrust,cruise_39,0.6717224282193347,1415.6947142334939,1242.8782685845074,60.84955653849566,0.7242481285387797,0.9168955909589415,0.03325313204379794,0.3886541401694997,9.305445374723849,True
vector_thrust,cruise_39,0.6718094251858484,1415.6947142317179,1242.8782685599683,60.849556537666324,0.724248128535212,0.9168955909588109,0.03325313204342857,0.3886541401690121,9.3242545563335,True
vector_thrust,cruise_39,0.6718404662815348,1415.6947142311765,1242.8782685524789,60.84955653741666,0.7242481285341262,0.9168955909587713,0.033253132043316876,0.3886541401688635,9.330967475528418,True
vector_thrust,cruise_40,0.6718404486421048,1415.6946758200095,1242.878281493388,60.8495562070035,0.7242481376404938,0.916895589930916,0.03325313366722501,0.3886541296237516,9.330967475528418,True
vector_thrust,cruise_40,0.6718714856429647,1415.6946758073564,1242.8782813185524,60.84955620112429,0.724248137615086,0.9168955899299885,0.03325313366460785,0.3886541296202779,9.337680394723336,True
vector_thrust,cruise_40,0.6719584276020079,1415.6946758067154,1242.8782813096932,60.84955620085249,0.7242481376137996,0.9168955899299441,0.03325313366448935,0.38865412962010204,9.356489576332988,True
vector_thrust,cruise_40,0.672084005464827,1415.6946758064773,1242.8782813063985,60.84955620075389,0.7242481376133225,0.916895589929928,0.03325313366444558,0.38865412962003665,9.383669631260105,True
vector_thrust,cruise_40,0.6722233073645973,1415.694675806393,1242.8782813052426,60.84955620071905,0.7242481376131524,0.9168955899299222,0.03325313366443001,0.38865412962001344,9.413837216284875,True
vector_thrust,cruise_40,0.6723487426042276,1415.6946758091196,1242.8782813429277,60.849556201877995,0.7242481376186302,0.9168955899301111,0.03325313366493601,0.38865412962076207,9.441017271211994,True
vector_thrust,cruise_40,0.6724355067126434,1415.694675808716,1242.8782813373505,60.84955620169495,0.7242481376178186,0.9168955899300819,0.033253133664854224,0.38865412962065127,9.459826452821645,True
vector_thrust,cruise_40,0.6724664645705405,1415.6946758085862,1242.8782813355438,60.84955620163346,0.7242481376175576,0.9168955899300724,0.033253133664828065,0.3886541296206157,9.466539372016564,True
vector_thrust,cruise_41,0.6724664471314213,1415.694637656386,1242.8783013735547,60.84955610511707,0.7242481478020544,0.9168955889327954,0.03325313540439163,0.3886541191465986,9.466539372016564,True
vector_thrust,cruise_41,0.6724942072172659,1415.6946368703298,1242.8782905116352,60.8495557373469,0.7242481462235772,0.9168955888749097,0.03325313524033967,0.38865411893080054,9.473252291211482,True
vector_thrust,cruise_41,0.6725707092739398,1415.69463677406,1242.8782891811002,60.84955569492077,0.7242481460302175,0.9168955888680872,0.03325313522167669,0.3886541189043714,9.492061472821133,True
vector_thrust,cruise_41,0.6726814161380801,1415.6946368813735,1242.878290664267,60.849555742181536,0.7242481462457601,0.916895588875689,0.03325313524246154,0.38865411893383245,9.519241527748251,True
vector_thrust,cruise_41,0.6727897300714916,1415.694636724549,1242.8782884968086,60.84955567310629,0.7242481459307738,0.916895588864579,0.03325313521208071,0.388654118890779,9.549409112773022,True
vector_thrust,cruise_41,0.6728851579349945,1415.6946367398443,1242.8782887082025,60.849555679844556,0.7242481459614928,0.9168955888656628,0.03325313521504508,0.38865411889497814,9.57658916770014,True
vector_thrust,cruise_41,0.6729513400280706,1415.6946367485384,1242.8782888283558,60.84955568367685,0.7242481459789546,0.916895588866279,0.03325313521673048,0.3886541188973649,9.595398349309791,True
vector_thrust,cruise_41,0.6729749886807355,1415.6946367515413,1242.8782888698618,60.84955568500265,0.7242481459849874,0.9168955888664921,0.03325313521731392,0.3886541188981894,9.602111268504709,True
vector_thrust,cruise_42,0.6729749709906783,1415.694598161085,1242.878306419901,60.84955549907158,0.7242481558553435,0.9168955878487451,0.033253136928601955,0.3886541083038568,9.602111268504709,True
vector_thrust,cruise_42,0.6729986346781082,1415.6945981613428,1242.8783064234697,60.84955549918985,0.724248155855863,0.9168955878487639,0.03325313692865494,0.3886541083039275,9.608824187699629,True
vector_thrust,cruise_42,0.6730650189097456,1415.6945981612325,1242.8783064219388,60.849555499136756,0.7242481558556427,0.9168955878487557,0.03325313692863118,0.3886541083038973,9.62763336930928,True
vector_thrust,cruise_42,0.673161155546501,1415.694598161385,1242.8783064240472,60.84955549921301,0.7242481558559466,0.9168955878487673,0.03325313692866495,0.38865410830393915,9.654813424236398,True
vector_thrust,cruise_42,0.6732681483170426,1415.6945981552296,1242.8783063389892,60.849555496345964,0.7242481558435861,0.9168955878483155,0.03325313692738772,0.38865410830224933,9.684981009261168,True
vector_thrust,cruise_42,0.6733648063896661,1415.6945981584545,1242.87830638355,60.84955549784395,0.7242481558500624,0.9168955878485519,0.03325313692805527,0.3886541083031346,9.712161064188285,True
vector_thrust,cruise_42,0.6734318408393785,1415.694598157246,1242.8783063668438,60.84955549728374,0.7242481558476346,0.9168955878484635,0.033253136927805335,0.38865410830280284,9.730970245797938,True
vector_thrust,cruise_42,0.6734557939027168,1415.6945981587685,1242.87830638789,60.849555497994196,0.7242481558506948,0.9168955878485753,0.03325313692812148,0.38865410830322084,9.737683164992855,True
vector_thrust,cruise_43,0.6734557758341363,1415.6945589322365,1242.8783187667805,60.84955513357667,0.7242481650176557,0.9168955867961461,0.033253138571751835,0.38865409753426483,9.737683164992855,True
vector_thrust,cruise_43,0.6734797440528559,1415.6945589524116,1242.878319045571,60.84955514295979,0.724248165058169,0.9168955867976262,0.03325313857593295,0.3886540975398035,9.744396084187773,True
vector_thrust,cruise_43,0.6735469821022088,1415.6945589510642,1242.8783190269537,60.84955514233665,0.7242481650554663,0.9168955867975277,0.03325313857565486,0.38865409753943364,9.763205265797424,True
vector_thrust,cruise_43,0.6736443540493046,1415.6945589513,1242.8783190302158,60.849555142439144,0.7242481650559394,0.9168955867975442,0.03325313857570156,0.38865409753949837,9.790385320724543,True
vector_thrust,cruise_43,0.6737527200062995,1415.694558949233,1242.8783190016436,60.84955514148394,0.7242481650517872,0.9168955867973932,0.03325313857527465,0.3886540975389309,9.820552905749313,True
vector_thrust,cruise_43,0.6738506171671894,1415.6945589517118,1242.878319035909,60.84955514263326,0.7242481650567663,0.9168955867975748,0.03325313857578735,0.38865409753961133,9.847732960676431,True
vector_thrust,cruise_43,0.6739185101458409,1415.694558948565,1242.8783189924225,60.8495551411693,0.7242481650504464,0.9168955867973437,0.03325313857513464,0.38865409753874747,9.866542142286082,True
vector_thrust,cruise_43,0.67394276982555,1415.6945589519,1242.8783190385093,60.849555142721194,0.7242481650571446,0.9168955867975886,0.033253138575826555,0.38865409753966307,9.873255061481,True
vector_thrust,cruise_44,0.6739427516379991,1415.6945194867947,1242.8783317908535,60.849554785708726,0.7242481743271557,0.916895585739741,0.03325314023471049,0.38865408670521095,9.873255061481,True
vector_thrust,cruise_44,0.6739670265678246,1415.6945194867028,1242.8783317895861,60.849554785665276,0.7242481743269689,0.9168955857397341,0.03325314023469089,0.38865408670518575,9.87996798067592,True
vector_thrust,cruise_44,0.6740351246287483,1415.6945194866582,1242.8783317889715,60.84955478563985,0.7242481743268793,0.9168955857397303,0.03325314023467993,0.3886540867051736,9.89877716228557,True
vector_thrust,cruise_44,0.6741337408625637,1415.694519486697,1242.8783317895027,60.8495547856579,0.7242481743269583,0.9168955857397332,0.033253140234687895,0.38865408670518414,9.925957217212689,True
vector_thrust,cruise_44,0.6742434900075984,1415.6945194867274,1242.8783317899333,60.84955478567101,0.7242481743270186,0.9168955857397353,0.03325314023469499,0.3886540867051926,9.95612480223746,True
vector_thrust,cruise_44,0.6743426353037825,1415.694519486727,1242.8783317899233,60.84955478567122,0.7242481743270169,0.9168955857397353,0.033253140234695,0.3886540867051924,9.983304857164576,True
vector_thrust,cruise_44,0.674411393096192,1415.6945194867255,1242.8783317899079,60.84955478567224,0.7242481743270158,0.9168955857397354,0.03325314023469437,0.38865408670519197,10.002114038774229,True
vector_thrust,cruise_44,0.6744359616347114,1415.6945194867255,1242.8783317899079,60.849554785672446,0.7242481743270158,0.9168955857397354,0.03325314023469437,0.38865408670519197,10.008826957969147,True
vector_thrust,cruise_45,0.6744359433108235,1415.6944797558974,1242.8783445933439,60.84955442512512,0.7242481836539271,0.9168955846746495,0.03325314190413117,0.3886540757977904,10.008826957969147,True
vector_thrust,cruise_45,0.6744605272129538,1415.6944797558956,1242.878344593316,60.849554425124715,0.7242481836539238,0.9168955846746494,0.03325314190413169,0.3886540757977899,10.015539877164064,True
vector_thrust,cruise_45,0.6745294915942511,1415.6944797558963,1242.8783445933263,60.849554425126556,0.7242481836539233,0.9168955846746496,0.033253141904132276,0.38865407579779004,10.034349058773717,True
vector_thrust,cruise_45,0.6746293612616248,1415.69447975589,1242.8783445932354,60.84955442512696,0.7242481836539113,0.9168955846746495,0.03325314190413249,0.3886540757977884,10.061529113700834,True
vector_thrust,cruise_45,0.6747405037857982,1415.6944797558892,1242.8783445932218,60.849554425125326,0.7242481836539091,0.9168955846746493,0.033253141904131374,0.3886540757977881,10.091696698725604,True
vector_thrust,cruise_45,0.6748409064385241,1415.6944797558945,1242.878344593298,60.84955442512902,0.7242481836539195,0.9168955846746498,0.03325314190413291,0.38865407579778954,10.118876753652723,True
vector_thrust,cruise_45,0.6749105354431367,1415.6944797558872,1242.8783445932042,60.84955442512328,0.7242481836539046,0.9168955846746489,0.03325314190413101,0.3886540757977876,10.137685935262374,True
vector_thrust,cruise_45,0.6749354151309925,1415.6944797558815,1242.8783445931153,60.849554425120616,0.7242481836538942,0.9168955846746486,0.03325314190412941,0.388654075797786,10.144398854457291,True
vector_thrust,cruise_46,0.67493539667026,1415.6944397579646,1242.8783574826864,60.84955406214593,0.7242481930435154,0.9168955836024023,0.03325314358478749,0.38865406481705983,10.144398854457291,True
vector_thrust,cruise_46,0.6749602918310382,1415.6944397517111,1242.8783573962905,60.849554059239324,0.7242481930309599,0.9168955836019438,0.03325314358349307,0.388654064815343,10.151111773652211,True
vector_thrust,cruise_46,0.6750301289365148,1415.694439713081,1242.878356862478,60.84955404127496,0.7242481929533867,0.9168955835991102,0.033253143575489835,0.3886540648047378,10.169920955261862,True
vector_thrust,cruise_46,0.6751312613868368,1415.6944397579705,1242.8783574827792,60.849554062158425,0.7242481930435285,0.9168955836024036,0.03325314358479302,0.3886540648170614,10.19710101018898,True
vector_thrust,cruise_46,0.6752438076756803,1415.6944397579675,1242.8783574827376,60.84955406216274,0.7242481930435227,0.9168955836024041,0.03325314358479529,0.38865406481706066,10.22726859521375,True
vector_thrust,cruise_46,0.6753454770743534,1415.6944397506913,1242.878357382197,60.84955405877669,0.7242481930289124,0.9168955836018702,0.033253143583287265,0.3886540648150631,10.254448650140867,True
vector_thrust,cruise_46,0.675415983817617,1415.6944397579716,1242.87835748279,60.84955406215638,0.7242481930435307,0.9168955836024035,0.03325314358479259,0.3886540648170617,10.27325783175052,True
vector_thrust,cruise_46,0.675441176986421,1415.6944397578332,1242.8783574807048,60.84955406215802,0.7242481930432253,0.9168955836024002,0.033253143584800374,0.3886540648170237,10.279970750945438,True
vector_thrust,cruise_47,0.6754411583793911,1415.6943994778214,1242.8783703044337,60.84955369150728,0.724248202474208,0.9168955825220693,0.033253145274514825,0.3886540537588534,10.279970750945438,True
vector_thrust,cruise_47,0.6754663671481598,1415.6943994890485,1242.8783704595744,60.849553696732194,0.7242482024967536,0.9168955825228933,0.03325314527684139,0.38865405376193557,10.286683670140356,True
vector_thrust,cruise_47,0.6755370835793179,1415.694399489049,1242.8783704595794,60.849553696732805,0.724248202496755,0.9168955825228933,0.03325314527684239,0.38865405376193574,10.305492851750008,True
vector_thrust,cruise_47,0.6756394880349964,1415.6943991609003,1242.8783659250487,60.84955354408007,0.724248201837786,0.9168955824988178,0.03325314520883639,0.38865405367184824,10.332672906677125,True
vector_thrust,cruise_47,0.6757534487991756,1415.6943993576103,1242.8783686432905,60.849553635587796,0.724248202232806,0.9168955825132499,0.0332531452496032,0.3886540537258515,10.362840491701895,True
vector_thrust,cruise_47,0.6758563946113555,1415.6943994890503,1242.8783704596035,60.84955369673117,0.7242482024967573,0.9168955825228932,0.03325314527684135,0.38865405376193607,10.390020546629014,True
vector_thrust,cruise_47,0.6759277857281102,1415.6943994880417,1242.8783704456619,60.84955369625828,0.7242482024947312,0.9168955825228187,0.033253145276631084,0.3886540537616592,10.408829728238665,True
vector_thrust,cruise_47,0.6759532947459008,1415.6943994760638,1242.8783702801466,60.849553690691465,0.7242482024706787,0.9168955825219405,0.03325314527415137,0.3886540537583709,10.415542647433583,True
vector_thrust,cruise_48,0.6759532760160096,1415.6943589607586,1242.8783837434053,60.84955331792638,0.724248212046307,0.916895581435304,0.033253146973763796,0.3886540426356048,10.415542647433583,True
vector_thrust,cruise_48,0.6759788007460101,1415.6943589399764,1242.8783834536616,60.849553326209985,0.7242482120041683,0.9168955814356118,0.03325314697926787,0.38865404262989944,10.422255566628502,True
vector_thrust,cruise_48,0.6760504031513517,1415.6943589387217,1242.878383436329,60.849553325618615,0.7242482120016492,0.916895581435519,0.03325314697900414,0.38865404262955494,10.441064748238153,True
vector_thrust,cruise_48,0.6761540897470175,1415.6943589370635,1242.8783834134172,60.849553324826985,0.7242482119983198,0.9168955814353952,0.03325314697864875,0.38865404262909975,10.468244803165272,True
vector_thrust,cruise_48,0.6762694755105756,1415.6943589359903,1242.8783833985956,60.849553324272925,0.7242482119961658,0.9168955814353109,0.033253146978397714,0.38865404262880515,10.498412388190042,True
vector_thrust,cruise_48,0.6763737073113908,1415.6943589348882,1242.8783833833736,60.849553323706985,0.7242482119939541,0.9168955814352248,0.03325314697813868,0.38865404262850256,10.525592443117159,True
vector_thrust,cruise_48,0.6764459895777669,1415.694358934001,1242.8783833711182,60.84955332324517,0.7242482119921734,0.9168955814351546,0.03325314697792869,0.38865404262825903,10.544401624726811,True
vector_thrust,cruise_48,0.676471816880627,1415.694358933656,1242.8783833663506,60.849553323068065,0.7242482119914809,0.9168955814351275,0.03325314697784626,0.3886540426281642,10.551114543921729,True
vector_thrust,cruise_49,0.6764717980039121,1415.6943181221711,1242.8783966803805,60.849552958353726,0.7242482215978322,0.9168955803416474,0.03325314869577419,0.3886540314240873,10.551114543921729,True
vector_thrust,cruise_49,0.6764976411374428,1415.6943181221748,1242.8783966804342,60.849552958359865,0.7242482215978385,0.9168955803416482,0.03325314869577651,0.3886540314240883,10.557827463116647,True
vector_thrust,cruise_49,0.6765701363195674,1415.6943181221748,1242.8783966804342,60.849552958349,0.7242482215978385,0.916895580341647,0.033253148695771714,0.3886540314240883,10.5766366447263,True
vector_thrust,cruise_49,0.676675114701047,1415.6943181221704,1242.8783966803774,60.84955295834819,0.7242482215978323,0.9168955803416468,0.03325314869577148,0.3886540314240871,10.603816699653416,True
vector_thrust,cruise_49,0.6767919365799938,1415.6943181221795,1242.8783966805008,60.84955295836479,0.7242482215978496,0.9168955803416488,0.033253148695778396,0.38865403142408955,10.633984284678187,True
vector_thrust,cruise_49,0.6768974643942158,1415.6943181221702,1242.8783966803728,60.84955295835639,0.7242482215978298,0.9168955803416476,0.03325314869577475,0.388654031424087,10.661164339605305,True
vector_thrust,cruise_49,0.6769706447093508,1415.694318122171,1242.878396680383,60.849552958352696,0.724248221597834,0.9168955803416473,0.03325314869577307,0.3886540314240873,10.679973521214956,True
vector_thrust,cruise_49,0.6769967927563141,1415.694318122171,1242.878396680383,60.84955295835413,0.724248221597834,0.9168955803416474,0.03325314869577393,0.3886540314240873,10.686686440409876,True
vector_thrust,cruise_50,0.6769967737391467,1415.6942770358287,1242.8784102012519,60.849552594541905,0.7242482312874672,0.9168955792411457,0.033253150427105964,0.38865402014455297,10.686686440409876,True
vector_thrust,cruise_50,0.6770229377257724,1415.6942770156434,1242.8784099225063,60.84955258544269,0.7242482312469618,0.9168955792396944,0.03325315042308267,0.38865402013901146,10.693399359604793,True
vector_thrust,cruise_50,0.677096332613279,1415.6942770157602,1242.8784099241755,60.84955258538775,0.7242482312472042,0.9168955792396919,0.03325315042304609,0.3886540201390435,10.712208541214444,True
vector_thrust,cruise_50,0.6772026128245818,1415.6942770158694,1242.8784099257255,60.84955258534203,0.7242482312474303,0.9168955792396899,0.03325315042301632,0.38865402013907346,10.739388596141563,True
vector_thrust,cruise_50,0.6773208820115207,1415.6942770158255,1242.8784099250452,60.84955258533179,0.7242482312473316,0.9168955792396878,0.03325315042301281,0.3886540201390615,10.769556181166333,True
vector_thrust,cruise_50,0.6774277159633105,1415.6942770159328,1242.8784099266093,60.8495525853117,0.7242482312475594,0.9168955792396886,0.0332531504229974,0.38865402013909095,10.79673623609345,True
vector_thrust,cruise_50,0.6775018013554909,1415.6942770159667,1242.8784099271302,60.84955258531662,0.724248231247635,0.91689557923969,0.03325315042299901,0.38865402013910016,10.815545417703103,True
vector_thrust,cruise_50,0.6775282726593199,1415.6942770159733,1242.8784099272257,60.84955258531969,0.7242482312476505,0.9168955792396903,0.033253150423000595,0.38865402013910205,10.82225833689802,True
vector_thrust,cruise_51,0.6775282534770469,1415.694235616504,1242.8784231892614,60.84955220666555,0.7242482409537312,0.9168955781295695,0.03325315216093197,0.3886540087736043,10.82225833689802,True
vector_thrust,cruise_51,0.6775547408660554,1415.6942356278244,1242.8784233435224,60.84955221248675,0.7242482409761215,0.9168955781304566,0.033253152163580976,0.3886540087767121,10.828971256092938,True
vector_thrust,cruise_51,0.6776290425214615,1415.6942356313662,1242.878423392451,60.849552214105266,0.7242482409832323,0.9168955781307134,0.033253152164299124,0.38865400877768436,10.84778043770259,True
vector_thrust,cruise_51,0.6777366347984751,1415.6942356331622,1242.8784234172706,60.849552214882344,0.7242482409868389,0.9168955781308393,0.03325315216463832,0.3886540087781775,10.874960492629707,True
vector_thrust,cruise_51,0.6778563626971978,1415.6942356316047,1242.8784233957633,60.84955221410198,0.7242482409837131,0.9168955781307193,0.03325315216428491,0.38865400877774986,10.905128077654478,True
vector_thrust,cruise_51,0.677964513100134,1415.694235627996,1242.878423345914,60.84955221237914,0.72424824097647,0.9168955781304502,0.033253152163514224,0.38865400877675915,10.932308132581596,True
vector_thrust,cruise_51,0.6780395107287848,1415.6942356247516,1242.878423301094,60.8495522108502,0.7242482409699545,0.91689557813021,0.033253152162830056,0.3886540087758685,10.951117314191247,True
vector_thrust,cruise_51,0.6780663078485814,1415.694235622719,1242.8784232730236,60.84955220990217,0.7242482409658753,0.9168955781300607,0.03325315216240682,0.3886540087753104,10.957830233386167,True
vector_thrust,cruise_52,0.6780662904715047,1415.694197019601,1242.8784793571738,60.84955308828865,0.7242482569505204,0.9168955772206304,0.033253154455921356,0.3886539981775018,10.957830233386167,True
vector_thrust,cruise_52,0.6780931018451007,1415.694193936628,1242.878436699688,60.849551831411404,0.724248250750709,0.9168955770125383,0.03325315391389328,0.38865399733112566,10.964543152581085,True
vector_thrust,cruise_52,0.6781683174573726,1415.6941939366295,1242.8784366997186,60.849551831408114,0.7242482507507121,0.916895577012538,0.03325315391389178,0.38865399733112616,10.983352334190736,True
vector_thrust,cruise_52,0.6782772322258337,1415.6941939366322,1242.878436699752,60.849551831405655,0.7242482507507181,0.9168955770125379,0.033253153913890915,0.3886539973311269,11.010532389117854,True
vector_thrust,cruise_52,0.6783984304584906,1415.6941939366347,1242.8784366998016,60.849551831399104,0.7242482507507246,0.9168955770125372,0.03325315391388612,0.38865399733112754,11.040699974142624,True
vector_thrust,cruise_52,0.6785079078282102,1415.6941939366384,1242.8784366998625,60.849551831399715,0.7242482507507351,0.9168955770125373,0.03325315391388589,0.38865399733112854,11.067880029069741,True
vector_thrust,cruise_52,0.6785838249944413,1415.6941939366404,1242.8784366998884,60.84955183139726,0.7242482507507376,0.9168955770125371,0.033253153913885974,0.3886539973311291,11.086689210679394,True
vector_thrust,cruise_52,0.6786109505416712,1415.694193936639,1242.8784366998746,60.84955183139541,0.724248250750735,0.916895577012537,0.03325315391388335,0.38865399733112876,11.093402129874312,True
vector_thrust,cruise_53,0.6786109288356699,1415.694148559945,1242.8784033155223,60.849549895550574,0.7242482537885417,0.9168955756405236,0.033253154987681735,0.38865398487375374,11.093402129874312,True
vector_thrust,cruise_53,0.6786380729380878,1415.694151950658,1242.8784501731602,60.84955144768875,0.7242482605980346,0.9168955758867204,0.03325315567660824,0.3886539858046144,11.10011504906923,True
vector_thrust,cruise_53,0.6787142098366612,1415.6941519472173,1242.8784501256278,60.849551446055266,0.724248260591128,0.9168955758864646,0.03325315567587631,0.3886539858036699,11.118924230678882,True
vector_thrust,cruise_53,0.6788244577198707,1415.694151943015,1242.8784500675777,60.84955144407107,0.7242482605826921,0.9168955758861534,0.033253155674990896,0.3886539858025162,11.146104285605999,True
vector_thrust,cruise_53,0.6789471381225897,1415.694151939483,1242.8784500187944,60.84955144244313,0.7242482605756034,0.9168955758858959,0.03325315567426777,0.3886539858015466,11.176271870630769,True
vector_thrust,cruise_53,0.6790579531653445,1415.6941519385587,1242.8784500060287,60.84955144199258,0.7242482605737456,0.9168955758858259,0.03325315567406346,0.3886539858012928,11.203451925557887,True
vector_thrust,cruise_53,0.6791347973014418,1415.694151938337,1242.8784500029674,60.84955144189481,0.7242482605733028,0.9168955758858102,0.033253155674020034,0.38865398580123195,11.222261107167538,True
vector_thrust,cruise_53,0.6791622539328,1415.6941519383229,1242.878450002775,60.84955144188784,0.7242482605732747,0.916895575885809,0.0332531556740169,0.38865398580122806,11.228974026362458,True
vector_thrust,cruise_54,0.6791622343064007,1415.6941096718097,1242.8784638549814,60.84955106671261,0.724248270532193,0.916895574753603,0.03325315745458223,0.3886539741976986,11.228974026362458,True
vector_thrust,cruise_54,0.6791897074039824,1415.6941096717762,1242.878463854518,60.84955106673064,0.7242482705321263,0.916895574753604,0.03325315745459537,0.3886539741976894,11.235686945557376,True
vector_thrust,cruise_54,0.6792667730612035,1415.6941096717765,1242.8784638545271,60.84955106673064,0.724248270532126,0.916895574753604,0.03325315745459482,0.38865397419768943,11.254496127167027,True
vector_thrust,cruise_54,0.6793783648902697,1415.694109671774,1242.878463854488,60.849551066733106,0.7242482705321195,0.9168955747536041,0.03325315745459662,0.38865397419768877,11.281676182094145,True
vector_thrust,cruise_54,0.6795025395307575,1415.6941096717735,1242.878463854479,60.84955106673289,0.7242482705321178,0.9168955747536041,0.0332531574545953,0.3886539741976887,11.311843767118916,True
vector_thrust,cruise_54,0.6796147031592981,1415.6941096717733,1242.8784638544716,60.84955106673167,0.7242482705321196,0.916895574753604,0.03325315745459611,0.3886539741976886,11.339023822046034,True
vector_thrust,cruise_54,0.6796924818405324,1415.6941096717735,1242.878463854479,60.84955106673269,0.7242482705321178,0.9168955747536041,0.0332531574545955,0.3886539741976887,11.357833003655685,True
vector_thrust,cruise_54,0.6797202722642778,1415.6941096717721,1242.8784638544626,60.849551066733305,0.724248270532117,0.9168955747536042,0.03325315745459566,0.38865397419768827,11.364545922850603,True
vector_thrust,cruise_55,0.6797202524690246,1415.694067084017,1242.8784775893962,60.84955068061526,0.7242482805314268,0.9168955736119667,0.0332531592442728,0.38865396250596745,11.364545922850603,True
vector_thrust,cruise_55,0.6797480594930673,1415.6940670832487,1242.8784775787833,60.8495506802582,0.7242482805298838,0.9168955736119103,0.03325315924411285,0.38865396250575657,11.37125884204552,True
vector_thrust,cruise_55,0.679826061515555,1415.6940670834001,1242.8784775808726,60.84955068032993,0.7242482805301896,0.9168955736119216,0.0332531592441452,0.38865396250579815,11.390068023655173,True
vector_thrust,cruise_55,0.6799390083175545,1415.694067083247,1242.8784775787458,60.84955068026024,0.72424828052988,0.9168955736119105,0.03325315924411403,0.3886539625057561,11.41724807858229,True
vector_thrust,cruise_55,0.6800646894843267,1415.6940670832503,1242.8784775787976,60.84955068025655,0.7242482805298878,0.9168955736119103,0.03325315924411228,0.38865396250575696,11.44741566360706,True
vector_thrust,cruise_55,0.6801782128155753,1415.6940670832494,1242.8784775787822,60.8495506802586,0.7242482805298844,0.9168955736119104,0.033253159244114185,0.38865396250575673,11.474595718534179,True
vector_thrust,cruise_55,0.6802569337598158,1415.69406708325,1242.878477578792,60.84955068025881,0.7242482805298857,0.9168955736119105,0.03325315924411403,0.3886539625057569,11.49340490014383,True
vector_thrust,cruise_55,0.6802850607353178,1415.6940670832487,1242.8784775787833,60.84955068025901,0.7242482805298838,0.9168955736119105,0.033253159244113595,0.38865396250575657,11.50011781933875,True
vector_thrust,cruise_56,0.6802850407786981,1415.6940241842985,1242.8784914031594,60.84955029096605,0.7242482906005298,0.9168955724618949,0.03325316104667257,0.38865395072860254,11.50011781933875,True
vector_thrust,cruise_56,0.6803131844921886,1415.6940241843135,1242.8784914033663,60.849550290968104,0.7242482906005612,0.9168955724618956,0.03325316104667516,0.3886539507286067,11.506830738533667,True
vector_thrust,cruise_56,0.680392130632271,1415.694024184331,1242.8784914036146,60.84955029097877,0.7242482906005974,0.916895572461897,0.033253161046678484,0.3886539507286115,11.525639920143318,True
vector_thrust,cruise_56,0.6805064436456915,1415.6940241842988,1242.8784914031614,60.84955029096585,0.7242482906005322,0.9168955724618949,0.033253161046673106,0.38865395072860265,11.552819975070436,True
vector_thrust,cruise_56,0.6806336438617733,1415.6940241842976,1242.878491403147,60.849550290966455,0.7242482906005293,0.916895572461895,0.033253161046673266,0.38865395072860237,11.582987560095207,True
vector_thrust,cruise_56,0.6807485382233087,1415.6940241842979,1242.8784914031487,60.849550290966874,0.7242482906005279,0.9168955724618951,0.03325316104667412,0.38865395072860237,11.610167615022325,True
vector_thrust,cruise_56,0.6808282092943918,1415.6940241842988,1242.8784914031614,60.84955029096524,0.7242482906005322,0.9168955724618949,0.03325316104667344,0.38865395072860265,11.628976796631976,True
vector_thrust,cruise_56,0.6808566756332332,1415.694024184397,1242.8784914045148,60.84955029101054,0.7242482906007286,0.916895572461902,0.033253161046694145,0.3886539507286297,11.635689715826894,True
vector_thrust,cruise_57,0.6808566555041338,1415.6939809566422,1242.8785051445607,60.849549892594375,0.72424830071838,0.9168955713024453,0.03325316285971537,0.38865393886120814,11.635689715826894,True
vector_thrust,cruise_57,0.6808851387057511,1415.6939809340095,1242.8785048317998,60.84954988206071,0.7242483006729292,0.9168955713007843,0.03325316285502292,0.3886539388549948,11.642402635021813,True
vector_thrust,cruise_57,0.6809650368603776,1415.6939809308396,1242.8785047880065,60.84954988058075,0.7242483006665641,0.9168955713005512,0.03325316285436388,0.38865393885412447,11.661211816631464,True
vector_thrust,cruise_57,0.6810807275330566,1415.693980926705,1242.8785047308693,60.849549878670764,0.7242483006582618,0.9168955713002491,0.03325316285351229,0.38865393885298943,11.688391871558583,True
vector_thrust,cruise_57,0.6812094595554188,1415.6939809226951,1242.8785046754545,60.84954987679173,0.724248300650208,0.9168955712999536,0.03325316285267546,0.3886539388518886,11.718559456583353,True
vector_thrust,cruise_57,0.6813257364867634,1415.6939809195298,1242.878504631726,60.84954987532838,0.7242483006438516,0.9168955712997222,0.03325316285202317,0.38865393885101956,11.74573951151047,True
vector_thrust,cruise_57,0.6814063656958501,1415.6939809176095,1242.8785046051803,60.849549874430984,0.7242483006399961,0.916895571299581,0.033253162851622976,0.38865393885049243,11.764548693120123,True
vector_thrust,cruise_57,0.6814351742621148,1415.693980916952,1242.8785045960972,60.84954987413478,0.7242483006386758,0.9168955712995337,0.03325316285149273,0.38865393885031185,11.77126161231504,True
vector_thrust,cruise_58,0.6814351525939547,1415.6939352905079,1242.8784897565165,60.84954850823128,0.7242483066637667,0.9168955699792355,0.03325316424848566,0.38865392632437235,11.77126161231504,True
vector_thrust,cruise_58,0.6814639697959816,1415.693922621682,1242.8783145877082,60.84954261247999,0.7242482812064719,0.9168955690495167,0.03325316162172028,0.38865392284636857,11.777974531509958,True
vector_thrust,cruise_58,0.6815448397277576,1415.6939403299411,1242.8785594785581,60.849550853157126,0.7242483167970446,0.9168955703490304,0.03325316529320191,0.38865392770786034,11.79678371311961,True
vector_thrust,cruise_58,0.6816619084482642,1415.693923280333,1242.8783236810925,60.84954291867673,0.724248282527833,0.9168955690978199,0.03325316175810833,0.38865392302718954,11.823963768046728,True
vector_thrust,cruise_58,0.6817921950886999,1415.6939381200875,1242.8785288634308,60.84954982323011,0.7242483123469519,0.9168955701867025,0.033253164834181045,0.3886539271011838,11.854131353071498,True
vector_thrust,cruise_58,0.6819098664525812,1415.693938266083,1242.8785308809138,60.84954989098611,0.7242483126401351,0.9168955701973976,0.03325316486435012,0.3886539271412643,11.881311407998616,True
vector_thrust,cruise_58,0.6819914588993067,1415.6939336314335,1242.8784667779535,60.8495477343939,0.7242483033237735,0.9168955698573039,0.033253163903537254,0.3886539258689026,11.900120589608267,True
vector_thrust,cruise_58,0.6820206092563295,1415.693928560255,1242.8783966648903,60.84954537518779,0.7242482931343024,0.9168955694852297,0.033253162852507484,0.3886539244766995,11.906833508803185,True
vector_thrust,cruise_59,0.6820205946716875,1415.6938935750873,1242.8785334926852,60.84954910572854,0.7242483212614286,0.9168955689605817,0.03325316653471049,0.38865391487213563,11.906833508803185,True
vector_thrust,cruise_59,0.6820497655560409,1415.6938935831276,1242.8785336037968,60.84954910947411,0.724248321277573,0.9168955689611721,0.03325316653637822,0.388653914874343,11.913546427998105,True
vector_thrust,cruise_59,0.6821315920439768,1415.6938935841933,1242.8785336185251,60.84954910996176,0.7242483212797156,0.9168955689612496,0.03325316653659602,0.38865391487463563,11.932355609607756,True
vector_thrust,cruise_59,0.6822500732664701,1415.6938935856704,1242.8785336389358,60.849549110653975,0.7242483212826807,0.9168955689613584,0.03325316653690434,0.38865391487504103,11.959535664534874,True
vector_thrust,cruise_59,0.6823819081592151,1415.693893587226,1242.8785336604324,60.849549111376724,0.7242483212858052,0.9168955689614724,0.03325316653722632,0.38865391487546813,11.989703249559645,True
vector_thrust,cruise_59,0.6825009857396237,1415.6938935885257,1242.8785336783908,60.84954911198163,0.7242483212884127,0.9168955689615678,0.033253166537496055,0.38865391487582496,12.016883304486761,True
vector_thrust,cruise_59,0.6825835558756258,1415.6938935893647,1242.8785336899923,60.84954911237497,0.7242483212900993,0.9168955689616297,0.03325316653767075,0.38865391487605533,12.035692486096414,True
vector_thrust,cruise_59,0.6826130577101183,1415.6938935896553,1242.8785336940043,60.84954911250841,0.7242483212906823,0.9168955689616508,0.0332531665377309,0.38865391487613504,12.042405405291332,True
vector_thrust,cruise_60,0.6826130370723983,1415.6938493840032,1242.8785477334693,60.84954870471139,0.724248331635412,0.9168955677759271,0.0332531683915661,0.388653902740249,12.042405405291332,True
vector_thrust,cruise_60,0.6826425562112888,1415.6938493838911,1242.8785477319302,60.84954870465543,0.7242483316351869,0.9168955677759185,0.033253168391541986,0.3886539027402183,12.04911832448625,True
vector_thrust,cruise_60,0.6827253593292956,1415.6938493838672,1242.8785477315955,60.84954870465133,0.724248331635139,0.9168955677759175,0.03325316839153907,0.38865390274021167,12.067927506095902,True
vector_thrust,cruise_60,0.6828452538697473,1415.6938493840041,1242.878547733485,60.84954870471037,0.7242483316354129,0.9168955677759271,0.033253168391564676,0.3886539027402493,12.095107561023019,True
vector_thrust,cruise_60,0.6829785675523885,1415.6938493840048,1242.8785477334989,60.84954870470955,0.724248331635415,0.916895567775927,0.03325316839156512,0.38865390274024947,12.12527514604779,True
vector_thrust,cruise_60,0.6830976545907668,1415.6938493838193,1242.8785477309307,60.849548704625924,0.7242483316350421,0.9168955677759136,0.03325316839152665,0.3886539027401985,12.152455200974908,True
vector_thrust,cruise_60,0.6831799341950838,1415.6938493840007,1242.8785477334382,60.84954870471468,0.724248331635407,0.9168955677759274,0.033253168391566154,0.3886539027402483,12.171264382584559,True
vector_thrust,cruise_60,0.6832092734267018,1415.6938493839464,1242.8785477326815,60.84954870468413,0.724248331635296,0.9168955677759228,0.0332531683915535,0.3886539027402334,12.177977301779476,True
vector_thrust,cruise_61,0.6832092520366305,1415.6938039709537,1242.8785498436746,60.84954788861228,0.7242483403097474,0.9168955665172752,0.03325317007899317,0.3886538902728932,12.177977301779476,True
vector_thrust,cruise_61,0.6832385781515777,1415.6938048555987,1242.8785620681738,60.84954830015242,0.7242483420862373,0.9168955665821806,0.03325317026233391,0.388653890515757,12.184690220974396,True
vector_thrust,cruise_61,0.683320673419175,1415.6938048555576,1242.878562067608,60.84954830013336,0.7242483420861555,0.9168955665821776,0.03325317026232521,0.38865389051574567,12.203499402584047,True
vector_thrust,cruise_61,0.6834391140555337,1415.6938048554912,1242.8785620666931,60.849548300103024,0.7242483420860225,0.9168955665821729,0.03325317026231243,0.38865389051572746,12.230679457511165,True
vector_thrust,cruise_61,0.6835703090755673,1415.693804856648,1242.878562082677,60.849548300639654,0.7242483420883469,0.9168955665822575,0.033253170262551035,0.38865389051604504,12.260847042535936,True
vector_thrust,cruise_61,0.683688273133678,1415.6938048556501,1242.8785620688861,60.84954830017415,0.7242483420863403,0.9168955665821842,0.03325317026234231,0.38865389051577115,12.288027097463052,True
vector_thrust,cruise_61,0.6837697741197685,1415.693804856647,1242.8785620826634,60.84954830064109,0.7242483420883442,0.9168955665822576,0.033253170262551264,0.3886538905160447,12.306836279072705,True
vector_thrust,cruise_61,0.6837988351678073,1415.6938048560842,1242.878562074878,60.84954830037995,0.7242483420872111,0.9168955665822163,0.03325317026243412,0.3886538905158903,12.313549198267623,True
vector_thrust,cruise_62,0.7516909581465993,1559.525829186398,1225.7782326200895,63.637133150375114,0.6900249618189701,0.9206359170981833,0.028657600416832758,0.4281404487285508,12.313549198267623,True
vector_thrust,cruise_62,0.7517310120985059,1559.5258296771544,1225.7782401173913,63.63713339128873,0.6900249630315006,0.9206359171326914,0.028657600507285594,0.4281404488632794,12.32026211746254,True
vector_thrust,cruise_62,0.7518431020656008,1559.5258296758834,1225.7782400979547,63.63713339089763,0.6900249630283553,0.9206359171326249,0.028657600507156288,0.42814044886293046,12.339071299072193,True
vector_thrust,cruise_62,0.7520047173380282,1559.525829674132,1225.778240071197,63.63713339037432,0.6900249630240276,0.9206359171325346,0.028657600506984807,0.4281404488624496,12.36625135399931,True
vector_thrust,cruise_62,0.7521835980021029,1559.525829672357,1225.7782400440726,63.63713338986966,0.6900249630196423,0.9206359171324455,0.02865760050682321,0.42814044886196234,12.39641893902408,True
vector_thrust,cruise_62,0.7523443132514306,1559.5258296708676,1225.778240021317,63.63713338946606,0.6900249630159612,0.9206359171323727,0.02865760050669755,0.42814044886155345,12.423598993951199,True
vector_thrust,cruise_62,0.7524552809095787,1559.52582966993,1225.778240006997,63.63713338924058,0.6900249630136445,0.9206359171323297,0.028657600506628786,0.4281404488612961,12.44240817556085,True
vector_thrust,cruise_62,0.7524948350563759,1559.525829669615,1225.7782400021738,63.63713338916494,0.6900249630128652,0.9206359171323153,0.028657600506607383,0.42814044886120955,12.449121094755768,True
vector_thrust,cruise_63,0.7524942223279446,1559.5245403312504,1225.7781484865982,63.637100296838376,0.6900252258775346,0.920635885023034,0.028657632989586908,0.4281400948959878,12.449121094755768,True
vector_thrust,cruise_63,0.752533750158681,1559.5245403312142,1225.7781484860475,63.63710029684657,0.6900252258774469,0.9206358850230341,0.028657632989592174,0.4281400948959779,12.455834013950687,True
vector_thrust,cruise_63,0.7526443649742464,1559.5245403312147,1225.7781484860466,63.63710029684595,0.6900252258774462,0.920635885023034,0.028657632989591984,0.428140094895978,12.474643195560338,True
vector_thrust,cruise_63,0.75280384359356,1559.524540331211,1225.7781484859822,63.63710029685047,0.6900252258774366,0.9206358850230344,0.028657632989593812,0.42814009489597693,12.501823250487456,True
vector_thrust,cruise_63,0.7529803458429263,1559.524540331213,1225.7781484860316,63.637100296847386,0.6900252258774449,0.9206358850230342,0.02865763298959262,0.42814009489597754,12.531990835512227,True
vector_thrust,cruise_63,0.7531389119982708,1559.5245403312147,1225.7781484860466,63.637100296846775,0.6900252258774462,0.9206358850230341,0.028657632989592653,0.428140094895978,12.559170890439344,True
vector_thrust,cruise_63,0.7532483889914855,1559.5245403312167,1225.7781484860748,63.63710029684288,0.6900252258774513,0.9206358850230338,0.028657632989591647,0.42814009489597854,12.577980072048996,True
vector_thrust,cruise_63,0.7532874104442261,1559.5245403312158,1225.7781484860643,63.63710029684575,0.6900252258774476,0.9206358850230341,0.028657632989592268,0.4281400948959783,12.584692991243914,True
vector_thrust,cruise_64,0.7532867906234774,1559.5232373399856,1225.7780594781593,63.637066967124646,0.6900254921376715,0.920635852584739,0.02865766586750222,0.4281397371826019,12.584692991243914,True
vector_thrust,cruise_64,0.7533257854003227,1559.5232373399551,1225.7780594776907,63.63706696711029,0.6900254921375965,0.9206358525847369,0.02865766586749655,0.42813973718259346,12.591405910438832,True
vector_thrust,cruise_64,0.7534349047233752,1559.523237339957,1225.7780594777228,63.63706696710127,0.6900254921375996,0.9206358525847361,0.028657665867492632,0.42813973718259396,12.610215092048485,True
vector_thrust,cruise_64,0.753592217327588,1559.52323733996,1225.7780594777655,63.63706696710579,0.6900254921376083,0.9206358525847366,0.028657665867495373,0.42813973718259474,12.637395146975601,True
vector_thrust,cruise_64,0.7537663086172492,1559.5232373399608,1225.7780594777778,63.63706696710025,0.6900254921376071,0.9206358525847361,0.028657665867492448,0.42813973718259507,12.667562732000372,True
vector_thrust,cruise_64,0.7539226963971379,1559.5232373399585,1225.77805947775,63.63706696710353,0.690025492137604,0.9206358525847363,0.028657665867493944,0.4281397371825944,12.69474278692749,True
vector_thrust,cruise_64,0.7540306624848575,1559.523237339959,1225.7780594777478,63.637066967107835,0.6900254921376051,0.9206358525847368,0.02865766586749623,0.42813973718259457,12.713551968537141,True
vector_thrust,cruise_64,0.7540691440243286,1559.5232373399588,1225.7780594777382,63.637066967102704,0.6900254921376011,0.9206358525847362,0.028657665867494547,0.4281397371825945,12.72026488773206,True
vector_thrust,cruise_65,0.7540685168119869,1559.5219201780703,1225.7779695034792,63.637033274893746,0.6900257612943727,0.920635819793618,0.028657699103034787,0.4281393755789125,12.72026488773206,True
vector_thrust,cruise_65,0.7541069713181258,1559.5219201781802,1225.7779695051518,63.637033274955854,0.6900257612946405,0.9206358197936265,0.028657699103057294,0.42813937557894266,12.726977806926978,True
vector_thrust,cruise_65,0.7542145749402136,1559.5219201781724,1225.7779695050394,63.637033274962825,0.6900257612946248,0.9206358197936271,0.028657699103059677,0.4281393755789406,12.74578698853663,True
vector_thrust,cruise_65,0.754369692361167,1559.5219201781788,1225.7779695051381,63.637033274957496,0.69002576129464,0.9206358197936267,0.0286576991030592,0.4281393755789423,12.772967043463748,True
vector_thrust,cruise_65,0.754541340364483,1559.5219201781754,1225.7779695050815,63.637033274961794,0.6900257612946319,0.9206358197936271,0.028657699103059868,0.42813937557894133,12.803134628488518,True
vector_thrust,cruise_65,0.7546955206870909,1559.5219201781792,1225.777969505134,63.6370332749579,0.6900257612946401,0.9206358197936267,0.028657699103057738,0.42813937557894244,12.830314683415635,True
vector_thrust,cruise_65,0.7548019557685026,1559.5219201781833,1225.7779695052022,63.637033274950525,0.6900257612946505,0.9206358197936261,0.02865769910305609,0.42813937557894355,12.849123865025287,True
vector_thrust,cruise_65,0.7548398902256992,1559.5219201781745,1225.7779695050615,63.63703327496262,0.6900257612946294,0.9206358197936271,0.028657699103059764,0.4281393755789411,12.855836784220205,True
vector_thrust,cruise_66,0.7548392554738574,1559.520588545196,1225.7778785487171,63.63699921274675,0.6900260334101987,0.9206357866422209,0.02865773270388694,0.4281390100024753,12.855836784220205,True
vector_thrust,cruise_66,0.7548771625424567,1559.5205885451762,1225.7778785484115,63.63699921274183,0.6900260334101518,0.92063578664222,0.028657732703887072,0.42813901000246984,12.862549703415123,True
vector_thrust,cruise_66,0.7549832303969117,1559.5205885451728,1225.7778785483572,63.636999212744286,0.6900260334101405,0.9206357866422201,0.02865773270388671,0.42813901000246896,12.881358885024776,True
vector_thrust,cruise_66,0.7551361236737555,1559.5205885451744,1225.7778785483868,63.636999212734246,0.6900260334101465,0.9206357866422192,0.028657732703883408,0.42813901000246934,12.908538939951892,True
vector_thrust,cruise_66,0.755305296297504,1559.5205885451721,1225.7778785483517,63.63699921272872,0.6900260334101406,0.9206357866422187,0.028657732703879814,0.4281390100024688,12.938706524976663,True
vector_thrust,cruise_66,0.7554572402943367,1559.5205885451721,1225.7778785483517,63.63699921273855,0.6900260334101406,0.9206357866422196,0.028657732703884296,0.4281390100024688,12.965886579903781,True
vector_thrust,cruise_66,0.7555621244179437,1559.5205885451746,1225.7778785483881,63.63699921274819,0.690026033410146,0.9206357866422206,0.028657732703888068,0.42813901000246946,12.984695761513432,True
vector_thrust,cruise_66,0.7555995046774647,1559.5205885451765,1225.7778785484156,63.636999212742246,0.69002603341015,0.92063578664222,0.02865773270388658,0.42813901000246996,12.991408680708352,True
vector_thrust,cruise_67,0.755598862233315,1559.5192421306485,1225.77778658642,63.63696477251054,0.6900263085475687,0.9206357531227891,0.02865776667780536,0.42813864036798915,12.991408680708352,True
vector_thrust,cruise_67,0.7556362147515954,1559.5192421306147,1225.7777865858998,63.636964772494345,0.6900263085474855,0.9206357531227869,0.028657766677800116,0.42813864036797983,12.99812159990327,True
vector_thrust,cruise_67,0.7557407269233969,1559.519242130612,1225.777786585841,63.636964772500704,0.6900263085474749,0.9206357531227874,0.02865776667780113,0.4281386403679791,13.01693078151292,True
vector_thrust,cruise_67,0.7558913673168481,1559.5192421306135,1225.7777865858766,63.63696477249947,0.6900263085474808,0.9206357531227873,0.028657766677800615,0.4281386403679796,13.044110836440039,True
vector_thrust,cruise_67,0.7560580327170942,1559.5192421306153,1225.7777865859032,63.636964772493315,0.6900263085474853,0.9206357531227868,0.028657766677798947,0.4281386403679801,13.07427842146481,True
vector_thrust,cruise_67,0.7562077117472704,1559.5192421306165,1225.7777865859255,63.63696477249517,0.690026308547488,0.920635753122787,0.02865776667780056,0.4281386403679803,13.101458476391926,True
vector_thrust,cruise_67,0.7563110251207584,1559.5192421306133,1225.7777865858711,63.63696477249004,0.6900263085474796,0.9206357531227864,0.028657766677797656,0.4281386403679795,13.120267658001579,True
vector_thrust,cruise_67,0.756347844124369,1559.5192421306162,1225.7777865859177,63.636964772487175,0.6900263085474897,0.9206357531227862,0.028657766677796934,0.42813864036798027,13.126980577196496,True
vector_thrust,cruise_68,0.7563471938304587,1559.5178806143042,1225.7776935969714,63.63692994606548,0.6900265867723122,0.9206357192273585,0.02865780103289886,0.42813826658756976,13.126980577196496,True
vector_thrust,cruise_68,0.756383984742883,1559.5178806142444,1225.7776935960565,63.63692994603043,0.6900265867721638,0.9206357192273538,0.028657801032884456,0.4281382665875533,13.133693496391414,True
vector_thrust,cruise_68,0.756486921478576,1559.5178806142426,1225.7776935960358,63.63692994603289,0.6900265867721616,0.9206357192273539,0.028657801032885094,0.4281382665875528,13.152502678001067,True
vector_thrust,cruise_68,0.7566352804852661,1559.5178806142471,1225.7776935960987,63.63692994603719,0.6900265867721734,0.9206357192273544,0.028657801032888643,0.42813826658755405,13.179682732928184,True
vector_thrust,cruise_68,0.7567994070833115,1559.5178806142494,1225.777693596126,63.63692994603883,0.6900265867721765,0.9206357192273547,0.02865780103288891,0.4281382665875546,13.209850317952954,True
vector_thrust,cruise_68,0.756946792747989,1559.517880614252,1225.7776935961742,63.63692994603658,0.6900265867721839,0.9206357192273545,0.02865780103288844,0.4281382665875554,13.237030372880072,True
vector_thrust,cruise_68,0.7570485157482562,1559.5178806142442,1225.777693596057,63.636929946035146,0.6900265867721637,0.9206357192273542,0.02865780103288719,0.4281382665875532,13.255839554489723,True
vector_thrust,cruise_68,0.7570847664984365,1559.5178806142485,1225.7776935961215,63.636929946038016,0.6900265867721728,0.9206357192273545,0.02865780103288759,0.4281382665875544,13.262552473684643,True
vector_thrust,cruise_69,0.7570841081922333,1559.516503665386,1225.7775995561067,63.63689472490024,0.6900268681517464,0.9206356849476878,0.02865783577749211,0.4281378885704079,13.262552473684643,True
vector_thrust,cruise_69,0.7571203305404779,1559.5165037176312,1225.7776003537815,63.63689475229219,0.6900268682807483,0.9206356849515317,0.028657835787908797,0.4281378885847509,13.26926539287956,True
vector_thrust,cruise_69,0.7572216722492329,1559.5165037046654,1225.7776001558204,63.63689474549591,0.6900268682487342,0.920635684950578,0.02865783578532354,0.42813788858119134,13.288074574489212,True
vector_thrust,cruise_69,0.7573677216020227,1559.5165036842288,1225.7775998438033,63.636894734778785,0.6900268681982737,0.9206356849490741,0.02865783578124881,0.4281378885755808,13.31525462941633,True
vector_thrust,cruise_69,0.7575292780747579,1559.516503647155,1225.7775992777715,63.636894715337355,0.6900268681067357,0.9206356849463458,0.02865783577385763,0.4281378885654029,13.3454222144411,True
vector_thrust,cruise_69,0.7576743421754285,1559.5165035662953,1225.7775980432045,63.636894672941146,0.6900268679070809,0.9206356849403963,0.028657835757735263,0.4281378885432043,13.372602269368217,True
vector_thrust,cruise_69,0.757774455320872,1559.516503512105,1225.7775972158338,63.6368946445241,0.6900268677732807,0.9206356849364087,0.028657835746930226,0.4281378885283272,13.39141145097787,True
vector_thrust,cruise_69,0.7578101308612658,1559.5165034788563,1225.777596708195,63.63689462708776,0.690026867691187,0.9206356849339619,0.028657835740301205,0.4281378885191994,13.398124370172788,True
vector_thrust,cruise_70,0.7578094645047124,1559.5151109426088,1225.7775044439873,63.63685910038704,0.6900271527562509,0.9206356502752889,0.028657870920249677,0.42813750622280994,13.398124370172788,True
vector_thrust,cruise_70,0.757845111286192,1559.515110942753,1225.7775044461896,63.636859100464115,0.6900271527566061,0.9206356502752997,0.028657870920279004,0.42813750622284946,13.404837289367705,True
vector_thrust,cruise_70,0.757944838585674,1559.5151109427911,1225.7775044467767,63.63685910048912,0.6900271527567001,0.9206356502753028,0.028657870920288413,0.42813750622285995,13.423646470977358,True
vector_thrust,cruise_70,0.7580885503247178,1559.51511094267,1225.7775044449254,63.63685910042414,0.6900271527564014,0.9206356502752938,0.028657870920264294,0.4281375062228267,13.450826525904475,True
vector_thrust,cruise_70,0.7582475057236261,1559.5151109426092,1225.7775044439948,63.63685910038581,0.6900271527562519,0.9206356502752888,0.028657870920249184,0.42813750622281,13.480994110929245,True
vector_thrust,cruise_70,0.7583902205014691,1559.5151109426058,1225.7775044439422,63.63685910038991,0.690027152756241,0.9206356502752892,0.02865787092025039,0.42813750622280905,13.508174165856364,True
vector_thrust,cruise_70,0.7584887046129899,1559.515110942608,1225.7775044439882,63.63685910038704,0.6900271527562483,0.9206356502752889,0.028657870920250173,0.42813750622280966,13.526983347466015,True
vector_thrust,cruise_70,0.7585237981246781,1559.51511094277,1225.7775044464497,63.636859100471085,0.6900271527566469,0.9206356502753007,0.028657870920281655,0.4281375062228542,13.533696266660934,True
vector_thrust,cruise_71,0.7585231232855634,1559.5137020930156,1225.7774082346841,63.6368230634529,0.6900274406576423,0.920635615201369,0.028657906470056154,0.4281371194478776,13.533696266660934,True
vector_thrust,cruise_71,0.7585581874108597,1559.5137020930142,1225.7774082346714,63.63682306344368,0.6900274406576438,0.920635615201368,0.028657906470053757,0.42813711944787725,13.540409185855852,True
vector_thrust,cruise_71,0.7586562813518335,1559.5137020930192,1225.7774082347378,63.63682306345536,0.6900274406576529,0.9206356152013693,0.02865790647005791,0.4281371194478786,13.559218367465503,True
vector_thrust,cruise_71,0.7587976274783992,1559.5137020930156,1225.7774082346841,63.636823063450855,0.6900274406576423,0.9206356152013688,0.028657906470056158,0.4281371194478776,13.586398422392621,True
vector_thrust,cruise_71,0.7589539513964509,1559.5137020930085,1225.7774082345916,63.63682306344511,0.6900274406576304,0.920635615201368,0.028657906470053684,0.42813711944787564,13.616566007417392,True
vector_thrust,cruise_71,0.759094288827204,1559.5137020930129,1225.7774082346514,63.63682306344531,0.6900274406576387,0.9206356152013683,0.028657906470054027,0.4281371194478769,13.64374606234451,True
vector_thrust,cruise_71,0.75922550731868,1559.5137020930092,1225.7774082345882,63.6368230634488,0.6900274406576279,0.9206356152013685,0.02865790647005458,0.4281371194478758,13.662555243954161,True
vector_thrust,cruise_71,0.7592730824598772,1559.51370209301,1225.7774082346104,63.6368230634443,0.6900274406576322,0.920635615201368,0.02865790647005408,0.42813711944787597,13.669268163149079,True
vector_thrust,cruise_72,0.759272399046475,1559.5122767519658,1225.777310903648,63.6367866047596,0.6900277319305315,0.9206355797168475,0.0286579424361136,0.4281367281455053,13.669268163149079,True
vector_thrust,cruise_72,0.759319983275819,1559.512276785913,1225.7773114219353,63.6367866225614,0.6900277320143489,0.9206355797193457,0.028657942442883184,0.4281367281548249,13.675981082343997,True
vector_thrust,cruise_72,0.7594533605163818,1559.5122768387755,1225.7773122290287,63.63678665028502,0.69002773214487,0.9206355797232358,0.02865794245342475,0.42813672816933734,13.69479026395365,True
vector_thrust,cruise_72,0.7596462244557883,1559.512276862719,1225.7773125946032,63.63678666283649,0.6900277322039895,0.9206355797249975,0.02865794245819773,0.4281367281759106,13.721970318880766,True
vector_thrust,cruise_72,0.7598604650111033,1559.5122768409867,1225.7773122627955,63.6367866514411,0.6900277321503303,0.9206355797233983,0.028657942453864178,0.4281367281699444,13.752137903905536,True
vector_thrust,cruise_72,0.7600536494448223,1559.5122767915361,1225.7773115077923,63.63678662551085,0.6900277320282333,0.9206355797197595,0.02865794244400522,0.42813672815636866,13.779317958832655,True
vector_thrust,cruise_72,0.7601874263179844,1559.5122767274652,1225.7773105295637,63.63678659191562,0.6900277318700344,0.9206355797150451,0.028657942431229974,0.42813672813877907,13.798127140442306,True
vector_thrust,cruise_72,0.7602351883683058,1559.5122766628303,1225.777309542725,63.636786558022756,0.6900277317104447,0.920635579710289,0.028657942418342405,0.4281367281210347,13.804840059637225,True
vector_thrust,cruise_73,0.7602344960521726,1559.5108345424442,1225.777212425299,63.63674971467927,0.6900280266520036,0.9206355438123386,0.028657978827944894,0.42813633221219005,13.804840059637225,True
vector_thrust,cruise_73,0.7602822612765726,1559.5108258863606,1225.777080031372,63.636745168687966,0.6900280052381093,0.9206355431747,0.02865797709884974,0.42813632983581423,13.811552978832143,True
vector_thrust,cruise_73,0.760416157443615,1559.5108181039077,1225.7769612613754,63.636741089978976,0.6900279860314996,0.9206355426022428,0.02865797554808009,0.4281363276992783,13.830362160441794,True
vector_thrust,cruise_73,0.760609794075143,1559.5108382563726,1225.7772692258695,63.63675166057115,0.6900280358390931,0.9206355440854724,0.028657979567754028,0.42813633323178385,13.857542215368913,True
vector_thrust,cruise_73,0.7608248633342977,1559.5108173958843,1225.7769504659284,63.63674072162359,0.6900279842858756,0.9206355425504272,0.02865797540821768,0.42813632750490294,13.887709800393683,True
vector_thrust,cruise_73,0.7610188211793818,1559.5108354369393,1225.7772261039186,63.63675018448919,0.6900280288643993,0.9206355438782342,0.028657979006641035,0.42813633245775795,13.914889855320801,True
vector_thrust,cruise_73,0.7611531263547764,1559.5108370864561,1225.777251324982,63.63675105085058,0.690028032943635,0.9206355439997503,0.02865797933617292,0.4281363329106039,13.933699036930452,True
vector_thrust,cruise_73,0.7612010770953251,1559.5108376661788,1225.7772601911986,63.63675135536404,0.6900280343776845,0.9206355440424602,0.028657979451999913,0.42813633306975657,13.94041195612537,True
vector_thrust,cruise_74,0.7612003733590326,1559.5093750721162,1225.7771127360793,63.63671238293755,0.6900283248958002,0.9206355074780493,0.028658015655342886,0.4281359315402233,13.94041195612537,True
vector_thrust,cruise_74,0.7612483329113037,1559.5093750745687,1225.7771127736119,63.63671238326367,0.6900283249018699,0.9206355074781362,0.028658015655398952,0.4281359315408966,13.94712487532029,True
vector_thrust,cruise_74,0.7613827624721228,1559.5093750740843,1225.7771127662118,63.63671238301011,0.6900283249006723,0.9206355074781005,0.0286580156553029,0.4281359315407636,13.96593405692994,True
vector_thrust,cruise_74,0.7615771488195753,1559.509375066561,1225.7771126513449,63.63671237903392,0.6900283248820962,0.9206355074775439,0.028658015653788966,0.4281359315386982,13.993114111857059,True
vector_thrust,cruise_74,0.7617930815634584,1559.5093750746053,1225.7771127741667,63.636712383279864,0.6900283249019594,0.9206355074781385,0.028658015655405003,0.42813593154090657,14.02328169688183,True
vector_thrust,cruise_74,0.7619877927870438,1559.5093750746594,1225.777112774989,63.63671238330651,0.6900283249020938,0.9206355074781424,0.028658015655415457,0.42813593154092155,14.050461751808946,True
vector_thrust,cruise_74,0.762122627455927,1559.5093750747108,1225.7771127757826,63.636712383339095,0.690028324902222,0.9206355074781467,0.02865801565542747,0.42813593154093554,14.069270933418599,True
vector_thrust,cruise_74,0.7621707672969504,1559.5093750747346,1225.7771127761337,63.63671238334443,0.6900283249022771,0.9206355074781478,0.02865801565542933,0.4281359315409421,14.075983852613517,True
vector_thrust,cruise_75,0.7621700563473748,1559.5078979448522,1225.7770119207817,63.63667460016649,0.6900286267625585,0.9206354707041912,0.02865805292865279,0.42813552602085464,14.075983852613517,True
vector_thrust,cruise_75,0.7622182051424129,1559.5078979448456,1225.7770119206953,63.636674600163,0.6900286267625481,0.9206354707041907,0.02865805292865091,0.4281355260208528,14.082696771808434,True
vector_thrust,cruise_75,0.7623531665243891,1559.5078979448458,1225.7770119207032,63.63667460016361,0.6900286267625462,0.9206354707041907,0.028658052928650722,0.4281355260208529,14.101505953418085,True
vector_thrust,cruise_75,0.7625483214620692,1559.5078979449047,1225.777011921586,63.636674600192926,0.6900286267626905,0.9206354707041949,0.028658052928661876,0.42813552602086913,14.128686008345204,True
vector_thrust,cruise_75,0.7627651091508127,1559.507897944855,1225.7770119208253,63.63667460016177,0.6900286267625679,0.9206354707041907,0.028658052928651045,0.4281355260208554,14.158853593369974,True
vector_thrust,cruise_75,0.7629680520975715,1559.5078979449104,1225.777011921675,63.636674600197644,0.690028626762705,0.9206354707041956,0.028658052928663528,0.4281355260208706,14.186033648297093,True
vector_thrust,cruise_75,0.7631327017472662,1559.5078979449013,1225.7770119215306,63.63667460018678,0.6900286267626798,0.9206354707041943,0.028658052928659698,0.4281355260208682,14.204842829906744,True
vector_thrust,cruise_75,0.7631914913264608,1559.5078979448833,1225.777011921265,63.63667460017817,0.6900286267626385,0.9206354707041929,0.028658052928656638,0.42813552602086324,14.211555749101661,True
vector_thrust,cruise_76,0.7631907707090705,1559.5064027331634,1225.7769097994956,63.636636353370214,0.6900289323131606,0.9206354334799184,0.028658090657736574,0.4281351155367245,14.211555749101661,True
vector_thrust,cruise_76,0.76324957412071,1559.5064027357212,1225.7769098385384,63.636636354720814,0.6900289323194742,0.9206354334801073,0.0286580906582489,0.4281351155374268,14.21826866829658,True
vector_thrust,cruise_76,0.763414412420104,1559.5064027357237,1225.776909838582,63.636636354717744,0.6900289323194844,0.9206354334801071,0.028658090658249764,0.4281351155374274,14.237077849906232,True
vector_thrust,cruise_76,0.7636528056572589,1559.5064027357244,1225.776909838587,63.63663635471794,0.6900289323194848,0.9206354334801071,0.028658090658249452,0.4281351155374276,14.26425790483335,True
vector_thrust,cruise_76,0.7639176724811355,1559.5064027354501,1225.776909834401,63.636636354573035,0.6900289323188051,0.9206354334800869,0.028658090658193622,0.42813511553735234,14.29442548985812,True
vector_thrust,cruise_76,0.7641565531842276,1559.5064027354738,1225.7769098347653,63.63663635458799,0.6900289323188669,0.9206354334800889,0.028658090658198524,0.4281351155373588,14.321605544785237,True
vector_thrust,cruise_76,0.7643219993440812,1559.5064027347485,1225.776909823694,63.63663635420734,0.6900289323170729,0.9206354334800355,0.02865809065805385,0.4281351155371597,14.34041472639489,True
vector_thrust,cruise_76,0.7643810732782044,1559.5064027352817,1225.7769098318317,63.63663635448427,0.6900289323183899,0.9206354334800745,0.028658090658159417,0.4281351155373061,14.347127645589808,True
vector_thrust,cruise_77,0.7643803426034127,1559.5048890148028,1225.7768064976713,63.636597635864156,0.6900292416610574,0.9206353957951185,0.028658128855104884,0.4281346999719124,14.347127645589808,True
vector_thrust,cruise_77,0.7644394305081513,1559.504889014804,1225.7768064976888,63.63659763586314,0.6900292416610573,0.9206353957951184,0.028658128855104804,0.4281346999719127,14.353840564784726,True
vector_thrust,cruise_77,0.7646050665598424,1559.5048890145258,1225.776806493448,63.63659763571739,0.6900292416603746,0.920635395795098,0.02865812885504886,0.4281346999718364,14.372649746394378,True
vector_thrust,cruise_77,0.764844614187806,1559.5048890144283,1225.7768064919708,63.636597635671066,0.6900292416601341,0.9206353957950913,0.028658128855031707,0.42813469997180964,14.399829801321495,True
vector_thrust,cruise_77,0.7651107645154098,1559.5048890144049,1225.7768064916086,63.63659763565877,0.6900292416600763,0.9206353957950896,0.028658128855026496,0.42813469997180315,14.429997386346265,True
vector_thrust,cruise_77,0.7653508036261648,1559.5048890148012,1225.7768064976494,63.636597635866,0.6900292416610504,0.9206353957951187,0.028658128855106123,0.42813469997191195,14.457177441273384,True
vector_thrust,cruise_77,0.7655170525468353,1559.5048890137705,1225.7768064819245,63.63659763532548,0.6900292416585121,0.9206353957950428,0.02865812885490008,0.42813469997162906,14.475986622883035,True
vector_thrust,cruise_77,0.7655764132049291,1559.5048890143926,1225.7768064914185,63.636597635654056,0.6900292416600431,0.9206353957950888,0.02865812885502515,0.4281346999717998,14.482699542077953,True
vector_thrust,cruise_78,0.7655756722206417,1559.5033563341917,1225.7767018676354,63.636558432156626,0.6900295548788676,0.9206353576380732,0.028658167530529226,0.4281342792013473,14.482699542077953,True
vector_thrust,cruise_78,0.7656350469643765,1559.5033563341938,1225.7767018676714,63.636558432154175,0.6900295548788739,0.920635357638073,0.028658167530529428,0.42813427920134783,14.489412461272872,True
vector_thrust,cruise_78,0.7658014873438987,1559.5033563341908,1225.776701867625,63.636558432158274,0.6900295548788662,0.9206353576380734,0.02865816753052924,0.42813427920134695,14.508221642882523,True
vector_thrust,cruise_78,0.7660421988827004,1559.5033563341929,1225.7767018676482,63.63655843215622,0.6900295548788721,0.9206353576380732,0.02865816753052902,0.42813427920134756,14.535401697809641,True
vector_thrust,cruise_78,0.7663096433054268,1559.5033563335417,1225.7767018577129,63.6365584318176,0.690029554877263,0.9206353576380257,0.02865816753039964,0.4281342792011688,14.565569282834412,True
vector_thrust,cruise_78,0.7665508503900754,1559.5033563341929,1225.7767018676482,63.63655843215561,0.6900295548788721,0.9206353576380732,0.02865816753053,0.42813427920134756,14.592749337761528,True
vector_thrust,cruise_78,0.7667179087054347,1559.50335633406,1225.7767018656277,63.636558432083866,0.6900295548785427,0.9206353576380631,0.028658167530502033,0.42813427920131114,14.611558519371181,True
vector_thrust,cruise_78,0.7667775584562273,1559.503356333153,1225.7767018517748,63.63655843161139,0.6900295548763027,0.9206353576379968,0.028658167530322673,0.4281342792010621,14.618271438566099,True
vector_thrust,cruise_79,0.7667768069038184,1559.5018042297368,1225.7765959168419,63.636518731713146,0.6900298720678095,0.9206353189974131,0.028658206696235408,0.4281338530983066,14.618271438566099,True
vector_thrust,cruise_79,0.7668364708576864,1559.501804229753,1225.7765959170854,63.63651873171889,0.6900298720678498,0.920635318997414,0.02865820669623723,0.42813385309831103,14.624984357761017,True
vector_thrust,cruise_79,0.7670037222157996,1559.5018042297525,1225.7765959170713,63.6365187317195,0.6900298720678479,0.9206353189974141,0.028658206696237903,0.4281338530983109,14.64379353937067,True
vector_thrust,cruise_79,0.7672456072950753,1559.5018042297509,1225.7765959170586,63.63651873172093,0.6900298720678443,0.9206353189974142,0.028658206696237684,0.42813385309831054,14.670973594297786,True
vector_thrust,cruise_79,0.767514356528068,1559.5018042297552,1225.7765959171193,63.63651873171622,0.6900298720678552,0.9206353189974138,0.02865820669623634,0.4281338530983117,14.701141179322557,True
vector_thrust,cruise_79,0.7677567412623002,1559.5018042291163,1225.7765959073527,63.636518731383134,0.6900298720662743,0.9206353189973671,0.028658206696110185,0.42813385309813623,14.728321234249675,True
vector_thrust,cruise_79,0.7679246156819075,1559.5018042297522,1225.7765959170674,63.63651873171971,0.690029872067845,0.9206353189974141,0.028658206696237542,0.42813385309831087,14.747130415859326,True
vector_thrust,cruise_79,0.7679845569243555,1559.5018042297547,1225.7765959171104,63.63651873171745,0.6900298720678526,0.920635318997414,0.028658206696236286,0.42813385309831153,14.753843335054244,True
vector_thrust,cruise_80,0.7679837945340013,1559.5002322202956,1225.7764886133732,63.63647852224829,0.6900301933263996,0.9206352798611596,0.02865824636437727,0.4281334215307013,14.753843335054244,True
vector_thrust,cruise_80,0.7680437500965029,1559.5002322202906,1225.776488613287,63.636478522252595,0.6900301933263878,0.9206352798611598,0.028658246364378574,0.4281334215306999,14.760556254249163,True
vector_thrust,cruise_80,0.768211819160779,1559.5002322199562,1225.776488608188,63.63647852207323,0.6900301933255609,0.9206352798611348,0.028658246364310285,0.42813342153060807,14.779365435858814,True
vector_thrust,cruise_80,0.7684548875217367,1559.5002322202145,1225.7764886121338,63.63647852220566,0.6900301933261985,0.9206352798611536,0.028658246364359864,0.428133421530679,14.806545490785933,True
vector_thrust,cruise_80,0.7687249524027662,1559.500232220293,1225.7764886133314,63.63647852225178,0.6900301933263954,0.9206352798611599,0.028658246364378217,0.4281334215307005,14.836713075810703,True
vector_thrust,cruise_80,0.7689685245766894,1559.5002322202936,1225.7764886133286,63.636478522250954,0.6900301933263949,0.9206352798611598,0.028658246364378276,0.42813342153070066,14.86389313073782,True
vector_thrust,cruise_80,0.769137221886386,1559.500232219593,1225.776488602644,63.636478521885074,0.690030193324668,0.9206352798611083,0.02865824636423841,0.42813342153050843,14.882702312347472,True
vector_thrust,cruise_80,0.7691974570450014,1559.5002322197984,1225.7764886057764,63.63647852198612,0.69003019332517,0.9206352798611228,0.02865824636427703,0.4281334215305647,14.88941523154239,True
vector_thrust,cruise_81,0.7691966835390431,1559.498639806733,1225.7763799224742,63.636437790994336,0.6900305187565539,0.9206352402168839,0.02865828654755032,0.4281329843615025,14.88941523154239,True
vector_thrust,cruise_81,0.7692569331362699,1559.4986398064373,1225.776379917951,63.636437790836084,0.6900305187558219,0.9206352402168618,0.02865828654749114,0.42813298436142133,14.896128150737308,True
vector_thrust,cruise_81,0.7694258267131222,1559.4986398067367,1225.7763799225133,63.636437790990236,0.6900305187565623,0.9206352402168837,0.028658286547549594,0.4281329843615035,14.91493733234696,True
vector_thrust,cruise_81,0.7696700882092882,1559.4986398067372,1225.7763799225218,63.63643779098982,0.6900305187565631,0.9206352402168837,0.02865828654754922,0.4281329843615036,14.942117387274077,True
vector_thrust,cruise_81,0.7699414797019888,1559.4986398066499,1225.7763799211966,63.63643779094432,0.6900305187563478,0.9206352402168773,0.02865828654753272,0.4281329843614797,14.972284972298848,True
vector_thrust,cruise_81,0.7701862492170921,1559.498639806161,1225.7763799137333,63.636437790690145,0.6900305187551414,0.9206352402168415,0.02865828654743481,0.4281329843613454,14.999465027225966,True
vector_thrust,cruise_81,0.7703557762847966,1559.4986398067344,1225.776379922479,63.63643779099228,0.6900305187565559,0.9206352402168838,0.028658286547550118,0.4281329843615028,15.018274208835617,True
vector_thrust,cruise_81,0.7704163078115782,1559.4986398055046,1225.7763799037111,63.636437790346186,0.6900305187535192,0.9206352402167932,0.028658286547304977,0.42813298436116526,15.024987128030537,True
vector_thrust,cruise_82,0.7704155228985217,1559.4970264678716,1225.776269758192,63.63639652293431,0.6900308484559489,0.9206352000514445,0.028658327258156185,0.42813254144763013,15.024987128030537,True
vector_thrust,cruise_82,0.7704760689877422,1559.4970264712697,1225.7762698100737,63.636396524719466,0.6900308484643382,0.920635200051695,0.028658327258835478,0.428132541448563,15.031700047225454,True
vector_thrust,cruise_82,0.7706457939612251,1559.4970264712542,1225.776269809836,63.636396524710655,0.6900308484643014,0.9206352000516937,0.028658327258832307,0.42813254144855867,15.050509228835105,True
vector_thrust,cruise_82,0.7708912585610769,1559.4970264712317,1225.776269809494,63.63639652469959,0.6900308484642471,0.9206352000516921,0.02865832725882746,0.4281325414485526,15.077689283762224,True
vector_thrust,cruise_82,0.7711639877565245,1559.4970264708174,1225.7762698031815,63.636396524486415,0.6900308484632256,0.9206352000516621,0.028658327258747132,0.4281325414484389,15.107856868786994,True
vector_thrust,cruise_82,0.7714099646309379,1559.4970264708911,1225.776269804301,63.63639652451798,0.6900308484634076,0.9206352000516668,0.02865832725875935,0.428132541448459,15.135036923714111,True
vector_thrust,cruise_82,0.7715803284015128,1559.4970264712308,1225.7762698094875,63.6363965247002,0.6900308484642439,0.9206352000516922,0.028658327258827044,0.4281325414485523,15.153846105323764,True
vector_thrust,cruise_82,0.771641158780025,1559.4970264712301,1225.7762698094725,63.63639652470184,0.6900308484642428,0.9206352000516923,0.02865832725882894,0.4281325414485521,15.160559024518681,True
vector_thrust,cruise_83,0.7716403621573471,1559.4953916684294,1225.776158119132,63.63635470555261,0.6900311825401937,0.9206351593516273,0.028658368510232627,0.42813209264213187,15.160559024518681,True
vector_thrust,cruise_83,0.7717012072220426,1559.4953916762058,1225.776158237858,63.636354709627184,0.690031182559394,0.9206351593521993,0.0286583685117816,0.42813209264426677,15.1672719437136,True
vector_thrust,cruise_83,0.7718717705575975,1559.4953916767597,1225.7761582463247,63.636354709919075,0.6900311825607656,0.9206351593522402,0.02865836851189369,0.4281320926444188,15.186081125323252,True
vector_thrust,cruise_83,0.7721184483457493,1559.49539167712,1225.77615825182,63.636354710108066,0.6900311825616501,0.9206351593522666,0.028658368511965005,0.4281320926445177,15.213261180250369,True
vector_thrust,cruise_83,0.7723925264641592,1559.4953916762058,1225.776158237858,63.63635470962801,0.690031182559394,0.9206351593521993,0.028658368511782446,0.42813209264426677,15.243428765275139,True
vector_thrust,cruise_83,0.7726397208315413,1559.495391676201,1225.7761582377898,63.63635470963252,0.6900311825593847,0.9206351593521996,0.02865836851178325,0.42813209264426544,15.270608820202257,True
vector_thrust,cruise_83,0.7728109283317911,1559.4953916762054,1225.776158237847,63.63635470962781,0.69003118255939,0.9206351593521993,0.028658368511782273,0.4281320926442666,15.289418001811908,True
vector_thrust,cruise_83,0.7728720600717823,1559.4953916762067,1225.7761582378757,63.63635470962678,0.6900311825593979,0.9206351593521992,0.028658368511782183,0.428132092644267,15.296130921006828,True
vector_thrust,cruise_84,0.7728712514011682,1559.4937348128485,1225.7760443986476,63.63631230502548,0.6900315210314778,0.9206351181007882,0.02865841031044156,0.42813163778150787,15.296130921006828,True
vector_thrust,cruise_84,0.7729323979802508,1559.4937348630817,1225.7760451656059,63.636312331366504,0.690031521155509,0.9206351181044847,0.028658410320456722,0.4281316377952984,15.302843840201746,True
vector_thrust,cruise_84,0.7731038067229493,1559.4937348628596,1225.7760451622094,63.63631233124884,0.69003152115496,0.9206351181044683,0.02865841032041326,0.42813163779523744,15.321653021811397,True
vector_thrust,cruise_84,0.7733517078993861,1559.4937348608328,1225.7760451312654,63.636312330184175,0.690031521149955,0.9206351181043189,0.028658410320007505,0.428131637794681,15.348833076738515,True
vector_thrust,cruise_84,0.7736271462933194,1559.4937348612225,1225.776045137211,63.63631233038855,0.690031521150917,0.9206351181043476,0.028658410320085252,0.428131637794788,15.379000661763286,True
vector_thrust,cruise_84,0.7738755684051006,1559.4937348597466,1225.7760451146805,63.63631232961495,0.6900315211472711,0.920635118104239,0.028658410319791345,0.4281316377943829,15.406180716690402,True
vector_thrust,cruise_84,0.7740476267446842,1559.493734860387,1225.776045124455,63.636312329946406,0.6900315211488531,0.9206351181042857,0.028658410319917234,0.4281316377945587,15.424989898300055,True
vector_thrust,cruise_84,0.774109062385458,1559.4937348594733,1225.7760451105007,63.636312329467984,0.6900315211465966,0.9206351181042186,0.028658410319735685,0.42813163779430785,15.431702817494973,True
vector_thrust,cruise_85,0.7741082413464025,1559.4920553609645,1225.7759291673556,63.63626932746637,0.6900318641470768,0.9206350762874222,0.028658452681392693,0.42813117671746526,15.431702817494973,True
vector_thrust,cruise_85,0.7741696919797308,1559.492055451505,1225.7759305496977,63.636269374937456,0.6900318643706257,0.9206350762940843,0.02865845269944476,0.4281311767423216,15.43841573668989,True
vector_thrust,cruise_85,0.774341953258891,1559.4920554518492,1225.7759305549478,63.636269375121934,0.6900318643714751,0.92063507629411,0.028658452699513837,0.428131176742416,15.457224918299543,True
vector_thrust,cruise_85,0.7745910881471928,1559.4920554507369,1225.7759305379675,63.63626937453139,0.6900318643687291,0.9206350762940274,0.02865845269929028,0.4281311767421107,15.48440497322666,True
vector_thrust,cruise_85,0.7748678982991934,1559.4920554502585,1225.7759305306658,63.6362693742846,0.6900318643675463,0.9206350762939927,0.02865845269919521,0.42813117674197937,15.51457255825143,True
vector_thrust,cruise_85,0.7751175585313269,1559.4920554522557,1225.775930561155,63.63626937533041,0.6900318643724797,0.9206350762941395,0.028658452699593568,0.4281311767425277,15.541752613178549,True
vector_thrust,cruise_85,0.7752904749013318,1559.4920554519254,1225.7759305561149,63.636269375165185,0.6900318643716635,0.9206350762941159,0.028658452699529206,0.428131176742437,15.5605617947882,True
vector_thrust,cruise_85,0.7753522170130719,1559.4920554507792,1225.7759305386126,63.636269374559475,0.6900318643688325,0.9206350762940312,0.028658452699299612,0.42813117674212237,15.56727471398312,True
vector_thrust,cruise_86,0.7753513833342282,1559.4903528069376,1225.7758138686615,63.63622580843856,0.6900322122503582,0.9206350339036682,0.02865849565769922,0.4281307093111349,15.56727471398312,True
vector_thrust,cruise_86,0.7754131405239997,1559.4903528407212,1225.775814384466,63.6362258261471,0.6900322123337708,0.9206350339061535,0.028658495664432845,0.4281307093204096,15.573987633178037,True
vector_thrust,cruise_86,0.77558626155082,1559.4903528406926,1225.7758143840124,63.636225826130705,0.6900322123336962,0.9206350339061513,0.028658495664426777,0.42813070932040165,15.592796814787688,True
vector_thrust,cruise_86,0.7758366405932865,1559.4903528406471,1225.7758143833225,63.636225826113694,0.6900322123335867,0.9206350339061486,0.028658495664419307,0.42813070932038916,15.619976869714806,True
vector_thrust,cruise_86,0.7761148341230081,1559.4903528406073,1225.7758143827173,63.636225826093806,0.6900322123334895,0.9206350339061459,0.028658495664412413,0.42813070932037833,15.650144454739577,True
vector_thrust,cruise_86,0.7763657429656621,1559.4903528405275,1225.7758143814924,63.63622582604605,0.6900322123332895,0.9206350339061394,0.028658495664394254,0.42813070932035635,15.677324509666695,True
vector_thrust,cruise_86,0.7765395246435748,1559.4903528404677,1225.7758143805856,63.63622582602022,0.6900322123331447,0.9206350339061354,0.028658495664383842,0.42813070932034,15.696133691276346,True
vector_thrust,cruise_86,0.7766015758271296,1559.490352840465,1225.775814380547,63.63622582601879,0.6900322123331363,0.9206350339061353,0.028658495664383957,0.4281307093203392,15.702846610471264,True
vector_thrust,cruise_87,0.7766007290602157,1559.488626286912,1225.7756948472966,63.63618160782128,0.6900325648853484,0.9206349909164953,0.028658539208012087,0.42813023532536,15.702846610471264,True
vector_thrust,cruise_87,0.7766627955047176,1559.4886264005447,1225.7756965822152,63.63618166740825,0.6900325651659138,0.9206349909248575,0.028658539230669255,0.4281302353565559,15.709559529666182,True
vector_thrust,cruise_87,0.7768367835759693,1559.488626400478,1225.7756965811975,63.636181667369094,0.6900325651657477,0.920634990924852,0.02865853923065577,0.4281302353565376,15.728368711275834,True
vector_thrust,cruise_87,0.7770884173366178,1559.4886264003712,1225.7756965795625,63.63618166731417,0.6900325651654834,0.9206349909248442,0.028658539230634113,0.42813023535650824,15.755548766202951,True
vector_thrust,cruise_87,0.7773680059989234,1559.4886264002118,1225.77569657712,63.63618166723463,0.6900325651650885,0.9206349909248329,0.02865853923060416,0.4281302353564645,15.785716351227721,True
vector_thrust,cruise_87,0.7776201740710184,1559.4886264000559,1225.775696574753,63.63618166714588,0.6900325651647071,0.9206349909248208,0.028658539230570806,0.42813023535642164,15.81289640615484,True
vector_thrust,cruise_87,0.7777948284188307,1559.4886263999495,1225.7756965731187,63.63618166709402,0.6900325651644426,0.9206349909248134,0.02865853923055108,0.42813023535639244,15.83170558776449,True
vector_thrust,cruise_87,0.7778571913037874,1559.4886263998678,1225.7756965718822,63.63618166705426,0.6900325651642426,0.9206349909248076,0.028658539230534658,0.42813023535637,15.83841850695941,True
vector_thrust,cruise_88,0.7778563310442329,1559.4868752288635,1225.7755732907112,63.63613675124838,0.69003292238472,0.9206349473155904,0.02865858336490269,0.42812975460310165,15.83841850695941,True
vector_thrust,cruise_88,0.7779187094159715,1559.4868754791821,1225.7755771125098,63.6361368825003,0.6900329230027675,0.9206349473340097,0.0286585834148116,0.42812975467182224,15.845131426154328,True
vector_thrust,cruise_88,0.7780935719140712,1559.4868754791016,1225.775577111271,63.63613688245131,0.6900329230025685,0.9206349473340032,0.028658583414793576,0.42812975467180014,15.863940607763979,True
vector_thrust,cruise_88,0.7783464710820995,1559.4868754789127,1225.7755771083976,63.636136882352716,0.6900329230021027,0.9206349473339893,0.028658583414756838,0.4281297546717482,15.891120662691097,True
vector_thrust,cruise_88,0.7786274667706286,1559.486875478502,1225.7755771021361,63.636136882141386,0.690032923001089,0.9206349473339596,0.028658583414674994,0.42812975467163544,15.921288247715868,True
vector_thrust,cruise_88,0.7788809048146446,1559.486875478044,1225.775577095134,63.63613688189643,0.6900329229999574,0.9206349473339254,0.028658583414582578,0.42812975467150977,15.948468302642986,True
vector_thrust,cruise_88,0.7790564392812809,1559.4868754777485,1225.7755770906203,63.636136881744754,0.6900329229992266,0.9206349473339039,0.028658583414524787,0.42812975467142866,15.967277484252637,True
vector_thrust,cruise_88,0.7791191165292178,1559.4868754777285,1225.7755770903152,63.636136881734295,0.6900329229991787,0.9206349473339024,0.028658583414521092,0.4281297546714231,15.973990403447555,True
vector_thrust,cruise_89,0.7791182426691667,1559.4850993918753,1225.7754558498054,63.63609145130108,0.6900332859704561,0.9206349031163056,0.02865862823297196,0.4281292670782202,15.973990403447555,True
vector_thrust,cruise_89,0.7791809353597245,1559.485099398339,1225.7754559484888,63.636091454693684,0.6900332859864134,0.9206349031167815,0.02865862823426151,0.42812926707999466,15.980703322642475,True
vector_thrust,cruise_89,0.7793566797542257,1559.4850993983384,1225.7754559484788,63.63609145469389,0.6900332859864127,0.9206349031167815,0.02865862823426062,0.4281292670799945,15.999512504252126,True
vector_thrust,cruise_89,0.7796108551451836,1559.4850993983375,1225.775455948472,63.63609145469512,0.6900332859864097,0.9206349031167818,0.028658628234262507,0.42812926707999427,16.026692559179242,True
vector_thrust,cruise_89,0.779893269894583,1559.4850993983407,1225.7754559485124,63.63609145469225,0.6900332859864182,0.9206349031167815,0.028658628234261536,0.4281292670799952,16.056860144204013,True
vector_thrust,cruise_89,0.7801479887806261,1559.4850993983378,1225.7754559484756,63.636091454694714,0.6900332859864124,0.9206349031167816,0.028658628234261532,0.42812926707999427,16.08404019913113,True
vector_thrust,cruise_89,0.7803244109035067,1559.4850993983378,1225.7754559484756,63.636091454693485,0.6900332859864124,0.9206349031167815,0.028658628234261654,0.42812926707999427,16.102849380740782,True
vector_thrust,cruise_89,0.7803874052073442,1559.4850993983366,1225.775455948457,63.63609145469491,0.69003328598641,0.9206349031167816,0.028658628234261803,0.428129267079994,16.1095622999357,True
vector_thrust,cruise_90,0.7803865171062929,1559.4832973472583,1225.7753314717386,63.63604531197603,0.6900336540076644,0.9206348582479795,0.02865867368639021,0.4281287723584941,16.1095622999357,True
vector_thrust,cruise_90,0.7804495272928433,1559.4832974485291,1225.775333017897,63.636045365071105,0.6900336542577042,0.9206348582554309,0.028658673706579114,0.42812877238629626,16.11627521913062,True
vector_thrust,cruise_90,0.780626160890162,1559.4832974485275,1225.7753330178762,63.63604536507131,0.6900336542576975,0.920634858255431,0.02865867370657999,0.4281287723862958,16.135084400740272,True
vector_thrust,cruise_90,0.7808769345143278,1559.4832974482285,1225.7753330133073,63.6360453649141,0.6900336542569616,0.9206348582554089,0.028658673706519727,0.4281287723862137,16.16226445566739,True
vector_thrust,cruise_90,0.781138295312775,1559.4832974485248,1225.7753330178273,63.63604536507561,0.6900336542576919,0.9206348582554313,0.02865867370658065,0.4281287723862951,16.19243204069216,True
vector_thrust,cruise_90,0.7813740056000231,1559.4832974494645,1225.7753330321634,63.63604536555978,0.6900336542600094,0.9206348582554995,0.02865867370676584,0.42812877238655306,16.219612095619276,True
vector_thrust,cruise_90,0.7815372515203818,1559.4832974485246,1225.7753330178332,63.636045365075,0.6900336542576931,0.9206348582554312,0.028658673706580293,0.428128772386295,16.23842127722893,True
vector_thrust,cruise_90,0.7815955389376177,1559.4832974485278,1225.7753330178841,63.63604536507193,0.6900336542577006,0.920634858255431,0.028658673706580477,0.4281287723862958,16.245134196423848,True
vector_thrust,cruise_91,0.781594636393771,1559.4814688827087,1225.775208129912,63.63599858951228,0.6900340279447537,0.920634812730867,0.028658719848365717,0.4281282703856393,16.245134196423848,True
vector_thrust,cruise_91,0.7816529371171409,1559.4814688961244,1225.7752083347882,63.63599859697146,0.690034027977885,0.9206348127318955,0.02865871985123103,0.4281282703893223,16.251847115618766,True
vector_thrust,cruise_91,0.7818163639935302,1559.4814688955767,1225.7752083264272,63.635998596685724,0.6900340279765347,0.9206348127318554,0.02865871985112306,0.42812827038917195,16.270656297228417,True
vector_thrust,cruise_91,0.7820527101030926,1559.4814688956646,1225.7752083277655,63.6359985967302,0.6900340279767523,0.9206348127318618,0.028658719851139793,0.4281282703891961,16.297836352155535,True
vector_thrust,cruise_91,0.7823152942908256,1559.481468895796,1225.775208329777,63.63599859679867,0.6900340279770768,0.9206348127318713,0.02865871985116614,0.4281282703892322,16.328003937180306,True
vector_thrust,cruise_91,0.7825521089240259,1559.4814688959264,1225.7752083317773,63.6359985968657,0.6900340279773983,0.9206348127318807,0.02865871985119118,0.4281282703892679,16.355183992107424,True
vector_thrust,cruise_91,0.7827161200410557,1559.481468896008,1225.7752083330136,63.63599859691366,0.6900340279775978,0.9206348127318873,0.028658719851209304,0.4281282703892903,16.373993173717075,True
vector_thrust,cruise_91,0.7827746807662784,1559.481468896034,1225.7752083334115,63.635998596921866,0.6900340279776628,0.9206348127318887,0.028658719851212943,0.42812827038929746,16.380706092911993,True
vector_thrust,cruise_92,0.782773758787306,1559.4796066229912,1225.7749849176676,63.63594780181734,0.690034391629314,0.9206347660598458,0.028658765421799237,0.4281277591349141,16.380706092911993,True
vector_thrust,cruise_92,0.7828323338764277,1559.4796079732928,1225.7750055335998,63.635948509853385,0.690034394963237,0.9206347661592095,0.02865876569103703,0.42812775950561566,16.38741901210691,True
vector_thrust,cruise_92,0.782996525814932,1559.4796057759827,1225.7749719858446,63.635947357708694,0.6900343895380309,0.9206347659975198,0.028658765252922828,0.42812775890238275,16.40622819371656,True
vector_thrust,cruise_92,0.7832339839075926,1559.4796094898784,1225.7750286882986,63.635949305050595,0.6900343987077208,0.9206347662708064,0.028658765993416102,0.42812775992196767,16.43340824864368,True
vector_thrust,cruise_92,0.7834978039200151,1559.479612960833,1225.775081681604,63.635951125028,0.6900344072775786,0.9206347665262179,0.02865876668548021,0.42812776087485727,16.46357583366845,True
vector_thrust,cruise_92,0.783735731622207,1559.479612960829,1225.7750816815458,63.635951125028406,0.6900344072775706,0.9206347665262178,0.028658766685480102,0.4281277608748562,16.49075588859557,True
vector_thrust,cruise_92,0.7839005140462487,1559.4796129608364,1225.7750816816583,63.6359511250241,0.6900344072775886,0.9206347665262176,0.02865876668547936,0.4281277608748583,16.50956507020522,True
vector_thrust,cruise_92,0.7839593502539964,1559.479612960838,1225.775081681681,63.635951125027375,0.6900344072775918,0.9206347665262179,0.028658766685480234,0.4281277608748587,16.516277989400137,True
vector_thrust,cruise_93,0.7839584174943095,1559.4777288760936,1225.7749535539126,63.63590293339849,0.6900347924098624,0.9206347196196772,0.02865881423037178,0.4281272436324554,16.516277989400137,True
vector_thrust,cruise_93,0.7840172671653136,1559.4777288118844,1225.7749525792647,63.63590291337348,0.6900347922523256,0.9206347196162842,0.028658814223712824,0.42812724361482785,16.522990908595055,True
vector_thrust,cruise_93,0.7841822334631521,1559.4777288305543,1225.7749528643299,63.635902922592,0.6900347922984281,0.9206347196176022,0.028658814227178888,0.4281272436199534,16.54180009020471,True
vector_thrust,cruise_93,0.7844208070894224,1559.4777288385765,1225.7749529868022,63.6359029272233,0.6900347923182334,0.920634719618234,0.028658814228969102,0.4281272436221557,16.568980145131825,True
vector_thrust,cruise_93,0.7846858677913705,1559.477728838555,1225.7749529864184,63.6359029284009,0.6900347923181703,0.9206347196183485,0.02865881422950026,0.4281272436221498,16.599147730156595,True
vector_thrust,cruise_93,0.784924917446351,1559.4777288385083,1225.774952985668,63.63590292953669,0.6900347923180462,0.9206347196184584,0.028658814230013818,0.428127243622137,16.626327785083713,True
vector_thrust,cruise_93,0.7850904773371571,1559.4777288384446,1225.7749529846556,63.635902930411746,0.6900347923178816,0.9206347196185424,0.02865881423040918,0.4281272436221195,16.645136966693364,True
vector_thrust,cruise_93,0.7851495912280197,1559.4777288384241,1225.7749529843318,63.635902930717165,0.6900347923178319,0.9206347196185717,0.02865881423054739,0.4281272436221139,16.651849885888282,True
vector_thrust,cruise_94,0.7851486426597035,1559.475815723804,1225.7748226916701,63.63585400193025,0.6900351833518138,0.920634671989738,0.02865886251057964,0.42812671841006766,16.651849885888282,True
vector_thrust,cruise_94,0.78520777015953,1559.4758157234453,1225.7748226861804,63.635854001751305,0.6900351833509237,0.9206346719897124,0.028658862510511626,0.4281267184099692,16.658562805083204,True
vector_thrust,cruise_94,0.7853735153769733,1559.4758157234476,1225.774822686221,63.635854001759505,0.6900351833509341,0.9206346719897133,0.02865886251051455,0.42812671840996985,16.677371986692854,True
vector_thrust,cruise_94,0.7856132161134497,1559.4758157234485,1225.7748226862352,63.63585400176114,0.6900351833509344,0.9206346719897135,0.02865886251051501,0.42812671840997,16.704552041619973,True
vector_thrust,cruise_94,0.7858795299354924,1559.4758157234505,1225.7748226862577,63.63585400176093,0.6900351833509396,0.9206346719897134,0.02865886251051698,0.4281267184099706,16.734719626644743,True
vector_thrust,cruise_94,0.7861197105235215,1559.4758157234562,1225.7748226863528,63.63585400176277,0.6900351833509542,0.9206346719897137,0.02865886251051724,0.42812671840997213,16.761899681571858,True
vector_thrust,cruise_94,0.7862860541069007,1559.4758157234696,1225.7748226865615,63.635854001759704,0.6900351833509849,0.9206346719897137,0.02865886251051541,0.4281267184099759,16.780708863181513,True
vector_thrust,cruise_94,0.7863454479051725,1559.4758157234678,1225.7748226865215,63.635854001757444,0.6900351833509791,0.9206346719897135,0.02865886251051375,0.4281267184099754,16.78742178237643,True
vector_thrust,cruise_95,0.7863444830392452,1559.473872703819,1225.774690176132,63.63580430481087,0.6900355804667966,0.9206346236159535,0.028658911543896378,0.4281261849880283,16.78742178237643,True
vector_thrust,cruise_95,0.7864038905537399,1559.4738727036242,1225.7746901731646,63.63580430471022,0.6900355804663181,0.9206346236159393,0.028658911543858658,0.4281261849879748,16.79413470157135,True
vector_thrust,cruise_95,0.7865704209463125,1559.4738727039246,1225.7746901777546,63.63580430487257,0.6900355804670603,0.9206346236159618,0.02865891154391903,0.4281261849880572,16.812943883181,True
vector_thrust,cruise_95,0.7868112578360917,1559.473872704066,1225.7746901799032,63.63580430494493,0.6900355804674088,0.920634623615972,0.028658911543946827,0.428126184988096,16.840123938108118,True
vector_thrust,cruise_95,0.7870788348321343,1559.4738727036179,1225.7746901730595,63.63580430471597,0.6900355804663006,0.9206346236159396,0.028658911543859134,0.42812618498797306,16.870291523132888,True
vector_thrust,cruise_95,0.7873201554328564,1559.473872703623,1225.7746901731462,63.635804304711655,0.6900355804663147,0.9206346236159394,0.028658911543857708,0.42812618498797445,16.897471578060006,True
vector_thrust,cruise_95,0.7874872890038677,1559.473872703622,1225.7746901731246,63.635804304712686,0.6900355804663103,0.9206346236159394,0.028658911543858027,0.4281261849879742,16.916280759669657,True
vector_thrust,cruise_95,0.7875469649585977,1559.4738727036704,1225.7746901738603,63.63580430473974,0.6900355804664298,0.9206346236159433,0.028658911543869257,0.4281261849879875,16.922993678864575,True
vector_thrust,cruise_96,0.7875459832948885,1559.4718988754692,1225.7745555673598,63.635753819845654,0.6900359838810299,0.9206345744750828,0.028658961354905352,0.4281256431080929,16.922993678864575,True
vector_thrust,cruise_96,0.7876056730723368,1559.4718988754748,1225.7745555674524,63.63575381984544,0.6900359838810443,0.9206345744750828,0.028658961354905487,0.42812564310809453,16.929706598059493,True
vector_thrust,cruise_96,0.7877729949518524,1559.4718988754887,1225.7745555676656,63.635753819859595,0.690035983881079,0.9206345744750846,0.028658961354910136,0.4281256431080983,16.948515779669144,True
vector_thrust,cruise_96,0.7880149771291363,1559.4718988754698,1225.7745555673691,63.6357538198393,0.6900359838810306,0.9206345744750821,0.028658961354903704,0.4281256431080932,16.975695834596262,True
vector_thrust,cruise_96,0.7882838275515558,1559.471898994378,1225.7745573828165,63.635753882201485,0.6900359841746192,0.9206345744838335,0.02865896137861788,0.42812564314073726,17.005863419621033,True
vector_thrust,cruise_96,0.7885262972562436,1559.4718988754787,1225.77455556751,63.635753819848524,0.6900359838810555,0.9206345744750832,0.028658961354906084,0.42812564310809553,17.03304347454815,True
vector_thrust,cruise_96,0.7886942293737907,1559.4719019088795,1225.7746018802443,63.63575541038826,0.6900359913705246,0.9206345746982986,0.028658961959730132,0.42812564394086255,17.051852656157802,True
vector_thrust,cruise_96,0.7887541875680194,1559.4718988754735,1225.7745555674292,63.63575381984421,0.6900359838810427,0.9206345744750827,0.028658961354905452,0.4281256431080941,17.05856557535272,True
vector_thrust,cruise_97,0.7887531885756293,1559.4698932812214,1225.7744188043616,63.63570252266854,0.690036393791031,0.9206345245432946,0.02865901196783677,0.42812509250738784,17.05856557535272,True
vector_thrust,cruise_97,0.7888131629152075,1559.4698933109146,1225.7744192577075,63.63570253823854,0.6900363938643427,0.9206345245454797,0.0286590119737583,0.4281250925155396,17.065278494547638,True
vector_thrust,cruise_97,0.7889812826495518,1559.4698932985702,1225.774419069247,63.63570253176551,0.690036393833867,0.9206345245445713,0.028659011971297447,0.4281250925121506,17.084087676157292,True
vector_thrust,cruise_97,0.7892244193417727,1559.4698932812232,1225.774418804393,63.63570252266669,0.6900363937910365,0.9206345245432945,0.02865901196783704,0.42812509250738834,17.111267731084407,True
vector_thrust,cruise_97,0.7894945532903646,1559.4698932812162,1225.7744188042798,63.635702522665675,0.6900363937910177,0.9206345245432942,0.028659011967836625,0.4281250925073864,17.141435316109177,True
vector_thrust,cruise_97,0.7897381815537728,1559.4698932812225,1225.7744188043703,63.63570252266711,0.6900363937910317,0.9206345245432944,0.02865901196783796,0.42812509250738817,17.1686153710363,True
vector_thrust,cruise_97,0.7899069142614868,1559.469893281218,1225.7744188043127,63.635702522666904,0.6900363937910209,0.9206345245432943,0.028659011967837444,0.4281250925073869,17.187424552645947,True
vector_thrust,cruise_97,0.7899671613747703,1559.4698932812203,1225.7744188043393,63.635702522669774,0.6900363937910288,0.9206345245432948,0.02865901196783752,0.4281250925073875,17.194137471840865,True
vector_thrust,cruise_98,0.7899661445017895,1559.467854924735,1225.7742799151904,63.63565038984695,0.69003681041738,0.9206344737959797,0.028659063408766585,0.4281245329123851,17.194137471840865,True
vector_thrust,cruise_98,0.7900264056553564,1559.4678549196838,1225.7742798376162,63.635650388308996,0.6900368104048283,0.9206344737957165,0.02865906340825925,0.42812453291099833,17.200850391035782,True
vector_thrust,cruise_98,0.7901953297139749,1559.467854919694,1225.7742798377708,63.635650388319036,0.6900368104048523,0.9206344737957177,0.02865906340826355,0.4281245329110011,17.219659572645433,True
vector_thrust,cruise_98,0.7904396302825566,1559.467854919714,1225.7742798380807,63.63565038832745,0.6900368104049022,0.9206344737957189,0.02865906340826675,0.42812453291100666,17.24683962757255,True
vector_thrust,cruise_98,0.7907110582338848,1559.4678549197338,1225.7742798383847,63.63565038834138,0.6900368104049536,0.9206344737957207,0.028659063408272567,0.428124532911012,17.277007212597322,True
vector_thrust,cruise_98,0.7909558543504063,1559.4678549197529,1225.7742798386826,63.63565038835205,0.690036810405001,0.9206344737957223,0.02865906340827585,0.4281245329110173,17.30418726752444,True
vector_thrust,cruise_98,0.7911253963480844,1559.4678549197663,1225.7742798388804,63.63565038836004,0.6900368104050344,0.9206344737957233,0.028659063408279176,0.428124532911021,17.32299644913409,True
vector_thrust,cruise_98,0.7911859325138803,1559.467854919771,1225.7742798389509,63.63565038836393,0.6900368104050413,0.9206344737957238,0.02865906340828084,0.4281245329110223,17.32970936832901,True
vector_thrust,cruise_99,0.7911848971747274,1559.465782746385,1225.7741386846437,63.63559739116597,0.6900372339515696,0.9206344222064488,0.02865911570303805,0.4281239640321831,17.32970936832901,True
vector_thrust,cruise_99,0.7912454474903067,1559.4657827388228,1225.7741385685038,63.63559738894297,0.6900372339327784,0.9206344222060623,0.02865911570231518,0.42812396403010705,17.336422287523927,True
vector_thrust,cruise_99,0.791415182385444,1559.4657827388467,1225.774138568867,63.63559738895383,0.6900372339328376,0.9206344222060638,0.028659115702320492,0.4281239640301136,17.355231469133578,True
vector_thrust,cruise_99,0.7916606562589001,1559.4657827388744,1225.7741385692843,63.6355973889774,0.6900372339329046,0.9206344222060668,0.02865911570232979,0.42812396403012126,17.382411524060693,True
vector_thrust,cruise_99,0.7919333887163412,1559.4657827389103,1225.77413856984,63.635597388996885,0.690037233932994,0.9206344222060695,0.0286591157023367,0.4281239640301311,17.412579109085467,True
vector_thrust,cruise_99,0.7921793621714514,1559.4657827389433,1225.774138570337,63.635597389016965,0.690037233933074,0.9206344222060723,0.028659115702345177,0.42812396403014,17.439759164012585,True
vector_thrust,cruise_99,0.7923497200356199,1559.4657827389628,1225.7741385706263,63.63559738903398,0.6900372339331216,0.9206344222060743,0.02865911570235112,0.4281239640301455,17.458568345622233,True
vector_thrust,cruise_99,0.7924105476035214,1559.465782738973,1225.774138570788,63.63559738903603,0.6900372339331485,0.9206344222060747,0.02865911570235232,0.4281239640301483,17.46528126481715,True
vector_thrust,cruise_100,0.792409493188982,1559.4636756502052,1225.7739951139727,63.63554350020277,0.6900376646310347,0.920634369747568,0.028659168879046862,0.4281233855659038,17.46528126481715,True
vector_thrust,cruise_100,0.7924703350164622,1559.463675638898,1225.7739949403035,63.635543497050605,0.6900376646029346,0.920634369747007,0.028659168878043133,0.4281233855627996,17.471994184012072,True
vector_thrust,cruise_100,0.7926408873412756,1559.4636756389348,1225.7739949408601,63.635543497075,0.690037664603024,0.9206343697470102,0.028659168878052692,0.4281233855628097,17.490803365621723,True
vector_thrust,cruise_100,0.792887544064981,1559.4636756389873,1225.7739949416696,63.63554349710944,0.6900376646031565,0.9206343697470147,0.028659168878066323,0.42812338556282414,17.517983420548838,True
vector_thrust,cruise_100,0.7931615916480641,1559.4636756390478,1225.7739949425925,63.63554349714797,0.690037664603303,0.9206343697470198,0.028659168878081197,0.42812338556284074,17.54815100557361,True
vector_thrust,cruise_100,0.793408752032179,1559.4636756391008,1225.7739949433926,63.63554349718487,0.6900376646034345,0.9206343697470246,0.028659168878095304,0.4281233855628552,17.57533106050073,True
vector_thrust,cruise_100,0.7935799324121614,1559.463675639142,1225.7739949440313,63.63554349720783,0.6900376646035374,0.9206343697470278,0.02865916887810436,0.42812338556286655,17.594140242110377,True
vector_thrust,cruise_100,0.7936410537577748,1559.4636756391537,1225.7739949442198,63.63554349721766,0.6900376646035662,0.920634369747029,0.028659168878108255,0.42812338556286983,17.600853161305295,True
vector_thrust,cruise_101,0.7936399796280911,1559.4615324819836,1225.7738491352754,63.6354886876335,0.6900381026936474,0.9206343163906159,0.028659222966016046,0.4281227971966784,17.600853161305295,True
vector_thrust,cruise_101,0.793701115343288,1559.4615324654792,1225.773848881745,63.635488683359064,0.6900381026526247,0.920634316389829,0.028659222964697514,0.4281227971921474,17.607566080500213,True
vector_thrust,cruise_101,0.7938724917639192,1559.4615324655435,1225.7738488827283,63.63548868339801,0.6900381026527854,0.9206343163898342,0.02865922296471323,0.428122797192165,17.626375262109867,True
vector_thrust,cruise_101,0.7941203409889638,1559.4615324656374,1225.7738488841583,63.63548868345438,0.6900381026530161,0.9206343163898418,0.028659222964735182,0.4281227971921908,17.653555317036982,True
vector_thrust,cruise_101,0.7943957144348915,1559.4615324657398,1225.773848885723,63.635488683521004,0.6900381026532714,0.9206343163898506,0.02865922296476195,0.4281227971922189,17.683722902061753,True
vector_thrust,cruise_101,0.7946440714447611,1559.4615324658355,1225.773848887182,63.635488683580654,0.6900381026535048,0.9206343163898585,0.028659222964784053,0.4281227971922452,17.710902956988875,True
vector_thrust,cruise_101,0.7948160810636362,1559.461532465902,1225.7738488882028,63.63548868362308,0.6900381026536719,0.9206343163898641,0.028659222964800935,0.42812279719226354,17.729712138598522,True
vector_thrust,cruise_101,0.794877498588926,1559.461532465924,1225.773848888532,63.635488683641114,0.6900381026537256,0.9206343163898665,0.028659222964807374,0.4281227971922695,17.73642505779344,True
vector_thrust,cruise_102,0.7941553740887155,1558.0229181130594,1225.6781271797404,63.59874003624596,0.6903328837762591,0.9205984804553329,0.028695591999987953,0.427727850867524,17.73642505779344,True
vector_thrust,cruise_102,0.7942166019835272,1558.0229180900567,1225.6781268265784,63.598740030476826,0.6903328837191645,0.9205984804542525,0.028695591998230966,0.427727850861209,17.743137976988358,True
vector_thrust,cruise_102,0.7943882368842681,1558.022918090152,1225.6781268280336,63.598740030532376,0.690332883719398,0.92059848045426,0.028695591998253885,0.4277278508612352,17.76194715859801,True
vector_thrust,cruise_102,0.7946364601132204,1558.02291809029,1225.6781268301374,63.598740030614564,0.6903328837197398,0.9205984804542711,0.028695591998286557,0.4277278508612731,17.789127213525127,True
vector_thrust,cruise_102,0.794912249350714,1558.022918090438,1225.6781268323984,63.59874003071521,0.6903328837201025,0.9205984804542843,0.028695591998325536,0.4277278508613137,17.819294798549898,True
vector_thrust,cruise_102,0.7951609815884877,1558.022918090578,1225.6781268345253,63.598740030803555,0.6903328837204464,0.9205984804542962,0.028695591998359447,0.4277278508613522,17.846474853477016,True
vector_thrust,cruise_102,0.7953332512137742,1558.0229180906774,1225.6781268360542,63.598740030864434,0.6903328837206953,0.9205984804543043,0.028695591998383264,0.42772785086137943,17.865284035086667,True
vector_thrust,cruise_102,0.7953947616018356,1558.022918090713,1225.6781268365917,63.59874003088555,0.6903328837207824,0.920598480454307,0.028695591998391577,0.4277278508613892,17.871996954281585,True
vector_thrust,cruise_103,0.7951034604316181,1557.4434692929394,1225.640901617568,63.58396456358129,0.6904520364231165,0.9205840353131862,0.028710276817156252,0.4275687733625424,17.871996954281585,True
vector_thrust,cruise_103,0.795164903085013,1557.4434692730433,1225.640901310964,63.58396456192773,0.6904520363735441,0.9205840353125779,0.028710276817142878,0.42756877335708027,17.878709873476502,True
vector_thrust,cruise_103,0.7953371401753855,1557.443469273184,1225.640901313107,63.58396456200828,0.6904520363738899,0.9205840353125888,0.02871027681717576,0.4275687733571189,17.897519055086153,True
vector_thrust,cruise_103,0.7955862347901262,1557.4434692733855,1225.6409013161797,63.583964562133524,0.6904520363743886,0.9205840353126057,0.0287102768172248,0.42756877335717425,17.924699110013268,True
vector_thrust,cruise_103,0.7958629928523969,1557.4434692736106,1225.640901319609,63.58396456227558,0.6904520363749392,0.9205840353126247,0.028710276817280257,0.42756877335723603,17.954866695038042,True
vector_thrust,cruise_103,0.7961125994697498,1557.4434692738193,1225.6409013227922,63.58396456240472,0.6904520363754559,0.920584035312642,0.028710276817331105,0.4275687733572934,17.98204674996516,True
vector_thrust,cruise_103,0.7962854750178727,1557.4434692739655,1225.6409013250134,63.58396456249286,0.6904520363758144,0.920584035312654,0.02871027681736407,0.4275687733573334,18.000855931574808,True
vector_thrust,cruise_103,0.7963472018225923,1557.443469274019,1225.6409013258392,63.58396456252483,0.6904520363759482,0.9205840353126583,0.028710276817377634,0.4275687733573481,18.007568850769726,True
vector_thrust,cruise_104,0.7960665585373808,1556.8860798228052,1225.6058159070412,63.56976589030245,0.6905668808093172,0.9205701341066912,0.028724422184708477,0.42741575186498604,18.007568850769726,True
vector_thrust,cruise_104,0.7961282202567658,1556.886079803752,1225.6058156129359,63.569765890292196,0.690566880761774,0.9205701341062625,0.028724422185406204,0.42741575185975533,18.014281769964647,True
vector_thrust,cruise_104,0.7963010727268274,1556.8860798039284,1225.6058156156248,63.5697658903949,0.690566880762208,0.9205701341062765,0.02872442218544747,0.4274157518598038,18.033090951574298,True
vector_thrust,cruise_104,0.7965510571046761,1556.8860797993425,1225.6058155457147,63.56976588742311,0.6905668807509202,0.9205701341058823,0.02872442218427323,0.42741575185854486,18.060271006501413,True
vector_thrust,cruise_104,0.7968216346909055,1556.8860797990535,1225.6058155413225,63.56976588728249,0.69056688075021,0.9205701341058621,0.0287244221842213,0.42741575185846553,18.090438591526187,True
vector_thrust,cruise_104,0.7970443856790124,1556.8860797998661,1225.6058155537016,63.56976588786914,0.6905668807522098,0.9205701341059377,0.02872442218445538,0.4274157518586886,18.117618646453305,True
vector_thrust,cruise_104,0.7971986471946839,1556.8860798040917,1225.6058156181018,63.56976589045045,0.6905668807626079,0.9205701341062856,0.02872442218546703,0.4274157518598486,18.136427828062953,True
vector_thrust,cruise_104,0.797253724982451,1556.8860798045541,1225.605815625151,63.56976589073537,0.6905668807637471,0.920570134106324,0.028724422185578607,0.42741575185997555,18.14314074725787,True
vector_thrust,cruise_105,0.7969832926469029,1556.3497582623718,1225.5727262811433,63.5561171620873,0.6906775953491636,0.920556752791615,0.028738051074265435,0.4272685141923235,18.14314074725787,True
vector_thrust,cruise_105,0.797038313874154,1556.3497582722778,1225.5727264265172,63.55611718134691,0.6906775953725511,0.9205567527937271,0.028738051082607585,0.4272685141950429,18.14985366645279,True
vector_thrust,cruise_105,0.7971925427689123,1556.349758278175,1225.572726516403,63.55611718488444,0.6906775953870609,0.9205567527942065,0.028738051083989177,0.4272685141966619,18.16866284806244,True
vector_thrust,cruise_105,0.7974155738482106,1556.3497582784978,1225.5727265213168,63.5561171850761,0.6906775953878524,0.9205567527942327,0.028738051084064468,0.42726851419675055,18.195842902989558,True
vector_thrust,cruise_105,0.7976633467920239,1556.3497582788568,1225.5727265268056,63.55611718529481,0.6906775953887385,0.9205567527942621,0.028738051084150625,0.4272685141968491,18.226010488014328,True
vector_thrust,cruise_105,0.7978867874415619,1556.349758279189,1225.572726531864,63.55611718548913,0.6906775953895549,0.9205567527942886,0.02873805108422665,0.4272685141969403,18.25319054294145,True
vector_thrust,cruise_105,0.798041527058301,1556.349758279419,1225.572726535366,63.55611718562995,0.6906775953901207,0.9205567527943076,0.02873805108428182,0.42726851419700335,18.271999724551097,True
vector_thrust,cruise_105,0.798096775566769,1556.3497582795023,1225.5727265366322,63.55611718567791,0.6906775953903247,0.9205567527943141,0.028738051084300064,0.4272685141970263,18.278712643746015,True
vector_thrust,cruise_106,0.7978361371348791,1555.8335700581622,1225.5414999558297,63.54299312728759,0.6907843491435123,0.9205438686781645,0.028751185218902593,0.4271268037792974,18.278712643746015,True
vector_thrust,cruise_106,0.7978913315759523,1555.8335701628032,1225.5415015433568,63.54299319694005,0.6907843493995993,0.9205438686873544,0.02875118524655066,0.4271268038080248,18.285425562940933,True
vector_thrust,cruise_106,0.7980460459362445,1555.8335701630556,1225.5415015472122,63.54299319709481,0.6907843494002182,0.9205438686873753,0.02875118524661167,0.4271268038080941,18.304234744550584,True
vector_thrust,cruise_106,0.7982697794026778,1555.8335701634214,1225.5415015527733,63.542993197323774,0.6907843494011161,0.9205438686874059,0.028751185246699975,0.42712680380819457,18.3314147994777,True
vector_thrust,cruise_106,0.7985183331337693,1555.833570163838,1225.5415015591138,63.54299319757611,0.6907843494021398,0.9205438686874401,0.028751185246800086,0.4271268038083089,18.361582384502473,True
vector_thrust,cruise_106,0.7987424783284139,1555.8335701642181,1225.5415015649105,63.54299319780835,0.6907843494030762,0.9205438686874714,0.02875118524688988,0.4271268038084132,18.38876243942959,True
vector_thrust,cruise_106,0.7988977061059832,1555.8335701644885,1225.5415015690378,63.54299319796495,0.6907843494037432,0.9205438686874928,0.028751185246952148,0.4271268038084875,18.40757162103924,True
vector_thrust,cruise_106,0.7989531289561193,1555.8335701645813,1225.5415015704561,63.54299319802562,0.6907843494039715,0.9205438686875009,0.028751185246975133,0.4271268038085129,18.41428454023416,True
vector_thrust,cruise_107,0.7987018653361855,1555.3366339167085,1225.5120154465037,63.530370049810045,0.6908873027125076,0.9205314603488729,0.028763845194551236,0.42699037868225215,18.41428454023416,True
vector_thrust,cruise_107,0.7987572365115232,1555.3366341248613,1225.512018609318,63.530370171687046,0.6908873032226365,0.9205314603655274,0.028763845242034545,0.4269903787393968,18.420997459429078,True
vector_thrust,cruise_107,0.798912446198129,1555.3366341251162,1225.5120186132115,63.530370171856774,0.6908873032232641,0.9205314603655498,0.02876384524210173,0.4269903787394669,18.43980664103873,True
vector_thrust,cruise_107,0.7991368963140068,1555.336634125494,1225.512018618957,63.53037017209782,0.6908873032241902,0.920531460365582,0.028763845242196752,0.4269903787395706,18.466986695965844,True
vector_thrust,cruise_107,0.7993862466891818,1555.336634125915,1225.5120186253662,63.53037017237024,0.6908873032252233,0.9205314603656183,0.028763845242303368,0.4269903787396861,18.497154280990618,True
vector_thrust,cruise_107,0.7996111107396566,1555.3366341263074,1225.5120186313618,63.53037017261396,0.6908873032261922,0.920531460365651,0.028763845242399336,0.42699037873979384,18.524334335917736,True
vector_thrust,cruise_107,0.7997668365948625,1555.3366341265807,1225.5120186355284,63.53037017278491,0.6908873032268628,0.9205314603656739,0.028763845242468368,0.42699037873986884,18.543143517527383,True
vector_thrust,cruise_107,0.7998224373286061,1555.3366341266747,1225.512018636955,63.5303701728501,0.6908873032270946,0.9205314603656825,0.028763845242492862,0.4269903787398946,18.5498564367223,True
vector_thrust,cruise_108,0.7995801505037103,1554.8581149395661,1225.484109381644,63.51822384965157,0.6909866000509849,0.920519507328573,0.028776049819704608,0.4268590096944709,18.5498564367223,True
vector_thrust,cruise_108,0.799635702615493,1554.8581162948788,1225.484130033419,63.518224544681914,0.6909866033818455,0.9205195074273954,0.028776050084413276,0.42685901006654814,18.55656935591722,True
vector_thrust,cruise_108,0.7997914172839067,1554.8581162803227,1225.4841298116355,63.518224536918964,0.6909866033460741,0.9205195074263046,0.02877605008143327,0.42685901006255206,18.575378537526873,True
vector_thrust,cruise_108,0.8000165980207307,1554.858116259103,1225.4841294883206,63.518224525593666,0.6909866032939304,0.9205195074247138,0.02877605007708839,0.42685901005672666,18.60255859245399,True
vector_thrust,cruise_108,0.8002667605734682,1554.858116235368,1225.4841291266957,63.518224512919,0.6909866032356058,0.9205195074229336,0.028776050072225466,0.4268590100502106,18.63272617747876,True
vector_thrust,cruise_108,0.8004923574986125,1554.8581162137193,1225.4841287968507,63.51822450136187,0.6909866031824055,0.9205195074213105,0.028776050067789747,0.4268590100442673,18.65990623240588,True
vector_thrust,cruise_108,0.8006485911459905,1554.8581161986478,1225.4841285672103,63.51822449331317,0.6909866031453669,0.9205195074201801,0.028776050064701998,0.42685901004012977,18.678715414015528,True
vector_thrust,cruise_108,0.8007043732330279,1554.8581161932384,1225.4841284847903,63.51822449042235,0.6909866031320753,0.9205195074197742,0.028776050063594034,0.4268590100386447,18.685428333210446,True
vector_thrust,cruise_109,0.8004706965355325,1554.3972384851113,1225.4578353904285,63.50653880403481,0.6910824109742493,0.9205079912581835,0.028787819573444787,0.42673248415168996,18.685428333210446,True
vector_thrust,cruise_109,0.8005264311556546,1554.3972384851118,1225.4578353904353,63.506538804034605,0.6910824109742522,0.9205079912581835,0.02878781957344582,0.42673248415169013,18.692141252405364,True
vector_thrust,cruise_109,0.8006826603345093,1554.397238485111,1225.457835390421,63.506538804035834,0.691082410974246,0.9205079912581836,0.028787819573445828,0.42673248415168996,18.710950434015015,True
vector_thrust,cruise_109,0.8009085854808428,1554.3972384851127,1225.4578353904515,63.506538804034186,0.6910824109742538,0.9205079912581835,0.02878781957344567,0.42673248415169035,18.738130488942133,True
vector_thrust,cruise_109,0.8011595755419313,1554.3972384851136,1225.4578353904562,63.506538804033376,0.6910824109742519,0.9205079912581835,0.028787819573445415,0.4267324841516906,18.768298073966903,True
vector_thrust,cruise_109,0.8013859191785054,1554.3972384851086,1225.4578353903833,63.50653880403788,0.6910824109742416,0.9205079912581837,0.02878781957344678,0.4267324841516892,18.795478128894025,True
vector_thrust,cruise_109,0.801542670206768,1554.3972384851093,1225.4578353903917,63.506538804037675,0.6910824109742423,0.9205079912581837,0.028787819573445252,0.42673248415168946,18.814287310503673,True
vector_thrust,cruise_109,0.801598637071944,1554.3972384851104,1225.4578353904153,63.506538804037675,0.6910824109742475,0.9205079912581837,0.028787819573446814,0.4267324841516897,18.82100022969859,True
vector_thrust,cruise_110,0.8013732114490546,1553.9532525393643,1225.4329348217434,63.49528953575964,0.6911748463016635,0.9204968932831178,0.028799169818467682,0.42661059560166803,18.82100022969859,True
vector_thrust,cruise_110,0.8014291328956837,1553.9532525394511,1225.4329348230647,63.49528953580534,0.6911748463018751,0.9204968932831241,0.02879916981848479,0.42661059560169184,18.82771314889351,True
vector_thrust,cruise_110,0.8015858859106526,1553.9532525393718,1225.432934821858,63.495289535765174,0.6911748463016827,0.9204968932831185,0.028799169818469125,0.42661059560167003,18.84652233050316,True
vector_thrust,cruise_110,0.8018125689610599,1553.953252539366,1225.43293482177,63.49528953575718,0.6911748463016665,0.9204968932831176,0.02879916981846668,0.42661059560166853,18.873702385430274,True
vector_thrust,cruise_110,0.8020644015340584,1553.9532525393615,1225.432934821702,63.49528953576271,0.6911748463016564,0.9204968932831181,0.02879916981846834,0.42661059560166725,18.903869970455048,True
vector_thrust,cruise_110,0.802291505422955,1553.953252539367,1225.4329348217889,63.49528953575718,0.6911748463016725,0.9204968932831176,0.028799169818466655,0.42661059560166875,18.931050025382167,True
vector_thrust,cruise_110,0.8024487832156046,1553.953252539363,1225.4329348217263,63.495289535760655,0.691174846301662,0.9204968932831179,0.02879916981846807,0.4266105956016677,18.949859206991814,True
vector_thrust,cruise_110,0.8025049382104039,1553.9532525393656,1225.4329348217645,63.495289535758204,0.6911748463016674,0.9204968932831177,0.028799169818466197,0.42661059560166836,18.956572126186735,True
vector_thrust,cruise_111,0.8022874318203763,1553.525460229643,1225.4093731233006,63.48445917753925,0.6912640448794293,0.9204861965758363,0.028810117817998977,0.4264931527302394,18.956572126186735,True
vector_thrust,cruise_111,0.8023435433719869,1553.5254602291125,1225.4093731152234,63.48445917726089,0.6912640448781282,0.920486196575797,0.028810117817891792,0.42649315273009386,18.963285045381653,True
vector_thrust,cruise_111,0.8025008294178213,1553.5254602291054,1225.409373115121,63.48445917725331,0.6912640448781142,0.9204861965757961,0.02881011781788876,0.42649315273009186,18.982094226991304,True
vector_thrust,cruise_111,0.8027282836774855,1553.5254602291009,1225.4093731150497,63.48445917725658,0.6912640448781018,0.9204861965757963,0.028810117817889818,0.4264931527300906,19.00927428191842,True
vector_thrust,cruise_111,0.8029809735557183,1553.5254602291038,1225.4093731150988,63.48445917725781,0.6912640448781087,0.9204861965757964,0.028810117817890796,0.4264931527300914,19.039441866943193,True
vector_thrust,cruise_111,0.8032088510484567,1553.5254602290888,1225.4093731148537,63.48445917724941,0.6912640448780689,0.9204861965757953,0.02881011781788731,0.4264931527300873,19.06662192187031,True
vector_thrust,cruise_111,0.8033666648579447,1553.52546022909,1225.4093731148919,63.484459177244894,0.6912640448780774,0.9204861965757949,0.028810117817886505,0.42649315273008764,19.08543110347996,True
vector_thrust,cruise_111,0.8034230112870958,1553.5254602290927,1225.4093731149069,63.48445917725556,0.6912640448780784,0.920486196575796,0.028810117817889246,0.4264931527300884,19.092144022674876,True
vector_thrust,cruise_112,0.803213108739879,1553.1131994510815,1225.3870673712813,63.47403004783439,0.6913501301119939,0.9204758849654945,0.028820679257765706,0.4263799737681324,19.092144022674876,True
vector_thrust,cruise_112,0.8032694136284921,1553.1131994510808,1225.3870673712725,63.474030047834596,0.6913501301119925,0.9204758849654945,0.028820679257765183,0.42637997376813225,19.098856941869794,True
vector_thrust,cruise_112,0.8034272417654296,1553.113199450655,1225.3870673647896,63.47403004760953,0.6913501301109496,0.9204758849654627,0.028820679257678464,0.4263799737680153,19.11766612347945,True
vector_thrust,cruise_112,0.8036554803458806,1553.1131994509424,1225.387067369162,63.474030047760195,0.691350130111652,0.920475884965484,0.02882067925773674,0.42637997376809417,19.144846178406564,True
vector_thrust,cruise_112,0.8039090421072286,1553.1131994508312,1225.387067367467,63.474030047708325,0.69135013011138,0.9204758849654765,0.028820679257716184,0.42637997376806364,19.175013763431334,True
vector_thrust,cruise_112,0.8041377063609821,1553.1131994506115,1225.3870673641225,63.474030047590674,0.6913501301108408,0.92047588496546,0.02882067925767191,0.42637997376800335,19.202193818358456,True
vector_thrust,cruise_112,0.8042960653056073,1553.1131994510806,1225.3870673712663,63.47403004783542,0.6913501301119923,0.9204758849654946,0.028820679257765672,0.42637997376813214,19.221002999968103,True
vector_thrust,cruise_112,0.8043526064257835,1553.1131994510633,1225.3870673710107,63.474030047826396,0.6913501301119513,0.9204758849654933,0.028820679257761977,0.42637997376812736,19.22771591916302,True
vector_thrust,cruise_113,0.8041500093465744,1552.715844034704,1225.3659393188336,63.463985409695354,0.6914332189631749,0.9204659431413608,0.028830868992360065,0.42627088681164294,19.22771591916302,True
vector_thrust,cruise_113,0.8042065107000613,1552.715843954948,1225.3659381047569,63.46398536801596,0.6914332187676121,0.920465943135452,0.02883086897638716,0.42627088678974734,19.23442883835794,True
vector_thrust,cruise_113,0.8043648898793752,1552.7158439729103,1225.36593837818,63.46398537740113,0.6914332188116552,0.9204659431367826,0.02883086897998327,0.4262708867946786,19.25323801996759,True
vector_thrust,cruise_113,0.8045939257334699,1552.7158440000871,1225.3659387918765,63.46398539160698,0.6914332188782965,0.9204659431387965,0.02883086898542864,0.4262708868021395,19.28041807489471,True
vector_thrust,cruise_113,0.8048483737761498,1552.7158440242981,1225.3659391604306,63.463985404257464,0.6914332189376599,0.9204659431405899,0.028830868990276315,0.42627088680878616,19.31058565991948,True
vector_thrust,cruise_113,0.8050778377950604,1552.715844057849,1225.365939671154,63.46398542179485,0.6914332190199293,0.9204659431430761,0.0288308689969967,0.42627088681799696,19.337765714846597,True
vector_thrust,cruise_113,0.8052367508916611,1552.7158440889336,1225.3659401443392,63.463985438038,0.6914332190961509,0.9204659431453789,0.02883086900322269,0.42627088682653075,19.356574896456248,True
vector_thrust,cruise_113,0.8052934899141331,1552.7158440870335,1225.3659401154105,63.4639854370498,0.6914332190914901,0.9204659431452387,0.028830869002843578,0.42627088682600905,19.363287815651166,True
vector_thrust,cruise_114,0.8050979164615635,1552.332802339122,1225.345926663735,63.4543098200738,0.6915134241857552,0.9204563566594761,0.02884070124960016,0.42616572943601055,19.363287815651166,True
vector_thrust,cruise_114,0.8051546174587764,1552.332802227953,1225.3459249721877,63.4543097526101,0.6915134239133451,0.9204563566503111,0.028840701223067026,0.4261657294054909,19.370000734846084,True
vector_thrust,cruise_114,0.8053135564812473,1552.3328022298626,1225.3459250012356,63.45430975370572,0.6915134239180256,0.9204563566504623,0.028840701223494043,0.4261657294060153,19.388809916455735,True
vector_thrust,cruise_114,0.8055434023434012,1552.3328022326639,1225.345925043876,63.45430975530086,0.6915134239248927,0.9204563566506829,0.028840701224114765,0.4261657294067844,19.41598997138285,True
vector_thrust,cruise_114,0.8057987508350899,1552.3328022358312,1225.345925092072,63.4543097570766,0.6915134239326517,0.9204563566509295,0.028840701224805525,0.4261657294076538,19.446157556407623,True
vector_thrust,cruise_114,0.8060290273889579,1552.3328022387248,1225.345925136101,63.45430975869286,0.6915134239397436,0.9204563566511543,0.028840701225431954,0.42616572940844827,19.473337611334742,True
vector_thrust,cruise_114,0.8061885034758555,1552.3328022407534,1225.3459251669847,63.45430975981225,0.6915134239447177,0.9204563566513105,0.028840701225865777,0.42616572940900516,19.49214679294439,True
vector_thrust,cruise_114,0.8062454435765667,1552.3328022414805,1225.3459251780582,63.45430976021462,0.6915134239464986,0.9204563566513665,0.02884070122602055,0.4261657294092048,19.498859712139307,True
vector_thrust,cruise_115,0.806056693067085,1551.9636774714031,1225.326937457759,63.44495504463841,0.6915911281428426,0.9204471121920577,0.02885016816844022,0.4260643926812454,19.498859712139307,True
vector_thrust,cruise_115,0.8061135967464942,1551.9636772922818,1225.3269347480912,63.44495487221134,0.6915911277067937,0.9204471121709887,0.028850168096691563,0.42606439263207085,19.50557263133423,True
vector_thrust,cruise_115,0.8062731042930777,1551.9636772873876,1225.3269346736352,63.44495486921742,0.6915911276948031,0.9204471121705827,0.02885016809551179,0.4260643926307272,19.52438181294388,True
vector_thrust,cruise_115,0.8065037727268246,1551.9636772808342,1225.3269345739536,63.44495486514859,0.6915911276787551,0.9204471121700332,0.028850168093905414,0.42606439262892815,19.551561867870994,True
vector_thrust,cruise_115,0.8067600356337824,1551.9636772752747,1225.326934489366,63.4449548615965,0.6915911276651368,0.920447112169557,0.028850168092497148,0.4260643926274018,19.581729452895768,True
vector_thrust,cruise_115,0.8069911373374326,1551.9636772709669,1225.3269344238283,63.44495485876738,0.6915911276545863,0.9204471121691804,0.02885016809137073,0.42606439262621915,19.608909507822887,True
vector_thrust,cruise_115,0.8071511851721346,1551.9636772836948,1225.3269346173613,63.444954860138694,0.6915911276857422,0.9204471121696027,0.0288501680915203,0.42606439262971346,19.627718689432534,True
vector_thrust,cruise_115,0.8072083294648996,1551.9636772804222,1225.3269345674787,63.4449548591841,0.6915911276777089,0.9204471121694348,0.028850168091209084,0.42606439262881496,19.63443160862745,True
vector_thrust,cruise_116,0.8070260157569191,1551.6076112245123,1225.308946650263,63.43597303885209,0.6916658760807088,0.920438195873085,0.02885932464468425,0.42596664094166675,19.63443160862745,True
vector_thrust,cruise_116,0.8070831254631974,1551.6076112218136,1225.30894660914,63.43597303817792,0.6916658760740858,0.9204381958729574,0.028859324644477824,0.42596664094092584,19.64114452782237,True
vector_thrust,cruise_116,0.8072432102216319,1551.607611222895,1225.308946625571,63.435973039170634,0.6916658760767311,0.92043819587308,0.028859324644891216,0.4259666409412227,19.659953709432024,True
vector_thrust,cruise_116,0.8074747138311199,1551.6076112688263,1225.3089473243972,63.43597306266285,0.6916658761892245,0.9204381958764374,0.028859324653868874,0.42596664095383235,19.68713376435914,True
vector_thrust,cruise_116,0.8077319050983404,1551.6076112311532,1225.30894675143,63.43597303965889,0.6916658760969946,0.9204381958733143,0.028859324644804816,0.42596664094348985,19.71730134938391,True
vector_thrust,cruise_116,0.8079638445683823,1551.6076112371643,1225.3089468428936,63.435973042403354,0.6916658761117184,0.9204381958737212,0.02885932464582954,0.4259666409451401,19.74448140431103,True
vector_thrust,cruise_116,0.8081244728640772,1551.607611222556,1225.3089466203774,63.43597303967058,0.691665876075894,0.9204381958731217,0.028859324645129608,0.4259666409411297,19.76329058592068,True
vector_thrust,cruise_116,0.8081818244733373,1551.607611222611,1225.3089466212127,63.435973039686566,0.6916658760760281,0.9204381958731245,0.02885932464513467,0.42596664094114484,19.770003505115596,True
vector_thrust,cruise_117,0.8080829819709507,1551.4148418103318,1225.2993261577706,63.43111270259029,0.691706381257474,0.9204333676971225,0.028864285167364723,0.425913719481859,19.770003505115596,True
vector_thrust,cruise_117,0.8081403206233548,1551.4148418100358,1225.299326153265,63.43111270243799,0.691706381256748,0.9204333676971008,0.0288642851673054,0.4259137194817778,19.776716424310514,True
vector_thrust,cruise_117,0.8083010473192699,1551.414841809973,1225.299326152306,63.431112702403766,0.6917063812565932,0.920433367697096,0.028864285167293172,0.42591371948176054,19.795525605920165,True
vector_thrust,cruise_117,0.8085334796952528,1551.4148418099717,1225.299326152288,63.43111270240254,0.6917063812565915,0.9204333676970959,0.028864285167292163,0.4259137194817601,19.822705660847284,True
vector_thrust,cruise_117,0.8087917035084188,1551.414841809981,1225.2993261524211,63.4311127024095,0.6917063812566139,0.9204333676970967,0.02886428516729442,0.4259137194817627,19.852873245872054,True
vector_thrust,cruise_117,0.8090245747072321,1551.414841810019,1225.2993261530005,63.43111270242979,0.6917063812567061,0.9204333676970997,0.028864285167302123,0.42591371948177315,19.880053300799172,True
vector_thrust,cruise_117,0.8091858486069688,1551.414841810054,1225.2993261535348,63.43111270244886,0.6917063812567928,0.9204333676971023,0.028864285167309506,0.42591371948178275,19.898862482408823,True
vector_thrust,cruise_117,0.8092434307884386,1551.4148418100965,1225.2993261541806,63.43111270246997,0.6917063812568957,0.9204333676971053,0.028864285167317722,0.42591371948179446,19.90557540160374,True
vector_thrust,cruise_118,0.8133664951245174,1559.4430498479278,1225.7725892070232,63.635015964195745,0.6900418804185788,0.9206338562349803,0.028659689409159268,0.42811772311384483,19.90557540160374,True
vector_thrust,cruise_118,0.8134251722634133,1559.443049847919,1225.7725892068838,63.63501596419922,0.6900418804185535,0.9206338562349804,0.028659689409161068,0.42811772311384244,19.91228832079866,True
vector_thrust,cruise_118,0.8135896532935472,1559.4430498479176,1225.7725892068743,63.635015964200456,0.6900418804185535,0.9206338562349805,0.028659689409160905,0.42811772311384205,19.93109750240831,True
vector_thrust,cruise_118,0.8138275171212858,1559.443049847918,1225.77258920687,63.63501596420004,0.6900418804185536,0.9206338562349804,0.028659689409162234,0.4281177231138421,19.958277557335425,True
vector_thrust,cruise_118,0.8140865880252558,1559.443049847918,1225.77258920687,63.635015964199845,0.6900418804185536,0.9206338562349804,0.028659689409161266,0.4281177231138421,19.9884451423602,True
vector_thrust,cruise_118,0.8142977084225606,1559.4430498479203,1225.7725892068988,63.63501596419861,0.6900418804185577,0.9206338562349804,0.028659689409161533,0.4281177231138428,20.015625197287317,True
vector_thrust,cruise_118,0.8144439076839539,1559.4430498479214,1225.7725892069304,63.635015964199845,0.6900418804185633,0.9206338562349805,0.02865968940916096,0.4281177231138431,20.034434378896965,True
vector_thrust,cruise_118,0.8144961053845449,1559.4430498479283,1225.7725892070268,63.63501596419266,0.6900418804185802,0.92063385623498,0.02865968940915872,0.428117723113845,20.041147298091882,True
vector_thrust,cruise_119,0.8144934263154194,1559.4378413786912,1225.7722343969313,63.63488275402436,0.6900429450565614,0.9206337265605978,0.028659820859173304,0.4281162932200179,20.041147298091882,True
vector_thrust,cruise_119,0.8145456338295464,1559.4378413787974,1225.7722343985417,63.63488275407397,0.690042945056824,0.920633726560605,0.02865982085919322,0.428116293220047,20.047860217286804,True
vector_thrust,cruise_119,0.8146919714543704,1559.437841378812,1225.7722343987718,63.634882754084835,0.690042945056862,0.9206337265606064,0.028659820859197375,0.42811629322005107,20.066669398896455,True
vector_thrust,cruise_119,0.8149035798850028,1559.4378413788343,1225.7722343991136,63.63488275409631,0.6900429450569165,0.920633726560608,0.028659820859201202,0.4281162932200572,20.09384945382357,True
vector_thrust,cruise_119,0.8151386476821916,1559.4378413788575,1225.7722343994824,63.63488275411373,0.6900429450569773,0.9206337265606103,0.02865982085920805,0.4281162932200635,20.124017038848343,True
vector_thrust,cruise_119,0.8153506170390895,1559.4378413788527,1225.7722343993976,63.63488275411066,0.6900429450569635,0.9206337265606098,0.028659820859206007,0.4281162932200622,20.151197093775462,True
vector_thrust,cruise_119,0.8154974047320317,1559.437841378821,1225.7722343989076,63.634882754088515,0.6900429450568836,0.920633726560607,0.02865982085919927,0.42811629322005357,20.17000627538511,True
vector_thrust,cruise_119,0.8155498125453915,1559.4378413787947,1225.772234398505,63.634882754072116,0.6900429450568201,0.9206337265606047,0.028659820859192962,0.4281162932200463,20.176719194580027,True
vector_thrust,cruise_120,0.8155471031997216,1559.432580869612,1225.7718761054525,63.63474821415367,0.6900440203517397,0.92063359559007,0.028659953624256652,0.4281148490395653,20.176719194580027,True
vector_thrust,cruise_120,0.8155995208939655,1559.4325808696897,1225.7718761066408,63.63474821419836,0.6900440203519321,0.9206335955900761,0.028659953624273267,0.4281148490395867,20.183432113774945,True
vector_thrust,cruise_120,0.815746447804734,1559.4325808696801,1225.77187610649,63.63474821419241,0.6900440203519069,0.9206335955900753,0.028659953624271393,0.4281148490395841,20.202241295384596,True
vector_thrust,cruise_120,0.815958908753918,1559.4325808694864,1225.7718761035442,63.63474821408951,0.6900440203514308,0.920633595590061,0.028659953624232553,0.4281148490395309,20.229421350311714,True
vector_thrust,cruise_120,0.8161949241283498,1559.432580869489,1225.7718761035815,63.63474821408624,0.6900440203514356,0.9206335955900606,0.028659953624231713,0.4281148490395315,20.259588935336485,True
vector_thrust,cruise_120,0.8164077484440719,1559.432580869489,1225.7718761035778,63.63474821409054,0.6900440203514352,0.9206335955900611,0.028659953624232872,0.4281148490395315,20.286768990263607,True
vector_thrust,cruise_120,0.8165551284657704,1559.4325808694862,1225.7718761035285,63.63474821409054,0.6900440203514274,0.9206335955900611,0.02865995362423274,0.42811484903953084,20.305578171873254,True
vector_thrust,cruise_120,0.816607747813451,1559.4325808694916,1225.7718761036117,63.63474821409669,0.6900440203514437,0.9206335955900617,0.02865995362423464,0.42811484903953234,20.31229109106817,True
vector_thrust,cruise_121,0.8166050076182519,1559.4272662361989,1225.7715524399407,63.63461354783721,0.6900451134579275,0.920633463394155,0.028660088322987436,0.42811339000022675,20.31229109106817,True
vector_thrust,cruise_121,0.8166576353830972,1559.4272641992156,1225.7715213405604,63.634612478662056,0.6900451084288102,0.9206334632441453,0.02866008791632134,0.4281133894410088,20.31900401026309,True
vector_thrust,cruise_121,0.8168051555581387,1559.4272642131295,1225.7715215529863,63.634612485959714,0.6900451084631621,0.9206334632451695,0.02866008791909516,0.4281133894448286,20.33781319187274,True
vector_thrust,cruise_121,0.8170184747840906,1559.427264233575,1225.7715218651238,63.63461249667909,0.6900451085136384,0.9206334632466739,0.02866008792317192,0.42811338945044153,20.364993246799855,True
vector_thrust,cruise_121,0.8172554441391949,1559.4272642567157,1225.7715222184306,63.634612508815685,0.6900451085707704,0.9206334632483771,0.02866008792778631,0.42811338945679434,20.39516083182463,True
vector_thrust,cruise_121,0.8174691291941938,1559.4272642777007,1225.7715225388138,63.634612519815676,0.6900451086225811,0.920633463249921,0.02866008793197046,0.4281133894625555,20.422340886751748,True
vector_thrust,cruise_121,0.8176171055511222,1559.4272642923863,1225.7715227630258,63.634612527519195,0.6900451086588388,0.920633463251002,0.02866008793489992,0.4281133894665871,20.441150068361395,True
vector_thrust,cruise_121,0.8176699378643317,1559.427264297779,1225.7715228453467,63.63461253034955,0.690045108672149,0.9206334632513993,0.028660087935976155,0.4281133894680676,20.447862987556316,True
vector_thrust,cruise_122,0.7525294525398571,1432.6666132927785,1237.7847978041673,61.06958706960563,0.7198029856064369,0.9173532413916354,0.03258735137139932,0.3933134772212038,20.447862987556316,True
vector_thrust,cruise_122,0.7525689067830257,1432.666613292774,1237.7847978041066,61.06958706960214,0.7198029856064264,0.917353241391635,0.03258735137139896,0.39331347722120263,20.454575906751234,True
vector_thrust,cruise_122,0.7526794893359685,1432.6666132927726,1237.7847978040847,61.06958706960358,0.7198029856064244,0.9173532413916351,0.03258735137139801,0.3933134772212022,20.473385088360885,True
vector_thrust,cruise_122,0.752839374923414,1432.6666132927712,1237.7847978040688,61.069587069602555,0.7198029856064214,0.917353241391635,0.0325873513713985,0.3933134772212018,20.500565143288,True
vector_thrust,cruise_122,0.7530169580777208,1432.6666132927746,1237.7847978041166,61.06958706960337,0.7198029856064299,0.9173532413916351,0.03258735137139888,0.3933134772212027,20.530732728312774,True
vector_thrust,cruise_122,0.7531770664046805,1432.666613292776,1237.7847978041373,61.06958706960173,0.7198029856064325,0.917353241391635,0.032587351371398454,0.39331347722120313,20.557912783239892,True
vector_thrust,cruise_122,0.7532879267094347,1432.6666132927744,1237.7847978041161,61.06958706960563,0.719802985606428,0.9173532413916353,0.032587351371399814,0.3933134772212027,20.57672196484954,True
vector_thrust,cruise_122,0.7533275045638536,1432.6666132927733,1237.7847978040968,61.06958706960153,0.7198029856064276,0.9173532413916349,0.03258735137139845,0.39331347722120236,20.583434884044458,True
vector_thrust,cruise_123,0.8171883280444129,1556.8179595816046,1225.601575620542,63.56803156856327,0.6905809314347994,0.9205684347939036,0.02872615224215322,0.4273970506481872,20.583434884044458,True
vector_thrust,cruise_123,0.8172410257387711,1556.817959605554,1225.6015759857544,63.56803158084869,0.6905809314937705,0.9205684347956457,0.028726152246822647,0.42739705065476213,20.590147803239375,True
vector_thrust,cruise_123,0.8173887376226311,1556.8179596054163,1225.6015759836516,63.568031580780016,0.690580931493429,0.9205684347956359,0.02872615224679504,0.4273970506547243,20.60895698484903,True
vector_thrust,cruise_123,0.817602334142419,1556.8179596052207,1225.601575980664,63.56803158068327,0.690580931492947,0.920568434795622,0.028726152246759215,0.42739705065467054,20.636137039776145,True
vector_thrust,cruise_123,0.8178396116398282,1556.8179596050009,1225.60157597731,63.56803158056623,0.6905809314924065,0.9205684347956056,0.028726152246715167,0.4273970506546102,20.666304624800915,True
vector_thrust,cruise_123,0.818053574654872,1556.8179596047955,1225.6015759741806,63.56803158045717,0.690580931491901,0.9205684347955903,0.02872615224667327,0.42739705065455386,20.693484679728037,True
vector_thrust,cruise_123,0.8182017435513045,1556.8179596046527,1225.6015759720046,63.56803158038605,0.6905809314915495,0.9205684347955801,0.028726152246645514,0.42739705065451467,20.712293861337685,True
vector_thrust,cruise_123,0.8182546446176866,1556.8179596046025,1225.601575971248,63.56803158036186,0.6905809314914283,0.9205684347955765,0.0287261522466362,0.4273970506545009,20.719006780532602,True
vector_thrust,cruise_124,0.818257096414767,1556.822696994198,1225.6018696267947,63.56815215816947,0.6905799540829783,0.9205685529735648,0.028726031908668966,0.42739835122167924,20.719006780532602,True
vector_thrust,cruise_124,0.8183100087768888,1556.8226970442458,1225.6018703899408,63.568152183866445,0.6905799542062026,0.9205685529772075,0.028726031918434532,0.42739835123541897,20.72571969972752,True
vector_thrust,cruise_124,0.818458322475754,1556.8226970439857,1225.60187038598,63.56815218372501,0.6905799542055653,0.9205685529771878,0.028726031918380118,0.42739835123534753,20.74452888133717,True
vector_thrust,cruise_124,0.8186727896445188,1556.8226970436046,1225.6018703801724,63.56815218353562,0.6905799542046273,0.9205685529771607,0.028726031918308834,0.4273983512352429,20.77170893626429,True
vector_thrust,cruise_124,0.8189110348773323,1556.8226970431767,1225.6018703736406,63.568152183313835,0.6905799542035729,0.9205685529771294,0.02872603191822416,0.4273983512351255,20.80187652128906,True
vector_thrust,cruise_124,0.8191258710447314,1556.8226970427818,1225.601870367621,63.56815218310599,0.6905799542026001,0.9205685529771,0.028726031918145666,0.42739835123501707,20.829056576216182,True
vector_thrust,cruise_124,0.8192746448778429,1556.8226970425073,1225.601870363439,63.5681521829713,0.6905799542019218,0.9205685529770807,0.028726031918094794,0.4273983512349417,20.84786575782583,True
vector_thrust,cruise_124,0.8193277619817374,1556.8226970424062,1225.6018703618913,63.56815218292191,0.6905799542016737,0.9205685529770735,0.02872603191807537,0.4273983512349139,20.854578677020747,True
vector_thrust,cruise_125,0.8193270500591466,1556.821323285715,1225.6017841551234,63.56811718379765,0.6905802374467334,0.9205685187043543,0.02872606679854459,0.42739797409412195,20.854578677020747,True
vector_thrust,cruise_125,0.8193801777834803,1556.8213233406118,1225.6017849922218,63.56811721198862,0.6905802375818985,0.9205685187083504,0.02872606680925853,0.427397974109193,20.861291596215665,True
vector_thrust,cruise_125,0.8195290952896828,1556.8213233403148,1225.6017849876816,63.568117211839805,0.6905802375811643,0.9205685187083291,0.028726066809201093,0.4273979741091114,20.880100777825316,True
vector_thrust,cruise_125,0.8197444359919872,1556.8213233398853,1225.6017849811303,63.568117211620276,0.6905802375801083,0.9205685187082979,0.02872606680911894,0.4273979741089935,20.90728083275243,True
vector_thrust,cruise_125,0.8199836521695568,1556.8213233393967,1225.6017849736813,63.56811721137041,0.6905802375789062,0.9205685187082624,0.02872606680902355,0.4273979741088594,20.937448417777205,True
vector_thrust,cruise_125,0.8201993643878398,1556.8213233389563,1225.601784966966,63.5681172111519,0.69058023757782,0.9205685187082312,0.028726066808941894,0.4273979741087385,20.964628472704323,True
vector_thrust,cruise_125,0.8203487451673448,1556.821323338638,1225.601784962117,63.56811721098771,0.6905802375770396,0.920568518708208,0.0287260668088777,0.42739797410865105,20.98343765431397,True
vector_thrust,cruise_125,0.8204020790267916,1556.8213233385302,1225.6017849604746,63.56811721093032,0.6905802375767726,0.9205685187081999,0.0287260668088567,0.4273979741086215,20.990150573508892,True
vector_thrust,cruise_126,0.820401354578261,1556.8199272438715,1225.6016973256492,63.56808164178419,0.6905805254235328,0.920568483878054,0.02872610225616286,0.42739759083533263,20.990150573508892,True
vector_thrust,cruise_126,0.8204546991290604,1556.8199273021212,1225.6016982138767,63.56808167172054,0.6905805255669539,0.9205684838822965,0.028726102267541766,0.4273975908513241,20.99686349270381,True
vector_thrust,cruise_126,0.8206042245519953,1556.8199273018083,1225.6016982090985,63.56808167155964,0.6905805255661827,0.9205684838822736,0.028726102267480083,0.42739759085123813,21.01567267431346,True
vector_thrust,cruise_126,0.8208204447353757,1556.8199273013618,1225.601698202283,63.5680816713358,0.690580525565082,0.9205684838822417,0.028726102267395862,0.42739759085111556,21.042852729240575,True
vector_thrust,cruise_126,0.8210606384718351,1556.8199273008552,1225.6016981945666,63.56808167107506,0.6905805255638378,0.9205684838822048,0.028726102267297476,0.42739759085097645,21.07302031426535,True
vector_thrust,cruise_126,0.8212772327117335,1556.8199273003854,1225.6016981873984,63.568081670833195,0.6905805255626787,0.9205684838821705,0.028726102267204772,0.4273975908508475,21.100200369192468,True
vector_thrust,cruise_126,0.8214272245760056,1556.8199273000578,1225.6016981824064,63.56808167066797,0.6905805255618732,0.920568483882147,0.028726102267141597,0.4273975908507575,21.119009550802115,True
vector_thrust,cruise_126,0.8214807766692495,1556.819927299944,1225.6016981806736,63.56808167060853,0.6905805255615944,0.9205684838821385,0.028726102267119313,0.42739759085072637,21.125722469997033,True
vector_thrust,cruise_127,0.8214800393145738,1556.8185081697256,1225.6016101714865,63.56804554898426,0.690580818346757,0.9205684484806222,0.028726138314942168,0.4273972012534288,21.125722469997033,True
vector_thrust,cruise_127,0.8215336021238887,1556.8185081690167,1225.6016101606817,63.568045548629854,0.690580818345013,0.9205684484805717,0.02872613831480723,0.4273972012532342,21.13243538919195,True
vector_thrust,cruise_127,0.8216837396106798,1556.81850816902,1225.6016101607356,63.56804554863457,0.6905808183450203,0.9205684484805722,0.028726138314808993,0.4273972012532351,21.151244570801605,True
vector_thrust,cruise_127,0.8219008452772929,1556.8185081690267,1225.601610160835,63.568045548636206,0.6905808183450364,0.9205684484805725,0.02872613831481008,0.4273972012532369,21.17842462572872,True
vector_thrust,cruise_127,0.8221420232476025,1556.8185081690328,1225.601610160923,63.568045548639496,0.6905808183450505,0.9205684484805728,0.02872613831481185,0.42739720125323866,21.20859221075349,True
vector_thrust,cruise_127,0.822359505534867,1556.8185081690349,1225.6016101609573,63.56804554864523,0.6905808183450559,0.9205684484805734,0.02872613831481339,0.42739720125323916,21.235772265680612,True
vector_thrust,cruise_127,0.8225101126604086,1556.8185081690433,1225.601610161079,63.56804554864461,0.6905808183450768,0.9205684484805736,0.028726138314813597,0.4273972012532415,21.25458144729026,True
vector_thrust,cruise_127,0.822563884479329,1556.8185081690413,1225.6016101610549,63.56804554865036,0.6905808183450703,0.9205684484805741,0.028726138314814607,0.42739720125324093,21.261294366485178,True
vector_thrust,cruise_128,0.8225631336972332,1556.8170651055957,1225.6015204791483,63.56800881171329,0.6905811160355109,0.9205684124813721,0.028726174967888186,0.4273968050854959,21.261294366485178,True
vector_thrust,cruise_128,0.8226169163014134,1556.817065104901,1225.6015204685461,63.56800881136523,0.6905811160338005,0.9205684124813225,0.028726174967757718,0.4273968050853052,21.268007285680095,True
vector_thrust,cruise_128,0.8227676700366631,1556.8170651048997,1225.601520468536,63.568008811373645,0.6905811160337991,0.9205684124813233,0.028726174967761267,0.4273968050853048,21.286816467289746,True
vector_thrust,cruise_128,0.8229856672429852,1556.8170651049074,1225.6015204686448,63.568008811373645,0.6905811160338184,0.9205684124813235,0.028726174967760625,0.4273968050853069,21.313996522216865,True
vector_thrust,cruise_128,0.823227836182557,1556.8170651049165,1225.6015204687833,63.56800881137384,0.6905811160338396,0.9205684124813235,0.02872617496775986,0.4273968050853094,21.344164107241635,True
vector_thrust,cruise_128,0.823446212597541,1556.8170651049222,1225.6015204688772,63.568008811375684,0.6905811160338573,0.9205684124813238,0.028726174967761697,0.4273968050853109,21.371344162168754,True
vector_thrust,cruise_128,0.8235974391987445,1556.8170651049252,1225.601520468914,63.56800881138041,0.6905811160338611,0.9205684124813244,0.028726174967761635,0.42739680508531175,21.390153343778405,True
vector_thrust,cruise_128,0.8236514322487622,1556.8170651049206,1225.6015204688524,63.56800881138511,0.6905811160338514,0.9205684124813247,0.02872617496776482,0.4273968050853105,21.396866262973322,True
vector_thrust,cruise_129,0.8236506676545282,1556.8155973790617,1225.6014311495799,63.567971508783,0.6905814191456331,0.9205683758729307,0.028726212275439634,0.42739640214693264,21.396866262973322,True
vector_thrust,cruise_129,0.8237046715111854,1556.8155973143175,1225.6014301622245,63.567971474848314,0.6905814189862016,0.9205683758681504,0.028726212262493275,0.4273964021291583,21.40357918216824,True
vector_thrust,cruise_129,0.8238560457187578,1556.8155973147716,1225.6014301691525,63.56797147509184,0.6905814189873212,0.9205683758681845,0.0287262122625867,0.427396402129283,21.42238836377789,True
vector_thrust,cruise_129,0.8240749405781302,1556.8155973154262,1225.6014301791236,63.56797147543333,0.6905814189889331,0.9205683758682327,0.028726212262716697,0.4273964021294626,21.449568418705006,True
vector_thrust,cruise_129,0.8243181072857086,1556.8155973161586,1225.6014301903094,63.56797147581787,0.6905814189907391,0.9205683758682869,0.028726212262862722,0.4273964021296637,21.47973600372978,True
vector_thrust,cruise_129,0.8245373839660262,1556.8155973168257,1225.6014302004814,63.567971476170435,0.6905814189923807,0.9205683758683364,0.028726212262996917,0.42739640212984686,21.5069160586569,True
vector_thrust,cruise_129,0.8246892342970156,1556.8155973172948,1225.6014302076314,63.56797147641292,0.6905814189935351,0.9205683758683707,0.02872621226308982,0.42739640212997565,21.525725240266546,True
vector_thrust,cruise_129,0.8247434500977551,1556.8155973174607,1225.6014302101607,63.56797147650271,0.690581418993943,0.9205683758683832,0.028726212263124003,0.4273964021300213,21.532438159461464,True
vector_thrust,cruise_130,0.8247426709379797,1556.8141036976895,1225.6013364675596,63.56793342226059,0.6905817269536336,0.9205683386049153,0.028726250186809518,0.42739599208292406,21.532438159461464,True
vector_thrust,cruise_130,0.8247968976599908,1556.8141036919837,1225.6013363805264,63.567933419256825,0.6905817269395806,0.9205683386044926,0.028726250185662622,0.42739599208135765,21.539151078656385,True
vector_thrust,cruise_130,0.8249488966051901,1556.8141036968136,1225.6013364541864,63.5679334217916,0.6905817269514736,0.9205683386048495,0.028726250186628822,0.4273959920826837,21.557960260266036,True
vector_thrust,cruise_130,0.8251686952842093,1556.814103694829,1225.6013364239166,63.56793342075174,0.6905817269465865,0.920568338604703,0.0287262501862329,0.42739599208213885,21.58514031519315,True
vector_thrust,cruise_130,0.8254128666192315,1556.8141036944844,1225.6013364186706,63.567933420569105,0.6905817269457389,0.9205683386046775,0.02872625018616246,0.4273959920820442,21.615307900217925,True
vector_thrust,cruise_130,0.825633049757809,1556.8141036947945,1225.6013364233963,63.567933420737184,0.6905817269465018,0.9205683386047009,0.028726250186226744,0.42739599208212936,21.642487955145043,True
vector_thrust,cruise_130,0.8257855281112118,1556.814103695188,1225.6013364293965,63.567933420941756,0.6905817269474717,0.9205683386047298,0.028726250186306052,0.42739599208223733,21.66129713675469,True
vector_thrust,cruise_130,0.8258399681960616,1556.814103695343,1225.601336431761,63.567933421017806,0.6905817269478529,0.9205683386047406,0.02872625018633455,0.4273959920822799,21.66801005594961,True
vector_thrust,cruise_131,0.8258391741032416,1556.8125834446644,1225.6012419446972,63.56789471864638,0.6905820405619981,0.9205683006797969,0.02872628880000886,0.4273955747241345,21.66801005594961,True
vector_thrust,cruise_131,0.8258936211497361,1556.812578130185,1225.6011608934364,63.567891935474904,0.690582027474575,0.9205683002876435,0.0287262877384208,0.4273955732651375,21.674722975144526,True
vector_thrust,cruise_131,0.8260462482958019,1556.8125770383474,1225.6011442418521,63.56789136367852,0.6905820247858316,0.9205683002070766,0.028726287520320033,0.4273955729653926,21.69353215675418,True
vector_thrust,cruise_131,0.8262669618645985,1556.8125834446523,1225.6012419445597,63.56789471863366,0.6905820405619806,0.9205683006797956,0.028726288800002536,0.4273955747241312,21.720712211681295,True
vector_thrust,cruise_131,0.826512144764124,1556.8125834446494,1225.6012419444928,63.567894718633866,0.6905820405619689,0.9205683006797954,0.028726288800004045,0.4273955747241305,21.750879796706066,True
vector_thrust,cruise_131,0.8267332286689338,1556.812567726125,1225.601002222603,63.567886486911235,0.6905820018538702,0.9205682995199314,0.02872628566016812,0.42739557040888543,21.778059851633188,True
vector_thrust,cruise_131,0.82688635128379,1556.8125834446635,1225.6012419447284,63.56789471864002,0.6905820405620047,0.9205683006797963,0.028726288800004388,0.4273955747241343,21.796869033242835,True
vector_thrust,cruise_131,0.8269410172011799,1556.8125834446582,1225.601241944637,63.567894718635515,0.6905820405619932,0.9205683006797959,0.028726288800004305,0.4273955747241328,21.803581952437753,True
vector_thrust,cruise_132,0.8269394851299693,1556.8096542888513,1225.6010595868054,63.56782013835425,0.6905826447693343,0.920568227606443,0.028726363194904313,0.427394770575809,21.803581952437753,True
vector_thrust,cruise_132,0.8269941619001596,1556.809654311525,1225.601059932515,63.56782015021782,0.6905826448251547,0.9205682276081149,0.028726363199430047,0.4273947705820337,21.81029487163267,True
vector_thrust,cruise_132,0.8271474228326819,1556.809654311515,1225.601059932369,63.567820150205726,0.690582644825133,0.9205682276081135,0.028726363199425137,0.4273947705820309,21.82910405324232,True
vector_thrust,cruise_132,0.8273690470819568,1556.8096543115141,1225.6010599323647,63.56782015019916,0.690582644825132,0.9205682276081129,0.02872636319942091,0.4273947705820307,21.85628410816944,True
vector_thrust,cruise_132,0.8276191529955017,1556.8096542971682,1225.601059713605,63.56782014274244,0.6905826447898082,0.9205682276070598,0.028726363196580982,0.4273947705780923,21.88645169319421,True
vector_thrust,cruise_132,0.8278448957130464,1556.809654294691,1225.6010596758365,63.56782014145394,0.6905826447837119,0.9205682276068778,0.02872636319609005,0.42739477057741215,21.91363174812133,True
vector_thrust,cruise_132,0.828001226564801,1556.8096542996693,1225.6010597517302,63.567820144036276,0.6905826447959658,0.9205682276072428,0.02872636319707268,0.42739477057877884,21.93244092973098,True
vector_thrust,cruise_132,0.8280570426133871,1556.8096542996368,1225.6010597512432,63.56782014402131,0.6905826447958864,0.9205682276072407,0.028726363197067888,0.42739477057876996,21.939153848925898,True
vector_thrust,cruise_133,0.8280565327023995,1556.8086807060977,1225.6009996186638,63.567795370679974,0.6905828457073421,0.9205682033205932,0.028726387931625352,0.42739450329574913,21.939153848925898,True
vector_thrust,cruise_133,0.8281123603452877,1556.80868070212,1225.6009995578434,63.56779536849182,0.6905828456975222,0.9205682033202894,0.028726387930783324,0.4273945032946571,21.945866768120815,True
vector_thrust,cruise_133,0.8282688482428601,1556.8086807024833,1225.6009995633872,63.56779536868553,0.6905828456984159,0.9205682033203166,0.02872638793085657,0.42739450329475687,21.964675949730466,True
vector_thrust,cruise_133,0.8284951421992613,1556.808680700289,1225.6009995299141,63.56779536750854,0.6905828456930114,0.920568203320152,0.028726387930405252,0.4273945032941544,21.99185600465758,True
vector_thrust,cruise_133,0.8287465346030393,1556.8086807004286,1225.600999532039,63.567795367578036,0.6905828456933546,0.9205682033201619,0.028726387930430707,0.42739450329419276,22.022023589682355,True
vector_thrust,cruise_133,0.8289732344023782,1556.8086807007237,1225.6009995365198,63.567795367719675,0.6905828456940752,0.9205682033201824,0.028726387930484838,0.42739450329427375,22.049203644609474,True
vector_thrust,cruise_133,0.8291302283737462,1556.8086806980282,1225.6009994955218,63.567795366449204,0.6905828456874592,0.9205682033199972,0.02872638793001091,0.42739450329353373,22.06801282621912,True
vector_thrust,cruise_133,0.8291862812590302,1556.8086807165955,1225.6009997786318,63.56779537610905,0.690582845733171,0.9205682033213611,0.028726387933690804,0.4273945032986311,22.07472574541404,True
vector_thrust,cruise_134,0.8291857531818652,1556.8076733377711,1225.600953650765,63.56777026724484,0.6905830564443716,0.9205681782432883,0.028726413763485406,0.4273942267404531,22.07472574541404,True
vector_thrust,cruise_134,0.8292418174610373,1556.807672986247,1225.6009482915497,63.56777008571097,0.6905830555790436,0.9205681782175998,0.028726413694421908,0.4273942266439483,22.08143866460896,True
vector_thrust,cruise_134,0.8293989695715169,1556.8076729782324,1225.6009481693359,63.56777008155338,0.690583055559311,0.9205681782170124,0.028726413692838543,0.42739422664174803,22.10024784621861,True
vector_thrust,cruise_134,0.8296262245076914,1556.8076729796478,1225.6009481907608,63.56777008232185,0.6905830555627694,0.9205681782171196,0.028726413693133404,0.42739422664213655,22.127427901145726,True
vector_thrust,cruise_134,0.8298786851145699,1556.8076729813783,1225.6009482169397,63.56777008318153,0.6905830555669894,0.9205681782172427,0.028726413693457208,0.4273942266426117,22.1575954861705,True
vector_thrust,cruise_134,0.8301063487741961,1556.807672983083,1225.600948242723,63.567770083957576,0.6905830555711536,0.920568178217357,0.028726413693745637,0.42739422664307963,22.18477554109762,True
vector_thrust,cruise_134,0.8302640105620771,1556.8076729846623,1225.6009482666511,63.56777008465595,0.6905830555750152,0.920568178217461,0.028726413694003566,0.4273942266435133,22.203584722707266,True
vector_thrust,cruise_134,0.8303203019323722,1556.8076729849613,1225.6009482711609,63.56777008476356,0.6905830555757412,0.9205681782174783,0.028726413694040272,0.4273942266435953,22.210297641902184,True
vector_thrust,cruise_135,0.8303197523684988,1556.8066267474799,1225.6008767075737,63.5677432356604,0.6905832702585255,0.9205681520963674,0.028726440171509788,0.4273939394174549,22.210297641902184,True
vector_thrust,cruise_135,0.8303760554415671,1556.8066266859103,1225.60087576893,63.56774320389214,0.6905832701069702,0.9205681520918708,0.02872644015942501,0.4273939394005521,22.2170105610971,True
vector_thrust,cruise_135,0.8305338764747857,1556.806626685409,1225.600875761257,63.567743203663184,0.690583270105731,0.9205681520918371,0.02872644015934096,0.4273939394004145,22.235819742706752,True
vector_thrust,cruise_135,0.8307620991861389,1556.8066266845865,1225.6008757486497,63.5677432032645,0.6905832701036921,0.9205681520917796,0.028726440159190948,0.4273939394001886,22.26299979763387,True
vector_thrust,cruise_135,0.8310156355557139,1556.8066266832916,1225.6008757288182,63.567743202560195,0.690583270100491,0.9205681520916814,0.02872644015892128,0.42739393939983317,22.29316738265864,True
vector_thrust,cruise_135,0.8312442699000405,1556.8066266810729,1225.6008756949163,63.56774320134467,0.6905832700950131,0.9205681520915124,0.028726440158451848,0.42739393939922404,22.320347437585763,True
vector_thrust,cruise_135,0.8314026042317192,1556.8066266787785,1225.6008756598642,63.5677432000697,0.6905832700893547,0.9205681520913359,0.028726440157961244,0.42739393939859416,22.33915661919541,True
vector_thrust,cruise_135,0.8314591357908303,1556.8066266777928,1225.6008756448123,63.567743199520564,0.6905832700869244,0.9205681520912601,0.028726440157749392,0.42739393939832354,22.34586953839033,True
vector_thrust,cruise_136,0.8314585648988455,1556.8055410110937,1225.6008120279569,63.56771568717335,0.690583494731002,0.9205681250198793,0.02872646779065357,0.4273936413475834,22.34586953839033,True
vector_thrust,cruise_136,0.8315151079101983,1556.8055405189698,1225.600804523454,63.567715429917584,0.6905834935192585,0.9205681249836112,0.028726467692559828,0.4273936412124794,22.352582457585246,True
vector_thrust,cruise_136,0.8316736026120851,1556.8055405261184,1225.6008046324473,63.56771543362915,0.6905834935368587,0.9205681249841355,0.02872646769397178,0.42739364121444195,22.371391639194897,True
vector_thrust,cruise_136,0.8319028001737377,1556.8055407918764,1225.6008086847132,63.567715572634185,0.6905834941911688,0.9205681250037291,0.02872646774698253,0.4273936412874011,22.398571694122012,True
vector_thrust,cruise_136,0.8321574198169752,1556.805540616488,1225.600806010344,63.567715480943,0.6905834937593436,0.9205681249908026,0.02872646771201877,0.42739364123925133,22.428739279146786,True
vector_thrust,cruise_136,0.8323870316659668,1556.8055405071382,1225.600804342973,63.56771542359399,0.6905834934901167,0.9205681249827257,0.028726467690137897,0.4273936412092312,22.455919334073904,True
vector_thrust,cruise_136,0.8325460433282872,1556.8055405071188,1225.6008043426596,63.56771542356365,0.6905834934900649,0.9205681249827222,0.02872646769012472,0.42739364120922596,22.47472851568355,True
vector_thrust,cruise_136,0.832602816786287,1556.8055405071116,1225.6008043425527,63.56771542355053,0.6905834934900494,0.9205681249827208,0.02872646769012037,0.4273936412092239,22.481441434878473,True
vector_thrust,cruise_137,0.8326022221649525,1556.8044113864046,1225.6007341930376,63.567686679327146,0.6905837264254849,0.9205680968149621,0.02872649637002679,0.42739333122894846,22.481441434878473,True
vector_thrust,cruise_137,0.8326590075266564,1556.8044113864057,1225.6007341930601,63.5676866793251,0.6905837264254869,0.9205680968149619,0.028726496370026045,0.4273933312289488,22.48815435407339,True
vector_thrust,cruise_137,0.8328181806783309,1556.8044113864087,1225.6007341931022,63.56768667932182,0.6905837264254968,0.9205680968149617,0.028726496370025747,0.4273933312289495,22.50696353568304,True
vector_thrust,cruise_137,0.8330483596200432,1556.8044113864034,1225.6007341930326,63.567686679327764,0.6905837264254848,0.9205680968149621,0.028726496370026815,0.4273933312289481,22.534143590610157,True
vector_thrust,cruise_137,0.8333040705177757,1556.804411386404,1225.6007341930274,63.567686679328375,0.690583726425484,0.9205680968149621,0.028726496370027225,0.4273933312289483,22.56431117563493,True
vector_thrust,cruise_137,0.8335346670027863,1556.8044113864078,1225.6007341930951,63.567686679323046,0.6905837264254937,0.9205680968149618,0.028726496370025455,0.42739333122894935,22.59149123056205,True
vector_thrust,cruise_137,0.8336943608221434,1556.8044113852366,1225.6007341752338,63.56768667871549,0.6905837264226085,0.920568096814876,0.028726496369793006,0.4273933312286277,22.610300412171696,True
vector_thrust,cruise_137,0.8337513779042689,1556.804411386407,1225.600734193074,63.567686679324076,0.6905837264254903,0.9205680968149618,0.02872649637002639,0.4273933312289491,22.617013331366614,True
vector_thrust,cruise_138,0.8337507578586141,1556.8032356105107,1225.6006611515527,63.56765674738333,0.6905839689873882,0.9205680674832808,0.028726526235037776,0.4273930084403101,22.617013331366614,True
vector_thrust,cruise_138,0.8338077869209578,1556.803235610582,1225.6006611526486,63.567656747417566,0.6905839689875652,0.9205680674832859,0.028726526235050898,0.42739300844032974,22.623726250561532,True
vector_thrust,cruise_138,0.8339676433664176,1556.803235610582,1225.6006611526486,63.56765674742022,0.6905839689875652,0.9205680674832861,0.02872652623505229,0.42739300844032974,22.642535432171186,True
vector_thrust,cruise_138,0.8341988108953297,1556.8032356105143,1225.6006611516143,63.56765674738067,0.690583968987397,0.9205680674832807,0.028726526235037228,0.4273930084403112,22.6697154870983,True
vector_thrust,cruise_138,0.8344556207049338,1556.8032356105132,1225.6006611515872,63.56765674738067,0.6905839689873929,0.9205680674832807,0.028726526235036697,0.42739300844031075,22.69988307212307,True
vector_thrust,cruise_138,0.8346872087766255,1556.803235610512,1225.6006611515775,63.56765674738292,0.6905839689873913,0.9205680674832809,0.028726526235037568,0.42739300844031053,22.727063127050194,True
vector_thrust,cruise_138,0.8348475896308943,1556.8032356105107,1225.6006611515527,63.56765674738518,0.6905839689873882,0.920568067483281,0.02872652623503814,0.4273930084403101,22.74587230865984,True
vector_thrust,cruise_138,0.834904852077278,1556.8032356105123,1225.600661151594,63.567656747382316,0.6905839689873938,0.9205680674832809,0.02872652623503732,0.4273930084403106,22.75258522785476,True
vector_thrust,cruise_139,0.8349042044866418,1556.8020092992372,1225.600584974121,63.56762552901537,0.6905842219757784,0.9205680368908828,0.02872655738375153,0.4273926717780701,22.75258522785476,True
vector_thrust,cruise_139,0.8349614789917297,1556.8020092992344,1225.6005849740898,63.56762552901865,0.6905842219757734,0.9205680368908831,0.02872655738375225,0.42739267177806944,22.759298147049677,True
vector_thrust,cruise_139,0.8351220236172903,1556.8020092993359,1225.600584975633,63.56762552907317,0.6905842219760228,0.9205680368908908,0.028726557383772885,0.4273926717780973,22.778107328659328,True
vector_thrust,cruise_139,0.8353541868064547,1556.8020092992344,1225.6005849740898,63.56762552901885,0.6905842219757734,0.9205680368908831,0.028726557383752675,0.42739267177806944,22.805287383586446,True
vector_thrust,cruise_139,0.8356121033953364,1556.8020092992322,1225.60058497406,63.56762552902172,0.6905842219757684,0.9205680368908833,0.02872655738375296,0.4273926717780688,22.835454968611216,True
vector_thrust,cruise_139,0.8358446901573133,1556.8020092992322,1225.60058497406,63.5676255290207,0.6905842219757684,0.9205680368908833,0.028726557383753144,0.4273926717780688,22.86263502353834,True
vector_thrust,cruise_139,0.8360057629701034,1556.802009299403,1225.6005849766475,63.56762552910229,0.690584221976187,0.9205680368908952,0.028726557383784084,0.42739267177811563,22.881444205147986,True
vector_thrust,cruise_139,0.8360632725406946,1556.8020092992297,1225.6005849740197,63.56762552902377,0.6905842219757626,0.9205680368908835,0.02872655738375385,0.4273926717780681,22.888157124342904,True
vector_thrust,cruise_140,0.836062595011835,1556.8007280739935,1225.6005053890092,63.56759291277681,0.6905844862940688,0.920568004928534,0.02872658992739973,0.4273923200401633,22.888157124342904,True
vector_thrust,cruise_140,0.8361201167191388,1556.8007280739957,1225.6005053890378,63.56759291277722,0.6905844862940748,0.920568004928534,0.02872658992739902,0.427392320040164,22.89487004353782,True
vector_thrust,cruise_140,0.8362813544592446,1556.8007280740815,1225.6005053903446,63.56759291281658,0.690584486294284,0.9205680049285397,0.028726589927415277,0.42739232004018757,22.913679225147472,True
vector_thrust,cruise_140,0.8365145204517326,1556.800728073997,1225.6005053890515,63.567592912776206,0.6905844862940757,0.9205680049285339,0.028726589927399362,0.4273923200401644,22.940859280074587,True
vector_thrust,cruise_140,0.8367735517653025,1556.8007280739978,1225.6005053890656,63.56759291277477,0.6905844862940796,0.9205680049285339,0.028726589927399473,0.4273923200401646,22.97102686509936,True
vector_thrust,cruise_140,0.8370071443917307,1556.8007280739978,1225.6005053890656,63.567592912775176,0.6905844862940796,0.9205680049285337,0.028726589927399227,0.4273923200401646,22.99820692002648,True
vector_thrust,cruise_140,0.8371689141361845,1556.8007280740458,1225.6005053898007,63.567592912801814,0.6905844862941961,0.9205680049285375,0.0287265899274095,0.4273923200401777,23.017016101636127,True
vector_thrust,cruise_140,0.8372266726078943,1556.8007280739992,1225.6005053890883,63.56759291277332,0.6905844862940815,0.9205680049285336,0.028726589927398714,0.427392320040165,23.02372902083105,True
vector_thrust,cruise_141,0.8372259624264083,1556.7993869689594,1225.600422088558,63.5675587722471,0.6905847629669235,0.9205679714723475,0.028726623992127172,0.42739195186331097,23.02372902083105,True
vector_thrust,cruise_141,0.8372837331130437,1556.7993869692807,1225.6004220934583,63.56755877241784,0.6905847629677144,0.9205679714723716,0.02872662399219216,0.4273919518633991,23.030441940025966,True
vector_thrust,cruise_141,0.8374456689509224,1556.799386968956,1225.6004220885188,63.56755877225037,0.6905847629669162,0.9205679714723477,0.028726623992128265,0.42739195186331,23.049251121635617,True
vector_thrust,cruise_141,0.8376798449608487,1556.7993869689851,1225.600422088954,63.56755877226493,0.6905847629669887,0.9205679714723499,0.028726623992133975,0.427391951863318,23.076431176562732,True
vector_thrust,cruise_141,0.837939999023661,1556.7993869689974,1225.6004220891468,63.56755877226677,0.6905847629670209,0.9205679714723504,0.028726623992134295,0.42739195186332135,23.106598761587506,True
vector_thrust,cruise_141,0.838174604760398,1556.7993869691402,1225.6004220913273,63.567558772344874,0.6905847629673694,0.9205679714723612,0.02872662399216515,0.4273919518633605,23.133778816514624,True
vector_thrust,cruise_141,0.8383370764594816,1556.7993869689583,1225.6004220885518,63.56755877224751,0.6905847629669223,0.9205679714723476,0.028726623992127314,0.42739195186331064,23.15258799812427,True
vector_thrust,cruise_141,0.8383950856267218,1556.7993869689597,1225.600422088566,63.567558772246684,0.6905847629669268,0.9205679714723475,0.028726623992126745,0.427391951863311,23.15930091731919,True
vector_thrust,cruise_142,0.8383943396973031,1556.7979803218038,1225.6003347213732,63.56752296330408,0.690585053162631,0.9205679363810636,0.028726659721778135,0.4273915656930193,23.15930091731919,True
vector_thrust,cruise_142,0.8384523611574701,1556.7979803219775,1225.6003347240144,63.56752296339264,0.6905850531630574,0.9205679363810761,0.02872665972181236,0.42739156569306697,23.166013836514107,True
vector_thrust,cruise_142,0.8386150001269904,1556.797980322136,1225.6003347264223,63.567522963473394,0.6905850531634466,0.9205679363810877,0.02872665972184299,0.4273915656931104,23.184823018123762,True
vector_thrust,cruise_142,0.8388501934400412,1556.7979803218047,1225.6003347213846,63.56752296330347,0.6905850531626323,0.9205679363810635,0.028726659721776657,0.42739156569301945,23.212003073050877,True
vector_thrust,cruise_142,0.8391114783569066,1556.7979803218548,1225.600334722139,63.567522963331136,0.6905850531627542,0.9205679363810675,0.028726659721787992,0.42739156569303316,23.242170658075647,True
vector_thrust,cruise_142,0.8393471045220295,1556.7979803218068,1225.6003347214073,63.56752296331023,0.6905850531626339,0.9205679363810643,0.028726659721780026,0.42739156569302006,23.26935071300277,True
vector_thrust,cruise_142,0.8395102832495303,1556.797980321832,1225.6003347217984,63.56752296331454,0.6905850531626995,0.9205679363810653,0.028726659721781563,0.427391565693027,23.288159894612416,True
vector_thrust,cruise_142,0.8395685449248538,1556.7979803219687,1225.6003347238745,63.56752296339325,0.6905850531630354,0.920567936381076,0.028726659721810942,0.42739156569306447,23.294872813807334,True
vector_thrust,cruise_143,0.8395677596969403,1556.7965016380588,1225.6002428848947,63.567485320623014,0.6905853582212509,0.9205678994926599,0.02872669728133046,0.427391159746346,23.294872813807334,True
vector_thrust,cruise_143,0.8396260337432294,1556.7965016382122,1225.6002428872412,63.567485320701934,0.6905853582216328,0.9205678994926711,0.028726697281361846,0.42739115974638814,23.301585733002252,True
vector_thrust,cruise_143,0.8397893809276593,1556.7965016385394,1225.6002428922218,63.56748532086776,0.6905853582224366,0.9205678994926947,0.028726697281425274,0.427391159746478,23.320394914611903,True
vector_thrust,cruise_143,0.840025598903179,1556.7965016382939,1225.6002428884772,63.56748532074375,0.6905853582218309,0.920567899492677,0.02872669728137714,0.42739115974641056,23.34757496953902,True
vector_thrust,cruise_143,0.8402880228599445,1556.7965016380615,1225.6002428849329,63.56748532062035,0.6905853582212607,0.9205678994926597,0.02872669728133017,0.4273911597463468,23.377742554563792,True
vector_thrust,cruise_143,0.840524676845741,1556.796501638323,1225.6002428889255,63.567485320765684,0.6905853582219036,0.9205678994926798,0.028726697281385098,0.42739115974641856,23.40492260949091,True
vector_thrust,cruise_143,0.8406885677258137,1556.7965016380597,1225.6002428849122,63.567485320621586,0.6905853582212566,0.9205678994926597,0.028726697281329962,0.4273911597463463,23.42373179110056,True
vector_thrust,cruise_143,0.84074708373975,1556.7965016380606,1225.6002428849242,63.567485320620975,0.6905853582212578,0.9205678994926598,0.028726697281330423,0.4273911597463465,23.43044471029548,True
vector_thrust,cruise_144,0.8407462551148729,1556.794943420772,1225.6001461142384,63.56744565337301,0.6905856796896785,0.9205678606201054,0.028726736861235933,0.4273907319651346,23.43044471029548,True
vector_thrust,cruise_144,0.840804783577818,1556.7949434207737,1225.6001461142737,63.567445653371976,0.6905856796896847,0.9205678606201053,0.028726736861236203,0.4273907319651351,23.437157629490397,True
vector_thrust,cruise_144,0.8409688441108589,1556.7949434202942,1225.6001461069477,63.567445653122526,0.6905856796885015,0.9205678606200701,0.028726736861140592,0.4273907319650035,23.455966811100048,True
vector_thrust,cruise_144,0.8412060941818821,1556.7949434203629,1225.6001461079964,63.56744565315798,0.6905856796886702,0.9205678606200751,0.028726736861153755,0.42739073196502236,23.483146866027163,True
vector_thrust,cruise_144,0.8414696654476292,1556.7949434206992,1225.6001461131264,63.56744565332955,0.6905856796895,0.9205678606200994,0.028726736861219865,0.4273907319651146,23.513314451051937,True
vector_thrust,cruise_144,0.8417073547201007,1556.7949434207706,1225.6001461142184,63.567445653374236,0.6905856796896761,0.9205678606201054,0.028726736861236567,0.4273907319651343,23.540494505979055,True
vector_thrust,cruise_144,0.8418719629294279,1556.7949434207742,1225.6001461142807,63.56744565337075,0.6905856796896852,0.9205678606201052,0.028726736861235044,0.4273907319651352,23.559303687588702,True
vector_thrust,cruise_144,0.8419307351313274,1556.7949434207733,1225.6001461142635,63.5674456533728,0.6905856796896831,0.9205678606201054,0.028726736861235242,0.42739073196513505,23.56601660678362,True
vector_thrust,cruise_145,0.8419298583441766,1556.7932969545245,1225.600043869114,63.56740373970142,0.6905860193662408,0.9205678195459704,0.02872677868289379,0.42739027995671974,23.56601660678362,True
vector_thrust,cruise_145,0.8419886418003237,1556.793296954523,1225.6000438690935,63.56740373970327,0.6905860193662361,0.9205678195459706,0.028726778682895093,0.4273902799567193,23.57272952597854,True
vector_thrust,cruise_145,0.8421534221522954,1556.7932969544843,1225.600043868504,63.567403739682774,0.6905860193661417,0.9205678195459678,0.028726778682887737,0.42739027995670875,23.591538707588192,True
vector_thrust,cruise_145,0.8423917105185745,1556.7932969545216,1225.600043869078,63.5674037397045,0.6905860193662348,0.9205678195459707,0.028726778682894267,0.4273902799567189,23.618718762515307,True
vector_thrust,cruise_145,0.8426564387647688,1556.7932969545222,1225.6000438690828,63.56740373970307,0.690586019366235,0.9205678195459706,0.028726778682894742,0.42739027995671913,23.64888634754008,True
vector_thrust,cruise_145,0.8429111389262618,1556.7932969533015,1225.6000438504684,63.567403739062506,0.69058601936323,0.9205678195458805,0.028726778682650587,0.427390279956384,23.6760664024672,True
vector_thrust,cruise_145,0.8431634780669406,1556.7932969544624,1225.6000438681724,63.567403739675186,0.6905860193660874,0.9205678195459666,0.02872677868288353,0.42739027995670276,23.694875584076847,True
vector_thrust,cruise_145,0.8432535942993891,1556.7932969544536,1225.600043868039,63.56740373966495,0.6905860193660671,0.9205678195459653,0.0287267786828806,0.42739027995670026,23.701588503271765,True
vector_thrust,cruise_146,0.8432526636188482,1556.7915520282943,1225.599935518176,63.5673593197626,0.6905863793581667,0.9205677760155208,0.02872682300573434,0.4273898009178445,23.701588503271765,True
vector_thrust,cruise_146,0.8433428092896261,1556.791552028172,1225.5999355163212,63.567359319695576,0.6905863793578678,0.9205677760155115,0.02872682300571027,0.42738980091781087,23.708301422466683,True
vector_thrust,cruise_146,0.843595551332924,1556.791552028174,1225.5999355163647,63.56735931969291,0.6905863793578746,0.9205677760155113,0.028726823005708352,0.4273898009178114,23.727110604076337,True
vector_thrust,cruise_146,0.8439611900575847,1556.7915520280053,1225.5999355137778,63.56735931961051,0.690586379357457,0.9205677760154994,0.028726823005676277,0.4273898009177652,23.754290659003452,True
vector_thrust,cruise_146,0.8443675952536756,1556.791552027698,1225.599935509098,63.56735931944509,0.6905863793567012,0.9205677760154763,0.028726823005613886,0.4273898009176807,23.784458244028222,True
vector_thrust,cruise_146,0.8447342746109485,1556.7915520281722,1225.5999355163226,63.56735931969578,0.6905863793578683,0.9205677760155115,0.028726823005709237,0.4273898009178109,23.811638298955344,True
vector_thrust,cruise_146,0.8449883143050128,1556.7915520281572,1225.5999355160898,63.56735931968553,0.6905863793578291,0.9205677760155102,0.02872682300570551,0.4273898009178068,23.83044748056499,True
vector_thrust,cruise_146,0.8450790374861655,1556.7915520281722,1225.5999355163226,63.56735931969578,0.6905863793578683,0.9205677760155115,0.028726823005708814,0.4273898009178109,23.83716039975991,True
vector_thrust,cruise_147,0.845078045710807,1556.7896965744103,1225.5998203078723,63.5673120861822,0.6905867621545472,0.920567729727676,0.02872687013623448,0.4273892915355414,23.83716039975991,True
vector_thrust,cruise_147,0.8451687987625048,1556.7896965744796,1225.599820308935,63.56731208621663,0.6905867621547195,0.9205677297276809,0.028726870136246974,0.4273892915355605,23.843873318954827,True
vector_thrust,cruise_147,0.84542324446082,1556.7896965744492,1225.5998203084657,63.56731208620023,0.6905867621546423,0.9205677297276786,0.028726870136241842,0.42738929153555216,23.86268250056448,True
vector_thrust,cruise_147,0.8457913497663886,1556.78969657441,1225.599820307886,63.56731208618199,0.6905867621545508,0.920567729727676,0.028726870136235042,0.4273892915355414,23.889862555491597,True
vector_thrust,cruise_147,0.8462004992244274,1556.78969657444,1225.599820308327,63.5673120861988,0.6905867621546213,0.9205677297276783,0.028726870136240854,0.42738929153554966,23.920030140516367,True
vector_thrust,cruise_147,0.8465696570091091,1556.7896965744123,1225.5998203079048,63.567312086180344,0.690586762154553,0.9205677297276759,0.02872687013623445,0.427389291535542,23.947210195443486,True
vector_thrust,cruise_147,0.8468254151312665,1556.7896965744108,1225.599820307876,63.56731208618076,0.6905867621545495,0.9205677297276758,0.028726870136233446,0.42738929153554156,23.966019377053136,True
vector_thrust,cruise_147,0.8469167522678875,1556.7896965744874,1225.5998203090496,63.567312086217456,0.690586762154737,0.9205677297276812,0.028726870136248348,0.42738929153556265,23.972732296248054,True
vector_thrust,cruise_148,0.8469156924881718,1556.7877175592328,1225.599718165554,63.56726241627623,0.6905871740882187,0.9205676804267896,0.028726920725944616,0.4273887482316536,23.972732296248054,True
vector_thrust,cruise_148,0.8470070595524937,1556.7877172495016,1225.599713443516,63.5672622195237,0.6905871733257789,0.920567680400547,0.02872692064846008,0.42738874814662237,23.979445215442972,True
vector_thrust,cruise_148,0.847263228283726,1556.7877173025804,1225.5997142526678,63.56726225509738,0.6905871734564276,0.9205676804052262,0.0287269206625769,0.42738874816119427,23.998254397052623,True
vector_thrust,cruise_148,0.8476338281973684,1556.7877173165414,1225.599714465385,63.567262267273954,0.6905871734907708,0.9205676804067334,0.028726920667564847,0.427388748165027,24.025434451979738,True
vector_thrust,cruise_148,0.8480457530655926,1556.7877172515455,1225.5997134743168,63.56726223079036,0.6905871733307481,0.9205676804016975,0.028726920653476536,0.4273887481471835,24.055602037004512,True
vector_thrust,cruise_148,0.8484174173830462,1556.7877171255839,1225.599711553748,63.567262156277856,0.6905871730206421,0.9205676803915647,0.02872692062445224,0.42738874811260297,24.08278209193163,True
vector_thrust,cruise_148,0.8486749133958871,1556.7877169894582,1225.5997094782347,63.56726207457918,0.6905871726855206,0.920567680380499,0.02872692059255529,0.4273887480752321,24.101591273541278,True
vector_thrust,cruise_148,0.8487668714476726,1556.7877169445221,1225.5997087930925,63.56726204774046,0.6905871725748938,0.920567680376859,0.028726920582083693,0.4273887480628956,24.108304192736195,True
vector_thrust,cruise_149,0.8487657313082996,1556.7855935196346,1225.5995655695488,63.56720763696315,0.6905876086601426,0.920567627368911,0.028726974358998843,0.4273881651138562,24.108304192736195,True
vector_thrust,cruise_149,0.8488577198950746,1556.7855935196583,1225.599565569914,63.56720763697114,0.6905876086602017,0.9205676273689123,0.028726974359002778,0.42738816511386263,24.115017111931117,True
vector_thrust,cruise_149,0.8491156311989846,1556.7855935196546,1225.5995655698548,63.56720763697544,0.6905876086601935,0.9205676273689126,0.028726974359003385,0.42738816511386163,24.133826293540768,True
vector_thrust,cruise_149,0.8494887541387555,1556.785593519757,1225.599565571415,63.567207637032425,0.6905876086604447,0.9205676273689204,0.028726974359025836,0.42738816511388966,24.161006348467883,True
vector_thrust,cruise_149,0.8499034862013491,1556.785593519655,1225.5995655698594,63.56720763697483,0.6905876086601936,0.9205676273689126,0.028726974359004415,0.4273881651138618,24.191173933492657,True
vector_thrust,cruise_149,0.8502776858992404,1556.7855935197015,1225.599565570572,63.56720763700209,0.6905876086603084,0.9205676273689162,0.028726974359014053,0.42738816511387445,24.218353988419775,True
vector_thrust,cruise_149,0.8505369399026135,1556.785593519673,1225.5995655701279,63.56720763698652,0.6905876086602364,0.920567627368914,0.02872697435900736,0.4273881651138667,24.237163170029422,True
vector_thrust,cruise_149,0.8506295260482779,1556.7855935196555,1225.599565569863,63.567207636974224,0.690587608660194,0.9205676273689125,0.028726974359003798,0.4273881651138619,24.24387608922434,True
vector_thrust,cruise_150,0.8506282960130163,1556.7833073432798,1225.5994236493548,63.567149439373644,0.6905880803289551,0.9205675703356128,0.02872703243122297,0.42738753748425734,24.24387608922434,True
vector_thrust,cruise_150,0.8507209129742349,1556.7833073434354,1225.599423651729,63.56714943945502,0.6905880803293367,0.9205675703356242,0.028727032431254008,0.4273875374843001,24.250589008419258,True
vector_thrust,cruise_150,0.8509805868463747,1556.7833073433328,1225.5994236501585,63.56714943939905,0.6905880803290849,0.9205675703356164,0.028727032431232667,0.42738753748427194,24.26939819002891,True
vector_thrust,cruise_150,0.8513562617355895,1556.7833073432794,1225.5994236493511,63.56714943937466,0.6905880803289555,0.9205675703356129,0.02872703243122286,0.42738753748425723,24.296578244956027,True
vector_thrust,cruise_150,0.8517738331410071,1556.7833073432816,1225.5994236493798,63.56714943937159,0.6905880803289606,0.9205675703356127,0.028727032431221967,0.42738753748425784,24.326745829980798,True
vector_thrust,cruise_150,0.8521505972294688,1556.7833073432814,1225.5994236493943,63.56714943937221,0.6905880803289624,0.9205675703356127,0.02872703243122191,0.42738753748425773,24.35392588490792,True
vector_thrust,cruise_150,0.8524116293149944,1556.7833073432823,1225.5994236494043,63.567149439371185,0.6905880803289637,0.9205675703356125,0.028727032431222134,0.4273875374842581,24.372735066517567,True
vector_thrust,cruise_150,0.8525048507394133,1556.7833073433706,1225.599423650741,63.56714943941587,0.6905880803291786,0.9205675703356189,0.0287270324312395,0.42738753748428226,24.379447985712485,True
vector_thrust,cruise_151,0.85250351566813,1556.7808314061563,1225.5992699624862,63.567086411428804,0.6905885911521522,0.9205675085682351,0.02872709532400644,0.4273868577591696,24.379447985712485,True
vector_thrust,cruise_151,0.8525967682240678,1556.7808314061542,1225.5992699624544,63.567086411430644,0.6905885911521465,0.9205675085682353,0.02872709532400581,0.42738685775916907,24.386160904907403,True
vector_thrust,cruise_151,0.852858224927626,1556.780831406196,1225.5992699631024,63.56708641145258,0.6905885911522522,0.9205675085682383,0.028727095324014556,0.42738685775918056,24.404970086517054,True
vector_thrust,cruise_151,0.853236481129817,1556.7808314061638,1225.5992699626113,63.56708641143413,0.6905885911521702,0.9205675085682358,0.02872709532400909,0.4273868577591716,24.43215014144417,True
vector_thrust,cruise_151,0.853656924583601,1556.780831406161,1225.5992699625658,63.56708641143967,0.6905885911521624,0.9205675085682363,0.02872709532401011,0.4273868577591709,24.462317726468942,True
vector_thrust,cruise_151,0.8540362826332629,1556.7808314061524,1225.5992699624321,63.567086411432285,0.6905885911521426,0.9205675085682354,0.02872709532400827,0.42738685775916857,24.48949778139606,True
vector_thrust,cruise_151,0.8542991133222951,1556.780831406155,1225.5992699624649,63.56708641142962,0.6905885911521468,0.9205675085682352,0.028727095324005913,0.42738685775916924,24.508306963005708,True
vector_thrust,cruise_151,0.8543929773608742,1556.7808314062368,1225.5992699637227,63.567086411470406,0.6905885911523506,0.920567508568241,0.028727095324022362,0.4273868577591917,24.51501988220063,True
vector_thrust,cruise_152,0.8543915189260105,1556.7781326679944,1225.599102461173,63.567017712116375,0.6905891479474732,0.9205674412424908,0.028727163876720516,0.4273861168679667,24.51501988220063,True
vector_thrust,cruise_152,0.8544854144108518,1556.778132668033,1225.599102461745,63.56701771213891,0.6905891479475663,0.920567441242494,0.02872716387672927,0.42738611686797734,24.521732801395547,True
vector_thrust,cruise_152,0.854748674527546,1556.7781326680847,1225.5991024625305,63.56701771216351,0.6905891479476937,0.9205674412424975,0.02872716387673821,0.42738611686799144,24.5405419830052,True
vector_thrust,cruise_152,0.8551295418687115,1556.7781326680326,1225.5991024617415,63.56701771213953,0.6905891479475667,0.920567441242494,0.0287271638767291,0.4273861168679772,24.567722037932313,True
vector_thrust,cruise_152,0.8555528905926169,1556.77813266803,1225.599102461703,63.567017712142,0.6905891479475593,0.9205674412424942,0.02872716387672963,0.4273861168679764,24.597889622957087,True
vector_thrust,cruise_152,0.8559348726415253,1556.7781326680329,1225.5991024617406,63.567017712139126,0.6905891479475654,0.920567441242494,0.028727163876728787,0.42738611686797723,24.625069677884206,True
vector_thrust,cruise_152,0.8561995227802561,1556.778132668035,1225.5991024617788,63.56701771213667,0.6905891479475721,0.9205674412424938,0.028727163876727965,0.4273861168679778,24.643878859493853,True
vector_thrust,cruise_152,0.8562940368846245,1556.7781326680335,1225.599102461764,63.56701771213871,0.6905891479475682,0.920567441242494,0.028727163876728773,0.42738611686797745,24.65059177868877,True
vector_thrust,cruise_153,0.856292431588714,1556.7751687724717,1225.5989185236708,63.56694226338417,0.6905897594556397,0.9205673673016824,0.02872723916545117,0.4273853031824635,24.65059177868877,True
vector_thrust,cruise_153,0.8563869774505606,1556.775168772424,1225.598918522937,63.56694226335424,0.6905897594555201,0.9205673673016783,0.02872723916543949,0.4273853031824503,24.65730469788369,True
vector_thrust,cruise_153,0.8566520618828214,1556.775168772419,1225.598918522872,63.56694226335895,0.6905897594555102,0.9205673673016788,0.0287272391654411,0.42738530318244894,24.676113879493343,True
vector_thrust,cruise_153,0.8570355706543484,1556.7751687724208,1225.5989185228912,63.56694226335691,0.6905897594555124,0.9205673673016785,0.028727239165440035,0.42738530318244944,24.703293934420458,True
vector_thrust,cruise_153,0.8574618583893061,1556.775168772422,1225.5989185229137,63.56694226335568,0.6905897594555173,0.9205673673016784,0.028727239165439955,0.4273853031824498,24.73346151944523,True
vector_thrust,cruise_153,0.857846494945727,1556.775168772446,1225.598918523271,63.56694226337105,0.6905897594555741,0.9205673673016805,0.028727239165445815,0.42738530318245643,24.76064157437235,True
vector_thrust,cruise_153,0.8581129857071863,1556.7751687725142,1225.5989185243093,63.56694226340897,0.6905897594557412,0.9205673673016858,0.028727239165459363,0.42738530318247514,24.779450755981998,True
vector_thrust,cruise_153,0.8582081574459327,1556.775168772437,1225.598918523131,63.56694226336531,0.690589759455552,0.9205673673016798,0.02872723916544344,0.42738530318245394,24.786163675176915,True
vector_thrust,cruise_154,0.8582063744925474,1556.7718842116433,1225.5987147070618,63.56685865220505,0.6905904371301561,0.9205672853609804,0.028727322600306932,0.4273844014639278,24.786163675176915,True
vector_thrust,cruise_154,0.8583015782937679,1556.7718842117372,1225.5987147084886,63.56685865225322,0.6905904371303866,0.9205672853609873,0.02872732260032679,0.4273844014639537,24.792876594371833,True
vector_thrust,cruise_154,0.8585685082641654,1556.771884211643,1225.5987147070455,63.56685865220566,0.6905904371301541,0.9205672853609805,0.02872732260030748,0.42738440146392775,24.811685775981484,True
vector_thrust,cruise_154,0.8589546892219517,1556.7718842116594,1225.5987147073045,63.56685865221591,0.6905904371301953,0.9205672853609819,0.028727322600311724,0.42738440146393225,24.838865830908603,True
vector_thrust,cruise_154,0.8593839502273072,1556.7718842116424,1225.5987147070414,63.566858652206484,0.6905904371301517,0.9205672853609805,0.028727322600307977,0.42738440146392764,24.869033415933373,True
vector_thrust,cruise_154,0.8597712722690614,1556.7718842116453,1225.5987147070946,63.566858652203415,0.69059043713016,0.9205672853609803,0.02872732260030713,0.4273844014639284,24.896213470860495,True
vector_thrust,cruise_154,0.8600396251525031,1556.7718842116506,1225.5987147071617,63.56685865220915,0.6905904371301715,0.920567285360981,0.028727322600309402,0.4273844014639299,24.915022652470142,True
vector_thrust,cruise_154,0.860135462211126,1556.7718842116774,1225.598714707574,63.56685865222227,0.690590437130238,0.920567285360983,0.028727322600313764,0.42738440146393725,24.92173557166506,True
vector_thrust,cruise_155,0.8601334601623852,1556.7682043041475,1225.5984863882286,63.5667649777616,0.690591196382449,0.920567193557234,0.028727416078621556,0.4273833912099026,24.92173557166506,True
vector_thrust,cruise_155,0.8602293295774253,1556.768204304177,1225.5984863886742,63.56676497777923,0.6905911963825205,0.9205671935572365,0.02872741607862768,0.42738339120991065,24.928448490859978,True
vector_thrust,cruise_155,0.8604981266244633,1556.7682043041482,1225.5984863882286,63.56676497776344,0.6905911963824515,0.9205671935572344,0.028727416078622454,0.42738339120990265,24.94725767246963,True
vector_thrust,cruise_155,0.8608870109827386,1556.768204304146,1225.5984863882002,63.56676497776324,0.6905911963824456,0.9205671935572343,0.028727416078621403,0.4273833912099021,24.974437727396744,True
vector_thrust,cruise_155,0.8613192800294093,1556.7682043041484,1225.5984863882427,63.56676497776058,0.6905911963824499,0.920567193557234,0.02872741607862088,0.42738339120990276,25.004605312421518,True
vector_thrust,cruise_155,0.8617093189978571,1556.7682043042116,1225.5984863892056,63.566764977793575,0.6905911963826059,0.9205671935572388,0.028727416078634452,0.42738339120992014,25.031785367348636,True
vector_thrust,cruise_155,0.861979555824765,1556.7682043041468,1225.5984863882095,63.56676497776365,0.6905911963824473,0.9205671935572343,0.02872741607862188,0.4273833912099023,25.050594548958284,True
vector_thrust,cruise_155,0.8620760660037978,1556.7682043041896,1225.5984863888607,63.566764977783734,0.6905911963825502,0.9205671935572373,0.02872741607862994,0.4273833912099141,25.057307468153205,True
vector_thrust,cruise_156,0.8620737872800566,1556.764025290418,1225.5982269912424,63.56665859410613,0.6905920585978822,0.9205670893013477,0.02872752223422202,0.4273822439350194,25.057307468153205,True
vector_thrust,cruise_156,0.862170330080001,1556.7640252751244,1225.598226758025,63.566658586098626,0.6905920585602258,0.9205670893002192,0.028727522231167334,0.4273822439308208,25.064020387348123,True
vector_thrust,cruise_156,0.862441016052024,1556.7640252815356,1225.5982268557857,63.56665858945434,0.6905920585760125,0.9205670893006921,0.028727522232446904,0.42738224393258095,25.082829568957774,True
vector_thrust,cruise_156,0.8628326354806161,1556.7640252977565,1225.5982271031526,63.566658597950514,0.6905920586159507,0.9205670893018894,0.028727522235687756,0.42738224393703406,25.11000962388489,True
vector_thrust,cruise_156,0.863267947824623,1556.764025286281,1225.5982269281546,63.56665859194217,0.6905920585876956,0.9205670893010426,0.028727522233395763,0.42738224393388363,25.140177208909662,True
vector_thrust,cruise_156,0.8636607356111807,1556.7640252893216,1225.5982269745289,63.566658593534854,0.6905920585951845,0.920567089301267,0.02872752223400358,0.4273822439347184,25.16735726383678,True
vector_thrust,cruise_156,0.8639328785158341,1556.764025290993,1225.598227000007,63.566658594408885,0.6905920585992967,0.9205670893013902,0.0287275222343371,0.4273822439351773,25.18616644544643,True
vector_thrust,cruise_156,0.8640300697107267,1556.7640252701633,1225.5982266823698,63.56665858350298,0.690592058548011,0.9205670892998533,0.028727522230176165,0.4273822439294589,25.192879364641346,True
vector_thrust,cruise_157,0.8640274311094336,1556.7591972037326,1225.5979276757837,63.56653569874864,0.6905930548022418,0.9205669688533443,0.028727644883724462,0.42738091846854664,25.192879364641346,True
vector_thrust,cruise_157,0.8641246477591616,1556.7591878201529,1225.5977845806262,63.566530784726226,0.690593031697397,0.920566968160895,0.028727643009248963,0.42738091589244953,25.199592283836264,True
vector_thrust,cruise_157,0.8643972446069235,1556.7591876559823,1225.5977820771218,63.56653069875744,0.6905930312931684,0.9205669681487808,0.02872764297645565,0.4273809158473793,25.21840146544592,True
vector_thrust,cruise_157,0.8647916387016514,1556.7591972037326,1225.5979276757837,63.56653569874454,0.6905930548022418,0.920566968853344,0.028727644883723733,0.42738091846854664,25.245581520373033,True
vector_thrust,cruise_157,0.8652300300871177,1556.759197203758,1225.5979276761623,63.566535698758074,0.6905930548023024,0.9205669688533459,0.028727644883729392,0.4273809184685536,25.275749105397804,True
vector_thrust,cruise_157,0.8656255989913892,1556.7591972037324,1225.5979276757773,63.56653569874127,0.6905930548022408,0.9205669688533437,0.028727644883723376,0.42738091846854664,25.302929160324926,True
vector_thrust,cruise_157,0.8658996703933313,1556.7591972037326,1225.5979276757837,63.56653569874823,0.6905930548022418,0.9205669688533443,0.028727644883724462,0.42738091846854664,25.321738341934573,True
vector_thrust,cruise_157,0.8659975506526391,1556.7591972037349,1225.597927675808,63.56653569874311,0.6905930548022463,0.9205669688533439,0.028727644883723147,0.4273809184685473,25.32845126112949,True
vector_thrust,cruise_158,0.8659944254356498,1556.753491772601,1225.597573455428,63.56639045346826,0.6905942319528613,0.9205668265154727,0.028727789813921552,0.4273793521425524,25.32845126112949,True
vector_thrust,cruise_158,0.8660923350638436,1556.7534917476635,1225.5975730751456,63.5663904404109,0.6905942318914607,0.9205668265136326,0.02872778980894131,0.4273793521357063,25.33516418032441,True
vector_thrust,cruise_158,0.8663668692684506,1556.7534917661108,1225.59757335648,63.56639045006581,0.6905942319368861,0.9205668265149933,0.028727789812623774,0.42737935214077066,25.35397336193406,True
vector_thrust,cruise_158,0.8667640514055184,1556.7534917772543,1225.5975735263985,63.56639045590116,0.6905942319643197,0.9205668265158157,0.02872778981485142,0.42737935214383,25.381153416861178,True
vector_thrust,cruise_158,0.8672055623116426,1556.7534917794574,1225.5975735599984,63.56639045705498,0.6905942319697467,0.9205668265159782,0.02872778981529064,0.4273793521444347,25.41132100188595,True
vector_thrust,cruise_158,0.8676039393440415,1556.7534917711914,1225.597573433942,63.566390452725415,0.6905942319493943,0.9205668265153683,0.028727789813639857,0.4273793521421655,25.438501056813067,True
vector_thrust,cruise_158,0.8679984319049201,1556.753491763814,1225.597573321431,63.566390448864844,0.6905942319312282,0.920566826514824,0.02872778981216602,0.42737935214014017,25.457310238422718,True
vector_thrust,cruise_158,0.8681441388165251,1556.7534917755502,1225.5975735004058,63.566390455008886,0.690594231960123,0.92056682651569,0.028727789814509644,0.42737935214336215,25.464023157617635,True
vector_thrust,cruise_159,0.8683371537275252,1557.1049876297277,1225.6195112264536,63.57534058925626,0.6905217505262742,0.9205755943350108,0.028718864482041778,0.42747584916182596,25.464023157617635,True
vector_thrust,cruise_159,0.8684830554034952,1557.1049876214797,1225.6195111010686,63.57534059140566,0.6905217505060316,0.9205755943350362,0.02871886448331598,0.4274758491595616,25.470736076812553,True
vector_thrust,cruise_159,0.8688922689713703,1557.104987614254,1225.6195109908163,63.57534058815716,0.6905217504882234,0.9205755943345558,0.028718864482116285,0.4274758491575779,25.489545258422204,True
vector_thrust,cruise_159,0.8694846597303765,1557.1049876073387,1225.6195108853356,63.57534058460774,0.6905217504711915,0.9205755943340528,0.028718864480767103,0.42747584915567943,25.51672531334932,True
vector_thrust,cruise_159,0.8701436358812936,1557.1049875868252,1225.6195105728023,63.57534057157087,0.6905217504207215,0.920575594332315,0.0287188644756348,0.42747584915004777,25.546892898374093,True
vector_thrust,cruise_159,0.8707386840755529,1557.104987583232,1225.6195105182178,63.575340567159735,0.6905217504119094,0.920575594331802,0.0287188644737746,0.42747584914906134,25.57407295330121,True
vector_thrust,cruise_159,0.8711512114190632,1557.1049875609142,1225.6195101778612,63.5753405512384,0.690521750356946,0.920575594329741,0.02871886446740532,0.42747584914293435,25.59288213491086,True
vector_thrust,cruise_159,0.8712985878948484,1557.104987574827,1225.6195103897637,63.575340561533466,0.6905217503911604,0.9205755943310622,0.028718864471542614,0.4274758491467539,25.599595054105777,True
vector_thrust,cruise_160,0.8710278953285229,1556.6137084249367,1225.5889285097726,63.562832733254574,0.6906230813155845,0.9205633390714134,0.02873134139363349,0.42734097707746943,25.599595054105777,True
vector_thrust,cruise_160,0.8711751812501684,1556.6137084350105,1225.5889286633874,63.56283273851495,0.6906230813403869,0.9205633390721555,0.02873134139563898,0.42734097708023494,25.606307973300698,True
vector_thrust,cruise_160,0.8715882798782895,1556.613708434533,1225.588928656115,63.56283273825688,0.6906230813392094,0.9205633390721194,0.028731341395540653,0.4273409770801039,25.62511715491035,True
vector_thrust,cruise_160,0.8721863017349077,1556.6137084343943,1225.5889286539918,63.56283273818432,0.6906230813388664,0.9205633390721091,0.028731341395513053,0.42734097708006574,25.652297209837464,True
vector_thrust,cruise_160,0.8728515516214151,1556.6137084352417,1225.588928666914,63.56283273863835,0.6906230813409553,0.9205633390721727,0.02873134139568671,0.4273409770802985,25.682464794862238,True
vector_thrust,cruise_160,0.8734522736894949,1556.6137084354966,1225.5889286707989,63.56283273876421,0.6906230813415837,0.9205633390721908,0.028731341395734068,0.42734097708036844,25.709644849789356,True
vector_thrust,cruise_160,0.8738687394509296,1556.6137084355178,1225.588928671121,63.56283273877794,0.690623081341636,0.9205633390721926,0.02873134139573925,0.4273409770803742,25.728454031399004,True
vector_thrust,cruise_160,0.874017523888167,1556.6137084351565,1225.5889286656115,63.562832738576645,0.6906230813407433,0.9205633390721647,0.02873134139566183,0.4273409770802751,25.73516695059392,True
vector_thrust,cruise_161,0.8737550399460028,1556.1389471705434,1225.5598999803874,63.55075586948805,0.6907211704295043,0.9205514915337037,0.028743413061724826,0.42721063970652573,25.73516695059392,True
vector_thrust,cruise_161,0.874049059698246,1556.1389471705359,1225.5598999802764,63.55075586948662,0.6907211704294881,0.9205514915337034,0.028743413061723868,0.42721063970652373,25.748436831471476,True
vector_thrust,cruise_161,0.8748745257672915,1556.1389471705452,1225.5598999804129,63.55075586948723,0.6907211704295091,0.9205514915337036,0.028743413061725155,0.42721063970652623,25.785618211451936,True
vector_thrust,cruise_161,0.876071651703456,1556.138947170546,1225.5598999804383,63.55075586948743,0.690721170429514,0.9205514915337036,0.028743413061724777,0.4272106397065265,25.839346862230467,True
vector_thrust,cruise_161,0.877406342863298,1556.1389471705456,1225.5598999804245,63.55075586948764,0.6907211704295103,0.9205514915337036,0.028743413061725384,0.4272106397065264,25.89898116558172,True
vector_thrust,cruise_161,0.8786142877334074,1556.138947170533,1225.5598999802346,63.5507558694817,0.6907211704294784,0.920551491533703,0.028743413061721432,0.4272106397065229,25.95270981636025,True
vector_thrust,cruise_161,0.8794532451875888,1556.1389471705454,1225.5598999804213,63.55075586948785,0.690721170429509,0.9205514915337037,0.028743413061725273,0.42721063970652634,25.98989119634071,True
vector_thrust,cruise_161,0.8797532693121114,1556.1389471705447,1225.559899980424,63.55075586948805,0.6907211704295109,0.9205514915337037,0.02874341306172456,0.42721063970652606,26.003161077218266,True
vector_thrust,decel_descend,0.9775793513965215,1958.2980062533386,-701.9088267881887,-2.989349433281971,5.673567493351388,-inf,-0.0008537554338168595,0.5376163520029268,26.003161077218266,False
vector_thrust,decel_descend,1.0076879990928935,2039.37337568846,205.12161334693857,18.420794804593797,0.25648432379796715,0.8572014823619658,0.004842465418973352,0.559758667228991,26.121998435735364,False
vector_thrust,decel_descend,0.9587389465673555,2014.6628883222916,-88.7513008520807,11.645387976206191,-0.17881593226026227,0.797343148486778,0.003121515081593156,0.5526568928985619,26.45497331498779,False
vector_thrust,decel_descend,1.0139760863950595,2027.9285648064126,100.68035475935524,16.232350932499095,0.14349028257501448,0.8427193472370647,0.0042639382689611495,0.5558323679343816,26.93613595647069,False
vector_thrust,decel_descend,1.081351112166347,2020.7453451723081,17.239804219549935,14.466723740478932,0.026092080056960187,0.8282128502468021,0.003797235794172185,0.5533522087953976,27.470186197965845,False
vector_thrust,decel_descend,1.0146126705985714,2014.0003071882034,-106.03489025410956,11.662007713364307,-0.21161102820335884,0.7975596745433572,0.0030598772589682426,0.5510472268243777,27.951348839448745,False
vector_thrust,decel_descend,1.0096901652233208,2003.4385809192397,-246.02013761571544,8.410503172852042,-0.6841333438012422,0.7421647561987572,0.002219205592371354,0.5478428589969875,28.28432371870117,False
vector_thrust,decel_descend,1.00093581786656,1972.4935532488937,-608.3097581616273,-0.19340212475479987,87.39854648257439,-0.07234972132463194,-5.25534079855757e-05,0.5392704869407984,28.403161077218268,False
vector_thrust,arrival_terminal_procedure,2.408441046643916,1781.2396704496578,631.0162979557309,18.4907089698823,0.3491347493978679,0.8564203808331823,0.0061614038462574384,0.4869825723179169,28.403161077218268,False
vector_thrust,arrival_terminal_procedure,2.2782372864100155,1832.601272788189,989.7058392160176,22.178243321147946,0.4599075057515209,0.8746076360052383,0.006981713223605392,0.5010245935237851,28.442349241857006,False
vector_thrust,arrival_terminal_procedure,2.6625730569157833,1828.5409514875257,993.6960788017038,20.786278926666345,0.42371408626810114,0.8685416536830433,0.006572615071211962,0.4999145207221082,28.55215203915521,False
vector_thrust,arrival_terminal_procedure,1.5489284383347026,1880.226849726277,1454.506302618573,33.750400527639336,0.6321656280611755,0.9054909909685052,0.010093208870893015,0.5140452029062272,28.71082167846504,False
vector_thrust,arrival_terminal_procedure,3.0815393260118484,1820.7683532041185,1017.1999402266946,19.847590105354815,0.3956339535272369,0.8639602463041708,0.006329497308549048,0.4977895288030297,28.886931691765763,False
vector_thrust,arrival_terminal_procedure,3.774604042409414,1812.8581212918536,900.8641096772533,17.7626738842662,0.3226887594625399,0.852215568524889,0.005714148718765865,0.49562690849528995,29.045601331075595,False
vector_thrust,arrival_terminal_procedure,3.514545359179566,1810.1925509518753,898.7695406904301,18.149162128143438,0.3384245122982729,0.8545621876815238,0.005855687116921374,0.4948981540652198,29.1554041283738,False
vector_thrust,arrival_terminal_procedure,4.672955911062896,1808.9542509282212,994.6625681929719,16.867068613892336,0.29882158818689736,0.8463444553898433,0.005449482652278743,0.4945596086460802,29.194592293012537,False
vector_thrust,second_descent,0.9985610430945345,1795.1383105777065,-1324.5958663795357,-16.97064872699388,1.7669616793267036,-inf,-0.0055676694458816015,0.4907823953476665,29.194592293012537,False
vector_thrust,second_descent,0.9705113122532262,1895.9723656733104,-663.3682270384872,-2.360962361229517,6.768943414103574,-4.699582342476614,-0.000694125916771658,0.5183278506308939,29.219350076036932,False
vector_thrust,second_descent,0.9708338431703294,1896.3701624386924,-661.8411693541536,-2.09748384623172,6.862253112792741,-2.738163475577896,-0.0006157777742689521,0.5183746738821485,29.288719842547852,False
vector_thrust,second_descent,0.9707701995017937,1895.606741532999,-673.7370161498045,-2.5416783675701695,6.376872046034668,-7.903512819283933,-0.0007456890771548165,0.5180765784736159,29.388962059523458,False
vector_thrust,second_descent,0.9725010105630054,1900.4164192003886,-621.5317854343023,-1.2416200764505434,11.934868635144854,-0.7650738857202786,-0.00036184040231673027,0.5192916422539297,29.500222526501616,False
vector_thrust,second_descent,0.9730212251562556,1900.955111844017,-618.8605329566088,-1.1560862087325359,12.756213408412915,-0.6766483363246776,-0.00033622879195433164,0.5193492719596072,29.60046474347722,False
vector_thrust,second_descent,0.9732349202378612,1901.2598152388566,-617.6431942104119,-1.1122551648885963,13.234310688838386,-0.6346848710550206,-0.0003230493533886281,0.5193705516202137,29.66983450998814,False
vector_thrust,second_descent,0.973396149885964,1901.4091059891284,-616.8232870799364,-1.0880197835112597,13.51796785275275,-0.6123722337572008,-0.0003158462052500887,0.5193892215866235,29.694592293012537,False
vector_thrust,hover_descent,0.0,-2.6481504092840966,0.0,2.323245844696914e-06,6.918868018529693e-16,-inf,0.00034766941086573097,-0.000723369197817563,29.694592293012537,False
vector_thrust,hover_descent,0.0,-2.6481465038435106,0.0,-1.8993732467125308e-06,6.918878222354077e-16,inf,-0.00028421764633618793,-0.0007233619722567413,29.705578603409393,False
vector_thrust,hover_descent,0.0,-2.6481619852771487,0.0,1.4839377680389187e-05,6.918837773859795e-16,-inf,0.002220224428562975,-0.0007233489454267422,29.736361561087605,False
vector_thrust,hover_descent,0.0,-2.6481465003991502,0.0,-1.9030973393952783e-06,6.918878231339845e-16,inf,-0.0002846204639052484,-0.0007233197828027379,29.780844223750808,False
vector_thrust,hover_descent,0.0,-2.648138904539283,0.0,-1.0115851362563283e-05,6.918898077279321e-16,inf,-0.0015125898910522358,-0.0007232900376837869,29.830216254514493,False
vector_thrust,hover_descent,0.0,-2.648155899503432,0.0,8.259350738481829e-06,6.918853674137587e-16,-inf,0.0012346158928057298,-0.000723269751934031,29.874698917177692,False
vector_thrust,hover_descent,0.0,-2.6482158443753723,0.0,7.307261701752516e-05,6.91869705933644e-16,-inf,0.010920282103453551,-0.0007232688748636395,29.90548187485591,False
vector_thrust,hover_descent,0.0,-2.648172429539794,0.0,2.613186616302795e-05,6.918810486270616e-16,-inf,0.003905102519315073,-0.0007232508617778959,29.91646818525276,False
