eVTOL_type,mission_segment,SOC,battery_energy_kw_h,battery_power_kw,voltage_v,voltage_oc_v,current_a,C_Rating_instant,C_Rating_nominal,specific_power,time_min,fesibility
vector_thrust,hover_climb,1.0,37.50000000000001,184.65037985166921,344.36687006446965,415.2368700644696,606.9992475188154,5.574144826654472,5.574144826654472,923.251899258346,0.0,True
vector_thrust,hover_climb,0.9993578276047086,37.47591853517658,184.64782442091425,344.4052077450063,415.273349166003,606.9707295058407,5.578085564317232,5.573882942417978,923.2391221045713,0.006663642645249754,True
vector_thrust,hover_climb,0.9975585824089093,37.4084468403341,184.6424136578866,344.5098471735453,415.3728169944129,606.8965782402311,5.589161408173081,5.5732020027046625,923.2120682894331,0.025334754430893412,True
vector_thrust,hover_climb,0.9949587633614456,37.310953626054214,184.6391404620092,344.6538278346385,415.5094181496171,606.804375424712,5.6052561087823145,5.5723552935048914,923.195702310046,0.05231529268162543,True
vector_thrust,hover_climb,0.992073316110112,37.2027493541292,184.641783575173,344.8036536428923,415.65118273196003,606.722669196795,5.623245505208966,5.571604975692289,923.208917875865,0.08226143090230165,True
vector_thrust,hover_climb,0.9894736441448674,37.105261655432535,184.64980428191635,344.92967093468104,415.7700534768878,606.6675853581648,5.639568116445075,5.571099134382951,923.2490214095818,0.10924196915303365,True
vector_thrust,hover_climb,0.9876745826081478,37.037796847805545,184.65847832709025,345.0119088199533,415.84741027106,606.6397261889252,5.650928179084054,5.5708433003852535,923.2923916354512,0.12791308093867731,True
vector_thrust,hover_climb,0.9870324920345551,37.01371845129583,184.66219199965659,345.0402763086963,415.8740484744227,606.6318126038186,5.654995417817552,5.57077062901101,923.3109599982829,0.13457672358392708,True
vector_thrust,second_climb,0.9870324920345551,37.01371845129583,59.76711533079446,344.7892487615474,415.6169922460338,296.59235796604196,2.7628095898035188,2.7628095898035188,298.83557665397234,0.13457672358392708,True
vector_thrust,second_climb,0.9862897670439087,36.98586626414659,59.77740854036866,344.7911516240567,415.61685289345075,296.6315682454978,2.765270908973127,2.763174840401486,298.8870427018433,0.15933450660832227,True
vector_thrust,second_climb,0.9842079697585528,36.90779886594574,59.80686652260507,344.7935821485438,415.6136113287928,296.74440769593207,2.772193694987141,2.7642259595803678,299.03433261302536,0.2287042731192436,True
vector_thrust,second_climb,0.9811977314357005,36.79491492883878,59.8510463393945,344.78953376532684,415.60149696264494,296.91523300199674,2.782266651589529,2.7658172271268855,299.2552316969725,0.32894649009484833,True
vector_thrust,second_climb,0.9778537976055761,36.66951741020911,59.902323610688576,344.77456224073245,415.5777534927283,297.11563149433124,2.7935440392465387,2.7676839740660206,299.5116180534429,0.4402069570730054,True
vector_thrust,second_climb,0.9748383579635228,36.556438423632116,59.95055353032272,344.7516171452147,415.5470680098591,297.30596130727383,2.8037936781427732,2.769456929498957,299.7527676516136,0.5404491740486101,True
vector_thrust,second_climb,0.9727500741282114,36.478127779807934,59.9850626358781,344.73048209982096,415.5206669066318,297.443126021592,2.8109368125921153,2.770734642757315,299.9253131793905,0.6098189405595313,True
vector_thrust,second_climb,0.9720044621330483,36.45016732998931,59.997604055782254,344.7218966705776,415.51021997046246,297.4931632943015,2.8134962061742486,2.7712007486874795,299.9880202789113,0.6345767235839266,True
vector_thrust,departure_terminal_procedures,0.9720044621330483,36.45016732998931,51.07602296636756,345.28324690093825,414.680546157373,235.2998715884199,2.228936370082976,2.228936370082976,255.38011483183783,0.6345767235839266,True
vector_thrust,departure_terminal_procedures,0.9710109298735593,36.41290987025848,51.08535948785381,345.2321942743586,414.63972478354316,235.34289517126308,2.231295010378108,2.229343921638032,255.42679743926902,0.6745266558446051,True
vector_thrust,departure_terminal_procedures,0.9682260119979541,36.308475449923286,51.11230371641003,345.0843988425984,414.52175151925803,235.4670567069728,2.2379349918734586,2.2305200725676544,255.56151858205016,0.7864638785886474,True
vector_thrust,departure_terminal_procedures,0.9641988367711485,36.15745637891808,51.15328660131377,344.8584595629367,414.34192209555175,235.65590969314474,2.247612031997483,2.2323090293003367,255.7664330065689,0.9482178520316504,True
vector_thrust,departure_terminal_procedures,0.9597247659344039,35.989678722540155,51.20162079512188,344.5905732272147,414.1294046299298,235.87863820290676,2.2584684841737195,2.234418880328778,256.0081039756094,1.1277512179509288,True
vector_thrust,departure_terminal_procedures,0.9556897809110848,35.838366784165686,51.2477469661746,344.3338004898694,413.92631196255616,236.09119193323215,2.2683560852575146,2.236432348236435,256.238734830873,1.2895051913939315,True
vector_thrust,departure_terminal_procedures,0.952894994894516,35.73356230854436,51.28658963430304,344.10974810567313,413.7489711296493,236.27018260710958,2.2752523893307246,2.238127881770805,256.4329481715152,1.401442414137974,True
vector_thrust,departure_terminal_procedures,0.9518969512375666,35.696135671408754,51.30308927574135,344.011793259922,413.67130030427313,236.3462145018473,2.2777223234866177,2.2388481127438316,256.51544637870677,1.4413923463986524,True
vector_thrust,accel_climb,0.9518969512375666,35.696135671408754,66.78386155595734,343.1398542494282,413.87215253031826,309.70383221010064,2.9771213563092465,2.9771213563092465,333.91930777978666,1.4413923463986524,True
vector_thrust,accel_climb,0.9479224468498568,35.54709175686964,66.85992969992301,342.8698702416779,413.5941188495513,310.0247331227059,2.9903470231696354,2.980206112972923,334.29964849961505,1.5602297049157494,True
vector_thrust,accel_climb,0.9367600397789183,35.12850149170944,67.072228791721,342.1252075680856,412.828354321348,310.9173828670466,3.028101673366822,2.988786977467289,335.361143958605,1.8932045841681717,True
vector_thrust,accel_climb,0.9205774850291817,34.52165568859432,67.23564332751229,341.4805584855668,412.15705036445627,311.53606790464636,3.081645660802543,2.9947342737119724,336.1782166375615,2.374367225651074,True
vector_thrust,accel_climb,0.9025903909629459,33.84713966111048,67.28812968013777,341.6753331100182,412.32765684206544,311.65536698297063,3.1460546561865024,2.995881072030006,336.4406484006889,2.908417467146229,True
vector_thrust,accel_climb,0.8863705280405535,33.238894801520765,67.36399944759522,341.7357088545344,412.3711655955617,311.88638987519,3.2065661978990736,2.9981018491554114,336.8199972379761,3.389580108629131,True
vector_thrust,accel_climb,0.8751330520731734,32.81748945274401,67.43238930483766,341.7137123049431,412.3402233528013,312.11458842683123,3.2499084011115342,3.0002954764564427,337.1619465241883,3.7225549878815536,True
vector_thrust,accel_climb,0.8711194591048534,32.66697971643201,67.45996907489382,341.69321415822134,412.3170737226092,312.209685078271,3.2656808713803067,3.001209621657341,337.2998453744691,3.8413923463986506,True
vector_thrust,cruise_0,0.8711194591048534,32.66697971643201,61.95784115123198,341.0944092178781,411.71280692476074,263.92500913834203,2.7557902766438693,2.7557902766438693,309.7892057561599,3.8413923463986506,True
vector_thrust,cruise_0,0.8709163521256975,32.659363204713664,61.95879645433485,341.0903904104162,411.7086961445592,263.92907648421266,2.756442958620447,2.755832746102291,309.7939822716742,3.8481052655935692,True
vector_thrust,cruise_0,0.8703472411273913,32.63802154227718,61.9614689597096,341.0790556698173,411.69710779750676,263.94046298864,2.758272702057252,2.7559516390343712,309.807344798548,3.86691444720322,True
vector_thrust,cruise_0,0.8695248049654641,32.60718018620491,61.96536979885809,341.0624830244798,411.68017934538017,263.95708300291784,2.7609212948429387,2.7561251780024825,309.82684899429046,3.8940945021303377,True
vector_thrust,cruise_0,0.8686119039913568,32.572946399675885,61.96975376024404,341.04382095861735,411.66113712712905,263.9757613311801,2.7638673265904337,2.756320208990933,309.8487688012202,3.9242620871551086,True
vector_thrust,cruise_0,0.8677893487061511,32.54210057648067,61.9737524240244,341.02676567657215,411.6437526432994,263.99279804260453,2.7665273133426673,2.7564980989296046,309.86876212012197,3.951442142082227,True
vector_thrust,cruise_0,0.8672200891638979,32.52075334364618,61.97654668218802,341.0148290967804,411.631595632992,264.0047032652959,2.7683712555309192,2.756622408092428,309.88273341094015,3.9702513236918775,True
vector_thrust,cruise_0,0.8670169160758607,32.51313435284478,61.977549310586944,341.01054244533975,411.62723177350676,264.00897506669173,2.769029980957632,2.756667012386613,309.88774655293474,3.976964242886796,True
vector_thrust,cruise_1,0.8670169160758607,32.51313435284478,67.5062160154697,340.9859290029266,411.60246666825657,278.1643104399292,2.9172861275529,2.9172861275529,337.5310800773485,3.976964242886796,True
vector_thrust,cruise_1,0.866795244495089,32.504821668565846,67.50738158591795,340.98139696508446,411.59785308470447,278.1691137507828,2.9180437895159304,2.917336502930307,337.5369079295898,3.983677162081715,True
vector_thrust,cruise_1,0.8661741124699127,32.481529217621734,67.51066477683656,340.96860860310704,411.5848410999554,278.1826447451068,2.920168834440623,2.9174784110779446,337.5533238841828,4.002486343691365,True
vector_thrust,cruise_1,0.8652764927674562,32.44786847877962,67.51546080194494,340.94989483157104,411.5658168489724,278.2024105735885,2.923245410988612,2.9176857078987988,337.5773040097247,4.029666398618484,True
vector_thrust,cruise_1,0.8642801289272911,32.41050483477342,67.5208555564803,340.928800107419,411.54439505048146,278.2246439420535,2.9266682053563056,2.917918883381624,337.6042777824015,4.059833983643254,True
vector_thrust,cruise_1,0.8633823620580877,32.3768385771783,67.5257805899748,340.9095024326572,411.52481849082267,278.24494145201396,2.929759319110051,2.9181317562844704,337.62890294987403,4.087014038570373,True
vector_thrust,cruise_1,0.8627610465183023,32.35353924443635,67.52922465243724,340.8959859537227,411.5111177869326,278.2591354452556,2.9319024917668925,2.9182806177236422,337.64612326218617,4.1058232201800235,True
vector_thrust,cruise_1,0.862539293265606,32.34522349746023,67.53046092462866,340.8911298727988,411.5061976939963,278.2642304861618,2.932668186418959,2.9183340526597474,337.65230462314327,4.112536139374942,True
vector_thrust,cruise_2,0.862539293265606,32.34522349746023,67.72245529090344,340.8634577149939,411.4783982923084,278.75173822484817,2.937567623944454,2.937567623944454,338.6122764545172,4.112536139374942,True
vector_thrust,cruise_2,0.8623168921584142,32.33688345594054,67.7237013989623,340.8585594101369,411.47343857573867,278.7568682105502,2.9383371051632436,2.937621685239302,338.6185069948115,4.119249058569861,True
vector_thrust,cruise_2,0.8616937144900271,32.31351429337602,67.72721300635862,340.8447441178384,411.4594561076351,278.77132481861986,2.9404954228290507,2.937774033217786,338.6360650317931,4.138058240179511,True
vector_thrust,cruise_2,0.8607931346905541,32.27974255089578,67.73233976356087,340.8245446322999,411.43902779634743,278.79243068586055,2.9436202313454816,2.9379964530408027,338.66169881780434,4.165238295106629,True
vector_thrust,cruise_2,0.8597934797628812,32.242255491108054,67.73810252199621,340.8017984498258,411.4160452869245,278.81615484709647,2.947096769795184,2.9382464652143434,338.6905126099811,4.1954058801314,True
vector_thrust,cruise_2,0.8588927426431414,32.20847784911781,67.74335994734349,340.7810106551217,411.3950604751049,278.8377986498028,2.950236496051358,2.9384745539591672,338.71679973671746,4.222585935058518,True
vector_thrust,cruise_2,0.8582693687988517,32.18510132995695,67.74703449598596,340.76646175172175,411.38038406067477,278.8529260554465,2.9524134159734245,2.9386339709993488,338.73517247992976,4.241395116668169,True
vector_thrust,cruise_2,0.8580468803849062,32.176758014433986,67.74835311994163,340.76123695864896,411.3751155083953,278.8583545750776,2.9531911760230987,2.9386911783323533,338.7417655997082,4.248108035863088,True
vector_thrust,cruise_3,0.8580468803849062,32.176758014433986,67.74725209338541,340.73309979697444,411.346892191518,278.8555597035695,2.9529177305804124,2.9529177305804124,338.73626046692704,4.248108035863088,True
vector_thrust,cruise_3,0.8578243884906243,32.16841456839842,67.74857447170186,340.72784072122533,411.34159214992144,278.8610037130802,2.9536956959592557,2.952975379465831,338.74287235850926,4.2548209550580065,True
vector_thrust,cruise_3,0.8572009663618452,32.1450362385692,67.75229986286102,340.7130143039509,411.32665585214664,278.8763405230867,2.955877787553093,2.9531377873383757,338.7614993143051,4.2736301366676575,True
vector_thrust,cruise_3,0.8562999956738818,32.11124983777057,67.76182984177728,340.6746674002186,411.2881629260214,278.915573846594,2.9590710680206445,2.9535532453508946,338.8091492088864,4.300810191594775,True
vector_thrust,cruise_3,0.8552998273870399,32.073743527014,67.77279041090051,340.6281271189344,411.2414782343029,278.9606966698094,2.962605832599444,2.9540310697301835,338.8639520545026,4.330977776619546,True
vector_thrust,cruise_3,0.8543985564951413,32.039945868567806,67.78272842491472,340.5859243793152,411.1991613055987,279.001609805278,2.9657984307666756,2.954464315971597,338.9136421245736,4.358157831546664,True
vector_thrust,cruise_3,0.8537747734075289,32.01655400278234,67.78964069200262,340.55656847332745,411.1697352169025,279.03006644858016,2.968012170277756,2.9547656552264034,338.9482034600131,4.376967013156315,True
vector_thrust,cruise_3,0.8535521310872076,32.00820491577029,67.79211458008209,340.5460616111542,411.15920505789995,279.0402510305247,2.9688031168725146,2.9548735040088863,338.9605729004104,4.3836799323512325,True
vector_thrust,cruise_4,0.8535521310872076,32.00820491577029,67.79100620927973,340.50751453893304,411.1206134379849,279.03743750644924,2.9684371416224207,2.9684371416224207,338.95503104639863,4.3836799323512325,True
vector_thrust,cruise_4,0.8533294837706069,31.99985564139777,67.79348367581616,340.49697622055544,411.11005462038685,279.04763688420707,2.969228287944044,2.9685456439510984,338.96741837908087,4.390392851546151,True
vector_thrust,cruise_4,0.8527055927461794,31.976459727981734,67.80044481812077,340.4673647964222,411.0803906670589,279.0762949182891,2.9714474809365083,2.968850511905503,339.0022240906039,4.409202033155803,True
vector_thrust,cruise_4,0.8518039209598464,31.942647035994245,67.810554618884,340.4243569823539,411.0373197304722,279.11791553198185,2.9746607039222277,2.96929327749512,339.05277309442,4.436382088082921,True
vector_thrust,cruise_4,0.850802969401589,31.905111352559594,67.82184586596793,340.3763199150109,410.9892303038761,279.1643999923739,2.9782359970689543,2.969787785328797,339.10922932983965,4.466549673107691,True
vector_thrust,cruise_4,0.8499009878484076,31.87128704431529,67.83208229122971,340.3327677415559,410.94564691222513,279.20654190116056,2.981465261965925,2.9702360965245242,339.16041145614855,4.4937297280348085,True
vector_thrust,cruise_4,0.8492767105495571,31.847876645608398,67.83920133252687,340.3024775109301,410.9153439365005,279.2358499829556,2.983704459059233,2.970547879772419,339.1960066626343,4.51253890964446,True
vector_thrust,cruise_4,0.849053891324137,31.839520924655147,67.84174907081514,340.291637094729,410.9045007266876,279.24633865959413,2.9845045080938704,2.970659459700828,339.20874535407575,4.519251828839378,True
vector_thrust,cruise_5,0.849053891324137,31.839520924655147,67.84063317305294,340.2527161324741,410.86557693089054,279.2435060190088,2.9841328834740226,2.9841328834740226,339.2031658652647,4.519251828839378,True
vector_thrust,cruise_5,0.848831068020939,31.831165050785216,67.84318450845787,340.24184418612134,410.8547049942713,279.25400957073396,2.9849331327057875,2.984245129572573,339.2159225422893,4.525964748034297,True
vector_thrust,cruise_5,0.848206678101297,31.807750428798645,67.85035280051031,340.21129763575277,410.82416339074456,279.283520597093,2.987177894372304,2.984560498855242,339.25176400255157,4.544773929643949,True
vector_thrust,cruise_5,0.847304284475647,31.773910667836766,67.86076231944625,340.16693783696695,410.77982355404265,279.3263753783232,2.990428177470933,2.9850184660384587,339.30381159723123,4.571953984571066,True
vector_thrust,cruise_5,0.8463025244326919,31.736344666225957,67.87238678830735,340.11739915263854,410.7303247684087,279.3742319673768,2.9940447826094827,2.985529884990046,339.3619339415368,4.602121569595837,True
vector_thrust,cruise_5,0.8453998081731469,31.702492806493012,67.88372001973707,340.0685018359571,410.68147939238855,279.42088956572894,2.9973114062761104,2.9860284909397112,339.4186000986854,4.629301624522954,True
vector_thrust,cruise_5,0.8447750023268964,31.67906258725862,67.89349938772065,340.0249839761162,410.6380063572491,279.46115008863,2.999576544258357,2.986458734607712,339.4674969386033,4.648110806132606,True
vector_thrust,cruise_5,0.8445519875562735,31.67069953336026,67.89699610537693,340.0094263866061,410.62246652526915,279.47554566935816,3.0003858889200896,2.98661257283457,339.4849805268846,4.654823725327524,True
vector_thrust,cruise_6,0.8445519875562735,31.67069953336026,67.89587249915019,339.97013929970814,410.58321847134175,279.4726934515733,3.0000085859522914,3.0000085859522914,339.4793624957509,4.654823725327524,True
vector_thrust,cruise_6,0.8443289642661994,31.662336159982484,67.89937252331293,339.9545547318248,410.5676544708032,279.4871027362703,3.000818167172447,3.00016326288074,339.49686261656467,4.661536644522442,True
vector_thrust,cruise_6,0.8437040002675513,31.638900010033183,67.90919760422828,339.91081420260576,410.52397650352543,279.52755171076484,3.0030891612520194,3.0005974636939854,339.5459880211414,4.680345826132094,True
vector_thrust,cruise_6,0.8428007271882373,31.60502726955891,67.92344279526125,339.8474156898916,410.4606812469617,279.58619788108354,3.0063776247384006,3.0012270028890904,339.61721397630623,4.707525881059212,True
vector_thrust,cruise_6,0.8417979280731352,31.567422302742578,67.93931969162756,339.7767831893875,410.39018114974294,279.6515616355072,3.010036965170454,3.001928652206093,339.6965984581378,4.737693466083982,True
vector_thrust,cruise_6,0.840894218684159,31.53353320065597,67.9536838128425,339.7129060783716,410.3264393756479,279.71069743068966,3.0133424402759608,3.002563447294992,339.7684190642125,4.7648735210111,True
vector_thrust,cruise_6,0.8402687106143149,31.51007664803681,67.96365719798446,339.6685687455538,410.28220460889236,279.75175696034665,3.015634647676911,3.003004202132199,339.8182859899223,4.783682702620752,True
vector_thrust,cruise_6,0.8400454451890846,31.501704194590683,67.96722322399368,339.65271857462596,410.2663928088374,279.76643796871,3.0164536697772935,3.0031617958870545,339.83611611996844,4.790395621815669,True
vector_thrust,cruise_7,0.8400454451890846,31.501704194590683,67.96609152073106,339.61308738159374,410.2268427114868,279.7635651305528,3.016070733950435,3.016070733950435,339.8304576036553,4.790395621815669,True
vector_thrust,cruise_7,0.8398221709365706,31.493331410121407,67.96966092941443,339.59721011344305,410.2110066321362,279.7782601428577,3.01688999990558,3.016229157712754,339.84830464707215,4.797108541010588,True
vector_thrust,cruise_7,0.8391965024221131,31.469868840829246,67.97968050576448,339.55264907274227,410.16656594951,279.8195100998307,3.0191881763855117,3.016673864613544,339.89840252882243,4.81591772262024,True
vector_thrust,cruise_7,0.83829220780771,31.43595779278913,67.99420726205165,339.4880638844517,410.1021675772696,279.8793158309332,3.0225160524469037,3.0173186173182662,339.9710363102582,4.843097777547357,True
vector_thrust,cruise_7,0.8372882700470812,31.39831012676555,68.01039739034874,339.4161128795953,410.03044177870777,279.9459695584701,3.026219322639501,3.0180371967974735,340.05198695174374,4.873265362572128,True
vector_thrust,cruise_7,0.8363835304145742,31.36438239054654,68.02504437219467,339.3510465745534,409.9655944762273,280.0062702509647,3.0295645447092228,3.0186872855743485,340.12522186097334,4.900445417499245,True
vector_thrust,cruise_7,0.8357573069696076,31.340899011360293,68.03521386868593,339.30588558977377,409.920593985501,280.0481374199082,3.031884351517342,3.019138646504443,340.1760693434296,4.919254599108897,True
vector_thrust,cruise_7,0.835533785749044,31.332516965589157,68.03884995438753,339.28974132092355,409.9045087676616,280.06310695446064,3.0327132421717446,3.0193000298319803,340.1942497719377,4.925967518303816,True
vector_thrust,cruise_8,0.835533785749044,31.332516965589157,68.03771013320386,339.2497567040741,409.8646475356515,280.060213560236,3.0323245150444165,3.0323245150444165,340.1885506660193,4.925967518303816,True
vector_thrust,cruise_8,0.8353102554762054,31.32413458035771,68.04134959767904,339.23358521818517,409.8485379273013,280.0751971001572,3.033153653430996,3.0324867478544526,340.2067479883952,4.932680437498734,True
vector_thrust,cruise_8,0.834683868258922,31.300645059709584,68.05156578199227,339.188199403841,409.8033304561373,280.1172567510572,3.035479548683016,3.03294214460252,340.2578289099613,4.9514896191083855,True
vector_thrust,cruise_8,0.8337785315686304,31.266694933823644,68.0663771796326,339.1224213540589,409.73782305654845,280.1782347243389,3.0388476163382,3.0336023776320857,340.33188589816297,4.978669674035503,True
vector_thrust,cruise_8,0.8327734323083671,31.22900371156377,68.08288397297365,339.0491449416268,409.664864959433,280.24619257867244,3.0425956858739456,3.034338184639678,340.41441986486825,5.008837259060273,True
vector_thrust,cruise_8,0.8318676417910542,31.19503656716454,68.09781693037219,338.98288318915786,409.59890615234286,280.30767100895804,3.045981443043754,3.035003836318407,340.489084651861,5.036017313987391,True
vector_thrust,cruise_8,0.8312406886586685,31.171525824700076,68.108184697986,338.9368942061008,409.5531357839601,280.3503547226696,3.0483293969519556,3.0354659900454046,340.54092348993,5.054826495597043,True
vector_thrust,cruise_8,0.8310169065291794,31.163133994844234,68.1118916236973,338.9204542844073,409.5367756623265,280.3656159979705,3.049168352434664,3.0356312300080455,340.55945811848653,5.0615394147919615,True
vector_thrust,cruise_9,0.8310169065291794,31.163133994844234,68.11074343833059,338.8801128528188,409.49660013225406,280.3627012729338,3.0487737164950004,3.0487737164950004,340.5537171916529,5.0615394147919615,True
vector_thrust,cruise_9,0.8307931151343544,31.154741817538294,68.11445098631441,338.86364559199257,409.480215506821,280.37796628786174,3.049612811956882,3.0489397142403596,340.57225493157205,5.068252333986879,True
vector_thrust,cruise_9,0.8301659948737558,31.131224807765847,68.12486874606327,338.81743062858527,409.4342370658234,280.4208550162209,3.0519670902111726,3.049406103054427,340.6243437303163,5.087061515596531,True
vector_thrust,cruise_9,0.8292595953279192,31.09723482479697,68.13996802290372,338.7504533662839,409.3676145695712,280.4830185535321,3.0553761526342766,3.0500820936830593,340.69984011451857,5.114241570523649,True
vector_thrust,cruise_9,0.8282533114483958,31.059499179314848,68.15679501375152,338.6758444591301,409.29341740108407,280.5522950970322,3.059169914761981,3.0508354339242323,340.78397506875757,5.144409155548419,True
vector_thrust,cruise_9,0.8273464491638253,31.025491843643454,68.17201714653127,338.60838083943685,409.2263409542801,280.6149644568249,3.062597016443726,3.051516925064452,340.8600857326564,5.1715892104755365,True
vector_thrust,cruise_9,0.8267187518641002,31.001953194903763,68.18258541318696,338.5615593962735,409.17979644425645,280.6584738989648,3.064973680323847,3.0519900637630495,340.9129270659348,5.190398392085188,True
vector_thrust,cruise_9,0.8264947036520824,30.993551386953097,68.18636397239774,338.54482222551485,409.1631598933816,280.674030187305,3.0658229018917607,3.0521592289294657,340.9318198619887,5.197111311280107,True
vector_thrust,cruise_10,0.8264947036520824,30.993551386953097,68.18520728908499,338.5041205124322,409.12266683288806,280.6710937821504,3.0654222411563805,3.0654222411563805,340.9260364454249,5.197111311280107,True
vector_thrust,cruise_10,0.8262706459300898,30.985149222378375,68.18898943269433,338.4873558755979,409.10600566029933,280.68666487645805,3.066271727197434,3.0655923049066818,340.9449471634717,5.203824230475025,True
vector_thrust,cruise_10,0.8256427780856569,30.961604178212138,68.19960543637785,338.4403072697723,409.0592519554876,280.7303711358391,3.068654728621265,3.0660696541690484,340.99802718188926,5.222633412084677,True
vector_thrust,cruise_10,0.8247352946621044,30.92757354982892,68.21499569553957,338.37212427574707,408.9915081326701,280.79373308245283,3.072105601603274,3.0667616781241174,341.07497847769787,5.249813467011794,True
vector_thrust,cruise_10,0.8237278027688734,30.889792603832756,68.23214651521023,338.2961755990933,408.9160649408145,280.86434328520875,3.0759459739379293,3.067532865791019,341.16073257605115,5.279981052036565,True
vector_thrust,cruise_10,0.8228198475869821,30.85574428451184,68.2476611144607,338.2275035227269,408.8478645571807,280.92821714193747,3.0794152517235673,3.0682304807053518,341.2383055723035,5.307161106963682,True
vector_thrust,cruise_10,0.8221913914673376,30.832177180025162,68.25843216852775,338.1798450398151,408.8005415290193,280.97256174619025,3.0818212037690733,3.068714801817013,341.2921608426388,5.325970288573334,True
vector_thrust,cruise_10,0.8219670719374654,30.823765197654964,68.26228318009824,338.1628089816499,408.78362698323104,280.9884164232729,3.082680898316359,3.0688879627902383,341.31141590049117,5.332683207768253,True
vector_thrust,cruise_11,0.8219670719374654,30.823765197654964,68.26111657703217,338.1217434410319,408.7428130877012,280.98545318818765,3.082274040965849,3.082274040965849,341.30558288516085,5.332683207768253,True
vector_thrust,cruise_11,0.8217427426647465,30.815352849928,68.26497255125429,338.1046797874458,408.7258738000938,281.0013278279644,3.0831340607330726,3.0824481780592055,341.32486275627144,5.3393961269631705,True
vector_thrust,cruise_11,0.8211141125535737,30.79177922075902,68.2757918877308,338.0567929292755,408.67834042623093,281.0458715035511,3.085546479966017,3.0829368005604496,341.3789594386541,5.358205308572822,True
vector_thrust,cruise_11,0.8202055239753726,30.75770714907648,68.29147654770853,337.9873975125178,408.60946888285866,281.1104459260916,3.0890400110658396,3.083645150633553,341.45738273854266,5.38538536349994,True
vector_thrust,cruise_11,0.8191968003934793,30.719880014755482,68.30895492959628,337.9101016003247,408.53277253296784,281.1824051791361,3.0929279364589934,3.084434508712947,341.5447746479814,5.41555294852471,True
vector_thrust,cruise_11,0.8182877309283629,30.685789909813614,68.32476537896396,337.84021430471273,408.4634417500309,281.24749748190254,3.0964402448562303,3.0851485396807687,341.6238268948198,5.442733003451828,True
vector_thrust,cruise_11,0.8176585011587659,30.662193793453728,68.33574157302664,337.7917140822326,408.415335712446,281.2926869468004,3.0988760792074395,3.085644246177313,341.67870786513316,5.46154218506148,True
vector_thrust,cruise_11,0.817433905012139,30.653771437955218,68.33966587884242,337.77437745534473,408.39814156502376,281.3088434832741,3.099746459340868,3.0858214755406115,341.6983293942121,5.468255104256398,True
vector_thrust,cruise_12,0.817433905012139,30.653771437955218,68.33849151629227,337.73294446197434,408.35700345783374,281.3058616273095,3.0993333767788225,3.0993333767788225,341.6924575814613,5.468255104256398,True
vector_thrust,cruise_12,0.8172092988863984,30.645348708239947,68.34242002748036,337.71558010698135,408.3397844453687,281.3220353197762,3.1002040557413983,3.0995115730830083,341.7121001374018,5.474968023451316,True
vector_thrust,cruise_12,0.8165798916346032,30.621745936297625,68.3534450661027,337.6668502650089,408.2914668811057,281.3674261787999,3.1026464905891955,3.100011674302226,341.76722533051344,5.493777205060968,True
vector_thrust,cruise_12,0.815670176363472,30.587631613630208,68.36942756676423,337.5962355592325,408.2214610557586,281.43322725752387,3.106183547767331,3.1007366484578918,341.8471378338212,5.520957259988085,True
vector_thrust,cruise_12,0.8146601971247484,30.549757392178073,68.38723735149797,337.51758475002293,408.14350422646686,281.50655139307895,3.110119995317126,3.1015445091236264,341.93618675748985,5.551124845012856,True
vector_thrust,cruise_12,0.8137499917252076,30.515624689695287,68.403347131045,337.44647529579225,408.073036412853,281.57287648794767,3.1136762126269346,3.1022752567129426,342.016735655225,5.578304899939974,True
vector_thrust,cruise_12,0.8131199732909743,30.491998998411542,68.41453088447382,337.3971285111481,408.0241427572645,281.6189207871016,3.1161425399799603,3.1027825573157553,342.0726544223691,5.597114081549625,True
vector_thrust,cruise_12,0.8128950951626343,30.48356606859879,68.41852935027231,337.379489590322,408.00666735954735,281.6353827518687,3.1170238242329122,3.102963929707197,342.09264675136154,5.603827000744544,True
vector_thrust,cruise_13,0.8128950951626343,30.48356606859879,68.41734679786806,337.3376854360247,407.9652015884488,281.6323808271854,3.1166043788408637,3.1166043788408637,342.0867339893403,5.603827000744544,True
vector_thrust,cruise_13,0.8126702068166033,30.47513275562263,68.42134882841464,337.32001865107225,407.94770119935185,281.6488575775093,3.1174859401907002,3.116786714096696,342.1067441420731,5.610539919939462,True
vector_thrust,cruise_13,0.8120400073677638,30.45150027629115,68.43258200367089,337.27044097061,407.89859480561665,281.6951056563078,3.11995900503911,3.1172985052638658,342.16291001835447,5.6293491015491135,True
vector_thrust,cruise_13,0.8111291436003562,30.417342885013365,68.44886587969968,337.19859993084765,407.8274479661726,281.7621479630947,3.123540480370994,3.118040409821452,342.2443293984984,5.656529156476231,True
vector_thrust,cruise_13,0.8101178844406509,30.379420666524418,68.46701101309303,337.1185863639771,407.748223145833,281.83685324809636,3.127526446117048,3.1188671145408273,342.33505506546516,5.6866967415010015,True
vector_thrust,cruise_13,0.8092065211871938,30.345244544519772,68.48342369984805,337.04624763154214,407.6766114979892,281.90442588121374,3.1311274751663376,3.1196148878034218,342.41711849924025,5.71387679642812,True
vector_thrust,cruise_13,0.808575698887057,30.321588708264645,68.49481750030509,336.99604933699675,407.62692549625,281.95133526963934,3.133624923329337,3.120133997164876,342.47408750152545,5.732685978037771,True
vector_thrust,cruise_13,0.8083505333452714,30.313145000447687,68.49889101608831,336.97810635226824,407.60916715682094,281.96810633166166,3.1345173363560623,3.1203195893371363,342.4944550804415,5.7393988972326895,True
vector_thrust,cruise_14,0.8083505333452714,30.313145000447687,68.49769941829199,336.9359272444595,407.567370192646,281.965081308411,3.1340913692659003,3.1340913692659003,342.4884970914599,5.7393988972326895,True
vector_thrust,cruise_14,0.8081253573440216,30.304700900400814,68.50177662961043,336.91795625612724,407.5495867322721,281.9818676624818,3.134984069513538,3.134277952537739,342.5088831480522,5.746111816427607,True
vector_thrust,cruise_14,0.807494350451514,30.281038141931777,68.51322044497749,336.86752575652184,407.4996867496305,282.0289832815724,3.137488396018044,3.134801650913666,342.56610222488746,5.764920998037259,True
vector_thrust,cruise_14,0.8065823161083768,30.24683685406414,68.52980932684815,336.7944511551522,407.427391989433,282.0972817845977,3.1411152065058987,3.1355608007625486,342.64904663424073,5.792101052964377,True
vector_thrust,cruise_14,0.8055697524552163,30.208865717070623,68.54829386341912,336.7130667663615,407.34689147182735,282.1733849349763,3.145151714438957,3.136406700636635,342.7414693170956,5.822268637989147,True
vector_thrust,cruise_14,0.8046572091489236,30.17464534308464,68.56501313627504,336.6394914518873,407.27412901012696,282.24222027188165,3.1487984835703418,3.137171817488319,342.8250656813752,5.8494486929162655,True
vector_thrust,cruise_14,0.8040255675872308,30.150958784521162,68.57661954646173,336.5884365717455,407.2236458118056,282.29000531191673,3.151327698293518,3.137702956595541,342.88309773230867,5.868257874525916,True
vector_thrust,cruise_14,0.8038001091307209,30.14250409240204,68.58076901410664,336.5701877073947,407.2056027955201,282.30708919427525,3.1522314705497867,3.13789284694652,342.9038450705332,5.874970793720835,True
vector_thrust,cruise_15,0.8038001091307209,30.14250409240204,68.5795684750265,336.5276297665475,407.1634710298196,282.304041624532,3.151798858853527,3.151798858853527,342.89784237513254,5.874970793720835,True
vector_thrust,cruise_15,0.8035746399695836,30.134048998859388,68.5837216039421,336.50935275557777,407.14540275971825,282.32114069050726,3.1527029217538947,3.151989762307541,342.91860801971046,5.881683712915754,True
vector_thrust,cruise_15,0.8029428101911564,30.110355382168372,68.59537863358922,336.4580643275098,407.0947043057729,282.36913446171104,3.155239159451592,3.1525255913819024,342.9768931679461,5.900492894525405,True
vector_thrust,cruise_15,0.8020295829084816,30.07610935906807,68.61227626728453,336.38374875030644,407.0212545398243,282.43870460007423,3.1589122486319248,3.15330231098337,343.06138133642264,5.927672949452523,True
vector_thrust,cruise_15,0.8010156898717968,30.038088370192384,68.63110438766157,336.30098526729773,406.9394704199004,282.51622284691115,3.1630003523024843,3.154167767675081,343.1555219383078,5.957840534477294,True
vector_thrust,cruise_15,0.8001019440256546,30.003822900962057,68.64813402598956,336.2261658786651,406.8655499847549,282.58633646850564,3.1666938161222618,3.1549505550247057,343.24067012994783,5.985020589404411,True
vector_thrust,cruise_15,0.7994694676066402,29.980105035249014,68.65995566363904,336.17424920648443,406.81426461444823,282.63500795599117,3.169255460825136,3.1554939504994315,343.2997783181952,6.003829771014063,True
vector_thrust,cruise_15,0.7992437106624682,29.971639149842566,68.66418205034164,336.15569260003275,406.79593514146745,282.65240863545864,3.1701708309943792,3.155688221333718,343.3209102517082,6.010542690208981,True
vector_thrust,cruise_16,0.7992437106624682,29.971639149842566,68.6629721465637,336.11275185731967,406.75346488432905,282.649337107697,3.169731426131036,3.169731426131036,343.3148607328185,6.010542690208981,True
vector_thrust,cruise_16,0.7990179427655434,29.96317285370788,68.6672023352852,336.09416695765304,406.73511002131664,282.66675351548434,3.1706470977974073,3.169926739998242,343.336011676426,6.017255609403899,True
vector_thrust,cruise_16,0.7983852744584632,29.939447792192375,68.67907522034272,336.0420153603845,406.6836080880555,282.7156363287866,3.173215914509761,3.1704749294654717,343.3953761017136,6.03606479101355,True
vector_thrust,cruise_16,0.7974708315817459,29.905156184315477,68.6962854381438,335.96645120256045,406.6089960492092,282.7864939047369,3.176936252050664,3.1712695518324208,343.48142719071905,6.063244845940669,True
vector_thrust,cruise_16,0.7964555839468999,29.867084398008753,68.71546142941551,335.8823001405819,406.5259202188297,282.86544492225147,3.181077034660578,3.1721549369668836,343.5773071470776,6.093412430965439,True
vector_thrust,cruise_16,0.7955406127799629,29.832772979248617,68.7328053155962,335.80622899341273,406.45083446686306,282.9368528353953,3.184818174965085,3.1729557310132543,343.66402657798096,6.120592485892557,True
vector_thrust,cruise_16,0.7949072857032412,29.80902321387155,68.74484489394028,335.7534451892059,406.398741821502,282.98642195136415,3.187412932998169,3.1735116169256705,343.7242244697014,6.1394016675022085,True
vector_thrust,cruise_16,0.7946812246252805,29.800545923448023,68.74914915348039,335.73457893041916,406.38012406633305,283.004143365098,3.1883401449194557,3.17371035123937,343.74574576740196,6.146114586697126,True
vector_thrust,cruise_17,0.7946812246252805,29.800545923448023,68.74792990911729,335.69125132545275,406.33731154430245,283.0010481400996,3.18789381310679,3.18789381310679,343.7396495455864,6.146114586697126,True
vector_thrust,cruise_17,0.7944551523429736,29.79206821286152,68.75223800041967,335.6723566231677,406.3186682594391,283.0187854134866,3.188821332899559,3.1880936164095113,343.7611900020983,6.152827505892045,True
vector_thrust,cruise_17,0.7938216296575336,29.768311112157516,68.76432948374955,335.6193364815853,406.2663577103866,283.0685685675236,3.1914234167831115,3.1886544037627536,343.8216474187477,6.171636687501696,True
vector_thrust,cruise_17,0.7929059482312537,29.73397305867202,68.78185623720425,335.5425159434346,406.1905759451435,283.1407298705874,3.195192000724858,3.1894672720298316,343.90928118602125,6.198816742428814,True
vector_thrust,cruise_17,0.7918893204476377,29.69584951678642,68.80138450427931,335.45696860041267,406.1062000883919,283.221131819857,3.1993865765706038,3.1903729678861645,344.0069225213966,6.228984327453585,True
vector_thrust,cruise_17,0.7909731008741451,29.661491282780446,68.81904665403219,335.3796378136112,406.0299414881393,283.2938505716796,3.2031764045090503,3.191192115590937,344.095233270161,6.256164382380702,True
vector_thrust,cruise_17,0.7903389071273633,29.63770901727613,68.83130694725232,335.32598140075623,405.9770363340095,283.34432875438904,3.2058049783308187,3.1917607321646697,344.1565347362616,6.274973563990354,True
vector_thrust,cruise_17,0.7901125361936459,29.629220107261723,68.83569007242788,335.30680353053725,405.9581284244375,283.36237499576123,3.206744283402979,3.1919640158683813,344.1784503621394,6.281686483185272,True
vector_thrust,cruise_18,0.7901125361936459,29.629220107261723,68.83446142452071,335.26308490873447,405.91496977807327,283.3592560132782,3.206290883274795,3.206290883274795,344.1723071226035,6.281686483185272,True
vector_thrust,cruise_18,0.789886154057753,29.620730777165743,68.8388483298908,335.2438784588769,405.896036213248,283.3773179412155,3.207230498415728,3.2064952591462403,344.194241649454,6.288399402380191,True
vector_thrust,cruise_18,0.7892517606742355,29.59694102528384,68.85116118569479,335.1899842425728,405.8429117629382,283.42801288342724,3.209866556518187,3.2070688868912045,344.25580592847393,6.307208583989842,True
vector_thrust,cruise_18,0.7883348176914723,29.56255566343022,68.86900854702345,335.11189934320146,405.765952645045,283.50149469508773,3.213684413334776,3.207900354569827,344.34504273511726,6.33438863891696,True
vector_thrust,cruise_18,0.7873167836061831,29.52437938523187,68.88889363724853,335.0249467768098,405.68026821576353,283.5833663190135,3.217933930741282,3.208826755369594,344.44446818624266,6.36455622394173,True
vector_thrust,cruise_18,0.7863992924850636,29.489973468189888,68.90687813900536,334.9463482864108,405.60282906138076,283.65741277028246,3.2217734842746535,3.2096646121065957,344.5343906950268,6.391736278868848,True
vector_thrust,cruise_18,0.7857642155815239,29.46615808430715,68.9193620072513,334.8918136303733,405.5491060132552,283.70881181120217,3.224436598029804,3.2102462069294666,344.5968100362565,6.4105454604785,True
vector_thrust,cruise_18,0.7855375292495519,29.457657346858202,68.92365128427427,334.87232215798684,405.5299060473048,283.7264717801218,3.22538012252476,3.2104460345198644,344.6182564213713,6.4172583796734175,True
vector_thrust,cruise_19,0.7855375292495519,29.457657346858202,68.92241296873634,334.8290526435602,405.48724170430165,283.7233282299532,3.2249276337734707,3.2249276337734707,344.6120648436817,6.4172583796734175,True
vector_thrust,cruise_19,0.7853108319724841,29.449156198968158,68.92665296962234,334.8105330363063,405.4690165383436,283.7407854378829,3.225878628737294,3.2251260602920517,344.6332648481117,6.423971298868336,True
vector_thrust,cruise_19,0.7846755594461536,29.42533347923077,68.93853029163384,334.7586679583645,405.41798164126755,283.78968752251706,3.228546512222631,3.225681903497014,344.6926514581692,6.442780480477988,True
vector_thrust,cruise_19,0.7837573535342518,29.39090075753445,68.9556859629524,334.6837877526855,405.3443145622389,283.86032196815154,3.2324102120158176,3.2264847665433627,344.778429814762,6.4699605354051055,True
vector_thrust,cruise_19,0.7827379306284264,29.352672398566,68.97471679867935,334.6007698537309,405.26266180252486,283.9386769640964,3.2367103960209738,3.227375384855375,344.8735839933968,6.500128120429876,True
vector_thrust,cruise_19,0.7818192000680948,29.318220002553563,68.99185346126353,334.5260570981394,405.18919582878067,284.00923314704784,3.240595402308634,3.2281773583326823,344.95926730631766,6.5273081753569935,True
vector_thrust,cruise_19,0.7811832733165396,29.294372749370243,69.00370708680636,334.47440082707215,405.1384117059168,284.0580376659183,3.2432898550614775,3.2287320925610596,345.0185354340318,6.546117356966645,True
vector_thrust,cruise_19,0.780956284882117,29.285860683079395,69.0079365410255,334.4559741476323,405.12029814499283,284.0754514502072,3.244252674503167,3.228930025506906,345.03968270512746,6.552830276161563,True
vector_thrust,cruise_20,0.780956284882117,29.285860683079395,69.00668836741185,334.41390864037226,405.0788832639831,284.07228267142284,3.243808451203567,3.243808451203567,345.0334418370593,6.552830276161563,True
vector_thrust,cruise_20,0.7807292856054652,29.277348210204952,69.010917250009,334.39549321886426,405.06078390622673,284.08969418835954,3.2447717848093927,3.244007272522058,345.054586250045,6.559543195356482,True
vector_thrust,cruise_20,0.7800931670915117,29.253493765931694,69.02276295848522,334.34392024857704,405.0101017206836,284.13846644919926,3.2474742855050023,3.24456420074613,345.11381479242607,6.578352376966134,True
vector_thrust,cruise_20,0.7791737392054012,29.219015220202554,69.03987274498859,334.269462634268,404.9369448578927,284.2089124651368,3.251388170669922,3.245368620592033,345.19936372494294,6.605532431893251,True
vector_thrust,cruise_20,0.7781529607244786,29.180736027167953,69.05885238674878,334.1869144457951,404.8558591337131,284.2870572240941,3.255744282191624,3.2462609520336616,345.2942619337439,6.635700016918022,True
vector_thrust,cruise_20,0.777233009479904,29.146237855496405,69.0759426817258,334.1126254880233,404.78290470657066,284.35742298749324,3.259679881924906,3.247064455479485,345.379713408629,6.662880071845139,True
vector_thrust,cruise_20,0.7765962383492991,29.122358938098724,69.0877640846255,334.06126282902625,404.7324749541739,284.40609517487246,3.2624094604539913,3.2476202409692716,345.43882042312754,6.681689253454791,True
vector_thrust,cruise_20,0.7763689486311552,29.113835573668325,69.09198201189683,334.04294100485794,404.71448793974434,284.42346162014496,3.2633848387982907,3.2478185476164834,345.4599100594842,6.688402172649709,True
vector_thrust,cruise_21,0.7763689486311552,29.113835573668325,69.09072415592621,334.0008979749968,404.6731412272004,284.42026844935776,3.262937472597865,3.262937472597865,345.453620779631,6.688402172649709,True
vector_thrust,cruise_21,0.7761416481409967,29.105311805287382,69.09494135891258,333.982587471922,404.6551684893944,284.4376320337963,3.2639133693725344,3.263136671799216,345.4747067945629,6.695115091844627,True
vector_thrust,cruise_21,0.7755046858471668,29.08142571926876,69.10675465403149,333.93130866245315,404.604841290018,284.48627117873593,3.26665115212259,3.263694671724903,345.5337732701575,6.713924273454279,True
vector_thrust,cruise_21,0.7745840391905441,29.04690146964541,69.12381740554899,333.85727660697734,404.5321979308157,284.5565240282396,3.2706161878262368,3.264500629248437,345.61908702774497,6.741104328381397,True
vector_thrust,cruise_21,0.773561908708956,29.008571576585855,69.14274457036969,333.7752014233785,404.4516828914088,284.6344532684509,3.275029303696995,3.26539465216559,345.71372285184844,6.771271913406167,True
vector_thrust,cruise_21,0.7726407400173989,28.974027750652464,69.15978734012768,333.70133923224404,404.3792432992058,284.70462384660783,3.2790164722985695,3.26619966585252,345.79893670063836,6.798451968333285,True
vector_thrust,cruise_21,0.7720031267573331,28.950117253399995,69.17157571834113,333.6502722401712,404.32917019314164,284.75316040061375,3.2817818545365602,3.266756488830433,345.8578785917057,6.8172611499429365,True
vector_thrust,cruise_21,0.7717755365601876,28.94158262100704,69.17578183223564,333.63205600471565,404.31131053750516,284.7704783276858,3.282770034315637,3.2669551642395347,345.8789091611782,6.823974069137854,True
vector_thrust,cruise_22,0.7717755365601876,28.94158262100704,69.17451401110421,333.59003646594164,404.27003327432493,284.767259838493,3.2823194860421117,3.2823194860421117,345.87257005552107,6.823974069137854,True
vector_thrust,cruise_22,0.7715479356625452,28.93304758734545,69.17871938604286,333.5718316148074,404.25218796881404,284.78457484477906,3.283308194888048,3.282519064401527,345.89359693021424,6.830686988332773,True
vector_thrust,cruise_22,0.7709101318524486,28.90912994446683,69.19049946446428,333.5208490215979,404.2022180318839,284.83307756668245,3.286081941655149,3.2830781224523715,345.95249732232145,6.849496169942425,True
vector_thrust,cruise_22,0.7699882697098558,28.8745601141196,69.20751401790997,333.44724549566837,404.1300914659521,284.9031324618904,3.2900991175983316,3.283885597819322,346.03757008954983,6.876676224869542,True
vector_thrust,cruise_22,0.7689647908919126,28.83617965844673,69.22638741395322,333.3656466148898,404.0501507630803,284.98084086501956,3.2945703422954606,3.284781289992519,346.1319370697661,6.906843809894313,True
vector_thrust,cruise_22,0.768042408071703,28.80159030268887,69.2433814929217,333.29221416236334,403.9782292963722,285.0508114594067,3.298610080264023,3.2855877936809597,346.21690746460854,6.93402386482143,True
vector_thrust,cruise_22,0.7674039549879234,28.77764831204713,69.25513603877481,333.2414448942233,403.9285151140087,285.0992090549792,3.3014119615850945,3.286145640011733,346.27568019387405,6.952833046431082,True
vector_thrust,cruise_22,0.7671760651365495,28.769102442620614,69.25933005089595,333.22333498168524,403.9107836299939,285.116477276553,3.3024131915763903,3.286344679115431,346.29665025447974,6.959545965626,True
vector_thrust,cruise_23,0.7671760651365495,28.769102442620614,69.25805214647231,333.18133995267794,403.8695771017951,285.1132331773358,3.301959428790991,3.301959428790991,346.29026073236156,6.959545965626,True
vector_thrust,cruise_23,0.7669481646572119,28.76055617464545,69.26224545866192,333.1632414877411,403.85186004143884,285.13049861836856,3.302961201093067,3.3021593836832106,346.3112272933096,6.966258884820919,True
vector_thrust,cruise_23,0.7663095216498986,28.736607061871204,69.27399150959795,333.11255716831954,403.80224964466305,285.17886158004296,3.305771611336936,3.3027194858416595,346.36995754798977,6.98506806643057,True
vector_thrust,cruise_23,0.7653864473860744,28.701991776977795,69.29095669430556,333.03938514562947,403.7306431637046,285.248713701617,3.309841942780016,3.303528458714936,346.45478347152783,7.012248121357688,True
vector_thrust,cruise_23,0.764361623985218,28.663560899445685,69.30977501916973,332.95826586887273,403.65128045131206,285.3261959064534,3.3143724092498283,3.30442579727047,346.5488750958487,7.042415706382458,True
vector_thrust,cruise_23,0.7634380304351193,28.628926141316978,69.3267192321819,332.88526612981155,403.57988040256464,285.39596167962856,3.3184657429042606,3.3052337701238352,346.6335961609095,7.069595761309576,True
vector_thrust,cruise_23,0.7627987398891013,28.604952745841306,69.33843913178825,332.83479664458423,403.53052742256085,285.4442169663818,3.32130483666646,3.305792625275202,346.6921956589413,7.088404942919228,True
vector_thrust,cruise_23,0.7625705512281747,28.59639567105656,69.3426207513857,332.8167937898667,403.5129249234511,285.46143428561123,3.3223193720792312,3.305992022858171,346.7131037569285,7.095117862114146,True
vector_thrust,cruise_24,0.7625705512281747,28.59639567105656,69.34133258946372,332.7748242939471,403.47179042019724,285.4581640786984,3.321862359412928,3.321862359412928,346.7066629473186,7.095117862114146,True
vector_thrust,cruise_24,0.7623423520136098,28.58783820051037,69.34551344093127,332.7568329502088,403.4542024183535,285.47537835774654,3.322877446042437,3.3220626811161065,346.7275672046564,7.101830781309064,True
vector_thrust,cruise_24,0.7617028721860596,28.56385770697724,69.35722465262532,332.70644896417116,403.4049538408159,285.52359821622525,3.3257252375539137,3.3226238131943346,346.78612326312657,7.120639962918716,True
vector_thrust,cruise_24,0.760778589249488,28.529197096855807,69.37413929318477,332.63371142135776,403.33387073847126,285.59324272401017,3.3298497662458884,3.3234342628435756,346.87069646592386,7.1478200178458335,True
vector_thrust,cruise_24,0.759752425112158,28.49071594170593,69.39290124113964,332.55307505303233,403.2550896725834,285.6704933534759,3.3344406371181883,3.3243332245498953,346.96450620569817,7.177987602870604,True
vector_thrust,cruise_24,0.758827624314745,28.456035911802946,69.40979441030323,332.4805110051279,403.1842143360731,285.7400494547239,3.338588619714664,3.325142645416694,347.04897205151616,7.2051676577977215,True
vector_thrust,cruise_24,0.7581874987259805,28.432031202224273,69.42147884754877,332.4303433637241,403.1352248383064,285.78815907182457,3.3414656580040933,3.325702494621527,347.10739423774385,7.223976839407373,True
vector_thrust,cruise_24,0.7579590121208856,28.423462954533218,69.42564778324167,332.4124483024132,403.11775213781254,285.80532428874403,3.3424937607588143,3.325902245391171,347.1282389162084,7.230689758602292,True
vector_thrust,cruise_25,0.7579590121208856,28.423462954533218,69.4243493262248,332.3705053677302,403.0766909539694,285.8020279887171,3.342033468254152,3.342033468254152,347.121746631124,7.230689758602292,True
vector_thrust,cruise_25,0.7577305150372127,28.41489431389548,69.42851747840236,332.35262188080094,403.0592328243509,285.819190102726,3.343062133721701,3.3422341538819182,347.14258739201176,7.23740267779721,True
vector_thrust,cruise_25,0.7570902008215266,28.390882530807254,69.44019303030305,332.3025402894369,403.01034834611215,285.8672634801282,3.3459480428957047,3.342796301174367,347.2009651515153,7.256211859406862,True
vector_thrust,cruise_25,0.7561647127404765,28.356176727767874,69.45705593962677,332.23024020554834,402.93979191739044,285.9366954873636,3.3501278376616126,3.3436082061618215,347.2852796981338,7.283391914333979,True
vector_thrust,cruise_25,0.7551372118018529,28.31764544256949,69.47576019125205,332.150090052689,402.8615961554915,286.0137091099415,3.3547803057933403,3.3445087669660194,347.37880095626025,7.31355949935875,True
vector_thrust,cruise_25,0.7542112073198285,28.282920274493577,69.49260112616383,332.0779646759534,402.7912488267562,286.0830506388586,3.35898401800169,3.3453196139428996,347.46300563081917,7.340739554285867,True
vector_thrust,cruise_25,0.7535702491633566,28.25888434362588,69.5042492763099,332.0281009408645,402.742625091946,286.13101119120205,3.361899751981299,3.345880441912581,347.5212463815495,7.359548735895519,True
vector_thrust,cruise_25,0.7533414654993223,28.250304956224593,69.50840523358414,332.01031440910555,402.7252830040738,286.1481230934212,3.362941690825509,3.346080540387474,347.5420261679207,7.366261655090438,True
vector_thrust,cruise_26,0.7533414654993223,28.250304956224593,69.50709630247238,331.9683990682307,402.6842964381845,286.1448001904628,3.3624780818515245,3.3624780818515245,347.53548151236186,7.366261655090438,True
vector_thrust,cruise_26,0.7531126714332004,28.24172517874502,69.51125146122165,331.95062417432246,402.6669689948387,286.1619089283983,3.363520595235768,3.362679126065077,347.55625730610825,7.372974574285355,True
vector_thrust,cruise_26,0.7524715253190551,28.217682199464573,69.52289052851873,331.90084704059103,402.6184508968795,286.2098324288508,3.36644537786607,3.3632422735336656,347.6144526425937,7.391783755895007,True
vector_thrust,cruise_26,0.75154483570506,28.182931338939756,69.53970051346386,331.8289873970454,402.5484244380695,286.2790470231614,3.3706815357220585,3.364055611941908,347.6985025673193,7.418963810822125,True
vector_thrust,cruise_26,0.7505160019928288,28.144350074731083,69.55834574275538,331.7493267692582,402.47081763899547,286.35581817942716,3.37539682548142,3.3649577472597265,347.7917287137769,7.449131395846895,True
vector_thrust,cruise_26,0.7495887974723201,28.10957990521201,69.57513324711037,331.6776430459663,402.4010016147279,286.42494021057496,3.3796573765590328,3.365769997961304,347.8756662355518,7.476311450774013,True
vector_thrust,cruise_26,0.7489470092809561,28.08551284803586,69.58674428132669,331.6280852812199,402.35274592435917,286.4727482857203,3.382612577284171,3.3663317890709266,347.9337214066334,7.4951206323836645,True
vector_thrust,cruise_26,0.7487179294638403,28.076922354894016,69.59088696420874,331.6104080157005,402.3355352633804,286.4898056546575,3.383668628086653,3.366532229649079,347.95443482104366,7.501833551578583,True
vector_thrust,cruise_27,0.7487179294638403,28.076922354894016,69.5895674231544,331.5685213057791,402.29462461818576,286.48645580284636,3.383201667333947,3.383201667333947,347.9478371157721,7.501833551578583,True
vector_thrust,cruise_27,0.7484888393224051,28.0683314745902,69.59370929300044,331.55085574163246,402.27742867541167,286.50350994795014,3.384258304852125,3.3834030646809468,347.9685464650022,7.508546470773501,True
vector_thrust,cruise_27,0.7478468638568834,28.04425739463313,69.60531104564654,331.5013851299575,402.2292792393984,286.5512801539768,3.3872227367298584,3.383967196902225,348.0265552282328,7.527355652383153,True
vector_thrust,cruise_27,0.7469189764045173,28.009461615169403,69.62206690558652,331.42996891024785,402.15978604773125,286.62027239208913,3.391516383753324,3.3847819462569917,348.1103345279326,7.55453570731027,True
vector_thrust,cruise_27,0.7458888140386464,27.970830526449245,69.64065177844304,331.3508011193834,402.0827718712957,286.6967955891043,3.3962957519970796,3.3856856308902,348.2032588922152,7.584703292335041,True
vector_thrust,cruise_27,0.7449604132090305,27.93601549533865,69.65738464839947,331.27956203378,402.01349044900843,286.7656931659737,3.400614280665349,3.3864992623628876,348.28692324199733,7.611883347262158,True
vector_thrust,cruise_27,0.7443177975732598,27.911917408997247,69.66895773280132,331.2303123047374,401.9656050850985,286.81334533057594,3.403609739701725,3.3870620005987413,348.34478866400656,7.63069252887181,True
vector_thrust,cruise_27,0.7440884225295136,27.903315844856767,69.6730868434586,331.21274504261527,401.94852666546853,286.8303469399851,3.404680185671526,3.387262777536482,348.365434217293,7.637405448066729,True
vector_thrust,cruise_28,0.7440884225295136,27.903315844856767,69.67175655569235,331.1708880052497,401.9076932477649,286.8269697930208,3.4042098372232803,3.4042098372232803,348.3587827784618,7.637405448066729,True
vector_thrust,cruise_28,0.7438590372405063,27.89471389651899,69.67588483762988,331.15333250807225,401.89062962004044,286.843968114634,3.405280882370121,3.4044115820372136,348.3794241881494,7.644118367261647,True
vector_thrust,cruise_28,0.7432162350284618,27.870608813567323,69.68744844060922,331.1041704841701,401.8428511281225,286.8915815881872,3.4082857599582472,3.4049766832031576,348.43724220304614,7.6629275488712985,True
vector_thrust,cruise_28,0.7422871535158609,27.835768256844794,69.70414896764144,331.0332006736139,401.7738945014768,286.9603464967431,3.4126380522609554,3.405792820466438,348.52074483820724,7.690107603798416,True
vector_thrust,cruise_28,0.7412556667091945,27.7970875015948,69.72267214094398,330.95452903348917,401.6974766081436,287.03661620468716,3.417482789372751,3.406698028544509,348.61336070471987,7.720275188823186,True
vector_thrust,cruise_28,0.7403260733836399,27.762227751886503,69.73934916548421,330.88373757153687,401.62873308587257,287.1052843410677,3.421860464812878,3.4075130172658943,348.696745827421,7.747455243750305,True
vector_thrust,cruise_28,0.73968263295199,27.738098735699634,69.75088346139803,330.83479794471816,401.5812203307662,287.15277714190114,3.4248969949313066,3.408076686226003,348.75441730699015,7.766264425359956,True
vector_thrust,cruise_28,0.7394529636287914,27.729486136079682,69.75499870036741,330.8173414235586,401.56427496704987,287.1697217587367,3.425982126872521,3.4082777936440443,348.774993501837,7.772977344554874,True
vector_thrust,cruise_29,0.7394529636287914,27.729486136079682,69.7536575251257,330.7755151047539,401.5235200876074,287.16631695856154,3.425508354051753,3.425508354051753,348.7682876256285,7.772977344554874,True
vector_thrust,cruise_29,0.7392232841407578,27.720873155278422,69.75777190267894,330.7580704121617,401.50658958952033,287.18325816016227,3.4265940972225817,3.4257104398263856,348.7888595133947,7.779690263749792,True
vector_thrust,cruise_29,0.7385796578453098,27.69673716919912,69.76929652523587,330.7092190428724,401.45918432413015,287.23071147705485,3.429640238754959,3.426276494143496,348.84648262617935,7.798499445359444,True
vector_thrust,cruise_29,0.7376493861347637,27.661851980053644,69.78594051171099,330.63869862835935,401.39076756073524,287.29924408073293,3.434052363820822,3.427093996031985,348.92970255855494,7.825679500286562,True
vector_thrust,cruise_29,0.7366165791936058,27.623121719760224,69.80440063575412,330.5605264544712,401.3149496112827,287.37525474200663,3.4389637949410616,3.4280007011008378,349.0220031787706,7.855847085311332,True
vector_thrust,cruise_29,0.7356857972695884,27.588217397609572,69.82102059665766,330.49018560359093,401.2467472872829,287.4436884219506,3.4434018178130787,3.428817022962083,349.1051029832883,7.88302714023845,True
vector_thrust,cruise_29,0.7350415347489927,27.564057553087235,69.83251526006359,330.4415581464949,401.19960942344085,287.491018383865,3.446480253675384,3.429381605820031,349.16257630031794,7.901836321848101,True
vector_thrust,cruise_29,0.7348115721143773,27.555433954289153,69.83661632594507,330.42421310420644,401.1827979302377,287.50790476714786,3.447580370228093,3.4295830376857794,349.18308162972534,7.90854924104302,True
vector_thrust,cruise_30,0.7348115721143773,27.555433954289153,69.83526412009012,330.38241855432574,401.1421229037283,287.5044719500631,3.4471031356507087,3.4471031356507087,349.17632060045054,7.90854924104302,True
vector_thrust,cruise_30,0.7345815993965747,27.54680997737156,69.83936431950306,330.36508540426485,401.1253263498862,287.52135489372245,3.44820387707477,3.4473055577126424,349.1968215975153,7.915262160237938,True
vector_thrust,cruise_30,0.7339371517390063,27.52264319021274,69.8508491048079,330.3165467573421,401.0782965934995,287.5686445305628,3.451292121928312,3.4478725480426724,349.2542455240395,7.93407134184759,True
vector_thrust,cruise_30,0.7330056937773088,27.487713516649087,69.86743531309509,330.24647872705987,401.0104229916168,287.6369397393802,3.4557652983112788,3.4486913896657874,349.33717656547543,7.961251396774707,True
vector_thrust,cruise_30,0.7319715711020489,27.44893391632684,69.88583102890179,330.1688093362946,400.93520864679726,287.7126857586401,3.460744784385766,3.44959956454993,349.42915514450897,7.991418981799478,True
vector_thrust,cruise_30,0.7310396045619174,27.413985171071907,69.90239270089539,330.0989220851022,400.86755081923405,287.78087993705543,3.465244387896113,3.4504171948450497,349.51196350447697,8.018599036726595,True
vector_thrust,cruise_30,0.7303945227181067,27.389794601929008,69.91384688303012,330.0506088660232,400.82079012901914,287.8280435652443,3.4683655868209624,3.4509826743644316,349.56923441515056,8.037408218336248,True
vector_thrust,cruise_30,0.7301642677611059,27.38116004104148,69.91793347275295,330.03337604079206,400.8041133208862,287.844870467068,3.469480994737926,3.451184424499469,349.58966736376476,8.044121137531166,True
vector_thrust,cruise_31,0.7301642677611059,27.38116004104148,69.91657009073889,329.99161431450295,400.7635194658019,287.8414092637048,3.469000260292791,3.469000260292791,349.5828504536944,8.044121137531166,True
vector_thrust,cruise_31,0.72993400280389,27.37252510514588,69.92065580489869,329.9743934451991,400.74685767077085,287.85823268640456,3.4701163069185212,3.4692030124189492,349.6032790244935,8.050834056726083,True
vector_thrust,cruise_31,0.7292887365646977,27.348327621176175,69.93209989865231,329.92616958916665,400.70020570572996,287.90535512727513,3.4732475176215356,3.469770921532734,349.6604994932615,8.069643238335736,True
vector_thrust,cruise_31,0.7283560963839993,27.31335361439998,69.94862710715196,329.8565569323515,400.63287856335745,287.97340790821636,3.4777829980790003,3.470591078421914,349.7431355357598,8.096823293262853,True
vector_thrust,cruise_31,0.7273206624697168,27.274524842614387,69.9669570489964,329.77939364268434,400.5582714835461,288.04888366185173,3.4828319371869987,3.4715006953171224,349.8347852449821,8.126990878287623,True
vector_thrust,cruise_31,0.7263875153812549,27.239531826797066,69.98345919986119,329.7099629807201,400.49116145017996,288.11683326494887,3.4873943881978424,3.472319608730011,349.9172959993059,8.154170933214742,True
vector_thrust,cruise_31,0.7257416170391389,27.215310638967715,69.99487204856534,329.6619660685596,400.44478021563634,288.16382705001985,3.4905592309914995,3.472885967312886,349.9743602428267,8.172980114824393,True
vector_thrust,cruise_31,0.7255110707699103,27.206665153871644,69.99894385998044,329.644846198782,400.42823890700953,288.1805932252286,3.4916902455310903,3.4730880295050914,349.9947192999022,8.179693034019312,True
vector_thrust,cruise_32,0.7255110707699103,27.206665153871644,69.99756914753218,329.60311835504,400.3877275456167,288.17710323705705,3.491205972075545,3.491205972075545,349.9878457376609,8.179693034019312,True
vector_thrust,cruise_32,0.7252805145848252,27.198019296930955,70.0016400657186,329.58601050492814,400.37120132383984,288.1938658616367,3.492337639162106,3.4914090478035704,350.00820032859303,8.18640595321423,True
vector_thrust,cruise_32,0.7246344326037575,27.173791222640915,70.01304261956034,329.5381035088684,400.3249294321114,288.240817610853,3.495512702334466,3.491977858529413,350.0652130978017,8.20521513482388,True
vector_thrust,cruise_32,0.7237006143219479,27.138773037073054,70.02950959054265,329.46894921551853,400.2581520466516,288.3086228679829,3.500111773525196,3.4927993051883277,350.14754795271324,8.232395189751,True
vector_thrust,cruise_32,0.7226638737591263,27.099895265967245,70.04777238257856,329.39229534571245,400.1841558914946,288.38382269157626,3.5052316019922762,3.493710335489761,350.23886191289273,8.26256277477577,True
vector_thrust,cruise_32,0.7217295502761568,27.064858135355884,70.06421377806885,329.32332426316526,400.1175969493583,288.451522635274,3.5098582023944163,3.4945305062982386,350.32106889034424,8.289742829702886,True
vector_thrust,cruise_32,0.7210828383202335,27.040606437008762,70.07558443197539,329.2756457272398,400.0715974519888,288.4983430315982,3.513067593889239,3.4950977257109748,350.3779221598769,8.308552011312539,True
vector_thrust,cruise_32,0.7208520017702392,27.031950066383978,70.07964115329614,329.25863955145485,400.0551924571042,288.51504719842166,3.5142145386251658,3.4953000932353806,350.39820576648066,8.315264930507457,True
vector_thrust,cruise_33,0.7208520017702392,27.031950066383978,70.07825496875212,329.21694665346945,400.0147649153804,288.51152807743046,3.513726686928735,3.513726686928735,350.39127484376064,8.315264930507457,True
vector_thrust,cruise_33,0.7206211554477308,27.023293329289906,70.08231036222229,329.19995256434345,399.9983750841774,288.52822706680047,3.514874279254279,3.5139300607245247,350.4115518111114,8.321977849702375,True
vector_thrust,cruise_33,0.7199742640631427,26.999034902367857,70.09280419220651,329.1564402301893,399.95656127133583,288.57143717216695,3.518094159853464,3.514456308328504,350.4640209610326,8.340787031312027,True
vector_thrust,cruise_33,0.7190392996505857,26.963973736896968,70.10710315927321,329.09766116501737,399.90025074618825,288.63031579248207,3.5227582846458243,3.515173379777501,350.53551579636604,8.367967086239144,True
vector_thrust,cruise_33,0.7180013239450903,26.925049647940895,70.12301067439978,329.03229639539404,399.8376453717481,288.6958179003244,3.527950706332483,3.5159711174135304,350.6150533719989,8.398134671263914,True
vector_thrust,cruise_33,0.7170659197337199,26.889971990014498,70.13737611480425,328.97329208712466,399.7811447950764,288.75497023565174,3.5326430685839783,3.516691522385279,350.68688057402125,8.425314726191033,True
vector_thrust,cruise_33,0.716418477467699,26.86569290503872,70.14733580728662,328.93239725199896,399.74199237037067,288.795981094808,3.5358981699832417,3.517190985790542,350.73667903643315,8.444123907800684,True
vector_thrust,cruise_33,0.7161873836930903,26.857026888490896,70.15089404843751,328.917789650161,399.7280085644151,288.81063280492685,3.537061468645631,3.5173694261641275,350.75447024218755,8.450836826995603,True
vector_thrust,cruise_34,0.7161873836930903,26.857026888490896,70.14949642318985,328.87590680265606,399.68744005157714,288.80708463552713,3.5365676269715154,3.5365676269715154,350.74748211594925,8.450836826995603,True
vector_thrust,cruise_34,0.7159562804780064,26.848360517925247,70.15305647564298,328.86128653954137,399.6734466699397,288.8217439160894,3.5377314835080678,3.5367471362004412,350.7652823782149,8.457549746190521,True
vector_thrust,cruise_34,0.7153086811566525,26.824075543374473,70.16304174984079,328.82028689923106,399.6342089283,288.86286042692706,3.540996911022183,3.5372506256537766,350.815208749204,8.476358927800172,True
vector_thrust,cruise_34,0.7143726900722801,26.78897587771051,70.1774977811203,328.7609498904508,399.5774320946229,288.9223862404655,3.5457271147145124,3.537979544978574,350.8874889056015,8.50353898272729,True
vector_thrust,cruise_34,0.7133335899388905,26.750009622708404,70.19150622150619,328.7019318240752,399.5212751517181,288.9800690019403,3.5509634680264046,3.5386858953339453,350.95753110753094,8.533706567752061,True
vector_thrust,cruise_34,0.7123972018004927,26.714895067518484,70.2040006664302,328.65097313875214,399.4729118308489,289.03151756196047,3.5557126192871924,3.5393159051969345,351.020003332151,8.560886622679178,True
vector_thrust,cruise_34,0.7117490942465345,26.690591034245053,70.21267180151035,328.6156159947651,399.43936049818365,289.0672228227284,3.5590071186474868,3.5397531315534274,351.06335900755175,8.57969580428883,True
vector_thrust,cruise_34,0.7115177662160116,26.68191623310044,70.21577139299902,328.6029788204778,399.42736974479755,289.07998605631036,3.560184497455325,3.5399094228672583,351.07885696499505,8.586408723483748,True
vector_thrust,cruise_35,0.7115177662160116,26.68191623310044,70.2143622741424,328.56535609647,399.39111029556705,289.0764086809883,3.5597328290660357,3.5597328290660357,351.071811370712,8.586408723483748,True
vector_thrust,cruise_35,0.7112864318510285,26.673241194413574,70.21746432703162,328.55269969070065,399.3791033968829,289.08918214807676,3.5609107477354525,3.5598901235693927,351.0873216351581,8.593121642678666,True
vector_thrust,cruise_35,0.7106381879143538,26.648932046788275,70.22616983134917,328.5171857597417,399.34541476731226,289.12502920776456,3.564215660172589,3.5603315499582786,351.13084915674585,8.611930824288319,True
vector_thrust,cruise_35,0.7097012931413778,26.61379849280167,70.23878548808321,328.465732548627,399.29661331952195,289.1769772835094,3.5690030382290767,3.560971246817249,351.1939274404161,8.639110879215435,True
vector_thrust,cruise_35,0.7086612029804935,26.574795111768513,70.25283749637295,328.4084380555611,399.2422816245558,289.23483989077147,3.5743328067170674,3.561683776157108,351.2641874818647,8.669278464240206,True
vector_thrust,cruise_35,0.7077239193538799,26.539646975770502,70.26554276860126,328.3566500115419,399.1931806062748,289.28715698039815,3.57914940783378,3.5623280171116534,351.32771384300634,8.696458519167324,True
vector_thrust,cruise_35,0.7070751905233641,26.51531964462616,70.27436002247083,328.3207185501268,399.15911841780405,289.3234641962307,3.5824907612445123,3.562775109936422,351.37180011235415,8.715267700776975,True
vector_thrust,cruise_35,0.7068436403598619,26.50663651349483,70.27751180805927,328.30787632559014,399.1469452695523,289.3364424501475,3.5836848977820344,3.5629349262173227,351.3875590402964,8.721980619971895,True
vector_thrust,cruise_36,0.7068436403598619,26.50663651349483,70.27609110621442,328.2699897760394,399.11047089425296,289.33283565403934,3.5832266743337637,3.5832266743337637,351.38045553107213,8.721980619971895,True
vector_thrust,cruise_36,0.7066120837150559,26.497953139314603,70.27924537217446,328.2571282538136,399.0982815426039,289.34582422247,3.5844213638743536,3.5833875305489147,351.3962268608723,8.728693539166812,True
vector_thrust,cruise_36,0.7059632159421511,26.47362059783067,70.28809730299393,328.22103938088424,399.0640814899016,289.38227451186975,3.5877733673675642,3.583838947163863,351.4404865149697,8.747502720776463,True
vector_thrust,cruise_36,0.7050254170351562,26.438453138818364,70.30092487852603,328.1687547840376,399.0145404885302,289.43509562513344,3.5926290552392004,3.584493107351339,351.50462439263015,8.774682775703582,True
vector_thrust,cruise_36,0.7039843196665884,26.39941198749707,70.3152125536225,328.1105367293118,398.9593872201093,289.49392910482635,3.5980350056072417,3.585221727361933,351.57606276811254,8.804850360728352,True
vector_thrust,cruise_36,0.7030461252416433,26.364229696561633,70.32813056606744,328.0579158669062,398.909545327932,289.54712261725507,3.6029205739875803,3.5858804995064957,351.6406528303372,8.83203041565547,True
vector_thrust,cruise_36,0.7023967642646032,26.339878659922626,70.33709527031996,328.02140767701815,398.87497006991276,289.5840372826478,3.6063098382749827,3.5863376671605236,351.6854763515998,8.850839597265121,True
vector_thrust,cruise_36,0.7021649881228366,26.331187054606378,70.34029972591443,328.00835954095254,398.86261373596784,289.5972325206322,3.6075211106016107,3.5865010828634563,351.70149862957214,8.85755251646004,True
vector_thrust,cruise_37,0.7021649881228366,26.331187054606378,70.33886725401884,327.9702077642255,398.8259232551011,289.5935958285143,3.6070562103447417,3.6070562103447417,351.6943362700942,8.85755251646004,True
vector_thrust,cruise_37,0.7019332053420664,26.322495200327495,70.3420742099839,327.95714026263187,398.81355065817064,289.60680146614385,3.608268049309498,3.607220694221144,351.71037104991956,8.864265435654957,True
vector_thrust,cruise_37,0.7012837029181728,26.298138859431482,70.35107390509431,327.92047402462407,398.778836957402,289.64386050567515,3.6116682075119435,3.6076822860540307,351.75536952547156,8.88307461726461,True
vector_thrust,cruise_37,0.7003449842230137,26.262936908363024,70.36411534124046,327.8673545267645,398.7285531745049,289.6975626691138,3.6165937502187058,3.608351177648771,351.82057670620236,8.910254672191726,True
vector_thrust,cruise_37,0.6993028622353175,26.22385733382441,70.37864084956911,327.8082089895642,398.67257473207735,289.7573759606507,3.622077608417358,3.6090961868886406,351.8932042478456,8.940422257216497,True
vector_thrust,cruise_37,0.6983637412916879,26.188640298438298,70.39177356418573,327.7547517589278,398.62198870591976,289.811453991535,3.627033709174807,3.6097697601304333,351.9588678209286,8.967602312143615,True
vector_thrust,cruise_37,0.6977137372708061,26.164265147655236,70.40088708207878,327.71766437435895,398.5868981133397,289.8489817317229,3.630471973065105,3.6102371899018606,352.0044354103939,8.986411493753266,True
vector_thrust,cruise_37,0.6974817312578936,26.155564922171017,70.40414469538217,327.70440944467157,398.5743577835487,289.8623959661738,3.6317007708670834,3.610404271972666,352.02072347691086,8.993124412948186,True
vector_thrust,cruise_38,0.6974817312578936,26.155564922171017,70.40270026033738,327.6659901214359,398.5374491378042,289.8587288853047,3.6312290588316136,3.6312290588316136,352.0135013016869,8.993124412948186,True
vector_thrust,cruise_38,0.6972497184468203,26.146864441755767,70.40596039631205,327.6527157567664,398.52489248399314,289.8721536133672,3.6324584374257216,3.6313972382162225,352.0298019815603,8.999837332143104,True
vector_thrust,cruise_38,0.6965995704499142,26.122483891871788,70.41510922684331,327.6154696722069,398.48966285610607,289.9098270608073,3.635907846599079,3.631869195426609,352.07554613421655,9.018646513752755,True
vector_thrust,cruise_38,0.6956599161568249,26.087246855880938,70.42836651316736,327.5615116734654,398.4386329853031,289.9644184840332,3.640904836561368,3.6325530939696797,352.1418325658368,9.045826568679873,True
vector_thrust,cruise_38,0.6946167519649808,26.048128198686786,70.44313207401473,327.50143463874815,398.3818256809364,290.0252207450223,3.6464683815631336,3.633314799293495,352.2156603700736,9.075994153704643,True
vector_thrust,cruise_38,0.6936766886251575,26.012875823443412,70.45648150105727,327.4471374048288,398.3304921816931,290.0801915892026,3.65149662799394,3.6340034510637684,352.2824075052863,9.103174208631762,True
vector_thrust,cruise_38,0.693026030553931,25.988476145772417,70.46574522934256,327.4094683002324,398.29488393469194,290.1183381675826,3.6549850137729987,3.6344813354609053,352.3287261467128,9.121983390241413,True
vector_thrust,cruise_38,0.6927937907379377,25.979767152672665,70.4690564999422,327.3960056736895,398.2821587792942,290.13197345995434,3.6562317387529797,3.6346521527072118,352.34528249971095,9.12869630943633,True
vector_thrust,cruise_39,0.6927937907379377,25.979767152672665,70.46759990746673,327.35731643872657,398.2450298699084,290.12827549831997,3.655753076307112,3.655753076307112,352.33799953733364,9.12869630943633,True
vector_thrust,cruise_39,0.6925615439631417,25.971057898617822,70.47091372268427,327.34383430610126,398.2322883279816,290.14192137721767,3.657000396645853,3.655925020815704,352.35456861342135,9.13540922863125,True
vector_thrust,cruise_39,0.6919107393614512,25.946652726054428,70.480213093157,327.30600583409824,398.19654043881354,290.1802150281827,3.660500186892393,3.6564075388745803,352.401065465785,9.154218410240901,True
vector_thrust,cruise_39,0.6909701335014593,25.911380006304732,70.49368826764763,327.25120564849055,398.1447610938487,290.23570412071336,3.665570265753179,3.6571067276053992,352.4684413382381,9.18139846516802,True
vector_thrust,cruise_39,0.6899259093428659,25.872221600357477,70.50869615532828,327.19019300527975,398.0871211506215,290.2975047355257,3.671215331661174,3.657885444493058,352.5434807766414,9.21156605019279,True
vector_thrust,cruise_39,0.6889848875685584,25.83693328382094,70.52226435357,327.1350520462722,398.03503675870917,290.35337688829134,3.6763173870809753,3.6585894599634634,352.61132176785,9.238746105119906,True
vector_thrust,cruise_39,0.6883335643287861,25.812508662329485,70.53167972318622,327.0967986360884,397.99890848156593,290.3921482093013,3.679857051900619,3.659077996890143,352.65839861593105,9.25755528672956,True
vector_thrust,cruise_39,0.6881010867378251,25.803790752668448,70.53504516302634,327.0831273879311,397.98599765083105,290.4060066719752,3.681122118256487,3.659252620054555,352.6752258151317,9.264268205924477,True
vector_thrust,cruise_40,0.6881010867378251,25.803790752668448,70.5335762126095,327.04416582924625,397.94864633881764,290.40227731963085,3.680636362744126,3.680636362744126,352.66788106304756,9.264268205924477,True
vector_thrust,cruise_40,0.6878686020259074,25.795072575971535,70.53694421953251,327.0304750022289,397.9357190575413,290.4161464639448,3.6819020394961477,3.6808121439995394,352.68472109766253,9.270981125119395,True
vector_thrust,cruise_40,0.6872171296754029,25.770642362827616,70.54639556900464,326.99206154139074,397.8994505168002,290.4550662564809,3.685453376099969,3.6813054238903202,352.7319778450232,9.289790306729046,True
vector_thrust,cruise_40,0.6862755561166717,25.735333354375193,70.56009071973553,326.9364153952473,397.846918230062,290.5114616343862,3.6905982366780985,3.682020194037871,352.8004535986776,9.316970361656164,True
vector_thrust,cruise_40,0.6852302540470833,25.69613452676563,70.57534326343242,326.87446293488074,397.7884417804129,290.5742702140582,3.6963267148208874,3.6828162468249457,352.87671631716205,9.347137946680935,True
vector_thrust,cruise_40,0.6842882576355436,25.660809661332888,70.58913234260015,326.81847444064,397.7356029942748,290.63105238067396,3.7015042945919228,3.683535919236369,352.94566171300073,9.374318001608053,True
vector_thrust,cruise_40,0.6836362579947655,25.63635967480371,70.59870081937794,326.7796340779925,397.6989522543679,290.67045449274,3.7050964318376316,3.684035312174254,352.99350409688964,9.393127183217704,True
vector_thrust,cruise_40,0.6834035386160835,25.627632698103135,70.60212095275446,326.7657532615416,397.6858548782234,290.68453828911777,3.706380266740654,3.6842138139875042,353.0106047637723,9.399840102412622,True
vector_thrust,cruise_41,0.6834035386160835,25.627632698103135,70.60063943385879,326.72651691945873,397.6482789835907,290.6807770041798,3.7058872711659836,3.7058872711659836,353.0031971692939,9.399840102412622,True
vector_thrust,cruise_41,0.6831708119527492,25.618905448228098,70.60406216331765,326.7126164496611,397.63516509135917,290.69487160196155,3.7071717322780424,3.7060669630983156,353.0203108165882,9.406553021607541,True
vector_thrust,cruise_41,0.6825186605945627,25.594449772296105,70.61366696592042,326.6736153369853,397.5983734515766,290.73442361885856,3.710775817079298,3.706571211495744,353.0683348296021,9.425362203217192,True
vector_thrust,cruise_41,0.6815761030386607,25.55910386394978,70.62758423182643,326.6171193673385,397.5450846725781,290.79173410810455,3.7159972053709076,3.7073018625377214,353.1379211591322,9.45254225814431,True
vector_thrust,cruise_41,0.6805297049280191,25.519863934800725,70.64308381778042,326.55422278166856,397.4857677566095,290.8555604990158,3.721811046608323,3.708115584766209,353.21541908890214,9.482709843169081,True
vector_thrust,cruise_41,0.6795867175082692,25.4845019065601,70.6570959388695,326.4973828520786,397.432170991178,290.91326159637293,3.7270659201594176,3.7088512156683695,353.28547969434754,9.509889898096198,True
vector_thrust,cruise_41,0.6789340301171519,25.460026129393203,70.66681902439922,326.4579528276415,397.39499529791726,290.953300695464,3.730711760889704,3.7093616738734143,353.3340951219961,9.52869907970585,True
vector_thrust,cruise_41,0.6787010648961928,25.45128993360723,70.67029438845688,326.4438614738929,397.3817104855667,290.9676120419454,3.732014805009453,3.70954412913346,353.35147194228443,9.535411998900768,True
vector_thrust,cruise_42,0.6787010648961928,25.45128993360723,70.66880009837924,326.40434784012945,397.34390778651846,290.9638183173658,3.7315144187465252,3.7315144187465252,353.34400049189617,9.535411998900768,True
vector_thrust,cruise_42,0.6784680922253162,25.442553458449364,70.67227808137686,326.3902367568049,397.33060639097215,290.9781405623905,3.732818105081883,3.7316980967863844,353.3613904068843,9.542124918095686,True
vector_thrust,cruise_42,0.6778152504831174,25.41807189311691,70.68203784718224,326.3506452665373,397.29328914642747,291.0183310347402,3.7364761779313684,3.7322135262577754,353.4101892359112,9.560934099705339,True
vector_thrust,cruise_42,0.6768716924612119,25.382688467295452,70.6961794193663,326.293295519466,397.2392402402459,291.0765656765518,3.741775895231251,3.732960366214878,353.48089709683154,9.588114154632455,True
vector_thrust,cruise_42,0.6758241799894035,25.343406749602636,70.71192849200195,326.2294503990116,397.17907880398263,291.1414199651603,3.7476771123168464,3.7337921009455384,353.5596424600097,9.618281739657226,True
vector_thrust,cruise_42,0.674880185018395,25.308006938189816,70.7261658686504,326.17175504231227,397.1247203891023,291.20004912736874,3.753011105309704,3.734544000495816,353.63082934325195,9.645461794584344,True
vector_thrust,cruise_42,0.6742267984080632,25.283504940302375,70.73604510112975,326.13173258314646,397.0870171928324,291.2407315605042,3.7567119197625907,3.735065739201035,353.6802255056487,9.664270976193995,True
vector_thrust,cruise_42,0.6739935832475147,25.274759371781805,70.7395762460894,326.11742970035397,397.0735440323628,291.25527272744347,3.758034627803199,3.735252224841804,353.697881230447,9.670983895388913,True
vector_thrust,cruise_43,0.6739935832475147,25.274759371781805,70.73806896395969,326.0776362170781,397.0355122644842,291.2514459942182,3.757526695214803,3.757526695214803,353.6903448197985,9.670983895388913,True
vector_thrust,cruise_43,0.6737603604701851,25.266013517631947,70.74160275789457,326.06331352670463,397.02202245211566,291.2659981838999,3.758850062326995,3.7577144376001366,353.70801378947283,9.677696814583832,True
vector_thrust,cruise_43,0.6731068168475025,25.24150563178135,70.75151903376953,326.0231288691682,396.98417703773305,291.30683349462237,3.762563402608886,3.7582412668133727,353.7575951688476,9.696505996193483,True
vector_thrust,cruise_43,0.6721622417164718,25.206084064367698,70.76588715670789,325.96492129809747,396.92936428340795,291.3660015504614,3.767943307726963,3.7590046125490835,353.82943578353945,9.723686051120602,True
vector_thrust,cruise_43,0.6711135963689935,25.16675986383726,70.78188821998853,325.90012313014716,396.8683541770095,291.4318940689021,3.7739339777935816,3.759854712696091,353.9094410999426,9.753853636145372,True
vector_thrust,cruise_43,0.6701685771276862,25.13132164228824,70.7963531197634,325.8415682612149,396.8132303558173,291.4914606525999,3.7793489743879345,3.760623199965307,353.981765598817,9.781033691072489,True
vector_thrust,cruise_43,0.669514479706998,25.10679298901243,70.8063900748383,325.80095052957364,396.7749970466924,291.5327929213223,3.783106073558471,3.7611564405903204,354.0319503741915,9.799842872682142,True
vector_thrust,cruise_43,0.6692810104658167,25.098037892468128,70.80997756433182,325.78643510282217,396.76133460467196,291.54756623441165,3.7844489148260023,3.761347035758425,354.04988782165907,9.80655579187706,True
vector_thrust,cruise_44,0.6692810104658167,25.098037892468128,70.80845708058904,325.7463591616901,396.72307146009814,291.5437059716801,3.783933276524424,3.783933276524424,354.0422854029452,9.80655579187706,True
vector_thrust,cruise_44,0.6690475334393632,25.089282503976126,70.81204723993255,325.73182384754256,396.7093922958497,291.55849039784283,3.7852767938052763,3.784125162958553,354.06023619966277,9.813268711071977,True
vector_thrust,cruise_44,0.6683932763168475,25.064747861881788,70.82212161040113,325.6910431679347,396.6710160860645,291.5999770852482,3.789046722032741,3.7846636168980154,354.1106080520056,9.83207789268163,True
vector_thrust,cruise_44,0.6674476672553123,25.02928752207422,70.83671858322685,325.6319736318908,396.6154356749534,291.6600880421136,3.7945087336203103,3.785443794433348,354.1835929161343,9.859257947608747,True
vector_thrust,cruise_44,0.6663978703188463,24.98992013695674,70.8529742020637,325.56621779855533,396.55357265087923,291.72702937401755,3.800591000787133,3.7863126231138433,354.26487101031853,9.889425532633517,True
vector_thrust,cruise_44,0.6654518099082006,24.954442871557525,70.86766894772246,325.5067992371393,396.49767957814305,291.78754296358085,3.8060889460128586,3.7870980264017224,354.3383447386123,9.916605587560635,True
vector_thrust,cruise_44,0.6647969899609646,24.929887123536176,70.87786523940743,325.4655833292422,396.45891348497133,291.829531727757,3.8099036833104414,3.7876429967740948,354.3893261970372,9.935414769170286,True
vector_thrust,cruise_44,0.6645632624533808,24.921122342001787,70.88150965076503,325.45085432000917,396.4450608060362,291.8445395692135,3.811267142304832,3.787837782905755,354.40754825382515,9.942127688365204,True
vector_thrust,cruise_45,0.6645632624533808,24.921122342001787,70.87997574329387,325.4104932611826,396.40656393260474,291.84064521545383,3.8107436338516973,3.8107436338516973,354.39987871646935,9.942127688365204,True
vector_thrust,cruise_45,0.6643295269903776,24.912357262139167,70.88362284363619,325.39574428289274,396.3926944594536,291.855664254137,3.812107786262464,3.8109397467200963,354.4181142181809,9.948840607560124,True
vector_thrust,cruise_45,0.6636745446230055,24.88779542336271,70.8938569317942,325.3543646600515,396.3537847670505,291.8978090157023,3.8159356657526313,3.8114900569132377,354.469284658971,9.967649789169775,True
vector_thrust,cruise_45,0.6627278846272745,24.8522956735228,70.908685109578,325.2944289218708,396.2974328011417,291.9588725914205,3.8214817647402093,3.8122874017527706,354.54342554789,9.994829844096893,True
vector_thrust,cruise_45,0.661676917185165,24.812884394443692,70.92519791131663,325.22771069808437,396.23471251226846,292.0268735780552,3.8276578428494767,3.813175332653288,354.62598955658314,10.024997429121663,True
vector_thrust,cruise_45,0.6607297985220484,24.777367444576818,70.94012488213207,325.16742416699657,396.1780462526812,292.08834399107036,3.833240745096523,3.8139779898187927,354.70062441066034,10.05217748404878,True
vector_thrust,cruise_45,0.6600742442041798,24.75278415765675,70.9504821636927,325.12560711177105,396.1387446417403,292.13099607253565,3.83711451808017,3.8145349244013436,354.7524108184635,10.070986665658433,True
vector_thrust,cruise_45,0.6598402541986806,24.744009532450526,70.95418408831878,325.110663457476,396.12470074816997,292.14624088265344,3.8384990951206084,3.8147339853068685,354.77092044159394,10.07769958485335,True
vector_thrust,cruise_46,0.6598402541986806,24.744009532450526,70.95263652025099,325.0700145686181,396.0859677485548,292.1423118276668,3.8379675467464294,3.8379675467464294,354.763182601255,10.07769958485335,True
vector_thrust,cruise_46,0.6596062560659286,24.735234602472328,70.95634116063921,325.0550508617242,396.0719069870891,292.1575679479731,3.839352835548765,3.838167971307523,354.7817058031961,10.084412504048268,True
vector_thrust,cruise_46,0.6589505365801468,24.71064512175551,70.96673662907938,325.0130693068616,396.0324610620085,292.20037764416423,3.8432400741792954,3.838730376060329,354.8336831453969,10.103221685657921,True
vector_thrust,cruise_46,0.6580028084600714,24.675105317252683,70.98179842420066,324.95226303135286,395.97533355219014,292.2624037930525,3.8488723063375168,3.8395452335350764,354.90899212100334,10.130401740585038,True
vector_thrust,cruise_46,0.6569506513877039,24.635649427038906,70.99857110009356,324.8845775828219,395.91175154987957,292.33147553940205,3.8551444818232716,3.8404526512905814,354.9928555004678,10.160569325609808,True
vector_thrust,cruise_46,0.6560024572007066,24.600092145026505,71.0137327332493,324.8234187060786,395.85430807630956,292.39391283242963,3.8608144154565163,3.841272910098172,355.0686636662465,10.187749380536927,True
vector_thrust,cruise_46,0.6553461565373201,24.57548087014951,71.02425269818369,324.78099746386914,395.81446815012976,292.43723521904207,3.8647486676601,3.84184205023,355.1212634909184,10.206558562146578,True
vector_thrust,cruise_46,0.655111899755609,24.56669624083534,71.02801274184284,324.76583807741196,395.8002320414128,292.4527194973734,3.8661548795359373,3.8420454721764776,355.14006370921425,10.213271481341497,True
vector_thrust,cruise_47,0.655111899755609,24.56669624083534,71.02645128185108,324.7248985926627,395.76126047224034,292.4487551581794,3.865615116958076,3.865615116958076,355.13225640925543,10.213271481341497,True
vector_thrust,cruise_47,0.6548776346730962,24.557911300241113,71.03021406470829,324.7097190681466,395.7470074202229,292.46425084752616,3.867022059373746,3.865819940435455,355.15107032354143,10.219984400536415,True
vector_thrust,cruise_47,0.6542211660639008,24.533293727396284,71.04077261646776,324.66713252354896,395.7070224483373,292.5077325057105,3.8709701114263395,3.866394685077801,355.2038630823388,10.238793582146066,True
vector_thrust,cruise_47,0.6532723524386388,24.49771321644896,71.05607050000778,324.6054512756068,395.64911531262055,292.57073142433006,3.876690590053177,3.8672274107019398,355.2803525000389,10.265973637073184,True
vector_thrust,cruise_47,0.6522189863987131,24.458211989951746,71.07310580680034,324.5367936567059,395.5846670447379,292.6408853056478,3.883061224956786,3.868154711295128,355.3655290340017,10.296141222097955,True
vector_thrust,cruise_47,0.6512696992238691,24.422613720895097,71.08850459875498,324.4747579576216,395.52644223643335,292.70429977985583,3.8888203330574136,3.86899292977207,355.4425229937749,10.323321277025071,True
vector_thrust,cruise_47,0.6506126401063059,24.397974003986477,71.09918898177932,324.43172941886445,395.48606113255005,292.74829962956625,3.892816555904743,3.8695745239186836,355.49594490889666,10.342130458634724,True
vector_thrust,cruise_47,0.6503781122222403,24.389179208334017,71.10300776500264,324.4163531881512,395.4716317849372,292.76402593659975,3.894244936565077,3.869782395722309,355.5150388250133,10.348843377829642,True
vector_thrust,cruise_48,0.6503781122222403,24.389179208334017,71.10143165481222,324.37512028707937,395.4324191558828,292.7600237639337,3.8936967543058634,3.8936967543058634,355.50715827406106,10.348843377829642,True
vector_thrust,cruise_48,0.6501435758625916,24.38038409484719,71.10525357399322,324.3597238309143,395.417972787825,292.77576298358343,3.8951259035254977,3.8939060853056273,355.5262678699661,10.35555629702456,True
vector_thrust,cruise_48,0.6494863459919825,24.355737974699352,71.11597695288975,324.3165291686731,395.3774458897421,292.81992379968716,3.8991362715759452,3.8944934224157968,355.5798847644488,10.374365478634212,True
vector_thrust,cruise_48,0.6485364292877608,24.320116098291034,71.13151345497846,324.2539684114375,395.3187549515257,292.8839059287047,3.90494718024385,3.895344382204931,355.6575672748923,10.401545533561329,True
vector_thrust,cruise_48,0.6474818347278043,24.280568802292667,71.14881421517559,324.18433356315586,395.2534357605033,292.95515359214926,3.9114187152895403,3.8962919733150128,355.74407107587797,10.4317131185861,True
vector_thrust,cruise_48,0.6465314369063473,24.244928883988027,71.16445272183066,324.12141646248494,395.19442540134054,293.01955579454744,3.9172692124520956,3.8971485200635203,355.8222636091533,10.458893173513218,True
vector_thrust,cruise_48,0.6458736070906219,24.220260265898325,71.1753032988706,324.0777774464175,395.15350019107734,293.0642404357701,3.921328947202552,3.8977428240270844,355.876516494353,10.477702355122869,True
vector_thrust,cruise_48,0.6456388037296581,24.211455139862185,71.17918145691122,324.06218323389913,395.1388765571462,293.08021139289633,3.922780048451697,3.897955237126134,355.8959072845561,10.484415274317788,True
vector_thrust,cruise_49,0.6456388037296581,24.211455139862185,71.17759164259968,324.020654040626,395.0994203301983,293.07617522005205,3.9222233207362245,3.9222233207362245,355.8879582129984,10.484415274317788,True
vector_thrust,cruise_49,0.6454039920375872,24.202649701409527,71.1814725769798,324.00503952788205,395.08477961027904,293.0921577565371,3.923675189732987,3.922437214196787,355.907362884899,10.491128193512706,True
vector_thrust,cruise_49,0.6447459882874602,24.177974560779763,71.1923625756069,323.9612335328681,395.0437078256993,293.1370051270453,3.9277494289838297,3.9230374042407195,355.9618128780345,10.509937375122357,True
vector_thrust,cruise_49,0.6437949511010045,24.142310666287674,71.20814028565614,323.8977886426282,394.9842288273858,293.2019811507281,3.9336530224081234,3.9239069750107967,356.0407014282807,10.537117430049475,True
vector_thrust,cruise_49,0.6427391080225212,24.10271655084455,71.22564873748891,323.82717138002795,394.91803393867093,293.27408474196113,3.940224625747763,3.924871933649385,356.1282436874446,10.567285015074246,True
vector_thrust,cruise_49,0.6417875861327648,24.067034479978684,71.24099084997492,323.76515481287,394.86002031709336,293.33726688073443,3.946160699733591,3.925717496950341,356.20495424987456,10.594465070001363,True
vector_thrust,cruise_49,0.6411289814731945,24.042336805244798,71.25158470879082,323.7226081745909,394.82025408084957,293.38089468387983,3.9502827526707844,3.9263013655872263,356.2579235439541,10.613274251611015,True
vector_thrust,cruise_49,0.6408939021928153,24.033521332230574,71.25536100855844,323.70744576714776,394.80608602397945,293.3964463035382,3.9517560875571363,3.9265094921101467,356.2768050427922,10.619987170805933,True
vector_thrust,cruise_50,0.6408939021928153,24.033521332230574,71.2537565178762,323.66686313103025,394.7676293804335,293.3923727734777,3.951205803321537,3.951205803321537,356.26878258938103,10.619987170805933,True
vector_thrust,cruise_50,0.6406588146815458,24.024705550557975,71.25753014577445,323.65172597887494,394.7534898025496,293.4079135551884,3.952680187407823,3.951415095834164,356.2876507288722,10.62670009000085,True
vector_thrust,cruise_50,0.6400000414930913,24.00000155599093,71.26809090975813,323.6093752015027,394.7139398747586,293.4514054413752,3.95681749208809,3.952000814513468,356.34045454879066,10.645509271610504,True
vector_thrust,cruise_50,0.6390478978715464,23.964296170182994,71.28331792596778,323.5483396258193,394.65696651306007,293.5141141295095,3.9628121605968643,3.952845331806582,356.41658962983894,10.67268932653762,True
vector_thrust,cruise_50,0.637990837516421,23.924656406865793,71.30017183189848,323.4808211822445,394.5939773755129,293.5835227600407,3.9694881051976334,3.953780079295629,356.5008591594924,10.70285691156239,True
vector_thrust,cruise_50,0.637038224816468,23.888933430617556,71.3153143853797,323.42019296371075,394.53744847961985,293.64588361011107,3.9755231691700676,3.954619912145982,356.57657192689845,10.730036966489509,True
vector_thrust,cruise_50,0.6363788666985093,23.864207501194105,71.32576982738352,323.3783501518797,394.49845279106376,293.68894175430466,3.979710846782,3.9551997894877466,356.6288491369176,10.74884614809916,True
vector_thrust,cruise_50,0.6361435188697347,23.85538195761506,71.32949666272638,323.363439065474,394.484559872645,293.70428980114224,3.981207653146079,3.9554064863802427,356.6474833136319,10.75555906729408,True
vector_thrust,cruise_51,0.6361435188697347,23.85538195761506,71.3278772457309,323.3230374272183,394.44633743645494,293.700178197454,3.9806545070808723,3.9806545070808723,356.63938622865453,10.75555906729408,True
vector_thrust,cruise_51,0.6359081630208272,23.846556113281025,71.3316014661959,323.3081517143665,394.43247312409767,293.71551560574846,3.9821523925393834,3.980862382077166,356.6580073309795,10.762271986488997,True
vector_thrust,cruise_51,0.635248638890651,23.821823958399413,71.34202336198679,323.26650580943664,394.3936948422617,293.75843597206494,3.986355675978854,3.981444101675267,356.710116809934,10.781081168098648,True
vector_thrust,cruise_51,0.6342954125363892,23.7860779701146,71.35704924379893,323.2064897273787,394.33783750083677,293.82031687785616,3.9924460580678245,3.9822828022441663,356.78524621899464,10.808261223025767,True
vector_thrust,cruise_51,0.6332371537823825,23.746393266839355,71.37367926808824,323.1401041116495,394.27608837739854,293.8888041040449,3.999228753953395,3.9832110413323374,356.86839634044117,10.838428808050537,True
vector_thrust,cruise_51,0.6322834643838822,23.710629914395582,71.38861953436748,323.0804976819344,394.22067788641357,293.9503324204312,4.005360466383201,3.9840449630937727,356.9430976718374,10.865608862977655,True
vector_thrust,cruise_51,0.6316233628486912,23.685876106825926,71.39893466947562,323.0393626045893,394.182456817387,293.9928131155299,4.009615288488383,3.9846207236242783,356.9946733473781,10.884418044587306,True
vector_thrust,cruise_51,0.6313877500309866,23.677040626162,71.4026113665793,323.0247042312102,394.1688404878537,294.00795481236594,4.011136110479456,3.9848259460525557,357.0130568328965,10.891130963782224,True
vector_thrust,cruise_52,0.6313877500309866,23.677040626162,71.40097697952213,322.9844865583979,394.13085541631887,294.003805225289,4.010580104845552,4.010580104845552,357.0048848976106,10.891130963782224,True
vector_thrust,cruise_52,0.6311521294135385,23.668204853007698,71.40465098754628,322.9698536757042,394.11726781858937,294.0189359928287,4.012102029927417,4.010786507464115,357.0232549377314,10.897843882977142,True
vector_thrust,cruise_52,0.6304918643552027,23.643444913320106,71.41493213001215,322.9289165360691,394.07926523840604,294.0612770688825,4.016372823300742,4.0113640927681855,357.07466065006076,10.916653064586795,True
vector_thrust,cruise_52,0.6295375697725001,23.60765886646876,71.42975415651779,322.86992556189625,394.02452976589706,294.1223189767946,4.022561143028521,4.012196780839166,357.1487707825889,10.943833119513911,True
vector_thrust,cruise_52,0.6284781287655382,23.56792982870769,71.44615728149839,322.8046789899574,393.9640271313596,294.18987236055494,4.02945307456615,4.013118293595495,357.2307864074919,10.974000704538682,True
vector_thrust,cruise_52,0.627523377258139,23.53212664718022,71.46089254544206,322.7460999354602,393.90974086372165,294.25055695214036,4.035683688261981,4.013946107424288,357.30446272721036,11.0011807594658,True
vector_thrust,cruise_52,0.6268625424257241,23.50734534096466,71.47106549692056,322.7056764507112,393.87229843225765,294.29245246266817,4.0400072219472,4.0145176146565715,357.3553274846028,11.019989941075451,True
vector_thrust,cruise_52,0.6266266682355617,23.498500058833567,71.47469138641529,322.6912721657519,393.8589601239491,294.3073850505083,4.04155262046281,4.014721313855837,357.37345693207646,11.02670286027037,True
vector_thrust,cruise_53,0.6266266682355617,23.498500058833567,71.47304077003675,322.65124103617813,393.82121520001976,294.3031930432032,4.040993690599542,4.040993690599542,357.3652038501838,11.02670286027037,True
vector_thrust,cruise_53,0.6263907864687102,23.489654492576637,71.47666505763519,322.63686235767875,393.8079057477471,294.31811874161724,4.042540276436138,4.0411986311321115,357.3833252881759,11.033415779465289,True
vector_thrust,cruise_53,0.6257297906358682,23.464867148845062,71.48680358142659,322.5966378289333,393.77068287357656,294.3598728354558,4.046880158583991,4.0417719447547515,357.43401790713295,11.05222496107494,True
vector_thrust,cruise_53,0.6247744425311514,23.429041594918186,71.50141906039869,322.53867750827186,393.71707504408243,294.42006464376396,4.053168709329408,4.042598421406548,357.50709530199344,11.079405016002058,True
vector_thrust,cruise_53,0.6237138356411106,23.38926883654165,71.51759230238295,322.4745761194117,393.6578252900003,294.4866718814405,4.060172438542346,4.043512986499831,357.5879615119148,11.109572601026828,True
vector_thrust,cruise_53,0.6227580368158365,23.353426380593877,71.53211987988921,322.4170299570346,393.604668988703,294.546501679903,4.066504276853529,4.044334492497087,357.6605993994461,11.136752655953947,True
vector_thrust,cruise_53,0.6220964789453413,23.328617960450302,71.54214879254788,322.3773218746581,393.5680091603746,294.5878043556682,4.0708981383345915,4.0449016078261675,357.71074396273934,11.155561837563598,True
vector_thrust,cruise_53,0.6218603470488052,23.319763014330203,71.54572321280027,322.3631730362141,393.55495028685766,294.6025251061385,4.072468691870344,4.045103734276636,357.7286160640013,11.162274756758515,True
vector_thrust,cruise_54,0.6218603470488052,23.319763014330203,71.54405829599304,322.3233310219722,393.51744828298246,294.5982981335172,4.071906936166035,4.071906936166035,357.72029147996517,11.162274756758515,True
vector_thrust,cruise_54,0.621624207802742,23.310907792602826,71.54762976104477,322.309207904428,393.5044183882362,294.613006935573,4.073478637064427,4.072110239693222,357.7381488052239,11.168987675953435,True
vector_thrust,cruise_54,0.6209624914921316,23.28609343095494,71.55762379810656,322.2696997836339,393.4679791717415,294.65416635027793,4.077889235103308,4.072679140828385,357.78811899053284,11.187796857563086,True
vector_thrust,cruise_54,0.6200061047787059,23.250228929201477,71.5720300338162,322.2127755916444,393.4155046828609,294.71349695166464,4.084280380476103,4.073499202209745,357.860150169081,11.214976912490204,True
vector_thrust,cruise_54,0.6189443486051484,23.21041307269307,71.58797041521137,322.1498254464761,393.35751411539286,294.7791457707588,4.091398548483173,4.074406593336966,357.93985207605687,11.245144497514975,True
vector_thrust,cruise_54,0.6179875174598978,23.17453190474617,71.60228763406606,322.093317621813,393.3054934460468,294.8381097597989,4.097834006926752,4.075221587440725,358.0114381703303,11.272324552442091,True
vector_thrust,cruise_54,0.6173252469535652,23.1496967607587,71.61217066110714,322.0543287020026,393.2696201326291,294.87881198729553,4.102299862691596,4.075784169382002,358.0608533055357,11.291133734051744,True
vector_thrust,cruise_54,0.6170888610678004,23.140832290042518,71.6156929535112,322.04043665042656,393.25684208822145,294.8933181852538,4.103896167750923,4.075984672536494,358.078464767556,11.297846653246662,True
vector_thrust,cruise_55,0.6170888610678004,23.140832290042518,71.61401221344894,322.0007863176756,393.21958576597933,294.889050839088,4.103331507549891,4.103331507549891,358.07006106724475,11.297846653246662,True
vector_thrust,cruise_55,0.6168524680618688,23.13196755232008,71.61753174791981,321.98692009997933,393.2068368214598,294.90354581126337,4.104929000421674,4.1035332026479585,358.0876587395991,11.30455957244158,True
vector_thrust,cruise_55,0.6161900417077949,23.107126564042314,71.62737945990477,321.9481321340004,393.17118515989307,294.9441029660224,4.109411993337766,4.104097548629968,358.13689729952387,11.32336875405123,True
vector_thrust,cruise_55,0.6152326314972651,23.071223681147448,71.64157379911832,321.8922494729518,393.1198496302317,295.0025614194297,4.1159081723601085,4.104910988169571,358.2078689955916,11.350548808978349,True
vector_thrust,cruise_55,0.6141697428594212,23.031365357228296,71.65727836133412,321.8304565507047,393.0631244673602,295.0672396270391,4.12314350319326,4.105810974542006,358.28639180667057,11.38071639400312,True
vector_thrust,cruise_55,0.6132118945899813,22.995446047124304,71.67138254876672,321.7749924356079,393.01224501569436,295.1253267962594,4.129685051675629,4.106619247724642,358.3569127438336,11.407896448930238,True
vector_thrust,cruise_55,0.6125489219870487,22.97058457451433,71.68111784350081,321.73672638729687,392.9771620734419,295.1654209679605,4.134224620052703,4.107177151375327,358.4055892175041,11.426705630539889,True
vector_thrust,cruise_55,0.6123122858780994,22.961710720428734,71.68458734951656,321.7230924446012,392.9646662325981,295.179709900509,4.135847291709059,4.107375979466668,358.4229367475828,11.433418549734807,True
vector_thrust,cruise_56,0.6123122858780994,22.961710720428734,71.68289071135264,321.6836363524505,392.9276583415048,295.17540217813297,4.1352797224285345,4.1352797224285345,358.4144535567632,11.433418549734807,True
vector_thrust,cruise_56,0.6120756428817336,22.952836608065017,71.68635743125238,321.67002835516337,392.9151917200494,295.1896797667022,4.136903611614719,4.135479745269394,358.43178715626186,11.440131468929726,True
vector_thrust,cruise_56,0.611412517058789,22.92796938970459,71.69605698904294,321.6319642393653,392.88033145487015,295.2296271208974,4.141460731153438,4.136039390424611,358.48028494521475,11.458940650539377,True
vector_thrust,cruise_56,0.6104540986654056,22.892028699952718,71.71003679272107,321.5771284367687,392.8301404220532,295.28720254662926,4.148064459628589,4.136845997237991,358.5501839636054,11.486120705466496,True
vector_thrust,cruise_56,0.6093900946070641,22.852128547764906,71.72550262150651,321.5164986332158,392.7746867913772,295.35089812470403,4.155419764716763,4.1377383447387555,358.6275131075325,11.516288290491266,True
vector_thrust,cruise_56,0.6084312446108512,22.816171672906925,71.73939116275704,321.46208352389715,392.72495406122175,295.4080976887171,4.162069953462404,4.138539685892014,358.6969558137852,11.543468345418383,True
vector_thrust,cruise_56,0.6077675805896358,22.791284272111348,71.74897691837452,321.42454400342194,392.69066528945217,295.4475763518844,4.16668500870852,4.139092764888637,358.7448845918726,11.562277527028035,True
vector_thrust,cruise_56,0.6075306980730967,22.782401177741132,71.75239299363035,321.4111694727982,392.6784530062552,295.4616453611401,4.1683346820643115,4.139289865623523,358.76196496815174,11.568990446222953,True
vector_thrust,cruise_57,0.6075306980730967,22.782401177741132,71.75068020907722,321.371910173,392.64169628332445,295.45729661915004,4.167764189922905,4.167764189922905,358.75340104538606,11.568990446222953,True
vector_thrust,cruise_57,0.6072938089050444,22.77351783393917,71.75409346947266,321.3585616978085,392.6295133373435,295.47135416422105,4.169415111424348,4.167962487726396,358.7704673473633,11.575703365417871,True
vector_thrust,cruise_57,0.6066299943259121,22.74862478722171,71.76364306123926,321.32122507453937,392.5954482526365,295.51068424781164,4.174048144591994,4.168517283684564,358.8182153061963,11.594512547027524,True
vector_thrust,cruise_57,0.6056705832632199,22.71264687237075,71.77740571540146,321.2674413809462,392.5464071710195,295.56736586854015,4.180762018706116,4.169316842984004,358.8870285770073,11.62169260195464,True
vector_thrust,cruise_57,0.604605481049099,22.672705539341216,71.79262991526653,321.2079805059639,392.49223110721675,295.630066879005,4.1882401989598375,4.170201312682596,358.9631495763326,11.65186018697941,True
vector_thrust,cruise_57,0.6036456449224513,22.636711684591926,71.80630020688115,321.1546196208195,392.44365051823837,295.6863681037117,4.195001659187366,4.170995506059663,359.0315010344057,11.67904024190653,True
vector_thrust,cruise_57,0.6029813002988782,22.611798761207936,71.81573462464365,321.11781023043164,392.41015965778064,295.7252238420823,4.199694031993089,4.171543610834218,359.07867312321827,11.69784942351618,True
vector_thrust,cruise_57,0.6027441752394441,22.602906571479156,71.81909662786582,321.1046963957214,392.3982322653899,295.73907028400265,4.201371362377095,4.171738930785541,359.0954831393291,11.704562342711098,True
vector_thrust,cruise_58,0.6027441752394441,22.602906571479156,71.81736744955907,321.06563643191953,392.3617294342778,295.7346798890057,4.200797933366848,4.200797933366848,359.08683724779536,11.704562342711098,True
vector_thrust,cruise_58,0.6025070437675174,22.59401414128191,71.82072661366489,321.0525487611157,392.34983149521037,295.74851476336806,4.202476543714626,4.2009944524617735,359.1036330683244,11.711275261906017,True
vector_thrust,cruise_58,0.6018425512823502,22.569095673088135,71.83012444502174,321.0159432182511,392.31656531616454,295.78722017783485,4.207187334958902,4.201544248059514,359.1506222251087,11.730084443515668,True
vector_thrust,cruise_58,0.6008821632622422,22.533081122334085,71.84366735964684,320.96321680514853,392.2686795546315,295.8429973150126,4.2140140343873,4.202336540944047,359.21833679823425,11.757264498442787,True
vector_thrust,cruise_58,0.5998159803770042,22.493099264137662,71.8586470557147,320.904930580383,392.2157869970174,295.90469190724747,4.221618083831691,4.203212889012718,359.2932352785735,11.787432083467557,True
vector_thrust,cruise_58,0.5988551739140798,22.457069021778,71.87209652933892,320.85262905788204,392.16836388251136,295.96008419910004,4.228493532231889,4.203999715316709,359.3604826466946,11.814612138394674,True
vector_thrust,cruise_58,0.5981901596407395,22.43213098652774,71.8813778286633,320.81655334427927,392.1356746141714,295.9983096708603,4.2332651125017815,4.204542693512004,359.4068891433165,11.833421320004327,True
vector_thrust,cruise_58,0.5979527959518486,22.423229848194325,71.8846851249505,320.8037014694502,392.12403342427507,296.01193092758416,4.234970776448389,4.204736178250139,359.4234256247525,11.840134239199244,True
vector_thrust,cruise_59,0.5979527959518486,22.423229848194325,71.88293931618543,320.7648433765504,392.0877871945393,296.0074982927509,4.2343943968359525,4.2343943968359525,359.4146965809271,11.840134239199244,True
vector_thrust,cruise_59,0.597715424356377,22.414328413364142,71.8873089855996,320.74726322494587,392.07142103287345,296.02549517142074,4.236101375423355,4.234651842619049,359.43654492799806,11.846847158394162,True
vector_thrust,cruise_59,0.5970502375712922,22.389383908923463,71.89984354124732,320.6967206693758,392.0242859277256,296.0771198232108,4.240892102202691,4.235390334507056,359.4992177062366,11.865656340003815,True
vector_thrust,cruise_59,0.5960887898372103,22.35332961889539,71.91796846883051,320.6236689877489,391.9561735932663,296.1517689052925,4.247835483236568,4.236458191425271,359.58984234415254,11.892836394930931,True
vector_thrust,cruise_59,0.5950213517274724,22.31330068978022,71.9381021748382,320.54256616911283,391.88057441926645,296.2346913278463,4.255570678076951,4.237644398678327,359.69051087419103,11.923003979955702,True
vector_thrust,cruise_59,0.5940593422016471,22.27722533256177,71.95625688104492,320.46947560571755,391.81246174880073,296.30946310653565,4.26256577474065,4.238714010774473,359.7812844052246,11.95018403488282,True
vector_thrust,cruise_59,0.5933934548735392,22.252254557757727,71.96882874270274,320.41888456536606,391.7653262246684,296.36124140257436,4.267421000067365,4.239454700547159,359.8441437135137,11.968993216492471,True
vector_thrust,cruise_59,0.5931557715065532,22.24334143149575,71.97331726452165,320.400826691721,391.74850373226275,296.37972775576173,4.269156685836462,4.239719148275024,359.86658632260827,11.975706135687389,True
vector_thrust,cruise_60,0.5931557715065532,22.24334143149575,71.97155429303528,320.361884873232,391.71222955177103,296.37525190443284,4.268573344625333,4.268573344625333,359.8577714651764,11.975706135687389,True
vector_thrust,cruise_60,0.5929180777449626,22.234427915436104,71.9760434975659,320.3438263156426,391.69540970303905,296.3937412291355,4.270310237909596,4.26883963891974,359.8802174878295,11.982419054882309,True
vector_thrust,cruise_60,0.5922519879014233,22.209449546303382,71.98862641140481,320.2932213610269,391.6482814826311,296.44556553201454,4.275184981261458,4.269586043474276,359.94313205702406,12.00122823649196,True
vector_thrust,cruise_60,0.5912892342473777,22.17334628427667,72.0068212925428,320.22007945006106,391.5801790965223,296.5205034252413,4.282250317478428,4.270665343758206,360.03410646271396,12.028408291419078,True
vector_thrust,cruise_60,0.590220345342199,22.13326295033247,72.0270327584096,320.13887640115445,391.50459096384907,296.60374688456744,4.290121636248464,4.271864265764381,360.13516379204805,12.058575876443848,True
vector_thrust,cruise_60,0.5892570274908789,22.097138530907966,72.0452576600219,320.0656954582374,391.43648824076445,296.6788084543579,4.297240071281009,4.272945347312029,360.2262883001095,12.085755931370965,True
vector_thrust,cruise_60,0.5885902341048135,22.07213377893051,72.05787805458694,320.0150418315755,391.38935960017267,296.73078715026276,4.302181031235522,4.273693975527111,360.28939027293467,12.104565112980618,True
vector_thrust,cruise_60,0.5883522272371772,22.06320852139415,72.062383880145,319.99696161287704,391.3725395644376,296.74934496452084,4.303947390842039,4.273961256248992,360.311919400725,12.111278032175536,True
vector_thrust,cruise_61,0.5883522272371772,22.06320852139415,72.06060303037974,319.95792192899677,391.336224482413,296.74482359685396,4.303356740211627,4.303356740211627,360.3030151518987,12.111278032175536,True
vector_thrust,cruise_61,0.5881142099595302,22.05428287348239,72.06510953240787,319.9398410265106,391.319407102365,296.7633843627636,4.305124340709053,4.303625906143866,360.3255476620394,12.117990951370453,True
vector_thrust,cruise_61,0.5874472132721549,22.029270497705813,72.07774112413291,319.88917343966176,391.2722857988968,296.81540963995326,4.310085350478011,4.304380370280905,360.38870562066455,12.136800132980106,True
vector_thrust,cruise_61,0.5864831482217563,21.99311805831587,72.09600645425336,319.8159409620027,391.2041934076663,296.890638381506,4.317275914448571,4.305471328189099,360.48003227126674,12.163980187907223,True
vector_thrust,cruise_61,0.5854128024325698,21.95298009122137,72.11629627685454,319.73463730775086,391.12861636786465,296.9742053144078,4.3252870194115385,4.306683205517245,360.5814813842727,12.194147772931993,True
vector_thrust,cruise_61,0.5844481707614596,21.91680640355474,72.13459186434063,319.66136564684155,391.06052363854894,297.0495586947352,4.33253211479523,4.307775970921537,360.67295932170316,12.221327827859112,True
vector_thrust,cruise_61,0.5837804675102081,21.891767531632805,72.14726120451047,319.61064919932346,391.01340191355416,297.1017394615623,4.337561126133327,4.308532689950073,360.73630602255236,12.240137009468762,True
vector_thrust,cruise_61,0.5835421357820055,21.88283009182521,72.15178448166851,319.5925465517913,390.9965843459132,297.12036933544994,4.339358989210384,4.308802858077664,360.7589224083425,12.246849928663682,True
vector_thrust,cruise_62,0.5835421357820055,21.88283009182521,66.6181477639281,319.55340838705655,390.9602281112691,282.96320897699474,4.132091575783728,4.132091575783728,333.09073881964053,12.246849928663682,True
vector_thrust,cruise_62,0.5833224363039042,21.874591361396412,66.6219980410345,319.5366931039706,390.94470243380215,282.9795661953156,4.133670581733554,4.132330439077198,333.1099902051725,12.2535628478586,True
vector_thrust,cruise_62,0.5827067778266213,21.851504168498302,66.63278983568702,319.489852774991,390.9012004162368,283.0254132651504,4.138101748895672,4.132999940570779,333.1639491784351,12.27237202946825,True
vector_thrust,cruise_62,0.5818169321935428,21.81813495725786,66.6483940029064,319.42215313128514,390.838338085557,283.091704866062,4.14452298874627,4.133967992094729,333.241970014532,12.29955208439537,True
vector_thrust,cruise_62,0.5808290102383199,21.781087883937,66.6657265853975,319.3469936269061,390.7685660318322,283.16533933979673,4.151675081582822,4.1350432710672385,333.3286329269875,12.32971966942014,True
vector_thrust,cruise_62,0.5799386818200396,21.74770056825149,66.68135466794185,319.2792605108743,390.7057034655445,283.23173254082303,4.158141585362017,4.136012806250423,333.4067733397093,12.356899724347256,True
vector_thrust,cruise_62,0.5793224213192212,21.7245907994708,66.6921762845469,319.2323784425721,390.66220115418014,283.2777063040566,4.162629196468145,4.136684157838679,333.46088142273453,12.375708905956909,True
vector_thrust,cruise_62,0.5791024539153571,21.7163420218259,66.6960397925534,319.21564458373484,390.64667534596015,283.29411974844504,4.164233320298304,4.1369238421974055,333.480198962767,12.382421825151827,True
vector_thrust,cruise_63,0.5791024539153571,21.7163420218259,66.69602513220825,319.1800451249018,390.6136488520501,283.2940826297584,4.163768372523603,4.163768372523603,333.48012566104126,12.382421825151827,True
vector_thrust,cruise_63,0.5788824725139469,21.70809271927301,66.69988472124784,319.16331030143436,390.5981249402809,283.3104813182997,4.165373357759888,4.164009395350713,333.4994236062392,12.389134744346745,True
vector_thrust,cruise_63,0.578266023807975,21.684975892799066,66.71071551192559,319.11641520292653,390.5546278700659,283.356494124114,4.169878217821003,4.164685677268791,333.55357755962797,12.407943925956397,True
vector_thrust,cruise_63,0.5773750354871217,21.651563830767067,66.7263760830048,319.04863636650435,390.4917726884531,283.42302544805773,4.176406401443211,4.165663533988731,333.631880415024,12.435123980883514,True
vector_thrust,cruise_63,0.5763858441714322,21.61446915642871,66.74377134604538,318.9733888977061,390.42200856951195,283.49692632346654,4.183677826044771,4.166749706085489,333.7188567302269,12.465291565908284,True
vector_thrust,cruise_63,0.5754943711312145,21.58103891742055,66.7594559745756,318.9055764679095,390.35915315214254,283.56355985377405,4.190252418638839,4.1677290650027965,333.797279872878,12.492471620835403,True
vector_thrust,cruise_63,0.5748773179898031,21.557899424617624,66.77031676369359,318.8586394791309,390.31565578793993,283.60970010611305,4.194815150480438,4.16840722009028,333.85158381846793,12.511280802445054,True
vector_thrust,cruise_63,0.5746570675892175,21.54964003459566,66.7741942598951,318.84188601273274,390.3001317453327,283.6261730026353,4.196446148406889,4.16864933360323,333.8709712994755,12.517993721639973,True
vector_thrust,cruise_64,0.5746570675892175,21.54964003459566,66.77418394905861,318.80620213567005,390.26706944909677,283.62615275630475,4.195976194564102,4.195976194564102,333.87091974529307,12.517993721639973,True
vector_thrust,cruise_64,0.5744368031652972,21.541380118698655,66.77806239788238,318.78944770359874,390.2515473119491,283.64262959620595,4.197608358235195,4.1962199535662785,333.89031198941194,12.524706640834891,True
vector_thrust,cruise_64,0.5738195609358637,21.518233535094897,66.78893274019883,318.74249762950495,390.20805520038795,283.6888103704912,4.202188800468123,4.196903153714305,333.9446637009941,12.543515822444542,True
vector_thrust,cruise_64,0.5729274250504386,21.48477843939145,66.80465053296844,318.6746392945766,390.1452071770211,283.7555847018808,4.208826675024107,4.197891015736887,334.02325266484223,12.57069587737166,True
vector_thrust,cruise_64,0.5719369597512187,21.447635990670708,66.82210938115715,318.59930357686704,390.0754510542771,283.8297556069002,4.216220496752423,4.198988302953762,334.1105469057857,12.60086346239643,True
vector_thrust,cruise_64,0.5710443295348647,21.414162357557434,66.83931692675829,318.530700835394,390.01189214325336,283.90285889622413,4.2229892116920125,4.200069795823042,334.1965846337914,12.628043517323547,True
vector_thrust,cruise_64,0.570426454251847,21.390992034444267,66.85257573194022,318.47354697068613,389.95823812478375,283.95918664300285,4.227643543576199,4.200903110671761,334.2628786597011,12.6468526989332,True
vector_thrust,cruise_64,0.5702059042953425,21.382721411075348,66.85730972361546,318.45314622612744,389.9390883349624,283.97929819005975,4.229307356774105,4.201200641671165,334.2865486180773,12.653565618128118,True
vector_thrust,cruise_65,0.5702059042953425,21.382721411075348,66.85729425914528,318.4096434570697,389.8982561105843,283.9792583501208,4.228729012651795,4.228729012651795,334.28647129572636,12.653565618128118,True
vector_thrust,cruise_65,0.5699853372058551,21.37445014521957,66.8620292880509,318.38924127634596,389.87910778212915,283.99937430563085,4.2303939841161196,4.229028558911534,334.3101464402545,12.660278537323036,True
vector_thrust,cruise_65,0.5693672306166189,21.35127114812321,66.87530208163162,318.3320679383617,389.8254529118786,284.05576148479,4.235066724409408,4.229868219180518,334.3765104081581,12.679087718932688,True
vector_thrust,cruise_65,0.5684738027352869,21.317767602573266,66.89449625435591,318.2494300152986,389.74791300452927,284.1373046240931,4.241838870210103,4.231082476309567,334.47248127177954,12.706267773859805,True
vector_thrust,cruise_65,0.5674818429256238,21.280569109710893,66.91582017905837,318.1576810590958,389.66184137136787,284.2278956481225,4.249382979633191,4.232431465294976,334.57910089529184,12.736435358884576,True
vector_thrust,cruise_65,0.5665878206957962,21.247043276092363,66.93505041855045,318.07499305265964,389.5842855471461,284.30959201113205,4.2562049847896315,4.233648004074934,334.6752520927522,12.763615413811694,True
vector_thrust,cruise_65,0.5659689729656824,21.223836486213095,66.94836818734795,318.0177572616978,389.5306108288689,284.3661702598141,4.2609398996203804,4.234490509556062,334.7418409367398,12.782424595421345,True
vector_thrust,cruise_65,0.5657480760373198,21.215552851399497,66.95312323247894,317.9973272867723,389.51145366720647,284.3863712506867,4.262632541698606,4.234791322075552,334.76561616239474,12.789137514616264,True
vector_thrust,cruise_66,0.5657480760373198,21.215552851399497,66.95310761608225,317.95370434720417,389.47055150243665,284.3863310193685,4.262047189939419,4.262047189939419,334.76553808041126,12.789137514616264,True
vector_thrust,cruise_66,0.5655271618732317,21.207268570246196,66.95785767794023,317.93327292856975,389.45139580708104,284.4065133164461,4.2637406755796485,4.262349658423883,334.7892883897011,12.795850433811182,True
vector_thrust,cruise_66,0.5649080822930208,21.184053085988285,66.97119555743707,317.8760176277981,389.39772027902245,284.46317453224736,4.268494830287269,4.263198829953045,334.85597778718534,12.814659615420833,True
vector_thrust,cruise_66,0.5640132472120557,21.150496770452097,66.9904751796066,317.79326117299354,389.3201504893905,284.54508069643975,4.2753846458860885,4.264426343018401,334.95237589803304,12.841839670347952,True
vector_thrust,cruise_66,0.5630197239330026,21.1132396474876,67.01189410421732,317.701380533107,389.23404565057103,284.63607531690604,4.283060088718655,4.265790063155961,335.0594705210866,12.872007255372722,True
vector_thrust,cruise_66,0.5621242916211933,21.079660935794752,67.03121006010647,317.61857377202045,389.156459873652,284.71813584145985,4.290001082485787,4.267019889592506,335.15605030053234,12.899187310299839,True
vector_thrust,cruise_66,0.5615044672822895,21.056417523085862,67.04458722696933,317.5612557382819,389.1027644078614,284.77496643782166,4.294818710052274,4.267871599597899,335.2229361348466,12.917996491909491,True
vector_thrust,cruise_66,0.5612832216471868,21.04812081176951,67.04936348612094,317.5407963989436,389.083599837599,284.7952575546702,4.296540945545317,4.268175698944851,335.2468174306047,12.92470941110441,True
vector_thrust,cruise_67,0.5612832216471868,21.04812081176951,67.04934143496449,317.4970466164689,389.0426217862877,284.7951928215708,4.295948005052086,4.295948005052086,335.24670717482246,12.92470941110441,True
vector_thrust,cruise_67,0.5610619586558908,21.03982344959591,67.05412514744626,317.4765858242963,389.0234586861463,284.815512993907,4.2976718351140795,4.296254521475151,335.2706257372313,12.931422330299327,True
vector_thrust,cruise_67,0.5604419013016065,21.016571298810245,67.06751687394294,317.419248191707,388.96976240459196,284.8724052930996,4.30250888373109,4.297112704356673,335.3375843697147,12.95023151190898,True
vector_thrust,cruise_67,0.5595456521597654,20.982961955991208,67.08688310854598,317.33637267631,388.8921625989611,284.95467920553915,4.309519526646624,4.2983537521654895,335.43441554272994,12.977411566836096,True
vector_thrust,cruise_67,0.5585505577673678,20.9456459162763,67.10839828536767,317.2443597634049,388.80602440444335,285.0460825182794,4.317329831366435,4.299732510968021,335.54199142683836,13.007579151860867,True
vector_thrust,cruise_67,0.5576537084710181,20.912014067663186,67.12780108426334,317.1614337154437,388.7284085389974,285.1285117901221,4.324393016373445,4.300975902271162,335.6390054213167,13.034759206787985,True
vector_thrust,cruise_67,0.5570329027358909,20.888733852595912,67.14123840851683,317.10403306974587,388.67469223117126,285.1855978301602,4.329295585051073,4.3018370076058,335.7061920425842,13.053568388397636,True
vector_thrust,cruise_67,0.5568113066836194,20.880424000635735,67.14603614753855,317.08354423408855,388.6555202184952,285.20598015830336,4.33104821159755,4.3021444616082976,335.73018073769276,13.060281307592556,True
vector_thrust,cruise_68,0.5568113066836194,20.880424000635735,67.14601779796614,317.0396667422636,388.61446578778106,285.2059298442828,4.330448124424859,4.330448124424859,335.7300889898307,13.060281307592556,True
vector_thrust,cruise_68,0.5565896931940602,20.872113494777263,67.15081649530596,317.0191764480327,388.5952952523102,285.2263162896515,4.332202003121407,4.330757663725668,335.7540824765298,13.066994226787473,True
vector_thrust,cruise_68,0.5559686533185141,20.848824499444284,67.16426780909853,316.9617561179632,388.54157812662953,285.28346189714,4.337124478012646,4.331625338843443,335.82133904549266,13.085803408397124,True
vector_thrust,cruise_68,0.5550709832270576,20.815161871014666,67.18372028204573,316.8787610111656,388.4639481721963,285.3661024035516,4.344259128253173,4.33288011789445,335.91860141022863,13.112983463324243,True
vector_thrust,cruise_68,0.5540743100842129,20.777786628157987,67.2053313575541,316.786615236941,388.37777647596187,285.45791336398645,4.35220785473982,4.33427413730223,336.0266567877705,13.143151048349013,True
vector_thrust,cruise_68,0.5531760369247666,20.744101384678753,67.22482072619499,316.7035693723404,388.30013039121553,285.5407106154463,4.359396465340154,4.335531296304806,336.12410363097496,13.170331103276132,True
vector_thrust,cruise_68,0.5525542450352997,20.720784188823746,67.23831804822487,316.6460857482916,388.2463931513514,285.59805168106686,4.364386228728043,4.3364019391775,336.19159024112435,13.189140284885783,True
vector_thrust,cruise_68,0.5523322968679041,20.712461132546405,67.24313722090334,316.6255672855778,388.2272136642225,285.6185251124766,4.3661700539732005,4.33671279923815,336.21568610451664,13.1958532040807,True
vector_thrust,cruise_69,0.5523322968679041,20.712461132546405,67.2431211324439,316.5815612186196,388.18608236535204,285.61848366501323,4.365562590216829,4.365562590216829,336.21560566221956,13.1958532040807,True
vector_thrust,cruise_69,0.5521103312078939,20.704137420296025,67.2479376368131,316.561041293807,388.1669043646778,285.6389472967243,4.367347489766858,4.3658753685213405,336.2396881840655,13.202566123275618,True
vector_thrust,cruise_69,0.5514883039868231,20.68081139950587,67.26145331261255,316.5035378942443,388.11316630020826,285.696364720922,4.372357953027738,4.366752970544458,336.30726656306274,13.221375304885271,True
vector_thrust,cruise_69,0.5505892059837046,20.64709522438893,67.28099481754911,316.42042265932594,388.0355060614039,285.7793828093431,4.379620092468959,4.368021868328914,336.4049740877456,13.248555359812388,True
vector_thrust,cruise_69,0.5495909462986277,20.609660486198543,67.30269875546763,316.3281434226191,387.94930070848136,285.87159005875657,4.387710772873494,4.369431218709257,336.51349377733817,13.278722944837158,True
vector_thrust,cruise_69,0.5486912424155996,20.575921590584993,67.32226442205643,316.2449772135339,387.8716242782154,285.9547161350987,4.395027570946133,4.370701767045254,336.6113221102822,13.305902999764276,True
vector_thrust,cruise_69,0.548068459598697,20.55256723495114,67.33583482995094,316.1874102437088,387.8178660172567,286.0123626423849,4.4001076462988715,4.371582870510395,336.6791741497547,13.324712181373927,True
vector_thrust,cruise_69,0.5478461575808954,20.54423090928358,67.34067731324681,316.1668620200862,387.7986790214097,286.0329344470137,4.401923621177939,4.371897302194046,336.70338656623403,13.331425100568847,True
vector_thrust,cruise_70,0.5478461575808954,20.54423090928358,67.34066102172288,316.12272650474955,387.75747036216455,286.032892425864,4.401308485237281,4.401308485237281,336.70330510861436,13.331425100568847,True
vector_thrust,cruise_70,0.5476238379355315,20.535893922582435,67.34550297651111,316.1021768086706,387.73828485573574,286.05346264708,4.403125696270101,4.401625007887572,336.72751488255557,13.338138019763765,True
vector_thrust,cruise_70,0.5470008185462129,20.512530695482987,67.35907558272835,316.0445899679832,387.6845257601036,286.1111235556149,4.408226077600717,4.402512260552288,336.7953779136418,13.356947201373416,True
vector_thrust,cruise_70,0.5461002856047952,20.478760710179824,67.37870355497523,315.96135406303904,387.6068350993117,286.1945096565844,4.415618995516251,4.403795357578771,336.89351777487616,13.384127256300534,True
vector_thrust,cruise_70,0.545100431653871,20.441266187020165,67.40050973433851,315.86894076893293,387.52059594367495,286.28714949992974,4.4238560293158775,4.405220845833386,337.0025486716926,13.414294841325304,True
vector_thrust,cruise_70,0.5441992897216671,20.40747336456252,67.42017516931733,315.78565364794633,387.44288900752133,286.37069475494314,4.431305895311889,4.406506391830119,337.10087584658663,13.441474896252423,True
vector_thrust,cruise_70,0.5435755109328156,20.38408165998059,67.43379449085016,315.72800294186385,387.3891096168329,286.428554125549,4.4364772908622285,4.407396698314238,337.1689724542508,13.460284077862074,True
vector_thrust,cruise_70,0.5433528533227068,20.375731999601506,67.438657235961,315.70742482299755,387.36991507824985,286.44921267089904,4.438326106599427,4.407714580045149,337.193286179805,13.466996997056992,True
vector_thrust,cruise_71,0.5433528533227068,20.375731999601506,67.4386408185533,315.66315896978534,387.32862855479885,286.449170375996,4.437703146416018,4.437703146416018,337.19320409276645,13.466996997056992,True
vector_thrust,cruise_71,0.5431301779943135,20.36738167478676,67.44350464057142,315.64257937190257,387.3094355122463,286.4698335027433,4.439553331048972,4.438023261927126,337.21752320285714,13.473709916251911,True
vector_thrust,cruise_71,0.5425061615436018,20.34398105788507,67.4571385905412,315.58490871265,387.2556552896068,286.5277550256377,4.44474634321188,4.438920588751484,337.28569295270603,13.492519097861562,True
vector_thrust,cruise_71,0.5416041866085698,20.310156997821373,67.47685532214373,315.50155159364886,387.1779340700576,286.61151821413614,4.452273742190725,4.440218257600256,337.38427661071864,13.51969915278868,True
vector_thrust,cruise_71,0.5406027305048671,20.27260239393252,67.49876017661408,315.40900363357616,387.09166095607947,286.70457727135505,4.460660910579922,4.441659939105148,337.49380088307043,13.549866737813451,True
vector_thrust,cruise_71,0.5397001435843951,20.23875538441482,67.5185146590744,315.3255950667748,387.0139233878035,286.7885008379494,4.468246834717567,4.442960092549633,337.592573295372,13.577046792740568,True
vector_thrust,cruise_71,0.5390753639998768,20.215326149995384,67.53219568287754,315.2678602531295,386.9601227786229,286.84662234632714,4.473512827691119,4.443860517571859,337.6609784143877,13.59585597435022,True
vector_thrust,cruise_71,0.538852349044832,20.206963089181205,67.53708046562899,315.2472521038437,386.94092066320184,286.867374516858,4.475395492908188,4.444182012559395,337.6854023281449,13.602568893545138,True
vector_thrust,cruise_72,0.538852349044832,20.206963089181205,67.53706389572615,315.20285502902505,386.89955578068884,286.86733184988964,4.474764545992343,4.474764545992343,337.6853194786308,13.602568893545138,True
vector_thrust,cruise_72,0.5386293162793533,20.19859936047575,67.54194977455532,315.18224539404014,386.88035516789665,286.8880886789025,4.476648620674024,4.475088326054559,337.70974887277663,13.609281812740056,True
vector_thrust,cruise_72,0.5380042978490372,20.175161169338903,67.55564554195742,315.12449053684867,386.8265537225699,286.94627282798126,4.481936836955052,4.475995924580182,337.7782277097871,13.628090994349707,True
vector_thrust,cruise_72,0.5371008738044022,20.14128276766509,67.57545171878978,315.04101165486395,386.7488018057723,287.0304160170218,4.48960245883097,4.477308451024645,337.87725859394885,13.655271049276825,True
vector_thrust,cruise_72,0.5360978076373245,20.103667786399672,67.59745601143375,314.94832841856845,386.6624945794198,287.1238975289392,4.498143947491013,4.478766643397182,337.98728005716873,13.685438634301596,True
vector_thrust,cruise_72,0.5351937685901699,20.06976632213138,67.61730023025882,314.8647978552337,386.58472623995436,287.20820233294387,4.505869730541224,4.4800816908289836,338.08650115129404,13.712618689228714,True
vector_thrust,cruise_72,0.5345679832638064,20.046299372392742,67.63104343530281,314.8069785524172,386.53090431588333,287.2665880128134,4.5112329678124325,4.480992432977938,338.15521717651404,13.731427870838365,True
vector_thrust,cruise_72,0.5343446091973176,20.03792284489942,67.63595042588027,314.78634023641814,386.5116945891881,287.2874345315179,4.513150430415285,4.481317612084965,338.1797521294013,13.738140790033283,True
vector_thrust,cruise_73,0.5343446091973176,20.03792284489942,67.63593365814505,314.7418110464799,386.4702508472545,287.28739132241276,4.512511328421019,4.512511328421019,338.17966829072526,13.738140790033283,True
vector_thrust,cruise_73,0.5341212172278208,20.02954564604328,67.64084176232767,314.72117123806174,386.45104262985325,287.30824257041087,4.514430242503837,4.512838845380152,338.2042088116383,13.744853709228202,True
vector_thrust,cruise_73,0.5334951918636083,20.006069694885316,67.65459982377602,314.66333180066334,386.3972198654494,287.3666913708451,4.519816332460368,4.513756918647754,338.2729991188801,13.763662890837853,True
vector_thrust,cruise_73,0.5325903115412364,19.972136682796364,67.67449613494087,314.57973060258206,386.3194371118876,287.4512174888408,4.527624059218229,4.5150845963549004,338.3724806747043,13.790842945764972,True
vector_thrust,cruise_73,0.5315856273423152,19.934461025336823,67.69660063259681,314.486911475156,386.2330956179923,287.5451247141097,4.53632421093015,4.516559625996458,338.4830031629841,13.821010530789742,True
vector_thrust,cruise_73,0.5306801289779134,19.900504836671757,67.71653528080641,314.4032583603737,386.1552963672492,287.62981370025756,4.544193796647041,4.517889861923714,338.58267640403204,13.848190585716859,True
vector_thrust,cruise_73,0.5300533329274358,19.87699998477885,67.73034114773239,314.3453541838713,386.10145303118355,287.6884655938476,4.54965702475039,4.518811125237917,338.6517057386619,13.866999767326512,True
vector_thrust,cruise_73,0.5298295979701172,19.8686099238794,67.73527051658492,314.3246855638279,386.08223565852654,287.7094071854815,4.5516102683480675,4.519140061252297,338.6763525829246,13.87371268652143,True
vector_thrust,cruise_74,0.5298295979701172,19.8686099238794,67.73525358156495,314.28002335955904,386.0407125551627,287.7093635555096,4.550962842665463,4.550962842665463,338.67626790782475,13.87371268652143,True
vector_thrust,cruise_74,0.5296058450165738,19.860219188121526,67.7401840672536,314.2593532403195,386.02149669851406,287.73030989241437,4.552917580512331,4.551294170084792,338.7009203362679,13.880425605716347,True
vector_thrust,cruise_74,0.5289788077274818,19.836705289780575,67.75400490528031,314.2014288374829,385.96765251789077,287.78902539420193,4.558404314711939,4.552222927020685,338.7700245264015,13.899234787326,True
vector_thrust,cruise_74,0.5280724639061265,19.80271739647975,67.7739920503517,314.1177047658988,385.8898387869558,287.8739374128086,4.56635817557585,4.553566058286206,338.86996025175847,13.926414842253116,True
vector_thrust,cruise_74,0.5270661536478383,19.76498076179394,67.79619753063714,314.0247491276554,385.8034628691297,287.9682736548495,4.575221498114955,4.5550582611361214,338.9809876531857,13.956582427277887,True
vector_thrust,cruise_74,0.526159188722327,19.73096957708727,67.81622330863955,313.94097290219344,385.7256325659162,288.05334979930393,4.583238980244734,4.556403988530686,339.08111654319777,13.983762482205005,True
vector_thrust,cruise_74,0.5255313769285643,19.707426634821168,67.8300923226844,313.8829834644983,385.6717677199871,288.1122699686156,4.58880505030984,4.557335982880495,339.15046161342195,14.002571663814656,True
vector_thrust,cruise_74,0.5253072792878456,19.699022973294213,67.83504424635211,313.86228440201006,385.6525426664068,288.13330738206844,4.590795096276772,4.557668750941105,339.1752212317606,14.009284583009574,True
vector_thrust,cruise_75,0.5253072792878456,19.699022973294213,67.83502713435814,313.81748827853335,385.6109396980203,288.1332632982136,4.590139170877966,4.590139170877966,339.1751356717907,14.009284583009574,True
vector_thrust,cruise_75,0.5250831635571128,19.690618633391736,67.83998017962016,313.7967877100197,385.5917161672177,288.1543054787848,4.592130755643969,4.590474385688554,339.19990089810074,14.015997502204494,True
vector_thrust,cruise_75,0.5244551093153892,19.6670665993271,67.85386428108372,313.73877795352735,385.53785047248,288.21328975066046,4.597721010383517,4.5914140412274635,339.2693214054186,14.034806683814145,True
vector_thrust,cruise_75,0.5235472947206463,19.633023552024238,67.87394296527796,313.6549304467131,385.46000562247457,288.29859066628217,4.605825188550484,4.5927729370023735,339.36971482638984,14.061986738741263,True
vector_thrust,cruise_75,0.5225393503164205,19.595225636865774,67.89625021302098,313.561837673161,385.37359512312094,288.3933592596349,4.61485636236089,4.5942826586760805,339.48125106510486,14.092154323766033,True
vector_thrust,cruise_75,0.5216309115326673,19.561159182475027,67.91636783169568,313.4779377734476,385.2957336251518,288.4788255818547,4.6230259920242505,4.595644189479298,339.5818391584784,14.11933437869315,True
vector_thrust,cruise_75,0.5210020789395204,19.53757796023202,67.930300483727,313.41986268404196,385.24184717073007,288.5380161126585,4.6286978648647885,4.596587130849127,339.651502418635,14.138143560302803,True
vector_thrust,cruise_75,0.520777616809653,19.52916063036199,67.93527513643724,313.3991330396332,385.22261440099413,288.5591500887182,4.6307257736341025,4.596923808018008,339.6763756821862,14.14485647949772,True
vector_thrust,cruise_76,0.520777616809653,19.52916063036199,67.93525784216607,313.3542020865224,385.18093106255554,288.5591055348165,4.6300611675590995,4.6300611675590995,339.67628921083036,14.14485647949772,True
vector_thrust,cruise_76,0.5205531364954187,19.520742618578208,67.94023362566585,313.33347092920656,385.1616998224223,288.58024431696924,4.63209066172403,4.630400348865451,339.7011681283293,14.151569398692638,True
vector_thrust,cruise_76,0.5199240602363641,19.497152258863654,67.95418148383492,313.2753754278229,385.10781251491494,288.63949945443323,4.637787424252109,4.631351124306905,339.77090741917453,14.170378580302291,True
vector_thrust,cruise_76,0.5190147675403871,19.463053782764522,67.9743524206265,313.19140391968165,385.0299364030409,288.725192298302,4.6460462644850775,4.632726104687437,339.8717621031325,14.197558635229408,True
vector_thrust,cruise_76,0.5180051808442461,19.425194281659234,67.99676222952266,313.09817338146695,384.9434911633355,288.82039661502273,4.655250151132608,4.634253700945457,339.9838111476133,14.227726220254178,True
vector_thrust,cruise_76,0.5170952608515537,19.391072281933265,68.01697240476359,313.0141492395418,384.86559832721827,288.9062561568663,4.663576344108532,4.63563135607028,340.084862023818,14.254906275181296,True
vector_thrust,cruise_76,0.5164654023658277,19.367452588718542,68.03096919252854,312.95598810486575,384.8116901649078,288.96571916351735,4.6693570956218,4.636585466866719,340.1548459626427,14.273715456790947,True
vector_thrust,cruise_76,0.5162405739278098,19.35902152229287,68.03596675179391,312.93522773797366,384.7924496435093,288.98695045635577,4.67142396893473,4.636926132548802,340.17983375896955,14.280428375985865,True
vector_thrust,cruise_77,0.5162405739278098,19.35902152229287,68.0359492720968,312.89016103934955,384.7506854286802,288.98690542473054,4.670750495962968,4.670750495962968,340.179746360484,14.280428375985865,True
vector_thrust,cruise_77,0.5160157272103633,19.35058977038863,68.04094797110959,312.86939915260285,384.7314464437533,289.00814156174425,4.672819003119062,4.67109372500078,340.204739855548,14.287141295180785,True
vector_thrust,cruise_77,0.5153856238439393,19.326960894147724,68.05495740024459,312.8112175130518,384.67753742498877,289.0676593807895,4.678625210129831,4.672055681676346,340.27478700122293,14.305950476790436,True
vector_thrust,cruise_77,0.5144748457265665,19.29280671474625,68.07521903272736,312.72712143833064,384.5996299122072,289.15373847340925,4.687043084135853,4.673446934902698,340.37609516363676,14.333130531717554,True
vector_thrust,cruise_77,0.5134636085947014,19.25488532230131,68.09773493209696,312.6337525064859,384.5131497769938,289.2493923873984,4.696424904050554,4.674992941167408,340.4886746604848,14.363298116742325,True
vector_thrust,cruise_77,0.5125522000014712,19.22070750005517,68.1180406201044,312.5496035510602,384.4352254592413,289.335656791717,4.704912388015748,4.67638718949386,340.590203100522,14.390478171669441,True
vector_thrust,cruise_77,0.5119213104920778,19.197049143452922,68.1321020459161,312.491355974427,384.38129548882085,289.39539440831834,4.7108052146780865,4.677352698647149,340.6605102295805,14.409287353279094,True
vector_thrust,cruise_77,0.5116961139136501,19.188604271761882,68.13712269118868,312.4705647433948,384.36204717997947,289.416723780347,4.7129121975229795,4.677697434595773,340.6856134559434,14.416000272474012,True
vector_thrust,cruise_78,0.5116961139136501,19.188604271761882,68.13710500394,312.4253613804693,384.3202015835031,289.4166781905738,4.712229664681214,4.712229664681214,340.6855250197,14.416000272474012,True
vector_thrust,cruise_78,0.5114708989604274,19.180158711016034,68.14212681655877,312.4045686226029,384.30095481807876,289.4380125164303,4.714338332938071,4.712577026290799,340.71063408279383,14.42271319166893,True
vector_thrust,cruise_78,0.5108397633239374,19.15649112464766,68.15620368804677,312.3463004454968,384.24702398598527,289.49781575751166,4.720257543541861,4.713550731774634,340.7810184402339,14.441522373278582,True
vector_thrust,cruise_78,0.5099274922268875,19.122280958508288,68.17656130147496,312.26207921870144,384.16908491751576,289.5843016833598,4.728839428149251,4.714958879874139,340.8828065073748,14.468702428205699,True
vector_thrust,cruise_78,0.5089145962700021,19.084297360125085,68.19917864830273,312.1685712434002,384.08256971566834,289.6803877097269,4.738404094327473,4.716523335062552,340.99589324151367,14.49887001323047,True
vector_thrust,cruise_78,0.5080016915917273,19.05006343468978,68.21957611804667,312.0842968953777,384.00461376858874,289.7670429584863,4.747057361524451,4.717934240046872,341.0978805902334,14.526050068157588,True
vector_thrust,cruise_78,0.5073697658919042,19.026366220946414,68.23370268962711,312.0259624771466,383.95066188919907,289.8270573421224,4.753065586403736,4.718911383315344,341.16851344813557,14.544859249767239,True
vector_thrust,cruise_78,0.5071441993272531,19.01790747477199,68.23874660230945,312.00514023919254,383.931405756842,289.84848556403904,4.755213869164636,4.719260273723486,341.19373301154724,14.551572168962158,True
vector_thrust,cruise_79,0.5071441993272531,19.01790747477199,68.23872872851824,311.9597992805901,383.88947826562566,289.84843950137054,4.754522080233429,4.754522080233429,341.1936436425912,14.551572168962158,True
vector_thrust,cruise_79,0.5069186142918218,19.009448035943322,68.24377381612568,311.93897550876187,383.8702236836827,289.8698727099769,4.75667210079087,4.754873659368181,341.21886908062845,14.558285088157076,True
vector_thrust,cruise_79,0.5062864412203155,18.985741545761837,68.25791595472757,311.88062039461744,383.8162709382065,289.92995323386475,4.76270750171174,4.75585918883285,341.2895797736378,14.577094269766727,True
vector_thrust,cruise_79,0.5053726697150738,18.951475114315272,68.27836800746495,311.79627344150924,383.73830017274287,290.0168403785223,4.771458132934441,4.757284440072683,341.39184003732476,14.604274324693845,True
vector_thrust,cruise_79,0.5043581066689533,18.913429000085756,68.30109034815376,311.70262578378833,383.651749746582,290.1133724639386,4.781211274359073,4.758867901872071,341.5054517407688,14.634441909718616,True
vector_thrust,cruise_79,0.5034436984054225,18.879138690203344,68.32158257136152,311.61822546285435,383.57376202440867,290.2004302660975,4.790035424391709,4.7602959524882245,341.6079128568076,14.661621964645732,True
vector_thrust,cruise_79,0.5028107313088453,18.855402424081706,68.33577480180517,311.5598038000812,383.51978813424796,290.2607235967598,4.796162503494294,4.761284972723827,341.6788740090259,14.680431146255385,True
vector_thrust,cruise_79,0.5025847928988454,18.846929733706705,68.34084216520743,311.5389504113131,383.50052414203026,290.28225144739434,4.798353324213728,4.761638104316869,341.7042108260372,14.687144065450303,True
vector_thrust,cruise_80,0.5025847928988454,18.846929733706705,68.34082424144147,311.49347092782284,383.4585142488348,290.28220544071723,4.797652084392255,4.797652084392255,341.7041212072074,14.687144065450303,True
vector_thrust,cruise_80,0.502358836727892,18.838456377295955,68.34589261735117,311.4726160659328,383.4392518767502,290.3037376510955,4.799844679890059,4.798007958958683,341.72946308675586,14.69385698464522,True
vector_thrust,cruise_80,0.5017256201816804,18.81471075681302,68.3601005569795,311.4141735416702,383.38527705197487,290.36409772581663,4.805999767321142,4.799005562783073,341.80050278489756,14.712666166254873,True
vector_thrust,cruise_80,0.5008103415597905,18.780387808492147,68.38064777618736,311.3297003485294,383.3072745071327,290.4513891782908,4.814924211405385,4.8004482761532445,341.9032388809368,14.73984622118199,True
vector_thrust,cruise_80,0.49979410387624174,18.742278895359068,68.40310969159985,311.23591242961396,383.22068875791297,290.54681489610056,4.824845662717023,4.802025428956186,342.0155484579993,14.77001380620676,True
vector_thrust,cruise_80,0.4988782009727117,18.70793253647669,68.42206671095306,311.15753882086267,383.1488222766806,290.62735065279094,4.8338260236307935,4.80335648726328,342.1103335547653,14.797193861133879,True
vector_thrust,cruise_80,0.49824421345696934,18.684158004636355,68.43519468574254,311.1036630627685,383.099459657969,290.68312277027576,4.840067412292112,4.804278263420024,342.1759734287127,14.81600304274353,True
vector_thrust,cruise_80,0.49801791338340373,18.675671751877648,68.43988234224035,311.08443251747906,383.08184183006676,290.7030373535761,4.842299147668014,4.804607402582845,342.1994117112018,14.82271596193845,True
vector_thrust,cruise_81,0.49801791338340373,18.675671751877648,68.43986395645686,311.0424256535812,383.0433610261314,290.70298982523593,4.841644482796117,4.841644482796117,342.1993197822843,14.82271596193845,True
vector_thrust,cruise_81,0.4977915961303755,18.667184854889086,68.44455225010685,311.0231937977507,383.0257449904835,290.7229072652118,4.843878058244618,4.841976206812539,342.22276125053423,14.829428881133367,True
vector_thrust,cruise_81,0.4971573782484632,18.643401684317375,68.45769386678003,310.9693003163589,382.9763845338567,290.7787372496817,4.850148165046025,4.842906052551125,342.28846933390014,14.848238062743018,True
vector_thrust,cruise_81,0.49624066969268654,18.60902511347575,68.47669789188265,310.8914036939348,382.9050529042714,290.8594727068175,4.859239492455643,4.844250697753579,342.3834894594132,14.875418117670137,True
vector_thrust,cruise_81,0.49522287142260096,18.57085767834754,68.49780994763776,310.80491963718,382.8258756381222,290.9491637840341,4.869372919369003,4.845744498382953,342.48904973818884,14.905585702694907,True
vector_thrust,cruise_81,0.4943055705902945,18.53645889713605,68.51684803298237,310.72697735439476,382.7545347599497,291.03004415719226,4.878541605066342,4.847091557154874,342.5842401649118,14.932765757622024,True
vector_thrust,cruise_81,0.4936706141526246,18.512648030723426,68.53003307996595,310.67302693554285,382.70516277061455,291.08605852519435,4.884908239527785,4.848024473792428,342.6501653998297,14.951574939231676,True
vector_thrust,cruise_81,0.49344396820836695,18.504148807813767,68.5347408015976,310.6537697399228,382.68754160221937,291.1060584061289,4.887184780950679,4.8483575708591,342.67370400798796,14.958287858426594,True
vector_thrust,cruise_82,0.49344396820836695,18.504148807813767,68.53472234118126,310.61164197783665,382.6489961603956,291.1060108462742,4.886521231411468,4.886521231411468,342.6736117059063,14.958287858426594,True
vector_thrust,cruise_82,0.49321730498034333,18.49564893676288,68.5394308360832,310.59238346445346,382.6313767904502,291.1260141095069,4.888799680396804,4.886857007269204,342.69715418041596,14.965000777621512,True
vector_thrust,cruise_82,0.4925821172772679,18.471829397897547,68.55262909068188,310.5384152602794,382.5820069854808,291.1820847167049,4.895195878671436,4.887798211512065,342.7631454534094,14.983809959231165,True
vector_thrust,cruise_82,0.491664006181607,18.437400231810265,68.57171506188281,310.460410581293,382.5106618310994,291.26316831651746,4.904470352969925,4.889159285200828,342.8585753094141,15.010990014158281,True
vector_thrust,cruise_82,0.4906446496803726,18.399174363013977,68.5929182126773,310.3738064817423,382.43146953172135,291.3532464045302,4.914808367660576,4.890671340854641,342.96459106338654,15.041157599183052,True
vector_thrust,cruise_82,0.4897259435429418,18.36472288286032,68.61203902541631,310.2957559451267,382.3601150888198,291.4344780228515,4.924162604760712,4.892034899190091,343.06019512708156,15.06833765411017,True
vector_thrust,cruise_82,0.48909001383455014,18.340875518795634,68.62528072673364,310.24173055739595,382.31073370124824,291.4907332062484,4.930658267577023,4.892979201739004,343.12640363366813,15.087146835719821,True
vector_thrust,cruise_82,0.488863020382964,18.332363264361152,68.63000855592894,310.2224465949255,382.2931091765574,291.5108186085767,4.932980983060048,4.893316356388038,343.1500427796447,15.09385975491474,True
vector_thrust,cruise_83,0.488863020382964,18.332363264361152,68.62998989069891,310.180198777907,382.2545002029904,291.5107705227278,4.9323083686881946,4.9323083686881946,343.14994945349457,15.09385975491474,True
vector_thrust,cruise_83,0.48863600956397807,18.32385035864918,68.63471874709957,310.160913492041,382.23687748441824,291.53086028500064,4.9346330693230005,4.932648283753444,343.17359373549783,15.100572674109658,True
vector_thrust,cruise_83,0.4879998475058933,18.299994281471005,68.64797404682139,310.1068702425813,382.18749829067747,291.58717324817474,4.941159232515581,4.933601088684223,343.23987023410695,15.11938185571931,True
vector_thrust,cruise_83,0.4870803273138916,18.26551227427094,68.667142564294,310.028757040609,382.11613955313084,291.6686075407979,4.95062249039758,4.934978941867086,343.33571282147,15.146561910646428,True
vector_thrust,cruise_83,0.4860594052920557,18.227227698452094,68.6884374684649,309.9420323795851,382.03693215540653,291.7590754406813,4.961171402656745,4.936509642015462,343.4421873423245,15.176729495671198,True
vector_thrust,cruise_83,0.4851392872784036,18.19272327294014,68.70764108299028,309.8638731215354,381.965564089355,291.8406588374859,4.970716891859226,4.937890018013522,343.5382054149514,15.203909550598317,True
vector_thrust,cruise_83,0.4845023797484717,18.168839240567692,68.72094015613906,309.80977244105185,381.9161732631467,291.89715776170624,4.977345598414707,4.938845969370839,343.60470078069534,15.222718732207968,True
vector_thrust,cruise_83,0.48427503716321124,18.160313893620426,68.72568847524008,309.7904615959687,381.89854536763994,291.9173302141816,4.979715934683409,4.939187283539035,343.6284423762004,15.229431651402885,True
vector_thrust,cruise_84,0.48427503716321124,18.160313893620426,68.72566959984803,309.7480929698956,381.85987250851093,291.91728158700806,4.979034052285621,4.979034052285621,343.62834799924013,15.229431651402885,True
vector_thrust,cruise_84,0.484047677126313,18.15178789223674,68.7304189386411,309.7287807957234,381.84224642683125,291.9374583736911,4.981406437068248,4.979378193980193,343.6520946932054,15.236144570597803,True
vector_thrust,cruise_84,0.4834105361515657,18.127895105683717,68.74373171806631,309.674662176203,381.79285780368014,291.99401553288897,4.988066600698147,4.980342850885793,343.71865859033153,15.254953752207456,True
vector_thrust,cruise_84,0.4824896002641979,18.093360009907425,68.76298338802732,309.59643998134726,381.7214854241241,292.07580309414976,4.997724512922264,4.98173784555811,343.8149169401366,15.282133807134572,True
vector_thrust,cruise_84,0.4814671053872124,18.055016452020467,68.78437073562732,309.5095942364817,381.64226286256593,292.1666637314665,5.008490896768654,4.983287593502983,343.9218536781366,15.312301392159343,True
vector_thrust,cruise_84,0.48054556887998023,18.02045883299926,68.80365776137481,309.4313257856206,381.57088111420546,292.24860149598504,5.018233612026467,4.984685150089862,344.01828880687407,15.339481447086461,True
vector_thrust,cruise_84,0.479907678944142,17.99653796040533,68.81701462879478,309.3771494857757,381.5214808083393,292.3053459557948,5.024999525476539,4.9856530016543035,344.08507314397394,15.358290628696112,True
vector_thrust,cruise_84,0.47967998558806885,17.987999459552587,68.82178358869545,309.35781164143384,381.50384952735976,292.32560609950207,5.02741897413572,4.9859985651128085,344.1089179434773,15.365003547891032,True
vector_thrust,cruise_85,0.47967998558806885,17.987999459552587,68.82175924582275,309.3153214494631,381.46511242979864,292.3255367597683,5.0267272674792265,5.0267272674792265,344.10879622911375,15.365003547891032,True
vector_thrust,cruise_85,0.4794522746957034,17.97946030108888,68.82653448591773,309.2959822702915,381.44748297040775,292.3458214297161,5.029149178423511,5.027076075539818,344.13267242958864,15.37171646708595,True
vector_thrust,cruise_85,0.4788141502133075,17.955530632999036,68.83990516081678,309.2417879535276,381.3980848768914,292.4026245545406,5.035947545508278,5.028052842125447,344.1995258040839,15.3905256486956,True
vector_thrust,cruise_85,0.47789179198914067,17.920942199592776,68.85924059651332,309.16345629240635,381.3266987960251,292.48476798976077,5.045806229242332,5.029465351789306,344.2962029825666,15.417705703622719,True
vector_thrust,cruise_85,0.47686771687557705,17.882539382834143,68.88072106179241,309.07648893747324,381.2474610046534,292.57602423222664,5.056796933649476,5.031034562086208,344.4036053089621,15.44787328864749,True
vector_thrust,cruise_85,0.47594475521530116,17.8479283205738,68.90009211432137,308.99811081895393,381.1760655143927,292.65831897972913,5.066743100707377,5.032449673662933,344.5004605716068,15.475053343574608,True
vector_thrust,cruise_85,0.47530587826001264,17.82397043475048,68.91350720273773,308.9438585707328,381.1266556875464,292.71531078811387,5.073650559995284,5.0334296847848,344.56753601368865,15.493862525184259,True
vector_thrust,cruise_85,0.47507783248557256,17.815418718208974,68.91829695587013,308.9244936096268,381.10902100632984,292.73565927067693,5.0761206756955515,5.0337795901447135,344.59148477935065,15.500575444379177,True
vector_thrust,cruise_86,0.47507783248557256,17.815418718208974,68.9182716059213,308.881881092405,381.0702193186319,292.7355863422172,5.075419219849939,5.075419219849939,344.5913580296065,15.500575444379177,True
vector_thrust,cruise_86,0.47484976908985344,17.806866340869508,68.92306843497927,308.86251479068693,381.0525864668246,292.75596240807187,5.077891923173138,5.075772497965374,344.61534217489634,15.507288363574096,True
vector_thrust,cruise_86,0.4742106564797315,17.782899617989933,68.9364974330957,308.80824444709174,381.00317886169387,292.8130133158342,5.084832875165637,5.076761640684184,344.68248716547845,15.526097545183747,True
vector_thrust,cruise_86,0.4732868692352575,17.748257596322162,68.95591725369543,308.7298028428413,380.9317790197897,292.89551525560734,5.094898706966834,5.078192050755032,344.77958626847715,15.553277600110865,True
vector_thrust,cruise_86,0.4722612064568643,17.709795242132415,68.97749152532444,308.6427133477363,380.8525259321443,292.98717002911536,5.106120872517346,5.079781151707418,344.8874576266222,15.583445185135636,True
vector_thrust,cruise_86,0.4713368129417962,17.67513048531736,68.99694722643663,308.56422508320577,380.78111663995367,293.0698244013952,5.116276982328823,5.0812142046372495,344.9847361321832,15.610625240062753,True
vector_thrust,cruise_86,0.4706969443242342,17.651135412158787,69.01042096686066,308.5098965551634,380.7316972505014,293.12706538955615,5.123330511563415,5.082206642950286,345.0521048343033,15.629434421672405,True
vector_thrust,cruise_86,0.47046854447341807,17.64257041775318,69.01523166721846,308.49050435891957,380.7140591541751,293.147502865233,5.125852915369596,5.0825609857828455,345.07615833609225,15.636147340867323,True
vector_thrust,cruise_87,0.47046854447341807,17.64257041775318,69.01507896315533,308.44776875470626,380.67519252593826,293.1471089401239,5.125135937022338,5.125135937022338,345.0753948157767,15.636147340867323,True
vector_thrust,cruise_87,0.47024012736436693,17.634004776163763,69.01989110349078,308.42837524933265,380.65755630082646,293.16755238030953,5.127660619594853,5.125493352827496,345.0994555174539,15.64286026006224,True
vector_thrust,cruise_87,0.46960002323377625,17.610000871266614,69.03337880441548,308.37402865143963,380.6081392375896,293.22485272716494,5.134748703149677,5.126495143593689,345.1668940220774,15.661669441671892,True
vector_thrust,cruise_87,0.4686748020599787,17.575305077249205,69.05288355945278,308.29547677483356,380.5367257118633,293.3077155690393,5.145028300541293,5.12794384738705,345.2644177972639,15.68884949659901,True
vector_thrust,cruise_87,0.4676475461593136,17.536782980974262,69.0745522499234,308.2082647734085,380.45745741349845,293.399771545099,5.156489338491299,5.129553276157563,345.37276124961704,15.71901708162378,True
vector_thrust,cruise_87,0.4667217158645076,17.502064344919038,69.09409315048049,308.1296660323172,380.3860343963261,293.482787945929,5.166862128595995,5.131004664645733,345.47046575240245,15.746197136550899,True
vector_thrust,cruise_87,0.4660808521720878,17.478031956453293,69.1076259256375,308.0752609953385,380.336605497444,293.54027978347375,5.174066424197639,5.132009803273064,345.5381296281875,15.76500631816055,True
vector_thrust,cruise_87,0.4658520970260813,17.469453638478054,69.11245770992461,308.0558414821138,380.3189640049716,293.56080684862224,5.176642798990201,5.1323686811062945,345.562288549623,15.771719237355468,True
vector_thrust,cruise_88,0.4658520970260813,17.469453638478054,69.1124648276104,308.01298212650215,380.280032177616,293.5608251806231,5.175922903521209,5.175922903521209,345.56232413805196,15.771719237355468,True
vector_thrust,cruise_88,0.4656233239971215,17.46087464989206,69.11729766994975,307.9935612534254,380.2623925235039,293.58135673835864,5.178501615325345,5.176284906046114,345.5864883497488,15.778432156550387,True
vector_thrust,cruise_88,0.4649822221601259,17.436833331004724,69.13084457288993,307.93913794131953,380.21296584605255,293.6389085932046,5.185741623018146,5.177299632597089,345.6542228644496,15.797241338160038,True
vector_thrust,cruise_88,0.4640555581095206,17.402083429107027,69.15043498493188,307.8604751270649,380.1415384107785,293.7221353318187,5.196241961887311,5.178767046317272,345.7521749246594,15.824421393087157,True
vector_thrust,cruise_88,0.463026699143846,17.36350121789423,69.17219889550121,307.77313987993944,380.06225465096406,293.8145958320193,5.207949685204255,5.18039726526888,345.86099447750604,15.854588978111927,True
vector_thrust,cruise_88,0.46209942310054214,17.328728366270333,69.19182572332501,307.6944299952583,379.99081768273294,293.8979772772807,5.218546259349998,5.181867406702063,345.95912861662504,15.881769033039044,True
vector_thrust,cruise_88,0.46145755812075423,17.30465842952829,69.20541803610872,307.6399479872604,379.9413791178715,293.95572204859144,5.225906273149788,5.182885534663114,346.0270901805436,15.900578214648696,True
vector_thrust,cruise_88,0.46122844546116515,17.296066704793695,69.21027108397408,307.62050099204345,379.9237341733616,293.976339447828,5.228538393395758,5.183249050703969,346.0513554198704,15.907291133843614,True
vector_thrust,cruise_89,0.46122844546116515,17.296066704793695,69.21027669611713,307.5775169995114,379.8847366909847,293.9763528923211,5.22780804575249,5.22780804575249,346.0513834805856,15.907291133843614,True
vector_thrust,cruise_89,0.46099931483425016,17.287474306284384,69.21513160957605,307.5580686386647,379.8670935929659,293.99697788663104,5.230442637392458,5.228174821889878,346.0756580478802,15.914004053038532,True
vector_thrust,cruise_89,0.46035721058621154,17.263395396982936,69.22873815532463,307.5035682756892,379.817657259485,294.05478312231673,5.237839544267704,5.229202777619076,346.1436907766232,15.932813234648185,True
vector_thrust,cruise_89,0.4594290968530003,17.228591131987518,69.24841486238519,307.4247940366902,379.74621585411506,294.1383764685023,5.248567866714714,5.230689325647381,346.242074311926,15.959993289575301,True
vector_thrust,cruise_89,0.4583986272581657,17.18994852218122,69.27027470396521,307.33733500237656,379.6669165654747,294.2312445128927,5.260530387647183,5.232340806471878,346.3513735198261,15.990160874600072,True
vector_thrust,cruise_89,0.4574698986420404,17.155121199076518,69.28998809871975,307.258513485474,379.5954655853257,294.3149937208848,5.27135812203027,5.233830126204771,346.4499404935987,16.01734092952719,True
vector_thrust,cruise_89,0.4568270276471673,17.13101353676878,69.30364039333556,307.20395416788637,379.5460173122831,294.3729933133234,5.278878996388146,5.234861538197666,346.5182019666778,16.03615011113684,True
vector_thrust,cruise_89,0.45659755578567257,17.12240834196273,69.30851486348304,307.1844795697581,379.528368900657,294.3937017209476,5.281568704919556,5.2352297976815585,346.5425743174152,16.04286303033176,True
vector_thrust,cruise_90,0.45659755578567257,17.12240834196273,69.3085778600027,307.14137017220276,379.4893054176962,294.3938640117317,5.280830415733886,5.280830415733886,346.5428893000135,16.04286303033176,True
vector_thrust,cruise_90,0.45636806567857924,17.113802462946726,69.31345341030472,307.1218941865234,379.47165884616476,294.41457699997403,5.283522628014895,5.281201964844389,346.5672670515236,16.049575949526677,True
vector_thrust,cruise_90,0.45572495374261157,17.089685765347937,69.32712006662817,307.0673163883877,379.4222127736501,294.4726375851968,5.291081639221451,5.282243454297402,346.6356003331408,16.06838513113633,True
vector_thrust,cruise_90,0.4547953826936008,17.054826851010034,69.34688374664809,306.9884301686763,379.35075727810795,294.55660039192634,5.302045522953188,5.283749577208815,346.73441873324043,16.095565186063446,True
vector_thrust,cruise_90,0.453763293986492,17.016123524493455,69.36884027294646,306.9008467291927,379.2714423271839,294.64987915249225,5.3142713303878715,5.285422809487592,346.84420136473227,16.125732771088217,True
vector_thrust,cruise_90,0.4528331051446845,16.981241442925675,69.38864091510979,306.8219130224704,379.1999772147107,294.73399898705287,5.325337944573163,5.286931749160657,346.943204575549,16.152912826015335,True
vector_thrust,cruise_90,0.45218922283331614,16.957095856249357,69.40235366320516,306.7672760089697,379.1505191500716,294.79225538561496,5.333025061591408,5.287976751108882,347.0117683160258,16.171722007624986,True
vector_thrust,cruise_90,0.4519593898767807,16.94847712037928,69.40724972420678,306.7477736699628,379.1328672415403,294.8130555110637,5.3357742872437015,5.288349863284605,347.0362486210339,16.178434926819904,True
vector_thrust,cruise_91,0.4519593898767807,16.94847712037928,69.40722853657167,306.7045380540895,379.0937373751297,294.8130000277036,5.335021214213588,5.335021214213588,347.0361426828583,16.178434926819904,True
vector_thrust,cruise_91,0.451729538869296,16.939857707598602,69.41212638456933,306.6850343449207,379.076087336012,294.8338074547633,5.337773074962029,5.33539775142452,347.06063192284665,16.185147846014825,True
vector_thrust,cruise_91,0.45108541526339574,16.915703072377344,69.4258535691345,306.6303788349716,379.0266315410231,294.8921251910882,5.3454996032916995,5.33645308602791,347.12926784567253,16.203957027624476,True
vector_thrust,cruise_91,0.45015438113754047,16.88078929265777,69.44570482509718,306.551380234192,378.9551619791216,294.97646006000815,5.356706928823623,5.3379792341785794,347.22852412548593,16.231137082551594,True
vector_thrust,cruise_91,0.449120666914342,16.842025009287827,69.46775870746868,306.46367194437244,378.8758313921827,295.07015243304863,5.369204851907626,5.339674718427015,347.33879353734335,16.261304667576365,True
vector_thrust,cruise_91,0.4481890120686047,16.80708795257268,69.4876472033288,306.3846256460228,378.80435217090655,295.15464550968494,5.380518375780086,5.341203729550224,347.438236016644,16.28848472250348,True
vector_thrust,cruise_91,0.44754411443728453,16.78290429139817,69.50142082534667,306.32991065814525,378.7548843308669,295.2131605280605,5.388377334429498,5.342262634226593,347.50710412673334,16.307293904113134,True
vector_thrust,cruise_91,0.447313918955943,16.774271960847866,69.50633862722499,306.31038047879696,378.7372289311947,295.23405301856917,5.391188083840047,5.34264071077027,347.53169313612494,16.314006823308052,True
vector_thrust,cruise_92,0.447313918955943,16.774271960847866,69.5063104684188,306.26701793474825,378.69803239563953,295.23397109458864,5.390423389534872,5.390423389534872,347.531552342094,16.314006823308052,True
vector_thrust,cruise_92,0.44708370533681857,16.765638950130697,69.5112367881014,306.24748637919777,378.680378873565,295.2548967217616,5.3932373368617865,5.390805452580448,347.55618394050697,16.32071974250297,True
vector_thrust,cruise_92,0.4464385652632881,16.74144619737331,69.52502495507767,306.1927528128562,378.63091331298625,295.3134735389328,5.401137054682858,5.391874956351282,347.6251247753883,16.33952892411262,True
vector_thrust,cruise_92,0.44550606112017416,16.706477292006536,69.54496444524956,306.1136413324445,378.55942962229386,295.398183266646,5.412596081282029,5.393421598480214,347.7248222262478,16.36670897903974,True
vector_thrust,cruise_92,0.4444707136671581,16.667651762518435,69.5671164155712,306.0258076380471,378.4800833298695,295.49229236162074,5.425375374360442,5.395139855579283,347.83558207785603,16.39687656406451,True
vector_thrust,cruise_92,0.4435375858582364,16.63265946968387,69.5870934259346,305.9466482479232,378.40858993704006,295.5771614878551,5.4369442253460125,5.396689408028844,347.935467129673,16.424056618991628,True
vector_thrust,cruise_92,0.44289166808577374,16.60843755321652,69.60092837990035,305.8918549391159,378.3591122780867,295.6359370720492,5.444980895275064,5.397762540915953,348.00464189950173,16.44286580060128,True
vector_thrust,cruise_92,0.44266110835792466,16.59979156342218,69.6058680863725,305.8722967956556,378.3414533717262,295.65692262316526,5.44785527220436,5.398145698061314,348.0293404318625,16.449578719796197,True
vector_thrust,cruise_93,0.44266110835792466,16.59979156342218,69.60584710893549,305.8288065493349,378.302189826726,295.6568685805166,5.447079676912042,5.447079676912042,348.0292355446774,16.449578719796197,True
vector_thrust,cruise_93,0.44243053040517344,16.591144890194006,69.61078790594276,305.80924702358766,378.2845328062095,295.67785876710184,5.449956826340318,5.447466392834835,348.0539395297138,16.456291638991114,True
vector_thrust,cruise_93,0.4417843690362015,16.56691383885756,69.624637514531,305.7544350536862,378.2350574366029,295.73669661609244,5.458035665424347,5.448550400972406,348.123187572655,16.475100820600765,True
vector_thrust,cruise_93,0.4408503878918539,16.531889545944523,69.6446659035885,305.67521019133176,378.16355955422154,295.8217840265714,5.469755030735699,5.450118021933171,348.22332951794255,16.502280875527884,True
vector_thrust,cruise_93,0.43981339944688,16.493002479258003,69.66691670123595,305.5872505339472,378.0841974863218,295.9163129848161,5.482825373178575,5.451859590697687,348.3345835061798,16.532448460552654,True
vector_thrust,cruise_93,0.4388787916718409,16.457954687694038,69.68698289369978,305.5079775481392,378.0126898587193,296.00156099702065,5.494658356236028,5.453430170528983,348.4349144684989,16.559628515479773,True
vector_thrust,cruise_93,0.4382318489067845,16.433694334004425,69.70087964238762,305.4531055692407,377.9632023370131,296.06059911319556,5.502878877860917,5.454517868319748,348.5043982119381,16.578437697089424,True
vector_thrust,cruise_93,0.43800092319992,16.425034619997003,69.7058414187727,305.4335193369659,377.9455399083007,296.08167842730126,5.505819083214994,5.454906226297087,348.52920709386353,16.58515061628434,True
vector_thrust,cruise_94,0.43800092319992,16.425034619997003,69.70582018169056,305.3899006125144,377.90620901558844,296.081623715806,5.505031784205663,5.505031784205663,348.52910090845273,16.58515061628434,True
vector_thrust,cruise_94,0.43776997918073207,16.416374219277454,69.71078305689639,305.37031299182127,377.8885484810272,296.10270770060527,5.507974862200684,5.505423797749093,348.55391528448195,16.59186353547926,True
vector_thrust,cruise_94,0.43712279165824475,16.392104687184183,69.72469457097834,305.3154222685793,377.83906325863103,296.16180855228697,5.5162390286991485,5.506522657120702,348.62347285489176,16.610672717088914,True
vector_thrust,cruise_94,0.43618732648485564,16.35702474318209,69.74481253047895,305.23608351818456,377.7675511211896,296.2472764987297,5.528227770707013,5.508111758652211,348.72406265239476,16.63785277201603,True
vector_thrust,cruise_94,0.4351486892371071,16.31807584639152,69.76716290242791,305.1479973351949,377.68817320730125,296.34222849387186,5.541599291607072,5.509877196657688,348.83581451213956,16.6680203570408,True
vector_thrust,cruise_94,0.4342125944490594,16.28297229183973,69.78731895143073,305.0686102459899,377.61665128123036,296.42785825750013,5.5537056218004235,5.511469306848559,348.93659475715367,16.695200411967917,True
vector_thrust,cruise_94,0.4335646218095287,16.25867331785733,69.80127796491911,305.0136592452044,377.5671538526044,296.48716090181796,5.562116422288936,5.512571918141215,349.00638982459554,16.71400959357757,True
vector_thrust,cruise_94,0.4333333283802347,16.249999814258803,69.80626199524652,304.99404479846845,377.5494878857565,296.508334753806,5.565124761027355,5.512965602581085,349.0313099762326,16.72072251277249,True
vector_thrust,cruise_95,0.4333333283802347,16.249999814258803,69.80624047308456,304.9502968183361,377.510089309185,296.5082792832386,5.564325465233364,5.564325465233364,349.0312023654228,16.72072251277249,True
vector_thrust,cruise_95,0.43310201655096686,16.24132562066126,69.81122559356203,304.9306809770086,377.4924252448616,296.5294577761003,5.567336780341451,5.5647229044800195,349.0561279678102,16.727435431967407,True
vector_thrust,cruise_95,0.4324537979863929,16.217017424489736,69.8251994818451,304.8757111480017,377.44293012558325,296.58882362183806,5.575792770852391,5.565836974171437,349.12599740922553,16.74624461357706,True
vector_thrust,cruise_95,0.4315168417121061,16.18188156420398,69.84540769023182,304.79625799964765,377.37140366923705,296.6746749867138,5.5880603513526115,5.567448075679152,349.2270384511591,16.773424668504177,True
vector_thrust,cruise_95,0.4304765478017489,16.142870542565586,69.86785839114017,304.70804472418,377.2920098383155,296.7700532250276,5.601743655965492,5.569237960135537,349.3392919557009,16.803592253528947,True
vector_thrust,cruise_95,0.4295389589095503,16.10771095910814,69.88810498875148,304.6285430200215,377.2204735495992,296.8560676760643,5.614132983413019,5.570852122146253,349.4405249437574,16.830772308456062,True
vector_thrust,cruise_95,0.4288899514829342,16.083373180610035,69.9021267237989,304.5735126428833,377.17096616954746,296.9156367955483,5.622740792114644,5.571970006507821,349.51063361899446,16.849581490065717,True
vector_thrust,cruise_95,0.42865828857696187,16.074685821636074,69.90713314283579,304.5538698550966,377.153296648669,296.9369057719581,5.625819674430424,5.572369143784333,349.535665714179,16.856294409260634,True
vector_thrust,cruise_96,0.42865828857696187,16.074685821636074,69.90711136854334,304.50999184010914,377.113830054294,296.9368496764143,5.625008082602121,5.625008082602121,349.5355568427167,16.856294409260634,True
vector_thrust,cruise_96,0.4284266074355529,16.06599777883324,69.91177236134803,304.4916167036154,377.09743149451936,296.95665116674536,5.628085603483788,5.625383191125301,349.5588618067402,16.863007328455552,True
vector_thrust,cruise_96,0.42777736437345815,16.041651164004683,69.92425458225718,304.4426622612238,377.05402119224425,297.009679906981,5.636727587689414,5.626387738364085,349.62127291128587,16.881816510065203,True
vector_thrust,cruise_96,0.42683895448876147,16.006460793328557,69.9423041508303,304.3719055973506,376.9912914010919,297.08636064273867,5.64926518631157,5.6278403359749465,349.7115207541515,16.90899656499232,True
vector_thrust,cruise_96,0.42579708439159825,15.967390664684938,69.96235461811635,304.2933502327646,376.92166646484327,297.1715418800424,5.6632499305295045,5.629453962403737,349.81177309058177,16.939164150017092,True
vector_thrust,cruise_96,0.424858108983082,15.932179086865581,69.98043476465762,304.22255500480503,376.8589364554411,297.2483525214603,5.675912427421647,5.630909020875854,349.9021738232881,16.96634420494421,True
vector_thrust,cruise_96,0.4242081607240564,15.907806027152121,69.99295511572069,304.17355247376344,376.81552588101175,297.3015432516203,5.684710161314868,5.631916636762517,349.96477557860345,16.98515338655386,True
vector_thrust,cruise_96,0.42397616574039454,15.8991062152648,69.99742526258078,304.15606154993543,376.80003281425235,297.3205339631583,5.687857003014047,5.6322763863389405,349.98712631290385,16.99186630574878,True
vector_thrust,cruise_97,0.42397616574039454,15.8991062152648,69.99740219726253,304.1169305972689,376.7653750566959,297.3204732617407,5.6871240752687795,5.6871240752687795,349.98701098631267,16.99186630574878,True
vector_thrust,cruise_97,0.4237441542181046,15.890405783178926,70.00187391864155,304.0994385618883,376.74988418795,297.3394703809548,5.690274196827252,5.687487450763438,350.00936959320774,16.998579224943697,True
vector_thrust,cruise_97,0.42309398507953483,15.866024440482558,70.01440620844568,304.05042101563157,376.7064797048908,297.39271183766573,5.699120128071131,5.688505849419075,350.0720310422284,17.017388406553348,True
vector_thrust,cruise_97,0.42215423601193314,15.830783850447496,70.03252821163743,303.97957310206266,376.6437583224621,297.4697003101172,5.711954213089194,5.689978479239664,350.16264105818715,17.044568461480466,True
vector_thrust,cruise_97,0.42111087819884513,15.791657932456697,70.05265919034657,303.90091637207956,376.5741427187917,297.5552235982015,5.726270510010012,5.691614362383951,350.26329595173286,17.074736046505237,True
vector_thrust,cruise_97,0.42017056120042934,15.756396045016105,70.07081197899988,303.8300297395725,376.5114211173873,297.63234285781573,5.739233979876543,5.69308949389174,350.35405989499947,17.10191610143236,True
vector_thrust,cruise_97,0.419519683863454,15.73198814487953,70.08338265770527,303.7809639115687,376.4680163612686,297.6857474036945,5.74824125572862,5.694111012104946,350.41691328852636,17.120725283042006,True
vector_thrust,cruise_97,0.4192873571631286,15.723275893617327,70.08787077772305,303.76345038878173,376.45252537099947,297.7048144737424,5.751463133621272,5.69447572561399,350.4393538886153,17.127438202236924,True
vector_thrust,cruise_98,0.4192873571631286,15.723275893617327,70.08783964387072,303.7242149980255,376.41782461934844,297.7047231639676,5.750718486144832,5.750718486144832,350.4391982193536,17.127438202236924,True
vector_thrust,cruise_98,0.41905501385222776,15.714563019458545,70.09233563410191,303.7067003591222,376.40233583572075,297.7238207995522,5.7539442313081945,5.751087392371212,350.4616781705096,17.13415112143184,True
vector_thrust,cruise_98,0.41840391472141825,15.690146802053189,70.10491777581015,303.6576194573934,376.3589371968067,297.7772742789712,5.7630014159097085,5.752119945395487,350.5245888790508,17.152960303041493,True
vector_thrust,cruise_98,0.41746282080047414,15.654855780017785,70.12311186736093,303.58667992963734,376.29622425869167,297.85456936044164,5.776142628501789,5.753613043150792,350.61555933680467,17.180140357968607,True
vector_thrust,cruise_98,0.41641796899985606,15.615673837494604,70.14332293074123,303.50792143114495,376.2266180288893,297.9404332849872,5.790802405176863,5.755271663991366,350.7166146537062,17.21030794299338,True
vector_thrust,cruise_98,0.4154763047561132,15.580361428354248,70.1615479539127,303.43694303046584,376.1639048727625,298.0178598002145,5.804077701412548,5.756767300633283,350.8077397695635,17.2374879979205,True
vector_thrust,cruise_98,0.4148244944367312,15.555918541377423,70.17417049601485,303.3878136544568,376.1205059615336,298.07148420051726,5.813302227303032,5.757803155311207,350.87085248007423,17.256297179530147,True
vector_thrust,cruise_98,0.4145918346102782,15.547193797885436,70.17868308846164,303.37027744198946,376.1050170562976,298.09065263505397,5.8166023507766145,5.758173429150563,350.8934154423082,17.26301009872507,True
vector_thrust,cruise_99,0.4145918346102782,15.547193797885436,70.17865833005834,303.33093706340384,376.0702731596439,298.0905861370824,5.815846769404681,5.815846769404681,350.8932916502917,17.26301009872507,True
vector_thrust,cruise_99,0.41435915809861634,15.538468428698115,70.18316544624571,303.313399730043,376.0547864695736,298.10973391418753,5.819149892477953,5.816220348923112,350.91582723122855,17.269723017919986,True
vector_thrust,cruise_99,0.4137071249558307,15.514017185843654,70.19579889699051,303.26425521362466,376.01139369468297,298.16340515064945,5.828426120184987,5.817267492649561,350.9789944849526,17.288532199529637,True
vector_thrust,cruise_99,0.4127646803818152,15.478675514318075,70.21406725016547,303.19322369765246,375.9486892304704,298.24101538737756,5.841885813196072,5.818781694256519,351.0703362508274,17.315712254456752,True
vector_thrust,cruise_99,0.4117183280914193,15.439437303428225,70.2343608982838,303.1143630108684,375.87909240379685,298.32722977241093,5.85690180568838,5.820463765666993,351.1718044914189,17.345879839481526,True
vector_thrust,cruise_99,0.4107753107350527,15.40407415256448,70.25266045750179,303.04329246308754,375.816387719148,298.40497258312536,5.870500523648343,5.821980553836648,351.2633022875089,17.373059894408645,True
vector_thrust,cruise_99,0.4101225633440901,15.379596125403383,70.2653328215959,302.9940992747787,375.7729946693767,298.45880913685494,5.8799501175244675,5.823030922958133,351.3266641079795,17.391869076018292,True
vector_thrust,cruise_99,0.40988956896198986,15.370858836074621,70.2698572559235,302.97654028038124,375.7575078569726,298.4780304873437,5.883330397551933,5.823405937917821,351.3492862796175,17.39858199521321,True
vector_thrust,cruise_100,0.40988956896198986,15.370858836074621,70.26983434373976,302.937094354443,375.7227206587413,298.477971458515,5.882563256012713,5.882563256012713,351.34917171869876,17.39858199521321,True
vector_thrust,cruise_100,0.4096565578301974,15.362120918632407,70.27435968627944,302.91953423505777,375.7072360707157,298.4971966692826,5.885947146520644,5.882942156733251,351.37179843139717,17.405294914408127,True
vector_thrust,cruise_100,0.4090035867270367,15.337634502263878,70.28704423469566,302.87032584935133,375.6638491855125,298.5510849931141,5.895450460838356,5.884004216597001,351.4352211734783,17.424104096017782,True
vector_thrust,cruise_100,0.40805978578230545,15.302241966836458,70.30538651140233,302.79920197634186,375.6011532318554,298.6290092923911,5.909240351622524,5.885539990300626,351.52693255701166,17.451284150944897,True
vector_thrust,cruise_100,0.4070119266780574,15.262947250427157,70.32576232666736,302.7202386933383,375.5315658507808,298.71557276278884,5.92462569675971,5.887246029402227,351.6288116333368,17.481451735969667,True
vector_thrust,cruise_100,0.40606755050630194,15.227533143986328,70.344136022439,302.6490756304838,375.4688696759545,298.7936305411385,5.9385597937945995,5.888784433782697,351.72068011219505,17.50863179089679,True
vector_thrust,cruise_100,0.4054138621065053,15.203019828993952,70.35685975015174,302.5998183758189,375.42548251495697,298.84768531206464,5.9482429355910975,5.889849774074674,351.7842987507587,17.527440972506437,True
vector_thrust,cruise_100,0.40518053174758095,15.19426994053429,70.36140252769789,302.5822365076934,375.4099978041909,298.8669845933105,5.951706858603718,5.890230134615754,351.8070126384895,17.534153891701354,True
vector_thrust,cruise_101,0.40518053174758095,15.19426994053429,70.36137931499812,302.54268448655404,375.3751671610903,298.8669247910863,5.950927690794782,5.950927690794782,351.8068965749906,17.534153891701354,True
vector_thrust,cruise_101,0.4049471845689167,15.18551942133438,70.3659230063734,302.5251014889314,375.35968468363416,298.88622795674013,5.954395364258884,5.9513120482913155,351.829615031867,17.540866810896272,True
vector_thrust,cruise_101,0.40429327150579014,15.160997681467133,70.37865900156267,302.4758289753963,375.31630371200436,298.94033485118507,5.964134254095116,5.952389404765741,351.8932950078134,17.559675992505923,True
vector_thrust,cruise_101,0.40334810840567437,15.125554065212791,70.3970757070333,302.40461237131507,375.253616303418,299.01857535962034,5.978266712319389,5.953947300837763,351.98537853516643,17.58685604743304,True
vector_thrust,cruise_101,0.4022987360600216,15.086202602250813,70.41753425133697,302.32554607634626,375.1840384062513,299.1054903027076,5.994035283385887,5.955677919044925,352.08767125668487,17.617023632457812,True
vector_thrust,cruise_101,0.40135299527547935,15.050737322830479,70.43598259127761,302.25429012330306,375.1213507757616,299.18386520525513,6.0083173903239695,5.957238491122813,352.1799129563881,17.64420368738493,True
vector_thrust,cruise_101,0.4006983618513838,15.026188569426896,70.44875803400755,302.20496854239343,375.07796952742194,299.23813968644015,6.018242894583484,5.958319184522437,352.24379017003776,17.66301286899458,True
vector_thrust,cruise_101,0.4004646940818313,15.017426028068677,70.45331928030731,302.18736370772706,375.0624869268179,299.2575174318307,6.02179362118517,5.958705027023109,352.2665964015366,17.6697257881895,True
vector_thrust,cruise_102,0.4004646940818313,15.017426028068677,70.4532957595789,302.147705040428,375.027612695792,299.25745683660057,6.021002109843074,6.021002109843074,352.2664787978945,17.6697257881895,True
vector_thrust,cruise_102,0.40023100942245526,15.008662853342075,70.4578579254022,302.1300990717258,375.01213233748945,299.2768384908419,6.024556734111488,6.021392064975063,352.28928962701093,17.676438707384417,True
vector_thrust,cruise_102,0.3995761503798633,14.984105639244879,70.47064571967533,302.0807621700565,374.9687573034851,299.33116545277704,6.034540117256073,6.022485112934136,352.3532285983767,17.695247888994068,True
vector_thrust,cruise_102,0.3986296193108882,14.94861072415831,70.4891373638443,302.0094524583152,374.90607847472546,299.4097243369305,6.049028138886323,6.0240657024781195,352.4456868192215,17.722427943921183,True
vector_thrust,cruise_102,0.39757872726424753,14.909202272409285,70.50967920418549,301.93028273279475,374.83651010004195,299.49699316175514,6.065194513478007,6.025821534342586,352.54839602092744,17.752595528945957,True
vector_thrust,cruise_102,0.39663161604061853,14.873685601523198,70.5282026999695,301.85893351188383,374.7738310486441,299.57568736255996,6.079837904069392,6.027404846431403,352.6410134998475,17.779775583873075,True
vector_thrust,cruise_102,0.3959760335567318,14.849101258377445,70.54103021258365,301.8095473430642,374.73045573701336,299.63018306171165,6.090015035028189,6.028501289350615,352.7051510629182,17.798584765482723,True
vector_thrust,cruise_102,0.3957420269355925,14.840326010084723,70.54561005439555,301.79191944840954,374.714975255155,299.64963980980116,6.09365588726094,6.028892755356294,352.7280502719778,17.80529768467764,True
vector_thrust,cruise_103,0.3957420269355925,14.840326010084723,70.54558621797786,301.75215358470115,374.68005729676406,299.6495784017213,6.092851702989708,6.092851702989708,352.7279310898893,17.80529768467764,True
vector_thrust,cruise_103,0.39550800335451186,14.831550125794198,70.55016698521524,301.734524551442,374.66457906625897,299.66903908392544,6.096496607830728,6.093247402030371,352.7508349260762,17.81201060387256,True
vector_thrust,cruise_103,0.39485219429289803,14.806957285983678,70.56300693409561,301.68512299955233,374.62120999409984,299.72358762388427,6.106733858398617,6.094356551478725,352.81503467047804,17.830819785482213,True
vector_thrust,cruise_103,0.3939042894125624,14.771410852971094,70.58157403151483,301.613719800985,374.55853978016535,299.8024670699768,6.121591105855687,6.095960427479549,352.90787015757417,17.857999840409327,True
vector_thrust,cruise_103,0.3928518711730746,14.7319451689903,70.60219974016889,301.53444622346046,374.4889809668104,299.89009220798874,6.138170611181828,6.097742131876427,353.0109987008444,17.8881674254341,True
vector_thrust,cruise_103,0.39190338365492106,14.696376887059543,70.62079890837887,301.4630033544154,374.4263105295024,299.96910790188196,6.153189243620386,6.099348778238714,353.10399454189434,17.91534748036122,True
vector_thrust,cruise_103,0.391246848055555,14.671756802083316,70.63367884891483,301.413552334227,374.3829411788001,300.0238263402171,6.163627744243367,6.100461382274314,353.16839424457413,17.934156661970867,True
vector_thrust,cruise_103,0.3910125011346571,14.662968792549643,70.63827741413027,301.39590128549605,374.3674628243313,300.04336263438194,6.167362216024733,6.100858618752359,353.19138707065133,17.940869581165785,True
vector_thrust,cruise_104,0.3910125011346571,14.662968792549643,70.63825325389224,301.35602767586005,374.3325010027783,300.04330039216165,6.166545016646261,6.166545016646261,353.1912662694612,17.940869581165785,True
vector_thrust,cruise_104,0.39077813718366744,14.654180144387533,70.64285275082044,301.3383754839259,374.3170249087752,300.0628406472073,6.170283704227021,6.16694661155679,353.2142637541022,17.947582500360703,True
vector_thrust,cruise_104,0.3901213740432515,14.629551526621933,70.65574521313161,301.28890901793244,374.2736618228505,300.11761228974416,6.180784682243978,6.168072288413756,353.278726065658,17.966391681970357,True
vector_thrust,cruise_104,0.3891720894797827,14.593953355491854,70.6743882831344,301.2174119507724,374.21100025898454,300.1968145042887,6.1960255277107805,6.169700066873627,353.37194141567204,17.993571736897472,True
vector_thrust,cruise_104,0.3881181385230335,14.55443019461376,70.69509843762977,301.13803409689865,374.1414510460754,300.2847984092643,6.2130342894230415,6.171508328248113,353.47549218814885,18.023739321922243,True
vector_thrust,cruise_104,0.38716826882552635,14.518810080957241,70.71377379964522,301.06649719684185,374.078789258101,300.36413781145535,6.2284428510468,6.173138926213692,353.5688689982261,18.050919376849365,True
vector_thrust,cruise_104,0.3865107760346191,14.49415410129822,70.72670652948139,301.0169810600162,374.0354258927164,300.41908052437475,6.239152974382506,6.17426811894058,353.633532647407,18.069728558459012,True
vector_thrust,cruise_104,0.3862760873585122,14.485353275944211,70.73132394717588,300.9993067624743,374.01994967434155,300.4386969130287,6.242984742776187,6.174671278563009,353.6566197358794,18.07644147765393,True
vector_thrust,cruise_105,0.3862760873585122,14.485353275944211,70.7312994548489,300.95932485813745,373.98494385749217,300.43863381521635,6.24215417269033,6.24215417269033,353.6564972742445,18.07644147765393,True
vector_thrust,cruise_105,0.3860413815821333,14.476551809330001,70.73591781062336,300.94164941276364,373.96946990875637,300.4582541918392,6.245990328850024,6.242561821381349,353.6795890531168,18.083154396848848,True
vector_thrust,cruise_105,0.38538366028272736,14.45188726060228,70.74886314851081,300.89211776696936,373.9261128336264,300.5132504756245,6.256765412165141,6.243704468310451,353.744315742554,18.1019635784585,True
vector_thrust,cruise_105,0.3844329901348123,14.416237130055464,70.76758271520896,300.82052644682517,373.86345995531997,300.59277768545087,6.272404984302788,6.245356789446239,353.8379135760448,18.129143633385617,True
vector_thrust,cruise_105,0.3833774999035284,14.376656246382318,70.78837789842393,300.74104388933847,373.79392038224904,300.6811228339053,6.289859979203565,6.247192319151786,353.9418894921197,18.159311218410387,True
vector_thrust,cruise_105,0.38242624211216786,14.340984079206299,70.80712998039462,300.6694125727574,373.7312672790996,300.76078817988605,6.305673934753484,6.248847510315178,354.0356499019731,18.186491273337506,True
vector_thrust,cruise_105,0.3817677880330886,14.316292051240826,70.82011586422618,300.61983105219963,373.68790992359396,300.8159567168992,6.31666647777014,6.249993736115585,354.1005793211309,18.205300454947157,True
vector_thrust,cruise_105,0.381532756138974,14.307478355211527,70.8247522646801,300.6021334104599,373.67243585007884,300.8356537535708,6.320599415152275,6.250402977557299,354.12376132340046,18.212013374142074,True
vector_thrust,cruise_106,0.381532756138974,14.307478355211527,70.8247274318369,300.5620426633977,373.63738590947145,300.835589778478,6.319755104625528,6.319755104625528,354.1236371591845,18.212013374142074,True
vector_thrust,cruise_106,0.3812977070743763,14.298664015289114,70.82936477676299,300.5443438691668,373.6219141148302,300.855290830342,6.323692611106105,6.320168971293284,354.14682388381493,18.218726293336992,True
vector_thrust,cruise_106,0.38063902351518303,14.273963381819367,70.84236335569037,300.4947467760448,373.57856307522803,300.91051330814815,6.334752729851573,6.3213290485842135,354.2118167784518,18.237535474946643,True
vector_thrust,cruise_106,0.37968696185166967,14.238261069437614,70.8611599481076,300.4230608158763,373.515918918222,300.9903677609422,6.35080696426717,6.323006578114692,354.30579974053796,18.264715529873758,True
vector_thrust,cruise_106,0.3786299257553816,14.198622215826814,70.88204074829821,300.3434731245672,373.4463890246592,301.0790766522441,6.36872607724404,6.32487011583323,354.41020374149105,18.294883114898532,True
vector_thrust,cruise_106,0.3776772739256876,14.16289777221329,70.90087008130915,300.27174700329016,373.38374464207686,301.1590701984744,6.384961721025728,6.326550567346624,354.50435040654577,18.32206316982565,True
vector_thrust,cruise_106,0.3770178544410185,14.138169541538197,70.91390948709936,300.2220998300624,373.34039332118465,301.214466123016,6.396248061176127,6.327714288291858,354.5695474354968,18.340872351435298,True
vector_thrust,cruise_106,0.3767824778586711,14.129342919700168,70.91856500187785,300.2043787480796,373.324921401357,301.2342443666674,6.400286248389928,6.328129776553631,354.5928250093893,18.347585270630216,True
vector_thrust,cruise_107,0.3767824778586711,14.129342919700168,70.91853981728501,300.1641786110098,373.2898272122047,301.2341794822615,6.399427812583182,6.399427812583182,354.59269908642506,18.347585270630216,True
vector_thrust,cruise_107,0.37654708403559883,14.120515651334959,70.92319628547419,300.1464563718459,373.27435758054725,301.25396177809944,6.4034707604412215,6.399848068260674,354.6159814273709,18.354298189825137,True
vector_thrust,cruise_107,0.37588743409498493,14.095778778561936,70.93624847434437,300.0967935620222,373.23101260138066,301.3094120173159,6.4148274342937475,6.401026054781546,354.6812423717218,18.373107371434788,True
vector_thrust,cruise_107,0.3749339749545558,14.060024060795847,70.95512262626339,300.02501257211605,373.1683772016682,301.38959598104265,6.431313128080021,6.402729485276978,354.77561313131696,18.400287426361903,True
vector_thrust,cruise_107,0.3738753863692284,14.020326988846067,70.9760896371884,299.94531931380214,373.09885702756384,301.47867113793836,6.449715213682917,6.404621800542889,354.880448185942,18.430455011386677,True
vector_thrust,cruise_107,0.3729213345264031,13.984550044740118,70.9949967572301,299.87349799697415,373.03622140154357,301.55899516171985,6.4663897259683365,6.406328206478262,354.97498378615046,18.457635066313795,True
vector_thrust,cruise_107,0.3722609454977005,13.959785456163772,71.00809005672474,299.82378490027827,372.9928761401745,301.6146200531718,6.477981860793751,6.407509903316388,355.0404502836237,18.476444247923443,True
vector_thrust,cruise_107,0.3720252227493815,13.95094585310181,71.01276481852948,299.8060402813427,372.9774063829246,301.63448006761706,6.482129601362299,6.407931810050271,355.0638240926474,18.48315716711836,True
vector_thrust,cruise_108,0.3720252227493815,13.95094585310181,71.01273927786706,299.7657302077082,372.9422678241076,301.6344142688212,6.481256640313311,6.481256640313311,355.0636963893353,18.48315716711836,True
vector_thrust,cruise_108,0.3717894826900654,13.942105600877456,71.01741499702443,299.7479844268708,372.92680036438617,301.6542783533118,6.4854093433675315,6.481683462397987,355.0870749851222,18.489870086313278,True
vector_thrust,cruise_108,0.3711288622253228,13.91733233344961,71.03052116808546,299.69825562910745,372.883461470739,301.7099579355644,6.497074721848484,6.482879856592858,355.15260584042727,18.50867926792293,True
vector_thrust,cruise_108,0.3701739996161407,13.88152498560528,71.04947341842306,299.62637921705283,372.82083486456844,301.7904736999494,6.514009592655158,6.484609908960508,355.2473670921153,18.535859322850047,True
vector_thrust,cruise_108,0.36911385188377105,13.841769445641418,71.07052723942918,299.5465799555519,372.75132445015646,301.87991766891173,6.532914541750321,6.486531802784123,355.3526361971459,18.566026907874818,True
vector_thrust,cruise_108,0.368158394022329,13.805939775837341,71.08951268749216,299.4746630496091,372.68869761694845,301.96057446880997,6.5500460498589,6.4882648855996035,355.44756343746076,18.59320696280194,True
vector_thrust,cruise_108,0.3674970312898676,13.78113867337004,71.10266025557289,299.42488375677004,372.64535844018917,302.0164299199967,6.5619566397785665,6.489465058712407,355.51330127786446,18.612016144411587,True
vector_thrust,cruise_108,0.3672609608902349,13.772286033383812,71.10735439811023,299.40711550350153,372.62989085447055,302.03637227343074,6.566218475300633,6.4898935625717264,355.53677199055113,18.618729063606505,True
vector_thrust,cruise_109,0.3672609608902349,13.772286033383812,71.10732842128122,299.3666949474421,372.59470780851916,302.0363052647921,6.565330566187905,6.565330566187905,355.53664210640613,18.618729063606505,True
vector_thrust,cruise_109,0.3670248731093105,13.763432741599145,71.11202359523753,299.34892552752063,372.57924252975033,302.05625197527183,6.569597583339657,6.565764145680585,355.5601179761877,18.625441982801423,True
vector_thrust,cruise_109,0.3663632779563902,13.738622923364636,71.12518412403087,299.2991304686989,372.5359097468848,302.1121624962657,6.5815844894741415,6.566979466640529,355.6259206201544,18.644251164411074,True
vector_thrust,cruise_109,0.3654070058557661,13.702762719591233,71.14421501245921,299.2271582393665,372.4732919707657,302.1930123560053,6.5989872391060915,6.568736891314874,355.72107506229605,18.67143121933819,True
vector_thrust,cruise_109,0.36434529228402096,13.66294846065079,71.16535625031976,299.14725253547357,372.4037913565703,302.28282771431697,6.618416051251402,6.570689198063958,355.8267812515988,18.701598804362963,True
vector_thrust,cruise_109,0.36338842236746094,13.627065838779789,71.18442056876339,299.07523964412405,372.3411733526875,302.36381959622526,6.636023695439276,6.572449709858854,355.9221028438169,18.72877885929008,True
vector_thrust,cruise_109,0.36272608175004273,13.602228065626605,71.19762278157128,299.0253938805784,372.29784028580895,302.41990720626586,6.648266110035685,6.573668880184293,355.98811390785636,18.74758804089973,True
vector_thrust,cruise_109,0.3624896622060799,13.593362332728,71.20233644179336,299.0076018949223,372.2823748806409,302.43993247984884,6.652646837076799,6.574104167394667,356.0116822089668,18.75430096009465,True
vector_thrust,cruise_110,0.3624896622060799,13.593362332728,71.20230940891098,298.96707031123873,372.2471472337123,302.43986189477295,6.651743493831372,6.651743493831372,356.0115470445549,18.75430096009465,True
vector_thrust,cruise_110,0.3622532252108718,13.584495945407694,71.2070246715244,298.94927715417356,372.231684145001,302.4598937194629,6.656129675987615,6.652184065913095,356.035123357622,18.761013879289568,True
vector_thrust,cruise_110,0.3615906511854378,13.55964941945392,71.22023991285609,298.89941555936946,372.1883574984404,302.51603669676285,6.668451651579697,6.653418852497243,356.1011995642805,18.77982306089922,True
vector_thrust,cruise_110,0.3606329635414364,13.523736132803869,71.23934997890117,298.82734711502724,372.12574858926837,302.59722294807545,6.686342035216876,6.655204431010517,356.19674989450584,18.807003115826333,True
vector_thrust,cruise_110,0.3595696774059327,13.483862902722478,71.26057918443178,298.7473345266786,372.05625781627424,302.6874120605729,6.70631689155018,6.657188014915467,356.3028959221589,18.837170700851107,True
vector_thrust,cruise_110,0.35861138936937303,13.447927101351492,71.27972293131984,298.67522525109064,371.99364867868013,302.7687413927516,6.7244208979524664,6.658976740293094,356.3986146565992,18.864350755778226,True
vector_thrust,cruise_110,0.3579480666656868,13.423052499963259,71.29298020091122,298.62531274048524,371.95032174723974,302.82506290004216,6.7370092692723755,6.66021545339571,356.4649010045561,18.883159937387873,True
vector_thrust,cruise_110,0.35771129647722205,13.414173617895829,71.29771347233877,298.60749692374964,371.93485853174565,302.84517150877144,6.741513953497137,6.660657714235426,356.48856736169387,18.88987285658279,True
vector_thrust,cruise_111,0.35771129647722205,13.414173617895829,71.29768702079555,298.566853768019,371.8995861737319,302.84510364421607,6.74059486254708,6.74059486254708,356.48843510397774,18.88987285658279,True
vector_thrust,cruise_111,0.357474509042872,13.405294089107702,71.30242122225063,298.54903679390776,371.88412530059617,302.8652162241703,6.745105178675218,6.741042519621541,356.51210611125316,18.89658577577771,True
vector_thrust,cruise_111,0.3568109546278674,13.38041079854503,71.31493422653976,298.50140540055156,371.84310180596185,302.91837586152974,6.75775671447632,6.7422257237551655,356.57467113269877,18.915394957387363,True
vector_thrust,cruise_111,0.35585187239601485,13.344445214850559,71.33193375555464,298.4374739481914,371.7887351630943,302.9905957866953,6.7761339329423365,6.743833163501381,356.65966877777316,18.942575012314478,True
vector_thrust,cruise_111,0.3547870754789434,13.30451533046038,71.35081548607168,298.36649757330804,371.72839719224964,303.07081239880273,6.796653208786887,6.74561859003447,356.7540774303584,18.97274259733925,True
vector_thrust,cruise_111,0.353827459099027,13.268529716213516,71.3678423758912,298.30253396538455,371.67403853740876,303.14314824973343,6.815251667759429,6.747228610006046,356.839211879456,18.99992265226637,True
vector_thrust,cruise_111,0.35316323553415296,13.24362133253074,71.37963211892873,298.25826084038005,371.6364233972277,303.1932352284469,6.828184283378666,6.7483434242372615,356.8981605946436,19.018731833876018,True
vector_thrust,cruise_111,0.3529261474610077,13.23473052978779,71.38384131811999,298.2424581735505,371.6229991474413,303.2111173791185,6.832812257806299,6.7487414373849,356.9192065905999,19.025444753070936,True
vector_thrust,cruise_112,0.3529261474610077,13.23473052978779,71.38381449374019,298.2063561961619,371.5923346178025,303.21104858194684,6.831983601972862,6.831983601972862,356.91907246870096,19.025444753070936,True
vector_thrust,cruise_112,0.3526890437853097,13.225839141949116,71.38802445965055,298.1905526034479,371.5789129398028,303.22893399479653,6.836617504780678,6.832386597997826,356.94012229825273,19.032157672265853,True
vector_thrust,cruise_112,0.35202461156536896,13.200922933701339,71.39982463363863,298.1462669553901,371.5413074641869,303.27906527566404,6.849636317989358,6.833516161351254,356.9991231681932,19.050966853875504,True
vector_thrust,cruise_112,0.3510642643059149,13.164909911471812,71.4168870939502,298.08225940464575,371.4869691826969,303.35155259585315,6.868540445756072,6.835149453360892,357.084435469751,19.078146908802623,True
vector_thrust,cruise_112,0.34999806164368535,13.124927311638205,71.43583984323,298.01119846781415,371.42666267909493,303.4320705270557,6.889649964853902,6.836963691952175,357.17919921615,19.108314493827393,True
vector_thrust,cruise_112,0.3490371778798005,13.088894170492521,71.45292907430432,297.94715862250223,371.37233239863747,303.5046715788418,6.908784909380079,6.838599546574255,357.2646453715216,19.135494548754515,True
vector_thrust,cruise_112,0.3483720766495858,13.063952874359469,71.46476263090618,297.9028327037626,371.33473690014876,303.55494468076887,6.9220915576878035,6.839732305454884,357.32381315453085,19.154303730364163,True
vector_thrust,cruise_112,0.3481346752362376,13.055050321358912,71.46898745348935,297.88701118890384,371.32131966238944,303.5728932099808,6.926853563202235,6.840136723624436,357.3449372674467,19.16101664955908,True
vector_thrust,cruise_113,0.3481346752362376,13.055050321358912,71.46895997909839,297.8508203903371,371.2906323616657,303.57282242964806,6.926010393154038,6.926010393154038,357.344799895492,19.16101664955908,True
vector_thrust,cruise_113,0.347897258165781,13.04614718121679,71.47318557856075,297.83499794617296,371.2772177051201,303.5907742620043,6.930778594847019,6.926419963999281,357.3659278928037,19.167729568753998,True
vector_thrust,cruise_113,0.3472319475196331,13.021198031986243,71.4850295822377,297.79065945908496,371.2396319077807,303.6410917543873,6.944175238737437,6.9275679569994875,357.42514791118845,19.18653875036365,True
vector_thrust,cruise_113,0.346270330080458,12.985137378017178,71.50215544500469,297.72657550567345,371.1853220742087,303.7138484414749,6.963629370853609,6.929227899964432,357.5107772250234,19.213718805290764,True
vector_thrust,cruise_113,0.3452027164932668,12.945101868497508,71.52117865820259,297.65542970168957,371.1250471620179,303.7946657403659,6.985354977552231,6.931071745693393,357.60589329101293,19.243886390315538,True
vector_thrust,cruise_113,0.34424056050920354,12.909021019095135,71.53833145855356,297.5913133336433,371.07074535941547,303.86753686778343,7.005050130616456,6.932734299613125,357.6916572927678,19.271066445242656,True
vector_thrust,cruise_113,0.3435745783083696,12.884046686563865,71.55020905287431,297.54693442615206,371.0331695765343,303.9179970650352,7.018747334868193,6.933885548423244,357.75104526437156,19.289875626852304,True
vector_thrust,cruise_113,0.3433368623678916,12.87513233879594,71.55444960152771,297.53109399321085,371.01975937684296,303.93601240684137,7.023649302838817,6.934296568235845,357.77224800763855,19.296588546047225,True
vector_thrust,cruise_114,0.3433368623678916,12.87513233879594,71.55442171022814,297.4948140974225,370.9890493997748,303.93594055234564,7.022791203449577,7.022791203449577,357.7721085511407,19.296588546047225,True
vector_thrust,cruise_114,0.34309913071670184,12.866217401876321,71.55866304043322,297.47897273178614,370.97564179081627,303.95395921722377,7.027699651065489,7.023207545528023,357.79331520216607,19.303301465242143,True
vector_thrust,cruise_114,0.34243293831995814,12.841235186998432,71.57055114663294,297.43458120935577,370.9380757450067,304.00446408038596,7.0414908801822005,7.024374518766207,357.85275573316466,19.322110646851794,True
vector_thrust,cruise_114,0.34147004589362584,12.805126721010973,71.58774080669411,297.3704205692985,370.88379446528523,304.07749181202036,7.061519467622959,7.026061908912953,357.9387040334706,19.34929070177891,True
vector_thrust,cruise_114,0.3404010160406819,12.765038101525574,71.60683492281201,297.29918958255547,370.8235512621906,304.15861034389894,7.083888637119731,7.027936246350896,358.03417461406,19.379458286803683,True
vector_thrust,cruise_114,0.339437583020084,12.728909363253152,71.62405168868439,297.23499640704836,370.769278043572,304.23175323056824,7.1041690609765675,7.029626297287822,358.1202584434219,19.4066383417308,True
vector_thrust,cruise_114,0.33877071651311874,12.703901869241957,71.63597359530819,297.19056431356046,370.73172204979613,304.28240168983945,7.118274338046727,7.030796588480077,358.1798679765409,19.42544752334045,True
vector_thrust,cruise_114,0.33853268485458593,12.694975682046973,71.64022996811899,297.17470489209967,370.7183189144146,304.3004842610048,7.123322554817675,7.031214407187154,358.20114984059495,19.432160442535366,True
vector_thrust,cruise_115,0.33853268485458593,12.694975682046973,71.64020164817354,297.1383355364724,370.6875862845666,304.300411302309,7.122449068201176,7.122449068201176,358.20100824086774,19.432160442535366,True
vector_thrust,cruise_115,0.3382946374318352,12.686048903693822,71.64445880728142,297.1224751789077,370.67418574949255,304.31849721675644,7.127504065465212,7.1228723867368045,358.2222940364071,19.438873361730284,True
vector_thrust,cruise_115,0.33762755994647903,12.661033497992968,71.65639129112924,297.0780304236049,370.63663952892665,304.36919061969206,7.141707640632855,7.124058915466613,358.2819564556462,19.45768254333994,True
vector_thrust,cruise_115,0.33666338770578236,12.62487703896684,71.67364514659432,297.0137928111614,370.5823869096547,304.44249108742747,7.1623366066585366,7.1257745846827225,358.3682257329716,19.484862598267053,True
vector_thrust,cruise_115,0.33559293622424086,12.584735108409035,71.69281060828773,296.9424763240927,370.522175534082,304.5239127331185,7.185378473834702,7.127680338020359,358.46405304143866,19.515030183291824,True
vector_thrust,cruise_115,0.3346282213307826,12.548558299904352,71.71009173918506,296.8782060546298,370.4679310062442,304.59732907651664,7.20627074952166,7.129398719419809,358.55045869592533,19.542210238218946,True
vector_thrust,cruise_115,0.3339604671682985,12.523517518811197,71.72205823497492,296.8337205766749,370.43039487553483,304.6481669741865,7.220802680555198,7.130588630190347,358.6102911748746,19.561019419828593,True
vector_thrust,cruise_115,0.3337221185958225,12.514579447343348,71.72633053082706,296.8178420958197,370.41699883087045,304.6663171948662,7.22600381495502,7.131013453876306,358.6316526541352,19.56773233902351,True
vector_thrust,cruise_116,0.3337221185958225,12.514579447343348,71.72630176976133,296.7813829191868,370.38624357540397,304.66624309974287,7.2251144624064425,7.2251144624064425,358.6315088488067,19.56773233902351,True
vector_thrust,cruise_116,0.3334837542057164,12.505640782714368,71.73057485599104,296.76550349879994,370.3728501406778,304.6843966813826,7.230322696807292,7.225544971884339,358.6528742799552,19.57444525821843,True
vector_thrust,cruise_116,0.33281578827977115,12.48059206049142,71.7425519955395,296.72100531186777,370.33532381953444,304.73527980525614,7.244957461917766,7.226751657569142,358.7127599776975,19.59325443982808,True
vector_thrust,cruise_116,0.33185033137724496,12.444387426646689,71.75987044785737,296.6566904395212,370.28109996798327,304.8088547148206,7.266214314634642,7.228496475563272,358.7993522392868,19.620434494755198,True
vector_thrust,cruise_116,0.3307784528816556,12.404191983062086,71.77910770145171,296.5852881325855,370.2209205391057,304.89058137074977,7.289959801350385,7.230434611005224,358.89553850725855,19.65060207977997,True
vector_thrust,cruise_116,0.3298124512585413,12.3679669221953,71.79645359987148,296.5209404808898,370.1667048095206,304.96427288122,7.311492145530346,7.232182194172423,358.9822679993574,19.677782134707087,True
vector_thrust,cruise_116,0.32914380607692345,12.342892727884632,71.80846496443245,296.47640141876235,370.1291886163059,305.0153014051419,7.326470458092835,7.233392327997662,359.04232482216224,19.696591316316738,True
vector_thrust,cruise_116,0.32890513938952526,12.3339427271072,71.81275328300023,296.4605038071965,370.11579968893295,305.03351969886745,7.331831590985357,7.233824372113012,359.06376641500117,19.703304235511656,True
vector_thrust,cruise_117,0.32890513938952526,12.3339427271072,71.81272405907313,296.4239544497284,370.08502183851033,305.03344440020555,7.330925870914692,7.330925870914692,359.0636202953657,19.703304235511656,True
vector_thrust,cruise_117,0.3286664568311538,12.324992131168273,71.81701318232959,296.40805589518357,370.07163553076185,305.05166611184535,7.336294444451539,7.331363796721599,359.085065911648,19.710017154706573,True
vector_thrust,cruise_117,0.32799759909830983,12.299909966186622,71.82903525595322,296.363504076627,370.03412918368804,305.102740140015,7.3513804100883995,7.332591268401555,359.1451762797661,19.728826336316224,True
vector_thrust,cruise_117,0.32703085266568965,12.263656974963364,71.84641870980612,296.29911165506996,369.9799342078073,305.17659121093357,7.373294365483684,7.334366145013712,359.2320935490306,19.75600639124334,True
vector_thrust,cruise_117,0.3259575417473979,12.223407815527423,71.86572820534754,296.22762320673525,369.9197868455521,305.25862478934107,7.397776319778408,7.3363376733601005,359.32864102673767,19.786173976268113,True
vector_thrust,cruise_117,0.32499024851679464,12.187134319379801,71.88313927818632,296.163197882732,369.86560002237115,305.3325931954972,7.419978712699345,7.338115369911987,359.4156963909316,19.81335403119523,True
vector_thrust,cruise_117,0.32432070893780757,12.162026585167787,71.89519579214176,296.1186050354809,369.8281038415509,305.38381353839844,7.435424370449064,7.3393463580012765,359.4759789607088,19.83216321280488,True
vector_thrust,cruise_117,0.3240817229292797,12.153064609847991,71.89950023405771,296.10268822144377,369.814722058212,305.4021003327196,7.440953027083795,7.339785847952449,359.4975011702885,19.838876131999797,True
vector_thrust,cruise_118,0.3240817229292797,12.153064609847991,71.89947055134513,296.0660483245178,369.7839216468871,305.40202386321715,7.440030416873077,7.440030416873077,359.49735275672566,19.838876131999797,True
vector_thrust,cruise_118,0.32384272099496886,12.144102037311335,71.90377505137785,296.0501305639405,369.77054249283594,305.42031121227666,7.445566805472303,7.440475922870469,359.5188752568892,19.845589051194718,True
vector_thrust,cruise_118,0.32317296808708,12.118986303265503,71.91584213708562,296.005524913311,369.7330561956188,305.47157655999825,7.461125221453102,7.441724820115993,359.5792106854281,19.86439823280437,True
vector_thrust,cruise_118,0.3222049272446507,12.082684771674403,71.9332908568978,295.9410546520417,369.6788902045551,305.54570497483127,7.483727324131984,7.443530694399784,359.666454284489,19.891578287731484,True
vector_thrust,cruise_118,0.3211301785004389,12.042381693766462,71.95267222035923,295.86947974057284,369.6187750311247,305.6280442266302,7.508980593620395,7.4455365964240645,359.7633611017962,19.921745872756258,True
vector_thrust,cruise_118,0.3201615887769827,12.006059579136855,71.97015079078267,295.8049764532435,369.56461722391344,305.70229861273947,7.531885099086351,7.4473455395484445,359.8507539539134,19.948925927683376,True
vector_thrust,cruise_118,0.3194911514061603,11.980918177731015,71.98225274236329,295.7603296185885,369.52714113080015,305.75371199753283,7.547820400825339,7.44859804318892,359.91126371181645,19.967735109293024,True
vector_thrust,cruise_118,0.3192518448650357,11.971944182438842,71.98657340896445,295.7443935298781,369.51376651841355,305.7720677230491,7.553524586238766,7.449045214934663,359.9328670448222,19.97444802848794,True
vector_thrust,cruise_119,0.3192518448650357,11.971944182438842,71.98654324452545,295.7076627367377,369.48294358418525,305.7719900124756,7.552584535900393,7.552584535900393,359.9327162226273,19.97444802848794,True
vector_thrust,cruise_119,0.31901252234655436,11.96296958799579,71.99086467945399,295.69172569810274,369.469571610971,305.7903490204727,7.558296904342222,7.553038004381556,359.95432339727,19.98116094768286,True
vector_thrust,cruise_119,0.3183418708416461,11.937820156561733,72.002977536421,295.64706601131223,369.4321054378725,305.8418087184801,7.574350444667299,7.554309061679437,360.014887682105,19.999970129292514,True
vector_thrust,cruise_119,0.31737253065753984,11.901469899657748,72.0204922125981,295.5825176161526,369.37796853990244,305.91621729628076,7.597673770585681,7.556146957537761,360.10246106299047,20.02715018421963,True
vector_thrust,cruise_119,0.31629633857161493,11.861112696435562,72.03994753806411,295.51085591237165,369.31788567371564,305.99887044685937,7.62373568384901,7.558188494785427,360.19973769032055,20.0573177692444,True
vector_thrust,cruise_119,0.31532644740545357,11.824741777704512,72.05749019133482,295.44627436627155,369.26375699055063,306.07339787772094,7.647375882330058,7.560029326320724,360.2874509566741,20.08449782417152,True
vector_thrust,cruise_119,0.3146551088364569,11.799566581367136,72.06963785896812,295.4015733408891,369.22630106112456,306.12500549064464,7.663824568245053,7.5613040371249625,360.3481892948406,20.10330700578117,True
vector_thrust,cruise_119,0.3144154805453685,11.790580520451321,72.07397485251835,295.38561790482953,369.21293364676205,306.1434305818774,7.669712806174078,7.561759137865588,360.3698742625918,20.110019924976086,True
vector_thrust,cruise_120,0.3144154805453685,11.790580520451321,72.07394661995203,295.34879585720824,369.1820882287452,306.14336090158207,7.668754973101182,7.668754973101182,360.36973309976014,20.110019924976086,True
vector_thrust,cruise_120,0.3141758362289225,11.781593858584596,72.07828247671708,295.3328394680384,369.1687234636791,306.1617819367494,7.674651620255165,7.669216411835744,360.3914123835854,20.116732844171004,True
vector_thrust,cruise_120,0.3135042826938657,11.756410601019967,72.09044562004331,295.2881255400028,369.13127748967855,306.2134533049938,7.6912247887733685,7.67051075661926,360.45222810021653,20.135542025780655,True
vector_thrust,cruise_120,0.31253363816805946,11.72001143130223,72.10802658031433,295.2234987121343,369.0771697914348,306.28814346193974,7.715304533353247,7.672381711817616,360.5401329015716,20.162722080707773,True
vector_thrust,cruise_120,0.31145599720807793,11.679599895302925,72.12755536328932,295.15174988535796,369.0171193521511,306.3711088026437,7.742214603925212,7.674459956687094,360.63777681644655,20.192889665732544,True
vector_thrust,cruise_120,0.31048479959573516,11.64317998484007,72.14516462222565,295.087089781313,368.96301990023886,306.44591933388904,7.766626869063076,7.67633392720809,360.72582311112825,20.220069720659662,True
vector_thrust,cruise_120,0.3098125563505528,11.617970863145732,72.15735842686452,295.0423343571788,368.92558420810184,306.49772304757954,7.783614260040654,7.677631587186145,360.7867921343226,20.238878902269313,True
vector_thrust,cruise_120,0.3095726050678471,11.608972690044268,72.16171189578766,295.0263594994975,368.912224018055,306.51621816592797,7.789695642113069,7.678094881671431,360.8085594789383,20.24559182146423,True
vector_thrust,cruise_121,0.3095726050678471,11.608972690044268,72.16167545594826,294.98944583812465,368.8813561569222,306.5161173957499,7.788718435746532,7.788718435746532,360.80837727974125,20.24559182146423,True
vector_thrust,cruise_121,0.3093326377202343,11.599973914508787,72.1660296951569,294.97347002464363,368.867998626784,306.5346157588941,7.794808846938749,7.789188487838007,360.8301484757844,20.25230474065915,True
vector_thrust,cruise_121,0.3086601787955985,11.574756704834947,72.17823435209601,294.92870165453905,368.83057293198567,306.5864655001653,7.811926463823436,7.790506014104353,360.89117176048006,20.2711139222688,True
vector_thrust,cruise_121,0.3076882251227608,11.538308442103531,72.19588192839338,294.8639961067369,368.7764945520589,306.661438706669,7.836800144719015,7.792411118477474,360.97940964196687,20.298293977195915,True
vector_thrust,cruise_121,0.3066091299388985,11.497842372708696,72.21548496848679,294.7921598370897,368.71647667087956,306.744719421728,7.864600629035277,7.794527320542909,361.07742484243397,20.32846156222069,True
vector_thrust,cruise_121,0.3056366210576177,11.461373289660667,72.23316086852297,294.72742088665564,368.6624065686548,306.8198129575983,7.889823484895526,7.796435482541723,361.1658043426149,20.355641617147807,True
vector_thrust,cruise_121,0.3049634697991458,11.436130117467968,72.24540084462316,294.6826108641344,368.6249911959851,306.8718127472868,7.907376538402133,7.797756821608793,361.2270042231158,20.374450798757454,True
vector_thrust,cruise_121,0.3047231943339067,11.427119787521505,72.24977080231744,294.66661651357845,368.61163825962745,306.8903778881852,7.913660745171816,7.7982285705543495,361.24885401158724,20.381163717952372,True
vector_thrust,cruise_122,0.3047231943339067,11.427119787521505,75.97706736313644,294.62961089133034,368.58074800859157,316.452830653249,8.159219129096869,8.159219129096869,379.88533681568225,20.381163717952372,True
vector_thrust,cruise_122,0.30447022649023564,11.417633493383839,75.98190607018951,294.61279036327386,368.56670901348616,316.4729876380018,8.166052099733408,8.15973884401059,379.90953035094753,20.387876637147293,True
vector_thrust,cruise_122,0.3037613312977776,11.391049923666662,75.99546932515341,294.5656545839038,368.52737403107176,316.5294890054805,8.185260950379133,8.161195639443264,379.97734662576704,20.406685818756944,True
vector_thrust,cruise_122,0.30273670044830786,11.352626266811548,76.01508209726914,294.4975265410283,368.47053700181,316.61119125523163,8.213184377649869,8.16330219844507,380.07541048634573,20.43386587368406,True
vector_thrust,cruise_122,0.3015991030313309,11.309966363674912,76.03686906399983,294.42188952453256,368.4074577374116,316.7019506943613,8.244408846255997,8.165642282274828,380.1843453199991,20.464033458708833,True
vector_thrust,cruise_122,0.30057385390606556,11.271519521477462,76.05651507248771,294.35372435771905,368.35062986303484,316.78379139909794,8.272752279477983,8.16775241111219,380.2825753624386,20.49121351363595,True
vector_thrust,cruise_122,0.299864187736006,11.244907040100227,76.07011977257478,294.3065422855358,368.31130629657923,316.84046541730515,8.292484900104236,8.169213658061773,380.35059886287394,20.5100226952456,True
vector_thrust,cruise_122,0.2996108767749177,11.235407879059416,76.07497706557217,294.2897011552323,368.297272382055,316.86069977087664,8.299550995136235,8.169735367804057,380.37488532786085,20.516735614440517,True
vector_thrust,cruise_123,0.2996108767749177,11.235407879059416,66.7364770967648,294.2502677880622,368.26441662995825,292.9689923175881,7.6727258476944495,7.6727258476944495,333.682385483824,20.516735614440517,True
vector_thrust,cruise_123,0.2993892125193571,11.227095469475893,66.7402060565265,294.2354930877198,368.2521080376163,292.98536538323856,7.678450199822455,7.673154650903377,333.7010302826325,20.523448533635435,True
vector_thrust,cruise_123,0.2987680501566396,11.20380188087399,66.75065776364326,294.19409089939694,368.21762122552883,293.0312566123576,7.694536645756495,7.674356521507698,333.75328881821633,20.542257715245086,True
vector_thrust,cruise_123,0.29787025457301125,11.170134546487924,66.76576990321655,294.1342515470639,368.16778919643247,293.09761081190493,7.717905816407391,7.6760943080834805,333.82884951608276,20.569437770172204,True
vector_thrust,cruise_123,0.2968735135618587,11.132756758569705,66.7825555622355,294.0678190095746,368.1124837750312,293.1713130803813,7.744016195032462,7.678024537272238,333.91277781117753,20.599605355196974,True
vector_thrust,cruise_123,0.29597524373009026,11.099071639878387,66.79769014874249,294.00795105529136,368.0626588805262,293.23776583965355,7.767697831301906,7.679764905082788,333.98845074371246,20.626785410124096,True
vector_thrust,cruise_123,0.29535348998944105,11.075755874604043,66.80816984675745,293.9665132009083,368.02818096513107,293.2837799708699,7.784173933817516,7.680969994437637,334.04084923378724,20.645594591733744,True
vector_thrust,cruise_123,0.29513156254587924,11.067433595470472,66.8119112443599,293.9517226276717,368.01587633219054,293.30020765418374,7.790071703912139,7.68140022805855,334.0595562217995,20.65230751092866,True
vector_thrust,cruise_124,0.29513156254587924,11.067433595470472,66.81178835128084,293.9178946636328,367.98773740352163,293.2998967692837,7.789166966293789,7.789166966293789,334.0589417564042,20.65230751092866,True
vector_thrust,cruise_124,0.29490962165225176,11.059110811959442,66.81553041250278,293.9031032892465,367.9754350483036,293.316327371769,7.795073250079267,7.789603313894059,334.0776520625139,20.65902043012358,True
vector_thrust,cruise_124,0.29428768390971444,11.035788146614294,66.82601883484033,293.86165436584315,367.94096571614006,293.36237984555584,7.811671728816573,7.790826329692863,334.13009417420164,20.67782961173323,True
vector_thrust,cruise_124,0.2933887671996686,11.002078769987575,66.84118408213722,293.80174743910766,367.8911589564038,293.42896728179085,7.835786776205771,7.792594692601972,334.2059204106861,20.705009666660345,True
vector_thrust,cruise_124,0.29239078090370635,10.964654283888988,66.85802875934539,293.7352398439151,367.8358815959222,293.5029287443072,7.862733373753259,7.794558887567455,334.2901437967269,20.73517725168512,True
vector_thrust,cruise_124,0.2914913882717627,10.930927060191102,66.87321658533227,293.67530421466535,367.7860819961012,293.5696153188586,7.887176047576776,7.7963298832933745,334.3660829266613,20.762357306612238,True
vector_thrust,cruise_124,0.29086885706414756,10.907582139905537,66.88373316285156,293.63381949980027,367.7516215922082,293.61579141617335,7.904183089629643,7.797556182162888,334.4186658142578,20.781166488221885,True
vector_thrust,cruise_124,0.2906466520536497,10.899249452011867,66.88748772986679,293.6190121967108,367.7393232104453,293.6322769364439,7.910271205622812,7.797993988215081,334.4374386493339,20.787879407416806,True
vector_thrust,cruise_125,0.2906466520536497,10.899249452011867,66.88736287902383,293.585106286469,367.7111656342942,293.63196108977166,7.909349252459983,7.909349252459983,334.43681439511914,20.787879407416806,True
vector_thrust,cruise_125,0.2904244335568895,10.89091625838336,66.89111811936466,293.570298179746,367.69886953835254,293.6484495699812,7.915446309113014,7.909793390584919,334.4555905968233,20.794592326611724,True
vector_thrust,cruise_125,0.2898017177291782,10.867564414844184,66.90164347169423,293.528802357839,367.66441774820674,293.6946642322348,7.93258174142707,7.911038241121596,334.50821735847114,20.813401508221375,True
vector_thrust,cruise_125,0.28890167597996663,10.83381284924875,66.91686213751036,293.4688276203123,367.61463634762237,293.76148627092937,7.9574790681295715,7.912838177476736,334.58431068755186,20.84058156314849,True
vector_thrust,cruise_125,0.28790244005164267,10.796341501936602,66.93376617844457,293.40224470471827,367.5593871478097,293.83570844592515,7.985302837722504,7.914837445887914,334.66883089222284,20.870749148173264,True
vector_thrust,cruise_125,0.2870019206982276,10.762572026183538,66.94900755576188,293.3422411635243,367.5096129326228,293.9026302061612,8.010543949790577,7.916640068369239,334.74503777880943,20.897929203100382,True
vector_thrust,cruise_125,0.28637860930763254,10.739197849036223,66.95956122889594,293.3007094240199,367.47517010252363,293.9489692192565,8.028108096938043,7.917888268453539,334.7978061444797,20.91673838471003,True
vector_thrust,cruise_125,0.28615612576038885,10.730854716014585,66.96332904250514,293.28588533245795,367.4628779941786,293.9655129156513,8.034395953941058,7.918333893896448,334.8166452125257,20.923451303904947,True
vector_thrust,cruise_126,0.28615612576038885,10.730854716014585,66.9632021719281,293.25190120682805,367.4347018176952,293.96519194876566,8.03345620726308,8.03345620726308,334.8160108596405,20.923451303904947,True
vector_thrust,cruise_126,0.28593362870197925,10.722511076324224,66.96697066952201,293.23707630982267,367.42241200388156,293.98173864965304,8.039753460404443,8.033908394122594,334.83485334761,20.930164223099865,True
vector_thrust,cruise_126,0.2853101315802069,10.699129934257762,66.97764802877712,293.1951378649487,367.3875822632026,294.0286207808029,8.05745537588415,8.03518958508605,334.88824014388564,20.94897340470952,True
vector_thrust,cruise_126,0.28440895729150045,10.66533589843127,66.99317675243904,293.1340878091882,367.33681907944793,294.0968042746308,8.083177057866655,8.037052897909224,334.96588376219523,20.976153459636635,True
vector_thrust,cruise_126,0.2834084589091545,10.627817209093294,67.01042543529653,293.06631077858066,367.28047969817436,294.17253976243086,8.11192545603596,8.039122590992763,335.0521271764826,21.006321044661405,True
vector_thrust,cruise_126,0.28250679727727845,10.594004897897944,67.02597777798623,293.00523083736334,367.2297228294669,294.2408269626636,8.138008454487167,8.040988737895903,335.1298888899312,21.033501099588527,True
vector_thrust,cruise_126,0.28188269270057903,10.570600976271717,67.03674689825768,292.9629539054777,367.1945997404691,294.288111997914,8.156160163807773,8.04228093938896,335.18373449128836,21.052310281198174,True
vector_thrust,cruise_126,0.2816599255336482,10.562247207511811,67.04059165408405,292.9478637983698,367.1820648027413,294.3049935453571,8.162658709880318,8.042742276907173,335.20295827042025,21.059023200393092,True
vector_thrust,cruise_127,0.2816599255336482,10.562247207511811,67.04046274996661,292.9132293471962,367.15329832494854,294.3046675045288,8.161684618534144,8.161684618534144,335.202313749833,21.059023200393092,True
vector_thrust,cruise_127,0.2814371445504788,10.553892920642957,67.04431428061659,292.89813840201964,367.1407656627242,294.3215761077954,8.168193706504825,8.16215352950444,335.2215714030829,21.06573611958801,True
vector_thrust,cruise_127,0.28081285092798325,10.530481909799375,67.05509086196598,292.8558499030711,367.1056508994582,294.3688947033033,8.186486960595893,8.16346577322929,335.27545430982985,21.08454530119766,True
vector_thrust,cruise_127,0.2799105246345248,10.496644673794684,67.07067291459991,292.79472924019893,367.05491113743244,294.43731354072355,8.213071526713088,8.16536317084016,335.35336457299957,21.11172535612478,True
vector_thrust,cruise_127,0.27890874672955657,10.459078002358371,67.08798223963608,292.72687378708906,366.9985977693642,294.51331600431837,8.242787964978712,8.167470878282765,335.4399111981804,21.14189294114955,True
vector_thrust,cruise_127,0.2780059313933532,10.425222427250748,67.10359127803594,292.6657231349975,366.94786434858617,294.58185190106275,8.269752641796334,8.169371522193781,335.5179563901797,21.16907299607667,True
vector_thrust,cruise_127,0.27738102794204356,10.401788547826634,67.11439875642203,292.6233972399482,366.9127574926112,294.6293055969916,8.288519607356617,8.170687512536167,335.57199378211016,21.18788217768632,True
vector_thrust,cruise_127,0.27715797556326155,10.39342408362231,67.11825752660364,292.6082896521758,366.90022834966203,294.64624862318556,8.295238813349004,8.17115737812631,335.5912876330182,21.194595096881237,True
vector_thrust,cruise_128,0.27715797556326155,10.39342408362231,67.1181257158553,292.5735738083664,366.87144095916665,294.64591414927025,8.294245228242508,8.294245228242508,335.59062857927654,21.194595096881237,True
vector_thrust,cruise_128,0.276934909357897,10.38505910092114,67.12198500538268,292.5584653816027,366.8589141014408,294.66285953911216,8.300974809480962,8.29472223882398,335.6099250269134,21.201308016076155,True
vector_thrust,cruise_128,0.27630981626963624,10.361618110111362,67.13280216593407,292.51612788252703,366.8238156045943,294.710355587604,8.31989088453696,8.29605924658362,335.6640108296703,21.220117197685806,True
vector_thrust,cruise_128,0.27540633397892067,10.327737524209528,67.14844298365703,292.4549363674157,366.7730993561039,294.77903137673206,8.347383215505275,8.2979924613642,335.7422149182852,21.24729725261292,True
vector_thrust,cruise_128,0.27440327199218745,10.290122699707032,67.1658162388915,292.3870022117592,366.71681209689416,294.85531396208626,8.378117914768499,8.300139806496745,335.82908119445744,21.277464837637694,True
vector_thrust,cruise_128,0.27349929885187735,10.256223706945402,67.18148096031872,292.3257805969511,366.66610221095806,294.92409470773276,8.406009723042995,8.302075975790048,335.9074048015936,21.304644892564813,True
vector_thrust,cruise_128,0.27287359368397335,10.232759763149003,67.19232792832153,292.2834055641546,366.6310116480891,294.9717216349447,8.425423965787678,8.303416667769111,335.9616396416077,21.32345407417446,True
vector_thrust,cruise_128,0.2726502550774659,10.224384565404973,67.19620048341642,292.268280433309,366.6184883213162,294.98872527131726,8.432375262368351,8.303895317983057,335.98100241708215,21.33016699336938,True
vector_thrust,cruise_129,0.2726502550774659,10.224384565404973,67.19606621711813,292.2334829054093,366.58968005573433,294.98838424600405,8.43136155466336,8.43136155466336,335.98033108559065,21.33016699336938,True
vector_thrust,cruise_129,0.2724269026047796,10.216008847679237,67.19994036366258,292.21835693280957,366.5771590224326,295.0053944801574,8.438323903849229,8.431847741380993,335.9997018183129,21.3368799125643,True
vector_thrust,cruise_129,0.2718010071397058,10.192537767738969,67.21079661410113,292.1759702546711,366.5420768488443,295.0530622071366,8.457895049439244,8.433210180928155,336.05398307050564,21.35568909417395,True
vector_thrust,cruise_129,0.27089636466794526,10.158613675047949,67.22649397581652,292.1147076301778,366.49138419748596,295.1219863313613,8.486342281543257,8.435180171077642,336.13246987908263,21.382869149101065,True
vector_thrust,cruise_129,0.2698920139895311,10.12095052460742,67.24393007014558,292.0466944886807,366.43512314205725,295.1985448991891,8.518148472919309,8.437368368986222,336.2196503507279,21.41303673412584,True
vector_thrust,cruise_129,0.2689868788869951,10.087007958262317,67.25965147942708,291.9854016556202,366.3844368765845,295.26757461190033,8.547016293203018,8.439341377067104,336.2982573971354,21.440216789052958,True
vector_thrust,cruise_129,0.26836036912117694,10.063513842044138,67.27053771705529,291.9429773080015,366.3493626660676,295.31537400702,8.567111933829572,8.440707579954646,336.3526885852765,21.459025970662605,True
vector_thrust,cruise_129,0.2681367432588607,10.055127872207278,67.27442429493549,291.92783457090115,366.33684517666677,295.33243923008143,8.57430761286321,8.441195338365912,336.3721214746774,21.465738889857523,True
vector_thrust,cruise_130,0.2681367432588607,10.055127872207278,67.27428885523034,291.89295506772845,366.308016075656,295.3320968193487,8.573273215671655,8.573273215671655,336.3714442761517,21.465738889857523,True
vector_thrust,cruise_130,0.26791310349204384,10.046741380951648,67.27817611850416,291.8778114861865,366.29550088809293,295.34916506545125,8.58048044184957,8.57376869428277,336.39088059252083,21.47245180905244,True
vector_thrust,cruise_130,0.2672864027714168,10.023240103928131,67.28907170457344,291.8353754520607,366.26043509750457,295.39700554622,8.60074138972394,8.575157468198022,336.44535852286725,21.491260990662095,True
vector_thrust,cruise_130,0.2663805959542713,9.989272348285176,67.30482596626234,291.7740414622476,366.20976612965814,295.46617956304704,8.630194304525059,8.577165538949798,336.5241298313117,21.51844104558921,True
vector_thrust,cruise_130,0.2653749519559385,9.951560698347695,67.32232529553782,291.70594905046056,366.1535313739557,295.5430158452967,8.663129185023381,8.579396039622422,336.61162647768913,21.54860863061398,True
vector_thrust,cruise_130,0.2644686507156697,9.917574401837618,67.33810375083576,291.64458474252353,366.10286881545284,295.61229609173654,8.69302531498871,8.581407194141605,336.69051875417875,21.575788685541102,True
vector_thrust,cruise_130,0.2638413334592691,9.894050004722592,67.34902950576507,291.60211090230246,366.0678110171875,295.660269038375,8.71383897598869,8.582799813443474,336.7451475288254,21.59459786715075,True
vector_thrust,cruise_130,0.2636174193081399,9.88565322405525,67.35293019557604,291.5869504954604,366.0552993865436,295.67739623785593,8.721292194393534,8.583297003427734,336.76465097788014,21.601310786345667,True
vector_thrust,cruise_131,0.2636174193081399,9.88565322405525,67.35279226809321,291.5519887260931,366.0264494917975,295.67704736310407,8.720236207517855,8.720236207517855,336.76396134046604,21.601310786345667,True
vector_thrust,cruise_131,0.26339349121536787,9.877255920576298,67.35669364448786,291.5368274721928,366.01394017147294,295.6941775923026,8.727701613732137,8.720741419695237,336.78346822243935,21.608023705540585,True
vector_thrust,cruise_131,0.26276598234643206,9.853724337991205,67.36762879836822,291.4943419042923,365.97889082415065,295.7421918495001,8.748689594870209,8.72215747707211,336.83814399184104,21.626832887150236,True
vector_thrust,cruise_131,0.26185900699945286,9.819712762479485,67.38344029549553,291.4329362919907,365.9282456269694,295.8116172367315,8.779202639203797,8.724205000817545,336.91720147747765,21.654012942077355,True
vector_thrust,cruise_131,0.26085206503083325,9.78195243865625,67.40100323270218,291.3647643241194,365.87203726781746,295.88873287648875,8.813327550032882,8.72647932883852,337.0050161635109,21.684180527102125,True
vector_thrust,cruise_131,0.2599445934575745,9.747922254659045,67.4168390702349,291.30332828349117,365.82139850360323,295.9582651379809,8.844308091039169,8.728530004566183,337.0841953511745,21.711360582029243,True
vector_thrust,cruise_131,0.2593164658043582,9.724367467663434,67.42780457573427,291.2608047720746,365.78635717806196,296.0064126637563,8.86587906687325,8.729949992357977,337.13902287867137,21.730169763638894,True
vector_thrust,cruise_131,0.25909226232659077,9.715959837247155,67.4317194610554,291.2456266317162,365.7738514277664,296.02360220773335,8.873603943097077,8.730456953872629,337.158597305277,21.736882682833812,True
vector_thrust,cruise_132,0.25909226232659077,9.715959837247155,67.43157908438573,291.2105823037723,365.74498078160104,296.0232471370014,8.872525578352366,8.872525578352366,337.15789542192863,21.736882682833812,True
vector_thrust,cruise_132,0.258868044869617,9.707551682610639,67.43549465976325,291.19540331371104,365.7324773501401,296.0404397264045,8.880263331249713,8.873040881426405,337.17747329881627,21.74359560202873,True
vector_thrust,cruise_132,0.2582397249415279,9.6839896853073,67.4464696201041,291.1528680331628,365.6974445067001,296.08862880913193,8.90201830765888,8.874485223630039,337.2323481005205,21.76240478363838,True
vector_thrust,cruise_132,0.25733157685388935,9.649934132020851,67.46233869879705,291.0913905396274,365.646823167839,296.1583070879893,8.933649934877971,8.876573648500033,337.3116934939853,21.789584838565496,True
vector_thrust,cruise_132,0.2563233322349816,9.612124958811812,67.47996562931887,291.02313872811595,365.5906413026123,296.23570377878235,8.969030748814832,8.878893412658366,337.39982814659436,21.81975242359027,True
vector_thrust,cruise_132,0.255414686106461,9.57805072899229,67.4958591961533,290.96163069538403,365.5400264204957,296.3054895808207,9.001155962921096,8.88098506025557,337.47929598076655,21.846932478517388,True
vector_thrust,cruise_132,0.2547857451313225,9.554465442424597,67.50686469280063,290.91905733306754,365.50500162848687,296.3538127431445,9.023526471452453,8.882433421145775,337.5343234640032,21.865741660127036,True
vector_thrust,cruise_132,0.25456125128232365,9.54604692308714,67.51079385843263,290.9038613950203,365.4925017802507,296.3710650048465,9.031538175991155,8.882950512741507,337.5539692921632,21.872454579321953,True
vector_thrust,cruise_133,0.25456125128232365,9.54604692308714,67.51065094784236,290.86873421398735,365.46361042506766,296.3707035254627,9.030436586695725,9.030436586695725,337.55325473921187,21.872454579321953,True
vector_thrust,cruise_133,0.2543367434165447,9.537627878120428,67.51458080815611,290.85353742359274,365.4511129042383,296.38795885287306,9.038461909367847,9.030962357759153,337.57290404078054,21.879167498516875,True
vector_thrust,cruise_133,0.25370760950059057,9.514035356272148,67.52559581617663,290.8109522504861,365.4160966256969,296.4363238213045,9.061026828671064,9.032436041815108,337.62797908088316,21.897976680126526,True
vector_thrust,cruise_133,0.2527982844354745,9.479935666330295,67.54152282557071,290.7494026154696,365.36549923338947,296.5062565262377,9.093839873084761,9.034566896348714,337.7076141278535,21.92515673505364,True
vector_thrust,cruise_133,0.251788732457217,9.44207746714564,67.55921413714435,290.6810706710926,365.3093439601064,296.583935972381,9.130547419492878,9.036933794642447,337.7960706857218,21.955324320078415,True
vector_thrust,cruise_133,0.2508789075247772,9.407959032179148,67.57516578367532,290.6194903853375,365.25875304847654,296.6539768549581,9.163882121455432,9.039067945356619,337.87582891837656,21.982504375005533,True
vector_thrust,cruise_133,0.25024915028423234,9.384343135658714,67.58621151488046,290.57686699137207,365.2237448512108,296.7024767233609,9.187097580357504,9.040545739824376,337.9310575744023,22.00131355661518,True
vector_thrust,cruise_133,0.2500243650128228,9.375913687980857,67.5901550478855,290.5616531910901,365.2112509268882,296.71979208528126,9.195412435732726,9.041073340143628,337.9507752394275,22.008026475810098,True
vector_thrust,cruise_134,0.2500243650128228,9.375913687980857,67.5900095122739,290.52644286010445,365.1823389050113,296.71942396601264,9.19428672672748,9.19428672672748,337.9500475613695,22.008026475810098,True
vector_thrust,cruise_134,0.24979956568703215,9.367483713263708,67.59395374407364,290.5112282048314,365.1698473167259,296.73674241191986,9.202615999163866,9.194823364185195,337.9697687203682,22.014739395005016,True
vector_thrust,cruise_134,0.2491696148359471,9.343860556348018,67.60500904332913,290.46859295821196,365.1348476645051,296.7852843364014,9.22603707878863,9.196327506940614,338.02504521664565,22.03354857661467,True
vector_thrust,cruise_134,0.24825910852954475,9.30971656985793,67.62099433534466,290.4069709199554,365.08427430757047,296.85547301422736,9.260099174038325,9.198502406110599,338.10497167672327,22.060728631541785,True
vector_thrust,cruise_134,0.2472482444526968,9.271809166976132,67.63875041871907,290.3385585518076,365.0281457249007,296.9334369334529,9.29820971425465,9.200918232543927,338.1937520935953,22.090896216566556,True
vector_thrust,cruise_134,0.2463372364402632,9.237646366509871,67.65476049928941,290.2769057505926,364.97757887273417,297.0037344535198,9.332823709954505,9.20309650435045,338.27380249644705,22.118076271493678,True
vector_thrust,cruise_134,0.24570665997173866,9.213999748940202,67.66584670911018,290.2342321431778,364.9425873318288,297.0524121010516,9.356933045536927,9.204604852683726,338.3292335455509,22.136885453103325,True
vector_thrust,cruise_134,0.24548158221990546,9.205559333246457,67.6698046974675,290.2190004157399,364.93009935341934,297.0697909496455,9.365568637610856,9.205143361807318,338.3490234873375,22.143598372298243,True
vector_thrust,cruise_135,0.24548158221990546,9.205559333246457,67.66965644126007,290.1837066352542,364.90116670684165,297.06941594865,9.364417861782242,9.364417861782242,338.3482822063004,22.143598372298243,True
vector_thrust,cruise_135,0.24525649037604907,9.197118389101842,67.67361513210267,290.1684740501836,364.8886810731595,297.08679789786936,9.373068732988065,9.364965787038104,338.36807566051334,22.15031129149316,True
vector_thrust,cruise_135,0.24462571962328597,9.173464485873227,67.68471096787289,290.12578854804576,364.8536981090912,297.1355178565129,9.397395777408592,9.366501569674933,338.42355483936444,22.16912047310281,True
vector_thrust,cruise_135,0.2437140277837721,9.139276041891454,67.70075489762783,290.0640938432709,364.8031488769431,297.20596406806004,9.432779823813691,9.36872222157072,338.5037744881392,22.19630052802993,True
vector_thrust,cruise_135,0.24270184683771528,9.101319256414325,67.71857614846391,289.99560075875485,364.7470470842153,297.28421419904896,9.472375582472692,9.371188873756976,338.59288074231955,22.2264681130547,True
vector_thrust,cruise_135,0.24178965144073414,9.067111929027533,67.73464501834583,289.9338751781172,364.6965043810835,297.3547699186311,9.508344158540977,9.373412977637196,338.6732250917292,22.25364816798182,True
vector_thrust,cruise_135,0.24115825276182523,9.043434478568448,67.74577195428682,289.89115117439485,364.661529558568,297.4036264329151,9.533400151722557,9.374953064870896,338.72885977143414,22.27245734959147,True
vector_thrust,cruise_135,0.2409328814644505,9.034983054916896,67.74974448596939,289.87590145450207,364.64904754821845,297.4210691549658,9.542375454255959,9.37550290584799,338.74872242984696,22.279170268786388,True
vector_thrust,cruise_136,0.2409328814644505,9.034983054916896,67.74959340836476,289.840523921934,364.6200943183363,297.4206870173523,9.541198608382322,9.541198608382322,338.7479670418238,22.279170268786388,True
vector_thrust,cruise_136,0.2407074960373474,9.02653110140053,67.75356664643118,289.8252733417693,364.6076146614647,297.4381328575061,9.5501901216866,9.541758267589174,338.7678332321559,22.285883187981305,True
vector_thrust,cruise_136,0.2400759023963414,9.002846339862804,67.76470326617886,289.7825374010517,364.57264844779763,297.48703193802197,9.575476877485107,9.543326940715605,338.8235163308943,22.304692369590956,True
vector_thrust,cruise_136,0.2391630207027609,8.968613276353537,67.7808061919541,289.7207697649503,364.5221234304515,297.55773725802976,9.612261565030261,9.54559515382354,338.90403095977047,22.33187242451807,True
vector_thrust,cruise_136,0.2381495180843122,8.930606928161708,67.79869300787779,289.6521956697693,364.466048527664,297.63627534879396,9.653431324347405,9.548114640715387,338.9934650393889,22.362040009542845,True
vector_thrust,cruise_136,0.2372361309686465,8.896354911324247,67.81482102713893,289.5903970442113,364.41553006374215,297.70709085027687,9.69083579753179,9.550386388423915,339.0741051356947,22.389220064469963,True
vector_thrust,cruise_136,0.23660390707633897,8.872646515362712,67.8259889382019,289.5476224602591,364.38057202206375,297.7561273258436,9.716895470916635,9.551959469157232,339.12994469100954,22.40802924607961,True
vector_thrust,cruise_136,0.23637824116092473,8.86418404353468,67.8299761021904,289.53235468223227,364.36809600207016,297.77363431245954,9.726230985429003,9.552521089930867,339.149880510952,22.41474216527453,True
vector_thrust,cruise_137,0.23637824116092473,8.86418404353468,67.8298220965757,289.49689309159476,364.3391222294038,297.7732447685616,9.725027005635896,9.725027005635896,339.1491104828785,22.41474216527453,True
vector_thrust,cruise_137,0.2361525610779988,8.855721040424957,67.83380997087002,289.4816244506611,364.32664857170107,297.7907548908756,9.73437973923156,9.725598871696285,339.1690498543501,22.42145508446945,True
vector_thrust,cruise_137,0.23552014154137113,8.832005307801419,67.84498762418775,289.4388378872389,364.29169917110573,297.83983419037867,9.760684293117887,9.727201760879483,339.22493812093876,22.4402642660791,True
vector_thrust,cruise_137,0.23460606564251474,8.797727461594304,67.86114990697273,289.37699705346563,364.24119845918796,297.9108002057181,9.79895468797611,9.729519452034694,339.30574953486365,22.467444321006216,True
vector_thrust,cruise_137,0.23359123651462413,8.759671369298406,67.87910269020593,289.308341651612,364.1851505470172,297.98962802402167,9.841794455345575,9.732093903148975,339.3955134510296,22.49761190603099,True
vector_thrust,cruise_137,0.23267665331538037,8.725374499326767,67.89529022121832,289.24646971409175,364.1346564130922,298.0607049003395,9.88072278841085,9.734415214931719,339.47645110609153,22.524791960958108,True
vector_thrust,cruise_137,0.2320436011852388,8.701635044446457,67.90649935917453,289.2036443649174,364.09971521512205,298.1099224436588,9.90784784143213,9.736022619043203,339.53249679587265,22.543601142567756,True
vector_thrust,cruise_137,0.23181763957161397,8.693161483935526,67.91050124477502,289.188358462695,364.0872452079316,298.12749408759595,9.917565754082581,9.73659649434874,339.55250622387507,22.550314061762673,True
vector_thrust,cruise_138,0.23181763957161397,8.693161483935526,67.91034419829947,289.15281250420605,364.058250931833,298.12709685192124,9.91633351085765,9.91633351085765,339.55172099149735,22.550314061762673,True
vector_thrust,cruise_138,0.2315916637525915,8.684687390722184,67.9143467987269,289.13752573644706,364.0457832958098,298.1446716515457,9.926069735673574,9.916918085612185,339.5717339936345,22.55702698095759,True
vector_thrust,cruise_138,0.2309584152913395,8.660940573425234,67.92556573736451,289.09468836512747,364.01085077138544,298.19393227667905,9.953454961740436,9.918556597484919,339.62782868682257,22.575836162567242,True
vector_thrust,cruise_138,0.23004314080453075,8.626617780169905,67.94178774161443,289.03277406578945,363.96037445614144,298.26516058937324,9.993303165754357,9.920925800793004,339.70893870807214,22.60301621749436,True
vector_thrust,cruise_138,0.22902698029495336,8.588511761060753,67.95980689731623,288.96403705953594,363.9043536359524,298.34427991620896,10.0379169239864,9.923557475807929,339.79903448658115,22.63318380251913,True
vector_thrust,cruise_138,0.22811119661526513,8.554169873072444,67.97605430588328,288.90209154145873,363.85388392343174,298.4156197753218,10.078464419220802,9.92593038938422,339.8802715294164,22.660363857446253,True
vector_thrust,cruise_138,0.22747731320059436,8.53039924502229,67.98730492337752,288.85921524099393,363.8189596324709,298.46501949733636,10.106721717532372,9.927573527911422,339.9365246168876,22.6791730390559,True
vector_thrust,cruise_138,0.2272510548006148,8.521914555023058,67.99132162201282,288.84391114813036,363.8064956606846,298.4826562000727,10.116846076084423,9.928160161693498,339.9566081100641,22.685885958250818,True
vector_thrust,cruise_139,0.2272510548006148,8.521914555023058,67.9911614151566,288.8082805078027,363.7774809190309,298.48225097030763,10.115584368775654,10.115584368775654,339.955807075783,22.685885958250818,True
vector_thrust,cruise_139,0.2270247821572341,8.513429330896281,67.99517883157444,288.79297554677936,363.76501932735357,298.4998908425683,10.125728226105876,10.116182185280746,339.9758941578722,22.692598877445736,True
vector_thrust,cruise_139,0.2263907017198696,8.489651314495111,68.00643931008946,288.75008718129504,363.730103742634,298.5493339120923,10.154262289647523,10.117857814366213,340.03219655044734,22.711408059055387,True
vector_thrust,cruise_139,0.22547422422973157,8.455283408614935,68.0227214038975,288.6880991469449,363.6796519159382,298.6208261400156,10.195788183305051,10.120280690972507,340.1136070194875,22.7385881139825,True
vector_thrust,cruise_139,0.22445672742961648,8.41712727861062,68.04080734095854,288.6192802368341,363.62365828979387,298.7002387727757,10.242288736710114,10.122971990652873,340.20403670479266,22.768755699007276,True
vector_thrust,cruise_139,0.22353973883937925,8.382740206476724,68.05711499576189,288.557260868044,363.573213090715,298.77184323551137,10.284558817882196,10.12539867090481,340.28557497880945,22.795935753934394,True
vector_thrust,cruise_139,0.22290502107032167,8.358938290137065,68.06840734911091,288.51433342913793,363.5383057705009,298.8214262627068,10.314020946207446,10.127079043165553,340.3420367455546,22.81474493554404,True
vector_thrust,cruise_139,0.22267846478754677,8.350442429533006,68.07243895162209,288.49901107880066,363.52584785687526,298.83912842380124,10.324577859132535,10.127678970643581,340.36219475811043,22.821457854738963,True
vector_thrust,cruise_140,0.22267846478754677,8.350442429533006,68.18132224495838,288.4632954380102,363.496812685748,299.1144958878108,10.332812174348756,10.332812174348756,340.9066112247919,22.821457854738963,True
vector_thrust,cruise_140,0.2224515258161963,8.341932218107361,68.18536759954762,288.44794766948314,363.4843372085489,299.13224639895134,10.343416884669436,10.333425359935331,340.9268379977381,22.82817077393388,True
vector_thrust,cruise_140,0.22181557781594483,8.318084168097933,68.19670640153281,288.4049393265322,363.4493827244955,299.1819996468403,10.373249983050869,10.335144069568493,340.98353200766405,22.84697995554353,True
vector_thrust,cruise_140,0.2208964001769438,8.283615006635396,68.21310178983629,288.3427778324052,363.39887470495967,299.2539405643503,10.416673448790112,10.337629244972895,341.06550894918144,22.874160010470646,True
vector_thrust,cruise_140,0.21987590443890384,8.245346416458897,68.23131363200659,288.27376627548597,363.34281873485673,299.3338518547516,10.465308852963432,10.340389754295172,341.1565681600329,22.90432759549542,True
vector_thrust,cruise_140,0.21895621209550722,8.210857953581522,68.24773486623438,288.21157322878423,363.29231738871056,299.4059061809616,10.509528692645889,10.34287884736593,341.2386743311719,22.93150765042254,True
vector_thrust,cruise_140,0.21831962226906518,8.186985835089947,68.25910589760603,288.1685255404018,363.25737122624025,299.4558008473854,10.540354940502127,10.344602442256003,341.2955294880301,22.950316832032186,True
vector_thrust,cruise_140,0.21809239765807906,8.178464912177967,68.26316559589685,288.15316026150515,363.24489945249485,299.4736142967851,10.551401675155331,10.345217802024102,341.31582797948425,22.957029751227104,True
vector_thrust,cruise_141,0.21809239765807906,8.178464912177967,68.15183429269092,288.1172935694389,363.21579061780704,299.1920548356235,10.540169337690887,10.540169337690887,340.7591714634546,22.957029751227104,True
vector_thrust,cruise_141,0.21786553890644095,8.169957708991538,68.15588124419295,288.1019527213472,363.2033417858756,299.2098246819982,10.55120942295993,10.540795347596122,340.77940622096474,22.96374267042202,True
vector_thrust,cruise_141,0.21722979800853215,8.146117425319957,68.16722505953148,288.0589626853796,363.16846108322767,299.25963438899504,10.582270713132273,10.542550082516124,340.83612529765736,22.982551852031676,True
vector_thrust,cruise_141,0.21631093128614734,8.111659923230526,68.18362749598282,287.99682835994696,363.11806026656484,299.3316560615268,10.62748788648894,10.545087317754158,340.9181374799141,23.00973190695879,True
vector_thrust,cruise_141,0.21529076955114135,8.073403858167802,68.20184737511893,287.9278462780572,363.06212273971795,299.4116579668809,10.67814212486464,10.54790568681223,341.00923687559464,23.03989949198356,True
vector_thrust,cruise_141,0.21437139004428354,8.038927126660635,68.21827565419107,287.86568051810053,363.01172870729584,299.4837931113046,10.724205425648604,10.55044691952592,341.0913782709554,23.067079546910684,True
vector_thrust,cruise_141,0.2137349886732445,8.015062075246671,68.23483121595689,287.8187352232157,362.97294064892486,299.5564871244304,10.756993326144592,10.553007840498918,341.17415607978444,23.08588872852033,True
vector_thrust,cruise_141,0.21350781642645553,8.006543115992084,68.2410305837023,287.79529664229875,362.95241563030896,299.5837080019069,10.768540288179704,10.553966798644648,341.20515291851154,23.09260164771525,True
vector_thrust,cruise_142,0.21350781642645553,8.006543115992084,68.24086292599685,287.74053648091075,362.9044661410905,299.5832838829813,10.766476065434984,10.766476065434984,341.2043146299842,23.09260164771525,True
vector_thrust,cruise_142,0.21328062214629687,7.998023330486134,68.24706398122623,287.71709584496796,362.88394244040603,299.61051220611614,10.778046386534795,10.767454601638788,341.23531990613117,23.099314566910166,True
vector_thrust,cruise_142,0.21264391661491672,7.974146873059378,68.26444827241905,287.6514052940523,362.8264313515809,299.68684519760353,10.810603760068197,10.770197869938674,341.3222413620952,23.118123748519817,True
vector_thrust,cruise_142,0.21172353435938943,7.939632538477104,68.28959359880704,287.5564501256995,362.74331250205336,299.7972562557055,10.858013182414982,10.774165841712689,341.4479679940352,23.145303803446936,True
vector_thrust,cruise_142,0.21070154913386893,7.901308092520087,68.3175364949273,287.45101686740054,362.6510396398724,299.9199512122666,10.911142047024034,10.778575274362076,341.58768247463644,23.175471388471706,True
vector_thrust,cruise_142,0.20978037715734188,7.866764143400323,68.34274258823888,287.3559878252121,362.5678885172671,300.0306290929927,10.959474089885575,10.78255283525388,341.7137129411944,23.20265144339883,True
vector_thrust,cruise_142,0.20914268685897877,7.842850757211705,68.36020265480555,287.29020515504993,362.5103371845352,300.10729480794674,10.993182066434516,10.785308061027473,341.8010132740277,23.221460625008476,True
vector_thrust,cruise_142,0.2089150543159249,7.8343145368471845,68.36643743384859,287.266723522157,362.48979557361423,300.1346712093471,11.005264494831808,10.786291918893689,341.83218716924296,23.228173544203393,True
vector_thrust,cruise_143,0.2089150543159249,7.8343145368471845,68.36626603181003,287.2117867020884,362.44174079115174,300.13423765857465,11.003143956367028,11.003143956367028,341.83133015905014,23.228173544203393,True
vector_thrust,cruise_143,0.20868739943990963,7.825777478996613,68.37250254468731,287.1883029862313,362.4212004900742,300.1616217023374,11.015251454522826,11.004147875739838,341.8625127234365,23.23488646339831,True
vector_thrust,cruise_143,0.2080494026245905,7.801852598422146,68.38998627503611,287.1224916631737,362.363642859741,300.23839140463934,11.049323727351306,11.006962310015998,341.94993137518054,23.253695645007962,True
vector_thrust,cruise_143,0.20712715252438477,7.76726821966443,68.41527552930498,287.02736180480696,362.28045668215805,300.34943455636136,11.098947967578027,11.011033234390696,342.0763776465249,23.280875699935077,True
vector_thrust,cruise_143,0.2061030915329707,7.728865932486403,68.44337849845472,286.921734420601,362.18810898937977,300.4728325116298,11.154571317912978,11.015557095034962,342.21689249227364,23.31104328495985,True
vector_thrust,cruise_143,0.20518004699487247,7.69425176230772,68.46872910618626,286.82653026520643,362.10489035456357,300.584145061639,11.205184083410467,11.019637895750856,342.3436455309313,23.33822333988697,True
vector_thrust,cruise_143,0.20454105953067997,7.670289732400501,68.48628934319473,286.7606262951895,362.04729225068536,300.66125069874556,11.240489155040622,11.022464645646334,342.43144671597366,23.357032521496617,True
vector_thrust,cruise_143,0.2043129637740737,7.661736141527766,68.49255990479642,286.7371013475275,362.0267339371724,300.6887842478132,11.253145345949996,11.023474045994607,342.4627995239821,23.363745440691538,True
vector_thrust,cruise_144,0.2043129637740737,7.661736141527766,68.49238457420276,286.68196297127844,361.9785525225189,300.68834076045886,11.250964817824721,11.250964817824721,342.4619228710138,23.363745440691538,True
vector_thrust,cruise_144,0.20408484556593975,7.653181708722743,68.4986568857945,286.65843592970833,361.9579955267382,300.71588202358373,11.263647941594447,11.251995339266534,342.4932844289726,23.370458359886456,True
vector_thrust,cruise_144,0.20344554979183924,7.629208117193973,68.51624101397103,286.5925031451705,361.90039109037554,300.793092648562,11.299343788596873,11.25488435725438,342.5812050698551,23.389267541496107,True
vector_thrust,cruise_144,0.2025214207355936,7.594553277584762,68.54167558354024,286.4971975990358,361.8171372017878,300.90477398995256,11.351342382011552,11.259063178553586,342.7083779177012,23.41644759642322,True
vector_thrust,cruise_144,0.20149527161656858,7.556072685621324,68.56994017049344,286.3913749792367,361.7247142523931,301.0288817311898,11.409640819299291,11.263706962967536,342.8497008524672,23.446615181447996,True
vector_thrust,cruise_144,0.2005703433530853,7.5213878757407,68.59543668852069,286.2959947087984,361.6414277206524,301.14083508352485,11.462700282450935,11.267895962199011,342.9771834426035,23.473795236375114,True
vector_thrust,cruise_144,0.1999300509828123,7.497376911855463,68.61309806421367,286.22996874449575,361.583782578906,301.2183848969372,11.499719156173585,11.270797671723646,343.06549032106835,23.49260441798476,True
vector_thrust,cruise_144,0.1997014892472785,7.488805846772946,68.61940475466018,286.2064002339993,361.5632074675116,301.2460771150225,11.51299113367419,11.27183384150202,343.0970237733009,23.49931733717968,True
vector_thrust,cruise_145,0.1997014892472785,7.488805846772946,68.61922531832978,286.1510588927726,361.5148986556746,301.2456232419585,11.510747620015476,11.510747620015476,343.09612659164895,23.49931733717968,True
vector_thrust,cruise_145,0.19947290494042566,7.480233935265964,68.62553377578936,286.12748827736567,361.49432487000945,301.27332324935117,11.524048580874595,11.511806051307316,343.1276688789468,23.506030256374597,True
vector_thrust,cruise_145,0.1988323024475215,7.456211341782058,68.64321927161762,286.06143333548727,361.43667336065255,301.35097905888455,11.561487336547744,11.514773319064261,343.2160963580881,23.52483943798425,True
vector_thrust,cruise_145,0.1979062832002787,7.421485620010453,68.6688005644057,285.96595109438425,361.35335137457054,301.4633047755925,11.616035533069876,11.519065341508764,343.3440028220285,23.552019492911366,True
vector_thrust,cruise_145,0.19687803345401492,7.382926254525562,68.69722833534387,285.859932118788,361.2608527385959,301.5881291842528,11.677207541331846,11.523834945294018,343.48614167671934,23.582187077936137,True
vector_thrust,cruise_145,0.19595121017644127,7.34817038161655,68.7228721789052,285.7643747219644,361.1774979216511,301.7007295571517,11.732896198317754,11.528137462490484,343.61436089452604,23.60936713286326,True
vector_thrust,cruise_145,0.1953096050730402,7.3241101902390096,68.74063567575607,285.69822606235164,361.11980547283935,301.77872786328453,11.771757247562656,11.531117817215714,343.70317837878036,23.628176314472906,True
vector_thrust,cruise_145,0.19508057456215538,7.315521546080829,68.7469788450828,285.6746137385993,361.09921346738923,301.80658028871034,11.785691246297405,11.532182072477687,343.73489422541394,23.634889233667824,True
vector_thrust,cruise_146,0.19508057456215538,7.315521546080829,68.74679511446769,285.61906799951174,361.0507764779159,301.8061155532696,11.783381526237033,11.783381526237033,343.73397557233847,23.634889233667824,True
vector_thrust,cruise_146,0.1948515213589017,7.306932050958816,68.75314006762808,285.5954535597909,361.03018580630544,301.833975842584,11.797346770072433,11.784469272314746,343.7657003381404,23.641602152862742,True
vector_thrust,cruise_146,0.1942096042998712,7.282860161245171,68.77092791744701,285.52927575810855,360.9724869545199,301.9120811698593,11.83665976971258,11.787518729642107,343.85463958723506,23.660411334472393,True
vector_thrust,cruise_146,0.1932816834999604,7.248063131248516,68.7966573606137,285.433615805269,360.8890964808728,302.0250575323656,11.893950518116933,11.791929652795266,343.9832868030685,23.68759138939951,True
vector_thrust,cruise_146,0.19225132048547536,7.209424518205328,68.82524990294385,285.32739934302265,360.7965217243673,302.1506055835768,11.95821473452952,11.796831410947465,344.12624951471923,23.71775897442428,True
vector_thrust,cruise_146,0.19132259077707414,7.174597154140282,68.85104250649376,285.23166379884805,360.71309823033334,302.2638592800708,12.016733711517558,11.801253162019668,344.2552125324688,23.7449390293514,True
vector_thrust,cruise_146,0.1906796650245464,7.15048743842049,68.86890911833324,285.16539173622704,360.6553582027591,302.3423104463761,12.057578471310743,11.80431612190058,344.3445455916662,23.76374821096105,True
vector_thrust,cruise_146,0.19045016291006614,7.141881109127482,68.8752891238238,285.141735346412,360.6347492061852,302.3703246483,12.072225478142618,11.805409877170641,344.37644561911907,23.77046113015597,True
vector_thrust,cruise_147,0.19045016291006614,7.141881109127482,68.87510089681356,285.08598375130197,360.5861832422426,302.3698485392541,12.069846082620746,12.069846082620746,344.3755044840678,23.77046113015597,True
vector_thrust,cruise_147,0.19022063798086888,7.133273924282585,68.88148270197792,285.0623252344077,360.56557558773665,302.39787067591226,12.08452683519775,12.07096465604334,344.4074135098896,23.777174049350887,True
vector_thrust,cruise_147,0.18957739841887924,7.109152440707973,68.89937390432196,284.99602386377137,360.5078291215911,302.4764299085051,12.12585896214766,12.07410054360073,344.4968695216098,23.795983230960537,True
vector_thrust,cruise_147,0.1886475645747976,7.074283671554911,68.92525294181448,284.900185172747,360.4243697666944,302.59006326259686,12.186105202648562,12.078636502130873,344.6262647090724,23.823163285887652,True
vector_thrust,cruise_147,0.1876150755062365,7.03556533148387,68.95401186699843,284.79377008222036,360.33171845168175,302.7163420365312,12.253703043348722,12.083677234109452,344.7700593349921,23.853330870912426,True
vector_thrust,cruise_147,0.1866844278190336,7.000666043213762,68.97995468668495,284.6978553599883,360.2482258850323,302.83025545441654,12.315274537279802,12.0882243720839,344.8997734334247,23.880510925839545,True
vector_thrust,cruise_147,0.18604017341014834,6.9765065028805635,68.99792542367588,284.6314591799008,360.19043800446894,302.90916391915897,12.358259436822028,12.091374200112911,344.9896271183794,23.899320107449192,True
vector_thrust,cruise_147,0.18581019683119004,6.967882381169629,69.00434262578634,284.60775846880057,360.1698119187991,302.9373414815293,12.373675816996649,12.092498977740167,345.02171312893165,23.90603302664411,True
vector_thrust,cruise_148,0.18581019683119004,6.967882381169629,69.00414968505795,284.55179953298074,360.12111616621246,302.936853448411,12.371223002638352,12.371223002638352,345.0207484252898,23.90603302664411,True
vector_thrust,cruise_148,0.18558019731382747,6.959257399268531,69.0105687033979,284.52809668364097,360.1004914309621,302.965039019325,12.386675900637622,12.37237403454241,345.05284351698947,23.91274594583903,True
vector_thrust,cruise_148,0.18493562722030457,6.935086020761423,69.02856427013052,284.4616710281346,360.04269707600514,303.04405660379615,12.43018738031397,12.375600925386145,345.1428213506526,23.931555127448682,True
vector_thrust,cruise_148,0.18400386870735805,6.900145076525929,69.0545943707722,284.3656525626713,359.9591684425184,303.1583534027149,12.493624704857899,12.380268535720825,345.27297185386095,23.958735182375797,True
vector_thrust,cruise_148,0.18296924065022582,6.86134652438347,69.08352131087194,284.25903769131577,359.86644012694813,303.28537007116034,12.564823411251512,12.38545559537535,345.41760655435974,23.98890276740057,True
vector_thrust,cruise_148,0.18203666330164195,6.826374873811575,69.10961582183602,284.1629427504556,359.7828780884756,303.3999496925329,12.629693523823624,12.390134755508633,345.5480791091801,24.01608282232769,True
vector_thrust,cruise_148,0.1813910721356259,6.802165205085973,69.12769170760704,284.09642173160165,359.7250420781426,303.47931995359914,12.67499189874023,12.393376048828513,345.6384585380352,24.034892003937337,True
vector_thrust,cruise_148,0.18116061819784524,6.7935231824191975,69.13414647113278,284.0726764415486,359.7043988044917,303.50766247980516,12.691240124752737,12.394533490414643,345.6707323556639,24.041604923132255,True
vector_thrust,cruise_149,0.18116061819784524,6.7935231824191975,69.13394858476508,284.01650865249707,359.65557243073647,303.50716193742625,12.688709844631655,12.688709844631655,345.6697429238254,24.041604923132255,True
vector_thrust,cruise_149,0.18093014119659886,6.78488029487246,69.14040518224914,283.99276121299863,359.6349305159858,303.53551255076167,12.704997669691975,12.689895097408671,345.70202591124576,24.048317842327172,True
vector_thrust,cruise_149,0.18028423244885927,6.760658716832225,69.15850614070762,283.9262105498549,359.5770879952189,303.61499300126775,12.75086615662838,12.693217932917245,345.7925307035381,24.067127023936827,True
vector_thrust,cruise_149,0.17935053750579757,6.725645156467411,69.184688791259,283.83001126377627,359.49348968211194,303.7299597784889,12.81775590289314,12.698024343641194,345.923443956295,24.09430707886394,True
vector_thrust,cruise_149,0.17831375737322402,6.686765901495902,69.21378540294721,283.7231954479975,359.4006839198248,303.85772162090785,12.892852091703345,12.703365677062525,346.06892701473606,24.124474663888712,True
vector_thrust,cruise_149,0.17737923854262647,6.651721445348494,69.24003310178281,283.62691923795416,359.3170520066044,303.9729740220611,12.961294134432736,12.70818402885296,346.2001655089141,24.151654718815834,True
vector_thrust,cruise_149,0.17673230242275734,6.627461340853402,69.25821517452354,283.56027265210713,359.25916758714095,304.05281064143253,13.009098575144932,12.71152175469677,346.29107587261774,24.17046390042548,True
vector_thrust,cruise_149,0.17650136819747997,6.6188013074055005,69.26470787103466,283.5364825229581,359.2385070257016,304.08131976396885,13.026248077631324,12.712713634260599,346.3235393551733,24.1771768196204,True
vector_thrust,cruise_150,0.17650136819747997,6.6188013074055005,69.26450478772347,283.48010433895286,359.18954917885253,304.0808060758684,13.02363594710322,13.02363594710322,346.3225239386173,24.1771768196204,True
vector_thrust,cruise_150,0.17627041078226632,6.610140404334988,69.2709993352816,283.45631204911126,359.1688899849294,304.1093233617443,13.040828482756408,13.02485732886105,346.35499667640795,24.183889738815317,True
vector_thrust,cruise_150,0.17562315516111351,6.585868318541758,69.28920672736719,283.38963564862996,359.1109990187838,304.1892712565765,13.089251497319761,13.028281459079817,346.4460336368359,24.202698920424968,True
vector_thrust,cruise_150,0.1746875118865949,6.55078169574731,69.31554343692973,283.29325448571484,359.02733062130017,304.304914643418,13.159884366364466,13.033234410202743,346.57771718464863,24.229878975352086,True
vector_thrust,cruise_150,0.17364856643536775,6.511821241326292,69.34481139964495,283.18623655073526,358.9344469619851,304.43342903988435,13.239208180794765,13.038738620531369,346.7240569982248,24.260046560376857,True
vector_thrust,cruise_150,0.17271209416050115,6.476703531018795,69.37121380432384,283.0897780108469,358.85074476733797,304.5493608912257,13.311526543578053,13.043703926451293,346.8560690216192,24.287226615303975,True
vector_thrust,cruise_150,0.17206380479161693,6.4523926796856355,69.38950311706148,283.0230051227688,358.792811656778,304.6296684962043,13.36205164617308,13.047143462884131,346.9475155853074,24.306035796913626,True
vector_thrust,cruise_150,0.17183238731495146,6.443714524310682,69.39603412280681,282.99916989187494,358.77213370681125,304.6583458684507,13.380179810282096,13.048371701064884,346.9801706140341,24.312748716108544,True
vector_thrust,cruise_151,0.17183238731495146,6.443714524310682,69.39582557259756,282.94257974056313,358.7230435144429,304.657818352445,13.377481068963716,13.377481068963716,346.9791278629878,24.312748716108544,True
vector_thrust,cruise_151,0.17160094652043162,6.435035494516186,69.4023584466189,282.91874233769283,358.7023669407507,304.68650396494945,13.395656105159208,13.378740650090847,347.0117922330945,24.319461635303462,True
vector_thrust,cruise_151,0.1709523357076497,6.410712589036864,69.42067332861085,282.85193946315655,358.64442724706265,304.766923945954,13.446853891056215,13.382271879912134,347.10336664305424,24.338270816913113,True
vector_thrust,cruise_151,0.17001473205661674,6.375552452123129,69.447165627602,282.7553753570185,358.5606883566849,304.88325066771864,13.521554191576096,13.387379769565637,347.23582813801005,24.365450871840228,True
vector_thrust,cruise_151,0.16897360788313015,6.336510295617382,69.4766066451663,282.6481541167428,358.4677263458413,305.01252510553996,13.605474177670812,13.39305619157249,347.3830332258315,24.395618456865,True
vector_thrust,cruise_151,0.1680351700564229,6.30131887711586,69.50316529574114,282.55151217611865,358.3839534592995,305.1291431745732,13.682008876916239,13.398176874242733,347.5158264787057,24.42279851179212,True
vector_thrust,cruise_151,0.16738551904235333,6.276956964088251,69.52156291636996,282.4846122434748,358.3259713730465,305.2099264580474,13.735494479510791,13.40172405662331,347.6078145818498,24.441607693401767,True
vector_thrust,cruise_151,0.16715361531427042,6.268260574285142,69.52813261313992,282.46073164565087,358.30527593287326,305.2387737577285,13.754687818169069,13.402990737411157,347.6406630656995,24.448320612596685,True
vector_thrust,cruise_152,0.16715361531427042,6.268260574285142,69.52791831326738,282.40392792255403,358.2560525009121,305.2382317161876,13.751897287489001,13.751897287489001,347.6395915663369,24.448320612596685,True
vector_thrust,cruise_152,0.1669216881390812,6.259563305215547,69.53448984788693,282.38004514145285,358.23535844593346,305.26708713935784,13.771141794314573,13.753197310796676,347.6724492394346,24.455033531791607,True
vector_thrust,cruise_152,0.16627171371522206,6.235189264320828,69.5529132959469,282.31311504907814,358.1773697399514,305.34798393424717,13.825360684993253,13.756841953893806,347.76456647973447,24.473842713401257,True
vector_thrust,cruise_152,0.1653321374956021,6.19995515608508,69.57956274321836,282.2163669230875,358.09355994440534,305.46500083919096,13.904491337229173,13.762113916218576,347.8978137160918,24.501022768328372,True
vector_thrust,cruise_152,0.16428882103204542,6.160830788701705,69.60917855106919,282.1089411800039,358.00051912333714,305.5950429424223,13.993420197880841,13.767972702769107,348.045892755346,24.531190353353146,True
vector_thrust,cruise_152,0.16334840539706647,6.125565202389994,69.6358950152572,282.01211475742645,357.9166751306308,305.71235411667027,14.07455224838278,13.773257922808098,348.17947507628605,24.558370408280265,True
vector_thrust,cruise_152,0.16269738423810962,6.101151908929112,69.6544020322658,281.9450870307127,357.85864378144504,305.79361786033957,14.131267257071615,13.776919098047692,348.27201016132904,24.577179589889912,True
vector_thrust,cruise_152,0.16246499122152533,6.092437170807201,69.66101080884874,281.92116079821,357.83793074844016,305.82263679548294,14.151622798324029,13.77822648805988,348.3050540442437,24.58389250908483,True
vector_thrust,cruise_153,0.16246499122152533,6.092437170807201,69.66079043107851,281.8641418651975,357.7885731599974,305.8220793714338,14.14873482462826,14.14873482462826,348.30395215539255,24.58389250908483,True
vector_thrust,cruise_153,0.1622325746267627,6.083721548503602,69.66740111001047,281.8402134380623,357.7678615212393,305.8511066993993,14.16914638600265,14.150077762217643,348.33700555005237,24.590605428279748,True
vector_thrust,cruise_153,0.16158122806703268,6.0592960525137265,69.6859342025537,281.7731553767785,357.70982351548264,305.9324850505563,14.22666278357408,14.153842698723707,348.42967101276844,24.6094146098894,True
vector_thrust,cruise_153,0.16063966693407392,6.023987510027774,69.71274236045123,281.6762221437706,357.6259423985576,306.0501990090964,14.310631238814434,14.15928868741087,348.56371180225614,24.636594664816517,True
vector_thrust,cruise_153,0.15959414444256043,5.984780416596018,69.74253469817171,281.56859068866925,357.5328223042103,306.18101642745927,14.405032647820764,14.165340902367562,348.7126734908586,24.666762249841288,True
vector_thrust,cruise_153,0.15865173858906514,5.949440197089944,69.76941054862509,281.4715786923746,357.448906787151,306.2990276223375,14.491190431491145,14.170800642573703,348.84705274312546,24.69394230476841,True
vector_thrust,cruise_153,0.15799933867875737,5.924975200453403,69.7880280525992,281.4044224147852,357.3908258850858,306.3807766219994,14.551437359216187,14.174582726982953,348.940140262996,24.712751486378057,True
vector_thrust,cruise_153,0.15776645329842284,5.916241998690858,69.7946762988837,281.3804502772485,357.3700951556591,306.4099689070673,14.57306429310811,14.175933296245967,348.9733814944185,24.719464405572975,True
vector_thrust,cruise_154,0.15776645329842284,5.916241998690858,69.7944494929238,281.32321446076423,357.3206024696583,306.40939521205416,14.5700726949824,14.5700726949824,348.972247464619,24.719464405572975,True
vector_thrust,cruise_154,0.15753354420751267,5.907507907781726,69.80109966231402,281.2992401172423,357.299873143715,306.4385959815308,14.591761117856505,14.571461220728256,349.00549831157,24.726177324767892,True
vector_thrust,cruise_154,0.15688081688119665,5.883030633044877,69.81974350682421,281.2320533288145,357.2417855481319,306.5204607546472,14.65288623199086,14.575353972432685,349.098717534121,24.744986506377543,True
vector_thrust,cruise_154,0.1559372583361543,5.847647187605786,69.84671197931665,281.1349338912232,357.1578326898704,306.63887881392645,14.742151528318843,14.580984869392953,349.23355989658324,24.772166561304658,True
vector_thrust,cruise_154,0.15488951590657027,5.808356846496387,69.87668263260743,281.02709550328126,357.0646328549878,306.7704793930576,14.842548260784412,14.58724260833505,349.3834131630371,24.802334146329432,True
vector_thrust,cruise_154,0.15394510726797508,5.772941522549067,69.90371948306392,280.92989683098244,356.98064539156366,306.88919769871785,14.934215133011683,14.592887782310534,349.5185974153196,24.82951420125655,True
vector_thrust,cruise_154,0.15329131989100367,5.748424495912639,69.92244859409952,280.86261123839523,356.9225146440045,306.97143687540046,14.998335526148216,14.59679833727838,349.6122429704976,24.848323382866198,True
vector_thrust,cruise_154,0.15305793903269188,5.7396727137259465,69.9291367096003,280.8385929228515,356.9017661136094,307.0008042659756,15.021357174261517,14.598194786023841,349.64568354800144,24.85503630206112,True
vector_thrust,cruise_155,0.15305793903269188,5.7396727137259465,69.91737668054074,280.7811385124196,356.8521373636645,306.9710573439885,15.016828880379562,15.016828880379562,349.5868834027037,24.85503630206112,True
vector_thrust,cruise_155,0.15282457339453925,5.730921502295223,69.92406451508373,280.7571219390399,356.8313936660117,307.0004255954798,15.03991214846117,15.018265556563227,349.62032257541864,24.861749221256037,True
vector_thrust,cruise_155,0.15217056606193294,5.706396227322487,69.94281399729529,280.689816756232,356.7732657718331,307.0827600947349,15.104980486157528,15.022293307899018,349.7140699864765,24.880558402865688,True
vector_thrust,cruise_155,0.15122515579542561,5.670943342328462,69.96993538429376,280.59252605403464,356.6892546022939,307.2018580942101,15.200036425642509,15.028119506282632,349.84967692146876,24.907738457792803,True
vector_thrust,cruise_155,0.15017535525375744,5.631575822015906,70.00007612639291,280.4844973274369,356.5959899384406,307.33421497124675,15.306991421608016,15.034594320523421,350.00038063196456,24.937906042817577,True
vector_thrust,cruise_155,0.14922908973988658,5.596090865245748,70.02726655241591,280.3871269408607,356.5119439683111,307.4536161414099,15.404688410770198,15.040435349824264,350.1363327620795,24.965086097744695,True
vector_thrust,cruise_155,0.1485740159298976,5.571525597371161,70.04610212513968,280.3197223931615,356.45377267846203,307.5363286894317,15.473050742997522,15.044481595065266,350.23051062569846,24.983895279354343,True
vector_thrust,cruise_155,0.14834017566416818,5.562756587406308,70.05282827382487,280.2956615982102,356.4330096679029,307.5658651895132,15.497600212005057,15.045926501862954,350.26414136912433,24.99060819854926,True
vector_thrust,cruise_156,0.14834017566416818,5.562756587406308,70.06414812808931,280.237997744923,356.38325325807926,307.59449871230413,15.49585445310324,15.49585445310324,350.3207406404466,24.99060819854926,True
vector_thrust,cruise_156,0.14810627223700587,5.553985208887721,70.07087847421904,280.213930750757,356.36248824318477,307.62405161930053,15.520485103160922,15.497343255885472,350.35439237109523,24.99732111774418,True
vector_thrust,cruise_156,0.14745075716440387,5.529403393665147,70.0897471840298,280.1464842142274,356.3043005855632,307.706904004051,15.589929181860667,15.501517155290568,350.44873592014903,25.016130299353833,True
vector_thrust,cruise_156,0.14650316583264647,5.493868718724244,70.117041156267,280.0489890470878,356.220202967061,307.82675166247674,15.691414378162275,15.507554785609981,350.58520578133505,25.043310354280948,True
vector_thrust,cruise_156,0.14545094127557306,5.4544102978339915,70.14737386366279,279.94073310017626,356.1268422296674,307.95994238764445,15.805655850957969,15.514264606820511,350.736869318314,25.073477939305718,True
vector_thrust,cruise_156,0.1445024888944475,5.418843333541783,70.1747376150734,279.8431577411506,356.0427095897225,308.0800964461524,15.910057132125937,15.520317672822614,350.87368807536694,25.10065799423284,True
vector_thrust,cruise_156,0.14384590010944837,5.394221254104314,70.19369333887187,279.7756112068772,355.9844782610315,308.16333090873303,15.983138287280692,15.52451082036924,350.9684666943593,25.119467175842487,True
vector_thrust,cruise_156,0.14361151883481457,5.385431956305547,70.20046241055934,279.75149970949354,355.96369381066654,308.19305385911775,16.00938786649954,15.526008189519231,351.0023120527967,25.126180095037405,True
vector_thrust,cruise_157,0.14361151883481457,5.385431956305547,70.20021807757702,279.69360284867645,355.9137899386679,308.1924416952455,16.00604279988108,16.00604279988108,351.00109038788514,25.126180095037405,True
vector_thrust,cruise_157,0.14337710727625655,5.376641522859622,70.20698660531421,279.66948853718833,355.89300642586,308.22216351741577,16.032375314635964,16.007586409306185,351.0349330265711,25.132893014232323,True
vector_thrust,cruise_157,0.1427201864777189,5.352006992914459,70.22785778569865,279.59959938701513,355.8324567041316,308.31380944286843,16.106932916910772,16.012346060766685,351.1392889284933,25.151702195841974,True
vector_thrust,cruise_157,0.1417704364969218,5.316391368634569,70.26843962905139,279.455268715756,355.70164170034735,308.4920042579908,16.215833253961616,16.02160064800405,351.34219814525693,25.178882250769092,True
vector_thrust,cruise_157,0.1407155778735429,5.27683417025786,70.31356756912949,279.2949753362161,355.55637782116975,308.6901610323595,16.338510578560097,16.031891964021362,351.56783784564743,25.209049835793863,True
vector_thrust,cruise_157,0.13976454314976391,5.241170368116148,70.35430381234009,279.1504679965271,355.42543700516154,308.8690337564567,16.45070266123417,16.041181758611657,351.7715190617005,25.236229890720985,True
vector_thrust,cruise_157,0.1391060495864363,5.216476859491362,70.3825363027444,279.05041671536594,355.334788192534,308.9930028994503,16.529283756782792,16.04762012354269,351.91268151372196,25.255039072330632,True
vector_thrust,cruise_157,0.1388709652983614,5.2076611986885535,70.39262110617607,279.01469911283283,355.3024290944226,309.037285273608,16.557518217002425,16.04991993846401,351.96310553088034,25.26175199152555,True
vector_thrust,cruise_158,0.1388709652983614,5.2076611986885535,70.39236429118655,278.9287784248338,355.2245915484108,309.03663565563136,16.552384646999165,16.552384646999165,351.96182145593275,25.26175199152555,True
vector_thrust,cruise_158,0.13863584464080175,5.198844174030067,70.4024535104365,278.89305583165174,355.19223131495846,309.0809374881999,16.580709917407358,16.554757507976266,352.01226755218255,25.268464910720468,True
vector_thrust,cruise_158,0.13797685272607035,5.174131977227639,70.4307468166903,278.79293606691414,355.10154053982046,309.20517359462326,16.66061449010702,16.56141174758188,352.15373408345147,25.28727409233012,True
vector_thrust,cruise_158,0.13702406437956785,5.138402414233795,70.47169429404754,278.6481876909557,354.9704379566213,309.38497425521393,16.777503088551573,16.57104209347135,352.3584714702377,25.314454147257234,True
vector_thrust,cruise_158,0.13596583164994255,5.0987186868728465,70.51722926642515,278.4874305092922,354.82485489306,309.58491863865885,16.90924991372415,16.581751362085296,352.58614633212574,25.344621732282008,True
vector_thrust,cruise_158,0.13501174921390743,5.06294059552153,70.558333221574,278.3425042866714,354.6936257406365,309.7654063944604,17.02980260789156,16.59141850964456,352.79166610787,25.371801787209126,True
vector_thrust,cruise_158,0.13435114359173894,5.038167884690211,70.58682165381555,278.24216275028954,354.602777135908,309.8904993004714,17.114277394992378,16.5981186404964,352.9341082690778,25.390610968818773,True
vector_thrust,cruise_158,0.1341153047653124,5.029323928699216,70.59699771273172,278.206341459268,354.5703466615552,309.9351824465985,17.144637016904255,16.60051192509958,352.98498856365865,25.397323888013695,True
vector_thrust,cruise_159,0.1341153047653124,5.029323928699216,70.59673197571784,278.11992793917716,354.49211709621403,309.93451027590396,17.139274559730552,17.139274559730552,352.98365987858926,25.397323888013695,True
vector_thrust,cruise_159,0.13387942925251206,5.020478596969203,70.6069125155835,278.084101618106,354.4596854804785,309.97921316930416,17.16973578306086,17.141746614755718,353.03456257791754,25.404036807208612,True
vector_thrust,cruise_159,0.13321832036079123,4.995687013529672,70.63546206406868,277.9836909672534,354.36879452103716,310.104574637301,17.255687558096266,17.14867906192753,353.1773103203434,25.422845988818263,True
vector_thrust,cruise_159,0.13226246788433782,4.959842545662669,70.67678078174416,277.83852160417086,354.2374022050044,310.2860057064724,17.381480219636984,17.158712139255464,353.38390390872075,25.45002604374538,True
vector_thrust,cruise_159,0.13120082727130047,4.9200310226737685,70.72272913351429,277.6772962674713,354.0914969263507,310.48776556394796,17.523345456279703,17.16986939176448,353.61364566757146,25.480193628770152,True
vector_thrust,cruise_159,0.13024366814905491,4.88413755558956,70.7642067384294,277.5319474431811,353.9599768933834,310.6698943090726,17.653233513231083,17.17994105033884,353.82103369214695,25.50737368369727,True
vector_thrust,cruise_159,0.1295809298923838,4.859284870964393,70.79295441586603,277.4313130073685,353.8689266731726,310.7961257644519,17.74429356131217,17.18692160752137,353.96477207933015,25.526182865306918,True
vector_thrust,cruise_159,0.1293443292424319,4.850412346591197,70.80322313331996,277.39538709244465,353.8364241795997,310.8412158463675,17.777028679754956,17.189415073941692,354.0161156665998,25.532895784501836,True
vector_thrust,cruise_160,0.1293443292424319,4.850412346591197,70.8029478553777,277.3084726551172,353.75779607780095,310.8405195460518,17.771418913531754,17.771418913531754,354.0147392768885,25.532895784501836,True
vector_thrust,cruise_160,0.12910769158865038,4.84153843457439,70.81321639255738,277.27254167107253,353.72529243759993,310.88561100644074,17.804267114177698,17.773996888993786,354.06608196278694,25.539608703696754,True
vector_thrust,cruise_160,0.12844444522904244,4.816666696089093,70.84203084843278,277.17183750421333,353.63419948633316,311.01213380139893,17.896983547114324,17.781230468433805,354.2101542421639,25.558417885306408,True
vector_thrust,cruise_160,0.12748549889199706,4.7807062084498915,70.88372652556794,277.0262433391909,353.5025148143195,311.19522040667124,18.03274225510803,17.79169792217665,354.4186326278397,25.585597940233523,True
vector_thrust,cruise_160,0.12642041728396053,4.740765648148521,70.93009463599999,276.86454560078073,353.35628440042365,311.3988237649367,18.185942997618476,17.803338362673987,354.65047317999995,25.615765525258293,True
vector_thrust,cruise_160,0.12546015152643708,4.704755682241392,70.97195165988326,276.71877033536623,353.224470846308,311.58261884821485,18.32629895554421,17.813846321623334,354.8597582994163,25.642945580185415,True
vector_thrust,cruise_160,0.12479525985308416,4.679822244490657,71.00096259326739,276.61784033685905,353.1332171789288,311.7100064738387,18.42474869717325,17.821129345286618,355.004812966337,25.661754761795063,True
vector_thrust,cruise_160,0.1245578899466098,4.670920872997868,71.01132719253222,276.58180884562915,353.1006420109677,311.75551685552614,18.4601510310245,17.82373127137741,355.0566359626611,25.66846768098998,True
vector_thrust,cruise_161,0.1245578899466098,4.670920872997868,71.01103989622816,276.4943872673805,353.021610558558,311.75478760903826,18.45427300555188,18.45427300555188,355.0551994811408,25.66846768098998,True
vector_thrust,cruise_161,0.12432048267143159,4.662018100178686,71.02140732102112,276.45835066171,352.9890342335267,311.80031126947273,18.489803758175533,18.456967771089605,355.1070366051056,25.6751806001849,True
vector_thrust,cruise_161,0.12365507793607354,4.637065422602759,71.05048126911068,276.35735030095793,352.8977374483035,311.92797581170464,18.590117029592907,18.46452485251743,355.25240634555337,25.69398978179455,True
vector_thrust,cruise_161,0.12269300750117834,4.600987781294188,71.09255975010512,276.2113274633778,352.7657577594511,312.1127436319344,18.737079804320672,18.475462153026307,355.4627987505256,25.721169836721668,True
vector_thrust,cruise_161,0.12162445119421597,4.5609169197831,71.13935413254478,276.0491530106126,352.6191992447168,312.3182191110399,18.903036685764835,18.48762523997179,355.69677066272396,25.751337421746438,True
vector_thrust,cruise_161,0.12066104833386841,4.524789312520066,71.18159647970994,275.9029474074652,352.4870894900204,312.5037064723381,19.055184172421743,18.49860513359501,355.90798239854973,25.778517476673557,True
vector_thrust,cruise_161,0.11999398208661284,4.499774328247982,71.21087476668643,275.8017191412615,352.39563051496924,312.6322682724993,19.161964747276443,18.506215328057316,356.0543738334322,25.797326658283207,True
vector_thrust,cruise_161,0.1197558353674577,4.490843826279664,71.22133313124347,275.7655811079388,352.3629820085407,312.6781912520534,19.20037446099157,18.508933731224175,356.1066656562174,25.804039577478125,True
vector_thrust,cruise_162,0.1197558353674577,4.490843826279664,71.22103664814483,275.6776460068333,352.28354226511976,312.67744130857074,19.194205880634115,19.194205880634115,356.10518324072416,25.804039577478125,True
vector_thrust,cruise_162,0.11951765092605883,4.481911909727207,71.23149969988069,275.6415028157573,352.25089259346134,312.72338495088707,19.2327617163586,19.19702620475419,356.15749849940346,25.810752496673043,True
vector_thrust,cruise_162,0.1188500665962434,4.4568774973591285,71.26084198201222,275.54020355065154,352.15939011168285,312.85222798309684,19.341650433698515,19.20493544079044,356.3042099100611,25.829561678282694,True
vector_thrust,cruise_162,0.11788484127615749,4.4206815478559065,71.3033092422074,275.3937481088253,352.0271127029371,313.0387032732138,19.501269400269127,19.216382525348816,356.51654621103705,25.85674173320981,True
vector_thrust,cruise_162,0.11681277597893383,4.38047909921002,71.35053656196135,275.2310925646956,351.8802230780847,313.24608015865687,19.68165100918378,19.22911268783646,356.75268280980674,25.886909318234583,True
vector_thrust,cruise_162,0.11584620499748036,4.344232687405515,71.3931702619632,275.0844526663694,351.74781440149775,313.4332862920424,19.84714682918172,19.24060463638024,356.96585130981606,25.9140893731617,True
vector_thrust,cruise_162,0.11517694265072627,4.319135349402236,71.42272009229679,274.9829233872419,351.6561482310169,313.5630406759852,19.963366418514397,19.248569817203293,357.11360046148394,25.93289855477135,True
vector_thrust,cruise_162,0.1149380114198715,4.310175428245182,71.4332755123246,274.9466778301074,351.6234257108964,313.6093899107355,20.00518571175396,19.251415039264995,357.166377561623,25.939611473966266,True
vector_thrust,cruise_163,0.1149380114198715,4.310175428245182,71.43296720800485,274.85822266643044,351.54357261079525,313.608610064881,19.998699962524938,19.998699962524938,357.1648360400242,25.939611473966266,True
vector_thrust,cruise_163,0.11469904211033419,4.301214079137533,71.44352738711738,274.821971908273,351.5108489178006,313.654980281828,20.040685860766754,20.001656973353587,357.21763693558694,25.946324393161188,True
vector_thrust,cruise_163,0.11402925656931658,4.276097121349372,71.47314221488092,274.72037098415984,351.41913884608925,313.7850203098997,20.15930292097888,20.009949575728207,357.3657110744046,25.96513357477084,True
vector_thrust,cruise_163,0.11306084503168674,4.239781688688254,71.51600436336584,274.5734789468976,351.28656097390643,313.97322991343736,20.33329269370913,20.021951629467853,357.5800218168292,25.992313629697954,True
vector_thrust,cruise_163,0.11198523583540237,4.1994463438275895,71.56367143323385,274.4103378667843,351.13933718336085,314.18253814083073,20.53007215338975,20.035299134303457,357.8183571661692,26.022481214722728,True
vector_thrust,cruise_163,0.11101546516102932,4.163079943538601,71.60670265342844,274.26325965548034,351.00662682242574,314.3714901457774,20.710760014097765,20.047348530694276,358.0335132671422,26.049661269649846,True
vector_thrust,cruise_163,0.1103439847994249,4.137899429978434,71.63652831134297,274.1614265755942,350.91475153955236,314.50245593843533,20.837732632389947,20.05570016871907,358.1826415567149,26.068470451259493,True
vector_thrust,cruise_163,0.11010426122205859,4.128909795827198,71.64718231911891,274.125072498205,350.8819543205343,314.5492381612233,20.883438238913076,20.058683453001102,358.2359115955946,26.07518337045441,True
vector_thrust,cruise_164,0.11010426122205859,4.128909795827198,71.6468612500986,274.0360905634612,350.80168266344896,314.54842602676774,20.876605502106013,20.876605502106013,358.234306250493,26.07518337045441,True
vector_thrust,cruise_164,0.10986449920400364,4.119918720150137,71.65752009006493,273.9997312414803,350.76888426413,314.59522955687464,20.92250216657046,20.879711856337348,358.2876004503247,26.08189628964933,True
vector_thrust,cruise_164,0.10919249044603803,4.094718391726427,71.68741177000621,273.89782586139995,350.6769646802411,314.72648550466056,21.052216996143862,20.888423324636026,358.437058850031,26.10070547125898,True
vector_thrust,cruise_164,0.10822086079366774,4.058282279762541,71.73067505376322,273.7504931761388,350.5440835591926,314.9164568721118,21.24261681054554,20.90103174027832,358.6533752688161,26.1278855261861,True
vector_thrust,cruise_164,0.1071416721588029,4.01781270595511,71.77878884058512,273.58686204697113,350.39652250065194,315.1277270550951,21.458144592258435,20.915053760099603,358.89394420292564,26.15805311121087,True
vector_thrust,cruise_164,0.10616866964799639,3.9813251117998654,71.82222388796745,273.43934144291615,350.2635076505968,315.3184526457107,21.656224401444117,20.92771223359678,359.1111194398373,26.18523316613799,True
vector_thrust,cruise_164,0.1054949489586384,3.9560605859489404,71.85232975486221,273.33720173138005,350.1714213089648,315.45064909973905,21.795520021993674,20.936486123373903,359.261648774311,26.204042347747638,True
vector_thrust,cruise_164,0.10525442505768162,3.947040939663062,71.8630839174243,273.30073812189306,350.1385486953259,315.4978711964061,21.845681965797997,20.939620257903055,359.3154195871215,26.210755266942556,True
vector_thrust,cruise_165,0.10525442505768162,3.947040939663062,71.86274902221336,273.21122253311074,350.057853141777,315.49702408913544,21.838468101703853,21.838468101703853,359.3137451110668,26.210755266942556,True
vector_thrust,cruise_165,0.10501386234852303,3.9380198380696143,71.87350809139706,273.17475363520634,350.02497934067685,315.54426782448223,21.888850531085293,21.84173827773913,359.3675404569853,26.217468186137474,True
vector_thrust,cruise_165,0.10433960796833575,3.912735298812591,71.90368102732901,273.07254095907376,349.9328482929673,315.6767590442838,22.031302434414105,21.850909220906487,359.5184051366451,26.236277367747125,True
vector_thrust,cruise_165,0.10336472772387376,3.8761772896452666,71.94735183533167,272.92476351068666,349.799661094967,315.86852025127246,22.240556803308277,21.864182788269147,359.7367591766584,26.26345742267424,True
vector_thrust,cruise_165,0.10228192346305233,3.835572129864463,71.99591946454079,272.7606377496105,349.65175961853845,316.08178370170265,22.47765547992899,21.878944724845013,359.9795973227039,26.293625007699013,True
vector_thrust,cruise_165,0.10130565638503009,3.7989621144386287,72.03976478993252,272.6126706098474,349.5184374314911,316.2743112252929,22.69577374849864,21.89227133606984,360.1988239496626,26.320805062626132,True
vector_thrust,cruise_165,0.1006296726466184,3.773612724248191,72.07015534722079,272.51022139187256,349.42613805478476,316.4077580336574,22.849283827618088,21.901508424363005,360.35077673610397,26.33961424423578,True
vector_thrust,cruise_165,0.10038834029884022,3.7645627612065096,72.08101126741242,272.47364722274335,349.393189340088,316.4554270476769,22.904589419961404,21.904808037870012,360.40505633706215,26.3463271634307,True
vector_thrust,cruise_166,0.10038834029884022,3.7645627612065096,72.08066134377296,272.3835909153612,349.3120644056273,316.45454192512926,22.896955093774828,22.896955093774828,360.40330671886477,26.3463271634307,True
vector_thrust,cruise_166,0.10014696876996444,3.7555113288736677,72.09152224670063,272.34701141378525,349.2791144966353,316.5022329168942,22.952516899092426,22.900405758411132,360.4576112335032,26.35304008262562,True
vector_thrust,cruise_166,0.09947044595198809,3.7301417231995537,72.12198094431565,272.2444885575713,349.186770003539,316.6359792090962,23.10968499737471,22.91008292350372,360.6099047215783,26.37184926423527,True
vector_thrust,cruise_166,0.09849228204225656,3.693460576584622,72.1660658117146,272.0962621671765,349.0532738570791,316.82955897496385,23.34074967191884,22.924089318163663,360.83032905857306,26.399029319162384,True
vector_thrust,cruise_166,0.09740582530270508,3.6527184488514415,72.21509457206784,271.931637120222,348.9050287644232,317.0448477239136,23.60283873212417,22.93966645852294,361.07547286033923,26.429196904187158,True
vector_thrust,cruise_166,0.0964262603234781,3.61598476213043,72.25935677438385,271.783219237401,348.7713963486342,317.2392061799246,23.844207980870777,22.953729195029442,361.2967838719193,26.456376959114277,True
vector_thrust,cruise_166,0.09574799039521105,3.590549639820415,72.29003660651134,271.68045759345887,348.678881930046,317.3739234892984,24.014232195970028,22.96347661772188,361.45018303255665,26.475186140723924,True
vector_thrust,cruise_166,0.09550584132725028,3.581469049771886,72.30099592404035,271.6437718211398,348.6458563969465,317.4220466264769,24.075517841008246,22.96695855008488,361.50497962020177,26.48189905991884,True
vector_thrust,cruise_167,0.09550584132725028,3.581469049771886,72.30062960591621,271.5531675415851,348.56429644611666,317.4211200331561,24.06741741774687,24.06741741774687,361.50314802958104,26.48189905991884,True
vector_thrust,cruise_167,0.09526365270009726,3.572386976253648,72.31159398394314,271.51647639265076,348.5312697122841,317.46926549476495,24.129003073596824,24.071067889779698,361.5579699197157,26.48861197911376,True
vector_thrust,cruise_167,0.09458483820747307,3.5469314327802413,72.34234305164917,271.4136404275689,348.4387097617975,317.6042871126287,24.30329917967214,24.081305461990418,361.7117152582458,26.507421160723414,True
vector_thrust,cruise_167,0.09360335694747662,3.510125885530374,72.38684866415751,271.2649608513474,348.3049017512007,317.7997148199319,24.55978218746201,24.09612312820673,361.9342433207876,26.53460121565053,True
vector_thrust,cruise_167,0.09251321019312066,3.469245382242025,72.43634601258039,271.09983179210656,348.15630979469427,318.01706163923524,24.85104465620128,24.11260273934302,362.1817300629019,26.5647688006753,True
vector_thrust,cruise_167,0.09153031335922343,3.43238675097088,72.48103184325429,270.9509588932839,348.02236421377523,318.21328069893013,25.11960329457766,24.127480407264116,362.40515921627144,26.59194885560242,True
vector_thrust,cruise_167,0.09084973366946061,3.406865012604774,72.51200564074658,270.8478818582694,347.929632715475,318.3492891232441,25.30896596463396,24.137792800843826,362.5600282037329,26.61075803721207,True
vector_thrust,cruise_167,0.09060675945376415,3.3977534795161564,72.52307003331757,270.81108342291066,347.8965296355303,318.3978737567538,25.377259907595256,24.141476571648504,362.6153501665878,26.617470956406986,True
vector_thrust,cruise_168,0.09060675945376415,3.3977534795161564,72.52268575843242,270.7199237208576,347.8145288755683,318.3969017412758,25.36864003583628,25.36864003583628,362.6134287921621,26.617470956406986,True
vector_thrust,cruise_168,0.09036374529586237,3.38864044859484,72.5337552904457,270.68311986465613,347.7814245889331,318.4455090517435,25.437288259000148,25.372512879308125,362.6687764522285,26.624183875601904,True
vector_thrust,cruise_168,0.08968261545927421,3.3630980797227834,72.56479944347933,270.5799678163635,347.6886471381205,318.5818267192188,25.631681972138626,25.383374146543428,362.8239972173967,26.642993057211555,True
vector_thrust,cruise_168,0.08869778253594499,3.3261668450979376,72.60973264180583,270.43083074439676,347.55452430281895,318.7791324334846,25.918034068260024,25.39909470668346,363.0486632090292,26.670173112138674,True
vector_thrust,cruise_168,0.08760390752920827,3.2851465323453106,72.65970620841762,270.26519287272276,347.4055821847464,318.99857085812323,26.243642233378278,25.416578716026024,363.2985310420881,26.700340697163444,True
vector_thrust,cruise_168,0.08661764425115502,3.248161659418314,72.70482257594799,270.11586061817883,347.27132045693486,319.1966808848339,26.544271869496033,25.43236336068691,363.5241128797399,26.727520752090566,True
vector_thrust,cruise_168,0.08593473078588722,3.2225524044707714,72.73609513862996,270.0124651805873,347.1783698095573,319.3340015196138,26.75648062283494,25.443304540497934,363.6804756931498,26.746329933700213,True
vector_thrust,cruise_168,0.08569092283657874,3.2134096063717035,72.74726632304152,269.9755530057413,347.14518844304285,319.38305519488307,26.833061299104056,25.44721294859969,363.7363316152076,26.75304285289513,True
vector_thrust,cruise_169,0.08569092283657874,3.2134096063717035,72.74686229225738,269.88383022604506,347.06274091732513,319.38203320608875,26.823859073591947,26.823859073591947,363.73431146128684,26.75304285289513,True
vector_thrust,cruise_169,0.08544707455752894,3.2042652959073363,72.75803869710525,269.8469125861698,347.0295583387455,319.43110992019325,26.900862080937486,26.82798086732505,363.79019348552623,26.75975577209005,True
vector_thrust,cruise_169,0.0847636052639113,3.178635197396675,72.78938276016811,269.74344143399287,346.93656131327157,319.56874484395536,27.11905193762084,26.83954037729979,363.94691380084055,26.7785649536997,True
vector_thrust,cruise_169,0.08377538571967481,3.1415769644878058,72.8347505446603,269.59384248913625,346.8021206471263,319.76795933441434,27.440827914247727,26.856271754966365,364.17375272330145,26.805745008626815,True
vector_thrust,cruise_169,0.08267774350307211,3.1004153813652047,72.88520813793353,269.4276909298812,346.65282501891596,319.9895236855554,27.807254152631998,26.874880224801313,364.4260406896676,26.83591259365159,True
vector_thrust,cruise_169,0.08168807853862108,3.063302945198291,72.93076211258796,269.27789491197336,346.51824411638,320.18955575568515,28.146079930435903,26.891680268327544,364.6538105629398,26.863092648578707,True
vector_thrust,cruise_169,0.08100280682980449,3.037605256117669,72.9623383528037,269.1741780131009,346.4250722185391,320.3282101924314,28.38554565287974,26.903325403884715,364.81169176401846,26.881901830188355,True
vector_thrust,cruise_169,0.08075815639850419,3.028430864943908,72.97361808617698,269.13715100543607,346.39181181427483,320.37774063260997,28.47202270903293,26.907485304596303,364.86809043088493,26.888614749383276,True
vector_thrust,cruise_170,0.08075815639850419,3.028430864943908,72.97319221347652,269.04485727973406,346.3089113954975,320.37666339381593,28.462163253029427,28.462163253029427,364.8659610673826,26.888614749383276,True
vector_thrust,cruise_170,0.08051346524596163,3.019254946723562,72.98447724893072,269.0078247630206,346.275649774502,320.4262172386096,28.549149117049883,28.466565601207325,364.9223862446536,26.895327668578194,True
vector_thrust,cruise_170,0.07982763192717589,2.9935361972690964,73.01612616104103,268.9040314392202,346.18243106820637,320.56519112894335,28.795800869986333,28.478911998453263,365.08063080520515,26.914136850187845,True
vector_thrust,cruise_170,0.07883599014345549,2.9563496303795813,73.06193569639609,268.75396617603127,346.04766951888485,320.76634588963134,29.160024507169855,28.496782524905395,365.3096784819804,26.94131690511496,True
vector_thrust,cruise_170,0.07773454102111209,2.915045288291704,73.11288530845579,268.58729597784605,345.8980169804109,320.9900712983609,29.57547713994057,28.51665822071812,365.56442654227897,26.971484490139733,True
vector_thrust,cruise_170,0.07674143845845828,2.8778039421921857,73.15888412706613,268.43703171991706,345.7631138286124,321.1920572228584,29.96029061911679,28.5346025875049,365.79442063533065,26.998664545066852,True
vector_thrust,cruise_170,0.07605378357229547,2.8520168839610807,73.19076907305795,268.3329902530992,345.6697185464568,321.3320675641733,30.232638186191807,28.547041062734035,365.95384536528974,27.0174737266765,True
vector_thrust,cruise_170,0.0758082817439202,2.842810565397008,73.20215915391782,268.29584730212696,345.63637834164695,321.38208267504103,30.33106715887721,28.55148438964666,366.0107957695891,27.024186645871417,True
vector_thrust,cruise_171,0.0758082817439202,2.842810565397008,73.201709001467,268.202974540107,345.5530187247438,321.380944019731,30.320460390775985,30.320460390775985,366.008545007335,27.024186645871417,True
vector_thrust,cruise_171,0.07556274928083379,2.8336030980312676,73.21310398124048,268.16582746575114,345.5196785822545,321.4309807727942,30.419505467068472,30.325181073248196,366.0655199062024,27.030899565066335,True
vector_thrust,cruise_171,0.07487451598600375,2.807794349475141,73.24506330358929,268.06170736616,345.42623472068897,321.57131807497916,30.700594785112703,30.33842109787139,366.2253165179465,27.04970874667599,True
vector_thrust,cruise_171,0.07387942770422917,2.7704785389085944,73.29132136393861,267.9111729114161,345.2911506620639,321.77444288848505,31.11627366770073,30.357584766336785,366.45660681969304,27.076888801603104,True
vector_thrust,cruise_171,0.072774116572832,2.729029371481201,73.34277185753092,267.74397704787714,345.1411359684908,322.000368312994,31.591326983853293,30.378899542500587,366.71385928765466,27.107056386627875,True
vector_thrust,cruise_171,0.07177756218730186,2.6916585820238206,73.3892218851226,267.59324305382404,345.00591018222167,322.204336078251,32.03218409385191,30.39814273865938,366.946109425613,27.134236441554997,True
vector_thrust,cruise_171,0.0710873994880147,2.665777480800552,73.44598405061505,267.4888603362934,344.91227721505436,322.45358571668413,32.35556710037359,30.421658021472986,367.22992025307525,27.153045623164644,True
vector_thrust,cruise_171,0.07084091429017718,2.656534285881645,73.475258440752,267.4415903823965,344.868848230122,322.5821331511624,32.47534924634376,30.43378573927319,367.37629220376004,27.15975854235956,True
vector_thrust,cruise_172,0.07084091429017718,2.656534285881645,73.4747808821072,267.2040430763165,344.6409364464756,322.58092520361,32.44638245092223,32.44638245092223,367.373904410536,27.15975854235956,True
vector_thrust,cruise_172,0.07059431974688242,2.6472869905080914,73.50409143653653,267.10926602979197,344.55000569768185,322.70963179597663,32.56115910320085,32.45932823597523,367.52045718268266,27.16647146155448,True
vector_thrust,cruise_172,0.06990279465096905,2.6213547994113395,73.58641195819784,266.84350502853914,344.29503574497596,323.07111229442415,32.88735580451467,32.49568728136446,367.93205979098923,27.18528064316413,True
vector_thrust,cruise_172,0.06890198979209478,2.583824617203555,73.70587695147411,266.45894255439873,343.92610325935044,323.5956991707586,33.371060575122165,32.54845216945429,368.52938475737056,27.21246069809125,True
vector_thrust,cruise_172,0.0677890628547768,2.5420898570541306,73.83918235992984,266.0313779873036,343.51593738403716,324.1810611743252,33.92576158638741,32.607330044604446,369.1959117996492,27.24262828311602,True
vector_thrust,cruise_172,0.06678443194013534,2.5044161977550754,73.95993110944175,265.64549225899555,343.14577326349877,324.7112851971634,34.44239391023431,32.66066193773736,369.7996555472088,27.269808338043138,True
vector_thrust,cruise_172,0.06608813573874074,2.478305090202778,74.04385251419039,265.3780811585102,342.88926746081484,325.07979538890896,34.80969823479285,32.697728055676265,370.21926257095197,27.28861751965279,True
vector_thrust,cruise_172,0.06583941782092381,2.468978168284644,74.07387555201421,265.2825697386495,342.7976531850691,325.21163059182624,34.94278652623137,32.71098852794892,370.3693777600711,27.295330438847706,True
vector_thrust,cruise_173,0.06583941782092381,2.468978168284644,74.07336487270221,265.0420746921439,342.5669759111941,325.2103388570519,34.91097006414315,34.91097006414315,370.36682436351106,27.295330438847706,True
vector_thrust,cruise_173,0.06559058925877578,2.459647097204092,74.10342553013611,264.94652518679067,342.47532897730434,325.34233959653835,35.04499587368702,34.925140197481625,370.51712765068055,27.302043358042624,True
vector_thrust,cruise_173,0.06489278862397156,2.433479573398934,74.18785601292981,264.6785946399646,342.21834751276094,325.71308631074805,35.42634295473559,34.96493944705851,370.93928006464904,27.320852539652275,True
vector_thrust,cruise_173,0.06388287355393081,2.3956077582724062,74.31039224972093,264.2908835601596,341.84649572476894,326.25116101399067,35.99304072595626,35.02270117112668,371.55196124860464,27.34803259457939,True
vector_thrust,cruise_173,0.06275977670673932,2.353491626502725,74.44713764132737,263.8598054389784,341.4330721112961,326.85163021165624,36.64470550218917,35.08716087513798,372.23568820663684,27.378200179604164,True
vector_thrust,cruise_173,0.06174592996024277,2.3154723735091043,74.5710141209165,263.4707369577274,341.0599569093337,327.39559012500723,37.25337360696718,35.1455543699999,372.8550706045825,27.405380234531282,True
vector_thrust,cruise_173,0.061043226507294414,2.289120994023541,74.65711592754961,263.2011137290104,340.80139996539367,327.77367586643794,37.68712827514741,35.18614145602907,373.28557963774807,27.42418941614093,True
vector_thrust,cruise_173,0.060792215950866,2.2797080981574753,74.68792034220569,263.104810898637,340.7090518672257,327.90894259577857,37.84450316396374,35.200662189764905,373.43960171102844,27.430902335335848,True
vector_thrust,cruise_174,0.060792215950866,2.2797080981574753,74.68737200212749,262.860349494759,340.47463443907816,327.9075555867938,37.80918036532005,37.80918036532005,373.4368600106375,27.430902335335848,True
vector_thrust,cruise_174,0.06054109169962143,2.270290938735804,74.71821799576225,262.7640076146121,340.3822528555119,328.0430042939974,37.96777452947369,37.824798195753225,373.5910899788112,27.43761525453077,True
vector_thrust,cruise_174,0.0598368420096002,2.243881575360008,74.80484918106816,262.4938514995488,340.1232079386185,328.4234167896355,38.41964234762328,37.86866142615383,374.0242459053408,27.45642443614042,True
vector_thrust,cruise_174,0.05881756405332227,2.205658651999586,74.93059249689908,262.10291026702447,339.74836124132986,328.9755759737018,39.09283777492423,37.93232780353684,374.65296248449545,27.483604491067535,True
vector_thrust,cruise_174,0.057684014111336626,2.163150529175124,75.0709306170353,261.6682272441684,339.3315951932285,329.5918232926073,39.86948987227307,38.00338382415353,375.35465308517655,27.51377207609231,True
vector_thrust,cruise_174,0.05666069389693132,2.124776021134925,75.19807452399387,261.2758929459095,338.9554518911675,330.15013258629733,40.59734759789895,38.06775933616937,375.9903726199693,27.540952131019427,True
vector_thrust,cruise_174,0.055951403493211746,2.0981776309954405,75.28645524404229,261.00399967583576,338.69479010621694,330.5382261721887,41.117490627219794,38.11250822998894,376.4322762202114,27.559761312629075,True
vector_thrust,cruise_174,0.055698035881837374,2.088676345568902,75.31807626491738,260.90688467962303,338.60168894000276,330.67707907199275,41.30650817139007,38.128518578770155,376.59038132458693,27.566474231823992,True
vector_thrust,cruise_175,0.055698035881837374,2.088676345568902,75.31748326469926,260.6583172989497,338.3634002041395,330.67557702096343,41.26696779086983,41.26696779086983,376.5874163234963,27.566474231823992,True
vector_thrust,cruise_175,0.05544455141899547,2.0791706782123307,75.34914498521067,260.561162260648,338.2702647026569,330.814609202895,41.45760613593343,41.28431844199851,376.74572492605336,27.57318715101891,True
vector_thrust,cruise_175,0.05473367104635824,2.052512664238434,75.43808041291427,260.288722085248,338.00910210406556,331.20514030348477,42.001671521791245,41.33305513581351,377.1904020645714,27.591996332628565,True
vector_thrust,cruise_175,0.05370476563348797,2.0139287112557995,75.56717531204093,259.8944655308719,337.63118153272455,331.77201870475074,42.814679088418664,41.40379925588773,377.8358765602046,27.61917638755568,True
vector_thrust,cruise_175,0.052560466035916555,1.9710174763468713,75.71126864719194,259.45608218855676,337.21098458019077,332.4047578758581,43.75630212023962,41.48276253230912,378.55634323595973,27.64934397258045,True
vector_thrust,cruise_175,0.051527402497007276,1.9322775936377732,75.8418278261043,259.06039529257464,336.83173271358453,332.9780661870423,44.64235870363403,41.55430907900306,379.2091391305215,27.676524027507572,True
vector_thrust,cruise_175,0.050811336914336654,1.905425134287625,75.93258926326638,258.7861714763173,336.5689099852058,333.37661561645467,45.2776949682512,41.604046427660016,379.6629463163319,27.69533320911722,True
vector_thrust,cruise_175,0.050555544776078286,1.8958329291029363,75.96506366434528,258.68822263100446,336.4750356451315,333.51921642165547,45.50901716335724,41.62184242846597,379.8253183217264,27.702046128312137,True
vector_thrust,cruise_176,0.050555544776078286,1.8958329291029363,75.96442203393886,258.43540196653123,336.2327372391736,333.51759341351965,45.46431913571491,45.46431913571491,379.82211016969427,27.702046128312137,True
vector_thrust,cruise_176,0.05029963246727931,1.8862362175229745,75.99693923125207,258.3374120398984,336.13882767350765,333.66038265814876,45.697860615434,45.483783823381074,379.9846961562603,27.708759047507055,True
vector_thrust,cruise_176,0.04958193108220146,1.8593224155825552,76.08828188297267,258.06262666833123,335.87549071294336,334.06148573822617,46.36569954507935,45.5384612341057,380.4414094148633,27.727568229116706,True
vector_thrust,cruise_176,0.04854312097134137,1.820367036425302,76.22088213773493,257.6649657775573,335.4944137381863,334.6437588578493,47.36735556533966,45.61783531048874,381.1044106886747,27.754748284043824,True
vector_thrust,cruise_176,0.0473877608870495,1.7770410332643567,76.3689036905708,257.22278236927855,335.0706933984919,335.2937498517063,48.53303307772001,45.706440525217,381.844518452854,27.784915869068595,True
vector_thrust,cruise_176,0.04634467113117507,1.7379251674190654,76.50303637245989,256.82365214299574,334.6882488391798,335.8827521528055,49.63541395043489,45.786731907493916,382.5151818622994,27.812095923995713,True
vector_thrust,cruise_176,0.04562163299662205,1.7108112373733273,76.59629001760966,256.5470345037082,334.42320649471554,336.29224677265137,50.42916293241904,45.842553232811376,382.9814500880483,27.830905105605364,True
vector_thrust,cruise_176,0.045363345568235805,1.701125458808843,76.62965772560975,256.44822912826515,334.3285379497287,336.4387707705141,50.71884999863725,45.86252703308887,383.14828862804876,27.837618024800282,True
vector_thrust,cruise_177,0.045363345568235805,1.701125458808843,76.62895721870368,256.1909995960229,334.08208375009445,336.43699858218696,50.667709733889595,50.667709733889595,383.14478609351835,27.837618024800282,True
vector_thrust,cruise_177,0.04510493451096334,1.6914350441611254,76.66236937096502,256.09215206230465,333.9873790578386,336.58371846214453,50.96054330176951,50.68980587765859,383.31184685482515,27.8443309439952,True
vector_thrust,cruise_177,0.044380212544780376,1.6642579704292644,76.75623139275392,255.81495756363617,333.7218084644052,336.9958862060303,51.80001529851752,50.75187870465707,383.7811569637696,27.86314012560485,True
vector_thrust,cruise_177,0.04333120697655786,1.62492026162092,76.89250095136347,255.41379923337982,333.3374887671108,337.5942742581254,53.064903075114245,50.8419964748772,384.46250475681734,27.890320180531965,True
vector_thrust,cruise_177,0.042164460356456865,1.5811672633671328,77.04463530245897,254.96771141265236,332.91014829349143,338.2623278786743,54.54576096691946,50.94260594136064,385.2231765122949,27.92048776555674,True
vector_thrust,cruise_177,0.041111047579672745,1.5416642842377282,77.18251017670795,254.56504292071062,332.5244230172296,338.86776512923484,55.95504031360621,51.033785327108234,385.9125508835397,27.947667820483858,True
vector_thrust,cruise_177,0.040380829786184215,1.5142811169819084,77.2783742028334,254.28596524237426,332.2570996592709,339.2887239465016,56.97512812980576,51.097182097537996,386.39187101416707,27.966477002093505,True
vector_thrust,cruise_177,0.040119972809753844,1.5044989803657693,77.31267761092738,254.18627960093065,332.1616149004284,339.43935734349355,57.34854494371085,51.11986762043584,386.5633880546369,27.973189921288423,True
vector_thrust,cruise_178,0.040119972809753844,1.5044989803657693,77.31190593082732,253.92447672632622,331.91085044805004,339.4374031379565,57.28914814697583,57.28914814697583,386.55952965413667,27.973189921288423,True
vector_thrust,cruise_178,0.0398589885939234,1.4947120722721279,77.34625691965398,253.82474780858576,331.8153285860126,339.5882458036962,57.667227320145955,57.31460688471234,386.7312845982699,27.979902840483344,True
vector_thrust,cruise_178,0.039127036588799916,1.4672638720799973,77.442758494802,253.54507726934224,331.54746232437896,340.01200599601316,58.75451033259204,57.38612776076196,387.21379247401006,27.998712022092995,True
vector_thrust,cruise_178,0.03806753033418797,1.4275323875320494,77.58287278623223,253.14032403396197,331.159809541579,340.6272794600181,60.40248238877875,57.48997162800942,387.9143639311611,28.02589207702011,True
vector_thrust,cruise_178,0.036889054839349615,1.3833395564756108,77.7393162657368,252.69022254610383,330.72874763745784,341.31425847898265,62.34678646286011,57.60591772713548,388.69658132868403,28.056059662044884,True
vector_thrust,cruise_178,0.035825007352407776,1.3434377757152918,77.88111311666235,252.28391637112225,330.33964946509724,341.93692055939215,64.21226723706965,57.71100862118638,389.4055655833118,28.083239716972002,True
vector_thrust,cruise_178,0.0350873923752746,1.3157772140727975,77.97971307685805,252.00230930265025,330.0699807899058,342.3698953105923,65.57189418633784,57.7840847007112,389.8985653842903,28.10204889858165,True
vector_thrust,cruise_178,0.034823887852062356,1.3058957944523386,78.01499732479607,251.90171853395353,329.97365676498373,342.5248364491456,66.07157731010689,57.81023516544661,390.07498662398035,28.108761817776568,True
vector_thrust,cruise_179,0.034823887852062356,1.3058957944523386,78.01414285807707,251.6351682545899,329.7184186123761,342.5226750023546,66.0012470530821,66.0012470530821,390.0707142903853,28.108761817776568,True
vector_thrust,cruise_179,0.03456025232485065,1.2960094621818996,78.04947622311141,251.53453305120914,329.62205649508843,342.67783255441043,66.50824018943486,66.03114461220083,390.24738111555706,28.115474736971485,True
vector_thrust,cruise_179,0.03382085026008018,1.2682818847530068,78.14874454399293,251.25231638430276,329.35182958868774,343.11374432368035,67.97236803662524,66.11514115455158,390.74372271996464,28.134283918581136,True
vector_thrust,cruise_179,0.03275052267569811,1.2281446003386796,78.29288954423556,250.84386615067544,328.96074906891204,343.7467207005079,70.20896104038033,66.23711039418069,391.4644477211778,28.161463973508255,True
vector_thrust,cruise_179,0.03155995859415569,1.1834984472808388,78.45385347333215,250.38963652817634,328.5258596063726,344.4535531571368,72.87512727542108,66.37331108102508,392.2692673666607,28.191631558533025,True
vector_thrust,cruise_179,0.030484948809795936,1.1431855803673479,78.59976438758665,249.97958848484015,328.1332919393962,345.0942840993474,75.46152489073974,66.49677456037314,392.99882193793326,28.218811613460147,True
vector_thrust,cruise_179,0.029739707989939745,1.1152390496227407,78.70123488354672,249.69537933746216,327.86121054941583,345.53986616463516,77.3643175311884,66.58263448767073,393.5061744177336,28.237620795069795,True
vector_thrust,cruise_179,0.029473473919717975,1.1052552719894242,78.73754835066195,249.5938573810207,327.7640230945331,345.6993275875183,78.06742103232368,66.61336136660532,393.68774175330975,28.244333714264712,True
vector_thrust,cruise_180,0.029473473919717975,1.1052552719894242,78.73658997130826,249.32237530650409,327.50413811318913,345.6969033412145,77.98196060354034,77.98196060354034,393.6829498565413,28.244333714264712,True
vector_thrust,cruise_180,0.029207104933240993,1.0952664349965375,78.77295496216477,249.22080772048986,327.4069115475822,345.8565918420168,78.6974350899338,78.01798297532918,393.86477481082386,28.25104663345963,True
vector_thrust,cruise_180,0.028460021525355404,1.067250807200828,78.87512714626988,248.93597147008475,327.13425589844957,346.30525750966837,80.77561068280846,78.11919252647297,394.3756357313494,28.26985581506928,True
vector_thrust,cruise_180,0.027378535463649028,1.0266950798868388,79.02350332400927,248.5237172094057,326.7396484163941,346.9568173978485,83.98501138270007,78.26617075231134,395.1175166200464,28.297035869996396,True
vector_thrust,cruise_180,0.026175504490174903,0.9815814183815591,79.1892125424259,248.06523942788863,326.30082011778813,347.6844913510865,87.86681876535336,78.43031871257703,395.9460627121295,28.32720345502117,True
vector_thrust,cruise_180,0.02508918781824281,0.9408445431841056,79.33944363755766,247.65134025267773,325.904681651324,348.34419668274177,91.69198865283992,78.57913437938186,396.69721818778834,28.35438350994829,True
vector_thrust,cruise_180,0.024336080579634607,0.9126030217362979,79.44392899388153,247.36445277985723,325.63011685153333,348.80302011464363,94.54435953374687,78.68263530879354,397.2196449694077,28.373192691557936,True
vector_thrust,cruise_180,0.024067030679782053,0.9025136504918272,79.48132348897029,247.2619722970187,325.5320406181307,348.96722944669426,95.60667073898985,78.71967748515942,397.40661744485146,28.379905610752857,True
vector_thrust,cruise_181,0.024067030679782053,0.9025136504918272,79.48023372187338,246.9853628888366,325.26732523105517,348.96447284220943,95.49896216337079,95.49896216337079,397.4011686093669,28.379905610752857,True
vector_thrust,cruise_181,0.023797841812837492,0.8924190679814061,79.51768222972345,246.88283555016102,325.16920884467044,349.1289203368297,96.58459900491356,95.5439654983484,397.58841114861724,28.386618529947775,True
vector_thrust,cruise_181,0.023042833719329227,0.8641062644748462,79.62290481839749,246.59530266879247,324.8940530272868,349.590983819683,99.76492245162416,95.67041557135063,398.1145240919874,28.405427711557426,True
vector_thrust,cruise_181,0.021949834398463774,0.8231187899423917,79.77572638308399,246.17913210309376,324.49581449427876,350.2620685055875,104.75670472712055,95.85406719211772,398.87863191542,28.43260776648454,True
vector_thrust,cruise_181,0.020733938347160034,0.7775226880185014,79.94642219888257,245.7162802237747,324.05293060186864,351.0116443142461,110.9283071545237,96.05919899595621,399.7321109944129,28.462775351509315,True
vector_thrust,cruise_181,0.01963595200223252,0.7363482000837197,80.10119414864472,245.29841524329748,323.6531150181006,351.6912937178232,117.1583185699899,96.24519447036062,400.5059707432236,28.489955406436433,True
vector_thrust,cruise_181,0.01887472502075557,0.707802188278334,80.20884891728981,245.00876941015122,323.37599260293376,352.164037644755,121.90309513414759,96.37456739484006,401.04424458644905,28.50876458804608,True
vector_thrust,cruise_181,0.018602768427255955,0.6976038160220985,80.24737996871336,244.90530170118694,323.27700098115116,352.3332388866803,123.69238267779974,96.42087165862087,401.2368998435668,28.515477507241,True
vector_thrust,cruise_182,0.018602768427255955,0.6976038160220985,80.24611877632269,244.62335737600398,323.00726032394857,352.330048649709,123.54886459281121,123.54886459281121,401.23059388161346,28.515477507241,True
vector_thrust,cruise_182,0.018330668701984628,0.6874000763244237,80.28470657810841,244.5198415646798,322.9082274940721,352.4995002297971,125.39003837284898,123.60828487332256,401.42353289054205,28.522190426435916,True
vector_thrust,cruise_182,0.017567479724111792,0.6587804896541922,80.39313653663751,244.229531197153,322.6304965563214,352.9756514177861,130.85857766526675,123.77525314320476,401.96568268318754,28.54099960804557,True
vector_thrust,cruise_182,0.016462593546766217,0.6173472580037331,80.55063321775644,243.80932647837233,322.22851772455806,353.66727053251884,139.67402933772533,124.01777789147246,402.7531660887822,28.568179662972685,True
vector_thrust,cruise_182,0.015233413011930545,0.5712529879473955,80.7265745030089,243.34196828425382,321.78145566518543,354.4398858988757,150.98406711707418,124.28870497148218,403.6328725150445,28.598347247997456,True
vector_thrust,cruise_182,0.014123374781390573,0.5296265543021466,80.88612411789367,242.9200170806416,321.37785132489273,355.1405201131786,162.88975790799324,124.53439097528387,404.4306205894684,28.625527302924578,True
vector_thrust,cruise_182,0.013353761114383677,0.500766041789388,80.9971141957595,242.627528827281,321.0980933600034,355.6279136180586,172.306256140749,124.70530150184445,404.98557097879745,28.644336484534225,True
vector_thrust,cruise_182,0.013078802067826002,0.4904550775434752,81.03684141591378,242.52304374599234,320.99815839992357,355.8023687535309,175.93919890551297,124.76647634058611,405.184207079569,28.651049403729143,True
vector_thrust,cruise_183,0.013078802067826002,0.4904550775434752,81.0353469424461,242.23554390902703,320.7231854170255,355.7985884098315,175.7287640230001,175.7287640230001,405.1767347122305,28.651049403729143,True
vector_thrust,cruise_183,0.012803695667962535,0.4801385875485951,81.0751336973956,242.13100948183956,320.6232082035496,355.9733063737694,179.51520301863962,175.81505714741255,405.37566848697804,28.65776232292406,True
vector_thrust,cruise_183,0.012032055948733777,0.4512020980775167,81.18693971966434,241.8378367562162,320.34282347510225,356.46428677321364,191.05973212755575,176.05755214757392,405.9346985983217,28.67657150453371,True
vector_thrust,cruise_183,0.010914889318405882,0.4093083494402207,81.34935818064328,241.41347415728632,319.9369896543382,357.17752459946206,210.6662794012933,176.40981999164055,406.7467909032164,28.70375155946083,True
vector_thrust,cruise_183,0.00967198232879235,0.3626993373297132,81.53082297619599,240.94147080163773,319.48562071692027,357.9744017277081,237.80269215988014,176.80339724963568,407.65411488098,28.7339191444856,True
vector_thrust,cruise_183,0.00854948933056769,0.3206058498962885,81.69540468620217,240.5153068877451,319.07811036138065,358.6971391602335,269.09101169797,177.16035694500286,408.4770234310108,28.761099199412723,True
vector_thrust,cruise_183,0.0077712075403164466,0.2914202827618668,81.80990836085823,240.2198878999425,318.7956349731049,359.1999659435533,296.0911805275156,177.40870286887332,409.04954180429115,28.77990838102237,True
vector_thrust,cruise_183,0.007493145069677382,0.2809929401129019,81.85089582444753,240.11435377089148,318.6947273087562,359.37995662538026,307.09770148902066,177.49760018629797,409.2544791222377,28.786621300217288,True
vector_thrust,cruise_184,0.007493145069677382,0.2809929401129019,87.67054299392643,239.82106378111592,318.4143017866679,374.2138246029442,319.3829619413893,319.3829619413893,438.35271496963213,28.786621300217288,True
vector_thrust,cruise_184,0.007194710105588952,0.26980162895958576,87.71771132226768,239.70796738902985,318.30616887109653,374.41518692135594,332.65293379657777,319.55482008625063,438.58855661133833,28.793334219412205,True
vector_thrust,cruise_184,0.006357550273383708,0.23840813525188911,87.85029773175032,239.3907537264918,318.00288504066634,374.98120034057496,376.526715784895,320.0378996264588,439.25148865875155,28.812143401021856,True
vector_thrust,cruise_184,0.0051452980998601,0.19294867874475377,88.04300216205296,238.93151770913698,317.5638370041254,375.8038585143619,465.36408987059554,320.74001960956775,440.2150108102648,28.83932345594897,True
vector_thrust,cruise_184,0.003796286159381348,0.14236073097680058,88.2584431004357,238.42062159376366,317.07542974003377,376.72357919048113,630.9230734018852,321.52498022402233,441.2922155021785,28.869491040973745,True
vector_thrust,cruise_184,0.002577678392363998,0.09666293971364995,88.45396685991811,237.95924699125464,316.63439118701416,377.5582731238572,929.451169538397,322.2373724533554,442.26983429959057,28.896671095900864,True
vector_thrust,cruise_184,0.0017325929785419346,0.06497223669532257,88.59006918192898,237.63936647210625,316.3286251443109,378.1392960276796,1383.064325884524,322.7332622462445,442.9503459096449,28.91548027751051,True
vector_thrust,cruise_184,0.0014306306966692904,0.0536486511250984,88.63880233330363,237.5250831869979,316.21938751221916,378.3473385998191,1675.1023779693671,322.9108218352584,443.1940116665181,28.922193196705432,True
vector_thrust,cruise_185,0.0014306306966692904,0.0536486511250984,88.53557535942427,237.20045523253245,315.90910060701003,378.0808935711183,1671.6349468073863,1671.6349468073863,442.67787679712137,28.922193196705432,True
vector_thrust,cruise_185,0.0007566250468476598,0.02837343925678725,88.64441972189096,236.94538689679894,315.6653093127395,378.54576566632966,3161.219621357586,1673.6903176377157,443.22209860945475,28.93718014658894,True
vector_thrust,cruise_185,0.0,-0.04256884860865124,88.76692438716765,236.58204465189127,315.3180446518913,379.068981136052,-2106.7263398580762,1676.0036460252916,443.83462193583824,28.97917264701215,True
vector_thrust,cruise_185,0.0,-0.14514390209821743,88.76692438949163,236.58204465189127,315.3180446518913,379.0689811450207,-617.8758688925976,1676.0036460649455,443.8346219474581,29.03985356826203,True
vector_thrust,cruise_185,0.0,-0.25898607748923,88.76692439196931,236.58204465189127,315.3180446518913,379.0689811545783,-346.27697170087754,1676.0036461072032,443.8346219598466,29.107204309682377,True
vector_thrust,cruise_185,0.0,-0.36155667451501033,88.76692439414951,236.58204465189127,315.3180446518913,379.06898116299294,-248.04109825367624,1676.0036461444074,443.83462197074755,29.16788523093226,True
vector_thrust,cruise_185,0.0,-0.43253703345918565,88.76692439560351,236.58204465189127,315.3180446518913,379.0689811686008,-207.33696236773025,1676.0036461692018,443.83462197801754,29.209877731355473,True
vector_thrust,cruise_185,0.0,-0.45786973277686394,88.76692439611838,236.58204465189127,315.3180446518913,379.06898117058756,-195.8655665784127,1676.003646177986,443.8346219805919,29.22486468123898,True
vector_thrust,decel_descend,0.0,-0.45786973277686394,0.03,237.38192115569527,237.40652615569525,0.075,-0.03888364487144095,-0.03888364487144095,0.15,29.22486468123898,False
vector_thrust,decel_descend,0.0,-0.4579292182174767,0.03,237.38789776973806,237.41250276973804,0.075,-0.038879572703471726,-0.03888364487144095,0.15,29.343702039756078,False
vector_thrust,decel_descend,0.0,-0.45809589270407725,0.03,237.38926128149023,237.41386628149021,0.075,-0.03886564992105921,-0.03888364487144095,0.15,29.676676919008504,False
vector_thrust,decel_descend,0.0,-0.45833674429496,0.03,237.39240765639792,237.4170126563979,0.075,-0.038845741249957266,-0.03888364487144095,0.15,30.1578395604914,False
vector_thrust,decel_descend,0.0,-0.45860406935143877,0.03,237.39441407869774,237.41901907869772,0.075,-0.03882342579533081,-0.03888364487144095,0.15,30.69188980198656,False
vector_thrust,decel_descend,0.0,-0.45884492090767426,0.03,237.39297445358415,237.41757945358412,0.075,-0.038802811740399124,-0.03888364487144095,0.15,31.17305244346946,False
vector_thrust,decel_descend,0.0,-0.4590115953594141,0.03,237.39376738448027,237.41837238448025,0.075,-0.03878885137944012,-0.03888364487144095,0.15,31.50602732272188,False
vector_thrust,decel_descend,0.0,-0.4590710807804948,0.03,237.39405479187238,237.41865979187236,0.075,-0.03878387216010169,-0.03888364487144095,0.15,31.62486468123898,False
vector_thrust,arrival_terminal_procedure,0.0,-0.4590710807804948,346.40237010671734,236.5891420507691,315.32514205076916,1464.0997946475502,-754.5457093560591,-757.0582461656063,1732.0118505335868,31.62486468123898,False
vector_thrust,arrival_terminal_procedure,0.0,-0.45908977590526406,0.03,237.3866193069628,237.4112243069628,0.075,-0.03878107808633964,-0.03878107808633964,0.15,31.66221296638353,False
vector_thrust,arrival_terminal_procedure,0.0,-0.4591421584802676,0.03,237.38684385398267,237.41144885398265,0.075,-0.03877669031303701,-0.03878107808633964,0.15,31.766860535897653,False
vector_thrust,arrival_terminal_procedure,0.0,-0.4592178534934924,0.03,237.38714600176658,237.41175100176656,0.075,-0.038770347918071074,-0.03878107808633964,0.15,31.91808065522085,False
vector_thrust,arrival_terminal_procedure,0.0,-0.4593018686182813,0.03,237.3875599537982,237.41216495379817,0.075,-0.038763323672283044,-0.03878107808633964,0.15,32.085922325128124,False
vector_thrust,arrival_terminal_procedure,0.0,-0.45937756362887233,0.03,237.38788411806337,237.41248911806335,0.075,-0.03875698927960387,-0.03878107808633964,0.15,32.23714244445133,False
vector_thrust,arrival_terminal_procedure,0.0,-0.4594299462007514,0.03,237.3881589016986,237.41276390169858,0.075,-0.038752615202509576,-0.03878107808633964,0.15,32.34179001396544,False
vector_thrust,arrival_terminal_procedure,0.0,-0.4594486413240465,0.03,237.38823543339217,237.41284043339215,0.075,-0.03875105083823128,-0.03878107808633964,0.15,32.379138299110004,False
vector_thrust,second_descent,0.0,-0.4594486413240465,631.4511505844469,236.5913420115789,315.32734201157893,2668.9011084107838,-1374.3405424280002,-1374.3405424280002,3157.255752922234,32.379138299110004,False
vector_thrust,second_descent,0.0,-0.5009485746383855,89.62110716335197,236.5829151599112,315.3189151599112,348.98577353313925,-164.8154637657295,-179.70890558128852,448.1055358167598,32.403896082134395,False
vector_thrust,second_descent,0.0,-0.6172135954610731,90.1305762736482,236.58204465189127,315.3180446518913,350.96097442529197,-134.52565778388197,-180.72602781821615,450.65288136824097,32.47326584864532,False
vector_thrust,second_descent,0.0,-0.7864946817399655,90.3988354857036,236.58204465189127,315.3180446518913,352.0379136369435,-105.89499374485325,-181.28059359648302,451.994177428518,32.57350806562092,False
vector_thrust,second_descent,0.0,-0.9737688191523252,89.94459236395046,236.58204465189127,315.3180446518913,350.1914946302496,-85.08078939254504,-180.32978710492287,449.7229618197523,32.68476853259908,False
vector_thrust,second_descent,0.0,-1.1420216810120105,89.80577778563668,236.58204465189127,315.3180446518913,349.6261532817095,-72.42880899937352,-180.03866671340253,449.0288889281834,32.78501074957469,False
vector_thrust,second_descent,0.0,-1.2578691231402872,89.08333789617512,236.58204465189127,315.3180446518913,346.6898179225085,-65.20597769292044,-178.52661191392076,445.4166894808757,32.854380516085605,False
vector_thrust,second_descent,0.0,-1.298910410087657,88.74411242270854,236.58204465189127,315.3180446518913,345.3124784431911,-62.894816732117114,-177.81735615275852,443.7205621135427,32.879138299110004,False
vector_thrust,hover_descent,0.0,-1.298910410087657,0.03,237.38192115569527,237.40652615569525,0.075,-0.01370659896818878,-0.01370659896818878,0.15,32.879138299110004,False
vector_thrust,hover_descent,0.0,-1.2989161193230185,0.03,237.3819472060458,237.40655220604577,0.075,-0.013706540226579455,-0.01370659896818878,0.15,32.890543952017126,False
vector_thrust,hover_descent,0.0,-1.2989321162449836,0.03,237.38202018644802,237.406625186448,0.075,-0.013706375638359965,-0.01370659896818878,0.15,32.922501881299084,False
vector_thrust,hover_descent,0.0,-1.2989552324668838,0.03,237.3821256173747,237.40673061737468,0.075,-0.013706137806990969,-0.01370659896818878,0.15,32.968682427123305,False
vector_thrust,hover_descent,0.0,-1.2989808895374024,0.03,237.3822425969679,237.40684759696788,0.075,-0.013705873841695158,-0.01370659896818878,0.15,33.019938966022075,False
vector_thrust,hover_descent,0.0,-1.2990040057590606,0.03,237.3823479559521,237.40695295595208,0.075,-0.013705636024034427,-0.01370659896818878,0.15,33.06611951184629,False
vector_thrust,hover_descent,0.0,-1.299020002680724,0.03,237.38242084664353,237.4070258466435,0.075,-0.013705471452908869,-0.01370659896818878,0.15,33.09807744112825,False
vector_thrust,hover_descent,0.0,-1.2990257119159514,0.03,237.3824468570689,237.4070518570689,0.075,-0.01370541271890705,-0.01370659896818878,0.15,33.10948309403537,False
