eVTOL_type,mission_segment,SOC,battery_energy_kw_h,battery_power_kw,voltage_v,voltage_oc_v,current_a,C_Rating_instant,C_Rating_nominal,specific_power,time_min,fesibility
vector_thrust,hover_climb,1.0,28.169014084507044,166.08618733168097,395.26564706724974,400.0,537.9946514488902,7.549103542840109,7.549103542840109,830.4309366584048,0.0,True
vector_thrust,hover_climb,0.9994848237386936,28.1545020771463,166.09551909215816,395.26829421819525,400.0,538.0072011251671,7.553221438018942,7.549279639025058,830.4775954607908,0.005163373437170461,True
vector_thrust,hover_climb,0.9980411718377946,28.11383582641675,166.12166738979124,395.2757178665728,400.0,538.0423591838173,7.564783442648221,7.549772974459531,830.6083369489563,0.019630824314830705,True
vector_thrust,hover_climb,0.9959545343845896,28.05505730660816,166.19640469544555,395.1985668840716,399.91315274816463,538.2128098191034,7.581553970629708,7.552164725922584,830.9820234772278,0.04053689655501907,True
vector_thrust,hover_climb,0.9936371237169401,27.989778132871553,166.32804825353156,394.9973695907263,399.70253800872746,538.5595903139013,7.60026108574322,7.557030725714246,831.6402412676579,0.06374088615441623,True
vector_thrust,hover_climb,0.9915476771962969,27.93092048440273,166.44650984296658,394.81675023117435,399.51339290332925,538.8714543904339,7.617202466835461,7.56140678075252,832.2325492148328,0.0846469583946046,True
vector_thrust,hover_climb,0.9901009066488131,27.890166384473613,166.52840628094992,394.69212155799386,399.3828419820413,539.0869492503963,7.628974627498669,7.5644305896443464,832.6420314047496,0.09911440927226485,True
vector_thrust,hover_climb,0.9895843942251377,27.875616738736273,166.55761867570402,394.64771392467196,399.33631635886513,539.1637948920204,7.633185700584174,7.565508882344607,832.7880933785201,0.1042777827094353,True
vector_thrust,second_climb,0.9895843942251377,27.875616738736273,50.713257831858144,397.0962245436378,399.33631635886513,257.64548683784045,3.670234493927546,3.670234493927546,253.5662891592907,0.1042777827094353,True
vector_thrust,second_climb,0.9888329370206109,27.854448930158057,50.732123370267686,397.02986440383603,399.2687051166338,257.7254089644417,3.6735490417040126,3.671373007741548,253.66061685133843,0.1290355657338305,True
vector_thrust,second_climb,0.9867259390672227,27.79509687513304,50.78504285498289,396.84429639715086,399.0796196007627,257.94957198064355,3.6828731649496995,3.6745662747551657,253.92521427491448,0.19840533224475182,True
vector_thrust,second_climb,0.9836774272857581,27.709223303824174,50.86166787675669,396.57710345871163,398.80731288415745,258.2740812269702,3.6964438125306827,3.6791890028459404,254.30833938378345,0.29864754922035647,True
vector_thrust,second_climb,0.9802885481054746,27.613761918464075,50.94692728887813,396.2818708540217,398.5063625663099,258.63505802062446,3.711641498303767,3.6843312216980446,254.73463644439065,0.4099080161985136,True
vector_thrust,second_climb,0.9772304996197761,27.52761970759933,51.023932944283594,396.017072679894,398.2363760301509,258.96099572592715,3.725457433478755,3.6889742986001695,255.11966472141796,0.5101502331741182,True
vector_thrust,second_climb,0.9751116096659118,27.467932666645407,51.077326898612924,395.83449088314666,398.050183720203,259.1869392665211,3.7350874342540807,3.692192929698839,255.38663449306463,0.5795199996850396,True
vector_thrust,second_climb,0.9743548600500666,27.446615776058216,51.096403534170186,395.7694597273942,397.98386007153243,259.26765353861197,3.7385381135139055,3.6933427278544984,255.48201767085095,0.6042777827094348,True
vector_thrust,departure_terminal_procedures,0.9743548600500666,27.446615776058216,43.61885687926308,396.25516396404146,397.98386007153243,202.44140970086912,2.922708382288225,2.922708382288225,218.09428439631537,0.6042777827094348,True
vector_thrust,departure_terminal_procedures,0.9734373600098253,27.420770704502125,43.62752120446637,396.1764144404064,397.90357037041053,202.48163485317727,2.9254629255549185,2.923289125081923,218.13760602233185,0.6395426791414025,True
vector_thrust,departure_terminal_procedures,0.9708656473187569,27.348328093486113,43.651745589625094,395.9564064818227,397.6792365949288,202.59409942016308,2.933211540632917,2.924912810340416,218.25872794812545,0.7383527232033821,True
vector_thrust,departure_terminal_procedures,0.9671469888700062,27.243577151267782,43.68661388670548,395.6401582418752,397.3567112799876,202.7559796044642,2.9444888022520077,2.927249923939271,218.4330694335274,0.8811373738432342,True
vector_thrust,departure_terminal_procedures,0.9630162476188501,27.12721824278451,43.72512481433623,395.2914586685126,397.0010102171588,202.93477113101147,2.957117865053315,2.929831191744578,218.62562407168116,1.0396163798629148,True
vector_thrust,departure_terminal_procedures,0.959291583380646,27.022298123398482,43.75965041189533,394.9793666337252,396.6825806522984,203.09506029245202,2.9685986704176806,2.932145335261087,218.79825205947665,1.182401030502767,True
vector_thrust,departure_terminal_procedures,0.9567123815981178,26.949644552059656,43.783447471725644,394.7645413040024,396.4633541166168,203.2055409512223,2.9766011202515164,2.9337403782315237,218.91723735862823,1.2812110745647467,True
vector_thrust,departure_terminal_procedures,0.9557915486005786,26.923705594382497,43.791921624092176,394.68809824071934,396.38533732354995,203.24488320377262,2.9794686376897284,2.934308374332108,218.95960812046087,1.3164759709967142,True
vector_thrust,accel_climb,0.9557915486005786,26.923705594382497,65.87008463250109,393.9967979353833,396.38533732354995,286.0796963802756,4.1864402332371595,4.1864402332371595,329.3504231625055,1.3164759709967142,True
vector_thrust,accel_climb,0.9511100323200926,26.791831896340643,65.92985714882224,393.6137846556315,395.99074389829224,286.3208414739895,4.206499595638146,4.189969108355335,329.6492857441112,1.4353133295138112,True
vector_thrust,accel_climb,0.9379714858157855,26.421731994810862,66.0957739903278,392.5571552792791,394.9014383976705,286.98796999910843,4.263883273221867,4.1997317504919005,330.478869951639,1.7682882087662335,True
vector_thrust,accel_climb,0.918931255011053,25.885387465100084,66.33147642355914,391.07290012141306,393.36951614309237,287.92977912402,4.350003796742976,4.213514020476271,331.6573821177957,2.249450850249136,True
vector_thrust,accel_climb,0.8977243583407285,25.28801009410503,66.5875122207149,389.48350448965715,391.726884745047,288.9444762490494,4.45029509216475,4.228362920704152,332.93756110357447,2.78350109174429,True
vector_thrust,accel_climb,0.8785526154808249,24.747960999459856,66.8132217338432,388.1027475406782,390.298152232271,289.8312824991397,4.545195342097463,4.241340288239978,334.066108669216,3.2646637332271933,True
vector_thrust,accel_climb,0.8652500388934217,24.373240532209064,66.96669179338932,387.1751416573918,389.3374781518814,290.4298969135014,4.613552979564962,4.250100306864817,334.8334589669466,3.5976386124796154,True
vector_thrust,accel_climb,0.8604955090779428,24.239310114871632,67.02093002406272,386.84953615248133,389.0001153653378,290.640576491813,4.638505455399306,4.2531833549598925,335.1046501203136,3.7164759709967123,True
vector_thrust,cruise_0,0.8604955090779428,24.239310114871632,54.747540866232406,387.282743318582,389.0001153653378,232.37792039613427,3.712810227320224,3.712810227320224,273.73770433116204,3.7164759709967123,True
vector_thrust,cruise_0,0.8600574289892722,24.22696983068373,54.751791603278576,387.2526629975021,388.969188471883,232.3959666692677,3.7147013263116286,3.7130985610282656,273.7589580163929,3.7299018093865492,True
vector_thrust,cruise_0,0.8588297832248477,24.192388259854866,54.76368285590642,387.1685080392032,388.88266227615696,232.4464521628889,3.720010819777229,3.7139051912654613,273.8184142795321,3.767520172605851,True
vector_thrust,cruise_0,0.8570553349243613,24.142403800686232,54.78082957658494,387.0472337355929,388.7579639827056,232.5192497158973,3.727712167180947,3.7150683116637877,273.9041478829247,3.821880282460087,True
vector_thrust,cruise_0,0.8550852262886718,24.08690778277949,54.799811778473405,386.91308966611746,388.6200233031168,232.59983855535293,3.7363003588045745,3.7163559170732374,273.99905889236703,3.882215452509629,True
vector_thrust,cruise_0,0.8533096629678415,24.036891914587088,54.81686910619457,386.7926439452872,388.496160460789,232.67225440140373,3.7440745988467126,3.717512938761783,274.0843455309728,3.9365755623638647,True
vector_thrust,cruise_0,0.8520806268247754,24.00227117816269,54.828645736001114,386.7095223006425,388.4106760543741,232.72225182698787,3.749474796144406,3.71831177090871,274.14322868000556,3.974193925583166,True
vector_thrust,cruise_0,0.8516419279746812,23.989913464075528,54.83284341355518,386.6799019054087,388.3802128006922,232.74007303650635,3.751406137666199,3.7185965086705877,274.1642170677759,3.9876197639730036,True
vector_thrust,cruise_1,0.8516419279746812,23.989913464075528,50.31686259853514,386.76351138388566,388.3802128006922,221.31406762149064,3.5680081147486105,3.5680081147486105,251.5843129926757,3.9876197639730036,True
vector_thrust,cruise_1,0.8512393741681141,23.97857392022857,50.3203987452469,386.7363162819628,388.3522825879998,221.32962504068632,3.569695352069844,3.568258930245932,251.6019937262345,4.001045602362841,True
vector_thrust,cruise_1,0.85011129976759,23.946797176551833,50.33029554985804,386.66022420902385,388.2741317203889,221.37316642926083,3.574432001671331,3.5689609011121806,251.6514777492902,4.038663965582143,True
vector_thrust,cruise_1,0.8484808114627123,23.90086792852711,50.344567534610114,386.5505460562551,388.1614810302156,221.4359565982332,3.5813004864719615,3.5699731993127766,251.72283767305055,4.093024075436379,True
vector_thrust,cruise_1,0.8466705901600496,23.849875779156328,50.36036767951619,386.4291967611115,388.0368360563163,221.5054699690553,3.588957092730084,3.571093888448548,251.80183839758095,4.1533592454859205,True
vector_thrust,cruise_1,0.8450391736052832,23.80392038324742,50.37456657898498,386.32021043569654,387.9248837789168,221.56793859639447,3.5958855216388206,3.5721010027800446,251.8728328949249,4.2077193553401555,True
vector_thrust,cruise_1,0.8439099416950019,23.77211103366203,50.384372248266445,386.24498105537907,387.84760381540593,221.61107903143315,3.600696921739565,3.572796509504701,251.92186124133224,4.245337718559457,True
vector_thrust,cruise_1,0.843506872747745,23.76075697880972,50.387867836134554,386.21816988708576,387.82006119065016,221.62645801037044,3.6024174266694686,3.5730444482021118,251.93933918067276,4.258763556949295,True
vector_thrust,cruise_2,0.843506872747745,23.76075697880972,54.9100857236992,386.1355981950625,387.82006119065016,233.06800831285926,3.7875836569633563,3.7875836569633563,274.55042861849597,4.258763556949295,True
vector_thrust,cruise_2,0.8426282025088855,23.73600570447565,54.91838027403252,386.07730833908573,387.76009568125056,233.10321915540422,3.7915336108857143,3.7881558676787463,274.5919013701626,4.285615233728969,True
vector_thrust,cruise_2,0.8401655502957086,23.666635219597428,54.941544569025325,385.91448733250195,387.5925847511611,233.2015603807307,3.8026470507707444,3.7897540090133237,274.7077228451266,4.360851960167572,True
vector_thrust,cruise_2,0.8366051714034988,23.566342856436584,54.97484908494994,385.68051143592913,387.35184662244444,233.34295774277928,3.8188289048687625,3.792051854785936,274.8742454247497,4.469572179876044,True
vector_thrust,cruise_2,0.8326510479772571,23.454959097950905,55.01161765306289,385.4226195985737,387.0864721798017,233.49905671165848,3.836963336229635,3.7945886160843894,275.0580882653145,4.590242519975128,True
vector_thrust,cruise_2,0.829086355216291,23.35454521736031,55.0445479910792,385.19188452256367,386.8490168519541,233.63886402702457,3.8534595084036725,3.7968606220393797,275.222739955396,4.698962739683599,True
vector_thrust,cruise_2,0.8266183240526587,23.28502321275095,55.06723664476612,385.03310498797185,386.6855994805579,233.73518779446326,3.864964371268778,3.798425977705174,275.3361832238306,4.7741994661222025,True
vector_thrust,cruise_2,0.8257372595950729,23.26020449563586,55.07531275371724,384.97661390540156,386.6274557334046,233.76947485626508,3.8690881192164097,3.798983176077726,275.3765637685862,4.801051142901878,True
vector_thrust,cruise_3,0.8257372595950729,23.26020449563586,47.532049624894384,385.1112830097346,386.6274557334046,214.7346521778023,3.5552884938031526,3.5552884938031526,237.6602481244719,4.801051142901878,True
vector_thrust,cruise_3,0.8253570852814498,23.249495360040843,47.535059809141245,385.0868802922394,386.6023986274428,214.74825506246134,3.5569260454718132,3.5555137121310767,237.67529904570623,4.814476981291715,True
vector_thrust,cruise_3,0.82429173831618,23.21948558637127,47.54348483456892,385.01859742000977,386.53228347090146,214.78632736610058,3.5615229372708472,3.556144062294352,237.71742417284463,4.852095344511016,True
vector_thrust,cruise_3,0.8227519496268333,23.176111257093897,47.55563507725152,384.9201651653433,386.4312068443281,214.8412337554396,3.5681880477751666,3.55705312868058,237.7781753862576,4.906455454365252,True
vector_thrust,cruise_3,0.8210424743738435,23.127957024615313,47.56908724719785,384.8112443582126,386.31935573989233,214.9020234940402,3.575616946530319,3.5580596036765635,237.84543623598927,4.966790624414794,True
vector_thrust,cruise_3,0.8195018960911757,23.084560453272555,47.58117698893814,384.7134075750756,386.2188832047617,214.9566564817965,3.5823384189380785,3.5589641434459116,237.90588494469068,5.02115073426903,True
vector_thrust,cruise_3,0.8184355645181336,23.054522944172778,47.58952657144305,384.6458672422378,386.1495213361192,214.99438786151288,3.5870055941499293,3.559588849047921,237.94763285721524,5.058769097488332,True
vector_thrust,cruise_3,0.8180549520124697,23.043801465139993,47.59250318064031,384.62179498533857,386.1247994741653,215.00783902166842,3.5886744253344673,3.5598115553249206,237.96251590320153,5.072194935878169,True
vector_thrust,cruise_4,0.8180549520124697,23.043801465139993,52.24648965293426,384.53983595614875,386.1247994741653,226.7476821130993,3.7838165120070157,3.7838165120070157,261.2324482646713,5.072194935878169,True
vector_thrust,cruise_4,0.8163832092424337,22.996710119505178,52.26079979283236,384.4344801348306,386.0164384277404,226.80980267714727,3.79156445111327,3.7848531392121516,261.3039989641618,5.125898289437517,True
vector_thrust,cruise_4,0.811696773660651,22.864697849595803,52.30069900492534,384.14103403421,385.71460116133653,226.98300584488183,3.8134545729405924,3.787743440007725,261.5034950246267,5.2763717423147245,True
vector_thrust,cruise_4,0.8049186881730891,22.67376586403068,52.35784300141023,383.72153740238434,385.2830590958166,227.23106891912292,3.8455656477230975,3.7918829537949685,261.78921500705115,5.493812181731668,True
vector_thrust,cruise_4,0.7973873739614541,22.461616167928284,52.42056087958522,383.26217601963566,384.8104468871534,227.50332830974824,3.8818854354835968,3.79642623983078,262.1028043979261,5.735152861929835,True
vector_thrust,cruise_4,0.7905945830772914,22.2702699458392,52.476432254840816,382.85388543778464,384.3903320879955,227.74586691270815,3.9152372311597166,3.800473564866813,262.38216127420407,5.952593301346778,True
vector_thrust,cruise_4,0.7858898097298127,22.137741119149656,52.51474468762974,382.57441255048315,384.1027437346594,227.91218184348236,3.938675071344334,3.803248919284517,262.5737234381487,6.103066754223986,True
vector_thrust,cruise_4,0.7842099057306747,22.09041987973732,52.52834869906706,382.47527521480635,384.0007238173585,227.9712370914434,3.947112011555234,3.804234394506461,262.6417434953353,6.156770107783334,True
vector_thrust,cruise_5,0.7842099057306747,22.09041987973732,47.67809131702529,382.55753492449776,384.0007238173585,215.74081962139346,3.7361569669689962,3.7361569669689962,238.39045658512646,6.156770107783334,True
vector_thrust,cruise_5,0.7838286850884114,22.0796812700961,47.68089203208086,382.5350499088477,383.97762116667803,215.75349627377147,3.7379739976987607,3.736376498734858,238.4044601604043,6.1701959461731715,True
vector_thrust,cruise_5,0.7827604150257554,22.049589155655084,47.68873036645013,382.4721353590959,383.91297797753185,215.78897429920994,3.743075174985765,3.736990900182618,238.44365183225065,6.207814309392473,True
vector_thrust,cruise_5,0.7812164248415099,22.006096474408732,47.700033417075225,382.3814476269156,383.8197973679109,215.84013439228505,3.750472653834328,3.7378768805849765,238.50016708537612,6.262174419246708,True
vector_thrust,cruise_5,0.7795023173839667,21.957811757294838,47.71254611679371,382.2811046652939,383.7166946281604,215.89676962308766,3.758719516199658,3.738857678342723,238.56273058396854,6.32250958929625,True
vector_thrust,cruise_5,0.77795759360932,21.914298411530144,47.72379019434191,382.19098007065907,383.6240900399465,215.94766279068577,3.766182577969996,3.739739036182313,238.61895097170952,6.376869699150487,True
vector_thrust,cruise_5,0.7768884087731401,21.884180528820853,47.73155499098369,382.1287677406663,383.5601651360592,215.9828079676812,3.7713655374559267,3.7403476734263785,238.65777495491847,6.414488062369788,True
vector_thrust,cruise_5,0.7765067810179139,21.873430451208847,47.73432297876904,382.1065952417571,383.5373821517901,215.99533648902164,3.7732189652655275,3.740564639888145,238.67161489384523,6.427913900759625,True
vector_thrust,cruise_6,0.7765067810179139,21.873430451208847,53.04685420218896,382.0179332005807,383.5373821517901,229.39457660887444,4.0063602386932144,4.0063602386932144,265.2342710109448,6.427913900759625,True
vector_thrust,cruise_6,0.7748099618640849,21.825632728565775,53.060486843061405,381.91972717605717,383.43629879671636,229.45354335595903,4.015133754330616,4.007390088807446,265.302434215307,6.481617254318974,True
vector_thrust,cruise_6,0.7700533763145687,21.691644403227293,53.09848597703777,381.6462575525604,383.154810764564,229.61790515082714,4.039934111903196,4.010260656060841,265.4924298851888,6.632090707196181,True
vector_thrust,cruise_6,0.7631742136236658,21.49786517249763,53.15288021167758,381.2554776098898,382.7525611367578,229.85318246113366,4.076348239986261,4.014369757832179,265.7644010583879,6.849531146613124,True
vector_thrust,cruise_6,0.7555311160201491,21.282566648454907,53.21254151812227,380.8277771046265,382.31229934023804,230.11124201105574,4.117583852989703,4.018876749825218,266.06270759061135,7.090871826811292,True
vector_thrust,cruise_6,0.7486379745581172,21.08839364952443,53.26565592114943,380.4478163927164,381.92118028131034,230.3409835463344,4.155495466954628,4.0228891696728155,266.3282796057472,7.308312266228234,True
vector_thrust,cruise_6,0.7438639572261307,20.953914288060023,53.30205918660304,380.18783768043846,381.65357120390564,230.498442623746,4.182163928186227,4.025639181448547,266.5102959330152,7.458785719105442,True
vector_thrust,cruise_6,0.7421593800075957,20.905898028382982,53.31498205087698,380.09563550545545,381.55866433731376,230.55433915501322,4.191769133317792,4.0266154104582315,266.57491025438486,7.512489072664791,True
vector_thrust,cruise_7,0.7421593800075957,20.905898028382982,47.362443241570205,380.191199758313,381.55866433731376,215.5530786044983,3.920012594291837,3.920012594291837,236.812216207851,7.512489072664791,True
vector_thrust,cruise_7,0.7417807995268066,20.895233789487513,47.364992171898194,380.1707269851144,381.5376316673444,215.5646824522992,3.9220131665354243,3.9202236199464746,236.82496085949097,7.525914911054628,True
vector_thrust,cruise_7,0.7407199372506666,20.8653503450892,47.37212556917658,380.1134439112285,381.47878223556694,215.5971568027669,3.927630085974409,3.9208141931066867,236.86062784588293,7.563533274273929,True
vector_thrust,cruise_7,0.7391866781990337,20.822159949268556,47.38241138732127,380.0308764401631,381.3939576912007,215.64398235482568,3.9357766827754235,3.9216657548426332,236.91205693660635,7.617893384128165,True
vector_thrust,cruise_7,0.7374845181020229,20.774211777521774,47.39379703381189,379.93952211570803,381.30010709578903,215.69581480793588,3.9448603719905697,3.9226083712520134,236.96898516905947,7.678228554177707,True
vector_thrust,cruise_7,0.7359505915209792,20.731002578055755,47.40402747218776,379.8574742136286,381.2158182037234,215.74238824772473,3.953082267586236,3.9234553481159664,237.02013736093878,7.732588664031943,True
vector_thrust,cruise_7,0.7348888968478736,20.7010956858556,47.411091812323825,379.8008390306224,381.1576367179377,215.77454822070268,3.9587930851250124,3.924040204059207,237.0554590616191,7.770207027251245,True
vector_thrust,cruise_7,0.7345099459150822,20.690421011692457,47.41361000943107,379.78065459561697,381.136901311364,215.78601215781836,3.9608354466814433,3.9242486853212912,237.06805004715534,7.783632865641082,True
vector_thrust,cruise_8,0.7345099459150822,20.690421011692457,55.848044038230405,379.6470922696324,381.136901311364,237.05009990325354,4.349615752122123,4.349615752122123,279.24022019115205,7.783632865641082,True
vector_thrust,cruise_8,0.7331705034780225,20.652690238817538,55.85848847747639,379.57606758932485,381.0637416763759,237.09444169361038,4.357561885869826,4.350429376541148,279.292442387382,7.823910380810593,True
vector_thrust,cruise_8,0.7294162023962336,20.546935278767144,55.88762847126068,379.3780490563581,380.8597760950464,237.21815532674944,4.379989509268081,4.352699389368282,279.43814235630344,7.936765470468499,True
vector_thrust,cruise_8,0.7239878007715441,20.394022556944908,55.92941323412136,379.09446431106164,380.5676900820619,237.39555223247072,4.412829271523506,4.355954432820353,279.6470661706068,8.099845800031206,True
vector_thrust,cruise_8,0.7179582288185009,20.224175459676083,55.97534449876846,378.78322682880116,380.24714767638284,237.5905530823922,4.4498880332612325,4.35953248981692,279.8767224938423,8.280851310179832,True
vector_thrust,cruise_8,0.7125217550711691,20.07103535411744,56.01632684560591,378.50595510097776,379.96161303767275,237.76454333775519,4.483839222909988,4.3627250248791345,280.08163422802954,8.443931639742539,True
vector_thrust,cruise_8,0.7087573879792475,19.964996844485846,56.04446630591424,378.315808626277,379.76581665930496,237.88400921178746,4.507653169455621,4.364917095870642,280.2223315295712,8.556786729400445,True
vector_thrust,cruise_8,0.7074134656615011,19.92713987778876,56.054465483084584,378.2482872895955,379.69629258060706,237.92646064572293,4.516216416006133,4.365696034271517,280.2723274154229,8.597064244569957,True
vector_thrust,cruise_9,0.7074134656615011,19.92713987778876,47.58920782409759,378.3784257030838,379.69629258060706,216.58541087896995,4.112544364180677,4.112544364180677,237.94603912048794,8.597064244569957,True
vector_thrust,cruise_9,0.707033158511484,19.91642700032349,47.59161171229087,378.35930182030177,379.67665439241836,216.5963544125521,4.114756398375309,4.1127521610363145,237.95805856145435,8.610490082959792,True
vector_thrust,cruise_9,0.7059674640171252,19.886407437102118,47.598338932858944,378.30579436509385,379.6217087081553,216.62697961715594,4.120967644064384,4.113333675331687,237.99169466429473,8.648108446179096,True
vector_thrust,cruise_9,0.7044272372980345,19.84302076895872,47.60803839326649,378.22867268474306,379.54251610207723,216.67113573999436,4.129977841288846,4.114172115988361,238.04019196633246,8.702468556033331,True
vector_thrust,cruise_9,0.7027173645232577,19.79485533868332,47.61877404773152,378.14334867936293,379.45490380117025,216.7200090686249,4.140026716683387,4.1151001273968975,238.09387023865762,8.762803726082872,True
vector_thrust,cruise_9,0.7011765078113277,19.751450924262755,47.628419508274675,378.06672122525816,379.37622395450126,216.76391941584174,4.14912426473005,4.115933901242712,238.14209754137337,8.817163835937107,True
vector_thrust,cruise_9,0.7001100277291669,19.72140923180752,47.63507941254799,378.01383005877824,379.3219176694483,216.79423822641976,4.1554444392579075,4.116509597699205,238.17539706273993,8.85478219915641,True
vector_thrust,cruise_9,0.6997293709592393,19.710686505894063,47.637453351825314,377.9949804497249,379.3025640401782,216.80504544110684,4.157704953016584,4.116714806118709,238.18726675912657,8.868208037546248,True
vector_thrust,cruise_10,0.6997293709592393,19.710686505894063,56.11111297997361,377.86621893301754,379.3025640401782,238.16695718166974,4.565809900031044,4.565809900031044,280.5555648998681,8.868208037546248,True
vector_thrust,cruise_10,0.6988324352291813,19.685420710681164,56.11767943066114,377.8219803422778,379.25702331307264,238.19483500029472,4.571669845912042,4.566344335293498,280.5883971533057,8.895059714325923,True
vector_thrust,cruise_10,0.6963187452345043,19.614612541817028,56.136024373452386,377.6984441855737,379.1298563697101,238.2727183214605,4.588172965946654,4.567837407393146,280.6801218672619,8.970296440764525,True
vector_thrust,cruise_10,0.6926849783192085,19.51225291040024,56.162393691474634,377.5210127643489,378.94722478970994,238.38466906929426,4.6122414519630235,4.569983573422321,280.8119684573732,9.079016660472996,True
vector_thrust,cruise_10,0.6886499026905296,19.398588808183938,56.1914684348994,377.3255704640318,378.74607575218187,238.50810568099317,4.639265666500899,4.572349930663436,280.957342174497,9.19968700057208,True
vector_thrust,cruise_10,0.6850127253512582,19.29613310848615,56.21749063021653,377.1508191167341,378.56624203457494,238.6185827219074,4.663897860989724,4.574467844806948,281.0874531510827,9.308407220280552,True
vector_thrust,cruise_10,0.6824947825767941,19.225205143008285,56.23540272849374,377.03062493241055,378.4425639260578,238.69462840483723,4.681104011429196,4.575925688229413,281.1770136424687,9.383643946719156,True
vector_thrust,cruise_10,0.6815959541635996,19.199886032777457,56.24177654896121,376.9878736503281,378.398575861363,238.72168841326425,4.687276870055148,4.576444445557604,281.2088827448061,9.41049562349883,True
vector_thrust,cruise_11,0.6815959541635996,19.199886032777457,49.66902624407932,377.0862323763881,378.398575861363,222.10399869334518,4.36212797930281,4.36212797930281,248.34513122039658,9.41049562349883,True
vector_thrust,cruise_11,0.6808021816118992,19.177526242588712,49.673997862140375,377.0484689245329,378.3597995189288,222.12623610337326,4.367213798657315,4.36256472258092,248.36998931070187,9.437347300278505,True
vector_thrust,cruise_11,0.6785776768022825,19.114864135275567,49.68789150188569,376.94297560945796,378.25148169370107,222.18838057223707,4.381529930112596,4.363785241472901,248.43945750942842,9.512584026717107,True
vector_thrust,cruise_11,0.6753621271114423,19.024285270744855,49.70787348852592,376.79135741459527,378.095817427235,222.27775743599386,4.402390773448548,4.365540605268193,248.53936744262958,9.621304246425579,True
vector_thrust,cruise_11,0.6717916942894407,18.923709698294108,49.729920874574006,376.62420896907173,377.9242276388918,222.3763725664358,4.425787900286559,4.367477408847661,248.64960437287002,9.741974586524663,True
vector_thrust,cruise_11,0.6685735536310401,18.833057848761694,49.74966731630813,376.47463057489057,377.7706926573437,222.46469586803377,4.447090582179689,4.369212080656324,248.74833658154066,9.850694806233134,True
vector_thrust,cruise_11,0.6663458179063096,18.770304729755203,49.76326724182835,376.37168083476786,377.6650299819056,222.52552659083474,4.461957740029007,4.370406797543424,248.81633620914178,9.925931532671738,True
vector_thrust,cruise_11,0.6655506074509014,18.747904435236663,49.76810814671933,376.3350493749451,377.6274352833447,222.54717933761572,4.467288811589205,4.370832058021028,248.84054073359664,9.952783209451413,True
vector_thrust,cruise_12,0.6655506074509014,18.747904435236663,56.35373689316525,376.2384970210135,377.6274352833447,239.1970152401027,4.800276522463117,4.800276522463117,281.76868446582625,9.952783209451413,True
vector_thrust,cruise_12,0.6641996256764829,18.709848610605153,56.36301554096879,376.1765265322982,377.5637131301995,239.23640767185307,4.810040034586455,4.801067061446658,281.81507770484393,9.993060724620925,True
vector_thrust,cruise_12,0.6604131301768391,18.603186765544763,56.38889685350654,376.0037775468389,377.38609985227305,239.34628659595245,4.837617825165724,4.803272144228057,281.9444842675327,10.10591581427883,True
vector_thrust,cruise_12,0.6549385641455635,18.4489736379032,56.42599330765236,375.75644779742635,377.131855796736,239.50377932216216,4.878053983841165,4.806432754887535,282.1299665382618,10.268996143841537,True
vector_thrust,cruise_12,0.6488582454756038,18.277697055650812,56.466750199512774,375.48508800341887,376.8529822127163,239.67681241006022,4.923764122261076,4.809905234126511,282.33375099756387,10.450001653990164,True
vector_thrust,cruise_12,0.6433764902662736,18.12328141595137,56.50309764868533,375.2434167348057,376.6046873964251,239.8311252411046,4.965715027501322,4.8130020297083185,282.51548824342666,10.613081983552869,True
vector_thrust,cruise_12,0.6395810297324995,18.016367034718296,56.52804501532099,375.0777236547689,376.43449249884134,239.93703910467107,4.995182340280983,4.815127540480981,282.64022507660496,10.725937073210776,True
vector_thrust,cruise_12,0.638226058044146,17.97819881814496,56.536908035232756,375.01889330200606,376.3740717642846,239.97466699123024,5.005787006023028,4.815882668049184,282.6845401761638,10.766214588380286,True
vector_thrust,cruise_13,0.638226058044146,17.97819881814496,49.67430233535643,375.11700462389393,376.3740717642846,222.63581177288958,4.645319571722962,4.645319571722962,248.37151167678215,10.766214588380286,True
vector_thrust,cruise_13,0.6374323891333576,17.955841947418524,49.67886186146766,375.0825555808804,376.3387629742254,222.65625262480776,4.651103328662442,4.6457460722429005,248.3943093073383,10.793066265159961,True
vector_thrust,cruise_13,0.6352082070007831,17.893188929599525,49.69160312282148,374.9863237927602,376.240136837711,222.71337308650263,4.667388767970844,4.646937896669277,248.45801561410744,10.868302991598565,True
vector_thrust,cruise_13,0.6319932073678517,17.802625559657795,49.709925837338936,374.8480231161222,376.09841438259537,222.79551581034113,4.691131562632745,4.6486518132206305,248.5496291866947,10.977023211307035,True
vector_thrust,cruise_13,0.6284235004496279,17.702070435200785,49.73013988735812,374.6955648593533,375.94221126692867,222.88613759712948,4.717778495571143,4.650542646310061,248.6506994367906,11.097693551406119,True
vector_thrust,cruise_13,0.6252061172008742,17.611439921151387,49.748242107333276,374.55913965098483,375.8024600440021,222.9672918199312,4.742056150336829,4.652235937683568,248.74121053666636,11.206413771114592,True
vector_thrust,cruise_13,0.6229789627148687,17.548703175066727,49.76070842129439,374.4652465217491,375.70629197127585,223.0231796625331,4.759008635524274,4.653402043383243,248.80354210647195,11.281650497553194,True
vector_thrust,cruise_13,0.6221839709705381,17.52630904142361,49.76514558602483,374.4318382756443,375.6720771144699,223.0430719550605,4.765089286591541,4.653817098153938,248.82572793012415,11.308502174332869,True
vector_thrust,cruise_14,0.6221839709705381,17.52630904142361,56.640088404210644,374.335365173456,375.6720771144699,240.41271849711606,5.134850843851787,5.134850843851787,283.2004420210532,11.308502174332869,True
vector_thrust,cruise_14,0.6212789666979408,17.500815963322278,56.64581931769426,374.2974732270501,375.6331995323208,240.43704904862014,5.142330512912986,5.13537050751061,283.2290965884713,11.335353851112544,True
vector_thrust,cruise_14,0.618742734200912,17.429372794391888,56.66182771440203,374.1916687230989,375.52465417248754,240.50501258038616,5.163408520510937,5.1368221054153365,283.30913857201017,11.410590577551147,True
vector_thrust,cruise_14,0.6150765612100249,17.326100315775353,56.68483265131852,374.03972659688174,375.3688057796048,240.60267987271047,5.194184436074492,5.138908130570508,283.42416325659264,11.519310797259617,True
vector_thrust,cruise_14,0.6110057499463395,17.211429575953225,56.71019007117674,373.87238978346386,375.1972088632076,240.71033461425017,5.228789837047731,5.141207472485093,283.5509503558837,11.639981137358701,True
vector_thrust,cruise_14,0.6073365840775641,17.1080727909173,56.732878473583085,373.7227930177139,375.0438421588743,240.80665806161434,5.260378414792959,5.143264795151184,283.6643923679154,11.748701357067175,True
vector_thrust,cruise_14,0.604796619465532,17.036524491986818,56.748492166739055,373.61991311396474,374.938391377629,240.8729458823227,5.282469975280906,5.144680602410589,283.74246083369525,11.823938083505777,True
vector_thrust,cruise_14,0.6038899542250454,17.01098462605762,56.75404742365234,373.58332273121954,374.9008909995182,240.8965306851352,5.290400781970065,5.145184338009025,283.77023711826166,11.850789760285451,True
vector_thrust,cruise_15,0.6038899542250454,17.01098462605762,48.18440842213234,373.7015780333134,374.9008909995182,219.29502521855645,4.817528131410835,4.817528131410835,240.92204211066172,11.850789760285451,True
vector_thrust,cruise_15,0.6035050986495996,17.00014362393238,48.18641162351939,373.6860328078634,374.8849954914439,219.3041446750471,4.8206002028460295,4.817728469918939,240.93205811759694,11.864215598675289,True
vector_thrust,cruise_15,0.6024266753786696,16.969765503624497,48.19201708209912,373.6425402549757,374.8405249380347,219.32966319525224,4.8292295195262875,4.81828906717297,240.9600854104956,11.901833961894592,True
vector_thrust,cruise_15,0.6008680956769868,16.925861850055966,48.20009799786748,373.57985854525725,374.77643901707614,219.36645108779643,4.84175568091873,4.819097232825841,241.0004899893374,11.956194071748827,True
vector_thrust,cruise_15,0.5991379087433226,16.877124189952752,48.20904065714,373.510517380329,374.70555182036776,219.4071619933594,4.855737367973871,4.819991580212925,241.0452032857,12.016529241798368,True
vector_thrust,cruise_15,0.5975788000400565,16.83320563493117,48.21707384393706,373.4482499867232,374.6419027945788,219.443732594196,4.868405916565164,4.8207949723470485,241.0853692196853,12.070889351652603,True
vector_thrust,cruise_15,0.5964997171144987,16.802808932802783,48.222619750885265,373.40527407784964,374.59797703943957,219.4689800156692,4.877212789961024,4.821349614036122,241.11309875442632,12.108507714871907,True
vector_thrust,cruise_15,0.5961145679645593,16.7919596609735,48.22459646222885,373.3899587801392,374.582323988997,219.4779788744342,4.880363884838096,4.821547303223133,241.12298231114426,12.121933553261744,True
vector_thrust,cruise_16,0.5961145679645593,16.7919596609735,56.80127299551118,373.272554888221,374.582323988997,241.0970265069087,5.359404433858053,5.359404433858053,284.0063649775559,12.121933553261744,True
vector_thrust,cruise_16,0.5942995349851228,16.74083197141191,56.812202872941825,373.20070450084177,374.5087352258545,241.14342922202852,5.3757721136615535,5.360435931096983,284.06101436470914,12.175636906821092,True
vector_thrust,cruise_16,0.5892121424153245,16.597525138459847,56.84263833094614,373.00077478971673,374.30401981034123,241.27264273757623,5.422186857734709,5.363308249757127,284.2131916547307,12.3261103596983,True
vector_thrust,cruise_16,0.5818560407732182,16.390311007696287,56.886129329047506,372.7154550506014,374.01200657079016,241.4572834536305,5.490735425059577,5.367412673136498,284.4306466452375,12.543550799115243,True
vector_thrust,cruise_16,0.5736850812986658,16.160143135173684,56.933730496663294,372.4036707318126,373.69310090011214,241.6593738644577,5.568938167261368,5.371904990024515,284.66865248331646,12.78489147931341,True
vector_thrust,cruise_16,0.5663176945892647,15.952611115190557,56.97602127073703,372.127106379254,373.4103980390429,241.83891903813384,5.641384755242459,5.375896143353194,284.88010635368516,13.002331918730354,True
vector_thrust,cruise_16,0.5612162288249581,15.808907854224175,57.00496019604605,371.93809425009607,373.21729193522725,241.96177903501066,5.692664148940429,5.37862722810171,285.0248009802302,13.152805371607561,True
vector_thrust,cruise_16,0.5593949323472454,15.757603728091421,57.01522409736764,371.87110257007714,373.14886960898275,242.0053543534045,5.7111981938489205,5.379595874451232,285.07612048683825,13.206508725166909,True
vector_thrust,cruise_17,0.5593949323472454,15.757603728091421,48.4065147464025,371.9858388014184,373.14886960898275,220.3061507962905,5.200712602702053,5.200712602702053,242.0325737320125,13.206508725166909,True
vector_thrust,cruise_17,0.5590083668591667,15.746714559413148,48.408363251166996,371.9716254165229,373.1343821054334,220.3145660057313,5.204308931293784,5.200911258461935,242.04181625583496,13.219934563556745,True
vector_thrust,cruise_17,0.5579251584135723,15.716201645452742,48.41353576251105,371.9318590994662,373.0938512218782,220.33811356003554,5.214412875045072,5.201467139729844,242.06767881255527,13.257552926776048,True
vector_thrust,cruise_17,0.5563596792541845,15.672103640962945,48.42099236638704,371.8745476318596,373.03544402604575,220.37205931065776,5.229084859587929,5.202268488636496,242.1049618319352,13.311913036630283,True
vector_thrust,cruise_17,0.5546218556459155,15.623150863265227,48.42924393256641,371.8111471451919,372.97083996532785,220.4096240499035,5.245469103964567,5.2031552701090344,242.14621966283204,13.372248206679824,True
vector_thrust,cruise_17,0.5530558855311409,15.579039029046223,48.43665611527524,371.754214227693,372.9128340012724,220.44336756235833,5.260321303326769,5.203951844829481,242.1832805763762,13.42660831653406,True
vector_thrust,cruise_17,0.5519720648739074,15.548508869687533,48.441773199029036,371.7149199553008,372.87280344457224,220.46666278640058,5.270649976617731,5.204501769399546,242.20886599514517,13.464226679753363,True
vector_thrust,cruise_17,0.5515852269253585,15.537612026066439,48.44359703300073,371.70091664996613,372.85853860704776,220.47496568539088,5.274346322082582,5.204697773874509,242.21798516500363,13.4776525181432,True
vector_thrust,cruise_18,0.5515852269253585,15.537612026066439,57.058803185178604,371.5869338250096,372.85853860704776,242.1903690536806,5.792059712111893,5.792059712111893,285.29401592589306,13.4776525181432,True
vector_thrust,cruise_18,0.5506737880761066,15.511937692284693,57.06385112522869,371.5540454871749,372.8249763863095,242.21180004644086,5.801646187422947,5.79257224112055,285.31925562614344,13.504504194922875,True
vector_thrust,cruise_18,0.5481195781989414,15.439988118280041,57.07795106665336,371.4622123857356,372.73127635016186,242.2716612451861,5.828681123009141,5.794003840729261,285.3897553332668,13.579740921361477,True
vector_thrust,cruise_18,0.5444275616969455,15.335987653435087,57.09821180820277,371.3303333651321,372.596754770834,242.3576780760428,5.868207475598648,5.796060960599533,285.49105904101384,13.688461141069949,True
vector_thrust,cruise_18,0.5403282513424067,15.220514122321317,57.120542382974904,371.1850900475949,372.44865472251513,242.45248236878908,5.9127271113885715,5.79832823541602,285.60271191487453,13.809131481169032,True
vector_thrust,cruise_18,0.5366335742059238,15.116438710026024,57.14052094827293,371.0552410209294,372.3163004154336,242.5373012224231,5.95343509724699,5.800356705279957,285.7026047413646,13.917851700877504,True
vector_thrust,cruise_18,0.5340760465116405,15.044395676384243,57.15426902842707,370.9659392708571,372.225302892263,242.59566859670403,5.981943841405742,5.801752579601446,285.7713451421354,13.993088427316108,True
vector_thrust,cruise_18,0.5331631310733838,15.01867974854602,57.15916037789169,370.9341774869118,372.19294339177344,242.61643478527276,5.992186343183371,5.802249209606401,285.79580188945846,14.019940104095783,True
vector_thrust,cruise_19,0.5331631310733838,15.01867974854602,52.079807225680554,371.0009344325683,372.19294339177344,229.7635070192573,5.675763597722421,5.675763597722421,260.39903612840277,14.019940104095783,True
vector_thrust,cruise_19,0.5323313438972408,14.995249123865939,52.083864322776996,370.9720184849598,372.16351540464314,229.7814104203373,5.684632041109902,5.6762058588693,260.41932161388496,14.046791780875457,True
vector_thrust,cruise_19,0.5300003933560666,14.929588545241316,52.095199728962214,370.89125208943557,372.08133077443495,229.83143197972228,5.709632741596049,5.677441523094406,260.47599864481106,14.122028507314061,True
vector_thrust,cruise_19,0.526631203918656,14.834681800525525,52.11149604204002,370.77520012433786,371.9632721881182,229.90334532619232,5.7461602492581925,5.679217972102258,260.5574802102001,14.230748727022531,True
vector_thrust,cruise_19,0.5228904901695185,14.72930958223996,52.12946827846666,370.64729748392386,371.83320138654943,229.98265428760126,5.78726713590575,5.681177112271982,260.6473413923333,14.351419067121615,True
vector_thrust,cruise_19,0.519519152489364,14.634342323644058,52.14555752930731,370.53287028357545,371.71687370263567,230.053653897429,5.82482210766084,5.682930989578873,260.72778764653657,14.460139286830087,True
vector_thrust,cruise_19,0.517185523091598,14.568606284270368,52.15663473724357,370.45412993002384,371.6368474515473,230.10253606411547,5.851104294331815,5.68413850780427,260.7831736862179,14.53537601326869,True
vector_thrust,cruise_19,0.516352543697229,14.545142075978283,52.160576926772755,370.4261156535886,371.6083800260426,230.11993239420033,5.860543145331688,5.684568242962436,260.80288463386375,14.562227690048365,True
vector_thrust,cruise_20,0.516352543697229,14.545142075978283,57.24772247704122,370.36004227179836,371.6083800260426,242.992424532943,6.187267484335978,6.187267484335978,286.2386123852061,14.562227690048365,True
vector_thrust,cruise_20,0.5149809694075437,14.506506180494188,57.25482727977429,370.31405986929934,371.5616173613604,243.02258792126088,6.2037461021507,6.188035528657176,286.27413639887146,14.602505205217877,True
vector_thrust,cruise_20,0.5111370232601397,14.398226007327878,57.27464196804604,370.18587918012884,371.431296569556,243.10671103617193,6.250399980783235,6.190177538699549,286.3732098402302,14.715360294875783,True
vector_thrust,cruise_20,0.5055800809808139,14.241692421994758,57.30303587763754,370.0023543464049,371.24479871072543,243.22725717278487,6.319098540294401,6.193246980855457,286.51517938818773,14.87844062443849,True
vector_thrust,cruise_20,0.4994092121900764,14.06786513211483,57.33422334426916,369.80098286962635,371.04029146776,243.35966333548885,6.397178381163241,6.196618412482589,286.6711167213458,15.059446134587116,True
vector_thrust,cruise_20,0.4938466591030741,13.911173495861245,57.36203092863413,369.62161939931076,370.85824908607384,243.47772023261803,6.469233473855184,6.199624471631606,286.8101546431706,15.222526464149821,True
vector_thrust,cruise_20,0.4899957160861534,13.80269622777897,57.38111451107797,369.4986278113082,370.7334840361291,243.55873944305554,6.520075391831053,6.201687447575445,286.9055725553898,15.335381553807728,True
vector_thrust,cruise_20,0.48862102778710387,13.763972613721238,57.38789395174265,369.45495476389425,370.68919385661275,243.58752150907878,6.5384187593101295,6.20242031956345,286.93946975871324,15.375659068977239,True
vector_thrust,cruise_21,0.48862102778710387,13.763972613721238,51.93247874593606,369.5250110878707,370.68919385661275,229.77631088417854,6.1688653566893645,6.1688653566893645,259.6623937296803,15.375659068977239,True
vector_thrust,cruise_21,0.4877916851794078,13.740610850124165,51.93617451039362,369.4987005878599,370.66253650844135,229.79266698047869,6.179353507645437,6.169304473130255,259.6808725519681,15.402510745756913,True
vector_thrust,cruise_21,0.48546761167033636,13.675143990713702,51.94650094276115,369.4252055856161,370.5880847444396,229.8383679779808,6.208935452481237,6.17053141989066,259.7325047138058,15.477747472195517,True
vector_thrust,cruise_21,0.48210843110190177,13.580519185969067,51.96134826682868,369.3195858406972,370.48112152831,229.9040767819478,6.252196786991838,6.17229552152003,259.8067413341434,15.586467691903987,True
vector_thrust,cruise_21,0.47837892430801093,13.47546265656369,51.977724764575264,369.20315800082284,370.3632562573291,229.97655314706282,6.300939110738603,6.174241313652458,259.8886238228763,15.707138032003071,True
vector_thrust,cruise_21,0.4750177713038488,13.380782290249265,51.992387615218966,369.09897551373194,370.2578266735348,230.04144553940057,6.345523006989227,6.175983496863011,259.96193807609484,15.815858251711544,True
vector_thrust,cruise_21,0.47269123816686187,13.315246145545405,52.00248401647621,369.0272727379015,370.18528729864346,230.08612850368243,6.37675455402243,6.177183112216447,260.012420082381,15.891094978150146,True
vector_thrust,cruise_21,0.4718608009072052,13.291853546681839,52.00607740869402,369.0017598519734,370.159481036865,230.10203153804355,6.387976987923456,6.1776100651837,260.0303870434701,15.917946654929821,True
vector_thrust,cruise_22,0.4718608009072052,13.291853546681839,57.469164288914925,368.93221467020413,370.159481036865,243.9325541626529,6.7706567124984,6.7706567124984,287.3458214445746,15.917946654929821,True
vector_thrust,cruise_22,0.4709429838920907,13.265999546256078,57.473544068886554,368.9040855225641,370.13101188717127,243.95114848220666,6.78385183334383,6.771172821366825,287.36772034443277,15.944798331709498,True
vector_thrust,cruise_22,0.46837095280347235,13.193547966294997,57.48577862692857,368.8255317286596,370.0515241562722,244.00309019926803,6.821104506239449,6.772614529450797,287.42889313464286,16.0200350581481,True
vector_thrust,cruise_22,0.46465331344696326,13.088825730900375,57.50336147973462,368.71269688320524,369.93738816953817,244.07773806493512,6.875678758455293,6.774686475421631,287.5168073986731,16.12875527785657,True
vector_thrust,cruise_22,0.46052574179396927,12.972556106872375,57.5227444219906,368.5883901854362,369.81170367933214,244.16002820113755,6.937302949463618,6.776970542281686,287.613722109953,16.249425617955655,True
vector_thrust,cruise_22,0.45680576104374165,12.86776791672512,57.54008956481382,368.4772233118954,369.69935455473694,244.23366687722748,6.99379597087939,6.779014476918779,287.7004478240691,16.358145837664125,True
vector_thrust,cruise_22,0.4542308102242108,12.79523409082284,57.552027705367095,368.4007494392298,369.62209497578567,244.2843501653622,7.033442064318441,6.7804212557154795,287.7601385268355,16.43338256410273,True
vector_thrust,cruise_22,0.4533116937849113,12.769343486898912,57.556275569393705,368.3735459415489,369.5946174367518,244.30238444075314,7.047702627057396,6.780921819849487,287.78137784696855,16.460234240882404,True
vector_thrust,cruise_23,0.4533116937849113,12.769343486898912,49.43045830237653,368.47599802394666,369.5946174367518,223.81153904540759,6.458372766277591,6.458372766277591,247.15229151188265,16.460234240882404,True
vector_thrust,cruise_23,0.4529170420366902,12.758226536244797,49.43202365290218,368.46432244470213,369.5828351506945,223.81862858112567,6.464000235170659,6.458577344042449,247.16011826451088,16.473660079272243,True
vector_thrust,cruise_23,0.45181118689979627,12.727075687318205,49.436403982306985,368.4316545390642,369.54987125292627,223.8384672696017,6.479821356590445,6.4591498151756115,247.18201991153492,16.511278442491545,True
vector_thrust,cruise_23,0.450213009613767,12.682056608838508,49.44271897698042,368.3845683613327,369.50236512168357,223.8670681346593,6.502823304512635,6.4599751302990756,247.21359488490214,16.56563855234578,True
vector_thrust,cruise_23,0.44843893147633984,12.632082576798306,49.449707737127575,368.3324724639987,369.449813805639,223.89872050962293,6.528548939215188,6.460888500705825,247.24853868563787,16.625973722395322,True
vector_thrust,cruise_23,0.4468403309597474,12.587051576330914,49.45598623486682,368.2856843738474,369.40262497812665,223.92715602700403,6.5519049800647595,6.461709044507241,247.27993117433408,16.680333832249556,True
vector_thrust,cruise_23,0.4457339480596113,12.555885860834122,49.460320943850505,368.2533881792284,369.37005675059237,223.94678808749657,6.568167662492404,6.462275553121461,247.30160471925254,16.71795219546886,True
vector_thrust,cruise_23,0.4453390614345249,12.54476229393028,49.46186598953062,368.24187802690346,369.3584505540137,223.953785657661,6.5739916540079815,6.462477477100773,247.30932994765308,16.731378033858697,True
vector_thrust,cruise_24,0.4453390614345249,12.54476229393028,55.241649183537554,368.1692381242465,369.3584505540137,238.52620588077266,7.000372700109394,7.000372700109394,276.2082459176878,16.731378033858697,True
vector_thrust,cruise_24,0.4435746522272867,12.495060626120754,55.24934236923801,368.1179446064153,369.30670739844965,238.55943164805896,7.028217811218597,7.001347824638761,276.24671184619007,16.785081387418042,True
vector_thrust,cruise_24,0.4386296007521815,12.355763401469904,55.27077529572064,367.97511813788276,369.16268239407583,238.65199738809275,7.10745213219912,7.0040644849617015,276.3538764786032,16.93555484029525,True
vector_thrust,cruise_24,0.4314804672783521,12.154379359953582,55.30143072075371,367.7710265572526,368.95701563848195,238.78439377859783,7.225213153634982,7.007950112850103,276.50715360376853,17.152995279712194,True
vector_thrust,cruise_24,0.42354096921563933,11.93073152720111,55.335026239612375,367.547620850662,368.732072509543,238.9294880132791,7.3606521670636536,7.012208402691487,276.6751311980619,17.39433595991036,True
vector_thrust,cruise_24,0.4163836669508045,11.729117378895902,55.364915913615754,367.3490865546606,368.5323366697336,239.05857723475256,7.487174622214387,7.015996970318865,276.8245795680788,17.611776399327304,True
vector_thrust,cruise_24,0.41142842834469273,11.589533192808247,55.385394039210894,367.2131897578443,368.3957069396002,239.1470193264937,7.57734917593204,7.018592607985926,276.92697019605447,17.762249852204512,True
vector_thrust,cruise_24,0.40965948514666084,11.539703806948193,55.392662325415145,367.16498018031314,368.347254827067,239.17841001370763,7.610068476745958,7.019513875772828,276.9633116270757,17.815953205763858,True
vector_thrust,cruise_25,0.40965948514666084,11.539703806948193,49.03111410041926,367.24424938296085,368.347254827067,223.14960289145574,7.101604147294936,7.101604147294936,245.1555705020963,17.815953205763858,True
vector_thrust,cruise_25,0.409268039722058,11.528677175269241,49.03253546746539,367.233598868675,368.3365557130426,223.15607346307846,7.108396455323145,7.1018100694103055,245.16267733732693,17.829379044153697,True
vector_thrust,cruise_25,0.4081711740651023,11.497779551129643,49.03651319536253,367.20379650013507,368.30661955943526,223.1741815009114,7.127498519476602,7.102386347005728,245.18256597681267,17.866997407373,True
vector_thrust,cruise_25,0.40658600141964624,11.453126800553417,49.04224852376182,367.1608338845499,368.26346980008026,223.20029078185877,7.155286614200537,7.1032172594315455,245.2112426188091,17.921357517227236,True
vector_thrust,cruise_25,0.40482637727924886,11.403559923359124,49.04859683023869,367.1132909197404,368.21572760273483,223.22919058141707,7.186387701249871,7.104136978461918,245.24298415119344,17.981692687276777,True
vector_thrust,cruise_25,0.4032408172723572,11.358896261193163,49.05430002347077,367.0705833982794,368.17284812956166,223.25515400743345,7.214644604877575,7.104963249140811,245.27150011735387,18.03605279713101,True
vector_thrust,cruise_25,0.4021434685954078,11.327985030856558,49.05823812791841,367.0410991175554,368.14324901626054,223.27308198916293,7.234331365502325,7.105533796557221,245.29119063959203,18.073671160350315,True
vector_thrust,cruise_25,0.40175180820446693,11.316952343787802,49.05964192223962,367.0305901641337,368.1326998987342,223.27947267769855,7.241383911404132,7.105737176440585,245.2982096111981,18.08709699874015,True
vector_thrust,cruise_26,0.40175180820446693,11.316952343787802,57.78384046082501,366.92206000855583,368.1326998987342,245.26850953298734,7.95217864661879,7.95217864661879,288.91920230412506,18.08709699874015,True
vector_thrust,cruise_26,0.4003676238077222,11.277961234020344,57.78967528416103,366.8849939172704,368.0954818683396,245.2932812330136,7.979671336486804,7.952981803062984,288.9483764208051,18.12737451390966,True
vector_thrust,cruise_26,0.3964884872302985,11.16868978113517,57.80595511792185,366.7816148091412,367.9917079545264,245.36239714881393,8.057741597558895,7.955222702682814,289.02977558960924,18.240229603567567,True
vector_thrust,cruise_26,0.3908810605602806,11.010734100289595,57.82930264844639,366.6334565346224,367.8430577753899,245.46151891980892,8.173333794832189,7.958436462297623,289.14651324223195,18.403309933130277,True
vector_thrust,cruise_26,0.3846546600401269,10.835342536341605,57.85497500184894,366.4706835517748,367.67984371595946,245.57051070942,8.30563432747968,7.9619702309972915,289.27487500924474,18.5843154432789,True
vector_thrust,cruise_26,0.3790425200473973,10.677254085842177,57.87789173246262,366.32550436406814,367.53435762301916,245.66780352252755,8.428607328052015,7.965124691520318,289.38945866231313,18.74739577284161,True
vector_thrust,cruise_26,0.3751575057459501,10.567817063266201,57.893634416757,366.22583992328845,367.4345289475438,245.7346389741755,8.515890653461867,7.967291653159397,289.468172083785,18.860250862499512,True
vector_thrust,cruise_26,0.3737707054064139,10.528752264969407,57.89923020375475,366.1904269450034,367.39906660125683,245.75839584716672,8.547486885033535,7.968061906537912,289.49615101877373,18.900528377669026,True
vector_thrust,cruise_27,0.3737707054064139,10.528752264969407,49.96591047897281,366.2888556868629,367.39906660125683,225.74757753305434,7.853620236063565,7.853620236063565,249.82955239486404,18.900528377669026,True
vector_thrust,cruise_27,0.3733717987335297,10.517515457282528,49.96729722135796,366.2786838993918,367.38888271140206,225.75384456498375,7.862010891102118,7.853838262273719,249.8364861067898,18.913954216058862,True
vector_thrust,cruise_27,0.37225402825770276,10.486028965005714,49.97117827153419,366.2502193240909,367.3603861427181,225.7713839899654,7.885618014157689,7.854448448148004,249.85589135767094,18.951572579278164,True
vector_thrust,cruise_27,0.3706386501899544,10.440525357463505,49.976774835414204,366.2091805469155,367.3193060769591,225.7966762448364,7.919986106707539,7.855328350235288,249.88387417707102,19.0059326891324,True
vector_thrust,cruise_27,0.3688455045800993,10.390014213523925,49.98297042998938,366.16375990388804,367.27384635269135,225.82467566655617,7.958488854953853,7.856302433002507,249.91485214994688,19.06626785918194,True
vector_thrust,cruise_27,0.36722974634464256,10.344499897032184,49.98853813792461,366.12295274831285,367.23300996906124,225.8498374630634,7.9935047796198,7.857177796523057,249.94269068962305,19.120627969036175,True
vector_thrust,cruise_27,0.36611150180393415,10.313000050815047,49.99238309634241,366.09477699999485,367.20481726366864,225.86721376937874,8.017919795314642,7.857782307598646,249.96191548171205,19.15824633225548,True
vector_thrust,cruise_27,0.36571238415215723,10.301757300060768,49.99375377523034,366.08473375174856,367.1947686045308,225.87340820209522,8.026670022868455,7.857997808126558,249.9687688761517,19.171672170645316,True
vector_thrust,cruise_28,0.36571238415215723,10.301757300060768,57.93149991547012,365.98634139423075,367.1947686045308,245.89539667350024,8.73582574049639,8.73582574049639,289.6574995773506,19.171672170645316,True
vector_thrust,cruise_28,0.3643246792091154,10.262667019975082,57.93701633051746,365.9514763175757,367.15988605692564,245.91881657345385,8.769100059873622,8.736657769756077,289.6850816525873,19.211949685814826,True
vector_thrust,cruise_28,0.3604357145478526,10.15311871965782,57.95241230362942,365.8542051772994,367.06258890291,245.98418006529974,8.863714605221606,8.738979911944506,289.7620615181471,19.32480477547273,True
vector_thrust,cruise_28,0.3548141793023612,9.99476561415102,57.97450443983526,365.7147182489942,366.9231218063221,246.07797206884757,9.00414674007208,8.742312022304969,289.8725221991763,19.487885105035442,True
vector_thrust,cruise_28,0.34857224660967423,9.818936524216177,57.9988140678498,365.5613531267321,366.7698534607239,246.1811784239304,9.165384100104417,8.745978592503159,289.994070339249,19.668890615184065,True
vector_thrust,cruise_28,0.3429462250597079,9.660457043935436,58.020531056518244,365.4244523213142,366.63310237709055,246.27337780743431,9.315740838897234,8.749254122499115,290.10265528259123,19.831970944746775,True
vector_thrust,cruise_28,0.33905166573510387,9.550751147467716,58.03545954131392,365.33040531442333,366.53919121079383,246.33675658834932,9.42274651896078,8.751505754669576,290.17729770656956,19.944826034404677,True
vector_thrust,cruise_28,0.33766147080897924,9.511590727013502,58.040767851018806,365.29697486002186,366.50581527291337,246.35929302300775,9.461540877107872,8.752306397417069,290.203839255094,19.98510354957419,True
vector_thrust,cruise_29,0.33766147080897924,9.511590727013502,49.27771126422618,365.4053572299641,366.50581527291337,224.27222132319898,8.615832356686385,8.615832356686385,246.3885563211309,19.98510354957419,True
vector_thrust,cruise_29,0.3372680617464004,9.500508781588744,49.278984551955766,365.39591143734725,366.496384109387,224.27801779380283,8.625882319686026,8.616055038829936,246.3949227597788,19.998529387964027,True
vector_thrust,cruise_29,0.33616569979294125,9.46945633219553,49.282548538230415,365.369474789443,366.46998962499254,224.2942423651723,8.654168376344215,8.616678335759683,246.4127426911521,20.03614775118333,True
vector_thrust,cruise_29,0.3345725995374582,9.424580268660797,49.28768911115235,365.3313501040977,366.4319288707557,224.31764414314839,8.695375862996581,8.617577358361327,246.43844555576175,20.090507861037565,True
vector_thrust,cruise_29,0.33280419675783224,9.37476610585443,49.29338159773582,365.28914115833254,366.38979493181034,224.3435584559164,8.7415797756905,8.618572904635988,246.46690798867908,20.150843031087106,True
vector_thrust,cruise_29,0.3312107456909738,9.329880160309122,49.29849811576456,365.2512071218959,366.351932003559,224.36685101984676,8.783635134111133,8.619467731577984,246.4924905788228,20.205203140941343,True
vector_thrust,cruise_29,0.3301079462901043,9.298815388453644,49.30203232522497,365.22500819656847,366.3257841950622,224.3829402941487,8.812978619820584,8.62008583082054,246.51016162612487,20.242821504160645,True
vector_thrust,cruise_29,0.32971434254406057,9.287727958987622,49.30329240472221,365.2156681965092,366.31646280931227,224.38867672966617,8.823499231397411,8.620306206605164,246.516462023611,20.25624734255048,True
vector_thrust,cruise_30,0.32971434254406057,9.287727958987622,58.07091150577895,365.10725909382666,366.31646280931227,246.4872675660995,9.689591583644402,9.689591583644402,290.35455752889476,20.25624734255048,True
vector_thrust,cruise_30,0.3283232967172535,9.248543569500102,58.07615327978972,365.0742886121795,366.28356641496083,246.50952147940495,9.730644345668242,9.690466400965382,290.3807663989486,20.29652485771999,True
vector_thrust,cruise_30,0.3244250030995844,9.138732481678435,58.09078929146273,364.98226038106606,366.19175921307914,246.5716585606987,9.847567096182658,9.69290905427515,290.45394645731363,20.409379947377897,True
vector_thrust,cruise_30,0.3187900691896662,8.98000194900468,58.111808766914855,364.8501753849523,366.06002590419274,246.66089659062058,10.021631609074674,9.69641706534692,290.55904383457425,20.572460276940607,True
vector_thrust,cruise_30,0.31253337620887006,8.8037570763062,58.134964547943845,364.7047766083333,365.9150566519724,246.75920429051754,10.222256213659891,9.700281611661767,290.6748227397192,20.75346578708923,True
vector_thrust,cruise_30,0.30689415357238087,8.644905734433266,58.15567683175862,364.57481908776674,365.7855157942999,246.8471381407769,10.410090461895182,9.703738354493979,290.7783841587931,20.91654611665194,True
vector_thrust,cruise_30,0.3029905115280743,8.534943986706319,58.16993021089421,364.48544121784084,365.69643986220035,246.9076507582077,10.54421026861304,9.706117148962152,290.84965105447105,21.029401206309842,True
vector_thrust,cruise_30,0.3015970852584614,8.495692542491872,58.17500185081159,364.45364933797623,365.664758036401,246.92918236858208,10.592925908295191,9.706963572035953,290.87500925405794,21.069678721479356,True
vector_thrust,cruise_31,0.3015970852584614,8.495692542491872,51.01106112705001,364.5423942625108,365.664758036401,228.83515517606727,9.819107146602178,9.819107146602178,255.05530563525008,21.069678721479356,True
vector_thrust,cruise_31,0.3011898273024253,8.484220487392262,51.012358748909115,364.53311572120856,365.6555095132298,228.84097781728116,9.832384103216743,9.819356990809512,255.06179374454558,21.08310455986919,True
vector_thrust,cruise_31,0.3000486604214787,8.452074941450105,51.015991470929876,364.5071427455987,365.6296210806748,228.85727843424934,9.869779105897273,9.820056435370132,255.07995735464937,21.120722923088493,True
vector_thrust,cruise_31,0.2983994822961865,8.40561921961089,51.021232836961815,364.4696749342932,365.59227649919916,228.88079729891894,9.924326526190239,9.821065608335621,255.10616418480905,21.17508303294273,True
vector_thrust,cruise_31,0.2965688334096514,8.354051645342293,51.02703932775029,364.4281763437256,365.5509160144097,228.9068519697307,9.985586653922837,9.822183590422652,255.13519663875144,21.23541820299227,True
vector_thrust,cruise_31,0.29491929654703597,8.307585818226366,51.03226108342134,364.39086489563743,365.5137300554934,228.93028283799967,10.04143749934219,9.8231889875431,255.16130541710672,21.289778312846508,True
vector_thrust,cruise_31,0.2937776823219002,8.275427671039443,51.03586950266827,364.365086863577,365.4880393859805,228.9464743331373,10.080458113293524,9.823883749785805,255.17934751334136,21.32739667606581,True
vector_thrust,cruise_31,0.29337022527606543,8.263950007776492,51.03715625413896,364.35589506879495,365.47887886275055,228.95224819228403,10.094458611150003,9.82413150079927,255.18578127069478,21.340822514455645,True
vector_thrust,cruise_32,0.29337022527606543,8.263950007776492,58.20477628828013,364.2670999798578,365.47887886275055,247.0555907308817,10.889976764702485,10.889976764702485,291.02388144140065,21.340822514455645,True
vector_thrust,cruise_32,0.2830629710409708,7.973604818055515,58.24171136116189,364.0359716616724,365.24861512584994,247.2123984768372,11.286514410965557,10.896888701829385,291.20855680580945,21.638458482307364,True
vector_thrust,cruise_32,0.25415291067565093,7.159236920440872,58.34363559846872,363.39969229868984,364.6146278793582,247.645116717682,12.57035634028673,10.915962512604207,291.7181779923436,22.472415932163877,True
vector_thrust,cruise_32,0.21228429589671954,5.979839321034354,58.49126407376117,362.4820084214698,363.69858686543245,248.2718732674123,15.049582844136626,10.943589348505778,292.45632036880585,23.67751936326419,True
vector_thrust,cruise_32,0.16568508072225285,4.667185372457827,58.68163066210392,361.305473635464,362.5189487449281,249.08007463061557,19.282284108243758,10.97921410016773,293.4081533105196,25.01508326145521,True
vector_thrust,cruise_32,0.12353471683871624,3.4798511785553874,58.98333070210968,359.45650048364786,360.6613163965467,250.36093681113954,25.861412338127526,11.035673293596332,294.91665351054843,26.220186692555515,True
vector_thrust,cruise_32,0.09417846818175056,2.65291459666903,59.472931402538435,356.4958454957782,357.693451428259,252.43953286808085,33.9225562780501,11.127295841769914,297.3646570126922,27.054144142412035,True
vector_thrust,cruise_32,0.08362579946594731,2.3556563229844314,59.786455126949875,354.6254172244889,355.8214640171839,253.77059585597138,38.203154915533815,11.185967839305372,298.9322756347494,27.351780110263746,True
vector_thrust,decel_descend,0.08362579946594731,2.3556563229844314,95.7002576808986,354.5290496092988,355.8214640171839,274.4142467425166,41.29966716605757,41.29966716605757,478.50128840449304,27.351780110263746,False
vector_thrust,decel_descend,0.07807009271748847,2.1991575413377036,95.90932463243549,353.26488580269967,354.5551132832898,275.0059879739344,44.175988809594855,41.38872491796401,479.5466231621774,27.470617468780844,False
vector_thrust,decel_descend,0.05863344740006373,1.6516464056355984,96.5653239634924,346.51236929190543,347.79151386401566,276.9135518019983,58.09595237609077,41.675815519608214,482.8266198174621,27.803592348033266,False
vector_thrust,decel_descend,0.01975681797172534,0.556530083710573,191.92585700721253,307.0024685760513,309.547352648706,574.7354242507382,317.04520418134706,86.49835790912952,959.6292850360627,28.284754989516166,False
vector_thrust,decel_descend,0.0,-1.360647165643367,186.53118146419985,256.5117911045528,258.9268292682927,561.6367822650966,-105.88083421384077,84.52699687100551,932.6559073209993,28.81880523101132,False
vector_thrust,decel_descend,0.0,-2.22770245713883,36.600400386013874,258.4448399520816,258.9268292682927,112.09053865373126,-13.004080158762799,16.869758016634226,183.00200193006938,29.299967872494225,False
vector_thrust,decel_descend,0.0,-2.366171487337578,27.40033224231778,258.5624346748389,258.9268292682927,84.74292871017957,-9.260249346269923,12.753910527434389,137.0016612115889,29.632942751746643,False
vector_thrust,decel_descend,0.0,-2.420480503501653,23.63267871513641,258.6125151077264,258.9268292682927,73.09631641076685,-7.809863456760406,11.001081666368796,118.16339357568205,29.75178011026374,False
vector_thrust,arrival_terminal_procedure,0.0,-2.420480503501653,262.0509358188182,255.2402177003791,258.9268292682927,857.3515274217615,-90.40791288684449,-90.40791288684449,1310.254679094091,29.75178011026374,False
vector_thrust,arrival_terminal_procedure,0.0,-2.6242893221211445,258.86932388202564,255.28551877035372,258.9268292682927,846.8163948695309,-82.37657366710476,-89.2969807714056,1294.3466194101281,29.799187429218897,False
vector_thrust,arrival_terminal_procedure,0.0,-3.2032861358685345,254.39704643492507,255.3491704378409,258.9268292682927,832.0136815004151,-66.32376701697943,-87.73603129157152,1271.9852321746255,29.93201978515269,False
vector_thrust,arrival_terminal_procedure,0.0,-4.012822886462564,249.8847130866211,255.41335987647528,258.9268292682927,817.0859050738129,-52.00694429516289,-86.16189388397974,1249.4235654331055,30.123968100890487,False
vector_thrust,arrival_terminal_procedure,0.0,-4.92500806062278,256.5636589381224,255.3183391243278,258.9268292682927,839.1837544104442,-43.50429476639249,-88.49211710504362,1282.8182946906118,30.33701465840882,False
vector_thrust,arrival_terminal_procedure,0.0,-5.748549531825274,251.71156396051077,255.38737771334485,258.9268292682927,823.1282685925219,-36.56862811632105,-86.79906248653984,1258.557819802554,30.52896297414662,False
vector_thrust,arrival_terminal_procedure,0.0,-6.3156055574194925,257.9794663075789,255.298186974655,258.9268292682927,843.8703008459719,-34.11209833942825,-88.98631448888395,1289.8973315378944,30.66179533008041,False
vector_thrust,arrival_terminal_procedure,0.0,-6.52489913988254,266.10760632238686,255.1824277642142,258.9268292682927,870.7910474601142,-34.05578673361918,-91.82511332097945,1330.5380316119345,30.709202649035568,False
vector_thrust,second_descent,0.0,-6.52489913988254,105.8074065229703,257.19170032805164,258.9268292682927,403.51835819559756,-15.905467721877733,-15.905467721877733,529.0370326148515,30.709202649035568,False
vector_thrust,second_descent,0.0,-6.575194527691513,106.45454566379242,257.18100879644123,258.9268292682927,406.00476089568633,-15.880399210024624,-16.003474162196074,532.2727283189621,30.733960432059966,False
vector_thrust,second_descent,0.0,-6.6947002009260554,110.65449815038303,257.11158753585863,258.9268292682927,422.1492401009394,-16.21274411726383,-16.63984048276186,553.2724907519151,30.803330198570887,False
vector_thrust,second_descent,0.0,-6.8947066839843805,117.20856563421725,257.0032032283543,258.9268292682927,447.3548930089189,-16.67534903989983,-17.633370741284544,586.0428281710862,30.90357241554649,False
vector_thrust,second_descent,0.0,-7.0970458717039735,105.19483183185073,257.20155186869243,258.9268292682927,401.2273022326189,-14.540738027037921,-15.815161256439279,525.9741591592536,31.014832882524644,False
vector_thrust,second_descent,0.0,-7.284741832840399,116.42728574473972,257.0158130698023,258.9268292682927,444.4223717419582,-15.679838742498347,-17.51777966244507,582.1364287236986,31.115075099500253,False
vector_thrust,second_descent,0.0,-7.416023397625466,107.32785720117623,257.16622251776573,258.9268292682927,409.4434303551098,-14.198312852256352,-16.139016065017145,536.6392860058811,31.184444866011173,False
vector_thrust,second_descent,0.0,-7.460419374188353,107.84797023323516,257.15753088102156,258.9268292682927,411.46474122585084,-14.183017279742387,-16.21868999845159,539.2398511661758,31.209202649035568,False
vector_thrust,hover_descent,0.0,-7.460419374188353,165.39334526150122,256.1505518483035,258.9268292682927,645.6459116253974,-22.16799730235529,-22.16799730235529,826.9667263075062,31.209202649035568,True
vector_thrust,hover_descent,0.0,-7.485233817821919,165.39284210833262,256.15056038730626,258.9268292682927,645.6439258108054,-22.09444052546934,-22.1679291201958,826.9642105416631,31.218108121704088,True
vector_thrust,hover_descent,0.0,-7.554761937130895,165.39143179087392,256.1505843216715,258.9268292682927,645.6383596793472,-21.890913898890854,-22.16773800927118,826.9571589543697,31.24306070162919,True
vector_thrust,hover_descent,0.0,-7.65523192169237,165.38939362167216,256.15061891143256,258.9268292682927,645.6303155488654,-21.60334351820193,-22.167461817229054,826.9469681083607,31.279118224333395,True
vector_thrust,hover_descent,0.0,-7.766743725641554,165.38713041152988,256.1506573203173,258.9268292682927,645.6213832500882,-21.29287994318392,-22.167155130279397,826.9356520576495,31.319139055228643,True
vector_thrust,hover_descent,0.0,-7.867211068105952,165.38509064525167,256.1506919371906,258.9268292682927,645.6133328144408,-21.02070231657188,-22.166878721751903,826.9254532262584,31.355196577932855,True
vector_thrust,hover_descent,0.0,-7.936735892775843,165.3836785175399,256.150715902361,258.9268292682927,645.6077595189985,-20.836385641033626,-22.166687364854713,826.9183925876995,31.380149157857954,True
vector_thrust,hover_descent,0.0,-7.9615488700827735,165.38317437476067,256.1507244581214,258.9268292682927,645.6057698072808,-20.77138360249226,-22.166619048888958,826.9158718738034,31.38905463052647,True
