eVTOL_type,mission_segment,propeller_throttle,propeller_rpm,propeller_thrust_N,propeller_torque_N_m,propeller_efficiency,propeller_motor_efficiency,propeller_power_coefficient,propeller_tip_mach,time_min,fesibility
vector_thrust,hover_climb,0.8859011443385304,1926.491416070682,4.673708288515892e-12,114.40425217963276,0.11372948033187526,0.923587100782175,0.03230446131851851,0.5261502466147862,0.0,True
vector_thrust,hover_climb,0.8858669699280569,1926.5589085777588,4.6737071815811445e-12,114.40394895392419,0.11372577050668384,0.9235888927961966,0.032304452562501064,0.5261731581000413,0.00599436928755283,True
vector_thrust,hover_climb,0.8857781778529923,1926.7480377109823,4.673704079236781e-12,114.40309953986542,0.11371537610171725,0.9235939137015808,0.03230442806888666,0.5262373622096477,0.022790218796696668,True
vector_thrust,hover_climb,0.8856679626888811,1927.0213880154267,4.673699596400742e-12,114.40187188978777,0.11370035649299538,0.9236011687603021,0.032304392553640114,0.5263301596324799,0.047060924544569296,True
vector_thrust,hover_climb,0.8855706076438172,1927.3248542456038,4.673694620931118e-12,114.4005091417289,0.11368368701319058,0.9236092207395612,0.032304353005889894,0.5264331844001542,0.07399937559713252,True
vector_thrust,hover_climb,0.8855053346508218,1927.598331182619,4.6736901381413095e-12,114.39928120791326,0.11366866925884386,0.923616474844585,0.03230431726044615,0.5265260311941867,0.09827008134500513,True
vector_thrust,hover_climb,0.8854725911991133,1927.7876182483765,4.67368703597574e-12,114.39843137077752,0.11365827716490484,0.9236214945767691,0.03230429245940745,0.5265902968753112,0.115065930854149,True
vector_thrust,hover_climb,0.8854633631649867,1927.855180980306,4.673685928812661e-12,114.39812805154894,0.11365456837162333,0.923623286045991,0.03230428359540351,0.5266132357456089,0.12106030014170183,True
vector_thrust,second_climb,0.6203690748904895,1349.0585842248572,1926.6540242235224,81.04994173702643,0.8038970121995677,0.913335471246715,0.046739180947988845,0.36850906295139363,0.12106030014170183,True
vector_thrust,second_climb,0.6204033505419828,1349.0914044175306,1926.791033665038,81.04931423372363,0.8039308589520682,0.913336810223547,0.04675348378170789,0.36853371710819804,0.145818083166097,True
vector_thrust,second_climb,0.6205065474773043,1349.1838145594038,1927.1760448544014,81.04755258462563,0.8040258821400005,0.91334057882984,0.046793557421073155,0.3686029341068459,0.21518784967701834,True
vector_thrust,second_climb,0.6206743291117146,1349.3185273278891,1927.7354029066119,81.04499874919325,0.8041636824242591,0.9133460685613526,0.046851460302159656,0.368703315178982,0.315430066652623,True
vector_thrust,second_climb,0.6208864136334492,1349.4696728721756,1928.3604298369546,81.04215472887869,0.8043172998389002,0.9133522220090663,0.046915721504582064,0.36881522710250186,0.42669053363078013,True
vector_thrust,second_climb,0.6211008426821835,1349.6073125604266,1928.9273645117407,81.03958566890411,0.8044563040366576,0.9133578198964128,0.04697361438401887,0.368916503947626,0.5269327506063848,True
vector_thrust,second_climb,0.6212622177485538,1349.7033724231878,1929.3218234491762,81.03780504380116,0.8045528284235549,0.9133617233660787,0.04701367556889313,0.3689868379325968,0.5963025171173062,True
vector_thrust,second_climb,0.6213223882509026,1349.7378160695241,1929.463027608339,81.0371691201705,0.8045873426973635,0.913363122327341,0.04702797293351998,0.369011988969668,0.6210603001417013,True
vector_thrust,departure_terminal_procedures,0.5652272106954638,1258.2744745238547,1325.3020585929587,60.625102330084914,0.760542805088822,0.912326468023011,0.04048298629153124,0.344006340332021,0.6210603001417013,True
vector_thrust,departure_terminal_procedures,0.5653323214878332,1258.2744715955378,1325.3020180330095,60.625100992949584,0.760542800329648,0.9123264678775754,0.040482985587073424,0.34400633953143295,0.6695423434477805,True
vector_thrust,departure_terminal_procedures,0.5656359617309829,1258.2744745238556,1325.3020585929687,60.62510233009024,0.7605428050888233,0.9123264680230112,0.04048298629153389,0.34400634033202127,0.8053860100960082,True
vector_thrust,departure_terminal_procedures,0.5660985392019213,1258.2744745238467,1325.3020585928455,60.62510233008758,0.7605428050888089,0.9123264680230108,0.04048298629153179,0.3440063403320188,1.0016857958934637,True
vector_thrust,departure_terminal_procedures,0.5666450861833211,1258.2744710332927,1325.3020102453806,60.6251007362116,0.7605427994158735,0.9123264678496512,0.04048298545181307,0.3440063393777177,1.2195621208040777,True
vector_thrust,departure_terminal_procedures,0.56716754180412,1258.2744672474728,1325.301957808219,60.625099007501895,0.7605427932630657,0.9123264676616268,0.04048298454105679,0.34400633834269234,1.4158619066015334,True
vector_thrust,departure_terminal_procedures,0.5675512060339304,1258.274474744853,1325.3020616539807,60.62510243100917,0.7605428054479931,0.9123264680339873,0.04048298634470274,0.34400634039244093,1.551705573249761,True
vector_thrust,departure_terminal_procedures,0.5677260342136754,1258.274474525576,1325.302058616783,60.62510233087961,0.7605428050916175,0.9123264680230968,0.04048298629194985,0.3440063403324916,1.6001876165558402,True
vector_thrust,accel_climb,0.6343095145672503,1374.2566002538565,1899.7099041107185,80.78423609065429,0.7992256925028263,0.9142995576451369,0.04522325203235262,0.37571530957849986,1.6001876165558402,True
vector_thrust,accel_climb,0.6349977098298731,1374.389286856933,1900.2795240251546,80.78015378721467,0.7993842077551424,0.9143050582583718,0.04529109055103276,0.375828519754799,1.7190249750729372,True
vector_thrust,accel_climb,0.6369135263069283,1374.7719680609023,1901.897388527344,80.76838742683123,0.7998333521468466,0.9143209130803583,0.0454809808600004,0.37614903920918796,2.0519998543253593,True
vector_thrust,accel_climb,0.6382159797371052,1375.3532064528551,1904.2937694679754,80.75062011333142,0.8004952218531801,0.9143449512296674,0.04575493361297778,0.3766208030530562,2.5331624958082624,True
vector_thrust,accel_climb,0.6383979046291398,1376.0371031764614,1907.0379015235308,80.73003312932755,0.8012472142774169,0.9143731381218418,0.046058483305010674,0.37715626412962544,3.067212737303416,True
vector_thrust,accel_climb,0.638814309748781,1376.65201520768,1909.589766578832,80.71638353065839,0.8019063845032008,0.9143975088211809,0.046337179380485274,0.3776394699764333,3.548375378786319,True
vector_thrust,accel_climb,0.639210199222007,1376.990922969406,1911.4015909421787,80.7229362830736,0.8022710273823179,0.9144082064714739,0.04654643776474686,0.37795070437632294,3.8813502580387413,True
vector_thrust,accel_climb,0.6393813046260907,1377.11694640558,1912.057562027318,80.72506405383864,0.8024037446653695,0.9144122430957545,0.04662094941451866,0.37806329100260544,4.000187616555838,True
vector_thrust,cruise_0,0.6882467629547548,1505.2923066221647,1225.629995724877,62.32374212763377,0.7021827276790962,0.9192583938354965,0.030124940539906612,0.4132515868371806,4.000187616555838,True
vector_thrust,cruise_0,0.6882574443754144,1505.2923063414462,1225.629991547136,62.32374198444326,0.702182727029006,0.9192583938138894,0.030124940481929475,0.4132515867601143,4.0069005357507566,True
vector_thrust,cruise_0,0.6882875403024916,1505.2923059340148,1225.6299854835988,62.32374177662759,0.7021827260854775,0.9192583937825302,0.03012494039778688,0.4132515866482611,4.0257097173604075,True
vector_thrust,cruise_0,0.6883314655862751,1505.2923059280827,1225.6299853953087,62.32374177358816,0.7021827260717426,0.9192583937820721,0.030124940396555607,0.4132515866466326,4.052889772287525,True
vector_thrust,cruise_0,0.6883808214169388,1505.2923059205043,1225.6299852825214,62.32374176972144,0.7021827260541935,0.9192583937814888,0.03012494039498873,0.4132515866445521,4.083057357312296,True
vector_thrust,cruise_0,0.6884258327054846,1505.2923060552982,1225.629987288583,62.32374183847897,0.7021827263663529,0.9192583937918639,0.0301249404228294,0.41325158668155737,4.110237412239414,True
vector_thrust,cruise_0,0.6884572832955576,1505.2923064913925,1225.629993778686,62.323742060939146,0.7021827273762538,0.9192583938254318,0.030124940512902286,0.4132515868012794,4.129046593849065,True
vector_thrust,cruise_0,0.6884685676644485,1505.29230668611,1225.6299966765325,62.32374216026948,0.7021827278271802,0.9192583938404202,0.030124940553121992,0.4132515868547357,4.1357595130439835,True
vector_thrust,cruise_1,0.6603673800600915,1442.4203152373773,1235.2608445865255,61.20974022289892,0.7172937876754648,0.9176140722581341,0.03222190671081808,0.3959911849251562,4.1357595130439835,True
vector_thrust,cruise_1,0.660377399517138,1442.4203152397208,1235.26084462029,61.209740221046935,0.7172937876804771,0.9176140722579991,0.032221906709736646,0.3959911849257995,4.142472432238902,True
vector_thrust,cruise_1,0.6604056025455091,1442.4203152397201,1235.2608446202812,61.209740221047554,0.7172937876804744,0.917614072257999,0.03222190670973725,0.3959911849257994,4.161281613848553,True
vector_thrust,cruise_1,0.6604466934809882,1442.4203152397213,1235.2608446203005,61.209740221046935,0.7172937876804791,0.9176140722579991,0.032221906709737284,0.39599118492579966,4.188461668775671,True
vector_thrust,cruise_1,0.6604927668013735,1442.4203152397215,1235.2608446203053,61.209740221046324,0.7172937876804761,0.917614072257999,0.03222190670973722,0.3959911849257997,4.218629253800442,True
vector_thrust,cruise_1,0.660534697383826,1442.420315239725,1235.2608446203512,61.209740221043255,0.717293787680484,0.9176140722579986,0.0322219067097357,0.39599118492580065,4.24580930872756,True
vector_thrust,cruise_1,0.6605639474379171,1442.420315239722,1235.260844620312,61.209740221046125,0.7172937876804804,0.9176140722579988,0.032221906709737146,0.3959911849257999,4.26461849033721,True
vector_thrust,cruise_1,0.6605744328660643,1442.420315239722,1235.260844620312,61.20974022104592,0.7172937876804804,0.9176140722579988,0.032221906709737014,0.3959911849257999,4.271331409532129,True
vector_thrust,cruise_2,0.6410470821246331,1398.6781028614355,1248.8355341318934,60.699768160542305,0.7283940519434311,0.9164355212506042,0.03398332283008174,0.3839825281369672,4.271331409532129,True
vector_thrust,cruise_2,0.6410580187112087,1398.6781028616278,1248.8355341345537,60.69976816063105,0.7283940519438079,0.9164355212506181,0.033983322830120614,0.38398252813702,4.278044328727048,True
vector_thrust,cruise_2,0.6410887855576863,1398.6781028615464,1248.835534133419,60.699768160580426,0.728394051943648,0.9164355212506111,0.033983322830097494,0.3839825281369977,4.2968535103367,True
vector_thrust,cruise_2,0.6411335658375943,1398.678102861542,1248.8355341333572,60.699768160585755,0.7283940519436384,0.9164355212506115,0.03398332283010144,0.3839825281369964,4.324033565263817,True
vector_thrust,cruise_2,0.6411837124723903,1398.6781028615426,1248.8355341333715,60.69976816058638,0.7283940519436403,0.9164355212506116,0.033983322830100075,0.38398252813699657,4.354201150288588,True
vector_thrust,cruise_2,0.6412292934437669,1398.678102861579,1248.835534133874,60.69976816061568,0.728394051943712,0.9164355212506153,0.03398332283011621,0.38398252813700656,4.381381205215705,True
vector_thrust,cruise_2,0.6412610587386636,1398.6781028626106,1248.8355341480983,60.6997681610816,0.7283940519457294,0.9164355212506885,0.03398332283032471,0.3839825281372897,4.400190386825357,True
vector_thrust,cruise_2,0.6412724396760173,1398.67810286259,1248.835534147819,60.69976816108693,0.7283940519456888,0.9164355212506885,0.03398332283032993,0.3839825281372841,4.406903306020275,True
vector_thrust,cruise_3,0.6412345215714018,1398.6045986227218,1248.863322394437,60.69914207411535,0.7284126034888215,0.916433516846582,0.03398654438182127,0.3839623488381333,4.406903306020275,True
vector_thrust,cruise_3,0.6412459236798046,1398.6045984273337,1248.8633202078497,60.69914187990804,0.7284126031858085,0.9164335168222851,0.03398654428257725,0.38396234878449287,4.413616225215193,True
vector_thrust,cruise_3,0.6412779968122151,1398.6045988960461,1248.8633267411524,60.699141956858774,0.7284126041134478,0.9164335168422546,0.03398654430288404,0.3839623489131697,4.432425406824845,True
vector_thrust,cruise_3,0.6413246651859082,1398.6045995889356,1248.863336403784,60.69914206661844,0.7284126054854733,0.9164335168713816,0.033986544330666744,0.38396234910339033,4.459605461751963,True
vector_thrust,cruise_3,0.6414170745619765,1398.6046014919623,1248.8633625668062,60.6991426137577,0.7284126091952285,0.9164335169755826,0.03398654454453018,0.383962349625833,4.489773046776733,True
vector_thrust,cruise_3,0.6415008770018494,1398.6045986434228,1248.8633200794818,60.69914419065015,0.7284126031239914,0.9164335170556407,0.03398654556590185,0.38396234884381636,4.516953101703851,True
vector_thrust,cruise_3,0.6415590802926052,1398.6045988496371,1248.8633231776591,60.69914412754595,0.7284126035669974,0.9164335170548744,0.033986545520547515,0.38396234890042885,4.5357622833135025,True
vector_thrust,cruise_3,0.6415798946218937,1398.6045991520273,1248.8633277043236,60.69914397680155,0.7284126042140486,0.9164335170480162,0.03398654542144531,0.38396234898344483,4.54247520250842,True
vector_thrust,cruise_4,0.6415416466110588,1398.5304789786446,1248.891425990385,60.69851301833392,0.7284313259322968,0.9164314957152387,0.033989794673862775,0.3839420005905564,4.54247520250842,True
vector_thrust,cruise_4,0.6415624801037852,1398.530478873407,1248.8914245376473,60.6985129736688,0.7284313257262477,0.9164314957080576,0.03398979465396685,0.3839420005616653,4.549188121703339,True
vector_thrust,cruise_4,0.6416209722505325,1398.5304788828753,1248.8914246693425,60.698512974497525,0.7284313257449412,0.9164314957083894,0.0339897946539687,0.3839420005642646,4.567997303312991,True
vector_thrust,cruise_4,0.6417058027545262,1398.5304788879864,1248.8914247404296,60.69851297493414,0.7284313257550313,0.9164314957085675,0.03398979465396684,0.38394200056566774,4.595177358240108,True
vector_thrust,cruise_4,0.6417893157218012,1398.5304787522928,1248.8914228685082,60.69851291335866,0.7284313254895424,0.9164314956989155,0.03398979462608045,0.3839420005284155,4.625344943264879,True
vector_thrust,cruise_4,0.6418646423223133,1398.5304787539585,1248.8914228914834,60.69851291413143,0.7284313254928003,0.9164314956990356,0.03398979462643238,0.3839420005288728,4.652524998191996,True
vector_thrust,cruise_4,0.641916960727124,1398.5304787548291,1248.8914229034963,60.69851291453196,0.7284313254945037,0.9164314956990981,0.033989794626615034,0.38394200052911176,4.671334179801648,True
vector_thrust,cruise_4,0.641935670763073,1398.5304787553405,1248.8914229105442,60.69851291477158,0.7284313254955039,0.9164314956991353,0.033989794626724766,0.38394200052925215,4.678047098996567,True
vector_thrust,cruise_5,0.6419024838271468,1398.4557255164561,1248.9197544209514,60.69787769209905,0.7284502087976397,0.9164294570403337,0.0339930727655153,0.38392147833933976,4.678047098996567,True
vector_thrust,cruise_5,0.6419212108112352,1398.4557255164982,1248.9197544215476,60.69787769208122,0.7284502087977239,0.9164294570403331,0.03399307276550381,0.3839214783393513,4.684760018191485,True
vector_thrust,cruise_5,0.6419737886785551,1398.455725516504,1248.9197544216322,60.697877692079174,0.7284502087977358,0.9164294570403331,0.03399307276550191,0.3839214783393529,4.703569199801136,True
vector_thrust,cruise_5,0.6420500421880962,1398.4557255164875,1248.9197544214137,60.69787769208573,0.7284502087977069,0.9164294570403333,0.03399307276550589,0.3839214783393484,4.730749254728254,True
vector_thrust,cruise_5,0.6421350600310693,1398.4557255164866,1248.9197544213978,60.69787769208675,0.7284502087977021,0.9164294570403333,0.03399307276550666,0.38392147833934814,4.760916839753024,True
vector_thrust,cruise_5,0.6422120038186725,1398.4557255164862,1248.9197544213903,60.69787769208675,0.7284502087977025,0.9164294570403333,0.03399307276550592,0.383921478339348,4.788096894680142,True
vector_thrust,cruise_5,0.6422654424509534,1398.4557255164893,1248.9197544214362,60.697877692083885,0.7284502087977092,0.9164294570403332,0.03399307276550537,0.3839214783393489,4.806906076289794,True
vector_thrust,cruise_5,0.6422845525122994,1398.4557255164864,1248.9197544213894,60.69787769208717,0.7284502087977015,0.9164294570403334,0.03399307276550686,0.3839214783393481,4.813618995484712,True
vector_thrust,cruise_6,0.6422510600840171,1398.3803288936128,1248.9483470409793,60.69723715747846,0.7284692600957267,0.9164274006750518,0.03399637971873322,0.38390077951965196,4.813618995484712,True
vector_thrust,cruise_6,0.6422701871144683,1398.3803288936033,1248.9483470408525,60.69723715746719,0.7284692600957087,0.9164274006750505,0.0339963797187275,0.38390077951964935,4.82033191467963,True
vector_thrust,cruise_6,0.6423238865054698,1398.3803288936047,1248.9483470408675,60.69723715746719,0.7284692600957101,0.9164274006750505,0.03399637971872801,0.3839007795196497,4.839141096289282,True
vector_thrust,cruise_6,0.6424017622804878,1398.3803288936033,1248.9483470408477,60.69723715747027,0.7284692600957094,0.9164274006750508,0.03399637971872959,0.38390077951964935,4.8663211512163995,True
vector_thrust,cruise_6,0.642488582951967,1398.3803288936053,1248.9483470408727,60.6972371574633,0.7284692600957123,0.9164274006750501,0.033996379718725565,0.38390077951964996,4.89648873624117,True
vector_thrust,cruise_6,0.6425671530708179,1398.3803288936053,1248.9483470408727,60.69723715746596,0.7284692600957123,0.9164274006750504,0.03399637971872644,0.38390077951964996,4.9236687911682875,True
vector_thrust,cruise_6,0.6426217182967571,1398.3803288936044,1248.948347040859,60.69723715747232,0.7284692600957086,0.916427400675051,0.03399637971872997,0.3839007795196497,4.942477972777939,True
vector_thrust,cruise_6,0.6426412306608481,1398.3803288936049,1248.948347040873,60.69723715746986,0.728469260095711,0.9164274006750508,0.03399637971872895,0.3839007795196498,4.949190891972858,True
vector_thrust,cruise_7,0.6426074266421684,1398.3042768340442,1248.9772076673792,60.69659127306414,0.7284884828682222,0.9164253262763286,0.03399971606464115,0.38387990076131345,4.949190891972858,True
vector_thrust,cruise_7,0.6426269560491356,1398.3042768338744,1248.9772076650206,60.69659127306968,0.7284884828678879,0.9164253262763246,0.03399971606465156,0.38387990076126677,4.955903811167776,True
vector_thrust,cruise_7,0.6426817832795552,1398.3042768338769,1248.9772076650547,60.696591273067014,0.7284884828678924,0.9164253262763243,0.03399971606465116,0.38387990076126743,4.974712992777428,True
vector_thrust,cruise_7,0.6427820078365928,1398.3042768338717,1248.9772076649874,60.69659127306558,0.7284884828678816,0.9164253262763241,0.033999716064649264,0.383879900761266,5.001893047704545,True
vector_thrust,cruise_7,0.6428981252225952,1398.3042768338737,1248.9772076650106,60.69659127307029,0.728488482867886,0.9164253262763246,0.03399971606465111,0.3838799007612666,5.032060632729316,True
vector_thrust,cruise_7,0.6430030666770749,1398.304276833873,1248.9772076649992,60.69659127306661,0.7284884828678858,0.9164253262763242,0.03399971606464896,0.3838799007612663,5.059240687656433,True
vector_thrust,cruise_7,0.6430758681167426,1398.304276833877,1248.9772076650556,60.6965912730664,0.7284884828678926,0.9164253262763242,0.033999716064650284,0.38387990076126755,5.078049869266085,True
vector_thrust,cruise_7,0.6431018862793378,1398.3042768338764,1248.9772076650445,60.696591273067014,0.7284884828678926,0.9164253262763243,0.033999716064649625,0.3838799007612674,5.084762788461004,True
vector_thrust,cruise_8,0.6430677592055634,1398.2275567955674,1249.006341570471,60.69593993829464,0.7285078804372127,0.9164232334979283,0.03400308237063667,0.38385883862108766,5.084762788461004,True
vector_thrust,cruise_8,0.6430937917509436,1398.227556795353,1249.00634156748,60.69593993831781,0.7285078804367902,0.916423233497925,0.03400308237066086,0.3838588386210288,5.091475707655921,True
vector_thrust,cruise_8,0.6431668332570599,1398.2275567953511,1249.0063415674592,60.69593993831882,0.7285078804367859,0.9164232334979251,0.034003082370660714,0.3838588386210283,5.110284889265573,True
vector_thrust,cruise_8,0.6432726417902496,1398.2275567953516,1249.006341567458,60.69593993831944,0.7285078804367867,0.9164232334979252,0.03400308237066124,0.3838588386210284,5.137464944192691,True
vector_thrust,cruise_8,0.6433904415083095,1398.227556795354,1249.006341567495,60.695939938315746,0.7285078804367919,0.9164232334979248,0.034003082370659014,0.38385883862102915,5.167632529217461,True
vector_thrust,cruise_8,0.6434969012993438,1398.2275567953518,1249.0063415674667,60.695939938316776,0.7285078804367879,0.9164232334979249,0.03400308237065975,0.3838588386210285,5.194812584144579,True
vector_thrust,cruise_8,0.6435707549129789,1398.2275567953525,1249.0063415674683,60.69593993831781,0.7285078804367883,0.916423233497925,0.03400308237066088,0.38385883862102865,5.2136217657542305,True
vector_thrust,cruise_8,0.6435971488811004,1398.2275567953543,1249.0063415674986,60.69593993831595,0.7285078804367919,0.9164232334979248,0.03400308237065989,0.38385883862102915,5.220334684949149,True
vector_thrust,cruise_9,0.6435626906761125,1398.1501558611326,1249.0357541813698,60.69528304969554,0.7285274562249003,0.9164211219832531,0.03400647922120256,0.3838375895528256,5.220334684949149,True
vector_thrust,cruise_9,0.6435890990085905,1398.1501557585373,1249.0357527664974,60.69528300203569,0.7285274560243535,0.9164211219758494,0.03400647919949127,0.38383758952465985,5.227047604144067,True
vector_thrust,cruise_9,0.6436631944388593,1398.150155757888,1249.0357527575345,60.69528300173703,0.7285274560230833,0.9164211219758027,0.03400647919935367,0.3838375895244815,5.245856785753719,True
vector_thrust,cruise_9,0.6437705280558012,1398.1501557586594,1249.0357527681756,60.69528300209472,0.7285274560245932,0.9164211219758583,0.03400647919951762,0.3838375895246933,5.273036840680836,True
vector_thrust,cruise_9,0.6438900234328584,1398.1501557601437,1249.0357527886506,60.695283002785295,0.7285274560274946,0.9164211219759656,0.034006479199832365,0.3838375895251008,5.303204425705607,True
vector_thrust,cruise_9,0.6439980136244249,1398.1501557629606,1249.035752827491,60.695283004092445,0.7285274560329995,0.9164211219761687,0.03400647920042704,0.38383758952587416,5.330384480632725,True
vector_thrust,cruise_9,0.644072927790676,1398.1501557624988,1249.035752821129,60.69528300387947,0.728527456032097,0.9164211219761356,0.03400647920033034,0.38383758952574737,5.349193662242376,True
vector_thrust,cruise_9,0.6440997005602684,1398.150155762125,1249.0357528159761,60.69528300370195,0.7285274560313666,0.9164211219761083,0.03400647920024931,0.3838375895256448,5.355906581437295,True
vector_thrust,cruise_10,0.6440649044484976,1398.0720607241356,1249.0654511077446,60.69462050052756,0.7285472137590119,0.9164189913649111,0.03400990721843737,0.38381614990343227,5.355906581437295,True
vector_thrust,cruise_10,0.6440916916949351,1398.0720607246872,1249.065451115342,60.6946205007803,0.7285472137600882,0.9164189913649505,0.034009907218552175,0.3838161499035837,5.362619500632213,True
vector_thrust,cruise_10,0.6441668494645884,1398.0720607246806,1249.0654511152513,60.694620500779074,0.728547213760076,0.9164189913649502,0.03400990721855132,0.383816149903582,5.381428682241864,True
vector_thrust,cruise_10,0.6442757203677412,1398.072060724675,1249.0654511151795,60.69462050077518,0.7285472137600641,0.9164189913649496,0.03400990721855031,0.38381614990358043,5.408608737168982,True
vector_thrust,cruise_10,0.6443969250081747,1398.072060724667,1249.0654511150633,60.69462050076821,0.7285472137600477,0.9164189913649489,0.03400990721854719,0.3838161499035782,5.438776322193752,True
vector_thrust,cruise_10,0.6445064579111334,1398.0720607246642,1249.0654511150365,60.69462050076165,0.7285472137600456,0.9164189913649481,0.034009907218544355,0.3838161499035775,5.465956377120871,True
vector_thrust,cruise_10,0.6445824411833977,1398.072060724657,1249.0654511149287,60.694620500758376,0.7285472137600295,0.9164189913649475,0.03400990721854149,0.38381614990357543,5.484765558730522,True
vector_thrust,cruise_10,0.6446095958135554,1398.0720607246592,1249.065451114956,60.694620500760216,0.7285472137600347,0.9164189913649479,0.034009907218543675,0.3838161499035761,5.49147847792544,True
vector_thrust,cruise_11,0.6445744546209312,1397.9932576708113,1249.0954381201645,60.693952181019135,0.7285671566741994,0.9164168412642669,0.03401336698307083,0.3837945159080345,5.49147847792544,True
vector_thrust,cruise_11,0.644601623732363,1397.9932576033596,1249.095437189969,60.693952149691796,0.7285671565423824,0.9164168412594008,0.03401336696879768,0.3837945158895168,5.498191397120358,True
vector_thrust,cruise_11,0.6446778524301411,1397.9932576037208,1249.095437194952,60.69395214985742,0.7285671565430888,0.9164168412594266,0.03401336696887219,0.38379451588961605,5.51700057873001,True
vector_thrust,cruise_11,0.6447882730767639,1397.9932576042454,1249.0954372021893,60.69395215010297,0.7285671565441149,0.9164168412594647,0.034013366968984736,0.38379451588976,5.5441806336571275,True
vector_thrust,cruise_11,0.6449112008701784,1397.993257604907,1249.095437211313,60.69395215041168,0.7285671565454067,0.9164168412595126,0.0340133669691251,0.3837945158899417,5.574348218681898,True
vector_thrust,cruise_11,0.6450222890561976,1397.9932576054532,1249.0954372188478,60.69395215066278,0.728567156546475,0.9164168412595517,0.034013366969238956,0.3837945158900916,5.601528273609016,True
vector_thrust,cruise_11,0.6450993501644042,1397.9932576058582,1249.0954372244214,60.69395215084951,0.7285671565472646,0.9164168412595808,0.03401336696932523,0.3837945158902027,5.620337455218667,True
vector_thrust,cruise_11,0.6451268897769431,1397.9932576060235,1249.0954372267076,60.69395215092679,0.7285671565475881,0.9164168412595927,0.03401336696936007,0.3837945158902481,5.627050374413586,True
vector_thrust,cruise_12,0.6450913963221698,1397.9137325419526,1249.125720868827,60.693277958717154,0.7285872886754646,0.9164146712884882,0.03401685914533575,0.3837726836794702,5.627050374413586,True
vector_thrust,cruise_12,0.6451189505247054,1397.913732564295,1249.125721174234,60.693277977926144,0.7285872887187,0.9164146712909687,0.034016859155015025,0.38377268368560385,5.633763293608505,True
vector_thrust,cruise_12,0.6451962589172794,1397.9137325642926,1249.1257211741945,60.6932779779286,0.7285872887186947,0.9164146712909689,0.034016859155015684,0.3837726836856032,5.652572475218156,True
vector_thrust,cruise_12,0.6453082420215273,1397.9137325642944,1249.125721174225,60.69327797792697,0.7285872887186984,0.9164146712909689,0.03401685915501476,0.3837726836856037,5.679752530145274,True
vector_thrust,cruise_12,0.6454329071433087,1397.9137325642928,1249.1257211742004,60.693277977928396,0.7285872887186959,0.9164146712909689,0.03401685915501575,0.3837726836856032,5.7099201151700445,True
vector_thrust,cruise_12,0.6455455634417975,1397.9137325642937,1249.1257211742122,60.69327797792717,0.7285872887186985,0.9164146712909688,0.03401685915501505,0.3837726836856035,5.737100170097162,True
vector_thrust,cruise_12,0.6456237112963105,1397.913732564295,1249.125721174234,60.69327797792634,0.7285872887187,0.9164146712909688,0.034016859155014754,0.38377268368560385,5.755909351706814,True
vector_thrust,cruise_12,0.6456516390776683,1397.9137325642912,1249.12572117418,60.69327797793044,0.7285872887186934,0.9164146712909691,0.03401685915501659,0.3837726836856028,5.762622270901732,True
vector_thrust,cruise_13,0.6456157858176229,1397.8334708262068,1249.1563064108582,60.692597774673985,0.728607613758072,0.9164124810424659,0.03402038439435809,0.3837506492339021,5.762622270901732,True
vector_thrust,cruise_13,0.6456437282203202,1397.8334708263963,1249.156306413506,60.692597774574985,0.7286076137584475,0.9164124810424611,0.034020384394293675,0.38375064923395413,5.76933519009665,True
vector_thrust,cruise_13,0.6457221252562066,1397.8334708263972,1249.1563064135073,60.69259777457416,0.7286076137584472,0.9164124810424611,0.03402038439429393,0.3837506492339544,5.788144371706301,True
vector_thrust,cruise_13,0.645835683795908,1397.8334708263958,1249.156306413488,60.69259777457539,0.7286076137584451,0.9164124810424612,0.03402038439429396,0.3837506492339541,5.81532442663342,True
vector_thrust,cruise_13,0.6459621007154902,1397.833470826398,1249.1563064135282,60.692597774572924,0.7286076137584504,0.916412481042461,0.03402038439429337,0.38375064923395463,5.84549201165819,True
vector_thrust,cruise_13,0.6460763382218062,1397.8334708264,1249.1563064135498,60.692597774570466,0.7286076137584532,0.9164124810424608,0.03402038439429305,0.38375064923395513,5.872672066585308,True
vector_thrust,cruise_13,0.646155581917713,1397.8334708263988,1249.1563064135357,60.6925977745721,0.7286076137584518,0.916412481042461,0.034020384394293154,0.3837506492339548,5.891481248194959,True
vector_thrust,cruise_13,0.6461839011204163,1397.833470826399,1249.1563064135455,60.69259777457252,0.7286076137584511,0.916412481042461,0.034020384394293,0.3837506492339549,5.898194167389877,True
vector_thrust,cruise_14,0.6461476803727707,1397.752457457561,1249.1872007101103,60.691911478991386,0.7286281358575156,0.9164102701072707,0.03402394339588148,0.383728408435221,5.898194167389877,True
vector_thrust,cruise_14,0.6461760142175106,1397.7524574188617,1249.187200179443,60.691911450603435,0.728628135782385,0.9164102701034555,0.03402394338185048,0.38372840842459677,5.904907086584796,True
vector_thrust,cruise_14,0.6462555090297699,1397.752457418868,1249.1872001795277,60.69191145060856,0.7286281357823949,0.9164102701034562,0.03402394338185331,0.38372840842459854,5.923716268194447,True
vector_thrust,cruise_14,0.6463706562503321,1397.7524574188656,1249.1872001794982,60.69191145060815,0.7286281357823918,0.9164102701034561,0.03402394338185269,0.38372840842459777,5.950896323121565,True
vector_thrust,cruise_14,0.6464988397353619,1397.7524574188662,1249.187200179501,60.69191145060405,0.7286281357823919,0.9164102701034558,0.034023943381851454,0.383728408424598,5.981063908146336,True
vector_thrust,cruise_14,0.6466146718147383,1397.7524574188703,1249.1872001795691,60.69191145060672,0.728628135782401,0.916410270103456,0.03402394338185284,0.3837284084245991,6.008243963073453,True
vector_thrust,cruise_14,0.646695020634509,1397.7524574188656,1249.1872001794982,60.691911450606504,0.7286281357823918,0.916410270103456,0.03402394338185282,0.38372840842459777,6.027053144683105,True
vector_thrust,cruise_14,0.6467237345780738,1397.7524574188617,1249.187200179443,60.6919114506061,0.728628135782385,0.9164102701034559,0.0340239433818517,0.38372840842459677,6.033766063878023,True
vector_thrust,cruise_15,0.6466871306323911,1397.6706647384358,1249.2182423714662,60.69121327194823,0.7286488353036228,0.9164080371740767,0.03402753426362739,0.38370595367954224,6.033766063878023,True
vector_thrust,cruise_15,0.6467158669666856,1397.670676823494,1249.2184090200565,60.691218881926474,0.7286488589078125,0.9164080380453913,0.034027536820511094,0.38370595699728294,6.0404789830729415,True
vector_thrust,cruise_15,0.6467964688765798,1397.6706768234849,1249.2184090199341,60.69121888191684,0.728648858907793,0.9164080380453903,0.034027536820506576,0.38370595699728044,6.059288164682593,True
vector_thrust,cruise_15,0.6469132182963506,1397.6706768234885,1249.2184090199835,60.69121888192074,0.7286488589078008,0.9164080380453906,0.034027536820508575,0.38370595699728144,6.086468219609711,True
vector_thrust,cruise_15,0.6470431834187235,1397.6706768234856,1249.218409019939,60.691218881916434,0.7286488589077947,0.9164080380453902,0.034027536820506896,0.3837059569972806,6.116635804634481,True
vector_thrust,cruise_15,0.6471606237116863,1397.6706768234787,1249.2184090198507,60.69121888191335,0.728648858907781,0.9164080380453897,0.034027536820503405,0.3837059569972788,6.143815859561599,True
vector_thrust,cruise_15,0.6472420871289825,1397.6706768234858,1249.2184090199412,60.69121888191212,0.7286488589077948,0.9164080380453898,0.03402753682050377,0.38370595699728066,6.162625041171251,True
vector_thrust,cruise_15,0.6472711992012969,1397.6706768234844,1249.218409019927,60.691218881918275,0.7286488589077939,0.9164080380453904,0.034027536820507256,0.38370595699728033,6.169337960366168,True
vector_thrust,cruise_16,0.6472342191876292,1397.5881130256598,1249.2499397600359,60.69051994563011,0.7286697873946439,0.9164057844264707,0.034031165438563674,0.3836832905554761,6.169337960366168,True
vector_thrust,cruise_16,0.647263346027174,1397.5881130207902,1249.249939693735,60.6905199403148,0.7286697873852678,0.9164057844258192,0.03403116543582134,0.38368329055413924,6.176050879561087,True
vector_thrust,cruise_16,0.6473450645478321,1397.5881130207915,1249.2499396937505,60.69051994031357,0.7286697873852706,0.9164057844258191,0.0340311654358205,0.3836832905541396,6.194860061170739,True
vector_thrust,cruise_16,0.6474634299633173,1397.5881130207881,1249.2499396937023,60.690519940318076,0.7286697873852609,0.9164057844258195,0.034031165435821804,0.38368329055413863,6.2220401160978565,True
vector_thrust,cruise_16,0.6475951921050297,1397.5881130207888,1249.2499396937133,60.69051994031603,0.7286697873852632,0.9164057844258193,0.03403116543582185,0.3836832905541389,6.252207701122627,True
vector_thrust,cruise_16,0.6477142545327388,1397.5881130207867,1249.249939693686,60.690519940319106,0.7286697873852594,0.9164057844258197,0.03403116543582265,0.3836832905541383,6.279387756049744,True
vector_thrust,cruise_16,0.6477968422160807,1397.5881130207863,1249.2499396936869,60.6905199403187,0.7286697873852593,0.9164057844258195,0.03403116543582238,0.38368329055413825,6.298196937659396,True
vector_thrust,cruise_16,0.6478263558747065,1397.5881130207856,1249.2499396936767,60.690519940319106,0.7286697873852582,0.9164057844258197,0.034031165435823144,0.38368329055413797,6.304909856854314,True
vector_thrust,cruise_17,0.6477889836002441,1397.5047494669823,1249.2817991675488,60.68981449287379,0.728690925602875,0.9164035087877319,0.03403482997690327,0.3836604045533646,6.304909856854314,True
vector_thrust,cruise_17,0.6478185118215517,1397.5047490582142,1249.2817935311778,60.68981430315695,0.7286909248047396,0.9164035087582686,0.0340348298904188,0.38366040444114446,6.311622776049233,True
vector_thrust,cruise_17,0.6479013566589892,1397.5047490546358,1249.2817934818386,60.68981430149375,0.7286909247977519,0.9164035087580105,0.034034829889661264,0.3836604044401621,6.330431957658885,True
vector_thrust,cruise_17,0.648021352147347,1397.5047490508493,1249.2817934296213,60.6898142997381,0.7286909247903577,0.9164035087577378,0.034034829888860745,0.3836604044391226,6.357612012586002,True
vector_thrust,cruise_17,0.6481549270042963,1397.504749048276,1249.281793394137,60.68981429854512,0.728690924785333,0.9164035087575524,0.03403482988831689,0.3836604044384161,6.3877795976107725,True
vector_thrust,cruise_17,0.648275625771378,1397.5047490450322,1249.2817933494077,60.68981429703484,0.7286909247790017,0.916403508757318,0.034034829887628855,0.3836604044375256,6.41495965253789,True
vector_thrust,cruise_17,0.6483593475865082,1397.5047490433133,1249.2817933257013,60.68981429623973,0.7286909247756432,0.9164035087571945,0.034034829887265854,0.3836604044370536,6.433768834147542,True
vector_thrust,cruise_17,0.6483892663590075,1397.5047490418697,1249.2817933058,60.68981429556432,0.728690924772826,0.9164035087570899,0.03403482988695844,0.3836604044366573,6.44048175334246,True
vector_thrust,cruise_18,0.648351493750476,1397.4205699495426,1249.3140068327775,60.68910254430894,0.7287122798219766,0.9164012106961769,0.034038531254605826,0.38363729454409384,6.44048175334246,True
vector_thrust,cruise_18,0.6483814269528347,1397.4205690777083,1249.3139947259747,60.689102405289134,0.7287122781066099,0.9164012106594397,0.0340385312191065,0.383637294304747,6.447194672537378,True
vector_thrust,cruise_18,0.6484654080202715,1397.4205690777071,1249.313994725961,60.68910240529117,0.7287122781066073,0.9164012106594399,0.034038531219106744,0.3836372943047467,6.46600385414703,True
vector_thrust,cruise_18,0.648587047956471,1397.420569077707,1249.3139947259554,60.68910240529056,0.7287122781066082,0.9164012106594398,0.03403853121910635,0.3836372943047467,6.493183909074148,True
vector_thrust,cruise_18,0.6487224515534518,1397.420569077708,1249.313994725971,60.68910240528954,0.7287122781066085,0.9164012106594398,0.03403853121910617,0.38363729430474697,6.523351494098918,True
vector_thrust,cruise_18,0.6488448011639556,1397.4205690777098,1249.3139947259897,60.6891024052879,0.7287122781066131,0.9164012106594396,0.03403853121910594,0.38363729430474747,6.550531549026036,True
vector_thrust,cruise_18,0.6489296671835434,1397.420569077704,1249.313994725908,60.68910240529364,0.7287122781066,0.91640121065944,0.034038531219108034,0.38363729430474586,6.5693407306356875,True
vector_thrust,cruise_18,0.6489599946730679,1397.4205690777083,1249.3139947259747,60.68910240528974,0.7287122781066099,0.9164012106594398,0.03403853121910658,0.383637294304747,6.576053649830605,True
vector_thrust,cruise_19,0.6489218115925663,1397.3355549670398,1249.3465445924767,60.68838363687435,0.7287338511102083,0.9163988895834606,0.0340422699813435,0.3836139551725515,6.576053649830605,True
vector_thrust,cruise_19,0.6489521536187747,1397.335554188038,1249.3465337695288,60.68838353419035,0.7287338495768643,0.9163988895527508,0.03404226996170254,0.3836139549586902,6.582766569025524,True
vector_thrust,cruise_19,0.6490372810248406,1397.3355541880392,1249.3465337695454,60.688383534188915,0.7287338495768656,0.9163988895527507,0.03404226996170162,0.38361395495869044,6.601575750635176,True
vector_thrust,cruise_19,0.6491605800699086,1397.3355541880346,1249.346533769485,60.68838353419425,0.7287338495768578,0.9163988895527512,0.03404226996170322,0.3836139549586892,6.628755805562293,True
vector_thrust,cruise_19,0.6492978287537702,1397.33555418804,1249.3465337695627,60.6883835341885,0.728733849576869,0.9163988895527507,0.03404226996170065,0.3836139549586907,6.658923390587064,True
vector_thrust,cruise_19,0.6494218440014445,1397.3355541880385,1249.3465337695388,60.68838353419096,0.7287338495768654,0.916398889552751,0.034042269961702856,0.3836139549586903,6.686103445514181,True
vector_thrust,cruise_19,0.6495078645003808,1397.3355541880385,1249.3465337695388,60.68838353419035,0.7287338495768654,0.9163988895527508,0.034042269961702315,0.3836139549586903,6.704912627123833,True
vector_thrust,cruise_19,0.6495386043808065,1397.3355541880378,1249.346533769518,60.68838353419138,0.7287338495768629,0.9163988895527508,0.034042269961701795,0.3836139549586901,6.711625546318751,True
vector_thrust,cruise_20,0.6495000015160735,1397.2496867612101,1249.3794270583812,60.68765786512909,0.7287556452929386,0.9163965449820374,0.034046047095155164,0.3835903815635176,6.711625546318751,True
vector_thrust,cruise_20,0.6495307554874095,1397.2496853884102,1249.3794081383767,60.68765719914672,0.7287556426149185,0.91639654488028,0.03404604678843588,0.38359038118663946,6.7183384655136695,True
vector_thrust,cruise_20,0.6496170395333577,1397.2496853628381,1249.3794077857806,60.687657187269636,0.7287556425650094,0.9163965448784366,0.034046046783020284,0.38359038117961913,6.737147647123321,True
vector_thrust,cruise_20,0.6497420126807889,1397.2496854106737,1249.3794084453643,60.687657209479916,0.7287556426583734,0.9163965448818844,0.03404604679314735,0.3835903811927516,6.764327702050439,True
vector_thrust,cruise_20,0.6498811232657907,1397.2496856167186,1249.3794112864052,60.68765730512085,0.7287556430605256,0.9163965448967333,0.03404604683676231,0.38359038124931755,6.794495287075209,True
vector_thrust,cruise_20,0.6500068190937572,1397.249685373489,1249.3794079326435,60.68765719221783,0.7287556425857983,0.9163965448792044,0.034046046785276,0.3835903811825431,6.821675342002327,True
vector_thrust,cruise_20,0.6500940046453489,1397.2496855102622,1249.379409818537,60.687657255702675,0.7287556428527462,0.916396544889061,0.034046046814226655,0.38359038122009176,6.840484523611979,True
vector_thrust,cruise_20,0.6501251606650771,1397.2496855078448,1249.3794097852033,60.687657254581644,0.7287556428480282,0.916396544888887,0.03404604681371561,0.3835903812194281,6.847197442806897,True
vector_thrust,cruise_21,0.6500861296349392,1397.1629484648008,1249.4126903305837,60.68692499879303,0.728777671369974,0.9163941764157771,0.03404986330921177,0.3835665690863841,6.847197442806897,True
vector_thrust,cruise_21,0.6501173000888034,1397.1629472561658,1249.4126735343305,60.68692485558223,0.7287776689909106,0.916394176369711,0.03404986328777126,0.38356656875457457,6.853910362001815,True
vector_thrust,cruise_21,0.6502047513391044,1397.1629472561651,1249.4126735343248,60.68692485558326,0.7287776689909087,0.916394176369711,0.03404986328776984,0.3835665687545744,6.872719543611467,True
vector_thrust,cruise_21,0.6503314138021498,1397.1629472561647,1249.412673534315,60.686924855583456,0.7287776689909078,0.9163941763697111,0.034049863287769794,0.38356656875457423,6.8998995985385845,True
vector_thrust,cruise_21,0.6504724030542949,1397.162947256166,1249.4126735343382,60.68692485558243,0.7287776689909121,0.916394176369711,0.03404986328777024,0.38356656875457457,6.930067183563355,True
vector_thrust,cruise_21,0.6505997951847745,1397.1629472561654,1249.4126735343293,60.68692485558243,0.7287776689909106,0.916394176369711,0.03404986328777005,0.38356656875457446,6.957247238490472,True
vector_thrust,cruise_21,0.6506881563184341,1397.1629472561624,1249.4126735342775,60.686924855585715,0.7287776689909049,0.9163941763697112,0.03404986328777194,0.3835665687545736,6.976056420100124,True
vector_thrust,cruise_21,0.6507197323083455,1397.1629472561663,1249.412673534332,60.68692485558202,0.7287776689909113,0.916394176369711,0.034049863287770966,0.3835665687545746,6.982769339295043,True
vector_thrust,cruise_22,0.6506802635783444,1397.0753213617854,1249.446353519366,60.68618680846188,0.7287999360587132,0.9163917835557883,0.03405372055032106,0.38354251260299427,6.982769339295043,True
vector_thrust,cruise_22,0.6507118517560619,1397.0753167936955,1249.4462905182027,60.686184741420476,0.7287999271429545,0.9163917832318774,0.034053719613106964,0.3835425113489054,6.989482258489961,True
vector_thrust,cruise_22,0.6508004809390647,1397.0753167937012,1249.4462905182845,60.68618474142007,0.7287999271429665,0.9163917832318776,0.03405371961310818,0.38354251134890693,7.008291440099613,True
vector_thrust,cruise_22,0.6509288483306624,1397.075316793702,1249.4462905182897,60.686184741419446,0.7287999271429678,0.9163917832318775,0.03405371961310763,0.38354251134890716,7.03547149502673,True
vector_thrust,cruise_22,0.6510717337549028,1397.0753167937007,1249.4462905182716,60.6861847414213,0.7287999271429664,0.9163917832318776,0.03405371961310853,0.38354251134890677,7.0656390800515005,True
vector_thrust,cruise_22,0.6512008377561509,1397.0753167936548,1249.4462905176442,60.68618474140162,0.7287999271428764,0.9163917832318746,0.03405371961309884,0.38354251134889417,7.092819134978618,True
vector_thrust,cruise_22,0.6512903854794105,1397.0753167936557,1249.4462905176474,60.68618474139854,0.728799927142877,0.9163917832318743,0.034053719613098415,0.3835425113488944,7.11162831658827,True
vector_thrust,cruise_22,0.6513223853431909,1397.0753167936423,1249.4462905174705,60.68618474139445,0.7287999271428522,0.9163917832318735,0.034053719613094745,0.3835425113488907,7.118341235783189,True
vector_thrust,cruise_23,0.6512824639575174,1396.986774928734,1249.4802835238406,60.685437228531015,0.7288224246921777,0.9163893649908366,0.034057616924580425,0.38351820373367607,7.118341235783189,True
vector_thrust,cruise_23,0.6513144789820117,1396.9867749314367,1249.4802835608198,60.68543723073207,0.7288224246974055,0.9163893649911242,0.034057616925682606,0.38351820373441814,7.125054154978106,True
vector_thrust,cruise_23,0.6514042970411562,1396.9867749314371,1249.4802835608186,60.685437230731466,0.7288224246974068,0.9163893649911242,0.034057616925683674,0.3835182037344182,7.143863336587758,True
vector_thrust,cruise_23,0.6515343852882058,1396.9867749314383,1249.4802835608366,60.685437230730436,0.7288224246974091,0.916389364991124,0.03405761692568156,0.3835182037344186,7.171043391514876,True
vector_thrust,cruise_23,0.6516791845880094,1396.98677493144,1249.4802835608593,60.68543723072777,0.7288224246974114,0.9163893649911238,0.03405761692568165,0.3835182037344191,7.201210976539646,True
vector_thrust,cruise_23,0.6518100165447805,1396.9867749314358,1249.4802835608043,60.68543723073331,0.7288224246974048,0.9163893649911242,0.0340576169256825,0.3835182037344178,7.228391031466764,True
vector_thrust,cruise_23,0.6518983344850127,1396.9867749314392,1249.4802835608584,60.68543723072921,0.7288224246974121,0.9163893649911239,0.03405761692568188,0.3835182037344188,7.2472002130764155,True
vector_thrust,cruise_23,0.6519293887057408,1396.9867749314367,1249.4802835608198,60.68543723073105,0.7288224246974055,0.9163893649911241,0.034057616925681995,0.38351820373441814,7.253913132271334,True
vector_thrust,cruise_24,0.6518890098434266,1396.8973051415658,1249.5147223849226,60.68468423096653,0.728845175829936,0.9163869213892744,0.034061557124447625,0.3834936413736889,7.253913132271334,True
vector_thrust,cruise_24,0.6519200524152575,1396.8973007273935,1249.5146615325157,60.68468215632266,0.728845167220912,0.9163869210687489,0.034061556175244964,0.3834936401618554,7.260626051466252,True
vector_thrust,cruise_24,0.6520070254496929,1396.8973007273935,1249.5146615325157,60.68468215632778,0.728845167220912,0.9163869210687493,0.03406155617524659,0.3834936401618554,7.279435233075904,True
vector_thrust,cruise_24,0.6521326678782928,1396.8973007274026,1249.514661532631,60.68468215633127,0.7288451672209277,0.9163869210687497,0.03406155617524888,0.3834936401618579,7.306615288003021,True
vector_thrust,cruise_24,0.6522720686970368,1396.8973007273958,1249.514661532549,60.68468215632942,0.7288451672209156,0.9163869210687496,0.03406155617524769,0.38349364016185594,7.336782873027792,True
vector_thrust,cruise_24,0.6523976176598989,1396.8973007274064,1249.5146615326894,60.684682156334546,0.7288451672209364,0.9163869210687502,0.034061556175249384,0.383493640161859,7.363962927954909,True
vector_thrust,cruise_24,0.6524844741442305,1396.8973007274042,1249.5146615326569,60.68468215633475,0.7288451672209308,0.9163869210687503,0.03406155617524999,0.38349364016185833,7.382772109564561,True
vector_thrust,cruise_24,0.6525154676823854,1396.8973007274083,1249.514661532706,60.68468215633352,0.728845167220939,0.9163869210687503,0.03406155617524941,0.3834936401618594,7.38948502875948,True
vector_thrust,cruise_25,0.6524746163108437,1396.8068724784016,1249.5494335238482,60.683919341569855,0.7288681604671177,0.9163844508646432,0.03406553834430648,0.3834688146729942,7.38948502875948,True
vector_thrust,cruise_25,0.6525056035003001,1396.8068764905638,1249.5494888402968,60.6839212038502,0.7288681682919818,0.9163844511536539,0.03406553919401753,0.38346881577446296,7.3961979479543976,True
vector_thrust,cruise_25,0.6525924057475161,1396.8068762350924,1249.5494853180658,60.683921085251015,0.7288681677937396,0.9163844511352492,0.03406553913990087,0.3834688157043277,7.415007129564049,True
vector_thrust,cruise_25,0.6527177995920549,1396.8068742852784,1249.5494584356056,60.68392018021952,0.7288681639910454,0.9163844509947964,0.03406553872695552,0.3834688151690405,7.442187184491167,True
vector_thrust,cruise_25,0.6528569246560795,1396.8068740360015,1249.5494549987848,60.68392006451034,0.7288681635048846,0.9163844509768394,0.03406553867416157,0.38346881510060593,7.472354769515937,True
vector_thrust,cruise_25,0.6529822243136524,1396.8068739813696,1249.5494542455558,60.683920039179654,0.7288681633983363,0.9163844509729068,0.03406553866260647,0.38346881508560765,7.499534824443056,True
vector_thrust,cruise_25,0.6530689077507768,1396.806873967031,1249.5494540478699,60.68392003251866,0.7288681633703716,0.9163844509718735,0.03406553865956656,0.3834688150816713,7.518344006052707,True
vector_thrust,cruise_25,0.6530998393655402,1396.8068738730349,1249.5494527519293,60.683919988907746,0.728868163187053,0.9163844509651043,0.03406553863967094,0.38346881505586633,7.525056925247625,True
vector_thrust,cruise_26,0.653058506525419,1396.71546772016,1249.5846093751397,60.68314861734635,0.7288914104593006,0.916381953758937,0.03406956445769629,0.383443721100655,7.525056925247625,True
vector_thrust,cruise_26,0.6530894310179359,1396.7154705991466,1249.5846490675094,60.68314995364967,0.7288914160732638,0.9163819539663023,0.03406956506748937,0.38344372189103026,7.531769844442543,True
vector_thrust,cruise_26,0.6531760588234343,1396.715469568332,1249.5846348557454,60.683149475178155,0.7288914140631978,0.9163819538920546,0.0340695648491475,0.3834437216080383,7.550579026052195,True
vector_thrust,cruise_26,0.6533012014893886,1396.7154691089277,1249.5846285219661,60.68314926195433,0.728891413167369,0.9163819538589661,0.0340695647518492,0.3834437214819168,7.5777590809793125,True
vector_thrust,cruise_26,0.6534400449896515,1396.7154678645395,1249.5846113656767,60.68314868436196,0.7288914107408353,0.9163819537693364,0.0340695644882772,0.38344372114029196,7.607926666004083,True
vector_thrust,cruise_26,0.6535650906012901,1396.7154678598927,1249.5846113016112,60.68314868223223,0.7288914107317749,0.9163819537690043,0.03406956448730757,0.3834437211390162,7.635106720931201,True
vector_thrust,cruise_26,0.6536515976792968,1396.715467858684,1249.5846112849488,60.68314868165931,0.7288914107294185,0.9163819537689161,0.034069564487044124,0.3834437211386844,7.653915902540852,True
vector_thrust,cruise_26,0.6536824663018221,1396.7154678577472,1249.5846112720342,60.68314868122989,0.7288914107275918,0.9163819537688492,0.03406956448685061,0.38344372113842723,7.660628821735771,True
vector_thrust,cruise_27,0.6536406423660346,1396.6230631180663,1249.6201987337708,60.68236978950611,0.7289149233652067,0.9163794291058983,0.034073635569690154,0.3834183530387323,7.660628821735771,True
vector_thrust,cruise_27,0.6536715040652349,1396.6230665681842,1249.6202462993713,60.682371390858904,0.7289149300917953,0.9163794293543739,0.03407363630051756,0.38341835398590157,7.667341740930689,True
vector_thrust,cruise_27,0.6537579543621865,1396.6230651758983,1249.6202271043985,60.682370744641425,0.7289149273772974,0.9163794292541027,0.03407363600559539,0.38341835360367393,7.686150922540341,True
vector_thrust,cruise_27,0.6538828403497264,1396.6230651440894,1249.6202266658706,60.68237072985076,0.7289149273152825,0.9163794292518093,0.0340736359988434,0.3834183535949414,7.713330977467458,True
vector_thrust,cruise_27,0.6540213973901701,1396.6230636197079,1249.6202056497336,60.68237002233761,0.7289149243432423,0.916379429142026,0.03407363567594837,0.3834183531764492,7.743498562492229,True
vector_thrust,cruise_27,0.6541461840788665,1396.6230635888173,1249.6202052238546,60.68237000801594,0.7289149242830143,0.9163794291398029,0.0340736356694152,0.3834183531679687,7.770678617419347,True
vector_thrust,cruise_27,0.6542325114459591,1396.6230635883146,1249.62020521692,60.68237000777488,0.7289149242820345,0.9163794291397658,0.034073635669304665,0.3834183531678307,7.789487799028998,True
vector_thrust,cruise_27,0.6542633158326748,1396.6230636029795,1249.6202054190971,60.682370014579156,0.7289149243106257,0.9163794291408218,0.03407363567240897,0.38341835317185674,7.796200718223917,True
vector_thrust,cruise_28,0.6542209880365802,1396.5296344859876,1249.6562119114933,60.681582666666856,0.7289387056270614,0.916376876237136,0.03407775277874514,0.3833927038473475,7.796200718223917,True
vector_thrust,cruise_28,0.6542517858144407,1396.5296386123696,1249.6562687994042,60.681584581850224,0.7289387136708482,0.9163768765342837,0.03407775365289801,0.38339270498017325,7.802913637418835,True
vector_thrust,cruise_28,0.6543380559761497,1396.5296379862446,1249.6562601673998,60.68158429123905,0.7289387124503073,0.9163768764891946,0.034077753520251615,0.38339270480828164,7.821722819028486,True
vector_thrust,cruise_28,0.6544626790180171,1396.5296361723206,1249.656235159937,60.68158344933084,0.7289387089143242,0.9163768763585701,0.034077753135976704,0.3833927043103007,7.848902873955605,True
vector_thrust,cruise_28,0.6546009445990055,1396.529634970403,1249.6562185898338,60.68158289149946,0.7289387065713584,0.9163768762720197,0.03407775288136522,0.38339270398033526,7.879070458980375,True
vector_thrust,cruise_28,0.6547254675404077,1396.529634964312,1249.6562185058604,60.68158288865457,0.7289387065594864,0.9163768762715793,0.03407775288006514,0.38339270397866315,7.906250513907493,True
vector_thrust,cruise_28,0.6548116118180722,1396.5296349417115,1249.6562181942813,60.681582878181985,0.7289387065154292,0.9163768762699536,0.03407775287528788,0.3833927039724585,7.925059695517144,True
vector_thrust,cruise_28,0.6548423507444927,1396.5296349355008,1249.656218108654,60.681582875308585,0.7289387065033213,0.9163768762695071,0.034077752873975166,0.3833927039707535,7.931772614712062,True
vector_thrust,cruise_29,0.6547995071580468,1396.4351567242372,1249.6926596664232,60.68078705194015,0.7289627639400222,0.9163742944591253,0.034081917225939534,0.38336676663582236,7.931772614712062,True
vector_thrust,cruise_29,0.654830239151484,1396.435160498374,1249.6927116971,60.680788803586594,0.7289627712959597,0.9163742947308774,0.034081918025542196,0.3833667676719453,7.938485533906981,True
vector_thrust,cruise_29,0.6549163252203549,1396.435159726346,1249.692701053826,60.68078844527231,0.7289627697912463,0.9163742946752883,0.03408191786197789,0.38336676745999854,7.957294715516632,True
vector_thrust,cruise_29,0.6550406815346175,1396.4351578332994,1249.692674956083,60.68078756666568,0.7289627661016279,0.916374294538981,0.03408191746090408,0.38336676694029587,7.98447477044375,True
vector_thrust,cruise_29,0.6551786507377739,1396.4351577239918,1249.6926734491517,60.68078751594794,0.728962765888582,0.9163742945311117,0.03408191743775325,0.3833667669102873,8.01464235546852,True
vector_thrust,cruise_29,0.655302905019989,1396.4351576967358,1249.6926730733971,60.68078750329623,0.728962765835458,0.916374294529149,0.03408191743197918,0.38336676690280475,8.041822410395637,True
vector_thrust,cruise_29,0.6553888628383964,1396.435157669841,1249.692672702621,60.68078749081137,0.7289627657830393,0.9163742945272123,0.03408191742627866,0.3833667668954212,8.06063159200529,True
vector_thrust,cruise_29,0.6554195350980336,1396.4351576439813,1249.692672346118,60.680787478816825,0.7289627657326374,0.916374294525351,0.03408191742080367,0.3833667668883219,8.067344511200208,True
vector_thrust,cruise_30,0.6553761627421929,1396.3396037494367,1249.7295529151452,60.67998273219174,0.7289871052213792,0.9163716830502727,0.034086130092444884,0.38334053424342274,8.067344511200208,True
vector_thrust,cruise_30,0.6554068301394058,1396.3396108943516,1249.7296514137572,60.679986048226304,0.7289871191447967,0.9163716835646807,0.03408613160635033,0.3833405362049338,8.074057430395126,True
vector_thrust,cruise_30,0.6554927290496372,1396.3396104719432,1249.7296455905118,60.679985852160854,0.7289871183216423,0.9163716835342668,0.03408613151683698,0.3833405360889689,8.092866612004778,True
vector_thrust,cruise_30,0.6556168117351362,1396.3396053872357,1249.7295754935765,60.67998349225801,0.728987108412988,0.9163716831681831,0.034086130439440476,0.38334053469305174,8.120046666931895,True
vector_thrust,cruise_30,0.6557544783393027,1396.3396051607413,1249.729572371168,60.67998338715813,0.7289871079716147,0.9163716831518781,0.03408613039146039,0.3833405346308717,8.150214251956665,True
vector_thrust,cruise_30,0.6558784590262996,1396.3396050709512,1249.7295711333272,60.67998334550682,0.7289871077966391,0.9163716831454156,0.03408613037244533,0.3833405346062213,8.177394306883784,True
vector_thrust,cruise_30,0.6559642270262616,1396.3396051028699,1249.7295715733526,60.679983360305684,0.7289871078588374,0.9163716831477122,0.03408613037920085,0.38334053461498413,8.196203488493435,True
vector_thrust,cruise_30,0.655994831407952,1396.3396050615859,1249.7295710042176,60.67998334116905,0.7289871077783876,0.9163716831447422,0.03408613037046616,0.38334053460365025,8.202916407688354,True
vector_thrust,cruise_31,0.655950917210402,1396.242948496669,1249.766903486694,60.67916950216984,0.7290117367277295,0.9163690412633164,0.03409039261302195,0.3833139992399508,8.202916407688354,True
vector_thrust,cruise_31,0.6559815142229892,1396.242951910486,1249.7669505480426,60.679171086527624,0.7290117433791806,0.9163690415090727,0.03409039333643281,0.3833140001771544,8.209629326883272,True
vector_thrust,cruise_31,0.6560672216344836,1396.24295040113,1249.7669297407328,60.67917038603828,0.729011740438364,0.9163690414004166,0.03409039301659145,0.3833139997627872,8.228438508492923,True
vector_thrust,cruise_31,0.6561910303962554,1396.2429493252716,1249.766914909435,60.67916988674645,0.7290117383421706,0.9163690413229686,0.034090392788620055,0.38331399946742917,8.255618563420041,True
vector_thrust,cruise_31,0.6563283891301698,1396.2429492962071,1249.7669145087712,60.679169873241406,0.7290117382855424,0.9163690413208746,0.03409039278245262,0.3833139994594501,8.285786148444812,True
vector_thrust,cruise_31,0.6564520913704823,1396.242949275833,1249.7669142278958,60.679169863777524,0.7290117382458459,0.9163690413194071,0.03409039277812935,0.38331399945385664,8.312966203371928,True
vector_thrust,cruise_31,0.6565376660535099,1396.242949242329,1249.76691376603,60.67916984825796,0.7290117381805661,0.9163690413169981,0.03409039277104527,0.3833139994446587,8.331775384981581,True
vector_thrust,cruise_31,0.656568201372535,1396.2429492412455,1249.766913751096,60.6791698477453,0.7290117381784558,0.9163690413169191,0.03409039277081158,0.38331399944436134,8.338488304176499,True
vector_thrust,cruise_32,0.6565237322804607,1396.1451627795243,1249.804722966198,60.678347124526866,0.7290366659027894,0.9163663683176722,0.03409470606048565,0.3832871538873225,8.338488304176499,True
vector_thrust,cruise_32,0.6565542627121028,1396.1451702593151,1249.8048260770656,60.6783505958088,0.7290366804738856,0.9163663688560714,0.03409470764565081,0.3832871559407678,8.345201223371417,True
vector_thrust,cruise_32,0.6566397767284684,1396.1451700203345,1249.8048227826525,60.67835048492666,0.729036680008336,0.9163663688388719,0.03409470759501822,0.3832871558751599,8.36401040498107,True
vector_thrust,cruise_32,0.6567633019758213,1396.1451657437492,1249.8047638288144,60.67834850014413,0.7290366716772831,0.9163663685310343,0.034094706688656634,0.3832871547010984,8.391190459908186,True
vector_thrust,cruise_32,0.6569003465529036,1396.1451646907794,1249.8047493133595,60.67834801147512,0.7290366696260335,0.9163663684552412,0.034094706465506434,0.38328715441202404,8.421358044932957,True
vector_thrust,cruise_32,0.6570237652558024,1396.1451645354966,1249.8047471727334,60.67834793944941,0.729036669323532,0.9163663684440677,0.03409470643261987,0.38328715436939387,8.448538099860075,True
vector_thrust,cruise_32,0.6571091432048258,1396.145164463404,1249.8047461789095,60.67834790601262,0.7290366691830895,0.9163663684388804,0.0340947064173535,0.38328715434960214,8.467347281469726,True
vector_thrust,cruise_32,0.6571396082372816,1396.1451645058778,1249.804746764426,60.67834792572934,0.7290366692658315,0.9163663684419382,0.03409470642635788,0.3832871543612626,8.474060200664645,True
vector_thrust,cruise_33,0.6570945690747116,1396.0462173446986,1249.843024273739,60.677515381476155,0.7290619006126294,0.9163636634059167,0.034099071772132256,0.38325999015455636,8.474060200664645,True
vector_thrust,cruise_33,0.6571250267944876,1396.0462212901323,1249.843078661424,60.67751721246728,0.7290619082972641,0.9163636636898801,0.03409907260836044,0.38325999123770593,8.480773119859563,True
vector_thrust,cruise_33,0.6572103419787675,1396.046219244374,1249.8430504607009,60.67751626307097,0.7290619043126808,0.916363663542641,0.034099072174762865,0.38325999067607885,8.499582301469214,True
vector_thrust,cruise_33,0.6573335831401949,1396.0462186112845,1249.8430417335974,60.67751596926623,0.729061903079596,0.9163636634970757,0.034099072040580325,0.38325999050227527,8.526762356396333,True
vector_thrust,cruise_33,0.6574703091681495,1396.046218303725,1249.8430374938976,60.67751582654246,0.7290619024805545,0.9163636634749406,0.034099071975397674,0.3832599904178402,8.556929941421103,True
vector_thrust,cruise_33,0.6575934395198982,1396.0462182855592,1249.8430372434775,60.6775158181049,0.7290619024451711,0.9163636634736325,0.03409907197154267,0.38325999041285314,8.584109996348221,True
vector_thrust,cruise_33,0.6576786173265402,1396.0462182468254,1249.843036709527,60.67751580014916,0.729061902369728,0.9163636634708466,0.03409907196334631,0.3832599904022195,8.60291917795787,True
vector_thrust,cruise_33,0.6577090107799466,1396.046218241501,1249.8430366361345,60.67751579767383,0.7290619023593566,0.9163636634704629,0.03409907196221366,0.3832599904007577,8.60963209715279,True
vector_thrust,cruise_34,0.6576633879327445,1395.9460816983794,1249.8818201544686,60.676674022690236,0.7290874489451794,0.9163609256840509,0.034103491129031376,0.38323249967011136,8.60963209715279,True
vector_thrust,cruise_34,0.657693771435279,1395.946081698377,1249.8818201544373,60.67667402268716,0.7290874489451746,0.9163609256840505,0.034103491129029065,0.3832324996701107,8.616345016347708,True
vector_thrust,cruise_34,0.6577788868162616,1395.946081697952,1249.8818201485756,60.67667402248853,0.7290874489443461,0.9163609256840197,0.034103491128939185,0.383232499669994,8.635154197957359,True
vector_thrust,cruise_34,0.6579018369487509,1395.9460816978649,1249.8818201473803,60.67667402245,0.7290874489441763,0.9163609256840136,0.03410349112892108,0.3832324996699701,8.662334252884477,True
vector_thrust,cruise_34,0.6580382385870918,1395.9460816983833,1249.881820154528,60.67667402268983,0.7290874489451863,0.9163609256840509,0.03410349112903183,0.38323249967011236,8.692501837909248,True
vector_thrust,cruise_34,0.6581610754984946,1395.9460816983863,1249.8818201545623,60.676674022696794,0.7290874489451911,0.9163609256840518,0.03410349112903493,0.3832324996701132,8.719681892836366,True
vector_thrust,cruise_34,0.6582460496950739,1395.946081698381,1249.8818201544964,60.67667402268941,0.7290874489451831,0.9163609256840509,0.03410349112903053,0.3832324996701118,8.738491074446017,True
vector_thrust,cruise_34,0.6582763703654353,1395.9460816999126,1249.8818201756058,60.67667402340213,0.7290874489481639,0.9163609256841612,0.03410349112935663,0.3832324996705323,8.745203993640935,True
vector_thrust,cruise_35,0.6582301484948996,1395.844724101907,1249.9211240644881,60.67582279354916,0.7291133193492405,0.9163581542741224,0.034107965572194344,0.38320467372069544,8.745203993640935,True
vector_thrust,cruise_35,0.6582604590875526,1395.8447241018393,1249.9211240635593,60.67582279352026,0.7291133193491083,0.9163581542741178,0.034107965572181376,0.3832046737206769,8.751916912835853,True
vector_thrust,cruise_35,0.6583453698690097,1395.8447241018403,1249.921124063567,60.675822793515756,0.7291133193491112,0.9163581542741174,0.03410796557217913,0.3832046737206772,8.770726094445505,True
vector_thrust,cruise_35,0.6584680235361091,1395.8447241019057,1249.9211240644668,60.67582279354916,0.7291133193492364,0.9163581542741224,0.03410796557219376,0.3832046737206951,8.797906149372622,True
vector_thrust,cruise_35,0.6586040949998846,1395.8447241019094,1249.9211240645177,60.67582279354711,0.7291133193492446,0.9163581542741223,0.03410796557219394,0.38320467372069605,8.828073734397393,True
vector_thrust,cruise_35,0.6587266334224239,1395.8447241019874,1249.9211240655916,60.675822793587486,0.7291133193493956,0.9163581542741283,0.034107965572211456,0.38320467372071754,8.855253789324511,True
vector_thrust,cruise_35,0.6588114004960505,1395.8447241019946,1249.9211240657023,60.67582279359118,0.7291133193494114,0.9163581542741288,0.034107965572212635,0.3832046737207195,8.874062970934162,True
vector_thrust,cruise_35,0.6588416471326093,1395.8447241019073,1249.9211240644909,60.67582279354895,0.7291133193492404,0.9163581542741224,0.03410796557219414,0.38320467372069555,8.880775890129081,True
vector_thrust,cruise_36,0.6587948096461783,1395.7421115009613,1249.9609502081844,60.67496143486197,0.7291395206545609,0.9163553482622874,0.03411249660598192,0.3831765032318251,8.880775890129081,True
vector_thrust,cruise_36,0.6588250460817469,1395.7421115009697,1249.9609502083001,60.674961434869964,0.7291395206545767,0.9163553482622885,0.0341124966059853,0.38317650323182745,8.887488809324,True
vector_thrust,cruise_36,0.6589097487673093,1395.7421115009702,1249.960950208302,60.67496143487017,0.7291395206545779,0.9163553482622884,0.034112496605985566,0.38317650323182756,8.90629799093365,True
vector_thrust,cruise_36,0.6590321009135987,1395.7421115009722,1249.9609502083408,60.6749614348673,0.7291395206545823,0.9163553482622883,0.03411249660598429,0.38317650323182806,8.933478045860769,True
vector_thrust,cruise_36,0.6591678365876932,1395.7421115009713,1249.9609502083097,60.674961434868315,0.7291395206545799,0.9163553482622884,0.034112496605984866,0.3831765032318279,8.963645630885539,True
vector_thrust,cruise_36,0.6592900714578713,1395.7421115009727,1249.960950208338,60.674961434867704,0.7291395206545829,0.9163553482622884,0.03411249660598551,0.3831765032318282,8.990825685812657,True
vector_thrust,cruise_36,0.6593746279023057,1395.7421115009743,1249.9609502083601,60.67496143486565,0.7291395206545855,0.9163553482622881,0.03411249660598363,0.3831765032318286,9.009634867422308,True
vector_thrust,cruise_36,0.6594047992543678,1395.7421115009715,1249.96095020832,60.674961434868116,0.7291395206545809,0.9163553482622883,0.034112496605984574,0.38317650323182795,9.016347786617226,True
vector_thrust,cruise_37,0.6593573839450554,1395.6383523960692,1250.0013133044754,60.67406505415376,0.7291662832265274,0.9163525080788096,0.03411706496437763,0.3831480179904159,9.016347786617226,True
vector_thrust,cruise_37,0.6593875449659706,1395.638352396065,1250.0013133044113,60.674065054157445,0.729166283226519,0.9163525080788099,0.03411706496437901,0.3831480179904148,9.023060705812146,True
vector_thrust,cruise_37,0.6594720360309584,1395.6383523960687,1250.0013133044692,60.67406505415417,0.7291662832265261,0.9163525080788096,0.03411706496437818,0.3831480179904158,9.041869887421797,True
vector_thrust,cruise_37,0.6595940815600307,1395.6383523960676,1250.0013133044497,60.67406505415499,0.7291662832265247,0.9163525080788096,0.03411706496437787,0.3831480179904155,9.069049942348915,True
vector_thrust,cruise_37,0.6597294757834746,1395.638352396067,1250.0013133044347,60.674065054156216,0.7291662832265223,0.9163525080788099,0.03411706496437843,0.3831480179904153,9.099217527373685,True
vector_thrust,cruise_37,0.6598514019970902,1395.638352396068,1250.0013133044486,60.67406505415458,0.7291662832265248,0.9163525080788096,0.03411706496437704,0.38314801799041565,9.126397582300802,True
vector_thrust,cruise_37,0.6599357442779309,1395.6383523960665,1250.0013133044317,60.67406505415704,0.729166283226523,0.9163525080788099,0.03411706496437891,0.38314801799041526,9.145206763910455,True
vector_thrust,cruise_37,0.659965839083598,1395.6383523960694,1250.0013133044704,60.67406505415335,0.7291662832265267,0.9163525080788096,0.03411706496437837,0.383148017990416,9.151919683105373,True
vector_thrust,cruise_38,0.6599177195796844,1395.5331249679825,1250.0422287159017,60.67318259486663,0.7291931744022171,0.9163496299640819,0.03412171393635292,0.3831191296466409,9.151919683105373,True
vector_thrust,cruise_38,0.6599478039300596,1395.5331249679816,1250.042228715893,60.67318259486725,0.7291931744022141,0.916349629964082,0.03412171393635191,0.3831191296466407,9.15863260230029,True
vector_thrust,cruise_38,0.6600320798543016,1395.5331249679837,1250.04222871592,60.67318259486602,0.7291931744022183,0.9163496299640819,0.03412171393635234,0.3831191296466413,9.177441783909941,True
vector_thrust,cruise_38,0.6601538136761599,1395.53312496798,1250.0422287158672,60.67318259486889,0.7291931744022125,0.9163496299640821,0.03412171393635257,0.3831191296466402,9.20462183883706,True
vector_thrust,cruise_38,0.6602888607950633,1395.5331249679805,1250.0422287158835,60.673182594868486,0.7291931744022134,0.916349629964082,0.03412171393635322,0.38311912964664036,9.23478942386183,True
vector_thrust,cruise_38,0.6604104732541703,1395.5331249679818,1250.042228715894,60.67318259486663,0.7291931744022159,0.9163496299640819,0.034121713936351765,0.3831191296466408,9.261969478788949,True
vector_thrust,cruise_38,0.6604945978413326,1395.5331249679812,1250.0422287158806,60.67318259486786,0.7291931744022119,0.916349629964082,0.034121713936353076,0.3831191296466405,9.2807786603986,True
vector_thrust,cruise_38,0.6605246148402985,1395.5331249679828,1250.0422287159026,60.67318259486602,0.7291931744022156,0.9163496299640819,0.03412171393635168,0.38311912964664097,9.287491579593517,True
vector_thrust,cruise_39,0.6604758274312814,1395.426534588136,1250.0837124561926,60.67228914890241,0.7292204252776103,0.916346714261502,0.03412642440733056,0.38308986712837834,9.287491579593517,True
vector_thrust,cruise_39,0.6605058333873057,1395.426533883917,1250.083702749969,60.67228882133353,0.7292204239074688,0.9163467142107741,0.034126424257528,0.38308986693504726,9.294204498788437,True
vector_thrust,cruise_39,0.6605898905236428,1395.4265337336228,1250.0837006784727,60.67228875144042,0.7292204236150553,0.9163467141999493,0.03412642422556619,0.3830898668937867,9.313013680398088,True
vector_thrust,cruise_39,0.6607113073477883,1395.4265334903464,1250.083697325385,60.6722886385009,0.7292204231417312,0.9163467141824466,0.03412642417393959,0.38308986682699936,9.340193735325206,True
vector_thrust,cruise_39,0.660846001461786,1395.4265331835893,1250.083693097326,60.67228849644536,0.7292204225448933,0.9163467141604116,0.0341264241090413,0.3830898667427846,9.370361320349977,True
vector_thrust,cruise_39,0.6609672948236754,1395.4265328723686,1250.0836888077029,60.67228835271761,0.7292204219393645,0.9163467141380943,0.03412642404342212,0.38308986665734446,9.397541375277093,True
vector_thrust,cruise_39,0.6610511980026121,1395.4265326338177,1250.0836855196699,60.67228824282511,0.7292204214752223,0.9163467141210152,0.034126423993276804,0.3830898665918545,9.416350556886746,True
vector_thrust,cruise_39,0.6610811358661378,1395.426532544694,1250.0836842912404,60.67228820181907,0.7292204213018156,0.9163467141146392,0.034126423974573133,0.3830898665673872,9.423063476081664,True
vector_thrust,cruise_40,0.6610316629019378,1395.3185420644404,1250.1257813674144,60.67138440810739,0.7292480463271261,0.9163437598870695,0.03413119816169329,0.3830602196761277,9.423063476081664,True
vector_thrust,cruise_40,0.661061589763817,1395.3185415377955,1250.1257741088962,60.67138416279719,0.7292480453026752,0.9163437598491038,0.034131198049455025,0.38306021953154656,9.429776395276582,True
vector_thrust,cruise_40,0.661145424659589,1395.318541411053,1250.125772362064,60.67138410383478,0.7292480450561314,0.9163437598399741,0.034131198022485966,0.3830602194967516,9.448585576886234,True
vector_thrust,cruise_40,0.6612665195127362,1395.3185412045848,1250.1257695163822,60.67138400797678,0.729248044654498,0.9163437598251206,0.034131197978660904,0.38306021944006946,9.475765631813351,True
vector_thrust,cruise_40,0.661400855122,1395.3185409388366,1250.1257658536422,60.67138388491869,0.7292480441375473,0.9163437598060339,0.03413119792243642,0.38306021936711293,9.505933216838121,True
vector_thrust,cruise_40,0.6615218244578219,1395.3185406755788,1250.1257622251755,60.671383763383595,0.7292480436254317,0.9163437597871622,0.03413119786694437,0.38306021929484013,9.53311327176524,True
vector_thrust,cruise_40,0.6616055028496934,1395.3185404993399,1250.1257597960769,60.671383682216444,0.7292480432825951,0.9163437597745476,0.034131197829903565,0.3830602192464568,9.55192245337489,True
vector_thrust,cruise_40,0.6616353603753369,1395.3185404343637,1250.1257589004977,60.67138365232006,0.7292480431561946,0.9163437597698996,0.03413119781626478,0.38306021922861877,9.558635372569809,True
vector_thrust,cruise_41,0.661585180424201,1395.2091064251363,1250.168452956651,60.67046804697009,0.729276048486641,0.9163407657071302,0.034136037063248706,0.38303017604181167,9.558635372569809,True
vector_thrust,cruise_41,0.6616150268800396,1395.2091060245698,1250.1684474359877,60.67046786004999,0.7292760477075971,0.9163407656782235,0.03413603697767918,0.38303017593184313,9.565348291764728,True
vector_thrust,cruise_41,0.6616986359466703,1395.2091059139625,1250.1684459115813,60.67046780857977,0.7292760474924835,0.9163407656702557,0.03413603695413207,0.38303017590147775,9.584157473374379,True
vector_thrust,cruise_41,0.6618194036377834,1395.2091057298098,1250.1684433735304,60.670467723080385,0.729276047134327,0.9163407656570088,0.034136036915038095,0.3830301758509219,9.611337528301497,True
vector_thrust,cruise_41,0.6619533749903437,1395.2091055100416,1250.1684403445947,60.67046762133129,0.7292760467069019,0.9163407656412278,0.03413603686854302,0.3830301757905884,9.641505113326268,True
vector_thrust,cruise_41,0.6620740151173273,1395.2091053041447,1250.168437506817,60.67046752627558,0.7292760463064497,0.9163407656264695,0.03413603682513448,0.38303017573406306,9.668685168253385,True
vector_thrust,cruise_41,0.6621574651029761,1395.2091051496311,1250.1684353772116,60.67046745509808,0.729276046005931,0.9163407656154096,0.034136036792648115,0.383030175691644,9.687494349863037,True
vector_thrust,cruise_41,0.6621872409974229,1395.2091050923825,1250.1684345881692,60.67046742875233,0.7292760458945877,0.9163407656113143,0.03413603678062698,0.38303017567592745,9.694207269057955,True
vector_thrust,cruise_42,0.6621363333902466,1395.0981848182334,1250.2117455783455,60.66953972618106,0.7293044432021714,0.9163377305360053,0.03414094306231892,0.38299972446116815,9.694207269057955,True
vector_thrust,cruise_42,0.662166098136355,1395.0981845145052,1250.2117413924395,60.66953958413187,0.729304442611581,0.9163377305140583,0.03414094299724866,0.3829997243777849,9.700920188252873,True
vector_thrust,cruise_42,0.662249477769475,1395.0981844149926,1250.2117400209754,60.66953953781667,0.729304442418082,0.9163377305068897,0.034140942976055313,0.3829997243504654,9.719729369862526,True
vector_thrust,cruise_42,0.6623699131023263,1395.0981842690533,1250.21173800965,60.66953947004551,0.7293044421343039,0.9163377304963914,0.03414094294506202,0.38299972431040036,9.746909424789642,True
vector_thrust,cruise_42,0.6625035144123276,1395.098184090531,1250.211735549263,60.66953938737114,0.7293044417871678,0.9163377304835715,0.034140942907273854,0.3829997242613902,9.777077009814413,True
vector_thrust,cruise_42,0.6626238200958458,1395.0981839097176,1250.2117330572664,60.669539303865584,0.7293044414355685,0.9163377304706096,0.03414094286913227,0.38299972421175105,9.804257064741531,True
vector_thrust,cruise_42,0.6627070380632071,1395.0981837736454,1250.2117311818852,60.66953924116108,0.7293044411709718,0.9163377304608686,0.03414094284050618,0.3829997241743948,9.823066246351182,True
vector_thrust,cruise_42,0.6627367310368931,1395.0981837228755,1250.211730482169,60.66953921779574,0.7293044410722469,0.9163377304572371,0.03414094282984268,0.38299972416045686,9.8297791655461,True
vector_thrust,cruise_43,0.6626850741058624,1394.9857323953597,1250.2556785269499,60.66859909309121,0.729333242467723,0.9163346531329005,0.034145918201820856,0.3829688526218637,9.8297791655461,True
vector_thrust,cruise_43,0.6627147559481708,1394.9857323900742,1250.2556784540775,60.6685990906702,0.7293332424574422,0.9163346531325236,0.03414591820071609,0.3829688526204126,9.83649208474102,True
vector_thrust,cruise_43,0.6627979026230848,1394.9857323917624,1250.2556784774686,60.66859909054209,0.7293332424607434,0.9163346531325559,0.034145918200561766,0.3829688526208761,9.85530126635067,True
vector_thrust,cruise_43,0.6629180004030392,1394.9857323945603,1250.2556785162355,60.66859909030494,0.7293332424662158,0.9163346531326071,0.03414591820029113,0.38296885262164415,9.882481321277789,True
vector_thrust,cruise_43,0.6630512259850146,1394.9857323954452,1250.255678528714,60.66859908880776,0.7293332424679793,0.9163346531324843,0.03414591819940674,0.3829688526218872,9.91264890630256,True
vector_thrust,cruise_43,0.6631711920511046,1394.9857323868875,1250.2556784098501,60.66859909133454,0.7293332424511988,0.916334653132504,0.03414591820124702,0.3829688526195378,9.939828961229676,True
vector_thrust,cruise_43,0.6632541744864935,1394.9857323897843,1250.2556784499868,60.6685990910324,0.7293332424568634,0.9163346531325514,0.034145918200934954,0.38296885262033303,9.958638142839328,True
vector_thrust,cruise_43,0.663281793004697,1394.9857323514154,1250.2556779216786,60.66859907037482,0.729333242382345,0.9163346531295141,0.034145918191187036,0.38296885260979957,9.965351062034246,True
vector_thrust,cruise_44,0.6632293636286466,1394.8717021564134,1250.300271727061,60.66764576850997,0.7293624588083705,0.9163315321964335,0.034150964617624575,0.3829375476208452,9.965351062034246,True
vector_thrust,cruise_44,0.6632552041708925,1394.8717020142012,1250.3002697671732,60.66764570238643,0.7293624585319433,0.9163315321861976,0.03415096458736703,0.38293754758180326,9.972063981229164,True
vector_thrust,cruise_44,0.6633276501622757,1394.8717020488427,1250.3002702446274,60.667645717617184,0.7293624585992861,0.9163315321886053,0.03415096459424418,0.3829375475913135,9.990873162838817,True
vector_thrust,cruise_44,0.663421689926797,1394.8717018626583,1250.30026767878,60.66764563162175,0.7293624582373938,0.9163315321752604,0.03415096455495196,0.3829375475401998,10.018053217765933,True
vector_thrust,cruise_44,0.6635228994333419,1394.871701732044,1250.3002658787896,60.66764557076042,0.7293624579835212,0.9163315321658466,0.03415096452708828,0.38293754750434195,10.048220802790704,True
vector_thrust,cruise_44,0.6636143258744903,1394.8717016034298,1250.300264106354,60.66764551101397,0.7293624577335354,0.9163315321565946,0.03415096449975304,0.3829375474690332,10.075400857717822,True
vector_thrust,cruise_44,0.6636777282107418,1394.8717015171064,1250.300262916723,60.66764547100147,0.7293624575657486,0.9163315321503935,0.03415096448145701,0.3829375474453346,10.094210039327473,True
vector_thrust,cruise_44,0.6637003826615253,1394.8717014847261,1250.3002624704905,60.66764545601095,0.7293624575028094,0.9163315321480692,0.03415096447460411,0.3829375474364452,10.100922958522393,True
vector_thrust,cruise_45,0.6636471680581093,1394.756044866126,1250.3455465656205,60.66667937124291,0.7293921054266708,0.9163283663647545,0.03415608455662463,0.38290579594143365,10.100922958522393,True
vector_thrust,cruise_45,0.6636698307075674,1394.7560448107113,1250.3455458020117,60.66667934464198,0.7293921053189898,0.9163283663606846,0.03415608454436239,0.38290579592622037,10.10763587771731,True
vector_thrust,cruise_45,0.663733404184784,1394.7560447596766,1250.3455450987283,60.66667932079861,0.7293921052198156,0.9163283663570005,0.034156084533436736,0.38290579591220975,10.126445059326961,True
vector_thrust,cruise_45,0.6638254635685228,1394.7560446712812,1250.3455438805847,60.666679279635964,0.7293921050480371,0.9163283663506329,0.03415608451459254,0.38290579588794244,10.15362511425408,True
vector_thrust,cruise_45,0.6639279093173039,1394.7560445641257,1250.3455424039116,60.66667922994456,0.7293921048398019,0.916328366342934,0.03415608449186382,0.38290579585852463,10.18379269927885,True
vector_thrust,cruise_45,0.6640204511453559,1394.7560444622345,1250.3455409997584,60.66667918285536,0.7293921046417923,0.916328366335629,0.034156084470342775,0.38290579583055223,10.210972754205967,True
vector_thrust,cruise_45,0.6640846262155805,1394.756044384542,1250.345539929086,60.66667914704615,0.72939210449081,0.9163283663300683,0.03415608445398591,0.3829057958092231,10.22978193581562,True
vector_thrust,cruise_45,0.6641075566246784,1394.756044355248,1250.3455395253873,60.6666791335649,0.7293921044338818,0.9163283663279738,0.03415608444783026,0.382905795801181,10.236494855010537,True
vector_thrust,cruise_46,0.6640535323005773,1394.6387088561662,1250.3915253133955,60.66569949558808,0.729422196152497,0.9163251542080242,0.0341612803739613,0.38287358339899535,10.236494855010537,True
vector_thrust,cruise_46,0.6640764708520001,1394.6387088194238,1250.391524807103,60.66569947778218,0.7294221960811161,0.9163251542053097,0.0341612803657359,0.3828735833889083,10.243207774205455,True
vector_thrust,cruise_46,0.6641408178443221,1394.638708775616,1250.3915242034295,60.665699457314204,0.7294221959960036,0.9163251542021477,0.03416128035635541,0.38287358337688165,10.262016955815108,True
vector_thrust,cruise_46,0.6642339962627062,1394.6387087102473,1250.391523302642,60.665699426879755,0.7294221958690003,0.9163251541974398,0.03416128034241977,0.38287358335893584,10.289197010742225,True
vector_thrust,cruise_46,0.6643376858027817,1394.6387086286345,1250.3915221779962,60.66569938902035,0.7294221957104347,0.9163251541915755,0.03416128032509885,0.38287358333653054,10.319364595766995,True
vector_thrust,cruise_46,0.6644313498330302,1394.6387085438953,1250.391521010247,60.6656993498462,0.7294221955457945,0.9163251541854996,0.034161280307190255,0.3828735833132668,10.346544650694113,True
vector_thrust,cruise_46,0.664496302377638,1394.6387084804678,1250.3915201361974,60.66569932059898,0.729422195422559,0.9163251541809594,0.034161280293829074,0.38287358329585397,10.365353832303764,True
vector_thrust,cruise_46,0.6645195104446415,1394.6387084636851,1250.3915199049256,60.6656993128723,0.7294221953899526,0.9163251541797591,0.03416128029030014,0.3828735832912466,10.372066751498684,True
vector_thrust,cruise_47,0.6644646498985258,1394.519639861746,1250.4382312056791,60.66470571012895,0.7294527454885972,0.9163218942238858,0.034166554540566225,0.38284089509608515,10.372066751498684,True
vector_thrust,cruise_47,0.664487866031117,1394.519639827525,1250.4382307341336,60.66470569351888,0.7294527454221277,0.9163218942213553,0.0341665545328866,0.38284089508669034,10.378779670693602,True
vector_thrust,cruise_47,0.6645529912847212,1394.5196397955785,1250.4382302939252,60.66470567860831,0.7294527453600724,0.9163218942190511,0.03416655452605488,0.3828408950779201,10.397588852303253,True
vector_thrust,cruise_47,0.6646472956062661,1394.5196397416482,1250.4382295507776,60.664705653516215,0.7294527452553156,0.9163218942151691,0.03416655451456608,0.3828408950631144,10.424768907230371,True
vector_thrust,cruise_47,0.6647522365903049,1394.5196396705073,1250.4382285704703,60.664705620541056,0.7294527451171259,0.9163218942100605,0.03416655449947962,0.38284089504358393,10.454936492255142,True
vector_thrust,cruise_47,0.6648470297604098,1394.519639612555,1250.4382277718946,60.6647055937628,0.7294527450045538,0.9163218942059069,0.0341665544872384,0.3828408950276741,10.482116547182258,True
vector_thrust,cruise_47,0.6649127645995419,1394.5196395757414,1250.4382272645976,60.664705576789935,0.7294527449330427,0.9163218942032723,0.03416655447948231,0.38284089501756763,10.50092572879191,True
vector_thrust,cruise_47,0.6649362520387998,1394.5196395620749,1250.438227076277,60.66470557049462,0.729452744906496,0.9163218942022948,0.034166554476607394,0.38284089501381574,10.507638647986829,True
vector_thrust,cruise_48,0.6648805274012408,1394.3987808429872,1250.4856885161162,60.663697556294366,0.729483768658155,0.9163185848324987,0.03417190965131845,0.3828077153734054,10.507638647986829,True
vector_thrust,cruise_48,0.6649040228304408,1394.3987808091165,1250.4856880492994,60.663697540736884,0.7294837685923605,0.9163185848300807,0.03417190964421427,0.3828077153641068,10.514351567181746,True
vector_thrust,cruise_48,0.6649699311725805,1394.39878080371,1250.4856879749354,60.66369753714606,0.7294837685818817,0.9163185848295866,0.03417190964245675,0.38280771536262254,10.5331607487914,True
vector_thrust,cruise_48,0.6650653683816129,1394.398780760627,1250.4856873812894,60.66369751711366,0.7294837684982135,0.9163185848264871,0.0341719096332845,0.3828077153507949,10.560340803718516,True
vector_thrust,cruise_48,0.6651715686060755,1394.3987807197677,1250.4856868182894,60.663697498187354,0.7294837684188662,0.9163185848235544,0.034171909624626295,0.38280771533957764,10.590508388743286,True
vector_thrust,cruise_48,0.6652674979526032,1394.3987806821215,1250.485686299564,60.66369748079468,0.7294837683457558,0.9163185848208569,0.03417190961667414,0.38280771532924257,10.617688443670405,True
vector_thrust,cruise_48,0.6653340199629846,1394.3987806546256,1250.48568592068,60.66369746811735,0.7294837682923575,0.9163185848188893,0.034171909610880916,0.38280771532169405,10.636497625280056,True
vector_thrust,cruise_48,0.6653577885241864,1394.3987806472555,1250.4856858191201,60.66369746472392,0.7294837682780448,0.9163185848183624,0.03417190960932994,0.3828077153196707,10.643210544474975,True
vector_thrust,cruise_49,0.6653011710007017,1394.2760726323625,1250.5339342382526,60.662674937238364,0.7295152832913405,0.9163152244316001,0.03417734861266342,0.38277402798754984,10.643210544474975,True
vector_thrust,cruise_49,0.6653249469490121,1394.2760718034488,1250.533922816261,60.662674552724695,0.7295152816818307,0.9163152243720606,0.03417734843666692,0.3827740277599861,10.649923463669893,True
vector_thrust,cruise_49,0.6653916432415459,1394.2760717748654,1250.5339224223935,60.662674539473215,0.7295152816263322,0.9163152243700081,0.03417734843060077,0.3827740277521391,10.668732645279544,True
vector_thrust,cruise_49,0.6654882204719114,1394.2760718034986,1250.5339228169482,60.66267455275483,0.7295152816819286,0.9163152243720648,0.034177348436680945,0.3827740277599998,10.695912700206662,True
vector_thrust,cruise_49,0.6655956878492574,1394.2760718038921,1250.533922822366,60.66267455293398,0.7295152816826924,0.9163152243720928,0.03417734843676186,0.3827740277601078,10.726080285231433,True
vector_thrust,cruise_49,0.6656927605342301,1394.2760718035654,1250.5339228178686,60.66267455278557,0.7295152816820581,0.9163152243720696,0.0341773484366957,0.3827740277600181,10.753260340158551,True
vector_thrust,cruise_49,0.6657600746921003,1394.276071803451,1250.5339228162877,60.662674552727566,0.7295152816818364,0.9163152243720609,0.034177348436667275,0.38277402775998676,10.772069521768202,True
vector_thrust,cruise_49,0.6657841261508768,1394.2760718034358,1250.533922816082,60.66267455272448,0.7295152816818057,0.9163152243720601,0.03417734843666846,0.3827740277599825,10.77878244096312,True
vector_thrust,cruise_50,0.6657265836326037,1394.1514494549872,1250.5829593691324,60.66163612126098,0.7295473011955808,0.9163118110825884,0.03418287373761192,0.38273981488117803,10.77878244096312,True
vector_thrust,cruise_50,0.6657506430714472,1394.1514496568368,1250.5829621482706,60.661636229553,0.729547301587093,0.9163118110985147,0.03418287378873673,0.3827398149365923,10.785495360158038,True
vector_thrust,cruise_50,0.6658181323160266,1394.1514496551129,1250.5829621245152,60.66163622875256,0.7295473015837463,0.9163118110983909,0.034182873788370115,0.3827398149361191,10.80430454176769,True
vector_thrust,cruise_50,0.6659158567037837,1394.1514496517862,1250.5829620786847,60.66163622721748,0.7295473015772886,0.9163118110981526,0.03418287378766905,0.3827398149352058,10.831484596694807,True
vector_thrust,cruise_50,0.6660245992311326,1394.1514496468221,1250.5829620102772,60.6616362249256,0.7295473015676512,0.9163118110977972,0.03418287378662051,0.38273981493384296,10.861652181719577,True
vector_thrust,cruise_50,0.6661228224879892,1394.151449640955,1250.5829619294243,60.66163622221394,0.7295473015562608,0.9163118110973769,0.03418287378538031,0.3827398149322323,10.888832236646696,True
vector_thrust,cruise_50,0.666190933813383,1394.15144963592,1250.582961860057,60.66163621988927,0.7295473015464878,0.9163118110970163,0.034182873784316635,0.38273981493085,10.907641418256347,True
vector_thrust,cruise_50,0.6662152699659468,1394.1514496338743,1250.5829618318653,60.661636218946164,0.7295473015425163,0.91631181109687,0.03418287378388522,0.38273981493028847,10.914354337451266,True
vector_thrust,cruise_51,0.6661567708724144,1394.0248478280052,1250.6328348133927,60.660582049461,0.7295798461447216,0.9163083431671448,0.03418848873672342,0.3827050586261861,10.914354337451266,True
vector_thrust,cruise_51,0.6661811147802188,1394.0248478280118,1250.6328348134796,60.660582049460174,0.7295798461447333,0.9163083431671449,0.03418848873672258,0.38270505862618787,10.921067256646184,True
vector_thrust,cruise_51,0.6662494020059576,1394.0248478280184,1250.6328348135662,60.6605820494653,0.7295798461447447,0.9163083431671455,0.03418848873672609,0.3827050586261897,10.939876438255835,True
vector_thrust,cruise_51,0.6663482808885559,1394.0248478280155,1250.6328348135307,60.66058204945956,0.7295798461447407,0.9163083431671449,0.03418848873672256,0.38270505862618887,10.967056493182954,True
vector_thrust,cruise_51,0.6664583067233988,1394.0248478280257,1250.6328348136685,60.6605820494651,0.7295798461447606,0.9163083431671457,0.03418848873672475,0.38270505862619175,10.997224078207724,True
vector_thrust,cruise_51,0.6665576879324442,1394.0248478280123,1250.632834813487,60.6605820494657,0.7295798461447344,0.9163083431671455,0.03418848873672535,0.38270505862618803,11.024404133134842,True
vector_thrust,cruise_51,0.6666266015503342,1394.0248478279934,1250.6328348132301,60.66058204945096,0.7295798461446982,0.9163083431671435,0.034188488736718634,0.3827050586261828,11.043213314744493,True
vector_thrust,cruise_51,0.6666512242293532,1394.0248478279948,1250.632834813239,60.66058204944849,0.729579846144699,0.9163083431671433,0.03418848873671852,0.38270505862618326,11.049926233939411,True
vector_thrust,cruise_52,0.6665917340835618,1393.896196115954,1250.6835710791931,60.65951145895568,0.729612934162124,0.9163048186338247,0.03419419648282665,0.38266973955631467,11.049926233939411,True
vector_thrust,cruise_52,0.6666163644235467,1393.8961961159866,1250.6835710796527,60.659511458968176,0.7296129341621893,0.9163048186338268,0.034194196482831396,0.3826697395563236,11.05663915313433,True
vector_thrust,cruise_52,0.6666854547513968,1393.896196115966,1250.6835710793707,60.659511458965106,0.7296129341621486,0.9163048186338261,0.03419419648283069,0.38266973955631794,11.075448334743982,True
vector_thrust,cruise_52,0.6667854955519756,1393.8961961159862,1250.6835710796404,60.65951145897494,0.7296129341621873,0.9163048186338275,0.034194196482835004,0.3826697395563235,11.1026283896711,True
vector_thrust,cruise_52,0.6668968129653321,1393.8961961159862,1250.6835710796404,60.65951145896961,0.7296129341621873,0.916304818633827,0.034194196482833034,0.3826697395563235,11.13279597469587,True
vector_thrust,cruise_52,0.6669973596072918,1393.8961961159832,1250.683571079596,60.659511458965724,0.7296129341621813,0.9163048186338266,0.034194196482831,0.38266973955632266,11.159976029622987,True
vector_thrust,cruise_52,0.6670670807104127,1393.8961961159757,1250.6835710794985,60.659511458969,0.7296129341621677,0.9163048186338267,0.034194196482832,0.38266973955632066,11.17878521123264,True
vector_thrust,cruise_52,0.667091991772267,1393.8961961159876,1250.6835710796577,60.65951145896777,0.7296129341621892,0.916304818633827,0.034194196482832534,0.38266973955632383,11.185498130427558,True
vector_thrust,cruise_53,0.6670314743637952,1393.7654203919901,1250.7352029595577,60.65842387481699,0.7296465855100764,0.9163012354455531,0.03420000040976796,0.3826338373762464,11.185498130427558,True
vector_thrust,cruise_53,0.6670563929885751,1393.7654203919894,1250.7352029595463,60.65842387481391,0.7296465855100748,0.9163012354455528,0.034200000409766215,0.3826338373762461,11.192211049622475,True
vector_thrust,cruise_53,0.6671262916170032,1393.765420391991,1250.7352029595752,60.65842387481228,0.7296465855100782,0.9163012354455526,0.03420000040976339,0.38263383737624657,11.211020231232126,True
vector_thrust,cruise_53,0.6672275018726185,1393.7654203919878,1250.735202959524,60.65842387482027,0.7296465855100703,0.9163012354455534,0.03420000040976869,0.3826338373762457,11.238200286159245,True
vector_thrust,cruise_53,0.6673401192734902,1393.7654204089984,1250.7352031938938,60.65842388270745,0.7296465855430714,0.9163012354467742,0.03420000041338099,0.3826338373809156,11.268367871184015,True
vector_thrust,cruise_53,0.6674418385748695,1393.7654198445848,1250.7351954174985,60.65842362092124,0.729646584448133,0.9163012354062571,0.03420000029348112,0.3826338372259658,11.295547926111134,True
vector_thrust,cruise_53,0.6675123696896723,1393.7654156635283,1250.7351378116125,60.658421681698556,0.729646576337061,0.9163012351061168,0.034199999405310454,0.3826338360781301,11.314357107720785,True
vector_thrust,cruise_53,0.6675375723396351,1393.7654176745782,1250.7351655195139,60.65842261444587,0.7296465802384123,0.9163012352504815,0.034199999832512436,0.38263383663022854,11.321070026915702,True
vector_thrust,cruise_54,0.6674759911609404,1393.6324422930952,1250.7877643132222,60.657318680547554,0.7296808212000081,0.9162975914318214,0.03420590409422956,0.3825973305727895,11.321070026915702,True
vector_thrust,cruise_54,0.6675011999491152,1393.632442292925,1250.7877643108775,60.65731868045224,0.7296808211996796,0.9162975914318077,0.03420590409418413,0.38259733057274276,11.327782946110622,True
vector_thrust,cruise_54,0.66757191215494,1393.632442292918,1250.7877643107915,60.65731868044875,0.7296808211996659,0.916297591431807,0.03420590409418376,0.3825973305727409,11.346592127720273,True
vector_thrust,cruise_54,0.6676742995128656,1393.6324422929285,1250.787764310932,60.657318680450395,0.7296808211996875,0.9162975914318076,0.034205904094182955,0.38259733057274375,11.373772182647391,True
vector_thrust,cruise_54,0.6677882254025661,1393.632442293048,1250.7877643125746,60.65731868050677,0.7296808211999182,0.9162975914318161,0.034205904094210524,0.38259733057277656,11.403939767672162,True
vector_thrust,cruise_54,0.6678911258129563,1393.6324422931168,1250.787764313521,60.65731868053751,0.7296808212000522,0.9162975914318211,0.03420590409422347,0.3825973305727954,11.431119822599278,True
vector_thrust,cruise_54,0.6679624777861007,1393.6324422931182,1250.7877643135398,60.65731868054059,0.7296808212000537,0.9162975914318214,0.0342059040942256,0.3825973305727958,11.449929004208931,True
vector_thrust,cruise_54,0.6679879712981317,1393.632442293119,1250.787764313552,60.65731868053136,0.7296808212000548,0.9162975914318204,0.03420590409422036,0.38259733057279605,11.456641923403849,True
vector_thrust,cruise_55,0.6679252822585316,1393.4971788882801,1250.8412910013903,60.656195224019946,0.7297156634759608,0.9162938842953686,0.03421191132233758,0.3825601963786965,11.456641923403849,True
vector_thrust,cruise_55,0.6679507831180341,1393.497178888475,1250.841291004083,60.65619522410747,0.7297156634763404,0.9162938842953823,0.034211911322378004,0.38256019637875005,11.463354842598767,True
vector_thrust,cruise_55,0.6680223142537252,1393.4971788883126,1250.8412910018433,60.65619522403142,0.7297156634760229,0.9162938842953705,0.03421191132234172,0.38256019637870536,11.48216402420842,True
vector_thrust,cruise_55,0.6681258864744103,1393.497178888292,1250.8412910015586,60.65619522401769,0.7297156634759849,0.9162938842953686,0.034211911322336544,0.38256019637869976,11.509344079135536,True
vector_thrust,cruise_55,0.6682411295103929,1393.4971788879036,1250.8412909962144,60.65619522384448,0.7297156634752326,0.9162938842953414,0.034211911322255865,0.3825601963785931,11.539511664160306,True
vector_thrust,cruise_55,0.6683452184815301,1393.497178888288,1250.841291001505,60.65619522401789,0.7297156634759774,0.9162938842953686,0.03421191132233616,0.38256019637869865,11.566691719087425,True
vector_thrust,cruise_55,0.6684173939958077,1393.4971788884582,1250.8412910038521,60.65619522409128,0.7297156634763076,0.9162938842953803,0.03421191132237,0.38256019637874533,11.585500900697076,True
vector_thrust,cruise_55,0.6684431816310561,1393.497178888469,1250.8412910040054,60.656195224102554,0.7297156634763291,0.9162938842953816,0.034211911322374014,0.38256019637874833,11.592213819891994,True
vector_thrust,cruise_56,0.6683793352064206,1393.3595295711075,1250.8956455501504,60.65504690781326,0.7297511112188382,0.9162901106879978,0.034218023400005695,0.38252240717423536,11.592213819891994,True
vector_thrust,cruise_56,0.6684051384501153,1393.359542310803,1250.8958210588205,60.655052815100554,0.7297511359155309,0.9162901116020085,0.03421802610682951,0.38252241067169523,11.598926739086913,True
vector_thrust,cruise_56,0.6684774939460534,1393.3595423107865,1250.895821058595,60.655052815092766,0.7297511359154998,0.9162901116020072,0.03421802610682687,0.3825224106716907,11.617735920696564,True
vector_thrust,cruise_56,0.6685822589013569,1393.3595423107847,1250.8958210585781,60.6550528150942,0.7297511359154955,0.9162901116020074,0.03421802610682704,0.3825224106716902,11.644915975623682,True
vector_thrust,cruise_56,0.668698827855963,1393.3595423107872,1250.89582105861,60.655052815092354,0.7297511359155012,0.9162901116020072,0.0342180261068278,0.38252241067169096,11.675083560648453,True
vector_thrust,cruise_56,0.6688041133218454,1393.3595423107865,1250.8958210585938,60.655052815092766,0.7297511359154991,0.9162901116020072,0.034218026106827004,0.3825224106716907,11.70226361557557,True
vector_thrust,cruise_56,0.6688771178853321,1393.3595423108059,1250.8958210588676,60.655052815094415,0.7297511359155373,0.9162901116020079,0.03421802610682802,0.382522410671696,11.721072797185222,True
vector_thrust,cruise_56,0.6689032016131363,1393.359542310818,1250.8958210590306,60.65505281510363,0.7297511359155593,0.9162901116020092,0.034218026106831785,0.3825224106716993,11.72778571638014,True
vector_thrust,cruise_57,0.6688381674610979,1393.219436976618,1250.951362157562,60.65388962097436,0.7297872589374266,0.916286270598938,0.03422425220091602,0.3824839472108634,11.72778571638014,True
vector_thrust,cruise_57,0.6688642598543525,1393.2194393496852,1250.9513948490348,60.65389072149244,0.7297872635366113,0.9162862707691845,0.034224252705299656,0.38248394786234724,11.734498635575058,True
vector_thrust,cruise_57,0.668937445219282,1393.2194393496866,1250.9513948490571,60.65389072148998,0.7297872635366137,0.9162862707691842,0.03422425270529832,0.3824839478623477,11.75330781718471,True
vector_thrust,cruise_57,0.6690434109131854,1393.2194393831833,1250.9513953105031,60.65389073701919,0.7297872636015331,0.9162862707715869,0.03422425271241488,0.3824839478715436,11.780487872111827,True
vector_thrust,cruise_57,0.6691613146770394,1393.2194393722202,1250.9513951594777,60.65389073193468,0.7297872635802863,0.9162862707708004,0.0342242527100856,0.3824839478685339,11.810655457136598,True
vector_thrust,cruise_57,0.6692678015527969,1393.2194346219235,1250.951329719191,60.653888528993456,0.7297872543738498,0.9162862704300113,0.0342242517004449,0.3824839465644233,11.837835512063716,True
vector_thrust,cruise_57,0.6693416438650079,1393.219439349687,1250.9513948490624,60.653890721489155,0.7297872635366152,0.9162862707691842,0.03422425270529894,0.38248394786234785,11.856644693673367,True
vector_thrust,cruise_57,0.6693680204913999,1393.2194314701032,1250.9512862995743,60.653887067355136,0.7297872482653802,0.9162862702038991,0.034224251030556395,0.38248394569914634,11.863357612868285,True
vector_thrust,cruise_58,0.6693017501370316,1393.0767709304112,1251.0080543075715,60.65270813313351,0.7298240727848995,0.916282359048496,0.03423059562617239,0.3824447807514831,11.863357612868285,True
vector_thrust,cruise_58,0.6693281391704066,1393.0767712997463,1251.0080593953835,60.65270830440224,0.7298240735005179,0.9162823590749875,0.03423059570468138,0.38244478085287753,11.870070532063204,True
vector_thrust,cruise_58,0.669402159789233,1393.0767710019084,1251.0080552924917,60.652708166289266,0.729824072923431,0.9162823590536243,0.0342305956413707,0.3824447807711113,11.888879713672855,True
vector_thrust,cruise_58,0.6695093342758822,1393.0767710019093,1251.0080552925078,60.65270816628783,0.7298240729234333,0.9162823590536242,0.03423059564137062,0.3824447807711116,11.916059768599974,True
vector_thrust,cruise_58,0.6696285818801836,1393.0767710019109,1251.0080552925251,60.652708166287006,0.7298240729234374,0.9162823590536242,0.03423059564136963,0.38244478077111205,11.946227353624744,True
vector_thrust,cruise_58,0.6697362845895386,1393.0767710019102,1251.008055292517,60.65270816628783,0.7298240729234355,0.9162823590536242,0.03423059564137101,0.3824447807711119,11.97340740855186,True
vector_thrust,cruise_58,0.6698109640889377,1393.0767710019106,1251.0080552925215,60.652708166286395,0.7298240729234361,0.9162823590536241,0.03423059564136984,0.38244478077111205,11.992216590161513,True
vector_thrust,cruise_58,0.6698376460216053,1393.0767710019124,1251.0080552925585,60.65270816628476,0.7298240729234408,0.916282359053624,0.034230595641369044,0.38244478077111255,11.998929509356431,True
vector_thrust,cruise_59,0.6697700750322279,1392.9314302282662,1251.0658240366129,60.651503513786444,0.7298615889795882,0.9162783734122124,0.03423705935604087,0.38240488001225176,11.998929509356431,True
vector_thrust,cruise_59,0.6697967649460559,1392.9314319719456,1251.0658480635711,60.65150432283531,0.7298615923584145,0.9162783735373098,0.03423705972702388,0.38240488049094834,12.005642428551349,True
vector_thrust,cruise_59,0.6698716268733386,1392.931431972124,1251.0658480661884,60.651504322858266,0.7298615923587872,0.9162783735373168,0.03423705972702783,0.38240488049099736,12.024451610161002,True
vector_thrust,cruise_59,0.6699800183795517,1392.931431972261,1251.065848068269,60.65150432287815,0.729861592359083,0.9162783735373223,0.034237059727033836,0.3824048804910349,12.051631665088118,True
vector_thrust,cruise_59,0.670100618963193,1392.9314319727519,1251.0658480751865,60.6515043230489,0.7298615923600575,0.9162783735373521,0.03423705972710495,0.38240488049116966,12.081799250112889,True
vector_thrust,cruise_59,0.6702095436545921,1392.9314335019853,1251.0658691359638,60.65150503150392,0.7298615953216016,0.9162783736469581,0.034237060051844376,0.38240488091099384,12.108979305040007,True
vector_thrust,cruise_59,0.6702850688647558,1392.9314329985307,1251.065862202565,60.651504797154146,0.7298615943466379,0.9162783736107655,0.034237059944305495,0.3824048807727793,12.127788486649658,True
vector_thrust,cruise_59,0.6703120527864666,1392.9314327268983,1251.0658584616542,60.65150467133787,0.7298615938205935,0.9162783735912988,0.03423705988663771,0.3824048806982073,12.134501405844578,True
vector_thrust,cruise_60,0.6702431333353308,1392.7833101166314,1251.124821829372,60.65027831602313,0.7298998519716318,0.9162743111125917,0.03424365009130099,0.38236421623492,12.134501405844578,True
vector_thrust,cruise_60,0.6702701241180132,1392.7833101201613,1251.1248218782994,60.65027831433,0.7298998519785128,0.9162743111125211,0.034243650090172106,0.3823642162358892,12.141214325039495,True
vector_thrust,cruise_60,0.6703458328947354,1392.7833101201838,1251.124821878609,60.65027831434414,0.7298998519785568,0.9162743111125231,0.03424365009017854,0.38236421623589534,12.160023506649146,True
vector_thrust,cruise_60,0.670455449736476,1392.7833101201854,1251.1248218786263,60.65027831433779,0.7298998519785596,0.9162743111125226,0.034243650090176,0.3823642162358957,12.187203561576265,True
vector_thrust,cruise_60,0.6705774125665652,1392.783310120189,1251.1248218786773,60.6502783143382,0.7298998519785677,0.9162743111125227,0.03424365009017481,0.3823642162358967,12.217371146601035,True
vector_thrust,cruise_60,0.6706875655960503,1392.783310108129,1251.1248217125658,60.65027830875847,0.729899851955213,0.916274311111659,0.034243650087616775,0.3823642162325858,12.244551201528152,True
vector_thrust,cruise_60,0.6707639429927178,1392.7833100980044,1251.124821573097,60.6502783040585,0.7298998519356044,0.9162743111109325,0.03424365008546288,0.3823642162298064,12.263360383137805,True
vector_thrust,cruise_60,0.6707912313380957,1392.7833100922421,1251.1248214937218,60.650278301383736,0.7298998519244461,0.9162743111105192,0.034243650084234675,0.3823642162282244,12.270073302332722,True
vector_thrust,cruise_61,0.6707209048756463,1392.6322858408791,1251.1850286942706,60.649029201609785,0.7299388839321461,0.9162701684638315,0.03425037219911539,0.3823227551702943,12.270073302332722,True
vector_thrust,cruise_61,0.6707481997460744,1392.6322858408985,1251.185028694541,60.649029201602815,0.729938883932185,0.9162701684638314,0.03425037219910922,0.3823227551702996,12.27678622152764,True
vector_thrust,cruise_61,0.6708247611846146,1392.6322858408978,1251.1850286945396,60.649029201603845,0.7299388839321828,0.9162701684638315,0.034250372199109785,0.3823227551702994,12.295595403137293,True
vector_thrust,cruise_61,0.6709356117881413,1392.6322858408955,1251.1850286945066,60.649029201602815,0.7299388839321781,0.9162701684638314,0.03425037219910869,0.3823227551702988,12.32277545806441,True
vector_thrust,cruise_61,0.6710589462539643,1392.6322858408942,1251.1850286944814,60.64902920159482,0.729938883932175,0.9162701684638305,0.03425037219910629,0.3823227551702984,12.35294304308918,True
vector_thrust,cruise_61,0.6711703371397082,1392.632285840894,1251.185028694472,60.64902920160118,0.7299388839321749,0.916270168463831,0.03425037219910833,0.3823227551702984,12.380123098016298,True
vector_thrust,cruise_61,0.671247572300735,1392.632285840899,1251.1850286945537,60.649029201602005,0.7299388839321865,0.9162701684638312,0.034250372199109154,0.3823227551702996,12.39893227962595,True
vector_thrust,cruise_61,0.6712751670064352,1392.6322858408996,1251.1850286945628,60.649029201601586,0.7299388839321868,0.9162701684638314,0.03425037219910954,0.3823227551702999,12.405645198820869,True
vector_thrust,cruise_62,0.7169304976825221,1490.107343650529,1226.9664350941523,61.98649240654715,0.7059765860664144,0.9188631081649647,0.030575693218886434,0.40908282172990806,12.405645198820869,True
vector_thrust,cruise_62,0.7169647515303487,1490.107343650535,1226.9664350942505,61.98649240654325,0.7059765860664283,0.9188631081649644,0.030575693218885674,0.4090828217299098,12.412358118015787,True
vector_thrust,cruise_62,0.7170608519253605,1490.1073436507781,1226.966435097846,61.986492406672184,0.70597658606699,0.918863108164984,0.030575693218938747,0.4090828217299765,12.431167299625438,True
vector_thrust,cruise_62,0.7172000423384332,1490.1073436505324,1226.9664350942041,61.98649240654263,0.7059765860664167,0.9188631081649643,0.030575693218886243,0.409082821729909,12.458347354552556,True
vector_thrust,cruise_62,0.7173549775678268,1490.1073436505878,1226.9664350950488,61.98649240657768,0.7059765860665661,0.9188631081649693,0.03057569321889949,0.4090828217299243,12.488514939577327,True
vector_thrust,cruise_62,0.7174949716005407,1490.10734365053,1226.966435094182,61.986492406545295,0.7059765860664275,0.9188631081649645,0.030575693218886726,0.4090828217299084,12.515694994504443,True
vector_thrust,cruise_62,0.7175920740958043,1490.10734365053,1226.966435094182,61.986492406548585,0.7059765860664275,0.9188631081649649,0.030575693218887166,0.4090828217299084,12.534504176114096,True
vector_thrust,cruise_62,0.7176267739214403,1490.1073436505276,1226.9664350941453,61.98649240654899,0.7059765860664208,0.9188631081649649,0.03057569321888748,0.4090828217299077,12.541217095309014,True
vector_thrust,cruise_63,0.7176142756759165,1490.0808788172099,1226.969325167051,61.98591764635983,0.7059833464428158,0.9188624156441358,0.030576495799599444,0.4090755562743441,12.541217095309014,True
vector_thrust,cruise_63,0.7176489967580382,1490.0808788162303,1226.9693251525991,61.98591764586603,0.7059833464405976,0.9188624156440599,0.030576495799394792,0.4090755562740752,12.547930014503931,True
vector_thrust,cruise_63,0.71774640751544,1490.080878816321,1226.9693251539288,61.98591764591687,0.7059833464407894,0.9188624156440676,0.030576495799415175,0.40907555627410014,12.566739196113584,True
vector_thrust,cruise_63,0.7178874945503428,1490.0808788162822,1226.96932515335,61.98591764589064,0.7059833464406964,0.9188624156440639,0.030576495799405204,0.4090755562740895,12.5939192510407,True
vector_thrust,cruise_63,0.7180443826666889,1490.0808788163058,1226.9693251537014,61.98591764590683,0.7059833464407586,0.9188624156440661,0.03057649579941194,0.4090755562740959,12.624086836065471,True
vector_thrust,cruise_63,0.7181853720682175,1490.0808788163238,1226.96932515398,61.98591764591093,0.7059833464408074,0.918862415644067,0.03057649579941361,0.4090755562741009,12.65126689099259,True
vector_thrust,cruise_63,0.7182827606415373,1490.080878816191,1226.9693251520187,61.98591764585005,0.7059833464405114,0.9188624156440574,0.030576495799387485,0.4090755562740644,12.67007607260224,True
vector_thrust,cruise_63,0.7183174826855192,1490.0808788163229,1226.9693251539532,61.98591764591277,0.7059833464407905,0.9188624156440671,0.030576495799414755,0.40907555627410064,12.67678899179716,True
vector_thrust,cruise_64,0.7183046332192109,1490.0536968716026,1226.972295581787,61.98532735926852,0.7059902905344303,0.9188617043450859,0.030577320190267144,0.40906809394818594,12.67678899179716,True
vector_thrust,cruise_64,0.7183393344097926,1490.0536968716247,1226.9722955821135,61.98532735928697,0.705990290534477,0.9188617043450884,0.03057732019027481,0.409068093948192,12.683501910992078,True
vector_thrust,cruise_64,0.7184364652256546,1490.0536968716644,1226.9722955827115,61.98532735930276,0.705990290534581,0.918861704345091,0.030577320190281664,0.40906809394820287,12.702311092601729,True
vector_thrust,cruise_64,0.7185765631291524,1490.053696871627,1226.9722955821521,61.9853273592839,0.7059902905344836,0.9188617043450881,0.030577320190273996,0.40906809394819255,12.729491147528847,True
vector_thrust,cruise_64,0.7187316990929385,1490.0536968716008,1226.9722955817704,61.9853273592716,0.7059902905344386,0.9188617043450862,0.03057732019026801,0.40906809394818544,12.759658732553618,True
vector_thrust,cruise_64,0.7188711456765361,1490.0536968715976,1226.9722955817103,61.985327359274265,0.7059902905344295,0.9188617043450863,0.030577320190269847,0.4090680939481845,12.786838787480736,True
vector_thrust,cruise_64,0.7189674643104349,1490.0536968716008,1226.9722955817704,61.98532735927221,0.7059902905344386,0.9188617043450861,0.030577320190269403,0.40906809394818544,12.805647969090387,True
vector_thrust,cruise_64,0.7190018040462886,1490.0536968715985,1226.9722955817338,61.98532735927181,0.7059902905344281,0.9188617043450861,0.030577320190268695,0.4090680939481848,12.812360888285305,True
vector_thrust,cruise_65,0.7189885837030137,1490.0257574397651,1226.9753509579377,61.98472067371254,0.7059974287060695,0.9188609732103622,0.03057816762119239,0.409060423667476,12.812360888285305,True
vector_thrust,cruise_65,0.7190229023153722,1490.0257574398902,1226.975350959754,61.984720673775875,0.7059974287063195,0.9188609732103719,0.030578167621217588,0.40906042366751033,12.819073807480223,True
vector_thrust,cruise_65,0.7191189599086983,1490.025757439887,1226.9753509597108,61.98472067377895,0.7059974287063183,0.9188609732103722,0.0305781676212186,0.4090604236675095,12.837882989089875,True
vector_thrust,cruise_65,0.7192575036767442,1490.0257574398895,1226.9753509597622,61.98472067377362,0.7059974287063473,0.9188609732103716,0.030578167621216904,0.40906042366751016,12.865063044016992,True
vector_thrust,cruise_65,0.7194109101390911,1490.0257574398852,1226.975350959695,61.9847206737728,0.7059974287063304,0.9188609732103714,0.03057816762121547,0.409060423667509,12.895230629041762,True
vector_thrust,cruise_65,0.7195487944082922,1490.0257574398843,1226.975350959666,61.984720673773005,0.7059974287063062,0.9188609732103714,0.03057816762121625,0.4090604236675088,12.92241068396888,True
vector_thrust,cruise_65,0.7196440296207958,1490.0257574398872,1226.9753509597072,61.98472067377875,0.7059974287063145,0.9188609732103722,0.030578167621218472,0.4090604236675096,12.941219865578532,True
vector_thrust,cruise_65,0.7196779822394485,1490.0257574398902,1226.975350959754,61.98472067377444,0.7059974287063195,0.9188609732103717,0.030578167621216956,0.40906042366751033,12.947932784773451,True
vector_thrust,cruise_66,0.7196643690125134,1489.9970156415056,1226.9784818004823,61.9840961447657,0.7060047699992872,0.9188602210139137,0.03057903922510609,0.4090525331111455,12.947932784773451,True
vector_thrust,cruise_66,0.7196983007774744,1489.99701643524,1226.978493516148,61.984096545729955,0.7060047717970616,0.9188602210754523,0.030579039390337584,0.40905253332905134,12.95464570396837,True
vector_thrust,cruise_66,0.7197932716761529,1489.997016432189,1226.9784934711079,61.98409654426621,0.7060047717901505,0.918860221075224,0.03057903938974088,0.4090525333282138,12.97345488557802,True
vector_thrust,cruise_66,0.7199302418577057,1489.9970164272709,1226.9784933985134,61.98409654191489,0.7060047717790229,0.918860221074857,0.030579039388781756,0.40905253332686353,13.000634940505138,True
vector_thrust,cruise_66,0.7200818972531314,1489.997016421101,1226.9784933074445,61.98409653896893,0.7060047717650508,0.9188602210743967,0.03057903938758306,0.4090525333251698,13.030802525529909,True
vector_thrust,cruise_66,0.7202181997995368,1489.9970164147528,1226.9784932137202,61.98409653595021,0.7060047717506592,0.9188602210739246,0.0305790393863533,0.40905253332342695,13.057982580457027,True
vector_thrust,cruise_66,0.7203123381714801,1489.9970164096737,1226.978493138742,61.984096533534526,0.706004771739156,0.9188602210735467,0.030579039385371303,0.4090525333220326,13.076791762066678,True
vector_thrust,cruise_66,0.7203458988861547,1489.9970164078636,1226.9784931120214,61.984096532673206,0.7060047717350598,0.918860221073412,0.03057903938502105,0.4090525333215357,13.083504681261596,True
vector_thrust,cruise_67,0.7203318710030211,1489.96742657322,1226.9817369592147,61.98345422534726,0.7060123333528262,0.9188594467305807,0.03057993707236191,0.4090444099516979,13.083504681261596,True
vector_thrust,cruise_67,0.7203654100512297,1489.967426570169,1226.9817369141683,61.98345422380089,0.7060123333459114,0.9188594467303436,0.030579937071724878,0.4090444099508603,13.090217600456514,True
vector_thrust,cruise_67,0.720459280858628,1489.9674265732199,1226.9817369592015,61.983454225345206,0.7060123333528253,0.9188594467305804,0.030579937072359696,0.40904440995169783,13.109026782066167,True
vector_thrust,cruise_67,0.7205946581060471,1489.967426565864,1226.9817368506217,61.98345422162689,0.7060123333361495,0.9188594467300099,0.030579937070828213,0.40904440994967833,13.136206836993283,True
vector_thrust,cruise_67,0.7207445409937698,1489.9674265675758,1226.9817368758895,61.98345422249252,0.7060123333400258,0.9188594467301426,0.030579937071184997,0.40904440995014835,13.166374422018054,True
vector_thrust,cruise_67,0.7208792425273148,1489.967426573218,1226.981736959188,61.98345422534603,0.7060123333528375,0.9188594467305804,0.030579937072360747,0.4090444099516973,13.193554476945172,True
vector_thrust,cruise_67,0.720972270721052,1489.9674265732199,1226.9817369592015,61.983454225345625,0.7060123333528253,0.9188594467305805,0.030579937072361476,0.40904440995169783,13.212363658554823,True
vector_thrust,cruise_67,0.7210054347721737,1489.9674265702013,1226.9817369146676,61.98345422381729,0.7060123333460139,0.9188594467303461,0.030579937071731053,0.4090444099508691,13.219076577749743,True
vector_thrust,cruise_68,0.7209909658651797,1489.9369350115762,1226.9850789190857,61.98279229692955,0.7060201255135594,0.9188586487624398,0.030580862142065353,0.4090360390285363,13.219076577749743,True
vector_thrust,cruise_68,0.7210241079794457,1489.9369350096033,1226.9850788899828,61.98279229593458,0.7060201255091155,0.9188586487622871,0.030580862141654206,0.4090360390279946,13.22578949694466,True
vector_thrust,cruise_68,0.7211168653580117,1489.9369350102559,1226.9850788996096,61.98279229626399,0.7060201255105881,0.9188586487623376,0.030580862141790604,0.4090360390281738,13.244598678554311,True
vector_thrust,cruise_68,0.7212506304320392,1489.9369350092113,1226.9850788842045,61.98279229573719,0.706020125508237,0.9188586487622566,0.030580862141573066,0.409036039027887,13.27177873348143,True
vector_thrust,cruise_68,0.7213987194739923,1489.9369350113675,1226.9850789160196,61.98279229682993,0.706020125513102,0.9188586487624242,0.03058086214202279,0.40903603902847896,13.3019463185062,True
vector_thrust,cruise_68,0.7215318007896087,1489.936935014543,1226.985078962875,61.98279229842508,0.7060201255202732,0.9188586487626694,0.030580862142681756,0.40903603902935076,13.329126373433319,True
vector_thrust,cruise_68,0.721623705532308,1489.9369350145362,1226.9850789627767,61.98279229843267,0.7060201255202666,0.9188586487626702,0.030580862142684306,0.4090360390293488,13.34793555504297,True
vector_thrust,cruise_68,0.7216564681877747,1489.9369350115721,1226.9850789190345,61.98279229692955,0.7060201255135612,0.9188586487624397,0.03058086214206449,0.40903603902853514,13.354648474237887,True
vector_thrust,cruise_69,0.7216415305631606,1489.90548465823,1226.9885286823846,61.982109617817144,0.7060281634044149,0.9188578256850792,0.030581816383852833,0.40902740488593836,13.354648474237887,True
vector_thrust,cruise_69,0.7216742710153466,1489.9054846653423,1226.988528787364,61.98210962141268,0.7060281634205329,0.918857825685631,0.030581816385334238,0.4090274048878909,13.361361393432807,True
vector_thrust,cruise_69,0.7217659017082089,1489.9054846612503,1226.9885287269651,61.98210961934813,0.7060281634112417,0.9188578256853139,0.030581816384482735,0.4090274048867675,13.380170575042458,True
vector_thrust,cruise_69,0.7218980354711573,1489.905484660245,1226.9885287121203,61.98210961883446,0.7060281634089737,0.9188578256852353,0.030581816384271744,0.40902740488649153,13.407350629969576,True
vector_thrust,cruise_69,0.7220443094566261,1489.9054846575466,1226.988528672308,61.98210961747483,0.7060281634028847,0.9188578256850265,0.03058181638371226,0.4090274048857508,13.437518214994347,True
vector_thrust,cruise_69,0.7221757514797197,1489.905484666323,1226.9885288018368,61.982109621907085,0.7060281634227464,0.918857825685707,0.03058181638553812,0.40902740488816014,13.464698269921463,True
vector_thrust,cruise_69,0.722266519579709,1489.9054846621323,1226.988528739977,61.98210961979826,0.706028163413249,0.9188578256853828,0.030581816384668427,0.4090274048870097,13.483507451531116,True
vector_thrust,cruise_69,0.7222988761389998,1489.9054846643571,1226.9885287728218,61.982109620915196,0.7060281634183005,0.9188578256855546,0.030581816385129492,0.40902740488762046,13.490220370726034,True
vector_thrust,cruise_70,0.7222834392197238,1489.8730125872535,1226.9920936323465,61.98140483533832,0.7060364632129598,0.9188569758507625,0.03058280171855237,0.40901849024869485,13.490220370726034,True
vector_thrust,cruise_70,0.7223157732923989,1489.8730125850225,1226.9920935994078,61.98140483421257,0.7060364632078813,0.9188569758505897,0.030582801718088633,0.4090184902480824,13.496933289920952,True
vector_thrust,cruise_70,0.722406264133091,1489.8730125873988,1226.9920936344838,61.981404835410466,0.7060364632132643,0.9188569758507736,0.03058280171858228,0.40901849024873477,13.515742471530602,True
vector_thrust,cruise_70,0.7225367475713692,1489.8730125882253,1226.992093646698,61.98140483582822,0.7060364632151545,0.9188569758508377,0.03058280171875498,0.4090184902489617,13.54292252645772,True
vector_thrust,cruise_70,0.7226811854314755,1489.8730125875823,1226.9920936371836,61.98140483550087,0.7060364632136688,0.9188569758507876,0.030582801718619396,0.4090184902487851,13.573090111482491,True
vector_thrust,cruise_70,0.7228109691933304,1489.8730125865723,1226.9920936222702,61.981404834991906,0.7060364632113857,0.9188569758507095,0.030582801718409967,0.4090184902485079,13.60027016640961,True
vector_thrust,cruise_70,0.7229005875535122,1489.8730125875827,1226.9920936372023,61.98140483550558,0.7060364632136948,0.9188569758507881,0.030582801718620788,0.4090184902487853,13.61907934801926,True
vector_thrust,cruise_70,0.7229325333385973,1489.873012588226,1226.9920936467065,61.98140483582903,0.7060364632151521,0.9188569758508378,0.030582801718755354,0.40901849024896186,13.625792267214178,True
vector_thrust,cruise_71,0.7229165634090826,1489.8394494034512,1226.9957813690778,61.98067644006433,0.7060450426995922,0.9188560974404215,0.03058382025585211,0.4090092760655727,13.625792267214178,True
vector_thrust,cruise_71,0.7229484864357721,1489.839449403393,1226.9957813682047,61.980676440031935,0.7060450426994426,0.9188560974404165,0.030583820255839042,0.40900927606555676,13.632505186409098,True
vector_thrust,cruise_71,0.7230378243316281,1489.8394494056836,1226.995781402018,61.98067644119294,0.706045042704639,0.9188560974405946,0.030583820256317985,0.4090092760661856,13.651314368018749,True
vector_thrust,cruise_71,0.7231666385539803,1489.8394494054717,1226.9957813989054,61.980676441082245,0.7060450427041809,0.9188560974405777,0.03058382025627231,0.4090092760661274,13.678494422945867,True
vector_thrust,cruise_71,0.7233092193554944,1489.8394494056865,1226.9957814020638,61.98067644119171,0.7060450427046512,0.9188560974405945,0.030583820256318176,0.4090092760661864,13.708662007970638,True
vector_thrust,cruise_71,0.7234373260342088,1489.8394494056824,1226.99578140201,61.9806764411954,0.7060450427046452,0.9188560974405948,0.030583820256318187,0.40900927606618526,13.735842062897754,True
vector_thrust,cruise_71,0.7235257816369723,1489.8394494056874,1226.9957814020918,61.980676441189665,0.7060450427046641,0.9188560974405944,0.030583820256316504,0.4090092760661867,13.754651244507407,True
vector_thrust,cruise_71,0.7235573120074447,1489.8394494056865,1226.9957814020638,61.98067644119191,0.7060450427046512,0.9188560974405946,0.030583820256316972,0.4090092760661864,13.761364163702325,True
vector_thrust,cruise_72,0.7235407717963405,1489.8047184005602,1226.9996008184476,61.97992278057258,0.7060539215855507,0.9188551884450883,0.030584874336240526,0.4089997412782134,13.761364163702325,True
vector_thrust,cruise_72,0.7235722791334978,1489.804718400635,1226.9996008195526,61.97992278060517,0.7060539215857201,0.9188551884450935,0.030584874336253443,0.408999741278234,13.768077082897243,True
vector_thrust,cruise_72,0.72366045108554,1489.8047184006316,1226.9996008195003,61.97992278060578,0.7060539215857147,0.9188551884450936,0.0305848743362541,0.4089997412782331,13.786886264506895,True
vector_thrust,cruise_72,0.7237875773360192,1489.804718400633,1226.999600819515,61.97992278060762,0.7060539215857052,0.9188551884450937,0.030584874336255386,0.4089997412782334,13.814066319434012,True
vector_thrust,cruise_72,0.723928280294743,1489.8047184006373,1226.9996008195828,61.97992278060475,0.7060539215857219,0.9188551884450935,0.030584874336254106,0.40899974127823463,13.844233904458783,True
vector_thrust,cruise_72,0.7240546911962508,1489.8047184006364,1226.9996008195749,61.97992278060168,0.7060539215857278,0.9188551884450933,0.030584874336252912,0.4089997412782344,13.871413959385901,True
vector_thrust,cruise_72,0.7241419711239275,1489.804718400633,1226.999600819515,61.97992278060722,0.7060539215857052,0.9188551884450937,0.030584874336255202,0.4089997412782334,13.890223140995552,True
vector_thrust,cruise_72,0.7241730814732759,1489.8047184006377,1226.9996008195903,61.97992278060435,0.7060539215857201,0.9188551884450935,0.030584874336253776,0.4089997412782348,13.89693606019047,True
vector_thrust,cruise_73,0.7241559296152279,1489.7687344345043,1227.0035616186437,61.97914201491479,0.7060631217164037,0.9188542466337942,0.030585966553444446,0.4089898625118052,13.89693606019047,True
vector_thrust,cruise_73,0.7241870166544487,1489.7687344345027,1227.0035616186126,61.9791420149193,0.7060631217163901,0.9188542466337947,0.030585966553445424,0.40898986251180475,13.90364897938539,True
vector_thrust,cruise_73,0.7242740097622758,1489.7687344345022,1227.00356161861,61.97914201491623,0.7060631217163932,0.9188542466337943,0.03058596655344474,0.4089898625118047,13.92245816099504,True
vector_thrust,cruise_73,0.7243994294233058,1489.7687344344997,1227.0035616185598,61.9791420149193,0.706063121716381,0.9188542466337946,0.03058596655344574,0.4089898625118039,13.949638215922159,True
vector_thrust,cruise_73,0.7245382339125535,1489.7687344345006,1227.003561618575,61.9791420149191,0.7060631217163787,0.9188542466337946,0.030585966553446548,0.40898986251180425,13.979805800946929,True
vector_thrust,cruise_73,0.7246629304863453,1489.7687344345009,1227.0035616185871,61.979142014920534,0.7060631217163805,0.9188542466337947,0.030585966553445722,0.40898986251180425,14.006985855874046,True
vector_thrust,cruise_73,0.7247490219204026,1489.7687344345013,1227.0035616185803,61.97914201491972,0.7060631217163685,0.9188542466337947,0.030585966553445965,0.40898986251180436,14.025795037483698,True
vector_thrust,cruise_73,0.7247797076774947,1489.7687344345038,1227.003561618617,61.97914201491623,0.7060631217163827,0.9188542466337943,0.030585966553445785,0.4089898625118051,14.032507956678616,True
vector_thrust,cruise_74,0.72476189809644,1489.7314026652548,1227.007674618906,61.9783320950136,0.7060726674454542,0.918853269521818,0.03058709979851681,0.4089796137296824,14.032507956678616,True
vector_thrust,cruise_74,0.7247925602658976,1489.7314026664087,1227.0076746359136,61.97833209566462,0.7060726674480693,0.9188532695219147,0.03058709979879178,0.40897961372999914,14.039220875873534,True
vector_thrust,cruise_74,0.7248783617277483,1489.7314026664108,1227.0076746359466,61.978332095664,0.7060726674480804,0.9188532695219146,0.030587099798792303,0.40897961372999975,14.058030057483187,True
vector_thrust,cruise_74,0.7250020563281242,1489.7314026664076,1227.0076746358986,61.97833209566769,0.7060726674480791,0.918853269521915,0.030587099798792882,0.4089796137299988,14.085210112410303,True
vector_thrust,cruise_74,0.725138941885318,1489.7314026664067,1227.0076746358825,61.978332095669124,0.7060726674480631,0.9188532695219152,0.030587099798793465,0.4089796137299985,14.115377697435074,True
vector_thrust,cruise_74,0.7252619057306362,1489.7314026664073,1227.0076746358839,61.978332095670964,0.7060726674480554,0.9188532695219154,0.03058709979879479,0.4089796137299987,14.142557752362192,True
vector_thrust,cruise_74,0.7253467959571613,1489.7314026664078,1227.0076746359093,61.97833209566975,0.7060726674480726,0.9188532695219152,0.030587099798794273,0.40897961372999886,14.161366933971843,True
vector_thrust,cruise_74,0.7253770525884007,1489.731402666405,1227.0076746358536,61.978332095672414,0.706072667448067,0.9188532695219155,0.030587099798795085,0.408979613729998,14.16807985316676,True
vector_thrust,cruise_75,0.725358533752874,1489.6926170162278,1227.0119519869534,61.977490731150354,0.7060825860180263,0.9188522543300645,0.030588277305755227,0.4089689658103803,14.16807985316676,True
vector_thrust,cruise_75,0.7253887665161589,1489.6926170171898,1227.0119520011215,61.97749073172614,0.7060825860202067,0.9188522543301486,0.030588277306000153,0.4089689658106444,14.17479277236168,True
vector_thrust,cruise_75,0.7254733636351288,1489.6926170171912,1227.0119520011463,61.97749073172348,0.706082586020216,0.9188522543301483,0.03058827730599829,0.40896896581064474,14.193601953971331,True
vector_thrust,cruise_75,0.725595314856618,1489.692617017193,1227.0119520011654,61.97749073172511,0.7060825860202075,0.9188522543301485,0.03058827730599952,0.40896896581064524,14.22078200889845,True
vector_thrust,cruise_75,0.7257302611909614,1489.69261701719,1227.0119520011187,61.97749073172962,0.7060825860202069,0.9188522543301489,0.030588277306001103,0.4089689658106445,14.25094959392322,True
vector_thrust,cruise_75,0.7258514740636167,1489.692617017193,1227.0119520011647,61.97749073172532,0.7060825860202109,0.9188522543301486,0.03058827730599971,0.40896896581064524,14.278129648850337,True
vector_thrust,cruise_75,0.7259351504780451,1489.6926170171912,1227.0119520011458,61.97749073172921,0.7060825860202236,0.918852254330149,0.0305882773060009,0.40896896581064474,14.29693883045999,True
vector_thrust,cruise_75,0.7259649734890584,1489.692617017196,1227.011952001209,61.97749073172614,0.7060825860202153,0.9188522543301487,0.030588277306000347,0.4089689658106461,14.303651749654907,True
vector_thrust,cruise_76,0.7259456875109735,1489.6522583175156,1227.0164073631777,61.97661534985996,0.7060929080384746,0.9188511979361786,0.0305895027083528,0.4089578860378921,14.303651749654907,True
vector_thrust,cruise_76,0.7259754865734659,1489.6522583169437,1227.0164073546944,61.976615349728974,0.7060929080371818,0.9188511979361511,0.0305895027083111,0.4089578860377352,14.310364668849825,True
vector_thrust,cruise_76,0.7260588665459199,1489.6522583169497,1227.0164073547614,61.976615349722614,0.7060929080371617,0.9188511979361507,0.030589502708308004,0.4089578860377368,14.329173850459478,True
vector_thrust,cruise_76,0.7261790564808188,1489.652258316951,1227.0164073547933,61.9766153497216,0.7060929080371801,0.9188511979361506,0.03058950270830733,0.40895788603773714,14.356353905386595,True
vector_thrust,cruise_76,0.7263120431104962,1489.6522583170254,1227.016407355913,61.9766153497179,0.7060929080373689,0.9188511979361519,0.030589502708303212,0.4089578860377576,14.386521490411365,True
vector_thrust,cruise_76,0.7264705078205037,1489.6522583169767,1227.01640735519,61.97661534969987,0.706092908037255,0.9188511979361488,0.030589502708295333,0.40895788603774424,14.413701545338483,True
vector_thrust,cruise_76,0.726584139312031,1489.6522583169788,1227.0164073552105,61.976615349697816,0.7060929080372603,0.9188511979361487,0.03058950270829307,0.40895788603774474,14.432510726948134,True
vector_thrust,cruise_76,0.7266247072178038,1489.6522583169847,1227.0164073552783,61.97661534969351,0.7060929080372482,0.9188511979361483,0.03058950270829188,0.40895788603774647,14.439223646143054,True
vector_thrust,cruise_77,0.726604586504068,1489.6101920548845,1227.021056128312,61.975703045693216,0.706103668050371,0.9188500968155761,0.030590780107288582,0.40894633748369563,14.439223646143054,True
vector_thrust,cruise_77,0.7266451574493534,1489.6101920536107,1227.0210561094636,61.9757030452314,0.7061036680474935,0.9188500968154966,0.030590780107111918,0.40894633748334597,14.445936565337972,True
vector_thrust,cruise_77,0.7267588720815147,1489.610192053617,1227.021056109543,61.97570304522299,0.7061036680474967,0.9188500968154959,0.03059078010710773,0.40894633748334774,14.464745746947623,True
vector_thrust,cruise_77,0.726923291860921,1489.6101920536285,1227.0210561097078,61.975703045215,0.7061036680475199,0.9188500968154953,0.030590780107102925,0.40894633748335074,14.491925801874741,True
vector_thrust,cruise_77,0.7271059189695116,1489.6101920536441,1227.0210561099498,61.97570304520045,0.7061036680475659,0.9188500968154941,0.030590780107095445,0.4089463374833551,14.522093386899511,True
vector_thrust,cruise_77,0.7272705820190791,1489.610192053652,1227.0210561100728,61.97570304519388,0.7061036680475848,0.9188500968154936,0.030590780107091407,0.4089463374833573,14.549273441826628,True
vector_thrust,cruise_77,0.7273846000044119,1489.6101920536623,1227.021056110224,61.97570304518548,0.7061036680476099,0.9188500968154929,0.030590780107087337,0.4089463374833602,14.56808262343628,True
vector_thrust,cruise_77,0.7274253059554401,1489.6101920536637,1227.0210561102303,61.97570304518118,0.7061036680475989,0.9188500968154926,0.03059078010708522,0.4089463374833605,14.574795542631199,True
vector_thrust,cruise_78,0.7274042718167748,1489.5662656062652,1227.0259156410964,61.97475051894091,0.7061149052333489,0.9188489469687188,0.030592114154380092,0.40893427824808,14.574795542631199,True
vector_thrust,cruise_78,0.7274449806575016,1489.5662656149375,1227.0259157690944,61.974750523317006,0.7061149052530116,0.9188489469693908,0.030592114156185686,0.4089342782504608,14.581508461826116,True
vector_thrust,cruise_78,0.7275590818617885,1489.5662656149273,1227.0259157689252,61.97475052330901,0.7061149052529585,0.9188489469693897,0.03059211415618273,0.40893427825045797,14.600317643435769,True
vector_thrust,cruise_78,0.727724060818904,1489.5662656149743,1227.02591576962,61.974750523340575,0.7061149052530874,0.9188489469693942,0.030592114156195324,0.4089342782504709,14.627497698362886,True
vector_thrust,cruise_78,0.7279073093507714,1489.5662656149946,1227.0259157699254,61.97475052334714,0.7061149052531244,0.9188489469693953,0.03059211415619846,0.4089342782504765,14.657665283387656,True
vector_thrust,cruise_78,0.7280725329899198,1489.5662656149964,1227.0259157699538,61.97475052335226,0.7061149052531345,0.918848946969396,0.030592114156199186,0.4089342782504769,14.684845338314775,True
vector_thrust,cruise_78,0.7281869393079463,1489.5662656149166,1227.025915768753,61.97475052331188,0.7061149052529349,0.9188489469693898,0.030592114156182744,0.40893427825045503,14.703654519924426,True
vector_thrust,cruise_78,0.7282277839312471,1489.5662656149925,1227.025915769888,61.974750523343864,0.7061149052531179,0.918848946969395,0.030592114156196733,0.4089342782504759,14.710367439119345,True
vector_thrust,cruise_79,0.7282058094928012,1489.5204566557184,1227.030985813569,61.97372490499232,0.7061269124383966,0.918847744363907,0.03059348955588845,0.4089217022045955,14.710367439119345,True
vector_thrust,cruise_79,0.7282466617110124,1489.5204637350876,1227.0310901288226,61.97372848108018,0.7061269284358895,0.9188477449129833,0.030593491030427283,0.40892170414811213,14.717080358314263,True
vector_thrust,cruise_79,0.7283611472584152,1489.520458033288,1227.0310061653613,61.97372560098257,0.7061269155603471,0.9188477444707643,0.030593489842878623,0.4089217025827831,14.735889539923914,True
vector_thrust,cruise_79,0.7285266885762879,1489.5204590671226,1227.031021406171,61.97372612328084,0.7061269178977501,0.9188477445509555,0.030593490058243866,0.4089217028666043,14.763069594851032,True
vector_thrust,cruise_79,0.7287105523783021,1489.5204461997375,1227.030831400885,61.97371961955848,0.7061268887525766,0.9188477435525496,0.03059348737623393,0.4089216993340895,14.793237179875803,True
vector_thrust,cruise_79,0.7288763461582695,1489.520456474273,1227.0309830753206,61.97372481220756,0.7061269120174255,0.9188477443497142,0.03059348951753788,0.4089217021547829,14.82041723480292,True
vector_thrust,cruise_79,0.7289911450028385,1489.520460062525,1227.0310360740186,61.97372662575067,0.7061269201471702,0.9188477446281217,0.030593490265400692,0.4089217031398745,14.839226416412572,True
vector_thrust,cruise_79,0.7290321274829012,1489.5204579924832,1227.031005563401,61.97372558038444,0.7061269154680149,0.9188477444676011,0.030593489834386003,0.4089217025715809,14.84593933560749,True
vector_thrust,cruise_80,0.7290089972215301,1489.4722631627924,1227.0363504332258,61.972680800436315,0.7061392480221846,0.9188464828108956,0.0305949539008196,0.4089084715268466,14.84593933560749,True
vector_thrust,cruise_80,0.7290499836761801,1489.472263183096,1227.0363507328098,61.97268081069981,0.7061392480681306,0.9188464828124713,0.03059495390505182,0.4089084715324206,14.852652254802408,True
vector_thrust,cruise_80,0.7291648630549775,1489.4722631830978,1227.036350732868,61.97268081069817,0.706139248068166,0.9188464828124712,0.03059495390505147,0.4089084715324211,14.87146143641206,True
vector_thrust,cruise_80,0.7293507180906972,1489.472263183099,1227.036350732869,61.97268081069591,0.7061392480681586,0.9188464828124709,0.030594953905049987,0.4089084715324213,14.898641491339177,True
vector_thrust,cruise_80,0.7295751435210523,1489.4722631830964,1227.0363507328266,61.972680810697966,0.7061392480681505,0.918846482812471,0.030594953905050487,0.40890847153242077,14.928809076363947,True
vector_thrust,cruise_80,0.7297775272743661,1489.4722631830994,1227.0363507328639,61.97268081069674,0.7061392480681502,0.9188464828124709,0.030594953905050168,0.4089084715324215,14.955989131291066,True
vector_thrust,cruise_80,0.7299176829498707,1489.472263183097,1227.0363507328375,61.97268081069777,0.7061392480681483,0.9188464828124712,0.03059495390505022,0.4089084715324208,14.974798312900717,True
vector_thrust,cruise_80,0.7299677241233532,1489.472263183097,1227.0363507328375,61.97268081069879,0.7061392480681483,0.9188464828124712,0.030594953905052187,0.4089084715324208,14.981511232095636,True
vector_thrust,cruise_81,0.7299433788194958,1489.4216031491483,1227.0419754739287,61.97158273571172,0.7061522131782769,0.9188451565742078,0.03059649306711079,0.40889456370911875,14.981511232095636,True
vector_thrust,cruise_81,0.7299934247094818,1489.4216031568621,1227.0419755877579,61.971582739614725,0.7061522131957481,0.9188451565748067,0.0305964930687198,0.4088945637112364,14.988224151290554,True
vector_thrust,cruise_81,0.7301337067753312,1489.4216031568644,1227.041975587795,61.97158273961144,0.7061522131957596,0.9188451565748065,0.03059649306871887,0.40889456371123706,15.007033332900205,True
vector_thrust,cruise_81,0.7303365677864077,1489.421603156864,1227.0419755877813,61.971582739610625,0.7061522131957392,0.9188451565748064,0.030596493068718932,0.4088945637112369,15.034213387827323,True
vector_thrust,cruise_81,0.7305619310197113,1489.4216031568626,1227.0419755877676,61.97158273961451,0.70615221319575,0.9188451565748067,0.0305964930687201,0.40889456371123656,15.064380972852094,True
vector_thrust,cruise_81,0.7307651608021243,1489.4216031568599,1227.0419755877167,61.971582739616366,0.7061522131957365,0.9188451565748068,0.030596493068720226,0.40889456371123584,15.091561027779212,True
vector_thrust,cruise_81,0.7309059027188515,1489.421603156863,1227.0419755877656,61.9715827396137,0.7061522131957413,0.9188451565748067,0.030596493068719907,0.4088945637112367,15.110370209388863,True
vector_thrust,cruise_81,0.7309561532565888,1489.4216031568626,1227.0419755877676,61.971582739612266,0.70615221319575,0.9188451565748065,0.030596493068718904,0.40889456371123656,15.117083128583781,True
vector_thrust,cruise_82,0.7309304585303845,1489.3682090282732,1227.0479118622798,61.97042558984567,0.7061658800842312,0.9188437587109566,0.0305981155412637,0.4088799052902307,15.117083128583781,True
vector_thrust,cruise_82,0.7309807135113197,1489.3682090282741,1227.0479118622527,61.97042558999468,0.706165880084217,0.9188437587109725,0.03059811554133762,0.408879905290231,15.123796047778699,True
vector_thrust,cruise_82,0.7311215818537979,1489.368209028291,1227.0479118625005,61.97042558998013,0.7061658800842554,0.9188437587109713,0.030598115541329404,0.4088799052902356,15.142605229388352,True
vector_thrust,cruise_82,0.7313252911073989,1489.36820902831,1227.0479118627952,61.97042558996148,0.7061658800843166,0.9188437587109698,0.030598115541320012,0.4088799052902408,15.169785284315468,True
vector_thrust,cruise_82,0.7315515972724713,1489.3682090283348,1227.0479118631542,61.9704255899377,0.7061658800843515,0.9188437587109678,0.030598115541307137,0.4088799052902476,15.199952869340239,True
vector_thrust,cruise_82,0.7317556779194772,1489.3682090283526,1227.0479118634241,61.970425589919664,0.7061658800844031,0.9188437587109664,0.03059811554129707,0.4088799052902525,15.227132924267357,True
vector_thrust,cruise_82,0.7318970093825066,1489.368209028366,1227.047911863618,61.9704255899088,0.7061658800844365,0.9188437587109655,0.03059811554129171,0.40887990529025625,15.245942105877008,True
vector_thrust,cruise_82,0.7319474704716072,1489.3682090283758,1227.0479118637677,61.97042558989876,0.7061658800844658,0.9188437587109646,0.03059811554128638,0.40887990529025886,15.252655025071927,True
vector_thrust,cruise_83,0.7319202703967007,1489.311765105862,1227.0541959747536,61.969202550807154,0.7061803298804643,0.9188422809478212,0.03059983095594837,0.408864409601851,15.252655025071927,True
vector_thrust,cruise_83,0.7319707356197019,1489.3117651054768,1227.0541959690117,61.96920255081146,0.7061803298795705,0.9188422809478125,0.030599830955967505,0.4088644096017453,15.259367944266845,True
vector_thrust,cruise_83,0.7321121934534188,1489.311765105495,1227.0541959692903,61.969202550794236,0.7061803298796232,0.9188422809478112,0.03059983095595895,0.40886440960175024,15.278177125876496,True
vector_thrust,cruise_83,0.7323167556034786,1489.3117651055147,1227.0541959695843,61.9692025507762,0.7061803298796626,0.9188422809478096,0.030599830955948145,0.4088644096017557,15.305357180803615,True
vector_thrust,cruise_83,0.7325440098778512,1489.3117651055386,1227.054195969954,61.9692025507557,0.7061803298797429,0.918842280947808,0.03059983095593649,0.40886440960176224,15.335524765828385,True
vector_thrust,cruise_83,0.7327489460651301,1489.3117651055622,1227.054195970299,61.96920255073193,0.7061803298797784,0.9188422809478061,0.030599830955925163,0.4088644096017688,15.362704820755503,True
vector_thrust,cruise_83,0.7328908703161866,1489.311765105582,1227.0541959705893,61.969202550713476,0.7061803298798219,0.9188422809478045,0.030599830955915373,0.40886440960177417,15.381514002365154,True
vector_thrust,cruise_83,0.7329415431148106,1489.3117651055834,1227.0541959705938,61.96920255071328,0.7061803298798143,0.9188422809478045,0.030599830955915085,0.40886440960177456,15.388226921560072,True
vector_thrust,cruise_84,0.732912657183754,1489.251903472935,1227.0609601814836,61.967908597054524,0.7061956723783421,0.9188407139525064,0.030601651979158078,0.4088479756410257,15.388226921560072,True
vector_thrust,cruise_84,0.732963331082802,1489.2518996015738,1227.0609034801557,61.96790666122076,0.70619566369041,0.9188407136542756,0.030601651182284133,0.40884797457821137,15.394939840754992,True
vector_thrust,cruise_84,0.7331053846200021,1489.251904035564,1227.06096909468,61.967908909747656,0.7061956737549203,0.918840713999182,0.030601652110453965,0.40884797579548554,15.413749022364643,True
vector_thrust,cruise_84,0.7333108006669719,1489.2518989717423,1227.0608941755822,61.96790634487653,0.7061956622634669,0.918840713605607,0.0306016510519478,0.40884797440530224,15.440929077291761,True
vector_thrust,cruise_84,0.7335390071043199,1489.2518975810804,1227.0608735916107,61.967905640440115,0.7061956591060446,0.9188407134975151,0.030601650761228186,0.40884797402352036,15.471096662316532,True
vector_thrust,cruise_84,0.7337447953603266,1489.25188607818,1227.0607036998863,61.967899826457376,0.7061956330518879,0.9188407126047877,0.030601648362835673,0.40884797086560093,15.498276717243648,True
vector_thrust,cruise_84,0.7338873098904212,1489.251877988801,1227.0605842411292,61.96789573775978,0.7061956147322804,0.9188407119769761,0.03060164667615762,0.40884796864480394,15.517085898853301,True
vector_thrust,cruise_84,0.7339382029472076,1489.2518886821856,1227.060742096566,61.96790114147897,0.706195638939286,0.9188407128067608,0.030601648905216654,0.40884797158048497,15.523798818048219,True
vector_thrust,cruise_85,0.7339074077685335,1489.1881583400639,1227.067989013142,61.966524949283695,0.7062119817058222,0.9188390445896977,0.03060358851431991,0.4088304755334411,15.523798818048219,True
vector_thrust,cruise_85,0.7339582983594225,1489.1881606306702,1227.06802280755,61.966526106571514,0.7062119868875488,0.9188390447674287,0.03060358899172735,0.40883047616228685,15.530511737243136,True
vector_thrust,cruise_85,0.73410094405962,1489.188160133327,1227.068015470024,61.96652585529848,0.7062119857624993,0.9188390447288394,0.030603588888070504,0.40883047602575007,15.549320918852787,True
vector_thrust,cruise_85,0.7343072247385445,1489.1881592340185,1227.0680022020993,61.96652540093904,0.7062119837281152,0.9188390446590609,0.03060358870063692,0.4088304757788606,15.576500973779906,True
vector_thrust,cruise_85,0.7345363894867142,1489.1881583606937,1227.0679893175302,61.96652495970709,0.7062119817525214,0.9188390445912984,0.03060358851861816,0.4088304755391046,15.606668558804676,True
vector_thrust,cruise_85,0.7347430501337952,1489.1881582997744,1227.0679884187302,61.966524928931335,0.7062119816146762,0.9188390445865718,0.03060358850592359,0.40883047552238033,15.633848613731795,True
vector_thrust,cruise_85,0.7348861692976693,1489.1881583441807,1227.0679890738834,61.966524951366075,0.7062119817151309,0.9188390445900174,0.030603588515177204,0.4088304755345713,15.652657795341446,True
vector_thrust,cruise_85,0.734937268837233,1489.1881583400852,1227.0679890134634,61.966524949293124,0.706211981705876,0.9188390445896992,0.03060358851432404,0.408830475533447,15.659370714536363,True
vector_thrust,cruise_86,0.7349042888209623,1489.1200059665973,1227.0756126198476,61.96504905252363,0.7062294382137019,0.918837260060699,0.030605660867657737,0.4088117654952924,15.659370714536363,True
vector_thrust,cruise_86,0.7349553912436642,1489.1200059590044,1227.075612507821,61.9650490486895,0.7062294381965103,0.91883726006011,0.030605660866076915,0.4088117654932079,15.666083633731283,True
vector_thrust,cruise_86,0.735098635616897,1489.1200058099482,1227.0756103088088,61.965048973383716,0.7062294378593623,0.9188372600485442,0.030605660835007324,0.40881176545228715,15.684892815340934,True
vector_thrust,cruise_86,0.7353057826730364,1489.1200056817806,1227.0756084179507,61.965048908632504,0.7062294375694432,0.9188372600385991,0.03060566080829465,0.40881176541710096,15.712072870268052,True
vector_thrust,cruise_86,0.7355359105866632,1489.1200057452927,1227.0756093549658,61.96504894072073,0.7062294377131262,0.9188372600435275,0.03060566082153228,0.4088117654345372,15.742240455292823,True
vector_thrust,cruise_86,0.7357434400061292,1489.1200060021022,1227.0756131436558,61.96504907046441,0.7062294382940235,0.9188372600634543,0.03060566087505812,0.4088117655050396,15.76942051021994,True
vector_thrust,cruise_86,0.7358871609170836,1489.1200059571975,1227.0756124811635,61.96504904777427,0.7062294381924333,0.9188372600599697,0.030605660865698762,0.4088117654927118,15.788229691829592,True
vector_thrust,cruise_86,0.7359384753920942,1489.120005957198,1227.0756124811662,61.965049047770776,0.7062294381924257,0.9188372600599692,0.03060566086569685,0.408811765492712,15.79494261102451,True
vector_thrust,cruise_87,0.7359029918302649,1489.0467805405287,1227.0838948145943,61.96346612592464,0.7062482108806774,0.9188353428689423,0.030607889159123883,0.4087916627395775,15.79494261102451,True
vector_thrust,cruise_87,0.7359543050261331,1489.0467753804126,1227.083818691125,61.963463511154664,0.7062481992101746,0.9188353424676945,0.030607888079650758,0.4087916613229581,15.801655530219428,True
vector_thrust,cruise_87,0.7360981505806845,1489.0467753968596,1227.083818933469,61.963463522624465,0.706248199247319,0.9188353424693068,0.030607888084640926,0.4087916613274733,15.82046471182908,True
vector_thrust,cruise_87,0.7363061675499886,1489.0467756371852,1227.0838224786335,61.963463649598886,0.7062481997908593,0.9188353424885466,0.030607888137482397,0.4087916613934506,15.847644766756197,True
vector_thrust,cruise_87,0.7365372622350708,1489.0467757235824,1227.08382375316,61.96346369504498,0.7062481999862414,0.918835342495442,0.030607888156378774,0.4087916614171694,15.877812351780968,True
vector_thrust,cruise_87,0.7367456638373744,1489.0467756982603,1227.0838233796644,61.96346368173548,0.70624819992898,0.9188353424934221,0.030607888150845832,0.40879166141021755,15.904992406708086,True
vector_thrust,cruise_87,0.7368899892077534,1489.046775647674,1227.0838226334863,61.963463655279256,0.7062481998146074,0.918835342489401,0.03060788813985665,0.40879166139632994,15.923801588317737,True
vector_thrust,cruise_87,0.7369415195470882,1489.046775623903,1227.083822282818,61.96346364286696,0.7062481997608075,0.9188353424875138,0.0306078881347023,0.40879166138980416,15.930514507512655,True
vector_thrust,cruise_88,0.7369031160579795,1488.9676384118522,1227.0927032570903,61.96175048895406,0.7062684777187289,0.9188332701043882,0.030610295450423156,0.408769935656992,15.930514507512655,True
vector_thrust,cruise_88,0.7369546480957435,1488.9676384536324,1227.0927038731095,61.96175051075233,0.7062684778131606,0.9188332701077039,0.03061029545947372,0.408769935668462,15.937227426707574,True
vector_thrust,cruise_88,0.7370990970680233,1488.9676384524903,1227.0927038562475,61.9617505101989,0.7062684778105718,0.9188332701076178,0.030610295459248236,0.4087699356681485,15.956036608317225,True
vector_thrust,cruise_88,0.737307986946415,1488.967638450867,1227.0927038323,61.96175050940583,0.7062684778069067,0.9188332701074946,0.030610295458923936,0.4087699356677028,15.983216663244344,True
vector_thrust,cruise_88,0.7375400521356459,1488.9676384489255,1227.092703803667,61.96175050846744,0.7062684778025305,0.9188332701073485,0.030610295458539508,0.40876993566716985,16.013384248269112,True
vector_thrust,cruise_88,0.7377493295783575,1488.967638447219,1227.0927037784816,61.961750507630306,0.7062684777986524,0.9188332701072188,0.030610295458196306,0.4087699356667014,16.04056430319623,True
vector_thrust,cruise_88,0.7378942617663504,1488.9676383456213,1227.0927022796186,61.961750457519706,0.7062684775688776,0.9188332700994639,0.030610295437617667,0.4087699356388094,16.05937348480588,True
vector_thrust,cruise_88,0.7379460089177265,1488.967638433105,1227.0927035702873,61.96175050066778,0.7062684777667666,0.9188332701061414,0.030610295455336774,0.4087699356628266,16.0660864040008,True
vector_thrust,cruise_89,0.7379041710459642,1488.8815453412328,1227.1023898710082,61.959887390432904,0.7062905440806768,0.9188310154570127,0.030612915058650565,0.4087463003152762,16.0660864040008,True
vector_thrust,cruise_89,0.7379559189872889,1488.8815453412328,1227.1023898710082,61.95988739043311,0.7062905440806768,0.9188310154570127,0.03061291505865032,0.4087463003152762,16.07279932319572,True
vector_thrust,cruise_89,0.7381009734146682,1488.8815453412315,1227.1023898709723,61.95988739043146,0.7062905440806565,0.9188310154570125,0.030612915058649583,0.4087463003152758,16.09160850480537,True
vector_thrust,cruise_89,0.7383107393044733,1488.881545341233,1227.1023898709873,61.959887390431675,0.7062905440806455,0.9188310154570126,0.030612915058649864,0.4087463003152762,16.11878855973249,True
vector_thrust,cruise_89,0.7385437783235446,1488.8815453412317,1227.1023898709784,61.95988739043372,0.7062905440806526,0.9188310154570128,0.030612915058650467,0.40874630031527587,16.14895614475726,True
vector_thrust,cruise_89,0.7387539345382649,1488.8815453412337,1227.1023898710062,61.9598873904288,0.7062905440806634,0.9188310154570124,0.030612915058648833,0.4087463003152765,16.176136199684375,True
vector_thrust,cruise_89,0.7388994756934538,1488.8815453412294,1227.102389870949,61.95988739043269,0.7062905440806708,0.9188310154570127,0.030612915058649437,0.4087463003152753,16.19494538129403,True
vector_thrust,cruise_89,0.7389514402492456,1488.8815453412346,1227.1023898710223,61.959887390430026,0.7062905440806614,0.9188310154570125,0.030612915058649194,0.40874630031527664,16.201658300488948,True
vector_thrust,cruise_90,0.7389054968790116,1488.7871375198508,1227.1130356327176,61.957844904960524,0.7063147477485957,0.9188285429049011,0.030615788397345314,0.40872038230465174,16.201658300488948,True
vector_thrust,cruise_90,0.7389574613117373,1488.7871375198538,1227.1130356327653,61.957844904965654,0.7063147477486046,0.9188285429049017,0.030615788397347226,0.4087203823046526,16.208371219683865,True
vector_thrust,cruise_90,0.7391031227600119,1488.7871375198558,1227.1130356327944,61.957844904965654,0.7063147477486158,0.9188285429049017,0.030615788397348263,0.4087203823046531,16.227180401293516,True
vector_thrust,cruise_90,0.7393137669297924,1488.7871375198533,1227.1130356327642,61.957844904959906,0.7063147477486094,0.9188285429049011,0.030615788397345835,0.4087203823046524,16.254360456220635,True
vector_thrust,cruise_90,0.7395477823045039,1488.7871375198506,1227.113035632709,61.957844904964624,0.7063147477485952,0.9188285429049016,0.030615788397346716,0.40872038230465174,16.284528041245405,True
vector_thrust,cruise_90,0.7397588195743032,1488.7871375198517,1227.113035632724,61.957844904960524,0.7063147477485922,0.9188285429049011,0.030615788397345172,0.408720382304652,16.311708096172524,True
vector_thrust,cruise_90,0.7399049712108833,1488.7871375198497,1227.1130356326883,61.957844904961135,0.7063147477485808,0.9188285429049011,0.030615788397345974,0.4087203823046514,16.330517277782175,True
vector_thrust,cruise_90,0.7399571537981421,1488.7871375198497,1227.1130356326883,61.9578449049638,0.7063147477485808,0.9188285429049015,0.03061578839734731,0.4087203823046514,16.337230196977092,True
vector_thrust,cruise_91,0.7399062150950065,1488.6826130605582,1227.12485158035,61.95558423808547,0.7063415526741719,0.9188258052110186,0.030618970543416762,0.4086916869486229,16.337230196977092,True
vector_thrust,cruise_91,0.7399583963584295,1488.6826130622283,1227.124851604979,61.955584238927116,0.7063415526779526,0.918825805211148,0.030618970543764133,0.4086916869490815,16.34394311617201,True
vector_thrust,cruise_91,0.740104665776814,1488.6826130622237,1227.124851604925,61.95558423893142,0.7063415526779615,0.9188258052111482,0.03061897054376436,0.4086916869490802,16.36275229778166,True
vector_thrust,cruise_91,0.7403161896029065,1488.682613062224,1227.1248516049106,61.95558423892629,0.706341552677929,0.9188258052111478,0.030618970543762572,0.4086916869490802,16.38993235270878,True
vector_thrust,cruise_91,0.7405511828673509,1488.682613062226,1227.124851604941,61.95558423892978,0.7063415526779412,0.9188258052111481,0.030618970543764053,0.40869168694908076,16.42009993773355,True
vector_thrust,cruise_91,0.7407631025802567,1488.6826130622205,1227.1248516048702,61.955584238935316,0.7063415526779309,0.9188258052111485,0.030618970543767977,0.40869168694907926,16.44727999266067,True
vector_thrust,cruise_91,0.740909865662031,1488.6826130622223,1227.1248516049027,61.95558423892978,0.706341552677947,0.9188258052111481,0.030618970543764445,0.40869168694907976,16.46608917427032,True
vector_thrust,cruise_91,0.7409622666253772,1488.682613062224,1227.1248516049106,61.95558423892076,0.706341552677929,0.9188258052111472,0.030618970543760733,0.4086916869490802,16.472802093465237,True
vector_thrust,cruise_92,0.7409051166191568,1488.5655095797265,1227.1381263084556,61.95305237379476,0.706371592968704,0.9188227378170567,0.030622536775285873,0.40865953824297624,16.472802093465237,True
vector_thrust,cruise_92,0.7409575147413048,1488.5655095764632,1227.1381262603213,61.953052372417716,0.7063715929613295,0.9188227378168322,0.03062253677473936,0.40865953824208034,16.479515012660155,True
vector_thrust,cruise_92,0.7411043922235334,1488.5655095785346,1227.1381262908828,61.953052373330905,0.7063715929660057,0.9188227378169788,0.03062253677510693,0.40865953824264895,16.49832419426981,True
vector_thrust,cruise_92,0.7413167958431895,1488.5655095796183,1227.1381263068786,61.95305237386384,0.7063715929684655,0.9188227378170615,0.030622536775325337,0.4086595382429465,16.525504249196924,True
vector_thrust,cruise_92,0.7415527671524615,1488.5655095786205,1227.1381262921504,61.953052373471515,0.7063715929661977,0.9188227378169959,0.03062253677517177,0.40865953824267265,16.555671834221695,True
vector_thrust,cruise_92,0.7417655694516608,1488.5655095772838,1227.1381262724376,61.95305237270325,0.7063715929631776,0.9188227378168822,0.030622536774846828,0.4086595382423056,16.582851889148813,True
vector_thrust,cruise_92,0.7419129440816236,1488.5655095788586,1227.1381262956857,61.95305237344302,0.7063715929667702,0.9188227378169985,0.030622536775149044,0.40865953824273793,16.601661070758464,True
vector_thrust,cruise_92,0.7419655634584199,1488.565509579631,1227.1381263070691,61.95305237387143,0.7063715929685034,0.9188227378170625,0.030622536775329272,0.40865953824295004,16.608373989953385,True
vector_thrust,cruise_93,0.7419004773037983,1488.4323344776517,1227.1532573468635,61.95017372183893,0.7064057661410147,0.9188192491033023,0.03062659369294628,0.4086229773557535,16.608373989953385,True
vector_thrust,cruise_93,0.7419530924854979,1488.4323353329175,1227.153269959669,61.95017415371135,0.706405768073527,0.9188192491696805,0.030626593871255988,0.40862297759055183,16.615086909148303,True
vector_thrust,cruise_93,0.7421005768918323,1488.4323353329166,1227.1532699596887,61.9501741537136,0.7064057680735599,0.9188192491696806,0.030626593871257525,0.40862297759055144,16.633896090757954,True
vector_thrust,cruise_93,0.7423138586613327,1488.4323353329155,1227.15326995966,61.950174153714016,0.7064057680735439,0.9188192491696807,0.03062659387125742,0.4086229775905512,16.661076145685072,True
vector_thrust,cruise_93,0.7425508061950562,1488.432335332914,1227.1532699596273,61.95017415371606,0.7064057680735277,0.9188192491696809,0.03062659387125885,0.4086229775905507,16.691243730709843,True
vector_thrust,cruise_93,0.7427644894421703,1488.432335332916,1227.1532699596619,61.95017415371422,0.7064057680735453,0.9188192491696807,0.030626593871257605,0.4086229775905513,16.718423785636958,True
vector_thrust,cruise_93,0.7429124744835263,1488.4323353329125,1227.1532699596123,61.95017415371893,0.7064057680735351,0.9188192491696812,0.030626593871258625,0.4086229775905504,16.737232967246612,True
vector_thrust,cruise_93,0.7429653118678093,1488.4323353329164,1227.1532699596685,61.95017415371463,0.7064057680735409,0.9188192491696808,0.03062659387125772,0.4086229775905514,16.74394588644153,True
vector_thrust,cruise_94,0.742889727999687,1488.2779003667442,1227.1708941388265,61.946837913422314,0.7064454153729012,0.9188152031774293,0.030631300600016845,0.40858058018072413,16.74394588644153,True
vector_thrust,cruise_94,0.7429425579735217,1488.2779003667285,1227.1708941386016,61.94683791340366,0.706445415372883,0.9188152031774268,0.030631300600008158,0.40858058018071985,16.750658805636448,True
vector_thrust,cruise_94,0.74309064632615,1488.2779003666055,1227.1708941367822,61.94683791335262,0.7064454153726005,0.9188152031774185,0.030631300599988157,0.408580580180686,16.7694679872461,True
vector_thrust,cruise_94,0.7433048019386104,1488.2779003667272,1227.1708941385928,61.94683791340694,0.7064454153728963,0.9188152031774273,0.030631300600010153,0.4085805801807194,16.796648042173217,True
vector_thrust,cruise_94,0.743542720911065,1488.2779003666894,1227.1708941380325,61.9468379133887,0.7064454153728043,0.9188152031774245,0.03063130060000306,0.4085805801807091,16.826815627197988,True
vector_thrust,cruise_94,0.7437572807901542,1488.2779003662213,1227.1708941311263,61.946837913158916,0.7064454153717464,0.9188152031773887,0.03063130059990824,0.4085805801805806,16.853995682125106,True
vector_thrust,cruise_94,0.743905873256616,1488.2779003667429,1227.170894138811,61.946837913418825,0.7064454153729142,0.9188152031774289,0.030631300600014018,0.4085805801807237,16.872804863734757,True
vector_thrust,cruise_94,0.7439589275822571,1488.2779003667458,1227.1708941388558,61.946837913418214,0.7064454153729232,0.9188152031774289,0.03063130060001491,0.4085805801807245,16.879517782929675,True
vector_thrust,cruise_95,0.7438687928029837,1488.0939973948568,1227.1919693805412,61.9428671484596,0.7064926506464332,0.9188103846066842,0.030636908139593928,0.4085300928470533,16.879517782929675,True
vector_thrust,cruise_95,0.7439218360625863,1488.0939973943223,1227.1919693726431,61.94286714802586,0.7064926506451963,0.9188103846066252,0.030636908139401273,0.4085300928469065,16.886230702124593,True
vector_thrust,cruise_95,0.7440705224544077,1488.0939973943216,1227.1919693726359,61.94286714802936,0.7064926506452004,0.9188103846066257,0.03063690813940293,0.40853009284690633,16.905039883734243,True
vector_thrust,cruise_95,0.7442855433650547,1488.0939973943198,1227.1919693726256,61.94286714802053,0.7064926506452144,0.9188103846066246,0.030636908139397383,0.40853009284690583,16.932219938661362,True
vector_thrust,cruise_95,0.7445244242809133,1488.093997394317,1227.1919693725674,61.94286714802526,0.7064926506451761,0.918810384606625,0.03063690813939948,0.40853009284690517,16.962387523686132,True
vector_thrust,cruise_95,0.7447398522271381,1488.0939973943207,1227.1919693726436,61.94286714802423,0.7064926506452165,0.9188103846066251,0.03063690813940016,0.40853009284690606,16.98956757861325,True
vector_thrust,cruise_95,0.7448890461846523,1488.0939973943211,1227.1919693726377,61.94286714801643,0.7064926506452004,0.9188103846066242,0.030636908139396728,0.4085300928469062,17.0083767602229,True
vector_thrust,cruise_95,0.7449423153329198,1488.0939973943157,1227.1919693725813,61.94286714802259,0.7064926506452204,0.9188103846066248,0.030636908139398233,0.40853009284690467,17.01508967941782,True
vector_thrust,cruise_96,0.7448306489745016,1487.8664888106548,1227.218174472476,61.937957980917524,0.7065511202663395,0.918804422658757,0.03064384937648616,0.40846763435774397,17.01508967941782,True
vector_thrust,cruise_96,0.7448839015054993,1487.8664888105404,1227.2181744707914,61.937957980741245,0.7065511202660916,0.9188044226587354,0.030643849376403458,0.40846763435771255,17.021802598612737,True
vector_thrust,cruise_96,0.7450331750876521,1487.8664888105423,1227.218174470811,61.93795798075046,0.7065511202660727,0.9188044226587364,0.030643849376407673,0.408467634357713,17.04061178022239,True
vector_thrust,cruise_96,0.7452490452911873,1487.8664888105404,1227.2181744707914,61.93795798074145,0.7065511202660916,0.9188044226587354,0.03064384937640314,0.40846763435771255,17.067791835149507,True
vector_thrust,cruise_96,0.7454888707624343,1487.8664888105407,1227.2181744707782,61.93795798074452,0.7065511202660605,0.9188044226587357,0.030643849376405297,0.40846763435771255,17.09795942017428,True
vector_thrust,cruise_96,0.7456943211675232,1487.8664888105352,1227.218174470714,61.93795798073243,0.7065511202660759,0.9188044226587343,0.03064384937639995,0.40846763435771116,17.125139475101395,True
vector_thrust,cruise_96,0.7458322392710269,1487.8664888105327,1227.2181744706854,61.93795798072997,0.7065511202660693,0.918804422658734,0.030643849376399614,0.4084676343577104,17.143948656711046,True
vector_thrust,cruise_96,0.7458814808213828,1487.8664888105327,1227.2181744706859,61.93795798072976,0.7065511202660693,0.9188044226587341,0.03064384937639987,0.4084676343577104,17.150661575905968,True
vector_thrust,cruise_97,0.7457346465090977,1487.5677455784792,1227.2528185455915,61.931517310076714,0.7066279566184629,0.9187965926143323,0.030652971008460254,0.40838561964591,17.150661575905968,True
vector_thrust,cruise_97,0.7458370392983212,1487.5677448383233,1227.2528076356296,61.931516936406645,0.706627954948226,0.918796592556855,0.030652970854015485,0.4083856194427131,17.164625828780032,True
vector_thrust,cruise_97,0.7461241713693487,1487.5677448382673,1227.2528076348106,61.931516936384305,0.7066279549481211,0.9187965925568511,0.030652970854005906,0.40838561944269786,17.203752795860197,True
vector_thrust,cruise_97,0.7465396954795145,1487.567744838155,1227.2528076331719,61.93151693632199,0.7066279549478875,0.918796592556842,0.030652970853980416,0.40838561944266705,17.26029290145548,True
vector_thrust,cruise_97,0.7470017338138598,1487.5677448384242,1227.2528076371193,61.9315169364544,0.7066279549484705,0.9187965925568624,0.030652970854034796,0.40838561944274093,17.32304768423383,True
vector_thrust,cruise_97,0.74741877631778,1487.567744838438,1227.2528076373214,61.93151693646445,0.7066279549484946,0.9187965925568639,0.030652970854039847,0.4083856194427448,17.37958778982911,True
vector_thrust,cruise_97,0.7477078018036187,1487.5677448384297,1227.2528076372282,61.93151693646772,0.7066279549485219,0.918796592556864,0.030652970854039823,0.40838561944274243,17.418714756909274,True
vector_thrust,cruise_97,0.7478110377680708,1487.5677448384286,1227.2528076372032,61.931516936458706,0.7066279549484981,0.9187965925568631,0.030652970854036992,0.4083856194427421,17.432679009783342,True
vector_thrust,decel_descend,0.899171297001756,1903.9313779257752,690.9864556922258,27.57492924352859,0.5659184102262528,0.8927332005201088,0.008331557279770297,0.5226909482600695,17.432679009783342,True
vector_thrust,decel_descend,0.8998303880840276,1903.8495347018031,689.5396934503315,27.565253863997555,0.5650070933445595,0.8927073014931768,0.008314734874634466,0.5225606506652828,17.55151636830044,True
vector_thrust,decel_descend,0.9016925538440204,1903.624971377776,685.5413196437644,27.539500135923443,0.5624637266802365,0.892638227218844,0.008268172244472814,0.52219727083068,17.884491247552866,True
vector_thrust,decel_descend,0.9044243580887373,1903.3126262187989,679.9068628774061,27.50580000888249,0.5588156972979063,0.8925475136734501,0.008202359768187976,0.5216765434001328,18.365653889035762,True
vector_thrust,decel_descend,0.90751449696549,1902.9823295978856,673.8499223471821,27.47322851354049,0.554806319223312,0.8924594285704132,0.008131314133343788,0.521104491418146,18.899704130530917,True
vector_thrust,decel_descend,0.910352448009074,1902.6990589401044,668.5685894157465,27.44820459897009,0.5512315807878607,0.8923914094398835,0.008069069982126769,0.5205942800346952,19.38086677201382,True
vector_thrust,decel_descend,0.9123470334277219,1902.5107564247774,665.0105770138855,27.433269900510172,0.548779562876881,0.8923506236336982,0.008026957424860788,0.5202440154636746,19.713841651266247,True
vector_thrust,decel_descend,0.9130650770841298,1902.4450528291964,663.7598020706058,27.428409412156856,0.5479088845862373,0.8923373101841016,0.00801211564052807,0.5201195554365694,19.832679009783345,True
vector_thrust,arrival_terminal_procedure,1.0903030936833906,1996.5133066453054,1314.789172048455,40.26930084611982,0.6633317888442747,0.9153288155814813,0.010680719291389819,0.5458373748725464,19.832679009783345,True
vector_thrust,arrival_terminal_procedure,1.10014832537173,1995.6055339969128,1314.789172052182,40.02728590134387,0.6616712558696186,0.9150540573552242,0.010626189924664102,0.5455891940877099,19.877051488406643,True
vector_thrust,arrival_terminal_procedure,1.1288556231333045,1993.0457908520277,1314.7891720493305,39.345197773985404,0.6568662423683728,0.9142571604782027,0.010471960824013181,0.5448893723164742,20.00138041069245,True
vector_thrust,arrival_terminal_procedure,1.169424864163805,1989.635259868803,1314.78917204846,38.437145442630374,0.650170759840812,0.9131423225316103,0.010265379734799513,0.5439569491402256,20.18104090878791,True
vector_thrust,arrival_terminal_procedure,1.2173075180475494,1985.8927035588401,1314.7891720415382,37.44172404885938,0.642410204428766,0.9118447906781555,0.010037258466857865,0.5429337517967652,20.380449017653792,True
vector_thrust,arrival_terminal_procedure,1.2645313682852737,1982.4703434617497,1314.7891720485266,36.53240913125622,0.6349064431626396,0.9105855222013741,0.009827334621886088,0.5419980945962614,20.560109515749243,True
vector_thrust,arrival_terminal_procedure,1.299800942506616,1980.0714619152498,1314.7891720481757,35.89557210220675,0.6293985845620301,0.9096587274896256,0.009679434390151799,0.5413422516316223,20.684438438035055,True
vector_thrust,arrival_terminal_procedure,1.3129531049335745,1979.2088753944313,1314.789172048169,35.66668869049806,0.6273656236035542,0.9093161783497392,0.009626099831781304,0.5411064245221526,20.728810916658354,True
vector_thrust,second_descent,0.9806807936286872,2004.2348084829177,643.0940826925241,28.179911443127164,0.5189162730723831,0.8949460899550294,0.007416743385182,0.5479483972629744,20.728810916658354,False
vector_thrust,second_descent,0.980944347713743,2004.2991391417493,643.6612568158731,28.19771045356608,0.5190281720405691,0.894991355188593,0.0074182586132970855,0.5479426196403228,20.753568699682752,False
vector_thrust,second_descent,0.9813809819825151,2004.2709962132756,643.1419085624843,28.200617225407072,0.5185826223644736,0.8949984979040687,0.007411691630731376,0.5478694743316466,20.82293846619367,False
vector_thrust,second_descent,0.9821263862233862,2004.2239648297946,642.2834706482521,28.202227449945074,0.5178987624193506,0.895002255513696,0.007401582553546264,0.5477620813661626,20.923180683169274,False
vector_thrust,second_descent,0.9829863844951163,2004.155484045976,641.1202659976938,28.19919241490549,0.5170623256695206,0.8949941809636166,0.0073892392308148236,0.5476384976090409,21.034441150147433,False
vector_thrust,second_descent,1.5948177685910323,1983.9068415211939,640.7898231571521,22.711751405799017,0.4064260839320124,0.8775828066671706,0.0060645206486971935,0.5420120482383388,21.13468336712304,False
vector_thrust,second_descent,1.5802077338824227,1984.1559407285179,639.1515050568698,22.790187083234713,0.40772320723390865,0.8778906538195533,0.006077761730656116,0.5420154348064368,21.20405313363396,False
vector_thrust,second_descent,1.5727208909639234,1984.3244090800988,639.0007405887912,22.837787040493215,0.40868575579406186,0.87807655313338,0.006087215538757987,0.5420383793057011,21.228810916658354,False
vector_thrust,hover_descent,0.0,-2.6481504088333936,0.0,2.3227585371326694e-06,7.967296963863377e-16,-inf,0.0003476007395753942,-0.0007233691976944487,21.228810916658354,False
vector_thrust,hover_descent,0.0,-2.6481465042610948,0.0,-1.8989217487465478e-06,7.967308711279902e-16,inf,-0.0002841314450691049,-0.0007233619723708078,21.238351521458718,False
vector_thrust,hover_descent,0.0,-2.64816235124233,0.0,1.52350645506071e-05,7.967261033763451e-16,-inf,0.0022794239409031736,-0.000723349045390615,21.265083702071266,False
vector_thrust,hover_descent,0.0,-2.6481465020712434,0.0,-1.901289447557366e-06,7.967308717852935e-16,inf,-0.00028436965245030974,-0.0007233197832594567,21.303712822277003,False
vector_thrust,hover_descent,0.0,-2.648139057595066,0.0,-9.950365226265885e-06,7.967331115623537e-16,inf,-0.0014878402598043235,-0.0007232900794881359,21.346587911064102,False
vector_thrust,hover_descent,0.0,-2.6481559261112295,0.0,8.28811947566403e-06,7.967280364430245e-16,-inf,0.001238909160467869,-0.000723269759201207,21.38521703126984,False
vector_thrust,hover_descent,0.0,-2.6481767390398896,0.0,3.079136026411476e-05,7.967217746838887e-16,-inf,0.004601725902861251,-0.0007232581945891991,21.411949211882384,False
vector_thrust,hover_descent,0.0,-2.6481729442525213,0.0,2.6688381039543386e-05,7.967229163725514e-16,-inf,0.0039882639408114744,-0.000723251002352739,21.42148981668275,False
