eVTOL_type,mission_segment,velocity_kts,equivalent_airspeed_kts,Mach,time_min,fesibility
vector_thrust,hover_climb,3.546550881358902,3.546550881649517,0.005361550449628256,0.0,True
vector_thrust,hover_climb,3.546550881358902,3.546422417255252,0.005361596083502601,0.006893357278030577,True
vector_thrust,hover_climb,3.546550881358902,3.5460624813212456,0.005361723952926232,0.026208115161729377,True
vector_thrust,hover_climb,3.546550881358902,3.5455423934581036,0.005361908745610185,0.05411874897226967,True
vector_thrust,hover_climb,3.546550881358902,3.544965187410644,0.005362113872182076,0.0850972153820138,True
vector_thrust,hover_climb,3.546550881358902,3.544445185915011,0.00536229870481217,0.11300784919255409,True
vector_thrust,hover_climb,3.546550881358902,3.5440853576795295,0.0053624266240478256,0.13232260707625287,True
vector_thrust,hover_climb,3.546550881358902,3.5439569412156153,0.005362472280090608,0.1392159643542835,True
vector_thrust,second_climb,76.1088383371562,76.05317248669304,0.11507843803907788,0.1392159643542835,True
vector_thrust,second_climb,76.1088383371562,76.03939422984473,0.11508333729515734,0.16397374737867865,True
vector_thrust,second_climb,76.1088383371562,76.00079554693781,0.11509706800832264,0.23334351388959998,True
vector_thrust,second_climb,76.1088383371562,75.945037411761,0.11511691806824521,0.3335857308652047,True
vector_thrust,second_climb,76.1088383371562,75.88317626157117,0.11513896189115053,0.44484619784336177,True
vector_thrust,second_climb,76.1088383371562,75.82746445445011,0.11515883343709722,0.5450884148189664,True
vector_thrust,second_climb,76.1088383371562,75.78892354168349,0.11517259094290729,0.6144581813298877,True
vector_thrust,second_climb,76.1088383371562,75.77517099496622,0.11517750212283925,0.6392159643542831,True
vector_thrust,departure_terminal_procedures,83.83074053667755,83.46321974671649,0.12686325934117706,0.6392159643542831,True
vector_thrust,departure_terminal_procedures,83.83074053667755,83.46321974671649,0.12686325934117706,0.6839032774771429,True
vector_thrust,departure_terminal_procedures,83.83074053667755,83.46321974671649,0.12686325934117706,0.8091143464278104,True
vector_thrust,departure_terminal_procedures,83.83074053667755,83.46321974671649,0.12686325934117706,0.9900495833876202,True
vector_thrust,departure_terminal_procedures,83.83074053667755,83.46321974671649,0.12686325934117706,1.1908725456516238,True
vector_thrust,departure_terminal_procedures,83.83074053667755,83.46321974671649,0.12686325934117706,1.3718077826114334,True
vector_thrust,departure_terminal_procedures,83.83074053667755,83.46321974671649,0.12686325934117706,1.4970188515621012,True
vector_thrust,departure_terminal_procedures,83.83074053667755,83.46321974671649,0.12686325934117706,1.541706164684961,True
vector_thrust,accel_climb,76.50124900697111,76.16586130446419,0.11577134748617816,1.541706164684961,True
vector_thrust,accel_climb,76.50124900697111,76.09952746396245,0.11579505140588657,1.660543523202058,True
vector_thrust,accel_climb,76.50124900697111,75.91382934643,0.1158615452254526,1.9935184024544803,True
vector_thrust,accel_climb,76.50124900697111,75.64591780520703,0.11595783238306367,2.474681043937383,True
vector_thrust,accel_climb,76.50124900697111,75.34915343038716,0.11606498205980881,3.008731285432537,True
vector_thrust,accel_climb,76.50124900697111,75.08231389096298,0.1161617730266084,3.4898939269154394,True
vector_thrust,accel_climb,76.50124900697111,74.89795253766542,0.11622889509188557,3.822868806167862,True
vector_thrust,accel_climb,76.50124900697111,74.8322136131645,0.11625287860935478,3.941706164684959,True
vector_thrust,cruise_0,95.58738660907126,93.50194704405871,0.14525656765469577,3.941706164684959,False
vector_thrust,cruise_0,95.58738660907126,93.50194704405871,0.14525656765469577,3.9479156149402583,False
vector_thrust,cruise_0,95.58738660907126,93.50194704405871,0.14525656765469577,3.9653141079291854,False
vector_thrust,cruise_0,95.58738660907126,93.50194704405871,0.14525656765469577,3.99045565873677,False
vector_thrust,cruise_0,95.58738660907126,93.50194704405871,0.14525656765469577,4.018360674884683,False
vector_thrust,cruise_0,95.58738660907126,93.50194704405871,0.14525656765469577,4.043502225692267,False
vector_thrust,cruise_0,95.58738660907126,93.50194704405871,0.14525656765469577,4.060900718681194,False
vector_thrust,cruise_0,95.58738660907126,93.50194704405871,0.14525656765469577,4.067110168936494,False
vector_thrust,cruise_1,95.58738660907126,93.50194704405871,0.14525656765469577,4.067110168936494,False
vector_thrust,cruise_1,95.58738660907126,93.50194704405871,0.14525656765469577,4.073454210063026,False
vector_thrust,cruise_1,95.58738660907126,93.50194704405871,0.14525656765469577,4.091229818292956,False
vector_thrust,cruise_1,95.58738660907126,93.50194704405871,0.14525656765469577,4.116916316412817,False
vector_thrust,cruise_1,95.58738660907126,93.50194704405871,0.14525656765469577,4.145426178445744,False
vector_thrust,cruise_1,95.58738660907126,93.50194704405871,0.14525656765469577,4.171112676565604,False
vector_thrust,cruise_1,95.58738660907126,93.50194704405871,0.14525656765469577,4.188888284795534,False
vector_thrust,cruise_1,95.58738660907126,93.50194704405871,0.14525656765469577,4.195232325922067,False
vector_thrust,cruise_2,95.58738660907126,93.50194704405871,0.14525656765469577,4.195232325922067,False
vector_thrust,cruise_2,95.58738660907126,93.50194704405871,0.14525656765469577,4.201532102296077,False
vector_thrust,cruise_2,95.58738660907126,93.50194704405871,0.14525656765469577,4.2191836834455465,False
vector_thrust,cruise_2,95.58738660907126,93.50194704405871,0.14525656765469577,4.244690957241388,False
vector_thrust,cruise_2,95.58738660907126,93.50194704405871,0.14525656765469577,4.27300189528215,False
vector_thrust,cruise_2,95.58738660907126,93.50194704405871,0.14525656765469577,4.298509169077991,False
vector_thrust,cruise_2,95.58738660907126,93.50194704405871,0.14525656765469577,4.316160750227461,False
vector_thrust,cruise_2,95.58738660907126,93.50194704405871,0.14525656765469577,4.322460526601471,False
vector_thrust,cruise_3,95.58738660907126,93.50194704405871,0.14525656765469577,4.322460526601471,False
vector_thrust,cruise_3,95.58738660907126,93.50194704405871,0.14525656765469577,4.328760244259943,False
vector_thrust,cruise_3,95.58738660907126,93.50194704405871,0.14525656765469577,4.346411660892132,False
vector_thrust,cruise_3,95.58738660907126,93.50194704405871,0.14525656765469577,4.371918696953615,False
vector_thrust,cruise_3,95.58738660907126,93.50194704405871,0.14525656765469577,4.4002293711291465,False
vector_thrust,cruise_3,95.58738660907126,93.50194704405871,0.14525656765469577,4.425736407190629,False
vector_thrust,cruise_3,95.58738660907126,93.50194704405871,0.14525656765469577,4.443387823822818,False
vector_thrust,cruise_3,95.58738660907126,93.50194704405871,0.14525656765469577,4.449687541481291,False
vector_thrust,cruise_4,95.58738660907126,93.50194704405871,0.14525656765469577,4.449687541481291,False
vector_thrust,cruise_4,95.58738660907126,93.50194704405871,0.14525656765469577,4.455987199749631,False
vector_thrust,cruise_4,95.58738660907126,93.50194704405871,0.14525656765469577,4.473638449974372,False
vector_thrust,cruise_4,95.58738660907126,93.50194704405871,0.14525656765469577,4.499145245570123,False
vector_thrust,cruise_4,95.58738660907126,93.50194704405871,0.14525656765469577,4.527455652848829,False
vector_thrust,cruise_4,95.58738660907126,93.50194704405871,0.14525656765469577,4.55296244844458,False
vector_thrust,cruise_4,95.58738660907126,93.50194704405871,0.14525656765469577,4.57061369866932,False
vector_thrust,cruise_4,95.58738660907126,93.50194704405871,0.14525656765469577,4.576913356937662,False
vector_thrust,cruise_5,95.58738660907126,93.50194704405871,0.14525656765469577,4.576913356937662,False
vector_thrust,cruise_5,95.58738660907126,93.50194704405871,0.14525656765469577,4.58321295512584,False
vector_thrust,cruise_5,95.58738660907126,93.50194704405871,0.14525656765469577,4.600864037009704,False
vector_thrust,cruise_5,95.58738660907126,93.50194704405871,0.14525656765469577,4.626370589345843,False
vector_thrust,cruise_5,95.58738660907126,93.50194704405871,0.14525656765469577,4.654680726626747,False
vector_thrust,cruise_5,95.58738660907126,93.50194704405871,0.14525656765469577,4.680187278962886,False
vector_thrust,cruise_5,95.58738660907126,93.50194704405871,0.14525656765469577,4.69783836084675,False
vector_thrust,cruise_5,95.58738660907126,93.50194704405871,0.14525656765469577,4.704137959034928,False
vector_thrust,cruise_6,95.58738660907126,93.50194704405871,0.14525656765469577,4.704137959034928,False
vector_thrust,cruise_6,95.58738660907126,93.50194704405871,0.14525656765469577,4.71043749643694,False
vector_thrust,cruise_6,95.58738660907126,93.50194704405871,0.14525656765469577,4.72808840800175,False
vector_thrust,cruise_6,95.58738660907126,93.50194704405871,0.14525656765469577,4.753594714219725,False
vector_thrust,cruise_6,95.58738660907126,93.50194704405871,0.14525656765469577,4.781904578330074,False
vector_thrust,cruise_6,95.58738660907126,93.50194704405871,0.14525656765469577,4.807410884548049,False
vector_thrust,cruise_6,95.58738660907126,93.50194704405871,0.14525656765469577,4.825061796112859,False
vector_thrust,cruise_6,95.58738660907126,93.50194704405871,0.14525656765469577,4.83136133351487,False
vector_thrust,cruise_7,95.58738660907126,93.50194704405871,0.14525656765469577,4.83136133351487,False
vector_thrust,cruise_7,95.58738660907126,93.50194704405871,0.14525656765469577,4.837660809408181,False
vector_thrust,cruise_7,95.58738660907126,93.50194704405871,0.14525656765469577,4.855311548629442,False
vector_thrust,cruise_7,95.58738660907126,93.50194704405871,0.14525656765469577,4.880817605803771,False
vector_thrust,cruise_7,95.58738660907126,93.50194704405871,0.14525656765469577,4.90912719349653,False
vector_thrust,cruise_7,95.58738660907126,93.50194704405871,0.14525656765469577,4.934633250670858,False
vector_thrust,cruise_7,95.58738660907126,93.50194704405871,0.14525656765469577,4.952283989892119,False
vector_thrust,cruise_7,95.58738660907126,93.50194704405871,0.14525656765469577,4.958583465785429,False
vector_thrust,cruise_8,95.58738660907126,93.50194704405871,0.14525656765469577,4.958583465785429,False
vector_thrust,cruise_8,95.58738660907126,93.50194704405871,0.14525656765469577,4.964882879430391,False
vector_thrust,cruise_8,95.58738660907126,93.50194704405871,0.14525656765469577,4.982533444235652,False
vector_thrust,cruise_8,95.58738660907126,93.50194704405871,0.14525656765469577,5.008039249371559,False
vector_thrust,cruise_8,95.58738660907126,93.50194704405871,0.14525656765469577,5.036348557322774,False
vector_thrust,cruise_8,95.58738660907126,93.50194704405871,0.14525656765469577,5.061854362458681,False
vector_thrust,cruise_8,95.58738660907126,93.50194704405871,0.14525656765469577,5.079504927263942,False
vector_thrust,cruise_8,95.58738660907126,93.50194704405871,0.14525656765469577,5.085804340908904,False
vector_thrust,cruise_9,95.58738660907126,93.50194704405871,0.14525656765469577,5.085804340908904,False
vector_thrust,cruise_9,95.58738660907126,93.50194704405871,0.14525656765469577,5.0921036915481395,False
vector_thrust,cruise_9,95.58738660907126,93.50194704405871,0.14525656765469577,5.109754079815282,False
vector_thrust,cruise_9,95.58738660907126,93.50194704405871,0.14525656765469577,5.1352596298462165,False
vector_thrust,cruise_9,95.58738660907126,93.50194704405871,0.14525656765469577,5.1635686546522725,False
vector_thrust,cruise_9,95.58738660907126,93.50194704405871,0.14525656765469577,5.189074204683208,False
vector_thrust,cruise_9,95.58738660907126,93.50194704405871,0.14525656765469577,5.20672459295035,False
vector_thrust,cruise_9,95.58738660907126,93.50194704405871,0.14525656765469577,5.213023943589586,False
vector_thrust,cruise_10,95.58738660907126,93.50194704405871,0.14525656765469577,5.213023943589586,False
vector_thrust,cruise_10,95.58738660907126,93.50194704405871,0.14525656765469577,5.219323230447353,False
vector_thrust,cruise_10,95.58738660907126,93.50194704405871,0.14525656765469577,5.236973440002788,False
vector_thrust,cruise_10,95.58738660907126,93.50194704405871,0.14525656765469577,5.262478731787825,False
vector_thrust,cruise_10,95.58738660907126,93.50194704405871,0.14525656765469577,5.2907874699625586,False
vector_thrust,cruise_10,95.58738660907126,93.50194704405871,0.14525656765469577,5.3162927617475955,False
vector_thrust,cruise_10,95.58738660907126,93.50194704405871,0.14525656765469577,5.333942971303031,False
vector_thrust,cruise_10,95.58738660907126,93.50194704405871,0.14525656765469577,5.3402422581607984,False
vector_thrust,cruise_11,95.58738660907126,93.50194704405871,0.14525656765469577,5.3402422581607984,False
vector_thrust,cruise_11,95.58738660907126,93.50194704405871,0.14525656765469577,5.346541480442309,False
vector_thrust,cruise_11,95.58738660907126,93.50194704405871,0.14525656765469577,5.364191509059098,False
vector_thrust,cruise_11,95.58738660907126,93.50194704405871,0.14525656765469577,5.389696539380213,False
vector_thrust,cruise_11,95.58738660907126,93.50194704405871,0.14525656765469577,5.41800498735189,False
vector_thrust,cruise_11,95.58738660907126,93.50194704405871,0.14525656765469577,5.443510017673005,False
vector_thrust,cruise_11,95.58738660907126,93.50194704405871,0.14525656765469577,5.461160046289793,False
vector_thrust,cruise_11,95.58738660907126,93.50194704405871,0.14525656765469577,5.467459268571305,False
vector_thrust,cruise_12,95.58738660907126,93.50194704405871,0.14525656765469577,5.467459268571305,False
vector_thrust,cruise_12,95.58738660907126,93.50194704405871,0.14525656765469577,5.473758425462026,False
vector_thrust,cruise_12,95.58738660907126,93.50194704405871,0.14525656765469577,5.491408270857893,False
vector_thrust,cruise_12,95.58738660907126,93.50194704405871,0.14525656765469577,5.516913036417106,False
vector_thrust,cruise_12,95.58738660907126,93.50194704405871,0.14525656765469577,5.545221190525241,False
vector_thrust,cruise_12,95.58738660907126,93.50194704405871,0.14525656765469577,5.570725956084454,False
vector_thrust,cruise_12,95.58738660907126,93.50194704405871,0.14525656765469577,5.588375801480321,False
vector_thrust,cruise_12,95.58738660907126,93.50194704405871,0.14525656765469577,5.5946749583710425,False
vector_thrust,cruise_13,95.58738660907126,93.50194704405871,0.14525656765469577,5.5946749583710425,False
vector_thrust,cruise_13,95.58738660907126,93.50194704405871,0.14525656765469577,5.60097404903595,False
vector_thrust,cruise_13,95.58738660907126,93.50194704405871,0.14525656765469577,5.618623708871212,False
vector_thrust,cruise_13,95.58738660907126,93.50194704405871,0.14525656765469577,5.644128206287581,False
vector_thrust,cruise_13,95.58738660907126,93.50194704405871,0.14525656765469577,5.672436062779611,False
vector_thrust,cruise_13,95.58738660907126,93.50194704405871,0.14525656765469577,5.69794056019598,False
vector_thrust,cruise_13,95.58738660907126,93.50194704405871,0.14525656765469577,5.715590220031243,False
vector_thrust,cruise_13,95.58738660907126,93.50194704405871,0.14525656765469577,5.721889310696151,False
vector_thrust,cruise_14,95.58738660907126,93.50194704405871,0.14525656765469577,5.721889310696151,False
vector_thrust,cruise_14,95.58738660907126,93.50194704405871,0.14525656765469577,5.728188334278952,False
vector_thrust,cruise_14,95.58738660907126,93.50194704405871,0.14525656765469577,5.745837806154331,False
vector_thrust,cruise_14,95.58738660907126,93.50194704405871,0.14525656765469577,5.7713420319608,False
vector_thrust,cruise_14,95.58738660907126,93.50194704405871,0.14525656765469577,5.799649586988584,False
vector_thrust,cruise_14,95.58738660907126,93.50194704405871,0.14525656765469577,5.825153812795053,False
vector_thrust,cruise_14,95.58738660907126,93.50194704405871,0.14525656765469577,5.842803284670431,False
vector_thrust,cruise_14,95.58738660907126,93.50194704405871,0.14525656765469577,5.849102308253234,False
vector_thrust,cruise_15,95.58738660907126,93.50194704405871,0.14525656765469577,5.849102308253234,False
vector_thrust,cruise_15,95.58738660907126,93.50194704405871,0.14525656765469577,5.85540126387555,False
vector_thrust,cruise_15,95.58738660907126,93.50194704405871,0.14525656765469577,5.873050545329881,False
vector_thrust,cruise_15,95.58738660907126,93.50194704405871,0.14525656765469577,5.898554495969962,False
vector_thrust,cruise_15,95.58738660907126,93.50194704405871,0.14525656765469577,5.926861745586098,False
vector_thrust,cruise_15,95.58738660907126,93.50194704405871,0.14525656765469577,5.952365696226179,False
vector_thrust,cruise_15,95.58738660907126,93.50194704405871,0.14525656765469577,5.97001497768051,False
vector_thrust,cruise_15,95.58738660907126,93.50194704405871,0.14525656765469577,5.976313933302826,False
vector_thrust,cruise_16,95.58738660907126,93.50194704405871,0.14525656765469577,5.976313933302826,False
vector_thrust,cruise_16,95.58738660907126,93.50194704405871,0.14525656765469577,5.98261282006333,False
vector_thrust,cruise_16,95.58738660907126,93.50194704405871,0.14525656765469577,6.0002619085711455,False
vector_thrust,cruise_16,95.58738660907126,93.50194704405871,0.14525656765469577,6.025765580395434,False
vector_thrust,cruise_16,95.58738660907126,93.50194704405871,0.14525656765469577,6.054072520549387,False
vector_thrust,cruise_16,95.58738660907126,93.50194704405871,0.14525656765469577,6.079576192373676,False
vector_thrust,cruise_16,95.58738660907126,93.50194704405871,0.14525656765469577,6.097225280881491,False
vector_thrust,cruise_16,95.58738660907126,93.50194704405871,0.14525656765469577,6.103524167641995,False
vector_thrust,cruise_17,95.58738660907126,93.50194704405871,0.14525656765469577,6.103524167641995,False
vector_thrust,cruise_17,95.58738660907126,93.50194704405871,0.14525656765469577,6.1098229846155006,False
vector_thrust,cruise_17,95.58738660907126,93.50194704405871,0.14525656765469577,6.127471877584492,False
vector_thrust,cruise_17,95.58738660907126,93.50194704405871,0.14525656765469577,6.152975266846994,False
vector_thrust,cruise_17,95.58738660907126,93.50194704405871,0.14525656765469577,6.1812818933810245,False
vector_thrust,cruise_17,95.58738660907126,93.50194704405871,0.14525656765469577,6.206785282643526,False
vector_thrust,cruise_17,95.58738660907126,93.50194704405871,0.14525656765469577,6.224434175612519,False
vector_thrust,cruise_17,95.58738660907126,93.50194704405871,0.14525656765469577,6.230732992586024,False
vector_thrust,cruise_18,95.58738660907126,93.50194704405871,0.14525656765469577,6.230732992586024,False
vector_thrust,cruise_18,95.58738660907126,93.50194704405871,0.14525656765469577,6.237031738822536,False
vector_thrust,cruise_18,95.58738660907126,93.50194704405871,0.14525656765469577,6.254680433590878,False
vector_thrust,cruise_18,95.58738660907126,93.50194704405871,0.14525656765469577,6.280183536445143,False
vector_thrust,cruise_18,95.58738660907126,93.50194704405871,0.14525656765469577,6.308489845090013,False
vector_thrust,cruise_18,95.58738660907126,93.50194704405871,0.14525656765469577,6.333992947944279,False
vector_thrust,cruise_18,95.58738660907126,93.50194704405871,0.14525656765469577,6.351641642712621,False
vector_thrust,cruise_18,95.58738660907126,93.50194704405871,0.14525656765469577,6.3579403889491335,False
vector_thrust,cruise_19,95.58738660907126,93.50194704405871,0.14525656765469577,6.3579403889491335,False
vector_thrust,cruise_19,95.58738660907126,93.50194704405871,0.14525656765469577,6.364239063472841,False
vector_thrust,cruise_19,95.58738660907126,93.50194704405871,0.14525656765469577,6.38188755730637,False
vector_thrust,cruise_19,95.58738660907126,93.50194704405871,0.14525656765469577,6.407390369801417,False
vector_thrust,cruise_19,95.58738660907126,93.50194704405871,0.14525656765469577,6.435696356171868,False
vector_thrust,cruise_19,95.58738660907126,93.50194704405871,0.14525656765469577,6.461199168666916,False
vector_thrust,cruise_19,95.58738660907126,93.50194704405871,0.14525656765469577,6.478847662500445,False
vector_thrust,cruise_19,95.58738660907126,93.50194704405871,0.14525656765469577,6.485146337024152,False
vector_thrust,cruise_20,95.58738660907126,93.50194704405871,0.14525656765469577,6.485146337024152,False
vector_thrust,cruise_20,95.58738660907126,93.50194704405871,0.14525656765469577,6.491444938832364,False
vector_thrust,cruise_20,95.58738660907126,93.50194704405871,0.14525656765469577,6.509093228921604,False
vector_thrust,cruise_20,95.58738660907126,93.50194704405871,0.14525656765469577,6.534595746997622,False
vector_thrust,cruise_20,95.58738660907126,93.50194704405871,0.14525656765469577,6.5629014065876055,False
vector_thrust,cruise_20,95.58738660907126,93.50194704405871,0.14525656765469577,6.588403924663624,False
vector_thrust,cruise_20,95.58738660907126,93.50194704405871,0.14525656765469577,6.6060522147528635,False
vector_thrust,cruise_20,95.58738660907126,93.50194704405871,0.14525656765469577,6.612350816561076,False
vector_thrust,cruise_21,95.58738660907126,93.50194704405871,0.14525656765469577,6.612350816561076,False
vector_thrust,cruise_21,95.58738660907126,93.50194704405871,0.14525656765469577,6.618649344623104,False
vector_thrust,cruise_21,95.58738660907126,93.50194704405871,0.14525656765469577,6.636297428080127,False
vector_thrust,cruise_21,95.58738660907126,93.50194704405871,0.14525656765469577,6.66179964756394,False
vector_thrust,cruise_21,95.58738660907126,93.50194704405871,0.14525656765469577,6.690104975741579,False
vector_thrust,cruise_21,95.58738660907126,93.50194704405871,0.14525656765469577,6.715607195225393,False
vector_thrust,cruise_21,95.58738660907126,93.50194704405871,0.14525656765469577,6.733255278682415,False
vector_thrust,cruise_21,95.58738660907126,93.50194704405871,0.14525656765469577,6.739553806744443,False
vector_thrust,cruise_22,95.58738660907126,93.50194704405871,0.14525656765469577,6.739553806744443,False
vector_thrust,cruise_22,95.58738660907126,93.50194704405871,0.14525656765469577,6.745852260000415,False
vector_thrust,cruise_22,95.58738660907126,93.50194704405871,0.14525656765469577,6.763500133855526,False
vector_thrust,cruise_22,95.58738660907126,93.50194704405871,0.14525656765469577,6.789002050455802,False
vector_thrust,cruise_22,95.58738660907126,93.50194704405871,0.14525656765469577,6.817307042458075,False
vector_thrust,cruise_22,95.58738660907126,93.50194704405871,0.14525656765469577,6.842808959058351,False
vector_thrust,cruise_22,95.58738660907126,93.50194704405871,0.14525656765469577,6.860456832913462,False
vector_thrust,cruise_22,95.58738660907126,93.50194704405871,0.14525656765469577,6.866755286169434,False
vector_thrust,cruise_23,95.58738660907126,93.50194704405871,0.14525656765469577,6.866755286169434,False
vector_thrust,cruise_23,95.58738660907126,93.50194704405871,0.14525656765469577,6.873053663529046,False
vector_thrust,cruise_23,95.58738660907126,93.50194704405871,0.14525656765469577,6.890701324727277,False
vector_thrust,cruise_23,95.58738660907126,93.50194704405871,0.14525656765469577,6.91620293402946,False
vector_thrust,cruise_23,95.58738660907126,93.50194704405871,0.14525656765469577,6.944507584956583,False
vector_thrust,cruise_23,95.58738660907126,93.50194704405871,0.14525656765469577,6.970009194258766,False
vector_thrust,cruise_23,95.58738660907126,93.50194704405871,0.14525656765469577,6.987656855456998,False
vector_thrust,cruise_23,95.58738660907126,93.50194704405871,0.14525656765469577,6.993955232816609,False
vector_thrust,cruise_24,95.58738660907126,93.50194704405871,0.14525656765469577,6.993955232816609,False
vector_thrust,cruise_24,95.58738660907126,93.50194704405871,0.14525656765469577,7.000253533157797,False
vector_thrust,cruise_24,95.58738660907126,93.50194704405871,0.14525656765469577,7.017900978555205,False
vector_thrust,cruise_24,95.58738660907126,93.50194704405871,0.14525656765469577,7.0434022760161605,False
vector_thrust,cruise_24,95.58738660907126,93.50194704405871,0.14525656765469577,7.0717065808256345,False
vector_thrust,cruise_24,95.58738660907126,93.50194704405871,0.14525656765469577,7.097207878286589,False
vector_thrust,cruise_24,95.58738660907126,93.50194704405871,0.14525656765469577,7.114855323683997,False
vector_thrust,cruise_24,95.58738660907126,93.50194704405871,0.14525656765469577,7.121153624025186,False
vector_thrust,cruise_25,95.58738660907126,93.50194704405871,0.14525656765469577,7.121153624025186,False
vector_thrust,cruise_25,95.58738660907126,93.50194704405871,0.14525656765469577,7.1274518461927325,False
vector_thrust,cruise_25,95.58738660907126,93.50194704405871,0.14525656765469577,7.145099072552465,False
vector_thrust,cruise_25,95.58738660907126,93.50194704405871,0.14525656765469577,7.170600053494807,False
vector_thrust,cruise_25,95.58738660907126,93.50194704405871,0.14525656765469577,7.198904006995124,False
vector_thrust,cruise_25,95.58738660907126,93.50194704405871,0.14525656765469577,7.224404987937467,False
vector_thrust,cruise_25,95.58738660907126,93.50194704405871,0.14525656765469577,7.242052214297199,False
vector_thrust,cruise_25,95.58738660907126,93.50194704405871,0.14525656765469577,7.2483504364647455,False
vector_thrust,cruise_26,95.58738660907126,93.50194704405871,0.14525656765469577,7.2483504364647455,False
vector_thrust,cruise_26,95.58738660907126,93.50194704405871,0.14525656765469577,7.25464857926879,False
vector_thrust,cruise_26,95.58738660907126,93.50194704405871,0.14525656765469577,7.2722955832569305,False
vector_thrust,cruise_26,95.58738660907126,93.50194704405871,0.14525656765469577,7.297796242863015,False
vector_thrust,cruise_26,95.58738660907126,93.50194704405871,0.14525656765469577,7.326099839706991,False
vector_thrust,cruise_26,95.58738660907126,93.50194704405871,0.14525656765469577,7.351600499313076,False
vector_thrust,cruise_26,95.58738660907126,93.50194704405871,0.14525656765469577,7.3692475033012155,False
vector_thrust,cruise_26,95.58738660907126,93.50194704405871,0.14525656765469577,7.37554564610526,False
vector_thrust,cruise_27,95.58738660907126,93.50194704405871,0.14525656765469577,7.37554564610526,False
vector_thrust,cruise_27,95.58738660907126,93.50194704405871,0.14525656765469577,7.381843708319726,False
vector_thrust,cruise_27,95.58738660907126,93.50194704405871,0.14525656765469577,7.399490486500888,False
vector_thrust,cruise_27,95.58738660907126,93.50194704405871,0.14525656765469577,7.424990819806432,False
vector_thrust,cruise_27,95.58738660907126,93.50194704405871,0.14525656765469577,7.453294054484132,False
vector_thrust,cruise_27,95.58738660907126,93.50194704405871,0.14525656765469577,7.478794387789677,False
vector_thrust,cruise_27,95.58738660907126,93.50194704405871,0.14525656765469577,7.496441165970838,False
vector_thrust,cruise_27,95.58738660907126,93.50194704405871,0.14525656765469577,7.5027392281853045,False
vector_thrust,cruise_28,95.58738660907126,93.50194704405871,0.14525656765469577,7.5027392281853045,False
vector_thrust,cruise_28,95.58738660907126,93.50194704405871,0.14525656765469577,7.509037208546231,False
vector_thrust,cruise_28,95.58738660907126,93.50194704405871,0.14525656765469577,7.526683757378868,False
vector_thrust,cruise_28,95.58738660907126,93.50194704405871,0.14525656765469577,7.552183759266195,False
vector_thrust,cruise_28,95.58738660907126,93.50194704405871,0.14525656765469577,7.580486626097425,False
vector_thrust,cruise_28,95.58738660907126,93.50194704405871,0.14525656765469577,7.605986627984752,False
vector_thrust,cruise_28,95.58738660907126,93.50194704405871,0.14525656765469577,7.62363317681739,False
vector_thrust,cruise_28,95.58738660907126,93.50194704405871,0.14525656765469577,7.629931157178317,False
vector_thrust,cruise_29,95.58738660907126,93.50194704405871,0.14525656765469577,7.629931157178317,False
vector_thrust,cruise_29,95.58738660907126,93.50194704405871,0.14525656765469577,7.63622905438208,False
vector_thrust,cruise_29,95.58738660907126,93.50194704405871,0.14525656765469577,7.653875370213524,False
vector_thrust,cruise_29,95.58738660907126,93.50194704405871,0.14525656765469577,7.67937503540437,False
vector_thrust,cruise_29,95.58738660907126,93.50194704405871,0.14525656765469577,7.707677528530701,False
vector_thrust,cruise_29,95.58738660907126,93.50194704405871,0.14525656765469577,7.7331771937215485,False
vector_thrust,cruise_29,95.58738660907126,93.50194704405871,0.14525656765469577,7.750823509552992,False
vector_thrust,cruise_29,95.58738660907126,93.50194704405871,0.14525656765469577,7.757121406756756,False
vector_thrust,cruise_30,95.58738660907126,93.50194704405871,0.14525656765469577,7.757121406756756,False
vector_thrust,cruise_30,95.58738660907126,93.50194704405871,0.14525656765469577,7.763419219458186,False
vector_thrust,cruise_30,95.58738660907126,93.50194704405871,0.14525656765469577,7.781065298519351,False
vector_thrust,cruise_30,95.58738660907126,93.50194704405871,0.14525656765469577,7.806564621567233,False
vector_thrust,cruise_30,95.58738660907126,93.50194704405871,0.14525656765469577,7.834866734943523,False
vector_thrust,cruise_30,95.58738660907126,93.50194704405871,0.14525656765469577,7.860366057991404,False
vector_thrust,cruise_30,95.58738660907126,93.50194704405871,0.14525656765469577,7.87801213705257,False
vector_thrust,cruise_30,95.58738660907126,93.50194704405871,0.14525656765469577,7.884309949754,False
vector_thrust,cruise_31,95.58738660907126,93.50194704405871,0.14525656765469577,7.884309949754,False
vector_thrust,cruise_31,95.58738660907126,93.50194704405871,0.14525656765469577,7.890607676564369,False
vector_thrust,cruise_31,95.58738660907126,93.50194704405871,0.14525656765469577,7.90825351496413,False
vector_thrust,cruise_31,95.58738660907126,93.50194704405871,0.14525656765469577,7.933752490246206,False
vector_thrust,cruise_31,95.58738660907126,93.50194704405871,0.14525656765469577,7.9620542176315725,False
vector_thrust,cruise_31,95.58738660907126,93.50194704405871,0.14525656765469577,7.987553192913649,False
vector_thrust,cruise_31,95.58738660907126,93.50194704405871,0.14525656765469577,8.00519903131341,False
vector_thrust,cruise_31,95.58738660907126,93.50194704405871,0.14525656765469577,8.011496758123778,False
vector_thrust,cruise_32,95.58738660907126,93.50194704405871,0.14525656765469577,8.011496758123778,False
vector_thrust,cruise_32,95.58738660907126,93.50194704405871,0.14525656765469577,8.017794397608665,False
vector_thrust,cruise_32,95.58738660907126,93.50194704405871,0.14525656765469577,8.03543999132786,False
vector_thrust,cruise_32,95.58738660907126,93.50194704405871,0.14525656765469577,8.06093861303627,False
vector_thrust,cruise_32,95.58738660907126,93.50194704405871,0.14525656765469577,8.089239947984478,False
vector_thrust,cruise_32,95.58738660907126,93.50194704405871,0.14525656765469577,8.11473856969289,False
vector_thrust,cruise_32,95.58738660907126,93.50194704405871,0.14525656765469577,8.132384163412086,False
vector_thrust,cruise_32,95.58738660907126,93.50194704405871,0.14525656765469577,8.13868180289697,False
vector_thrust,cruise_33,95.58738660907126,93.50194704405871,0.14525656765469577,8.13868180289697,False
vector_thrust,cruise_33,95.58738660907126,93.50194704405871,0.14525656765469577,8.144979353573973,False
vector_thrust,cruise_33,95.58738660907126,93.50194704405871,0.14525656765469577,8.162624698459009,False
vector_thrust,cruise_33,95.58738660907126,93.50194704405871,0.14525656765469577,8.188122960591645,False
vector_thrust,cruise_33,95.58738660907126,93.50194704405871,0.14525656765469577,8.216423896440848,False
vector_thrust,cruise_33,95.58738660907126,93.50194704405871,0.14525656765469577,8.241922158573482,False
vector_thrust,cruise_33,95.58738660907126,93.50194704405871,0.14525656765469577,8.259567503458518,False
vector_thrust,cruise_33,95.58738660907126,93.50194704405871,0.14525656765469577,8.26586505413552,False
vector_thrust,cruise_34,95.58738660907126,93.50194704405871,0.14525656765469577,8.26586505413552,False
vector_thrust,cruise_34,95.58738660907126,93.50194704405871,0.14525656765469577,8.27213604425018,False
vector_thrust,cruise_34,95.58738660907126,93.50194704405871,0.14525656765469577,8.289706968093302,False
vector_thrust,cruise_34,95.58738660907126,93.50194704405871,0.14525656765469577,8.315097688704519,False
vector_thrust,cruise_34,95.58738660907126,93.50194704405871,0.14525656765469577,8.343279262470025,False
vector_thrust,cruise_34,95.58738660907126,93.50194704405871,0.14525656765469577,8.36866998308124,False
vector_thrust,cruise_34,95.58738660907126,93.50194704405871,0.14525656765469577,8.386240906924362,False
vector_thrust,cruise_34,95.58738660907126,93.50194704405871,0.14525656765469577,8.392511897039022,False
vector_thrust,cruise_35,95.58738660907126,93.50194704405871,0.14525656765469577,8.392511897039022,False
vector_thrust,cruise_35,95.58738660907126,93.50194704405871,0.14525656765469577,8.39882563723466,False
vector_thrust,cruise_35,95.58738660907126,93.50194704405871,0.14525656765469577,8.416516344142888,False
vector_thrust,cruise_35,95.58738660907126,93.50194704405871,0.14525656765469577,8.44208015629825,False
vector_thrust,cruise_35,95.58738660907126,93.50194704405871,0.14525656765469577,8.47045384718379,False
vector_thrust,cruise_35,95.58738660907126,93.50194704405871,0.14525656765469577,8.49601765933915,False
vector_thrust,cruise_35,95.58738660907126,93.50194704405871,0.14525656765469577,8.513708366247378,False
vector_thrust,cruise_35,95.58738660907126,93.50194704405871,0.14525656765469577,8.520022106443017,False
vector_thrust,cruise_36,95.58738660907126,93.50194704405871,0.14525656765469577,8.520022106443017,False
vector_thrust,cruise_36,95.58738660907126,93.50194704405871,0.14525656765469577,8.526294403575545,False
vector_thrust,cruise_36,95.58738660907126,93.50194704405871,0.14525656765469577,8.543868989601352,False
vector_thrust,cruise_36,95.58738660907126,93.50194704405871,0.14525656765469577,8.569265002219876,False
vector_thrust,cruise_36,95.58738660907126,93.50194704405871,0.14525656765469577,8.59745244967036,False
vector_thrust,cruise_36,95.58738660907126,93.50194704405871,0.14525656765469577,8.622848462288884,False
vector_thrust,cruise_36,95.58738660907126,93.50194704405871,0.14525656765469577,8.640423048314691,False
vector_thrust,cruise_36,95.58738660907126,93.50194704405871,0.14525656765469577,8.646695345447219,False
vector_thrust,cruise_37,95.58738660907126,93.50194704405871,0.14525656765469577,8.646695345447219,False
vector_thrust,cruise_37,95.58738660907126,93.50194704405871,0.14525656765469577,8.653031842529609,False
vector_thrust,cruise_37,95.58738660907126,93.50194704405871,0.14525656765469577,8.67078631281758,False
vector_thrust,cruise_37,95.58738660907126,93.50194704405871,0.14525656765469577,8.696442265726308,False
vector_thrust,cruise_37,95.58738660907126,93.50194704405871,0.14525656765469577,8.724918225132605,False
vector_thrust,cruise_37,95.58738660907126,93.50194704405871,0.14525656765469577,8.750574178041333,False
vector_thrust,cruise_37,95.58738660907126,93.50194704405871,0.14525656765469577,8.768328648329305,False
vector_thrust,cruise_37,95.58738660907126,93.50194704405871,0.14525656765469577,8.774665145411696,False
vector_thrust,cruise_38,95.58738660907126,93.50194704405871,0.14525656765469577,8.774665145411696,False
vector_thrust,cruise_38,95.58738660907126,93.50194704405871,0.14525656765469577,8.780917794784745,False
vector_thrust,cruise_38,95.58738660907126,93.50194704405871,0.14525656765469577,8.798437329011843,False
vector_thrust,cruise_38,95.58738660907126,93.50194704405871,0.14525656765469577,8.823753789476328,False
vector_thrust,cruise_38,95.58738660907126,93.50194704405871,0.14525656765469577,8.851852940697198,False
vector_thrust,cruise_38,95.58738660907126,93.50194704405871,0.14525656765469577,8.877169401161684,False
vector_thrust,cruise_38,95.58738660907126,93.50194704405871,0.14525656765469577,8.894688935388782,False
vector_thrust,cruise_38,95.58738660907126,93.50194704405871,0.14525656765469577,8.900941584761828,False
vector_thrust,cruise_39,95.58738660907126,93.50194704405871,0.14525656765469577,8.900941584761828,False
vector_thrust,cruise_39,95.58738660907126,93.50194704405871,0.14525656765469577,8.90733252784915,False
vector_thrust,cruise_39,95.58738660907126,93.50194704405871,0.14525656765469577,8.925239552452897,False
vector_thrust,cruise_39,95.58738660907126,93.50194704405871,0.14525656765469577,8.951115952735053,False
vector_thrust,cruise_39,95.58738660907126,93.50194704405871,0.14525656765469577,8.979836590266512,False
vector_thrust,cruise_39,95.58738660907126,93.50194704405871,0.14525656765469577,9.005712990548668,False
vector_thrust,cruise_39,95.58738660907126,93.50194704405871,0.14525656765469577,9.023620015152416,False
vector_thrust,cruise_39,95.58738660907126,93.50194704405871,0.14525656765469577,9.030010958239737,False
vector_thrust,cruise_40,95.58738660907126,93.50194704405871,0.14525656765469577,9.030010958239737,False
vector_thrust,cruise_40,95.58738660907126,93.50194704405871,0.14525656765469577,9.036052087175438,False
vector_thrust,cruise_40,95.58738660907126,93.50194704405871,0.14525656765469577,9.052978954307237,False
vector_thrust,cruise_40,95.58738660907126,93.50194704405871,0.14525656765469577,9.077438986005284,False
vector_thrust,cruise_40,95.58738660907126,93.50194704405871,0.14525656765469577,9.104587573009173,False
vector_thrust,cruise_40,95.58738660907126,93.50194704405871,0.14525656765469577,9.129047604707216,False
vector_thrust,cruise_40,95.58738660907126,93.50194704405871,0.14525656765469577,9.145974471839017,False
vector_thrust,cruise_40,95.58738660907126,93.50194704405871,0.14525656765469577,9.152015600774716,False
vector_thrust,cruise_41,95.58738660907126,93.50194704405871,0.14525656765469577,9.152015600774716,False
vector_thrust,cruise_41,95.58738660907126,93.50194704405871,0.14525656765469577,9.158346020872882,False
vector_thrust,cruise_41,95.58738660907126,93.50194704405871,0.14525656765469577,9.176083463829436,False
vector_thrust,cruise_41,95.58738660907126,93.50194704405871,0.14525656765469577,9.201714811531367,False
vector_thrust,cruise_41,95.58738660907126,93.50194704405871,0.14525656765469577,9.230163461218458,False
vector_thrust,cruise_41,95.58738660907126,93.50194704405871,0.14525656765469577,9.25579480892039,False
vector_thrust,cruise_41,95.58738660907126,93.50194704405871,0.14525656765469577,9.273532251876942,False
vector_thrust,cruise_41,95.58738660907126,93.50194704405871,0.14525656765469577,9.27986267197511,False
vector_thrust,cruise_42,95.58738660907126,93.50194704405871,0.14525656765469577,9.27986267197511,False
vector_thrust,cruise_42,95.58738660907126,93.50194704405871,0.14525656765469577,9.28615831767434,False
vector_thrust,cruise_42,95.58738660907126,93.50194704405871,0.14525656765469577,9.303798324930275,False
vector_thrust,cruise_42,95.58738660907126,93.50194704405871,0.14525656765469577,9.329288873965382,False
vector_thrust,cruise_42,95.58738660907126,93.50194704405871,0.14525656765469577,9.357581248922191,False
vector_thrust,cruise_42,95.58738660907126,93.50194704405871,0.14525656765469577,9.383071797957298,False
vector_thrust,cruise_42,95.58738660907126,93.50194704405871,0.14525656765469577,9.400711805213232,False
vector_thrust,cruise_42,95.58738660907126,93.50194704405871,0.14525656765469577,9.407007450912463,False
vector_thrust,cruise_43,95.58738660907126,93.50194704405871,0.14525656765469577,9.407007450912463,False
vector_thrust,cruise_43,95.58738660907126,93.50194704405871,0.14525656765469577,9.413302994379572,False
vector_thrust,cruise_43,95.58738660907126,93.50194704405871,0.14525656765469577,9.430942715187465,False
vector_thrust,cruise_43,95.58738660907126,93.50194704405871,0.14525656765469577,9.45643285029316,False
vector_thrust,cruise_43,95.58738660907126,93.50194704405871,0.14525656765469577,9.484724765822984,False
vector_thrust,cruise_43,95.58738660907126,93.50194704405871,0.14525656765469577,9.510214900928677,False
vector_thrust,cruise_43,95.58738660907126,93.50194704405871,0.14525656765469577,9.52785462173657,False
vector_thrust,cruise_43,95.58738660907126,93.50194704405871,0.14525656765469577,9.534150165203679,False
vector_thrust,cruise_44,95.58738660907126,93.50194704405871,0.14525656765469577,9.534150165203679,False
vector_thrust,cruise_44,95.58738660907126,93.50194704405871,0.14525656765469577,9.54052665128819,False
vector_thrust,cruise_44,95.58738660907126,93.50194704405871,0.14525656765469577,9.558393168270214,False
vector_thrust,cruise_44,95.58738660907126,93.50194704405871,0.14525656765469577,9.58421103334301,False
vector_thrust,cruise_44,95.58738660907126,93.50194704405871,0.14525656765469577,9.612866701693576,False
vector_thrust,cruise_44,95.58738660907126,93.50194704405871,0.14525656765469577,9.638684566766376,False
vector_thrust,cruise_44,95.58738660907126,93.50194704405871,0.14525656765469577,9.656551083748397,False
vector_thrust,cruise_44,95.58738660907126,93.50194704405871,0.14525656765469577,9.662927569832908,False
vector_thrust,cruise_45,95.58738660907126,93.50194704405871,0.14525656765469577,9.662927569832908,False
vector_thrust,cruise_45,95.58738660907126,93.50194704405871,0.14525656765469577,9.66916879683428,False
vector_thrust,cruise_45,95.58738660907126,93.50194704405871,0.14525656765469577,9.686656326287144,False
vector_thrust,cruise_45,95.58738660907126,93.50194704405871,0.14525656765469577,9.711926538512893,False
vector_thrust,cruise_45,95.58738660907126,93.50194704405871,0.14525656765469577,9.739974358061396,False
vector_thrust,cruise_45,95.58738660907126,93.50194704405871,0.14525656765469577,9.765244570287143,False
vector_thrust,cruise_45,95.58738660907126,93.50194704405871,0.14525656765469577,9.782732099740008,False
vector_thrust,cruise_45,95.58738660907126,93.50194704405871,0.14525656765469577,9.78897332674138,False
vector_thrust,cruise_46,95.58738660907126,93.50194704405871,0.14525656765469577,9.78897332674138,False
vector_thrust,cruise_46,95.58738660907126,93.50194704405871,0.14525656765469577,9.79526772474402,False
vector_thrust,cruise_46,95.58738660907126,93.50194704405871,0.14525656765469577,9.812904236031795,False
vector_thrust,cruise_46,95.58738660907126,93.50194704405871,0.14525656765469577,9.838389733246546,False
vector_thrust,cruise_46,95.58738660907126,93.50194704405871,0.14525656765469577,9.866676501105776,False
vector_thrust,cruise_46,95.58738660907126,93.50194704405871,0.14525656765469577,9.892161998320523,False
vector_thrust,cruise_46,95.58738660907126,93.50194704405871,0.14525656765469577,9.909798509608297,False
vector_thrust,cruise_46,95.58738660907126,93.50194704405871,0.14525656765469577,9.916092907610938,False
vector_thrust,cruise_47,95.58738660907126,93.50194704405871,0.14525656765469577,9.916092907610938,False
vector_thrust,cruise_47,95.58738660907126,93.50194704405871,0.14525656765469577,9.922394615030043,False
vector_thrust,cruise_47,95.58738660907126,93.50194704405871,0.14525656765469577,9.940051606847636,False
vector_thrust,cruise_47,95.58738660907126,93.50194704405871,0.14525656765469577,9.965566699285446,False
vector_thrust,cruise_47,95.58738660907126,93.50194704405871,0.14525656765469577,9.993886315364094,False
vector_thrust,cruise_47,95.58738660907126,93.50194704405871,0.14525656765469577,10.019401407801904,False
vector_thrust,cruise_47,95.58738660907126,93.50194704405871,0.14525656765469577,10.037058399619497,False
vector_thrust,cruise_47,95.58738660907126,93.50194704405871,0.14525656765469577,10.043360107038602,False
vector_thrust,cruise_48,95.58738660907126,93.50194704405871,0.14525656765469577,10.043360107038602,False
vector_thrust,cruise_48,95.58738660907126,93.50194704405871,0.14525656765469577,10.049668929345179,False
vector_thrust,cruise_48,95.58738660907126,93.50194704405871,0.14525656765469577,10.06734585663446,False
vector_thrust,cruise_48,95.58738660907126,93.50194704405871,0.14525656765469577,10.092889756663523,False
vector_thrust,cruise_48,95.58738660907126,93.50194704405871,0.14525656765469577,10.121241346756232,False
vector_thrust,cruise_48,95.58738660907126,93.50194704405871,0.14525656765469577,10.146785246785296,False
vector_thrust,cruise_48,95.58738660907126,93.50194704405871,0.14525656765469577,10.164462174074579,False
vector_thrust,cruise_48,95.58738660907126,93.50194704405871,0.14525656765469577,10.170770996381155,False
vector_thrust,cruise_49,95.58738660907126,93.50194704405871,0.14525656765469577,10.170770996381155,False
vector_thrust,cruise_49,95.58738660907126,93.50194704405871,0.14525656765469577,10.177063528976722,False
vector_thrust,cruise_49,95.58738660907126,93.50194704405871,0.14525656765469577,10.194694813510026,False
vector_thrust,cruise_49,95.58738660907126,93.50194704405871,0.14525656765469577,10.220172757845729,False
vector_thrust,cruise_49,95.58738660907126,93.50194704405871,0.14525656765469577,10.248451142641667,False
vector_thrust,cruise_49,95.58738660907126,93.50194704405871,0.14525656765469577,10.27392908697737,False
vector_thrust,cruise_49,95.58738660907126,93.50194704405871,0.14525656765469577,10.291560371510673,False
vector_thrust,cruise_49,95.58738660907126,93.50194704405871,0.14525656765469577,10.29785290410624,False
vector_thrust,cruise_50,95.58738660907126,93.50194704405871,0.14525656765469577,10.29785290410624,False
vector_thrust,cruise_50,95.58738660907126,93.50194704405871,0.14525656765469577,10.304145891561205,False
vector_thrust,cruise_50,95.58738660907126,93.50194704405871,0.14525656765469577,10.321778450582224,False
vector_thrust,cruise_50,95.58738660907126,93.50194704405871,0.14525656765469577,10.347258236606033,False
vector_thrust,cruise_50,95.58738660907126,93.50194704405871,0.14525656765469577,10.375538665521553,False
vector_thrust,cruise_50,95.58738660907126,93.50194704405871,0.14525656765469577,10.401018451545362,False
vector_thrust,cruise_50,95.58738660907126,93.50194704405871,0.14525656765469577,10.418651010566379,False
vector_thrust,cruise_50,95.58738660907126,93.50194704405871,0.14525656765469577,10.424943998021346,False
vector_thrust,cruise_51,95.58738660907126,93.50194704405871,0.14525656765469577,10.424943998021346,False
vector_thrust,cruise_51,95.58738660907126,93.50194704405871,0.14525656765469577,10.43123686406322,False
vector_thrust,cruise_51,95.58738660907126,93.50194704405871,0.14525656765469577,10.44886908289231,False
vector_thrust,cruise_51,95.58738660907126,93.50194704405871,0.14525656765469577,10.474348377324544,False
vector_thrust,cruise_51,95.58738660907126,93.50194704405871,0.14525656765469577,10.502628260614578,False
vector_thrust,cruise_51,95.58738660907126,93.50194704405871,0.14525656765469577,10.52810755504681,False
vector_thrust,cruise_51,95.58738660907126,93.50194704405871,0.14525656765469577,10.545739773875901,False
vector_thrust,cruise_51,95.58738660907126,93.50194704405871,0.14525656765469577,10.552032639917774,False
vector_thrust,cruise_52,95.58738660907126,93.50194704405871,0.14525656765469577,10.552032639917774,False
vector_thrust,cruise_52,95.58738660907126,93.50194704405871,0.14525656765469577,10.55832538173795,False
vector_thrust,cruise_52,95.58738660907126,93.50194704405871,0.14525656765469577,10.575957252505578,False
vector_thrust,cruise_52,95.58738660907126,93.50194704405871,0.14525656765469577,10.601436043974424,False
vector_thrust,cruise_52,95.58738660907126,93.50194704405871,0.14525656765469577,10.629715369017214,False
vector_thrust,cruise_52,95.58738660907126,93.50194704405871,0.14525656765469577,10.65519416048606,False
vector_thrust,cruise_52,95.58738660907126,93.50194704405871,0.14525656765469577,10.672826031253688,False
vector_thrust,cruise_52,95.58738660907126,93.50194704405871,0.14525656765469577,10.679118773073863,False
vector_thrust,cruise_53,95.58738660907126,93.50194704405871,0.14525656765469577,10.679118773073863,False
vector_thrust,cruise_53,95.58738660907126,93.50194704405871,0.14525656765469577,10.685411387732689,False
vector_thrust,cruise_53,95.58738660907126,93.50194704405871,0.14525656765469577,10.70304290220213,False
vector_thrust,cruise_53,95.58738660907126,93.50194704405871,0.14525656765469577,10.728521178805181,False
vector_thrust,cruise_53,95.58738660907126,93.50194704405871,0.14525656765469577,10.75679993239005,False
vector_thrust,cruise_53,95.58738660907126,93.50194704405871,0.14525656765469577,10.782278208993102,False
vector_thrust,cruise_53,95.58738660907126,93.50194704405871,0.14525656765469577,10.799909723462545,False
vector_thrust,cruise_53,95.58738660907126,93.50194704405871,0.14525656765469577,10.80620233812137,False
vector_thrust,cruise_54,95.58738660907126,93.50194704405871,0.14525656765469577,10.80620233812137,False
vector_thrust,cruise_54,95.58738660907126,93.50194704405871,0.14525656765469577,10.8124948225388,False
vector_thrust,cruise_54,95.58738660907126,93.50194704405871,0.14525656765469577,10.830125972079964,False
vector_thrust,cruise_54,95.58738660907126,93.50194704405871,0.14525656765469577,10.855603721346373,False
vector_thrust,cruise_54,95.58738660907126,93.50194704405871,0.14525656765469577,10.883881889631729,False
vector_thrust,cruise_54,95.58738660907126,93.50194704405871,0.14525656765469577,10.90935963889814,False
vector_thrust,cruise_54,95.58738660907126,93.50194704405871,0.14525656765469577,10.926990788439303,False
vector_thrust,cruise_54,95.58738660907126,93.50194704405871,0.14525656765469577,10.933283272856734,False
vector_thrust,cruise_55,95.58738660907126,93.50194704405871,0.14525656765469577,10.933283272856734,False
vector_thrust,cruise_55,95.58738660907126,93.50194704405871,0.14525656765469577,10.939575623802082,False
vector_thrust,cruise_55,95.58738660907126,93.50194704405871,0.14525656765469577,10.957206399362773,False
vector_thrust,cruise_55,95.58738660907126,93.50194704405871,0.14525656765469577,10.982683608211746,False
vector_thrust,cruise_55,95.58738660907126,93.50194704405871,0.14525656765469577,11.010961176678997,False
vector_thrust,cruise_55,95.58738660907126,93.50194704405871,0.14525656765469577,11.036438385527969,False
vector_thrust,cruise_55,95.58738660907126,93.50194704405871,0.14525656765469577,11.054069161088663,False
vector_thrust,cruise_55,95.58738660907126,93.50194704405871,0.14525656765469577,11.060361512034008,False
vector_thrust,cruise_56,95.58738660907126,93.50194704405871,0.14525656765469577,11.060361512034008,False
vector_thrust,cruise_56,95.58738660907126,93.50194704405871,0.14525656765469577,11.06665372611466,False
vector_thrust,cruise_56,95.58738660907126,93.50194704405871,0.14525656765469577,11.084284118189,False
vector_thrust,cruise_56,95.58738660907126,93.50194704405871,0.14525656765469577,11.109760772884137,False
vector_thrust,cruise_56,95.58738660907126,93.50194704405871,0.14525656765469577,11.138037726287033,False
vector_thrust,cruise_56,95.58738660907126,93.50194704405871,0.14525656765469577,11.163514380982171,False
vector_thrust,cruise_56,95.58738660907126,93.50194704405871,0.14525656765469577,11.18114477305651,False
vector_thrust,cruise_56,95.58738660907126,93.50194704405871,0.14525656765469577,11.187436987137161,False
vector_thrust,cruise_57,95.58738660907126,93.50194704405871,0.14525656765469577,11.187436987137161,False
vector_thrust,cruise_57,95.58738660907126,93.50194704405871,0.14525656765469577,11.193729060786163,False
vector_thrust,cruise_57,95.58738660907126,93.50194704405871,0.14525656765469577,11.211359059379765,False
vector_thrust,cruise_57,95.58738660907126,93.50194704405871,0.14525656765469577,11.236835145478757,False
vector_thrust,cruise_57,95.58738660907126,93.50194704405871,0.14525656765469577,11.265111467787547,False
vector_thrust,cruise_57,95.58738660907126,93.50194704405871,0.14525656765469577,11.290587553886542,False
vector_thrust,cruise_57,95.58738660907126,93.50194704405871,0.14525656765469577,11.30821755248014,False
vector_thrust,cruise_57,95.58738660907126,93.50194704405871,0.14525656765469577,11.314509626129142,False
vector_thrust,cruise_58,95.58738660907126,93.50194704405871,0.14525656765469577,11.314509626129142,False
vector_thrust,cruise_58,95.58738660907126,93.50194704405871,0.14525656765469577,11.320801555591466,False
vector_thrust,cruise_58,95.58738660907126,93.50194704405871,0.14525656765469577,11.338431150182974,False
vector_thrust,cruise_58,95.58738660907126,93.50194704405871,0.14525656765469577,11.36390665248203,False
vector_thrust,cruise_58,95.58738660907126,93.50194704405871,0.14525656765469577,11.39218232682177,False
vector_thrust,cruise_58,95.58738660907126,93.50194704405871,0.14525656765469577,11.417657829120825,False
vector_thrust,cruise_58,95.58738660907126,93.50194704405871,0.14525656765469577,11.435287423712333,False
vector_thrust,cruise_58,95.58738660907126,93.50194704405871,0.14525656765469577,11.441579353174657,False
vector_thrust,cruise_59,95.58738660907126,93.50194704405871,0.14525656765469577,11.441579353174657,False
vector_thrust,cruise_59,95.58738660907126,93.50194704405871,0.14525656765469577,11.447871134492,False
vector_thrust,cruise_59,95.58738660907126,93.50194704405871,0.14525656765469577,11.465500313990496,False
vector_thrust,cruise_59,95.58738660907126,93.50194704405871,0.14525656765469577,11.49097521646277,False
vector_thrust,cruise_59,95.58738660907126,93.50194704405871,0.14525656765469577,11.519250225045013,False
vector_thrust,cruise_59,95.58738660907126,93.50194704405871,0.14525656765469577,11.544725127517289,False
vector_thrust,cruise_59,95.58738660907126,93.50194704405871,0.14525656765469577,11.562354307015786,False
vector_thrust,cruise_59,95.58738660907126,93.50194704405871,0.14525656765469577,11.568646088333129,False
vector_thrust,cruise_60,95.58738660907126,93.50194704405871,0.14525656765469577,11.568646088333129,False
vector_thrust,cruise_60,95.58738660907126,93.50194704405871,0.14525656765469577,11.57493771732703,False
vector_thrust,cruise_60,95.58738660907126,93.50194704405871,0.14525656765469577,11.592566470024728,False
vector_thrust,cruise_60,95.58738660907126,93.50194704405871,0.14525656765469577,11.618040755751977,False
vector_thrust,cruise_60,95.58738660907126,93.50194704405871,0.14525656765469577,11.646315079798887,False
vector_thrust,cruise_60,95.58738660907126,93.50194704405871,0.14525656765469577,11.671789365526138,False
vector_thrust,cruise_60,95.58738660907126,93.50194704405871,0.14525656765469577,11.689418118223836,False
vector_thrust,cruise_60,95.58738660907126,93.50194704405871,0.14525656765469577,11.695709747217736,False
vector_thrust,cruise_61,95.58738660907126,93.50194704405871,0.14525656765469577,11.695709747217736,False
vector_thrust,cruise_61,95.58738660907126,93.50194704405871,0.14525656765469577,11.702001219470773,False
vector_thrust,cruise_61,95.58738660907126,93.50194704405871,0.14525656765469577,11.719629532990334,False
vector_thrust,cruise_61,95.58738660907126,93.50194704405871,0.14525656765469577,11.745103184086789,False
vector_thrust,cruise_61,95.58738660907126,93.50194704405871,0.14525656765469577,11.773376803746658,False
vector_thrust,cruise_61,95.58738660907126,93.50194704405871,0.14525656765469577,11.798850454843112,False
vector_thrust,cruise_61,95.58738660907126,93.50194704405871,0.14525656765469577,11.816478768362671,False
vector_thrust,cruise_61,95.58738660907126,93.50194704405871,0.14525656765469577,11.82277024061571,False
vector_thrust,cruise_62,95.58738660907126,93.50194704405871,0.14525656765469577,11.82277024061571,False
vector_thrust,cruise_62,95.58738660907126,93.50194704405871,0.14525656765469577,11.828702411066704,False
vector_thrust,cruise_62,95.58738660907126,93.50194704405871,0.14525656765469577,11.84532398330857,False
vector_thrust,cruise_62,95.58738660907126,93.50194704405871,0.14525656765469577,11.869342851108598,False
vector_thrust,cruise_62,95.58738660907126,93.50194704405871,0.14525656765469577,11.896001783126914,False
vector_thrust,cruise_62,95.58738660907126,93.50194704405871,0.14525656765469577,11.920020650926944,False
vector_thrust,cruise_62,95.58738660907126,93.50194704405871,0.14525656765469577,11.936642223168809,False
vector_thrust,cruise_62,95.58738660907126,93.50194704405871,0.14525656765469577,11.942574393619802,False
vector_thrust,cruise_63,95.58738660907126,93.50194704405871,0.14525656765469577,11.942574393619802,False
vector_thrust,cruise_63,95.58738660907126,93.50194704405871,0.14525656765469577,11.948506563399745,False
vector_thrust,cruise_63,95.58738660907126,93.50194704405871,0.14525656765469577,11.965128133761366,False
vector_thrust,cruise_63,95.58738660907126,93.50194704405871,0.14525656765469577,11.989146998844367,False
vector_thrust,cruise_63,95.58738660907126,93.50194704405871,0.14525656765469577,12.015805927847005,False
vector_thrust,cruise_63,95.58738660907126,93.50194704405871,0.14525656765469577,12.039824792930004,False
vector_thrust,cruise_63,95.58738660907126,93.50194704405871,0.14525656765469577,12.056446363291625,False
vector_thrust,cruise_63,95.58738660907126,93.50194704405871,0.14525656765469577,12.06237853307157,False
vector_thrust,cruise_64,95.58738660907126,93.50194704405871,0.14525656765469577,12.06237853307157,False
vector_thrust,cruise_64,95.58738660907126,93.50194704405871,0.14525656765469577,12.068310702162819,False
vector_thrust,cruise_64,95.58738660907126,93.50194704405871,0.14525656765469577,12.084932270594763,False
vector_thrust,cruise_64,95.58738660907126,93.50194704405871,0.14525656765469577,12.1089511328893,False
vector_thrust,cruise_64,95.58738660907126,93.50194704405871,0.14525656765469577,12.135610058796981,False
vector_thrust,cruise_64,95.58738660907126,93.50194704405871,0.14525656765469577,12.15962892109152,False
vector_thrust,cruise_64,95.58738660907126,93.50194704405871,0.14525656765469577,12.176250489523463,False
vector_thrust,cruise_64,95.58738660907126,93.50194704405871,0.14525656765469577,12.182182658614714,False
vector_thrust,cruise_65,95.58738660907126,93.50194704405871,0.14525656765469577,12.182182658614714,False
vector_thrust,cruise_65,95.58738660907126,93.50194704405871,0.14525656765469577,12.188114826998623,False
vector_thrust,cruise_65,95.58738660907126,93.50194704405871,0.14525656765469577,12.204736393448647,False
vector_thrust,cruise_65,95.58738660907126,93.50194704405871,0.14525656765469577,12.228755252879221,False
vector_thrust,cruise_65,95.58738660907126,93.50194704405871,0.14525656765469577,12.255414175608145,False
vector_thrust,cruise_65,95.58738660907126,93.50194704405871,0.14525656765469577,12.279433035038721,False
vector_thrust,cruise_65,95.58738660907126,93.50194704405871,0.14525656765469577,12.296054601488745,False
vector_thrust,cruise_65,95.58738660907126,93.50194704405871,0.14525656765469577,12.301986769872654,False
vector_thrust,cruise_66,95.58738660907126,93.50194704405871,0.14525656765469577,12.301986769872654,False
vector_thrust,cruise_66,95.58738660907126,93.50194704405871,0.14525656765469577,12.307918937529482,False
vector_thrust,cruise_66,95.58738660907126,93.50194704405871,0.14525656765469577,12.32454050194227,False
vector_thrust,cruise_66,95.58738660907126,93.50194704405871,0.14525656765469577,12.348559358428954,False
vector_thrust,cruise_66,95.58738660907126,93.50194704405871,0.14525656765469577,12.375218277890404,False
vector_thrust,cruise_66,95.58738660907126,93.50194704405871,0.14525656765469577,12.399237134377087,False
vector_thrust,cruise_66,95.58738660907126,93.50194704405871,0.14525656765469577,12.415858698789874,False
vector_thrust,cruise_66,95.58738660907126,93.50194704405871,0.14525656765469577,12.421790866446704,False
vector_thrust,cruise_67,95.58738660907126,93.50194704405871,0.14525656765469577,12.421790866446704,False
vector_thrust,cruise_67,95.58738660907126,93.50194704405871,0.14525656765469577,12.427723033355512,False
vector_thrust,cruise_67,95.58738660907126,93.50194704405871,0.14525656765469577,12.444344595672401,False
vector_thrust,cruise_67,95.58738660907126,93.50194704405871,0.14525656765469577,12.468363449130422,False
vector_thrust,cruise_67,95.58738660907126,93.50194704405871,0.14525656765469577,12.495022365230312,False
vector_thrust,cruise_67,95.58738660907126,93.50194704405871,0.14525656765469577,12.519041218688333,False
vector_thrust,cruise_67,95.58738660907126,93.50194704405871,0.14525656765469577,12.535662781005222,False
vector_thrust,cruise_67,95.58738660907126,93.50194704405871,0.14525656765469577,12.541594947914032,False
vector_thrust,cruise_68,95.58738660907126,93.50194704405871,0.14525656765469577,12.541594947914032,False
vector_thrust,cruise_68,95.58738660907126,93.50194704405871,0.14525656765469577,12.547527114052578,False
vector_thrust,cruise_68,95.58738660907126,93.50194704405871,0.14525656765469577,12.564148674211232,False
vector_thrust,cruise_68,95.58738660907126,93.50194704405871,0.14525656765469577,12.588167524550519,False
vector_thrust,cruise_68,95.58738660907126,93.50194704405871,0.14525656765469577,12.61482643718887,False
vector_thrust,cruise_68,95.58738660907126,93.50194704405871,0.14525656765469577,12.63884528752816,False
vector_thrust,cruise_68,95.58738660907126,93.50194704405871,0.14525656765469577,12.655466847686814,False
vector_thrust,cruise_68,95.58738660907126,93.50194704405871,0.14525656765469577,12.66139901382536,False
vector_thrust,cruise_69,95.58738660907126,93.50194704405871,0.14525656765469577,12.66139901382536,False
vector_thrust,cruise_69,95.58738660907126,93.50194704405871,0.14525656765469577,12.667331179169958,False
vector_thrust,cruise_69,95.58738660907126,93.50194704405871,0.14525656765469577,12.683952737104017,False
vector_thrust,cruise_69,95.58738660907126,93.50194704405871,0.14525656765469577,12.707971584228668,False
vector_thrust,cruise_69,95.58738660907126,93.50194704405871,0.14525656765469577,12.734630493299047,False
vector_thrust,cruise_69,95.58738660907126,93.50194704405871,0.14525656765469577,12.758649340423698,False
vector_thrust,cruise_69,95.58738660907126,93.50194704405871,0.14525656765469577,12.775270898357759,False
vector_thrust,cruise_69,95.58738660907126,93.50194704405871,0.14525656765469577,12.781203063702355,False
vector_thrust,cruise_70,95.58738660907126,93.50194704405871,0.14525656765469577,12.781203063702355,False
vector_thrust,cruise_70,95.58738660907126,93.50194704405871,0.14525656765469577,12.787135228227733,False
vector_thrust,cruise_70,95.58738660907126,93.50194704405871,0.14525656765469577,12.80375678386639,False
vector_thrust,cruise_70,95.58738660907126,93.50194704405871,0.14525656765469577,12.827775627674093,False
vector_thrust,cruise_70,95.58738660907126,93.50194704405871,0.14525656765469577,12.85443453306293,False
vector_thrust,cruise_70,95.58738660907126,93.50194704405871,0.14525656765469577,12.878453376870631,False
vector_thrust,cruise_70,95.58738660907126,93.50194704405871,0.14525656765469577,12.89507493250929,False
vector_thrust,cruise_70,95.58738660907126,93.50194704405871,0.14525656765469577,12.901007097034668,False
vector_thrust,cruise_71,95.58738660907126,93.50194704405871,0.14525656765469577,12.901007097034668,False
vector_thrust,cruise_71,95.58738660907126,93.50194704405871,0.14525656765469577,12.906939260713804,False
vector_thrust,cruise_71,95.58738660907126,93.50194704405871,0.14525656765469577,12.923560813981341,False
vector_thrust,cruise_71,95.58738660907126,93.50194704405871,0.14525656765469577,12.947579654362675,False
vector_thrust,cruise_71,95.58738660907126,93.50194704405871,0.14525656765469577,12.974238555948533,False
vector_thrust,cruise_71,95.58738660907126,93.50194704405871,0.14525656765469577,12.998257396329867,False
vector_thrust,cruise_71,95.58738660907126,93.50194704405871,0.14525656765469577,13.014878949597405,False
vector_thrust,cruise_71,95.58738660907126,93.50194704405871,0.14525656765469577,13.020811113276539,False
vector_thrust,cruise_72,95.58738660907126,93.50194704405871,0.14525656765469577,13.020811113276539,False
vector_thrust,cruise_72,95.58738660907126,93.50194704405871,0.14525656765469577,13.026743276080461,False
vector_thrust,cruise_72,95.58738660907126,93.50194704405871,0.14525656765469577,13.043364826895711,False
vector_thrust,cruise_72,95.58738660907126,93.50194704405871,0.14525656765469577,13.067383663733384,False
vector_thrust,cruise_72,95.58738660907126,93.50194704405871,0.14525656765469577,13.094042561386075,False
vector_thrust,cruise_72,95.58738660907126,93.50194704405871,0.14525656765469577,13.118061398223748,False
vector_thrust,cruise_72,95.58738660907126,93.50194704405871,0.14525656765469577,13.134682949038998,False
vector_thrust,cruise_72,95.58738660907126,93.50194704405871,0.14525656765469577,13.140615111842921,False
vector_thrust,cruise_73,95.58738660907126,93.50194704405871,0.14525656765469577,13.140615111842921,False
vector_thrust,cruise_73,95.58738660907126,93.50194704405871,0.14525656765469577,13.146547273740495,False
vector_thrust,cruise_73,95.58738660907126,93.50194704405871,0.14525656765469577,13.163168822016214,False
vector_thrust,cruise_73,95.58738660907126,93.50194704405871,0.14525656765469577,13.187187655184156,False
vector_thrust,cruise_73,95.58738660907126,93.50194704405871,0.14525656765469577,13.213846548763755,False
vector_thrust,cruise_73,95.58738660907126,93.50194704405871,0.14525656765469577,13.237865381931698,False
vector_thrust,cruise_73,95.58738660907126,93.50194704405871,0.14525656765469577,13.254486930207415,False
vector_thrust,cruise_73,95.58738660907126,93.50194704405871,0.14525656765469577,13.260419092104991,False
vector_thrust,cruise_74,95.58738660907126,93.50194704405871,0.14525656765469577,13.260419092104991,False
vector_thrust,cruise_74,95.58738660907126,93.50194704405871,0.14525656765469577,13.266351253062656,False
vector_thrust,cruise_74,95.58738660907126,93.50194704405871,0.14525656765469577,13.282972798704805,False
vector_thrust,cruise_74,95.58738660907126,93.50194704405871,0.14525656765469577,13.30699162806713,False
vector_thrust,cruise_74,95.58738660907126,93.50194704405871,0.14525656765469577,13.333650517422816,False
vector_thrust,cruise_74,95.58738660907126,93.50194704405871,0.14525656765469577,13.357669346785142,False
vector_thrust,cruise_74,95.58738660907126,93.50194704405871,0.14525656765469577,13.374290892427291,False
vector_thrust,cruise_74,95.58738660907126,93.50194704405871,0.14525656765469577,13.380223053384956,False
vector_thrust,cruise_75,95.58738660907126,93.50194704405871,0.14525656765469577,13.380223053384956,False
vector_thrust,cruise_75,95.58738660907126,93.50194704405871,0.14525656765469577,13.386155213366424,False
vector_thrust,cruise_75,95.58738660907126,93.50194704405871,0.14525656765469577,13.402776756273335,False
vector_thrust,cruise_75,95.58738660907126,93.50194704405871,0.14525656765469577,13.426795581683123,False
vector_thrust,cruise_75,95.58738660907126,93.50194704405871,0.14525656765469577,13.453454466651825,False
vector_thrust,cruise_75,95.58738660907126,93.50194704405871,0.14525656765469577,13.477473292061614,False
vector_thrust,cruise_75,95.58738660907126,93.50194704405871,0.14525656765469577,13.494094834968523,False
vector_thrust,cruise_75,95.58738660907126,93.50194704405871,0.14525656765469577,13.500026994949993,False
vector_thrust,cruise_76,95.58738660907126,93.50194704405871,0.14525656765469577,13.500026994949993,False
vector_thrust,cruise_76,95.58738660907126,93.50194704405871,0.14525656765469577,13.505959153915903,False
vector_thrust,cruise_76,95.58738660907126,93.50194704405871,0.14525656765469577,13.522580693977277,False
vector_thrust,cruise_76,95.58738660907126,93.50194704405871,0.14525656765469577,13.546599515275151,False
vector_thrust,cruise_76,95.58738660907126,93.50194704405871,0.14525656765469577,13.57325839567997,False
vector_thrust,cruise_76,95.58738660907126,93.50194704405871,0.14525656765469577,13.597277216977842,False
vector_thrust,cruise_76,95.58738660907126,93.50194704405871,0.14525656765469577,13.613898757039218,False
vector_thrust,cruise_76,95.58738660907126,93.50194704405871,0.14525656765469577,13.619830916005128,False
vector_thrust,cruise_77,95.58738660907126,93.50194704405871,0.14525656765469577,13.619830916005128,False
vector_thrust,cruise_77,95.58738660907126,93.50194704405871,0.14525656765469577,13.625763073912621,False
vector_thrust,cruise_77,95.58738660907126,93.50194704405871,0.14525656765469577,13.64238461100838,False
vector_thrust,cruise_77,95.58738660907126,93.50194704405871,0.14525656765469577,13.666403428020812,False
vector_thrust,cruise_77,95.58738660907126,93.50194704405871,0.14525656765469577,13.69306230366915,False
vector_thrust,cruise_77,95.58738660907126,93.50194704405871,0.14525656765469577,13.717081120681584,False
vector_thrust,cruise_77,95.58738660907126,93.50194704405871,0.14525656765469577,13.733702657777343,False
vector_thrust,cruise_77,95.58738660907126,93.50194704405871,0.14525656765469577,13.739634815684836,False
vector_thrust,cruise_78,95.58738660907126,93.50194704405871,0.14525656765469577,13.739634815684836,False
vector_thrust,cruise_78,95.58738660907126,93.50194704405871,0.14525656765469577,13.745566972487067,False
vector_thrust,cruise_78,95.58738660907126,93.50194704405871,0.14525656765469577,13.762188506485948,False
vector_thrust,cruise_78,95.58738660907126,93.50194704405871,0.14525656765469577,13.786207319023262,False
vector_thrust,cruise_78,95.58738660907126,93.50194704405871,0.14525656765469577,13.812866189704593,False
vector_thrust,cruise_78,95.58738660907126,93.50194704405871,0.14525656765469577,13.83688500224191,False
vector_thrust,cruise_78,95.58738660907126,93.50194704405871,0.14525656765469577,13.853506536240792,False
vector_thrust,cruise_78,95.58738660907126,93.50194704405871,0.14525656765469577,13.859438693043021,False
vector_thrust,cruise_79,95.58738660907126,93.50194704405871,0.14525656765469577,13.859438693043021,False
vector_thrust,cruise_79,95.58738660907126,93.50194704405871,0.14525656765469577,13.865370848688556,False
vector_thrust,cruise_79,95.58738660907126,93.50194704405871,0.14525656765469577,13.881992379446455,False
vector_thrust,cruise_79,95.58738660907126,93.50194704405871,0.14525656765469577,13.906011187300413,False
vector_thrust,cruise_79,95.58738660907126,93.50194704405871,0.14525656765469577,13.93267005278361,False
vector_thrust,cruise_79,95.58738660907126,93.50194704405871,0.14525656765469577,13.956688860637568,False
vector_thrust,cruise_79,95.58738660907126,93.50194704405871,0.14525656765469577,13.973310391395467,False
vector_thrust,cruise_79,95.58738660907126,93.50194704405871,0.14525656765469577,13.979242547041002,False
vector_thrust,cruise_80,95.58738660907126,93.50194704405871,0.14525656765469577,13.979242547041002,False
vector_thrust,cruise_80,95.58738660907126,93.50194704405871,0.14525656765469577,13.98517470147311,False
vector_thrust,cruise_80,95.58738660907126,93.50194704405871,0.14525656765469577,14.001796228831049,False
vector_thrust,cruise_80,95.58738660907126,93.50194704405871,0.14525656765469577,14.025815031771927,False
vector_thrust,cruise_80,95.58738660907126,93.50194704405871,0.14525656765469577,14.052473891802018,False
vector_thrust,cruise_80,95.58738660907126,93.50194704405871,0.14525656765469577,14.076492694742898,False
vector_thrust,cruise_80,95.58738660907126,93.50194704405871,0.14525656765469577,14.093114222100839,False
vector_thrust,cruise_80,95.58738660907126,93.50194704405871,0.14525656765469577,14.099046376532945,False
vector_thrust,cruise_81,95.58738660907126,93.50194704405871,0.14525656765469577,14.099046376532945,False
vector_thrust,cruise_81,95.58738660907126,93.50194704405871,0.14525656765469577,14.104978529688696,False
vector_thrust,cruise_81,95.58738660907126,93.50194704405871,0.14525656765469577,14.12160005347037,False
vector_thrust,cruise_81,95.58738660907126,93.50194704405871,0.14525656765469577,14.145618851243395,False
vector_thrust,cruise_81,95.58738660907126,93.50194704405871,0.14525656765469577,14.1722777055376,False
vector_thrust,cruise_81,95.58738660907126,93.50194704405871,0.14525656765469577,14.196296503310625,False
vector_thrust,cruise_81,95.58738660907126,93.50194704405871,0.14525656765469577,14.212918027092298,False
vector_thrust,cruise_81,95.58738660907126,93.50194704405871,0.14525656765469577,14.218850180248051,False
vector_thrust,cruise_82,95.58738660907126,93.50194704405871,0.14525656765469577,14.218850180248051,False
vector_thrust,cruise_82,95.58738660907126,93.50194704405871,0.14525656765469577,14.224782332057245,False
vector_thrust,cruise_82,95.58738660907126,93.50194704405871,0.14525656765469577,14.24140385206595,False
vector_thrust,cruise_82,95.58738660907126,93.50194704405871,0.14525656765469577,14.265422644386872,False
vector_thrust,cruise_82,95.58738660907126,93.50194704405871,0.14525656765469577,14.292081492629702,False
vector_thrust,cruise_82,95.58738660907126,93.50194704405871,0.14525656765469577,14.316100284950624,False
vector_thrust,cruise_82,95.58738660907126,93.50194704405871,0.14525656765469577,14.332721804959329,False
vector_thrust,cruise_82,95.58738660907126,93.50194704405871,0.14525656765469577,14.338653956768523,False
vector_thrust,cruise_83,95.58738660907126,93.50194704405871,0.14525656765469577,14.338653956768523,False
vector_thrust,cruise_83,95.58738660907126,93.50194704405871,0.14525656765469577,14.34458610715231,False
vector_thrust,cruise_83,95.58738660907126,93.50194704405871,0.14525656765469577,14.361207623167113,False
vector_thrust,cruise_83,95.58738660907126,93.50194704405871,0.14525656765469577,14.385226409716685,False
vector_thrust,cruise_83,95.58738660907126,93.50194704405871,0.14525656765469577,14.411885251553796,False
vector_thrust,cruise_83,95.58738660907126,93.50194704405871,0.14525656765469577,14.435904038103367,False
vector_thrust,cruise_83,95.58738660907126,93.50194704405871,0.14525656765469577,14.45252555411817,False
vector_thrust,cruise_83,95.58738660907126,93.50194704405871,0.14525656765469577,14.458457704501958,False
vector_thrust,cruise_84,95.58738660907126,93.50194704405871,0.14525656765469577,14.458457704501958,False
vector_thrust,cruise_84,95.58738660907126,93.50194704405871,0.14525656765469577,14.46438985337111,False
vector_thrust,cruise_84,95.58738660907126,93.50194704405871,0.14525656765469577,14.481011365141997,False
vector_thrust,cruise_84,95.58738660907126,93.50194704405871,0.14525656765469577,14.505030145558933,False
vector_thrust,cruise_84,95.58738660907126,93.50194704405871,0.14525656765469577,14.531688980589333,False
vector_thrust,cruise_84,95.58738660907126,93.50194704405871,0.14525656765469577,14.55570776100627,False
vector_thrust,cruise_84,95.58738660907126,93.50194704405871,0.14525656765469577,14.572329272777157,False
vector_thrust,cruise_84,95.58738660907126,93.50194704405871,0.14525656765469577,14.57826142164631,False
vector_thrust,cruise_85,95.58738660907126,93.50194704405871,0.14525656765469577,14.57826142164631,False
vector_thrust,cruise_85,95.58738660907126,93.50194704405871,0.14525656765469577,14.584193568898977,False
vector_thrust,cruise_85,95.58738660907126,93.50194704405871,0.14525656765469577,14.600815076140579,False
vector_thrust,cruise_85,95.58738660907126,93.50194704405871,0.14525656765469577,14.624833850012505,False
vector_thrust,cruise_85,95.58738660907126,93.50194704405871,0.14525656765469577,14.651492677778494,False
vector_thrust,cruise_85,95.58738660907126,93.50194704405871,0.14525656765469577,14.67551145165042,False
vector_thrust,cruise_85,95.58738660907126,93.50194704405871,0.14525656765469577,14.692132958892023,False
vector_thrust,cruise_85,95.58738660907126,93.50194704405871,0.14525656765469577,14.698065106144691,False
vector_thrust,cruise_86,95.58738660907126,93.50194704405871,0.14525656765469577,14.698065106144691,False
vector_thrust,cruise_86,95.58738660907126,93.50194704405871,0.14525656765469577,14.703997251663468,False
vector_thrust,cruise_86,95.58738660907126,93.50194704405871,0.14525656765469577,14.720618754046823,False
vector_thrust,cruise_86,95.58738660907126,93.50194704405871,0.14525656765469577,14.744637520898378,False
vector_thrust,cruise_86,95.58738660907126,93.50194704405871,0.14525656765469577,14.771296340872338,False
vector_thrust,cruise_86,95.58738660907126,93.50194704405871,0.14525656765469577,14.795315107723892,False
vector_thrust,cruise_86,95.58738660907126,93.50194704405871,0.14525656765469577,14.811936610107246,False
vector_thrust,cruise_86,95.58738660907126,93.50194704405871,0.14525656765469577,14.817868755626025,False
vector_thrust,cruise_87,95.58738660907126,93.50194704405871,0.14525656765469577,14.817868755626025,False
vector_thrust,cruise_87,95.58738660907126,93.50194704405871,0.14525656765469577,14.823801432475083,False
vector_thrust,cruise_87,95.58738660907126,93.50194704405871,0.14525656765469577,14.840424423612793,False
vector_thrust,cruise_87,95.58738660907126,93.50194704405871,0.14525656765469577,14.864445341776726,False
vector_thrust,cruise_87,95.58738660907126,93.50194704405871,0.14525656765469577,14.891106549527285,False
vector_thrust,cruise_87,95.58738660907126,93.50194704405871,0.14525656765469577,14.915127467691217,False
vector_thrust,cruise_87,95.58738660907126,93.50194704405871,0.14525656765469577,14.931750458828928,False
vector_thrust,cruise_87,95.58738660907126,93.50194704405871,0.14525656765469577,14.937683135677986,False
vector_thrust,cruise_88,95.58738660907126,93.50194704405871,0.14525656765469577,14.937683135677986,False
vector_thrust,cruise_88,95.58738660907126,93.50194704405871,0.14525656765469577,14.943615698489122,False
vector_thrust,cruise_88,95.58738660907126,93.50194704405871,0.14525656765469577,14.960238370099676,False
vector_thrust,cruise_88,95.58738660907126,93.50194704405871,0.14525656765469577,14.984258826533491,False
vector_thrust,cruise_88,95.58738660907126,93.50194704405871,0.14525656765469577,15.010919521802284,False
vector_thrust,cruise_88,95.58738660907126,93.50194704405871,0.14525656765469577,15.034939978236098,False
vector_thrust,cruise_88,95.58738660907126,93.50194704405871,0.14525656765469577,15.051562649846653,False
vector_thrust,cruise_88,95.58738660907126,93.50194704405871,0.14525656765469577,15.05749521265779,False
vector_thrust,cruise_89,95.58738660907126,93.50194704405871,0.14525656765469577,15.05749521265779,False
vector_thrust,cruise_89,95.58738660907126,93.50194704405871,0.14525656765469577,15.06342767111505,False
vector_thrust,cruise_89,95.58738660907126,93.50194704405871,0.14525656765469577,15.080050050332547,False
vector_thrust,cruise_89,95.58738660907126,93.50194704405871,0.14525656765469577,15.104070084246148,False
vector_thrust,cruise_89,95.58738660907126,93.50194704405871,0.14525656765469577,15.130730310552885,False
vector_thrust,cruise_89,95.58738660907126,93.50194704405871,0.14525656765469577,15.154750344466487,False
vector_thrust,cruise_89,95.58738660907126,93.50194704405871,0.14525656765469577,15.171372723683982,False
vector_thrust,cruise_89,95.58738660907126,93.50194704405871,0.14525656765469577,15.177305182141245,False
vector_thrust,cruise_90,95.58738660907126,93.50194704405871,0.14525656765469577,15.177305182141245,False
vector_thrust,cruise_90,95.58738660907126,93.50194704405871,0.14525656765469577,15.183237545854922,False
vector_thrust,cruise_90,95.58738660907126,93.50194704405871,0.14525656765469577,15.1998596596068,False
vector_thrust,cruise_90,95.58738660907126,93.50194704405871,0.14525656765469577,15.223879309911467,False
vector_thrust,cruise_90,95.58738660907126,93.50194704405871,0.14525656765469577,15.250539110444407,False
vector_thrust,cruise_90,95.58738660907126,93.50194704405871,0.14525656765469577,15.274558760749073,False
vector_thrust,cruise_90,95.58738660907126,93.50194704405871,0.14525656765469577,15.29118087450095,False
vector_thrust,cruise_90,95.58738660907126,93.50194704405871,0.14525656765469577,15.297113238214628,False
vector_thrust,cruise_91,95.58738660907126,93.50194704405871,0.14525656765469577,15.297113238214628,False
vector_thrust,cruise_91,95.58738660907126,93.50194704405871,0.14525656765469577,15.303045516710782,False
vector_thrust,cruise_91,95.58738660907126,93.50194704405871,0.14525656765469577,15.319667391688462,False
vector_thrust,cruise_91,95.58738660907126,93.50194704405871,0.14525656765469577,15.343686696954418,False
vector_thrust,cruise_91,95.58738660907126,93.50194704405871,0.14525656765469577,15.37034611452328,False
vector_thrust,cruise_91,95.58738660907126,93.50194704405871,0.14525656765469577,15.394365419789235,False
vector_thrust,cruise_91,95.58738660907126,93.50194704405871,0.14525656765469577,15.410987294766914,False
vector_thrust,cruise_91,95.58738660907126,93.50194704405871,0.14525656765469577,15.416919573263069,False
vector_thrust,cruise_92,95.58738660907126,93.50194704405871,0.14525656765469577,15.416919573263069,False
vector_thrust,cruise_92,95.58738660907126,93.50194704405871,0.14525656765469577,15.422852231051793,False
vector_thrust,cruise_92,95.58738660907126,93.50194704405871,0.14525656765469577,15.439475168783641,False
vector_thrust,cruise_92,95.58738660907126,93.50194704405871,0.14525656765469577,15.463496009773861,False
vector_thrust,cruise_92,95.58738660907126,93.50194704405871,0.14525656765469577,15.490157131868065,False
vector_thrust,cruise_92,95.58738660907126,93.50194704405871,0.14525656765469577,15.514177972858286,False
vector_thrust,cruise_92,95.58738660907126,93.50194704405871,0.14525656765469577,15.530800910590132,False
vector_thrust,cruise_92,95.58738660907126,93.50194704405871,0.14525656765469577,15.536733568378857,False
vector_thrust,cruise_93,95.58738660907126,93.50194704405871,0.14525656765469577,15.536733568378857,False
vector_thrust,cruise_93,95.58738660907126,93.50194704405871,0.14525656765469577,15.542665647197506,False
vector_thrust,cruise_93,95.58738660907126,93.50194704405871,0.14525656765469577,15.559286962691246,False
vector_thrust,cruise_93,95.58738660907126,93.50194704405871,0.14525656765469577,15.583305459479487,False
vector_thrust,cruise_93,95.58738660907126,93.50194704405871,0.14525656765469577,15.609963979705784,False
vector_thrust,cruise_93,95.58738660907126,93.50194704405871,0.14525656765469577,15.633982476494024,False
vector_thrust,cruise_93,95.58738660907126,93.50194704405871,0.14525656765469577,15.650603791987765,False
vector_thrust,cruise_93,95.58738660907126,93.50194704405871,0.14525656765469577,15.656535870806414,False
vector_thrust,cruise_94,95.58738660907126,93.50194704405871,0.14525656765469577,15.656535870806414,False
vector_thrust,cruise_94,95.58738660907126,93.50194704405871,0.14525656765469577,15.662448542583226,False
vector_thrust,cruise_94,95.58738660907126,93.50194704405871,0.14525656765469577,15.679015480754101,False
vector_thrust,cruise_94,95.58738660907126,93.50194704405871,0.14525656765469577,15.702955400034138,False
vector_thrust,cruise_94,95.58738660907126,93.50194704405871,0.14525656765469577,15.72952670580608,False
vector_thrust,cruise_94,95.58738660907126,93.50194704405871,0.14525656765469577,15.753466625086116,False
vector_thrust,cruise_94,95.58738660907126,93.50194704405871,0.14525656765469577,15.770033563256993,False
vector_thrust,cruise_94,95.58738660907126,93.50194704405871,0.14525656765469577,15.775946235033805,False
vector_thrust,cruise_95,95.58738660907126,93.50194704405871,0.14525656765469577,15.775946235033805,False
vector_thrust,cruise_95,95.58738660907126,93.50194704405871,0.14525656765469577,15.789406535497841,False
vector_thrust,cruise_95,95.58738660907126,93.50194704405871,0.14525656765469577,15.827121459303298,False
vector_thrust,cruise_95,95.58738660907126,93.50194704405871,0.14525656765469577,15.881621103247317,False
vector_thrust,cruise_95,95.58738660907126,93.50194704405871,0.14525656765469577,15.942111144452518,False
vector_thrust,cruise_95,95.58738660907126,93.50194704405871,0.14525656765469577,15.996610788396538,False
vector_thrust,cruise_95,95.58738660907126,93.50194704405871,0.14525656765469577,16.034325712201994,False
vector_thrust,cruise_95,95.58738660907126,93.50194704405871,0.14525656765469577,16.04778601266603,False
vector_thrust,decel_descend,82.8214480439717,81.01452423624265,0.12585718364976578,16.04778601266603,False
vector_thrust,decel_descend,82.8214480439717,81.08569422353952,0.1258312187188428,16.166623371183128,False
vector_thrust,decel_descend,82.8214480439717,81.28528670655975,0.1257585513217203,16.49959825043555,False
vector_thrust,decel_descend,82.8214480439717,81.57417136318126,0.12565376390802477,16.980760891918454,False
vector_thrust,decel_descend,82.8214480439717,81.89545311438779,0.12553776199301464,17.51481113341361,False
vector_thrust,decel_descend,82.8214480439717,82.18549833691425,0.12543352001102218,17.99597377489651,False
vector_thrust,decel_descend,82.8214480439717,82.38653802179147,0.1253615327625273,18.32894865414893,False
vector_thrust,decel_descend,82.8214480439717,82.45835207445056,0.12533587052851083,18.44778601266603,False
vector_thrust,arrival_terminal_procedure,77.34692718100253,77.00783195654621,0.11705113445721634,18.44778601266603,True
vector_thrust,arrival_terminal_procedure,77.34692718100253,77.00783195654621,0.11705113445721634,18.495820120354942,True
vector_thrust,arrival_terminal_procedure,77.34692718100253,77.00783195654621,0.11705113445721634,18.630408699294225,True
vector_thrust,arrival_terminal_procedure,77.34692718100253,77.00783195654621,0.11705113445721634,18.82489483080435,True
vector_thrust,arrival_terminal_procedure,77.34692718100253,77.00783195654621,0.11705113445721634,19.040758151323868,True
vector_thrust,arrival_terminal_procedure,77.34692718100253,77.00783195654621,0.11705113445721634,19.235244282833992,True
vector_thrust,arrival_terminal_procedure,77.34692718100253,77.00783195654621,0.11705113445721634,19.369832861773276,True
vector_thrust,arrival_terminal_procedure,77.34692718100253,77.00783195654621,0.11705113445721634,19.41786696946219,True
vector_thrust,second_descent,70.91162759248245,70.60074524522689,0.10731242673007416,19.41786696946219,True
vector_thrust,second_descent,70.91162759248245,70.61355867783956,0.10730785091772456,19.442624752486587,True
vector_thrust,second_descent,70.91162759248245,70.64946776425965,0.10729503286465847,19.511994518997504,True
vector_thrust,second_descent,70.91162759248245,70.70137520372904,0.10727651827822349,19.61223673597311,True
vector_thrust,second_descent,70.91162759248245,70.7590120687837,0.10725597975215045,19.72349720295127,True
vector_thrust,second_descent,70.91162759248245,70.8109626727253,0.10723748518453294,19.823739419926873,True
vector_thrust,second_descent,70.91162759248245,70.84692558436154,0.10722469209453404,19.893109186437794,True
vector_thrust,second_descent,70.91162759248245,70.85976297144887,0.1072201273917981,19.91786696946219,True
vector_thrust,hover_descent,2.188362952815938,2.18676238857725,0.0033088586815244797,19.91786696946219,False
vector_thrust,hover_descent,2.188362952815938,2.186841626643067,0.0033088305099301784,19.92903862738962,False
vector_thrust,hover_descent,2.188362952815938,2.187063654976016,0.0033087515786739737,19.960340917307988,False
vector_thrust,hover_descent,2.188362952815938,2.1873845165811407,0.00330863752958975,20.005574036801576,False
vector_thrust,hover_descent,2.188362952815938,2.187740675669973,0.003308510958336276,20.055779011806862,False
vector_thrust,hover_descent,2.188362952815938,2.1880615905672873,0.0033083969339004113,20.101012131300447,False
vector_thrust,hover_descent,2.188362952815938,2.188283685354509,0.0033083180333802063,20.13231442121882,False
vector_thrust,hover_descent,2.188362952815938,2.188362952995259,0.0033082898754647127,20.14348607914625,False
