eVTOL_type,mission_segment,propeller_throttle,lift_throttle,propeller_rpm,propeller_thrust_N,propeller_torque_N_m,propeller_efficiency,propeller_motor_efficiency,propeller_power_coefficient,lift_rotor_rpm,lift_thrust_N,lift_torque_N_m,lift_efficiency,lift_motor_efficiency,lift_power_coefficient,propeller_tip_mach,lift_tip_mach,time_min,fesibility
lift_and_cruse,hover_climb,0.0,0.7492980353944689,0.0,5.089149020282449e-12,-5.991188445325284,0.0,,0.0,2362.775749065943,10898.142946701366,57.028629955909715,0.12932065744419924,0.846023808091246,0.013019048978726286,0.0,0.6205400795728777,0.0,True
lift_and_cruse,hover_climb,0.0,0.749323105200749,0.0,5.089147826286859e-12,-5.991188445325284,0.0,,0.0,2362.844361851243,10898.140389823084,57.028565432074295,0.12931701727509237,0.8460256294344408,0.013019221316920716,0.0,0.6205633812419858,0.006259429578448443,True
lift_and_cruse,hover_climb,0.0,0.7493933646636483,0.0,5.0891444466985614e-12,-5.991188445325284,0.0,,0.0,2363.0366520029092,10898.133152613831,57.02838538704624,0.12930681653029766,0.8460307334776244,0.013019704125437839,0.0,0.6206286842867299,0.023797961518916107,True
lift_and_cruse,hover_climb,0.0,0.7494949383513755,0.0,5.089139563133532e-12,-5.991188445325284,0.0,,0.0,2363.314652247471,10898.12269471811,57.028125242613314,0.12929207163105433,0.8460381111781223,0.013020400901371394,0.0,0.6207230909422926,0.049141874474614815,True
lift_and_cruse,hover_climb,0.0,0.7496077400255915,0.0,5.0891341428876334e-12,-5.991188445325284,0.0,,0.0,2363.623393081164,10898.111087548741,57.0278365411973,0.12927569995956972,0.8460463027693695,0.013021173016548678,0.0,0.6208279311717907,0.07727149566197376,True
lift_and_cruse,hover_climb,0.0,0.7497094278979033,0.0,5.0891292594985426e-12,-5.991188445325284,0.0,,0.0,2363.901724463831,10898.10063002978,57.02757646184106,0.12926094414224948,0.8460536857998261,0.01302186754554835,0.0,0.6209224400533467,0.10261540861767246,True
lift_and_cruse,hover_climb,0.0,0.7497798297478738,0.0,5.089125880140114e-12,-5.991188445325284,0.0,,0.0,2364.0944275413867,10898.093393312782,57.0273964982082,0.12925072978264207,0.8460587964895155,0.013022347552203202,0.0,0.6209878705727154,0.12015394055814012,True
lift_and_cruse,hover_climb,0.0,0.7498049621447297,0.0,5.089124674064389e-12,-5.991188445325284,0.0,,0.0,2364.1632206417808,10898.090810565529,57.02733227300513,0.12924708372349786,0.8460606207649854,0.013022518741422304,0.0,0.6210112280661807,0.12641337013658857,True
lift_and_cruse,dep_transition,0.6918117149394704,0.7614013949155312,996.8117715282141,1730.9263204711249,609.3181061370115,0.6839083283429539,0.9551096094378494,0.25646880675216516,2363.3389160652914,11332.048419366822,56.88305574290159,0.029424987244948343,0.8460013460491631,0.012998635165126468,0.32729936800827025,0.6207947022388279,0.12641337013658857,True
lift_and_cruse,dep_transition,0.6954503212164272,0.7592541402539922,1001.3510061643804,1751.1561195754957,615.5969545269116,0.6825295893046944,0.9550137728172072,0.2567715270410372,2355.7649230990023,11284.26879581074,56.58654522393199,0.02665320344104552,0.8457201163640838,0.013014348174715073,0.32879036837196224,0.6188062424426775,0.12735998369962584,True
lift_and_cruse,dep_transition,0.7055126361662112,0.7532685862494708,1013.8516520655478,1807.300291014786,632.9923302612469,0.6787909168056078,0.9547450749639148,0.25756706977641664,2334.6998983330905,11149.093014284266,55.748868299182725,0.018723783100173256,0.8449176999690408,0.013054634215479798,0.3328965033979856,0.6132758622469313,0.1300123359631246,True
lift_and_cruse,dep_transition,0.7197068137620944,0.744674566856857,1031.3521085645834,1887.0005019873079,657.616517049346,0.673700885680121,0.9543574864443806,0.25859790000519006,2304.5906590385052,10950.380266431865,54.520560308981935,0.00682997396790596,0.8437153433486428,0.013103550408023228,0.33864508402930926,0.6053709811827158,0.1338450960323331,True
lift_and_cruse,dep_transition,0.7349257700580488,0.735166718662247,1049.9248451577507,1973.4249057891916,684.2511846258386,0.6685007202380869,0.9539268714954414,0.25965316690133416,2271.4944090980894,10725.166144456425,53.13299591383635,-0.006999262427914205,0.8423109860500064,0.013145754476488478,0.34474609145532786,0.5966818085395718,0.13809913876982713,True
lift_and_cruse,dep_transition,0.7482235937831451,0.7265925227499915,1066.001107483176,2049.4020822429384,707.604811916918,0.6641502970792371,0.953544055107248,0.26049263286785707,2241.8506538963597,10518.074829404779,51.86170317208375,-0.020054556134717114,0.8409719750086753,0.013173569419443152,0.3500271956347916,0.5888989734864801,0.14193189883903565,True
lift_and_cruse,dep_transition,0.7572006045190531,0.720638095424284,1076.7728910220794,2100.9060909061395,723.4070620118957,0.661313239946605,0.9532828494524174,0.2610190084558764,2221.3829574598967,10372.453093798515,50.9706671712275,-0.02943654702341477,0.8399988218441775,0.013187459225324072,0.3535658557092037,0.5835252152134986,0.1445842511025344,True
lift_and_cruse,dep_transition,0.7603603360644959,0.7185067590573746,1080.548752793748,2119.071478507439,728.9753987564426,0.6603335400909371,0.9531904602149768,0.2611969204248229,2214.0809308314306,10320.025186921099,50.6504997888613,-0.03285630657654396,0.8396414910849326,0.013191395152647476,0.3548062903515571,0.5816080687338461,0.14553086466557164,True
lift_and_cruse,second_climb,0.8540475736858261,0.0,1217.8772965250803,1891.7815745126704,752.224601479652,0.7972825618454739,0.9565883903453227,0.21217019560859005,0.0,-4.633528499825764e-13,-5.336658663347744,0.0,,0.0,0.39989914806363863,0.0,0.14553086466557164,True
lift_and_cruse,second_climb,0.8542532811372441,0.0,1217.9940079713695,1891.825906070482,752.2049141573174,0.7972392371427552,0.9565923623355626,0.21219779362301988,0.0,-4.633637080826514e-13,-5.336658663347744,0.0,,0.0,0.39995381775904515,0.0,0.169298336368991,True
lift_and_cruse,second_climb,0.8548304722616128,0.0,1218.3213872307754,1891.9509306006887,752.1499883707671,0.7971177218604379,0.9566034893096534,0.21227513339430765,0.0,-4.633943302607979e-13,-5.336658663347744,0.0,,0.0,0.40010714468328257,0.0,0.2358933122194755,True
lift_and_cruse,second_climb,0.8556666558614132,0.0,1218.795403911962,1892.1336924240559,752.0712335631182,0.796941810100576,0.9566195623101935,0.21238692339459142,0.0,-4.634390939971965e-13,-5.336658663347744,0.0,,0.0,0.4003290883324067,0.0,0.332125840516056,True
lift_and_cruse,second_climb,0.8565976944509005,0.0,1219.3228282051487,1892.3394446662057,751.9846703884145,0.7967461242563078,0.956637393990888,0.2125110415627426,0.0,-4.634894887621498e-13,-5.336658663347744,0.0,,0.0,0.40057595465363327,0.0,0.4389358888150867,True
lift_and_cruse,second_climb,0.8574391975149005,0.0,1219.7992017608449,1892.5274366131098,751.9074400316731,0.7965694226244923,0.95665345279656,0.2126229027284486,0.0,-4.63535533509358e-13,-5.336658663347744,0.0,,0.0,0.4007988504931915,0.0,0.5351684171116672,True
lift_and_cruse,second_climb,0.8580230215624594,0.0,1220.1295192819646,1892.6589806296204,751.8544172068285,0.796446922488507,0.9566645619792796,0.21270033205438876,0.0,-4.635677525011114e-13,-5.336658663347744,0.0,,0.0,0.400953364546464,0.0,0.6017633929621518,True
lift_and_cruse,second_climb,0.858231681183175,0.0,1220.247538725489,1892.7062172874303,751.8355756459418,0.7964031592265995,0.9566685261009948,0.21272796948113223,0.0,-4.635793221454692e-13,-5.336658663347744,0.0,,0.0,0.40100856267859836,0.0,0.6255308646655711,True
lift_and_cruse,departure_terminal_procedures,0.7563659332638858,0.0,1108.3051004462732,1217.2009056788781,519.147032558672,0.841800564271185,0.9614289045106056,0.178061208092492,0.0,-2.981282386117795e-13,-5.336658663347744,0.0,,0.0,0.36422104633255253,0.0,0.6255308646655711,True
lift_and_cruse,departure_terminal_procedures,0.7564738236835391,0.0,1108.3051004463161,1217.2009056790803,519.1470325586689,0.8418005642711739,0.9614289045106067,0.1780612080924861,0.0,-2.98128238611829e-13,-5.336658663347744,0.0,,0.0,0.3642210463325667,0.0,0.6611449714685252,True
lift_and_cruse,departure_terminal_procedures,0.7567763480316158,0.0,1108.3051004550737,1217.2009057202013,519.1470325735054,0.8418005642689086,0.9614289045103825,0.17806120809476952,0.0,-2.9812823862190077e-13,-5.336658663347744,0.0,,0.0,0.36422104633544466,0.0,0.760933481246706,True
lift_and_cruse,departure_terminal_procedures,0.7572140877244928,0.0,1108.3051004521683,1217.20090570656,519.1470325686764,0.8418005642696601,0.9614289045104543,0.17806120809404397,0.0,-2.981282386185596e-13,-5.336658663347744,0.0,,0.0,0.3642210463344898,0.0,0.9051320558127861,True
lift_and_cruse,departure_terminal_procedures,0.7577007460596495,0.0,1108.3051004595802,1217.200905741361,519.1470325812032,0.8418005642677425,0.9614289045102654,0.17806120809595216,0.0,-2.981282386270834e-13,-5.336658663347744,0.0,,0.0,0.36422104633692565,0.0,1.0651803989944928,True
lift_and_cruse,departure_terminal_procedures,0.7581399364370601,0.0,1108.3051004463177,1217.2009056790894,519.1470325586537,0.8418005642711732,0.9614289045106073,0.17806120809247467,0.0,-2.981282386118312e-13,-5.336658663347744,0.0,,0.0,0.3642210463325672,0.0,1.209378973560573,True
lift_and_cruse,departure_terminal_procedures,0.7584442697725818,0.0,1108.3051004463182,1217.2009056790894,519.1470325587176,0.8418005642711732,0.9614289045106053,0.17806120809250006,0.0,-2.981282386118312e-13,-5.336658663347744,0.0,,0.0,0.3642210463325673,0.0,1.3091674833387539,True
lift_and_cruse,departure_terminal_procedures,0.7585529652741814,0.0,1108.3051004463225,1217.2009056791103,519.1470325586993,0.8418005642711722,0.961428904510606,0.17806120809250345,0.0,-2.9812823861183637e-13,-5.336658663347744,0.0,,0.0,0.3642210463325688,0.0,1.3447815901417077,True
lift_and_cruse,accel_climb,0.8972297350973355,0.0,1269.2890422871242,1870.446145859518,760.8680547684197,0.8167736518721144,0.9576877486034597,0.1989692176521618,0.0,-4.581271771008724e-13,-5.336658663347744,0.0,,0.0,0.4171250162920916,0.0,1.3447815901417077,True
lift_and_cruse,accel_climb,0.900462441063645,0.0,1272.7763780165656,1868.1475940757025,760.9288577192071,0.8177817338806304,0.9577769618488559,0.19824134714392821,0.0,-4.575641942839276e-13,-5.336658663347744,0.0,,0.0,0.41835669551782007,0.0,1.4636189486588047,True
lift_and_cruse,accel_climb,0.9097714441111109,0.0,1282.636974624078,1862.3388327450384,761.3259152778791,0.8204874437338804,0.9580192274117791,0.19626353776814315,0.0,-4.561414580898058e-13,-5.336658663347744,0.0,,0.0,0.4218399327982829,0.0,1.796593827911227,True
lift_and_cruse,accel_climb,0.9236755089911727,0.0,1297.0877015150645,1855.5074390219552,762.4820399472244,0.8240960445550295,0.9583491211887738,0.19357009398731737,0.0,-4.5446824919846803e-13,-5.336658663347744,0.0,,0.0,0.4269470799568967,0.0,2.2777564693941295,True
lift_and_cruse,accel_climb,0.9396131242400599,0.0,1313.3773919218947,1849.9357162524736,764.5259911575905,0.8277144520571796,0.9586888847406322,0.1907984077506609,0.0,-4.531035707073916e-13,-5.336658663347744,0.0,,0.0,0.43270843624872807,0.0,2.811806710889284,True
lift_and_cruse,accel_climb,0.9544493164456263,0.0,1328.2837351334836,1846.5890600110295,766.9799963491347,0.8306691377731865,0.9589744000924112,0.18847135365829207,0.0,-4.522838763366054e-13,-5.336658663347744,0.0,,0.0,0.43798446292414234,0.0,3.292969352372186,True
lift_and_cruse,accel_climb,0.9649962151582173,0.0,1338.7324825763537,1845.1388027680046,768.980966035025,0.832566171863454,0.9591621741631609,0.18694179790620571,0.0,-4.5192866575848325e-13,-5.336658663347744,0.0,,0.0,0.4416848754420774,0.0,3.625944231624609,True
lift_and_cruse,accel_climb,0.9688181824677772,0.0,1342.4887681701064,1844.784663878157,769.7502939903615,0.8332167780015696,0.9592274514997863,0.18641020138855113,0.0,-4.518419267469022e-13,-5.336658663347744,0.0,,0.0,0.44301557416219195,0.0,3.744781590141706,True
lift_and_cruse,cruise_0,0.8578934803283923,0.0,1227.0505846146557,1247.3668084655287,550.2713531748219,0.859023576998843,0.9631940388495533,0.1595119061622602,0.0,-3.0551675386999185e-13,-5.336658663347744,0.0,,0.0,0.4049214653840853,0.0,3.744781590141706,True
lift_and_cruse,cruise_0,0.8579106902674173,0.0,1227.0505846146589,1247.366808465545,550.2713531747642,0.859023576998842,0.9631940388495549,0.1595119061622517,0.0,-3.055167538699959e-13,-5.336658663347744,0.0,,0.0,0.40492146538408635,0.0,3.748907887312438,True
lift_and_cruse,cruise_0,0.8579589168518579,0.0,1227.0505846149704,1247.3668084671356,550.2713531754054,0.8590235769987661,0.9631940388495444,0.15951190616235153,0.0,-3.0551675387038544e-13,-5.336658663347744,0.0,,0.0,0.4049214653841891,0.0,3.7604695150642584,True
lift_and_cruse,cruise_0,0.858028620366811,0.0,1227.050584614659,1247.366808465547,550.2713531747611,0.8590235769988418,0.9631940388495551,0.1595119061622474,0.0,-3.0551675386999634e-13,-5.336658663347744,0.0,,0.0,0.40492146538408635,0.0,3.7771765512268596,True
lift_and_cruse,cruise_0,0.8581060049301577,0.0,1227.0505846147648,1247.3668084660867,550.271353174989,0.8590235769988162,0.9631940388495511,0.1595119061622955,0.0,-3.055167538701285e-13,-5.336658663347744,0.0,,0.0,0.40492146538412127,0.0,3.795719962389885,True
lift_and_cruse,cruise_0,0.8581757435874432,0.0,1227.0505846146589,1247.366808465545,550.2713531747672,0.859023576998842,0.9631940388495549,0.15951190616224548,0.0,-3.055167538699959e-13,-5.336658663347744,0.0,,0.0,0.40492146538408635,0.0,3.812426998552487,True
lift_and_cruse,cruise_0,0.8582240139946044,0.0,1227.0505846162591,1247.3668084737224,550.2713531778944,0.8590235769984514,0.9631940388495045,0.15951190616275066,0.0,-3.055167538719987e-13,-5.336658663347744,0.0,,0.0,0.4049214653846144,0.0,3.8239886263043066,True
lift_and_cruse,cruise_0,0.8582412434345849,0.0,1227.0505846146548,1247.366808465526,550.2713531748279,0.8590235769988431,0.9631940388495531,0.15951190616226174,0.0,-3.055167538699912e-13,-5.336658663347744,0.0,,0.0,0.404921465384085,0.0,3.8281149234750393,True
lift_and_cruse,cruise_1,0.7974543011365917,0.0,1144.84199198767,1215.98511664083,522.8972115474373,0.8458126540884414,0.9621685110601536,0.1741270965638583,0.0,-2.978304561810027e-13,-5.336658663347744,0.0,,0.0,0.3777929800461022,0.0,3.8281149234750393,True
lift_and_cruse,cruise_1,0.797468553581383,0.0,1144.8419919876837,1215.985116640894,522.8972115473614,0.8458126540884381,0.962168511060156,0.17412709656383943,0.0,-2.9783045618101833e-13,-5.336658663347744,0.0,,0.0,0.3777929800461067,0.0,3.8322412206457717,True
lift_and_cruse,cruise_1,0.7975084917971111,0.0,1144.841991987674,1215.98511664085,522.8972115473765,0.8458126540884405,0.9621685110601553,0.17412709656384653,0.0,-2.978304561810076e-13,-5.336658663347744,0.0,,0.0,0.3777929800461034,0.0,3.843802848397592,True
lift_and_cruse,cruise_1,0.7975662139653604,0.0,1144.841991987786,1215.9851166413737,522.8972115475528,0.8458126540884122,0.962168511060153,0.17412709656386566,0.0,-2.9783045618113587e-13,-5.336658663347744,0.0,,0.0,0.3777929800461404,0.0,3.860509884560193,True
lift_and_cruse,cruise_1,0.7976302942714653,0.0,1144.841991988083,1215.985116642769,522.89721154803,0.8458126540883368,0.9621685110601463,0.17412709656394437,0.0,-2.978304561814776e-13,-5.336658663347744,0.0,,0.0,0.3777929800462384,0.0,3.8790532957232187,True
lift_and_cruse,cruise_1,0.797688040828773,0.0,1144.8419919876728,1215.9851166408437,522.8972115473917,0.845812654088441,0.9621685110601549,0.1741270965638482,0.0,-2.97830456181006e-13,-5.336658663347744,0.0,,0.0,0.37779298004610307,0.0,3.89576033188582,True
lift_and_cruse,cruise_1,0.7977280094575386,0.0,1144.8419919874525,1215.9851166398091,522.8972115470241,0.8458126540884966,0.9621685110601602,0.17412709656378636,0.0,-2.978304561807526e-13,-5.336658663347744,0.0,,0.0,0.37779298004603035,0.0,3.90732195963764,True
lift_and_cruse,cruise_1,0.7977422754376716,0.0,1144.8419919876742,1215.9851166408512,522.8972115473705,0.8458126540884403,0.9621685110601556,0.17412709656383935,0.0,-2.978304561810079e-13,-5.336658663347744,0.0,,0.0,0.3777929800461035,0.0,3.9114482568083724,True
lift_and_cruse,cruise_2,0.819762439924567,0.0,1174.951937686811,1221.3861640499388,531.3469168717558,0.8515958169846201,0.9626014534376959,0.16798832325540544,0.0,-2.991533312653243e-13,-5.336658663347744,0.0,,0.0,0.3877291338510085,0.0,3.9114482568083724,True
lift_and_cruse,cruise_2,0.8197777097101199,0.0,1174.9519382569142,1221.3861668177503,531.3469167868092,0.8515958168403479,0.9626014534524177,0.1679883230655272,0.0,-2.9915333194324263e-13,-5.336658663347744,0.0,,0.0,0.3877291340391401,0.0,3.915574553979105,True
lift_and_cruse,cruise_2,0.8198047898577722,0.0,1174.9519417207607,1221.3861836402666,531.3469242767587,0.8515958159632356,0.9626014533228685,0.16798832444303496,0.0,-2.991533360635708e-13,-5.336658663347744,0.0,,0.0,0.3877291351821947,0.0,3.927136181730925,True
lift_and_cruse,cruise_2,0.8198281068753446,0.0,1174.9519419048472,1221.386184534224,531.3469246534997,0.8515958159166281,0.9626014533165664,0.1679883245094784,0.0,-2.9915333628252716e-13,-5.336658663347744,0.0,,0.0,0.3877291352429424,0.0,3.943843217893526,True
lift_and_cruse,cruise_2,0.8198539954479863,0.0,1174.9519421407633,1221.3861856798799,531.3469251345642,0.8515958158568981,0.9626014533085382,0.1679883245941265,0.0,-2.9915333656313193e-13,-5.336658663347744,0.0,,0.0,0.3877291353207937,0.0,3.962386629056552,True
lift_and_cruse,cruise_2,0.8198773280056592,0.0,1174.9519423620231,1221.3861867543578,531.3469255886909,0.85159581580088,0.9626014533009278,0.16798832467442282,0.0,-2.9915333682630314e-13,-5.336658663347744,0.0,,0.0,0.38772913539380854,0.0,3.9790936652191533,True
lift_and_cruse,cruise_2,0.8198934789546822,0.0,1174.9519425305514,1221.3861875727584,531.3469259382206,0.8515958157582126,0.9626014532950319,0.16798832473673495,0.0,-2.991533370267535e-13,-5.336658663347744,0.0,,0.0,0.38772913544942217,0.0,3.990655292970973,True
lift_and_cruse,cruise_2,0.8198992439413954,0.0,1174.9519425094577,1221.3861874703143,531.3469259031624,0.8515958157635535,0.9626014532955322,0.1679883247316903,0.0,-2.991533370016619e-13,-5.336658663347744,0.0,,0.0,0.38772913544246135,0.0,3.994781590141706,True
lift_and_cruse,cruise_3,0.8198984829545748,0.0,1174.950910364676,1221.385828159447,531.3465917075615,0.8515956426656789,0.9626014399906853,0.1679885142151162,0.0,-2.991532489958812e-13,-5.336658663347744,0.0,,0.0,0.38772879483908057,0.0,3.994781590141706,True
lift_and_cruse,cruise_3,0.8199042520241677,0.0,1174.9509143909268,1221.3858477116323,531.3466003618807,0.8515956416463116,0.9626014398415168,0.16798851579993795,0.0,-2.9915325378478544e-13,-5.336658663347744,0.0,,0.0,0.3877287961677261,0.0,3.998907887312438,True
lift_and_cruse,cruise_3,0.8199204074109386,0.0,1174.9509128315008,1221.3858401390512,531.3465968535983,0.8515956420411026,0.9626014399035684,0.16798851513667898,0.0,-2.99153251930038e-13,-5.336658663347744,0.0,,0.0,0.3877287956531222,0.0,4.010469515064258,True
lift_and_cruse,cruise_3,0.8199437609419672,0.0,1174.9509128848104,1221.3858403979175,531.3465969730682,0.8515956420276074,0.9626014399014599,0.1679885151592093,0.0,-2.991532519934419e-13,-5.336658663347744,0.0,,0.0,0.38772879567071417,0.0,4.02717655122686,True
lift_and_cruse,cruise_3,0.8199696884047428,0.0,1174.9509111691289,1221.3858320665622,531.3465931126851,0.8515956424619562,0.9626014399697446,0.16798851442931967,0.0,-2.9915324995284843e-13,-5.336658663347744,0.0,,0.0,0.38772879510454655,0.0,4.045719962389885,True
lift_and_cruse,cruise_3,0.819993056855351,0.0,1174.950910558639,1221.3858291020142,531.3465917406019,0.8515956426165111,0.9626014399939997,0.16798851417009972,0.0,-2.991532492267436e-13,-5.336658663347744,0.0,,0.0,0.3877287949030875,0.0,4.062426998552486,True
lift_and_cruse,cruise_3,0.8200092323818067,0.0,1174.9509098477156,1221.3858256496164,531.346590204226,0.8515956427965052,0.9626014400205647,0.16798851388766192,0.0,-2.9915324838115e-13,-5.336658663347744,0.0,,0.0,0.38772879466848575,0.0,4.073988626304306,True
lift_and_cruse,cruise_3,0.8200150064664969,0.0,1174.9509098846554,1221.3858258291136,531.3465902360263,0.8515956427871425,0.9626014400204982,0.16798851388713487,0.0,-2.9915324842511415e-13,-5.336658663347744,0.0,,0.0,0.3877287946806758,0.0,4.078114923475039,True
lift_and_cruse,cruise_4,0.8200143041839896,0.0,1174.949943604691,1221.3857966689907,531.3463796948605,0.8515954520514378,0.9626014247655941,0.16798872363108863,0.0,-2.9915324128294387e-13,-5.336658663347744,0.0,,0.0,0.3877284758124041,0.0,4.078114923475039,True
lift_and_cruse,cruise_4,0.8200200201989861,0.0,1174.949877616142,1221.3854760875815,531.3462606112186,0.8515954687705511,0.9626014265879121,0.16798870485144515,0.0,-2.9915316276314456e-13,-5.336658663347744,0.0,,0.0,0.38772845403646405,0.0,4.082241220645772,True
lift_and_cruse,cruise_4,0.8200362025737757,0.0,1174.9498778435598,1221.3854772048007,531.3462608870794,0.8515954687117748,0.962601426585312,0.16798870487362913,0.0,-2.9915316303678433e-13,-5.336658663347744,0.0,,0.0,0.38772845411151097,0.0,4.0938028483975915,True
lift_and_cruse,cruise_4,0.8200595929222041,0.0,1174.949878067062,1221.3854783026527,531.3462611584638,0.851595468654022,0.9626014265827493,0.16798870489552625,0.0,-2.9915316330568053e-13,-5.336658663347744,0.0,,0.0,0.38772845418526575,0.0,4.110509884560193,True
lift_and_cruse,cruise_4,0.8200855628307198,0.0,1174.9498782636385,1221.3854792679817,531.3462613958901,0.8515954686032525,0.9626014265805298,0.1679887049143812,0.0,-2.9915316354211797e-13,-5.336658663347744,0.0,,0.0,0.38772845425013513,0.0,4.129053295723219,True
lift_and_cruse,cruise_4,0.8201089683394537,0.0,1174.9498780430959,1221.385478183313,531.346261127326,0.851595468660366,0.9626014265830797,0.16798870489252746,0.0,-2.991531632764507e-13,-5.336658663347744,0.0,,0.0,0.387728454177357,0.0,4.14576033188582,True
lift_and_cruse,cruise_4,0.8201251700522304,0.0,1174.9498782192609,1221.385479048663,531.346261340963,0.8515954686148437,0.9626014265810672,0.16798870490968942,0.0,-2.9915316348840036e-13,-5.336658663347744,0.0,,0.0,0.3877284542354907,0.0,4.15732195963764,True
lift_and_cruse,cruise_4,0.8201309533057785,0.0,1174.9498783684974,1221.3854797819176,531.3462615205416,0.8515954685762632,0.9626014265794005,0.1679887049237941,0.0,-2.9915316366799594e-13,-5.336658663347744,0.0,,0.0,0.3877284542847381,0.0,4.161448256808373,True
lift_and_cruse,cruise_5,0.8201301977821647,0.0,1174.9488517349519,1221.3851675643502,531.345944813574,0.8515952921839433,0.9626014129159876,0.16798889836124126,0.0,-2.9915308719674703e-13,-5.336658663347744,0.0,,0.0,0.3877281155000418,0.0,4.161448256808373,True
lift_and_cruse,cruise_5,0.8201359813471856,0.0,1174.9488517349573,1221.3851675643766,531.3459448135832,0.8515952921839419,0.9626014129159876,0.16798889836125439,0.0,-2.991530871967535e-13,-5.336658663347744,0.0,,0.0,0.38772811550004366,0.0,4.165574553979105,True
lift_and_cruse,cruise_5,0.8201521889315,0.0,1174.9488517349487,1221.3851675643355,531.3459448135162,0.8515952921839443,0.9626014129159891,0.1679888983612526,0.0,-2.991530871967434e-13,-5.336658663347744,0.0,,0.0,0.3877281155000407,0.0,4.177136181730925,True
lift_and_cruse,cruise_5,0.8201756158074206,0.0,1174.9488517349555,1221.3851675643696,531.345944813577,0.8515952921839426,0.9626014129159877,0.1679888983612477,0.0,-2.991530871967518e-13,-5.336658663347744,0.0,,0.0,0.387728115500043,0.0,4.1938432178935265,True
lift_and_cruse,cruise_5,0.8202016263137231,0.0,1174.9488517349525,1221.3851675643532,531.3459448136135,0.8515952921839433,0.9626014129159866,0.16798889836125602,0.0,-2.9915308719674774e-13,-5.336658663347744,0.0,,0.0,0.3877281155000421,0.0,4.212386629056552,True
lift_and_cruse,cruise_5,0.8202250687527148,0.0,1174.9488517349544,1221.3851675643643,531.3459448135861,0.851595292183943,0.9626014129159874,0.16798889836125333,0.0,-2.9915308719675047e-13,-5.336658663347744,0.0,,0.0,0.38772811550004266,0.0,4.229093665219153,True
lift_and_cruse,cruise_5,0.8202412957438727,0.0,1174.9488517349462,1221.3851675643236,531.3459448135162,0.8515952921839446,0.962601412915989,0.167988898361252,0.0,-2.991530871967405e-13,-5.336658663347744,0.0,,0.0,0.38772811550004,0.0,4.240655292970973,True
lift_and_cruse,cruise_5,0.8202470879457586,0.0,1174.948851734956,1221.385167564371,531.3459448135923,0.8515952921839424,0.9626014129159872,0.1679888983612566,0.0,-2.991530871967521e-13,-5.336658663347744,0.0,,0.0,0.38772811550004327,0.0,4.244781590141706,True
lift_and_cruse,cruise_6,0.8202463275770836,0.0,1174.9478193437712,1221.3848376933634,531.3456207742269,0.8515951162865465,0.9626013993279101,0.16798909112734411,0.0,-2.991530064016574e-13,-5.336658663347744,0.0,,0.0,0.3877277748153504,0.0,4.244781590141706,True
lift_and_cruse,cruise_6,0.8202521202196826,0.0,1174.9478193437985,1221.3848376934975,531.3456207742572,0.8515951162865397,0.96260139932791,0.16798909112734522,0.0,-2.9915300640169026e-13,-5.336658663347744,0.0,,0.0,0.3877277748153594,0.0,4.248907887312439,True
lift_and_cruse,cruise_6,0.8202683532417903,0.0,1174.9478193437687,1221.384837693351,531.3456207742755,0.8515951162865474,0.9626013993279088,0.1679890911273594,0.0,-2.9915300640165437e-13,-5.336658663347744,0.0,,0.0,0.3877277748153497,0.0,4.260469515064258,True
lift_and_cruse,cruise_6,0.8202918168843734,0.0,1174.9478193438085,1221.3848376935443,531.3456207742603,0.8515951162865372,0.96260139932791,0.16798909112734228,0.0,-2.991530064017017e-13,-5.336658663347744,0.0,,0.0,0.3877277748153627,0.0,4.27717655122686,True
lift_and_cruse,cruise_6,0.8203178682095252,0.0,1174.9478193437596,1221.3848376933074,531.3456207741418,0.8515951162865494,0.9626013993279122,0.16798909112732288,0.0,-2.9915300640164366e-13,-5.336658663347744,0.0,,0.0,0.38772777481534665,0.0,4.295719962389885,True
lift_and_cruse,cruise_6,0.8203413474350039,0.0,1174.9478193437712,1221.3848376933634,531.3456207742543,0.8515951162865465,0.9626013993279093,0.16798909112736052,0.0,-2.991530064016574e-13,-5.336658663347744,0.0,,0.0,0.3877277748153504,0.0,4.312426998552486,True
lift_and_cruse,cruise_6,0.820357599888706,0.0,1174.9478193437726,1221.3848376933697,531.345620774154,0.8515951162865463,0.9626013993279121,0.16798909112732108,0.0,-2.9915300640165896e-13,-5.336658663347744,0.0,,0.0,0.387727774815351,0.0,4.323988626304306,True
lift_and_cruse,cruise_6,0.8203634011791521,0.0,1174.9478193437767,1221.3848376933915,531.3456207741934,0.8515951162865455,0.9626013993279112,0.1679890911273404,0.0,-2.991530064016643e-13,-5.336658663347744,0.0,,0.0,0.3877277748153523,0.0,4.328114923475039,True
lift_and_cruse,cruise_7,0.8203626390756055,0.0,1174.9467846822383,1221.3845071055414,531.3452960243876,0.851594940000995,0.962601385709873,0.16798928431844085,0.0,-2.991529254309938e-13,-5.336658663347744,0.0,,0.0,0.38772743338145255,0.0,4.328114923475039,True
lift_and_cruse,cruise_7,0.8203684408072752,0.0,1174.9467846822602,1221.3845071056487,531.3452960244423,0.8515949400009897,0.9626013857098719,0.16798928431844568,0.0,-2.991529254310201e-13,-5.336658663347744,0.0,,0.0,0.3877274333814597,0.0,4.332241220645771,True
lift_and_cruse,cruise_7,0.820384699299486,0.0,1174.9467846822645,1221.384507105669,531.3452960243937,0.8515949400009882,0.9626013857098733,0.1679892843184356,0.0,-2.9915292543102503e-13,-5.336658663347744,0.0,,0.0,0.3877274333814612,0.0,4.3438028483975915,True
lift_and_cruse,cruise_7,0.8204081997553409,0.0,1174.9467846822615,1221.3845071056535,531.3452960244301,0.8515949400009893,0.9626013857098723,0.16798928431844698,0.0,-2.9915292543102124e-13,-5.336658663347744,0.0,,0.0,0.3877274333814602,0.0,4.360509884560192,True
lift_and_cruse,cruise_7,0.8204342919512628,0.0,1174.9467846822615,1221.384507105653,531.3452960243968,0.8515949400009892,0.9626013857098732,0.16798928431845098,0.0,-2.9915292543102114e-13,-5.336658663347744,0.0,,0.0,0.3877274333814602,0.0,4.379053295723219,True
lift_and_cruse,cruise_7,0.8204578080099403,0.0,1174.9467846822681,1221.384507105686,531.3452960243542,0.8515949400009875,0.9626013857098745,0.1679892843184361,0.0,-2.991529254310292e-13,-5.336658663347744,0.0,,0.0,0.38772743338146237,0.0,4.395760331885819,True
lift_and_cruse,cruise_7,0.8204740859585474,0.0,1174.946784682263,1221.384507105659,531.3452960244454,0.8515949400009893,0.962601385709872,0.16798928431843982,0.0,-2.9915292543102256e-13,-5.336658663347744,0.0,,0.0,0.3877274333814606,0.0,4.40732195963764,True
lift_and_cruse,cruise_7,0.8204798963491102,0.0,1174.9467846822672,1221.3845071056808,531.3452960243998,0.8515949400009879,0.9626013857098733,0.16798928431843524,0.0,-2.991529254310279e-13,-5.336658663347744,0.0,,0.0,0.38772743338146204,0.0,4.411448256808372,True
lift_and_cruse,cruise_8,0.8204791325020963,0.0,1174.9457477396534,1221.3841757978507,531.3449705607924,0.8515947633254265,0.9626013720617326,0.1679894779365757,0.0,-2.991528442840132e-13,-5.336658663347744,0.0,,0.0,0.3877270911948171,0.0,4.411448256808372,True
lift_and_cruse,cruise_8,0.8204849433339085,0.0,1174.9457477391238,1221.3841757952785,531.3449705598837,0.8515947633255605,0.962601372061746,0.16798947793642038,0.0,-2.991528442833832e-13,-5.336658663347744,0.0,,0.0,0.38772709119464244,0.0,4.415574553979104,True
lift_and_cruse,cruise_8,0.820501227329055,0.0,1174.9457477396504,1221.3841757978366,531.3449705608349,0.851594763325427,0.9626013720617314,0.1679894779365791,0.0,-2.991528442840098e-13,-5.336658663347744,0.0,,0.0,0.38772709119481613,0.0,4.427136181730925,True
lift_and_cruse,cruise_8,0.8205247646448185,0.0,1174.9457477393892,1221.3841757965665,531.344970560373,0.8515947633254931,0.9626013720617383,0.16798947793650168,0.0,-2.991528442836987e-13,-5.336658663347744,0.0,,0.0,0.3877270911947299,0.0,4.443843217893526,True
lift_and_cruse,cruise_8,0.8205508977637241,0.0,1174.9457477396497,1221.384175797832,531.344970560841,0.8515947633254276,0.9626013720617311,0.16798947793657173,0.0,-2.9915284428400867e-13,-5.336658663347744,0.0,,0.0,0.3877270911948159,0.0,4.462386629056552,True
lift_and_cruse,cruise_8,0.8205744507025159,0.0,1174.9457477396538,1221.384175797851,531.3449705607741,0.8515947633254262,0.962601372061733,0.16798947793656768,0.0,-2.9915284428401326e-13,-5.336658663347744,0.0,,0.0,0.38772709119481724,0.0,4.479093665219152,True
lift_and_cruse,cruise_8,0.8205907541785062,0.0,1174.9457477396531,1221.384175797849,531.3449705607985,0.8515947633254262,0.9626013720617325,0.16798947793657032,0.0,-2.9915284428401276e-13,-5.336658663347744,0.0,,0.0,0.3877270911948171,0.0,4.490655292970973,True
lift_and_cruse,cruise_8,0.8205965736807849,0.0,1174.9457477396504,1221.3841757978366,531.3449705608349,0.851594763325427,0.9626013720617314,0.1679894779365786,0.0,-2.991528442840098e-13,-5.336658663347744,0.0,,0.0,0.38772709119481613,0.0,4.494781590141705,True
lift_and_cruse,cruise_9,0.8205958038655733,0.0,1174.9447037502944,1221.3838206754913,531.3446356722529,0.8515945874619221,0.9626013585181316,0.16798967059038894,0.0,-2.9915275730412105e-13,-5.336658663347744,0.0,,0.0,0.3877267466827763,0.0,4.494781590141705,True
lift_and_cruse,cruise_9,0.8206016279846889,0.0,1174.9447084542355,1221.3838435194302,531.3446443230133,0.8515945862708888,0.9626013583837982,0.16798967198029868,0.0,-2.991527628992724e-13,-5.336658663347744,0.0,,0.0,0.3877267482350569,0.0,4.498907887312438,True
lift_and_cruse,cruise_9,0.8206179375135892,0.0,1174.9447084532133,1221.3838435144771,531.344644320889,0.8515945862711465,0.9626013583838342,0.16798967197992565,0.0,-2.9915276289805923e-13,-5.336658663347744,0.0,,0.0,0.3877267482347194,0.0,4.510469515064258,True
lift_and_cruse,cruise_9,0.8206415117356645,0.0,1174.944708451796,1221.3838435076168,531.3446443170112,0.8515945862715033,0.9626013583839094,0.16798967197910375,0.0,-2.991527628963789e-13,-5.336658663347744,0.0,,0.0,0.3877267482342518,0.0,4.527176551226859,True
lift_and_cruse,cruise_9,0.8206676858297006,0.0,1174.944708452373,1221.3838435104226,531.3446443161268,0.8515945862713573,0.9626013583839461,0.16798967197865006,0.0,-2.9915276289706615e-13,-5.336658663347744,0.0,,0.0,0.3877267482344422,0.0,4.545719962389885,True
lift_and_cruse,cruise_9,0.8206912756945518,0.0,1174.9447084508406,1221.3838435029986,531.344644312939,0.8515945862717432,0.962601358384,0.16798967197809062,0.0,-2.991527628952478e-13,-5.336658663347744,0.0,,0.0,0.38772674823393655,0.0,4.5624269985524855,True
lift_and_cruse,cruise_9,0.8207076047295269,0.0,1174.9447084495114,1221.383843496565,531.3446443090946,0.8515945862720781,0.9626013583840763,0.16798967197723078,0.0,-2.9915276289367206e-13,-5.336658663347744,0.0,,0.0,0.3877267482334979,0.0,4.573988626304306,True
lift_and_cruse,cruise_9,0.8207134333568804,0.0,1174.944708451885,1221.3838435080731,531.3446443115379,0.8515945862714783,0.962601358384061,0.1679896719773555,0.0,-2.991527628964907e-13,-5.336658663347744,0.0,,0.0,0.3877267482342812,0.0,4.578114923475039,True
lift_and_cruse,cruise_10,0.8207126660399698,0.0,1174.943666967655,1221.3835110082757,531.3443174786582,0.8515944087968407,0.9626013446745662,0.1679898664620996,0.0,-2.991526814575282e-13,-5.336658663347744,0.0,,0.0,0.38772640454892227,0.0,4.578114923475039,True
lift_and_cruse,cruise_10,0.8207184951111379,0.0,1174.943666970803,1221.383511023564,531.3443174844263,0.8515944087960432,0.9626013446744768,0.16798986646302086,0.0,-2.9915268146127273e-13,-5.336658663347744,0.0,,0.0,0.38772640454996105,0.0,4.582241220645771,True
lift_and_cruse,cruise_10,0.8207348302115367,0.0,1174.9436669743404,1221.3835110407435,531.3443174907961,0.8515944087951476,0.9626013446743795,0.16798986646402653,0.0,-2.991526814654805e-13,-5.336658663347744,0.0,,0.0,0.38772640455112845,0.0,4.5938028483975915,True
lift_and_cruse,cruise_10,0.8207584414201609,0.0,1174.9436670094915,1221.3835112114486,531.3443175547279,0.8515944087862474,0.9626013446733951,0.1679898664741977,0.0,-2.991526815072912e-13,-5.336658663347744,0.0,,0.0,0.3877264045627281,0.0,4.610509884560192,True
lift_and_cruse,cruise_10,0.8207846565106943,0.0,1174.9436669751192,1221.3835110445254,531.3443174920816,0.8515944087949504,0.9626013446743613,0.16798986646421626,0.0,-2.991526814664068e-13,-5.336658663347744,0.0,,0.0,0.38772640455138546,0.0,4.629053295723219,True
lift_and_cruse,cruise_10,0.8208082833509444,0.0,1174.9436669749089,1221.3835110435043,531.3443174917777,0.8515944087950035,0.962601344674365,0.1679898664641728,0.0,-2.991526814661567e-13,-5.336658663347744,0.0,,0.0,0.387726404551316,0.0,4.645760331885819,True
lift_and_cruse,cruise_10,0.8208246381392225,0.0,1174.943667154944,1221.3835119178216,531.3443178192532,0.8515944087494185,0.9626013446693225,0.1679898665162318,0.0,-2.9915268168030267e-13,-5.336658663347744,0.0,,0.0,0.3877264046107268,0.0,4.65732195963764,True
lift_and_cruse,cruise_10,0.8208304759102467,0.0,1174.9436671666183,1221.383511974516,531.3443178404747,0.8515944087464624,0.962601344668996,0.16798986651959733,0.0,-2.991526816941888e-13,-5.336658663347744,0.0,,0.0,0.38772640461457936,0.0,4.661448256808372,True
lift_and_cruse,cruise_11,0.8208297066039346,0.0,1174.9426231163168,1221.3831775195813,531.343989853084,0.8515942309400627,0.9626013309352552,0.1679900613735665,0.0,-2.9915259977635577e-13,-5.336658663347744,0.0,,0.0,0.3877260600824277,0.0,4.661448256808372,True
lift_and_cruse,cruise_11,0.8208355448060551,0.0,1174.9426231142777,1221.3831775096774,531.3439898494129,0.8515942309405793,0.9626013309353113,0.16799006137297662,0.0,-2.9915259977392996e-13,-5.336658663347744,0.0,,0.0,0.3877260600817548,0.0,4.665574553979104,True
lift_and_cruse,cruise_11,0.8208519055279799,0.0,1174.9426231416942,1221.3831776428226,531.3439898993288,0.8515942309336371,0.9626013309345423,0.16799006138090927,0.0,-2.9915259980654114e-13,-5.336658663347744,0.0,,0.0,0.3877260600908022,0.0,4.677136181730925,True
lift_and_cruse,cruise_11,0.8208755537071603,0.0,1174.9426231417472,1221.383177643079,531.3439898994382,0.8515942309336235,0.9626013309345404,0.1679900613809281,0.0,-2.99152599806604e-13,-5.336658663347744,0.0,,0.0,0.3877260600908196,0.0,4.693843217893526,True
lift_and_cruse,cruise_11,0.8209018099079425,0.0,1174.9426231415414,1221.38317764208,531.3439898989884,0.8515942309336758,0.9626013309345482,0.1679900613808596,0.0,-2.991525998063593e-13,-5.336658663347744,0.0,,0.0,0.3877260600907517,0.0,4.712386629056552,True
lift_and_cruse,cruise_11,0.8209254737592702,0.0,1174.9426231291595,1221.38317758195,531.343989876527,0.8515942309368109,0.9626013309348934,0.16799006137728617,0.0,-2.9915259979163165e-13,-5.336658663347744,0.0,,0.0,0.38772606008666577,0.0,4.729093665219152,True
lift_and_cruse,cruise_11,0.820941854021552,0.0,1174.9426231382697,1221.3831776261918,531.3439898929923,0.8515942309345045,0.9626013309346411,0.16799006137990635,0.0,-2.991525998024678e-13,-5.336658663347744,0.0,,0.0,0.38772606008967203,0.0,4.740655292970973,True
lift_and_cruse,cruise_11,0.820947700855693,0.0,1174.942623055595,1221.3831772246933,531.3439897426157,0.8515942309554374,0.9626013309369565,0.16799006135599223,0.0,-2.99152599704129e-13,-5.336658663347744,0.0,,0.0,0.38772606006238974,0.0,4.744781590141705,True
lift_and_cruse,cruise_12,0.8209469300009185,0.0,1174.9415769399961,1221.382843296999,531.3436615001086,0.8515940526857666,0.9626013171652587,0.16799025672029202,0.0,-2.991525179154326e-13,-5.336658663347744,0.0,,0.0,0.38772571484869883,0.0,4.744781590141705,True
lift_and_cruse,cruise_12,0.8209527773584048,0.0,1174.941576947083,1221.3828433314166,531.3436615130153,0.8515940526839721,0.9626013171650597,0.16799025672235038,0.0,-2.991525179238625e-13,-5.336658663347744,0.0,,0.0,0.38772571485103746,0.0,4.748907887312438,True
lift_and_cruse,cruise_12,0.8209691637185713,0.0,1174.9415769801728,1221.3828434921118,531.3436615732122,0.851594052675594,0.9626013171641328,0.16799025673192294,0.0,-2.9915251796322147e-13,-5.336658663347744,0.0,,0.0,0.387725714861957,0.0,4.760469515064258,True
lift_and_cruse,cruise_12,0.8209928489402049,0.0,1174.9415769726297,1221.3828434554803,531.3436615594788,0.851594052677504,0.9626013171643443,0.16799025672973453,0.0,-2.9915251795424936e-13,-5.336658663347744,0.0,,0.0,0.38772571485946783,0.0,4.777176551226859,True
lift_and_cruse,cruise_12,0.8210191462717634,0.0,1174.9415769702066,1221.382843443712,531.3436615550662,0.8515940526781174,0.9626013171644122,0.16799025672903112,0.0,-2.9915251795136695e-13,-5.336658663347744,0.0,,0.0,0.38772571485866825,0.0,4.795719962389885,True
lift_and_cruse,cruise_12,0.8210428471750395,0.0,1174.941576938079,1221.3828432876894,531.3436614966289,0.8515940526862521,0.962601317165312,0.16799025671975276,0.0,-2.9915251791315245e-13,-5.336658663347744,0.0,,0.0,0.3877257148480662,0.0,4.8124269985524855,True
lift_and_cruse,cruise_12,0.8210592530884858,0.0,1174.941576938921,1221.3828432917785,531.3436614981879,0.8515940526860389,0.9626013171652879,0.16799025671999412,0.0,-2.9915251791415397e-13,-5.336658663347744,0.0,,0.0,0.387725714848344,0.0,4.823988626304306,True
lift_and_cruse,cruise_12,0.8210651091769211,0.0,1174.9415769642837,1221.382843414949,531.3436615442351,0.8515940526796169,0.9626013171645799,0.16799025672731763,0.0,-2.991525179443221e-13,-5.336658663347744,0.0,,0.0,0.38772571485671364,0.0,4.828114923475039,True
lift_and_cruse,cruise_13,0.8210643336828721,0.0,1174.94052529746,1221.3824931367753,531.3433265723384,0.8515938748245379,0.9626013034562113,0.16799045155185696,0.0,-2.991524321509132e-13,-5.336658663347744,0.0,,0.0,0.3877253678111422,0.0,4.828114923475039,True
lift_and_cruse,cruise_13,0.8210701912337834,0.0,1174.9405264727602,1221.3824988443953,531.3433297415665,0.8515938745269542,0.9626013033950802,0.16799045221777242,0.0,-2.991524335488769e-13,-5.336658663347744,0.0,,0.0,0.3877253681989863,0.0,4.832241220645771,True
lift_and_cruse,cruise_13,0.82108660497398,0.0,1174.9405284577906,1221.3825084843502,531.3433321698366,0.8515938740243442,0.9626013033718269,0.16799045241786295,0.0,-2.9915243590998487e-13,-5.336658663347744,0.0,,0.0,0.3877253688540378,0.0,4.8438028483975915,True
lift_and_cruse,cruise_13,0.8211103275421152,0.0,1174.94052872583,1221.3825097859512,531.3433327085177,0.8515938739564849,0.962601303362921,0.16799045251152406,0.0,-2.991524362287852e-13,-5.336658663347744,0.0,,0.0,0.38772536894248966,0.0,4.860509884560192,True
lift_and_cruse,cruise_13,0.82113666475611,0.0,1174.9405272848333,1221.3825027884732,531.343329813807,0.8515938743213008,0.9626013034107648,0.16799045200840748,0.0,-2.9915243451489736e-13,-5.336658663347744,0.0,,0.0,0.3877253684669669,0.0,4.879053295723219,True
lift_and_cruse,cruise_13,0.8211604102344425,0.0,1174.9405354867206,1221.3825426168255,531.3433462930972,0.8515938722448343,0.9626013031383617,0.167990454873134,0.0,-2.991524442700302e-13,-5.336658663347744,0.0,,0.0,0.3877253711735548,0.0,4.895760331885819,True
lift_and_cruse,cruise_13,0.8211768351272443,0.0,1174.940528076768,1221.3825066341064,531.3433314054382,0.8515938741208073,0.96260130338445,0.16799045228515858,0.0,-2.9915243545680586e-13,-5.336658663347744,0.0,,0.0,0.3877253687283021,0.0,4.90732195963764,True
lift_and_cruse,cruise_13,0.8211826989455033,0.0,1174.9405265074295,1221.3824990133664,531.3433283510333,0.851593874518119,0.9626013034338708,0.1679904517682242,0.0,-2.991524335902629e-13,-5.336658663347744,0.0,,0.0,0.3877253682104269,0.0,4.911448256808372,True
lift_and_cruse,cruise_14,0.8211819222698047,0.0,1174.9394731273842,1221.3821510734642,531.3429943161267,0.8515936961011662,0.9626012896625927,0.16799064737937233,0.0,-2.991523483695654e-13,-5.336658663347744,0.0,,0.0,0.3877250205994997,0.0,4.911448256808372,True
lift_and_cruse,cruise_14,0.8211877911983152,0.0,1174.9394768334257,1221.3821690712493,531.3430006970959,0.851593695162791,0.9626012895686452,0.16799064833701283,0.0,-2.991523527777514e-13,-5.336658663347744,0.0,,0.0,0.3877250218224776,0.0,4.915574553979104,True
lift_and_cruse,cruise_14,0.8212042280183208,0.0,1174.939475818683,1221.3821641431748,531.3429999166334,0.8515936954197385,0.9626012895679258,0.1679906483804469,0.0,-2.9915235157072126e-13,-5.336658663347744,0.0,,0.0,0.38772502148761684,0.0,4.927136181730925,True
lift_and_cruse,cruise_14,0.8212279874860648,0.0,1174.9394758193955,1221.3821641466657,531.3429998447758,0.8515936954195553,0.9626012895699069,0.16799064835751765,0.0,-2.9915235157157625e-13,-5.336658663347744,0.0,,0.0,0.387725021487852,0.0,4.943843217893526,True
lift_and_cruse,cruise_14,0.8212543720721905,0.0,1174.9394811928817,1221.3821902407087,531.3430094530155,0.8515936940591126,0.9626012894239435,0.167990649858702,0.0,-2.991523579627735e-13,-5.336658663347744,0.0,,0.0,0.3877250232610795,0.0,4.962386629056552,True
lift_and_cruse,cruise_14,0.8212781449974793,0.0,1174.939478666228,1221.382177971311,531.3430043790977,0.851593694698783,0.9626012895077868,0.16799064897702365,0.0,-2.9915235495763777e-13,-5.336658663347744,0.0,,0.0,0.38772502242729456,0.0,4.979093665219152,True
lift_and_cruse,cruise_14,0.8212946029767505,0.0,1174.9394793839015,1221.3821814563228,531.3430058205132,0.8515936945170901,0.9626012894839661,0.16799064922751744,0.0,-2.991523558112195e-13,-5.336658663347744,0.0,,0.0,0.38772502266412373,0.0,4.990655292970973,True
lift_and_cruse,cruise_14,0.8213004756764235,0.0,1174.9394774866212,1221.3821722431549,531.3430020104624,0.8515936949974223,0.9626012895469248,0.1679906485654715,0.0,-2.991523535546442e-13,-5.336658663347744,0.0,,0.0,0.3877250220380293,0.0,4.994781590141705,True
lift_and_cruse,cruise_15,0.821299695649668,0.0,1174.9384200333425,1221.3818152328784,531.3426640589266,0.8515935166112599,0.9626012757941784,0.16799084410351361,0.0,-2.991522661123457e-13,-5.336658663347744,0.0,,0.0,0.3877246730829524,0.0,4.994781590141705,True
lift_and_cruse,cruise_15,0.8213055773786105,0.0,1174.9384277236095,1221.3818525781344,531.3426784936654,0.8515935146641866,0.9626012755665754,0.16799084646816947,0.0,-2.991522752592953e-13,-5.336658663347744,0.0,,0.0,0.3877246756207077,0.0,4.998907887312438,True
lift_and_cruse,cruise_15,0.8213220363959498,0.0,1174.9384228492572,1221.381828908263,531.3426687122078,0.851593515898231,0.9626012757281319,0.16799084476948034,0.0,-2.991522694618489e-13,-5.336658663347744,0.0,,0.0,0.38772467401219224,0.0,5.010469515064258,True
lift_and_cruse,cruise_15,0.8213458330285204,0.0,1174.9384228121125,1221.381828727845,531.3426687425828,0.8515935159076392,0.9626012757264932,0.16799084478971693,0.0,-2.9915226941765925e-13,-5.336658663347744,0.0,,0.0,0.3877246739999346,0.0,5.027176551226859,True
lift_and_cruse,cruise_15,0.8213722585666985,0.0,1174.9384277745105,1221.3818528253107,531.3426785967671,0.8515935146512996,0.9626012755648622,0.1679908464862193,0.0,-2.9915227531983606e-13,-5.336658663347744,0.0,,0.0,0.38772467563750485,0.0,5.045719962389885,True
lift_and_cruse,cruise_15,0.821396067025717,0.0,1174.9384233897922,1221.381831533103,531.3426697979639,0.8515935157613832,0.9626012757101874,0.16799084495819772,0.0,-2.9915227010474927e-13,-5.336658663347744,0.0,,0.0,0.3877246741905665,0.0,5.0624269985524855,True
lift_and_cruse,cruise_15,0.8214125495895088,0.0,1174.9384227617456,1221.381828482756,531.3426697841304,0.851593515920438,0.9626012756969073,0.16799084513341941,0.0,-2.9915226935762973e-13,-5.336658663347744,0.0,,0.0,0.3877246739833138,0.0,5.073988626304306,True
lift_and_cruse,cruise_15,0.8214184332036952,0.0,1174.9384227808666,1221.3818285758,531.342669392258,0.8515935159155791,0.9626012757080424,0.16799084500405465,0.0,-2.9915226938041895e-13,-5.336658663347744,0.0,,0.0,0.3877246739896237,0.0,5.078114923475039,True
lift_and_cruse,cruise_16,0.8214176496418429,0.0,1174.9373610286173,1221.3814614501332,531.3423266632394,0.8515933376125802,0.9626012619924661,0.16799104026140177,0.0,-2.991521794605644e-13,-5.336658663347744,0.0,,0.0,0.38772432361590464,0.0,5.078114923475039,True
lift_and_cruse,cruise_16,0.8214235384435897,0.0,1174.9373663796007,1221.3814874363823,531.3423364102923,0.8515933362576898,0.9626012618422162,0.16799104181289218,0.0,-2.9915218582535977e-13,-5.336658663347744,0.0,,0.0,0.3877243253817064,0.0,5.082241220645771,True
lift_and_cruse,cruise_16,0.8214400276605728,0.0,1174.9373664042878,1221.3814875562603,531.3423364577861,0.85159333625144,0.9626012618414539,0.16799104182085586,0.0,-2.991521858547214e-13,-5.336658663347744,0.0,,0.0,0.3877243253898531,0.0,5.0938028483975915,True
lift_and_cruse,cruise_16,0.8214638616041144,0.0,1174.937366448371,1221.3814877703207,531.3423365419518,0.8515933362402801,0.9626012618401103,0.16799104183485672,0.0,-2.991521859071511e-13,-5.336658663347744,0.0,,0.0,0.3877243254044003,0.0,5.110509884560192,True
lift_and_cruse,cruise_16,0.8214903239501465,0.0,1174.9373663934957,1221.3814875038556,531.3423364370722,0.851593336254172,0.9626012618417858,0.16799104181739402,0.0,-2.9915218584188596e-13,-5.336658663347744,0.0,,0.0,0.3877243253862917,0.0,5.129053295723219,True
lift_and_cruse,cruise_16,0.8215141736203042,0.0,1174.9373663731853,1221.3814874052318,531.3423363980116,0.8515933362593139,0.9626012618424126,0.16799104181084865,0.0,-2.991521858177301e-13,-5.336658663347744,0.0,,0.0,0.38772432537958934,0.0,5.145760331885819,True
lift_and_cruse,cruise_16,0.8215306824809895,0.0,1174.937366353778,1221.381487310994,531.3423363602153,0.851593336264227,0.9626012618430244,0.16799104180444788,0.0,-2.991521857946485e-13,-5.336658663347744,0.0,,0.0,0.387724325373185,0.0,5.15732195963764,True
lift_and_cruse,cruise_16,0.821536575285842,0.0,1174.9373663388506,1221.3814872385094,531.3423363308189,0.8515933362680053,0.9626012618435039,0.16799104179943883,0.0,-2.991521857768949e-13,-5.336658663347744,0.0,,0.0,0.387724325368259,0.0,5.161448256808372,True
lift_and_cruse,cruise_17,0.8215357974961353,0.0,1174.9363107896804,1221.3811610520916,531.3420086991181,0.8515931553840521,0.9626012478498365,0.1679912400566153,0.0,-2.9915210588426434e-13,-5.336658663347744,0.0,,0.0,0.3877239770415298,0.0,5.161448256808372,True
lift_and_cruse,cruise_17,0.8215416907610301,0.0,1174.9363107896518,1221.3811610519501,531.3420086990511,0.8515931553840593,0.9626012478498376,0.16799124005660893,0.0,-2.991521058842297e-13,-5.336658663347744,0.0,,0.0,0.3877239770415203,0.0,5.165574553979104,True
lift_and_cruse,cruise_17,0.8215582057549973,0.0,1174.9363107896606,1221.3811610519929,531.342008699115,0.8515931553840572,0.962601247849836,0.16799124005661611,0.0,-2.991521058842402e-13,-5.336658663347744,0.0,,0.0,0.3877239770415232,0.0,5.177136181730925,True
lift_and_cruse,cruise_17,0.8215820769479505,0.0,1174.936310789659,1221.3811610519863,531.342008699191,0.8515931553840576,0.9626012478498339,0.1679912400566258,0.0,-2.991521058842386e-13,-5.336658663347744,0.0,,0.0,0.3877239770415227,0.0,5.193843217893526,True
lift_and_cruse,cruise_17,0.821608580743642,0.0,1174.936310789659,1221.3811610519863,531.3420086990877,0.8515931553840576,0.9626012478498368,0.16799124005661634,0.0,-2.991521058842386e-13,-5.336658663347744,0.0,,0.0,0.3877239770415227,0.0,5.212386629056552,True
lift_and_cruse,cruise_17,0.8216324677424629,0.0,1174.9363107896631,1221.381161052007,531.342008699112,0.8515931553840564,0.9626012478498361,0.16799124005661725,0.0,-2.9915210588424364e-13,-5.336658663347744,0.0,,0.0,0.38772397704152406,0.0,5.229093665219152,True
lift_and_cruse,cruise_17,0.8216490024459989,0.0,1174.936310789647,1221.3811610519292,531.3420086990786,0.8515931553840607,0.9626012478498367,0.1679912400566156,0.0,-2.991521058842246e-13,-5.336658663347744,0.0,,0.0,0.3877239770415188,0.0,5.240655292970973,True
lift_and_cruse,cruise_17,0.821654904482527,0.0,1174.9363107896634,1221.3811610520074,531.3420086990633,0.8515931553840566,0.9626012478498375,0.16799124005660682,0.0,-2.9915210588424374e-13,-5.336658663347744,0.0,,0.0,0.38772397704152417,0.0,5.244781590141705,True
lift_and_cruse,cruise_18,0.8216541227113938,0.0,1174.9352504258843,1221.3808223515016,531.3416759067354,0.851592974703975,0.9626012338926063,0.16799143805938907,0.0,-2.991520229265457e-13,-5.336658663347744,0.0,,0.0,0.3877236271259945,0.0,5.244781590141705,True
lift_and_cruse,cruise_18,0.8216600251948298,0.0,1174.935250425895,1221.3808223515512,531.341675906787,0.851592974703972,0.9626012338926051,0.1679914380594,0.0,-2.9915202292655785e-13,-5.336658663347744,0.0,,0.0,0.38772362712599806,0.0,5.248907887312438,True
lift_and_cruse,cruise_18,0.8216765660216417,0.0,1174.9352504258925,1221.3808223515393,531.3416759067841,0.8515929747039729,0.9626012338926051,0.16799143805940034,0.0,-2.991520229265549e-13,-5.336658663347744,0.0,,0.0,0.38772362712599723,0.0,5.260469515064258,True
lift_and_cruse,cruise_18,0.8217004745524321,0.0,1174.9352504258802,1221.3808223514804,531.3416759067142,0.8515929747039758,0.9626012338926068,0.16799143805938674,0.0,-2.9915202292654053e-13,-5.336658663347744,0.0,,0.0,0.3877236271259931,0.0,5.277176551226859,True
lift_and_cruse,cruise_18,0.8217270198015221,0.0,1174.9352504258973,1221.380822351562,531.3416759068326,0.8515929747039714,0.9626012338926039,0.1679914380594121,0.0,-2.991520229265605e-13,-5.336658663347744,0.0,,0.0,0.3877236271259987,0.0,5.295719962389885,True
lift_and_cruse,cruise_18,0.8217509441588837,0.0,1174.9352504258902,1221.380822351528,531.3416759067597,0.8515929747039735,0.9626012338926057,0.1679914380593897,0.0,-2.9915202292655214e-13,-5.336658663347744,0.0,,0.0,0.3877236271259964,0.0,5.3124269985524855,True
lift_and_cruse,cruise_18,0.8217675047210979,0.0,1174.9352504258795,1221.380822351477,531.3416759067658,0.8515929747039759,0.9626012338926053,0.1679914380594042,0.0,-2.9915202292653967e-13,-5.336658663347744,0.0,,0.0,0.38772362712599284,0.0,5.323988626304306,True
lift_and_cruse,cruise_18,0.8217734159876325,0.0,1174.9352504259086,1221.3808223516178,531.3416759068235,0.8515929747039687,0.9626012338926043,0.1679914380594045,0.0,-2.9915202292657415e-13,-5.336658663347744,0.0,,0.0,0.3877236271260025,0.0,5.328114923475039,True
lift_and_cruse,cruise_19,0.8217726323736787,0.0,1174.9341876571598,1221.3804828920622,531.341342361828,0.8515927936126771,0.9626012199036379,0.16799163651240936,0.0,-2.991519397829625e-13,-5.336658663347744,0.0,,0.0,0.387723276416843,0.0,5.328114923475039,True
lift_and_cruse,cruise_19,0.8217785440876266,0.0,1174.934187657159,1221.3804828920588,531.3413423618643,0.8515927936126769,0.9626012199036369,0.16799163651241839,0.0,-2.991519397829617e-13,-5.336658663347744,0.0,,0.0,0.38772327641684284,0.0,5.332241220645771,True
lift_and_cruse,cruise_19,0.8217951107809809,0.0,1174.9341876571573,1221.3804828920506,531.3413423618736,0.8515927936126775,0.9626012199036367,0.1679916365124231,0.0,-2.9915193978295967e-13,-5.336658663347744,0.0,,0.0,0.3877232764168422,0.0,5.3438028483975915,True
lift_and_cruse,cruise_19,0.8218190566983473,0.0,1174.9341876571627,1221.380482892078,531.3413423619373,0.851592793612676,0.962601219903635,0.1679916365124318,0.0,-2.9915193978296634e-13,-5.336658663347744,0.0,,0.0,0.38772327641684406,0.0,5.360509884560192,True
lift_and_cruse,cruise_19,0.8218456434548912,0.0,1174.9341876571693,1221.380482892108,531.3413423618736,0.8515927936126747,0.9626012199036369,0.16799163651241744,0.0,-2.991519397829737e-13,-5.336658663347744,0.0,,0.0,0.38772327641684623,0.0,5.379053295723219,True
lift_and_cruse,cruise_19,0.821869605219586,0.0,1174.9341876571611,1221.38048289207,531.3413423618917,0.8515927936126764,0.9626012199036362,0.16799163651242655,0.0,-2.991519397829644e-13,-5.336658663347744,0.0,,0.0,0.38772327641684345,0.0,5.395760331885819,True
lift_and_cruse,cruise_19,0.8218861916742577,0.0,1174.9341876571682,1221.380482892104,531.3413423618523,0.8515927936126749,0.9626012199036375,0.16799163651241958,0.0,-2.9915193978297275e-13,-5.336658663347744,0.0,,0.0,0.3877232764168459,0.0,5.40732195963764,True
lift_and_cruse,cruise_19,0.8218921121828158,0.0,1174.9341876571648,1221.3804828920877,531.341342361901,0.8515927936126753,0.9626012199036361,0.16799163651243249,0.0,-2.9915193978296876e-13,-5.336658663347744,0.0,,0.0,0.38772327641684473,0.0,5.411448256808372,True
lift_and_cruse,cruise_20,0.8218913267166348,0.0,1174.933122471703,1221.3801426699204,531.3410080607732,0.8515926121081516,0.9626012058827736,0.16799183541788193,0.0,-2.991518564525711e-13,-5.336658663347744,0.0,,0.0,0.3877229249101803,0.0,5.411448256808372,True
lift_and_cruse,cruise_20,0.8218972476731348,0.0,1174.9331224716698,1221.3801426697576,531.341008060761,0.8515926121081601,0.9626012058827733,0.16799183541787627,0.0,-2.991518564525312e-13,-5.336658663347744,0.0,,0.0,0.3877229249101693,0.0,5.415574553979104,True
lift_and_cruse,cruise_20,0.8219138402668396,0.0,1174.9331224716784,1221.3801426698005,531.3410080607854,0.8515926121081582,0.9626012058827729,0.16799183541788246,0.0,-2.9915185645254177e-13,-5.336658663347744,0.0,,0.0,0.38772292491017213,0.0,5.427136181730925,True
lift_and_cruse,cruise_20,0.8219378236196455,0.0,1174.9331224716998,1221.3801426699047,531.3410080608188,0.8515926121081523,0.9626012058827724,0.16799183541790078,0.0,-2.9915185645256727e-13,-5.336658663347744,0.0,,0.0,0.3877229249101792,0.0,5.443843217893526,True
lift_and_cruse,cruise_20,0.8219644519379306,0.0,1174.9331224716864,1221.3801426698408,531.3410080608097,0.8515926121081556,0.9626012058827723,0.16799183541790072,0.0,-2.991518564525516e-13,-5.336658663347744,0.0,,0.0,0.38772292491017474,0.0,5.462386629056552,True
lift_and_cruse,cruise_20,0.8219884511588967,0.0,1174.9331224716805,1221.3801426698112,531.3410080607367,0.8515926121081574,0.9626012058827741,0.16799183541788068,0.0,-2.991518564525444e-13,-5.336658663347744,0.0,,0.0,0.3877229249101728,0.0,5.479093665219152,True
lift_and_cruse,cruise_20,0.8220050635399037,0.0,1174.9331224716848,1221.3801426698324,531.3410080607338,0.8515926121081563,0.9626012058827743,0.16799183541788057,0.0,-2.9915185645254955e-13,-5.336658663347744,0.0,,0.0,0.38772292491017424,0.0,5.490655292970973,True
lift_and_cruse,cruise_20,0.8220109933026271,0.0,1174.9331224716989,1221.380142669899,531.3410080608219,0.8515926121081527,0.9626012058827722,0.16799183541789492,0.0,-2.9915185645256585e-13,-5.336658663347744,0.0,,0.0,0.38772292491017896,0.0,5.494781590141705,True
lift_and_cruse,cruise_21,0.8220102059591687,0.0,1174.9320548401581,1221.3798015963762,531.3406729666319,0.8515924301927985,0.9626011918303852,0.16799203477254074,0.0,-2.991517729136463e-13,-5.336658663347744,0.0,,0.0,0.3877225725963188,0.0,5.494781590141705,True
lift_and_cruse,cruise_21,0.8220161363118683,0.0,1174.9320549968422,1221.3798023572272,531.340673266182,0.8515924301531312,0.9626011918255989,0.16799203482243735,0.0,-2.9915177310000103e-13,-5.336658663347744,0.0,,0.0,0.3877225726480239,0.0,5.498907887312438,True
lift_and_cruse,cruise_21,0.8220327547777516,0.0,1174.932054928153,1221.3798020236766,531.3406731353126,0.8515924301705209,0.9626011918276849,0.16799203480071553,0.0,-2.9915177301830467e-13,-5.336658663347744,0.0,,0.0,0.38772257262535675,0.0,5.510469515064258,True
lift_and_cruse,cruise_21,0.8220567756721106,0.0,1174.9320549913275,1221.3798023304485,531.34067325567,0.8515924301545269,0.9626011918257664,0.16799203482070824,0.0,-2.9915177309344215e-13,-5.336658663347744,0.0,,0.0,0.3877225726462041,0.0,5.527176551226859,True
lift_and_cruse,cruise_21,0.8220834454218944,0.0,1174.9320547868745,1221.3798013376356,531.3406728661985,0.8515924302062885,0.9626011918319736,0.167992034756027,0.0,-2.991517728502731e-13,-5.336658663347744,0.0,,0.0,0.38772257257873544,0.0,5.545719962389885,True
lift_and_cruse,cruise_21,0.822107482099818,0.0,1174.9320547332711,1221.3798010773376,531.3406727640935,0.8515924302198594,0.9626011918336009,0.1679920347390636,0.0,-2.991517727865185e-13,-5.336658663347744,0.0,,0.0,0.3877225725610466,0.0,5.5624269985524855,True
lift_and_cruse,cruise_21,0.8221241205684058,0.0,1174.9320548741084,1221.3798017612382,531.3406730324843,0.8515924301842032,0.9626011918293222,0.16799203478363836,0.0,-2.9915177295402586e-13,-5.336658663347744,0.0,,0.0,0.3877225726075223,0.0,5.573988626304306,True
lift_and_cruse,cruise_21,0.8221300594096671,0.0,1174.9320546663034,1221.3798007521464,531.3406726364335,0.8515924302368134,0.9626011918356366,0.16799203471785587,0.0,-2.991517727068696e-13,-5.336658663347744,0.0,,0.0,0.38772257253894754,0.0,5.578114923475039,True
lift_and_cruse,cruise_22,0.8221292703830116,0.0,1174.9309848029811,1221.379459922164,531.3403371750907,0.851592247851304,0.9626011777447349,0.1679922345950625,0.0,-2.991516892276002e-13,-5.336658663347744,0.0,,0.0,0.3877222194886091,0.0,5.578114923475039,True
lift_and_cruse,cruise_22,0.8221352098610926,0.0,1174.9309848030325,1221.3794599224132,531.3403371752091,0.8515922478512912,0.9626011777447327,0.16799223459508594,0.0,-2.9915168922766123e-13,-5.336658663347744,0.0,,0.0,0.387722219488626,0.0,5.582241220645771,True
lift_and_cruse,cruise_22,0.8221518543573333,0.0,1174.9309848030268,1221.3794599223856,531.3403371751393,0.8515922478512927,0.9626011777447346,0.1679922345950639,0.0,-2.991516892276545e-13,-5.336658663347744,0.0,,0.0,0.3877222194886242,0.0,5.5938028483975915,True
lift_and_cruse,cruise_22,0.8221759127282682,0.0,1174.930984803024,1221.379459922372,531.3403371751879,0.8515922478512932,0.9626011777447332,0.16799223459508567,0.0,-2.991516892276512e-13,-5.336658663347744,0.0,,0.0,0.38772221948862323,0.0,5.610509884560192,True
lift_and_cruse,cruise_22,0.822202624333682,0.0,1174.9309848030332,1221.3794599224173,531.3403371751726,0.8515922478512911,0.9626011777447337,0.1679922345950774,0.0,-2.9915168922766224e-13,-5.336658663347744,0.0,,0.0,0.3877222194886262,0.0,5.629053295723219,True
lift_and_cruse,cruise_22,0.8222266986147028,0.0,1174.9309848030255,1221.3794599223788,531.340337175121,0.851592247851293,0.962601177744735,0.16799223459507553,0.0,-2.9915168922765285e-13,-5.336658663347744,0.0,,0.0,0.3877222194886237,0.0,5.645760331885819,True
lift_and_cruse,cruise_22,0.8222433629505235,0.0,1174.930984803032,1221.3794599224107,531.3403371751544,0.8515922478512911,0.9626011777447342,0.167992234595086,0.0,-2.991516892276606e-13,-5.336658663347744,0.0,,0.0,0.38772221948862584,0.0,5.65732195963764,True
lift_and_cruse,cruise_22,0.8222493112579947,0.0,1174.9309848030312,1221.3794599224072,531.3403371751666,0.8515922478512916,0.962601177744734,0.16799223459508217,0.0,-2.991516892276598e-13,-5.336658663347744,0.0,,0.0,0.3877222194886256,0.0,5.661448256808372,True
lift_and_cruse,cruise_23,0.8222485201776393,0.0,1174.9299122957584,1221.3791173891616,531.3400005830202,0.8515920650948674,0.9626011636272428,0.1679924348712801,0.0,-2.991516053312112e-13,-5.336658663347744,0.0,,0.0,0.3877218655657947,0.0,5.661448256808372,True
lift_and_cruse,cruise_23,0.8222544689346574,0.0,1174.929912295737,1221.3791173890572,531.3400005828561,0.851592065094873,0.9626011636272468,0.16799243487124738,0.0,-2.9915160533118567e-13,-5.336658663347744,0.0,,0.0,0.38772186556578764,0.0,5.665574553979104,True
lift_and_cruse,cruise_23,0.8222711394333653,0.0,1174.9299122957527,1221.379117389134,531.3400005829109,0.8515920650948685,0.9626011636272456,0.16799243487126103,0.0,-2.991516053312045e-13,-5.336658663347744,0.0,,0.0,0.38772186556579274,0.0,5.677136181730925,True
lift_and_cruse,cruise_23,0.8222952353873266,0.0,1174.929912295719,1221.3791173889692,531.3400005828348,0.8515920650948774,0.9626011636272469,0.16799243487124052,0.0,-2.991516053311641e-13,-5.336658663347744,0.0,,0.0,0.38772186556578164,0.0,5.693843217893526,True
lift_and_cruse,cruise_23,0.8223219887184577,0.0,1174.9299122957057,1221.379117388906,531.3400005829229,0.851592065094881,0.9626011636272441,0.16799243487126522,0.0,-2.991516053311486e-13,-5.336658663347744,0.0,,0.0,0.3877218655657772,0.0,5.712386629056552,True
lift_and_cruse,cruise_23,0.8223461006036591,0.0,1174.929912295768,1221.3791173892075,531.340000582999,0.851592065094865,0.9626011636272436,0.16799243487126977,0.0,-2.9915160533122247e-13,-5.336658663347744,0.0,,0.0,0.38772186556579785,0.0,5.729093665219152,True
lift_and_cruse,cruise_23,0.8223627909681527,0.0,1174.9299122957361,1221.3791173890525,531.3400005829503,0.851592065094873,0.9626011636272441,0.16799243487126142,0.0,-2.991516053311845e-13,-5.336658663347744,0.0,,0.0,0.3877218655657873,0.0,5.740655292970973,True
lift_and_cruse,cruise_23,0.8223687485663396,0.0,1174.9299122957564,1221.3791173891505,531.3400005829899,0.8515920650948676,0.9626011636272435,0.16799243487126495,0.0,-2.991516053312085e-13,-5.336658663347744,0.0,,0.0,0.387721865565794,0.0,5.744781590141705,True
lift_and_cruse,cruise_24,0.8223679555954048,0.0,1174.9288373239403,1221.3787740789294,531.339663219887,0.8515918819169604,0.962601149477221,0.16799263560893998,0.0,-2.9915152124445584e-13,-5.336658663347744,0.0,,0.0,0.38772151082967443,0.0,5.744781590141705,True
lift_and_cruse,cruise_24,0.822373913643685,0.0,1174.9288373239415,1221.3787740789353,531.3396632198991,0.8515918819169599,0.9626011494772206,0.16799263560894778,0.0,-2.9915152124445726e-13,-5.336658663347744,0.0,,0.0,0.38772151082967476,0.0,5.748907887312438,True
lift_and_cruse,cruise_24,0.8223906101791071,0.0,1174.9288373239633,1221.3787740790426,531.3396632199021,0.8515918819169547,0.9626011494772211,0.16799263560894367,0.0,-2.9915152124448356e-13,-5.336658663347744,0.0,,0.0,0.3877215108296819,0.0,5.760469515064258,True
lift_and_cruse,cruise_24,0.8224147437657044,0.0,1174.9288373239658,1221.3787740790535,531.33966321989,0.8515918819169543,0.9626011494772215,0.16799263560894429,0.0,-2.9915152124448624e-13,-5.336658663347744,0.0,,0.0,0.38772151082968276,0.0,5.777176551226859,True
lift_and_cruse,cruise_24,0.8224415388775946,0.0,1174.9288373239528,1221.3787740789908,531.339663219887,0.8515918819169576,0.9626011494772213,0.16799263560894317,0.0,-2.9915152124447084e-13,-5.336658663347744,0.0,,0.0,0.3877215108296785,0.0,5.795719962389885,True
lift_and_cruse,cruise_24,0.822465688416491,0.0,1174.9288373239654,1221.3787740790526,531.339663219893,0.851591881916954,0.9626011494772213,0.16799263560894237,0.0,-2.99151521244486e-13,-5.336658663347744,0.0,,0.0,0.38772151082968265,0.0,5.8124269985524855,True
lift_and_cruse,cruise_24,0.8224824048440729,0.0,1174.928837323962,1221.3787740790353,531.3396632198627,0.8515918819169548,0.9626011494772221,0.16799263560893987,0.0,-2.991515212444818e-13,-5.336658663347744,0.0,,0.0,0.3877215108296815,0.0,5.823988626304306,True
lift_and_cruse,cruise_24,0.8224883717452093,0.0,1174.9288373239629,1221.3787740790378,531.3396632199357,0.8515918819169547,0.9626011494772201,0.1679926356089462,0.0,-2.991515212444824e-13,-5.336658663347744,0.0,,0.0,0.3877215108296818,0.0,5.828114923475039,True
lift_and_cruse,cruise_25,0.8224875768736881,0.0,1174.9277598751464,1221.3784299868655,531.3393250816916,0.8515916983155305,0.9626011352945097,0.1679928368103351,0.0,-2.991514369662069e-13,-5.336658663347744,0.0,,0.0,0.38772115527616263,0.0,5.828114923475039,True
lift_and_cruse,cruise_25,0.8224935442254119,0.0,1174.927759875085,1221.3784299865683,531.3393250815245,0.8515916983155459,0.9626011352945129,0.16799283681030713,0.0,-2.991514369661341e-13,-5.336658663347744,0.0,,0.0,0.3877211552761423,0.0,5.832241220645771,True
lift_and_cruse,cruise_25,0.8225102668319086,0.0,1174.927759875077,1221.3784299865283,531.3393250815761,0.8515916983155482,0.9626011352945113,0.16799283681030827,0.0,-2.991514369661243e-13,-5.336658663347744,0.0,,0.0,0.3877211552761397,0.0,5.8438028483975915,True
lift_and_cruse,cruise_25,0.8225344381008264,0.0,1174.927759875079,1221.3784299865372,531.3393250815914,0.8515916983155478,0.962601135294511,0.16799283681031396,0.0,-2.9915143696612647e-13,-5.336658663347744,0.0,,0.0,0.38772115527614026,0.0,5.860509884560192,True
lift_and_cruse,cruise_25,0.8225612750487055,0.0,1174.9277598750768,1221.3784299865283,531.3393250815093,0.8515916983155482,0.9626011352945131,0.16799283681030186,0.0,-2.991514369661243e-13,-5.336658663347744,0.0,,0.0,0.3877211552761396,0.0,5.879053295723219,True
lift_and_cruse,cruise_25,0.8225854622911107,0.0,1174.9277598750693,1221.378429986492,531.3393250815124,0.85159169831555,0.9626011352945129,0.16799283681031085,0.0,-2.991514369661154e-13,-5.336658663347744,0.0,,0.0,0.3877211552761371,0.0,5.895760331885819,True
lift_and_cruse,cruise_25,0.8226022048162365,0.0,1174.9277598750696,1221.3784299864926,531.3393250815276,0.8515916983155503,0.9626011352945125,0.16799283681030533,0.0,-2.9915143696611556e-13,-5.336658663347744,0.0,,0.0,0.3877211552761372,0.0,5.90732195963764,True
lift_and_cruse,cruise_25,0.822608181032639,0.0,1174.92775987507,1221.3784299864942,531.3393250815124,0.8515916983155497,0.9626011352945129,0.1679928368103093,0.0,-2.9915143696611597e-13,-5.336658663347744,0.0,,0.0,0.3877211552761374,0.0,5.911448256808372,True
lift_and_cruse,cruise_26,0.822607384250787,0.0,1174.9266799370828,1221.3780851092085,531.3389861646323,0.8515915142884627,0.9626011210789454,0.1679930384777525,0.0,-2.9915135249554314e-13,-5.336658663347744,0.0,,0.0,0.38772079890120237,0.0,5.911448256808372,True
lift_and_cruse,cruise_26,0.8226133609183762,0.0,1174.9266799370807,1221.3780851091994,531.3389861645959,0.8515915142884634,0.9626011210789464,0.16799303847775027,0.0,-2.991513524955409e-13,-5.336658663347744,0.0,,0.0,0.3877207989012017,0.0,5.915574553979104,True
lift_and_cruse,cruise_26,0.8226301096304596,0.0,1174.926679937064,1221.378085109116,531.3389861645746,0.8515915142884678,0.9626011210789465,0.16799303847775374,0.0,-2.9915135249552047e-13,-5.336658663347744,0.0,,0.0,0.38772079890119615,0.0,5.927136181730925,True
lift_and_cruse,cruise_26,0.8226543186315757,0.0,1174.9266799370623,1221.37808510911,531.338986164526,0.851591514288468,0.9626011210789478,0.16799303847773503,0.0,-2.9915135249551905e-13,-5.336658663347744,0.0,,0.0,0.3877207989011956,0.0,5.943843217893526,True
lift_and_cruse,cruise_26,0.8226811974708553,0.0,1174.926679937068,1221.3780851091378,531.338986164532,0.8515915142884667,0.9626011210789479,0.16799303847773273,0.0,-2.991513524955258e-13,-5.336658663347744,0.0,,0.0,0.38772079890119754,0.0,5.962386629056552,True
lift_and_cruse,cruise_26,0.8227054224667397,0.0,1174.9266799370575,1221.3780851090878,531.3389861645411,0.8515915142884692,0.9626011210789474,0.16799303847773372,0.0,-2.991513524955136e-13,-5.336658663347744,0.0,,0.0,0.3877207989011941,0.0,5.979093665219152,True
lift_and_cruse,cruise_26,0.8227221911239664,0.0,1174.926679937024,1221.3780851089225,531.3389861645229,0.8515915142884777,0.9626011210789471,0.16799303847773803,0.0,-2.991513524954731e-13,-5.336658663347744,0.0,,0.0,0.3877207989011829,0.0,5.990655292970973,True
lift_and_cruse,cruise_26,0.8227281766680303,0.0,1174.9266799370696,1221.3780851091444,531.338986164611,0.8515915142884662,0.9626011210789457,0.16799303847775587,0.0,-2.9915135249552743e-13,-5.336658663347744,0.0,,0.0,0.38772079890119804,0.0,5.994781590141705,True
lift_and_cruse,cruise_27,0.8227273779656292,0.0,1174.9255974972127,1221.377739441443,531.3386464645122,0.8515913298336653,0.96260110683037,0.1679932406134851,0.0,-2.9915126783135865e-13,-5.336658663347744,0.0,,0.0,0.3877204417006567,0.0,5.994781590141705,True
lift_and_cruse,cruise_27,0.8227333639615113,0.0,1174.9255974973557,1221.37773944214,531.3386464647614,0.851591329833629,0.9626011068303664,0.16799324061352774,0.0,-2.9915126783152934e-13,-5.336658663347744,0.0,,0.0,0.3877204417007039,0.0,5.998907887312438,True
lift_and_cruse,cruise_27,0.8227501388138249,0.0,1174.925597497354,1221.3777394421295,531.3386464648161,0.8515913298336295,0.9626011068303648,0.16799324061354592,0.0,-2.9915126783152677e-13,-5.336658663347744,0.0,,0.0,0.38772044170070324,0.0,6.010469515064258,True
lift_and_cruse,cruise_27,0.8227743855971899,0.0,1174.9255974973437,1221.3777394420792,531.3386464647584,0.8515913298336321,0.9626011068303661,0.16799324061353046,0.0,-2.9915126783151445e-13,-5.336658663347744,0.0,,0.0,0.3877204417006999,0.0,6.027176551226859,True
lift_and_cruse,cruise_27,0.8228013063834563,0.0,1174.9255974973516,1221.3777394421186,531.3386464647584,0.8515913298336297,0.9626011068303664,0.1679932406135358,0.0,-2.991512678315241e-13,-5.336658663347744,0.0,,0.0,0.3877204417007026,0.0,6.045719962389885,True
lift_and_cruse,cruise_27,0.8228255691829544,0.0,1174.925597497354,1221.3777394421302,531.3386464647249,0.8515913298336296,0.9626011068303674,0.167993240613528,0.0,-2.991512678315269e-13,-5.336658663347744,0.0,,0.0,0.38772044170070324,0.0,6.0624269985524855,True
lift_and_cruse,cruise_27,0.8228423640070397,0.0,1174.9255974973457,1221.3777394420888,531.338646464734,0.8515913298336317,0.9626011068303669,0.1679932406135406,0.0,-2.991512678315168e-13,-5.336658663347744,0.0,,0.0,0.38772044170070064,0.0,6.073988626304306,True
lift_and_cruse,cruise_27,0.822848358891082,0.0,1174.9255974973548,1221.3777394421345,531.3386464647554,0.8515913298336294,0.9626011068303666,0.16799324061353085,0.0,-2.99151267831528e-13,-5.336658663347744,0.0,,0.0,0.3877204417007036,0.0,6.078114923475039,True
lift_and_cruse,cruise_28,0.8228475582571245,0.0,1174.9245125420134,1221.377392974709,531.3383059756421,0.8515911449492533,0.962601092548645,0.16799344321960613,0.0,-2.991511829714833e-13,-5.336658663347744,0.0,,0.0,0.38772008367006316,0.0,6.078114923475039,True
lift_and_cruse,cruise_28,0.8228535535947319,0.0,1174.924512543479,1221.377392981826,531.3383059782406,0.8515911449488819,0.9626010925486059,0.16799344322002163,0.0,-2.9915118297322645e-13,-5.336658663347744,0.0,,0.0,0.3877200836705467,0.0,6.082241220645771,True
lift_and_cruse,cruise_28,0.8228703546219934,0.0,1174.9245125434743,1221.3773929818035,531.3383059783256,0.8515911449488831,0.9626010925486035,0.16799344322002976,0.0,-2.991511829732209e-13,-5.336658663347744,0.0,,0.0,0.3877200836705452,0.0,6.0938028483975915,True
lift_and_cruse,cruise_28,0.8228946392389332,0.0,1174.9245125447019,1221.3773929877648,531.3383059805046,0.8515911449485724,0.9626010925485705,0.16799344322036353,0.0,-2.9915118297468104e-13,-5.336658663347744,0.0,,0.0,0.38772008367095023,0.0,6.110509884560192,True
lift_and_cruse,cruise_28,0.8229216020273239,0.0,1174.9245125439847,1221.3773929842832,531.3383059792009,0.851591144948754,0.9626010925485905,0.167993443220161,0.0,-2.9915118297382826e-13,-5.336658663347744,0.0,,0.0,0.38772008367071364,0.0,6.129053295723219,True
lift_and_cruse,cruise_28,0.8229459026802708,0.0,1174.9245125434752,1221.377392981808,531.3383059783014,0.851591144948883,0.9626010925486042,0.16799344322002516,0.0,-2.99151182973222e-13,-5.336658663347744,0.0,,0.0,0.3877200836705455,0.0,6.145760331885819,True
lift_and_cruse,cruise_28,0.8229627237062216,0.0,1174.9245125437021,1221.3773929829094,531.3383059786569,0.8515911449488257,0.9626010925485993,0.16799344322009507,0.0,-2.991511829734918e-13,-5.336658663347744,0.0,,0.0,0.3877200836706204,0.0,6.15732195963764,True
lift_and_cruse,cruise_28,0.8229687279429903,0.0,1174.9245125440266,1221.377392984484,531.3383059793284,0.8515911449487434,0.9626010925485879,0.16799344322019127,0.0,-2.9915118297387743e-13,-5.336658663347744,0.0,,0.0,0.3877200836707274,0.0,6.161448256808372,True
lift_and_cruse,cruise_29,0.8229679253694601,0.0,1174.9234250629654,1221.3770457248665,531.337964701429,0.851590959632036,0.9626010782334917,0.16799364629961203,0.0,-2.9915109791980163e-13,-5.336658663347744,0.0,,0.0,0.38771972480661016,0.0,6.161448256808372,True
lift_and_cruse,cruise_29,0.8229739300586141,0.0,1174.923425062791,1221.3770457240198,531.3379647011434,0.8515909596320803,0.9626010782334957,0.16799364629956887,0.0,-2.991510979195943e-13,-5.336658663347744,0.0,,0.0,0.38771972480655265,0.0,6.165574553979104,True
lift_and_cruse,cruise_29,0.8229907572957037,0.0,1174.9234250628322,1221.377045724219,531.3379647011737,0.8515909596320697,0.9626010782334958,0.1679936462995789,0.0,-2.9915109791964305e-13,-5.336658663347744,0.0,,0.0,0.38771972480656625,0.0,6.177136181730925,True
lift_and_cruse,cruise_29,0.8230150797944519,0.0,1174.9234250628506,1221.3770457243077,531.3379647012891,0.8515909596320648,0.9626010782334931,0.16799364629959218,0.0,-2.9915109791966476e-13,-5.336658663347744,0.0,,0.0,0.38771972480657235,0.0,6.193843217893526,True
lift_and_cruse,cruise_29,0.8230420846421865,0.0,1174.9234250628324,1221.3770457242208,531.3379647011737,0.8515909596320695,0.9626010782334958,0.1679936462995729,0.0,-2.991510979196435e-13,-5.336658663347744,0.0,,0.0,0.3877197248065663,0.0,6.212386629056552,True
lift_and_cruse,cruise_29,0.8230664231999485,0.0,1174.9234250628272,1221.377045724194,531.3379647012101,0.8515909596320711,0.9626010782334947,0.1679936462995891,0.0,-2.9915109791963694e-13,-5.336658663347744,0.0,,0.0,0.38771972480656464,0.0,6.229093665219152,True
lift_and_cruse,cruise_29,0.8230832704622988,0.0,1174.9234250628288,1221.3770457242022,531.3379647012375,0.851590959632071,0.962601078233494,0.16799364629958935,0.0,-2.991510979196389e-13,-5.336658663347744,0.0,,0.0,0.3877197248065651,0.0,6.240655292970973,True
lift_and_cruse,cruise_29,0.8230892846598921,0.0,1174.9234257352696,1221.3770489897506,531.337965924403,0.8515909594618062,0.9626010782146595,0.16799364649401233,0.0,-2.9915109871946764e-13,-5.336658663347744,0.0,,0.0,0.3877197250284677,0.0,6.244781590141705,True
lift_and_cruse,cruise_30,0.8230884795375595,0.0,1174.9223350401228,1221.3766976527386,531.3376226248877,0.8515907738816738,0.9626010638849408,0.16799384985384364,0.0,-2.9915101266671816e-13,-5.336658663347744,0.0,,0.0,0.38771936510371596,0.0,6.244781590141705,True
lift_and_cruse,cruise_30,0.8230944935946279,0.0,1174.9223350427167,1221.3766976653326,531.3376226296589,0.8515907738810169,0.9626010638848667,0.16799384985460517,0.0,-2.991510126698028e-13,-5.336658663347744,0.0,,0.0,0.3877193651045719,0.0,6.248907887312438,True
lift_and_cruse,cruise_30,0.8231113470764574,0.0,1174.9223350427212,1221.376697665357,531.337622629589,0.8515907738810159,0.9626010638848687,0.16799384985459256,0.0,-2.991510126698088e-13,-5.336658663347744,0.0,,0.0,0.3877193651045734,0.0,6.260469515064258,True
lift_and_cruse,cruise_30,0.8231357075086051,0.0,1174.9223350427226,1221.3766976653633,531.3376226295586,0.8515907738810152,0.9626010638848697,0.1679938498545839,0.0,-2.9915101266981035e-13,-5.336658663347744,0.0,,0.0,0.3877193651045739,0.0,6.277176551226859,True
lift_and_cruse,cruise_30,0.8231627544712569,0.0,1174.9223350427196,1221.3766976653483,531.3376226296164,0.851590773881016,0.9626010638848679,0.16799384985459628,0.0,-2.9915101266980666e-13,-5.336658663347744,0.0,,0.0,0.3877193651045729,0.0,6.295719962389885,True
lift_and_cruse,cruise_30,0.8231871309840064,0.0,1174.922335042722,1221.3766976653612,531.3376226295708,0.8515907738810155,0.9626010638848692,0.167993849854588,0.0,-2.9915101266980984e-13,-5.336658663347744,0.0,,0.0,0.38771936510457355,0.0,6.3124269985524855,True
lift_and_cruse,cruise_30,0.8232040045180621,0.0,1174.922335042768,1221.3766976655847,531.3376226297045,0.8515907738810037,0.9626010638848665,0.16799384985461768,0.0,-2.9915101266986457e-13,-5.336658663347744,0.0,,0.0,0.3877193651045888,0.0,6.323988626304306,True
lift_and_cruse,cruise_30,0.8232100274968472,0.0,1174.922335042722,1221.3766976653612,531.3376226295677,0.8515907738810155,0.9626010638848693,0.16799384985457852,0.0,-2.9915101266980984e-13,-5.336658663347744,0.0,,0.0,0.38771936510457355,0.0,6.328114923475039,True
lift_and_cruse,cruise_31,0.8232092210120747,0.0,1174.9212424703649,1221.376348801333,531.3372797594141,0.8515905876935215,0.9626010495025579,0.1679940538874299,0.0,-2.9915092722276676e-13,-5.336658663347744,0.0,,0.0,0.3877190045603504,0.0,6.328114923475039,True
lift_and_cruse,cruise_31,0.8232152444464725,0.0,1174.9212424706977,1221.3763488031007,531.3372797599276,0.8515905876934232,0.962601049502551,0.16799405388749208,0.0,-2.991509272231997e-13,-5.336658663347744,0.0,,0.0,0.38771900456046027,0.0,6.332241220645771,True
lift_and_cruse,cruise_31,0.8232320561047691,0.0,1174.9211656639925,1221.3759757883522,531.337140057652,0.8515906071432262,0.9626010516536123,0.16799403168167326,0.0,-2.9915083586093613e-13,-5.336658663347744,0.0,,0.0,0.38771897921457477,0.0,6.3438028483975915,True
lift_and_cruse,cruise_31,0.8232565226168824,0.0,1174.921242469703,1221.3763487970416,531.3372797594475,0.8515905876937896,0.9626010495025424,0.16799405388764574,0.0,-2.9915092722171566e-13,-5.336658663347744,0.0,,0.0,0.38771900456013203,0.0,6.360509884560192,True
lift_and_cruse,cruise_31,0.8232836117340906,0.0,1174.9212424509026,1221.3763487068481,531.3372797239335,0.8515905876984468,0.9626010495031051,0.16799405388178223,0.0,-2.9915092719962463e-13,-5.336658663347744,0.0,,0.0,0.387719004553928,0.0,6.379053295723219,True
lift_and_cruse,cruise_31,0.8233080262579662,0.0,1174.921242457175,1221.3763487372817,531.3372797354301,0.8515905876968611,0.962601049502927,0.16799405388362668,0.0,-2.991509272070787e-13,-5.336658663347744,0.0,,0.0,0.3877190045559977,0.0,6.395760331885819,True
lift_and_cruse,cruise_31,0.8233249260927591,0.0,1174.921242450128,1221.3763487029232,531.3372797227483,0.8515905876986581,0.9626010495031206,0.16799405388163813,0.0,-2.991509271986633e-13,-5.336658663347744,0.0,,0.0,0.38771900455367236,0.0,6.40732195963764,True
lift_and_cruse,cruise_31,0.8233309499673137,0.0,1174.9212328702163,1221.3763021771954,531.3372622977187,0.8515905901246321,0.9626010497714258,0.16799405111185614,0.0,-2.9915091580314657e-13,-5.336658663347744,0.0,,0.0,0.3877190013923423,0.0,6.411448256808372,True
lift_and_cruse,cruise_32,0.8233301500231919,0.0,1174.920147332703,1221.375999127194,531.3369360865279,0.8515904010674307,0.9626010350863916,0.16799425840054175,0.0,-2.991508415773037e-13,-5.336658663347744,0.0,,0.0,0.38771864316958754,0.0,6.411448256808372,True
lift_and_cruse,cruise_32,0.8233361828465183,0.0,1174.9201473327441,1221.3759991273946,531.3369360865796,0.8515904010674201,0.9626010350863912,0.1679942584005478,0.0,-2.9915084157735284e-13,-5.336658663347744,0.0,,0.0,0.38771864316960114,0.0,6.415574553979104,True
lift_and_cruse,cruise_32,0.8233530889232301,0.0,1174.9201473327228,1221.375999127291,531.3369360865279,0.8515904010674257,0.962601035086392,0.16799425840053148,0.0,-2.9915084157732745e-13,-5.336658663347744,0.0,,0.0,0.38771864316959403,0.0,6.427136181730925,True
lift_and_cruse,cruise_32,0.8233775253745987,0.0,1174.9201473327432,1221.3759991273903,531.3369360866069,0.8515904010674203,0.9626010350863904,0.1679942584005574,0.0,-2.991508415773518e-13,-5.336658663347744,0.0,,0.0,0.3877186431696008,0.0,6.443843217893526,True
lift_and_cruse,cruise_32,0.8234046567362501,0.0,1174.9201473327512,1221.375999127428,531.3369360865948,0.851590401067418,0.9626010350863908,0.16799425840056023,0.0,-2.99150841577361e-13,-5.336658663347744,0.0,,0.0,0.3877186431696035,0.0,6.462386629056552,True
lift_and_cruse,cruise_32,0.8234291093115097,0.0,1174.920147332712,1221.3759991272395,531.3369360864855,0.8515904010674281,0.9626010350863929,0.16799425840052903,0.0,-2.991508415773149e-13,-5.336658663347744,0.0,,0.0,0.3877186431695906,0.0,6.479093665219152,True
lift_and_cruse,cruise_32,0.8234460354945051,0.0,1174.9201473327432,1221.3759991273914,531.33693608654,0.8515904010674202,0.9626010350863922,0.16799425840054447,0.0,-2.991508415773521e-13,-5.336658663347744,0.0,,0.0,0.3877186431696008,0.0,6.490655292970973,True
lift_and_cruse,cruise_32,0.8234520772659225,0.0,1174.9201473327528,1221.3759991274362,531.3369360865736,0.8515904010674178,0.9626010350863915,0.16799425840054957,0.0,-2.9915084157736304e-13,-5.336658663347744,0.0,,0.0,0.387718643169604,0.0,6.494781590141705,True
lift_and_cruse,cruise_33,0.8234512668281241,0.0,1174.9190496170613,1221.3756486405364,531.3365916070682,0.8515902140004254,0.9626010206362,0.16799446339634727,0.0,-2.9915075573283105e-13,-5.336658663347744,0.0,,0.0,0.3877182809281024,0.0,6.494781590141705,True
lift_and_cruse,cruise_33,0.82345730905456,0.0,1174.91904961706,1221.3756486405296,531.3365916071381,0.8515902140004256,0.9626010206361981,0.1679944633963599,0.0,-2.991507557328294e-13,-5.336658663347744,0.0,,0.0,0.3877182809281019,0.0,6.498907887312438,True
lift_and_cruse,cruise_33,0.8234742414816852,0.0,1174.9190496170854,1221.375648640655,531.3365916071806,0.8515902140004191,0.9626010206361975,0.1679944633963642,0.0,-2.9915075573286013e-13,-5.336658663347744,0.0,,0.0,0.3877182809281103,0.0,6.510469515064258,True
lift_and_cruse,cruise_33,0.8234987160191295,0.0,1174.9190496170672,1221.375648640565,531.3365916070986,0.8515902140004239,0.9626010206361993,0.16799446339635687,0.0,-2.9915075573283806e-13,-5.336658663347744,0.0,,0.0,0.3877182809281043,0.0,6.527176551226859,True
lift_and_cruse,cruise_33,0.8235258896652501,0.0,1174.9190496170606,1221.3756486405339,531.3365916070833,0.8515902140004253,0.9626010206361997,0.1679944633963548,0.0,-2.9915075573283044e-13,-5.336658663347744,0.0,,0.0,0.38771828092810207,0.0,6.545719962389885,True
lift_and_cruse,cruise_33,0.8235503803484653,0.0,1174.919049617088,1221.3756486406674,531.3365916071137,0.8515902140004186,0.9626010206361995,0.16799446339635193,0.0,-2.991507557328631e-13,-5.336658663347744,0.0,,0.0,0.38771828092811106,0.0,6.5624269985524855,True
lift_and_cruse,cruise_33,0.8235673329089349,0.0,1174.9190496170481,1221.375648640474,531.3365916071592,0.8515902140004288,0.9626010206361972,0.1679944633963606,0.0,-2.991507557328158e-13,-5.336658663347744,0.0,,0.0,0.38771828092809807,0.0,6.573988626304306,True
lift_and_cruse,cruise_33,0.8235733840956021,0.0,1174.9190496170825,1221.3756486406403,531.3365916071684,0.8515902140004201,0.9626010206361978,0.16799446339636165,0.0,-2.991507557328565e-13,-5.336658663347744,0.0,,0.0,0.3877182809281094,0.0,6.578114923475039,True
lift_and_cruse,cruise_34,0.8235725716656543,0.0,1174.9179493102117,1221.3752973365831,531.3362463172055,0.8515900264902991,0.9626010061517999,0.16799466887736308,0.0,-2.9915066968817864e-13,-5.336658663347744,0.0,,0.0,0.38771791783152953,0.0,6.578114923475039,True
lift_and_cruse,cruise_34,0.8235786233072246,0.0,1174.917949309484,1221.3752973330484,531.3362463157923,0.8515900264904833,0.9626010061518226,0.16799466887714073,0.0,-2.991506696873129e-13,-5.336658663347744,0.0,,0.0,0.3877179178312894,0.0,6.582241220645771,True
lift_and_cruse,cruise_34,0.8235955821203294,0.0,1174.9179493097054,1221.3752973341232,531.3362463162056,0.8515900264904274,0.9626010061518162,0.16799466887720402,0.0,-2.9915066968757613e-13,-5.336658663347744,0.0,,0.0,0.3877179178313625,0.0,6.5938028483975915,True
lift_and_cruse,cruise_34,0.8236200947950937,0.0,1174.9179493096542,1221.3752973338756,531.3362463161022,0.8515900264904401,0.962601006151818,0.16799466887718648,0.0,-2.991506696875155e-13,-5.336658663347744,0.0,,0.0,0.3877179178313456,0.0,6.610509884560192,True
lift_and_cruse,cruise_34,0.8236473107826104,0.0,1174.9179493096563,1221.3752973338856,531.3362463161418,0.8515900264904395,0.962601006151817,0.1679946688771951,0.0,-2.9915066968751797e-13,-5.336658663347744,0.0,,0.0,0.3877179178313462,0.0,6.629053295723218,True
lift_and_cruse,cruise_34,0.8236718396251096,0.0,1174.917949309775,1221.3752973344615,531.3362463163636,0.8515900264904098,0.9626010061518134,0.16799466887723724,0.0,-2.9915066968765903e-13,-5.336658663347744,0.0,,0.0,0.38771791783138543,0.0,6.6457603318858185,True
lift_and_cruse,cruise_34,0.8236888185984723,0.0,1174.917949309557,1221.375297333402,531.3362463159807,0.8515900264904647,0.9626010061518191,0.16799466887716513,0.0,-2.991506696873995e-13,-5.336658663347744,0.0,,0.0,0.3877179178313135,0.0,6.65732195963764,True
lift_and_cruse,cruise_34,0.8236948792132867,0.0,1174.917949309853,1221.37529733484,531.3362463165004,0.8515900264903901,0.9626010061518115,0.16799466887725545,0.0,-2.991506696877517e-13,-5.336658663347744,0.0,,0.0,0.3877179178314111,0.0,6.661448256808372,True
lift_and_cruse,cruise_35,0.8236940647803649,0.0,1174.9168463983672,1221.374945208337,531.3359002109439,0.8515898385349401,0.9626009916330553,0.16799487484569806,0.0,-2.991505834416328e-13,-5.336658663347744,0.0,,0.0,0.38771755387531953,0.0,6.661448256808372,True
lift_and_cruse,cruise_35,0.8237001258513645,0.0,1174.916846398668,1221.3749452097989,531.3359002123934,0.8515898385348637,0.9626009916330223,0.16799487484607883,0.0,-2.9915058344199083e-13,-5.336658663347744,0.0,,0.0,0.3877175538754188,0.0,6.665574553979104,True
lift_and_cruse,cruise_35,0.8237171110843773,0.0,1174.916846397221,1221.3749452027723,531.3359002103817,0.8515898385352303,0.9626009916330458,0.16799487484585449,0.0,-2.9915058344026983e-13,-5.336658663347744,0.0,,0.0,0.3877175538749413,0.0,6.677136181730925,True
lift_and_cruse,cruise_35,0.8237416619491529,0.0,1174.9168463986086,1221.3749452095108,531.3359002126032,0.8515898385348787,0.9626009916330152,0.1679948748461574,0.0,-2.9915058344192025e-13,-5.336658663347744,0.0,,0.0,0.38771755387539925,0.0,6.693843217893526,True
lift_and_cruse,cruise_35,0.8237689203349277,0.0,1174.9168463983995,1221.374945208494,531.3359002115608,0.8515898385349319,0.9626009916330391,0.16799487484589218,0.0,-2.991505834416712e-13,-5.336658663347744,0.0,,0.0,0.38771755387533013,0.0,6.712386629056552,True
lift_and_cruse,cruise_35,0.8237934873881434,0.0,1174.916846398591,1221.3749452094241,531.3359002113937,0.8515898385348832,0.9626009916330479,0.16799487484579229,0.0,-2.9915058344189905e-13,-5.336658663347744,0.0,,0.0,0.38771755387539336,0.0,6.729093665219152,True
lift_and_cruse,cruise_35,0.8238104928104446,0.0,1174.9168463986118,1221.3749452095258,531.3359002120288,0.8515898385348781,0.962600991633031,0.16799487484598852,0.0,-2.9915058344192394e-13,-5.336658663347744,0.0,,0.0,0.3877175538754003,0.0,6.740655292970973,True
lift_and_cruse,cruise_35,0.8238165628658092,0.0,1174.9168463987903,1221.3749452103918,531.3359002126944,0.8515898385348329,0.9626009916330167,0.16799487484614334,0.0,-2.9915058344213603e-13,-5.336658663347744,0.0,,0.0,0.3877175538754592,0.0,6.744781590141705,True
lift_and_cruse,cruise_36,0.8238157464195135,0.0,1174.9157408696833,1221.3745922587136,531.3355532881254,0.8515896501317002,0.9626009770797128,0.16799508130469146,0.0,-2.9915049699390744e-13,-5.336658663347744,0.0,,0.0,0.3877171890555637,0.0,6.744781590141705,True
lift_and_cruse,cruise_36,0.8238218169313405,0.0,1174.9157408696142,1221.3745922583787,531.3355532880555,0.8515896501317178,0.9626009770797131,0.16799508130466603,0.0,-2.991504969938254e-13,-5.336658663347744,0.0,,0.0,0.38771718905554087,0.0,6.748907887312438,True
lift_and_cruse,cruise_36,0.8238388286226227,0.0,1174.915740869605,1221.3745922583341,531.3355532880161,0.8515896501317198,0.9626009770797139,0.1679950813046614,0.0,-2.991504969938145e-13,-5.336658663347744,0.0,,0.0,0.38771718905553787,0.0,6.760469515064258,True
lift_and_cruse,cruise_36,0.8238634177264961,0.0,1174.9157408695944,1221.374592258282,531.3355532879825,0.8515896501317228,0.9626009770797147,0.16799508130465346,0.0,-2.9915049699380177e-13,-5.336658663347744,0.0,,0.0,0.38771718905553443,0.0,6.777176551226859,True
lift_and_cruse,cruise_36,0.8238907185682345,0.0,1174.9157408695798,1221.3745922582125,531.3355532879583,0.8515896501317263,0.9626009770797149,0.16799508130465657,0.0,-2.991504969937847e-13,-5.336658663347744,0.0,,0.0,0.38771718905552954,0.0,6.795719962389885,True
lift_and_cruse,cruise_36,0.8239153238836512,0.0,1174.9157408696112,1221.3745922583648,531.3355532879887,0.8515896501317183,0.9626009770797149,0.16799508130466345,0.0,-2.99150496993822e-13,-5.336658663347744,0.0,,0.0,0.3877171890555399,0.0,6.8124269985524855,True
lift_and_cruse,cruise_36,0.8239323557903556,0.0,1174.9157408696053,1221.3745922583353,531.3355532879552,0.8515896501317197,0.9626009770797157,0.16799508130465887,0.0,-2.991504969938148e-13,-5.336658663347744,0.0,,0.0,0.3877171890555379,0.0,6.823988626304306,True
lift_and_cruse,cruise_36,0.8239384352989318,0.0,1174.9157408695842,1221.3745922582327,531.335553287928,0.8515896501317249,0.962600977079716,0.1679950813046415,0.0,-2.9915049699378966e-13,-5.336658663347744,0.0,,0.0,0.387717189055531,0.0,6.828114923475039,True
lift_and_cruse,cruise_37,0.8239376168284887,0.0,1174.9146327093788,1221.3742384768361,531.3352055409125,0.8515894612786309,0.9626009624916649,0.16799528825604076,0.0,-2.991504103423387e-13,-5.336658663347744,0.0,,0.0,0.3877168233673842,0.0,6.828114923475039,True
lift_and_cruse,cruise_37,0.8239436967942895,0.0,1174.9146327093226,1221.374238476567,531.3352055408304,0.8515894612786453,0.962600962491666,0.16799528825602544,0.0,-2.9915041034227274e-13,-5.336658663347744,0.0,,0.0,0.38771682336736574,0.0,6.832241220645771,True
lift_and_cruse,cruise_37,0.823960734978395,0.0,1174.9146327093274,1221.3742384765887,531.3352055408061,0.8515894612786438,0.9626009624916668,0.16799528825602425,0.0,-2.991504103422781e-13,-5.336658663347744,0.0,,0.0,0.38771682336736724,0.0,6.8438028483975915,True
lift_and_cruse,cruise_37,0.8239853623743383,0.0,1174.9146327093256,1221.3742384765794,531.3352055407665,0.8515894612786442,0.9626009624916679,0.16799528825601706,0.0,-2.991504103422758e-13,-5.336658663347744,0.0,,0.0,0.3877168233673667,0.0,6.860509884560192,True
lift_and_cruse,cruise_37,0.8240127057293152,0.0,1174.9146327093208,1221.3742384765567,531.3352055408,0.8515894612786455,0.9626009624916668,0.16799528825602023,0.0,-2.991504103422702e-13,-5.336658663347744,0.0,,0.0,0.38771682336736507,0.0,6.879053295723218,True
lift_and_cruse,cruise_37,0.8240373493588772,0.0,1174.914632709363,1221.3742384767631,531.3352055408942,0.8515894612786351,0.9626009624916652,0.16799528825603358,0.0,-2.991504103423208e-13,-5.336658663347744,0.0,,0.0,0.3877168233673791,0.0,6.8957603318858185,True
lift_and_cruse,cruise_37,0.8240544077859123,0.0,1174.9146327093538,1221.374238476716,531.3352055408699,0.8515894612786375,0.9626009624916655,0.16799528825602947,0.0,-2.991504103423093e-13,-5.336658663347744,0.0,,0.0,0.387716823367376,0.0,6.90732195963764,True
lift_and_cruse,cruise_37,0.824060496760723,0.0,1174.914632709359,1221.374238476741,531.3352055408699,0.8515894612786361,0.9626009624916656,0.1679952882560401,0.0,-2.991504103423154e-13,-5.336658663347744,0.0,,0.0,0.38771682336737767,0.0,6.911448256808372,True
lift_and_cruse,cruise_38,0.8240596858773267,0.0,1174.9135327500453,1221.3739365277956,531.3348772175249,0.8515892692272933,0.9626009475506233,0.16799549900401034,0.0,-2.991503363861535e-13,-5.336658663347744,0.0,,0.0,0.3877164603854903,0.0,6.911448256808372,True
lift_and_cruse,cruise_38,0.8240657632299875,0.0,1174.9135191640148,1221.3738705535166,531.3348518252618,0.8515892726671132,0.9626009479497418,0.16799549486077164,0.0,-2.9915032022711554e-13,-5.336658663347744,0.0,,0.0,0.3877164559021581,0.0,6.915574553979104,True
lift_and_cruse,cruise_38,0.8240828273428058,0.0,1174.9135184765858,1221.373867214787,531.3348505427808,0.8515892728412131,0.9626009479698729,0.16799549465187769,0.0,-2.9915031940936263e-13,-5.336658663347744,0.0,,0.0,0.3877164556753094,0.0,6.927136181730925,True
lift_and_cruse,cruise_38,0.8241074974276177,0.0,1174.9135233374843,1221.3738908209586,531.3348604121816,0.8515892716103555,0.9626009478056172,0.16799549638227193,0.0,-2.991503251912072e-13,-5.336658663347744,0.0,,0.0,0.38771645727938525,0.0,6.943843217893526,True
lift_and_cruse,cruise_38,0.8241348790244779,0.0,1174.9135184944714,1221.3738673016314,531.3348506069709,0.8515892728366854,0.962600947968506,0.16799549466704278,0.0,-2.991503194306334e-13,-5.336658663347744,0.0,,0.0,0.3877164556812116,0.0,6.962386629056552,True
lift_and_cruse,cruise_38,0.8241595566370294,0.0,1174.9135136325076,1221.3738436913507,531.3348403600543,0.8515892740677138,0.9626009481430654,0.1679954928176035,0.0,-2.9915031364778244e-13,-5.336658663347744,0.0,,0.0,0.3877164540767843,0.0,6.979093665219152,True
lift_and_cruse,cruise_38,0.8241766460304477,0.0,1174.9135185269542,1221.3738674594006,531.3348506141126,0.8515892728284584,0.9626009479690173,0.16799549466002814,0.0,-2.991503194692757e-13,-5.336658663347744,0.0,,0.0,0.3877164556919308,0.0,6.990655292970973,True
lift_and_cruse,cruise_38,0.8241827445011297,0.0,1174.9135185463074,1221.3738675533994,531.3348506341976,0.8515892728235566,0.9626009479688886,0.16799549466083438,0.0,-2.9915031949229875e-13,-5.336658663347744,0.0,,0.0,0.3877164556983173,0.0,6.994781590141705,True
lift_and_cruse,cruise_39,0.8241819253505079,0.0,1174.9124088971757,1221.3735306207013,531.3345083833989,0.8515890820979064,0.9626009331980641,0.16799570377677053,0.0,-2.9915023696758874e-13,-5.336658663347744,0.0,,0.0,0.38771608951883124,0.0,6.994781590141705,True
lift_and_cruse,cruise_39,0.8241880366148385,0.0,1174.9124228258643,1221.3735982612468,531.3345337242508,0.8515890785711061,0.9626009328078039,0.16799570780574577,0.0,-2.9915025353474424e-13,-5.336658663347744,0.0,,0.0,0.3877160941152391,0.0,6.998907887312438,True
lift_and_cruse,cruise_39,0.824205126507333,0.0,1174.9124212629654,1221.3735906714828,531.3345308810212,0.851589078966839,0.9626009328515885,0.1679957073537364,0.0,-2.991502516757882e-13,-5.336658663347744,0.0,,0.0,0.3877160935994891,0.0,7.010469515064258,True
lift_and_cruse,cruise_39,0.8242298298931345,0.0,1174.9124204157695,1221.3735865573283,531.3345293370114,0.8515890791813522,0.9626009328753989,0.1679957071078265,0.0,-2.9915025066811095e-13,-5.336658663347744,0.0,,0.0,0.38771609331991813,0.0,7.027176551226859,True
lift_and_cruse,cruise_39,0.824257260164566,0.0,1174.912422350067,1221.3735959506766,531.3345328589207,0.8515890786915796,0.9626009328211267,0.16799570766820804,0.0,-2.9915025296881775e-13,-5.336658663347744,0.0,,0.0,0.387716093958228,0.0,7.045719962389885,True
lift_and_cruse,cruise_39,0.8242819792620871,0.0,1174.9124208642431,1221.3735887352052,531.3345301552945,0.8515890790677972,0.9626009328627688,0.1679957072383006,0.0,-2.99150251201537e-13,-5.336658663347744,0.0,,0.0,0.38771609346791247,0.0,7.0624269985524855,True
lift_and_cruse,cruise_39,0.8242990913572061,0.0,1174.9124214488284,1221.3735915740704,531.3345312211603,0.851589078919778,0.9626009328463264,0.1679957074081232,0.0,-2.991502518968584e-13,-5.336658663347744,0.0,,0.0,0.38771609366082305,0.0,7.073988626304306,True
lift_and_cruse,cruise_39,0.8243051988512207,0.0,1174.9124209390238,1221.3735890983558,531.3345302922265,0.8515890790488622,0.9626009328606495,0.167995707260197,0.0,-2.991502512904832e-13,-5.336658663347744,0.0,,0.0,0.3877160934925898,0.0,7.078114923475039,True
lift_and_cruse,cruise_40,0.8243043652455428,0.0,1174.9112946584964,1221.37318353363,531.3341615823599,0.8515888914008007,0.9626009184518706,0.1679959127669781,0.0,-2.991501519557746e-13,-5.336658663347744,0.0,,0.0,0.38771572182481395,0.0,7.078114923475039,True
lift_and_cruse,cruise_40,0.8243104716715306,0.0,1174.9112924332983,1221.3731727277263,531.3341575214929,0.8515888919642213,0.9626009185145591,0.16799591211937107,0.0,-2.9915014930909146e-13,-5.336658663347744,0.0,,0.0,0.3877157210905081,0.0,7.082241220645771,True
lift_and_cruse,cruise_40,0.8243275895486147,0.0,1174.911292431731,1221.373172720112,531.3341575195296,0.8515888919646185,0.9626009185145787,0.1679959121192056,0.0,-2.991501493072265e-13,-5.336658663347744,0.0,,0.0,0.38771572108999086,0.0,7.0938028483975915,True
lift_and_cruse,cruise_40,0.8243523321346221,0.0,1174.9112924338053,1221.3731727301924,531.3341575220703,0.8515888919640924,0.9626009185145544,0.16799591211942327,0.0,-2.991501493096955e-13,-5.336658663347744,0.0,,0.0,0.38771572109067537,0.0,7.110509884560192,True
lift_and_cruse,cruise_40,0.8243798033797693,0.0,1174.9112924383353,1221.3731727522056,531.3341575284948,0.8515888919629442,0.9626009185144772,0.16799591212013548,0.0,-2.9915014931508716e-13,-5.336658663347744,0.0,,0.0,0.38771572109217023,0.0,7.129053295723218,True
lift_and_cruse,cruise_40,0.824404562267086,0.0,1174.9112924416752,1221.3731727684349,531.3341575335456,0.8515888919620976,0.9626009185144117,0.16799591212078585,0.0,-2.991501493190622e-13,-5.336658663347744,0.0,,0.0,0.3877157210932724,0.0,7.1457603318858185,True
lift_and_cruse,cruise_40,0.8244217004219189,0.0,1174.911292377684,1221.373172457508,531.3341574738866,0.8515888919783167,0.9626009185146518,0.16799591212022472,0.0,-2.9915014924290707e-13,-5.336658663347744,0.0,,0.0,0.38771572107215563,0.0,7.15732195963764,True
lift_and_cruse,cruise_40,0.8244278179189498,0.0,1174.911292437799,1221.373172749599,531.3341575281544,0.8515888919630804,0.9626009185144747,0.1679959121201794,0.0,-2.9915014931444875e-13,-5.336658663347744,0.0,,0.0,0.38771572109199326,0.0,7.161448256808372,True
lift_and_cruse,cruise_41,0.8244269911311749,0.0,1174.9101734845965,1221.3728149635479,531.3338062349447,0.8515887013203468,0.962600903788606,0.16799612103879497,0.0,-2.991500616821403e-13,-5.336658663347744,0.0,,0.0,0.3877153518422035,0.0,7.161448256808372,True
lift_and_cruse,cruise_41,0.8244331090413772,0.0,1174.910173484576,1221.3728149634474,531.3338062349144,0.8515887013203521,0.9626009037886063,0.16799612103879247,0.0,-2.9915006168211566e-13,-5.336658663347744,0.0,,0.0,0.3877153518421967,0.0,7.165574553979104,True
lift_and_cruse,cruise_41,0.8244502535569463,0.0,1174.9101734845894,1221.3728149635115,531.3338062349783,0.8515887013203488,0.9626009037886049,0.1679961210388054,0.0,-2.9915006168213136e-13,-5.336658663347744,0.0,,0.0,0.38771535184220113,0.0,7.177136181730925,True
lift_and_cruse,cruise_41,0.8244750346419275,0.0,1174.9101734845665,1221.3728149634014,531.3338062349357,0.8515887013203547,0.9626009037886055,0.16799612103879724,0.0,-2.991500616821044e-13,-5.336658663347744,0.0,,0.0,0.3877153518421935,0.0,7.193843217893526,True
lift_and_cruse,cruise_41,0.8245025486282908,0.0,1174.9101734845956,1221.3728149635417,531.333806234966,0.8515887013203471,0.9626009037886054,0.16799612103880454,0.0,-2.991500616821388e-13,-5.336658663347744,0.0,,0.0,0.3877153518422032,0.0,7.212386629056552,True
lift_and_cruse,cruise_41,0.8245273460358693,0.0,1174.9101734845922,1221.3728149635253,531.3338062348962,0.851588701320348,0.9626009037886072,0.16799612103878667,0.0,-2.9915006168213474e-13,-5.336658663347744,0.0,,0.0,0.38771535184220207,0.0,7.229093665219152,True
lift_and_cruse,cruise_41,0.8245445109053597,0.0,1174.910173484593,1221.3728149635315,531.3338062350026,0.851588701320348,0.9626009037886044,0.1679961210388024,0.0,-2.9915006168213625e-13,-5.336658663347744,0.0,,0.0,0.38771535184220235,0.0,7.240655292970973,True
lift_and_cruse,cruise_41,0.8245506378739299,0.0,1174.9101734845933,1221.372814963532,531.3338062349569,0.8515887013203479,0.9626009037886055,0.16799612103880537,0.0,-2.9915006168213636e-13,-5.336658663347744,0.0,,0.0,0.3877153518422024,0.0,7.244781590141705,True
lift_and_cruse,cruise_42,0.8245497751158778,0.0,1174.9090136246764,1221.372270768372,531.3333845350269,0.8515885198917196,0.9626008900990002,0.1679963193950175,0.0,-2.991499283927642e-13,-5.336658663347744,0.0,,0.0,0.38771496909337116,0.0,7.244781590141705,True
lift_and_cruse,cruise_42,0.8245558955589847,0.0,1174.9090059773196,1221.3722332744067,531.3333653661751,0.8515885218613956,0.9626008904570369,0.16799631552118444,0.0,-2.991499192093913e-13,-5.336658663347744,0.0,,0.0,0.387714966569776,0.0,7.248907887312438,True
lift_and_cruse,cruise_42,0.8245731006806927,0.0,1174.9090438946762,1221.372418102736,531.3334423697811,0.8515885121957004,0.9626008891752821,0.1679963290247219,0.0,-2.9914996447927566e-13,-5.336658663347744,0.0,,0.0,0.3877149790823421,0.0,7.260469515064258,True
lift_and_cruse,cruise_42,0.824597921071774,0.0,1174.9090447522183,1221.3724221958219,531.3334435025052,0.8515885119852243,0.9626008891629471,0.16799632913763243,0.0,-2.9914996548179256e-13,-5.336658663347744,0.0,,0.0,0.38771497936532734,0.0,7.277176551226859,True
lift_and_cruse,cruise_42,0.8246254822624489,0.0,1174.9090499117558,1221.3724473057725,531.3334504336796,0.8515885106737394,0.9626008890855596,0.16799632985364538,0.0,-2.9914997163195675e-13,-5.336658663347744,0.0,,0.0,0.3877149810679527,0.0,7.295719962389885,True
lift_and_cruse,cruise_42,0.824650316527598,0.0,1174.9090478164062,1221.3724368373764,531.3334474753137,0.851588511231648,0.9626008891209139,0.16799632951746674,0.0,-2.991499690679392e-13,-5.336658663347744,0.0,,0.0,0.3877149803764963,0.0,7.3124269985524855,True
lift_and_cruse,cruise_42,0.8246675082130628,0.0,1174.909048002182,1221.3724378899901,531.3334476892667,0.8515885111705607,0.9626008891191017,0.16799632953199084,0.0,-2.991499693257552e-13,-5.336658663347744,0.0,,0.0,0.3877149804378016,0.0,7.323988626304306,True
lift_and_cruse,cruise_42,0.8246736432349924,0.0,1174.909046252045,1221.3724293394885,531.333445462432,0.8515885116185128,0.9626008891419531,0.1679963293284169,0.0,-2.9914996723148625e-13,-5.336658663347744,0.0,,0.0,0.38771497986026376,0.0,7.328114923475039,True
lift_and_cruse,cruise_43,0.8246728170501577,0.0,1174.9079273723698,1221.3720963843566,531.3331008845597,0.8515883186707089,0.9626008742339415,0.1679965403502246,0.0,-2.9914988568099896e-13,-5.336658663347744,0.0,,0.0,0.3877146106347377,0.0,7.328114923475039,True
lift_and_cruse,cruise_43,0.8246789540399565,0.0,1174.9079273984823,1221.3720965110258,531.3331010133077,0.8515883186641103,0.9626008742309875,0.1679965403834529,0.0,-2.99149885712024e-13,-5.336658663347744,0.0,,0.0,0.38771461064335466,0.0,7.332241220645771,True
lift_and_cruse,cruise_43,0.824696152342798,0.0,1174.9079278595598,1221.3720987502213,531.333101798508,0.8515883185473522,0.9626008742195364,0.16799654049986865,0.0,-2.991498862604687e-13,-5.336658663347744,0.0,,0.0,0.3877146107955083,0.0,7.3438028483975915,True
lift_and_cruse,cruise_43,0.8247210100063069,0.0,1174.907927214968,1221.3720956200452,531.333100470065,0.851588318710558,0.9626008742418565,0.16799654026418115,0.0,-2.991498854937967e-13,-5.336658663347744,0.0,,0.0,0.3877146105827957,0.0,7.360509884560192,True
lift_and_cruse,cruise_43,0.8247486102585713,0.0,1174.9079278802667,1221.3720988507418,531.3331018462449,0.8515883185421126,0.9626008742186809,0.1679965405090475,0.0,-2.9914988628508916e-13,-5.336658663347744,0.0,,0.0,0.3877146108023415,0.0,7.379053295723218,True
lift_and_cruse,cruise_43,0.8247734844602661,0.0,1174.907927423717,1221.3720966337048,531.3331009149559,0.8515883186577083,0.9626008742342266,0.16799654034515388,0.0,-2.991498857420717e-13,-5.336658663347744,0.0,,0.0,0.387714610651682,0.0,7.3957603318858185,True
lift_and_cruse,cruise_43,0.8247907024167739,0.0,1174.907927017743,1221.3720946621847,531.3331003291031,0.8515883187605057,0.962600874241423,0.16799654027601868,0.0,-2.991498852591885e-13,-5.336658663347744,0.0,,0.0,0.38771461051771233,0.0,7.40732195963764,True
lift_and_cruse,cruise_43,0.8247968489798018,0.0,1174.907927611475,1221.3720975455021,531.3331012888707,0.8515883186101657,0.9626008742280818,0.1679965404096803,0.0,-2.991498859653976e-13,-5.336658663347744,0.0,,0.0,0.38771461071364133,0.0,7.411448256808372,True
lift_and_cruse,cruise_44,0.8247960161369504,0.0,1174.906800765739,1221.3717384018037,531.3327479014765,0.8515881265119686,0.9626008593877778,0.16799675092469288,0.0,-2.9914979800056146e-13,-5.336658663347744,0.0,,0.0,0.3877142388593491,0.0,7.411448256808372,True
lift_and_cruse,cruise_44,0.8248021626420708,0.0,1174.9068007663118,1221.3717384045833,531.3327479025038,0.8515881265118236,0.9626008593877622,0.16799675092485494,0.0,-2.991497980012423e-13,-5.336658663347744,0.0,,0.0,0.3877142388595381,0.0,7.415574553979104,True
lift_and_cruse,cruise_44,0.8248193872872096,0.0,1174.9068007657413,1221.3717384018141,531.3327479014341,0.8515881265119679,0.9626008593877791,0.16799675092467467,0.0,-2.9914979800056403e-13,-5.336658663347744,0.0,,0.0,0.38771423885934997,0.0,7.427136181730925,True
lift_and_cruse,cruise_44,0.8248442841906565,0.0,1174.9068007658093,1221.371738402144,531.3327479016103,0.8515881265119507,0.9626008593877757,0.16799675092470917,0.0,-2.991497980006448e-13,-5.336658663347744,0.0,,0.0,0.38771423885937234,0.0,7.443843217893526,True
lift_and_cruse,cruise_44,0.8248719267631581,0.0,1174.9068007658088,1221.3717384021418,531.3327479016134,0.851588126511951,0.9626008593877755,0.16799675092470373,0.0,-2.9914979800064426e-13,-5.336658663347744,0.0,,0.0,0.3877142388593721,0.0,7.462386629056552,True
lift_and_cruse,cruise_44,0.8248968400569194,0.0,1174.9068007661192,1221.3717384036493,531.3327479021999,0.8515881265118722,0.9626008593877663,0.16799675092480149,0.0,-2.991497980010135e-13,-5.336658663347744,0.0,,0.0,0.3877142388594746,0.0,7.479093665219152,True
lift_and_cruse,cruise_44,0.8249140851413317,0.0,1174.9068007668443,1221.3717384071704,531.3327479035219,0.8515881265116889,0.962600859387746,0.16799675092500985,0.0,-2.9914979800187594e-13,-5.336658663347744,0.0,,0.0,0.3877142388597139,0.0,7.490655292970973,True
lift_and_cruse,cruise_44,0.824920240740784,0.0,1174.9068007657397,1221.371738401806,531.3327479014645,0.8515881265119686,0.9626008593877782,0.16799675092467836,0.0,-2.99149798000562e-13,-5.336658663347744,0.0,,0.0,0.38771423885934936,0.0,7.494781590141705,True
lift_and_cruse,cruise_45,0.8249194114583576,0.0,1174.9056775767083,1221.3714094677669,531.3324052874423,0.8515879323245433,0.9626008443322771,0.16799696380079981,0.0,-2.991497174349584e-13,-5.336658663347744,0.0,,0.0,0.387713868211754,0.0,7.494781590141705,True
lift_and_cruse,cruise_45,0.8249255619150656,0.0,1174.9056712552272,1221.3713787699048,531.3323938137194,0.8515879339251419,0.9626008445086532,0.16799696198081393,0.0,-2.991497099161507e-13,-5.336658663347744,0.0,,0.0,0.3877138661256922,0.0,7.498907887312438,True
lift_and_cruse,cruise_45,0.8249428133445565,0.0,1174.9056712557995,1221.3713787726838,531.3323938145977,0.8515879339249971,0.9626008445086417,0.1679969619809358,0.0,-2.9914970991683135e-13,-5.336658663347744,0.0,,0.0,0.3877138661258811,0.0,7.510469515064258,True
lift_and_cruse,cruise_45,0.8249677488687049,0.0,1174.9056711683143,1221.371378348063,531.3323935157163,0.8515879339471281,0.9626008445149149,0.16799696191143965,0.0,-2.9914970981282924e-13,-5.336658663347744,0.0,,0.0,0.3877138660970113,0.0,7.527176551226859,True
lift_and_cruse,cruise_45,0.8249954343847735,0.0,1174.9056711237774,1221.3713781317624,531.3323935284953,0.8515879339584067,0.9626008445135966,0.16799696192821142,0.0,-2.991497097598509e-13,-5.336658663347744,0.0,,0.0,0.3877138660823144,0.0,7.545719962389885,True
lift_and_cruse,cruise_45,0.8250203864530434,0.0,1174.9056711730834,1221.371378371252,531.3323935165732,0.8515879339459174,0.9626008445149952,0.1679969619103468,0.0,-2.991497098185089e-13,-5.336658663347744,0.0,,0.0,0.3877138660985851,0.0,7.5624269985524855,True
lift_and_cruse,cruise_45,0.8250376583515331,0.0,1174.9056711769722,1221.3713783901603,531.3323935178466,0.8515879339449309,0.9626008445150449,0.1679969619096427,0.0,-2.991497098231401e-13,-5.336658663347744,0.0,,0.0,0.38771386609986835,0.0,7.573988626304306,True
lift_and_cruse,cruise_45,0.8250438235283936,0.0,1174.9056711846754,1221.3713784276147,531.3323935204754,0.8515879339429763,0.9626008445151405,0.16799696190826344,0.0,-2.991497098323138e-13,-5.336658663347744,0.0,,0.0,0.3877138661024104,0.0,7.578114923475039,True
lift_and_cruse,cruise_46,0.8250429833828945,0.0,1174.9045353717572,1221.3710007075274,531.3320321947489,0.8515877417825161,0.962600829696916,0.1679971724787151,0.0,-2.9914961731757463e-13,-5.336658663347744,0.0,,0.0,0.38771349128898625,0.0,7.578114923475039,True
lift_and_cruse,cruise_46,0.8250491518852052,0.0,1174.9045386067246,1221.371016417047,531.3320380785528,0.8515877409634086,0.9626008296063226,0.16799717341393824,0.0,-2.991496211652972e-13,-5.336658663347744,0.0,,0.0,0.3877134923565117,0.0,7.582241220645771,True
lift_and_cruse,cruise_46,0.8250664301114441,0.0,1174.9045385808997,1221.3710162916368,531.3320380315939,0.8515877409699475,0.9626008296070454,0.16799717340649242,0.0,-2.991496211345806e-13,-5.336658663347744,0.0,,0.0,0.3877134923479896,0.0,7.5938028483975915,True
lift_and_cruse,cruise_46,0.8250914044934998,0.0,1174.9045385822494,1221.3710162981922,531.3320380340556,0.8515877409696057,0.9626008296070077,0.16799717340686438,0.0,-2.9914962113618617e-13,-5.336658663347744,0.0,,0.0,0.38771349234843505,0.0,7.610509884560192,True
lift_and_cruse,cruise_46,0.8251191331052236,0.0,1174.9045386054047,1221.3710164106374,531.3320380761246,0.8515877409637429,0.9626008296063604,0.1679971734135471,0.0,-2.991496211637273e-13,-5.336658663347744,0.0,,0.0,0.3877134923560762,0.0,7.629053295723218,True
lift_and_cruse,cruise_46,0.8251441239002064,0.0,1174.9045385813286,1221.371016293718,531.3320380323415,0.8515877409698389,0.9626008296070344,0.16799717340659806,0.0,-2.991496211350903e-13,-5.336658663347744,0.0,,0.0,0.38771349234813113,0.0,7.6457603318858185,True
lift_and_cruse,cruise_46,0.8251614226784674,0.0,1174.9045386201194,1221.371016482093,531.3320381029349,0.8515877409600167,0.962600829605947,0.16799717341781306,0.0,-2.9914962118122884e-13,-5.336658663347744,0.0,,0.0,0.387713492360932,0.0,7.65732195963764,True
lift_and_cruse,cruise_46,0.8251675974334591,0.0,1174.9045386212445,1221.3710164875586,531.3320381049801,0.851587740959732,0.9626008296059154,0.16799717341815204,0.0,-2.9914962118256756e-13,-5.336658663347744,0.0,,0.0,0.38771349236130315,0.0,7.661448256808372,True
lift_and_cruse,cruise_47,0.8251667580883868,0.0,1174.903403363851,1221.3706540492417,531.3316818438781,0.8515875474829443,0.962600814661208,0.16799738543158427,0.0,-2.991495324107826e-13,-5.336658663347744,0.0,,0.0,0.3877131177311999,0.0,7.661448256808372,True
lift_and_cruse,cruise_47,0.8251729333064418,0.0,1174.903403365109,1221.3706540553499,531.3316818461725,0.8515875474826257,0.9626008146611726,0.16799738543194348,0.0,-2.991495324122787e-13,-5.336658663347744,0.0,,0.0,0.387713117731615,0.0,7.665574553979104,True
lift_and_cruse,cruise_47,0.8251902384136592,0.0,1174.9034033661692,1221.3706540604999,531.3316818480506,0.8515875474823573,0.9626008146611443,0.1679973854322475,0.0,-2.9914953241354007e-13,-5.336658663347744,0.0,,0.0,0.3877131177319648,0.0,7.677136181730925,True
lift_and_cruse,cruise_47,0.8252152516123992,0.0,1174.9034033651087,1221.3706540553499,531.3316818461756,0.8515875474826258,0.9626008146611724,0.16799738543194997,0.0,-2.991495324122787e-13,-5.336658663347744,0.0,,0.0,0.3877131177316149,0.0,7.693843217893526,True
lift_and_cruse,cruise_47,0.8252430233070056,0.0,1174.9034033708995,1221.3706540834723,531.3316818566602,0.8515875474811596,0.9626008146610117,0.16799738543360732,0.0,-2.991495324191667e-13,-5.336658663347744,0.0,,0.0,0.3877131177335258,0.0,7.712386629056552,True
lift_and_cruse,cruise_47,0.8252680529598262,0.0,1174.903403365109,1221.3706540553512,531.3316818461725,0.8515875474826258,0.9626008146611726,0.16799738543194645,0.0,-2.99149532412279e-13,-5.336658663347744,0.0,,0.0,0.387713117731615,0.0,7.729093665219152,True
lift_and_cruse,cruise_47,0.8252853785892417,0.0,1174.9034033651085,1221.3706540553483,531.3316818461908,0.851587547482626,0.9626008146611721,0.167997385431953,0.0,-2.991495324122783e-13,-5.336658663347744,0.0,,0.0,0.38771311773161476,0.0,7.740655292970973,True
lift_and_cruse,cruise_47,0.825291562939836,0.0,1174.9034033651067,1221.37065405534,531.3316818462121,0.8515875474826262,0.9626008146611714,0.16799738543195872,0.0,-2.991495324122763e-13,-5.336658663347744,0.0,,0.0,0.3877131177316142,0.0,7.744781590141705,True
lift_and_cruse,cruise_48,0.8252907214677171,0.0,1174.902265345863,1221.37029085521,531.3313247572661,0.8515873535233063,0.9626007996790191,0.16799759797397523,0.0,-2.991494434539009e-13,-5.336658663347744,0.0,,0.0,0.38771274219011204,0.0,7.744781590141705,True
lift_and_cruse,cruise_48,0.8252969062818718,0.0,1174.9022653459056,1221.370290855416,531.3313247573117,0.8515873535232954,0.9626007996790187,0.16799759797398506,0.0,-2.991494434539514e-13,-5.336658663347744,0.0,,0.0,0.3877127421901261,0.0,7.748907887312438,True
lift_and_cruse,cruise_48,0.8253142382823685,0.0,1174.9022653459053,1221.3702908554149,531.331324757336,0.8515873535232957,0.962600799679018,0.16799759797399258,0.0,-2.991494434539511e-13,-5.336658663347744,0.0,,0.0,0.38771274219012597,0.0,7.760469515064258,True
lift_and_cruse,cruise_48,0.8253392903544787,0.0,1174.9022653459022,1221.3702908553987,531.3313247573999,0.8515873535232966,0.9626007996790162,0.16799759797399452,0.0,-2.9914944345394717e-13,-5.336658663347744,0.0,,0.0,0.38771274219012497,0.0,7.777176551226859,True
lift_and_cruse,cruise_48,0.8253671052017829,0.0,1174.9022653459015,1221.370290855396,531.3313247574029,0.8515873535232965,0.962600799679016,0.16799759797398964,0.0,-2.991494434539465e-13,-5.336658663347744,0.0,,0.0,0.3877127421901247,0.0,7.795719962389885,True
lift_and_cruse,cruise_48,0.825392173755037,0.0,1174.9022653459015,1221.370290855396,531.3313247573238,0.8515873535232965,0.9626007996790182,0.16799759797398567,0.0,-2.991494434539465e-13,-5.336658663347744,0.0,,0.0,0.3877127421901247,0.0,7.8124269985524855,True
lift_and_cruse,cruise_48,0.8254095263071959,0.0,1174.9022653459085,1221.3702908554314,531.3313247573329,0.8515873535232946,0.9626007996790181,0.1679975979739911,0.0,-2.991494434539552e-13,-5.336658663347744,0.0,,0.0,0.3877127421901271,0.0,7.823988626304306,True
lift_and_cruse,cruise_48,0.8254157202676615,0.0,1174.9022653459047,1221.370290855412,531.3313247573725,0.8515873535232955,0.9626007996790169,0.16799759797399116,0.0,-2.991494434539504e-13,-5.336658663347744,0.0,,0.0,0.3877127421901258,0.0,7.828114923475039,True
lift_and_cruse,cruise_49,0.8254148763267884,0.0,1174.9011241781834,1221.3699250829734,531.3309661597424,0.8515871591730753,0.962600784669635,0.16799781093987778,0.0,-2.991493538655412e-13,-5.336658663347744,0.0,,0.0,0.3877123656096394,0.0,7.828114923475039,True
lift_and_cruse,cruise_49,0.8254210710598422,0.0,1174.9011245260401,1221.3699267722152,531.330966792387,0.8515871590849965,0.9626007846598945,0.16799781104042688,0.0,-2.991493542792861e-13,-5.336658663347744,0.0,,0.0,0.3877123657244307,0.0,7.832241220645771,True
lift_and_cruse,cruise_49,0.8254384450249739,0.0,1174.901141472299,1221.37000906565,531.330997614285,0.8515871547941267,0.9626007841853294,0.167997815939553,0.0,-2.991493744353644e-13,-5.336658663347744,0.0,,0.0,0.3877123713166239,0.0,7.8438028483975915,True
lift_and_cruse,cruise_49,0.82546353237816,0.0,1174.9011373611766,1221.3699891014562,531.330990136996,0.8515871558350815,0.9626007843004569,0.16799781475103337,0.0,-2.991493695455472e-13,-5.336658663347744,0.0,,0.0,0.387712369959971,0.0,7.860509884560192,True
lift_and_cruse,cruise_49,0.8254913790577971,0.0,1174.9011245260406,1221.3699267722172,531.3309667923809,0.8515871590849963,0.9626007846598947,0.1679978110404303,0.0,-2.991493542792866e-13,-5.336658663347744,0.0,,0.0,0.38771236572443085,0.0,7.879053295723218,True
lift_and_cruse,cruise_49,0.8255164865583305,0.0,1174.9011245239592,1221.3699267621096,531.3309667885974,0.8515871590855235,0.962600784659953,0.16799781103982012,0.0,-2.9914935427681096e-13,-5.336658663347744,0.0,,0.0,0.387712365723744,0.0,7.8957603318858185,True
lift_and_cruse,cruise_49,0.825533865620261,0.0,1174.9011240164155,1221.3699242974044,531.3309658654468,0.8515871592140356,0.962600784674167,0.16799781089309748,0.0,-2.991493536731323e-13,-5.336658663347744,0.0,,0.0,0.38771236555625666,0.0,7.90732195963764,True
lift_and_cruse,cruise_49,0.8255400696559976,0.0,1174.9011245260424,1221.3699267722254,531.330966792393,0.8515871590849959,0.9626007846598944,0.16799781104044442,0.0,-2.991493542792886e-13,-5.336658663347744,0.0,,0.0,0.3877123657244314,0.0,7.911448256808372,True
lift_and_cruse,cruise_50,0.8255392238516472,0.0,1174.8999808907643,1221.369561801699,531.3306079467638,0.8515869641651489,0.962600769603606,0.16799802463409336,0.0,-2.9914926488729123e-13,-5.336658663347744,0.0,,0.0,0.3877119883296618,0.0,7.911448256808372,True
lift_and_cruse,cruise_50,0.8255454279018948,0.0,1174.899980892931,1221.36956181223,531.3306079503529,0.8515869641645997,0.962600769603555,0.1679980246346034,0.0,-2.9914926488987057e-13,-5.336658663347744,0.0,,0.0,0.3877119883303768,0.0,7.915574553979104,True
lift_and_cruse,cruise_50,0.8255628138010214,0.0,1174.8999808912208,1221.3695618039185,531.3306079478518,0.8515869641650337,0.9626007696035863,0.16799802463431426,0.0,-2.9914926488783483e-13,-5.336658663347744,0.0,,0.0,0.38771198832981246,0.0,7.927136181730925,True
lift_and_cruse,cruise_50,0.825587943779402,0.0,1174.899980891078,1221.369561803223,531.3306079474477,0.85158696416507,0.9626007696035941,0.1679980246342254,0.0,-2.991492648876645e-13,-5.336658663347744,0.0,,0.0,0.38771198832976533,0.0,7.943843217893526,True
lift_and_cruse,cruise_50,0.8256158451217257,0.0,1174.8999808910098,1221.369561802893,531.3306079473351,0.8515869641650871,0.9626007696035958,0.1679980246342103,0.0,-2.9914926488758365e-13,-5.336658663347744,0.0,,0.0,0.38771198832974285,0.0,7.962386629056552,True
lift_and_cruse,cruise_50,0.8256409916272273,0.0,1174.8999808908668,1221.3695618021975,531.3306079470981,0.8515869641651231,0.9626007696035992,0.1679980246341766,0.0,-2.991492648874133e-13,-5.336658663347744,0.0,,0.0,0.38771198832969567,0.0,7.979093665219152,True
lift_and_cruse,cruise_50,0.8256583981385973,0.0,1174.8999808928488,1221.369561811829,531.3306079501615,0.8515869641646208,0.9626007696035584,0.1679980246345729,0.0,-2.9914926488977237e-13,-5.336658663347744,0.0,,0.0,0.38771198833034964,0.0,7.990655292970973,True
lift_and_cruse,cruise_50,0.8256646113576074,0.0,1174.8999808915323,1221.36956180543,531.3306079485477,0.8515869641649543,0.962600769603574,0.16799802463444113,0.0,-2.9914926488820505e-13,-5.336658663347744,0.0,,0.0,0.3877119883299152,0.0,7.994781590141705,True
lift_and_cruse,cruise_51,0.8256637633382088,0.0,1174.8988343909023,1221.3691957731971,531.3302481538057,0.8515867687698379,0.9626007545109063,0.167998238747955,0.0,-2.991491752361646e-13,-5.336658663347744,0.0,,0.0,0.38771160998959175,0.0,7.994781590141705,True
lift_and_cruse,cruise_51,0.8256699770535623,0.0,1174.8988344245956,1221.369195936814,531.3302482150419,0.8515867687613068,0.962600754509964,0.16799823875768488,0.0,-2.9914917527623917e-13,-5.336658663347744,0.0,,0.0,0.38771161000071036,0.0,7.998907887312438,True
lift_and_cruse,cruise_51,0.825687389960399,0.0,1174.8988344246056,1221.369195936863,531.3302482150572,0.8515867687613039,0.9626007545099637,0.16799823875767894,0.0,-2.9914917527625113e-13,-5.336658663347744,0.0,,0.0,0.38771161000071364,0.0,8.010469515064258,True
lift_and_cruse,cruise_51,0.8257125589732084,0.0,1174.8988344246052,1221.369195936863,531.3302482150298,0.8515867687613042,0.9626007545099645,0.16799823875767203,0.0,-2.9914917527625113e-13,-5.336658663347744,0.0,,0.0,0.3877116100007136,0.0,8.027176551226859,True
lift_and_cruse,cruise_51,0.8257405036531521,0.0,1174.8988344245383,1221.369195936538,531.3302482149446,0.8515867687613211,0.9626007545099654,0.16799823875766373,0.0,-2.9914917527617157e-13,-5.336658663347744,0.0,,0.0,0.3877116100006915,0.0,8.045719962389885,True
lift_and_cruse,cruise_51,0.82576568921617,0.0,1174.898834424541,1221.3691959365492,531.3302482149568,0.8515867687613204,0.9626007545099651,0.16799823875767228,0.0,-2.991491752761743e-13,-5.336658663347744,0.0,,0.0,0.3877116100006923,0.0,8.062426998552485,True
lift_and_cruse,cruise_51,0.8257831227608574,0.0,1174.8988344246422,1221.3691959370417,531.3302482151392,0.8515867687612949,0.9626007545099623,0.16799823875770106,0.0,-2.991491752762949e-13,-5.336658663347744,0.0,,0.0,0.38771161000072574,0.0,8.073988626304306,True
lift_and_cruse,cruise_51,0.8257893456302429,0.0,1174.8988344237955,1221.3691959329299,531.3302482136136,0.8515867687615093,0.9626007545099856,0.16799823875745293,0.0,-2.991491752752878e-13,-5.336658663347744,0.0,,0.0,0.38771161000044635,0.0,8.078114923475038,True
lift_and_cruse,cruise_52,0.8257884947065217,0.0,1174.8976842812926,1221.3688250361106,531.3298856000847,0.8515865730907249,0.9626007394151946,0.1679984530217152,0.0,-2.991490844317673e-13,-5.336658663347744,0.0,,0.0,0.38771123045832023,0.0,8.078114923475038,True
lift_and_cruse,cruise_52,0.8257947139697409,0.0,1174.897680098265,1221.368806155797,531.3298800708126,0.8515865740160815,0.9626007394754711,0.16799845246971384,0.0,-2.991490798074242e-13,-5.336658663347744,0.0,,0.0,0.38771122907793903,0.0,8.08224122064577,True
lift_and_cruse,cruise_52,0.8258121569224196,0.0,1174.8976829728635,1221.3688184340162,531.3298825201064,0.8515865734452015,0.9626007394709899,0.16799845242205444,0.0,-2.9914908281472054e-13,-5.336658663347744,0.0,,0.0,0.3877112300265443,0.0,8.093802848397592,True
lift_and_cruse,cruise_52,0.8258373633762688,0.0,1174.89768122055,1221.3688102607186,531.3298808830145,0.851586573857507,0.9626007394776616,0.16799845240556804,0.0,-2.9914908081284e-13,-5.336658663347744,0.0,,0.0,0.3877112294482883,0.0,8.110509884560193,True
lift_and_cruse,cruise_52,0.8258653528937226,0.0,1174.8976827441443,1221.3688173328533,531.329882033663,0.8515865735022247,0.962600739479322,0.16799845233367136,0.0,-2.991490825450134e-13,-5.336658663347744,0.0,,0.0,0.3877112299510679,0.0,8.129053295723219,True
lift_and_cruse,cruise_52,0.825890576334851,0.0,1174.8976813808292,1221.368810801943,531.329880967165,0.851586573839064,0.9626007394788456,0.16799845238633115,0.0,-2.9914908094540176e-13,-5.336658663347744,0.0,,0.0,0.38771122950117975,0.0,8.14576033188582,True
lift_and_cruse,cruise_52,0.8259080368633928,0.0,1174.8976812970252,1221.3688104537184,531.3298808870201,0.8515865738547989,0.9626007394792153,0.16799845238496358,0.0,-2.9914908086011133e-13,-5.336658663347744,0.0,,0.0,0.3877112294735247,0.0,8.15732195963764,True
lift_and_cruse,cruise_52,0.8259142693303513,0.0,1174.8976812356123,1221.3688102041979,531.3298808305611,0.8515865738658005,0.962600739479424,0.16799845238466457,0.0,-2.991490807989964e-13,-5.336658663347744,0.0,,0.0,0.38771122945325875,0.0,8.161448256808372,True
lift_and_cruse,cruise_53,0.8259134203408974,0.0,1174.8965329390446,1221.368461505284,531.329526072828,0.851586376491239,0.9626007242098619,0.1679986686054389,0.0,-2.9914899539239464e-13,-5.336658663347744,0.0,,0.0,0.3877108505202834,0.0,8.161448256808372,True
lift_and_cruse,cruise_53,0.825919653335509,0.0,1174.8965329332693,1221.3684614772358,531.3295260614195,0.8515863764927014,0.9626007242100484,0.16799866860350152,0.0,-2.991489953855248e-13,-5.336658663347744,0.0,,0.0,0.3877108505183776,0.0,8.165574553979104,True
lift_and_cruse,cruise_53,0.8259371203678516,0.0,1174.8965329336884,1221.368461479272,531.3295260623404,0.8515863764925949,0.9626007242100323,0.16799866860366022,0.0,-2.991489953860235e-13,-5.336658663347744,0.0,,0.0,0.3877108505185159,0.0,8.177136181730924,True
lift_and_cruse,cruise_53,0.8259623676133825,0.0,1174.8965329348855,1221.368461485088,531.3295260631244,0.8515863764922915,0.9626007242100368,0.16799866860357898,0.0,-2.9914899538744806e-13,-5.336658663347744,0.0,,0.0,0.3877108505189109,0.0,8.193843217893525,True
lift_and_cruse,cruise_53,0.8259903991495153,0.0,1174.8965329345574,1221.3684614834997,531.329526065194,0.8515863764923742,0.9626007242099731,0.16799866860432155,0.0,-2.9914899538705906e-13,-5.336658663347744,0.0,,0.0,0.3877108505188027,0.0,8.212386629056551,True
lift_and_cruse,cruise_53,0.8260156629910458,0.0,1174.8965329350292,1221.3684614857937,531.3295260661573,0.8515863764922548,0.962600724209957,0.16799866860448964,0.0,-2.9914899538762093e-13,-5.336658663347744,0.0,,0.0,0.38771085051895837,0.0,8.229093665219152,True
lift_and_cruse,cruise_53,0.8260331507190957,0.0,1174.8965329355535,1221.3684614883416,531.3295260656924,0.8515863764921221,0.9626007242099811,0.16799866860417914,0.0,-2.9914899538824495e-13,-5.336658663347744,0.0,,0.0,0.3877108505191314,0.0,8.240655292970974,True
lift_and_cruse,cruise_53,0.8260393929287675,0.0,1174.8965329347243,1221.3684614843169,531.3295260669901,0.8515863764923316,0.9626007242099276,0.16799866860483784,0.0,-2.991489953872592e-13,-5.336658663347744,0.0,,0.0,0.3877108505188578,0.0,8.244781590141706,True
lift_and_cruse,cruise_54,0.8260385383198313,0.0,1174.895377891873,1221.3680929427405,531.3291636608317,0.8515861796190558,0.9626007090028382,0.1679988843371121,0.0,-2.991489051206068e-13,-5.336658663347744,0.0,,0.0,0.3877104693596376,0.0,8.244781590141706,True
lift_and_cruse,cruise_54,0.8260447809972439,0.0,1174.8953778918735,1221.3680929427417,531.3291636608225,0.8515861796190557,0.9626007090028385,0.16799888433711305,0.0,-2.991489051206071e-13,-5.336658663347744,0.0,,0.0,0.38771046935963777,0.0,8.248907887312438,True
lift_and_cruse,cruise_54,0.8260622751481168,0.0,1174.8953778915195,1221.368092941023,531.329163660233,0.8515861796191452,0.962600709002847,0.16799888433702453,0.0,-2.9914890512018616e-13,-5.336658663347744,0.0,,0.0,0.38771046935952097,0.0,8.260469515064258,True
lift_and_cruse,cruise_54,0.8260875615906004,0.0,1174.8953778917996,1221.3680929423847,531.3291636606735,0.8515861796190743,0.962600709002841,0.16799888433708884,0.0,-2.991489051205197e-13,-5.336658663347744,0.0,,0.0,0.38771046935961334,0.0,8.277176551226859,True
lift_and_cruse,cruise_54,0.8261156366461798,0.0,1174.8953778918744,1221.3680929427467,531.3291636608164,0.8515861796190553,0.9626007090028387,0.16799888433711488,0.0,-2.9914890512060833e-13,-5.336658663347744,0.0,,0.0,0.3877104693596381,0.0,8.295719962389885,True
lift_and_cruse,cruise_54,0.8261409397083721,0.0,1174.8953778919029,1221.368092942885,531.3291636608985,0.8515861796190483,0.9626007090028371,0.16799888433712076,0.0,-2.991489051206422e-13,-5.336658663347744,0.0,,0.0,0.3877104693596475,0.0,8.312426998552485,True
lift_and_cruse,cruise_54,0.8261584545825478,0.0,1174.8953778899654,1221.3680929334764,531.3291636573459,0.8515861796195384,0.9626007090028922,0.16799888433656454,0.0,-2.991489051183378e-13,-5.336658663347744,0.0,,0.0,0.38771046935900816,0.0,8.323988626304306,True
lift_and_cruse,cruise_54,0.8261647064849715,0.0,1174.895377891819,1221.3680929424786,531.3291636607465,0.851586179619069,0.9626007090028393,0.16799888433711288,0.0,-2.991489051205427e-13,-5.336658663347744,0.0,,0.0,0.3877104693596198,0.0,8.328114923475038,True
lift_and_cruse,cruise_55,0.8261638495836522,0.0,1174.8942198980928,1221.3677230903736,531.3287992871094,0.8515859822766132,0.9626006937853672,0.16799910029170959,0.0,-2.9914881453290335e-13,-5.336658663347744,0.0,,0.0,0.3877100872266234,0.0,8.328114923475038,True
lift_and_cruse,cruise_55,0.826170096772366,0.0,1174.89421423164,1221.367696370998,531.3287915902057,0.8515859836369177,0.962600693872676,0.16799909947855426,0.0,-2.991488079885438e-13,-5.336658663347744,0.0,,0.0,0.3877100853567182,0.0,8.33224122064577,True
lift_and_cruse,cruise_55,0.8261876185528362,0.0,1174.894214596374,1221.3676973886986,531.3287902328676,0.8515859836149234,0.9626006939177381,0.16799909894507536,0.0,-2.991488082378086e-13,-5.336658663347744,0.0,,0.0,0.38771008547707886,0.0,8.343802848397592,True
lift_and_cruse,cruise_55,0.8262129444865192,0.0,1174.8942148256249,1221.367698343181,531.3287904435141,0.8515859835717025,0.9626006939169618,0.16799909894612278,0.0,-2.9914880847158933e-13,-5.336658663347744,0.0,,0.0,0.3877100855527306,0.0,8.360509884560193,True
lift_and_cruse,cruise_55,0.8262410626579116,0.0,1174.8942144821035,1221.3676974997181,531.32879205475,0.8515859835816746,0.9626006938654158,0.1679990995538002,0.0,-2.991488082650005e-13,-5.336658663347744,0.0,,0.0,0.38771008543937,0.0,8.379053295723219,True
lift_and_cruse,cruise_55,0.8262664053611279,0.0,1174.8942147789255,1221.3676984017009,531.3287911823178,0.8515859835568871,0.9626006938957364,0.1679990991930871,0.0,-2.9914880848592257e-13,-5.336658663347744,0.0,,0.0,0.38771008553732006,0.0,8.39576033188582,True
lift_and_cruse,cruise_55,0.8262839475984087,0.0,1174.8942148881176,1221.3676985504067,531.3287903697571,0.851585983564866,0.9626006939203385,0.16799909890491993,0.0,-2.9914880852234497e-13,-5.336658663347744,0.0,,0.0,0.387710085573353,0.0,8.40732195963764,True
lift_and_cruse,cruise_55,0.8262902092733359,0.0,1174.8942149670704,1221.36769893459,531.3287906051504,0.8515859835448024,0.9626006939156165,0.167999098956773,0.0,-2.991488086164427e-13,-5.336658663347744,0.0,,0.0,0.3877100855994071,0.0,8.411448256808372,True
lift_and_cruse,cruise_56,0.826289354558961,0.0,1174.8930591099584,1221.3673530936126,531.3284361156897,0.8515857843874379,0.9626006784742086,0.16799931742611077,0.0,-2.9914872390983357e-13,-5.336658663347744,0.0,,0.0,0.38770970417148437,0.0,8.411448256808372,True
lift_and_cruse,cruise_56,0.8262956166461581,0.0,1174.8930591258693,1221.3673531708755,531.3284361542943,0.8515857843834089,0.9626006784734986,0.1679993174337733,0.0,-2.991487239287575e-13,-5.336658663347744,0.0,,0.0,0.38770970417673495,0.0,8.415574553979104,True
lift_and_cruse,cruise_56,0.8263131651521763,0.0,1174.8930591285898,1221.36735318409,531.3284361653776,0.8515857843827198,0.9626006784732546,0.16799931743651667,0.0,-2.9914872393199413e-13,-5.336658663347744,0.0,,0.0,0.3877097041776327,0.0,8.427136181730924,True
lift_and_cruse,cruise_56,0.8263385301540284,0.0,1174.8930591280214,1221.367353181332,531.3284361649066,0.8515857843828637,0.9626006784732553,0.1679993174365184,0.0,-2.991487239313186e-13,-5.336658663347744,0.0,,0.0,0.387709704177445,0.0,8.443843217893525,True
lift_and_cruse,cruise_56,0.8263666924297717,0.0,1174.8930591270125,1221.3673531764332,531.3284361628249,0.8515857843831188,0.9626006784732902,0.1679993174361454,0.0,-2.991487239301188e-13,-5.336658663347744,0.0,,0.0,0.38770970417711215,0.0,8.462386629056551,True
lift_and_cruse,cruise_56,0.8263920740984982,0.0,1174.8930591268986,1221.3673531758477,531.3284361383608,0.851585784383151,0.9626006784739569,0.16799931742844165,0.0,-2.9914872392997535e-13,-5.336658663347744,0.0,,0.0,0.3877097041770745,0.0,8.479093665219152,True
lift_and_cruse,cruise_56,0.826409643384454,0.0,1174.893059125861,1221.3673531708391,531.3284361580415,0.8515857843834107,0.9626006784733959,0.16799931743495602,0.0,-2.991487239287486e-13,-5.336658663347744,0.0,,0.0,0.38770970417673223,0.0,8.490655292970974,True
lift_and_cruse,cruise_56,0.8264159147074904,0.0,1174.8930591268204,1221.3673531754805,531.3284361476237,0.8515857843831696,0.9626006784737018,0.16799931743139687,0.0,-2.9914872392988543e-13,-5.336658663347744,0.0,,0.0,0.38770970417704875,0.0,8.494781590141706,True
lift_and_cruse,cruise_57,0.8264150533544317,0.0,1174.8918953546613,1221.3669818497492,531.3280710053641,0.8515855860198878,0.962600663151531,0.16799953479656127,0.0,-2.9914863298131175e-13,-5.336658663347744,0.0,,0.0,0.3877093201371943,0.0,8.494781590141706,True
lift_and_cruse,cruise_57,0.8264213251198089,0.0,1174.891895325754,1221.3669817093778,531.3280709538527,0.8515855860272065,0.9626006631523114,0.16799953478854207,0.0,-2.991486329469307e-13,-5.336658663347744,0.0,,0.0,0.38770932012765486,0.0,8.498907887312438,True
lift_and_cruse,cruise_57,0.8264389008555226,0.0,1174.8918953245504,1221.3669817035352,531.3280709505402,0.8515855860275111,0.9626006631523758,0.1679995347878347,0.0,-2.9914863294549964e-13,-5.336658663347744,0.0,,0.0,0.3877093201272577,0.0,8.510469515064258,True
lift_and_cruse,cruise_57,0.826464305221754,0.0,1174.8918953258494,1221.3669817098414,531.3280709529745,0.8515855860271826,0.9626006631523374,0.16799953478824564,0.0,-2.9914863294704424e-13,-5.336658663347744,0.0,,0.0,0.38770932012768644,0.0,8.527176551226859,True
lift_and_cruse,cruise_57,0.8264925112014342,0.0,1174.891895326621,1221.3669817135856,531.3280709516737,0.8515855860269876,0.9626006631523898,0.16799953478759921,0.0,-2.991486329479613e-13,-5.336658663347744,0.0,,0.0,0.387709320127941,0.0,8.545719962389885,True
lift_and_cruse,cruise_57,0.8265179322558919,0.0,1174.8918953255459,1221.3669817083683,531.3280709513334,0.8515855860272591,0.9626006631523757,0.1679995347878106,0.0,-2.991486329466834e-13,-5.336658663347744,0.0,,0.0,0.3877093201275863,0.0,8.562426998552487,True
lift_and_cruse,cruise_57,0.8265355288055022,0.0,1174.8918953259115,1221.3669817101434,531.3280709514094,0.8515855860271665,0.9626006631523816,0.16799953478773397,0.0,-2.991486329471182e-13,-5.336658663347744,0.0,,0.0,0.3877093201277068,0.0,8.573988626304306,True
lift_and_cruse,cruise_57,0.8265418098582217,0.0,1174.891895324995,1221.3669817056916,531.3280709491088,0.8515855860273989,0.9626006631524247,0.16799953478727023,0.0,-2.9914863294602783e-13,-5.336658663347744,0.0,,0.0,0.38770932012740444,0.0,8.578114923475038,True
lift_and_cruse,cruise_58,0.8265409462414893,0.0,1174.8907286222257,1221.3666094942205,531.3277048999818,0.8515853871593139,0.9626006477912983,0.16799975270432435,0.0,-2.991485417805105e-13,-5.336658663347744,0.0,,0.0,0.38770893512046106,0.0,8.578114923475038,True
lift_and_cruse,cruise_58,0.8265472277644034,0.0,1174.8907286221893,1221.366609494044,531.3277048999028,0.8515853871593235,0.9626006477912996,0.1679997527043146,0.0,-2.9914854178046727e-13,-5.336658663347744,0.0,,0.0,0.38770893512044896,0.0,8.58224122064577,True
lift_and_cruse,cruise_58,0.8265648307728076,0.0,1174.8907286221838,1221.366609494017,531.3277048999058,0.8515853871593246,0.9626006477912994,0.16799975270431447,0.0,-2.9914854178046066e-13,-5.336658663347744,0.0,,0.0,0.3877089351204472,0.0,8.59380284839759,True
lift_and_cruse,cruise_58,0.8265902745559557,0.0,1174.8907286221893,1221.3666094940445,531.327704899924,0.8515853871593235,0.9626006477912991,0.16799975270431416,0.0,-2.9914854178046737e-13,-5.336658663347744,0.0,,0.0,0.38770893512044896,0.0,8.610509884560193,True
lift_and_cruse,cruise_58,0.8266185242988492,0.0,1174.890728622186,1221.3666094940295,531.3277048999788,0.8515853871593243,0.9626006477912975,0.16799975270432402,0.0,-2.991485417804637e-13,-5.336658663347744,0.0,,0.0,0.38770893512044796,0.0,8.629053295723219,True
lift_and_cruse,cruise_58,0.8266439847959252,0.0,1174.8907286221843,1221.3666094940193,531.3277049000183,0.8515853871593247,0.9626006477912963,0.16799975270433223,0.0,-2.991485417804612e-13,-5.336658663347744,0.0,,0.0,0.3877089351204473,0.0,8.64576033188582,True
lift_and_cruse,cruise_58,0.8266616086462749,0.0,1174.890728622193,1221.3666094940627,531.3277049000061,0.8515853871593226,0.9626006477912968,0.16799975270433995,0.0,-2.991485417804718e-13,-5.336658663347744,0.0,,0.0,0.38770893512045024,0.0,8.65732195963764,True
lift_and_cruse,cruise_58,0.8266678994447512,0.0,1174.8907286221909,1221.3666094940513,531.3277048999454,0.851585387159323,0.9626006477912985,0.16799975270432532,0.0,-2.9914854178046904e-13,-5.336658663347744,0.0,,0.0,0.38770893512044946,0.0,8.661448256808372,True
lift_and_cruse,cruise_59,0.8266670335268642,0.0,1174.8895589453189,1221.3662362584455,531.3273378889963,0.851585187790644,0.9626006323917738,0.16799997116835286,0.0,-2.9914845036411104e-13,-5.336658663347744,0.0,,0.0,0.38770854913206493,0.0,8.661448256808372,True
lift_and_cruse,cruise_59,0.826673324804887,0.0,1174.8895589560723,1221.3662363106653,531.3273379092332,0.8515851877879209,0.9626006323914541,0.16799997117167623,0.0,-2.991484503769012e-13,-5.336658663347744,0.0,,0.0,0.3877085491356135,0.0,8.665574553979104,True
lift_and_cruse,cruise_59,0.826690955123274,0.0,1174.8895589560398,1221.3662363105082,531.3273379091632,0.851585187787929,0.9626006323914553,0.16799997117164459,0.0,-2.991484503768627e-13,-5.336658663347744,0.0,,0.0,0.3877085491356028,0.0,8.677136181730924,True
lift_and_cruse,cruise_59,0.8267164383800462,0.0,1174.8895589560818,1221.366236310711,531.3273379093395,0.8515851877879188,0.9626006323914514,0.1679999711716967,0.0,-2.991484503769124e-13,-5.336658663347744,0.0,,0.0,0.38770854913561664,0.0,8.693843217893525,True
lift_and_cruse,cruise_59,0.826744731948445,0.0,1174.8895589560607,1221.3662363106105,531.3273379093761,0.851585187787924,0.96260063239145,0.16799997117170867,0.0,-2.991484503768878e-13,-5.336658663347744,0.0,,0.0,0.3877085491356097,0.0,8.712386629056551,True
lift_and_cruse,cruise_59,0.8267702319427861,0.0,1174.8895589560432,1221.3662363105254,531.3273379094975,0.8515851877879284,0.9626006323914462,0.16799997117176488,0.0,-2.9914845037686696e-13,-5.336658663347744,0.0,,0.0,0.3877085491356039,0.0,8.729093665219153,True
lift_and_cruse,cruise_59,0.8267878831326788,0.0,1174.8895589560466,1221.3662363105427,531.3273379095614,0.8515851877879276,0.9626006323914446,0.1679999711717773,0.0,-2.991484503768712e-13,-5.336658663347744,0.0,,0.0,0.387708549135605,0.0,8.740655292970974,True
lift_and_cruse,cruise_59,0.8267941836898971,0.0,1174.8895589561187,1221.3662363108924,531.3273379095492,0.8515851877879093,0.9626006323914466,0.1679999711717506,0.0,-2.991484503769568e-13,-5.336658663347744,0.0,,0.0,0.3877085491356288,0.0,8.744781590141706,True
lift_and_cruse,cruise_60,0.8267933148415588,0.0,1174.8883855943834,1221.365858673026,531.3269686720786,0.8515849880917472,0.9626006169726609,0.16800018998613336,0.0,-2.9914835788235597e-13,-5.336658663347744,0.0,,0.0,0.38770816193125496,0.0,8.744781590141706,True
lift_and_cruse,cruise_60,0.8267996179834051,0.0,1174.8883879762086,1221.3658702393452,531.3269730041264,0.8515849874886561,0.9626006169059603,0.1680001906747135,0.0,-2.9914836071528715e-13,-5.336658663347744,0.0,,0.0,0.38770816271724706,0.0,8.748907887312438,True
lift_and_cruse,cruise_60,0.8268172800233025,0.0,1174.888392903323,1221.3658941657786,531.3269819651038,0.8515849862410849,0.9626006167679934,0.16800019209900505,0.0,-2.9914836657557316e-13,-5.336658663347744,0.0,,0.0,0.38770816434317384,0.0,8.760469515064257,True
lift_and_cruse,cruise_60,0.8268427991241235,0.0,1174.8883887501781,1221.3658739977998,531.3269744117845,0.851584987292683,0.962600616884287,0.16800019089845583,0.0,-2.99148361635843e-13,-5.336658663347744,0.0,,0.0,0.38770816297265376,0.0,8.777176551226859,True
lift_and_cruse,cruise_60,0.8268711349677232,0.0,1174.8883869337956,1221.3658651773112,531.3269711082013,0.8515849877526007,0.9626006169351518,0.16800019037336164,0.0,-2.9914835947544636e-13,-5.336658663347744,0.0,,0.0,0.3877081623732552,0.0,8.795719962389885,True
lift_and_cruse,cruise_60,0.8268966746401245,0.0,1174.8883870742488,1221.3658658593622,531.3269713636612,0.8515849877170374,0.9626006169312183,0.16800019041396572,0.0,-2.991483596425007e-13,-5.336658663347744,0.0,,0.0,0.3877081624196042,0.0,8.812426998552487,True
lift_and_cruse,cruise_60,0.8269143525390127,0.0,1174.888386320555,1221.365862199369,531.3269699928086,0.8515849879078767,0.9626006169523259,0.16800019019605789,0.0,-2.991483587460609e-13,-5.336658663347744,0.0,,0.0,0.3877081621708885,0.0,8.823988626304306,True
lift_and_cruse,cruise_60,0.826920685489218,0.0,1174.8884118069507,1221.3659859631969,531.3270163465614,0.8515849814545865,0.9626006162386264,0.16800019756390513,0.0,-2.9914838905945605e-13,-5.336658663347744,0.0,,0.0,0.3877081705812904,0.0,8.828114923475038,True
lift_and_cruse,cruise_61,0.8269197923462488,0.0,1174.887210687786,1221.3654870989044,531.3266011223694,0.8515847875193266,0.9626006014740818,0.16800040977649408,0.0,-2.9914826687294423e-13,-5.336658663347744,0.0,,0.0,0.38770777421708313,0.0,8.828114923475038,True
lift_and_cruse,cruise_61,0.8269261020323389,0.0,1174.8872094316619,1221.3654809990849,531.3265988470138,0.8515847878373836,0.9626006015090046,0.1680004094162944,0.0,-2.991482653789193e-13,-5.336658663347744,0.0,,0.0,0.3877077738025676,0.0,8.83224122064577,True
lift_and_cruse,cruise_61,0.8269437870034575,0.0,1174.8872093382774,1221.3654805456026,531.3265986781172,0.8515847878610293,0.9626006015115937,0.1680004093896033,0.0,-2.991482652678482e-13,-5.336658663347744,0.0,,0.0,0.38770777377175114,0.0,8.84380284839759,True
lift_and_cruse,cruise_61,0.8269693494399156,0.0,1174.8872094119674,1221.3654809034465,531.3265988111867,0.8515847878423703,0.9626006015095563,0.1680004094106004,0.0,-2.991482653554947e-13,-5.336658663347744,0.0,,0.0,0.38770777379606847,0.0,8.860509884560193,True
lift_and_cruse,cruise_61,0.8269977306647484,0.0,1174.8872092088852,1221.3654799172682,531.3265984443498,0.8515847878937919,0.9626006015151741,0.16800040935268198,0.0,-2.9914826511395066e-13,-5.336658663347744,0.0,,0.0,0.38770777372905224,0.0,8.879053295723219,True
lift_and_cruse,cruise_61,0.8270233109361397,0.0,1174.887210465856,1221.3654860211998,531.326600685559,0.8515847875755201,0.9626006014812039,0.16800040970185104,0.0,-2.9914826660898274e-13,-5.336658663347744,0.0,,0.0,0.3877077741438472,0.0,8.89576033188582,True
lift_and_cruse,cruise_61,0.8270410159155154,0.0,1174.8872093323334,1221.3654805167407,531.3265986674107,0.8515847878625343,0.9626006015117572,0.1680004093879092,0.0,-2.991482652607791e-13,-5.336658663347744,0.0,,0.0,0.3877077737697896,0.0,8.90732195963764,True
lift_and_cruse,cruise_61,0.8270473360597618,0.0,1174.8872093643172,1221.3654806720544,531.3265987251186,0.8515847878544355,0.9626006015108743,0.16800040939700503,0.0,-2.9914826529882e-13,-5.336658663347744,0.0,,0.0,0.3877077737803441,0.0,8.911448256808372,True
lift_and_cruse,cruise_62,0.8706153337443044,0.0,1233.0150824750276,1251.3458576457745,552.7408666034703,0.8597205832811243,0.9632510204188388,0.1586813662448245,0.0,-3.0649133983843944e-13,-5.336658663347744,0.0,,0.0,0.406889724267773,0.0,8.911448256808372,True
lift_and_cruse,cruise_62,0.8706224078332229,0.0,1233.0150824750306,1251.3458576457892,552.7408666035037,0.8597205832811233,0.9632510204188379,0.15868136624482315,0.0,-3.064913398384431e-13,-5.336658663347744,0.0,,0.0,0.40688972426777403,0.0,8.915574553979104,True
lift_and_cruse,cruise_62,0.8706422327957197,0.0,1233.0150824750312,1251.3458576457924,552.7408666034977,0.8597205832811234,0.9632510204188381,0.1586813662448283,0.0,-3.0649133983844384e-13,-5.336658663347744,0.0,,0.0,0.40688972426777426,0.0,8.927136181730924,True
lift_and_cruse,cruise_62,0.8706708906084426,0.0,1233.0150824750292,1251.3458576457836,552.740866603522,0.859720583281124,0.9632510204188375,0.15868136624483517,0.0,-3.0649133983844167e-13,-5.336658663347744,0.0,,0.0,0.40688972426777353,0.0,8.943843217893525,True
lift_and_cruse,cruise_62,0.8707027121033578,0.0,1233.0150824750278,1251.3458576457754,552.7408666035464,0.8597205832811244,0.9632510204188367,0.15868136624484244,0.0,-3.0649133983843965e-13,-5.336658663347744,0.0,,0.0,0.4068897242677731,0.0,8.962386629056551,True
lift_and_cruse,cruise_62,0.8707313946471392,0.0,1233.0150824750287,1251.345857645779,552.7408666035373,0.8597205832811239,0.963251020418837,0.15868136624482532,0.0,-3.0649133983844056e-13,-5.336658663347744,0.0,,0.0,0.4068897242677734,0.0,8.979093665219153,True
lift_and_cruse,cruise_62,0.8707512504487643,0.0,1233.0150824750265,1251.3458576457683,552.7408666035767,0.8597205832811248,0.9632510204188359,0.15868136624483076,0.0,-3.0649133983843793e-13,-5.336658663347744,0.0,,0.0,0.40688972426777265,0.0,8.990655292970974,True
lift_and_cruse,cruise_62,0.8707583382623827,0.0,1233.0150824750294,1251.3458576457845,552.740866603519,0.8597205832811241,0.9632510204188375,0.1586813662448323,0.0,-3.0649133983844187e-13,-5.336658663347744,0.0,,0.0,0.4068897242677736,0.0,8.994781590141706,True
lift_and_cruse,cruise_63,0.8707580295179055,0.0,1233.0146756468305,1251.3455794080533,552.7406949177627,0.8597205369096929,0.9632510166361855,0.15868142166964447,0.0,-3.064912716898525e-13,-5.336658663347744,0.0,,0.0,0.4068895900162012,0.0,8.994781590141706,True
lift_and_cruse,cruise_63,0.870765118042339,0.0,1233.0146756468323,1251.345579408062,552.7406949177139,0.8597205369096923,0.9632510166361867,0.15868142166963947,0.0,-3.0649127168985464e-13,-5.336658663347744,0.0,,0.0,0.4068895900162018,0.0,8.998907887312438,True
lift_and_cruse,cruise_63,0.8707849834581876,0.0,1233.0146756468332,1251.3455794080674,552.7406949177048,0.8597205369096925,0.9632510166361871,0.15868142166963226,0.0,-3.0649127168985595e-13,-5.336658663347744,0.0,,0.0,0.406889590016202,0.0,9.010469515064257,True
lift_and_cruse,cruise_63,0.8708136997431339,0.0,1233.0146756468343,1251.345579408072,552.7406949176927,0.8597205369096915,0.9632510166361874,0.15868142166964208,0.0,-3.0649127168985706e-13,-5.336658663347744,0.0,,0.0,0.40688959001620245,0.0,9.027176551226859,True
lift_and_cruse,cruise_63,0.8708455861587013,0.0,1233.0146756468323,1251.345579408062,552.7406949177231,0.8597205369096924,0.9632510166361865,0.1586814216696494,0.0,-3.0649127168985464e-13,-5.336658663347744,0.0,,0.0,0.4068895900162018,0.0,9.045719962389885,True
lift_and_cruse,cruise_63,0.8708743272132479,0.0,1233.014675646832,1251.3455794080612,552.7406949177262,0.8597205369096925,0.9632510166361864,0.15868142166964427,0.0,-3.0649127168985444e-13,-5.336658663347744,0.0,,0.0,0.4068895900162017,0.0,9.062426998552487,True
lift_and_cruse,cruise_63,0.8708942235162861,0.0,1233.0146756468307,1251.3455794080548,552.7406949177505,0.8597205369096929,0.9632510166361857,0.15868142166964444,0.0,-3.0649127168985287e-13,-5.336658663347744,0.0,,0.0,0.4068895900162013,0.0,9.073988626304306,True
lift_and_cruse,cruise_63,0.8709013257868139,0.0,1233.0146756468334,1251.3455794080692,552.7406949177109,0.859720536909692,0.9632510166361868,0.15868142166964314,0.0,-3.064912716898564e-13,-5.336658663347744,0.0,,0.0,0.4068895900162021,0.0,9.078114923475038,True
lift_and_cruse,cruise_64,0.8709010160114578,0.0,1233.014267504494,1251.3453002723923,552.7405226775556,0.8597204903883537,0.9632510128413088,0.15868147727358103,0.0,-3.0649120332133375e-13,-5.336658663347744,0.0,,0.0,0.40688945533096893,0.0,9.078114923475038,True
lift_and_cruse,cruise_64,0.8709081189938674,0.0,1233.0142675044926,1251.3453002723827,552.7405226776164,0.8597204903883536,0.963251012841307,0.1586814772735997,0.0,-3.0649120332133143e-13,-5.336658663347744,0.0,,0.0,0.40688945533096843,0.0,9.08224122064577,True
lift_and_cruse,cruise_64,0.8709280249260081,0.0,1233.0142675044954,1251.3453002723975,552.7405226775647,0.8597204903883531,0.9632510128413084,0.15868147727359508,0.0,-3.06491203321335e-13,-5.336658663347744,0.0,,0.0,0.4068894553309694,0.0,9.09380284839759,True
lift_and_cruse,cruise_64,0.8709567997741909,0.0,1233.0142675044924,1251.3453002723813,552.7405226776071,0.8597204903883539,0.9632510128413073,0.15868147727360682,0.0,-3.0649120332133107e-13,-5.336658663347744,0.0,,0.0,0.4068894553309684,0.0,9.110509884560193,True
lift_and_cruse,cruise_64,0.8709887512115134,0.0,1233.0142675044908,1251.345300272374,552.7405226776438,0.8597204903883543,0.9632510128413063,0.15868147727360704,0.0,-3.064912033213293e-13,-5.336658663347744,0.0,,0.0,0.4068894553309679,0.0,9.129053295723219,True
lift_and_cruse,cruise_64,0.8710175508679936,0.0,1233.0142675044967,1251.3453002724054,552.7405226775464,0.8597204903883526,0.963251012841309,0.1586814772735873,0.0,-3.06491203321337e-13,-5.336658663347744,0.0,,0.0,0.4068894553309699,0.0,9.14576033188582,True
lift_and_cruse,cruise_64,0.8710374877355778,0.0,1233.0142675044951,1251.3453002723954,552.7405226775647,0.859720490388353,0.9632510128413084,0.15868147727359608,0.0,-3.064912033213345e-13,-5.336658663347744,0.0,,0.0,0.40688945533096926,0.0,9.15732195963764,True
lift_and_cruse,cruise_64,0.8710446044855545,0.0,1233.0142675044942,1251.3453002723927,552.7405226775829,0.8597204903883535,0.963251012841308,0.15868147727359852,0.0,-3.0649120332133385e-13,-5.336658663347744,0.0,,0.0,0.40688945533096904,0.0,9.161448256808372,True
lift_and_cruse,cruise_65,0.8710442935326496,0.0,1233.0138578880365,1251.3450194516759,552.7403495784703,0.8597204437532479,0.963251009039038,0.15868153301040863,0.0,-3.0649113454009547e-13,-5.336658663347744,0.0,,0.0,0.40688932015928303,0.0,9.161448256808372,True
lift_and_cruse,cruise_65,0.871051411135319,0.0,1233.0138580395492,1251.3450202329564,552.7403498796097,0.8597204437161431,0.9632510090341211,0.1586815330578699,0.0,-3.06491134731454e-13,-5.336658663347744,0.0,,0.0,0.40688932020928154,0.0,9.165574553979104,True
lift_and_cruse,cruise_65,0.8710713576469445,0.0,1233.01385803955,1251.345020232963,552.7403498795975,0.8597204437161429,0.9632510090341214,0.15868153305787402,0.0,-3.064911347314556e-13,-5.336658663347744,0.0,,0.0,0.40688932020928187,0.0,9.177136181730924,True
lift_and_cruse,cruise_65,0.8711001911497417,0.0,1233.013858039549,1251.345020232956,552.7403498796249,0.8597204437161433,0.9632510090341206,0.15868153305787278,0.0,-3.064911347314539e-13,-5.336658663347744,0.0,,0.0,0.4068893202092815,0.0,9.193843217893525,True
lift_and_cruse,cruise_65,0.8711322077103263,0.0,1233.0138580395521,1251.34502023297,552.7403498795579,0.8597204437161421,0.9632510090341225,0.15868153305785912,0.0,-3.0649113473145733e-13,-5.336658663347744,0.0,,0.0,0.4068893202092825,0.0,9.212386629056551,True
lift_and_cruse,cruise_65,0.8711610660602727,0.0,1233.0138580395458,1251.3450202329404,552.7403498796643,0.8597204437161441,0.9632510090341195,0.15868153305788404,0.0,-3.064911347314501e-13,-5.336658663347744,0.0,,0.0,0.40688932020928037,0.0,9.229093665219153,True
lift_and_cruse,cruise_65,0.8711810435557891,0.0,1233.0138580395508,1251.3450202329634,552.7403498795853,0.8597204437161424,0.9632510090341216,0.15868153305786167,0.0,-3.064911347314557e-13,-5.336658663347744,0.0,,0.0,0.40688932020928203,0.0,9.240655292970974,True
lift_and_cruse,cruise_65,0.8711881748078458,0.0,1233.0138580395508,1251.3450202329634,552.7403498795913,0.8597204437161424,0.9632510090341216,0.15868153305786734,0.0,-3.064911347314557e-13,-5.336658663347744,0.0,,0.0,0.40688932020928203,0.0,9.244781590141706,True
lift_and_cruse,cruise_66,0.8711878628123443,0.0,1233.0134470943422,1251.344738515012,552.7401762236394,0.8597203969286042,0.9632510052193904,0.1586815889768773,0.0,-3.0649106573045826e-13,-5.336658663347744,0.0,,0.0,0.406889184599114,0.0,9.244781590141706,True
lift_and_cruse,cruise_66,0.8711949949159754,0.0,1233.013447243473,1251.3447392840092,552.740176520044,0.8597203968920827,0.9632510052145506,0.15868158902357227,0.0,-3.064910659188082e-13,-5.336658663347744,0.0,,0.0,0.40688918464832646,0.0,9.248907887312438,True
lift_and_cruse,cruise_66,0.8712149820705308,0.0,1233.013447243469,1251.3447392839905,552.7401765201168,0.8597203968920832,0.9632510052145487,0.1586815890235912,0.0,-3.0649106591880366e-13,-5.336658663347744,0.0,,0.0,0.4068891846483252,0.0,9.260469515064257,True
lift_and_cruse,cruise_66,0.8712438743196845,0.0,1233.0134472434659,1251.3447392839728,552.7401765201473,0.8597203968920838,0.9632510052145478,0.15868158902359775,0.0,-3.064910659187993e-13,-5.336658663347744,0.0,,0.0,0.4068891846483242,0.0,9.277176551226859,True
lift_and_cruse,cruise_66,0.8712759561054456,0.0,1233.013447243469,1251.3447392839905,552.7401765201017,0.8597203968920832,0.963251005214549,0.15868158902358928,0.0,-3.0649106591880366e-13,-5.336658663347744,0.0,,0.0,0.4068891846483252,0.0,9.295719962389885,True
lift_and_cruse,cruise_66,0.8713048732407568,0.0,1233.0134472434709,1251.3447392839992,552.7401765200805,0.8597203968920828,0.9632510052145495,0.15868158902359,0.0,-3.064910659188058e-13,-5.336658663347744,0.0,,0.0,0.4068891846483258,0.0,9.312426998552487,True
lift_and_cruse,cruise_66,0.8713248914278439,0.0,1233.0134472434709,1251.3447392839992,552.7401765200714,0.8597203968920828,0.9632510052145499,0.1586815890235891,0.0,-3.064910659188058e-13,-5.336658663347744,0.0,,0.0,0.4068891846483258,0.0,9.323988626304306,True
lift_and_cruse,cruise_66,0.8713320372047015,0.0,1233.0134472434743,1251.3447392840164,552.7401765200227,0.8597203968920822,0.9632510052145512,0.1586815890235806,0.0,-3.0649106591880997e-13,-5.336658663347744,0.0,,0.0,0.40688918464832696,0.0,9.328114923475038,True
lift_and_cruse,cruise_67,0.8713317241094766,0.0,1233.0130349066103,1251.3444563830378,552.7400021958787,0.8597203499644192,0.9632510013890357,0.15868164510898597,0.0,-3.064909966280544e-13,-5.336658663347744,0.0,,0.0,0.40688904857891844,0.0,9.328114923475038,True
lift_and_cruse,cruise_67,0.8713388707774264,0.0,1233.0130351076225,1251.3444574195616,552.7400025954822,0.8597203499151922,0.9632510013825102,0.15868164517195174,0.0,-3.064909968819295e-13,-5.336658663347744,0.0,,0.0,0.40688904864525155,0.0,9.33224122064577,True
lift_and_cruse,cruise_67,0.8713588986486154,0.0,1233.0130351076248,1251.344457419574,552.7400025954458,0.859720349915192,0.9632510013825111,0.15868164517195152,0.0,-3.0649099688193254e-13,-5.336658663347744,0.0,,0.0,0.40688904864525244,0.0,9.34380284839759,True
lift_and_cruse,cruise_67,0.871387849724593,0.0,1233.0130351076218,1251.3444574195582,552.7400025954884,0.8597203499151926,0.96325100138251,0.1586816451719594,0.0,-3.064909968819287e-13,-5.336658663347744,0.0,,0.0,0.4068890486452514,0.0,9.360509884560193,True
lift_and_cruse,cruise_67,0.871419996854756,0.0,1233.0130351076252,1251.3444574195769,552.7400025954306,0.8597203499151919,0.9632510013825115,0.15868164517194241,0.0,-3.0649099688193325e-13,-5.336658663347744,0.0,,0.0,0.4068890486452525,0.0,9.379053295723219,True
lift_and_cruse,cruise_67,0.871471929765457,0.0,1233.013035107625,1251.3444574195755,552.7400025954275,0.859720349915192,0.9632510013825116,0.1586816451719524,0.0,-3.064909968819329e-13,-5.336658663347744,0.0,,0.0,0.4068890486452525,0.0,9.39576033188582,True
lift_and_cruse,cruise_67,0.8715085938516233,0.0,1233.0130351076266,1251.3444574195842,552.7400025954094,0.8597203499151912,0.9632510013825121,0.15868164517194555,0.0,-3.06490996881935e-13,-5.336658663347744,0.0,,0.0,0.406889048645253,0.0,9.40732195963764,True
lift_and_cruse,cruise_67,0.8715216803132887,0.0,1233.013035107622,1251.3444574195598,552.7400025954762,0.8597203499151924,0.9632510013825103,0.15868164517195418,0.0,-3.0649099688192906e-13,-5.336658663347744,0.0,,0.0,0.4068890486452515,0.0,9.411448256808372,True
lift_and_cruse,cruise_68,0.8715213661649936,0.0,1233.01262144689,1251.3441737240564,552.7398277512954,0.8597203028276784,0.9632509975436523,0.15868170144886354,0.0,-3.0649092739657106e-13,-5.336658663347744,0.0,,0.0,0.40688891213897227,0.0,9.411448256808372,True
lift_and_cruse,cruise_68,0.8715344534094526,0.0,1233.0126216233123,1251.3441746337814,552.7398281019222,0.8597203027844734,0.9632509975379273,0.15868170150412664,0.0,-3.064909276193894e-13,-5.336658663347744,0.0,,0.0,0.4068889121971908,0.0,9.415574553979104,True
lift_and_cruse,cruise_68,0.8715711259608422,0.0,1233.0126216233098,1251.344174633768,552.7398281019647,0.8597203027844742,0.9632509975379262,0.15868170150412078,0.0,-3.064909276193861e-13,-5.336658663347744,0.0,,0.0,0.40688891219719,0.0,9.427136181730924,True
lift_and_cruse,cruise_68,0.8716241280916064,0.0,1233.0126216233082,1251.3441746337608,552.7398281019798,0.8597203027844749,0.9632509975379258,0.1586817015041333,0.0,-3.0649092761938436e-13,-5.336658663347744,0.0,,0.0,0.4068889121971895,0.0,9.443843217893525,True
lift_and_cruse,cruise_68,0.8716829681429239,0.0,1233.0126216233089,1251.3441746337626,552.7398281019738,0.8597203027844749,0.9632509975379259,0.15868170150412944,0.0,-3.0649092761938476e-13,-5.336658663347744,0.0,,0.0,0.40688891219718976,0.0,9.462386629056551,True
lift_and_cruse,cruise_68,0.8717359921230659,0.0,1233.0126216233084,1251.3441746337614,552.7398281019738,0.8597203027844746,0.9632509975379259,0.15868170150413466,0.0,-3.064909276193845e-13,-5.336658663347744,0.0,,0.0,0.4068889121971896,0.0,9.479093665219153,True
lift_and_cruse,cruise_68,0.8717726919201833,0.0,1233.0126216233077,1251.3441746337576,552.739828101986,0.8597203027844749,0.9632509975379255,0.15868170150413524,0.0,-3.0649092761938355e-13,-5.336658663347744,0.0,,0.0,0.4068889121971893,0.0,9.490655292970974,True
lift_and_cruse,cruise_68,0.8717857911273871,0.0,1233.0126216233114,1251.3441746337774,552.7398281019282,0.8597203027844739,0.9632509975379272,0.15868170150413002,0.0,-3.064909276193884e-13,-5.336658663347744,0.0,,0.0,0.4068889121971906,0.0,9.494781590141706,True
lift_and_cruse,cruise_69,0.8717854759051603,0.0,1233.0122066447002,1251.3438902139599,552.7396527635696,0.859720255532486,0.9632509936851603,0.15868175797841713,0.0,-3.064908579566246e-13,-5.336658663347744,0.0,,0.0,0.40688877525601674,0.0,9.494781590141706,True
lift_and_cruse,cruise_69,0.87179857585952,0.0,1233.0122067817308,1251.3438909205624,552.7396530359506,0.8597202554989279,0.9632509936807125,0.15868175802133766,0.0,-3.064908581296923e-13,-5.336658663347744,0.0,,0.0,0.4068887753012363,0.0,9.498907887312438,True
lift_and_cruse,cruise_69,0.8718352841280538,0.0,1233.0122067817276,1251.3438909205458,552.7396530360054,0.8597202554989288,0.9632509936807111,0.15868175802134377,0.0,-3.0649085812968825e-13,-5.336658663347744,0.0,,0.0,0.4068887753012352,0.0,9.510469515064257,True
lift_and_cruse,cruise_69,0.8718883378795262,0.0,1233.0122067817247,1251.3438909205297,552.739653036054,0.8597202554989293,0.9632509936807097,0.1586817580213546,0.0,-3.0649085812968426e-13,-5.336658663347744,0.0,,0.0,0.4068887753012342,0.0,9.527176551226859,True
lift_and_cruse,cruise_69,0.8719472352364945,0.0,1233.0122067817263,1251.3438909205397,552.7396530360236,0.859720255498929,0.9632509936807105,0.15868175802134205,0.0,-3.0649085812968674e-13,-5.336658663347744,0.0,,0.0,0.4068887753012348,0.0,9.545719962389885,True
lift_and_cruse,cruise_69,0.8720003108571448,0.0,1233.012206781731,1251.3438909205624,552.7396530359446,0.8597202554989276,0.9632509936807128,0.15868175802133055,0.0,-3.064908581296923e-13,-5.336658663347744,0.0,,0.0,0.40688877530123635,0.0,9.562426998552487,True
lift_and_cruse,cruise_69,0.8720370463960967,0.0,1233.0122067817285,1251.3438909205506,552.7396530359932,0.8597202554989284,0.9632509936807114,0.15868175802134937,0.0,-3.064908581296894e-13,-5.336658663347744,0.0,,0.0,0.4068887753012355,0.0,9.573988626304306,True
lift_and_cruse,cruise_69,0.872050158360501,0.0,1233.0122067817304,1251.3438909205588,552.7396530359567,0.8597202554989282,0.9632509936807123,0.15868175802133586,0.0,-3.0649085812969143e-13,-5.336658663347744,0.0,,0.0,0.4068887753012361,0.0,9.578114923475038,True
lift_and_cruse,cruise_70,0.8720498420462796,0.0,1233.0117904646036,1251.3436057097372,552.7394771762149,0.8597202080843316,0.9632509898143379,0.15868181469051174,0.0,-3.0649078827318743e-13,-5.336658663347744,0.0,,0.0,0.4068886379183579,0.0,9.578114923475038,True
lift_and_cruse,cruise_70,0.8720629547328929,0.0,1233.0117905740037,1251.3436062738638,552.739477393757,0.8597202080575405,0.9632509898107848,0.15868181472478943,0.0,-3.064907884113586e-13,-5.336658663347744,0.0,,0.0,0.4068886379544595,0.0,9.58224122064577,True
lift_and_cruse,cruise_70,0.8720996987508258,0.0,1233.011790574001,1251.3436062738508,552.7394773937965,0.8597202080575409,0.9632509898107837,0.15868181472480017,0.0,-3.064907884113554e-13,-5.336658663347744,0.0,,0.0,0.40688863795445857,0.0,9.59380284839759,True
lift_and_cruse,cruise_70,0.8721528041696173,0.0,1233.0117905740049,1251.3436062738692,552.7394773937266,0.8597202080575399,0.9632509898107856,0.1586818147247931,0.0,-3.0649078841135996e-13,-5.336658663347744,0.0,,0.0,0.4068886379544599,0.0,9.610509884560193,True
lift_and_cruse,cruise_70,0.8722117588839724,0.0,1233.0117905740046,1251.3436062738683,552.7394773937297,0.85972020805754,0.9632509898107856,0.1586818147247945,0.0,-3.064907884113597e-13,-5.336658663347744,0.0,,0.0,0.40688863795445984,0.0,9.629053295723219,True
lift_and_cruse,cruise_70,0.8722648861917426,0.0,1233.011790574003,1251.3436062738608,552.7394773937601,0.8597202080575403,0.9632509898107847,0.1586818147247971,0.0,-3.064907884113579e-13,-5.336658663347744,0.0,,0.0,0.40688863795445923,0.0,9.64576033188582,True
lift_and_cruse,cruise_70,0.8723016575047857,0.0,1233.0117905740042,1251.3436062738651,552.7394773937326,0.85972020805754,0.9632509898107854,0.1586818147247875,0.0,-3.0649078841135895e-13,-5.336658663347744,0.0,,0.0,0.40688863795445956,0.0,9.65732195963764,True
lift_and_cruse,cruise_70,0.8723147822379043,0.0,1233.0117905740062,1251.343606273878,552.7394773937115,0.8597202080575393,0.963250989810786,0.15868181472479526,0.0,-3.0649078841136213e-13,-5.336658663347744,0.0,,0.0,0.40688863795446034,0.0,9.661448256808372,True
lift_and_cruse,cruise_71,0.8723144648619349,0.0,1233.0113729500495,1251.3433204755468,552.739301089735,0.8597201604693571,0.9632509859293978,0.1586818716028209,0.0,-3.064907184109598e-13,-5.336658663347744,0.0,,0.0,0.4068885001403338,0.0,9.661448256808372,True
lift_and_cruse,cruise_71,0.8723275902547764,0.0,1233.0113729911693,1251.3433206875814,552.7393011714877,0.8597201604592871,0.9632509859280626,0.15868187161571418,0.0,-3.064907184628933e-13,-5.336658663347744,0.0,,0.0,0.4068885001539031,0.0,9.665574553979104,True
lift_and_cruse,cruise_71,0.872364370054366,0.0,1233.0113729911682,1251.3433206875766,552.7393011714998,0.8597201604592871,0.9632509859280624,0.15868187161571337,0.0,-3.064907184628921e-13,-5.336658663347744,0.0,,0.0,0.40688850015390277,0.0,9.677136181730924,True
lift_and_cruse,cruise_71,0.8724175271870892,0.0,1233.0113729911682,1251.3433206875766,552.7393011715029,0.8597201604592871,0.9632509859280622,0.15868187161571196,0.0,-3.064907184628921e-13,-5.336658663347744,0.0,,0.0,0.40688850015390277,0.0,9.693843217893525,True
lift_and_cruse,cruise_71,0.8724765393105676,0.0,1233.0113729911677,1251.3433206875736,552.739301171512,0.8597201604592876,0.963250985928062,0.15868187161571154,0.0,-3.064907184628914e-13,-5.336658663347744,0.0,,0.0,0.4068885001539026,0.0,9.712386629056551,True
lift_and_cruse,cruise_71,0.8725297183520713,0.0,1233.0113729911668,1251.3433206875695,552.739301171518,0.8597201604592876,0.9632509859280618,0.15868187161571543,0.0,-3.064907184628904e-13,-5.336658663347744,0.0,,0.0,0.40688850015390227,0.0,9.729093665219153,True
lift_and_cruse,cruise_71,0.8725665254714636,0.0,1233.0113729911639,1251.3433206875543,552.7393011715667,0.8597201604592883,0.9632509859280605,0.15868187161571914,0.0,-3.0649071846288664e-13,-5.336658663347744,0.0,,0.0,0.4068885001539014,0.0,9.740655292970974,True
lift_and_cruse,cruise_71,0.8725796629848086,0.0,1233.011372991168,1251.3433206875752,552.7393011714968,0.8597201604592875,0.9632509859280624,0.15868187161571862,0.0,-3.064907184628918e-13,-5.336658663347744,0.0,,0.0,0.4068885001539027,0.0,9.744781590141706,True
lift_and_cruse,cruise_72,0.8725793445048069,0.0,1233.0109540134836,1251.3430341004123,552.7391243441102,0.8597201127057525,0.9632509820328079,0.15868192869195885,0.0,-3.0649064826928144e-13,-5.336658663347744,0.0,,0.0,0.4068883618930518,0.0,9.744781590141706,True
lift_and_cruse,cruise_72,0.8725924826503112,0.0,1233.0109540241742,1251.3430341555388,552.7391243653317,0.8597201127031344,0.9632509820324616,0.15868192869530298,0.0,-3.0649064828278356e-13,-5.336658663347744,0.0,,0.0,0.4068883618965797,0.0,9.748907887312438,True
lift_and_cruse,cruise_72,0.8726292982638147,0.0,1233.0109540241695,1251.3430341555147,552.7391243654016,0.8597201127031356,0.9632509820324596,0.1586819286953088,0.0,-3.0649064828277765e-13,-5.336658663347744,0.0,,0.0,0.40688836189657807,0.0,9.760469515064257,True
lift_and_cruse,cruise_72,0.8726825071570831,0.0,1233.0109540241708,1251.3430341555209,552.7391243653834,0.8597201127031353,0.9632509820324602,0.15868192869531855,0.0,-3.064906482827791e-13,-5.336658663347744,0.0,,0.0,0.4068883618965785,0.0,9.777176551226859,True
lift_and_cruse,cruise_72,0.8727415767414219,0.0,1233.010954024169,1251.3430341555108,552.7391243654138,0.8597201127031359,0.9632509820324594,0.1586819286953183,0.0,-3.064906482827767e-13,-5.336658663347744,0.0,,0.0,0.4068883618965779,0.0,9.795719962389885,True
lift_and_cruse,cruise_72,0.8727948075632739,0.0,1233.0109540241733,1251.3430341555338,552.7391243653409,0.8597201127031348,0.9632509820324614,0.15868192869530923,0.0,-3.064906482827823e-13,-5.336658663347744,0.0,,0.0,0.40688836189657934,0.0,9.812426998552487,True
lift_and_cruse,cruise_72,0.8728316505212736,0.0,1233.0109540241688,1251.3430341555104,552.7391243654138,0.8597201127031359,0.9632509820324594,0.15868192869532022,0.0,-3.064906482827766e-13,-5.336658663347744,0.0,,0.0,0.4068883618965779,0.0,9.823988626304306,True
lift_and_cruse,cruise_72,0.8728448008263576,0.0,1233.0109540241724,1251.34303415553,552.73912436535,0.859720112703135,0.9632509820324612,0.15868192869530742,0.0,-3.064906482827814e-13,-5.336658663347744,0.0,,0.0,0.40688836189657906,0.0,9.828114923475038,True
lift_and_cruse,cruise_73,0.8728444812165284,0.0,1233.0105336637155,1251.3427466706687,552.738946971302,0.859720064788078,0.9632509781238968,0.1586819859648406,0.0,-3.064905778692983e-13,-5.336658663347744,0.0,,0.0,0.40688822317941903,0.0,9.828114923475038,True
lift_and_cruse,cruise_73,0.872857632144568,0.0,1233.0105336638685,1251.342746671458,552.7389469715664,0.8597200647880406,0.963250978123893,0.15868198596485827,0.0,-3.0649057786949163e-13,-5.336658663347744,0.0,,0.0,0.4068882231794696,0.0,9.83224122064577,True
lift_and_cruse,cruise_73,0.8728944836042416,0.0,1233.0105336638696,1251.3427466714636,552.7389469715177,0.8597200647880405,0.9632509781238943,0.15868198596485908,0.0,-3.0649057786949305e-13,-5.336658663347744,0.0,,0.0,0.40688822317947,0.0,9.84380284839759,True
lift_and_cruse,cruise_73,0.8729477443046676,0.0,1233.0105336638658,1251.3427466714443,552.7389469715633,0.8597200647880414,0.9632509781238929,0.15868198596486194,0.0,-3.064905778694883e-13,-5.336658663347744,0.0,,0.0,0.4068882231794687,0.0,9.860509884560193,True
lift_and_cruse,cruise_73,0.8730068714016054,0.0,1233.0105336638658,1251.3427466714443,552.7389469715815,0.8597200647880414,0.9632509781238926,0.15868198596486197,0.0,-3.064905778694883e-13,-5.336658663347744,0.0,,0.0,0.4068882231794687,0.0,9.879053295723219,True
lift_and_cruse,cruise_73,0.8730601540504181,0.0,1233.0105336638724,1251.3427466714768,552.7389469714449,0.8597200647880399,0.9632509781238963,0.1586819859648408,0.0,-3.064905778694963e-13,-5.336658663347744,0.0,,0.0,0.4068882231794708,0.0,9.89576033188582,True
lift_and_cruse,cruise_73,0.8730970328792839,0.0,1233.0105336638653,1251.342746671442,552.7389469715573,0.859720064788042,0.9632509781238932,0.15868198596485394,0.0,-3.0649057786948775e-13,-5.336658663347744,0.0,,0.0,0.4068882231794685,0.0,9.90732195963764,True
lift_and_cruse,cruise_73,0.8731101959876201,0.0,1233.0105336638674,1251.3427466714522,552.7389469715208,0.8597200647880412,0.9632509781238942,0.15868198596485653,0.0,-3.0649057786949027e-13,-5.336658663347744,0.0,,0.0,0.4068882231794692,0.0,9.911448256808372,True
lift_and_cruse,cruise_74,0.873109875235501,0.0,1233.0101119060457,1251.3424582549596,552.7387689960995,0.8597200167117207,0.9632509742021127,0.15868204342718636,0.0,-3.0649050722782334e-13,-5.336658663347744,0.0,,0.0,0.4068880840011849,0.0,9.911448256808372,True
lift_and_cruse,cruise_74,0.8731230389625348,0.0,1233.0101119010203,1251.3424582290445,552.7387689861133,0.8597200167129516,0.9632509742022757,0.15868204342560832,0.0,-3.06490507221476e-13,-5.336658663347744,0.0,,0.0,0.40688808399952653,0.0,9.915574553979104,True
lift_and_cruse,cruise_74,0.8731599263006454,0.0,1233.0101119010294,1251.342458229093,552.7387689861042,0.8597200167129492,0.9632509742022761,0.1586820434256152,0.0,-3.064905072214878e-13,-5.336658663347744,0.0,,0.0,0.4068880839995296,0.0,9.927136181730924,True
lift_and_cruse,cruise_74,0.8732132388548534,0.0,1233.0101119010371,1251.342458229132,552.7387689861467,0.8597200167129474,0.9632509742022752,0.15868204342561607,0.0,-3.064905072214974e-13,-5.336658663347744,0.0,,0.0,0.4068880839995321,0.0,9.943843217893525,True
lift_and_cruse,cruise_74,0.8732724235161099,0.0,1233.0101119010224,1251.3424582290563,552.7387689860739,0.8597200167129506,0.9632509742022768,0.15868204342561235,0.0,-3.064905072214789e-13,-5.336658663347744,0.0,,0.0,0.4068880839995272,0.0,9.962386629056551,True
lift_and_cruse,cruise_74,0.8733257580385002,0.0,1233.0101119010187,1251.3424582290374,552.7387689861376,0.8597200167129518,0.963250974202275,0.15868204342560235,0.0,-3.0649050722147423e-13,-5.336658663347744,0.0,,0.0,0.40688808399952603,0.0,9.979093665219153,True
lift_and_cruse,cruise_74,0.8733626727704726,0.0,1233.010111900999,1251.3424582289351,552.7387689861163,0.859720016712957,0.9632509742022751,0.1586820434256158,0.0,-3.064905072214492e-13,-5.336658663347744,0.0,,0.0,0.4068880839995195,0.0,9.990655292970974,True
lift_and_cruse,cruise_74,0.8733758486935908,0.0,1233.010111901017,1251.3424582290272,552.7387689861649,0.8597200167129526,0.9632509742022742,0.15868204342562156,0.0,-3.0649050722147176e-13,-5.336658663347744,0.0,,0.0,0.40688808399952536,0.0,9.994781590141706,True
lift_and_cruse,cruise_75,0.8733755267821719,0.0,1233.0096887262982,1251.3421688219034,552.7385904050947,0.8597199684768034,0.9632509702675213,0.15868210107883063,0.0,-3.064904363371702e-13,-5.336658663347744,0.0,,0.0,0.40688794435367104,0.0,9.994781590141706,True
lift_and_cruse,cruise_75,0.8733887033291416,0.0,1233.009688726302,1251.3421688219232,552.738590405201,0.8597199684768028,0.9632509702675186,0.15868210107884437,0.0,-3.0649043633717504e-13,-5.336658663347744,0.0,,0.0,0.40688794435367226,0.0,9.998907887312438,True
lift_and_cruse,cruise_75,0.8734256265779307,0.0,1233.0096887263035,1251.3421688219314,552.7385904051646,0.8597199684768024,0.9632509702675196,0.158682101078838,0.0,-3.0649043633717706e-13,-5.336658663347744,0.0,,0.0,0.40688794435367276,0.0,10.010469515064257,True
lift_and_cruse,cruise_75,0.8734789910325159,0.0,1233.0096887263053,1251.3421688219396,552.7385904051524,0.8597199684768015,0.9632509702675199,0.15868210107882644,0.0,-3.0649043633717903e-13,-5.336658663347744,0.0,,0.0,0.40688794435367337,0.0,10.027176551226859,True
lift_and_cruse,cruise_75,0.8735382333097824,0.0,1233.0096887262196,1251.342168821498,552.7385904049974,0.8597199684768226,0.9632509702675224,0.1586821010788171,0.0,-3.064904363370709e-13,-5.336658663347744,0.0,,0.0,0.40688794435364506,0.0,10.045719962389885,True
lift_and_cruse,cruise_75,0.8735916197523349,0.0,1233.0096887261861,1251.3421688213273,552.7385904050035,0.8597199684768307,0.9632509702675215,0.15868210107881148,0.0,-3.064904363370291e-13,-5.336658663347744,0.0,,0.0,0.40688794435363407,0.0,10.062426998552487,True
lift_and_cruse,cruise_75,0.8736285704198106,0.0,1233.0096887263053,1251.3421688219396,552.7385904051372,0.8597199684768015,0.9632509702675204,0.15868210107883118,0.0,-3.0649043633717903e-13,-5.336658663347744,0.0,,0.0,0.40688794435367337,0.0,10.073988626304306,True
lift_and_cruse,cruise_75,0.8736417591691892,0.0,1233.0096887263046,1251.342168821935,552.7385904051524,0.8597199684768021,0.9632509702675199,0.15868210107883363,0.0,-3.064904363371779e-13,-5.336658663347744,0.0,,0.0,0.4068879443536731,0.0,10.078114923475038,True
lift_and_cruse,cruise_76,0.8736414360954691,0.0,1233.009264130304,1251.341878443708,552.7384112246539,0.8597199200785169,0.9632509663195397,0.158682158925819,0.0,-3.0649036521502467e-13,-5.336658663347744,0.0,,0.0,0.40688780423880183,0.0,10.078114923475038,True
lift_and_cruse,cruise_76,0.873654625469233,0.0,1233.0092641303052,1251.3418784437144,552.7384112246995,0.8597199200785167,0.9632509663195384,0.15868215892583307,0.0,-3.0649036521502623e-13,-5.336658663347744,0.0,,0.0,0.4068878042388023,0.0,10.08224122064577,True
lift_and_cruse,cruise_76,0.8736915846609574,0.0,1233.0092641303045,1251.3418784437104,552.7384112245596,0.8597199200785169,0.9632509663195422,0.15868215892579152,0.0,-3.064903652150252e-13,-5.336658663347744,0.0,,0.0,0.406887804238802,0.0,10.09380284839759,True
lift_and_cruse,cruise_76,0.8737450010625447,0.0,1233.0092641302995,1251.341878443685,552.738411224742,0.8597199200785182,0.9632509663195371,0.15868215892583096,0.0,-3.06490365215019e-13,-5.336658663347744,0.0,,0.0,0.40688780423880033,0.0,10.110509884560193,True
lift_and_cruse,cruise_76,0.8738043010076993,0.0,1233.009264130301,1251.341878443693,552.7384112247634,0.8597199200785175,0.9632509663195367,0.15868215892582932,0.0,-3.0649036521502103e-13,-5.336658663347744,0.0,,0.0,0.40688780423880094,0.0,10.129053295723219,True
lift_and_cruse,cruise_76,0.8738577394170788,0.0,1233.0092641303042,1251.341878443709,552.738411224663,0.8597199200785166,0.9632509663195394,0.158682158925818,0.0,-3.064903652150249e-13,-5.336658663347744,0.0,,0.0,0.40688780423880183,0.0,10.14576033188582,True
lift_and_cruse,cruise_76,0.8738947260520877,0.0,1233.0092641303036,1251.341878443706,552.7384112246843,0.859719920078517,0.9632509663195388,0.15868215892581766,0.0,-3.0649036521502416e-13,-5.336658663347744,0.0,,0.0,0.40688780423880166,0.0,10.15732195963764,True
lift_and_cruse,cruise_76,0.873907927639214,0.0,1233.0092641302567,1251.3418784434646,552.7384112246114,0.8597199200785285,0.9632509663195398,0.15868215892580043,0.0,-3.0649036521496504e-13,-5.336658663347744,0.0,,0.0,0.40688780423878623,0.0,10.161448256808372,True
lift_and_cruse,cruise_77,0.8739076033954887,0.0,1233.0088381034982,1251.3415870878337,552.7382314408009,0.8597198715170115,0.9632509623582409,0.15868221696788995,0.0,-3.0649029385341687e-13,-5.336658663347744,0.0,,0.0,0.4068876636517709,0.0,10.161448256808372,True
lift_and_cruse,cruise_77,0.8739208056341639,0.0,1233.0088381322996,1251.3415872363478,552.7382314975484,0.8597198715099582,0.9632509623573193,0.158682216976767,0.0,-3.0649029388979237e-13,-5.336658663347744,0.0,,0.0,0.4068876636612753,0.0,10.165574553979104,True
lift_and_cruse,cruise_77,0.8739578010072919,0.0,1233.0088383554175,1251.3415883868574,552.7382319411448,0.8597198714553173,0.9632509623500748,0.1586822170466863,0.0,-3.0649029417158596e-13,-5.336658663347744,0.0,,0.0,0.40688766373490315,0.0,10.177136181730924,True
lift_and_cruse,cruise_77,0.8740112693858709,0.0,1233.0088383373718,1251.3415882938048,552.7382319053208,0.8597198714597368,0.9632509623506594,0.15868221704104554,0.0,-3.064902941487946e-13,-5.336658663347744,0.0,,0.0,0.4068876637289482,0.0,10.193843217893525,True
lift_and_cruse,cruise_77,0.8740706269425903,0.0,1233.008838220466,1251.3415876909794,552.7382316729576,0.8597198714883665,0.9632509623544535,0.15868221700442517,0.0,-3.06490294001145e-13,-5.336658663347744,0.0,,0.0,0.40688766369036977,0.0,10.212386629056551,True
lift_and_cruse,cruise_77,0.8741241172854831,0.0,1233.0088381339874,1251.341587245051,552.7382315011102,0.8597198715095451,0.963250962357259,0.158682216977349,0.0,-3.0649029389192404e-13,-5.336658663347744,0.0,,0.0,0.40688766366183227,0.0,10.229093665219153,True
lift_and_cruse,cruise_77,0.8741611399927951,0.0,1233.008838212327,1251.3415876490096,552.7382316568447,0.8597198714903599,0.963250962354716,0.158682217001898,0.0,-3.0649029399086537e-13,-5.336658663347744,0.0,,0.0,0.406887663687684,0.0,10.240655292970974,True
lift_and_cruse,cruise_77,0.8741743543600362,0.0,1233.0088381374142,1251.3415872627204,552.738231507878,0.8597198715087057,0.963250962357149,0.15868221697842116,0.0,-3.064902938962518e-13,-5.336658663347744,0.0,,0.0,0.406887663662963,0.0,10.244781590141706,True
lift_and_cruse,cruise_78,0.8741740289070715,0.0,1233.0084106362851,1251.3412947477827,552.7380510491016,0.8597198227911879,0.9632509583835461,0.15868227520626174,0.0,-3.0649022225075534e-13,-5.336658663347744,0.0,,0.0,0.4068875225894117,0.0,10.244781590141706,True
lift_and_cruse,cruise_78,0.8741872440297198,0.0,1233.0084107020225,1251.3412950867569,552.7380511793813,0.8597198227750892,0.9632509583814227,0.15868227522674208,0.0,-3.0649022233378006e-13,-5.336658663347744,0.0,,0.0,0.4068875226111047,0.0,10.248907887312438,True
lift_and_cruse,cruise_78,0.8742242752315325,0.0,1233.0084107316777,1251.3412952396764,552.7380512385965,0.859719822767827,0.963250958380453,0.15868227523609346,0.0,-3.0649022237123457e-13,-5.336658663347744,0.0,,0.0,0.4068875226208909,0.0,10.260469515064257,True
lift_and_cruse,cruise_78,0.8742777955929306,0.0,1233.0084106515885,1251.3412948266941,552.7380510794674,0.8597198227874404,0.9632509583830509,0.15868227521102632,0.0,-3.0649022227008307e-13,-5.336658663347744,0.0,,0.0,0.40688752259446176,0.0,10.277176551226859,True
lift_and_cruse,cruise_78,0.8743372110375357,0.0,1233.0084106609297,1251.341294874861,552.7380510980571,0.8597198227851527,0.9632509583827471,0.1586822752139679,0.0,-3.0649022228188054e-13,-5.336658663347744,0.0,,0.0,0.40688752259754435,0.0,10.295719962389885,True
lift_and_cruse,cruise_78,0.8743907535123601,0.0,1233.008410652278,1251.3412948302484,552.7380510808775,0.8597198227872715,0.9632509583830273,0.15868227521125908,0.0,-3.064902222709536e-13,-5.336658663347744,0.0,,0.0,0.40688752259468924,0.0,10.312426998552487,True
lift_and_cruse,cruise_78,0.874427812179941,0.0,1233.0084106528498,1251.3412948331966,552.7380510820019,0.8597198227871315,0.9632509583830091,0.15868227521143502,0.0,-3.0649022227167573e-13,-5.336658663347744,0.0,,0.0,0.406887522594878,0.0,10.323988626304306,True
lift_and_cruse,cruise_78,0.874441039467798,0.0,1233.008410642649,1251.3412947805982,552.7380510617712,0.8597198227896298,0.9632509583833391,0.15868227520825987,0.0,-3.0649022225879284e-13,-5.336658663347744,0.0,,0.0,0.40688752259151184,0.0,10.328114923475038,True
lift_and_cruse,cruise_79,0.874440713448926,0.0,1233.0079823619994,1251.3410047327736,552.7378713239472,0.85971977374246,0.9632509543744854,0.15868233384374272,0.0,-3.0649015121756485e-13,-5.336658663347744,0.0,,0.0,0.40688738126072194,0.0,10.328114923475038,True
lift_and_cruse,cruise_79,0.8744539407777604,0.0,1233.0079817189433,1251.3410014168492,552.7378700458788,0.8597197738999425,0.9632509543953536,0.15868233364235548,0.0,-3.064901504053976e-13,-5.336658663347744,0.0,,0.0,0.4068873810485162,0.0,10.33224122064577,True
lift_and_cruse,cruise_79,0.8744910079918516,0.0,1233.0079817189455,1251.3410014168603,552.7378700458697,0.8597197738999419,0.9632509543953538,0.1586823336423419,0.0,-3.064901504054003e-13,-5.336658663347744,0.0,,0.0,0.40688738104851696,0.0,10.34380284839759,True
lift_and_cruse,cruise_79,0.8745445805140749,0.0,1233.007981718936,1251.341001416812,552.7378700458485,0.8597197738999441,0.9632509543953542,0.15868233364234555,0.0,-3.064901504053885e-13,-5.336658663347744,0.0,,0.0,0.4068873810485138,0.0,10.360509884560193,True
lift_and_cruse,cruise_79,0.8746040537730612,0.0,1233.0079817189542,1251.341001416905,552.7378700457969,0.85971977389994,0.963250954395356,0.1586823336423375,0.0,-3.0649015040541127e-13,-5.336658663347744,0.0,,0.0,0.40688738104851974,0.0,10.379053295723219,True
lift_and_cruse,cruise_79,0.8746576483625078,0.0,1233.007981718953,1251.3410014169006,552.7378700459001,0.85971977389994,0.9632509543953532,0.15868233364235657,0.0,-3.0649015040541016e-13,-5.336658663347744,0.0,,0.0,0.4068873810485194,0.0,10.39576033188582,True
lift_and_cruse,cruise_79,0.8746947430939597,0.0,1233.0079817189492,1251.3410014168794,552.737870045964,0.8597197738999408,0.9632509543953515,0.15868233364236747,0.0,-3.06490150405405e-13,-5.336658663347744,0.0,,0.0,0.4068873810485181,0.0,10.40732195963764,True
lift_and_cruse,cruise_79,0.8747079832124045,0.0,1233.0079816636091,1251.3410011315166,552.7378699360002,0.859719773913494,0.9632509543971466,0.1586823336250366,0.0,-3.064901503355113e-13,-5.336658663347744,0.0,,0.0,0.4068873810302561,0.0,10.411448256808372,True
lift_and_cruse,cruise_80,0.8747076579398736,0.0,1233.0075540214593,1251.340720906698,552.737693752849,0.8597197241858829,0.963250950306614,0.15868239311672688,0.0,-3.064900817002258e-13,-5.336658663347744,0.0,,0.0,0.40688723991016856,0.0,10.411448256808372,True
lift_and_cruse,cruise_80,0.8747208962585122,0.0,1233.0075513416657,1251.3407070883277,552.7376884267778,0.8597197248421562,0.9632509503935777,0.1586823922774521,0.0,-3.064900783157012e-13,-5.336658663347744,0.0,,0.0,0.4068872390258481,0.0,10.415574553979104,True
lift_and_cruse,cruise_80,0.8747579995445486,0.0,1233.0075513416537,1251.3407070882645,552.7376884267809,0.8597197248421593,0.9632509503935773,0.1586823922774593,0.0,-3.0649007831568576e-13,-5.336658663347744,0.0,,0.0,0.40688723902584406,0.0,10.427136181730924,True
lift_and_cruse,cruise_80,0.8748116242002527,0.0,1233.007551341704,1251.3407070885228,552.737688426802,0.8597197248421469,0.9632509503935778,0.1586823922774633,0.0,-3.06490078315749e-13,-5.336658663347744,0.0,,0.0,0.4068872390258607,0.0,10.443843217893525,True
lift_and_cruse,cruise_80,0.8748711553339568,0.0,1233.0075513417,1251.3407070885041,552.737688426872,0.8597197248421475,0.9632509503935758,0.15868239227747274,0.0,-3.0649007831574443e-13,-5.336658663347744,0.0,,0.0,0.40688723902585944,0.0,10.462386629056551,True
lift_and_cruse,cruise_80,0.8749248020766252,0.0,1233.0075513416944,1251.3407070884746,552.7376884268203,0.859719724842149,0.9632509503935771,0.15868239227746164,0.0,-3.064900783157372e-13,-5.336658663347744,0.0,,0.0,0.4068872390258575,0.0,10.479093665219153,True
lift_and_cruse,cruise_80,0.8749619329047347,0.0,1233.007551341703,1251.34070708852,552.7376884268294,0.8597197248421471,0.9632509503935771,0.1586823922774672,0.0,-3.0649007831574837e-13,-5.336658663347744,0.0,,0.0,0.40688723902586044,0.0,10.490655292970974,True
lift_and_cruse,cruise_80,0.8749751859507644,0.0,1233.0075513336863,1251.3407070471803,552.7376884109293,0.8597197248441104,0.9632509503938362,0.15868239227496356,0.0,-3.0649007830562303e-13,-5.336658663347744,0.0,,0.0,0.40688723902321494,0.0,10.494781590141706,True
lift_and_cruse,cruise_81,0.874974856960655,0.0,1233.0071195003297,1251.3404117853293,552.7375062001952,0.8597196756152778,0.96325094637791,0.15868245111503793,0.0,-3.064900059873269e-13,-5.336658663347744,0.0,,0.0,0.406887096520047,0.0,10.494781590141706,True
lift_and_cruse,cruise_81,0.8749881182050032,0.0,1233.0071276801727,1251.3404539646522,552.7375224554944,0.8597196736120638,0.9632509461125163,0.15868245367628064,0.0,-3.0649001631828146e-13,-5.336658663347744,0.0,,0.0,0.40688709921936034,0.0,10.498907887312438,True
lift_and_cruse,cruise_81,0.8750252572890196,0.0,1233.007127347443,1251.3404522489307,552.7375217938576,0.8597196736935484,0.9632509461233228,0.15868245357196778,0.0,-3.064900158980509e-13,-5.336658663347744,0.0,,0.0,0.4068870991095609,0.0,10.510469515064257,True
lift_and_cruse,cruise_81,0.875078933830954,0.0,1233.0071270276244,1251.3404505997844,552.7375211579642,0.8597196737718709,0.9632509461337082,0.15868245347172402,0.0,-3.0649001549412654e-13,-5.336658663347744,0.0,,0.0,0.40688709900402215,0.0,10.527176551226859,True
lift_and_cruse,cruise_81,0.8751385228522012,0.0,1233.0071269832308,1251.3404503708696,552.7375210695986,0.8597196737827432,0.9632509461351525,0.15868245345779194,0.0,-3.0649001543805854e-13,-5.336658663347744,0.0,,0.0,0.40688709898937253,0.0,10.545719962389885,True
lift_and_cruse,cruise_81,0.875192221959097,0.0,1233.007127158882,1251.340451276615,552.7375214188701,0.8597196737397266,0.963250946129448,0.15868245351285984,0.0,-3.0649001565990223e-13,-5.336658663347744,0.0,,0.0,0.4068870990473366,0.0,10.562426998552487,True
lift_and_cruse,cruise_81,0.8752293891668569,0.0,1233.0071274285265,1251.340452667036,552.7375219550046,0.8597196736736913,0.9632509461206917,0.15868245359736055,0.0,-3.0649001600045715e-13,-5.336658663347744,0.0,,0.0,0.40688709913631815,0.0,10.573988626304306,True
lift_and_cruse,cruise_81,0.8752426551863975,0.0,1233.0071275044809,1251.3404530586956,552.7375221061228,0.8597196736550903,0.9632509461182226,0.15868245362118152,0.0,-3.0649001609638607e-13,-5.336658663347744,0.0,,0.0,0.40688709916138277,0.0,10.578114923475038,True
lift_and_cruse,cruise_82,0.8752423175659847,0.0,1233.0066861676612,1251.3401154117719,552.7373233245937,0.8597196262224106,0.9632509423488974,0.15868251015019588,0.0,-3.064899333967412e-13,-5.336658663347744,0.0,,0.0,0.40688695352211246,0.0,10.578114923475038,True
lift_and_cruse,cruise_82,0.8752555841418825,0.0,1233.006686167236,1251.3401154095793,552.7373233237549,0.859719626222515,0.963250942348911,0.1586825101500636,0.0,-3.0648993339620416e-13,-5.336658663347744,0.0,,0.0,0.4068869535219722,0.0,10.58224122064577,True
lift_and_cruse,cruise_82,0.8752927596686649,0.0,1233.0066861673179,1251.3401154100022,552.7373233238613,0.8597196262224949,0.96325094234891,0.1586825101500857,0.0,-3.0648993339630776e-13,-5.336658663347744,0.0,,0.0,0.4068869535219992,0.0,10.59380284839759,True
lift_and_cruse,cruise_82,0.875346488731082,0.0,1233.00668616742,1251.3401154105281,552.7373233240254,0.8597196262224698,0.9632509423489076,0.15868251015011423,0.0,-3.0648993339643655e-13,-5.336658663347744,0.0,,0.0,0.40688695352203286,0.0,10.610509884560193,True
lift_and_cruse,cruise_82,0.8754061357695055,0.0,1233.0066861675127,1251.3401154110065,552.7373233242564,0.859719626222447,0.9632509423489034,0.15868251015015486,0.0,-3.0648993339655373e-13,-5.336658663347744,0.0,,0.0,0.40688695352206344,0.0,10.629053295723219,True
lift_and_cruse,cruise_82,0.8754598869584929,0.0,1233.0066861675612,1251.3401154112562,552.7373233243597,0.8597196262224353,0.9632509423489015,0.15868251015016047,0.0,-3.0648993339661487e-13,-5.336658663347744,0.0,,0.0,0.4068869535220795,0.0,10.64576033188582,True
lift_and_cruse,cruise_82,0.875497090076658,0.0,1233.0066861675775,1251.3401154113405,552.737323324381,0.8597196262224313,0.9632509423489014,0.15868251015016072,0.0,-3.0648993339663557e-13,-5.336658663347744,0.0,,0.0,0.4068869535220848,0.0,10.65732195963764,True
lift_and_cruse,cruise_82,0.8755103689323062,0.0,1233.0066861675891,1251.340115411399,552.7373233244235,0.8597196262224286,0.9632509423489004,0.15868251015017437,0.0,-3.0648993339664986e-13,-5.336658663347744,0.0,,0.0,0.40688695352208865,0.0,10.661448256808372,True
lift_and_cruse,cruise_83,0.8755100375014616,0.0,1233.0062513507987,1251.339818049884,552.7371398327856,0.8597195766581621,0.9632509383058118,0.15868256939053893,0.0,-3.064898605640843e-13,-5.336658663347744,0.0,,0.0,0.4068868100344003,0.0,10.661448256808372,True
lift_and_cruse,cruise_83,0.8755233169846821,0.0,1233.0062513503174,1251.3398180474023,552.7371398318921,0.8597195766582801,0.9632509383058258,0.15868256939038872,0.0,-3.0648986056347654e-13,-5.336658663347744,0.0,,0.0,0.40688681003424143,0.0,10.665574553979104,True
lift_and_cruse,cruise_83,0.875560528680181,0.0,1233.006251350416,1251.3398180479098,552.7371398320715,0.8597195766582559,0.9632509383058231,0.15868256939041486,0.0,-3.0648986056360084e-13,-5.336658663347744,0.0,,0.0,0.406886810034274,0.0,10.677136181730924,True
lift_and_cruse,cruise_83,0.8756143100158299,0.0,1233.006251350523,1251.3398180484614,552.7371398322994,0.8597195766582295,0.9632509383058191,0.15868256939046174,0.0,-3.0648986056373595e-13,-5.336658663347744,0.0,,0.0,0.40688681003430927,0.0,10.693843217893525,True
lift_and_cruse,cruise_83,0.8756740150841346,0.0,1233.0062513506066,1251.3398180488934,552.7371398324971,0.8597195766582092,0.9632509383058155,0.15868256939048977,0.0,-3.0648986056384177e-13,-5.336658663347744,0.0,,0.0,0.4068868100343369,0.0,10.712386629056551,True
lift_and_cruse,cruise_83,0.8757278185661534,0.0,1233.006251350666,1251.3398180491993,552.7371398325516,0.8597195766581947,0.9632509383058153,0.15868256939050016,0.0,-3.0648986056391664e-13,-5.336658663347744,0.0,,0.0,0.40688681003435645,0.0,10.729093665219153,True
lift_and_cruse,cruise_83,0.8757650578777221,0.0,1233.006251350693,1251.3398180493382,552.7371398326671,0.8597195766581879,0.9632509383058127,0.15868256939052172,0.0,-3.0648986056395067e-13,-5.336658663347744,0.0,,0.0,0.40688681003436544,0.0,10.740655292970974,True
lift_and_cruse,cruise_83,0.8757783496517215,0.0,1233.0062513506998,1251.3398180493734,552.7371398326155,0.8597195766581863,0.9632509383058143,0.15868256939050904,0.0,-3.064898605639593e-13,-5.336658663347744,0.0,,0.0,0.4068868100343676,0.0,10.744781590141706,True
lift_and_cruse,cruise_84,0.8757780169944869,0.0,1233.0058150337854,1251.3395196629945,552.7369557084212,0.8597195269227789,0.9632509342487611,0.15868262883541903,0.0,-3.064897874803745e-13,-5.336658663347744,0.0,,0.0,0.4068866660516447,0.0,10.744781590141706,True
lift_and_cruse,cruise_84,0.8757913093965953,0.0,1233.0058150333198,1251.3395196605943,552.7369557074547,0.8597195269228931,0.9632509342487773,0.15868262883525364,0.0,-3.0648978747978665e-13,-5.336658663347744,0.0,,0.0,0.40688666605149104,0.0,10.748907887312438,True
lift_and_cruse,cruise_84,0.8758285572930252,0.0,1233.0058150334096,1251.3395196610575,552.7369557075673,0.8597195269228709,0.9632509342487762,0.15868262883527615,0.0,-3.064897874799001e-13,-5.336658663347744,0.0,,0.0,0.4068866660515207,0.0,10.760469515064257,True
lift_and_cruse,cruise_84,0.8758823909484962,0.0,1233.0058150335187,1251.3395196616193,552.7369557078894,0.8597195269228444,0.9632509342487697,0.1586826288353312,0.0,-3.064897874800377e-13,-5.336658663347744,0.0,,0.0,0.4068866660515567,0.0,10.777176551226859,True
lift_and_cruse,cruise_84,0.8759421540984106,0.0,1233.0058150336145,1251.339519662114,552.7369557080413,0.8597195269228209,0.9632509342487676,0.1586826288353516,0.0,-3.064897874801589e-13,-5.336658663347744,0.0,,0.0,0.4068866660515883,0.0,10.795719962389885,True
lift_and_cruse,cruise_84,0.8759960099200381,0.0,1233.005815033664,1251.3395196623662,552.7369557081325,0.8597195269228086,0.9632509342487662,0.15868262883535802,0.0,-3.0648978748022064e-13,-5.336658663347744,0.0,,0.0,0.4068866660516047,0.0,10.812426998552487,True
lift_and_cruse,cruise_84,0.8760332854572274,0.0,1233.0058150336863,1251.3395196624838,552.7369557081295,0.8597195269228033,0.9632509342487667,0.15868262883536224,0.0,-3.0648978748024947e-13,-5.336658663347744,0.0,,0.0,0.40688666605161206,0.0,10.823988626304306,True
lift_and_cruse,cruise_84,0.8760465901610984,0.0,1233.0058150336952,1251.339519662529,552.7369557081507,0.859719526922801,0.9632509342487663,0.15868262883536677,0.0,-3.064897874802605e-13,-5.336658663347744,0.0,,0.0,0.4068866660516149,0.0,10.828114923475038,True
lift_and_cruse,cruise_85,0.8760462562690489,0.0,1233.0053772063056,1251.3392202440614,552.7367709468413,0.8597194770150841,0.9632509301776574,0.1586826884862069,0.0,-3.0648971414388694e-13,-5.336658663347744,0.0,,0.0,0.4068865215704416,0.0,10.828114923475038,True
lift_and_cruse,cruise_85,0.8760595616014994,0.0,1233.0053772057915,1251.3392202414102,552.7367709458142,0.8597194770152097,0.9632509301776743,0.15868268848602543,0.0,-3.064897141432376e-13,-5.336658663347744,0.0,,0.0,0.40688652157027194,0.0,10.83224122064577,True
lift_and_cruse,cruise_85,0.876096845731114,0.0,1233.0053772058834,1251.339220241883,552.7367709459631,0.8597194770151873,0.9632509301776723,0.1586826884860648,0.0,-3.0648971414335335e-13,-5.336658663347744,0.0,,0.0,0.40688652157030225,0.0,10.84380284839759,True
lift_and_cruse,cruise_85,0.876150731752966,0.0,1233.0053772059757,1251.339220242359,552.7367709461394,0.8597194770151648,0.9632509301776694,0.1586826884860879,0.0,-3.0648971414346997e-13,-5.336658663347744,0.0,,0.0,0.4068865215703327,0.0,10.860509884560193,True
lift_and_cruse,cruise_85,0.876210553036164,0.0,1233.0053772060426,1251.3392202427049,552.7367709462669,0.8597194770151486,0.9632509301776674,0.15868268848610914,0.0,-3.064897141435547e-13,-5.336658663347744,0.0,,0.0,0.40688652157035476,0.0,10.879053295723219,True
lift_and_cruse,cruise_85,0.8762644612439746,0.0,1233.0053772060728,1251.3392202428608,552.7367709463459,0.8597194770151412,0.9632509301776659,0.15868268848612374,0.0,-3.0648971414359286e-13,-5.336658663347744,0.0,,0.0,0.40688652157036476,0.0,10.89576033188582,True
lift_and_cruse,cruise_85,0.8763017730390207,0.0,1233.0053772060808,1251.3392202429013,552.7367709463368,0.8597194770151391,0.9632509301776663,0.1586826884861156,0.0,-3.064897141436028e-13,-5.336658663347744,0.0,,0.0,0.40688652157036737,0.0,10.90732195963764,True
lift_and_cruse,cruise_85,0.8763150906842561,0.0,1233.005377206084,1251.3392202429181,552.7367709463126,0.8597194770151383,0.963250930177667,0.15868268848611236,0.0,-3.064897141436069e-13,-5.336658663347744,0.0,,0.0,0.4068865215703685,0.0,10.911448256808372,True
lift_and_cruse,cruise_86,0.8763147555490609,0.0,1233.0049378579497,1251.3389197860315,552.7365855437491,0.8597194269338847,0.9632509260924016,0.15868274834432589,0.0,-3.06489640552894e-13,-5.336658663347744,0.0,,0.0,0.40688637658735594,0.0,10.911448256808372,True
lift_and_cruse,cruise_86,0.8763280738233925,0.0,1233.004937857427,1251.3389197833346,552.7365855426915,0.8597194269340124,0.963250926092419,0.15868274834415314,0.0,-3.064896405522335e-13,-5.336658663347744,0.0,,0.0,0.40688637658718346,0.0,10.915574553979104,True
lift_and_cruse,cruise_86,0.8763653942183974,0.0,1233.0049378574852,1251.3389197836368,552.7365855428648,0.8597194269339984,0.9632509260924156,0.15868274834418353,0.0,-3.064896405523075e-13,-5.336658663347744,0.0,,0.0,0.40688637658720256,0.0,10.927136181730924,True
lift_and_cruse,cruise_86,0.8764193326532111,0.0,1233.0049378575566,1251.3389197840033,552.7365855429376,0.8597194269339812,0.963250926092415,0.1586827483441895,0.0,-3.0648964055239727e-13,-5.336658663347744,0.0,,0.0,0.40688637658722615,0.0,10.943843217893525,True
lift_and_cruse,cruise_86,0.8764792121214018,0.0,1233.0049378576048,1251.3389197842534,552.7365855430348,0.8597194269339692,0.9632509260924135,0.15868274834421028,0.0,-3.064896405524585e-13,-5.336658663347744,0.0,,0.0,0.406886376587242,0.0,10.962386629056551,True
lift_and_cruse,cruise_86,0.8765331727619775,0.0,1233.004937857619,1251.3389197843253,552.7365855430622,0.8597194269339659,0.9632509260924131,0.1586827483442108,0.0,-3.0648964055247613e-13,-5.336658663347744,0.0,,0.0,0.4068863765872468,0.0,10.979093665219153,True
lift_and_cruse,cruise_86,0.8765705208471178,0.0,1233.0049378576164,1251.3389197843137,552.7365855430501,0.8597194269339666,0.9632509260924134,0.15868274834420498,0.0,-3.0648964055247325e-13,-5.336658663347744,0.0,,0.0,0.4068863765872459,0.0,10.990655292970974,True
lift_and_cruse,cruise_86,0.8765838514452217,0.0,1233.0049378576132,1251.3389197842962,552.7365855429862,0.8597194269339666,0.963250926092415,0.15868274834419596,0.0,-3.0648964055246896e-13,-5.336658663347744,0.0,,0.0,0.4068863765872449,0.0,10.994781590141706,True
lift_and_cruse,cruise_87,0.8765835150586578,0.0,1233.0044969785629,1251.3386182836512,552.736399495461,0.8597193766778871,0.9632509219928829,0.15868280841132865,0.0,-3.06489566706109e-13,-5.336658663347744,0.0,,0.0,0.40688623109903654,0.0,10.994781590141706,True
lift_and_cruse,cruise_87,0.8765968462866306,0.0,1233.0044969783094,1251.3386182823444,552.7363994949899,0.8597193766779488,0.9632509219928904,0.15868280841126897,0.0,-3.0648956670578896e-13,-5.336658663347744,0.0,,0.0,0.40688623109895283,0.0,10.998907887312438,True
lift_and_cruse,cruise_87,0.8766342029792291,0.0,1233.0044969783114,1251.3386182823551,552.7363994949322,0.8597193766779485,0.963250921992892,0.15868280841125165,0.0,-3.064895667057916e-13,-5.336658663347744,0.0,,0.0,0.4068862310989535,0.0,11.010469515064257,True
lift_and_cruse,cruise_87,0.8766881938735419,0.0,1233.0044969783098,1251.3386182823456,552.7363994949626,0.8597193766779488,0.9632509219928911,0.15868280841126747,0.0,-3.064895667057892e-13,-5.336658663347744,0.0,,0.0,0.406886231098953,0.0,11.027176551226859,True
lift_and_cruse,cruise_87,0.8767481315805367,0.0,1233.004496980624,1251.3386182942795,552.7363994995758,0.859719376677382,0.9632509219928156,0.15868280841198334,0.0,-3.064895667087122e-13,-5.336658663347744,0.0,,0.0,0.40688623109971667,0.0,11.045719962389885,True
lift_and_cruse,cruise_87,0.8768021447270359,0.0,1233.0044970093363,1251.3386184423343,552.7363995565696,0.8597193766703505,0.9632509219918858,0.15868280842095953,0.0,-3.064895667449752e-13,-5.336658663347744,0.0,,0.0,0.4068862311091917,0.0,11.062426998552487,True
lift_and_cruse,cruise_87,0.8768395291674955,0.0,1233.0044970449542,1251.3386186259982,552.7363996273665,0.8597193766616277,0.9632509219907297,0.15868280843211593,0.0,-3.0648956678995984e-13,-5.336658663347744,0.0,,0.0,0.4068862311209454,0.0,11.073988626304306,True
lift_and_cruse,cruise_87,0.8768528727454258,0.0,1233.004497061631,1251.3386187119904,552.7363996604645,0.8597193766575435,0.9632509219901898,0.1586828084373349,0.0,-3.0648956681102184e-13,-5.336658663347744,0.0,,0.0,0.40688623112644856,0.0,11.078114923475038,True
lift_and_cruse,cruise_88,0.8768525350206458,0.0,1233.004054556568,1251.338315724823,552.736212793951,0.859719326246106,0.9632509178790776,0.15868286868792528,0.0,-3.064894926005689e-13,-5.336658663347744,0.0,,0.0,0.40688608510166296,0.0,11.078114923475038,True
lift_and_cruse,cruise_88,0.8768658791979066,0.0,1233.0040545394424,1251.3383156365146,552.7362127618104,0.8597193262503002,0.9632509178795827,0.15868286868310066,0.0,-3.064894925789396e-13,-5.336658663347744,0.0,,0.0,0.4068860850960117,0.0,11.08224122064577,True
lift_and_cruse,cruise_88,0.8769032722361645,0.0,1233.0040545564966,1251.3383157244552,552.7362127954979,0.8597193262461237,0.9632509178790349,0.1586828686883956,0.0,-3.0648949260047886e-13,-5.336658663347744,0.0,,0.0,0.4068860851016395,0.0,11.09380284839759,True
lift_and_cruse,cruise_88,0.8769573156366078,0.0,1233.0040545564882,1251.338315724412,552.7362127956013,0.8597193262461258,0.9632509178790319,0.15868286868841605,0.0,-3.0648949260046825e-13,-5.336658663347744,0.0,,0.0,0.4068860851016367,0.0,11.110509884560193,True
lift_and_cruse,cruise_88,0.8770173116298553,0.0,1233.0040545564927,1251.3383157244334,552.7362127955071,0.8597193262461243,0.9632509178790346,0.15868286868840228,0.0,-3.064894926004735e-13,-5.336658663347744,0.0,,0.0,0.4068860851016382,0.0,11.129053295723219,True
lift_and_cruse,cruise_88,0.8770713772757003,0.0,1233.0040545564916,1251.3383157244293,552.7362127955101,0.8597193262461246,0.9632509178790345,0.1586828686883929,0.0,-3.064894926004725e-13,-5.336658663347744,0.0,,0.0,0.4068860851016379,0.0,11.14576033188582,True
lift_and_cruse,cruise_88,0.8771087980377374,0.0,1233.0040545564902,1251.338315724423,552.7362127955132,0.8597193262461251,0.9632509178790344,0.15868286868838122,0.0,-3.0648949260047093e-13,-5.336658663347744,0.0,,0.0,0.4068860851016374,0.0,11.15732195963764,True
lift_and_cruse,cruise_88,0.8771221545681698,0.0,1233.0040545479167,1251.3383156802117,552.736212778525,0.8597193262482246,0.9632509178793113,0.15868286868571355,0.0,-3.064894925896423e-13,-5.336658663347744,0.0,,0.0,0.4068860850988081,0.0,11.161448256808372,True
lift_and_cruse,cruise_89,0.8771218156591073,0.0,1233.0036105817815,1251.3380121051284,552.7360254409456,0.8597192756371761,0.9632509137507304,0.15868292917719465,0.0,-3.064894182351915e-13,-5.336658663347744,0.0,,0.0,0.4068859385918749,0.0,11.161448256808372,True
lift_and_cruse,cruise_89,0.8771351728294143,0.0,1233.0036105826537,1251.3380121096272,552.7360254426717,0.8597192756369629,0.9632509137507022,0.1586829291774593,0.0,-3.064894182362934e-13,-5.336658663347744,0.0,,0.0,0.40688593859216277,0.0,11.165574553979104,True
lift_and_cruse,cruise_89,0.8771726022133566,0.0,1233.0036105819665,1251.3380121060823,552.7360254412464,0.8597192756371307,0.963250913750726,0.15868292917723714,0.0,-3.064894182354251e-13,-5.336658663347744,0.0,,0.0,0.406885938591936,0.0,11.177136181730924,True
lift_and_cruse,cruise_89,0.8772266981664051,0.0,1233.003610581861,1251.3380121055402,552.7360254411005,0.8597192756371571,0.9632509137507278,0.15868292917721663,0.0,-3.064894182352923e-13,-5.336658663347744,0.0,,0.0,0.40688593859190114,0.0,11.193843217893525,True
lift_and_cruse,cruise_89,0.8772867524992659,0.0,1233.0036105813597,1251.338012102954,552.7360254400977,0.8597192756372796,0.9632509137507442,0.15868292917706384,0.0,-3.064894182346589e-13,-5.336658663347744,0.0,,0.0,0.4068859385917358,0.0,11.212386629056551,True
lift_and_cruse,cruise_89,0.877340870718065,0.0,1233.0036105818604,1251.3380121055366,552.7360254410945,0.8597192756371569,0.9632509137507279,0.15868292917722426,0.0,-3.0648941823529147e-13,-5.336658663347744,0.0,,0.0,0.406885938591901,0.0,11.229093665219153,True
lift_and_cruse,cruise_89,0.8773783278649875,0.0,1233.0036105798072,1251.3380120949496,552.7360254370739,0.8597192756376597,0.963250913750793,0.1586829291765889,0.0,-3.064894182326984e-13,-5.336658663347744,0.0,,0.0,0.4068859385912234,0.0,11.240655292970974,True
lift_and_cruse,cruise_89,0.8773916973902579,0.0,1233.0036105792926,1251.3380120922957,552.7360254360102,0.8597192756377859,0.9632509137508107,0.15868292917640847,0.0,-3.064894182320484e-13,-5.336658663347744,0.0,,0.0,0.40688593859105354,0.0,11.244781590141706,True
lift_and_cruse,cruise_90,0.8773913571976638,0.0,1233.0031650435556,1251.3377074182658,552.7358374271967,0.8597192248498047,0.9632509096078686,0.158682989879226,0.0,-3.064893436084333e-13,-5.336658663347744,0.0,,0.0,0.4068857915661585,0.0,11.244781590141706,True
lift_and_cruse,cruise_90,0.8774047273556277,0.0,1233.0031650441688,1251.3377074214281,552.7358374284001,0.8597192248496546,0.9632509096078492,0.15868298987941737,0.0,-3.064893436092078e-13,-5.336658663347744,0.0,,0.0,0.40688579156636084,0.0,11.248907887312438,True
lift_and_cruse,cruise_90,0.8774421931339664,0.0,1233.0031650435576,1251.3377074182758,552.7358374271602,0.859719224849804,0.9632509096078696,0.158682989879221,0.0,-3.0648934360843576e-13,-5.336658663347744,0.0,,0.0,0.40688579156615917,0.0,11.260469515064257,True
lift_and_cruse,cruise_90,0.8774963416863685,0.0,1233.0031650435583,1251.3377074182774,552.7358374271572,0.859719224849804,0.9632509096078699,0.158682989879228,0.0,-3.064893436084361e-13,-5.336658663347744,0.0,,0.0,0.4068857915661594,0.0,11.277176551226859,True
lift_and_cruse,cruise_90,0.877556454410084,0.0,1233.0031650420858,1251.337707410687,552.7358374242124,0.8597192248501645,0.9632509096079179,0.1586829898787518,0.0,-3.06489343606577e-13,-5.336658663347744,0.0,,0.0,0.4068857915656735,0.0,11.295719962389885,True
lift_and_cruse,cruise_90,0.877610625248831,0.0,1233.003165043559,1251.3377074182852,552.7358374271358,0.8597192248498038,0.9632509096078704,0.1586829898792265,0.0,-3.0648934360843803e-13,-5.336658663347744,0.0,,0.0,0.40688579156615956,0.0,11.312426998552487,True
lift_and_cruse,cruise_90,0.8776481188166547,0.0,1233.003165043559,1251.3377074182852,552.735837427142,0.8597192248498038,0.9632509096078702,0.1586829898792246,0.0,-3.0648934360843803e-13,-5.336658663347744,0.0,,0.0,0.40688579156615956,0.0,11.323988626304306,True
lift_and_cruse,cruise_90,0.8776615013401557,0.0,1233.0031650423434,1251.3377074120153,552.7358374247017,0.8597192248501014,0.9632509096079103,0.15868298987883228,0.0,-3.0648934360690236e-13,-5.336658663347744,0.0,,0.0,0.40688579156575855,0.0,11.328114923475038,True
lift_and_cruse,cruise_91,0.8776611598593449,0.0,1233.002717930614,1251.3374016551943,552.7356487488873,0.8597191738828115,0.9632509054503627,0.15868305079587525,0.0,-3.064892687180799e-13,-5.336658663347744,0.0,,0.0,0.4068856440207925,0.0,11.328114923475038,True
lift_and_cruse,cruise_91,0.8776745430156646,0.0,1233.002717930626,1251.3374016552568,552.7356487489936,0.8597191738828084,0.9632509054503601,0.15868305079589973,0.0,-3.0648926871809526e-13,-5.336658663347744,0.0,,0.0,0.4068856440207966,0.0,11.33224122064577,True
lift_and_cruse,cruise_91,0.8777120452215957,0.0,1233.0027179306094,1251.337401655172,552.735648748936,0.8597191738828126,0.9632509054503613,0.15868305079589196,0.0,-3.0648926871807445e-13,-5.336658663347744,0.0,,0.0,0.406885644020791,0.0,11.34380284839759,True
lift_and_cruse,cruise_91,0.8777662464193271,0.0,1233.0027179306667,1251.3374016554678,552.7356487490575,0.8597191738827987,0.9632509054503593,0.1586830507958978,0.0,-3.064892687181469e-13,-5.336658663347744,0.0,,0.0,0.40688564402081,0.0,11.360509884560193,True
lift_and_cruse,cruise_91,0.8778264175884141,0.0,1233.0027179306046,1251.3374016551452,552.7356487489694,0.8597191738828135,0.9632509054503603,0.15868305079589018,0.0,-3.064892687180679e-13,-5.336658663347744,0.0,,0.0,0.40688564402078947,0.0,11.379053295723219,True
lift_and_cruse,cruise_91,0.877880631390201,0.0,1233.0027074598677,1251.3373476629522,552.7356279412601,0.8597191764470793,0.9632509057900779,0.15868304751736356,0.0,-3.064892554937946e-13,-5.336658663347744,0.0,,0.0,0.40688564056549087,0.0,11.39576033188582,True
lift_and_cruse,cruise_91,0.877918171107838,0.0,1233.0027179304893,1251.3374016545504,552.7356487487262,0.8597191738828422,0.9632509054503644,0.15868305079585013,0.0,-3.064892687179222e-13,-5.336658663347744,0.0,,0.0,0.4068856440207514,0.0,11.40732195963764,True
lift_and_cruse,cruise_91,0.877931566642713,0.0,1233.0027179303133,1251.3374016536452,552.7356487483495,0.8597191738828848,0.963250905450371,0.15868305079579512,0.0,-3.064892687177005e-13,-5.336658663347744,0.0,,0.0,0.4068856440206934,0.0,11.411448256808372,True
lift_and_cruse,cruise_92,0.8779312238651397,0.0,1233.0022692319917,1251.3370948090028,552.7354594020486,0.8597191227348991,0.963250901278093,0.15868311192876192,0.0,-3.0648919356243864e-13,-5.336658663347744,0.0,,0.0,0.4068854959521588,0.0,11.411448256808372,True
lift_and_cruse,cruise_92,0.8779446200327473,0.0,1233.0022692319067,1251.3370948085656,552.7354594019696,0.8597191227349202,0.9632509012780933,0.1586831119287435,0.0,-3.0648919356233156e-13,-5.336658663347744,0.0,,0.0,0.40688549595213064,0.0,11.415574553979104,True
lift_and_cruse,cruise_92,0.8779821586969445,0.0,1233.0022692319033,1251.3370948085476,552.7354594019605,0.8597191227349209,0.9632509012780934,0.1586831119287378,0.0,-3.0648919356232717e-13,-5.336658663347744,0.0,,0.0,0.4068854959521296,0.0,11.427136181730924,True
lift_and_cruse,cruise_92,0.8780364125875256,0.0,1233.002269231915,1251.337094808609,552.7354594019423,0.8597191227349178,0.9632509012780942,0.15868311192874573,0.0,-3.064891935623422e-13,-5.336658663347744,0.0,,0.0,0.4068854959521335,0.0,11.443843217893525,True
lift_and_cruse,cruise_92,0.8780966422511155,0.0,1233.0022692319137,1251.3370948086024,552.7354594019605,0.8597191227349184,0.9632509012780937,0.15868311192875298,0.0,-3.064891935623406e-13,-5.336658663347744,0.0,,0.0,0.406885495952133,0.0,11.462386629056551,True
lift_and_cruse,cruise_92,0.8781509184662416,0.0,1233.0022692319108,1251.3370948085849,552.7354594020213,0.8597191227349189,0.9632509012780921,0.15868311192875909,0.0,-3.064891935623363e-13,-5.336658663347744,0.0,,0.0,0.406885495952132,0.0,11.479093665219153,True
lift_and_cruse,cruise_92,0.8781884849687058,0.0,1233.0022692319137,1251.3370948086024,552.7354594019605,0.8597191227349184,0.9632509012780937,0.1586831119287459,0.0,-3.064891935623406e-13,-5.336658663347744,0.0,,0.0,0.406885495952133,0.0,11.490655292970974,True
lift_and_cruse,cruise_92,0.8782018935255805,0.0,1233.0022692319126,1251.3370948085953,552.7354594019757,0.8597191227349187,0.9632509012780933,0.15868311192875978,0.0,-3.064891935623389e-13,-5.336658663347744,0.0,,0.0,0.4068854959521327,0.0,11.494781590141706,True
lift_and_cruse,cruise_93,0.8782015494426397,0.0,1233.0018189363316,1251.336786871283,552.7352693815538,0.8597190714048242,0.9632508970909627,0.15868317327935713,0.0,-3.064891181394501e-13,-5.336658663347744,0.0,,0.0,0.4068853473565093,0.0,11.494781590141706,True
lift_and_cruse,cruise_93,0.8782149586326302,0.0,1233.0018189362522,1251.336786870873,552.7352693813199,0.8597190714048442,0.9632508970909673,0.15868317327931952,0.0,-3.064891181393497e-13,-5.336658663347744,0.0,,0.0,0.4068853473564832,0.0,11.498907887312438,True
lift_and_cruse,cruise_93,0.8782525337878018,0.0,1233.0018189362636,1251.3367868709306,552.735269381332,0.859719071404841,0.9632508970909672,0.15868317327930903,0.0,-3.064891181393638e-13,-5.336658663347744,0.0,,0.0,0.40688534735648685,0.0,11.510469515064257,True
lift_and_cruse,cruise_93,0.8783068404172742,0.0,1233.001818936266,1251.336786870943,552.7352693813351,0.8597190714048406,0.9632508970909672,0.15868317327931492,0.0,-3.0648911813936677e-13,-5.336658663347744,0.0,,0.0,0.4068853473564877,0.0,11.527176551226859,True
lift_and_cruse,cruise_93,0.8783671286276044,0.0,1233.001818936262,1251.3367868709213,552.7352693814018,0.8597190714048412,0.9632508970909653,0.15868317327932155,0.0,-3.064891181393615e-13,-5.336658663347744,0.0,,0.0,0.40688534735648635,0.0,11.545719962389885,True
lift_and_cruse,cruise_93,0.878421457601412,0.0,1233.001818936264,1251.3367868709347,552.7352693813715,0.8597190714048408,0.9632508970909662,0.15868317327931322,0.0,-3.064891181393648e-13,-5.336658663347744,0.0,,0.0,0.406885347356487,0.0,11.562426998552487,True
lift_and_cruse,cruise_93,0.8784590606195056,0.0,1233.001818936262,1251.3367868709213,552.7352693814049,0.8597190714048412,0.9632508970909652,0.15868317327932582,0.0,-3.064891181393615e-13,-5.336658663347744,0.0,,0.0,0.40688534735648635,0.0,11.573988626304306,True
lift_and_cruse,cruise_93,0.8784724822097452,0.0,1233.0018189362609,1251.336786870918,552.7352693814232,0.8597190714048416,0.9632508970909648,0.1586831732793269,0.0,-3.064891181393607e-13,-5.336658663347744,0.0,,0.0,0.40688534735648596,0.0,11.578114923475038,True
lift_and_cruse,cruise_94,0.8784721271379726,0.0,1233.0013565314723,1251.336423689941,552.7350577765675,0.8597190224626957,0.9632508932305883,0.15868323155020583,0.0,-3.064890291856765e-13,-5.336658663347744,0.0,,0.0,0.4068851947648757,0.0,11.578114923475038,True
lift_and_cruse,cruise_94,0.8784855730866452,0.0,1233.001382206056,1251.3365560691268,552.7351138663355,0.8597190161759274,0.9632508922624158,0.1586832410443861,0.0,-3.0648906160922574e-13,-5.336658663347744,0.0,,0.0,0.4068852032373789,0.0,11.58224122064577,True
lift_and_cruse,cruise_94,0.8785231742571239,0.0,1233.0013708644778,1251.3364975922702,552.7350867616341,0.8597190189530035,0.9632508927521694,0.15868323618222285,0.0,-3.064890472865267e-13,-5.336658663347744,0.0,,0.0,0.4068851994947065,0.0,11.59380284839759,True
lift_and_cruse,cruise_94,0.8785775188102473,0.0,1233.0013548276002,1251.336414906588,552.7350484452827,0.8597190228797612,0.9632508934444243,0.1586832293098724,0.0,-3.0648902703437547e-13,-5.336658663347744,0.0,,0.0,0.40688519420260516,0.0,11.610509884560193,True
lift_and_cruse,cruise_94,0.878637865636095,0.0,1233.0013548641894,1251.336415088157,552.7350535738876,0.8597190228713706,0.9632508933084021,0.1586832307728159,0.0,-3.064890270788471e-13,-5.336658663347744,0.0,,0.0,0.4068851942146794,0.0,11.629053295723219,True
lift_and_cruse,cruise_94,0.8786922481809,0.0,1233.0013557078694,1251.3364194310848,552.7350606092366,0.8597190226653554,0.9632508931381168,0.15868323257542954,0.0,-3.064890281425576e-13,-5.336658663347744,0.0,,0.0,0.40688519449309024,0.0,11.64576033188582,True
lift_and_cruse,cruise_94,0.8787298873121598,0.0,1233.0013552031025,1251.33641683675,552.7350544635573,0.8597190227882913,0.963250893291641,0.15868323094099773,0.0,-3.064890275071288e-13,-5.336658663347744,0.0,,0.0,0.40688519432651926,0.0,11.65732195963764,True
lift_and_cruse,cruise_94,0.8787433274430957,0.0,1233.001361104449,1251.3364472698358,552.735065095162,0.859719021342825,0.963250893129396,0.158683232474228,0.0,-3.06489034961085e-13,-5.336658663347744,0.0,,0.0,0.40688519627393854,0.0,11.661448256808372,True
lift_and_cruse,cruise_95,0.8787429861903038,0.0,1233.0009135086602,1251.3361676912612,552.7348873002614,0.8597189681929507,0.9632508886717062,0.1586832966398051,0.0,-3.064889664840837e-13,-5.336658663347744,0.0,,0.0,0.40688504856923513,0.0,11.661448256808372,True
lift_and_cruse,cruise_95,0.8787564214596201,0.0,1233.0009135086598,1251.3361676912584,552.7348873002796,0.8597189681929511,0.9632508886717057,0.15868329663981318,0.0,-3.0648896648408305e-13,-5.336658663347744,0.0,,0.0,0.40688504856923496,0.0,11.665574553979104,True
lift_and_cruse,cruise_95,0.8787940696995914,0.0,1233.0009135154423,1251.3361677262315,552.734887313779,0.8597189681912899,0.9632508886714851,0.15868329664193642,0.0,-3.0648896649264895e-13,-5.336658663347744,0.0,,0.0,0.40688504857147323,0.0,11.677136181730924,True
lift_and_cruse,cruise_95,0.8788484819423352,0.0,1233.0009135110076,1251.3361677033665,552.734887304908,0.8597189681923757,0.9632508886716306,0.15868329664054173,0.0,-3.0648896648704867e-13,-5.336658663347744,0.0,,0.0,0.4068850485700098,0.0,11.693843217893525,True
lift_and_cruse,cruise_95,0.8789088873997303,0.0,1233.000913509558,1251.3361676958916,552.7348873020636,0.859718968192731,0.9632508886716766,0.15868329664008965,0.0,-3.0648896648521785e-13,-5.336658663347744,0.0,,0.0,0.40688504856953134,0.0,11.712386629056551,True
lift_and_cruse,cruise_95,0.8789633220318329,0.0,1233.0009135110183,1251.3361677034209,552.7348873049142,0.8597189681923734,0.9632508886716307,0.15868329664054895,0.0,-3.06488966487062e-13,-5.336658663347744,0.0,,0.0,0.4068850485700133,0.0,11.729093665219153,True
lift_and_cruse,cruise_95,0.8790009981755921,0.0,1233.0009135086616,1251.3361676912693,552.734887300234,0.8597189681929507,0.963250888671707,0.15868329663979783,0.0,-3.0648896648408573e-13,-5.336658663347744,0.0,,0.0,0.4068850485692356,0.0,11.740655292970974,True
lift_and_cruse,cruise_95,0.8790144458670333,0.0,1233.0009135086623,1251.3361676912714,552.734887300234,0.8597189681929504,0.963250888671707,0.15868329663981004,0.0,-3.0648896648408624e-13,-5.336658663347744,0.0,,0.0,0.4068850485692358,0.0,11.744781590141706,True
lift_and_cruse,cruise_96,0.8790140978096378,0.0,1233.0004583499083,1251.335856414073,552.7346952225,0.8597189163094345,0.9632508844394828,0.15868335865166383,0.0,-3.0648889024316134e-13,-5.336658663347744,0.0,,0.0,0.40688489836878605,0.0,11.744781590141706,True
lift_and_cruse,cruise_96,0.8790275461402829,0.0,1233.0004583547297,1251.3358564389346,552.734695232076,0.8597189163082537,0.9632508844393265,0.15868335865318334,0.0,-3.0648889024925064e-13,-5.336658663347744,0.0,,0.0,0.4068848983703771,0.0,11.748907887312438,True
lift_and_cruse,cruise_96,0.8790652309605477,0.0,1233.000458353681,1251.3358564335279,552.7346952300611,0.8597189163085105,0.9632508844393586,0.1586833586528619,0.0,-3.0648889024792636e-13,-5.336658663347744,0.0,,0.0,0.40688489837003106,0.0,11.760469515064257,True
lift_and_cruse,cruise_96,0.8791196960890455,0.0,1233.0004583571017,1251.3358564511661,552.7346952367986,0.8597189163076728,0.9632508844392493,0.15868335865393107,0.0,-3.064888902522465e-13,-5.336658663347744,0.0,,0.0,0.4068848983711598,0.0,11.777176551226859,True
lift_and_cruse,cruise_96,0.879180160246266,0.0,1233.000458353682,1251.3358564335322,552.7346952300459,0.8597189163085105,0.963250884439359,0.1586833586528675,0.0,-3.064888902479274e-13,-5.336658663347744,0.0,,0.0,0.4068848983700314,0.0,11.795719962389885,True
lift_and_cruse,cruise_96,0.8792346477803192,0.0,1233.0004583591358,1251.335856461655,552.7346952408406,0.8597189163071747,0.9632508844391833,0.15868335865455135,0.0,-3.0648889025481553e-13,-5.336658663347744,0.0,,0.0,0.4068848983718311,0.0,11.812426998552487,True
lift_and_cruse,cruise_96,0.8792723605334194,0.0,1233.0004583536834,1251.3358564335404,552.7346952300217,0.8597189163085099,0.9632508844393597,0.15868335865285782,0.0,-3.0648889024792944e-13,-5.336658663347744,0.0,,0.0,0.4068848983700319,0.0,11.823988626304306,True
lift_and_cruse,cruise_96,0.8792858212927663,0.0,1233.000458353762,1251.3358564339446,552.7346952301797,0.859718916308491,0.9632508844393572,0.158683358652879,0.0,-3.0648889024802845e-13,-5.336658663347744,0.0,,0.0,0.4068848983700578,0.0,11.828114923475038,True
lift_and_cruse,cruise_97,0.8792854718962987,0.0,1233.0000015557007,1251.3355440532644,552.7345024667823,0.8597188642366309,0.9632508801917237,0.15868342088991097,0.0,-3.064888137368284e-13,-5.336658663347744,0.0,,0.0,0.40688474762864363,0.0,11.828114923475038,True
lift_and_cruse,cruise_97,0.8792989332910951,0.0,1233.0000015560004,1251.3355440548098,552.7345024673263,0.8597188642365573,0.9632508801917153,0.15868342088998227,0.0,-3.0648881373720694e-13,-5.336658663347744,0.0,,0.0,0.4068847476287425,0.0,11.83224122064577,True
lift_and_cruse,cruise_97,0.8793366547353569,0.0,1233.0000015595472,1251.335544073099,552.7345024744193,0.8597188642356887,0.9632508801915991,0.1586834208911138,0.0,-3.064888137416865e-13,-5.336658663347744,0.0,,0.0,0.40688474762991295,0.0,11.84380284839759,True
lift_and_cruse,cruise_97,0.8793911727843543,0.0,1233.0000015581352,1251.3355440658204,552.7345024715231,0.8597188642360345,0.9632508801916474,0.15868342089065016,0.0,-3.064888137399037e-13,-5.336658663347744,0.0,,0.0,0.406884747629447,0.0,11.860509884560193,True
lift_and_cruse,cruise_97,0.8794516956976035,0.0,1233.0000015576893,1251.3355440635198,552.7345024706935,0.859718864236144,0.9632508801916603,0.15868342089052576,0.0,-3.064888137393403e-13,-5.336658663347744,0.0,,0.0,0.4068847476292999,0.0,11.879053295723219,True
lift_and_cruse,cruise_97,0.8795062361710799,0.0,1233.000001557389,1251.3355440619703,552.7345024701434,0.8597188642362176,0.9632508801916687,0.15868342089043708,0.0,-3.064888137389607e-13,-5.336658663347744,0.0,,0.0,0.40688474762920074,0.0,11.89576033188582,True
lift_and_cruse,cruise_97,0.8795439855723012,0.0,1233.0000015559624,1251.3355440546147,552.7345024672655,0.8597188642365666,0.9632508801917163,0.15868342088997814,0.0,-3.0648881373715913e-13,-5.336658663347744,0.0,,0.0,0.40688474762873,0.0,11.90732195963764,True
lift_and_cruse,cruise_97,0.8795574594106536,0.0,1233.0000015557052,1251.335544053289,552.7345024667063,0.8597188642366298,0.9632508801917259,0.15868342088989196,0.0,-3.064888137368344e-13,-5.336658663347744,0.0,,0.0,0.4068847476286451,0.0,11.911448256808372,True
lift_and_cruse,cruise_98,0.879557108662154,0.0,1232.9995431028929,1251.3352305423869,552.7343090054834,0.8597188119759622,0.9632508759286903,0.15868348335254442,0.0,-3.0648873694880985e-13,-5.336658663347744,0.0,,0.0,0.40688459634117013,0.0,11.911448256808372,True
lift_and_cruse,cruise_98,0.879570583136506,0.0,1232.9995431028885,1251.3352305423646,552.7343090055564,0.8597188119759636,0.9632508759286882,0.15868348335256013,0.0,-3.064887369488044e-13,-5.336658663347744,0.0,,0.0,0.4068845963411687,0.0,11.915574553979104,True
lift_and_cruse,cruise_98,0.8796083412293938,0.0,1232.9995431028917,1251.3352305423825,552.7343090055017,0.8597188119759624,0.9632508759286897,0.15868348335253843,0.0,-3.064887369488088e-13,-5.336658663347744,0.0,,0.0,0.4068845963411698,0.0,11.927136181730924,True
lift_and_cruse,cruise_98,0.8796629122496294,0.0,1232.999543101211,1251.3352305337153,552.7343090022225,0.8597188119763739,0.9632508759287425,0.15868348335202842,0.0,-3.0648873694668596e-13,-5.336658663347744,0.0,,0.0,0.4068845963406151,0.0,11.943843217893525,True
lift_and_cruse,cruise_98,0.8797234939697244,0.0,1232.999543102888,1251.3352305423637,552.7343090055655,0.8597188119759633,0.963250875928688,0.1586834833525573,0.0,-3.064887369488042e-13,-5.336658663347744,0.0,,0.0,0.4068845963411685,0.0,11.962386629056551,True
lift_and_cruse,cruise_98,0.8797780874347273,0.0,1232.9995431028888,1251.3352305423675,552.7343090055504,0.8597188119759632,0.9632508759286883,0.15868348335255678,0.0,-3.0648873694880516e-13,-5.336658663347744,0.0,,0.0,0.4068845963411688,0.0,11.979093665219153,True
lift_and_cruse,cruise_98,0.879815873513842,0.0,1232.9995431028888,1251.3352305423675,552.7343090055473,0.8597188119759632,0.9632508759286885,0.1586834833525468,0.0,-3.0648873694880516e-13,-5.336658663347744,0.0,,0.0,0.4068845963411688,0.0,11.990655292970974,True
lift_and_cruse,cruise_98,0.8798293604432373,0.0,1232.9995431028885,1251.3352305423646,552.7343090055595,0.8597188119759636,0.9632508759286881,0.15868348335256155,0.0,-3.064887369488044e-13,-5.336658663347744,0.0,,0.0,0.4068845963411687,0.0,11.994781590141706,True
lift_and_cruse,cruise_99,0.8798290083330949,0.0,1232.9990829834794,1251.3349158936217,552.7341148416579,0.8597187595250987,0.963250871650136,0.1586835460424977,0.0,-3.0648865988208925e-13,-5.336658663347744,0.0,,0.0,0.40688444450372396,0.0,11.994781590141706,True
lift_and_cruse,cruise_99,0.879842495898568,0.0,1232.9990829832716,1251.334915892549,552.7341148412323,0.8597187595251495,0.9632508716501431,0.15868354604243262,0.0,-3.0648865988182647e-13,-5.336658663347744,0.0,,0.0,0.4068844445036554,0.0,11.998907887312438,True
lift_and_cruse,cruise_99,0.8798802906755705,0.0,1232.9990829833014,1251.3349158927033,552.7341148412293,0.8597187595251422,0.9632508716501438,0.15868354604242876,0.0,-3.064886598818643e-13,-5.336658663347744,0.0,,0.0,0.4068844445036651,0.0,12.010469515064257,True
lift_and_cruse,cruise_99,0.8799349147153344,0.0,1232.9990829833005,1251.3349158927008,552.7341148412354,0.8597187595251425,0.9632508716501436,0.1586835460424289,0.0,-3.064886598818637e-13,-5.336658663347744,0.0,,0.0,0.40688444450366484,0.0,12.027176551226859,True
lift_and_cruse,cruise_99,0.8799955552903533,0.0,1232.9990829833002,1251.3349158926976,552.7341148412414,0.8597187595251428,0.9632508716501433,0.15868354604243365,0.0,-3.064886598818629e-13,-5.336658663347744,0.0,,0.0,0.4068844445036648,0.0,12.045719962389885,True
lift_and_cruse,cruise_99,0.8800502017930953,0.0,1232.9990829832984,1251.334915892686,552.7341148412688,0.8597187595251433,0.9632508716501427,0.15868354604243012,0.0,-3.064886598818601e-13,-5.336658663347744,0.0,,0.0,0.4068844445036642,0.0,12.062426998552487,True
lift_and_cruse,cruise_99,0.8800880245809487,0.0,1232.999082983299,1251.3349158926922,552.7341148412567,0.859718759525143,0.963250871650143,0.1586835460424352,0.0,-3.0648865988186156e-13,-5.336658663347744,0.0,,0.0,0.40688444450366446,0.0,12.073988626304306,True
lift_and_cruse,cruise_99,0.8801015246126249,0.0,1232.9990829832975,1251.3349158926835,552.7341148412384,0.8597187595251433,0.9632508716501434,0.1586835460424274,0.0,-3.0648865988185944e-13,-5.336658663347744,0.0,,0.0,0.40688444450366384,0.0,12.078114923475038,True
lift_and_cruse,cruise_100,0.8801011711520148,0.0,1232.9986212068918,1251.334600209676,552.7339200017325,0.8597187068773908,0.9632508673555502,0.15868360896496597,0.0,-3.064885825618225e-13,-5.336658663347744,0.0,,0.0,0.40688429211941735,0.0,12.078114923475038,True
lift_and_cruse,cruise_100,0.8801146793461014,0.0,1232.9986293204272,1251.3346420468238,552.7339361456122,0.8597187048903926,0.9632508670917652,0.15868361151131763,0.0,-3.0648859280896834e-13,-5.336658663347744,0.0,,0.0,0.4068842947968494,0.0,12.08224122064577,True
lift_and_cruse,cruise_100,0.8801525108393453,0.0,1232.9986293188442,1251.3346420386624,552.7339361408957,0.8597187048907804,0.9632508670918585,0.15868361151035426,0.0,-3.064885928069694e-13,-5.336658663347744,0.0,,0.0,0.40688429479632704,0.0,12.09380284839759,True
lift_and_cruse,cruise_100,0.8802071879458339,0.0,1232.9986293189959,1251.3346420394455,552.7339361386287,0.859718704890743,0.9632508670919221,0.15868361150968419,0.0,-3.064885928071612e-13,-5.336658663347744,0.0,,0.0,0.4068842947963771,0.0,12.110509884560193,True
lift_and_cruse,cruise_100,0.8802678874307508,0.0,1232.9986293184068,1251.3346420364053,552.733936134225,0.8597187048908874,0.9632508670920275,0.15868361150855412,0.0,-3.0648859280641657e-13,-5.336658663347744,0.0,,0.0,0.4068842947961827,0.0,12.129053295723219,True
lift_and_cruse,cruise_100,0.8803225870209155,0.0,1232.9986293195598,1251.3346420423513,552.7339361331249,0.8597187048906052,0.9632508670920805,0.15868361150795024,0.0,-3.064885928078729e-13,-5.336658663347744,0.0,,0.0,0.40688429479656313,0.0,12.14576033188582,True
lift_and_cruse,cruise_100,0.8803604465592364,0.0,1232.9986293282643,1251.334642087235,552.733936147308,0.8597187048884735,0.963250867091881,0.1586836115097887,0.0,-3.0648859281886624e-13,-5.336658663347744,0.0,,0.0,0.40688429479943566,0.0,12.15732195963764,True
lift_and_cruse,cruise_100,0.8803739597057989,0.0,1232.9986293288985,1251.334642090506,552.733936147855,0.8597187048883179,0.9632508670918796,0.15868361150976956,0.0,-3.0648859281966737e-13,-5.336658663347744,0.0,,0.0,0.4068842947996449,0.0,12.161448256808372,True
lift_and_cruse,cruise_101,0.8803735972867234,0.0,1232.9981576953203,1251.334283143875,552.7337243832047,0.859718654047517,0.9632508630460674,0.15868367211053122,0.0,-3.0648850490309883e-13,-5.336658663347744,0.0,,0.0,0.4068841391625734,0.0,12.161448256808372,True
lift_and_cruse,cruise_101,0.8803871110694578,0.0,1232.9981576953196,1251.3342831438706,552.7337243832169,0.8597186540475168,0.9632508630460671,0.15868367211052606,0.0,-3.0648850490309777e-13,-5.336658663347744,0.0,,0.0,0.40688413916257316,0.0,12.165574553979104,True
lift_and_cruse,cruise_101,0.8804249793111144,0.0,1232.998157695318,1251.3342831438626,552.7337243832411,0.8597186540475173,0.9632508630460664,0.15868367211053858,0.0,-3.0648850490309585e-13,-5.336658663347744,0.0,,0.0,0.40688413916257266,0.0,12.177136181730924,True
lift_and_cruse,cruise_101,0.8804797095262606,0.0,1232.9981576953176,1251.3342831438604,552.7337243832047,0.859718654047517,0.9632508630460673,0.15868367211053486,0.0,-3.064885049030953e-13,-5.336658663347744,0.0,,0.0,0.4068841391625725,0.0,12.193843217893525,True
lift_and_cruse,cruise_101,0.8805404679689984,0.0,1232.9981576953166,1251.3342831438563,552.7337243831956,0.8597186540475173,0.9632508630460676,0.15868367211053117,0.0,-3.064885049030943e-13,-5.336658663347744,0.0,,0.0,0.4068841391625722,0.0,12.212386629056551,True
lift_and_cruse,cruise_101,0.8805952206866486,0.0,1232.998157695318,1251.3342831438626,552.7337243831956,0.8597186540475173,0.9632508630460676,0.15868367211051726,0.0,-3.0648850490309585e-13,-5.336658663347744,0.0,,0.0,0.40688413916257266,0.0,12.229093665219153,True
lift_and_cruse,cruise_101,0.8806331169884655,0.0,1232.9981576953207,1251.3342831438767,552.7337243831682,0.8597186540475167,0.9632508630460684,0.15868367211051976,0.0,-3.064885049030993e-13,-5.336658663347744,0.0,,0.0,0.40688413916257354,0.0,12.240655292970974,True
lift_and_cruse,cruise_101,0.880646643259143,0.0,1232.9981576953169,1251.3342831438554,552.7337243831865,0.8597186540475175,0.9632508630460679,0.15868367211052167,0.0,-3.0648850490309403e-13,-5.336658663347744,0.0,,0.0,0.4068841391625723,0.0,12.244781590141706,True
lift_and_cruse,cruise_102,0.880646287004097,0.0,1232.9976925023748,1251.3339650279654,552.7335280790775,0.8597186010179074,0.9632508587203089,0.15868373549208478,0.0,-3.0648842698717277e-13,-5.336658663347744,0.0,,0.0,0.40688398565088324,0.0,12.244781590141706,True
lift_and_cruse,cruise_102,0.88065981391258,0.0,1232.997692502376,1251.3339650279704,552.7335280790561,0.8597186010179076,0.9632508587203095,0.1586837354920851,0.0,-3.06488426987174e-13,-5.336658663347744,0.0,,0.0,0.4068839856508836,0.0,12.248907887312438,True
lift_and_cruse,cruise_102,0.8806977189344506,0.0,1232.9976925019894,1251.3339650259782,552.7335280782751,0.859718601018002,0.9632508587203223,0.1586837354919658,0.0,-3.06488426986686e-13,-5.336658663347744,0.0,,0.0,0.40688398565075595,0.0,12.260469515064257,True
lift_and_cruse,cruise_102,0.8807525023073489,0.0,1232.9976925023775,1251.33396502798,552.7335280790318,0.8597186010179071,0.9632508587203101,0.1586837354920896,0.0,-3.0648842698717635e-13,-5.336658663347744,0.0,,0.0,0.4068839856508841,0.0,12.277176551226859,True
lift_and_cruse,cruise_102,0.8808133197610787,0.0,1232.9976925021338,1251.3339650267242,552.7335280785699,0.8597186010179666,0.9632508587203173,0.15868373549201495,0.0,-3.0648842698686874e-13,-5.336658663347744,0.0,,0.0,0.40688398565080364,0.0,12.295719962389885,True
lift_and_cruse,cruise_102,0.8808681256560513,0.0,1232.9976925023286,1251.3339650277273,552.7335280788798,0.859718601017919,0.9632508587203131,0.15868373549205614,0.0,-3.0648842698711446e-13,-5.336658663347744,0.0,,0.0,0.406883985650868,0.0,12.312426998552487,True
lift_and_cruse,cruise_102,0.8809060587630326,0.0,1232.9976925022786,1251.3339650274713,552.7335280788374,0.8597186010179312,0.9632508587203132,0.1586837354920526,0.0,-3.0648842698705175e-13,-5.336658663347744,0.0,,0.0,0.40688398565085143,0.0,12.323988626304306,True
lift_and_cruse,cruise_102,0.8809195981705166,0.0,1232.997692502375,1251.3339650279668,552.7335280790744,0.8597186010179073,0.9632508587203089,0.158683735492089,0.0,-3.064884269871731e-13,-5.336658663347744,0.0,,0.0,0.4068839856508833,0.0,12.328114923475038,True
lift_and_cruse,cruise_103,0.8809192405137602,0.0,1232.997225593534,1251.3336457397515,552.7333310511167,0.8597185477925389,0.9632508543785847,0.15868379910756886,0.0,-3.0648834878411493e-13,-5.336658663347744,0.0,,0.0,0.4068838315729549,0.0,12.328114923475038,True
lift_and_cruse,cruise_103,0.8809327805594643,0.0,1232.9972255935297,1251.3336457397293,552.7333310511015,0.8597185477925401,0.963250854378585,0.15868379910757183,0.0,-3.0648834878410947e-13,-5.336658663347744,0.0,,0.0,0.40688383157295344,0.0,12.33224122064577,True
lift_and_cruse,cruise_103,0.8809707223944158,0.0,1232.9972255935295,1251.3336457397274,552.7333310511957,0.8597185477925403,0.9632508543785826,0.15868379910758226,0.0,-3.0648834878410907e-13,-5.336658663347744,0.0,,0.0,0.4068838315729534,0.0,12.34380284839759,True
lift_and_cruse,cruise_103,0.8810255589707937,0.0,1232.997225593527,1251.333645739716,552.7333310510741,0.8597185477925412,0.9632508543785857,0.15868379910755562,0.0,-3.0648834878410624e-13,-5.336658663347744,0.0,,0.0,0.4068838315729525,0.0,12.360509884560193,True
lift_and_cruse,cruise_103,0.8810864354917101,0.0,1232.9972255980458,1251.3336457630173,552.7333310600332,0.8597185477914341,0.9632508543784396,0.15868379910897062,0.0,-3.064883487898134e-13,-5.336658663347744,0.0,,0.0,0.40688383157444374,0.0,12.379053295723219,True
lift_and_cruse,cruise_103,0.881141294747875,0.0,1232.9972257464592,1251.3336465283053,552.7333313550429,0.859718547755088,0.9632508543736223,0.15868379915545283,0.0,-3.0648834897725493e-13,-5.336658663347744,0.0,,0.0,0.4068838316234195,0.0,12.39576033188582,True
lift_and_cruse,cruise_103,0.88117926468712,0.0,1232.9972257408979,1251.3336464996275,552.7333313440263,0.85971854775645,0.963250854373802,0.15868379915372408,0.0,-3.064883489702309e-13,-5.336658663347744,0.0,,0.0,0.4068838316215843,0.0,12.40732195963764,True
lift_and_cruse,cruise_103,0.881192817240632,0.0,1232.9972257386662,1251.3336464881188,552.7333313395438,0.8597185477569965,0.9632508543738756,0.15868379915300612,0.0,-3.0648834896741207e-13,-5.336658663347744,0.0,,0.0,0.4068838316208479,0.0,12.411448256808372,True
lift_and_cruse,cruise_104,0.8811924580176171,0.0,1232.9967569350572,1251.3333251616987,552.7331332522481,0.859718494375144,0.963250850021457,0.15868386295211515,0.0,-3.064882702651377e-13,-5.336658663347744,0.0,,0.0,0.40688367691765415,0.0,12.411448256808372,True
lift_and_cruse,cruise_104,0.8812060112316105,0.0,1232.996756956173,1251.333325270582,552.7331332941288,0.8597184943699729,0.9632508500207742,0.15868386295870598,0.0,-3.064882702918064e-13,-5.336658663347744,0.0,,0.0,0.4068836769246222,0.0,12.415574553979104,True
lift_and_cruse,cruise_104,0.8812439899114219,0.0,1232.996756956167,1251.3333252705502,552.7331332942261,0.8597184943699745,0.9632508500207715,0.15868386295871717,0.0,-3.064882702917986e-13,-5.336658663347744,0.0,,0.0,0.40688367692462024,0.0,12.427136181730924,True
lift_and_cruse,cruise_104,0.8812988797380893,0.0,1232.9967569561713,1251.3333252705715,552.7331332941501,0.8597184943699734,0.9632508500207736,0.15868386295871234,0.0,-3.064882702918038e-13,-5.336658663347744,0.0,,0.0,0.4068836769246218,0.0,12.443843217893525,True
lift_and_cruse,cruise_104,0.8813598153691357,0.0,1232.9967569561684,1251.333325270556,552.7331332942048,0.8597184943699737,0.963250850020772,0.15868386295872455,0.0,-3.0648827029180004e-13,-5.336658663347744,0.0,,0.0,0.40688367692462074,0.0,12.462386629056551,True
lift_and_cruse,cruise_104,0.881414727757562,0.0,1232.9967569561713,1251.3333252705715,552.7331332941501,0.8597184943699734,0.9632508500207736,0.1586838629587147,0.0,-3.064882702918038e-13,-5.336658663347744,0.0,,0.0,0.4068836769246218,0.0,12.479093665219153,True
lift_and_cruse,cruise_104,0.8814527345714076,0.0,1232.99675695615,1251.3333252704642,552.7331332941349,0.8597184943699786,0.9632508500207735,0.15868386295871273,0.0,-3.0648827029177757e-13,-5.336658663347744,0.0,,0.0,0.40688367692461463,0.0,12.490655292970974,True
lift_and_cruse,cruise_104,0.8814663002866556,0.0,1232.9967569561684,1251.333325270556,552.7331332942048,0.8597184943699737,0.963250850020772,0.15868386295872644,0.0,-3.0648827029180004e-13,-5.336658663347744,0.0,,0.0,0.40688367692462074,0.0,12.494781590141706,True
lift_and_cruse,cruise_105,0.8814659398785593,0.0,1232.9962866705298,1251.3330040914168,552.7329349138109,0.8597184407259659,0.9632508456457073,0.15868392705519346,0.0,-3.064881916255991e-13,-5.336658663347744,0.0,,0.0,0.40688352173236353,0.0,12.494781590141706,True
lift_and_cruse,cruise_105,0.8814795066989167,0.0,1232.9962871673192,1251.33300665311,552.732936008672,0.8597184406043008,0.9632508456267188,0.15868392724164782,0.0,-3.0648819225303297e-13,-5.336658663347744,0.0,,0.0,0.4068835218963019,0.0,12.498907887312438,True
lift_and_cruse,cruise_105,0.8815175221903693,0.0,1232.9962870966267,1251.3330062886403,552.732935844948,0.8597184406216092,0.9632508456296323,0.15868392721283808,0.0,-3.064881921637636e-13,-5.336658663347744,0.0,,0.0,0.4068835218729737,0.0,12.510469515064257,True
lift_and_cruse,cruise_105,0.8815724652263859,0.0,1232.9962870021259,1251.3330058014233,552.7329356278435,0.8597184406447465,0.96325084563348,0.1586839271748449,0.0,-3.0648819204442987e-13,-5.336658663347744,0.0,,0.0,0.4068835218417888,0.0,12.527176551226859,True
lift_and_cruse,cruise_105,0.8816334600686286,0.0,1232.996287049966,1251.333006048088,552.7329357722759,0.8597184406330323,0.9632508456306115,0.15868392720398447,0.0,-3.064881921048453e-13,-5.336658663347744,0.0,,0.0,0.40688352185757587,0.0,12.545719962389885,True
lift_and_cruse,cruise_105,0.8816884254939232,0.0,1232.9962867551164,1251.3330045274492,552.7329349990554,0.8597184407052615,0.9632508456451725,0.15868392705789866,0.0,-3.0648819173239623e-13,-5.336658663347744,0.0,,0.0,0.4068835217602768,0.0,12.562426998552487,True
lift_and_cruse,cruise_105,0.8817264695928957,0.0,1232.996287165543,1251.3330066436283,552.7329359674295,0.8597184406047618,0.9632508456277822,0.15868392723026412,0.0,-3.064881922507106e-13,-5.336658663347744,0.0,,0.0,0.4068835218957158,0.0,12.573988626304306,True
lift_and_cruse,cruise_105,0.8817400486260305,0.0,1232.9962873230822,1251.3330074558721,552.7329363631097,0.8597184405661878,0.9632508456204677,0.15868392730331563,0.0,-3.0648819244965295e-13,-5.336658663347744,0.0,,0.0,0.40688352194770305,0.0,12.578114923475038,True
lift_and_cruse,cruise_106,0.8817396859508666,0.0,1232.9958143802946,1251.332680422233,552.7327354430082,0.8597183869431828,0.9632508412585195,0.15868399135465383,0.0,-3.0648811234951307e-13,-5.336658663347744,0.0,,0.0,0.4068833658785981,0.0,12.578114923475038,True
lift_and_cruse,cruise_106,0.8817532655272782,0.0,1232.9958144343743,1251.3326807010908,552.7327355509846,0.8597183869299391,0.9632508412567512,0.1586839913717337,0.0,-3.064881124178136e-13,-5.336658663347744,0.0,,0.0,0.4068833658964441,0.0,12.58224122064577,True
lift_and_cruse,cruise_106,0.8817913179931772,0.0,1232.9958144343484,1251.332680700958,552.7327355508781,0.8597183869299452,0.9632508412567536,0.15868399137172137,0.0,-3.06488112417781e-13,-5.336658663347744,0.0,,0.0,0.4068833658964355,0.0,12.59380284839759,True
lift_and_cruse,cruise_106,0.8818463144597338,0.0,1232.9958144343857,1251.3326807011492,552.7327355510544,0.8597183869299363,0.9632508412567495,0.15868399137176115,0.0,-3.0648811241782787e-13,-5.336658663347744,0.0,,0.0,0.40688336589644786,0.0,12.610509884560193,True
lift_and_cruse,cruise_106,0.8819073684739448,0.0,1232.9958144343238,1251.3326807008289,552.7327355508144,0.8597183869299511,0.9632508412567549,0.15868399137171132,0.0,-3.064881124177494e-13,-5.336658663347744,0.0,,0.0,0.40688336589642743,0.0,12.629053295723219,True
lift_and_cruse,cruise_106,0.8819623875417102,0.0,1232.9958144343198,1251.3326807008084,552.732735550866,0.8597183869299522,0.9632508412567534,0.15868399137171657,0.0,-3.064881124177444e-13,-5.336658663347744,0.0,,0.0,0.4068833658964261,0.0,12.64576033188582,True
lift_and_cruse,cruise_106,0.8820004681909092,0.0,1232.9958144343111,1251.332680700764,552.7327355506836,0.8597183869299543,0.9632508412567581,0.15868399137167127,0.0,-3.0648811241773356e-13,-5.336658663347744,0.0,,0.0,0.4068833658964232,0.0,12.65732195963764,True
lift_and_cruse,cruise_106,0.8820140602598393,0.0,1232.995814434304,1251.3326807007284,552.7327355507718,0.8597183869299564,0.9632508412567556,0.1586839913716973,0.0,-3.0648811241772477e-13,-5.336658663347744,0.0,,0.0,0.4068833658964209,0.0,12.661448256808372,True
lift_and_cruse,cruise_107,0.88201369687771,0.0,1232.995340518197,1251.332356553159,552.7325355421691,0.8597183329109302,0.9632508368504908,0.15868405593528476,0.0,-3.0648803302446813e-13,-5.336658663347744,0.0,,0.0,0.4068832095061246,0.0,12.661448256808372,True
lift_and_cruse,cruise_107,0.8820272895942237,0.0,1232.9953405259791,1251.3323565932867,552.7325355576681,0.8597183329090246,0.9632508368502375,0.15868405593774515,0.0,-3.064880330342966e-13,-5.336658663347744,0.0,,0.0,0.40688320950869267,0.0,12.665574553979104,True
lift_and_cruse,cruise_107,0.8820653790013615,0.0,1232.9953405259623,1251.3323565932008,552.7325355575283,0.8597183329090284,0.9632508368502409,0.15868405593770285,0.0,-3.0648803303427555e-13,-5.336658663347744,0.0,,0.0,0.4068832095086871,0.0,12.677136181730924,True
lift_and_cruse,cruise_107,0.8821204288574169,0.0,1232.9953405259414,1251.3323565930925,552.73253555758,0.8597183329090339,0.9632508368502392,0.15868405593773674,0.0,-3.0648803303424904e-13,-5.336658663347744,0.0,,0.0,0.40688320950868023,0.0,12.693843217893525,True
lift_and_cruse,cruise_107,0.8821815421405015,0.0,1232.9953405258714,1251.3323565927315,552.7325355573369,0.8597183329090508,0.9632508368502442,0.15868405593768187,0.0,-3.064880330341606e-13,-5.336658663347744,0.0,,0.0,0.40688320950865703,0.0,12.712386629056551,True
lift_and_cruse,cruise_107,0.882236614617572,0.0,1232.9953405258925,1251.3323565928404,552.7325355574371,0.8597183329090456,0.9632508368502418,0.15868405593770663,0.0,-3.0648803303418725e-13,-5.336658663347744,0.0,,0.0,0.406883209508664,0.0,12.729093665219153,True
lift_and_cruse,cruise_107,0.8822747322326248,0.0,1232.9953405258786,1251.3323565927697,552.7325355574553,0.8597183329090493,0.963250836850241,0.15868405593769938,0.0,-3.0648803303416993e-13,-5.336658663347744,0.0,,0.0,0.4068832095086594,0.0,12.740655292970974,True
lift_and_cruse,cruise_107,0.8822883374955853,0.0,1232.9953405258716,1251.3323565927342,552.7325355572822,0.8597183329090509,0.9632508368502456,0.1586840559376629,0.0,-3.0648803303416125e-13,-5.336658663347744,0.0,,0.0,0.40688320950865714,0.0,12.744781590141706,True
lift_and_cruse,cruise_108,0.8822879726917664,0.0,1232.9948648642444,1251.3320314086743,552.7323348671583,0.8597182786783606,0.9632508324262781,0.15868412075495827,0.0,-3.0648795338703765e-13,-5.336658663347744,0.0,,0.0,0.4068830525423466,0.0,12.744781590141706,True
lift_and_cruse,cruise_108,0.8823015785955322,0.0,1232.9948648641823,1251.3320314083533,552.7323348669456,0.859718278678376,0.9632508324262824,0.1586841207549061,0.0,-3.06487953386959e-13,-5.336658663347744,0.0,,0.0,0.4068830525423261,0.0,12.748907887312438,True
lift_and_cruse,cruise_108,0.8823397049760399,0.0,1232.9948648641791,1251.3320314083376,552.7323348669821,0.8597182786783768,0.9632508324262814,0.15868412075491886,0.0,-3.0648795338695515e-13,-5.336658663347744,0.0,,0.0,0.40688305254232504,0.0,12.760469515064257,True
lift_and_cruse,cruise_108,0.8823948082680618,0.0,1232.9948648641753,1251.332031408319,552.7323348670733,0.8597182786783776,0.9632508324262788,0.15868412075493826,0.0,-3.064879533869506e-13,-5.336658663347744,0.0,,0.0,0.40688305254232376,0.0,12.777176551226859,True
lift_and_cruse,cruise_108,0.8824559808715938,0.0,1232.9948648641791,1251.3320314083376,552.7323348670034,0.8597182786783768,0.9632508324262808,0.15868412075493543,0.0,-3.0648795338695515e-13,-5.336658663347744,0.0,,0.0,0.40688305254232504,0.0,12.795719962389885,True
lift_and_cruse,cruise_108,0.8825111068043312,0.0,1232.9948648641773,1251.332031408328,552.732334867049,0.8597182786783771,0.9632508324262796,0.15868412075493515,0.0,-3.0648795338695283e-13,-5.336658663347744,0.0,,0.0,0.4068830525423245,0.0,12.812426998552487,True
lift_and_cruse,cruise_108,0.8825492614173506,0.0,1232.9948648641823,1251.3320314083533,552.7323348669426,0.859718278678376,0.9632508324262825,0.15868412075490892,0.0,-3.06487953386959e-13,-5.336658663347744,0.0,,0.0,0.4068830525423261,0.0,12.823988626304306,True
lift_and_cruse,cruise_108,0.8825628798858282,0.0,1232.994864864177,1251.3320314083264,552.732334867055,0.8597182786783771,0.9632508324262794,0.15868412075493382,0.0,-3.0648795338695243e-13,-5.336658663347744,0.0,,0.0,0.40688305254232443,0.0,12.828114923475038,True
lift_and_cruse,cruise_109,0.8825625156372906,0.0,1232.9943895831334,1251.3317162105816,552.7321377404508,0.8597182237105508,0.9632508279150952,0.15868418649737623,0.0,-3.064878761857706e-13,-5.336658663347744,0.0,,0.0,0.4068828957016048,0.0,12.828114923475038,True
lift_and_cruse,cruise_109,0.8825761378034975,0.0,1232.9943928735868,1251.331733177638,552.7321442801845,0.8597182229047158,0.9632508278083152,0.15868418752792562,0.0,-3.064878803415008e-13,-5.336658663347744,0.0,,0.0,0.4068828967874404,0.0,12.83224122064577,True
lift_and_cruse,cruise_109,0.8826143012000751,0.0,1232.99439288395,1251.3317332310742,552.7321443007646,0.8597182229021781,0.9632508278079794,0.1586841875311585,0.0,-3.0648788035458893e-13,-5.336658663347744,0.0,,0.0,0.40688289679086015,0.0,12.84380284839759,True
lift_and_cruse,cruise_109,0.8826694579785332,0.0,1232.9943928868222,1251.3317332458853,552.7321443065267,0.8597182229014746,0.9632508278078847,0.15868418753207142,0.0,-3.0648788035821663e-13,-5.336658663347744,0.0,,0.0,0.406882896791808,0.0,12.860509884560193,True
lift_and_cruse,cruise_109,0.8827306899601625,0.0,1232.9943928918187,1251.33173327165,552.732144316446,0.8597182229002507,0.9632508278077228,0.15868418753363758,0.0,-3.064878803645271e-13,-5.336658663347744,0.0,,0.0,0.40688289679345685,0.0,12.879053295723219,True
lift_and_cruse,cruise_109,0.8827858693996709,0.0,1232.9943928953371,1251.3317332897914,552.7321443235056,0.8597182228993893,0.9632508278076068,0.15868418753476335,0.0,-3.064878803689705e-13,-5.336658663347744,0.0,,0.0,0.40688289679461787,0.0,12.89576033188582,True
lift_and_cruse,cruise_109,0.8828240610561576,0.0,1232.994392908707,1251.3317333587324,552.7321443499847,0.8597182228961153,0.9632508278071755,0.15868418753890895,0.0,-3.064878803858562e-13,-5.336658663347744,0.0,,0.0,0.4068828967990299,0.0,12.90732195963764,True
lift_and_cruse,cruise_109,0.8828376927335952,0.0,1232.9943928997152,1251.3317333123678,552.7321443322063,0.8597182228983172,0.9632508278074648,0.1586841875361364,0.0,-3.0648788037450013e-13,-5.336658663347744,0.0,,0.0,0.40688289679606265,0.0,12.911448256808372,True
lift_and_cruse,cruise_110,0.8828373210450268,0.0,1232.9939093915048,1251.3313837758478,552.7319336862947,0.8597181692965555,0.9632508234877323,0.1586842515149868,0.0,-3.0648779476274405e-13,-5.336658663347744,0.0,,0.0,0.406882737240413,0.0,12.911448256808372,True
lift_and_cruse,cruise_110,0.882850956173772,0.0,1232.9939124069822,1251.331399324996,552.7319396783942,0.8597181685580624,0.9632508233899056,0.15868425245910173,0.0,-3.06487798571187e-13,-5.336658663347744,0.0,,0.0,0.40688273823550775,0.0,12.915574553979104,True
lift_and_cruse,cruise_110,0.8828891565993758,0.0,1232.9939124084096,1251.3313993323575,552.731939681263,0.8597181685577127,0.9632508233898585,0.1586842524595482,0.0,-3.0648779857299e-13,-5.336658663347744,0.0,,0.0,0.4068827382359788,0.0,12.927136181730924,True
lift_and_cruse,cruise_110,0.8829443669173559,0.0,1232.9939124232499,1251.33139940888,552.7319397106837,0.8597181685540782,0.9632508233893787,0.1586842524641674,0.0,-3.064877985917326e-13,-5.336658663347744,0.0,,0.0,0.406882738240876,0.0,12.943843217893525,True
lift_and_cruse,cruise_110,0.8830056583170024,0.0,1232.9939124228931,1251.3313994070402,552.7319397100304,0.8597181685541657,0.9632508233893888,0.15868425246408405,0.0,-3.06487798591282e-13,-5.336658663347744,0.0,,0.0,0.40688273824075827,0.0,12.962386629056551,True
lift_and_cruse,cruise_110,0.883060891307498,0.0,1232.9939124294901,1251.331399441057,552.7319397231346,0.85971816855255,0.963250823389175,0.15868425246614642,0.0,-3.0648779859961375e-13,-5.336658663347744,0.0,,0.0,0.4068827382429353,0.0,12.979093665219153,True
lift_and_cruse,cruise_110,0.8830991200183121,0.0,1232.9939124346797,1251.3313994678151,552.7319397334095,0.8597181685512794,0.9632508233890077,0.15868425246775636,0.0,-3.064877986061676e-13,-5.336658663347744,0.0,,0.0,0.4068827382446478,0.0,12.990655292970972,True
lift_and_cruse,cruise_110,0.8831127649330058,0.0,1232.993912435294,1251.3313994709858,552.7319397346737,0.8597181685511288,0.9632508233889865,0.15868425246796652,0.0,-3.0648779860694417e-13,-5.336658663347744,0.0,,0.0,0.4068827382448506,0.0,12.994781590141706,True
lift_and_cruse,cruise_111,0.8831123920883227,0.0,1232.9934274627858,1251.3310505291038,552.7317290291304,0.8597181146543045,0.9632508190407456,0.15868431680666734,0.0,-3.0648771314083236e-13,-5.336658663347744,0.0,,0.0,0.406882578205989,0.0,12.994781590141706,True
lift_and_cruse,cruise_111,0.8831260401838695,0.0,1232.9934301959302,1251.3310646224118,552.7317344607711,0.8597181139849546,0.9632508189520631,0.15868431766254315,0.0,-3.0648771659269725e-13,-5.336658663347744,0.0,,0.0,0.4068825791079149,0.0,12.998907887312438,True
lift_and_cruse,cruise_111,0.8831642776809745,0.0,1232.9934301995859,1251.331064641263,552.7317344680373,0.8597181139840593,0.9632508189519444,0.15868431766368576,0.0,-3.064877165973145e-13,-5.336658663347744,0.0,,0.0,0.40688257910912135,0.0,13.010469515064257,True
lift_and_cruse,cruise_111,0.883219541566185,0.0,1232.993430206298,1251.331064675872,552.7317344813544,0.8597181139824154,0.9632508189517273,0.15868431766578253,0.0,-3.064877166057913e-13,-5.336658663347744,0.0,,0.0,0.40688257911133624,0.0,13.027176551226859,True
lift_and_cruse,cruise_111,0.8832808924516795,0.0,1232.9934302181864,1251.3310647371763,552.7317345048764,0.859718113979504,0.9632508189513442,0.1586843176694777,0.0,-3.064877166208065e-13,-5.336658663347744,0.0,,0.0,0.4068825791152594,0.0,13.045719962389885,True
lift_and_cruse,cruise_111,0.8833361790325345,0.0,1232.993430220321,1251.3310647481817,552.7317345092222,0.8597181139789813,0.9632508189512723,0.1586843176701717,0.0,-3.06487716623502e-13,-5.336658663347744,0.0,,0.0,0.40688257911596387,0.0,13.062426998552487,True
lift_and_cruse,cruise_111,0.8833744448372737,0.0,1232.9934302254032,1251.331064774388,552.7317345193634,0.8597181139777369,0.9632508189511062,0.15868431767176516,0.0,-3.0648771662992073e-13,-5.336658663347744,0.0,,0.0,0.406882579117641,0.0,13.073988626304306,True
lift_and_cruse,cruise_111,0.8833881029935335,0.0,1232.9934302279348,1251.3310647874405,552.7317345243899,0.8597181139771167,0.9632508189510242,0.15868431767256197,0.0,-3.0648771663311767e-13,-5.336658663347744,0.0,,0.0,0.4068825791184763,0.0,13.078114923475038,True
lift_and_cruse,cruise_112,0.8833877317266214,0.0,1232.9929467316563,1251.3307316645623,552.7315296228248,0.8597180590601391,0.9632508144783345,0.1586843832976263,0.0,-3.0648763504154434e-13,-5.336658663347744,0.0,,0.0,0.40688241956676424,0.0,13.078114923475038,True
lift_and_cruse,cruise_112,0.8834013880448985,0.0,1232.9929440653787,1251.3307179160538,552.7315243069555,0.8597180597131135,0.9632508145653038,0.15868438245778202,0.0,-3.06487631674131e-13,-5.336658663347744,0.0,,0.0,0.406882418686904,0.0,13.08224122064577,True
lift_and_cruse,cruise_112,0.8834396626396647,0.0,1232.9929440653004,1251.3307179156518,552.7315243066425,0.8597180597131328,0.9632508145653106,0.15868438245770547,0.0,-3.064876316740325e-13,-5.336658663347744,0.0,,0.0,0.40688241868687824,0.0,13.09380284839759,True
lift_and_cruse,cruise_112,0.883494980139131,0.0,1232.9929440652036,1251.3307179151511,552.7315243058888,0.8597180597131565,0.9632508145653286,0.15868438245751482,0.0,-3.0648763167390985e-13,-5.336658663347744,0.0,,0.0,0.40688241868684616,0.0,13.110509884560193,True
lift_and_cruse,cruise_112,0.8835563905387728,0.0,1232.9929440650887,1251.3307179145604,552.7315243052233,0.8597180597131845,0.963250814565344,0.15868438245734354,0.0,-3.064876316737652e-13,-5.336658663347744,0.0,,0.0,0.40688241868680836,0.0,13.129053295723219,True
lift_and_cruse,cruise_112,0.8836117307578325,0.0,1232.9929440649673,1251.3307179139344,552.7315243048008,0.8597180597132142,0.9632508145653528,0.15868438245725688,0.0,-3.064876316736119e-13,-5.336658663347744,0.0,,0.0,0.4068824186867682,0.0,13.14576033188582,True
lift_and_cruse,cruise_112,0.8836500336834995,0.0,1232.9929440649125,1251.3307179136518,552.7315243042447,0.8597180597132277,0.9632508145653664,0.15868438245710198,0.0,-3.0648763167354266e-13,-5.336658663347744,0.0,,0.0,0.4068824186867502,0.0,13.15732195963764,True
lift_and_cruse,cruise_112,0.8836637050884759,0.0,1232.9929440648884,1251.3307179135277,552.7315243041566,0.8597180597132335,0.9632508145653683,0.15868438245710317,0.0,-3.0648763167351227e-13,-5.336658663347744,0.0,,0.0,0.4068824186867422,0.0,13.161448256808372,True
lift_and_cruse,cruise_113,0.883663332835984,0.0,1232.9924592832483,1251.330386432063,552.7313197644595,0.8597180044474108,0.9632508100566068,0.15868444851693952,0.0,-3.064875504839693e-13,-5.336658663347744,0.0,,0.0,0.4068822587108663,0.0,13.161448256808372,True
lift_and_cruse,cruise_113,0.883677004884943,0.0,1232.9924592838745,1251.3303864352922,552.731319765666,0.8597180044472574,0.9632508100565875,0.15868444851712696,0.0,-3.0648755048476024e-13,-5.336658663347744,0.0,,0.0,0.4068822587110729,0.0,13.165574553979104,True
lift_and_cruse,cruise_113,0.8837153166135522,0.0,1232.9924592838734,1251.3303864352854,552.731319765675,0.8597180044472578,0.9632508100565873,0.1586844485171228,0.0,-3.0648755048475857e-13,-5.336658663347744,0.0,,0.0,0.40688225871107253,0.0,13.177136181730924,True
lift_and_cruse,cruise_113,0.8837706877806744,0.0,1232.992459283656,1251.3303864341667,552.7313197652162,0.8597180044473111,0.9632508100565951,0.15868444851705565,0.0,-3.064875504844846e-13,-5.336658663347744,0.0,,0.0,0.40688225871100075,0.0,13.193843217893525,True
lift_and_cruse,cruise_113,0.8838321577578182,0.0,1232.9924592833659,1251.33038643267,552.7313197646874,0.8597180044473822,0.9632508100566032,0.15868444851696467,0.0,-3.0648755048411794e-13,-5.336658663347744,0.0,,0.0,0.40688225871090505,0.0,13.212386629056551,True
lift_and_cruse,cruise_113,0.8838875516649335,0.0,1232.9924592838706,1251.330386435272,552.7313197657268,0.8597180044472585,0.9632508100565859,0.1586844485171402,0.0,-3.064875504847553e-13,-5.336658663347744,0.0,,0.0,0.4068822587110717,0.0,13.229093665219153,True
lift_and_cruse,cruise_113,0.8839258917486511,0.0,1232.9924592834861,1251.3303864332902,552.7313197649427,0.8597180044473525,0.9632508100565988,0.15868444851700367,0.0,-3.0648755048426986e-13,-5.336658663347744,0.0,,0.0,0.40688225871094474,0.0,13.240655292970972,True
lift_and_cruse,cruise_113,0.8839395764165165,0.0,1232.992459283618,1251.3303864339694,552.7313197650856,0.8597180044473205,0.9632508100565979,0.15868444851703545,0.0,-3.064875504844362e-13,-5.336658663347744,0.0,,0.0,0.4068822587109882,0.0,13.244781590141706,True
lift_and_cruse,cruise_114,0.8839391815969102,0.0,1232.9919500013073,1251.3299369497004,552.7310694462836,0.8597179545129694,0.9632508062651575,0.15868450774052584,0.0,-3.06487440392542e-13,-5.336658663347744,0.0,,0.0,0.40688209064999536,0.0,13.244781590141706,True
lift_and_cruse,cruise_114,0.883952887152463,0.0,1232.9919717769837,1251.3300492338483,552.7311127012862,0.8597179491801389,0.9632508055591418,0.1586845145536727,0.0,-3.064874678942264e-13,-5.336658663347744,0.0,,0.0,0.40688209783587587,0.0,13.248907887312438,True
lift_and_cruse,cruise_114,0.8839912360348734,0.0,1232.9919717640662,1251.3300491671166,552.7311126761169,0.8597179491833125,0.9632508055595475,0.15868451454977664,0.0,-3.0648746787788187e-13,-5.336658663347744,0.0,,0.0,0.4068820978316131,0.0,13.260469515064257,True
lift_and_cruse,cruise_114,0.8840466608999566,0.0,1232.9919717465668,1251.330049076714,552.7311126418005,0.8597179491876114,0.9632508055601031,0.15868451454442822,0.0,-3.0648746785573965e-13,-5.336658663347744,0.0,,0.0,0.40688209782583834,0.0,13.277176551226859,True
lift_and_cruse,cruise_114,0.8841081904871937,0.0,1232.9919717259381,1251.3300489701628,552.7311126015092,0.859717949192678,0.9632508055607536,0.15868451453816293,0.0,-3.064874678296421e-13,-5.336658663347744,0.0,,0.0,0.406882097819031,0.0,13.295719962389885,True
lift_and_cruse,cruise_114,0.8841636381107693,0.0,1232.9919717078628,1251.330048876777,552.7311125660407,0.8597179491971191,0.963250805561328,0.1586845145326405,0.0,-3.064874678067692e-13,-5.336658663347744,0.0,,0.0,0.4068820978130663,0.0,13.312426998552487,True
lift_and_cruse,cruise_114,0.884202015373346,0.0,1232.9919716950976,1251.3300488108252,552.7311125410448,0.8597179492002557,0.9632508055617323,0.1586845145287457,0.0,-3.064874677906157e-13,-5.336658663347744,0.0,,0.0,0.40688209780885376,0.0,13.323988626304306,True
lift_and_cruse,cruise_114,0.8842157133104613,0.0,1232.9919716899333,1251.330048784156,552.7311125310039,0.8597179492015238,0.9632508055618938,0.158684514527186,0.0,-3.0648746778408356e-13,-5.336658663347744,0.0,,0.0,0.4068820978071495,0.0,13.328114923475038,True
lift_and_cruse,cruise_115,0.884215304075256,0.0,1232.9914466796538,1251.3295265982997,552.7308339124522,0.8597179024449663,0.9632508022019217,0.158684569674468,0.0,-3.064873398854361e-13,-5.336658663347744,0.0,,0.0,0.406881924555994,0.0,13.328114923475038,True
lift_and_cruse,cruise_115,0.8842290356775473,0.0,1232.9914821881682,1251.3297096934832,552.7309044384907,0.8597178937490534,0.9632508010508639,0.15868458078211417,0.0,-3.064873847308222e-13,-5.336658663347744,0.0,,0.0,0.4068819362736525,0.0,13.33224122064577,True
lift_and_cruse,cruise_115,0.8842674217487484,0.0,1232.9914821654788,1251.3297095761782,552.7309043940936,0.859717893754635,0.9632508010515815,0.15868458077521502,0.0,-3.0648738470209076e-13,-5.336658663347744,0.0,,0.0,0.4068819362661651,0.0,13.34380284839759,True
lift_and_cruse,cruise_115,0.8843229003599702,0.0,1232.991482132623,1251.3297094062982,552.7309043296513,0.8597178937627186,0.9632508010526248,0.1586845807651656,0.0,-3.0648738466048217e-13,-5.336658663347744,0.0,,0.0,0.4068819362553228,0.0,13.360509884560193,True
lift_and_cruse,cruise_115,0.8843844896118023,0.0,1232.9914820948698,1251.3297092110909,552.730904255715,0.8597178937720074,0.9632508010538208,0.15868458075365047,0.0,-3.0648738461267013e-13,-5.336658663347744,0.0,,0.0,0.4068819362428644,0.0,13.379053295723219,True
lift_and_cruse,cruise_115,0.8844399910009877,0.0,1232.9914820611998,1251.3297090370029,552.7309041897895,0.8597178937802908,0.9632508010548869,0.1586845807434018,0.0,-3.064873845700309e-13,-5.336658663347744,0.0,,0.0,0.40688193623175345,0.0,13.39576033188582,True
lift_and_cruse,cruise_115,0.8844784054765876,0.0,1232.9914820383112,1251.3297089186635,552.7309041449064,0.8597178937859219,0.9632508010556133,0.1586845807363976,0.0,-3.064873845410461e-13,-5.336658663347744,0.0,,0.0,0.4068819362242003,0.0,13.40732195963764,True
lift_and_cruse,cruise_115,0.8844921166963752,0.0,1232.9914820299543,1251.3297088754432,552.730904128675,0.8597178937879786,0.9632508010558745,0.15868458073389277,0.0,-3.0648738453046017e-13,-5.336658663347744,0.0,,0.0,0.4068819362214426,0.0,13.411448256808372,True
lift_and_cruse,cruise_116,0.8844917417490664,0.0,1232.9909936658564,1251.3293841124957,552.7307012683,0.8597178373778396,0.9632507964286874,0.15868464819813743,0.0,-3.0648730498647934e-13,-5.336658663347744,0.0,,0.0,0.4068817750633708,0.0,13.411448256808372,True
lift_and_cruse,cruise_116,0.8845054535519489,0.0,1232.990993591066,1251.3293837268445,552.7307011194517,0.8597178373961561,0.9632507964311199,0.1586846481746584,0.0,-3.0648730489202207e-13,-5.336658663347744,0.0,,0.0,0.4068817750386903,0.0,13.415574553979104,True
lift_and_cruse,cruise_116,0.8845438768734528,0.0,1232.9909935902822,1251.3293837228023,552.7307011180569,0.8597178373963479,0.963250796431141,0.15868464817444586,0.0,-3.0648730489103197e-13,-5.336658663347744,0.0,,0.0,0.40688177503843165,0.0,13.427136181730924,True
lift_and_cruse,cruise_116,0.8845994093209123,0.0,1232.990993589189,1251.3293837171664,552.7307011159479,0.8597178373966154,0.9632507964311747,0.1586846481741197,0.0,-3.064873048896516e-13,-5.336658663347744,0.0,,0.0,0.406881775038071,0.0,13.443843217893525,True
lift_and_cruse,cruise_116,0.8846610583385387,0.0,1232.9909935879434,1251.3293837107437,552.7307011135288,0.8597178373969206,0.9632507964312136,0.15868464817375966,0.0,-3.0648730488807847e-13,-5.336658663347744,0.0,,0.0,0.40688177503765993,0.0,13.462386629056551,True
lift_and_cruse,cruise_116,0.884716613584376,0.0,1232.990993586796,1251.3293837048282,552.7307011113954,0.8597178373972013,0.9632507964312471,0.15868464817343428,0.0,-3.064873048866296e-13,-5.336658663347744,0.0,,0.0,0.4068817750372813,0.0,13.479093665219153,True
lift_and_cruse,cruise_116,0.8847550653350631,0.0,1232.99099358603,1251.3293837008764,552.7307011099762,0.8597178373973889,0.963250796431269,0.1586846481732138,0.0,-3.064873048856617e-13,-5.336658663347744,0.0,,0.0,0.4068817750370285,0.0,13.490655292970972,True
lift_and_cruse,cruise_116,0.8847687898594236,0.0,1232.990993585772,1251.3293836995463,552.7307011094474,0.8597178373974522,0.9632507964312779,0.15868464817313246,0.0,-3.064873048853359e-13,-5.336658663347744,0.0,,0.0,0.40688177503694334,0.0,13.494781590141706,True
lift_and_cruse,cruise_117,0.8847684125764238,0.0,1232.9905024750276,1251.3290532981339,552.7304957733269,0.8597177809758597,0.9632507918136616,0.15868471563365724,0.0,-3.064872239603295e-13,-5.336658663347744,0.0,,0.0,0.40688161297248987,0.0,13.494781590141706,True
lift_and_cruse,cruise_117,0.8847821407578962,0.0,1232.9905057129097,1251.32906999405,552.7305022115543,0.859717780182897,0.9632507917085081,0.15868471664859304,0.0,-3.0648722804964953e-13,-5.336658663347744,0.0,,0.0,0.40688161404097717,0.0,13.498907887312438,True
lift_and_cruse,cruise_117,0.8848206014001572,0.0,1232.9905057745134,1251.3290703117043,552.7305023320879,0.8597177801678103,0.9632507917065598,0.15868471666735884,0.0,-3.064872281274524e-13,-5.336658663347744,0.0,,0.0,0.40688161406130624,0.0,13.510469515064257,True
lift_and_cruse,cruise_117,0.8848761877756433,0.0,1232.990505852862,1251.329070715704,552.730502485385,0.8597177801486224,0.9632507917040818,0.15868471669119713,0.0,-3.0648722822640375e-13,-5.336658663347744,0.0,,0.0,0.40688161408716095,0.0,13.527176551226859,True
lift_and_cruse,cruise_117,0.8849378966686521,0.0,1232.9905059492892,1251.3290712129244,552.7305026740838,0.8597177801250074,0.9632507917010312,0.1586847167205513,0.0,-3.0648722834818766e-13,-5.336658663347744,0.0,,0.0,0.40688161411898144,0.0,13.545719962389885,True
lift_and_cruse,cruise_117,0.8849935058704705,0.0,1232.9905060364185,1251.329071662201,552.7305028444694,0.8597177801036691,0.9632507916982781,0.15868471674703305,0.0,-3.064872284582287e-13,-5.336658663347744,0.0,,0.0,0.40688161414773377,0.0,13.562426998552487,True
lift_and_cruse,cruise_117,0.8850319949628445,0.0,1232.9905060940623,1251.3290719594388,552.7305029572503,0.8597177800895518,0.9632507916964551,0.158684716764578,0.0,-3.0648722853103093e-13,-5.336658663347744,0.0,,0.0,0.40688161416675594,0.0,13.573988626304306,True
lift_and_cruse,cruise_117,0.8850457328216238,0.0,1232.9905061213583,1251.3290721001883,552.730503010646,0.8597177800828673,0.963250791695592,0.15868471677287618,0.0,-3.0648722856550463e-13,-5.336658663347744,0.0,,0.0,0.4068816141757635,0.0,13.578114923475038,True
lift_and_cruse,cruise_118,0.8850453484247449,0.0,1232.990007127355,1251.3287096416645,552.7302850191776,0.8597177249023352,0.9632507872534544,0.15868478262933103,0.0,-3.0648713978877044e-13,-5.336658663347744,0.0,,0.0,0.40688144950986826,0.0,13.578114923475038,True
lift_and_cruse,cruise_118,0.8850590869025611,0.0,1232.9900071278373,1251.328709644248,552.7302850196304,0.8597177249022092,0.9632507872534523,0.15868478262934474,0.0,-3.064871397894032e-13,-5.336658663347744,0.0,,0.0,0.40688144951002747,0.0,13.58224122064577,True
lift_and_cruse,cruise_118,0.8850975847819609,0.0,1232.9900071274403,1251.32870964202,552.7302850193204,0.8597177249023215,0.9632507872534523,0.1586847826293641,0.0,-3.064871397888575e-13,-5.336658663347744,0.0,,0.0,0.4068814495098964,0.0,13.59380284839759,True
lift_and_cruse,cruise_118,0.8851532249812567,0.0,1232.9900071271618,1251.3287096403474,552.7302850194662,0.8597177249024078,0.9632507872534427,0.1586847826294482,0.0,-3.0648713978844783e-13,-5.336658663347744,0.0,,0.0,0.4068814495098045,0.0,13.610509884560193,True
lift_and_cruse,cruise_118,0.8852149928865051,0.0,1232.9900063389216,1251.3287055750782,552.7302834535149,0.8597177250955107,0.9632507872790044,0.1586847823827891,0.0,-3.0648713879274406e-13,-5.336658663347744,0.0,,0.0,0.4068814492496886,0.0,13.629053295723219,True
lift_and_cruse,cruise_118,0.8852706337474159,0.0,1232.9899825049667,1251.3285826699703,552.730236086851,0.8597177309330544,0.9632507880523704,0.15868477491897418,0.0,-3.0648710868967464e-13,-5.336658663347744,0.0,,0.0,0.4068814413845851,0.0,13.64576033188582,True
lift_and_cruse,cruise_118,0.8853091895388704,0.0,1232.990014148415,1251.3287458353843,552.7302989700196,0.8597177231836568,0.963250787025702,0.15868478482730103,0.0,-3.0648714865367506e-13,-5.336658663347744,0.0,,0.0,0.40688145182678814,0.0,13.65732195963764,True
lift_and_cruse,cruise_118,0.8853229393269495,0.0,1232.9900126779578,1251.3287382681435,552.7302960517474,0.8597177235425656,0.9632507870733075,0.1586847843679995,0.0,-3.0648714680023563e-13,-5.336658663347744,0.0,,0.0,0.4068814513415436,0.0,13.661448256808372,True
lift_and_cruse,cruise_119,0.885322552603865,0.0,1232.9895109483386,1251.3283703573695,552.7300756460888,0.8597176683375013,0.9632507826393255,0.15868485023553836,0.0,-3.0648705668808524e-13,-5.336658663347744,0.0,,0.0,0.4068812857729067,0.0,13.661448256808372,True
lift_and_cruse,cruise_119,0.8853363044040293,0.0,1232.989510947959,1251.3283703552188,552.7300756455966,0.85971766833761,0.963250782639331,0.15868485023550202,0.0,-3.064870566875585e-13,-5.336658663347744,0.0,,0.0,0.4068812857727815,0.0,13.665574553979104,True
lift_and_cruse,cruise_119,0.8853748396071882,0.0,1232.989510948058,1251.3283703557759,552.7300756456603,0.859717668337582,0.9632507826393313,0.15868485023549067,0.0,-3.064870566876949e-13,-5.336658663347744,0.0,,0.0,0.4068812857728141,0.0,13.677136181730924,True
lift_and_cruse,cruise_119,0.8854305337544823,0.0,1232.9895109480324,1251.328370355627,552.7300756457029,0.8597176683375897,0.9632507826393297,0.15868485023550205,0.0,-3.0648705668765847e-13,-5.336658663347744,0.0,,0.0,0.40688128577280563,0.0,13.693843217893525,True
lift_and_cruse,cruise_119,0.8854923622699946,0.0,1232.9895109416213,1251.3283703225682,552.7300756330059,0.8597176683391594,0.9632507826395365,0.15868485023351805,0.0,-3.064870566795614e-13,-5.336658663347744,0.0,,0.0,0.40688128577069005,0.0,13.712386629056551,True
lift_and_cruse,cruise_119,0.8855480762007301,0.0,1232.9895076378273,1251.328353282398,552.7300690678812,0.8597176691486187,0.9632507827467194,0.15868484919910483,0.0,-3.064870525059234e-13,-5.336658663347744,0.0,,0.0,0.4068812846804521,0.0,13.729093665219153,True
lift_and_cruse,cruise_119,0.8855866156871859,0.0,1232.989481608919,1251.3282190678174,552.7300173429855,0.8597176755230247,0.9632507835912025,0.15868484104907146,0.0,-3.064870196328321e-13,-5.336658663347744,0.0,,0.0,0.4068812760910232,0.0,13.740655292970972,True
lift_and_cruse,cruise_119,0.8856003993265067,0.0,1232.9895021988773,1251.3283252343722,552.730058258585,0.8597176704808275,0.9632507829232066,0.15868484749581616,0.0,-3.064870456361384e-13,-5.336658663347744,0.0,,0.0,0.4068812828856217,0.0,13.744781590141706,True
lift_and_cruse,cruise_120,0.8856000243164783,0.0,1232.989012817914,1251.3280297373929,552.7298654492894,0.8597176115502326,0.9632507780070538,0.15868491810761892,0.0,-3.0648697326025243e-13,-5.336658663347744,0.0,,0.0,0.40688112139198873,0.0,13.744781590141706,True
lift_and_cruse,cruise_120,0.8856137894477741,0.0,1232.989012818004,1251.3280297378583,552.7298654493624,0.8597176115502108,0.9632507780070537,0.15868491810761584,0.0,-3.0648697326036643e-13,-5.336658663347744,0.0,,0.0,0.4068811213920185,0.0,13.748907887312438,True
lift_and_cruse,cruise_120,0.885652362009842,0.0,1232.9890128179165,1251.3280297374065,552.7298654491314,0.8597176115502322,0.963250778007058,0.1586849181075765,0.0,-3.0648697326025576e-13,-5.336658663347744,0.0,,0.0,0.40688112139198956,0.0,13.760469515064257,True
lift_and_cruse,cruise_120,0.8857081101479204,0.0,1232.9890128180011,1251.3280297378433,552.7298654494354,0.8597176115502116,0.9632507780070517,0.1586849181076333,0.0,-3.0648697326036274e-13,-5.336658663347744,0.0,,0.0,0.40688112139201743,0.0,13.777176551226859,True
lift_and_cruse,cruise_120,0.8857699985875314,0.0,1232.9890127963226,1251.3280296260584,552.7298654063876,0.8597176115555204,0.9632507780077543,0.1586849181008455,0.0,-3.0648697323298334e-13,-5.336658663347744,0.0,,0.0,0.40688112138486365,0.0,13.795719962389885,True
lift_and_cruse,cruise_120,0.8858257696229468,0.0,1232.9890128181073,1251.3280297383903,552.7298654495416,0.8597176115501853,0.9632507780070512,0.1586849181076476,0.0,-3.0648697326049674e-13,-5.336658663347744,0.0,,0.0,0.40688112139205257,0.0,13.812426998552487,True
lift_and_cruse,cruise_120,0.8858643707122877,0.0,1232.9890128179277,1251.3280297374638,552.7298654491588,0.8597176115502295,0.9632507780070576,0.15868491810758548,0.0,-3.064869732602698e-13,-5.336658663347744,0.0,,0.0,0.4068811213919932,0.0,13.823988626304306,True
lift_and_cruse,cruise_120,0.8858781485393763,0.0,1232.9890128179259,1251.3280297374545,552.7298654492894,0.8597176115502301,0.963250778007054,0.15868491810760843,0.0,-3.0648697326026753e-13,-5.336658663347744,0.0,,0.0,0.4068811213919927,0.0,13.828114923475038,True
lift_and_cruse,cruise_121,0.8858777637835175,0.0,1232.9885127215919,1251.3276877756762,552.7296544238711,0.859717554538568,0.9632507733564721,0.1586849862478813,0.0,-3.064868895037881e-13,-5.336658663347744,0.0,,0.0,0.406880956362333,0.0,13.828114923475038,True
lift_and_cruse,cruise_121,0.8858915422562789,0.0,1232.98851271978,1251.3276877663334,552.7296544182703,0.8597175545390118,0.9632507733565843,0.15868498624673716,0.0,-3.0648688950149977e-13,-5.336658663347744,0.0,,0.0,0.406880956361735,0.0,13.83224122064577,True
lift_and_cruse,cruise_121,0.8859301522083946,0.0,1232.9885127197558,1251.3276877662088,552.729654418714,0.8597175545390177,0.9632507733565719,0.1586849862468828,0.0,-3.064868895014692e-13,-5.336658663347744,0.0,,0.0,0.40688095636172705,0.0,13.84380284839759,True
lift_and_cruse,cruise_121,0.8859859543843401,0.0,1232.988512719734,1251.3276877660974,552.7296544190605,0.8597175545390229,0.9632507733565623,0.15868498624697652,0.0,-3.0648688950144196e-13,-5.336658663347744,0.0,,0.0,0.4068809563617199,0.0,13.860509884560193,True
lift_and_cruse,cruise_121,0.8860479028326403,0.0,1232.9885127196903,1251.3276877658725,552.7296544199205,0.8597175545390339,0.9632507733565385,0.1586849862472364,0.0,-3.064868895013869e-13,-5.336658663347744,0.0,,0.0,0.40688095636170546,0.0,13.879053295723219,True
lift_and_cruse,cruise_121,0.8861037279054186,0.0,1232.988512719662,1251.3276877657247,552.729654420434,0.8597175545390408,0.9632507733565241,0.15868498624739583,0.0,-3.064868895013507e-13,-5.336658663347744,0.0,,0.0,0.40688095636169613,0.0,13.89576033188582,True
lift_and_cruse,cruise_121,0.8861423664094217,0.0,1232.9885127196378,1251.3276877656026,552.7296544208352,0.8597175545390466,0.963250773356513,0.15868498624750071,0.0,-3.064868895013208e-13,-5.336658663347744,0.0,,0.0,0.4068809563616881,0.0,13.90732195963764,True
lift_and_cruse,cruise_121,0.8861561575906641,0.0,1232.9885127196314,1251.3276877655683,552.7296544209871,0.8597175545390482,0.9632507733565088,0.1586849862475432,0.0,-3.0648688950131236e-13,-5.336658663347744,0.0,,0.0,0.4068809563616861,0.0,13.911448256808372,True
lift_and_cruse,cruise_122,0.9227754306976524,0.0,1280.1438464990283,1288.500659930427,574.2389149672539,0.8644046002358206,0.9636316538582497,0.1529382824023637,0.0,-3.1559164177660996e-13,-5.336658663347744,0.0,,0.0,0.4224420156155108,0.0,13.911448256808372,True
lift_and_cruse,cruise_122,0.9227906904638613,0.0,1280.1438429055625,1288.500640703748,574.2389081149876,0.8644046010626014,0.963631653967799,0.15293828143600863,0.0,-3.155916370674318e-13,-5.336658663347744,0.0,,0.0,0.4224420144296825,0.0,13.915574553979104,True
lift_and_cruse,cruise_122,0.9228334610526268,0.0,1280.1438428694248,1288.5006405104068,574.2389078815485,0.8644046010709148,0.9636316539732402,0.15293828138246865,0.0,-3.155916370200768e-13,-5.336658663347744,0.0,,0.0,0.42244201441775714,0.0,13.927136181730924,True
lift_and_cruse,cruise_122,0.9228952769534664,0.0,1280.1438428139486,1288.5006402136034,574.2389075264057,0.8644046010836774,0.9636316539815081,0.15293828130112974,0.0,-3.1559163694738096e-13,-5.336658663347744,0.0,,0.0,0.4224420143994502,0.0,13.943843217893525,True
lift_and_cruse,cruise_122,0.9229639021027979,0.0,1280.1438427371434,1288.5006398026899,574.2389070533582,0.8644046011013466,0.9636316539924635,0.15293828119349562,0.0,-3.155916368467362e-13,-5.336658663347744,0.0,,0.0,0.4224420143741049,0.0,13.962386629056551,True
lift_and_cruse,cruise_122,0.923025744475996,0.0,1280.1438426813575,1288.5006395042333,574.2389067056853,0.8644046011141804,0.9636316540005284,0.15293828111421662,0.0,-3.1559163677363536e-13,-5.336658663347744,0.0,,0.0,0.4224420143556957,0.0,13.979093665219153,True
lift_and_cruse,cruise_122,0.9230685480690547,0.0,1280.1438426383286,1288.500639274025,574.2389064435122,0.8644046011240788,0.963631654006591,0.15293828105466634,0.0,-3.155916367172506e-13,-5.336658663347744,0.0,,0.0,0.4224420143414964,0.0,13.990655292970972,True
lift_and_cruse,cruise_122,0.9230838259593059,0.0,1280.1438426328968,1288.5006392449607,574.238906390141,0.8644046011253287,0.9636316540078911,0.15293828104175752,0.0,-3.1559163671013194e-13,-5.336658663347744,0.0,,0.0,0.4224420143397039,0.0,13.994781590141706,True
lift_and_cruse,cruise_123,0.8766913428519034,0.0,1220.2654443372123,1243.0661746658645,547.5407118007885,0.8581959640388644,0.9631264833673459,0.16049034999077583,0.0,-3.0446340238657913e-13,-5.336658663347744,0.0,,0.0,0.4026823979989035,0.0,13.994781590141706,True
lift_and_cruse,cruise_123,0.8767047739081868,0.0,1220.2654407101656,1243.0661562416701,547.5407047402978,0.8581959649307029,0.9631264834810586,0.16049034887534389,0.0,-3.04463397873953e-13,-5.336658663347744,0.0,,0.0,0.4026823968019935,0.0,13.998907887312438,True
lift_and_cruse,cruise_123,0.8767424197465863,0.0,1220.265440805823,1243.066156727577,547.5407049264254,0.8581959649071816,0.9631264834780618,0.16049034890473593,0.0,-3.0446339799296584e-13,-5.336658663347744,0.0,,0.0,0.40268239683356,0.0,14.010469515064257,True
lift_and_cruse,cruise_123,0.8767968281720618,0.0,1220.2654407101713,1243.066156241699,547.5407047403372,0.858195964930701,0.9631264834810577,0.16049034887534885,0.0,-3.0446339787396007e-13,-5.336658663347744,0.0,,0.0,0.4026823968019954,0.0,14.027176551226859,True
lift_and_cruse,cruise_123,0.8768572294869549,0.0,1220.2654409262243,1243.0661573391762,547.5407051607186,0.858195964877577,0.9631264834742893,0.16049034894174638,0.0,-3.0446339814276444e-13,-5.336658663347744,0.0,,0.0,0.402682396873292,0.0,14.045719962389885,True
lift_and_cruse,cruise_123,0.876911660069022,0.0,1220.265440974302,1243.0661575833933,547.5407052543417,0.8581959648657556,0.9631264834727811,0.16049034895652328,0.0,-3.044633982025804e-13,-5.336658663347744,0.0,,0.0,0.4026823968891574,0.0,14.062426998552487,True
lift_and_cruse,cruise_123,0.8769493333412016,0.0,1220.2654410378404,1243.0661579061493,547.5407053780053,0.8581959648501324,0.9631264834707897,0.16049034897606682,0.0,-3.0446339828163284e-13,-5.336658663347744,0.0,,0.0,0.40268239691012486,0.0,14.073988626304306,True
lift_and_cruse,cruise_123,0.8769627800993202,0.0,1220.2654411819994,1243.0661586384294,547.5407056585433,0.8581959648146859,0.9631264834662724,0.16049034902037856,0.0,-3.044633984609897e-13,-5.336658663347744,0.0,,0.0,0.40268239695769664,0.0,14.078114923475038,True
lift_and_cruse,cruise_124,0.8769586784779984,0.0,1220.2600845141508,1243.0628566762225,547.5385777613792,0.8581952975659167,0.9631264291166683,0.16049113434057383,0.0,-3.044625897135002e-13,-5.336658663347744,0.0,,0.0,0.4026806292801273,0.0,14.078114923475038,True
lift_and_cruse,cruise_124,0.8769721259296943,0.0,1220.260084886491,1243.0628585675781,547.5385784867838,0.858195297474363,0.9631264291049789,0.16049113445525254,0.0,-3.044625901767487e-13,-5.336658663347744,0.0,,0.0,0.4026806294029981,0.0,14.08224122064577,True
lift_and_cruse,cruise_124,0.8770098079641897,0.0,1220.2600856250656,1243.0628623192747,547.5385799242578,0.8581952972927571,0.9631264290818304,0.16049113468232296,0.0,-3.0446259109564934e-13,-5.336658663347744,0.0,,0.0,0.4026806296467245,0.0,14.09380284839759,True
lift_and_cruse,cruise_124,0.8770642675278137,0.0,1220.2600851858747,1243.0628600883408,547.5385790694638,0.8581952974007486,0.9631264290955958,0.16049113454730632,0.0,-3.0446259054922813e-13,-5.336658663347744,0.0,,0.0,0.40268062950179334,0.0,14.110509884560193,True
lift_and_cruse,cruise_124,0.8771247259692309,0.0,1220.2600854073855,1243.062861213537,547.5385795006338,0.8581952973462822,0.9631264290886518,0.16049113461541406,0.0,-3.044625908248217e-13,-5.336658663347744,0.0,,0.0,0.402680629574891,0.0,14.129053295723219,True
lift_and_cruse,cruise_124,0.877179208306913,0.0,1220.260085760396,1243.0628630067042,547.5385801876738,0.8581952972594816,0.9631264290775882,0.1604911347239328,0.0,-3.0446259126402103e-13,-5.336658663347744,0.0,,0.0,0.4026806296913829,0.0,14.14576033188582,True
lift_and_cruse,cruise_124,0.877216917409041,0.0,1220.2600860442762,1243.062864448716,547.5385807401885,0.8581952971896789,0.9631264290686906,0.16049113481121022,0.0,-3.0446259161721206e-13,-5.336658663347744,0.0,,0.0,0.40268062978506225,0.0,14.15732195963764,True
lift_and_cruse,cruise_124,0.8772303767346208,0.0,1220.2600860274338,1243.0628643631628,547.5385807073519,0.8581952971938207,0.96312642906922,0.1604911348060201,0.0,-3.0446259159625754e-13,-5.336658663347744,0.0,,0.0,0.4026806297795043,0.0,14.161448256808372,True
lift_and_cruse,cruise_125,0.8772262573470136,0.0,1220.2547076794356,1243.0595439432745,547.5364424205254,0.8581946276572731,0.963126374546816,0.16049192279132496,0.0,-3.0446177832793997e-13,-5.336658663347744,0.0,,0.0,0.402678854947578,0.0,14.161448256808372,True
lift_and_cruse,cruise_125,0.8772397185751158,0.0,1220.2547092007057,1243.0595516707485,547.5364453840425,0.8581946272832103,0.9631263744990638,0.16049192325982797,0.0,-3.0446178022062524e-13,-5.336658663347744,0.0,,0.0,0.40267885544959064,0.0,14.165574553979104,True
lift_and_cruse,cruise_125,0.8772774361069349,0.0,1220.2547097933452,1243.0595546811319,547.5364465375507,0.8581946271374874,0.9631263744804874,0.160491923442038,0.0,-3.044617809579565e-13,-5.336658663347744,0.0,,0.0,0.40267885564515915,0.0,14.177136181730924,True
lift_and_cruse,cruise_125,0.877331948601083,0.0,1220.2547109066768,1243.0595603364343,547.5364487044498,0.858194626863732,0.963126374445592,0.16049192378433982,0.0,-3.0446178234310607e-13,-5.336658663347744,0.0,,0.0,0.4026788560125538,0.0,14.193843217893525,True
lift_and_cruse,cruise_125,0.8773924632827336,0.0,1220.2547101222863,1243.0595563520278,547.5364471777837,0.8581946270566043,0.9631263744701771,0.16049192354318326,0.0,-3.0446178136720793e-13,-5.336658663347744,0.0,,0.0,0.40267885575370826,0.0,14.212386629056551,True
lift_and_cruse,cruise_125,0.8774469979908035,0.0,1220.254711400157,1243.0595628431254,547.5364496650288,0.8581946267423916,0.9631263744301218,0.1604919239360935,0.0,-3.044617829570683e-13,-5.336658663347744,0.0,,0.0,0.4026788561754002,0.0,14.229093665219153,True
lift_and_cruse,cruise_125,0.8774847417357051,0.0,1220.2547105863182,1243.0595587091354,547.5364480811166,0.8581946269425046,0.9631263744556281,0.16049192368588674,0.0,-3.0446178194453285e-13,-5.336658663347744,0.0,,0.0,0.4026788559068369,0.0,14.240655292970972,True
lift_and_cruse,cruise_125,0.877498213859389,0.0,1220.254710647099,1243.0595590178775,547.5364481993528,0.8581946269275595,0.9631263744537247,0.16049192370457033,0.0,-3.0446178202015283e-13,-5.336658663347744,0.0,,0.0,0.40267885592689423,0.0,14.244781590141706,True
lift_and_cruse,cruise_126,0.8774940761223239,0.0,1220.249309967771,1243.0562175423543,547.5342985060842,0.8581939552043292,0.9631263197722132,0.16049271422834413,0.0,-3.04460963594692e-13,-5.336658663347744,0.0,,0.0,0.4026770737257243,0.0,14.244781590141706,True
lift_and_cruse,cruise_126,0.8775075486724921,0.0,1220.2493099677893,1243.0562175424457,547.5342985061268,0.8581939552043251,0.9631263197722124,0.16049271422835373,0.0,-3.044609635947144e-13,-5.336658663347744,0.0,,0.0,0.40267707372573025,0.0,14.248907887312438,True
lift_and_cruse,cruise_126,0.8775453013181437,0.0,1220.2493099677913,1243.056217542457,547.5342985062149,0.858193955204324,0.9631263197722102,0.16049271422836872,0.0,-3.044609635947172e-13,-5.336658663347744,0.0,,0.0,0.4026770737257309,0.0,14.260469515064257,True
lift_and_cruse,cruise_126,0.8775998643232539,0.0,1220.249309967795,1243.0562175424761,547.5342985061906,0.8581939552043235,0.963126319772211,0.16049271422835634,0.0,-3.044609635947219e-13,-5.336658663347744,0.0,,0.0,0.4026770737257322,0.0,14.277176551226859,True
lift_and_cruse,cruise_126,0.8776604369429644,0.0,1220.2493099678034,1243.0562175425182,547.5342985062209,0.8581939552043214,0.9631263197722103,0.16049271422837671,0.0,-3.044609635947322e-13,-5.336658663347744,0.0,,0.0,0.40267707372573497,0.0,14.295719962389885,True
lift_and_cruse,cruise_126,0.8777150220290754,0.0,1220.24930996781,1243.0562175425534,547.5342985061845,0.8581939552043198,0.9631263197722114,0.16049271422835962,0.0,-3.044609635947408e-13,-5.336658663347744,0.0,,0.0,0.40267707372573713,0.0,14.312426998552487,True
lift_and_cruse,cruise_126,0.8777528022092768,0.0,1220.2493099678102,1243.0562175425528,547.5342985061845,0.8581939552043197,0.9631263197722114,0.16049271422835,0.0,-3.044609635947406e-13,-5.336658663347744,0.0,,0.0,0.40267707372573713,0.0,14.323988626304306,True
lift_and_cruse,cruise_126,0.8777662870134612,0.0,1220.2493099678136,1243.0562175425707,547.5342985061876,0.8581939552043188,0.9631263197722113,0.16049271422836103,0.0,-3.0446096359474506e-13,-5.336658663347744,0.0,,0.0,0.4026770737257383,0.0,14.328114923475038,True
lift_and_cruse,cruise_127,0.8777621352514916,0.0,1220.2438916223068,1243.0528794265872,547.5321467343367,0.8581932800875846,0.9631262647787245,0.16049350879767282,0.0,-3.0446014599213417e-13,-5.336658663347744,0.0,,0.0,0.40267528569480454,0.0,14.328114923475038,True
lift_and_cruse,cruise_127,0.877775620604672,0.0,1220.2438916942262,1243.0528797919117,547.5321468731591,0.8581932800698997,0.9631262647765013,0.16049350881943586,0.0,-3.0446014608161286e-13,-5.336658663347744,0.0,,0.0,0.4026752857185376,0.0,14.33224122064577,True
lift_and_cruse,cruise_127,0.8778134089450973,0.0,1220.2438916991628,1243.0528798169855,547.5321468826986,0.8581932800686861,0.9631262647763484,0.16049350882094998,0.0,-3.0446014608775416e-13,-5.336658663347744,0.0,,0.0,0.4026752857201667,0.0,14.34380284839759,True
lift_and_cruse,cruise_127,0.8778680235384207,0.0,1220.2438917064403,1243.0528798539528,547.5321468967936,0.8581932800668967,0.9631262647761222,0.1604935088231666,0.0,-3.0446014609680856e-13,-5.336658663347744,0.0,,0.0,0.4026752857225683,0.0,14.360509884560193,True
lift_and_cruse,cruise_127,0.8779286534281292,0.0,1220.2438917154293,1243.0528798996131,547.532146914353,0.8581932800646863,0.9631262647758387,0.16049350882593605,0.0,-3.044601461079921e-13,-5.336658663347744,0.0,,0.0,0.4026752857255346,0.0,14.379053295723219,True
lift_and_cruse,cruise_127,0.877983290122353,0.0,1220.2438917236548,1243.052879941395,547.5321469302653,0.8581932800626634,0.9631262647755835,0.16049350882844177,0.0,-3.0446014611822575e-13,-5.336658663347744,0.0,,0.0,0.40267528572824896,0.0,14.39576033188582,True
lift_and_cruse,cruise_127,0.8780211060218089,0.0,1220.243891729395,1243.052879970554,547.5321469415067,0.8581932800612523,0.9631262647754018,0.16049350883022673,0.0,-3.044601461253676e-13,-5.336658663347744,0.0,,0.0,0.4026752857301432,0.0,14.40732195963764,True
lift_and_cruse,cruise_127,0.878034603575884,0.0,1220.2438917323032,1243.0528799853246,547.5321469471896,0.8581932800605373,0.96312626477531,0.16049350883111826,0.0,-3.0446014612898536e-13,-5.336658663347744,0.0,,0.0,0.4026752857311029,0.0,14.411448256808372,True
lift_and_cruse,cruise_128,0.8780304346423119,0.0,1220.2384522914201,1243.0495285363263,547.5299866727001,0.8581926023330818,0.963126209570622,0.1604943064651085,0.0,-3.044593252607277e-13,-5.336658663347744,0.0,,0.0,0.4026734907387849,0.0,14.411448256808372,True
lift_and_cruse,cruise_128,0.8780439048960802,0.0,1220.2384526328492,1243.049530270635,547.529987335738,0.8581926022491266,0.9631262095599605,0.16049430656966027,0.0,-3.044593256855108e-13,-5.336658663347744,0.0,,0.0,0.40267349085145493,0.0,14.415574553979104,True
lift_and_cruse,cruise_128,0.8780772552773445,0.0,1220.2384523238582,1243.0495287010995,547.5299867351156,0.8581926023251052,0.9631262095696247,0.1604943064748869,0.0,-3.0445932530108547e-13,-5.336658663347744,0.0,,0.0,0.40267349074948927,0.0,14.427136181730924,True
lift_and_cruse,cruise_128,0.8781254545158944,0.0,1220.2384523224446,1243.0495286939206,547.5299867324109,0.8581926023254527,0.9631262095696677,0.1604943064744533,0.0,-3.0445932529932716e-13,-5.336658663347744,0.0,,0.0,0.4026734907490228,0.0,14.443843217893525,True
lift_and_cruse,cruise_128,0.8781789601237459,0.0,1220.2384523209068,1243.049528686109,547.5299867293111,0.8581926023258309,0.9631262095697187,0.16049430647396618,0.0,-3.0445932529741385e-13,-5.336658663347744,0.0,,0.0,0.4026734907485154,0.0,14.462386629056551,True
lift_and_cruse,cruise_128,0.8782271746633045,0.0,1220.2384523196145,1243.0495286795428,547.5299867268798,0.8581926023261487,0.963126209569757,0.1604943064735936,0.0,-3.0445932529580563e-13,-5.336658663347744,0.0,,0.0,0.4026734907480889,0.0,14.479093665219153,True
lift_and_cruse,cruise_128,0.8782605444089493,0.0,1220.238452318839,1243.0495286756052,547.5299867252844,0.8581926023263393,0.9631262095697837,0.16049430647332963,0.0,-3.044593252948412e-13,-5.336658663347744,0.0,,0.0,0.402673490747833,0.0,14.490655292970972,True
lift_and_cruse,cruise_128,0.8782724547752578,0.0,1220.2384523187084,1243.049528674941,547.5299867250534,0.8581926023263714,0.9631262095697871,0.16049430647329896,0.0,-3.044593252946785e-13,-5.336658663347744,0.0,,0.0,0.40267349074778985,0.0,14.494781590141706,True
lift_and_cruse,cruise_129,0.8782682679734235,0.0,1220.2329918110895,1243.0461647734028,547.5278182585951,0.8581919219200247,0.9631261541461674,0.16049510725557678,0.0,-3.0445850137642823e-13,-5.336658663347744,0.0,,0.0,0.40267168880353876,0.0,14.494781590141706,True
lift_and_cruse,cruise_129,0.8782801786187129,0.0,1220.2329918310127,1243.0461648746054,547.5278182970934,0.8581919219151256,0.9631261541455504,0.16049510726161523,0.0,-3.044585014012157e-13,-5.336658663347744,0.0,,0.0,0.4026716888101133,0.0,14.498907887312438,True
lift_and_cruse,cruise_129,0.8783135538123725,0.0,1220.2329918300145,1243.0461648695346,547.527818295121,0.8581919219153707,0.9631261541455824,0.1604951072613006,0.0,-3.044585013999737e-13,-5.336658663347744,0.0,,0.0,0.40267168880978393,0.0,14.510469515064257,True
lift_and_cruse,cruise_129,0.8783617885109165,0.0,1220.2329918285707,1243.0461648622008,547.5278182923677,0.8581919219157258,0.9631261541456262,0.16049510726087526,0.0,-3.0445850139817746e-13,-5.336658663347744,0.0,,0.0,0.4026716888093075,0.0,14.527176551226859,True
lift_and_cruse,cruise_129,0.8784153334983736,0.0,1220.2329918270236,1243.0461648543442,547.5278182893317,0.8581919219161066,0.9631261541456754,0.16049510726040372,0.0,-3.0445850139625315e-13,-5.336658663347744,0.0,,0.0,0.4026716888087969,0.0,14.545719962389885,True
lift_and_cruse,cruise_129,0.8784635835373861,0.0,1220.2329918255743,1243.0461648469818,547.5278182865176,0.8581919219164629,0.9631261541457207,0.16049510725995375,0.0,-3.044585013944499e-13,-5.336658663347744,0.0,,0.0,0.40267168880831866,0.0,14.562426998552487,True
lift_and_cruse,cruise_129,0.8784969778603358,0.0,1220.2329918245996,1243.0461648420287,547.527818284685,0.8581919219167027,0.9631261541457494,0.16049510725966526,0.0,-3.0445850139323674e-13,-5.336658663347744,0.0,,0.0,0.40267168880799703,0.0,14.573988626304306,True
lift_and_cruse,cruise_129,0.8785088970002544,0.0,1220.23299182429,1243.0461648404557,547.5278182840165,0.8581919219167786,0.9631261541457609,0.1604951072595481,0.0,-3.044585013928515e-13,-5.336658663347744,0.0,,0.0,0.4026716888078948,0.0,14.578114923475038,True
lift_and_cruse,cruise_130,0.8785046920840369,0.0,1220.2275100157203,1243.042788040359,547.5256414283295,0.8581912388272805,0.9631260985036191,0.16049591119403134,0.0,-3.044576743153655e-13,-5.336658663347744,0.0,,0.0,0.4026698798344207,0.0,14.578114923475038,True
lift_and_cruse,cruise_130,0.8785166115122383,0.0,1220.227510045356,1243.042788190898,547.5256414856455,0.8581912388199928,0.9631260985026999,0.16049591120302542,0.0,-3.0445767435223687e-13,-5.336658663347744,0.0,,0.0,0.4026698798442004,0.0,14.58224122064577,True
lift_and_cruse,cruise_130,0.8785500112957731,0.0,1220.2275100441286,1243.0427881846645,547.525641483275,0.8581912388202948,0.963126098502738,0.1604959112026711,0.0,-3.0445767435071014e-13,-5.336658663347744,0.0,,0.0,0.4026698798437953,0.0,14.59380284839759,True
lift_and_cruse,cruise_130,0.8785982815436133,0.0,1220.2275100423499,1243.0427881756282,547.5256414798075,0.8581912388207322,0.9631260985027938,0.16049591120212575,0.0,-3.044576743484969e-13,-5.336658663347744,0.0,,0.0,0.40266987984320834,0.0,14.610509884560193,True
lift_and_cruse,cruise_130,0.8786518660098283,0.0,1220.2275100404067,1243.0427881657583,547.5256414760877,0.8581912388212101,0.963126098502853,0.16049591120153928,0.0,-3.0445767434607946e-13,-5.336658663347744,0.0,,0.0,0.40266987984256714,0.0,14.629053295723219,True
lift_and_cruse,cruise_130,0.8787001516378409,0.0,1220.2275100386125,1243.0427881566443,547.5256414725807,0.8581912388216516,0.9631260985029098,0.16049591120098253,0.0,-3.044576743438472e-13,-5.336658663347744,0.0,,0.0,0.40266987984197505,0.0,14.64576033188582,True
lift_and_cruse,cruise_130,0.8787335706002027,0.0,1220.2275100374402,1243.0427881506887,547.5256414701829,0.8581912388219394,0.9631260985029495,0.16049591120058368,0.0,-3.0445767434238845e-13,-5.336658663347744,0.0,,0.0,0.4026698798415882,0.0,14.65732195963764,True
lift_and_cruse,cruise_130,0.8787454985359981,0.0,1220.227510037031,1243.0427881486112,547.5256414695417,0.8581912388220402,0.9631260985029582,0.16049591120051215,0.0,-3.0445767434187964e-13,-5.336658663347744,0.0,,0.0,0.40266987984145314,0.0,14.661448256808372,True
lift_and_cruse,cruise_131,0.8787412753370749,0.0,1220.2220067367118,1243.039398233302,547.5234561143615,0.8581905530337207,0.9631260426412763,0.16049671830512852,0.0,-3.0445684405209313e-13,-5.336658663347744,0.0,,0.0,0.4026680637757933,0.0,14.661448256808372,True
lift_and_cruse,cruise_131,0.8787532035601461,0.0,1220.222006765011,1243.039398377051,547.5234561688876,0.8581905530267615,0.9631260426404041,0.16049671831366213,0.0,-3.044568440873014e-13,-5.336658663347744,0.0,,0.0,0.40266806378513187,0.0,14.665574553979104,True
lift_and_cruse,cruise_131,0.8787866279961755,0.0,1220.2220067640746,1243.039398372296,547.5234561671036,0.8581905530269915,0.9631260426404323,0.16049671831338674,0.0,-3.0445684408613683e-13,-5.336658663347744,0.0,,0.0,0.4026680637848229,0.0,14.677136181730924,True
lift_and_cruse,cruise_131,0.878834933883849,0.0,1220.222006762702,1243.039398365324,547.5234561644688,0.858190553027329,0.9631260426404743,0.16049671831297546,0.0,-3.044568440844291e-13,-5.336658663347744,0.0,,0.0,0.40266806378436987,0.0,14.693843217893525,True
lift_and_cruse,cruise_131,0.8788885579293328,0.0,1220.2220067611527,1243.0393983574536,547.5234561613325,0.8581905530277099,0.9631260426405263,0.16049671831247217,0.0,-3.0445684408250146e-13,-5.336658663347744,0.0,,0.0,0.4026680637838586,0.0,14.712386629056551,True
lift_and_cruse,cruise_131,0.8789368792370325,0.0,1220.2220067597746,1243.0393983504543,547.5234561587464,0.858190553028049,0.9631260426405668,0.16049671831207069,0.0,-3.044568440807871e-13,-5.336658663347744,0.0,,0.0,0.4026680637834038,0.0,14.729093665219153,True
lift_and_cruse,cruise_131,0.8789703229015206,0.0,1220.2220067588325,1243.0393983456677,547.5234561569685,0.8581905530282807,0.9631260426405949,0.16049671831178602,0.0,-3.0445684407961476e-13,-5.336658663347744,0.0,,0.0,0.402668063783093,0.0,14.740655292970972,True
lift_and_cruse,cruise_131,0.8789822596556,0.0,1220.2220067585238,1243.0393983441002,547.5234561563242,0.8581905530283568,0.9631260426406058,0.16049671831168694,0.0,-3.044568440792308e-13,-5.336658663347744,0.0,,0.0,0.4026680637829911,0.0,14.744781590141706,True
lift_and_cruse,cruise_132,0.8789780180319036,0.0,1220.2164818039676,1243.0359952497097,547.5212622498477,0.8581898645178372,0.9631259865573881,0.16049752861411234,0.0,-3.044560105615003e-13,-5.336658663347744,0.0,,0.0,0.40266624057152517,0.0,14.744781590141706,True
lift_and_cruse,cruise_132,0.8789899550718132,0.0,1220.2164818306424,1243.0359953852076,547.5212623009944,0.8581898645112777,0.9631259865565727,0.16049752862208552,0.0,-3.044560105946877e-13,-5.336658663347744,0.0,,0.0,0.4026662405803278,0.0,14.748907887312438,True
lift_and_cruse,cruise_132,0.8790234042225916,0.0,1220.2164818299182,1243.0359953815282,547.5212622996329,0.8581898645114552,0.9631259865565942,0.16049752862186498,0.0,-3.0445601059378653e-13,-5.336658663347744,0.0,,0.0,0.40266624058008876,0.0,14.760469515064257,True
lift_and_cruse,cruise_132,0.8790717458401531,0.0,1220.2164818288838,1243.0359953762747,547.5212622976757,0.8581898645117099,0.9631259865566251,0.16049752862156952,0.0,-3.044560105924998e-13,-5.336658663347744,0.0,,0.0,0.4026662405797475,0.0,14.777176551226859,True
lift_and_cruse,cruise_132,0.879125409565045,0.0,1220.216481827766,1243.0359953705972,547.5212622953691,0.8581898645119849,0.9631259865566636,0.16049752862118788,0.0,-3.044560105911092e-13,-5.336658663347744,0.0,,0.0,0.40266624057937866,0.0,14.795719962389885,True
lift_and_cruse,cruise_132,0.8791737666425999,0.0,1220.2164818267252,1243.0359953653087,547.521262293421,0.8581898645122407,0.963125986556694,0.16049752862089706,0.0,-3.044560105898139e-13,-5.336658663347744,0.0,,0.0,0.40266624057903516,0.0,14.812426998552487,True
lift_and_cruse,cruise_132,0.8792072350717113,0.0,1220.2164818260353,1243.0359953618051,547.5212622920566,0.8581898645124104,0.9631259865567163,0.16049752862067104,0.0,-3.0445601058895577e-13,-5.336658663347744,0.0,,0.0,0.40266624057880746,0.0,14.823988626304306,True
lift_and_cruse,cruise_132,0.879219180666354,0.0,1220.2164818257754,1243.0359953604848,547.5212622916828,0.8581898645124741,0.9631259865567209,0.1604975286206292,0.0,-3.0445601058863235e-13,-5.336658663347744,0.0,,0.0,0.40266624057872175,0.0,14.828114923475038,True
lift_and_cruse,cruise_133,0.8792149204673873,0.0,1220.2109350452959,1243.0325789855224,547.5190597670636,0.8581891732578802,0.963125930250184,0.16049834214651376,0.0,-3.044551738180999e-13,-5.336658663347744,0.0,,0.0,0.4026644101647941,0.0,14.828114923475038,True
lift_and_cruse,cruise_133,0.8792268663476017,0.0,1220.2109350716094,1243.0325791191863,547.5190598171861,0.8581891732514095,0.9631259302493886,0.16049834215428518,0.0,-3.044551738508381e-13,-5.336658663347744,0.0,,0.0,0.4026644101734774,0.0,14.83224122064577,True
lift_and_cruse,cruise_133,0.8792603402755643,0.0,1220.2109350710136,1243.0325791161595,547.5190598160526,0.8581891732515559,0.9631259302494065,0.1604983421541052,0.0,-3.0445517385009676e-13,-5.336658663347744,0.0,,0.0,0.40266441017328086,0.0,14.84380284839759,True
lift_and_cruse,cruise_133,0.8793087177132475,0.0,1220.2109350701558,1243.0325791118014,547.5190598143629,0.8581891732517667,0.9631259302494338,0.16049834215384245,0.0,-3.0445517384902936e-13,-5.336658663347744,0.0,,0.0,0.40266441017299776,0.0,14.860509884560193,True
lift_and_cruse,cruise_133,0.8793624212177048,0.0,1220.2109350692087,1243.0325791069915,547.5190598124666,0.8581891732519997,0.9631259302494649,0.1604983421535446,0.0,-3.0445517384785124e-13,-5.336658663347744,0.0,,0.0,0.4026644101726853,0.0,14.879053295723219,True
lift_and_cruse,cruise_133,0.8794108141554874,0.0,1220.210935068349,1243.0325791026248,547.5190598108497,0.8581891732522112,0.9631259302494904,0.16049834215330508,0.0,-3.044551738467817e-13,-5.336658663347744,0.0,,0.0,0.4026644101724015,0.0,14.89576033188582,True
lift_and_cruse,cruise_133,0.8794443074117948,0.0,1220.2109350677983,1243.032579099828,547.519059809701,0.8581891732523464,0.9631259302495098,0.16049834215308706,0.0,-3.0445517384609667e-13,-5.336658663347744,0.0,,0.0,0.4026644101722198,0.0,14.90732195963764,True
lift_and_cruse,cruise_133,0.8794562618693481,0.0,1220.2109350675735,1243.032579098686,547.519059809239,0.8581891732524016,0.9631259302495175,0.16049834215303582,0.0,-3.04455173845817e-13,-5.336658663347744,0.0,,0.0,0.4026644101721456,0.0,14.911448256808372,True
lift_and_cruse,cruise_134,0.8794519829418528,0.0,1220.2053662863966,1243.029149335246,547.5168485968837,0.8581884792318476,0.9631258737178867,0.16049915892804473,0.0,-3.044543337960533e-13,-5.336658663347744,0.0,,0.0,0.4026625724980816,0.0,14.911448256808372,True
lift_and_cruse,cruise_134,0.8794639376815957,0.0,1220.205366308949,1243.0291494498042,547.516848639585,0.858188479226301,0.9631258737172118,0.1604991589346364,0.0,-3.0445433382411196e-13,-5.336658663347744,0.0,,0.0,0.4026625725055238,0.0,14.915574553979104,True
lift_and_cruse,cruise_134,0.8794974364494805,0.0,1220.2053663085267,1243.0291494476576,547.5168486386793,0.8581884792264052,0.9631258737172272,0.16049915893449151,0.0,-3.0445433382358613e-13,-5.336658663347744,0.0,,0.0,0.4026625725053845,0.0,14.927136181730924,True
lift_and_cruse,cruise_134,0.8795458497980067,0.0,1220.2053663079028,1243.0291494444891,547.5168486376248,0.8581884792265586,0.9631258737172426,0.16049915893434485,0.0,-3.044543338228101e-13,-5.336658663347744,0.0,,0.0,0.4026625725051786,0.0,14.943843217893525,True
lift_and_cruse,cruise_134,0.8795995931828111,0.0,1220.2053663072204,1243.029149441024,547.5168486363484,0.8581884792267264,0.9631258737172627,0.16049915893413944,0.0,-3.044543338219614e-13,-5.336658663347744,0.0,,0.0,0.4026625725049534,0.0,14.962386629056551,True
lift_and_cruse,cruise_134,0.8796480220716777,0.0,1220.2053663066185,1243.0291494379667,547.5168486351936,0.8581884792268744,0.9631258737172811,0.16049915893395067,0.0,-3.044543338212126e-13,-5.336658663347744,0.0,,0.0,0.40266257250475473,0.0,14.979093665219153,True
lift_and_cruse,cruise_134,0.8796815402180391,0.0,1220.2053663061997,1243.0291494358396,547.5168486343001,0.8581884792269775,0.9631258737172962,0.16049915893379907,0.0,-3.044543338206916e-13,-5.336658663347744,0.0,,0.0,0.40266257250461657,0.0,14.990655292970972,True
lift_and_cruse,cruise_134,0.87969350356098,0.0,1220.205366306038,1243.0291494350172,547.516848633981,0.8581884792270171,0.9631258737173014,0.16049915893374092,0.0,-3.0445433382049016e-13,-5.336658663347744,0.0,,0.0,0.4026625725045633,0.0,14.994781590141706,True
lift_and_cruse,cruise_135,0.8796892057531001,0.0,1220.1997753508379,1243.0257061919606,547.5146286690034,0.8581877824174766,0.9631258169587064,0.16049997898458462,0.0,-3.0445349046917256e-13,-5.336658663347744,0.0,,0.0,0.40266072751316606,0.0,14.994781590141706,True
lift_and_cruse,cruise_135,0.8797011692620378,0.0,1220.1997752480243,1243.0257056697326,547.5146284689235,0.8581877824427587,0.9631258169619281,0.16049997895298115,0.0,-3.044534903412636e-13,-5.336658663347744,0.0,,0.0,0.402660727479238,0.0,14.998907887312438,True
lift_and_cruse,cruise_135,0.8797346930214847,0.0,1220.1997753434757,1243.0257061545658,547.5146286546653,0.8581877824192868,0.9631258169589373,0.16049997898233268,0.0,-3.044534904600135e-13,-5.336658663347744,0.0,,0.0,0.40266072751073656,0.0,15.010469515064257,True
lift_and_cruse,cruise_135,0.8797831423789536,0.0,1220.1997753508426,1243.0257061919851,547.5146286689943,0.8581877824174757,0.9631258169587067,0.1604999789845898,0.0,-3.0445349046917857e-13,-5.336658663347744,0.0,,0.0,0.40266072751316767,0.0,15.027176551226859,True
lift_and_cruse,cruise_135,0.8798369257454752,0.0,1220.199775350842,1243.0257061919795,547.5146286690399,0.8581877824174755,0.9631258169587055,0.1604999789846056,0.0,-3.044534904691772e-13,-5.336658663347744,0.0,,0.0,0.4026607275131673,0.0,15.045719962389885,True
lift_and_cruse,cruise_135,0.879885390676691,0.0,1220.199775350728,1243.0257061914033,547.5146286687603,0.8581877824175038,0.9631258169587106,0.16049997898454024,0.0,-3.044534904690361e-13,-5.336658663347744,0.0,,0.0,0.40266072751312976,0.0,15.062426998552487,True
lift_and_cruse,cruise_135,0.879918933776424,0.0,1220.1997753507255,1243.0257061913887,547.5146286688029,0.8581877824175043,0.9631258169587094,0.1604999789845559,0.0,-3.044534904690325e-13,-5.336658663347744,0.0,,0.0,0.4026607275131289,0.0,15.073988626304306,True
lift_and_cruse,cruise_135,0.8799309060271518,0.0,1220.1997753505093,1243.025706190291,547.5146286683986,0.8581877824175574,0.9631258169587157,0.16049997898449292,0.0,-3.044534904687636e-13,-5.336658663347744,0.0,,0.0,0.40266072751305765,0.0,15.078114923475038,True
lift_and_cruse,cruise_136,0.8799265891985799,0.0,1220.1941620602477,1243.0222494484456,547.5123999156252,0.8581870827921894,0.9631257599707452,0.16050080234330738,0.0,-3.0445264381119636e-13,-5.336658663347744,0.0,,0.0,0.40265887515118526,0.0,15.078114923475038,True
lift_and_cruse,cruise_136,0.8799385617108912,0.0,1220.1941620603243,1243.0222494488355,547.5123999157893,0.8581870827921703,0.9631257599707425,0.16050080234332173,0.0,-3.0445264381129183e-13,-5.336658663347744,0.0,,0.0,0.4026588751512105,0.0,15.08224122064577,True
lift_and_cruse,cruise_136,0.8799721103483333,0.0,1220.1941620611665,1243.0222494531133,547.5123999174091,0.8581870827919634,0.9631257599707166,0.16050080234358505,0.0,-3.044526438123396e-13,-5.336658663347744,0.0,,0.0,0.4026588751514884,0.0,15.09380284839759,True
lift_and_cruse,cruise_136,0.8800205957913375,0.0,1220.194162060757,1243.0222494510324,547.5123999166524,0.8581870827920639,0.9631257599707284,0.16050080234346958,0.0,-3.044526438118299e-13,-5.336658663347744,0.0,,0.0,0.40265887515135335,0.0,15.110509884560193,True
lift_and_cruse,cruise_136,0.8800744192381774,0.0,1220.1941620585317,1243.0222494397292,547.5123999122761,0.8581870827926111,0.9631257599707993,0.16050080234277914,0.0,-3.0445264380906146e-13,-5.336658663347744,0.0,,0.0,0.402658875150619,0.0,15.129053295723219,True
lift_and_cruse,cruise_136,0.8801229203032915,0.0,1220.1941620591256,1243.0222494427476,547.5123999134676,0.8581870827924654,0.9631257599707796,0.16050080234296077,0.0,-3.0445264380980075e-13,-5.336658663347744,0.0,,0.0,0.402658875150815,0.0,15.14576033188582,True
lift_and_cruse,cruise_136,0.8801564884202878,0.0,1220.1941620602504,1243.0222494484588,547.5123999155827,0.8581870827921888,0.9631257599707465,0.16050080234330608,0.0,-3.0445264381119954e-13,-5.336658663347744,0.0,,0.0,0.4026588751511862,0.0,15.15732195963764,True
lift_and_cruse,cruise_136,0.8801684696016301,0.0,1220.1941620602483,1243.0222494484487,547.5123999156131,0.8581870827921892,0.9631257599707456,0.16050080234331113,0.0,-3.044526438111971e-13,-5.336658663347744,0.0,,0.0,0.4026588751511855,0.0,15.161448256808372,True
lift_and_cruse,cruise_137,0.880164133574996,0.0,1220.1885262338485,1243.0187789949862,547.5101622642472,0.8581863803331883,0.9631257027521819,0.16050162903058915,0.0,-3.044517937952522e-13,-5.336658663347744,0.0,,0.0,0.4026570153524835,0.0,15.161448256808372,True
lift_and_cruse,cruise_137,0.880176115017754,0.0,1220.1885262338396,1243.0187789949416,547.5101622643475,0.8581863803331905,0.9631257027521789,0.16050162903061377,0.0,-3.044517937952413e-13,-5.336658663347744,0.0,,0.0,0.40265701535248066,0.0,15.165574553979104,True
lift_and_cruse,cruise_137,0.880209688683404,0.0,1220.1885262338476,1243.0187789949837,547.5101622642624,0.8581863803331886,0.9631257027521813,0.16050162903060028,0.0,-3.044517937952516e-13,-5.336658663347744,0.0,,0.0,0.40265701535248327,0.0,15.177136181730924,True
lift_and_cruse,cruise_137,0.8802582104344747,0.0,1220.1885263667618,1243.0187796700977,547.5101625228829,0.8581863803005041,0.9631257027480175,0.16050162907144935,0.0,-3.0445179396060683e-13,-5.336658663347744,0.0,,0.0,0.4026570153963444,0.0,15.193843217893525,True
lift_and_cruse,cruise_137,0.8803120739439326,0.0,1220.188526233846,1243.0187789949741,547.5101622642807,0.8581863803331884,0.9631257027521809,0.16050162903059806,0.0,-3.0445179379524927e-13,-5.336658663347744,0.0,,0.0,0.40265701535248277,0.0,15.212386629056551,True
lift_and_cruse,cruise_137,0.8803606112333441,0.0,1220.1885262338567,1243.0187789950287,547.5101622643506,0.858186380333186,0.9631257027521792,0.16050162903061152,0.0,-3.0445179379526265e-13,-5.336658663347744,0.0,,0.0,0.40265701535248627,0.0,15.229093665219153,True
lift_and_cruse,cruise_137,0.8803942044289389,0.0,1220.1885262338471,1243.0187789949814,547.5101622642654,0.8581863803331883,0.9631257027521813,0.16050162903060317,0.0,-3.0445179379525104e-13,-5.336658663347744,0.0,,0.0,0.4026570153524831,0.0,15.240655292970972,True
lift_and_cruse,cruise_137,0.8804061945633427,0.0,1220.188526233845,1243.018778994971,547.5101622643475,0.8581863803331891,0.963125702752179,0.16050162903060872,0.0,-3.0445179379524846e-13,-5.336658663347744,0.0,,0.0,0.40265701535248244,0.0,15.244781590141706,True
lift_and_cruse,cruise_138,0.8804018391718664,0.0,1220.1828676815567,1243.0152946844794,547.5079156290841,0.8581856750191431,0.9631256453013569,0.16050245907140187,0.0,-3.0445094038531035e-13,-5.336658663347744,0.0,,0.0,0.4026551480543341,0.0,15.244781590141706,True
lift_and_cruse,cruise_138,0.8804138295738333,0.0,1220.1828676880796,1243.015294717612,547.5079156417021,0.8581856750175388,0.9631256453011545,0.16050245907339056,0.0,-3.044509403934255e-13,-5.336658663347744,0.0,,0.0,0.40265514805648667,0.0,15.248907887312438,True
lift_and_cruse,cruise_138,0.8804474283319456,0.0,1220.1828676880937,1243.0152947176828,547.5079156417112,0.8581856750175354,0.9631256453011545,0.1605024590733887,0.0,-3.044509403934428e-13,-5.336658663347744,0.0,,0.0,0.4026551480564913,0.0,15.260469515064257,True
lift_and_cruse,cruise_138,0.8804959862355444,0.0,1220.1828676881337,1243.015294717886,547.5079156418358,0.8581856750175256,0.9631256453011521,0.16050245907340063,0.0,-3.044509403934926e-13,-5.336658663347744,0.0,,0.0,0.40265514805650454,0.0,15.277176551226859,True
lift_and_cruse,cruise_138,0.8805498901543558,0.0,1220.1828676881626,1243.0152947180336,547.5079156419057,0.8581856750175187,0.9631256453011507,0.16050245907341745,0.0,-3.0445094039352874e-13,-5.336658663347744,0.0,,0.0,0.40265514805651403,0.0,15.295719962389885,True
lift_and_cruse,cruise_138,0.8805984637605069,0.0,1220.1828676882024,1243.0152947182355,547.5079156419088,0.858185675017509,0.9631256453011515,0.16050245907343183,0.0,-3.044509403935782e-13,-5.336658663347744,0.0,,0.0,0.40265514805652713,0.0,15.312426998552487,True
lift_and_cruse,cruise_138,0.8806320820993978,0.0,1220.1828676882192,1243.0152947183215,547.5079156419665,0.8581856750175045,0.9631256453011503,0.1605024590734258,0.0,-3.0445094039359927e-13,-5.336658663347744,0.0,,0.0,0.40265514805653263,0.0,15.323988626304306,True
lift_and_cruse,cruise_138,0.8806440812095794,0.0,1220.182867688227,1243.0152947183599,547.507915642009,0.8581856750175029,0.9631256453011492,0.1605024590734372,0.0,-3.0445094039360866e-13,-5.336658663347744,0.0,,0.0,0.40265514805653524,0.0,15.328114923475038,True
lift_and_cruse,cruise_139,0.8806397063046423,0.0,1220.1771862397234,1243.011796514121,547.5056599800586,0.858184966821388,0.9631255876156681,0.1605032925001003,0.0,-3.044500835806839e-13,-5.336658663347744,0.0,,0.0,0.4026532732027335,0.0,15.328114923475038,True
lift_and_cruse,cruise_139,0.8806517056764633,0.0,1220.1771862397952,1243.0117965144857,547.5056599788247,0.85818496682137,0.9631255876157028,0.16050329249971815,0.0,-3.044500835807732e-13,-5.336658663347744,0.0,,0.0,0.4026532732027572,0.0,15.33224122064577,True
lift_and_cruse,cruise_139,0.8806853295906523,0.0,1220.1771862397936,1243.0117965144752,547.505659978846,0.8581849668213707,0.963125587615702,0.160503292499727,0.0,-3.0445008358077063e-13,-5.336658663347744,0.0,,0.0,0.40265327320275657,0.0,15.34380284839759,True
lift_and_cruse,cruise_139,0.8807339238621912,0.0,1220.1771862397954,1243.0117965144862,547.5056599788278,0.85818496682137,0.9631255876157025,0.1605032924997186,0.0,-3.044500835807733e-13,-5.336658663347744,0.0,,0.0,0.40265327320275723,0.0,15.360509884560193,True
lift_and_cruse,cruise_139,0.8807878681690713,0.0,1220.1771862397961,1243.0117965144887,547.5056599788247,0.8581849668213699,0.9631255876157028,0.16050329249971423,0.0,-3.044500835807739e-13,-5.336658663347744,0.0,,0.0,0.4026532732027574,0.0,15.379053295723219,True
lift_and_cruse,cruise_139,0.8808364781606369,0.0,1220.1771862146186,1243.0117963866048,547.5056599299269,0.8581849668275614,0.963125587616489,0.16050329249199707,0.0,-3.044500835494514e-13,-5.336658663347744,0.0,,0.0,0.402653273194449,0.0,15.39576033188582,True
lift_and_cruse,cruise_139,0.8808701216911443,0.0,1220.1771861980337,1243.0117963023645,547.5056598975583,0.8581849668316399,0.9631255876170113,0.16050329248688674,0.0,-3.044500835288185e-13,-5.336658663347744,0.0,,0.0,0.40265327318897604,0.0,15.40732195963764,True
lift_and_cruse,cruise_139,0.8808821297969065,0.0,1220.177186194854,1243.011796286216,547.5056598913649,0.8581849668324218,0.9631255876171111,0.1605032924859118,0.0,-3.0445008352486324e-13,-5.336658663347744,0.0,,0.0,0.40265327318792665,0.0,15.411448256808372,True
lift_and_cruse,cruise_140,0.8808777321829213,0.0,1220.1714784047647,1243.008267526946,547.5033887877364,0.8581842565317283,0.9631255297971654,0.16050412832435712,0.0,-3.0444921922811427e-13,-5.336658663347744,0.0,,0.0,0.4026513896415138,0.0,15.411448256808372,True
lift_and_cruse,cruise_140,0.8808897436188105,0.0,1220.171481699598,1243.008284262219,547.5033951981264,0.858184255721499,0.9631255296939591,0.16050412933677738,0.0,-3.0444922332707395e-13,-5.336658663347744,0.0,,0.0,0.4026513907287948,0.0,15.415574553979104,True
lift_and_cruse,cruise_140,0.8809233927529188,0.0,1220.1714816995993,1243.0082842622278,547.503395198102,0.8581842557214987,0.9631255296939597,0.1605041293367714,0.0,-3.044492233270761e-13,-5.336658663347744,0.0,,0.0,0.40265139072879524,0.0,15.427136181730924,True
lift_and_cruse,cruise_140,0.8809720234847287,0.0,1220.171481699601,1243.0082842622355,547.5033951980838,0.858184255721498,0.9631255296939603,0.16050412933677266,0.0,-3.04449223327078e-13,-5.336658663347744,0.0,,0.0,0.4026513907287958,0.0,15.443843217893525,True
lift_and_cruse,cruise_140,0.8810260082822149,0.0,1220.1714816996014,1243.0082842622357,547.5033951980807,0.8581842557214981,0.9631255296939604,0.16050412933676447,0.0,-3.044492233270781e-13,-5.336658663347744,0.0,,0.0,0.40265139072879597,0.0,15.462386629056551,True
lift_and_cruse,cruise_140,0.8810746547984949,0.0,1220.1714816996039,1243.00828426225,547.5033951980444,0.8581842557214978,0.9631255296939614,0.16050412933676367,0.0,-3.0444922332708157e-13,-5.336658663347744,0.0,,0.0,0.4026513907287968,0.0,15.479093665219153,True
lift_and_cruse,cruise_140,0.8811083236148359,0.0,1220.171481698868,1243.008284258512,547.5033951966798,0.8581842557216788,0.9631255296939827,0.16050412933654853,0.0,-3.0444922332616604e-13,-5.336658663347744,0.0,,0.0,0.40265139072855394,0.0,15.490655292970972,True
lift_and_cruse,cruise_140,0.8811203407295145,0.0,1220.1714816822805,1243.0082841742606,547.503395164372,0.8581842557257576,0.9631255296945032,0.1605041293314347,0.0,-3.0444922330553035e-13,-5.336658663347744,0.0,,0.0,0.4026513907230801,0.0,15.494781590141706,True
lift_and_cruse,cruise_141,0.8811159245813843,0.0,1220.165752028226,1243.0047484519314,547.5011176259959,0.8581835421487802,0.9631254715919214,0.1605049690442621,0.0,-3.044483573033237e-13,-5.336658663347744,0.0,,0.0,0.40264949996165195,0.0,15.494781590141706,True
lift_and_cruse,cruise_141,0.8811279436940954,0.0,1220.165753876589,1243.0047578401768,547.5011212224614,0.8581835416942486,0.9631254715340155,0.1605049696123017,0.0,-3.0444835960278066e-13,-5.336658663347744,0.0,,0.0,0.40264950057160376,0.0,15.498907887312438,True
lift_and_cruse,cruise_141,0.8811616181138523,0.0,1220.1657538784254,1243.0047578495041,547.5011212259653,0.8581835416937972,0.9631254715339599,0.16050496961284194,0.0,-3.044483596050652e-13,-5.336658663347744,0.0,,0.0,0.40264950057220983,0.0,15.510469515064257,True
lift_and_cruse,cruise_141,0.8812102853373368,0.0,1220.1657538127492,1243.0047575159215,547.5011210982384,0.8581835417099476,0.9631254715360158,0.160504969592674,0.0,-3.04448359523361e-13,-5.336658663347744,0.0,,0.0,0.40264950055053694,0.0,15.527176551226859,True
lift_and_cruse,cruise_141,0.8812643107202427,0.0,1220.1657538041836,1243.0047574724144,547.5011210815574,0.8581835417120542,0.9631254715362845,0.16050496959004354,0.0,-3.0444835951270486e-13,-5.336658663347744,0.0,,0.0,0.40264950054771026,0.0,15.545719962389885,True
lift_and_cruse,cruise_141,0.8813129937956371,0.0,1220.165753766764,1243.0047572823503,547.5011210087789,0.858183541721256,0.9631254715374559,0.160504969578548,0.0,-3.044483594661526e-13,-5.336658663347744,0.0,,0.0,0.402649500535362,0.0,15.562426998552487,True
lift_and_cruse,cruise_141,0.8813466879281517,0.0,1220.165753745574,1243.004757174721,547.5011209674848,0.858183541726467,0.9631254715381214,0.16050496957202245,0.0,-3.04448359439791e-13,-5.336658663347744,0.0,,0.0,0.4026495005283694,0.0,15.573988626304306,True
lift_and_cruse,cruise_141,0.8813587141085022,0.0,1220.1657537519297,1243.004757207004,547.5011209798505,0.8581835417249039,0.9631254715379224,0.16050496957396906,0.0,-3.044483594476981e-13,-5.336658663347744,0.0,,0.0,0.4026495005304668,0.0,15.578114923475038,True
lift_and_cruse,cruise_142,0.8813542797647044,0.0,1220.160002584181,1243.0012171601572,547.4988379868983,0.858182824714005,0.9631254131337267,0.16050581335643402,0.0,-3.044474923862901e-13,-5.336658663347744,0.0,,0.0,0.402647602669611,0.0,15.578114923475038,True
lift_and_cruse,cruise_142,0.8813663062009646,0.0,1220.1600025841751,1243.0012171601275,547.4988379870045,0.8581828247140061,0.9631254131337237,0.16050581335646735,0.0,-3.0444749238628285e-13,-5.336658663347744,0.0,,0.0,0.4026476026696092,0.0,15.58224122064577,True
lift_and_cruse,cruise_142,0.8814000059671675,0.0,1220.1600025841742,1243.0012171601222,547.4988379870136,0.8581828247140064,0.9631254131337235,0.160505813356467,0.0,-3.0444749238628153e-13,-5.336658663347744,0.0,,0.0,0.40264760266960886,0.0,15.59380284839759,True
lift_and_cruse,cruise_142,0.8814487098975023,0.0,1220.1600025841788,1243.001217160146,547.4988379869286,0.8581828247140051,0.9631254131337258,0.16050581335645298,0.0,-3.044474923862874e-13,-5.336658663347744,0.0,,0.0,0.40264760266961036,0.0,15.610509884560193,True
lift_and_cruse,cruise_142,0.8815027759849623,0.0,1220.160002584181,1243.0012171601568,547.4988379869012,0.858182824714005,0.9631254131337266,0.1605058133564465,0.0,-3.0444749238629e-13,-5.336658663347744,0.0,,0.0,0.402647602669611,0.0,15.629053295723219,True
lift_and_cruse,cruise_142,0.8815514957822134,0.0,1220.1600025841797,1243.001217160151,547.4988379869103,0.8581828247140053,0.9631254131337263,0.16050581335645095,0.0,-3.044474923862886e-13,-5.336658663347744,0.0,,0.0,0.40264760266961064,0.0,15.64576033188582,True
lift_and_cruse,cruise_142,0.881585215334144,0.0,1220.160002584178,1243.001217160143,547.4988379869407,0.8581828247140056,0.9631254131337255,0.1605058133564502,0.0,-3.0444749238628663e-13,-5.336658663347744,0.0,,0.0,0.4026476026696101,0.0,15.65732195963764,True
lift_and_cruse,cruise_142,0.881597250575884,0.0,1220.1600025841774,1243.0012171601397,547.4988379869498,0.8581828247140054,0.9631254131337252,0.16050581335644265,0.0,-3.0444749238628583e-13,-5.336658663347744,0.0,,0.0,0.40264760266960986,0.0,15.661448256808372,True
lift_and_cruse,cruise_143,0.881592795923676,0.0,1220.154227622387,1242.9976620766186,547.4965454043355,0.8581821047575563,0.9631253544912619,0.16050666059637145,0.0,-3.0444662164195484e-13,-5.336658663347744,0.0,,0.0,0.4026456969568218,0.0,15.661448256808372,True
lift_and_cruse,cruise_143,0.8816048314272992,0.0,1220.1542276223865,1242.9976620766163,547.4965454043628,0.8581821047575563,0.9631253544912611,0.1605066605963844,0.0,-3.044466216419543e-13,-5.336658663347744,0.0,,0.0,0.4026456969568216,0.0,15.665574553979104,True
lift_and_cruse,cruise_143,0.8816385566060619,0.0,1220.1542276223852,1242.9976620766088,547.4965454043659,0.8581821047575565,0.963125354491261,0.16050666059638743,0.0,-3.0444662164195246e-13,-5.336658663347744,0.0,,0.0,0.40264569695682123,0.0,15.677136181730924,True
lift_and_cruse,cruise_143,0.881687297256756,0.0,1220.154227602603,1242.997661976131,547.4965453659162,0.8581821047624214,0.9631253544918795,0.16050666059030969,0.0,-3.0444662161734253e-13,-5.336658663347744,0.0,,0.0,0.40264569695029323,0.0,15.693843217893525,True
lift_and_cruse,cruise_143,0.8817414041626377,0.0,1220.1542276223836,1242.9976620765997,547.496545404387,0.858182104757557,0.9631253544912605,0.1605066605963905,0.0,-3.0444662164195024e-13,-5.336658663347744,0.0,,0.0,0.4026456969568206,0.0,15.712386629056551,True
lift_and_cruse,cruise_143,0.881790160740125,0.0,1220.1542276223834,1242.997662076599,547.4965454043992,0.8581821047575571,0.96312535449126,0.1605066605963853,0.0,-3.044466216419501e-13,-5.336658663347744,0.0,,0.0,0.4026456969568206,0.0,15.729093665219153,True
lift_and_cruse,cruise_143,0.881823905756272,0.0,1220.154227622384,1242.997662076603,547.496545404384,0.8581821047575571,0.9631253544912606,0.16050666059637897,0.0,-3.0444662164195105e-13,-5.336658663347744,0.0,,0.0,0.4026456969568208,0.0,15.740655292970972,True
lift_and_cruse,cruise_143,0.8818359500883654,0.0,1220.154227622384,1242.9976620766026,547.4965454043719,0.8581821047575569,0.9631253544912609,0.16050666059637947,0.0,-3.0444662164195095e-13,-5.336658663347744,0.0,,0.0,0.4026456969568208,0.0,15.744781590141706,True
lift_and_cruse,cruise_144,0.8818314750727613,0.0,1220.1484287960895,1242.994092479645,547.4942434006119,0.8581813817995877,0.9631252956045453,0.16050751136181576,0.0,-3.0444574734285323e-13,-5.336658663347744,0.0,,0.0,0.40264378336884815,0.0,15.744781590141706,True
lift_and_cruse,cruise_144,0.8818435196668429,0.0,1220.148428796136,1242.9940924798796,547.4942434007214,0.8581813817995759,0.9631252956045434,0.1605075113618269,0.0,-3.0444574734291074e-13,-5.336658663347744,0.0,,0.0,0.40264378336886336,0.0,15.748907887312438,True
lift_and_cruse,cruise_144,0.881877270322762,0.0,1220.1484287961403,1242.9940924799025,547.4942434006424,0.858181381799575,0.9631252956045456,0.16050751136181632,0.0,-3.0444574734291634e-13,-5.336658663347744,0.0,,0.0,0.4026437833688648,0.0,15.760469515064257,True
lift_and_cruse,cruise_144,0.8819260478240685,0.0,1220.1484287960911,1242.9940924796524,547.4942434006363,0.858181381799587,0.9631252956045447,0.16050751136181746,0.0,-3.044457473428551e-13,-5.336658663347744,0.0,,0.0,0.4026437833688486,0.0,15.777176551226859,True
lift_and_cruse,cruise_144,0.8819801956152709,0.0,1220.1484287961343,1242.994092479873,547.4942434007488,0.8581813817995765,0.9631252956045425,0.1605075113618362,0.0,-3.044457473429091e-13,-5.336658663347744,0.0,,0.0,0.40264378336886286,0.0,15.795719962389885,True
lift_and_cruse,cruise_144,0.8820289890665259,0.0,1220.148428796135,1242.9940924798757,547.4942434007336,0.8581813817995767,0.9631252956045431,0.16050751136183272,0.0,-3.044457473429098e-13,-5.336658663347744,0.0,,0.0,0.40264378336886314,0.0,15.812426998552487,True
lift_and_cruse,cruise_144,0.8820627596116569,0.0,1220.148428796135,1242.9940924798755,547.4942434007305,0.8581813817995765,0.9631252956045431,0.16050751136182656,0.0,-3.0444574734290973e-13,-5.336658663347744,0.0,,0.0,0.40264378336886314,0.0,15.823988626304306,True
lift_and_cruse,cruise_144,0.8820748130556122,0.0,1220.1484287944077,1242.9940924711022,547.4942433973177,0.8581813818000009,0.9631252956045986,0.16050751136128344,0.0,-3.044457473407609e-13,-5.336658663347744,0.0,,0.0,0.40264378336829304,0.0,15.828114923475038,True
lift_and_cruse,cruise_145,0.8820703175028228,0.0,1220.1426059054827,1242.9905082465946,547.4919318965096,0.8581806558150142,0.9631252364715391,0.1605083656822055,0.0,-3.0444486945894674e-13,-5.336658663347744,0.0,,0.0,0.4026418618397548,0.0,15.828114923475038,True
lift_and_cruse,cruise_145,0.8820823712097735,0.0,1220.1426059048267,1242.9905082432622,547.4919318952151,0.8581806558151757,0.9631252364715601,0.16050836568199947,0.0,-3.0444486945813057e-13,-5.336658663347744,0.0,,0.0,0.4026418618395383,0.0,15.83224122064577,True
lift_and_cruse,cruise_145,0.8821161474073627,0.0,1220.1426059045286,1242.9905082417472,547.4919318946711,0.8581806558152488,0.9631252364715686,0.16050836568191137,0.0,-3.044448694577595e-13,-5.336658663347744,0.0,,0.0,0.40264186183944,0.0,15.84380284839759,True
lift_and_cruse,cruise_145,0.8821649618341937,0.0,1220.1426059041016,1242.9905082395776,547.4919318937867,0.8581806558153541,0.9631252364715833,0.16050836568177,0.0,-3.044448694572281e-13,-5.336658663347744,0.0,,0.0,0.402641861839299,0.0,15.860509884560193,True
lift_and_cruse,cruise_145,0.8822191506326635,0.0,1220.142605903602,1242.9905082370428,547.491931892872,0.8581806558154764,0.9631252364715974,0.16050836568162943,0.0,-3.0444486945660727e-13,-5.336658663347744,0.0,,0.0,0.4026418618391342,0.0,15.879053295723219,True
lift_and_cruse,cruise_145,0.8822679810510308,0.0,1220.1426059031016,1242.9905082344992,547.4919318918265,0.8581806558155999,0.9631252364716151,0.16050836568146037,0.0,-3.0444486945598426e-13,-5.336658663347744,0.0,,0.0,0.4026418618389691,0.0,15.89576033188582,True
lift_and_cruse,cruise_145,0.8823017771897651,0.0,1220.142605902735,1242.990508232638,547.4919318911519,0.8581806558156901,0.9631252364716255,0.16050836568135404,0.0,-3.0444486945552836e-13,-5.336658663347744,0.0,,0.0,0.4026418618388481,0.0,15.90732195963764,True
lift_and_cruse,cruise_145,0.8823138397718707,0.0,1220.1426059025976,1242.9905082319392,547.4919318908055,0.8581806558157238,0.9631252364716318,0.16050836568129082,0.0,-3.044448694553572e-13,-5.336658663347744,0.0,,0.0,0.40264186183880274,0.0,15.911448256808372,True
lift_and_cruse,cruise_146,0.8823093235036809,0.0,1220.1367587480502,1242.9869092523147,547.4896108112059,0.8581799267784811,0.9631251770901917,0.16050922358725908,0.0,-3.0444398795958177e-13,-5.336658663347744,0.0,,0.0,0.40263993230271244,0.0,15.911448256808372,True
lift_and_cruse,cruise_146,0.8823213863488106,0.0,1220.1367587489706,1242.98690925699,547.4896108128896,0.8581799267782544,0.9631251770901657,0.16050922358751646,0.0,-3.0444398796072687e-13,-5.336658663347744,0.0,,0.0,0.4026399323030161,0.0,15.915574553979104,True
lift_and_cruse,cruise_146,0.8823551881532871,0.0,1220.136758748633,1242.9869092552751,547.4896108121754,0.8581799267783375,0.9631251770901779,0.16050922358740108,0.0,-3.0444398796030687e-13,-5.336658663347744,0.0,,0.0,0.4026399323029047,0.0,15.927136181730924,True
lift_and_cruse,cruise_146,0.8824040395998611,0.0,1220.1367587480906,1242.986909252521,547.489610811209,0.858179926778471,0.9631251770901924,0.1605092235872561,0.0,-3.0444398795963226e-13,-5.336658663347744,0.0,,0.0,0.40263993230272577,0.0,15.943843217893525,True
lift_and_cruse,cruise_146,0.882458269510345,0.0,1220.1367587474626,1242.9869092493313,547.4896108100178,0.8581799267786253,0.9631251770902113,0.16050922358706457,0.0,-3.04443987958851e-13,-5.336658663347744,0.0,,0.0,0.4026399323025185,0.0,15.962386629056551,True
lift_and_cruse,cruise_146,0.8825071369903162,0.0,1220.1367587468783,1242.9869092463637,547.489610808872,0.858179926778769,0.9631251770902299,0.1605092235868874,0.0,-3.0444398795812416e-13,-5.336658663347744,0.0,,0.0,0.40263993230232575,0.0,15.979093665219153,True
lift_and_cruse,cruise_146,0.8825409587880441,0.0,1220.136758746399,1242.9869092439294,547.4896108079998,0.8581799267788868,0.9631251770902433,0.1605092235867538,0.0,-3.0444398795752796e-13,-5.336658663347744,0.0,,0.0,0.4026399323021675,0.0,15.990655292970972,True
lift_and_cruse,cruise_146,0.8825530305300592,0.0,1220.136758746233,1242.986909243084,547.4896108077597,0.8581799267789274,0.9631251770902463,0.16050922358673736,0.0,-3.044439879573209e-13,-5.336658663347744,0.0,,0.0,0.40263993230211276,0.0,15.994781590141706,True
lift_and_cruse,cruise_147,0.8825484933668335,0.0,1220.1308871214121,1242.983295383814,547.4872800684001,0.8581791946636447,0.9631251174583332,0.16051008510795947,0.0,-3.0444310281708337e-13,-5.336658663347744,0.0,,0.0,0.4026379946909364,0.0,15.994781590141706,True
lift_and_cruse,cruise_147,0.8825605653725673,0.0,1220.1308871230103,1242.9832953919313,547.4872800714938,0.8581791946632517,0.9631251174582836,0.16051008510845738,0.0,-3.0444310281907155e-13,-5.336658663347744,0.0,,0.0,0.40263799469146383,0.0,15.998907887312438,True
lift_and_cruse,cruise_147,0.8825943928491904,0.0,1220.1308871227197,1242.9832953904574,547.4872800707827,0.8581791946633233,0.9631251174582965,0.16051008510832523,0.0,-3.0444310281871057e-13,-5.336658663347744,0.0,,0.0,0.40263799469136785,0.0,16.01046951506426,True
lift_and_cruse,cruise_147,0.8826432814098961,0.0,1220.130887122228,1242.9832953879586,547.4872800699652,0.858179194663444,0.9631251174583083,0.16051008510820192,0.0,-3.044431028180985e-13,-5.336658663347744,0.0,,0.0,0.40263799469120565,0.0,16.02717655122686,True
lift_and_cruse,cruise_147,0.8826975525372793,0.0,1220.1308871216982,1242.9832953852683,547.4872800689319,0.8581791946635742,0.963125117458325,0.16051008510805578,0.0,-3.044431028174396e-13,-5.336658663347744,0.0,,0.0,0.4026379946910308,0.0,16.045719962389885,True
lift_and_cruse,cruise_147,0.8827464571733462,0.0,1220.1308871211547,1242.9832953825066,547.4872800678987,0.8581791946637078,0.9631251174583413,0.16051008510789144,0.0,-3.044431028167632e-13,-5.336658663347744,0.0,,0.0,0.4026379946908515,0.0,16.062426998552485,True
lift_and_cruse,cruise_147,0.88278030469561,0.0,1220.130887120778,1242.9832953805949,547.4872800670934,0.8581791946638007,0.963125117458355,0.16051008510775727,0.0,-3.044431028162949e-13,-5.336658663347744,0.0,,0.0,0.40263799469072714,0.0,16.073988626304306,True
lift_and_cruse,cruise_147,0.8827923856208723,0.0,1220.1308871206015,1242.9832953796977,547.4872800667864,0.8581791946638437,0.9631251174583596,0.16051008510770487,0.0,-3.0444310281607514e-13,-5.336658663347744,0.0,,0.0,0.40263799469066897,0.0,16.078114923475038,True
lift_and_cruse,cruise_148,0.8840709345967317,0.0,1221.7842048383125,1244.0081151911363,548.1457844918697,0.8583842634961923,0.9631418285613011,0.16026851020768046,0.0,-3.046941112764314e-13,-5.336658663347744,0.0,,0.0,0.40318358249397146,0.0,16.078114923475038,True
lift_and_cruse,cruise_148,0.884083070660217,0.0,1221.784202021743,1244.0081008647028,548.1457790000928,0.8583842641876719,0.9631418286498452,0.1602685093409035,0.0,-3.046941077674672e-13,-5.336658663347744,0.0,,0.0,0.40318358156451556,0.0,16.08224122064577,True
lift_and_cruse,cruise_148,0.8841170854773615,0.0,1221.7842024839665,1244.0081032151656,548.1457799012743,0.8583842640742462,0.9631418286353162,0.16026850948313645,0.0,-3.0469410834316457e-13,-5.336658663347744,0.0,,0.0,0.4031835817170473,0.0,16.09380284839759,True
lift_and_cruse,cruise_148,0.8841663071424933,0.0,1221.7842696464093,1244.0084448324394,548.1459108511798,0.858384247585874,0.9631418265240476,0.16026853015047793,0.0,-3.046941920152647e-13,-5.336658663347744,0.0,,0.0,0.40318360388036734,0.0,16.11050988456019,True
lift_and_cruse,cruise_148,0.8842208162593913,0.0,1221.7842033934376,1244.0081078405165,548.1457816743927,0.8583842638510212,0.96314182860673,0.16026850976296586,0.0,-3.0469410947604875e-13,-5.336658663347744,0.0,,0.0,0.40318358201716886,0.0,16.129053295723217,True
lift_and_cruse,cruise_148,0.8842699922751267,0.0,1221.7842043952298,1244.0081129355538,548.1457836274876,0.8583842636051239,0.9631418285752423,0.16026851007118947,0.0,-3.04694110723973e-13,-5.336658663347744,0.0,,0.0,0.40318358234775603,0.0,16.14576033188582,True
lift_and_cruse,cruise_148,0.8843040275943697,0.0,1221.784205009862,1244.0081160618677,548.1457848260613,0.8583842634542296,0.963141828555916,0.1602685102603892,0.0,-3.046941114896991e-13,-5.336658663347744,0.0,,0.0,0.40318358255058206,0.0,16.15732195963764,True
lift_and_cruse,cruise_148,0.8843161753381216,0.0,1221.78420499547,1244.0081159886336,548.1457847978745,0.8583842634577652,0.9631418285563719,0.160268510255926,0.0,-3.046941114717619e-13,-5.336658663347744,0.0,,0.0,0.40318358254583275,0.0,16.16144825680837,True
lift_and_cruse,cruise_149,0.883399862014586,0.0,1220.5999411003195,1243.2725639917412,547.6736420685188,0.8582375942305769,0.9631298749276468,0.1604413415640036,0.0,-3.0451395319204176e-13,-5.336658663347744,0.0,,0.0,0.40279278050568995,0.0,16.16144825680837,True
lift_and_cruse,cruise_149,0.8834119695965397,0.0,1220.5999416396653,1243.272566732247,547.6736431186273,0.8582375940980046,0.9631298749107321,0.16044134172984428,0.0,-3.0451395386327207e-13,-5.336658663347744,0.0,,0.0,0.40279278068367186,0.0,16.165574553979106,True
lift_and_cruse,cruise_149,0.8834458948134077,0.0,1220.5999410482932,1243.2725637273875,547.673641967122,0.8582375942433648,0.9631298749292811,0.16044134154798498,0.0,-3.0451395312729377e-13,-5.336658663347744,0.0,,0.0,0.4027927804885216,0.0,16.177136181730923,True
lift_and_cruse,cruise_149,0.8834949257181549,0.0,1220.5999413125685,1243.2725650702141,547.6736424817402,0.8582375941784055,0.963129874920991,0.160441341629265,0.0,-3.045139534561914e-13,-5.336658663347744,0.0,,0.0,0.40279278057573126,0.0,16.193843217893527,True
lift_and_cruse,cruise_149,0.8835493553389072,0.0,1220.5999420578732,1243.2725688572311,547.6736439328777,0.8582375939952087,0.9631298748976165,0.16044134185843373,0.0,-3.0451395438374306e-13,-5.336658663347744,0.0,,0.0,0.40279278082167863,0.0,16.212386629056553,True
lift_and_cruse,cruise_149,0.8835984022223135,0.0,1220.5999420647277,1243.2725688920596,547.6736439461854,0.8582375939935233,0.9631298748974025,0.16044134186053968,0.0,-3.0451395439227356e-13,-5.336658663347744,0.0,,0.0,0.40279278082394054,0.0,16.229093665219153,True
lift_and_cruse,cruise_149,0.8836323478604359,0.0,1220.5999416827383,1243.2725669511074,547.6736432024586,0.8582375940874172,0.9631298749093821,0.16044134174308927,0.0,-3.045139539168774e-13,-5.336658663347744,0.0,,0.0,0.4027927806978857,0.0,16.240655292970974,True
lift_and_cruse,cruise_149,0.8836444641240929,0.0,1220.599941880828,1243.272567957635,547.6736435881617,0.8582375940387263,0.9631298749031691,0.16044134180400715,0.0,-3.0451395416340555e-13,-5.336658663347744,0.0,,0.0,0.4027927807632545,0.0,16.244781590141706,True
lift_and_cruse,cruise_150,0.8843305314076141,0.0,1221.4862844450258,1243.8223943844198,548.0268236763134,0.8583474658892247,0.9631388283874397,0.1603118996024134,0.0,-3.046486227981353e-13,-5.336658663347744,0.0,,0.0,0.40308527003340133,0.0,16.244781590141706,True
lift_and_cruse,cruise_150,0.8843426787911806,0.0,1221.4862844448182,1243.822394383366,548.026823675818,0.8583474658892756,0.9631388283874487,0.16031189960234649,0.0,-3.0464862279787717e-13,-5.336658663347744,0.0,,0.0,0.4030852700333329,0.0,16.248907887312438,True
lift_and_cruse,cruise_150,0.8843767175225978,0.0,1221.486284444775,1243.822394383145,548.0268236757968,0.858347465889286,0.9631388283874482,0.16031189960233738,0.0,-3.0464862279782305e-13,-5.336658663347744,0.0,,0.0,0.40308527003331857,0.0,16.26046951506426,True
lift_and_cruse,cruise_150,0.8844259114748274,0.0,1221.4862844448164,1243.8223943833564,548.0268236758119,0.8583474658892762,0.9631388283874488,0.16031189960233386,0.0,-3.0464862279787485e-13,-5.336658663347744,0.0,,0.0,0.4030852700333322,0.0,16.27717655122686,True
lift_and_cruse,cruise_150,0.8844805217265528,0.0,1221.4862844448776,1243.8223943836665,548.0268236759243,0.8583474658892608,0.9631388283874469,0.16031189960234637,0.0,-3.046486227979508e-13,-5.336658663347744,0.0,,0.0,0.40308527003335237,0.0,16.295719962389885,True
lift_and_cruse,cruise_150,0.8845297320521016,0.0,1221.4862844448137,1243.8223943833418,548.0268236758515,0.8583474658892765,0.9631388283874477,0.16031189960234088,0.0,-3.0464862279787126e-13,-5.336658663347744,0.0,,0.0,0.40308527003333133,0.0,16.312426998552485,True
lift_and_cruse,cruise_150,0.8845637912008708,0.0,1221.4862844448182,1243.8223943833646,548.0268236757906,0.8583474658892754,0.9631388283874494,0.16031189960233555,0.0,-3.046486227978768e-13,-5.336658663347744,0.0,,0.0,0.4030852700333329,0.0,16.323988626304306,True
lift_and_cruse,cruise_150,0.8845759476711975,0.0,1221.4862844448146,1243.8223943833455,548.0268236758515,0.8583474658892762,0.9631388283874477,0.16031189960235032,0.0,-3.0464862279787217e-13,-5.336658663347744,0.0,,0.0,0.40308527003333167,0.0,16.328114923475038,True
lift_and_cruse,cruise_151,0.8844294578321619,0.0,1221.2971397457495,1243.7047249597294,547.9513694881657,0.8583240679486427,0.9631369210090978,0.16033947996608267,0.0,-3.046198021012744e-13,-5.336658663347744,0.0,,0.0,0.4030228530884434,0.0,16.328114923475038,True
lift_and_cruse,cruise_151,0.8844416081768651,0.0,1221.2971397447827,1243.7047249548127,547.9513694863454,0.8583240679488803,0.9631369210091264,0.16033947996579467,0.0,-3.046198021000701e-13,-5.336658663347744,0.0,,0.0,0.40302285308812436,0.0,16.33224122064577,True
lift_and_cruse,cruise_151,0.884475655210448,0.0,1221.2971397449337,1243.7047249555812,547.9513694864821,0.858324067948843,0.963136921009126,0.16033947996581213,0.0,-3.046198021002584e-13,-5.336658663347744,0.0,,0.0,0.40302285308817415,0.0,16.34380284839759,True
lift_and_cruse,cruise_151,0.8845248611677727,0.0,1221.2971397452743,1243.704724957314,547.9513694872539,0.8583240679487594,0.9631369210091122,0.1603394799659328,0.0,-3.046198021006828e-13,-5.336658663347744,0.0,,0.0,0.4030228530882865,0.0,16.36050988456019,True
lift_and_cruse,cruise_151,0.8845794847549563,0.0,1221.2971397452764,1243.7047249573236,547.9513694872358,0.8583240679487586,0.9631369210091129,0.1603394799659273,0.0,-3.0461980210068515e-13,-5.336658663347744,0.0,,0.0,0.4030228530882872,0.0,16.379053295723217,True
lift_and_cruse,cruise_151,0.8846287071057831,0.0,1221.2971397455456,1243.7047249586922,547.9513694877859,0.8583240679486931,0.9631369210091038,0.16033947996601286,0.0,-3.0461980210102033e-13,-5.336658663347744,0.0,,0.0,0.40302285308837604,0.0,16.39576033188582,True
lift_and_cruse,cruise_151,0.8846627745814355,0.0,1221.2971397452784,1243.7047249573345,547.9513694872722,0.8583240679487582,0.963136921009112,0.16033947996594328,0.0,-3.046198021006878e-13,-5.336658663347744,0.0,,0.0,0.40302285308828784,0.0,16.40732195963764,True
lift_and_cruse,cruise_151,0.8846749340247917,0.0,1221.29713974528,1243.704724957342,547.9513694872601,0.8583240679487578,0.9631369210091122,0.1603394799659507,0.0,-3.0461980210068964e-13,-5.336658663347744,0.0,,0.0,0.4030228530882884,0.0,16.41144825680837,True
lift_and_cruse,cruise_152,0.8845047670207403,0.0,1221.0775156626894,1243.568279995184,547.8637441181855,0.8582968777825899,0.9631347059258598,0.16037151292241078,0.0,-3.045863827234563e-13,-5.336658663347744,0.0,,0.0,0.4029503780766864,0.0,16.41144825680837,True
lift_and_cruse,cruise_152,0.8845169192669261,0.0,1221.077515662692,1243.568279995195,547.8637441181489,0.8582968777825896,0.9631347059258607,0.16037151292240567,0.0,-3.0458638272345904e-13,-5.336658663347744,0.0,,0.0,0.4029503780766872,0.0,16.415574553979106,True
lift_and_cruse,cruise_152,0.8845509716282305,0.0,1221.0775156627333,1243.5682799954043,547.8637441181946,0.8582968777825791,0.9631347059258604,0.16037151292241078,0.0,-3.045863827235103e-13,-5.336658663347744,0.0,,0.0,0.4029503780767008,0.0,16.427136181730923,True
lift_and_cruse,cruise_152,0.8846001852906679,0.0,1221.0775156626974,1243.5682799952215,547.8637441181855,0.8582968777825881,0.9631347059258599,0.16037151292241503,0.0,-3.045863827234655e-13,-5.336658663347744,0.0,,0.0,0.402950378076689,0.0,16.443843217893527,True
lift_and_cruse,cruise_152,0.8846548174393354,0.0,1221.0775156626935,1243.568279995203,547.8637441181156,0.858296877782589,0.9631347059258617,0.1603715129223935,0.0,-3.04586382723461e-13,-5.336658663347744,0.0,,0.0,0.4029503780766877,0.0,16.462386629056553,True
lift_and_cruse,cruise_152,0.8847040475117268,0.0,1221.0775156626946,1243.5682799952087,547.8637441182372,0.8582968777825885,0.9631347059258585,0.1603715129224206,0.0,-3.0458638272346237e-13,-5.336658663347744,0.0,,0.0,0.4029503780766881,0.0,16.479093665219153,True
lift_and_cruse,cruise_152,0.8847381203358213,0.0,1221.0775156626949,1243.5682799952099,547.8637441181065,0.8582968777825883,0.963134705925862,0.16037151292238713,0.0,-3.0458638272346267e-13,-5.336658663347744,0.0,,0.0,0.40295037807668826,0.0,16.490655292970974,True
lift_and_cruse,cruise_152,0.8847502816888307,0.0,1221.0775156626949,1243.5682799952099,547.8637441182037,0.8582968777825883,0.9631347059258594,0.16037151292241916,0.0,-3.0458638272346267e-13,-5.336658663347744,0.0,,0.0,0.40295037807668826,0.0,16.494781590141706,True
lift_and_cruse,cruise_153,0.8839690928297393,0.0,1220.0694405677361,1242.9454872638416,547.4628921220631,0.8581715314543882,0.963124493292436,0.16051910242687487,0.0,-3.044338424984622e-13,-5.336658663347744,0.0,,0.0,0.4026177175900008,0.0,16.494781590141706,True
lift_and_cruse,cruise_153,0.8839812194737721,0.0,1220.069440566597,1242.945487258056,547.4628921199023,0.8581715314546684,0.9631244932924702,0.16051910242654865,0.0,-3.0443384249704507e-13,-5.336658663347744,0.0,,0.0,0.40261771758962495,0.0,16.498907887312438,True
lift_and_cruse,cruise_153,0.8840152000902002,0.0,1220.0694405669533,1242.9454872598658,547.4628921205223,0.8581715314545808,0.9631244932924611,0.16051910242664008,0.0,-3.044338424974884e-13,-5.336658663347744,0.0,,0.0,0.40261771758974246,0.0,16.51046951506426,True
lift_and_cruse,cruise_153,0.8840643100447574,0.0,1220.069440566992,1242.9454872600609,547.4628921205435,0.8581715314545716,0.9631244932924612,0.16051910242663883,0.0,-3.0443384249753616e-13,-5.336658663347744,0.0,,0.0,0.40261771758975523,0.0,16.52717655122686,True
lift_and_cruse,cruise_153,0.8841188270398024,0.0,1220.0694405660233,1242.9454872551419,547.4628921187079,0.8581715314548096,0.9631244932924903,0.1605191024263471,0.0,-3.0443384249633134e-13,-5.336658663347744,0.0,,0.0,0.40261771758943565,0.0,16.545719962389885,True
lift_and_cruse,cruise_153,0.8841683034099354,0.0,1220.0694405667095,1242.9454872586252,547.4628921199995,0.8581715314546409,0.9631244932924701,0.1605191024265525,0.0,-3.044338424971845e-13,-5.336658663347744,0.0,,0.0,0.402617717589662,0.0,16.562426998552485,True
lift_and_cruse,cruise_153,0.8842027225017499,0.0,1220.0694405662719,1242.9454872564045,547.4628921191273,0.8581715314547486,0.9631244932924843,0.1605191024264058,0.0,-3.044338424966406e-13,-5.336658663347744,0.0,,0.0,0.40261771758951764,0.0,16.573988626304306,True
lift_and_cruse,cruise_153,0.8842150078810133,0.0,1220.0694405667011,1242.9454872585827,547.4628921200695,0.8581715314546432,0.963124493292468,0.16051910242657086,0.0,-3.044338424971741e-13,-5.336658663347744,0.0,,0.0,0.4026177175896593,0.0,16.578114923475038,True
lift_and_cruse,cruise_154,0.8842103208771065,0.0,1220.0633938434883,1242.9417677906383,547.460492517212,0.8581707771862753,0.9631244318589431,0.1605199899356799,0.0,-3.044329314902716e-13,-5.336658663347744,0.0,,0.0,0.4026157221967596,0.0,16.578114923475038,True
lift_and_cruse,cruise_154,0.8842226067439662,0.0,1220.063393843535,1242.9417677908762,547.4604925173122,0.8581707771862634,0.9631244318589414,0.1605199899357029,0.0,-3.0443293149032987e-13,-5.336658663347744,0.0,,0.0,0.40261572219677505,0.0,16.58224122064577,True
lift_and_cruse,cruise_154,0.8842570347527364,0.0,1220.0633938434391,1242.9417677903873,547.4604925171634,0.858170777186287,0.9631244318589434,0.16051998993567299,0.0,-3.044329314902101e-13,-5.336658663347744,0.0,,0.0,0.4026157221967434,0.0,16.59380284839759,True
lift_and_cruse,cruise_154,0.8843067944983272,0.0,1220.0633938436354,1242.9417677913832,547.4604925174856,0.8581707771862394,0.9631244318589387,0.16051998993571653,0.0,-3.04432931490454e-13,-5.336658663347744,0.0,,0.0,0.40261572219680813,0.0,16.61050988456019,True
lift_and_cruse,cruise_154,0.8843620372592811,0.0,1220.0633938440724,1242.9417677936042,547.4604925183304,0.8581707771861317,0.9631244318589253,0.1605199899358624,0.0,-3.04432931490998e-13,-5.336658663347744,0.0,,0.0,0.40261572219695235,0.0,16.629053295723217,True
lift_and_cruse,cruise_154,0.8844118215311735,0.0,1220.0633938434385,1242.9417677903853,547.4604925171665,0.8581707771862875,0.9631244318589433,0.160519989935674,0.0,-3.044329314902096e-13,-5.336658663347744,0.0,,0.0,0.40261572219674313,0.0,16.64576033188582,True
lift_and_cruse,cruise_154,0.8844462801247952,0.0,1220.0633938434405,1242.9417677903955,547.460492517136,0.8581707771862865,0.963124431858944,0.16051998993566896,0.0,-3.0443293149021213e-13,-5.336658663347744,0.0,,0.0,0.4026157221967438,0.0,16.65732195963764,True
lift_and_cruse,cruise_154,0.8844585796035636,0.0,1220.0633938439232,1242.9417677928475,547.4604925180599,0.858170777186168,0.9631244318589294,0.16051998993581984,0.0,-3.044329314908127e-13,-5.336658663347744,0.0,,0.0,0.40261572219690317,0.0,16.66144825680837,True
lift_and_cruse,cruise_155,0.8844538700480865,0.0,1220.057320927794,1242.9380324013605,547.4580825762855,0.8581700196221087,0.9631243701572473,0.16052088131547493,0.0,-3.0443201658376705e-13,-5.336658663347744,0.0,,0.0,0.40261371816045255,0.0,16.66144825680837,True
lift_and_cruse,cruise_155,0.8844661700138409,0.0,1220.057320927605,1242.9380324003998,547.4580825760058,0.8581700196221552,0.9631243701572507,0.16052088131542755,0.0,-3.044320165835318e-13,-5.336658663347744,0.0,,0.0,0.4026137181603902,0.0,16.665574553979106,True
lift_and_cruse,cruise_155,0.8845006375319366,0.0,1220.0573209276051,1242.9380324004007,547.4580825760058,0.8581700196221551,0.9631243701572507,0.16052088131542275,0.0,-3.04432016583532e-13,-5.336658663347744,0.0,,0.0,0.40261371816039027,0.0,16.677136181730923,True
lift_and_cruse,cruise_155,0.8845504543813935,0.0,1220.0573209276888,1242.9380324008257,547.4580825761822,0.8581700196221348,0.9631243701572477,0.1605208813154634,0.0,-3.044320165836361e-13,-5.336658663347744,0.0,,0.0,0.4026137181604179,0.0,16.693843217893527,True
lift_and_cruse,cruise_155,0.8846057605384328,0.0,1220.05732092769,1242.9380324008307,547.4580825761426,0.8581700196221344,0.9631243701572489,0.1605208813154513,0.0,-3.044320165836373e-13,-5.336658663347744,0.0,,0.0,0.4026137181604183,0.0,16.712386629056553,True
lift_and_cruse,cruise_155,0.8846556019436084,0.0,1220.057320927818,1242.938032401481,547.4580825763371,0.8581700196221029,0.9631243701572464,0.16052088131547992,0.0,-3.044320165837966e-13,-5.336658663347744,0.0,,0.0,0.40261371816046054,0.0,16.729093665219153,True
lift_and_cruse,cruise_155,0.8846901000819417,0.0,1220.0573209276026,1242.9380324003876,547.4580825760485,0.8581700196221559,0.9631243701572496,0.160520881315437,0.0,-3.0443201658352875e-13,-5.336658663347744,0.0,,0.0,0.40261371816038943,0.0,16.740655292970974,True
lift_and_cruse,cruise_155,0.8847024136752444,0.0,1220.0573209276063,1242.9380324004073,547.4580825759876,0.8581700196221549,0.9631243701572513,0.1605208813154178,0.0,-3.044320165835336e-13,-5.336658663347744,0.0,,0.0,0.4026137181603906,0.0,16.744781590141706,True
lift_and_cruse,cruise_156,0.8846976813795726,0.0,1220.0512215996966,1242.9342810005314,547.4556622256177,0.8581692587308017,0.9631243081847211,0.16052177660290087,0.0,-3.044310977555635e-13,-5.336658663347744,0.0,,0.0,0.40261170540816515,0.0,16.744781590141706,True
lift_and_cruse,cruise_156,0.8847099954404436,0.0,1220.0512215787671,1242.9342808942356,547.4556621850438,0.8581692587359491,0.9631243081853728,0.16052177659650674,0.0,-3.044310977295286e-13,-5.336658663347744,0.0,,0.0,0.4026117054012585,0.0,16.748907887312438,True
lift_and_cruse,cruise_156,0.8847445025227036,0.0,1220.051221590933,1242.9342809560235,547.4556622087482,0.858169258732957,0.9631243081849907,0.16052177660025466,0.0,-3.0443109774466225e-13,-5.336658663347744,0.0,,0.0,0.40261170540527313,0.0,16.76046951506426,True
lift_and_cruse,cruise_156,0.8847943765388946,0.0,1220.051221590933,1242.9342809560253,547.4556622087421,0.858169258732957,0.9631243081849908,0.16052177660025704,0.0,-3.044310977446627e-13,-5.336658663347744,0.0,,0.0,0.40261170540527313,0.0,16.77717655122686,True
lift_and_cruse,cruise_156,0.8848497461621991,0.0,1220.0512215909291,1242.9342809560053,547.4556622087998,0.8581692587329579,0.9631243081849892,0.16052177660027767,0.0,-3.044310977446578e-13,-5.336658663347744,0.0,,0.0,0.40261170540527186,0.0,16.795719962389885,True
lift_and_cruse,cruise_156,0.884899644762704,0.0,1220.0512215909275,1242.9342809559962,547.4556622088423,0.8581692587329581,0.963124308184988,0.16052177660027928,0.0,-3.0443109774465553e-13,-5.336658663347744,0.0,,0.0,0.40261170540527136,0.0,16.812426998552485,True
lift_and_cruse,cruise_156,0.8849341824896577,0.0,1220.0512215909266,1242.9342809559903,547.4556622088514,0.8581692587329581,0.9631243081849877,0.16052177660029282,0.0,-3.044310977446541e-13,-5.336658663347744,0.0,,0.0,0.402611705405271,0.0,16.823988626304306,True
lift_and_cruse,cruise_156,0.8849465102134803,0.0,1220.0512215909293,1242.9342809560042,547.4556622088211,0.8581692587329577,0.9631243081849886,0.16052177660027667,0.0,-3.044310977446575e-13,-5.336658663347744,0.0,,0.0,0.40261170540527197,0.0,16.828114923475038,True
lift_and_cruse,cruise_157,0.8849417549596931,0.0,1220.045095600984,1242.9305133170708,547.4532313234994,0.8581684944892956,0.9631242459397846,0.16052267582451327,0.0,-3.044301749392655e-13,-5.336658663347744,0.0,,0.0,0.4026096838546882,0.0,16.828114923475038,True
lift_and_cruse,cruise_157,0.8849540831709143,0.0,1220.0450956015252,1242.9305133198193,547.4532313245812,0.8581684944891625,0.963124245939767,0.16052267582468846,0.0,-3.044301749399387e-13,-5.336658663347744,0.0,,0.0,0.4026096838548668,0.0,16.83224122064577,True
lift_and_cruse,cruise_157,0.884988629838537,0.0,1220.0450956021461,1242.9305133229732,547.4532313258211,0.8581684944890099,0.9631242459397465,0.16052267582487711,0.0,-3.0443017494071113e-13,-5.336658663347744,0.0,,0.0,0.40260968385507173,0.0,16.84380284839759,True
lift_and_cruse,cruise_157,0.8850385610838781,0.0,1220.0450956015761,1242.9305133200774,547.4532313247302,0.8581684944891501,0.9631242459397641,0.16052267582470905,0.0,-3.044301749400019e-13,-5.336658663347744,0.0,,0.0,0.4026096838548836,0.0,16.86050988456019,True
lift_and_cruse,cruise_157,0.8850939942427216,0.0,1220.0450956010188,1242.930513317248,547.4532313236605,0.8581684944892871,0.9631242459397811,0.16052267582454552,0.0,-3.0443017493930885e-13,-5.336658663347744,0.0,,0.0,0.40260968385469975,0.0,16.879053295723217,True
lift_and_cruse,cruise_157,0.8851439501015359,0.0,1220.045095600981,1242.930513317054,547.4532313235541,0.8581684944892968,0.9631242459397832,0.16052267582452417,0.0,-3.0443017493926134e-13,-5.336658663347744,0.0,,0.0,0.4026096838546872,0.0,16.89576033188582,True
lift_and_cruse,cruise_157,0.8851785274604509,0.0,1220.04509560098,1242.9305133170508,547.4532313235753,0.8581684944892966,0.9631242459397825,0.16052267582452476,0.0,-3.044301749392606e-13,-5.336658663347744,0.0,,0.0,0.4026096838546869,0.0,16.90732195963764,True
lift_and_cruse,cruise_157,0.8851908693303321,0.0,1220.0450956009831,1242.9305133170644,547.4532313235236,0.8581684944892959,0.963124245939784,0.16052267582452487,0.0,-3.044301749392639e-13,-5.336658663347744,0.0,,0.0,0.402609683854688,0.0,16.91144825680837,True
lift_and_cruse,cruise_158,0.885186091236428,0.0,1220.0389430551454,1242.9267310322527,547.4507904759439,0.858167726779506,0.9631241834087657,0.16052357912562978,0.0,-3.044292485466663e-13,-5.336658663347744,0.0,,0.0,0.40260765354077277,0.0,16.91144825680837,True
lift_and_cruse,cruise_158,0.8851984332791428,0.0,1220.0389427221357,1242.926729341014,547.4507898281042,0.8581677268614069,0.9631241834191951,0.16052357902328782,0.0,-3.044292481324323e-13,-5.336658663347744,0.0,,0.0,0.40260765343088106,0.0,16.915574553979106,True
lift_and_cruse,cruise_158,0.8852330195859092,0.0,1220.0389427221328,1242.9267293409966,547.4507898280617,0.8581677268614075,0.9631241834191964,0.16052357902328201,0.0,-3.0442924813242804e-13,-5.336658663347744,0.0,,0.0,0.4026076534308801,0.0,16.927136181730923,True
lift_and_cruse,cruise_158,0.885283008124365,0.0,1220.0389427221357,1242.926729341014,547.4507898280465,0.8581677268614069,0.9631241834191968,0.16052357902327918,0.0,-3.044292481324323e-13,-5.336658663347744,0.0,,0.0,0.40260765343088106,0.0,16.943843217893527,True
lift_and_cruse,cruise_158,0.8853385048732508,0.0,1220.0389427047703,1242.9267292528193,547.4507897943407,0.8581677268656778,0.9631241834197386,0.16052357901795547,0.0,-3.044292481108308e-13,-5.336658663347744,0.0,,0.0,0.40260765342515054,0.0,16.962386629056553,True
lift_and_cruse,cruise_158,0.8853885180697311,0.0,1220.0389427221355,1242.9267293410112,547.4507898281316,0.858167726861407,0.9631241834191945,0.16052357902329453,0.0,-3.044292481324316e-13,-5.336658663347744,0.0,,0.0,0.40260765343088106,0.0,16.979093665219153,True
lift_and_cruse,cruise_158,0.8854231351041587,0.0,1220.03894272214,1242.9267293410346,547.4507898281255,0.8581677268614059,0.9631241834191947,0.16052357902329398,0.0,-3.0442924813243733e-13,-5.336658663347744,0.0,,0.0,0.4026076534308825,0.0,16.990655292970974,True
lift_and_cruse,cruise_158,0.8854354911356372,0.0,1220.038942722139,1242.9267293410292,547.4507898280343,0.8581677268614064,0.9631241834191971,0.1605235790232769,0.0,-3.04429248132436e-13,-5.336658663347744,0.0,,0.0,0.4026076534308822,0.0,16.994781590141706,True
lift_and_cruse,cruise_159,0.8854306893676875,0.0,1220.0327627157003,1242.9229288838521,547.4483376282136,0.8581669558191068,0.9631241206207797,0.1605244862319017,0.0,-3.0442831728889257e-13,-5.336658663347744,0.0,,0.0,0.40260561405508577,0.0,16.994781590141706,True
lift_and_cruse,cruise_159,0.8854430458852954,0.0,1220.0327627156976,1242.922928883838,547.4483376282622,0.8581669558191076,0.9631241206207782,0.1605244862319035,0.0,-3.0442831728888913e-13,-5.336658663347744,0.0,,0.0,0.4026056140550848,0.0,16.998907887312438,True
lift_and_cruse,cruise_159,0.8854776718753323,0.0,1220.0327627156978,1242.9229288838396,547.44833762825,0.8581669558191074,0.9631241206207787,0.16052448623190443,0.0,-3.044283172888895e-13,-5.336658663347744,0.0,,0.0,0.4026056140550849,0.0,17.01046951506426,True
lift_and_cruse,cruise_159,0.885527717769277,0.0,1220.0327627157,1242.922928883852,547.4483376282257,0.858166955819107,0.9631241206207793,0.16052448623190604,0.0,-3.044283172888925e-13,-5.336658663347744,0.0,,0.0,0.40260561405508566,0.0,17.02717655122686,True
lift_and_cruse,cruise_159,0.8855832782102533,0.0,1220.0327627156992,1242.9229288838462,547.4483376282409,0.8581669558191073,0.963124120620779,0.16052448623191093,0.0,-3.044283172888911e-13,-5.336658663347744,0.0,,0.0,0.4026056140550854,0.0,17.045719962389885,True
lift_and_cruse,cruise_159,0.8856333487774299,0.0,1220.0327627187232,1242.9229288992037,547.4483376341184,0.8581669558183636,0.9631241206206843,0.16052448623283755,0.0,-3.0442831729265264e-13,-5.336658663347744,0.0,,0.0,0.4026056140560833,0.0,17.062426998552485,True
lift_and_cruse,cruise_159,0.885668005530481,0.0,1220.0327627182462,1242.922928896781,547.4483376332158,0.8581669558184807,0.9631241206206986,0.1605244862326984,0.0,-3.044283172920592e-13,-5.336658663347744,0.0,,0.0,0.4026056140559259,0.0,17.073988626304306,True
lift_and_cruse,cruise_159,0.8856803757367135,0.0,1220.032762715701,1242.9229288838546,547.4483376282044,0.8581669558191068,0.9631241206207799,0.16052448623189586,0.0,-3.0442831728889317e-13,-5.336658663347744,0.0,,0.0,0.40260561405508594,0.0,17.078114923475038,True
lift_and_cruse,cruise_160,0.885675550399035,0.0,1220.0265553397462,1242.9191117994424,547.4458746288487,0.8581661813318161,0.9631240575420449,0.16052539748626138,0.0,-3.044273823728517e-13,-5.336658663347744,0.0,,0.0,0.4026035656474658,0.0,17.078114923475038,True
lift_and_cruse,cruise_160,0.8856879210933983,0.0,1220.0265553397487,1242.9191117994542,547.4458746288213,0.8581661813318158,0.9631240575420457,0.16052539748626105,0.0,-3.0442738237285456e-13,-5.336658663347744,0.0,,0.0,0.40260356564746663,0.0,17.08224122064577,True
lift_and_cruse,cruise_160,0.8857225868102496,0.0,1220.0265553397505,1242.9191117994628,547.4458746288517,0.8581661813318151,0.9631240575420449,0.1605253974862747,0.0,-3.044273823728567e-13,-5.336658663347744,0.0,,0.0,0.40260356564746724,0.0,17.093802848397594,True
lift_and_cruse,cruise_160,0.885772690122617,0.0,1220.0265553397478,1242.9191117994487,547.4458746288304,0.8581661813318155,0.9631240575420453,0.1605253974862679,0.0,-3.044273823728532e-13,-5.336658663347744,0.0,,0.0,0.4026035656474664,0.0,17.110509884560194,True
lift_and_cruse,cruise_160,0.8858283143091901,0.0,1220.0265553397485,1242.9191117994535,547.4458746288457,0.8581661813318155,0.963124057542045,0.1605253974862668,0.0,-3.044273823728544e-13,-5.336658663347744,0.0,,0.0,0.40260356564746663,0.0,17.129053295723217,True
lift_and_cruse,cruise_160,0.8858784423206839,0.0,1220.0265553397498,1242.91911179946,547.445874628797,0.8581661813318153,0.9631240575420463,0.16052539748626327,0.0,-3.0442738237285603e-13,-5.336658663347744,0.0,,0.0,0.4026035656474671,0.0,17.145760331885818,True
lift_and_cruse,cruise_160,0.8859131388368374,0.0,1220.026555339749,1242.9191117994555,547.4458746288213,0.8581661813318157,0.9631240575420457,0.16052539748626246,0.0,-3.044273823728549e-13,-5.336658663347744,0.0,,0.0,0.40260356564746674,0.0,17.15732195963764,True
lift_and_cruse,cruise_160,0.885925523238181,0.0,1220.0265553397476,1242.9191117994508,547.4458746288366,0.8581661813318159,0.9631240575420452,0.16052539748627365,0.0,-3.044273823728537e-13,-5.336658663347744,0.0,,0.0,0.4026035656474663,0.0,17.16144825680837,True
lift_and_cruse,cruise_161,0.8859206741185952,0.0,1220.0203203490987,1242.9152779397693,547.443400733445,0.8581654033685381,0.9631239941804723,0.16052631282273616,0.0,-3.0442644334805627e-13,-5.336658663347744,0.0,,0.0,0.40260150812711476,0.0,17.16144825680837,True
lift_and_cruse,cruise_161,0.8859330590059606,0.0,1220.020320349842,1242.9152779435447,547.4434007348642,0.8581654033683555,0.9631239941804497,0.16052631282295846,0.0,-3.0442644334898094e-13,-5.336658663347744,0.0,,0.0,0.40260150812736006,0.0,17.165574553979106,True
lift_and_cruse,cruise_161,0.8859677644924775,0.0,1220.0203203490996,1242.915277939775,547.443400733442,0.8581654033685375,0.9631239941804723,0.16052631282274174,0.0,-3.044264433480577e-13,-5.336658663347744,0.0,,0.0,0.4026015081271151,0.0,17.177136181730926,True
lift_and_cruse,cruise_161,0.8860179252862327,0.0,1220.0203203490978,1242.9152779397643,547.4434007334845,0.8581654033685381,0.9631239941804712,0.16052631282274873,0.0,-3.0442644334805506e-13,-5.336658663347744,0.0,,0.0,0.4026015081271145,0.0,17.193843217893527,True
lift_and_cruse,cruise_161,0.8860736132882905,0.0,1220.0203203491017,1242.9152779397837,547.4434007334025,0.8581654033685373,0.9631239941804735,0.16052631282273047,0.0,-3.044264433480598e-13,-5.336658663347744,0.0,,0.0,0.40260150812711576,0.0,17.21238662905655,True
lift_and_cruse,cruise_161,0.8861237988099416,0.0,1220.0203203491042,1242.9152779397964,547.443400733369,0.8581654033685367,0.9631239941804745,0.16052631282273064,0.0,-3.044264433480629e-13,-5.336658663347744,0.0,,0.0,0.4026015081271166,0.0,17.22909366521915,True
lift_and_cruse,cruise_161,0.8861585350912691,0.0,1220.0203203056262,1242.915277718991,547.4434006489178,0.85816540337923,0.9631239941818327,0.16052631280939259,0.0,-3.044264432939812e-13,-5.336658663347744,0.0,,0.0,0.402601508112769,0.0,17.240655292970974,True
lift_and_cruse,cruise_161,0.8861709337117283,0.0,1220.0203203171127,1242.9152777773263,547.4434006712606,0.858165403376405,0.963123994181473,0.16052631281293994,0.0,-3.044264433082692e-13,-5.336658663347744,0.0,,0.0,0.4026015081165595,0.0,17.244781590141706,True
lift_and_cruse,cruise_162,0.8861660606254114,0.0,1220.014057495263,1242.9114271548135,547.4409158441764,0.8581646218978551,0.9631239305335083,0.16052723227816576,0.0,-3.044255001777622e-13,-5.336658663347744,0.0,,0.0,0.4025994414120303,0.0,17.244781590141706,True
lift_and_cruse,cruise_162,0.8861784597186706,0.0,1220.0140574939326,1242.9114271480566,547.4409158416814,0.8581646218981823,0.9631239305335475,0.16052723227777657,0.0,-3.0442550017610725e-13,-5.336658663347744,0.0,,0.0,0.40259944141159126,0.0,17.248907887312438,True
lift_and_cruse,cruise_162,0.8862132050272779,0.0,1220.014057501816,1242.9114271880937,547.4409158568947,0.8581646218962433,0.9631239305333038,0.1605272322801764,0.0,-3.044255001859135e-13,-5.336658663347744,0.0,,0.0,0.4025994414141928,0.0,17.26046951506426,True
lift_and_cruse,cruise_162,0.8862634233591989,0.0,1220.0140574952595,1242.911427154795,547.4409158442372,0.858164621897856,0.9631239305335066,0.16052723227816618,0.0,-3.0442550017775767e-13,-5.336658663347744,0.0,,0.0,0.4025994414120292,0.0,17.27717655122686,True
lift_and_cruse,cruise_162,0.8863191752466628,0.0,1220.0140574952625,1242.9114271548115,547.4409158441886,0.8581646218978553,0.9631239305335079,0.16052723227816768,0.0,-3.044255001777617e-13,-5.336658663347744,0.0,,0.0,0.40259944141203013,0.0,17.29571996238988,True
lift_and_cruse,cruise_162,0.8863694182895198,0.0,1220.014057440309,1242.9114268757278,547.4409157373944,0.858164621911371,0.963123930535226,0.1605272322613047,0.0,-3.044255001094059e-13,-5.336658663347744,0.0,,0.0,0.40259944139389575,0.0,17.312426998552485,True
lift_and_cruse,cruise_162,0.8864041945137184,0.0,1220.0140574952595,1242.9114271547962,547.4409158442463,0.8581646218978559,0.9631239305335063,0.16052723227817048,0.0,-3.04425500177758e-13,-5.336658663347744,0.0,,0.0,0.4025994414120292,0.0,17.323988626304306,True
lift_and_cruse,cruise_162,0.8864166073471634,0.0,1220.0140574952593,1242.9114271547933,547.4409158442494,0.858164621897856,0.9631239305335062,0.1605272322781796,0.0,-3.0442550017775727e-13,-5.336658663347744,0.0,,0.0,0.402599441412029,0.0,17.328114923475038,True
lift_and_cruse,cruise_163,0.8864117100164323,0.0,1220.0077665271172,1242.9075592963436,547.4384198636333,0.8581638368877368,0.9631238665985331,0.16052815589018113,0.0,-3.0442455282566324e-13,-5.336658663347744,0.0,,0.0,0.40259736541934327,0.0,17.328114923475038,True
lift_and_cruse,cruise_163,0.8864241233336215,0.0,1220.007766526345,1242.9075592924219,547.4384198621746,0.8581638368879265,0.9631238665985561,0.16052815588995684,0.0,-3.044245528247027e-13,-5.336658663347744,0.0,,0.0,0.40259736541908847,0.0,17.33224122064577,True
lift_and_cruse,cruise_163,0.8864589084923148,0.0,1220.0077665263498,1242.907559292447,547.4384198620925,0.8581638368879252,0.9631238665985584,0.16052815588994282,0.0,-3.044245528247089e-13,-5.336658663347744,0.0,,0.0,0.40259736541908997,0.0,17.343802848397594,True
lift_and_cruse,cruise_163,0.8865091844176974,0.0,1220.007766505111,1242.9075591845844,547.4384198208348,0.8581638368931489,0.963123866599222,0.16052815588342373,0.0,-3.0442455279829015e-13,-5.336658663347744,0.0,,0.0,0.4025973654120813,0.0,17.360509884560194,True
lift_and_cruse,cruise_163,0.8865650002729258,0.0,1220.0077665182603,1242.9075592513639,547.4384198463778,0.8581638368899153,0.9631238665988112,0.16052815588745434,0.0,-3.044245528146464e-13,-5.336658663347744,0.0,,0.0,0.40259736541642055,0.0,17.379053295723217,True
lift_and_cruse,cruise_163,0.8866153010134011,0.0,1220.007766528285,1242.9075593022721,547.43841986587,0.8581638368874493,0.9631238665984976,0.1605281558905361,0.0,-3.0442455282711535e-13,-5.336658663347744,0.0,,0.0,0.4025973654197286,0.0,17.395760331885818,True
lift_and_cruse,cruise_163,0.8866501170836093,0.0,1220.007766533013,1242.907559326286,547.4384198750145,0.8581638368862864,0.9631238665983509,0.16052815589197972,0.0,-3.0442455283299705e-13,-5.336658663347744,0.0,,0.0,0.4025973654212888,0.0,17.40732195963764,True
lift_and_cruse,cruise_163,0.8866625441501541,0.0,1220.0077665263514,1242.9075592924557,547.4384198620712,0.8581638368879252,0.963123866598559,0.16052815588994165,0.0,-3.04424552824711e-13,-5.336658663347744,0.0,,0.0,0.4025973654190906,0.0,17.41144825680837,True
lift_and_cruse,cruise_164,0.8866576224643063,0.0,1220.0014472731582,1242.9036746358763,547.4359128540243,0.8581630482852874,0.9631238023703069,0.16052908372234562,0.0,-3.0442360135826186e-13,-5.336658663347744,0.0,,0.0,0.4025952800924584,0.0,17.41144825680837,True
lift_and_cruse,cruise_164,0.8866700499474927,0.0,1220.0014471952672,1242.9036742403084,547.4359127026478,0.8581630483044446,0.9631238023727423,0.16052908369844432,0.0,-3.0442360126137565e-13,-5.336658663347744,0.0,,0.0,0.4025952800667547,0.0,17.415574553979106,True
lift_and_cruse,cruise_164,0.886704874999539,0.0,1220.0014471870484,1242.903674198569,547.4359126866383,0.858163048306466,0.9631238023730002,0.1605290836959106,0.0,-3.0442360125115247e-13,-5.336658663347744,0.0,,0.0,0.40259528006404255,0.0,17.427136181730926,True
lift_and_cruse,cruise_164,0.8867552086041028,0.0,1220.0014471751356,1242.9036741380685,547.4359126634597,0.8581630483093959,0.9631238023733734,0.16052908369225666,0.0,-3.044236012363341e-13,-5.336658663347744,0.0,,0.0,0.4025952800601113,0.0,17.443843217893527,True
lift_and_cruse,cruise_164,0.886811088475355,0.0,1220.0014471784739,1242.9036741550237,547.4359126700027,0.8581630483085745,0.9631238023732676,0.16052908369329835,0.0,-3.044236012404869e-13,-5.336658663347744,0.0,,0.0,0.402595280061213,0.0,17.46238662905655,True
lift_and_cruse,cruise_164,0.886861446907692,0.0,1220.0014471807165,1242.9036741664122,547.4359126742908,0.8581630483080234,0.9631238023731994,0.16052908369397273,0.0,-3.0442360124327633e-13,-5.336658663347744,0.0,,0.0,0.40259528006195305,0.0,17.47909366521915,True
lift_and_cruse,cruise_164,0.8868963029165374,0.0,1220.0014471870447,1242.9036741985506,547.435912686699,0.8581630483064666,0.9631238023729985,0.16052908369592545,0.0,-3.044236012511479e-13,-5.336658663347744,0.0,,0.0,0.4025952800640413,0.0,17.490655292970974,True
lift_and_cruse,cruise_164,0.8869087442434078,0.0,1220.0014471860425,1242.903674193461,547.4359126846659,0.8581630483067133,0.9631238023730322,0.160529083695608,0.0,-3.0442360124990135e-13,-5.336658663347744,0.0,,0.0,0.40259528006371054,0.0,17.494781590141706,True
lift_and_cruse,cruise_165,0.8869037979597011,0.0,1219.995099369024,1242.8997724811798,547.4333945086396,0.8581622560837384,0.9631237378494617,0.1605300157807139,0.0,-3.0442264560601007e-13,-5.336658663347744,0.0,,0.0,0.4025931853111377,0.0,17.494781590141706,True
lift_and_cruse,cruise_165,0.8869162396286172,0.0,1219.9950992185368,1242.8997717169375,547.433394215964,0.8581622561207515,0.9631237378541725,0.160530015734486,0.0,-3.044226454188247e-13,-5.336658663347744,0.0,,0.0,0.4025931852614776,0.0,17.498907887312438,True
lift_and_cruse,cruise_165,0.8869511046153905,0.0,1219.9950991997491,1242.8997716215247,547.4333941794258,0.8581622561253722,0.9631237378547607,0.1605300157287177,0.0,-3.044226453954553e-13,-5.336658663347744,0.0,,0.0,0.4025931852552777,0.0,17.51046951506426,True
lift_and_cruse,cruise_165,0.8870014959697156,0.0,1219.9950992051154,1242.8997716487766,547.4333941899226,0.8581622561240524,0.9631237378545912,0.16053001573037926,0.0,-3.044226454021301e-13,-5.336658663347744,0.0,,0.0,0.4025931852570486,0.0,17.52717655122686,True
lift_and_cruse,cruise_165,0.8870574399444916,0.0,1219.9950992171687,1242.8997717099883,547.4333942132805,0.8581622561210877,0.963123737854216,0.1605300157340602,0.0,-3.0442264541712264e-13,-5.336658663347744,0.0,,0.0,0.4025931852610261,0.0,17.54571996238988,True
lift_and_cruse,cruise_165,0.887107856136749,0.0,1219.9950992169001,1242.8997717086256,547.4333942128276,0.8581622561211538,0.9631237378542227,0.16053001573398734,0.0,-3.0442264541678887e-13,-5.336658663347744,0.0,,0.0,0.4025931852609375,0.0,17.562426998552485,True
lift_and_cruse,cruise_165,0.8871427521209954,0.0,1219.9950992175732,1242.8997717120428,547.4333942141222,0.8581622561209881,0.9631237378542019,0.1605300157342084,0.0,-3.0442264541762584e-13,-5.336658663347744,0.0,,0.0,0.40259318526115956,0.0,17.573988626304306,True
lift_and_cruse,cruise_165,0.8871552077208646,0.0,1219.995099219147,1242.8997717200364,547.4333942171461,0.858162256120601,0.9631237378541536,0.16053001573467218,0.0,-3.044226454195837e-13,-5.336658663347744,0.0,,0.0,0.4025931852616789,0.0,17.578114923475038,True
lift_and_cruse,cruise_166,0.8871502364062455,0.0,1219.9887223584208,1242.8958516891398,547.4308643469283,0.8581614602976047,0.9631236730393745,0.1605309520446154,0.0,-3.044216852889257e-13,-5.336658663347744,0.0,,0.0,0.40259108092480633,0.0,17.578114923475038,True
lift_and_cruse,cruise_166,0.887162692488902,0.0,1219.988722359634,1242.895851695302,547.430864349238,0.8581614602973062,0.9631236730393379,0.16053095204496973,0.0,-3.0442168529043503e-13,-5.336658663347744,0.0,,0.0,0.4025910809252067,0.0,17.58224122064577,True
lift_and_cruse,cruise_166,0.887197597480688,0.0,1219.9887223584265,1242.8958516891687,547.4308643468067,0.8581614602976032,0.9631236730393778,0.16053095204458118,0.0,-3.044216852889328e-13,-5.336658663347744,0.0,,0.0,0.40259108092480816,0.0,17.593802848397594,True
lift_and_cruse,cruise_166,0.8872480466263922,0.0,1219.9887223584228,1242.8958516891487,547.4308643468797,0.8581614602976044,0.9631236730393758,0.1605309520445946,0.0,-3.044216852889279e-13,-5.336658663347744,0.0,,0.0,0.402591080924807,0.0,17.610509884560194,True
lift_and_cruse,cruise_166,0.8873040547550245,0.0,1219.9887223584215,1242.895851689142,547.430864346907,0.8581614602976043,0.9631236730393751,0.1605309520445919,0.0,-3.0442168528892627e-13,-5.336658663347744,0.0,,0.0,0.40259108092480655,0.0,17.629053295723217,True
lift_and_cruse,cruise_166,0.8873545287729023,0.0,1219.988722358423,1242.8958516891498,547.4308643468767,0.8581614602976043,0.963123673039376,0.16053095204458784,0.0,-3.0442168528892814e-13,-5.336658663347744,0.0,,0.0,0.40259108092480705,0.0,17.645760331885818,True
lift_and_cruse,cruise_166,0.8873894647201198,0.0,1219.9887222943019,1242.8958513635166,547.4308642221097,0.8581614603133747,0.9631236730413849,0.16053095202488657,0.0,-3.04421685209171e-13,-5.336658663347744,0.0,,0.0,0.40259108090364737,0.0,17.65732195963764,True
lift_and_cruse,cruise_166,0.8874019346512826,0.0,1219.9887223434916,1242.8958516133239,547.4308643178144,0.8581614603012765,0.9631236730398439,0.16053095203999596,0.0,-3.0442168527035616e-13,-5.336658663347744,0.0,,0.0,0.4025910809198797,0.0,17.66144825680837,True
lift_and_cruse,cruise_167,0.8873969382338727,0.0,1219.9823163402114,1242.8919139522454,547.428322973728,0.8581606608035012,0.9631236079258914,0.16053189266552145,0.0,-3.04420720821549e-13,-5.336658663347744,0.0,,0.0,0.40258896696608837,0.0,17.66144825680837,True
lift_and_cruse,cruise_167,0.887409408601477,0.0,1219.9823163406627,1242.891913954537,547.4283229747004,0.8581606608033904,0.9631236079258746,0.1605318926656865,0.0,-3.0442072082211024e-13,-5.336658663347744,0.0,,0.0,0.4025889669662373,0.0,17.665574553979106,True
lift_and_cruse,cruise_167,0.8874443536264109,0.0,1219.9823163406552,1242.8919139544992,547.4283229746641,0.8581606608033923,0.9631236079258755,0.16053189266567647,0.0,-3.04420720822101e-13,-5.336658663347744,0.0,,0.0,0.4025889669662349,0.0,17.677136181730926,True
lift_and_cruse,cruise_167,0.8874948606316175,0.0,1219.9823163406331,1242.8919139543882,547.4283229746579,0.8581606608033973,0.9631236079258753,0.16053189266568557,0.0,-3.044207208220738e-13,-5.336658663347744,0.0,,0.0,0.4025889669662276,0.0,17.693843217893527,True
lift_and_cruse,cruise_167,0.8875509329955116,0.0,1219.9823163406124,1242.891913954284,547.4283229745151,0.8581606608034021,0.9631236079258785,0.1605318926656548,0.0,-3.044207208220483e-13,-5.336658663347744,0.0,,0.0,0.40258896696622076,0.0,17.71238662905655,True
lift_and_cruse,cruise_167,0.8876014649018245,0.0,1219.98231634059,1242.8919139541688,547.4283229744057,0.8581606608034082,0.963123607925881,0.16053189266563386,0.0,-3.044207208220201e-13,-5.336658663347744,0.0,,0.0,0.4025889669662133,0.0,17.72909366521915,True
lift_and_cruse,cruise_167,0.8876364409779266,0.0,1219.9823163405647,1242.8919139540403,547.4283229744665,0.8581606608034146,0.9631236079258789,0.16053189266563808,0.0,-3.044207208219886e-13,-5.336658663347744,0.0,,0.0,0.402588966966205,0.0,17.740655292970974,True
lift_and_cruse,cruise_167,0.8876489251641677,0.0,1219.9823163405545,1242.8919139539887,547.4283229745181,0.858160660803417,0.9631236079258773,0.16053189266565907,0.0,-3.0442072082197595e-13,-5.336658663347744,0.0,,0.0,0.40258896696620167,0.0,17.744781590141706,True
lift_and_cruse,cruise_168,0.8876439033820889,0.0,1219.9758808949646,1242.887958347428,547.4257699919757,0.8581598576041406,0.9631235425109189,0.16053283763755904,0.0,-3.0441975197779327e-13,-5.336658663347744,0.0,,0.0,0.4025868432965735,0.0,17.744781590141706,True
lift_and_cruse,cruise_168,0.887656388051082,0.0,1219.975880895571,1242.887958350507,547.4257699931974,0.8581598576039916,0.9631235425108988,0.16053283763775728,0.0,-3.0441975197854745e-13,-5.336658663347744,0.0,,0.0,0.4025868432967737,0.0,17.748907887312438,True
lift_and_cruse,cruise_168,0.8876913731516635,0.0,1219.9758808955528,1242.8879583504156,547.4257699932186,0.8581598576039959,0.9631235425108978,0.1605328376377673,0.0,-3.044197519785251e-13,-5.336658663347744,0.0,,0.0,0.40258684329676764,0.0,17.76046951506426,True
lift_and_cruse,cruise_168,0.8877419380794728,0.0,1219.9758808955305,1242.8879583503035,547.4257699931184,0.8581598576040014,0.9631235425109002,0.16053283763773768,0.0,-3.044197519784976e-13,-5.336658663347744,0.0,,0.0,0.40258684329676026,0.0,17.77717655122686,True
lift_and_cruse,cruise_168,0.8877980747486804,0.0,1219.9758808954934,1242.8879583501146,547.425769993161,0.8581598576040105,0.9631235425108982,0.16053283763776313,0.0,-3.044197519784513e-13,-5.336658663347744,0.0,,0.0,0.4025868432967481,0.0,17.79571996238988,True
lift_and_cruse,cruise_168,0.8878486646065583,0.0,1219.9758808954625,1242.8879583499565,547.4257699930121,0.8581598576040179,0.9631235425109016,0.16053283763772222,0.0,-3.044197519784126e-13,-5.336658663347744,0.0,,0.0,0.40258684329673783,0.0,17.812426998552485,True
lift_and_cruse,cruise_168,0.8878836807944225,0.0,1219.9758808954318,1242.887958349801,547.425769992933,0.8581598576040258,0.963123542510903,0.16053283763771287,0.0,-3.0441975197837453e-13,-5.336658663347744,0.0,,0.0,0.4025868432967278,0.0,17.823988626304306,True
lift_and_cruse,cruise_168,0.8878961792979787,0.0,1219.975880895424,1242.887958349762,547.4257699928661,0.8581598576040275,0.9631235425109046,0.16053283763770623,0.0,-3.0441975197836494e-13,-5.336658663347744,0.0,,0.0,0.40258684329672517,0.0,17.828114923475038,True
lift_and_cruse,cruise_169,0.8878911205711139,0.0,1219.9694037897516,1242.8839239755387,547.4231820343246,0.8581590536064727,0.9631234771660331,0.16053378332771867,0.0,-3.0441876384166915e-13,-5.336658663347744,0.0,,0.0,0.4025847058794473,0.0,17.828114923475038,True
lift_and_cruse,cruise_169,0.8879036286070066,0.0,1219.9694133200205,1242.8839723735043,547.4232005690731,0.858159051262412,0.963123476867704,0.16053378625495265,0.0,-3.0441877569575187e-13,-5.336658663347744,0.0,,0.0,0.40258470902439547,0.0,17.83224122064577,True
lift_and_cruse,cruise_169,0.8879386545672745,0.0,1219.969414100053,1242.8839763347758,547.423202086303,0.8581590510705557,0.9631234768432811,0.16053378649460856,0.0,-3.044187766659836e-13,-5.336658663347744,0.0,,0.0,0.4025847092818029,0.0,17.843802848397594,True
lift_and_cruse,cruise_169,0.8879892777830511,0.0,1219.9694144187706,1242.8839779533325,547.4232027061108,0.8581590509921637,0.9631234768333053,0.16053378659250764,0.0,-3.0441877706241565e-13,-5.336658663347744,0.0,,0.0,0.4025847093869784,0.0,17.860509884560194,True
lift_and_cruse,cruise_169,0.8880454783181746,0.0,1219.9694138831653,1242.883975233347,547.4232016643292,0.8581590511239011,0.9631234768500747,0.160533786427943,0.0,-3.0441877639621133e-13,-5.336658663347744,0.0,,0.0,0.4025847092102309,0.0,17.879053295723217,True
lift_and_cruse,cruise_169,0.8880961260600325,0.0,1219.969413746299,1242.883974538291,547.4232013980292,0.858159051157565,0.9631234768543624,0.16053378638587554,0.0,-3.044187762259717e-13,-5.336658663347744,0.0,,0.0,0.40258470916506556,0.0,17.895760331885818,True
lift_and_cruse,cruise_169,0.8881311824641056,0.0,1219.9694138106972,1242.8839748653281,547.4232015232427,0.8581590511417254,0.9631234768523472,0.1605337864056362,0.0,-3.044187763060727e-13,-5.336658663347744,0.0,,0.0,0.40258470918631667,0.0,17.90732195963764,True
lift_and_cruse,cruise_169,0.8881436952393326,0.0,1219.9694137464319,1242.8839745389669,547.423201398172,0.8581590511575321,0.9631234768543613,0.16053378638587143,0.0,-3.0441877622613726e-13,-5.336658663347744,0.0,,0.0,0.40258470916510936,0.0,17.91144825680837,True
lift_and_cruse,cruise_170,0.8881386239473781,0.0,1219.9629206255152,1242.8799928713865,547.4206287708645,0.8581582399508172,0.9631234107652171,0.1605347407978476,0.0,-3.0441780099884575e-13,-5.336658663347744,0.0,,0.0,0.4025825664628692,0.0,17.91144825680837,True
lift_and_cruse,cruise_170,0.8881511372650284,0.0,1219.9629206255127,1242.8799928713715,547.4206287709617,0.8581582399508181,0.9631234107652145,0.16053474079787525,0.0,-3.0441780099884207e-13,-5.336658663347744,0.0,,0.0,0.4025825664628684,0.0,17.915574553979106,True
lift_and_cruse,cruise_170,0.8881862026479159,0.0,1219.9629206255174,1242.879992871397,547.4206287708522,0.8581582399508165,0.9631234107652176,0.16053474079783825,0.0,-3.044178009988483e-13,-5.336658663347744,0.0,,0.0,0.4025825664628699,0.0,17.927136181730926,True
lift_and_cruse,cruise_170,0.8882368836102785,0.0,1219.9629206255133,1242.879992871377,547.4206287709101,0.8581582399508177,0.9631234107652159,0.16053474079786992,0.0,-3.044178009988434e-13,-5.336658663347744,0.0,,0.0,0.40258256646286855,0.0,17.943843217893527,True
lift_and_cruse,cruise_170,0.8882931491003182,0.0,1219.9629206255124,1242.879992871371,547.4206287708918,0.8581582399508181,0.9631234107652163,0.16053474079783894,0.0,-3.0441780099884197e-13,-5.336658663347744,0.0,,0.0,0.40258256646286833,0.0,17.96238662905655,True
lift_and_cruse,cruise_170,0.8883438550507753,0.0,1219.9629206255145,1242.8799928713834,547.4206287708736,0.8581582399508176,0.9631234107652169,0.16053474079785537,0.0,-3.0441780099884495e-13,-5.336658663347744,0.0,,0.0,0.402582566462869,0.0,17.97909366521915,True
lift_and_cruse,cruise_170,0.8883789515933059,0.0,1219.9629206255142,1242.8799928713806,547.4206287708676,0.858158239950818,0.9631234107652171,0.16053474079784585,0.0,-3.044178009988443e-13,-5.336658663347744,0.0,,0.0,0.4025825664628689,0.0,17.990655292970974,True
lift_and_cruse,cruise_170,0.8883914787783002,0.0,1219.9629206255102,1242.8799928713609,547.4206287709435,0.8581582399508185,0.9631234107652149,0.1605347407978612,0.0,-3.0441780099883944e-13,-5.336658663347744,0.0,,0.0,0.40258256646286755,0.0,17.994781590141706,True
lift_and_cruse,cruise_171,0.8883863795123969,0.0,1219.9563952423534,1242.8759826611931,547.4180403110945,0.858157425426301,0.9631233444287527,0.16053569906886872,0.0,-3.044168187806303e-13,-5.336658663347744,0.0,,0.0,0.4025804131142256,0.0,17.994781590141706,True
lift_and_cruse,cruise_171,0.8883989071729657,0.0,1219.9563952370208,1242.8759826341143,547.4180403006828,0.8581574254276131,0.9631233444289207,0.1605356990672204,0.0,-3.044168187739979e-13,-5.336658663347744,0.0,,0.0,0.4025804131124658,0.0,17.998907887312438,True
lift_and_cruse,cruise_171,0.8884340127621192,0.0,1219.9563952366111,1242.8759826320315,547.4180402998168,0.8581574254277133,0.9631233444289354,0.16053569906707144,0.0,-3.0441681877348777e-13,-5.336658663347744,0.0,,0.0,0.4025804131123306,0.0,18.01046951506426,True
lift_and_cruse,cruise_171,0.8884847518414859,0.0,1219.95639524192,1242.8759826589942,547.4180403101919,0.8581574254264077,0.9631233444287679,0.16053569906872717,0.0,-3.044168187800917e-13,-5.336658663347744,0.0,,0.0,0.4025804131140826,0.0,18.02717655122686,True
lift_and_cruse,cruise_171,0.8885410818459011,0.0,1219.9563952407202,1242.8759826529008,547.4180403078124,0.858157425426703,0.9631233444288066,0.16053569906834333,0.0,-3.0441681877859924e-13,-5.336658663347744,0.0,,0.0,0.4025804131136866,0.0,18.04571996238988,True
lift_and_cruse,cruise_171,0.8885918459337334,0.0,1219.9563952369087,1242.8759826335438,547.4180403004854,0.8581574254276403,0.9631233444289237,0.16053569906718346,0.0,-3.0441681877385814e-13,-5.336658663347744,0.0,,0.0,0.40258041311242887,0.0,18.062426998552485,True
lift_and_cruse,cruise_171,0.8886269827063981,0.0,1219.9563952235092,1242.8759825654984,547.418040274526,0.8581574254309362,0.9631233444293406,0.16053569906309384,0.0,-3.0441681875719185e-13,-5.336658663347744,0.0,,0.0,0.402580413108007,0.0,18.073988626304306,True
lift_and_cruse,cruise_171,0.8886395242570796,0.0,1219.9563952251642,1242.8759825739028,547.418040277714,0.858157425430529,0.9631233444292894,0.16053569906360537,0.0,-3.044168187592503e-13,-5.336658663347744,0.0,,0.0,0.40258041310855325,0.0,18.078114923475038,True
lift_and_cruse,cruise_172,0.8886343986790991,0.0,1219.9498393027832,1242.8719538476444,547.4154397796597,0.858156607058183,0.9631232777796879,0.16053666185305612,0.0,-3.044158320059069e-13,-5.336658663347744,0.0,,0.0,0.40257824968209727,0.0,18.078114923475038,True
lift_and_cruse,cruise_172,0.8886469407241686,0.0,1219.9498393194256,1242.8719539321553,547.415439811931,0.8581566070540894,0.9631232777791694,0.16053666185814358,0.0,-3.044158320266061e-13,-5.336658663347744,0.0,,0.0,0.40257824968758926,0.0,18.08224122064577,True
lift_and_cruse,cruise_172,0.8886820865652545,0.0,1219.9498393206734,1242.871953938494,547.4154398143714,0.8581566070537824,0.96312327777913,0.1605366618585306,0.0,-3.0441583202815865e-13,-5.336658663347744,0.0,,0.0,0.402578249688001,0.0,18.093802848397594,True
lift_and_cruse,cruise_172,0.8887328838155255,0.0,1219.9498393215777,1242.871953943084,547.4154398161493,0.8581566070535599,0.9631232777791012,0.1605366618588026,0.0,-3.044158320292829e-13,-5.336658663347744,0.0,,0.0,0.4025782496882994,0.0,18.110509884560194,True
lift_and_cruse,cruise_172,0.8887892784056272,0.0,1219.9498393204444,1242.8719539373303,547.4154398139884,0.8581566070538389,0.9631232777791356,0.16053666185846555,0.0,-3.0441583202787365e-13,-5.336658663347744,0.0,,0.0,0.40257824968792544,0.0,18.129053295723217,True
lift_and_cruse,cruise_172,0.8888401006987842,0.0,1219.9498393178528,1242.87195392417,547.4154398089042,0.8581566070544763,0.9631232777792179,0.1605366618576624,0.0,-3.0441583202465025e-13,-5.336658663347744,0.0,,0.0,0.40257824968707023,0.0,18.145760331885818,True
lift_and_cruse,cruise_172,0.8888752777679304,0.0,1219.9498393148351,1242.8719539088452,547.4154398030267,0.8581566070552188,0.9631232777793127,0.16053666185672918,0.0,-3.044158320208968e-13,-5.336658663347744,0.0,,0.0,0.40257824968607436,0.0,18.15732195963764,True
lift_and_cruse,cruise_172,0.8888878336956533,0.0,1219.9498393136737,1242.871953902948,547.4154398007323,0.8581566070555041,0.9631232777793498,0.16053666185637097,0.0,-3.044158320194524e-13,-5.336658663347744,0.0,,0.0,0.4025782496856911,0.0,18.16144825680837,True
lift_and_cruse,cruise_173,0.8888826815476106,0.0,1219.9432525546936,1242.867906445044,547.4128271351564,0.858155784800723,0.9631232108138811,0.16053762920475026,0.0,-3.04414840678179e-13,-5.336658663347744,0.0,,0.0,0.40257607608328894,0.0,18.16144825680837,True
lift_and_cruse,cruise_173,0.8888952379528955,0.0,1219.9432525514133,1242.8679064283845,547.4128271288262,0.8581557848015292,0.9631232108139826,0.1605376292037617,0.0,-3.0441484067409863e-13,-5.336658663347744,0.0,,0.0,0.4025760760822064,0.0,18.165574553979106,True
lift_and_cruse,cruise_173,0.8889304240868393,0.0,1219.9432525514155,1242.8679064283965,547.4128271288656,0.8581557848015289,0.9631232108139816,0.160537629203781,0.0,-3.0441484067410156e-13,-5.336658663347744,0.0,,0.0,0.4025760760822072,0.0,18.177136181730926,True
lift_and_cruse,cruise_173,0.8889812795744876,0.0,1219.9432525514176,1242.867906428407,547.4128271287259,0.8581557848015282,0.9631232108139853,0.16053762920375061,0.0,-3.0441484067410413e-13,-5.336658663347744,0.0,,0.0,0.40257607608220786,0.0,18.193843217893527,True
lift_and_cruse,cruise_173,0.8890377388213898,0.0,1219.9432525514128,1242.8679064283829,547.4128271288049,0.8581557848015295,0.9631232108139831,0.16053762920375936,0.0,-3.0441484067409823e-13,-5.336658663347744,0.0,,0.0,0.40257607608220625,0.0,18.21238662905655,True
lift_and_cruse,cruise_173,0.8890886193843609,0.0,1219.9432525514133,1242.8679064283845,547.4128271287107,0.8581557848015292,0.9631232108139856,0.1605376292037277,0.0,-3.0441484067409863e-13,-5.336658663347744,0.0,,0.0,0.4025760760822064,0.0,18.22909366521915,True
lift_and_cruse,cruise_173,0.8891238367867198,0.0,1219.9432525514133,1242.8679064283842,547.4128271287593,0.8581557848015294,0.9631232108139843,0.160537629203756,0.0,-3.044148406740986e-13,-5.336658663347744,0.0,,0.0,0.4025760760822064,0.0,18.240655292970974,True
lift_and_cruse,cruise_173,0.8891364071090132,0.0,1219.9432525494508,1242.8679064184194,547.4128271249879,0.858155784802012,0.9631232108140444,0.16053762920316286,0.0,-3.044148406716579e-13,-5.336658663347744,0.0,,0.0,0.4025760760815588,0.0,18.244781590141706,True
lift_and_cruse,cruise_174,0.8891312282264188,0.0,1219.9366347542284,1242.8638405281752,547.4102023587001,0.8581549586046052,0.9631231435267587,0.16053860118279561,0.0,-3.044138448157632e-13,-5.336658663347744,0.0,,0.0,0.40257389223732887,0.0,18.244781590141706,True
lift_and_cruse,cruise_174,0.8891437989414201,0.0,1219.9366346617169,1242.8638400583843,547.4102021788206,0.85815495862736,0.9631231435296536,0.16053860115438565,0.0,-3.0441384470069766e-13,-5.336658663347744,0.0,,0.0,0.40257389220680045,0.0,18.248907887312438,True
lift_and_cruse,cruise_174,0.8891790254131066,0.0,1219.9366346617196,1242.8638400583986,547.410202178772,0.8581549586273595,0.9631231435296548,0.1605386011543896,0.0,-3.0441384470070114e-13,-5.336658663347744,0.0,,0.0,0.4025738922068014,0.0,18.26046951506426,True
lift_and_cruse,cruise_174,0.8892299392021764,0.0,1219.9366346617176,1242.8638400583868,547.4102021788115,0.85815495862736,0.9631231435296538,0.16053860115437932,0.0,-3.0441384470069827e-13,-5.336658663347744,0.0,,0.0,0.4025738922068007,0.0,18.27717655122686,True
lift_and_cruse,cruise_174,0.8892864631749261,0.0,1219.9366346617223,1242.8638400584127,547.4102021787415,0.8581549586273587,0.9631231435296558,0.16053860115437538,0.0,-3.0441384470070463e-13,-5.336658663347744,0.0,,0.0,0.4025738922068023,0.0,18.29571996238988,True
lift_and_cruse,cruise_174,0.889337402174916,0.0,1219.9366347733355,1242.8638406252048,547.4102023958277,0.8581549585999052,0.9631231435261615,0.16053860118866942,0.0,-3.0441384483952865e-13,-5.336658663347744,0.0,,0.0,0.40257389224363416,0.0,18.312426998552485,True
lift_and_cruse,cruise_174,0.8893726599337677,0.0,1219.9366347548716,1242.8638405314414,547.4102023600342,0.858154958604447,0.9631231435267363,0.16053860118300767,0.0,-3.0441384481656323e-13,-5.336658663347744,0.0,,0.0,0.4025738922375412,0.0,18.323988626304306,True
lift_and_cruse,cruise_174,0.8893852446643244,0.0,1219.9366347501018,1242.863840507218,547.4102023506528,0.8581549586056203,0.9631231435268884,0.16053860118153312,0.0,-3.044138448106302e-13,-5.336658663347744,0.0,,0.0,0.4025738922359671,0.0,18.328114923475038,True
lift_and_cruse,cruise_175,0.8893800385283399,0.0,1219.929985346921,1242.8597546133722,547.4075648336618,0.8581541284953427,0.9631230759233002,0.16053957775242494,0.0,-3.0441284405526624e-13,-5.336658663347744,0.0,,0.0,0.4025716979612456,0.0,18.328114923475038,True
lift_and_cruse,cruise_175,0.889392623741897,0.0,1219.9299853469204,1242.8597546133674,547.4075648336709,0.858154128495343,0.9631230759232999,0.16053957775243025,0.0,-3.0441284405526503e-13,-5.336658663347744,0.0,,0.0,0.4025716979612453,0.0,18.33224122064577,True
lift_and_cruse,cruise_175,0.889427890596544,0.0,1219.9299853484886,1242.859754621332,547.4075648367585,0.8581541284949572,0.9631230759232497,0.16053957775290725,0.0,-3.0441284405721585e-13,-5.336658663347744,0.0,,0.0,0.40257169796176284,0.0,18.343802848397594,True
lift_and_cruse,cruise_175,0.8894788627500715,0.0,1219.9299853483537,1242.859754620648,547.4075648365002,0.8581541284949904,0.9631230759232539,0.1605395777528728,0.0,-3.0441284405704823e-13,-5.336658663347744,0.0,,0.0,0.40257169796171843,0.0,18.360509884560194,True
lift_and_cruse,cruise_175,0.8895354515174414,0.0,1219.9299853469158,1242.859754613345,547.4075648337287,0.8581541284953439,0.9631230759232983,0.1605395777524409,0.0,-3.0441284405525957e-13,-5.336658663347744,0.0,,0.0,0.4025716979612438,0.0,18.379053295723217,True
lift_and_cruse,cruise_175,0.8895864488047104,0.0,1219.9299853469165,1242.8597546133494,547.4075648337287,0.858154128495344,0.9631230759232983,0.1605395777524365,0.0,-3.0441284405526063e-13,-5.336658663347744,0.0,,0.0,0.4025716979612441,0.0,18.395760331885818,True
lift_and_cruse,cruise_175,0.8896217469993882,0.0,1219.9299853473626,1242.8597546156136,547.4075648345918,0.8581541284952339,0.9631230759232844,0.16053957775257113,0.0,-3.0441284405581523e-13,-5.336658663347744,0.0,,0.0,0.40257169796139125,0.0,18.40732195963764,True
lift_and_cruse,cruise_175,0.8896343461606232,0.0,1219.9299853469156,1242.8597546133435,547.4075648337378,0.858154128495344,0.9631230759232979,0.16053957775243616,0.0,-3.044128440552592e-13,-5.336658663347744,0.0,,0.0,0.40257169796124376,0.0,18.41144825680837,True
lift_and_cruse,cruise_176,0.8896291127551027,0.0,1219.9233042908436,1242.8556498390099,547.4049149471335,0.8581532943707744,0.9631230079922554,0.16054055903836775,0.0,-3.044118386755094e-13,-5.336658663347744,0.0,,0.0,0.402569493241203,0.0,18.41144825680837,True
lift_and_cruse,cruise_176,0.8896417124067039,0.0,1219.9233043034849,1242.8556499032052,547.4049149717131,0.8581532943676651,0.9631230079918598,0.1605405590422389,0.0,-3.0441183869123274e-13,-5.336658663347744,0.0,,0.0,0.40256949324537455,0.0,18.415574553979106,True
lift_and_cruse,cruise_176,0.8896770196851803,0.0,1219.9233043036388,1242.8556499039867,547.4049149720413,0.8581532943676276,0.9631230079918542,0.16054055904228995,0.0,-3.0441183869142414e-13,-5.336658663347744,0.0,,0.0,0.40256949324542535,0.0,18.427136181730926,True
lift_and_cruse,cruise_176,0.889728050267945,0.0,1219.9233043050378,1242.8556499110914,547.4049149747369,0.8581532943672833,0.963123007991811,0.16054055904272077,0.0,-3.0441183869316427e-13,-5.336658663347744,0.0,,0.0,0.40256949324588703,0.0,18.443843217893527,True
lift_and_cruse,cruise_176,0.8897847039034646,0.0,1219.9233043057118,1242.855649914513,547.4049149760498,0.858153294367117,0.96312300799179,0.16054055904293593,0.0,-3.044118386940023e-13,-5.336658663347744,0.0,,0.0,0.4025694932461094,0.0,18.46238662905655,True
lift_and_cruse,cruise_176,0.8898357596470511,0.0,1219.9233043050383,1242.855649911094,547.4049149747217,0.8581532943672833,0.9631230079918115,0.16054055904272307,0.0,-3.0441183869316493e-13,-5.336658663347744,0.0,,0.0,0.4025694932458872,0.0,18.47909366521915,True
lift_and_cruse,cruise_176,0.889871098318134,0.0,1219.9233043210052,1242.855649992174,547.4049150058017,0.8581532943633555,0.963123007991311,0.16054055904763537,0.0,-3.0441183871302383e-13,-5.336658663347744,0.0,,0.0,0.4025694932511561,0.0,18.490655292970974,True
lift_and_cruse,cruise_176,0.889883711906715,0.0,1219.9233043050378,1242.8556499110914,547.4049149747369,0.8581532943672833,0.963123007991811,0.16054055904272652,0.0,-3.0441183869316427e-13,-5.336658663347744,0.0,,0.0,0.40256949324588703,0.0,18.494781590141706,True
lift_and_cruse,cruise_177,0.8898784498366907,0.0,1219.91659011091,1242.8515200862917,547.4022502614213,0.8581524564795422,0.9631229397682424,0.16054154471410748,0.0,-3.0441082717781987e-13,-5.336658663347744,0.0,,0.0,0.40256727759042893,0.0,18.494781590141706,True
lift_and_cruse,cruise_177,0.8898910644373264,0.0,1219.9165905772343,1242.8515224558967,547.402252491389,0.8581524563647096,0.9631229397182048,0.160541545245376,0.0,-3.044108277582057e-13,-5.336658663347744,0.0,,0.0,0.40256727774431394,0.0,18.498907887312438,True
lift_and_cruse,cruise_177,0.8899264122230485,0.0,1219.9165906598835,1242.8515228745036,547.4022519078702,0.858152456344471,0.9631229397355537,0.16054154505248208,0.0,-3.0441082786073486e-13,-5.336658663347744,0.0,,0.0,0.40256727777158785,0.0,18.51046951506426,True
lift_and_cruse,cruise_177,0.8899775013528836,0.0,1219.9165907828667,1242.851523497348,547.4022510482505,0.8581524563143597,0.9631229397611372,0.16054154476801272,0.0,-3.044108280132877e-13,-5.336658663347744,0.0,,0.0,0.4025672778121717,0.0,18.52717655122686,True
lift_and_cruse,cruise_177,0.8900342199109563,0.0,1219.9165907699578,1242.8515234313304,547.4022510395132,0.8581524563175735,0.963122939761103,0.16054154476884294,0.0,-3.044108279971181e-13,-5.336658663347744,0.0,,0.0,0.40256727780791196,0.0,18.54571996238988,True
lift_and_cruse,cruise_177,0.8900853341543439,0.0,1219.916590738124,1242.8515232695681,547.4022511738591,0.858152456325413,0.9631229397568424,0.1605415448166372,0.0,-3.044108279574978e-13,-5.336658663347744,0.0,,0.0,0.4025672777974068,0.0,18.562426998552485,True
lift_and_cruse,cruise_177,0.8901207132965325,0.0,1219.9165907093525,1242.851523123371,547.4022512946267,0.8581524563324977,0.9631229397530092,0.16054154485960662,0.0,-3.0441082792168975e-13,-5.336658663347744,0.0,,0.0,0.4025672777879124,0.0,18.573988626304306,True
lift_and_cruse,cruise_177,0.8901333413541764,0.0,1219.9165907033816,1242.8515230930293,547.4022513189997,0.8581524563339682,0.9631229397522322,0.16054154486832042,0.0,-3.044108279142582e-13,-5.336658663347744,0.0,,0.0,0.4025672777859421,0.0,18.578114923475038,True
lift_and_cruse,cruise_178,0.8901280530160992,0.0,1219.9098458308035,1242.8473820978745,547.3995772717948,0.858151613962361,0.9631228711401336,0.16054253588891906,0.0,-3.044098136629659e-13,-5.336658663347744,0.0,,0.0,0.4025650520067261,0.0,18.578114923475038,True
lift_and_cruse,cruise_178,0.890140681861447,0.0,1219.909846151941,1242.8473837286347,547.3995778963251,0.8581516138833695,0.9631228711300817,0.16054253598756074,0.0,-3.044098140623869e-13,-5.336658663347744,0.0,,0.0,0.40256505211270016,0.0,18.58224122064577,True
lift_and_cruse,cruise_178,0.8901760702317995,0.0,1219.9098462673844,1242.8473843148624,547.3995781208661,0.8581516138549734,0.9631228711264673,0.16054253602302845,0.0,-3.044098142059713e-13,-5.336658663347744,0.0,,0.0,0.4025650521507959,0.0,18.593802848397594,True
lift_and_cruse,cruise_178,0.8902272179425668,0.0,1219.909846355235,1242.8473847609748,547.3995782918078,0.8581516138333645,0.963122871123715,0.16054253605003413,0.0,-3.0440981431523736e-13,-5.336658663347744,0.0,,0.0,0.4025650521797863,0.0,18.610509884560194,True
lift_and_cruse,cruise_178,0.8902840016597237,0.0,1219.909846500864,1242.8473855004904,547.3995785750657,0.8581516137975435,0.9631228711191554,0.16054253609478508,0.0,-3.0440981449636644e-13,-5.336658663347744,0.0,,0.0,0.40256505222784317,0.0,18.629053295723217,True
lift_and_cruse,cruise_178,0.8903351745387156,0.0,1219.909846533172,1242.8473856645528,547.399578637873,0.8581516137895966,0.9631228711181447,0.16054253610471264,0.0,-3.0440981453655013e-13,-5.336658663347744,0.0,,0.0,0.4025650522385047,0.0,18.645760331885818,True
lift_and_cruse,cruise_178,0.8903705943185654,0.0,1219.909846605711,1242.847386032913,547.3995787790233,0.8581516137717534,0.963122871115872,0.16054253612699773,0.0,-3.0440981462677234e-13,-5.336658663347744,0.0,,0.0,0.4025650522624422,0.0,18.65732195963764,True
lift_and_cruse,cruise_178,0.8903832368471424,0.0,1219.909846598882,1242.8473859982346,547.3995787657154,0.8581516137734333,0.9631228711160865,0.16054253612489597,0.0,-3.044098146182786e-13,-5.336658663347744,0.0,,0.0,0.40256505226018874,0.0,18.66144825680837,True
lift_and_cruse,cruise_179,0.8903779190738578,0.0,1219.9030677309743,1242.8432183996772,547.3968891010708,0.858150767616425,0.9631228022147984,0.16054353152502981,0.0,-3.0440879385103193e-13,-5.336658663347744,0.0,,0.0,0.40256281526265886,0.0,18.66144825680837,True
lift_and_cruse,cruise_179,0.8903905620714123,0.0,1219.903067716827,1242.8432183278364,547.3968890735282,0.8581507676199049,0.963122802215242,0.16054353152068343,0.0,-3.04408793833436e-13,-5.336658663347744,0.0,,0.0,0.40256281525799026,0.0,18.665574553979106,True
lift_and_cruse,cruise_179,0.8904259908923272,0.0,1219.9030677217163,1242.8432183526668,547.3968890830342,0.8581507676187023,0.9631228022150891,0.16054353152217427,0.0,-3.044087938395177e-13,-5.336658663347744,0.0,,0.0,0.4025628152596038,0.0,18.677136181730926,True
lift_and_cruse,cruise_179,0.8904771971412279,0.0,1219.9030677268693,1242.8432183788332,547.3968890931542,0.8581507676174347,0.9631228022149251,0.16054353152378456,0.0,-3.0440879384592657e-13,-5.336658663347744,0.0,,0.0,0.4025628152613042,0.0,18.693843217893527,True
lift_and_cruse,cruise_179,0.8905340457986171,0.0,1219.9030677301434,1242.8432183954583,547.3968890994905,0.8581507676166295,0.9631228022148235,0.16054353152477738,0.0,-3.0440879384999856e-13,-5.336658663347744,0.0,,0.0,0.40256281526238474,0.0,18.71238662905655,True
lift_and_cruse,cruise_179,0.8905852772938199,0.0,1219.9030677308915,1242.8432183992586,547.396889100852,0.8581507676164454,0.9631228022148025,0.1605435315249823,0.0,-3.044087938509294e-13,-5.336658663347744,0.0,,0.0,0.4025628152626315,0.0,18.72909366521915,True
lift_and_cruse,cruise_179,0.890620737596392,0.0,1219.9030677303058,1242.843218396284,547.396889099767,0.8581507676165893,0.9631228022148195,0.16054353152482537,0.0,-3.0440879385020086e-13,-5.336658663347744,0.0,,0.0,0.4025628152624382,0.0,18.740655292970974,True
lift_and_cruse,cruise_179,0.8906333946200186,0.0,1219.9030677298351,1242.8432183938937,547.3968890988493,0.8581507676167054,0.9631228022148344,0.16054353152468395,0.0,-3.0440879384961536e-13,-5.336658663347744,0.0,,0.0,0.4025628152622829,0.0,18.744781590141706,True
lift_and_cruse,cruise_180,0.8906280491568499,0.0,1219.8962566496145,1242.8390346793396,547.3941879138573,0.8581499171164294,0.963122732951672,0.16054453203684557,0.0,-3.044077691350879e-13,-5.336658663347744,0.0,,0.0,0.402560567634827,0.0,18.744781590141706,True
lift_and_cruse,cruise_180,0.8906407225858723,0.0,1219.8962732848945,1242.839119153528,547.3942202850438,0.8581499130245189,0.9631227324304396,0.16054453715237074,0.0,-3.044077898252968e-13,-5.336658663347744,0.0,,0.0,0.4025605731243985,0.0,18.748907887312438,True
lift_and_cruse,cruise_180,0.890676187528845,0.0,1219.8962686095385,1242.8390954120057,547.3942111884138,0.8581499141745531,0.9631227325768971,0.1605445357150313,0.0,-3.0440778401030094e-13,-5.336658663347744,0.0,,0.0,0.40256057158155095,0.0,18.76046951506426,True
lift_and_cruse,cruise_180,0.8907274472353984,0.0,1219.8962631575273,1242.8390677266145,547.3942005809449,0.8581499155156271,0.9631227327476766,0.16054453403900915,0.0,-3.044077772293358e-13,-5.336658663347744,0.0,,0.0,0.4025605697824105,0.0,18.77717655122686,True
lift_and_cruse,cruise_180,0.8907843571280694,0.0,1219.8962590752421,1242.8390469967135,547.3941926387104,0.858149916519779,0.963122732875543,0.16054453278413805,0.0,-3.0440777215197443e-13,-5.336658663347744,0.0,,0.0,0.40256056843527377,0.0,18.79571996238988,True
lift_and_cruse,cruise_180,0.8908356452554634,0.0,1219.8962569066875,1242.839035984763,547.3941884199511,0.8581499170531952,0.9631227329434604,0.1605445321176112,0.0,-3.0440776945482446e-13,-5.336658663347744,0.0,,0.0,0.4025605677196601,0.0,18.812426998552485,True
lift_and_cruse,cruise_180,0.8908711459705272,0.0,1219.896256672128,1242.8390347936643,547.3941879637549,0.8581499171108916,0.9631227329508034,0.16054453204554883,0.0,-3.0440776916308936e-13,-5.336658663347744,0.0,,0.0,0.4025605676422563,0.0,18.823988626304306,True
lift_and_cruse,cruise_180,0.8908838174992703,0.0,1219.89625667213,1242.8390347936765,547.3941879638156,0.8581499171108912,0.9631227329508019,0.16054453204556482,0.0,-3.044077691630924e-13,-5.336658663347744,0.0,,0.0,0.402560567642257,0.0,18.828114923475038,True
lift_and_cruse,cruise_181,0.8908784432558685,0.0,1219.889412208899,1242.8348304716183,547.3914734947241,0.8581490624343304,0.9631226633486586,0.16054553746079467,0.0,-3.0440673940118214e-13,-5.336658663347744,0.0,,0.0,0.4025583089985499,0.0,18.828114923475038,True
lift_and_cruse,cruise_181,0.8908911218187902,0.0,1219.8894190538738,1242.8348652302834,547.3914868168508,0.8581490607506066,0.9631226631341252,0.16054553956637815,0.0,-3.0440674791459973e-13,-5.336658663347744,0.0,,0.0,0.4025583112573624,0.0,18.83224122064577,True
lift_and_cruse,cruise_181,0.8909266326205137,0.0,1219.8894198257713,1242.8348691499662,547.3914883188462,0.8581490605607354,0.9631226631099412,0.16054553980373623,0.0,-3.044067488746451e-13,-5.336658663347744,0.0,,0.0,0.40255831151208527,0.0,18.843802848397594,True
lift_and_cruse,cruise_181,0.8909779555615653,0.0,1219.8894190641809,1242.8348652826232,547.3914868366775,0.8581490607480714,0.9631226631338083,0.16054553956948997,0.0,-3.044067479274193e-13,-5.336658663347744,0.0,,0.0,0.4025583112607637,0.0,18.860509884560194,True
lift_and_cruse,cruise_181,0.8910349363262816,0.0,1219.8894208831737,1242.83487451944,547.3914903759791,0.8581490603006361,0.9631226630768231,0.16054554012876124,0.0,-3.044067501897869e-13,-5.336658663347744,0.0,,0.0,0.4025583118610236,0.0,18.879053295723217,True
lift_and_cruse,cruise_181,0.8910862833840859,0.0,1219.8894188777201,1242.83486433578,547.3914864736212,0.8581490607939364,0.9631226631396566,0.16054553951207606,0.0,-3.0440674769550955e-13,-5.336658663347744,0.0,,0.0,0.4025583111992324,0.0,18.895760331885818,True
lift_and_cruse,cruise_181,0.8911218223492617,0.0,1219.8894161073536,1242.8348502679028,547.3914810829525,0.8581490614753904,0.9631226632264526,0.16054553866023624,0.0,-3.044067442498734e-13,-5.336658663347744,0.0,,0.0,0.4025583102850233,0.0,18.90732195963764,True
lift_and_cruse,cruise_181,0.891134509729677,0.0,1219.8894174954262,1242.8348573165115,547.3914837838315,0.8581490611339525,0.9631226631829661,0.16054553908701755,0.0,-3.044067459762846e-13,-5.336658663347744,0.0,,0.0,0.4025583107430813,0.0,18.91144825680837,True
lift_and_cruse,cruise_182,0.8911291016181592,0.0,1219.8825343110357,1242.8306067549067,547.3887461572281,0.8581482034713992,0.9631225933953156,0.16054654791476808,0.0,-3.0440570488895186e-13,-5.336658663347744,0.0,,0.0,0.40255603932155654,0.0,18.91144825680837,True
lift_and_cruse,cruise_182,0.8911417881223762,0.0,1219.8825342913108,1242.8306066547414,547.3887461187876,0.8581482034762513,0.9631225933959351,0.1605465479087012,0.0,-3.0440570486441846e-13,-5.336658663347744,0.0,,0.0,0.4025560393150474,0.0,18.915574553979106,True
lift_and_cruse,cruise_182,0.8911773388702322,0.0,1219.8825342913574,1242.83060665498,547.3887461188605,0.8581482034762398,0.9631225933959342,0.16054654790870418,0.0,-3.044057048644769e-13,-5.336658663347744,0.0,,0.0,0.4025560393150628,0.0,18.927136181730926,True
lift_and_cruse,cruise_182,0.8912287213455625,0.0,1219.8825342912241,1242.8306066543023,547.3887461186448,0.8581482034762725,0.9631225933959372,0.16054654790866862,0.0,-3.0440570486431087e-13,-5.336658663347744,0.0,,0.0,0.4025560393150189,0.0,18.943843217893527,True
lift_and_cruse,cruise_182,0.8912857656508009,0.0,1219.8825342911944,1242.830606654153,547.3887461185353,0.85814820347628,0.9631225933959394,0.16054654790864717,0.0,-3.044057048642743e-13,-5.336658663347744,0.0,,0.0,0.40255603931500894,0.0,18.96238662905655,True
lift_and_cruse,cruise_182,0.8913371734649431,0.0,1219.8825342913924,1242.8306066551575,547.3887461189091,0.8581482034762313,0.9631225933959335,0.16054654790870818,0.0,-3.0440570486452034e-13,-5.336658663347744,0.0,,0.0,0.4025560393150744,0.0,18.97909366521915,True
lift_and_cruse,cruise_182,0.8913727558092805,0.0,1219.882534291324,1242.830606654809,547.3887461188241,0.8581482034762479,0.9631225933959343,0.16054654790870523,0.0,-3.0440570486443497e-13,-5.336658663347744,0.0,,0.0,0.4025560393150518,0.0,18.990655292970974,True
lift_and_cruse,cruise_182,0.8913854563943011,0.0,1219.8825342914097,1242.8306066552468,547.3887461189609,0.8581482034762268,0.9631225933959325,0.16054654790871883,0.0,-3.0440570486454225e-13,-5.336658663347744,0.0,,0.0,0.40255603931508005,0.0,18.994781590141706,True
lift_and_cruse,cruise_183,0.891380012357624,0.0,1219.8756102167115,1242.826300336976,547.3859816429518,0.8581473432366686,0.9631225234765561,0.16054755963727163,0.0,-3.0440465012076494e-13,-5.336658663347744,0.0,,0.0,0.4025537543999279,0.0,18.994781590141706,True
lift_and_cruse,cruise_183,0.8913927250376125,0.0,1219.875622327688,1242.826361835604,547.3860051918497,0.8581473402575711,0.9631225230975733,0.1605475633562788,0.0,-3.0440466518358455e-13,-5.336658663347744,0.0,,0.0,0.40255375839649854,0.0,18.998907887312438,True
lift_and_cruse,cruise_183,0.8914283165165342,0.0,1219.87562232743,1242.826361834292,547.3860051913756,0.8581473402576345,0.9631225230975806,0.16054756335619935,0.0,-3.0440466518326315e-13,-5.336658663347744,0.0,,0.0,0.40255375839641344,0.0,19.01046951506426,True
lift_and_cruse,cruise_183,0.8914797578621826,0.0,1219.8756223273303,1242.8263618337878,547.3860051911355,0.8581473402576587,0.9631225230975851,0.16054756335615883,0.0,-3.044046651831397e-13,-5.336658663347744,0.0,,0.0,0.4025537583963805,0.0,19.02717655122686,True
lift_and_cruse,cruise_183,0.8915368675243815,0.0,1219.8756223268451,1242.8263618313217,547.3860051902025,0.8581473402577784,0.9631225230975999,0.16054756335600834,0.0,-3.044046651825357e-13,-5.336658663347744,0.0,,0.0,0.40255375839622043,0.0,19.04571996238988,True
lift_and_cruse,cruise_183,0.8915883342379504,0.0,1219.8756223267922,1242.8263618310534,547.3860051900779,0.8581473402577912,0.9631225230976022,0.16054756335599082,0.0,-3.0440466518246995e-13,-5.336658663347744,0.0,,0.0,0.40255375839620294,0.0,19.062426998552485,True
lift_and_cruse,cruise_183,0.8916239573501644,0.0,1219.8756223266073,1242.826361830115,547.3860051897315,0.8581473402578365,0.9631225230976077,0.16054756335593912,0.0,-3.0440466518224013e-13,-5.336658663347744,0.0,,0.0,0.40255375839614194,0.0,19.073988626304306,True
lift_and_cruse,cruise_183,0.8916366724863316,0.0,1219.8756223262803,1242.8263618284548,547.3860051890872,0.8581473402579171,0.963122523097618,0.16054756335584197,0.0,-3.0440466518183346e-13,-5.336658663347744,0.0,,0.0,0.402553758396034,0.0,19.078114923475038,True
lift_and_cruse,cruise_184,0.8900337760638668,0.0,1217.836269698846,1241.5850795597419,546.5806035628016,0.8578909950002167,0.9631016618550791,0.16084869497347468,0.0,-3.0410063871038996e-13,-5.336658663347744,0.0,,0.0,0.4018807807171269,0.0,19.078114923475038,True
lift_and_cruse,cruise_184,0.8900464155152823,0.0,1217.8362696956995,1241.5850795437934,546.5806035566353,0.8578909950009921,0.9631016618551788,0.16084869497249105,0.0,-3.041006387064837e-13,-5.336658663347744,0.0,,0.0,0.40188078071608857,0.0,19.08224122064577,True
lift_and_cruse,cruise_184,0.890081834356999,0.0,1217.836269698068,1241.5850795557965,546.580603561285,0.8578909950004082,0.9631016618551035,0.1608486949732165,0.0,-3.0410063870942363e-13,-5.336658663347744,0.0,,0.0,0.40188078071687017,0.0,19.093802848397594,True
lift_and_cruse,cruise_184,0.8901330261554644,0.0,1217.8362696988393,1241.5850795597075,546.5806035627135,0.8578909950002183,0.9631016618550813,0.16084869497344442,0.0,-3.041006387103815e-13,-5.336658663347744,0.0,,0.0,0.40188078071712463,0.0,19.110509884560194,True
lift_and_cruse,cruise_184,0.8901898587349887,0.0,1217.8362696988397,1241.5850795597096,546.5806035628653,0.8578909950002183,0.9631016618550773,0.16084869497348078,0.0,-3.0410063871038203e-13,-5.336658663347744,0.0,,0.0,0.4018807807171249,0.0,19.129053295723217,True
lift_and_cruse,cruise_184,0.8902410757100212,0.0,1217.8362696988409,1241.5850795597162,546.580603562841,0.8578909950002179,0.9631016618550778,0.16084869497348211,0.0,-3.0410063871038364e-13,-5.336658663347744,0.0,,0.0,0.40188078071712524,0.0,19.145760331885818,True
lift_and_cruse,cruise_184,0.8902765259438589,0.0,1217.8362696975964,1241.5850795534072,546.5806035605192,0.8578909950005242,0.9631016618551143,0.16084869497312107,0.0,-3.0410063870883844e-13,-5.336658663347744,0.0,,0.0,0.4018807807167145,0.0,19.15732195963764,True
lift_and_cruse,cruise_184,0.8902891793699216,0.0,1217.8362696968525,1241.5850795496353,546.5806035588994,0.857890995000708,0.9631016618551421,0.16084869497284784,0.0,-3.0410063870791457e-13,-5.336658663347744,0.0,,0.0,0.40188078071646904,0.0,19.16144825680837,True
lift_and_cruse,cruise_185,0.8902840326007161,0.0,1217.8297218057567,1241.5811300481469,546.5780282369216,0.8578901665842555,0.9631015944879557,0.1608496667657653,0.0,-3.0409967135904337e-13,-5.336658663347744,0.0,,0.0,0.40187861994030305,0.0,19.16144825680837,True
lift_and_cruse,cruise_185,0.8902966865114682,0.0,1217.829721805798,1241.5811300483563,546.5780282370614,0.8578901665842452,0.9631015944879529,0.1608496667657857,0.0,-3.0409967135909466e-13,-5.336658663347744,0.0,,0.0,0.4018786199403167,0.0,19.165574553979106,True
lift_and_cruse,cruise_185,0.8903321458609837,0.0,1217.8297218057994,1241.5811300483642,546.5780282370372,0.8578901665842448,0.9631015944879535,0.1608496667657879,0.0,-3.040996713590966e-13,-5.336658663347744,0.0,,0.0,0.4018786199403172,0.0,19.177136181730926,True
lift_and_cruse,cruise_185,0.8903833962092474,0.0,1217.8297218058708,1241.5811300487264,546.5780282371829,0.8578901665842277,0.9631015944879511,0.1608496667658082,0.0,-3.040996713591853e-13,-5.336658663347744,0.0,,0.0,0.40187861994034074,0.0,19.193843217893527,True
lift_and_cruse,cruise_185,0.8904402937911902,0.0,1217.8297218059727,1241.5811300492426,546.5780282373805,0.8578901665842021,0.963101594487948,0.16084966676583928,0.0,-3.040996713593117e-13,-5.336658663347744,0.0,,0.0,0.4018786199403744,0.0,19.21238662905655,True
lift_and_cruse,cruise_185,0.8904915693457431,0.0,1217.8297218058015,1241.5811300483738,546.5780282370006,0.8578901665842442,0.9631015944879545,0.1608496667657747,0.0,-3.040996713590989e-13,-5.336658663347744,0.0,,0.0,0.4018786199403178,0.0,19.22909366521915,True
lift_and_cruse,cruise_185,0.890527060127283,0.0,1217.8297218058008,1241.5811300483706,546.5780282370097,0.8578901665842447,0.9631015944879544,0.16084966676577575,0.0,-3.0409967135909814e-13,-5.336658663347744,0.0,,0.0,0.40187861994031765,0.0,19.240655292970974,True
lift_and_cruse,cruise_185,0.890539728026559,0.0,1217.8297218058017,1241.5811300483758,546.5780282369976,0.8578901665842442,0.9631015944879546,0.16084966676577128,0.0,-3.040996713590994e-13,-5.336658663347744,0.0,,0.0,0.4018786199403179,0.0,19.244781590141706,True
lift_and_cruse,cruise_186,0.8905345531772982,0.0,1217.823141315642,1241.577161108507,546.5754401594207,0.8578893340094689,0.9631015267829567,0.16085064342787003,0.0,-3.0409869924919813e-13,-5.336658663347744,0.0,,0.0,0.40187644840659975,0.0,19.244781590141706,True
lift_and_cruse,cruise_186,0.8905472215599336,0.0,1217.8231413156336,1241.5771611084642,546.5754401593539,0.8578893340094709,0.9631015267829582,0.16085064342784955,0.0,-3.040986992491877e-13,-5.336658663347744,0.0,,0.0,0.401876448406597,0.0,19.248907887312438,True
lift_and_cruse,cruise_186,0.8905827214176729,0.0,1217.8231412682294,1241.5771608681862,546.5754400675299,0.8578893340211557,0.9631015267844323,0.16085064341333644,0.0,-3.0409869919033654e-13,-5.336658663347744,0.0,,0.0,0.4018764483909538,0.0,19.26046951506426,True
lift_and_cruse,cruise_186,0.8906340304228271,0.0,1217.8231413132444,1241.5771610963525,546.575440154689,0.85788933401006,0.9631015267830336,0.16085064342711528,0.0,-3.0409869924622116e-13,-5.336658663347744,0.0,,0.0,0.40187644840580855,0.0,19.27717655122686,True
lift_and_cruse,cruise_186,0.8906909929051239,0.0,1217.8231411342495,1241.577160189084,546.5754398075206,0.8578893340541804,0.9631015267886114,0.16085064337220814,0.0,-3.0409869902400447e-13,-5.336658663347744,0.0,,0.0,0.40187644834674097,0.0,19.29571996238988,True
lift_and_cruse,cruise_186,0.8907423268022746,0.0,1217.8231408215916,1241.5771586043152,546.575439200972,0.8578893341312475,0.963101526798358,0.16085064327631635,0.0,-3.0409869863584805e-13,-5.336658663347744,0.0,,0.0,0.4018764482435652,0.0,19.312426998552485,True
lift_and_cruse,cruise_186,0.8907778571895402,0.0,1217.8231397974066,1241.5771534130356,546.5754372140678,0.8578893343837,0.9631015268302856,0.16085064296214355,0.0,-3.040986973643513e-13,-5.336658663347744,0.0,,0.0,0.4018764479055885,0.0,19.323988626304306,True
lift_and_cruse,cruise_186,0.890790541032323,0.0,1217.823141311794,1241.5771610890024,546.5754401519417,0.8578893340104174,0.963101526783077,0.1608506434266813,0.0,-3.040986992444209e-13,-5.336658663347744,0.0,,0.0,0.40187644840532993,0.0,19.328114923475038,True
lift_and_cruse,cruise_187,0.8907853378239018,0.0,1217.8165278989775,1241.5731725447781,546.5728392014688,0.8578884972337089,0.963101458736661,0.16085162500908154,0.0,-3.040977223328374e-13,-5.336658663347744,0.0,,0.0,0.40187426600727527,0.0,19.328114923475038,True
lift_and_cruse,cruise_187,0.8907980206940144,0.0,1217.8165278990136,1241.5731725449614,546.5728392014839,0.8578884972336999,0.9631014587366613,0.1608516250090873,0.0,-3.0409772233288227e-13,-5.336658663347744,0.0,,0.0,0.4018742660072872,0.0,19.33224122064577,True
lift_and_cruse,cruise_187,0.8908335611948953,0.0,1217.816527899017,1241.5731725449791,546.5728392014779,0.8578884972336993,0.9631014587366615,0.16085162500909214,0.0,-3.040977223328866e-13,-5.336658663347744,0.0,,0.0,0.40187426600728837,0.0,19.343802848397594,True
lift_and_cruse,cruise_187,0.8908849288336671,0.0,1217.8165278990125,1241.5731725449557,546.57283920156,0.8578884972337003,0.9631014587366592,0.16085162500909037,0.0,-3.040977223328809e-13,-5.336658663347744,0.0,,0.0,0.40187426600728676,0.0,19.360509884560194,True
lift_and_cruse,cruise_187,0.8909419566307072,0.0,1217.8165278990148,1241.5731725449668,546.5728392015144,0.8578884972336999,0.9631014587366605,0.16085162500909728,0.0,-3.0409772233288363e-13,-5.336658663347744,0.0,,0.0,0.40187426600728754,0.0,19.379053295723217,True
lift_and_cruse,cruise_187,0.8909933495345315,0.0,1217.8165278990134,1241.573172544959,546.5728392015448,0.8578884972337001,0.9631014587366596,0.16085162500910224,0.0,-3.040977223328817e-13,-5.336658663347744,0.0,,0.0,0.4018742660072871,0.0,19.395760331885818,True
lift_and_cruse,cruise_187,0.891028921540415,0.0,1217.8165278990136,1241.5731725449623,546.5728392015266,0.8578884972337,0.9631014587366601,0.16085162500909933,0.0,-3.040977223328825e-13,-5.336658663347744,0.0,,0.0,0.4018742660072872,0.0,19.40732195963764,True
lift_and_cruse,cruise_187,0.8910416184315427,0.0,1217.816527899012,1241.5731725449546,546.5728392015629,0.8578884972337004,0.9631014587366592,0.16085162500909808,0.0,-3.040977223328806e-13,-5.336658663347744,0.0,,0.0,0.4018742660072866,0.0,19.41144825680837,True
lift_and_cruse,cruise_188,0.8910363865676575,0.0,1217.8098812215478,1241.5691641596939,546.570225232774,0.8578876562140967,0.963101390345589,0.1608526115595644,0.0,-3.0409674056164477e-13,-5.336658663347744,0.0,,0.0,0.40187207263203995,0.0,19.41144825680837,True
lift_and_cruse,cruise_188,0.8910490839407385,0.0,1217.809881221546,1241.5691641596848,546.5702252328622,0.8578876562140965,0.9631013903455865,0.16085261155957087,0.0,-3.0409674056164255e-13,-5.336658663347744,0.0,,0.0,0.40187207263203933,0.0,19.415574553979106,True
lift_and_cruse,cruise_188,0.8910846650830205,0.0,1217.8098812215453,1241.5691641596813,546.5702252327861,0.8578876562140967,0.9631013903455885,0.16085261155955324,0.0,-3.040967405616417e-13,-5.336658663347744,0.0,,0.0,0.4018720726320391,0.0,19.427136181730926,True
lift_and_cruse,cruise_188,0.8911360915879636,0.0,1217.8098813526872,1241.569164824391,546.5702254872796,0.8578876561817712,0.9631013903414982,0.16085261159980252,0.0,-3.040967407244486e-13,-5.336658663347744,0.0,,0.0,0.40187207267531533,0.0,19.443843217893527,True
lift_and_cruse,cruise_188,0.8911931868107104,0.0,1217.8098836518832,1241.5691764781736,546.5702299475679,0.8578876556150331,0.963101390269827,0.1608526123050853,0.0,-3.040967435788021e-13,-5.336658663347744,0.0,,0.0,0.40187207343404024,0.0,19.46238662905655,True
lift_and_cruse,cruise_188,0.8912446361456685,0.0,1217.809881221547,1241.56916415969,546.5702252327983,0.8578876562140967,0.9631013903455882,0.16085261155957073,0.0,-3.040967405616438e-13,-5.336658663347744,0.0,,0.0,0.40187207263203967,0.0,19.47909366521915,True
lift_and_cruse,cruise_188,0.8912802488294529,0.0,1217.809881221635,1241.5691641601347,546.5702252330049,0.8578876562140746,0.9631013903455846,0.16085261155960368,0.0,-3.0409674056175277e-13,-5.336658663347744,0.0,,0.0,0.40187207263206876,0.0,19.490655292970974,True
lift_and_cruse,cruise_188,0.8912929602398864,0.0,1217.8098812215703,1241.5691641598085,546.5702252329107,0.8578876562140906,0.9631013903455857,0.1608526115595897,0.0,-3.0409674056167284e-13,-5.336658663347744,0.0,,0.0,0.4018720726320474,0.0,19.494781590141706,True
lift_and_cruse,cruise_189,0.8912876994256205,0.0,1217.8032009383735,1241.5651357244435,546.567598110548,0.8578868109084781,0.9631013216063716,0.16085360312854816,0.0,-3.040957538795778e-13,-5.336658663347744,0.0,,0.0,0.40186986816705206,0.0,19.494781590141706,True
lift_and_cruse,cruise_189,0.8913004113228097,0.0,1217.8032009436458,1241.5651357511672,546.5675981207044,0.8578868109071782,0.9631013216062092,0.16085360313015995,0.0,-3.040957538861232e-13,-5.336658663347744,0.0,,0.0,0.40186986816879194,0.0,19.498907887312438,True
lift_and_cruse,cruise_189,0.8913360331497515,0.0,1217.8032009436004,1241.565135750937,546.5675981207165,0.8578868109071898,0.9631013216062079,0.16085360313016112,0.0,-3.0409575388606686e-13,-5.336658663347744,0.0,,0.0,0.40186986816877696,0.0,19.51046951506426,True
lift_and_cruse,cruise_189,0.8913875183322136,0.0,1217.8032009435208,1241.565135750534,546.5675981205616,0.857886810907209,0.9631013216062104,0.16085360313012803,0.0,-3.040957538859681e-13,-5.336658663347744,0.0,,0.0,0.40186986816875064,0.0,19.52717655122686,True
lift_and_cruse,cruise_189,0.8914446766246494,0.0,1217.803200943424,1241.5651357500435,546.5675981203336,0.857886810907233,0.9631013216062144,0.16085360313010197,0.0,-3.0409575388584795e-13,-5.336658663347744,0.0,,0.0,0.4018698681687187,0.0,19.54571996238988,True
lift_and_cruse,cruise_189,0.8914940890072716,0.0,1217.803200943367,1241.5651357497563,546.5675981202272,0.857886810907247,0.9631013216062162,0.16085360313007593,0.0,-3.040957538857776e-13,-5.336658663347744,0.0,,0.0,0.40186986816869996,0.0,19.562426998552485,True
lift_and_cruse,cruise_189,0.8915276827056219,0.0,1217.8032009433189,1241.5651357495094,546.5675981201664,0.857886810907259,0.9631013216062168,0.16085360313007846,0.0,-3.0409575388571713e-13,-5.336658663347744,0.0,,0.0,0.4018698681686841,0.0,19.573988626304306,True
lift_and_cruse,cruise_189,0.891539673158754,0.0,1217.803200943305,1241.5651357494405,546.5675981201088,0.8578868109072622,0.9631013216062181,0.1608536031300568,0.0,-3.0409575388570027e-13,-5.336658663347744,0.0,,0.0,0.4018698681686795,0.0,19.578114923475038,True
lift_and_cruse,cruise_190,0.891534383183852,0.0,1217.7964867120622,1241.5610870721612,546.5649577144001,0.857885961270864,0.9631012525151974,0.16085459976996078,0.0,-3.040947622457661e-13,-5.336658663347744,0.0,,0.0,0.40186765250097367,0.0,19.578114923475038,True
lift_and_cruse,cruise_190,0.8915463739405257,0.0,1217.796486720574,1241.5610871153067,546.5649577308654,0.8578859612687656,0.9631012525149334,0.16085459977257083,0.0,-3.040947622563337e-13,-5.336658663347744,0.0,,0.0,0.4018676525037825,0.0,19.58224122064577,True
lift_and_cruse,cruise_190,0.8915799740761186,0.0,1217.7964867204903,1241.56108711488,546.5649577306983,0.8578859612687861,0.9631012525149362,0.16085459977253586,0.0,-3.0409476225622915e-13,-5.336658663347744,0.0,,0.0,0.40186765250375484,0.0,19.593802848397594,True
lift_and_cruse,cruise_190,0.8916285349835772,0.0,1217.7964867203764,1241.5610871143042,546.5649577305312,0.8578859612688143,0.9631012525149382,0.16085459977250682,0.0,-3.0409476225608814e-13,-5.336658663347744,0.0,,0.0,0.40186765250371725,0.0,19.610509884560194,True
lift_and_cruse,cruise_190,0.8916824436362287,0.0,1217.7964867202536,1241.5610871136817,546.5649577302911,0.8578859612688445,0.963101252514942,0.16085459977247463,0.0,-3.0409476225593567e-13,-5.336658663347744,0.0,,0.0,0.4018676525036767,0.0,19.629053295723217,True
lift_and_cruse,cruise_190,0.8917310227658369,0.0,1217.796486720136,1241.5610871130866,546.5649577300966,0.8578859612688737,0.9631012525149448,0.16085459977245226,0.0,-3.040947622557899e-13,-5.336658663347744,0.0,,0.0,0.401867652503638,0.0,19.645760331885818,True
lift_and_cruse,cruise_190,0.8917646456240816,0.0,1217.796486720053,1241.561087112664,546.5649577298686,0.8578859612688939,0.9631012525149492,0.1608545997724201,0.0,-3.040947622556864e-13,-5.336658663347744,0.0,,0.0,0.40186765250361056,0.0,19.65732195963764,True
lift_and_cruse,cruise_190,0.8917766464850702,0.0,1217.796486720029,1241.5610871125436,546.5649577298748,0.8578859612688998,0.9631012525149485,0.1608545997724089,0.0,-3.0409476225565693e-13,-5.336658663347744,0.0,,0.0,0.40186765250360257,0.0,19.66144825680837,True
lift_and_cruse,cruise_191,0.8917713272326269,0.0,1217.7897382011079,1241.5570180391169,546.5623039244349,0.8578851072542703,0.9631011830681554,0.16085560153892156,0.0,-3.040937656201074e-13,-5.336658663347744,0.0,,0.0,0.40186542552110904,0.0,19.66144825680837,True
lift_and_cruse,cruise_191,0.8917833283894179,0.0,1217.7897382025276,1241.5570180463133,546.562303927243,0.8578851072539201,0.9631011830681098,0.1608556015393726,0.0,-3.0409376562187e-13,-5.336658663347744,0.0,,0.0,0.4018654255215775,0.0,19.665574553979106,True
lift_and_cruse,cruise_191,0.8918169576867171,0.0,1217.7897382022861,1241.5570180450882,546.5623039267264,0.8578851072539797,0.9631011830681185,0.16085560153928746,0.0,-3.0409376562157e-13,-5.336658663347744,0.0,,0.0,0.40186542552149784,0.0,19.677136181730926,True
lift_and_cruse,cruise_191,0.8918655607398714,0.0,1217.7897382018803,1241.5570180430302,546.5623039259515,0.8578851072540797,0.9631011830681309,0.16085560153915798,0.0,-3.040937656210659e-13,-5.336658663347744,0.0,,0.0,0.4018654255213639,0.0,19.693843217893527,True
lift_and_cruse,cruise_191,0.8919195161788116,0.0,1217.7897382013994,1241.5570180405944,546.562303925061,0.8578851072541983,0.9631011830681447,0.16085560153901632,0.0,-3.040937656204693e-13,-5.336658663347744,0.0,,0.0,0.40186542552120513,0.0,19.71238662905655,True
lift_and_cruse,cruise_191,0.8919681374687023,0.0,1217.789738200939,1241.5570180382597,546.5623039241098,0.8578851072543118,0.9631011830681607,0.16085560153887196,0.0,-3.040937656198975e-13,-5.336658663347744,0.0,,0.0,0.40186542552105325,0.0,19.72909366521915,True
lift_and_cruse,cruise_191,0.8920017895068797,0.0,1217.7897382006622,1241.557018036857,546.5623039235962,0.85788510725438,0.9631011830681686,0.16085560153878484,0.0,-3.0409376561955393e-13,-5.336658663347744,0.0,,0.0,0.40186542552096194,0.0,19.740655292970974,True
lift_and_cruse,cruise_191,0.8920138007828647,0.0,1217.789738200567,1241.5570180363761,546.562303923423,0.8578851072544033,0.9631011830681714,0.16085560153877296,0.0,-3.0409376561943614e-13,-5.336658663347744,0.0,,0.0,0.4018654255209305,0.0,19.744781590141706,True
lift_and_cruse,cruise_192,0.892008451932355,0.0,1217.7829550213767,1241.5529282699777,546.5596365467297,0.8578842488201718,0.9631011132624314,0.1608566084800049,0.0,-3.0409276391557033e-13,-5.336658663347744,0.0,,0.0,0.4018631871006958,0.0,19.744781590141706,True
lift_and_cruse,cruise_192,0.8920204635135857,0.0,1217.7829550334818,1241.5529283313335,546.559636570118,0.8578842488171877,0.9631011132620566,0.16085660848368968,0.0,-3.0409276393059817e-13,-5.336658663347744,0.0,,0.0,0.4018631871046904,0.0,19.748907887312438,True
lift_and_cruse,cruise_192,0.8920541219931284,0.0,1217.7829550334807,1241.5529283313272,546.5596365701332,0.857884248817188,0.963101113262056,0.16085660848368746,0.0,-3.040927639305966e-13,-5.336658663347744,0.0,,0.0,0.40186318710469005,0.0,19.76046951506426,True
lift_and_cruse,cruise_192,0.892102767221765,0.0,1217.782955033481,1241.552928331329,546.5596365701272,0.8578842488171879,0.9631011132620563,0.16085660848367783,0.0,-3.0409276393059705e-13,-5.336658663347744,0.0,,0.0,0.4018631871046901,0.0,19.77717655122686,True
lift_and_cruse,cruise_192,0.8921567694801094,0.0,1217.7829550334832,1241.5529283313404,546.5596365700907,0.8578842488171876,0.9631011132620574,0.16085660848368333,0.0,-3.0409276393059983e-13,-5.336658663347744,0.0,,0.0,0.4018631871046909,0.0,19.79571996238988,True
lift_and_cruse,cruise_192,0.8922054329601729,0.0,1217.7829550334832,1241.552928331339,546.5596365700877,0.8578842488171877,0.9631011132620574,0.1608566084836737,0.0,-3.040927639305995e-13,-5.336658663347744,0.0,,0.0,0.4018631871046909,0.0,19.812426998552485,True
lift_and_cruse,cruise_192,0.8922391141988729,0.0,1217.7829550334825,1241.5529283313374,546.5596365701089,0.8578842488171875,0.9631011132620568,0.1608566084836896,0.0,-3.040927639305991e-13,-5.336658663347744,0.0,,0.0,0.4018631871046906,0.0,19.823988626304306,True
lift_and_cruse,cruise_192,0.8922511358972041,0.0,1217.7829550334793,1241.552928331321,546.5596365701515,0.857884248817188,0.9631011132620556,0.16085660848368188,0.0,-3.040927639305951e-13,-5.336658663347744,0.0,,0.0,0.4018631871046896,0.0,19.828114923475038,True
lift_and_cruse,cruise_193,0.892245757256133,0.0,1217.7761369535217,1241.5488182696422,546.5569557131232,0.857883385887331,0.9631010430899104,0.16085762069015075,0.0,-3.0409175725581924e-13,-5.336658663347744,0.0,,0.0,0.40186093716735033,0.0,19.828114923475038,True
lift_and_cruse,cruise_193,0.8922577849279679,0.0,1217.7761428398194,1241.5488481042355,546.5569671346266,0.8578833844363453,0.9631010429063546,0.16085762249656252,0.0,-3.040917645631871e-13,-5.336658663347744,0.0,,0.0,0.40186093910980336,0.0,19.83224122064577,True
lift_and_cruse,cruise_193,0.8922914724843747,0.0,1217.776142708657,1241.5488474394429,546.5569668801635,0.8578833844686773,0.9631010429104436,0.16085762245632443,0.0,-3.0409176440035984e-13,-5.336658663347744,0.0,,0.0,0.40186093906652043,0.0,19.843802848397594,True
lift_and_cruse,cruise_193,0.8923401601409472,0.0,1217.7761429384573,1241.5488486041797,546.5569673260787,0.8578833844120309,0.963101042903277,0.16085762252683947,0.0,-3.040917646856381e-13,-5.336658663347744,0.0,,0.0,0.4018609391423535,0.0,19.860509884560194,True
lift_and_cruse,cruise_193,0.8923942090550827,0.0,1217.7761427337819,1241.548847566786,546.5569669290613,0.8578833844624838,0.9631010429096563,0.16085762246407176,0.0,-3.040917644315499e-13,-5.336658663347744,0.0,,0.0,0.40186093907481146,0.0,19.879053295723217,True
lift_and_cruse,cruise_193,0.8924429152129095,0.0,1217.7761432071136,1241.5488499658588,546.556967847246,0.8578833843458064,0.9631010428949026,0.1608576226092607,0.0,-3.040917650191533e-13,-5.336658663347744,0.0,,0.0,0.4018609392310089,0.0,19.895760331885818,True
lift_and_cruse,cruise_193,0.892476625918331,0.0,1217.7761434607241,1241.5488512512798,546.5569683391993,0.8578833842832911,0.9631010428869979,0.16085762268704906,0.0,-3.0409176533399063e-13,-5.336658663347744,0.0,,0.0,0.4018609393146993,0.0,19.90732195963764,True
lift_and_cruse,cruise_193,0.8924886578852254,0.0,1217.7761432935768,1241.548850404096,546.5569680150211,0.8578833843244931,0.9631010428922063,0.1608576226358002,0.0,-3.040917651264904e-13,-5.336658663347744,0.0,,0.0,0.4018609392595414,0.0,19.91144825680837,True
lift_and_cruse,cruise_194,0.8924832427283872,0.0,1217.7692833062797,1241.5446861766156,546.5542606580957,0.857882518488701,0.9631009725567025,0.16085863812687873,0.0,-3.040907451849195e-13,-5.336658663347744,0.0,,0.0,0.4018586754929587,0.0,19.91144825680837,True
lift_and_cruse,cruise_194,0.892495275136251,0.0,1217.769283294409,1241.5446861164507,546.5542606347925,0.8578825184916273,0.9631009725570798,0.1608586381231534,0.0,-3.0409074517018333e-13,-5.336658663347744,0.0,,0.0,0.4018586754890413,0.0,19.915574553979106,True
lift_and_cruse,cruise_194,0.8925289920400297,0.0,1217.7692832943712,1241.544686116259,546.5542606347834,0.8578825184916368,0.9631009725570793,0.16085863812315837,0.0,-3.040907451701364e-13,-5.336658663347744,0.0,,0.0,0.40185867548902887,0.0,19.927136181730926,True
lift_and_cruse,cruise_194,0.8925777217058721,0.0,1217.7692832943292,1241.544686116046,546.5542606346983,0.8578825184916473,0.9631009725570806,0.16085863812316392,0.0,-3.040907451700842e-13,-5.336658663347744,0.0,,0.0,0.40185867548901505,0.0,19.943843217893527,True
lift_and_cruse,cruise_194,0.8926318176986777,0.0,1217.7692832942862,1241.5446861158298,546.5542606345524,0.8578825184916576,0.9631009725570836,0.16085863812313028,0.0,-3.0409074517003126e-13,-5.336658663347744,0.0,,0.0,0.40185867548900084,0.0,19.96238662905655,True
lift_and_cruse,cruise_194,0.8926805656451978,0.0,1217.7692832942394,1241.5446861155906,546.5542606345342,0.8578825184916692,0.9631009725570832,0.16085863812313791,0.0,-3.0409074516997265e-13,-5.336658663347744,0.0,,0.0,0.4018586754889853,0.0,19.97909366521915,True
lift_and_cruse,cruise_194,0.892714305344617,0.0,1217.769283294213,1241.5446861154578,546.5542606344521,0.8578825184916757,0.9631009725570848,0.16085863812311216,0.0,-3.0409074516994013e-13,-5.336658663347744,0.0,,0.0,0.4018586754889767,0.0,19.990655292970974,True
lift_and_cruse,cruise_194,0.8927263479089433,0.0,1217.7692832942005,1241.5446861153935,546.554260634434,0.8578825184916787,0.9631009725570849,0.16085863812310566,0.0,-3.040907451699244e-13,-5.336658663347744,0.0,,0.0,0.4018586754889725,0.0,19.994781590141706,True
lift_and_cruse,cruise_195,0.8927209084510099,0.0,1217.762394006248,1241.5405332870819,546.5515518099635,0.8578816465027503,0.9631009016497849,0.16085966093585494,0.0,-3.0408972802034455e-13,-5.336658663347744,0.0,,0.0,0.40185640205329826,0.0,19.994781590141706,True
lift_and_cruse,cruise_195,0.892732951285183,0.0,1217.7623939847754,1241.5405331782522,546.5515517677849,0.8578816465080437,0.9631009016504682,0.16085966092912798,0.0,-3.04089727993689e-13,-5.336658663347744,0.0,,0.0,0.4018564020462125,0.0,19.998907887312438,True
lift_and_cruse,cruise_195,0.8927666974311073,0.0,1217.7623939847213,1241.5405331779752,546.5515517676907,0.8578816465080569,0.9631009016504696,0.16085966092910253,0.0,-3.040897279936211e-13,-5.336658663347744,0.0,,0.0,0.4018564020461946,0.0,20.01046951506426,True
lift_and_cruse,cruise_195,0.8928154693589238,0.0,1217.7623939846346,1241.5405331775387,546.5515517676208,0.8578816465080786,0.9631009016504697,0.16085966092910348,0.0,-3.040897279935142e-13,-5.336658663347744,0.0,,0.0,0.40185640204616596,0.0,20.02717655122686,True
lift_and_cruse,cruise_195,0.8928696122670998,0.0,1217.7623939845478,1241.5405331770983,546.5515517675024,0.8578816465080997,0.963100901650471,0.16085966092910245,0.0,-3.0408972799340635e-13,-5.336658663347744,0.0,,0.0,0.4018564020461373,0.0,20.04571996238988,True
lift_and_cruse,cruise_195,0.8929184024902206,0.0,1217.7623939844782,1241.5405331767463,546.5515517672926,0.8578816465081166,0.9631009016504753,0.16085966092904744,0.0,-3.040897279933201e-13,-5.336658663347744,0.0,,0.0,0.40185640204611434,0.0,20.062426998552485,True
lift_and_cruse,cruise_195,0.8929521714500116,0.0,1217.7623939844227,1241.5405331764634,546.5515517673048,0.8578816465081306,0.9631009016504738,0.16085966092905857,0.0,-3.0408972799325085e-13,-5.336658663347744,0.0,,0.0,0.401856402046096,0.0,20.073988626304306,True
lift_and_cruse,cruise_195,0.8929642244580488,0.0,1217.7623939844061,1241.5405331763811,546.5515517672501,0.8578816465081346,0.963100901650475,0.16085966092905452,0.0,-3.040897279932307e-13,-5.336658663347744,0.0,,0.0,0.4018564020460906,0.0,20.078114923475038,True
lift_and_cruse,cruise_196,0.8929587541604487,0.0,1217.7554685813263,1241.5363589030426,546.5488288417706,0.8578807699039985,0.9631008303680764,0.16086068914576865,0.0,-3.040887055911341e-13,-5.336658663347744,0.0,,0.0,0.4018541166925782,0.0,20.078114923475038,True
lift_and_cruse,cruise_196,0.8929708074240414,0.0,1217.7554685460989,1241.5363587245004,546.5488287729763,0.8578807699126818,0.9631008303691866,0.16086068913483317,0.0,-3.040887055474039e-13,-5.336658663347744,0.0,,0.0,0.4018541166809533,0.0,20.08224122064577,True
lift_and_cruse,cruise_196,0.8930045828320569,0.0,1217.755468546015,1241.5363587240759,546.5488287728913,0.8578807699127026,0.9631008303691871,0.16086068913480064,0.0,-3.040887055472999e-13,-5.336658663347744,0.0,,0.0,0.4018541166809256,0.0,20.093802848397594,True
lift_and_cruse,cruise_196,0.8930533970506731,0.0,1217.7554685458879,1241.5363587234294,546.5488287726694,0.8578807699127342,0.9631008303691906,0.16086068913478435,0.0,-3.0408870554714157e-13,-5.336658663347744,0.0,,0.0,0.40185411668088367,0.0,20.110509884560194,True
lift_and_cruse,cruise_196,0.8931075869062118,0.0,1217.7554685457567,1241.5363587227655,546.548828772487,0.8578807699127663,0.9631008303691926,0.16086068913476095,0.0,-3.0408870554697896e-13,-5.336658663347744,0.0,,0.0,0.40185411668084037,0.0,20.129053295723217,True
lift_and_cruse,cruise_196,0.8931564194347473,0.0,1217.7554685456382,1241.536358722166,546.5488287723048,0.8578807699127957,0.963100830369195,0.1608606891347488,0.0,-3.0408870554683214e-13,-5.336658663347744,0.0,,0.0,0.40185411668080123,0.0,20.145760331885818,True
lift_and_cruse,cruise_196,0.893190217674845,0.0,1217.7554685455643,1241.5363587217917,546.5488287720221,0.8578807699128136,0.963100830369201,0.16086068913467802,0.0,-3.0408870554674045e-13,-5.336658663347744,0.0,,0.0,0.40185411668077686,0.0,20.15732195963764,True
lift_and_cruse,cruise_196,0.8932022811337107,0.0,1217.7554685455375,1241.5363587216543,546.5488287720221,0.8578807699128203,0.9631008303692005,0.16086068913469354,0.0,-3.0408870554670683e-13,-5.336658663347744,0.0,,0.0,0.40185411668076804,0.0,20.16144825680837,True
lift_and_cruse,cruise_197,0.8931967796644422,0.0,1217.748506639523,1241.5321627597186,546.5460915894103,0.8578798886449411,0.9631007587077979,0.16086172281206187,0.0,-3.0408767783243604e-13,-5.336658663347744,0.0,,0.0,0.4018518192814426,0.0,20.16144825680837,True
lift_and_cruse,cruise_197,0.8932088433665794,0.0,1217.7485065926498,1241.5321625221525,546.5460914980695,0.8578798886564953,0.96310075870927,0.16086172279755104,0.0,-3.040876777742491e-13,-5.336658663347744,0.0,,0.0,0.40185181926597463,0.0,20.165574553979106,True
lift_and_cruse,cruise_197,0.8932426480565892,0.0,1217.7485065925423,1241.5321625216093,546.5460914979113,0.8578798886565216,0.963100758709272,0.16086172279754365,0.0,-3.040876777741161e-13,-5.336658663347744,0.0,,0.0,0.4018518192659392,0.0,20.177136181730926,True
lift_and_cruse,cruise_197,0.8932915045947758,0.0,1217.748506592386,1241.532162520817,546.5460914976045,0.8578798886565601,0.9631007587092771,0.16086172279749716,0.0,-3.0408767777392205e-13,-5.336658663347744,0.0,,0.0,0.4018518192658877,0.0,20.193843217893527,True
lift_and_cruse,cruise_197,0.893345741429583,0.0,1217.7485065921958,1241.5321625198517,546.5460914974404,0.8578798886566075,0.9631007587092775,0.1608617227974955,0.0,-3.0408767777368557e-13,-5.336658663347744,0.0,,0.0,0.40185181926582486,0.0,20.21238662905655,True
lift_and_cruse,cruise_197,0.8933946162922978,0.0,1217.7485065920557,1241.5321625191432,546.5460914970665,0.8578798886566412,0.9631007587092846,0.1608617227974243,0.0,-3.0408767777351205e-13,-5.336658663347744,0.0,,0.0,0.4018518192657787,0.0,20.22909366521915,True
lift_and_cruse,cruise_197,0.8934284438326066,0.0,1217.74850659194,1241.532162518555,546.5460914970605,0.8578798886566701,0.9631007587092825,0.16086172279744346,0.0,-3.0408767777336796e-13,-5.336658663347744,0.0,,0.0,0.4018518192657405,0.0,20.240655292970974,True
lift_and_cruse,cruise_197,0.8934405177493961,0.0,1217.74850659191,1241.5321625184042,546.5460914968965,0.8578798886566773,0.9631007587092862,0.16086172279741529,0.0,-3.0408767777333105e-13,-5.336658663347744,0.0,,0.0,0.4018518192657306,0.0,20.244781590141706,True
lift_and_cruse,cruise_198,0.8934349847038188,0.0,1217.7415077193768,1241.5279442680073,546.5433397637864,0.8578790026928732,0.9631006866670746,0.1608627619717972,0.0,-3.0408664459996176e-13,-5.336658663347744,0.0,,0.0,0.4018495096676115,0.0,20.244781590141706,True
lift_and_cruse,cruise_198,0.8934470589092575,0.0,1217.7415077204623,1241.527944273509,546.5433397656919,0.857879002692606,0.9631006866670461,0.16086276197206795,0.0,-3.040866446013093e-13,-5.336658663347744,0.0,,0.0,0.40184950966796973,0.0,20.248907887312438,True
lift_and_cruse,cruise_198,0.8934808929012433,0.0,1217.7415077204635,1241.527944273516,546.5433397658013,0.8578790026926055,0.9631006866670432,0.16086276197210472,0.0,-3.0408664460131097e-13,-5.336658663347744,0.0,,0.0,0.4018495096679702,0.0,20.26046951506426,True
lift_and_cruse,cruise_198,0.8935297917878721,0.0,1217.741507720476,1241.5279442735794,546.5433397657679,0.8578790026926024,0.9631006866670443,0.1608627619720748,0.0,-3.0408664460132647e-13,-5.336658663347744,0.0,,0.0,0.4018495096679742,0.0,20.27717655122686,True
lift_and_cruse,cruise_198,0.8935840756340141,0.0,1217.741507720488,1241.527944273639,546.5433397657952,0.8578790026925993,0.9631006866670438,0.16086276197208713,0.0,-3.0408664460134106e-13,-5.336658663347744,0.0,,0.0,0.4018495096679782,0.0,20.29571996238988,True
lift_and_cruse,cruise_198,0.893632992859761,0.0,1217.7415077204976,1241.5279442736892,546.5433397657982,0.8578790026925972,0.963100686667044,0.1608627619720926,0.0,-3.040866446013534e-13,-5.336658663347744,0.0,,0.0,0.40184950966798144,0.0,20.312426998552485,True
lift_and_cruse,cruise_198,0.8936668497202531,0.0,1217.7415077205003,1241.5279442737012,546.5433397658712,0.8578790026925964,0.963100686667042,0.1608627619721018,0.0,-3.0408664460135636e-13,-5.336658663347744,0.0,,0.0,0.4018495096679823,0.0,20.323988626304306,True
lift_and_cruse,cruise_198,0.8936789341020959,0.0,1217.7415077205048,1241.5279442737246,546.5433397658409,0.8578790026925954,0.963100686667043,0.16086276197209257,0.0,-3.0408664460136207e-13,-5.336658663347744,0.0,,0.0,0.4018495096679838,0.0,20.328114923475038,True
lift_and_cruse,cruise_199,0.8936733692067381,0.0,1217.7344715527076,1241.5237038467767,546.5405734600844,0.8578781119650715,0.9631006142377553,0.16086380672403663,0.0,-3.040856059963043e-13,-5.336658663347744,0.0,,0.0,0.4018471877625865,0.0,20.328114923475038,True
lift_and_cruse,cruise_199,0.8936854538769384,0.0,1217.734471554594,1241.5237038563369,546.5405734636583,0.8578781119646066,0.9631006142376988,0.16086380672459866,0.0,-3.0408560599864585e-13,-5.336658663347744,0.0,,0.0,0.40184718776320894,0.0,20.33224122064577,True
lift_and_cruse,cruise_199,0.8937193171906036,0.0,1217.7344715546137,1241.5237038564374,546.5405734636978,0.8578781119646016,0.9631006142376981,0.16086380672460518,0.0,-3.040856059986705e-13,-5.336658663347744,0.0,,0.0,0.4018471877632155,0.0,20.343802848397594,True
lift_and_cruse,cruise_199,0.8937682584541384,0.0,1217.7344715546387,1241.5237038565645,546.5405734637799,0.8578781119645953,0.9631006142376964,0.16086380672461337,0.0,-3.0408560599870164e-13,-5.336658663347744,0.0,,0.0,0.40184718776322376,0.0,20.360509884560194,True
lift_and_cruse,cruise_199,0.8938225893431953,0.0,1217.7344715546672,1241.5237038567084,546.5405734638406,0.8578781119645884,0.9631006142376953,0.16086380672462636,0.0,-3.040856059987369e-13,-5.336658663347744,0.0,,0.0,0.40184718776323325,0.0,20.379053295723217,True
lift_and_cruse,cruise_199,0.8938715489604437,0.0,1217.7344715546915,1241.523703856832,546.5405734639257,0.8578781119645825,0.9631006142376936,0.16086380672463993,0.0,-3.0408560599876717e-13,-5.336658663347744,0.0,,0.0,0.4018471877632412,0.0,20.395760331885818,True
lift_and_cruse,cruise_199,0.8939054351608139,0.0,1217.734471554714,1241.5237038569462,546.5405734638772,0.857878111964577,0.9631006142376954,0.16086380672462544,0.0,-3.0408560599879514e-13,-5.336658663347744,0.0,,0.0,0.40184718776324857,0.0,20.40732195963764,True
lift_and_cruse,cruise_199,0.8939175300147394,0.0,1217.7344715547256,1241.5237038570053,546.540573463792,0.8578781119645742,0.963100614237698,0.1608638067246129,0.0,-3.0408560599880963e-13,-5.336658663347744,0.0,,0.0,0.40184718776325246,0.0,20.41144825680837,True
lift_and_cruse,cruise_200,0.8939119314277815,0.0,1217.727396143973,1241.519433189154,546.5377894350728,0.8578772168022002,0.9631005414651987,0.16086485664166297,0.0,-3.0408455998686673e-13,-5.336658663347744,0.0,,0.0,0.4018448529078471,0.0,20.41144825680837,True
lift_and_cruse,cruise_200,0.8939240280602736,0.0,1217.727397684349,1241.5194409961828,546.5377924208051,0.8578772164224758,0.9631005414172484,0.1608648571134771,0.0,-3.040845618990373e-13,-5.336658663347744,0.0,,0.0,0.4018448534161646,0.0,20.415574553979106,True
lift_and_cruse,cruise_200,0.8939579207153191,0.0,1217.7273976843364,1241.5194409961214,546.5377924207717,0.8578772164224788,0.9631005414172491,0.16086485711348017,0.0,-3.0408456189902225e-13,-5.336658663347744,0.0,,0.0,0.4018448534161605,0.0,20.427136181730926,True
lift_and_cruse,cruise_200,0.8940069043842186,0.0,1217.7273976843105,1241.5194409959881,546.5377924206563,0.8578772164224853,0.9631005414172517,0.16086485711345822,0.0,-3.0408456189898963e-13,-5.336658663347744,0.0,,0.0,0.40184485341615184,0.0,20.443843217893527,True
lift_and_cruse,cruise_200,0.8940612823477786,0.0,1217.7273976842775,1241.5194409958217,546.5377924206258,0.8578772164224936,0.9631005414172518,0.16086485711344098,0.0,-3.0408456189894884e-13,-5.336658663347744,0.0,,0.0,0.401844853416141,0.0,20.46238662905655,True
lift_and_cruse,cruise_200,0.8941102843849861,0.0,1217.7273976842498,1241.519440995681,546.5377924206167,0.8578772164225004,0.9631005414172514,0.16086485711346,0.0,-3.040845618989144e-13,-5.336658663347744,0.0,,0.0,0.40184485341613185,0.0,20.47909366521915,True
lift_and_cruse,cruise_200,0.894144199944927,0.0,1217.7273976842316,1241.5194409955893,546.5377924205833,0.8578772164225048,0.963100541417252,0.16086485711344894,0.0,-3.0408456189889194e-13,-5.336658663347744,0.0,,0.0,0.4018448534161258,0.0,20.490655292970974,True
lift_and_cruse,cruise_200,0.8941563052779683,0.0,1217.7273976842316,1241.5194409955893,546.5377924205408,0.8578772164225048,0.9631005414172531,0.16086485711344944,0.0,-3.0408456189889194e-13,-5.336658663347744,0.0,,0.0,0.4018448534161258,0.0,20.494781590141706,True
lift_and_cruse,cruise_201,0.8941506756286741,0.0,1217.720285694751,1241.5151554265203,546.5349964688679,0.8578763160147674,0.9631004682015483,0.16086591319906463,0.0,-3.0408351223720336e-13,-5.336658663347744,0.0,,0.0,0.40184250648989606,0.0,20.494781590141706,True
lift_and_cruse,cruise_201,0.8941627812459704,0.0,1217.7202856945823,1241.5151554256663,546.5349964685702,0.8578763160148087,0.9631004682015527,0.16086591319901114,0.0,-3.040835122369942e-13,-5.336658663347744,0.0,,0.0,0.40184250648984043,0.0,20.498907887312438,True
lift_and_cruse,cruise_201,0.8941967032621313,0.0,1217.7202856945867,1241.5151554256877,546.5349964685093,0.857876316014808,0.9631004682015544,0.16086591319900673,0.0,-3.0408351223699944e-13,-5.336658663347744,0.0,,0.0,0.4018425064898418,0.0,20.51046951506426,True
lift_and_cruse,cruise_201,0.8942457293649291,0.0,1217.7202856945833,1241.5151554256702,546.534996468558,0.8578763160148088,0.963100468201553,0.1608659131990244,0.0,-3.0408351223699515e-13,-5.336658663347744,0.0,,0.0,0.40184250648984077,0.0,20.52717655122686,True
lift_and_cruse,cruise_201,0.8943001544346586,0.0,1217.7202856945896,1241.5151554257038,546.5349964685003,0.8578763160148069,0.9631004682015548,0.16086591319899052,0.0,-3.040835122370034e-13,-5.336658663347744,0.0,,0.0,0.4018425064898429,0.0,20.54571996238988,True
lift_and_cruse,cruise_201,0.8943491989203437,0.0,1217.7202856945817,1241.5151554256609,546.5349964686127,0.857876316014809,0.9631004682015516,0.16086591319903515,0.0,-3.040835122369929e-13,-5.336658663347744,0.0,,0.0,0.40184250648984027,0.0,20.562426998552485,True
lift_and_cruse,cruise_201,0.8943831438595903,0.0,1217.720285694585,1241.515155425679,546.5349964685489,0.8578763160148083,0.9631004682015534,0.16086591319901652,0.0,-3.040835122369973e-13,-5.336658663347744,0.0,,0.0,0.4018425064898413,0.0,20.573988626304306,True
lift_and_cruse,cruise_201,0.8943952596787798,0.0,1217.720285694586,1241.5151554256856,546.5349964684881,0.857876316014808,0.963100468201555,0.1608659131989982,0.0,-3.0408351223699893e-13,-5.336658663347744,0.0,,0.0,0.40184250648984166,0.0,20.578114923475038,True
lift_and_cruse,cruise_202,0.8943895978071481,0.0,1217.7131358796255,1241.5108505034507,546.5321868228131,0.8578754105127667,0.963100394564136,0.16086697526154448,0.0,-3.040824578351518e-13,-5.336658663347744,0.0,,0.0,0.4018401470813647,0.0,20.578114923475038,True
lift_and_cruse,cruise_202,0.894401714041153,0.0,1217.7131360150297,1241.5108511897013,546.5321870861166,0.8578754104793872,0.9631003945598984,0.1608669753032689,0.0,-3.040824580032347e-13,-5.336658663347744,0.0,,0.0,0.4018401471260475,0.0,20.58224122064577,True
lift_and_cruse,cruise_202,0.8944356654339607,0.0,1217.7131360106175,1241.5108511673411,546.5321870775192,0.8578754104804754,0.9631003945600368,0.1608669753019107,0.0,-3.0408245799775807e-13,-5.336658663347744,0.0,,0.0,0.4018401471245915,0.0,20.593802848397594,True
lift_and_cruse,cruise_202,0.8944847339962215,0.0,1217.713136007467,1241.5108511513727,546.5321870714289,0.8578754104812516,0.9631003945601345,0.1608669753009548,0.0,-3.0408245799384694e-13,-5.336658663347744,0.0,,0.0,0.40184014712355176,0.0,20.610509884560194,True
lift_and_cruse,cruise_202,0.8945392061977736,0.0,1217.7131360011758,1241.510851119487,546.5321870592456,0.8578754104828027,0.96310039456033,0.16086697529901925,0.0,-3.040824579860372e-13,-5.336658663347744,0.0,,0.0,0.4018401471214757,0.0,20.629053295723217,True
lift_and_cruse,cruise_202,0.8945882931550392,0.0,1217.7131359954979,1241.5108510907103,546.5321870481653,0.8578754104842026,0.9631003945605088,0.1608669752972731,0.0,-3.0408245797898894e-13,-5.336658663347744,0.0,,0.0,0.40184014711960203,0.0,20.645760331885818,True
lift_and_cruse,cruise_202,0.8946222674894905,0.0,1217.7131359914717,1241.510851070304,546.53218704051,0.8578754104851953,0.9631003945606301,0.16086697529605604,0.0,-3.040824579739908e-13,-5.336658663347744,0.0,,0.0,0.4018401471182734,0.0,20.65732195963764,True
lift_and_cruse,cruise_202,0.8946343938040832,0.0,1217.7131359937202,1241.5108510817024,546.5321870448497,0.8578754104846407,0.9631003945605606,0.1608669752967499,0.0,-3.0408245797678265e-13,-5.336658663347744,0.0,,0.0,0.40184014711901545,0.0,20.66144825680837,True
lift_and_cruse,cruise_203,0.8946286977309569,0.0,1217.7059462638058,1241.5065181142845,546.5293603102269,0.8578745002445145,0.9631003205488956,0.1608680428892356,0.0,-3.040813967058468e-13,-5.336658663347744,0.0,,0.0,0.4018377745387737,0.0,20.66144825680837,True
lift_and_cruse,cruise_203,0.8946408245598774,0.0,1217.7059465050495,1241.506519336945,546.5293607782997,0.8578745001850433,0.9631003205413734,0.16086804296327237,0.0,-3.0408139700531225e-13,-5.336658663347744,0.0,,0.0,0.40183777461838305,0.0,20.665574553979106,True
lift_and_cruse,cruise_203,0.8946748053537713,0.0,1217.705946501434,1241.506519318622,546.5293607713252,0.8578745001859349,0.9631003205414851,0.1608680429621689,0.0,-3.040813970008244e-13,-5.336658663347744,0.0,,0.0,0.40183777461719006,0.0,20.677136181730926,True
lift_and_cruse,cruise_203,0.8947239164035273,0.0,1217.7059464951706,1241.5065192868774,546.5293607591113,0.8578745001874786,0.963100320541682,0.16086804296022772,0.0,-3.0408139699304924e-13,-5.336658663347744,0.0,,0.0,0.4018377746151231,0.0,20.693843217893527,True
lift_and_cruse,cruise_203,0.8947784357769426,0.0,1217.7059464918218,1241.5065192699053,546.5293607526473,0.857874500188304,0.9631003205417856,0.16086804295921606,0.0,-3.040813969888923e-13,-5.336658663347744,0.0,,0.0,0.40183777461401804,0.0,20.71238662905655,True
lift_and_cruse,cruise_203,0.894827565243411,0.0,1217.7059464903718,1241.506519262558,546.5293607498484,0.8578745001886616,0.9631003205418304,0.16086804295878057,0.0,-3.0408139698709267e-13,-5.336658663347744,0.0,,0.0,0.40183777461353953,0.0,20.72909366521915,True
lift_and_cruse,cruise_203,0.8948615689959781,0.0,1217.7059464859803,1241.5065192403017,546.5293607412844,0.8578745001897442,0.9631003205419685,0.16086804295742435,0.0,-3.040813969816415e-13,-5.336658663347744,0.0,,0.0,0.40183777461209036,0.0,20.740655292970974,True
lift_and_cruse,cruise_203,0.8948737058062544,0.0,1217.7059464836398,1241.5065192284367,546.5293607367988,0.8578745001903212,0.96310032054204,0.1608680429567172,0.0,-3.040813969787354e-13,-5.336658663347744,0.0,,0.0,0.401837774611318,0.0,20.744781590141706,True
lift_and_cruse,cruise_204,0.8948679760194335,0.0,1217.6987172902107,1241.5021624333654,546.5265184571259,0.8578735849393029,0.9631002461241319,0.16086911641450932,0.0,-3.0408032987170767e-13,-5.336658663347744,0.0,,0.0,0.4018353890082845,0.0,20.744781590141706,True
lift_and_cruse,cruise_204,0.8948801134256303,0.0,1217.6987176118332,1241.5021640633897,546.5265190807659,0.8578735848600163,0.9631002461141139,0.16086911651311037,0.0,-3.040803302709485e-13,-5.336658663347744,0.0,,0.0,0.40183538911441863,0.0,20.748907887312438,True
lift_and_cruse,cruise_204,0.8949141236419574,0.0,1217.698717610896,1241.5021640586392,546.5265190789698,0.8578735848602471,0.9631002461141426,0.160869116512831,0.0,-3.0408033026978496e-13,-5.336658663347744,0.0,,0.0,0.4018353891141093,0.0,20.76046951506426,True
lift_and_cruse,cruise_204,0.8949632772129351,0.0,1217.6987176071918,1241.5021640398668,546.5265190717795,0.8578735848611605,0.963100246114258,0.16086911651169705,0.0,-3.04080330265187e-13,-5.336658663347744,0.0,,0.0,0.401835389112887,0.0,20.77717655122686,True
lift_and_cruse,cruise_204,0.8950178437856102,0.0,1217.6987176027546,1241.5021640173786,546.5265190631852,0.8578735848622543,0.9631002461143959,0.16086911651033153,0.0,-3.04080330259679e-13,-5.336658663347744,0.0,,0.0,0.4018353891114227,0.0,20.79571996238988,True
lift_and_cruse,cruise_204,0.8950670157818115,0.0,1217.698717597636,1241.5021639914373,546.5265190532355,0.8578735848635158,0.9631002461145561,0.1608691165087526,0.0,-3.040803302533252e-13,-5.336658663347744,0.0,,0.0,0.4018353891097336,0.0,20.812426998552485,True
lift_and_cruse,cruise_204,0.8951010489731586,0.0,1217.6987175940537,1241.5021639732818,546.5265190462031,0.8578735848643992,0.9631002461146699,0.16086911650764188,0.0,-3.040803302488784e-13,-5.336658663347744,0.0,,0.0,0.4018353891085515,0.0,20.823988626304306,True
lift_and_cruse,cruise_204,0.8951131962933144,0.0,1217.6987175945715,1241.5021639759057,546.5265190473124,0.8578735848642718,0.963100246114651,0.1608691165078242,0.0,-3.0408033024952105e-13,-5.336658663347744,0.0,,0.0,0.40183538910872235,0.0,20.828114923475038,True
lift_and_cruse,cruise_205,0.8951074324139756,0.0,1217.6914484952963,1241.4977830732064,546.5236610435788,0.8578726645471741,0.9631001712860703,0.16087019589535742,0.0,-3.0407925723782746e-13,-5.336658663347744,0.0,,0.0,0.40183299033692965,0.0,20.828114923475038,True
lift_and_cruse,cruise_205,0.8951195803937996,0.0,1217.6914488862942,1241.4977850548212,546.5236618016195,0.8578726644507841,0.9631001712738944,0.1608701960151824,0.0,-3.040792577231831e-13,-5.336658663347744,0.0,,0.0,0.4018329904659573,0.0,20.83224122064577,True
lift_and_cruse,cruise_205,0.8951536200496968,0.0,1217.6914488856369,1241.4977850514915,546.5236618003491,0.8578726644509461,0.9631001712739149,0.16087019601498256,0.0,-3.040792577223676e-13,-5.336658663347744,0.0,,0.0,0.4018329904657404,0.0,20.843802848397594,True
lift_and_cruse,cruise_205,0.8952028161682425,0.0,1217.6914488826715,1241.4977850364617,546.5236617945081,0.8578726644516773,0.9631001712740097,0.16087019601405544,0.0,-3.040792577186863e-13,-5.336658663347744,0.0,,0.0,0.4018329904647618,0.0,20.860509884560194,True
lift_and_cruse,cruise_205,0.8952574299731291,0.0,1217.6914488789334,1241.497785017517,546.5236617873634,0.857872664452599,0.9631001712741233,0.16087019601292787,0.0,-3.040792577140462e-13,-5.336658663347744,0.0,,0.0,0.4018329904635283,0.0,20.879053295723217,True
lift_and_cruse,cruise_205,0.8953066445305959,0.0,1217.6914488736616,1241.4977849907984,546.523661777131,0.8578726644538982,0.9631001712742878,0.1608701960113102,0.0,-3.0407925770750206e-13,-5.336658663347744,0.0,,0.0,0.4018329904617886,0.0,20.895760331885818,True
lift_and_cruse,cruise_205,0.8953407071817002,0.0,1217.691448872449,1241.4977849846525,546.523661774718,0.8578726644541975,0.9631001712743272,0.16087019601093297,0.0,-3.0407925770599674e-13,-5.336658663347744,0.0,,0.0,0.40183299046138843,0.0,20.90732195963764,True
lift_and_cruse,cruise_205,0.8953528650152995,0.0,1217.691448872352,1241.4977849841625,546.5236617745661,0.8578726644542212,0.9631001712743292,0.16087019601090838,0.0,-3.0407925770587673e-13,-5.336658663347744,0.0,,0.0,0.4018329904613564,0.0,20.91144825680837,True
lift_and_cruse,cruise_206,0.8953470666839413,0.0,1217.6841394438468,1241.4933798229702,546.5207879163099,0.8578717390084166,0.9631000960297389,0.16087128140188006,0.0,-3.0407817875256595e-13,-5.336658663347744,0.0,,0.0,0.40183057838108965,0.0,20.91144825680837,True
lift_and_cruse,cruise_206,0.8953592252288953,0.0,1217.6841398882943,1241.4933820754582,546.5207887776498,0.8578717388988494,0.9631000960159074,0.16087128153799665,0.0,-3.040781793042664e-13,-5.336658663347744,0.0,,0.0,0.40183057852775544,0.0,20.915574553979106,True
lift_and_cruse,cruise_206,0.8953932943434392,0.0,1217.6841398875797,1241.4933820718365,546.5207887762398,0.8578717388990256,0.9631000960159303,0.16087128153777266,0.0,-3.0407817930337933e-13,-5.336658663347744,0.0,,0.0,0.40183057852751963,0.0,20.927136181730926,True
lift_and_cruse,cruise_206,0.8954425330379966,0.0,1217.6841398857505,1241.4933820625643,546.5207887728178,0.8578717388994764,0.9631000960159839,0.16087128153722813,0.0,-3.0407817930110827e-13,-5.336658663347744,0.0,,0.0,0.401830578526916,0.0,20.943843217893527,True
lift_and_cruse,cruise_206,0.8954971941047926,0.0,1217.6841398812626,1241.4933820398205,546.5207887641019,0.857871738900583,0.9631000960161241,0.16087128153585922,0.0,-3.0407817929553767e-13,-5.336658663347744,0.0,,0.0,0.401830578525435,0.0,20.96238662905655,True
lift_and_cruse,cruise_206,0.8955464512554707,0.0,1217.6841398798608,1241.4933820327165,546.5207887613516,0.8578717389009285,0.9631000960161686,0.16087128153541447,0.0,-3.040781792937977e-13,-5.336658663347744,0.0,,0.0,0.40183057852497245,0.0,20.97909366521915,True
lift_and_cruse,cruise_206,0.8955805433797843,0.0,1217.6841398749002,1241.493382007576,546.5207887517604,0.8578717389021512,0.9631000960163224,0.16087128153390426,0.0,-3.0407817928764003e-13,-5.336658663347744,0.0,,0.0,0.4018305785233354,0.0,20.990655292970974,True
lift_and_cruse,cruise_206,0.8955927117358802,0.0,1217.6841398763818,1241.4933820150832,546.5207887545776,0.8578717389017861,0.9631000960162778,0.1608712815343572,0.0,-3.0407817928947877e-13,-5.336658663347744,0.0,,0.0,0.4018305785238244,0.0,20.994781590141706,True
lift_and_cruse,cruise_207,0.8955868786163442,0.0,1217.6767897182838,1241.488952595013,546.5178989674371,0.8578708082561393,0.9631000203493164,0.16087237301289803,0.0,-3.0407709439445654e-13,-5.336658663347744,0.0,,0.0,0.40182815300296554,0.0,20.994781590141706,True
lift_and_cruse,cruise_207,0.895599047734511,0.0,1217.676790217305,1241.488955124069,546.5178999345743,0.8578708081331173,0.9631000203337857,0.16087237316572872,0.0,-3.0407709501389663e-13,-5.336658663347744,0.0,,0.0,0.40182815316764037,0.0,20.998907887312438,True
lift_and_cruse,cruise_207,0.8956331463264529,0.0,1217.6767902159079,1241.488955116987,546.5178999318331,0.8578708081334614,0.9631000203338301,0.16087237316528621,0.0,-3.0407709501216204e-13,-5.336658663347744,0.0,,0.0,0.4018281531671794,0.0,21.01046951506426,True
lift_and_cruse,cruise_207,0.8956824276234765,0.0,1217.6767902136708,1241.4889551056513,546.5178999275663,0.8578708081340131,0.9631000203338979,0.16087237316461286,0.0,-3.040770950093856e-13,-5.336658663347744,0.0,,0.0,0.40182815316644116,0.0,21.02717655122686,True
lift_and_cruse,cruise_207,0.8957371359863865,0.0,1217.6767902116785,1241.4889550955536,546.5178999236764,0.8578708081345047,0.9631000203339607,0.160872373164004,0.0,-3.0407709500691234e-13,-5.336658663347744,0.0,,0.0,0.40182815316578363,0.0,21.04571996238988,True
lift_and_cruse,cruise_207,0.8957864357518383,0.0,1217.6767902075692,1241.4889550747275,546.5178999156108,0.8578708081355174,0.9631000203340913,0.1608723731627246,0.0,-3.0407709500181143e-13,-5.336658663347744,0.0,,0.0,0.40182815316442766,0.0,21.062426998552485,True
lift_and_cruse,cruise_207,0.8958205573748917,0.0,1217.6767902052165,1241.4889550628022,546.5178999111253,0.8578708081360973,0.9631000203341625,0.16087237316202338,0.0,-3.040770949988906e-13,-5.336658663347744,0.0,,0.0,0.4018281531636512,0.0,21.073988626304306,True
lift_and_cruse,cruise_207,0.8958327362561738,0.0,1217.6767902039373,1241.4889550563212,546.517899908612,0.8578708081364129,0.9631000203342034,0.1608723731616113,0.0,-3.040770949973032e-13,-5.336658663347744,0.0,,0.0,0.4018281531632291,0.0,21.078114923475038,True
lift_and_cruse,cruise_208,0.8958268676777404,0.0,1217.6693985714203,1241.4844996658248,546.514993461223,0.8578698723018109,0.9630999442489458,0.16087347070951638,0.0,-3.0407600374136115e-13,-5.336658663347744,0.0,,0.0,0.4018257139559887,0.0,21.078114923475038,True
lift_and_cruse,cruise_208,0.8958390468366277,0.0,1217.6693985713741,1241.4844996655916,546.5149934612442,0.8578698723018224,0.9630999442489444,0.16087347070951624,0.0,-3.04076003741304e-13,-5.336658663347744,0.0,,0.0,0.4018257139559735,0.0,21.08224122064577,True
lift_and_cruse,cruise_208,0.8958731749270958,0.0,1217.669398571373,1241.484499665587,546.5149934612473,0.8578698723018227,0.9630999442489443,0.16087347070952168,0.0,-3.040760037413029e-13,-5.336658663347744,0.0,,0.0,0.4018257139559731,0.0,21.093802848397594,True
lift_and_cruse,cruise_208,0.8959224988567642,0.0,1217.6693985713734,1241.4844996655902,546.514993461223,0.8578698723018222,0.963099944248945,0.1608734707095216,0.0,-3.0407600374130365e-13,-5.336658663347744,0.0,,0.0,0.4018257139559733,0.0,21.110509884560194,True
lift_and_cruse,cruise_208,0.8959772545459371,0.0,1217.669398571376,1241.484499665601,546.5149934611804,0.857869872301822,0.9630999442489462,0.16087347070950597,0.0,-3.040760037413063e-13,-5.336658663347744,0.0,,0.0,0.401825713955974,0.0,21.129053295723217,True
lift_and_cruse,cruise_208,0.8960265969604051,0.0,1217.6693985713716,1241.4844996655795,546.51499346122,0.8578698723018227,0.963099944248945,0.1608734707095233,0.0,-3.0407600374130107e-13,-5.336658663347744,0.0,,0.0,0.40182571395597266,0.0,21.145760331885818,True
lift_and_cruse,cruise_208,0.8960607481010439,0.0,1217.669398571371,1241.4844996655754,546.514993461232,0.8578698723018232,0.9630999442489446,0.1608734707095148,0.0,-3.0407600374130006e-13,-5.336658663347744,0.0,,0.0,0.40182571395597244,0.0,21.15732195963764,True
lift_and_cruse,cruise_208,0.8960729375182599,0.0,1217.6693985713723,1241.4844996655822,546.5149934612017,0.8578698723018227,0.9630999442489454,0.1608734707095127,0.0,-3.0407600374130173e-13,-5.336658663347744,0.0,,0.0,0.40182571395597283,0.0,21.16144825680837,True
lift_and_cruse,cruise_209,0.8960670340894865,0.0,1217.6619660314434,1241.4800232768816,546.5120721807042,0.8578689309627873,0.9630998677082083,0.16087457471502234,0.0,-3.0407490734228295e-13,-5.336658663347744,0.0,,0.0,0.4018232612494607,0.0,21.16144825680837,True
lift_and_cruse,cruise_209,0.896079223781909,0.0,1217.6619660314018,1241.480023276672,546.5120721805462,0.8578689309627979,0.9630998677082117,0.1608745747149876,0.0,-3.040749073422316e-13,-5.336658663347744,0.0,,0.0,0.401823261249447,0.0,21.165574553979106,True
lift_and_cruse,cruise_209,0.8961133813889427,0.0,1217.661966031399,1241.480023276658,546.512072180601,0.8578689309627981,0.9630998677082102,0.16087457471499897,0.0,-3.040749073422281e-13,-5.336658663347744,0.0,,0.0,0.4018232612494461,0.0,21.177136181730926,True
lift_and_cruse,cruise_209,0.8961627479771087,0.0,1217.661966031397,1241.4800232766474,546.5120721805948,0.8578689309627985,0.9630998677082103,0.16087457471499447,0.0,-3.0407490734222555e-13,-5.336658663347744,0.0,,0.0,0.40182326124944545,0.0,21.193843217893527,True
lift_and_cruse,cruise_209,0.8962175510217083,0.0,1217.6619660314,1241.480023276664,546.512072180528,0.8578689309627978,0.9630998677082122,0.160874574714984,0.0,-3.0407490734222964e-13,-5.336658663347744,0.0,,0.0,0.40182326124944645,0.0,21.21238662905655,True
lift_and_cruse,cruise_209,0.896266936109208,0.0,1217.661966031395,1241.4800232766365,546.5120721805919,0.8578689309627994,0.9630998677082103,0.1608745747150057,0.0,-3.0407490734222287e-13,-5.336658663347744,0.0,,0.0,0.4018232612494448,0.0,21.22909366521915,True
lift_and_cruse,cruise_209,0.8963011167845328,0.0,1217.6619660313947,1241.4800232766374,546.5120721805827,0.8578689309627991,0.9630998677082107,0.1608745747149981,0.0,-3.040749073422231e-13,-5.336658663347744,0.0,,0.0,0.4018232612494447,0.0,21.240655292970974,True
lift_and_cruse,cruise_209,0.8963133167433547,0.0,1217.6619660313945,1241.4800232766347,546.5120721805827,0.8578689309627991,0.9630998677082107,0.16087457471499142,0.0,-3.0407490734222247e-13,-5.336658663347744,0.0,,0.0,0.4018232612494447,0.0,21.244781590141706,True
lift_and_cruse,cruise_210,0.896307377327173,0.0,1217.6544913585763,1241.4755218137984,546.509134429037,0.8578679842427155,0.9630997907303579,0.16087568502002597,0.0,-3.040738048018117e-13,-5.336658663347744,0.0,,0.0,0.40182079463925857,0.0,21.244781590141706,True
lift_and_cruse,cruise_210,0.8963195775599753,0.0,1217.6544913585333,1241.4755218135808,546.5091344289002,0.8578679842427261,0.9630997907303606,0.1608756850200077,0.0,-3.0407380480175837e-13,-5.336658663347744,0.0,,0.0,0.40182079463924436,0.0,21.248907887312438,True
lift_and_cruse,cruise_210,0.8963537647027326,0.0,1217.654491358532,1241.475521813574,546.5091344289123,0.8578679842427265,0.9630997907303602,0.1608756850200045,0.0,-3.040738048017567e-13,-5.336658663347744,0.0,,0.0,0.40182079463924397,0.0,21.26046951506426,True
lift_and_cruse,cruise_210,0.8964031739770832,0.0,1217.654491358531,1241.4755218135706,546.5091344289184,0.8578679842427264,0.96309979073036,0.16087568502001515,0.0,-3.0407380480175585e-13,-5.336658663347744,0.0,,0.0,0.4018207946392437,0.0,21.27717655122686,True
lift_and_cruse,cruise_210,0.8964580244078324,0.0,1217.654491358526,1241.4755218135442,546.509134428964,0.8578679842427277,0.9630997907303587,0.16087568502001487,0.0,-3.040738048017494e-13,-5.336658663347744,0.0,,0.0,0.4018207946392419,0.0,21.29571996238988,True
lift_and_cruse,cruise_210,0.8965074521960418,0.0,1217.6544913585235,1241.4755218135315,546.5091344289974,0.8578679842427286,0.9630997907303578,0.16087568502002048,0.0,-3.040738048017463e-13,-5.336658663347744,0.0,,0.0,0.4018207946392411,0.0,21.312426998552485,True
lift_and_cruse,cruise_210,0.8965416624252035,0.0,1217.6544913585274,1241.4755218135504,546.5091344289184,0.8578679842427276,0.96309979073036,0.16087568502001037,0.0,-3.040738048017509e-13,-5.336658663347744,0.0,,0.0,0.4018207946392424,0.0,21.323988626304306,True
lift_and_cruse,cruise_210,0.8965538729324671,0.0,1217.654491358526,1241.4755218135442,546.5091344289458,0.8578679842427277,0.9630997907303592,0.16087568502001823,0.0,-3.040738048017494e-13,-5.336658663347744,0.0,,0.0,0.4018207946392419,0.0,21.328114923475038,True
lift_and_cruse,cruise_211,0.8965478971139889,0.0,1217.6469740675927,1241.4709949892913,546.5061800171212,0.8578670320793879,0.9630997133103397,0.1608768016973406,0.0,-3.040726960495831e-13,-5.336658663347744,0.0,,0.0,0.4018183139652595,0.0,21.328114923475038,True
lift_and_cruse,cruise_211,0.8965601078937777,0.0,1217.6469740673367,1241.4709949879948,546.506180016568,0.8578670320794511,0.9630997133103492,0.16087680169724736,0.0,-3.040726960492655e-13,-5.336658663347744,0.0,,0.0,0.40181831396517503,0.0,21.33224122064577,True
lift_and_cruse,cruise_211,0.8965943245913501,0.0,1217.646974067326,1241.4709949879395,546.5061800166288,0.8578670320794538,0.9630997133103473,0.1608768016972646,0.0,-3.04072696049252e-13,-5.336658663347744,0.0,,0.0,0.40181831396517154,0.0,21.343802848397594,True
lift_and_cruse,cruise_211,0.8966437765794708,0.0,1217.6469740673215,1241.4709949879177,546.5061800166046,0.857867032079455,0.9630997133103478,0.16087680169726087,0.0,-3.0407269604924664e-13,-5.336658663347744,0.0,,0.0,0.40181831396517,0.0,21.360509884560194,True
lift_and_cruse,cruise_211,0.8966986744269851,0.0,1217.6469740673153,1241.4709949878854,546.5061800165711,0.8578670320794561,0.9630997133103485,0.1608768016972521,0.0,-3.0407269604923876e-13,-5.336658663347744,0.0,,0.0,0.401818313965168,0.0,21.379053295723217,True
lift_and_cruse,cruise_211,0.8967481449434822,0.0,1217.646974067311,1241.470994987865,546.5061800165286,0.8578670320794572,0.9630997133103496,0.16087680169724883,0.0,-3.040726960492337e-13,-5.336658663347744,0.0,,0.0,0.40181831396516654,0.0,21.395760331885818,True
lift_and_cruse,cruise_211,0.8967823847455668,0.0,1217.6469740673072,1241.4709949878466,546.5061800165438,0.8578670320794584,0.9630997133103492,0.16087680169725413,0.0,-3.040726960492292e-13,-5.336658663347744,0.0,,0.0,0.4018183139651652,0.0,21.40732195963764,True
lift_and_cruse,cruise_211,0.8967946058080803,0.0,1217.6469740673067,1241.470994987843,546.5061800165104,0.8578670320794587,0.96309971331035,0.16087680169724128,0.0,-3.040726960492283e-13,-5.336658663347744,0.0,,0.0,0.40181831396516515,0.0,21.41144825680837,True
lift_and_cruse,cruise_212,0.896788593165481,0.0,1217.6394136648732,1241.4664425114402,546.5032087523927,0.8578660744094923,0.9630996354430168,0.16087792482098937,0.0,-3.0407158101409736e-13,-5.336658663347744,0.0,,0.0,0.40181581906457126,0.0,21.41144825680837,True
lift_and_cruse,cruise_212,0.8968008144987638,0.0,1217.639413664108,1241.466442507561,546.50320875094,0.8578660744096814,0.9630996354430399,0.160877924820752,0.0,-3.0407158101314724e-13,-5.336658663347744,0.0,,0.0,0.40181581906431874,0.0,21.415574553979106,True
lift_and_cruse,cruise_212,0.8968350607701772,0.0,1217.6394136640918,1241.4664425074807,546.5032087509005,0.8578660744096853,0.9630996354430406,0.16087792482074265,0.0,-3.0407158101312755e-13,-5.336658663347744,0.0,,0.0,0.4018158190643134,0.0,21.427136181730926,True
lift_and_cruse,cruise_212,0.8968845554995539,0.0,1217.6394136640736,1241.466442507389,546.5032087507972,0.8578660744096898,0.9630996354430429,0.16087792482072538,0.0,-3.0407158101310514e-13,-5.336658663347744,0.0,,0.0,0.40181581906430736,0.0,21.443843217893527,True
lift_and_cruse,cruise_212,0.8969395007943392,0.0,1217.6394136640467,1241.4664425072506,546.5032087508184,0.8578660744096959,0.9630996354430418,0.1608779248207462,0.0,-3.040715810130712e-13,-5.336658663347744,0.0,,0.0,0.4018158190642985,0.0,21.46238662905655,True
lift_and_cruse,cruise_212,0.8969890140666034,0.0,1217.6394136640188,1241.466442507111,546.5032087508579,0.8578660744097032,0.9630996354430401,0.16087792482075708,0.0,-3.0407158101303703e-13,-5.336658663347744,0.0,,0.0,0.4018158190642893,0.0,21.47909366521915,True
lift_and_cruse,cruise_212,0.8970232834606228,0.0,1217.6394136640035,1241.4664425070332,546.5032087508457,0.8578660744097071,0.9630996354430401,0.16087792482074376,0.0,-3.0407158101301794e-13,-5.336658663347744,0.0,,0.0,0.40181581906428426,0.0,21.490655292970974,True
lift_and_cruse,cruise_212,0.897035515085174,0.0,1217.6394136639958,1241.466442506995,546.5032087508731,0.8578660744097086,0.9630996354430393,0.1608779248207601,0.0,-3.040715810130086e-13,-5.336658663347744,0.0,,0.0,0.4018158190642817,0.0,21.494781590141706,True
lift_and_cruse,cruise_213,0.8970294651895219,0.0,1217.6318096483144,1241.4618640841115,546.5002204397098,0.8578651111685592,0.9630995571231443,0.16087905446644316,0.0,-3.0407045962282273e-13,-5.336658663347744,0.0,,0.0,0.40181330977150187,0.0,21.494781590141706,True
lift_and_cruse,cruise_213,0.8970416970843271,0.0,1217.6318096483349,1241.4618640842145,546.500220439731,0.8578651111685539,0.9630995571231442,0.1608790544664438,0.0,-3.04070459622848e-13,-5.336658663347744,0.0,,0.0,0.40181330977150864,0.0,21.498907887312438,True
lift_and_cruse,cruise_213,0.8970759729485638,0.0,1217.6318096483312,1241.4618640841973,546.5002204396155,0.8578651111685545,0.9630995571231473,0.16087905446640782,0.0,-3.0407045962284374e-13,-5.336658663347744,0.0,,0.0,0.40181330977150737,0.0,21.51046951506426,True
lift_and_cruse,cruise_213,0.8971255104466374,0.0,1217.631809648331,1241.4618640841954,546.5002204396399,0.8578651111685547,0.9630995571231467,0.16087905446640402,0.0,-3.040704596228433e-13,-5.336658663347744,0.0,,0.0,0.4018133097715073,0.0,21.52717655122686,True
lift_and_cruse,cruise_213,0.8971805032191497,0.0,1217.6318096483308,1241.4618640841963,546.5002204397766,0.8578651111685549,0.963099557123143,0.16087905446643905,0.0,-3.040704596228435e-13,-5.336658663347744,0.0,,0.0,0.4018133097715072,0.0,21.54571996238988,True
lift_and_cruse,cruise_213,0.8972300592746141,0.0,1217.6318096483326,1241.4618640842036,546.5002204397341,0.8578651111685544,0.9630995571231442,0.16087905446643258,0.0,-3.040704596228453e-13,-5.336658663347744,0.0,,0.0,0.4018133097715079,0.0,21.562426998552485,True
lift_and_cruse,cruise_213,0.8972643582795465,0.0,1217.6318096483342,1241.461864084213,546.5002204396399,0.8578651111685539,0.9630995571231467,0.16087905446641365,0.0,-3.0407045962284757e-13,-5.336658663347744,0.0,,0.0,0.4018133097715083,0.0,21.573988626304306,True
lift_and_cruse,cruise_213,0.8972766004729091,0.0,1217.631809648334,1241.4618640842123,546.5002204396491,0.8578651111685541,0.9630995571231465,0.16087905446641562,0.0,-3.040704596228474e-13,-5.336658663347744,0.0,,0.0,0.4018133097715083,0.0,21.578114923475038,True
lift_and_cruse,cruise_214,0.8972705128853427,0.0,1217.6241615063723,1241.457259403028,546.4972148786372,0.8578641422911204,0.9630994783454224,0.1608801907101533,0.0,-3.0406933180123273e-13,-5.336658663347744,0.0,,0.0,0.40181078591724384,0.0,21.578114923475038,True
lift_and_cruse,cruise_214,0.8972827553397694,0.0,1217.6241614983333,1241.4572593622886,546.4972148630745,0.8578641422931028,0.9630994783456721,0.160880190707693,0.0,-3.0406933179125446e-13,-5.336658663347744,0.0,,0.0,0.40181078591459113,0.0,21.58224122064577,True
lift_and_cruse,cruise_214,0.8973170608155946,0.0,1217.6241614982036,1241.457259361633,546.497214862728,0.8578641422931342,0.9630994783456787,0.16088019070763726,0.0,-3.040693317910939e-13,-5.336658663347744,0.0,,0.0,0.4018107859145482,0.0,21.593802848397594,True
lift_and_cruse,cruise_214,0.8973666411094773,0.0,1217.624161498032,1241.4572593607613,546.4972148624545,0.8578641422931765,0.9630994783456825,0.1608801907075933,0.0,-3.0406933179088035e-13,-5.336658663347744,0.0,,0.0,0.40181078591449165,0.0,21.610509884560194,True
lift_and_cruse,cruise_214,0.897421681389766,0.0,1217.6241614978182,1241.4572593596795,546.4972148620078,0.857864142293229,0.9630994783456901,0.16088019070752899,0.0,-3.040693317906154e-13,-5.336658663347744,0.0,,0.0,0.4018107859144211,0.0,21.629053295723217,True
lift_and_cruse,cruise_214,0.8974712802555286,0.0,1217.6241614976389,1241.4572593587695,546.4972148616796,0.8578641422932737,0.9630994783456951,0.16088019070747406,0.0,-3.0406933179039254e-13,-5.336658663347744,0.0,,0.0,0.4018107859143619,0.0,21.645760331885818,True
lift_and_cruse,cruise_214,0.8975056088901228,0.0,1217.6241614975067,1241.4572593581001,546.4972148614181,0.8578641422933062,0.9630994783456994,0.16088019070742873,0.0,-3.0406933179022856e-13,-5.336658663347744,0.0,,0.0,0.40181078591431835,0.0,21.65732195963764,True
lift_and_cruse,cruise_214,0.8975178616589872,0.0,1217.6241614974606,1241.4572593578673,546.4972148613665,0.8578641422933174,0.9630994783456998,0.16088019070742568,0.0,-3.0406933179017156e-13,-5.336658663347744,0.0,,0.0,0.4018107859143031,0.0,21.66144825680837,True
lift_and_cruse,cruise_215,0.8975117359446972,0.0,1217.616468719191,1241.4526281624328,546.4941918673204,0.8578631677103551,0.9630993991044152,0.16088133363036378,0.0,-3.040681974744385e-13,-5.336658663347744,0.0,,0.0,0.4018082473302473,0.0,21.66144825680837,True
lift_and_cruse,cruise_215,0.8975239889685912,0.0,1217.6164687062976,1241.452628097092,546.4941918423641,0.8578631677135338,0.9630993991048156,0.16088133362642235,0.0,-3.040681974584346e-13,-5.336658663347744,0.0,,0.0,0.40180824732599246,0.0,21.665574553979106,True
lift_and_cruse,cruise_215,0.8975583240749111,0.0,1217.6164687061184,1241.452628096184,546.4941918419902,0.8578631677135781,0.9630993991048219,0.1608813336263535,0.0,-3.0406819745821227e-13,-5.336658663347744,0.0,,0.0,0.4018082473259334,0.0,21.677136181730926,True
lift_and_cruse,cruise_215,0.8976079471918785,0.0,1217.616468705855,1241.452628094848,546.4941918414097,0.857863167713643,0.9630993991048321,0.1608813336262689,0.0,-3.04068197457885e-13,-5.336658663347744,0.0,,0.0,0.40180824732584636,0.0,21.693843217893527,True
lift_and_cruse,cruise_215,0.8976630350102781,0.0,1217.6164687055618,1241.4526280933624,546.4941918408597,0.8578631677137151,0.9630993991048408,0.1608813336261825,0.0,-3.0406819745752115e-13,-5.336658663347744,0.0,,0.0,0.4018082473257497,0.0,21.71238662905655,True
lift_and_cruse,cruise_215,0.8977126767136289,0.0,1217.6164687052988,1241.4526280920295,546.4941918403734,0.8578631677137801,0.9630993991048482,0.16088133362611418,0.0,-3.040681974571947e-13,-5.336658663347744,0.0,,0.0,0.4018082473256629,0.0,21.72909366521915,True
lift_and_cruse,cruise_215,0.8977470349967811,0.0,1217.616468705117,1241.4526280911093,546.4941918400027,0.8578631677138249,0.9630993991048544,0.16088133362605428,0.0,-3.0406819745696933e-13,-5.336658663347744,0.0,,0.0,0.40180824732560294,0.0,21.740655292970974,True
lift_and_cruse,cruise_215,0.8977592983478775,0.0,1217.6164687050411,1241.4526280907244,546.4941918398812,0.8578631677138434,0.9630993991048561,0.16088133362602214,0.0,-3.04068197456875e-13,-5.336658663347744,0.0,,0.0,0.40180824732557785,0.0,21.744781590141706,True
lift_and_cruse,cruise_216,0.8977531340502916,0.0,1217.608730756988,1241.4479700478669,546.4911511988387,0.8578621873584016,0.963099319394616,0.16088248330643645,0.0,-3.0406705656541986e-13,-5.336658663347744,0.0,,0.0,0.40180569383568593,0.0,21.744781590141706,True
lift_and_cruse,cruise_216,0.8977653976513461,0.0,1217.6087307402693,1241.447969963139,546.4911511664244,0.8578621873625234,0.9630993193951367,0.160882483301308,0.0,-3.0406705654466755e-13,-5.336658663347744,0.0,,0.0,0.40180569383016884,0.0,21.748907887312438,True
lift_and_cruse,cruise_216,0.8977997624069353,0.0,1217.6087307400624,1241.447969962089,546.4911511659534,0.8578621873625748,0.963099319395145,0.16088248330123278,0.0,-3.0406705654441036e-13,-5.336658663347744,0.0,,0.0,0.40180569383010045,0.0,21.76046951506426,True
lift_and_cruse,cruise_216,0.8978494283741321,0.0,1217.6087307397336,1241.447969960424,546.4911511654034,0.8578621873626557,0.9630993193951528,0.16088248330113858,0.0,-3.0406705654400253e-13,-5.336658663347744,0.0,,0.0,0.401805693829992,0.0,21.77717655122686,True
lift_and_cruse,cruise_216,0.8979045637607392,0.0,1217.6087307393886,1241.4479699586768,546.4911511646313,0.857862187362741,0.9630993193951664,0.16088248330101876,0.0,-3.040670565435746e-13,-5.336658663347744,0.0,,0.0,0.4018056938298782,0.0,21.79571996238988,True
lift_and_cruse,cruise_216,0.8979542483288191,0.0,1217.6087307390862,1241.4479699571443,546.4911511640966,0.8578621873628155,0.9630993193951745,0.160882483300935,0.0,-3.040670565431993e-13,-5.336658663347744,0.0,,0.0,0.40180569382977843,0.0,21.812426998552485,True
lift_and_cruse,cruise_216,0.8979886362792961,0.0,1217.6087307388736,1241.4479699560673,546.4911511636376,0.8578621873628675,0.9630993193951822,0.16088248330086483,0.0,-3.0406705654293543e-13,-5.336658663347744,0.0,,0.0,0.40180569382970827,0.0,21.823988626304306,True
lift_and_cruse,cruise_216,0.8980009102193443,0.0,1217.6087307387957,1241.447969955671,546.4911511635253,0.8578621873628871,0.9630993193951837,0.16088248330085209,0.0,-3.040670565428384e-13,-5.336658663347744,0.0,,0.0,0.40180569382968245,0.0,21.828114923475038,True
lift_and_cruse,cruise_217,0.8979947068741082,0.0,1217.600947078337,1241.4432847284763,546.488092658397,0.8578612011667021,0.963099239210486,0.1608836398184886,0.0,-3.0406590899314093e-13,-5.336658663347744,0.0,,0.0,0.4018031252548915,0.0,21.828114923475038,True
lift_and_cruse,cruise_217,0.8980069810617689,0.0,1217.6009470606264,1241.443284638723,546.4880926241016,0.8578612011710686,0.9630992392110365,0.1608836398130602,0.0,-3.0406590897115774e-13,-5.336658663347744,0.0,,0.0,0.40180312524904704,0.0,21.83224122064577,True
lift_and_cruse,cruise_217,0.8980413754852973,0.0,1217.6009470603722,1241.4432846374352,546.4880926235212,0.8578612011711312,0.9630992392110467,0.16088363981297002,0.0,-3.040659089708423e-13,-5.336658663347744,0.0,,0.0,0.40180312524896317,0.0,21.843802848397594,True
lift_and_cruse,cruise_217,0.8980910843297695,0.0,1217.600947060034,1241.4432846357217,546.4880926229225,0.8578612011712146,0.9630992392110558,0.16088363981287523,0.0,-3.0406590897042265e-13,-5.336658663347744,0.0,,0.0,0.4018031252488516,0.0,21.860509884560194,True
lift_and_cruse,cruise_217,0.8981462673145787,0.0,1217.6009470596546,1241.4432846337982,546.4880926222053,0.857861201171308,0.963099239211067,0.16088363981275705,0.0,-3.040659089699515e-13,-5.336658663347744,0.0,,0.0,0.40180312524872636,0.0,21.879053295723217,True
lift_and_cruse,cruise_217,0.8981959947743505,0.0,1217.6009470592899,1241.443284631951,546.4880926214304,0.8578612011713977,0.9630992392110802,0.16088363981263645,0.0,-3.0406590896949904e-13,-5.336658663347744,0.0,,0.0,0.401803125248606,0.0,21.895760331885818,True
lift_and_cruse,cruise_217,0.8982304124108531,0.0,1217.6009470590673,1241.4432846308212,546.4880926209654,0.8578612011714526,0.9630992392110881,0.16088363981256615,0.0,-3.040659089692223e-13,-5.336658663347744,0.0,,0.0,0.40180312524853257,0.0,21.90732195963764,True
lift_and_cruse,cruise_217,0.8982426969464947,0.0,1217.6009470589659,1241.4432846303093,546.488092620783,0.8578612011714778,0.9630992392110909,0.1608836398125417,0.0,-3.0406590896909696e-13,-5.336658663347744,0.0,,0.0,0.4018031252484991,0.0,21.91144825680837,True
lift_and_cruse,cruise_218,0.8982364540839212,0.0,1217.5931171367895,1241.4385718915948,546.4850160366315,0.8578602090642794,0.963099158546236,0.1608848032495793,0.0,-3.0406475468102057e-13,-5.336658663347744,0.0,,0.0,0.40180054140753824,0.0,21.91144825680837,True
lift_and_cruse,cruise_218,0.8982487388672394,0.0,1217.5931171205502,1241.4385718092994,546.4850160051077,0.8578602090682831,0.9630991585467427,0.1608848032445984,0.0,-3.0406475466086405e-13,-5.336658663347744,0.0,,0.0,0.4018005414021794,0.0,21.915574553979106,True
lift_and_cruse,cruise_218,0.8982831629773693,0.0,1217.593117120291,1241.4385718079852,546.4850160046063,0.8578602090683471,0.9630991585467509,0.16088480324451948,0.0,-3.0406475466054215e-13,-5.336658663347744,0.0,,0.0,0.40180054140209387,0.0,21.927136181730926,True
lift_and_cruse,cruise_218,0.8983329147259871,0.0,1217.5931171199181,1241.4385718060971,546.4850160038769,0.857860209068439,0.9630991585467625,0.1608848032444091,0.0,-3.040647546600797e-13,-5.336658663347744,0.0,,0.0,0.40180054140197086,0.0,21.943843217893527,True
lift_and_cruse,cruise_218,0.8983881453388186,0.0,1217.5931171194838,1241.438571803895,546.4850160030018,0.8578602090685461,0.963099158546777,0.16088480324426707,0.0,-3.0406475465954033e-13,-5.336658663347744,0.0,,0.0,0.40180054140182747,0.0,21.96238662905655,True
lift_and_cruse,cruise_218,0.8984379157172323,0.0,1217.5931171191037,1241.4385718019698,546.4850160023514,0.8578602090686399,0.9630991585467864,0.16088480324416435,0.0,-3.040647546590688e-13,-5.336658663347744,0.0,,0.0,0.401800541401702,0.0,21.97909366521915,True
lift_and_cruse,cruise_218,0.8984723630583237,0.0,1217.5931171188336,1241.4385718006006,546.4850160017162,0.8578602090687064,0.963099158546798,0.1608848032440624,0.0,-3.0406475465873345e-13,-5.336658663347744,0.0,,0.0,0.40180054140161287,0.0,21.990655292970974,True
lift_and_cruse,cruise_218,0.8984846581962367,0.0,1217.593117118745,1241.438571800152,546.4850160015673,0.8578602090687285,0.9630991585468,0.16088480324404394,0.0,-3.0406475465862354e-13,-5.336658663347744,0.0,,0.0,0.4018005414015837,0.0,21.994781590141706,True
lift_and_cruse,cruise_219,0.8984783753257872,0.0,1217.5852403629972,1241.433831153206,546.4819210951373,0.8578592109820595,0.9630990773963775,0.16088597368030805,0.0,-3.040635935350019e-13,-5.336658663347744,0.0,,0.0,0.4017979421057438,0.0,21.994781590141706,True
lift_and_cruse,cruise_219,0.8984906707180242,0.0,1217.5852403549975,1241.4338311126687,546.4819210795623,0.8578592109840317,0.9630990773966284,0.1608859736778396,0.0,-3.0406359352507314e-13,-5.336658663347744,0.0,,0.0,0.40179794210310393,0.0,21.998907887312438,True
lift_and_cruse,cruise_219,0.8985251245332185,0.0,1217.5852403546576,1241.433831110946,546.4819210789423,0.8578592109841158,0.9630990773966379,0.16088597367774501,0.0,-3.0406359352465116e-13,-5.336658663347744,0.0,,0.0,0.4017979421029918,0.0,22.01046951506426,True
lift_and_cruse,cruise_219,0.898574919212695,0.0,1217.5852403541708,1241.4338311084775,546.4819210779698,0.8578592109842358,0.9630990773966538,0.16088597367759216,0.0,-3.040635935240466e-13,-5.336658663347744,0.0,,0.0,0.4017979421028311,0.0,22.02717655122686,True
lift_and_cruse,cruise_219,0.8986301974832285,0.0,1217.5852403536214,1241.4338311056936,546.4819210770218,0.8578592109843711,0.9630990773966679,0.16088597367744084,0.0,-3.040635935233647e-13,-5.336658663347744,0.0,,0.0,0.40179794210264985,0.0,22.04571996238988,True
lift_and_cruse,cruise_219,0.8986800108069477,0.0,1217.5852403531258,1241.4338311031818,546.481921075955,0.8578592109844937,0.9630990773966861,0.16088597367727425,0.0,-3.0406359352274947e-13,-5.336658663347744,0.0,,0.0,0.40179794210248626,0.0,22.062426998552485,True
lift_and_cruse,cruise_219,0.8987144878711502,0.0,1217.585240352783,1241.4338311014476,546.4819210754049,0.857859210984578,0.9630990773966938,0.16088597367718382,0.0,-3.040635935223247e-13,-5.336658663347744,0.0,,0.0,0.4017979421023733,0.0,22.073988626304306,True
lift_and_cruse,cruise_219,0.8987267936179065,0.0,1217.5852403526687,1241.4338311008673,546.4819210751588,0.8578592109846058,0.963099077396698,0.16088597367714427,0.0,-3.040635935221826e-13,-5.336658663347744,0.0,,0.0,0.4017979421023355,0.0,22.078114923475038,True
lift_and_cruse,cruise_220,0.8987204702800319,0.0,1217.5773162217645,1241.4290623481604,546.4788076777148,0.8578582068387112,0.9630989957539299,0.16088715120638794,0.0,-3.0406242551463494e-13,-5.336658663347744,0.0,,0.0,0.4017953271728958,0.0,22.078114923475038,True
lift_and_cruse,cruise_220,0.8987327762957321,0.0,1217.5773162300895,1241.4290623903473,546.4788076938916,0.8578582068366585,0.9630989957536696,0.1608871512089697,0.0,-3.0406242552496773e-13,-5.336658663347744,0.0,,0.0,0.40179532717564304,0.0,22.08224122064577,True
lift_and_cruse,cruise_220,0.8987672598348581,0.0,1217.5773162300707,1241.4290623902525,546.4788076938945,0.8578582068366634,0.9630989957536692,0.16088715120897026,0.0,-3.040624255249445e-13,-5.336658663347744,0.0,,0.0,0.4017953271756369,0.0,22.093802848397594,True
lift_and_cruse,cruise_220,0.8988170974724766,0.0,1217.5773162300723,1241.4290623902616,546.478807693858,0.8578582068366625,0.9630989957536701,0.160887151208948,0.0,-3.040624255249467e-13,-5.336658663347744,0.0,,0.0,0.4017953271756374,0.0,22.110509884560194,True
lift_and_cruse,cruise_220,0.8988724234309479,0.0,1217.5773162300436,1241.4290623901165,546.4788076938854,0.85785820683667,0.9630989957536689,0.1608871512089724,0.0,-3.0406242552491123e-13,-5.336658663347744,0.0,,0.0,0.4017953271756279,0.0,22.129053295723217,True
lift_and_cruse,cruise_220,0.8989222797272518,0.0,1217.5773162300254,1241.4290623900238,546.4788076938004,0.8578582068366744,0.9630989957536708,0.16088715120895705,0.0,-3.040624255248885e-13,-5.336658663347744,0.0,,0.0,0.4017953271756219,0.0,22.145760331885818,True
lift_and_cruse,cruise_220,0.8989567865334118,0.0,1217.5773162300197,1241.4290623899963,546.4788076937699,0.8578582068366758,0.9630989957536714,0.16088715120893146,0.0,-3.0406242552488175e-13,-5.336658663347744,0.0,,0.0,0.40179532717562005,0.0,22.15732195963764,True
lift_and_cruse,cruise_220,0.8989691028957242,0.0,1217.5773162300004,1241.429062389896,546.4788076937608,0.8578582068366808,0.9630989957536712,0.16088715120893932,0.0,-3.040624255248572e-13,-5.336658663347744,0.0,,0.0,0.4017953271756136,0.0,22.16144825680837,True
lift_and_cruse,cruise_221,0.8989627385607744,0.0,1217.5693441095489,1241.4242650118613,546.4756755119435,0.8578571965658236,0.9630989136136032,0.16088833590746293,0.0,-3.0406125050612627e-13,-5.336658663347744,0.0,,0.0,0.40179269640982784,0.0,22.16144825680837,True
lift_and_cruse,cruise_221,0.8989750551822445,0.0,1217.5693441094902,1241.4242650115652,546.4756755117277,0.8578571965658379,0.963098913613608,0.16088833590742846,0.0,-3.0406125050605377e-13,-5.336658663347744,0.0,,0.0,0.40179269640980847,0.0,22.165574553979106,True
lift_and_cruse,cruise_221,0.8990095684631257,0.0,1217.569344109221,1241.4242650102017,546.4756755112719,0.8578571965659045,0.9630989136136145,0.16088833590736526,0.0,-3.040612505057198e-13,-5.336658663347744,0.0,,0.0,0.4017926964097196,0.0,22.177136181730926,True
lift_and_cruse,cruise_221,0.8990594490852897,0.0,1217.5693441095452,1241.4242650118445,546.4756755118888,0.8578571965658249,0.9630989136136048,0.16088833590745044,0.0,-3.040612505061222e-13,-5.336658663347744,0.0,,0.0,0.4017926964098267,0.0,22.193843217893527,True
lift_and_cruse,cruise_221,0.8991148227608974,0.0,1217.5693441097558,1241.42426501291,546.4756755122747,0.8578571965657724,0.9630989136135988,0.16088833590751564,0.0,-3.0406125050638315e-13,-5.336658663347744,0.0,,0.0,0.4017926964098962,0.0,22.21238662905655,True
lift_and_cruse,cruise_221,0.8991647220561858,0.0,1217.5693441100552,1241.4242650144276,546.4756755128855,0.857857196565699,0.9630989136135887,0.16088833590761464,0.0,-3.040612505067549e-13,-5.336658663347744,0.0,,0.0,0.40179269640999493,0.0,22.22909366521915,True
lift_and_cruse,cruise_221,0.899199258621802,0.0,1217.5693441094897,1241.4242650115623,546.4756755117306,0.8578571965658381,0.9630989136136079,0.16088833590743046,0.0,-3.0406125050605307e-13,-5.336658663347744,0.0,,0.0,0.4017926964098083,0.0,22.240655292970974,True
lift_and_cruse,cruise_221,0.8992115856061492,0.0,1217.5693441094863,1241.4242650115461,546.4756755117763,0.8578571965658389,0.9630989136136066,0.16088833590742993,0.0,-3.0406125050604913e-13,-5.336658663347744,0.0,,0.0,0.4017926964098072,0.0,22.244781590141706,True
lift_and_cruse,cruise_222,0.8992051797882568,0.0,1217.5613234283273,1241.4194387557754,546.4725243523495,0.8578561800895976,0.9630988309695007,0.16088952786960764,0.0,-3.040600684143128e-13,-5.336658663347744,0.0,,0.0,0.40179004961919484,0.0,22.244781590141706,True
lift_and_cruse,cruise_222,0.8992175070305595,0.0,1217.5613234285654,1241.4194387569803,546.4725243527384,0.8578561800895389,0.9630988309694952,0.16088952786966823,0.0,-3.040600684146079e-13,-5.336658663347744,0.0,,0.0,0.4017900496192734,0.0,22.248907887312438,True
lift_and_cruse,cruise_222,0.8992520500717842,0.0,1217.5613234283292,1241.4194387557843,546.4725243523283,0.8578561800895972,0.9630988309695014,0.16088952786960264,0.0,-3.04060068414315e-13,-5.336658663347744,0.0,,0.0,0.4017900496191954,0.0,22.26046951506426,True
lift_and_cruse,cruise_222,0.8993019737043153,0.0,1217.5613234283237,1241.419438755756,546.4725243524164,0.8578561800895986,0.9630988309694989,0.1608895278696206,0.0,-3.04060068414308e-13,-5.336658663347744,0.0,,0.0,0.4017900496191936,0.0,22.27717655122686,True
lift_and_cruse,cruise_222,0.8993573951261294,0.0,1217.561323428477,1241.4194387565326,546.4725243525804,0.8578561800895611,0.9630988309694977,0.1608895278696397,0.0,-3.0406006841449825e-13,-5.336658663347744,0.0,,0.0,0.4017900496192442,0.0,22.29571996238988,True
lift_and_cruse,cruise_222,0.8994073374464193,0.0,1217.561323428658,1241.4194387574494,546.4725243529634,0.8578561800895161,0.9630988309694911,0.16088952786970206,0.0,-3.040600684147228e-13,-5.336658663347744,0.0,,0.0,0.40179004961930387,0.0,22.312426998552485,True
lift_and_cruse,cruise_222,0.8994419037911545,0.0,1217.561323428913,1241.419438758741,546.4725243534527,0.8578561800894533,0.9630988309694833,0.16088952786977767,0.0,-3.0406006841503917e-13,-5.336658663347744,0.0,,0.0,0.4017900496193881,0.0,22.323988626304306,True
lift_and_cruse,cruise_222,0.8994542414034765,0.0,1217.5613234283285,1241.41943875578,546.4725243523343,0.8578561800895973,0.9630988309695012,0.1608895278696128,0.0,-3.040600684143139e-13,-5.336658663347744,0.0,,0.0,0.40179004961919523,0.0,22.328114923475038,True
lift_and_cruse,cruise_223,0.8994477935892158,0.0,1217.55325358578,1241.4145832695367,546.4693539820202,0.8578551573307001,0.9630987478150773,0.16089072718581454,0.0,-3.040588791631767e-13,-5.336658663347744,0.0,,0.0,0.40178738660553376,0.0,22.328114923475038,True
lift_and_cruse,cruise_223,0.8994601314583355,0.0,1217.5532535857822,1241.4145832695465,546.4693539819806,0.8578551573306997,0.9630987478150784,0.16089072718580424,0.0,-3.040588791631791e-13,-5.336658663347744,0.0,,0.0,0.4017873866055344,0.0,22.33224122064577,True
lift_and_cruse,cruise_223,0.8994947042783376,0.0,1217.5532535857842,1241.4145832695583,546.4693539819775,0.8578551573306993,0.9630987478150786,0.16089072718580347,0.0,-3.0405887916318197e-13,-5.336658663347744,0.0,,0.0,0.4017873866055351,0.0,22.343802848397594,True
lift_and_cruse,cruise_223,0.8995446709482215,0.0,1217.5532535861112,1241.4145832712138,546.469353982637,0.8578551573306183,0.9630987478150677,0.16089072718591083,0.0,-3.040588791635875e-13,-5.336658663347744,0.0,,0.0,0.40178738660564306,0.0,22.360509884560194,True
lift_and_cruse,cruise_223,0.899600140145072,0.0,1217.5532535857835,1241.4145832695547,546.4693539819654,0.8578551573306993,0.963098747815079,0.1608907271858002,0.0,-3.040588791631811e-13,-5.336658663347744,0.0,,0.0,0.4017873866055348,0.0,22.379053295723217,True
lift_and_cruse,cruise_223,0.8996501255194865,0.0,1217.5532535886773,1241.4145832842173,546.4693539876453,0.8578551573299859,0.9630987478149869,0.1608907271867014,0.0,-3.040588791667724e-13,-5.336658663347744,0.0,,0.0,0.4017873866064898,0.0,22.395760331885818,True
lift_and_cruse,cruise_223,0.899684721658545,0.0,1217.553253586689,1241.4145832741399,546.4693539837554,0.8578551573304761,0.9630987478150498,0.16089072718608857,0.0,-3.0405887916430415e-13,-5.336658663347744,0.0,,0.0,0.40178738660583363,0.0,22.40732195963764,True
lift_and_cruse,cruise_223,0.8996970699056004,0.0,1217.5532535857797,1241.4145832695344,546.4693539820262,0.8578551573306997,0.9630987478150771,0.1608907271858069,0.0,-3.0405887916317617e-13,-5.336658663347744,0.0,,0.0,0.4017873866055336,0.0,22.41144825680837,True
lift_and_cruse,cruise_224,0.8996905795784788,0.0,1217.545133976559,1241.4096982272733,546.4661641760496,0.8578541282087773,0.9630986641437309,0.1608919339501654,0.0,-3.040576826729024e-13,-5.336658663347744,0.0,,0.0,0.40178470716908243,0.0,22.41144825680837,True
lift_and_cruse,cruise_224,0.89970292807424,0.0,1217.5451339695674,1241.4096981918428,546.4661641624043,0.8578541282105011,0.963098664143951,0.16089193394800871,0.0,-3.0405768266422444e-13,-5.336658663347744,0.0,,0.0,0.40178470716677517,0.0,22.415574553979106,True
lift_and_cruse,cruise_224,0.8997375306909953,0.0,1217.5451339696203,1241.4096981921116,546.4661641625775,0.8578541282104878,0.9630986641439475,0.1608919339480396,0.0,-3.0405768266429027e-13,-5.336658663347744,0.0,,0.0,0.40178470716679265,0.0,22.427136181730926,True
lift_and_cruse,cruise_224,0.899787540423689,0.0,1217.5451339694953,1241.4096981914777,546.466164162298,0.8578541282105187,0.9630986641439523,0.1608919339479871,0.0,-3.0405768266413497e-13,-5.336658663347744,0.0,,0.0,0.4017847071667513,0.0,22.443843217893527,True
lift_and_cruse,cruise_224,0.8998430574257393,0.0,1217.545133969763,1241.4096981928346,546.4661641628511,0.8578541282104527,0.9630986641439432,0.16089193394808837,0.0,-3.0405768266446733e-13,-5.336658663347744,0.0,,0.0,0.40178470716683967,0.0,22.46238662905655,True
lift_and_cruse,cruise_224,0.8998930858756391,0.0,1217.54513397044,1241.4096981962657,546.4661641641001,0.8578541282102857,0.9630986641439238,0.1608919339482775,0.0,-3.0405768266530774e-13,-5.336658663347744,0.0,,0.0,0.40178470716706316,0.0,22.47909366521915,True
lift_and_cruse,cruise_224,0.8999277118302725,0.0,1217.5451339693625,1241.409698190805,546.4661641620761,0.8578541282105514,0.9630986641439555,0.16089193394795767,0.0,-3.0405768266397023e-13,-5.336658663347744,0.0,,0.0,0.4017847071667075,0.0,22.490655292970974,True
lift_and_cruse,cruise_224,0.8999400707218914,0.0,1217.545133971542,1241.4096982018496,546.4661641662791,0.857854128210014,0.9630986641438883,0.16089193394862428,0.0,-3.040576826666754e-13,-5.336658663347744,0.0,,0.0,0.4017847071674268,0.0,22.494781590141706,True
lift_and_cruse,cruise_225,0.8999335373401581,0.0,1217.5369639631683,1241.404783191995,546.4629546650287,0.8578530926470638,0.9630985799493821,0.1608931482521848,0.0,-3.0405647883645813e-13,-5.336658663347744,0.0,,0.0,0.4017820110994697,0.0,22.494781590141706,True
lift_and_cruse,cruise_225,0.8999458964753583,0.0,1217.5369639556268,1241.404783153779,546.4629546504719,0.8578530926489233,0.9630985799496151,0.16089314824989648,0.0,-3.0405647882709787e-13,-5.336658663347744,0.0,,0.0,0.40178201109698103,0.0,22.498907887312438,True
lift_and_cruse,cruise_225,0.8999805289064774,0.0,1217.5369639552732,1241.4047831519888,546.4629546497547,0.8578530926490104,0.963098579949627,0.16089314824977774,0.0,-3.0405647882665944e-13,-5.336658663347744,0.0,,0.0,0.40178201109686434,0.0,22.51046951506426,True
lift_and_cruse,cruise_225,0.9000305817284269,0.0,1217.536963955036,1241.404783150786,546.4629546492503,0.857853092649069,0.9630985799496357,0.16089314824970744,0.0,-3.0405647882636485e-13,-5.336658663347744,0.0,,0.0,0.4017820110967861,0.0,22.52717655122686,True
lift_and_cruse,cruise_225,0.9000861465641535,0.0,1217.5369639553967,1241.4047831526111,546.4629546499735,0.8578530926489801,0.9630985799496238,0.16089314824982087,0.0,-3.0405647882681186e-13,-5.336658663347744,0.0,,0.0,0.40178201109690515,0.0,22.54571996238988,True
lift_and_cruse,cruise_225,0.9001362181183169,0.0,1217.5369639565677,1241.4047831585476,546.4629546522406,0.8578530926486913,0.9630985799495874,0.16089314825017292,0.0,-3.040564788282659e-13,-5.336658663347744,0.0,,0.0,0.4017820110972915,0.0,22.562426998552485,True
lift_and_cruse,cruise_225,0.9001708739052312,0.0,1217.5369639550345,1241.404783150778,546.4629546492715,0.8578530926490695,0.9630985799496351,0.16089314824969758,0.0,-3.040564788263629e-13,-5.336658663347744,0.0,,0.0,0.4017820110967856,0.0,22.573988626304306,True
lift_and_cruse,cruise_225,0.9001832434430812,0.0,1217.536963955443,1241.4047831528492,546.4629546501102,0.8578530926489689,0.963098579949621,0.16089314824982626,0.0,-3.040564788268702e-13,-5.336658663347744,0.0,,0.0,0.4017820110969204,0.0,22.578114923475038,True
lift_and_cruse,cruise_226,0.9001766664581125,0.0,1217.528742906894,1241.399837773637,546.459725195823,0.8578520505646459,0.9630984952254892,0.1608943701864727,0.0,-3.0405526755830563e-13,-5.336658663347744,0.0,,0.0,0.40177929818592295,0.0,22.578114923475038,True
lift_and_cruse,cruise_226,0.9001890362471002,0.0,1217.5287429068612,1241.399837773471,546.4597251957927,0.8578520505646539,0.9630984952254894,0.16089437018647032,0.0,-3.04055267558265e-13,-5.336658663347744,0.0,,0.0,0.4017792981859121,0.0,22.58224122064577,True
lift_and_cruse,cruise_226,0.9002236985113427,0.0,1217.5287429068746,1241.3998377735393,546.4597251958899,0.8578520505646507,0.9630984952254871,0.1608943701864906,0.0,-3.040552675582817e-13,-5.336658663347744,0.0,,0.0,0.4017792981859165,0.0,22.593802848397594,True
lift_and_cruse,cruise_226,0.9002737944488811,0.0,1217.5287429068762,1241.3998377735477,546.4597251958047,0.8578520505646502,0.9630984952254893,0.16089437018648034,0.0,-3.040552675582837e-13,-5.336658663347744,0.0,,0.0,0.401779298185917,0.0,22.610509884560194,True
lift_and_cruse,cruise_226,0.9003294071466893,0.0,1217.528742906891,1241.3998377736216,546.4597251958078,0.8578520505646466,0.9630984952254896,0.16089437018646782,0.0,-3.0405526755830185e-13,-5.336658663347744,0.0,,0.0,0.40177929818592195,0.0,22.629053295723217,True
lift_and_cruse,cruise_226,0.9003795218294544,0.0,1217.5287429068894,1241.3998377736116,546.4597251958686,0.8578520505646472,0.9630984952254878,0.1608943701864757,0.0,-3.0405526755829937e-13,-5.336658663347744,0.0,,0.0,0.40177929818592134,0.0,22.645760331885818,True
lift_and_cruse,cruise_226,0.9004142074685872,0.0,1217.5287429068883,1241.3998377736073,546.4597251958686,0.8578520505646474,0.9630984952254878,0.16089437018648306,0.0,-3.040552675582983e-13,-5.336658663347744,0.0,,0.0,0.401779298185921,0.0,22.65732195963764,True
lift_and_cruse,cruise_226,0.9004265876604183,0.0,1217.5287429068908,1241.3998377736207,546.459725195823,0.8578520505646466,0.9630984952254892,0.16089437018646785,0.0,-3.040552675583016e-13,-5.336658663347744,0.0,,0.0,0.40177929818592184,0.0,22.66144825680837,True
lift_and_cruse,cruise_227,0.9004199665215334,0.0,1217.5204701734315,1241.394861658937,546.4564755425812,0.8578510018749596,0.9630984099648711,0.16089559985451168,0.0,-3.040540487617177e-13,-5.336658663347744,0.0,,0.0,0.4017765682191242,0.0,22.66144825680837,True
lift_and_cruse,cruise_227,0.9004323469667341,0.0,1217.520470176878,1241.394861676402,546.4564755492398,0.8578510018741098,0.9630984099647644,0.16089559985555893,0.0,-3.040540487659954e-13,-5.336658663347744,0.0,,0.0,0.4017765682202615,0.0,22.665574553979106,True
lift_and_cruse,cruise_227,0.9004670390831538,0.0,1217.5204701784337,1241.394861684284,546.4564755522788,0.8578510018737261,0.9630984099647152,0.16089559985604668,0.0,-3.0405404876792596e-13,-5.336658663347744,0.0,,0.0,0.40177656822077484,0.0,22.677136181730926,True
lift_and_cruse,cruise_227,0.9005171781610861,0.0,1217.5204701775892,1241.3948616800067,546.4564755506559,0.8578510018739344,0.963098409964741,0.16089559985578814,0.0,-3.040540487668783e-13,-5.336658663347744,0.0,,0.0,0.40177656822049623,0.0,22.693843217893527,True
lift_and_cruse,cruise_227,0.9005728387526953,0.0,1217.5204701803154,1241.3948616938192,546.4564755558679,0.8578510018732625,0.9630984099646582,0.160895599856617,0.0,-3.040540487702614e-13,-5.336658663347744,0.0,,0.0,0.4017765682213959,0.0,22.71238662905655,True
lift_and_cruse,cruise_227,0.9006229965876807,0.0,1217.5204701768796,1241.3948616764105,546.4564755492185,0.8578510018741091,0.9630984099647649,0.1608955998555664,0.0,-3.040540487659975e-13,-5.336658663347744,0.0,,0.0,0.4017765682202621,0.0,22.72909366521915,True
lift_and_cruse,cruise_227,0.900657712097151,0.0,1217.5204701786345,1241.394861685302,546.4564755526982,0.8578510018736767,0.9630984099647082,0.16089559985611698,0.0,-3.0405404876817526e-13,-5.336658663347744,0.0,,0.0,0.4017765682208411,0.0,22.740655292970974,True
lift_and_cruse,cruise_227,0.9006701029480765,0.0,1217.5204701769383,1241.3948616767082,546.4564755493461,0.8578510018740949,0.9630984099647628,0.16089559985558263,0.0,-3.040540487660704e-13,-5.336658663347744,0.0,,0.0,0.40177656822028135,0.0,22.744781590141706,True
lift_and_cruse,cruise_228,0.9006634370969888,0.0,1217.5121451044608,1241.3898544687945,546.4532054520439,0.8578499464926825,0.9630983241605797,0.16089683735609253,0.0,-3.0405282235384156e-13,-5.336658663347744,0.0,,0.0,0.40177382098183073,0.0,22.744781590141706,True
lift_and_cruse,cruise_228,0.9006758281978151,0.0,1217.5121451043392,1241.3898544681783,546.4532054517554,0.8578499464927125,0.9630983241605848,0.1608968373560487,0.0,-3.0405282235369066e-13,-5.336658663347744,0.0,,0.0,0.4017738209817906,0.0,22.748907887312438,True
lift_and_cruse,cruise_228,0.9007105501795022,0.0,1217.5121451026384,1241.3898544595586,546.4532054485734,0.8578499464931318,0.9630983241606347,0.16089683735555035,0.0,-3.0405282235157944e-13,-5.336658663347744,0.0,,0.0,0.4017738209812293,0.0,22.76046951506426,True
lift_and_cruse,cruise_228,0.9007607324263586,0.0,1217.5121451037883,1241.3898544653853,546.4532054507281,0.8578499464928485,0.9630983241606008,0.16089683735589994,0.0,-3.0405282235300656e-13,-5.336658663347744,0.0,,0.0,0.40177382098160874,0.0,22.77717655122686,True
lift_and_cruse,cruise_228,0.9008164409356401,0.0,1217.5121451044579,1241.3898544687788,546.4532054520927,0.857849946492683,0.9630983241605783,0.1608968373561054,0.0,-3.0405282235383773e-13,-5.336658663347744,0.0,,0.0,0.4017738209818297,0.0,22.79571996238988,True
lift_and_cruse,cruise_228,0.9008666419553546,0.0,1217.5121451044577,1241.3898544687788,546.4532054520987,0.8578499464926832,0.9630983241605781,0.16089683735610208,0.0,-3.0405282235383773e-13,-5.336658663347744,0.0,,0.0,0.4017738209818296,0.0,22.812426998552485,True
lift_and_cruse,cruise_228,0.9009013873485207,0.0,1217.5121451034724,1241.389854463786,546.453205450181,0.8578499464929261,0.9630983241606089,0.16089683735580504,0.0,-3.0405282235261483e-13,-5.336658663347744,0.0,,0.0,0.40177382098150455,0.0,22.823988626304306,True
lift_and_cruse,cruise_228,0.90091378886922,0.0,1217.5121451044638,1241.3898544688095,546.4532054519984,0.8578499464926814,0.9630983241605808,0.16089683735609406,0.0,-3.0405282235384525e-13,-5.336658663347744,0.0,,0.0,0.4017738209818316,0.0,22.828114923475038,True
lift_and_cruse,cruise_229,0.9009070777271169,0.0,1217.5037670163163,1241.3848157529728,546.4499146418865,0.8578488843339404,0.9630982378059182,0.16089808278913995,0.0,-3.04051588224401e-13,-5.336658663347744,0.0,,0.0,0.4017710562484357,0.0,22.828114923475038,True
lift_and_cruse,cruise_229,0.9009194750438724,0.0,1217.503762508912,1241.3847929128106,546.4499059012621,0.8578488854453252,0.9630982379463323,0.1608980814068688,0.0,-3.040515826301747e-13,-5.336658663347744,0.0,,0.0,0.40177105476101144,0.0,22.83224122064577,True
lift_and_cruse,cruise_229,0.9009542267997714,0.0,1217.5037623948474,1241.3847923348198,546.4499056799457,0.8578488854734503,0.963098237949889,0.160898081371848,0.0,-3.0405158248860775e-13,-5.336658663347744,0.0,,0.0,0.4017710547233707,0.0,22.843802848397594,True
lift_and_cruse,cruise_229,0.9010044520685869,0.0,1217.5037622248083,1241.3847914731896,546.4499053502395,0.8578488855153766,0.9630982379551853,0.1608980813197287,0.0,-3.040515822775692e-13,-5.336658663347744,0.0,,0.0,0.4017710546672585,0.0,22.860509884560194,True
lift_and_cruse,cruise_229,0.9010602085040035,0.0,1217.503762205041,1241.3847913730222,546.4499053119266,0.8578488855202505,0.9630982379558006,0.1608980813136579,0.0,-3.040515822530353e-13,-5.336658663347744,0.0,,0.0,0.4017710546607354,0.0,22.879053295723217,True
lift_and_cruse,cruise_229,0.9011104537063052,0.0,1217.503763194517,1241.3847963869482,546.4499072306991,0.8578488852762765,0.9630982379249763,0.16089808161710062,0.0,-3.0405158348109297e-13,-5.336658663347744,0.0,,0.0,0.40177105498725824,0.0,22.895760331885818,True
lift_and_cruse,cruise_229,0.9011452308147505,0.0,1217.5037650280287,1241.384805677816,546.4499107861986,0.85784888482419,0.9630982378678589,0.16089808217938575,0.0,-3.040515857566993e-13,-5.336658663347744,0.0,,0.0,0.4017710555923093,0.0,22.90732195963764,True
lift_and_cruse,cruise_229,0.9011576431659293,0.0,1217.50376518816,1241.3848064892431,546.4499110967255,0.8578488847847063,0.9630982378628702,0.1608980822284956,0.0,-3.040515859554416e-13,-5.336658663347744,0.0,,0.0,0.401771055645152,0.0,22.91144825680837,True
lift_and_cruse,cruise_230,0.9011508879517163,0.0,1217.4953352259897,1241.3797451233722,546.4466028512817,0.857847815309769,0.9630981508936267,0.16089933625774366,0.0,-3.04050346278339e-13,-5.336658663347744,0.0,,0.0,0.4017682737935495,0.0,22.91144825680837,True
lift_and_cruse,cruise_230,0.9011633003899047,0.0,1217.4953352259909,1241.379745123379,546.4466028512695,0.8578478153097692,0.963098150893627,0.1608993362577483,0.0,-3.0405034627834065e-13,-5.336658663347744,0.0,,0.0,0.40176827379354985,0.0,22.915574553979106,True
lift_and_cruse,cruise_230,0.9011980821589368,0.0,1217.4953352215703,1241.3797451009775,546.4466028426965,0.857847815310859,0.9630981508937648,0.16089933625639008,0.0,-3.0405034627285386e-13,-5.336658663347744,0.0,,0.0,0.40176827379209107,0.0,22.927136181730926,True
lift_and_cruse,cruise_230,0.9012483508196627,0.0,1217.4953352259893,1241.379745123369,546.4466028512938,0.8578478153097693,0.9630981508936264,0.1608993362577543,0.0,-3.0405034627833823e-13,-5.336658663347744,0.0,,0.0,0.4017682737935493,0.0,22.943843217893527,True
lift_and_cruse,cruise_230,0.901304155252791,0.0,1217.4953352259913,1241.3797451233795,546.4466028512666,0.8578478153097688,0.9630981508936272,0.16089933625774153,0.0,-3.0405034627834075e-13,-5.336658663347744,0.0,,0.0,0.40176827379354996,0.0,22.96238662905655,True
lift_and_cruse,cruise_230,0.9013544427016837,0.0,1217.495335215684,1241.3797450711509,546.4466028313396,0.8578478153123102,0.9630981508939467,0.16089933625458686,0.0,-3.0405034626554843e-13,-5.336658663347744,0.0,,0.0,0.40176827379014857,0.0,22.97909366521915,True
lift_and_cruse,cruise_230,0.9013892479120246,0.0,1217.4953352059088,1241.3797450216157,546.4466028124065,0.8578478153147204,0.9630981508942505,0.160899336251593,0.0,-3.0405034625341583e-13,-5.336658663347744,0.0,,0.0,0.40176827378692287,0.0,22.990655292970974,True
lift_and_cruse,cruise_230,0.9014016708031506,0.0,1217.4953352243417,1241.3797451150215,546.4466028481485,0.8578478153101754,0.9630981508936765,0.16089933625725134,0.0,-3.0405034627629365e-13,-5.336658663347744,0.0,,0.0,0.40176827379300556,0.0,22.994781590141706,True
lift_and_cruse,cruise_231,0.9013948673087763,0.0,1217.4868490335602,1241.3746421665228,546.4432698074567,0.8578467393303213,0.9630980634164122,0.160900597866949,0.0,-3.0404909641438463e-13,-5.336658663347744,0.0,,0.0,0.401765473386201,0.0,22.994781590141706,True
lift_and_cruse,cruise_231,0.9014072904249933,0.0,1217.4868490335605,1241.3746421665248,546.443269807481,0.8578467393303215,0.9630980634164116,0.16090059786695662,0.0,-3.0404909641438514e-13,-5.336658663347744,0.0,,0.0,0.4017654733862011,0.0,22.998907887312438,True
lift_and_cruse,cruise_231,0.9014421021197786,0.0,1217.4868490335612,1241.3746421665292,546.4432698074718,0.857846739330321,0.9630980634164119,0.16090059786695032,0.0,-3.040490964143862e-13,-5.336658663347744,0.0,,0.0,0.40176547338620133,0.0,23.01046951506426,True
lift_and_cruse,cruise_231,0.9014924140195466,0.0,1217.4868490335575,1241.3746421665098,546.4432698075326,0.8578467393303223,0.9630980634164101,0.1609005978669666,0.0,-3.0404909641438145e-13,-5.336658663347744,0.0,,0.0,0.40176547338620006,0.0,23.02717655122686,True
lift_and_cruse,cruise_231,0.9015482664516485,0.0,1217.486849027944,1241.3746421380642,546.4432697966105,0.8578467393317063,0.963098063416586,0.16090059786524052,0.0,-3.040490964074143e-13,-5.336658663347744,0.0,,0.0,0.4017654733843476,0.0,23.04571996238988,True
lift_and_cruse,cruise_231,0.9015985971740349,0.0,1217.486849033559,1241.3746421665173,546.4432698075022,0.8578467393303214,0.963098063416411,0.1609005978669741,0.0,-3.0404909641438327e-13,-5.336658663347744,0.0,,0.0,0.40176547338620067,0.0,23.062426998552485,True
lift_and_cruse,cruise_231,0.9016334323333187,0.0,1217.4868490335593,1241.3746421665176,546.4432698075084,0.8578467393303216,0.9630980634164109,0.16090059786696112,0.0,-3.040490964143833e-13,-5.336658663347744,0.0,,0.0,0.4017654733862008,0.0,23.073988626304306,True
lift_and_cruse,cruise_231,0.9016458658922211,0.0,1217.4868490335548,1241.3746421664946,546.4432698075752,0.8578467393303228,0.963098063416409,0.16090059786697464,0.0,-3.040490964143777e-13,-5.336658663347744,0.0,,0.0,0.40176547338619917,0.0,23.078114923475038,True
lift_and_cruse,cruise_232,0.9016390153099945,0.0,1217.4783077251827,1241.3695064603344,546.4399152322378,0.8578456563039923,0.9630979753668364,0.16090186772391366,0.0,-3.0404783852915563e-13,-5.336658663347744,0.0,,0.0,0.40176265479082457,0.0,23.078114923475038,True
lift_and_cruse,cruise_232,0.901651449110375,0.0,1217.478307725082,1241.3695064598232,546.439915232095,0.8578456563040173,0.9630979753668382,0.1609018677238939,0.0,-3.040478385290304e-13,-5.336658663347744,0.0,,0.0,0.4017626547907912,0.0,23.08224122064577,True
lift_and_cruse,cruise_232,0.9016862907441828,0.0,1217.4783077252725,1241.369506460789,546.4399152323958,0.8578456563039702,0.9630979753668341,0.1609018677239488,0.0,-3.0404783852926695e-13,-5.336658663347744,0.0,,0.0,0.4017626547908541,0.0,23.093802848397594,True
lift_and_cruse,cruise_232,0.9017366459125755,0.0,1217.4783077252748,1241.3695064607987,546.4399152323655,0.8578456563039698,0.963097975366835,0.16090186772393553,0.0,-3.040478385292693e-13,-5.336658663347744,0.0,,0.0,0.4017626547908549,0.0,23.110509884560194,True
lift_and_cruse,cruise_232,0.9017925463816961,0.0,1217.4783077242162,1241.3695064554363,546.4399152303931,0.8578456563042304,0.9630979753668657,0.1609018677236247,0.0,-3.0404783852795595e-13,-5.336658663347744,0.0,,0.0,0.40176265479050555,0.0,23.129053295723217,True
lift_and_cruse,cruise_232,0.9018429203825375,0.0,1217.4783077252714,1241.369506460782,546.4399152324141,0.8578456563039706,0.9630979753668336,0.16090186772395182,0.0,-3.040478385292653e-13,-5.336658663347744,0.0,,0.0,0.40176265479085377,0.0,23.145760331885818,True
lift_and_cruse,cruise_232,0.9018777854983249,0.0,1217.4783077250538,1241.3695064596802,546.4399152319917,0.8578456563040243,0.9630979753668403,0.16090186772388038,0.0,-3.040478385289954e-13,-5.336658663347744,0.0,,0.0,0.401762654790782,0.0,23.15732195963764,True
lift_and_cruse,cruise_232,0.9018902297496604,0.0,1217.478307725273,1241.3695064607914,546.4399152323928,0.8578456563039704,0.9630979753668342,0.16090186772393966,0.0,-3.0404783852926756e-13,-5.336658663347744,0.0,,0.0,0.4017626547908544,0.0,23.16144825680837,True
lift_and_cruse,cruise_233,0.9018833314133955,0.0,1217.4697105268895,1241.3643373416335,546.4365387527741,0.8578445661486751,0.9630978867387453,0.1609031459238208,0.0,-3.0404657246022134e-13,-5.336658663347744,0.0,,0.0,0.4017598177520139,0.0,23.16144825680837,True
lift_and_cruse,cruise_233,0.9018957759013998,0.0,1217.469710523931,1241.3643373266439,546.4365387470729,0.8578445661494045,0.9630978867388366,0.16090314592291038,0.0,-3.040465724565499e-13,-5.336658663347744,0.0,,0.0,0.4017598177510377,0.0,23.165574553979106,True
lift_and_cruse,cruise_233,0.9019306474921914,0.0,1217.4697105249315,1241.3643373317138,546.4365387489237,0.857844566149158,0.9630978867388078,0.160903145923203,0.0,-3.040465724577917e-13,-5.336658663347744,0.0,,0.0,0.4017598177513678,0.0,23.177136181730926,True
lift_and_cruse,cruise_233,0.9019810459527436,0.0,1217.4697105233902,1241.3643373239036,546.436538745918,0.8578445661495379,0.9630978867388564,0.16090314592272248,0.0,-3.0404657245587874e-13,-5.336658663347744,0.0,,0.0,0.40175981775085917,0.0,23.193843217893527,True
lift_and_cruse,cruise_233,0.9020369944779677,0.0,1217.4697105180778,1241.364337296985,546.4365387356493,0.857844566150848,0.963097886739021,0.16090314592110758,0.0,-3.040465724492856e-13,-5.336658663347744,0.0,,0.0,0.40175981774910613,0.0,23.21238662905655,True
lift_and_cruse,cruise_233,0.9020874117935768,0.0,1217.4697105259527,1241.3643373368884,546.4365387508959,0.857844566148906,0.9630978867387763,0.1609031459235135,0.0,-3.0404657245905913e-13,-5.336658663347744,0.0,,0.0,0.4017598177517048,0.0,23.22909366521915,True
lift_and_cruse,cruise_233,0.9021223068832604,0.0,1217.4697105255752,1241.364337334975,546.4365387501939,0.8578445661489991,0.9630978867387872,0.16090314592340757,0.0,-3.040465724585905e-13,-5.336658663347744,0.0,,0.0,0.4017598177515802,0.0,23.240655292970974,True
lift_and_cruse,cruise_233,0.9021347618332217,0.0,1217.4697105260207,1241.3643373372315,546.4365387510053,0.8578445661488895,0.9630978867387746,0.1609031459235328,0.0,-3.0404657245914314e-13,-5.336658663347744,0.0,,0.0,0.4017598177517272,0.0,23.244781590141706,True
lift_and_cruse,cruise_234,0.9021278067800774,0.0,1217.4610482842475,1241.359091748218,546.4331237684942,0.8578434708432419,0.9630977977864242,0.16090442999856075,0.0,-3.0404528766038414e-13,-5.336658663347744,0.0,,0.0,0.40175695924884536,0.0,23.244781590141706,True
lift_and_cruse,cruise_234,0.9021402682270317,0.0,1217.4610546060178,1241.3591237810103,546.4331360270558,0.8578434692844242,0.9630977975895008,0.16090443193724127,0.0,-3.0404529550615544e-13,-5.336658663347744,0.0,,0.0,0.40175696133500266,0.0,23.248907887312438,True
lift_and_cruse,cruise_234,0.9021751698791327,0.0,1217.4610546962251,1241.3591242380974,546.4331362019451,0.8578434692621812,0.9630977975866917,0.16090443196488385,0.0,-3.040452956181095e-13,-5.336658663347744,0.0,,0.0,0.4017569613647707,0.0,23.26046951506426,True
lift_and_cruse,cruise_234,0.9022256116029056,0.0,1217.4610546394651,1241.3591239504908,546.4331360918932,0.857843469276177,0.9630977975884594,0.16090443194749374,0.0,-3.040452955476662e-13,-5.336658663347744,0.0,,0.0,0.40175696134604016,0.0,23.27717655122686,True
lift_and_cruse,cruise_234,0.9022816084699345,0.0,1217.4610548911478,1241.3591252257822,546.4331365798836,0.8578434692141172,0.9630977975806208,0.1609044320246415,0.0,-3.0404529586002254e-13,-5.336658663347744,0.0,,0.0,0.4017569614290944,0.0,23.29571996238988,True
lift_and_cruse,cruise_234,0.9023320690416792,0.0,1217.4610548221274,1241.359124876052,546.4331364460421,0.8578434692311361,0.9630977975827708,0.16090443200348203,0.0,-3.040452957743633e-13,-5.336658663347744,0.0,,0.0,0.4017569614063179,0.0,23.312426998552485,True
lift_and_cruse,cruise_234,0.9023669941903644,0.0,1217.4610548905384,1241.359125222695,546.4331365786284,0.8578434692142674,0.9630977975806417,0.16090443202443044,0.0,-3.0404529585926635e-13,-5.336658663347744,0.0,,0.0,0.4017569614288933,0.0,23.323988626304306,True
lift_and_cruse,cruise_234,0.9023794598736554,0.0,1217.4610549201777,1241.3591253728785,546.4331366360476,0.8578434692069592,0.9630977975797199,0.16090443203351174,0.0,-3.040452958960507e-13,-5.336658663347744,0.0,,0.0,0.40175696143867407,0.0,23.328114923475038,True
lift_and_cruse,cruise_235,0.9023724661504744,0.0,1217.4523457562084,1241.3538985260752,546.4297194619301,0.85784236399861,0.963097707707175,0.1609057278865063,0.0,-3.0404401568780926e-13,-5.336658663347744,0.0,,0.0,0.4017540874516674,0.0,23.328114923475038,True
lift_and_cruse,cruise_235,0.9023849320358899,0.0,1217.4523457526316,1241.3538985079479,546.4297194550376,0.8578423639994919,0.9630977077072851,0.16090572788540958,0.0,-3.0404401568336933e-13,-5.336658663347744,0.0,,0.0,0.4017540874504871,0.0,23.33224122064577,True
lift_and_cruse,cruise_235,0.9024198903802366,0.0,1217.4523727857097,1241.354035484876,546.4297718739266,0.8578423573336599,0.9630977068652302,0.16090573617536863,0.0,-3.0404404923304065e-13,-5.336658663347744,0.0,,0.0,0.4017540963712877,0.0,23.343802848397594,True
lift_and_cruse,cruise_235,0.9024703472942636,0.0,1217.4523443142614,1241.3538912185732,546.4297166654649,0.8578423643542613,0.9630977077521019,0.1609057274441907,0.0,-3.0404401389798747e-13,-5.336658663347744,0.0,,0.0,0.401754086975831,0.0,23.360509884560194,True
lift_and_cruse,cruise_235,0.9025263934528095,0.0,1217.452345752064,1241.3538985050807,546.4297194538827,0.8578423639996313,0.9630977077073044,0.16090572788521174,0.0,-3.040440156826671e-13,-5.336658663347744,0.0,,0.0,0.4017540874502998,0.0,23.379053295723217,True
lift_and_cruse,cruise_235,0.9025768974512065,0.0,1217.4523457517614,1241.3538985035364,546.4297194532081,0.8578423639997065,0.963097707707316,0.1609057278851074,0.0,-3.0404401568228885e-13,-5.336658663347744,0.0,,0.0,0.40175408745019986,0.0,23.395760331885818,True
lift_and_cruse,cruise_235,0.902611852541257,0.0,1217.4523457520193,1241.3538985048472,546.4297194539345,0.857842363999643,0.963097707707302,0.16090572788526322,0.0,-3.040440156826099e-13,-5.336658663347744,0.0,,0.0,0.401754087450285,0.0,23.40732195963764,True
lift_and_cruse,cruise_235,0.9026243289062899,0.0,1217.4523457523162,1241.3538985063626,546.4297194541472,0.8578423639995685,0.9630977077073024,0.16090572788523644,0.0,-3.040440156829811e-13,-5.336658663347744,0.0,,0.0,0.401754087450383,0.0,23.41144825680837,True
lift_and_cruse,cruise_236,0.9026172836318471,0.0,1217.4435765536102,1241.3486274194686,546.4262758608639,0.8578412518319899,0.9630976172908501,0.16090703184847766,0.0,-3.040427246390425e-13,-5.336658663347744,0.0,,0.0,0.40175119365216894,0.0,23.41144825680837,True
lift_and_cruse,cruise_236,0.9026297602309611,0.0,1217.4435765536034,1241.3486274194343,546.4262758608913,0.8578412518319913,0.9630976172908492,0.16090703184848434,0.0,-3.040427246390341e-13,-5.336658663347744,0.0,,0.0,0.40175119365216666,0.0,23.415574553979106,True
lift_and_cruse,cruise_236,0.9026647217925299,0.0,1217.443576553604,1241.3486274194374,546.4262758608913,0.8578412518319916,0.9630976172908492,0.16090703184847896,0.0,-3.0404272463903486e-13,-5.336658663347744,0.0,,0.0,0.40175119365216694,0.0,23.427136181730926,True
lift_and_cruse,cruise_236,0.9027152502847758,0.0,1217.443576553598,1241.3486274194072,546.4262758608002,0.8578412518319929,0.9630976172908515,0.1609070318484678,0.0,-3.040427246390275e-13,-5.336658663347744,0.0,,0.0,0.40175119365216494,0.0,23.443843217893527,True
lift_and_cruse,cruise_236,0.9027713431617035,0.0,1217.4435765536093,1241.3486274194647,546.4262758608548,0.85784125183199,0.9630976172908503,0.16090703184848787,0.0,-3.040427246390416e-13,-5.336658663347744,0.0,,0.0,0.4017511936521687,0.0,23.46238662905655,True
lift_and_cruse,cruise_236,0.9028218905426196,0.0,1217.4435765536052,1241.348627419443,546.4262758608548,0.8578412518319913,0.9630976172908502,0.16090703184848312,0.0,-3.0404272463903623e-13,-5.336658663347744,0.0,,0.0,0.4017511936521674,0.0,23.47909366521915,True
lift_and_cruse,cruise_236,0.9028568756579693,0.0,1217.4435765536116,1241.3486274194756,546.4262758608002,0.8578412518319897,0.9630976172908519,0.16090703184847321,0.0,-3.0404272463904425e-13,-5.336658663347744,0.0,,0.0,0.40175119365216944,0.0,23.490655292970974,True
lift_and_cruse,cruise_236,0.902869362739505,0.0,1217.4435765536093,1241.348627419463,546.4262758608274,0.8578412518319902,0.9630976172908511,0.16090703184846436,0.0,-3.040427246390411e-13,-5.336658663347744,0.0,,0.0,0.4017511936521687,0.0,23.494781590141706,True
lift_and_cruse,cruise_237,0.9028622671399081,0.0,1217.434748449365,1241.3433213446833,546.4228092592787,0.857840132131008,0.96309752626255,0.16090834462830178,0.0,-3.0404142502554213e-13,-5.336658663347744,0.0,,0.0,0.401748280415378,0.0,23.494781590141706,True
lift_and_cruse,cruise_237,0.90287475445391,0.0,1217.434748449364,1241.3433213446797,546.4228092593061,0.857840132131008,0.9630975262625493,0.16090834462830048,0.0,-3.0404142502554127e-13,-5.336658663347744,0.0,,0.0,0.4017482804153776,0.0,23.498907887312438,True
lift_and_cruse,cruise_237,0.9029097460401142,0.0,1217.4347484493633,1241.3433213446742,546.4228092593182,0.8578401321310085,0.963097526262549,0.16090834462830395,0.0,-3.040414250255399e-13,-5.336658663347744,0.0,,0.0,0.40174828041537736,0.0,23.51046951506426,True
lift_and_cruse,cruise_237,0.9029603179249557,0.0,1217.434748449362,1241.3433213446679,546.4228092593424,0.8578401321310087,0.9630975262625483,0.160908344628308,0.0,-3.0404142502553834e-13,-5.336658663347744,0.0,,0.0,0.4017482804153769,0.0,23.52717655122686,True
lift_and_cruse,cruise_237,0.9030164589712691,0.0,1217.4347484486893,1241.34332134126,546.4228092580327,0.8578401321311745,0.9630975262625693,0.16090834462809336,0.0,-3.040414250247037e-13,-5.336658663347744,0.0,,0.0,0.401748280415155,0.0,23.54571996238988,True
lift_and_cruse,cruise_237,0.9030670497597296,0.0,1217.4347484493608,1241.3433213446622,546.4228092593515,0.8578401321310093,0.963097526262548,0.1609083446283086,0.0,-3.04041425025537e-13,-5.336658663347744,0.0,,0.0,0.4017482804153766,0.0,23.562426998552485,True
lift_and_cruse,cruise_237,0.9031020649100762,0.0,1217.4347484418552,1241.343321306633,546.4228092447582,0.8578401321328599,0.9630975262627829,0.16090834462600437,0.0,-3.040414250162225e-13,-5.336658663347744,0.0,,0.0,0.4017482804128998,0.0,23.573988626304306,True
lift_and_cruse,cruise_237,0.9031145627134597,0.0,1217.434748440884,1241.3433213017117,546.4228092428771,0.8578401321330993,0.963097526262813,0.16090834462570597,0.0,-3.0404142501501713e-13,-5.336658663347744,0.0,,0.0,0.4017482804125792,0.0,23.578114923475038,True
lift_and_cruse,cruise_238,0.90310741610952,0.0,1217.4258606349504,1241.3379798080414,546.4193193367007,0.8578390047932021,0.9630974346139938,0.16090966634570844,0.0,-3.0404011672639195e-13,-5.336658663347744,0.0,,0.0,0.4017453474744854,0.0,23.578114923475038,True
lift_and_cruse,cruise_238,0.9031199141351364,0.0,1217.4258606255978,1241.337979760654,546.4193193185881,0.8578390047955086,0.9630974346142844,0.16090966634284706,0.0,-3.0404011671478537e-13,-5.336658663347744,0.0,,0.0,0.40174534747139906,0.0,23.58224122064577,True
lift_and_cruse,cruise_238,0.9031549357720624,0.0,1217.4258606349022,1241.337979807798,546.419319336573,0.8578390047932142,0.9630974346139961,0.16090966634569473,0.0,-3.040401167263323e-13,-5.336658663347744,0.0,,0.0,0.4017453474744695,0.0,23.593802848397594,True
lift_and_cruse,cruise_238,0.9032055510661263,0.0,1217.4258606271355,1241.3379797684456,546.4193193215146,0.8578390047951293,0.963097434614238,0.16090966634331086,0.0,-3.040401167166938e-13,-5.336658663347744,0.0,,0.0,0.4017453474719065,0.0,23.610509884560194,True
lift_and_cruse,cruise_238,0.9032617403179037,0.0,1217.4258606349033,1241.337979807804,546.4193193365547,0.8578390047932137,0.9630974346139967,0.16090966634569837,0.0,-3.040401167263338e-13,-5.336658663347744,0.0,,0.0,0.4017453474744699,0.0,23.629053295723217,True
lift_and_cruse,cruise_238,0.9033123745369085,0.0,1217.4258606349026,1241.3379798078008,546.4193193365578,0.8578390047932138,0.9630974346139967,0.1609096663456913,0.0,-3.0404011672633303e-13,-5.336658663347744,0.0,,0.0,0.40174534747446966,0.0,23.645760331885818,True
lift_and_cruse,cruise_238,0.9033474197520529,0.0,1217.4258606329433,1241.3379797978716,546.4193193327438,0.8578390047936975,0.963097434614058,0.1609096663450895,0.0,-3.0404011672390106e-13,-5.336658663347744,0.0,,0.0,0.4017453474738231,0.0,23.65732195963764,True
lift_and_cruse,cruise_238,0.9033599282835845,0.0,1217.425860631292,1241.337979789504,546.4193193295741,0.8578390047941046,0.9630974346141086,0.16090966634458895,0.0,-3.040401167218516e-13,-5.336658663347744,0.0,,0.0,0.40174534747327817,0.0,23.66144825680837,True
lift_and_cruse,cruise_239,0.9033527299598348,0.0,1217.4169122886683,1241.3326023237942,546.4158057726046,0.8578378697131,0.9630973423366267,0.16091099712403195,0.0,-3.040387996226178e-13,-5.336658663347744,0.0,,0.0,0.4017423945583345,0.0,23.66144825680837,True
lift_and_cruse,cruise_239,0.9033652387216501,0.0,1217.4169122887058,1241.3326023239845,546.4158057727201,0.8578378697130913,0.9630973423366245,0.16091099712405,0.0,-3.040387996226644e-13,-5.336658663347744,0.0,,0.0,0.4017423945583468,0.0,23.665574553979106,True
lift_and_cruse,cruise_239,0.9034002904075876,0.0,1217.4169122887172,1241.3326023240422,546.4158057726897,0.8578378697130882,0.9630973423366255,0.1609109971240423,0.0,-3.040387996226785e-13,-5.336658663347744,0.0,,0.0,0.4017423945583506,0.0,23.677136181730926,True
lift_and_cruse,cruise_239,0.9034509491504459,0.0,1217.416912288665,1241.332602323776,546.4158057726593,0.8578378697131009,0.9630973423366253,0.16091099712403142,0.0,-3.0403879962261333e-13,-5.336658663347744,0.0,,0.0,0.4017423945583334,0.0,23.693843217893527,True
lift_and_cruse,cruise_239,0.9035071866184675,0.0,1217.4169122886851,1241.33260232388,546.415805772711,0.8578378697130963,0.9630973423366243,0.16091099712404555,0.0,-3.0403879962263883e-13,-5.336658663347744,0.0,,0.0,0.40174239455834004,0.0,23.71238662905655,True
lift_and_cruse,cruise_239,0.9035578642928479,0.0,1217.4169122886683,1241.3326023237942,546.4158057726046,0.8578378697131,0.9630973423366267,0.16091099712403006,0.0,-3.040387996226178e-13,-5.336658663347744,0.0,,0.0,0.4017423945583345,0.0,23.72909366521915,True
lift_and_cruse,cruise_239,0.9035929395859641,0.0,1217.416912288668,1241.3326023237928,546.4158057726046,0.8578378697131006,0.9630973423366267,0.16091099712402096,0.0,-3.040387996226174e-13,-5.336658663347744,0.0,,0.0,0.40174239455833444,0.0,23.740655292970974,True
lift_and_cruse,cruise_239,0.9036054588539271,0.0,1217.4169122886667,1241.3326023237871,546.4158057726289,0.8578378697131005,0.963097342336626,0.16091099712402593,0.0,-3.0403879962261606e-13,-5.336658663347744,0.0,,0.0,0.401742394558334,0.0,23.744781590141706,True
lift_and_cruse,cruise_240,0.9035982080952225,0.0,1217.4079025722824,1241.327188399166,546.4122682413475,0.8578367267828747,0.9630972494216864,0.16091233708933902,0.0,-3.0403747359352446e-13,-5.336658663347744,0.0,,0.0,0.40173942139031077,0.0,23.744781590141706,True
lift_and_cruse,cruise_240,0.9036107275894957,0.0,1217.4079025719618,1241.327188397542,546.4122682407245,0.8578367267829536,0.9630972494216964,0.16091233708924618,0.0,-3.040374735931266e-13,-5.336658663347744,0.0,,0.0,0.40173942139020496,0.0,23.748907887312438,True
lift_and_cruse,cruise_240,0.9036458093464763,0.0,1217.4079025681153,1241.3271883780503,546.4122682333336,0.857836726783902,0.9630972494218144,0.16091233708807576,0.0,-3.0403747358835256e-13,-5.336658663347744,0.0,,0.0,0.40173942138893565,0.0,23.76046951506426,True
lift_and_cruse,cruise_240,0.9036965115583709,0.0,1217.4079025719639,1241.3271883975501,546.4122682407063,0.8578367267829532,0.9630972494216969,0.16091233708924016,0.0,-3.0403747359312864e-13,-5.336658663347744,0.0,,0.0,0.40173942139020563,0.0,23.77717655122686,True
lift_and_cruse,cruise_240,0.9037527972725724,0.0,1217.4079025675296,1241.3271883750829,546.4122682321637,0.8578367267840464,0.9630972494218336,0.16091233708788943,0.0,-3.0403747358762575e-13,-5.336658663347744,0.0,,0.0,0.4017394213887424,0.0,23.79571996238988,True
lift_and_cruse,cruise_240,0.9038035184308012,0.0,1217.4079025719627,1241.3271883975433,546.4122682407185,0.8578367267829533,0.9630972494216966,0.1609123370892451,0.0,-3.0403747359312697e-13,-5.336658663347744,0.0,,0.0,0.40173942139020524,0.0,23.812426998552485,True
lift_and_cruse,cruise_240,0.9038386238035231,0.0,1217.407902558846,1241.3271883310838,546.4122682153214,0.8578367267861878,0.9630972494221042,0.16091233708522495,0.0,-3.040374735768491e-13,-5.336658663347744,0.0,,0.0,0.40173942138587687,0.0,23.823988626304306,True
lift_and_cruse,cruise_240,0.9038511538252524,0.0,1217.40790257196,1241.3271883975315,546.412268240761,0.857836726782954,0.9630972494216955,0.1609123370892469,0.0,-3.040374735931241e-13,-5.336658663347744,0.0,,0.0,0.4017394213902044,0.0,23.828114923475038,True
lift_and_cruse,cruise_241,0.9038438499031636,0.0,1217.3988306288932,1241.3217375257375,546.4087064082121,0.8578355758926841,0.9630971558602639,0.1609136863700776,0.0,-3.0403613851458506e-13,-5.336658663347744,0.0,,0.0,0.40173642768764106,0.0,23.828114923475038,True
lift_and_cruse,cruise_241,0.9038563801360399,0.0,1217.398830628461,1241.321737523547,546.4087064074189,0.857835575892791,0.9630971558602761,0.16091368636994727,0.0,-3.0403613851404854e-13,-5.336658663347744,0.0,,0.0,0.40173642768749845,0.0,23.83224122064577,True
lift_and_cruse,cruise_241,0.903891491988082,0.0,1217.398830628302,1241.321737522741,546.4087064070876,0.8578355758928302,0.9630971558602818,0.16091368636988437,0.0,-3.0403613851385113e-13,-5.336658663347744,0.0,,0.0,0.40173642768744594,0.0,23.843802848397594,True
lift_and_cruse,cruise_241,0.9039422376853599,0.0,1217.398830628463,1241.3217375235567,546.4087064073915,0.8578355758927904,0.9630971558602769,0.1609136863699427,0.0,-3.0403613851405096e-13,-5.336658663347744,0.0,,0.0,0.4017364276874991,0.0,23.860509884560194,True
lift_and_cruse,cruise_241,0.9039985716810107,0.0,1217.398830628401,1241.321737523243,546.4087064073034,0.8578355758928056,0.9630971558602779,0.16091368636993314,0.0,-3.0403613851397407e-13,-5.336658663347744,0.0,,0.0,0.4017364276874785,0.0,23.879053295723217,True
lift_and_cruse,cruise_241,0.9040493363376794,0.0,1217.3988306279564,1241.321737520992,546.4087064064403,0.8578355758929156,0.9630971558602919,0.16091368636980344,0.0,-3.0403613851342275e-13,-5.336658663347744,0.0,,0.0,0.401736427687332,0.0,23.895760331885818,True
lift_and_cruse,cruise_241,0.9040844718330668,0.0,1217.3988306284216,1241.3217375233478,546.4087064073246,0.8578355758928004,0.9630971558602778,0.16091368636993664,0.0,-3.0403613851399976e-13,-5.336658663347744,0.0,,0.0,0.4017364276874854,0.0,23.90732195963764,True
lift_and_cruse,cruise_241,0.9040970125880501,0.0,1217.3988306280994,1241.321737521714,546.4087064066651,0.85783557589288,0.9630971558602888,0.16091368636982673,0.0,-3.040361385135996e-13,-5.336658663347744,0.0,,0.0,0.40173642768737916,0.0,23.91144825680837,True
lift_and_cruse,cruise_242,0.9040896547470963,0.0,1217.3896955756616,1241.3162491448297,546.4051199163474,0.8578344169322836,0.9630970616435024,0.16091504509498225,0.0,-3.0403479424896284e-13,-5.336658663347744,0.0,,0.0,0.4017334131589922,0.0,23.91144825680837,True
lift_and_cruse,cruise_242,0.904102195714059,0.0,1217.3896955646967,1241.3162490892735,546.4051198950986,0.8578344169349875,0.9630970616438436,0.16091504509161758,0.0,-3.0403479423535545e-13,-5.336658663347744,0.0,,0.0,0.4017334131553738,0.0,23.915574553979106,True
lift_and_cruse,cruise_242,0.9041373376744015,0.0,1217.3896955650268,1241.3162490909463,546.4051198958097,0.8578344169349059,0.9630970616438314,0.16091504509172783,0.0,-3.040347942357652e-13,-5.336658663347744,0.0,,0.0,0.4017334131554828,0.0,23.927136181730926,True
lift_and_cruse,cruise_242,0.9041881268843543,0.0,1217.3896955651119,1241.3162490913778,546.4051198959586,0.857834416934885,0.9630970616438291,0.1609150450917564,0.0,-3.040347942358709e-13,-5.336658663347744,0.0,,0.0,0.4017334131555108,0.0,23.943843217893527,True
lift_and_cruse,cruise_242,0.9042445091836259,0.0,1217.389695565266,1241.3162490921557,546.405119896229,0.8578344169348474,0.9630970616438251,0.16091504509180937,0.0,-3.040347942360614e-13,-5.336658663347744,0.0,,0.0,0.4017334131555617,0.0,23.96238662905655,True
lift_and_cruse,cruise_242,0.904295317367982,0.0,1217.3896955655296,1241.3162490934922,546.4051198967396,0.8578344169347819,0.9630970616438168,0.16091504509187624,0.0,-3.0403479423638877e-13,-5.336658663347744,0.0,,0.0,0.4017334131556487,0.0,23.97909366521915,True
lift_and_cruse,cruise_242,0.9043304829885804,0.0,1217.389695565649,1241.3162490941,546.4051198969523,0.8578344169347527,0.9630970616438137,0.1609150450919084,0.0,-3.040347942365376e-13,-5.336658663347744,0.0,,0.0,0.4017334131556881,0.0,23.990655292970974,True
lift_and_cruse,cruise_242,0.904343034496277,0.0,1217.3896955655696,1241.3162490936963,546.4051198968277,0.8578344169347722,0.9630970616438154,0.16091504509188437,0.0,-3.0403479423643875e-13,-5.336658663347744,0.0,,0.0,0.40173341315566186,0.0,23.994781590141706,True
lift_and_cruse,cruise_243,0.8920234991376972,0.0,1202.0464656183854,1232.7641403807359,540.5746183772787,0.8557877268908874,0.9629317863133572,0.1632880011367492,0.0,-3.0194013172418134e-13,-5.336658663347744,0.0,,0.0,0.3966702126390426,0.0,23.994781590141706,True
lift_and_cruse,cruise_243,0.8920355181531132,0.0,1202.046464717038,1232.764135877622,540.5746166569969,0.8557877271162391,0.9629317863407084,0.1632880008620099,0.0,-3.019401306212365e-13,-5.336658663347744,0.0,,0.0,0.3966702123416019,0.0,23.998907887312438,True
lift_and_cruse,cruise_243,0.8920691999289674,0.0,1202.0464647170847,1232.764135877857,540.5746166571549,0.8557877271162277,0.962931786340705,0.16328800086202103,0.0,-3.0194013062129406e-13,-5.336658663347744,0.0,,0.0,0.3966702123416173,0.0,24.01046951506426,True
lift_and_cruse,cruise_243,0.8921178786817232,0.0,1202.0464647157883,1232.7641358713786,540.5746166546234,0.8557877271165516,0.9629317863407459,0.16328800086163672,0.0,-3.019401306197073e-13,-5.336658663347744,0.0,,0.0,0.39667021234118954,0.0,24.02717655122686,True
lift_and_cruse,cruise_243,0.892171917957784,0.0,1202.0464647151016,1232.76413586795,540.57461665335,0.8557877271167232,0.9629317863407657,0.1632880008614313,0.0,-3.0194013061886755e-13,-5.336658663347744,0.0,,0.0,0.3966702123409629,0.0,24.04571996238988,True
lift_and_cruse,cruise_243,0.8922206146168735,0.0,1202.046464714745,1232.7641358661676,540.5746166526571,0.8557877271168125,0.9629317863407769,0.16328800086131465,0.0,-3.01940130618431e-13,-5.336658663347744,0.0,,0.0,0.39667021234084526,0.0,24.062426998552485,True
lift_and_cruse,cruise_243,0.8922543187201808,0.0,1202.0464647145677,1232.7641358652822,540.574616652338,0.8557877271168566,0.9629317863407817,0.1632880008612581,0.0,-3.0194013061821415e-13,-5.336658663347744,0.0,,0.0,0.39667021234078675,0.0,24.073988626304306,True
lift_and_cruse,cruise_243,0.8922663485593804,0.0,1202.0464647141102,1232.7641358629955,540.5746166515175,0.8557877271169709,0.9629317863407941,0.1632880008611454,0.0,-3.0194013061765404e-13,-5.336658663347744,0.0,,0.0,0.39667021234063576,0.0,24.078114923475038,True
lift_and_cruse,cruise_244,0.9045825131450468,0.0,1217.379211681613,1241.3099510110364,546.401004050881,0.8578330867553084,0.9630969535084147,0.16091660452744705,0.0,-3.0403325165108474e-13,-5.336658663347744,0.0,,0.0,0.4017299535186202,0.0,24.078114923475038,True
lift_and_cruse,cruise_244,0.9045950756342613,0.0,1217.3792116816028,1241.309951010987,546.4010040510847,0.8578330867553109,0.9630969535084091,0.16091660452751122,0.0,-3.040332516510726e-13,-5.336658663347744,0.0,,0.0,0.40172995351861684,0.0,24.08224122064577,True
lift_and_cruse,cruise_244,0.904630277872128,0.0,1217.379211681609,1241.3099510110167,546.4010040509692,0.8578330867553094,0.9630969535084122,0.16091660452746825,0.0,-3.040332516510799e-13,-5.336658663347744,0.0,,0.0,0.40172995351861884,0.0,24.093802848397594,True
lift_and_cruse,cruise_244,0.9046811541975478,0.0,1217.3792116816144,1241.3099510110426,546.4010040508962,0.8578330867553082,0.9630969535084144,0.16091660452745501,0.0,-3.040332516510862e-13,-5.336658663347744,0.0,,0.0,0.4017299535186206,0.0,24.110509884560194,True
lift_and_cruse,cruise_244,0.9047376332035776,0.0,1217.37921168161,1241.3099510110235,546.4010040509601,0.8578330867553091,0.9630969535084125,0.16091660452746903,0.0,-3.0403325165108156e-13,-5.336658663347744,0.0,,0.0,0.4017299535186192,0.0,24.129053295723217,True
lift_and_cruse,cruise_244,0.904788528531953,0.0,1217.3792116816094,1241.3099510110183,546.4010040509904,0.8578330867553096,0.9630969535084117,0.16091660452748446,0.0,-3.0403325165108025e-13,-5.336658663347744,0.0,,0.0,0.401729953518619,0.0,24.145760331885818,True
lift_and_cruse,cruise_244,0.9048237544661185,0.0,1217.3792116816053,1241.3099510109976,546.4010040510603,0.8578330867553104,0.9630969535084098,0.1609166045274903,0.0,-3.040332516510752e-13,-5.336658663347744,0.0,,0.0,0.4017299535186177,0.0,24.15732195963764,True
lift_and_cruse,cruise_244,0.9048363275011754,0.0,1217.3792116816078,1241.309951011011,546.4010040510027,0.8578330867553097,0.9630969535084113,0.16091660452748566,0.0,-3.040332516510785e-13,-5.336658663347744,0.0,,0.0,0.4017299535186184,0.0,24.16144825680837,True
lift_and_cruse,cruise_245,0.8710818643530291,0.0,1175.1012430281728,1221.4339548986081,531.3937998061426,0.8516212417022431,0.9626034177886793,0.16796045617649671,0.0,-2.991650366472946e-13,-5.336658663347744,0.0,,0.0,0.3877784039775802,0.0,24.16144825680837,True
lift_and_cruse,cruise_245,0.8710930438970732,0.0,1175.1012430282535,1221.4339548990001,531.3937998062459,0.8516212417022228,0.9626034177886782,0.1679604561765155,0.0,-2.9916503664739064e-13,-5.336658663347744,0.0,,0.0,0.3877784039776069,0.0,24.165574553979106,True
lift_and_cruse,cruise_245,0.8711243707739753,0.0,1175.1012430282613,1221.433954899038,531.3937998062916,0.8516212417022205,0.9626034177886772,0.16796045617652827,0.0,-2.9916503664739993e-13,-5.336658663347744,0.0,,0.0,0.3877784039776094,0.0,24.177136181730926,True
lift_and_cruse,cruise_245,0.8711696459090565,0.0,1175.1012430282499,1221.433954898983,531.3937998063127,0.8516212417022235,0.9626034177886763,0.16796045617653485,0.0,-2.9916503664738645e-13,-5.336658663347744,0.0,,0.0,0.3877784039776056,0.0,24.193843217893527,True
lift_and_cruse,cruise_245,0.8712199064967122,0.0,1175.1012430282442,1221.4339548989542,531.3937998063006,0.8516212417022252,0.9626034177886765,0.16796045617652774,0.0,-2.991650366473794e-13,-5.336658663347744,0.0,,0.0,0.38777840397760377,0.0,24.21238662905655,True
lift_and_cruse,cruise_245,0.8712651978125805,0.0,1175.101243028251,1221.4339548989874,531.3937998062885,0.8516212417022232,0.962603417788677,0.16796045617653074,0.0,-2.991650366473875e-13,-5.336658663347744,0.0,,0.0,0.38777840397760593,0.0,24.22909366521915,True
lift_and_cruse,cruise_245,0.871296544866565,0.0,1175.101243028247,1221.4339548989683,531.3937998063097,0.8516212417022245,0.9626034177886763,0.16796045617653582,0.0,-2.991650366473828e-13,-5.336658663347744,0.0,,0.0,0.3877784039776047,0.0,24.240655292970974,True
lift_and_cruse,cruise_245,0.8713077333901716,0.0,1175.1012430282326,1221.4339548988992,531.3937998063006,0.851621241702228,0.9626034177886762,0.16796045617652694,0.0,-2.991650366473659e-13,-5.336658663347744,0.0,,0.0,0.3877784039775999,0.0,24.244781590141706,True
lift_and_cruse,cruise_246,0.8713058107162762,0.0,1175.0988111042068,1221.4331716303336,531.3930342817888,0.8516208281184617,0.9626033858476878,0.1679609094174904,0.0,-2.9916484480189755e-13,-5.336658663347744,0.0,,0.0,0.387777601453032,0.0,24.244781590141706,True
lift_and_cruse,cruise_246,0.8713169981917661,0.0,1175.0988096089668,1221.43316436768,531.393031680696,0.8516208284970451,0.9626033858863193,0.1679609090227927,0.0,-2.991648430230605e-13,-5.336658663347744,0.0,,0.0,0.38777760095960917,0.0,24.248907887312438,True
lift_and_cruse,cruise_246,0.8713483481006772,0.0,1175.0988062621432,1221.4331481115053,531.3930256041787,0.8516208293444393,0.9626033859797481,0.1679609080588849,0.0,-2.99164839041446e-13,-5.336658663347744,0.0,,0.0,0.38777759985517163,0.0,24.26046951506426,True
lift_and_cruse,cruise_246,0.8713936614899076,0.0,1175.0988065629542,1221.4331495727665,531.3930266682423,0.8516208292682607,0.9626033859571852,0.16796090830921193,0.0,-2.9916483939935176e-13,-5.336658663347744,0.0,,0.0,0.387777599954438,0.0,24.27717655122686,True
lift_and_cruse,cruise_246,0.8714439643503747,0.0,1175.0988066989926,1221.433150233529,531.3930268814021,0.8516208292338167,0.962603385954313,0.16796090833770166,0.0,-2.991648395611919e-13,-5.336658663347744,0.0,,0.0,0.38777759999933004,0.0,24.29571996238988,True
lift_and_cruse,cruise_246,0.8714892937598415,0.0,1175.098806821893,1221.4331508304776,531.3930270736474,0.8516208292026994,0.9626033859517271,0.16796090836333885,0.0,-2.991648397074021e-13,-5.336658663347744,0.0,,0.0,0.3877776000398867,0.0,24.312426998552485,True
lift_and_cruse,cruise_246,0.8715206672563657,0.0,1175.0988069868852,1221.433151631874,531.393027332283,0.8516208291609247,0.9626033859482407,0.16796090839791916,0.0,-2.9916483990368763e-13,-5.336658663347744,0.0,,0.0,0.3877776000943334,0.0,24.323988626304306,True
lift_and_cruse,cruise_246,0.8715318651751153,0.0,1175.0988070013605,1221.433151702182,531.3930273553249,0.8516208291572597,0.9626033859479252,0.1679609084010571,0.0,-2.991648399209081e-13,-5.336658663347744,0.0,,0.0,0.38777760009911016,0.0,24.328114923475038,True
lift_and_cruse,cruise_247,0.8715299354388784,0.0,1175.0963658232233,1221.4323905611873,531.3922675077177,0.8516204116534127,0.9626033536503339,0.1679613660841428,0.0,-2.9916465349513154e-13,-5.336658663347744,0.0,,0.0,0.38777679452072494,0.0,24.328114923475038,True
lift_and_cruse,cruise_247,0.8715411337383185,0.0,1175.0963658232906,1221.4323905615142,531.3922675079031,0.8516204116533954,0.9626033536503302,0.167961366084163,0.0,-2.9916465349521166e-13,-5.336658663347744,0.0,,0.0,0.3877767945207471,0.0,24.33224122064577,True
lift_and_cruse,cruise_247,0.8715725131708513,0.0,1175.0963658232904,1221.4323905615138,531.3922675079091,0.8516204116533957,0.9626033536503301,0.16796136608416995,0.0,-2.991646534952115e-13,-5.336658663347744,0.0,,0.0,0.38777679452074704,0.0,24.343802848397594,True
lift_and_cruse,cruise_247,0.8716178642619024,0.0,1175.0963658232995,1221.4323905615588,531.3922675079548,0.8516204116533933,0.962603353650329,0.1679613660841786,0.0,-2.9916465349522257e-13,-5.336658663347744,0.0,,0.0,0.38777679452075015,0.0,24.360509884560194,True
lift_and_cruse,cruise_247,0.8716682091693306,0.0,1175.0963658233077,1221.432390561597,531.3922675078727,0.8516204116533911,0.9626033536503315,0.1679613660841635,0.0,-2.991646534952319e-13,-5.336658663347744,0.0,,0.0,0.3877767945207527,0.0,24.379053295723217,True
lift_and_cruse,cruise_247,0.8717135764681974,0.0,1175.0963658232943,1221.4323905615338,531.3922675078818,0.8516204116533945,0.9626033536503309,0.1679613660841575,0.0,-2.991646534952164e-13,-5.336658663347744,0.0,,0.0,0.38777679452074837,0.0,24.395760331885818,True
lift_and_cruse,cruise_247,0.8717449761115729,0.0,1175.096365823295,1221.4323905615374,531.3922675078788,0.8516204116533946,0.962603353650331,0.1679613660841599,0.0,-2.991646534952173e-13,-5.336658663347744,0.0,,0.0,0.3877767945207486,0.0,24.40732195963764,True
lift_and_cruse,cruise_247,0.871756183405611,0.0,1175.096365823292,1221.4323905615213,531.3922675078392,0.8516204116533952,0.9626033536503321,0.16796136608415282,0.0,-2.991646534952134e-13,-5.336658663347744,0.0,,0.0,0.3877767945207476,0.0,24.41144825680837,True
lift_and_cruse,cruise_248,0.8717542428190308,0.0,1175.0939114444104,1221.4316332634826,531.3915061600479,0.8516199911460646,0.9626033211066246,0.16796182706908555,0.0,-2.9916446801068957e-13,-5.336658663347744,0.0,,0.0,0.38777598458617296,0.0,24.41144825680837,True
lift_and_cruse,cruise_248,0.8717654429441017,0.0,1175.0939036303675,1221.4315953076234,531.391492133735,0.8516199931246936,0.9626033213203578,0.16796182486946729,0.0,-2.9916445871418524e-13,-5.336658663347744,0.0,,0.0,0.38777598200757213,0.0,24.415574553979106,True
lift_and_cruse,cruise_248,0.8717968486865446,0.0,1175.0939036316547,1221.431595313879,531.3914921368226,0.8516199931243674,0.9626033213203014,0.16796182487006028,0.0,-2.991644587157174e-13,-5.336658663347744,0.0,,0.0,0.38777598200799684,0.0,24.427136181730926,True
lift_and_cruse,cruise_248,0.871842237799978,0.0,1175.093903631501,1221.431595313135,531.3914921370902,0.8516199931244061,0.9626033213202907,0.16796182487020947,0.0,-2.991644587155352e-13,-5.336658663347744,0.0,,0.0,0.38777598200794616,0.0,24.443843217893527,True
lift_and_cruse,cruise_248,0.8718926249185364,0.0,1175.0939036333423,1221.4315953220814,531.3914921412019,0.8516199931239395,0.9626033213202182,0.1679618248709662,0.0,-2.9916445871772645e-13,-5.336658663347744,0.0,,0.0,0.38777598200855373,0.0,24.46238662905655,True
lift_and_cruse,cruise_248,0.8719380302596644,0.0,1175.093903639698,1221.4315953529613,531.391492155236,0.8516199931223297,0.9626033213199726,0.16796182487357852,0.0,-2.9916445872528983e-13,-5.336658663347744,0.0,,0.0,0.38777598201065117,0.0,24.47909366521915,True
lift_and_cruse,cruise_248,0.8719694562439548,0.0,1175.093903655549,1221.431595429965,531.3914921888446,0.8516199931183147,0.962603321319398,0.16796182487967495,0.0,-2.991644587441503e-13,-5.336658663347744,0.0,,0.0,0.3877759820158819,0.0,24.490655292970974,True
lift_and_cruse,cruise_248,0.8719806729387255,0.0,1175.0939036601965,1221.4315954525407,531.3914921984813,0.851619993117138,0.9626033213192355,0.1679618248814003,0.0,-2.9916445874967974e-13,-5.336658663347744,0.0,,0.0,0.38777598201741553,0.0,24.494781590141706,True
lift_and_cruse,cruise_249,0.8719787221773989,0.0,1175.0914367526982,1221.4308461623073,531.3907308445634,0.8516195693520753,0.9626032885031598,0.16796228944832745,0.0,-2.9916427522650254e-13,-5.336658663347744,0.0,,0.0,0.3877751679484507,0.0,24.494781590141706,True
lift_and_cruse,cruise_249,0.8719899300866067,0.0,1175.0914272784278,1221.430800142577,531.3907138224438,0.8516195717510637,0.9626032887627332,0.1679622867763991,0.0,-2.991642639549195e-13,-5.336658663347744,0.0,,0.0,0.3877751648219818,0.0,24.498907887312438,True
lift_and_cruse,cruise_249,0.8720213621668228,0.0,1175.091427288159,1221.4308001898526,531.3907138436501,0.851619571748599,0.9626032887623647,0.16796228678031844,0.0,-2.991642639664987e-13,-5.336658663347744,0.0,,0.0,0.38777516482519303,0.0,24.51046951506426,True
lift_and_cruse,cruise_249,0.8720667893500863,0.0,1175.0914273055903,1221.4308002745347,531.3907138806137,0.8516195717441838,0.9626032887617326,0.16796228678703257,0.0,-2.991642639872398e-13,-5.336658663347744,0.0,,0.0,0.3877751648309453,0.0,24.52717655122686,True
lift_and_cruse,cruise_249,0.8721172187080788,0.0,1175.0914273038582,1221.4308002661219,531.3907138769304,0.8516195717446227,0.9626032887617957,0.16796228678636901,0.0,-2.9916426398517926e-13,-5.336658663347744,0.0,,0.0,0.3877751648303737,0.0,24.54571996238988,True
lift_and_cruse,cruise_249,0.8721626620959301,0.0,1175.0914272900254,1221.4308001989257,531.3907138482876,0.8516195717481252,0.9626032887622784,0.1679622867812519,0.0,-2.991642639687209e-13,-5.336658663347744,0.0,,0.0,0.38777516482580904,0.0,24.562426998552485,True
lift_and_cruse,cruise_249,0.8721941144056751,0.0,1175.0914272842358,1221.4308001707984,531.3907138359401,0.8516195717495922,0.9626032887624902,0.1679622867790078,0.0,-2.9916426396183175e-13,-5.336658663347744,0.0,,0.0,0.38777516482389845,0.0,24.573988626304306,True
lift_and_cruse,cruise_249,0.8722053404989977,0.0,1175.0914272835878,1221.4308001676511,531.3907138346,0.8516195717497562,0.9626032887625129,0.1679622867787571,0.0,-2.9916426396106087e-13,-5.336658663347744,0.0,,0.0,0.3877751648236846,0.0,24.578114923475038,True
lift_and_cruse,cruise_250,0.8722033693082996,0.0,1175.0889372342174,1221.4300082534464,531.3899337192987,0.8516191473284023,0.962603255956278,0.16796275203361344,0.0,-2.9916406999802166e-13,-5.336658663347744,0.0,,0.0,0.3877743431180006,0.0,24.578114923475038,True
lift_and_cruse,cruise_250,0.8722145957962332,0.0,1175.0889372342203,1221.4300082534608,531.3899337192502,0.8516191473284015,0.9626032559562795,0.16796275203360803,0.0,-2.991640699980252e-13,-5.336658663347744,0.0,,0.0,0.3877743431180016,0.0,24.58224122064577,True
lift_and_cruse,cruise_250,0.8722460542176147,0.0,1175.0889372342176,1221.4300082534473,531.3899337192835,0.8516191473284017,0.9626032559562785,0.16796275203360544,0.0,-2.991640699980219e-13,-5.336658663347744,0.0,,0.0,0.38777434311800063,0.0,24.593802848397594,True
lift_and_cruse,cruise_250,0.8722915194671379,0.0,1175.0889372342167,1221.430008253443,531.3899337193261,0.8516191473284023,0.9626032559562773,0.1679627520336155,0.0,-2.9916406999802085e-13,-5.336658663347744,0.0,,0.0,0.3877743431180004,0.0,24.610509884560194,True
lift_and_cruse,cruise_250,0.8723419911035724,0.0,1175.0889372343343,1221.4300082540137,531.3899337194811,0.851619147328372,0.9626032559562756,0.1679627520336444,0.0,-2.991640699981606e-13,-5.336658663347744,0.0,,0.0,0.38777434311803916,0.0,24.629053295723217,True
lift_and_cruse,cruise_250,0.8723874726014427,0.0,1175.0889372342187,1221.4300082534542,531.3899337192744,0.8516191473284018,0.9626032559562788,0.16796275203361077,0.0,-2.991640699980236e-13,-5.336658663347744,0.0,,0.0,0.3877743431180011,0.0,24.645760331885818,True
lift_and_cruse,cruise_250,0.872418951284323,0.0,1175.0889372342187,1221.4300082534542,531.3899337192804,0.8516191473284018,0.9626032559562786,0.16796275203360725,0.0,-2.991640699980236e-13,-5.336658663347744,0.0,,0.0,0.3877743431180011,0.0,24.65732195963764,True
lift_and_cruse,cruise_250,0.8724301867894713,0.0,1175.0889372342178,1221.4300082534487,531.3899337192865,0.8516191473284022,0.9626032559562785,0.16796275203361388,0.0,-2.991640699980222e-13,-5.336658663347744,0.0,,0.0,0.38777434311800074,0.0,24.66144825680837,True
lift_and_cruse,cruise_251,0.8724281988190439,0.0,1175.0864277869362,1221.4291928405844,531.3891416761998,0.8516187212149983,0.9626032230543815,0.1679632190660768,0.0,-2.9916387027947136e-13,-5.336658663347744,0.0,,0.0,0.3877735150110887,0.0,24.66144825680837,True
lift_and_cruse,cruise_251,0.8724394365100889,0.0,1175.0864296345017,1221.4292018144447,531.3891451307584,0.8516187207472058,0.9626032230000673,0.16796321962983993,0.0,-2.9916387247743323e-13,-5.336658663347744,0.0,,0.0,0.3877735156207774,0.0,24.665574553979106,True
lift_and_cruse,cruise_251,0.8724709216246486,0.0,1175.086429966603,1221.4292034275145,531.3891457920427,0.8516187206631186,0.9626032229892013,0.16796321974391482,0.0,-2.991638728725214e-13,-5.336658663347744,0.0,,0.0,0.3877735157303694,0.0,24.677136181730926,True
lift_and_cruse,cruise_251,0.8725164249185807,0.0,1175.0864298961794,1221.4292030854601,531.3891456750436,0.8516187206809491,0.9626032229908701,0.1679632197270797,0.0,-2.9916387278874223e-13,-5.336658663347744,0.0,,0.0,0.38777351570712987,0.0,24.693843217893527,True
lift_and_cruse,cruise_251,0.8725669387949377,0.0,1175.0864298246945,1221.4292027382478,531.3891455562057,0.8516187206990489,0.9626032229925661,0.16796321970993633,0.0,-2.9916387270369974e-13,-5.336658663347744,0.0,,0.0,0.3877735156835403,0.0,24.71238662905655,True
lift_and_cruse,cruise_251,0.8726124585774944,0.0,1175.0864299883788,1221.429203533284,531.3891458272011,0.8516187206576046,0.9626032229887131,0.1679632197488047,0.0,-2.991638728984274e-13,-5.336658663347744,0.0,,0.0,0.38777351573755536,0.0,24.72909366521915,True
lift_and_cruse,cruise_251,0.8726441150430337,0.0,1175.0864273728253,1221.429190829202,531.3891410704018,0.851618721319848,0.9626032230619466,0.16796321899298317,0.0,-2.9916386978682477e-13,-5.336658663347744,0.0,,0.0,0.38777351487443384,0.0,24.740655292970974,True
lift_and_cruse,cruise_251,0.8726557665840232,0.0,1175.0864273865145,1221.4291908956923,531.389141095489,0.8516187213163819,0.962603223061558,0.16796321899700148,0.0,-2.991638698031102e-13,-5.336658663347744,0.0,,0.0,0.38777351487895123,0.0,24.744781590141706,True
lift_and_cruse,cruise_252,0.8726537703428303,0.0,1175.0839072889758,1221.4283954315117,531.3883535589595,0.851618291206527,0.9626031898047003,0.16796369050102025,0.0,-2.991636749705777e-13,-5.336658663347744,0.0,,0.0,0.3877726832574997,0.0,24.744781590141706,True
lift_and_cruse,cruise_252,0.8726654222616155,0.0,1175.0839072891192,1221.4283954322073,531.3883535592573,0.8516182912064907,0.9626031898046953,0.1679636905010648,0.0,-2.9916367497074804e-13,-5.336658663347744,0.0,,0.0,0.38777268325754705,0.0,24.748907887312438,True
lift_and_cruse,cruise_252,0.872698072711633,0.0,1175.083907288985,1221.4283954315563,531.3883535589747,0.8516182912065248,0.9626031898047,0.16796369050101198,0.0,-2.991636749705886e-13,-5.336658663347744,0.0,,0.0,0.3877726832575028,0.0,24.76046951506426,True
lift_and_cruse,cruise_252,0.872745260488712,0.0,1175.0839072890572,1221.4283954319067,531.3883535590933,0.8516182912065066,0.9626031898046984,0.16796369050103446,0.0,-2.9916367497067443e-13,-5.336658663347744,0.0,,0.0,0.38777268325752656,0.0,24.77717655122686,True
lift_and_cruse,cruise_252,0.8727976439810402,0.0,1175.083907288982,1221.4283954315413,531.3883535590294,0.8516182912065254,0.9626031898046985,0.16796369050102733,0.0,-2.991636749705849e-13,-5.336658663347744,0.0,,0.0,0.3877726832575017,0.0,24.79571996238988,True
lift_and_cruse,cruise_252,0.8728448479975829,0.0,1175.08390728911,1221.4283954321604,531.3883535592087,0.8516182912064931,0.9626031898046965,0.16796369050105917,0.0,-2.991636749707366e-13,-5.336658663347744,0.0,,0.0,0.38777268325754394,0.0,24.812426998552485,True
lift_and_cruse,cruise_252,0.8728775186978265,0.0,1175.0839072889848,1221.4283954315542,531.3883535589808,0.8516182912065247,0.9626031898046999,0.16796369050102394,0.0,-2.991636749705881e-13,-5.336658663347744,0.0,,0.0,0.38777268325750264,0.0,24.823988626304306,True
lift_and_cruse,cruise_252,0.8728891796288286,0.0,1175.083907289153,1221.428395432372,531.3883535592998,0.8516182912064819,0.962603189804695,0.16796369050107043,0.0,-2.9916367497078843e-13,-5.336658663347744,0.0,,0.0,0.3877726832575582,0.0,24.828114923475038,True
lift_and_cruse,cruise_253,0.8728871552982076,0.0,1175.0813563533345,1221.4275228433753,531.3875306786003,0.8516178621199569,0.9626031568438872,0.1679641596517422,0.0,-2.9916346124812403e-13,-5.336658663347744,0.0,,0.0,0.38777184145960575,0.0,24.828114923475038,True
lift_and_cruse,cruise_253,0.872898824209708,0.0,1175.0813639038117,1221.4275595136558,531.3875481228031,0.8516178602085124,0.9626031565309374,0.1679641630070975,0.0,-2.9916347022975235e-13,-5.336658663347744,0.0,,0.0,0.38777184395123104,0.0,24.83224122064577,True
lift_and_cruse,cruise_253,0.8729315010766215,0.0,1175.0813639679775,1221.4275598252186,531.3875482992272,0.8516178601922747,0.9626031565275072,0.1679641630445079,0.0,-2.9916347030606324e-13,-5.336658663347744,0.0,,0.0,0.38777184397240544,0.0,24.843802848397594,True
lift_and_cruse,cruise_253,0.8729787269261771,0.0,1175.0813639610449,1221.4275597915635,531.3875482785679,0.8516178601940284,0.9626031565279215,0.1679641630399739,0.0,-2.991634702978201e-13,-5.336658663347744,0.0,,0.0,0.38777184397011766,0.0,24.860509884560194,True
lift_and_cruse,cruise_253,0.8730311526945445,0.0,1175.0813639619644,1221.42755979603,531.3875482804308,0.8516178601937955,0.9626031565278905,0.16796416304030098,0.0,-2.991634702989141e-13,-5.336658663347744,0.0,,0.0,0.38777184397042114,0.0,24.879053295723217,True
lift_and_cruse,cruise_253,0.8730783948792179,0.0,1175.0813640283536,1221.4275601183922,531.3875484623495,0.851617860176995,0.9626031565243583,0.16796416307882486,0.0,-2.991634703778701e-13,-5.336658663347744,0.0,,0.0,0.38777184399232933,0.0,24.895760331885818,True
lift_and_cruse,cruise_253,0.8731110918801557,0.0,1175.0813639654866,1221.4275598131417,531.3875482880163,0.8516178601929036,0.9626031565277595,0.16796416304168688,0.0,-2.9916347030310525e-13,-5.336658663347744,0.0,,0.0,0.38777184397158343,0.0,24.90732195963764,True
lift_and_cruse,cruise_253,0.8731227622278759,0.0,1175.0813639703267,1221.4275598366435,531.3875483009989,0.8516178601916786,0.9626031565275097,0.16796416304439965,0.0,-2.9916347030886154e-13,-5.336658663347744,0.0,,0.0,0.38777184397318065,0.0,24.91144825680837,True
lift_and_cruse,cruise_254,0.8731207445687941,0.0,1175.0788174752072,1221.4267824691324,531.3867604599081,0.8516174231033286,0.9626031227047459,0.16796464200366756,0.0,-2.991632799087347e-13,-5.336658663347744,0.0,,0.0,0.38777100364063993,0.0,24.91144825680837,True
lift_and_cruse,cruise_254,0.8731324113304899,0.0,1175.0788133779113,1221.4267625682314,531.3867534999664,0.8516174241407393,0.9626031228060199,0.16796464097503006,0.0,-2.9916327503441976e-13,-5.336658663347744,0.0,,0.0,0.3877710022885497,0.0,24.915574553979106,True
lift_and_cruse,cruise_254,0.8731651145034167,0.0,1175.0788133775734,1221.4267625665907,531.3867534993283,0.8516174241408246,0.9626031228060299,0.16796464097492386,0.0,-2.991632750340179e-13,-5.336658663347744,0.0,,0.0,0.38777100228843825,0.0,24.927136181730926,True
lift_and_cruse,cruise_254,0.8732123784805518,0.0,1175.078813377249,1221.426762565014,531.3867534987265,0.851617424140907,0.9626031228060394,0.16796464097483413,0.0,-2.9916327503363176e-13,-5.336658663347744,0.0,,0.0,0.3877710022883311,0.0,24.943843217893527,True
lift_and_cruse,cruise_254,0.8732648465670395,0.0,1175.0788133767412,1221.4267625625473,531.3867534977085,0.8516174241410356,0.9626031228060561,0.1679646409746568,0.0,-2.9916327503302753e-13,-5.336658663347744,0.0,,0.0,0.38777100228816364,0.0,24.96238662905655,True
lift_and_cruse,cruise_254,0.8733121268168516,0.0,1175.0788133763879,1221.426762560831,531.38675349697,0.8516174241411246,0.9626031228060686,0.16796464097451902,0.0,-2.991632750326072e-13,-5.336658663347744,0.0,,0.0,0.387771002288047,0.0,24.97909366521915,True
lift_and_cruse,cruise_254,0.8733448502815331,0.0,1175.0788133760698,1221.426762559287,531.3867534963257,0.8516174241412056,0.9626031228060794,0.1679646409744194,0.0,-2.9916327503222903e-13,-5.336658663347744,0.0,,0.0,0.38777100228794203,0.0,24.990655292970974,True
lift_and_cruse,cruise_254,0.8733565300456984,0.0,1175.078813376085,1221.4267625593584,531.3867534964808,0.8516174241412019,0.9626031228060755,0.16796464097444755,0.0,-2.991632750322465e-13,-5.336658663347744,0.0,,0.0,0.38777100228794703,0.0,24.994781590141706,True
lift_and_cruse,cruise_255,0.8733544918760463,0.0,1175.0762435130368,1221.425946368045,531.3859487772469,0.8516169859963845,0.9626030889367165,0.16796512128169486,0.0,-2.991630751230306e-13,-5.336658663347744,0.0,,0.0,0.38777015424408934,0.0,24.994781590141706,True
lift_and_cruse,cruise_255,0.8733661684820307,0.0,1175.0762398606194,1221.4259286280198,531.3859420383269,0.8516169869211535,0.9626030890416186,0.1679651201957501,0.0,-2.991630707779776e-13,-5.336658663347744,0.0,,0.0,0.3877701530388072,0.0,24.998907887312438,True
lift_and_cruse,cruise_255,0.8733988980642041,0.0,1175.0762398702248,1221.4259286746747,531.385942055856,0.8516169869187216,0.9626030890413482,0.1679651201985418,0.0,-2.9916307078940473e-13,-5.336658663347744,0.0,,0.0,0.38777015304197693,0.0,25.01046951506426,True
lift_and_cruse,cruise_255,0.8734462002043936,0.0,1175.07623987799,1221.4259287123923,531.3859420700087,0.8516169869167554,0.9626030890411299,0.16796512020079968,0.0,-2.991630707986429e-13,-5.336658663347744,0.0,,0.0,0.3877701530445395,0.0,25.02717655122686,True
lift_and_cruse,cruise_255,0.8734987106688714,0.0,1175.07623989771,1221.4259288081735,531.3859421061153,0.8516169869117624,0.962603089040571,0.16796512020656665,0.0,-2.991630708221025e-13,-5.336658663347744,0.0,,0.0,0.3877701530510469,0.0,25.04571996238988,True
lift_and_cruse,cruise_255,0.8735460290994805,0.0,1175.076239906535,1221.4259288510361,531.3859421220762,0.8516169869095275,0.9626030890403264,0.16796512020909335,0.0,-2.9916307083260083e-13,-5.336658663347744,0.0,,0.0,0.3877701530539592,0.0,25.062426998552485,True
lift_and_cruse,cruise_255,0.8735787789933253,0.0,1175.0762399152422,1221.425928893328,531.3859421379642,0.8516169869073229,0.9626030890400812,0.1679651202116384,0.0,-2.9916307084295937e-13,-5.336658663347744,0.0,,0.0,0.3877701530568325,0.0,25.073988626304306,True
lift_and_cruse,cruise_255,0.873590468189036,0.0,1175.0762399166015,1221.4259288999308,531.3859421403893,0.851616986906979,0.9626030890400444,0.1679651202120164,0.0,-2.9916307084457657e-13,-5.336658663347744,0.0,,0.0,0.387770153057281,0.0,25.078114923475038,True
lift_and_cruse,cruise_256,0.8735884216834102,0.0,1175.0736592160088,1221.4251357884566,531.3851422721491,0.8516165444356999,0.9626030548022215,0.16796560515344403,0.0,-2.9916287658829093e-13,-5.336658663347744,0.0,,0.0,0.3877693014370799,0.0,25.078114923475038,True
lift_and_cruse,cruise_256,0.8736001058571035,0.0,1175.073653640724,1221.4251087089347,531.3851327350044,0.8516165458473364,0.9626030549418488,0.16796560373271127,0.0,-2.9916286995572096e-13,-5.336658663347744,0.0,,0.0,0.3877692995972597,0.0,25.08224122064577,True
lift_and_cruse,cruise_256,0.8736328618554612,0.0,1175.0736536401594,1221.4251087061918,531.3851327338465,0.8516165458474789,0.9626030549418682,0.1679656037325048,0.0,-2.991628699550492e-13,-5.336658663347744,0.0,,0.0,0.3877692995970734,0.0,25.093802848397594,True
lift_and_cruse,cruise_256,0.8736802021811848,0.0,1175.0736536397626,1221.4251087042642,531.3851327331384,0.8516165458475794,0.9626030549418789,0.16796560373240055,0.0,-2.99162869954577e-13,-5.336658663347744,0.0,,0.0,0.38776929959694245,0.0,25.110509884560194,True
lift_and_cruse,cruise_256,0.8737327550266041,0.0,1175.0736536390436,1221.4251087007738,531.385132731789,0.8516165458477616,0.9626030549419002,0.16796560373217292,0.0,-2.991628699537221e-13,-5.336658663347744,0.0,,0.0,0.3877692995967052,0.0,25.129053295723217,True
lift_and_cruse,cruise_256,0.8737801116580005,0.0,1175.073653638233,1221.4251086968338,531.385132730154,0.851616545847967,0.9626030549419273,0.16796560373189187,0.0,-2.991628699527571e-13,-5.336658663347744,0.0,,0.0,0.3877692995964377,0.0,25.145760331885818,True
lift_and_cruse,cruise_256,0.8738128879899822,0.0,1175.073653637948,1221.4251086954507,531.3851327296466,0.851616545848039,0.962603054941935,0.16796560373181935,0.0,-2.9916286995241834e-13,-5.336658663347744,0.0,,0.0,0.3877692995963436,0.0,25.15732195963764,True
lift_and_cruse,cruise_256,0.8738245866239291,0.0,1175.0736536378017,1221.4251086947409,531.3851327293427,0.851616545848076,0.9626030549419401,0.16796560373175629,0.0,-2.9916286995224447e-13,-5.336658663347744,0.0,,0.0,0.3877692995962953,0.0,25.16144825680837,True
lift_and_cruse,cruise_257,0.8738225141745716,0.0,1175.0710439402555,1221.4242515267572,531.3843057749726,0.8516161035487417,0.9626030208143249,0.16796608840383706,0.0,-2.9916266000663896e-13,-5.336658663347744,0.0,,0.0,0.3877684384072231,0.0,25.16144825680837,True
lift_and_cruse,cruise_257,0.8738342166820572,0.0,1175.0710475195692,1221.424268911558,531.3843125768154,0.851616102642486,0.9626030207061118,0.16796608953058462,0.0,-2.9916266426468713e-13,-5.336658663347744,0.0,,0.0,0.3877684395883813,0.0,25.165574553979106,True
lift_and_cruse,cruise_257,0.8738669991383557,0.0,1175.0710475260412,1221.424268942993,531.3843125885309,0.8516161026408474,0.9626030207059322,0.1679660895324312,0.0,-2.9916266427238646e-13,-5.336658663347744,0.0,,0.0,0.38776843959051704,0.0,25.177136181730926,True
lift_and_cruse,cruise_257,0.8739143776971372,0.0,1175.071047529167,1221.4242689581733,531.384312594071,0.8516161026400562,0.9626030207058487,0.167966089533298,0.0,-2.991626642761046e-13,-5.336658663347744,0.0,,0.0,0.3877684395915485,0.0,25.193843217893527,True
lift_and_cruse,cruise_257,0.8739669729890229,0.0,1175.0710475340948,1221.4242689821099,531.3843126030362,0.8516161026388082,0.9626030207057106,0.1679660895347239,0.0,-2.9916266428196735e-13,-5.336658663347744,0.0,,0.0,0.3877684395931747,0.0,25.21238662905655,True
lift_and_cruse,cruise_257,0.8740143678737379,0.0,1175.0710475404467,1221.4242690129606,531.384312614396,0.8516161026372002,0.9626030207055379,0.16796608953650966,0.0,-2.991626642895236e-13,-5.336658663347744,0.0,,0.0,0.3877684395952708,0.0,25.22909366521915,True
lift_and_cruse,cruise_257,0.8740471706822781,0.0,1175.071047544908,1221.424269034628,531.3843126225254,0.8516161026360707,0.9626030207054126,0.1679660895377906,0.0,-2.9916266429483055e-13,-5.336658663347744,0.0,,0.0,0.38776843959674306,0.0,25.240655292970974,True
lift_and_cruse,cruise_257,0.8740588787657741,0.0,1175.0710475456926,1221.424269038439,531.3843126239173,0.851616102635872,0.9626030207053916,0.1679660895380118,0.0,-2.9916266429576396e-13,-5.336658663347744,0.0,,0.0,0.38776843959700186,0.0,25.244781590141706,True
lift_and_cruse,cruise_258,0.8740567971909796,0.0,1175.0684261197878,1221.4234327764846,531.3834904597027,0.8516156560345433,0.9626029861916013,0.1679665790798222,0.0,-2.9916245947065883e-13,-5.336658663347744,0.0,,0.0,0.38776757453762123,0.0,25.244781590141706,True
lift_and_cruse,cruise_258,0.8740685056639245,0.0,1175.0684261198026,1221.4234327765578,531.383490459715,0.8516156560345394,0.9626029861916013,0.16796657907983,0.0,-2.9916245947067675e-13,-5.336658663347744,0.0,,0.0,0.38776757453762617,0.0,25.248907887312438,True
lift_and_cruse,cruise_258,0.8741013145910876,0.0,1175.0684261198132,1221.4234327766103,531.3834904597848,0.8516156560345366,0.9626029861915997,0.1679665790798424,0.0,-2.9916245947068963e-13,-5.336658663347744,0.0,,0.0,0.3877675745376297,0.0,25.26046951506426,True
lift_and_cruse,cruise_258,0.8741487314140698,0.0,1175.0684261197591,1221.423432776346,531.3834904596298,0.85161565603455,0.9626029861916028,0.16796657907981535,0.0,-2.991624594706249e-13,-5.336658663347744,0.0,,0.0,0.38776757453761185,0.0,25.27717655122686,True
lift_and_cruse,cruise_258,0.8742013691839376,0.0,1175.0684261197669,1221.4234327763832,531.383490459645,0.8516156560345486,0.9626029861916024,0.16796657907981674,0.0,-2.99162459470634e-13,-5.336658663347744,0.0,,0.0,0.38776757453761435,0.0,25.29571996238988,True
lift_and_cruse,cruise_258,0.8742488023465081,0.0,1175.0684261197766,1221.4234327764323,531.3834904596814,0.8516156560345458,0.9626029861916017,0.1679665790798233,0.0,-2.99162459470646e-13,-5.336658663347744,0.0,,0.0,0.38776757453761757,0.0,25.312426998552485,True
lift_and_cruse,cruise_258,0.8742816316487074,0.0,1175.068426119774,1221.4234327764175,531.3834904596814,0.8516156560345464,0.9626029861916016,0.16796657907982418,0.0,-2.991624594706424e-13,-5.336658663347744,0.0,,0.0,0.38776757453761673,0.0,25.323988626304306,True
lift_and_cruse,cruise_258,0.874293349189395,0.0,1175.06842611978,1221.423432776448,531.3834904596814,0.8516156560345451,0.9626029861916017,0.1679665790798288,0.0,-2.9916245947064984e-13,-5.336658663347744,0.0,,0.0,0.38776757453761873,0.0,25.328114923475038,True
lift_and_cruse,cruise_259,0.8742912463755971,0.0,1175.0657804874647,1221.422557926413,531.3826501453276,0.8516152081867278,0.962602951647766,0.16796706980744974,0.0,-2.9916224519419085e-13,-5.336658663347744,0.0,,0.0,0.3877667014902257,0.0,25.328114923475038,True
lift_and_cruse,cruise_259,0.8743029689424965,0.0,1175.0657852465724,1221.4225810413677,531.3826591935217,0.8516152069817551,0.9626029515037648,0.16796707130698288,0.0,-2.991622508557219e-13,-5.336658663347744,0.0,,0.0,0.387766703060711,0.0,25.33224122064577,True
lift_and_cruse,cruise_259,0.8743358043776084,0.0,1175.065785252313,1221.4225810692503,531.382659203906,0.8516152069803015,0.9626029515036056,0.16796707130861954,0.0,-2.991622508625512e-13,-5.336658663347744,0.0,,0.0,0.38776670306260536,0.0,25.343802848397594,True
lift_and_cruse,cruise_259,0.8743832595118507,0.0,1175.065785259968,1221.42258110643,531.3826592176637,0.8516152069783633,0.9626029515033957,0.1679670713107824,0.0,-2.9916225087165757e-13,-5.336658663347744,0.0,,0.0,0.38776670306513145,0.0,25.360509884560194,True
lift_and_cruse,cruise_259,0.874435939812652,0.0,1175.0657852678664,1221.4225811447927,531.3826592318377,0.8516152069763635,0.9626029515031799,0.16796707131301578,0.0,-2.991622508810537e-13,-5.336658663347744,0.0,,0.0,0.38776670306773786,0.0,25.379053295723217,True
lift_and_cruse,cruise_259,0.8744834113052884,0.0,1175.0657852776885,1221.4225811924969,531.3826592496341,0.8516152069738767,0.9626029515029068,0.16796707131583163,0.0,-2.991622508927379e-13,-5.336658663347744,0.0,,0.0,0.38776670307097916,0.0,25.395760331885818,True
lift_and_cruse,cruise_259,0.8745162671331749,0.0,1175.0657852801783,1221.4225812045895,531.3826592540651,0.8516152069732464,0.9626029515028397,0.16796707131651903,0.0,-2.9916225089569973e-13,-5.336658663347744,0.0,,0.0,0.38776670307180067,0.0,25.40732195963764,True
lift_and_cruse,cruise_259,0.874527994146377,0.0,1175.0657852858776,1221.422581232271,531.3826592644189,0.8516152069718034,0.9626029515026804,0.16796707131815264,0.0,-2.9916225090247974e-13,-5.336658663347744,0.0,,0.0,0.3877667030736815,0.0,25.41144825680837,True
lift_and_cruse,cruise_260,0.8745258834165148,0.0,1175.0631290922909,1221.421735205235,531.3818266155392,0.8516147543164789,0.9626029165193963,0.16796756749085054,0.0,-2.9916204368561944e-13,-5.336658663347744,0.0,,0.0,0.3877658265411139,0.0,25.41144825680837,True
lift_and_cruse,cruise_260,0.8745376108141463,0.0,1175.0631290923159,1221.4217352053581,531.3818266156183,0.8516147543164726,0.9626029165193948,0.1679675674908708,0.0,-2.991620436856496e-13,-5.336658663347744,0.0,,0.0,0.3877658265411221,0.0,25.415574553979106,True
lift_and_cruse,cruise_260,0.8745704727721875,0.0,1175.0631290922895,1221.4217352052297,531.3818266155574,0.851614754316479,0.9626029165193959,0.16796756749085123,0.0,-2.991620436856181e-13,-5.336658663347744,0.0,,0.0,0.3877658265411135,0.0,25.427136181730926,True
lift_and_cruse,cruise_260,0.8746179662405543,0.0,1175.0631290922852,1221.4217352052092,531.3818266156243,0.8516147543164801,0.9626029165193939,0.16796756749086872,0.0,-2.991620436856131e-13,-5.336658663347744,0.0,,0.0,0.3877658265411121,0.0,25.443843217893527,True
lift_and_cruse,cruise_260,0.8746706890989091,0.0,1175.0631290922897,1221.4217352052322,531.3818266155453,0.851614754316479,0.9626029165193962,0.16796756749085368,0.0,-2.9916204368561873e-13,-5.336658663347744,0.0,,0.0,0.3877658265411135,0.0,25.46238662905655,True
lift_and_cruse,cruise_260,0.8747181989403533,0.0,1175.0631290923302,1221.421735205429,531.3818266156213,0.8516147543164687,0.9626029165193949,0.16796756749087025,0.0,-2.9916204368566694e-13,-5.336658663347744,0.0,,0.0,0.3877658265411269,0.0,25.47909366521915,True
lift_and_cruse,cruise_260,0.8747510813152292,0.0,1175.0631290922956,1221.421735205258,531.3818266155332,0.8516147543164776,0.9626029165193967,0.16796756749083847,0.0,-2.9916204368562504e-13,-5.336658663347744,0.0,,0.0,0.3877658265411155,0.0,25.490655292970974,True
lift_and_cruse,cruise_260,0.8747628177991811,0.0,1175.0631290922913,1221.4217352052394,531.3818266155301,0.8516147543164786,0.9626029165193967,0.16796756749085145,0.0,-2.991620436856205e-13,-5.336658663347744,0.0,,0.0,0.3877658265411141,0.0,25.494781590141706,True
lift_and_cruse,cruise_261,0.8747606909218236,0.0,1175.060453850125,1221.4208779401838,531.380986319152,0.8516142988940659,0.9626028813309488,0.16796806669472866,0.0,-2.991618337162392e-13,-5.336658663347744,0.0,,0.0,0.3877649437225964,0.0,25.494781590141706,True
lift_and_cruse,cruise_261,0.8747724277955083,0.0,1175.060453850126,1221.420877940189,531.3809863191277,0.8516142988940659,0.9626028813309495,0.16796806669472852,0.0,-2.991618337162405e-13,-5.336658663347744,0.0,,0.0,0.3877649437225967,0.0,25.498907887312438,True
lift_and_cruse,cruise_261,0.8748053163075448,0.0,1175.060453850126,1221.420877940189,531.380986319149,0.8516142988940659,0.9626028813309488,0.167968066694735,0.0,-2.991618337162405e-13,-5.336658663347744,0.0,,0.0,0.3877649437225967,0.0,25.51046951506426,True
lift_and_cruse,cruise_261,0.8748528481542327,0.0,1175.0604538501204,1221.4208779401615,531.3809863191915,0.8516142988940674,0.9626028813309476,0.16796806669474817,0.0,-2.9916183371623375e-13,-5.336658663347744,0.0,,0.0,0.38776494372259485,0.0,25.52717655122686,True
lift_and_cruse,cruise_261,0.8749056136186273,0.0,1175.0604538501202,1221.4208779401588,531.3809863192037,0.8516142988940675,0.9626028813309474,0.16796806669474523,0.0,-2.991618337162331e-13,-5.336658663347744,0.0,,0.0,0.38776494372259473,0.0,25.54571996238988,True
lift_and_cruse,cruise_261,0.8749531618551403,0.0,1175.0604538501223,1221.4208779401702,531.3809863191764,0.8516142988940667,0.9626028813309482,0.16796806669473105,0.0,-2.9916183371623587e-13,-5.336658663347744,0.0,,0.0,0.3877649437225955,0.0,25.562426998552485,True
lift_and_cruse,cruise_261,0.8749860708049324,0.0,1175.060453850107,1221.4208779400967,531.3809863191034,0.8516142988940708,0.9626028813309497,0.16796806669471878,0.0,-2.991618337162179e-13,-5.336658663347744,0.0,,0.0,0.3877649437225904,0.0,25.573988626304306,True
lift_and_cruse,cruise_261,0.8749978167742983,0.0,1175.0604538501204,1221.4208779401615,531.3809863191793,0.8516142988940674,0.962602881330948,0.16796806669472783,0.0,-2.9916183371623375e-13,-5.336658663347744,0.0,,0.0,0.38776494372259485,0.0,25.578114923475038,True
lift_and_cruse,cruise_262,0.8749956746444836,0.0,1175.0577604421549,1221.4200149127364,531.3801403314583,0.8516138403700969,0.9626028459030246,0.16796856929582452,0.0,-2.99161622335479e-13,-5.336658663347744,0.0,,0.0,0.38776405490944077,0.0,25.578114923475038,True
lift_and_cruse,cruise_262,0.8750074210034031,0.0,1175.057760442145,1221.420014912688,531.3801403314612,0.8516138403700997,0.9626028459030243,0.16796856929582393,0.0,-2.9916162233546716e-13,-5.336658663347744,0.0,,0.0,0.3877640549094376,0.0,25.58224122064577,True
lift_and_cruse,cruise_262,0.8750403360950894,0.0,1175.0577604421471,1221.4200149126982,531.3801403315099,0.8516138403700986,0.962602845903023,0.16796856929583157,0.0,-2.9916162233546963e-13,-5.336658663347744,0.0,,0.0,0.38776405490943827,0.0,25.593802848397594,True
lift_and_cruse,cruise_262,0.8750879063572228,0.0,1175.0577604421537,1221.4200149127312,531.3801403315039,0.8516138403700972,0.9626028459030233,0.16796856929583212,0.0,-2.991616223354777e-13,-5.336658663347744,0.0,,0.0,0.38776405490944044,0.0,25.610509884560194,True
lift_and_cruse,cruise_262,0.8751407144688538,0.0,1175.0577604421494,1221.4200149127096,531.3801403314643,0.8516138403700985,0.9626028459030243,0.16796856929582932,0.0,-2.9916162233547246e-13,-5.336658663347744,0.0,,0.0,0.38776405490943905,0.0,25.629053295723217,True
lift_and_cruse,cruise_262,0.875188301137598,0.0,1175.057760442141,1221.4200149126689,531.3801403314461,0.8516138403701002,0.9626028459030246,0.16796856929581555,0.0,-2.9916162233546246e-13,-5.336658663347744,0.0,,0.0,0.3877640549094363,0.0,25.645760331885818,True
lift_and_cruse,cruise_262,0.8752212366880178,0.0,1175.0577604421533,1221.4200149127287,531.380140331443,0.8516138403700975,0.9626028459030249,0.16796856929582674,0.0,-2.991616223354771e-13,-5.336658663347744,0.0,,0.0,0.38776405490944027,0.0,25.65732195963764,True
lift_and_cruse,cruise_262,0.8752329921519331,0.0,1175.0577604421478,1221.420014912702,531.3801403314795,0.8516138403700988,0.9626028459030238,0.16796856929582205,0.0,-2.991616223354706e-13,-5.336658663347744,0.0,,0.0,0.38776405490943844,0.0,25.66144825680837,True
lift_and_cruse,cruise_263,0.8752308345453877,0.0,1175.0550486008735,1221.4191460384432,531.3792885686782,0.8516133786988391,0.9626028102320955,0.16796907534417635,0.0,-2.991614095226546e-13,-5.336658663347744,0.0,,0.0,0.38776316001337113,0.0,25.66144825680837,True
lift_and_cruse,cruise_263,0.8752425903987239,0.0,1175.055048600869,1221.419146038421,531.3792885687603,0.8516133786988404,0.9626028102320932,0.1679690753441944,0.0,-2.991614095226492e-13,-5.336658663347744,0.0,,0.0,0.3877631600133696,0.0,25.665574553979102,True
lift_and_cruse,cruise_263,0.8752755320957305,0.0,1175.0550486008688,1221.4191460384213,531.3792885686782,0.8516133786988401,0.9626028102320954,0.16796907534417455,0.0,-2.9916140952264923e-13,-5.336658663347744,0.0,,0.0,0.3877631600133695,0.0,25.677136181730926,True
lift_and_cruse,cruise_263,0.8753231408104154,0.0,1175.055048600867,1221.4191460384116,531.3792885687147,0.851613378698841,0.9626028102320944,0.16796907534418623,0.0,-2.9916140952264686e-13,-5.336658663347744,0.0,,0.0,0.3877631600133689,0.0,25.693843217893527,True
lift_and_cruse,cruise_263,0.875375991610498,0.0,1175.0550486008624,1221.419146038389,531.3792885686875,0.8516133786988419,0.962602810232095,0.16796907534417643,0.0,-2.9916140952264135e-13,-5.336658663347744,0.0,,0.0,0.3877631600133674,0.0,25.71238662905655,True
lift_and_cruse,cruise_263,0.8754236167486306,0.0,1175.0550486008658,1221.4191460384063,531.3792885686753,0.8516133786988412,0.9626028102320954,0.16796907534417793,0.0,-2.991614095226456e-13,-5.336658663347744,0.0,,0.0,0.3877631600133685,0.0,25.72909366521915,True
lift_and_cruse,cruise_263,0.8754565789253453,0.0,1175.055048600866,1221.4191460384077,531.3792885687117,0.851613378698841,0.9626028102320944,0.16796907534418284,0.0,-2.991614095226459e-13,-5.336658663347744,0.0,,0.0,0.3877631600133686,0.0,25.740655292970974,True
lift_and_cruse,cruise_263,0.8754683438930027,0.0,1175.055048600864,1221.419146038396,531.3792885686782,0.8516133786988415,0.9626028102320953,0.16796907534416727,0.0,-2.9916140952264307e-13,-5.336658663347744,0.0,,0.0,0.3877631600133679,0.0,25.744781590141706,True
lift_and_cruse,cruise_264,0.8754661705803195,0.0,1175.0523180526377,1221.4182712307443,531.3784309452,0.8516129138335272,0.9626027743145501,0.1679695848910158,0.0,-2.9916119525656493e-13,-5.336658663347744,0.0,,0.0,0.38776225894408606,0.0,25.744781590141706,True
lift_and_cruse,cruise_264,0.8754779359372055,0.0,1175.052318052614,1221.418271230631,531.3784309451422,0.8516129138335333,0.9626027743145511,0.16796958489100772,0.0,-2.991611952565372e-13,-5.336658663347744,0.0,,0.0,0.3877622589440783,0.0,25.748907887312438,True
lift_and_cruse,cruise_264,0.8755109042652318,0.0,1175.0523180526166,1221.418271230644,531.37843094513,0.8516129138335327,0.9626027743145515,0.16796958489099897,0.0,-2.991611952565404e-13,-5.336658663347744,0.0,,0.0,0.3877622589440791,0.0,25.76046951506426,True
lift_and_cruse,cruise_264,0.8755585514695948,0.0,1175.052318052613,1221.4182712306256,531.3784309451635,0.8516129138335339,0.9626027743145505,0.16796958489101285,0.0,-2.9916119525653585e-13,-5.336658663347744,0.0,,0.0,0.38776225894407795,0.0,25.77717655122686,True
lift_and_cruse,cruise_264,0.8756114449993553,0.0,1175.0523180526213,1221.4182712306663,531.3784309451605,0.8516129138335314,0.9626027743145509,0.1679695848910137,0.0,-2.9916119525654585e-13,-5.336658663347744,0.0,,0.0,0.3877622589440807,0.0,25.79571996238988,True
lift_and_cruse,cruise_264,0.8756591086439948,0.0,1175.0523180526113,1221.4182712306188,531.3784309451484,0.851612913833534,0.9626027743145509,0.16796958489101257,0.0,-2.991611952565342e-13,-5.336658663347744,0.0,,0.0,0.3877622589440774,0.0,25.812426998552485,True
lift_and_cruse,cruise_264,0.8756920974727231,0.0,1175.052318052615,1221.4182712306351,531.3784309451635,0.8516129138335332,0.9626027743145505,0.16796958489100614,0.0,-2.991611952565382e-13,-5.336658663347744,0.0,,0.0,0.3877622589440786,0.0,25.823988626304306,True
lift_and_cruse,cruise_264,0.8757038719533047,0.0,1175.0523180526154,1221.4182712306383,531.3784309451878,0.8516129138335329,0.96260277431455,0.167969584891018,0.0,-2.99161195256539e-13,-5.336658663347744,0.0,,0.0,0.3877622589440788,0.0,25.828114923475038,True
lift_and_cruse,cruise_265,0.8757016826998861,0.0,1175.0495685175956,1221.417390401482,531.3775673733779,0.8516124457263012,0.9626027381466975,0.1679700979887261,0.0,-2.991609795156176e-13,-5.336658663347744,0.0,,0.0,0.38776135160923586,0.0,25.828114923475038,True
lift_and_cruse,cruise_265,0.875713457569509,0.0,1175.0495685175633,1221.4173904013235,531.3775673733992,0.8516124457263096,0.9626027381466962,0.16797009798872822,0.0,-2.991609795155788e-13,-5.336658663347744,0.0,,0.0,0.38776135160922526,0.0,25.83224122064577,True
lift_and_cruse,cruise_265,0.8757464525542358,0.0,1175.0495685175704,1221.417390401359,531.3775673732958,0.8516124457263081,0.962602738146699,0.16797009798872128,0.0,-2.9916097951558746e-13,-5.336658663347744,0.0,,0.0,0.38776135160922753,0.0,25.84380284839759,True
lift_and_cruse,cruise_265,0.8757941382854059,0.0,1175.049568517568,1221.4173904013473,531.3775673733262,0.8516124457263082,0.9626027381466983,0.1679700979887211,0.0,-2.9916097951558464e-13,-5.336658663347744,0.0,,0.0,0.3877613516092268,0.0,25.860509884560194,True
lift_and_cruse,cruise_265,0.875847074586036,0.0,1175.0495685175595,1221.4173904013055,531.3775673733596,0.8516124457263105,0.9626027381466972,0.16797009798872137,0.0,-2.991609795155744e-13,-5.336658663347744,0.0,,0.0,0.3877613516092239,0.0,25.879053295723217,True
lift_and_cruse,cruise_265,0.8758947767743487,0.0,1175.049568517559,1221.4173904013037,531.377567373387,0.8516124457263107,0.9626027381466964,0.16797009798872886,0.0,-2.9916097951557393e-13,-5.336658663347744,0.0,,0.0,0.38776135160922376,0.0,25.895760331885818,True
lift_and_cruse,cruise_265,0.8759277922807954,0.0,1175.049568517561,1221.4173904013114,531.3775673733688,0.8516124457263105,0.962602738146697,0.16797009798871917,0.0,-2.9916097951557585e-13,-5.336658663347744,0.0,,0.0,0.38776135160922454,0.0,25.90732195963764,True
lift_and_cruse,cruise_265,0.8759395762834647,0.0,1175.0495685175572,1221.4173904012928,531.3775673733232,0.8516124457263113,0.9626027381466981,0.16797009798872464,0.0,-2.9916097951557126e-13,-5.336658663347744,0.0,,0.0,0.3877613516092232,0.0,25.91144825680837,True
lift_and_cruse,cruise_266,0.875937370849194,0.0,1175.0467997093035,1221.4165034599168,531.3766977636736,0.851611974328219,0.9626027017247549,0.16797061469093422,0.0,-2.991607622775878e-13,-5.336658663347744,0.0,,0.0,0.3877604379142953,0.0,25.91144825680837,True
lift_and_cruse,cruise_266,0.8759491552407092,0.0,1175.0467997092621,1221.4165034597163,531.3766977635551,0.8516119743282295,0.9626027017247573,0.16797061469091332,0.0,-2.9916076227753875e-13,-5.336658663347744,0.0,,0.0,0.3877604379142816,0.0,25.915574553979102,True
lift_and_cruse,cruise_266,0.8759821769078322,0.0,1175.0467997092665,1221.416503459738,531.376697763619,0.8516119743282285,0.9626027017247556,0.16797061469092311,0.0,-2.99160762277544e-13,-5.336658663347744,0.0,,0.0,0.38776043791428305,0.0,25.927136181730926,True
lift_and_cruse,cruise_266,0.8760299012029286,0.0,1175.0467997092585,1221.416503459698,531.3766977635732,0.8516119743282303,0.9626027017247566,0.16797061469091482,0.0,-2.9916076227753425e-13,-5.336658663347744,0.0,,0.0,0.38776043791428044,0.0,25.943843217893527,True
lift_and_cruse,cruise_266,0.8760828803156646,0.0,1175.0467997092583,1221.4165034596983,531.3766977635369,0.8516119743282307,0.9626027017247577,0.16797061469090693,0.0,-2.991607622775343e-13,-5.336658663347744,0.0,,0.0,0.38776043791428033,0.0,25.96238662905655,True
lift_and_cruse,cruise_266,0.8761306210847823,0.0,1175.0467997092524,1221.4165034596697,531.3766977635642,0.851611974328232,0.9626027017247568,0.1679706146909048,0.0,-2.991607622775273e-13,-5.336658663347744,0.0,,0.0,0.38776043791427844,0.0,25.97909366521915,True
lift_and_cruse,cruise_266,0.8761636632946633,0.0,1175.046799709253,1221.416503459674,531.3766977635854,0.8516119743282315,0.9626027017247563,0.1679706146909131,0.0,-2.9916076227752835e-13,-5.336658663347744,0.0,,0.0,0.3877604379142786,0.0,25.990655292970974,True
lift_and_cruse,cruise_266,0.8761754568286176,0.0,1175.0467997092614,1221.4165034597122,531.3766977635672,0.8516119743282297,0.9626027017247568,0.1679706146909159,0.0,-2.9916076227753774e-13,-5.336658663347744,0.0,,0.0,0.38776043791428144,0.0,25.994781590141706,True
lift_and_cruse,cruise_267,0.8761732349678152,0.0,1175.0440113347029,1221.4156103135738,531.3758220242327,0.8516114995891755,0.9626026650448594,0.16797113505244748,0.0,-2.991605435198258e-13,-5.336658663347744,0.0,,0.0,0.38775951776255624,0.0,25.994781590141706,True
lift_and_cruse,cruise_267,0.8761850288903997,0.0,1175.0440113346517,1221.4156103133234,531.3758220241597,0.8516114995891887,0.9626026650448601,0.16797113505245534,0.0,-2.9916054351976447e-13,-5.336658663347744,0.0,,0.0,0.38775951776253936,0.0,25.998907887312438,True
lift_and_cruse,cruise_267,0.876218077265599,0.0,1175.044011334656,1221.4156103133453,531.3758220241506,0.8516114995891874,0.9626026650448606,0.16797113505245173,0.0,-2.991605435197698e-13,-5.336658663347744,0.0,,0.0,0.38775951776254075,0.0,26.01046951506426,True
lift_and_cruse,cruise_267,0.8762658401617628,0.0,1175.0440113346508,1221.415610313321,531.3758220241019,0.851611499589189,0.9626026650448618,0.16797113505244401,0.0,-2.9916054351976386e-13,-5.336658663347744,0.0,,0.0,0.3877595177625391,0.0,26.02717655122686,True
lift_and_cruse,cruise_267,0.8763188621278208,0.0,1175.0440113346467,1221.4156103132996,531.3758220240959,0.8516114995891899,0.9626026650448618,0.16797113505243813,0.0,-2.9916054351975866e-13,-5.336658663347744,0.0,,0.0,0.38775951776253775,0.0,26.04571996238988,True
lift_and_cruse,cruise_267,0.8763666415148943,0.0,1175.0440113346385,1221.41561031326,531.3758220241111,0.8516114995891918,0.9626026650448612,0.1679711350524309,0.0,-2.9916054351974897e-13,-5.336658663347744,0.0,,0.0,0.387759517762535,0.0,26.062426998552485,True
lift_and_cruse,cruise_267,0.8763997104539227,0.0,1175.0440113346417,1221.4156103132764,531.3758220241415,0.8516114995891915,0.9626026650448605,0.16797113505243583,0.0,-2.9916054351975295e-13,-5.336658663347744,0.0,,0.0,0.3877595177625361,0.0,26.073988626304306,True
lift_and_cruse,cruise_267,0.8764115135283205,0.0,1175.0440113346444,1221.4156103132893,531.3758220240868,0.8516114995891908,0.962602665044862,0.16797113505243647,0.0,-2.9916054351975613e-13,-5.336658663347744,0.0,,0.0,0.387759517762537,0.0,26.078114923475038,True
lift_and_cruse,cruise_268,0.8764092749895143,0.0,1175.0412030937796,1221.4147108675136,531.3749400612254,0.8516110214579009,0.9626026281030502,0.16797165912947443,0.0,-2.9916032321907807e-13,-5.336658663347744,0.0,,0.0,0.38775859105501537,0.0,26.078114923475038,True
lift_and_cruse,cruise_268,0.8764210784523943,0.0,1175.0412030937878,1221.4147108675536,531.3749400611524,0.8516110214578989,0.9626026281030523,0.16797165912947026,0.0,-2.9916032321908786e-13,-5.336658663347744,0.0,,0.0,0.38775859105501803,0.0,26.08224122064577,True
lift_and_cruse,cruise_268,0.8764541535613495,0.0,1175.0412030937748,1221.414710867491,531.3749400611616,0.8516110214579022,0.9626026281030519,0.16797165912945522,0.0,-2.9916032321907256e-13,-5.336658663347744,0.0,,0.0,0.38775859105501376,0.0,26.09380284839759,True
lift_and_cruse,cruise_268,0.8765019550957238,0.0,1175.0412030937823,1221.4147108675263,531.374940061192,0.8516110214579002,0.9626026281030512,0.1679716591294621,0.0,-2.991603232190812e-13,-5.336658663347744,0.0,,0.0,0.38775859105501626,0.0,26.110509884560194,True
lift_and_cruse,cruise_268,0.8765550199563239,0.0,1175.0412030937728,1221.4147108674806,531.3749400612102,0.8516110214579026,0.9626026281030504,0.16797165912947143,0.0,-2.9916032321907e-13,-5.336658663347744,0.0,,0.0,0.38775859105501315,0.0,26.129053295723217,True
lift_and_cruse,cruise_268,0.8766028379984961,0.0,1175.0412030937593,1221.414710867416,531.3749400611586,0.8516110214579059,0.9626026281030516,0.16797165912946485,0.0,-2.991603232190542e-13,-5.336658663347744,0.0,,0.0,0.3877585910550087,0.0,26.145760331885818,True
lift_and_cruse,cruise_268,0.8766359336924001,0.0,1175.0412030937823,1221.4147108675263,531.3749400612011,0.8516110214579002,0.962602628103051,0.16797165912947107,0.0,-2.991603232190812e-13,-5.336658663347744,0.0,,0.0,0.38775859105501626,0.0,26.15732195963764,True
lift_and_cruse,cruise_268,0.8766477463164208,0.0,1175.041203093778,1221.4147108675072,531.3749400611586,0.8516110214579014,0.9626026281030521,0.16797165912947015,0.0,-2.991603232190765e-13,-5.336658663347744,0.0,,0.0,0.38775859105501487,0.0,26.16144825680837,True
lift_and_cruse,cruise_269,0.8766454908422306,0.0,1175.0383746795496,1221.413805025304,531.3740517786401,0.8516105398818674,0.9626025908952751,0.1679721869794756,0.0,-2.991601013517256e-13,-5.336658663347744,0.0,,0.0,0.38775765769036924,0.0,26.16144825680837,True
lift_and_cruse,cruise_269,0.876657303854467,0.0,1175.0383746794994,1221.413805025058,531.3740517785186,0.8516105398818803,0.9626025908952776,0.16797218697946392,0.0,-2.9916010135166534e-13,-5.336658663347744,0.0,,0.0,0.38775765769035264,0.0,26.165574553979102,True
lift_and_cruse,cruise_269,0.8766904057228895,0.0,1175.0383746794996,1221.4138050250615,531.3740517784456,0.8516105398818801,0.9626025908952796,0.16797218697944102,0.0,-2.991601013516662e-13,-5.336658663347744,0.0,,0.0,0.3877576576903527,0.0,26.177136181730926,True
lift_and_cruse,cruise_269,0.8767382459325795,0.0,1175.0383746794907,1221.4138050250176,531.3740517785611,0.8516105398818824,0.9626025908952762,0.16797218697946267,0.0,-2.9916010135165545e-13,-5.336658663347744,0.0,,0.0,0.38775765769034976,0.0,26.193843217893527,True
lift_and_cruse,cruise_269,0.876791353728951,0.0,1175.038374679492,1221.4138050250244,531.3740517784912,0.8516105398818822,0.9626025908952781,0.16797218697945948,0.0,-2.991601013516571e-13,-5.336658663347744,0.0,,0.0,0.38775765769035025,0.0,26.21238662905655,True
lift_and_cruse,cruise_269,0.8768392104634001,0.0,1175.038374679497,1221.4138050250488,531.374051778552,0.8516105398818811,0.9626025908952766,0.16797218697946528,0.0,-2.9916010135166307e-13,-5.336658663347744,0.0,,0.0,0.38775765769035186,0.0,26.22909366521915,True
lift_and_cruse,cruise_269,0.8768723329378443,0.0,1175.0383746794942,1221.4138050250338,531.3740517784547,0.8516105398818815,0.9626025908952792,0.16797218697944977,0.0,-2.991601013516594e-13,-5.336658663347744,0.0,,0.0,0.38775765769035087,0.0,26.240655292970974,True
lift_and_cruse,cruise_269,0.8768841551206741,0.0,1175.0383746794882,1221.4138050250049,531.3740517785125,0.8516105398818832,0.9626025908952773,0.16797218697944816,0.0,-2.991601013516523e-13,-5.336658663347744,0.0,,0.0,0.38775765769034903,0.0,26.244781590141706,True
lift_and_cruse,cruise_270,0.8768818824475586,0.0,1175.0355257774766,1221.4128926872036,531.3731570779458,0.8516100548073419,0.9626025534173863,0.1679727186613019,0.0,-2.991598778933387e-13,-5.336658663347744,0.0,,0.0,0.3877567175648221,0.0,26.244781590141706,True
lift_and_cruse,cruise_270,0.8768937050183989,0.0,1175.0355257774515,1221.412892687082,531.3731570778941,0.8516100548073482,0.9626025534173873,0.16797271866130004,0.0,-2.991598778933089e-13,-5.336658663347744,0.0,,0.0,0.38775671756481384,0.0,26.248907887312438,True
lift_and_cruse,cruise_270,0.8769268336719672,0.0,1175.0355257774468,1221.4128926870592,531.3731570778547,0.8516100548073495,0.9626025534173882,0.1679727186612977,0.0,-2.9915987789330334e-13,-5.336658663347744,0.0,,0.0,0.38775671756481234,0.0,26.26046951506426,True
lift_and_cruse,cruise_270,0.8769747125941129,0.0,1175.0355257774474,1221.412892687063,531.3731570778425,0.8516100548073492,0.9626025534173885,0.16797271866128619,0.0,-2.991598778933043e-13,-5.336658663347744,0.0,,0.0,0.3877567175648125,0.0,26.27717655122686,True
lift_and_cruse,cruise_270,0.8770278633674765,0.0,1175.0355257774506,1221.412892687078,531.3731570778607,0.8516100548073486,0.9626025534173881,0.16797271866130564,0.0,-2.9915987789330793e-13,-5.336658663347744,0.0,,0.0,0.3877567175648136,0.0,26.29571996238988,True
lift_and_cruse,cruise_270,0.8770757588313132,0.0,1175.0355257774447,1221.412892687049,531.3731570778577,0.8516100548073501,0.9626025534173881,0.167972718661294,0.0,-2.991598778933008e-13,-5.336658663347744,0.0,,0.0,0.38775671756481167,0.0,26.312426998552485,True
lift_and_cruse,cruise_270,0.8771089081120478,0.0,1175.0355257774445,1221.4128926870476,531.3731570778941,0.85161005480735,0.9626025534173871,0.16797271866129904,0.0,-2.991598778933005e-13,-5.336658663347744,0.0,,0.0,0.38775671756481156,0.0,26.323988626304306,True
lift_and_cruse,cruise_270,0.8771207398628593,0.0,1175.0355257774427,1221.412892687039,531.3731570778638,0.8516100548073509,0.9626025534173879,0.16797271866129088,0.0,-2.991598778932984e-13,-5.336658663347744,0.0,,0.0,0.3877567175648109,0.0,26.328114923475038,True
lift_and_cruse,cruise_271,0.8771184497208172,0.0,1175.0326560655249,1221.4119737515277,531.3722558583594,0.8516095661792698,0.9626025156651344,0.16797325423524975,0.0,-2.991596528190119e-13,-5.336658663347744,0.0,,0.0,0.38775577057210375,0.0,26.328114923475038,True
lift_and_cruse,cruise_271,0.8771302818593637,0.0,1175.03265606546,1221.4119737512137,531.3722558582471,0.8516095661792861,0.962602515665136,0.16797325423523118,0.0,-2.9915965281893496e-13,-5.336658663347744,0.0,,0.0,0.3877557705720824,0.0,26.33224122064577,True
lift_and_cruse,cruise_271,0.8771634373237706,0.0,1175.0326560654582,1221.4119737512053,531.3722558582318,0.8516095661792866,0.9626025156651364,0.1679732542352339,0.0,-2.9915965281893294e-13,-5.336658663347744,0.0,,0.0,0.38775577057208177,0.0,26.34380284839759,True
lift_and_cruse,cruise_271,0.8772113549954894,0.0,1175.032656065451,1221.4119737511696,531.3722558582409,0.851609566179288,0.962602515665136,0.16797325423522946,0.0,-2.9915965281892415e-13,-5.336658663347744,0.0,,0.0,0.38775577057207933,0.0,26.360509884560194,True
lift_and_cruse,cruise_271,0.8772645487870567,0.0,1175.032656065454,1221.4119737511833,531.3722558582925,0.8516095661792876,0.9626025156651346,0.16797325423524195,0.0,-2.9915965281892753e-13,-5.336658663347744,0.0,,0.0,0.3877557705720803,0.0,26.379053295723217,True
lift_and_cruse,cruise_271,0.8773124830174396,0.0,1175.0326560654526,1221.4119737511764,531.3722558582592,0.8516095661792882,0.9626025156651355,0.16797325423522178,0.0,-2.9915965281892587e-13,-5.336658663347744,0.0,,0.0,0.38775577057207994,0.0,26.395760331885818,True
lift_and_cruse,cruise_271,0.8773456591301574,0.0,1175.0326560654473,1221.4119737511523,531.3722558582471,0.8516095661792893,0.9626025156651358,0.16797325423523296,0.0,-2.9915965281891996e-13,-5.336658663347744,0.0,,0.0,0.38775577057207816,0.0,26.40732195963764,True
lift_and_cruse,cruise_271,0.8773575004581302,0.0,1175.0326560654487,1221.4119737511594,531.3722558582044,0.8516095661792888,0.962602515665137,0.16797325423521786,0.0,-2.991596528189217e-13,-5.336658663347744,0.0,,0.0,0.38775577057207866,0.0,26.41144825680837,True
lift_and_cruse,cruise_272,0.8773551925708112,0.0,1175.0297652138813,1221.411048114423,531.3713480167762,0.8516090739412384,0.9626024776341641,0.16797379376306976,0.0,-2.991594261033084e-13,-5.336658663347744,0.0,,0.0,0.3877548166033772,0.0,26.41144825680837,True
lift_and_cruse,cruise_272,0.877367034286278,0.0,1175.0297652138277,1221.411048114164,531.3713480166759,0.8516090739412521,0.9626024776341656,0.16797379376305505,0.0,-2.9915942610324495e-13,-5.336658663347744,0.0,,0.0,0.38775481660335936,0.0,26.415574553979102,True
lift_and_cruse,cruise_272,0.8774002165871841,0.0,1175.0297652138038,1221.411048114048,531.3713480166638,0.851609073941258,0.9626024776341654,0.16797379376304553,0.0,-2.991594261032166e-13,-5.336658663347744,0.0,,0.0,0.3877548166033516,0.0,26.427136181730926,True
lift_and_cruse,cruise_272,0.8774481730456545,0.0,1175.0297652138486,1221.4110481142636,531.3713480167702,0.851609073941247,0.9626024776341635,0.16797379376307345,0.0,-2.9915942610326934e-13,-5.336658663347744,0.0,,0.0,0.38775481660336636,0.0,26.443843217893527,True
lift_and_cruse,cruise_272,0.8775014098965984,0.0,1175.029765213819,1221.411048114121,531.3713480166638,0.8516090739412543,0.9626024776341657,0.1679737937630444,0.0,-2.9915942610323445e-13,-5.336658663347744,0.0,,0.0,0.3877548166033566,0.0,26.46238662905655,True
lift_and_cruse,cruise_272,0.8775493829306747,0.0,1175.0297652138224,1221.4110481141377,531.3713480167368,0.8516090739412533,0.9626024776341637,0.16797379376307073,0.0,-2.991594261032385e-13,-5.336658663347744,0.0,,0.0,0.3877548166033577,0.0,26.47909366521915,True
lift_and_cruse,cruise_272,0.8775825859010933,0.0,1175.0297652138242,1221.4110481141468,531.3713480166972,0.851609073941253,0.962602477634165,0.16797379376304664,0.0,-2.991594261032407e-13,-5.336658663347744,0.0,,0.0,0.3877548166033583,0.0,26.490655292970974,True
lift_and_cruse,cruise_272,0.8775944368154158,0.0,1175.029765213836,1221.4110481142056,531.3713480167671,0.8516090739412496,0.9626024776341633,0.16797379376307373,0.0,-2.9915942610325515e-13,-5.336658663347744,0.0,,0.0,0.38775481660336225,0.0,26.494781590141706,True
lift_and_cruse,cruise_273,0.8775921108994031,0.0,1175.0268528844854,1221.4101156687623,531.3704334473473,0.851608578035489,0.9626024393200159,0.16797433730802072,0.0,-2.9915919771998963e-13,-5.336658663347744,0.0,,0.0,0.3877538555470837,0.0,26.494781590141706,True
lift_and_cruse,cruise_273,0.8776039622009622,0.0,1175.0268528844483,1221.4101156685815,531.3704334473199,0.8516085780354985,0.9626024393200158,0.16797433730802305,0.0,-2.9915919771994536e-13,-5.336658663347744,0.0,,0.0,0.38775385554707154,0.0,26.498907887312438,True
lift_and_cruse,cruise_273,0.8776371713640624,0.0,1175.0268528844208,1221.410115668449,531.3704334472743,0.8516085780355053,0.9626024393200163,0.1679743373080166,0.0,-2.991591977199129e-13,-5.336658663347744,0.0,,0.0,0.3877538555470625,0.0,26.51046951506426,True
lift_and_cruse,cruise_273,0.8776851666463096,0.0,1175.0268528844283,1221.4101156684856,531.370433447247,0.8516085780355032,0.9626024393200173,0.16797433730800257,0.0,-2.991591977199219e-13,-5.336658663347744,0.0,,0.0,0.38775385554706493,0.0,26.52717655122686,True
lift_and_cruse,cruise_273,0.8777384465978926,0.0,1175.0268528844185,1221.4101156684378,531.3704334471801,0.851608578035506,0.9626024393200189,0.16797433730799902,0.0,-2.9915919771991017e-13,-5.336658663347744,0.0,,0.0,0.38775385554706165,0.0,26.54571996238988,True
lift_and_cruse,cruise_273,0.8777864584727976,0.0,1175.0268528844333,1221.410115668509,531.3704334472683,0.8516085780355022,0.9626024393200169,0.16797433730801328,0.0,-2.991591977199276e-13,-5.336658663347744,0.0,,0.0,0.3877538555470665,0.0,26.562426998552485,True
lift_and_cruse,cruise_273,0.8778196883266252,0.0,1175.0268528844406,1221.4101156685456,531.3704334473291,0.8516085780355002,0.9626024393200153,0.1679743373080252,0.0,-2.9915919771993657e-13,-5.336658663347744,0.0,,0.0,0.3877538555470689,0.0,26.573988626304306,True
lift_and_cruse,cruise_273,0.8778315488364288,0.0,1175.0268528844276,1221.4101156684821,531.3704334472894,0.8516085780355034,0.9626024393200161,0.1679743373080126,0.0,-2.99159197719921e-13,-5.336658663347744,0.0,,0.0,0.38775385554706465,0.0,26.578114923475038,True
lift_and_cruse,cruise_274,0.8778292046021395,0.0,1175.0239187316458,1221.4091763083702,531.3695120427525,0.8516080784026423,0.9626024007181045,0.1679748849351053,0.0,-2.9915896764305015e-13,-5.336658663347744,0.0,,0.0,0.3877528872891469,0.0,26.578114923475038,True
lift_and_cruse,cruise_274,0.8778410654983767,0.0,1175.0239187310349,1221.409176305402,531.3695120417709,0.8516080784027968,0.9626024007181181,0.1679748849349741,0.0,-2.991589676423232e-13,-5.336658663347744,0.0,,0.0,0.38775288728894525,0.0,26.58224122064577,True
lift_and_cruse,cruise_274,0.8778743015493713,0.0,1175.0239187310358,1221.4091763054055,531.3695120416068,0.851608078402797,0.9626024007181225,0.1679748849349168,0.0,-2.99158967642324e-13,-5.336658663347744,0.0,,0.0,0.3877528872889455,0.0,26.59380284839759,True
lift_and_cruse,cruise_274,0.8779223356925024,0.0,1175.0239187309896,1221.4091763051827,531.3695120416736,0.8516080784028085,0.9626024007181196,0.16797488493494872,0.0,-2.991589676422694e-13,-5.336658663347744,0.0,,0.0,0.38775288728893037,0.0,26.610509884560194,True
lift_and_cruse,cruise_274,0.8779756587861308,0.0,1175.023918731219,1221.409176306296,531.3695120418986,0.8516080784027503,0.9626024007181185,0.16797488493496412,0.0,-2.9915896764254215e-13,-5.336658663347744,0.0,,0.0,0.38775288728900603,0.0,26.629053295723217,True
lift_and_cruse,cruise_274,0.8780237095387907,0.0,1175.023918731031,1221.4091763053834,531.3695120417739,0.8516080784027978,0.9626024007181179,0.16797488493497065,0.0,-2.991589676423186e-13,-5.336658663347744,0.0,,0.0,0.38775288728894397,0.0,26.645760331885818,True
lift_and_cruse,cruise_274,0.8780569663017048,0.0,1175.0239187310362,1221.409176305409,531.3695120416676,0.8516080784027965,0.9626024007181209,0.16797488493494453,0.0,-2.9915896764232486e-13,-5.336658663347744,0.0,,0.0,0.38775288728894575,0.0,26.65732195963764,True
lift_and_cruse,cruise_274,0.8780688364161786,0.0,1175.0239187310056,1221.40917630526,531.3695120417132,0.8516080784028047,0.962602400718119,0.16797488493496038,0.0,-2.9915896764228835e-13,-5.336658663347744,0.0,,0.0,0.3877528872889356,0.0,26.66144825680837,True
lift_and_cruse,cruise_275,0.8780664735871491,0.0,1175.0209624212303,1221.4082300224989,531.3685837299948,0.8516075749767232,0.9626023618231571,0.16797543671686424,0.0,-2.9915873586985747e-13,-5.336658663347744,0.0,,0.0,0.38775191171930434,0.0,26.66144825680837,True
lift_and_cruse,cruise_275,0.8780783440507066,0.0,1175.0209623828628,1221.4082298361577,531.3685836602281,0.851607574986438,0.962602361824231,0.16797543670578335,0.0,-2.9915873582421704e-13,-5.336658663347744,0.0,,0.0,0.3877519117066432,0.0,26.665574553979102,True
lift_and_cruse,cruise_275,0.8781116070934445,0.0,1175.0209624624997,1221.4082302229376,531.3685838050434,0.851607574966274,0.9626023618220017,0.1679754367287882,0.0,-2.991587359189508e-13,-5.336658663347744,0.0,,0.0,0.38775191173292306,0.0,26.677136181730926,True
lift_and_cruse,cruise_275,0.8781596801080614,0.0,1175.0209624354122,1221.4082300913774,531.3685837557566,0.851607574973132,0.9626023618227608,0.16797543672095577,0.0,-2.9915873588672784e-13,-5.336658663347744,0.0,,0.0,0.3877519117239844,0.0,26.693843217893527,True
lift_and_cruse,cruise_275,0.8782130459131264,0.0,1175.0209619554369,1221.4082277602442,531.3685828826527,0.851607575094661,0.9626023618362052,0.16797543658216213,0.0,-2.991587353157649e-13,-5.336658663347744,0.0,,0.0,0.3877519115655945,0.0,26.71238662905655,True
lift_and_cruse,cruise_275,0.8782611348223816,0.0,1175.0209611831947,1221.4082240096357,531.3685814777662,0.8516075752901912,0.9626023618578398,0.1679754363588556,0.0,-2.9915873439713075e-13,-5.336658663347744,0.0,,0.0,0.38775191131075787,0.0,26.72909366521915,True
lift_and_cruse,cruise_275,0.8782944184002294,0.0,1175.020961061443,1221.4082234183143,531.3685812562309,0.8516075753210183,0.9626023618612517,0.16797543632364859,0.0,-2.9915873425229877e-13,-5.336658663347744,0.0,,0.0,0.38775191127058034,0.0,26.740655292970974,True
lift_and_cruse,cruise_275,0.8783062981275238,0.0,1175.0209610604684,1221.4082234135826,531.3685812545108,0.8516075753212649,0.9626023618612776,0.16797543632337802,0.0,-2.9915873425113984e-13,-5.336658663347744,0.0,,0.0,0.3877519112702587,0.0,26.744781590141706,True
lift_and_cruse,cruise_276,0.8783039176689189,0.0,1175.0179835229046,1221.407276373807,531.3676482742553,0.8516070677123182,0.9626023226322349,0.16797599270215863,0.0,-2.991585022932939e-13,-5.336658663347744,0.0,,0.0,0.3877509286955478,0.0,26.744781590141706,True
lift_and_cruse,cruise_276,0.8783157977837412,0.0,1175.0179835229446,1221.407276374002,531.3676482743191,0.851607067712308,0.962602322632234,0.1679759927021678,0.0,-2.9915850229334164e-13,-5.336658663347744,0.0,,0.0,0.38775092869556094,0.0,26.748907887312438,True
lift_and_cruse,cruise_276,0.8783490876874911,0.0,1175.0179835229371,1221.4072763739646,531.3676482742978,0.8516070677123102,0.9626023226322344,0.16797599270216584,0.0,-2.9915850229333245e-13,-5.336658663347744,0.0,,0.0,0.3877509286955585,0.0,26.76046951506426,True
lift_and_cruse,cruise_276,0.8783971996638057,0.0,1175.0179835229324,1221.4072763739423,531.3676482742766,0.8516070677123112,0.9626023226322349,0.16797599270217203,0.0,-2.99158502293327e-13,-5.336658663347744,0.0,,0.0,0.38775092869555683,0.0,26.77717655122686,True
lift_and_cruse,cruise_276,0.878450609164426,0.0,1175.0179835229424,1221.40727637399,531.3676482742766,0.8516070677123089,0.9626023226322351,0.16797599270216512,0.0,-2.991585022933387e-13,-5.336658663347744,0.0,,0.0,0.3877509286955602,0.0,26.79571996238988,True
lift_and_cruse,cruise_276,0.8784987377844733,0.0,1175.0179835229103,1221.4072763738332,531.3676482742736,0.8516070677123165,0.9626023226322346,0.1679759927021573,0.0,-2.991585022933003e-13,-5.336658663347744,0.0,,0.0,0.3877509286955496,0.0,26.812426998552485,True
lift_and_cruse,cruise_276,0.8785320484426947,0.0,1175.0179835229458,1221.407276374006,531.3676482744315,0.8516070677123078,0.962602322632231,0.16797599270219243,0.0,-2.991585022933426e-13,-5.336658663347744,0.0,,0.0,0.38775092869556127,0.0,26.823988626304306,True
lift_and_cruse,cruise_276,0.8785439377940647,0.0,1175.017983522948,1221.4072763740182,531.3676482743678,0.8516070677123071,0.9626023226322328,0.16797599270217972,0.0,-2.9915850229334563e-13,-5.336658663347744,0.0,,0.0,0.38775092869556205,0.0,26.828114923475038,True
lift_and_cruse,cruise_277,0.8785415367872591,0.0,1175.0149817313118,1221.4063155739534,531.3667056822989,0.8516065565284444,0.962602283138509,0.1679765529805211,0.0,-2.991582669652008e-13,-5.336658663347744,0.0,,0.0,0.38774993811711045,0.0,26.828114923475038,True
lift_and_cruse,cruise_277,0.8785534265246518,0.0,1175.0149817312097,1221.4063155734575,531.36670568208,0.8516065565284703,0.9626022831385128,0.16797655298049396,0.0,-2.9915826696507936e-13,-5.336658663347744,0.0,,0.0,0.3877499381170768,0.0,26.83224122064577,True
lift_and_cruse,cruise_277,0.8785867433932744,0.0,1175.0149817312035,1221.4063155734293,531.3667056821287,0.8516065565284716,0.9626022831385113,0.16797655298049086,0.0,-2.9915826696507244e-13,-5.336658663347744,0.0,,0.0,0.3877499381170747,0.0,26.84380284839759,True
lift_and_cruse,cruise_277,0.8786348943417804,0.0,1175.0149817311867,1221.4063155733454,531.3667056820314,0.8516065565284756,0.9626022831385136,0.16797655298047143,0.0,-2.991582669650519e-13,-5.336658663347744,0.0,,0.0,0.38774993811706915,0.0,26.860509884560194,True
lift_and_cruse,cruise_277,0.8786883471077496,0.0,1175.0149817311865,1221.4063155733445,531.3667056820253,0.8516065565284762,0.9626022831385138,0.1679765529804834,0.0,-2.9915826696505164e-13,-5.336658663347744,0.0,,0.0,0.3877499381170691,0.0,26.879053295723217,True
lift_and_cruse,cruise_277,0.8787365147170987,0.0,1175.0149817311788,1221.406315573308,531.3667056820588,0.851606556528478,0.9626022831385127,0.16797655298048048,0.0,-2.991582669650427e-13,-5.336658663347744,0.0,,0.0,0.3877499381170666,0.0,26.895760331885818,True
lift_and_cruse,cruise_277,0.8787698523614168,0.0,1175.014981731162,1221.4063155732254,531.3667056819614,0.8516065565284823,0.9626022831385149,0.16797655298046302,0.0,-2.9915826696502246e-13,-5.336658663347744,0.0,,0.0,0.38774993811706104,0.0,26.90732195963764,True
lift_and_cruse,cruise_277,0.8787817513449685,0.0,1175.0149817311544,1221.4063155731913,531.3667056819706,0.851606556528484,0.9626022831385146,0.16797655298047004,0.0,-2.9915826696501413e-13,-5.336658663347744,0.0,,0.0,0.3877499381170586,0.0,26.91144825680837,True
lift_and_cruse,cruise_278,0.8787793322351722,0.0,1175.011958116147,1221.4053545563356,531.3657585347717,0.851606040991897,0.9626022432946489,0.16797711806200327,0.0,-2.991580315837709e-13,-5.336658663347744,0.0,,0.0,0.38774894033698754,0.0,26.91144825680837,True
lift_and_cruse,cruise_278,0.8787912308833491,0.0,1175.0119573837042,1221.4053509990495,531.3657571350727,0.8516060411773508,0.9626022433170071,0.1679771178289424,0.0,-2.991580307124871e-13,-5.336658663347744,0.0,,0.0,0.38774894009528443,0.0,26.915574553979102,True
lift_and_cruse,cruise_278,0.8788245747399137,0.0,1175.0119573809202,1221.4053509855275,531.3657571300583,0.8516060411780558,0.9626022433170837,0.1679771178281594,0.0,-2.9915803070917517e-13,-5.336658663347744,0.0,,0.0,0.3877489400943658,0.0,26.927136181730926,True
lift_and_cruse,cruise_278,0.8788727646911997,0.0,1175.0119573740599,1221.4053509522093,531.3657571176561,0.8516060411797928,0.9626022433172737,0.16797711782618843,0.0,-2.9915803070101454e-13,-5.336658663347744,0.0,,0.0,0.38774894009210187,0.0,26.943843217893527,True
lift_and_cruse,cruise_278,0.8789262607580187,0.0,1175.0119573680458,1221.405350923001,531.3657571067248,0.8516060411813153,0.9626022433174419,0.1679771178244627,0.0,-2.9915803069386057e-13,-5.336658663347744,0.0,,0.0,0.38774894009011723,0.0,26.96238662905655,True
lift_and_cruse,cruise_278,0.878974467386902,0.0,1175.0119573608642,1221.405350888123,531.3657570937421,0.8516060411831339,0.9626022433176409,0.16797711782240504,0.0,-2.991580306853179e-13,-5.336658663347744,0.0,,0.0,0.38774894008774735,0.0,26.97909366521915,True
lift_and_cruse,cruise_278,0.8790078320459467,0.0,1175.0119573636343,1221.4053509015753,531.3657570987504,0.8516060411824327,0.962602243317564,0.1679771178232044,0.0,-2.991580306886128e-13,-5.336658663347744,0.0,,0.0,0.38774894008866145,0.0,26.990655292970974,True
lift_and_cruse,cruise_278,0.8790197406638373,0.0,1175.0119573564455,1221.4053508666618,531.365757085716,0.8516060411842528,0.9626022433177643,0.16797711782113137,0.0,-2.9915803068006143e-13,-5.336658663347744,0.0,,0.0,0.38774894008628913,0.0,26.994781590141706,True
lift_and_cruse,cruise_279,0.8790173004173087,0.0,1175.0089087759034,1221.4043761555279,531.3648001829155,0.8516055219239672,0.9626022031976714,0.16797768696034154,0.0,-2.991577919446874e-13,-5.336658663347744,0.0,,0.0,0.387747934067698,0.0,26.994781590141706,True
lift_and_cruse,cruise_279,0.8790292093118722,0.0,1175.0089086587836,1221.4043755867049,531.3647999328954,0.8516055219536218,0.9626022032019632,0.16797768691479986,0.0,-2.9915779180536593e-13,-5.336658663347744,0.0,,0.0,0.3877479340290489,0.0,26.998907887312438,True
lift_and_cruse,cruise_279,0.8790625801830468,0.0,1175.0089086544194,1221.4043755655107,531.3647999249454,0.8516055219547273,0.9626022032020857,0.1679776869135204,0.0,-2.9915779180017485e-13,-5.336658663347744,0.0,,0.0,0.3877479340276088,0.0,27.01046951506426,True
lift_and_cruse,cruise_279,0.8791108091817823,0.0,1175.0089086486787,1221.4043755376283,531.3647999145367,0.8516055219561808,0.9626022032022457,0.16797768691188128,0.0,-2.9915779179334566e-13,-5.336658663347744,0.0,,0.0,0.3877479340257144,0.0,27.02717655122686,True
lift_and_cruse,cruise_279,0.8791643485956363,0.0,1175.008908642013,1221.4043755052555,531.3647999025204,0.8516055219578684,0.9626022032024294,0.1679776869099784,0.0,-2.991577917854166e-13,-5.336658663347744,0.0,,0.0,0.3877479340235147,0.0,27.04571996238988,True
lift_and_cruse,cruise_279,0.8792125942907887,0.0,1175.0089086376906,1221.404375484263,531.3647998946676,0.8516055219589627,0.9626022032025502,0.16797768690873868,0.0,-2.9915779178027495e-13,-5.336658663347744,0.0,,0.0,0.38774793402208835,0.0,27.062426998552485,True
lift_and_cruse,cruise_279,0.8792459859823399,0.0,1175.0089086353842,1221.4043754730587,531.3647998904434,0.8516055219595471,0.9626022032026156,0.16797768690807674,0.0,-2.991577917775307e-13,-5.336658663347744,0.0,,0.0,0.38774793402132723,0.0,27.073988626304306,True
lift_and_cruse,cruise_279,0.8792579042566274,0.0,1175.0089086341725,1221.4043754671752,531.3647998883313,0.8516055219598534,0.9626022032026471,0.16797768690774567,0.0,-2.991577917760896e-13,-5.336658663347744,0.0,,0.0,0.38774793402092744,0.0,27.078114923475038,True
lift_and_cruse,cruise_280,0.8792554428258197,0.0,1175.005834981535,1221.4033883740062,531.3638336245547,0.8516049988319371,0.9626021627932111,0.16797826025993307,0.0,-2.9915755000799166e-13,-5.336658663347744,0.0,,0.0,0.38774691972865155,0.0,27.078114923475038,True
lift_and_cruse,cruise_280,0.8792673614863298,0.0,1175.0058349815115,1221.4033883738914,531.3638336244362,0.851604998831943,0.9626021627932139,0.16797826025990759,0.0,-2.9915755000796354e-13,-5.336658663347744,0.0,,0.0,0.3877469197286438,0.0,27.08224122064577,True
lift_and_cruse,cruise_280,0.8793007594034155,0.0,1175.0058349815092,1221.4033883738798,531.3638336244575,0.851604998831944,0.9626021627932132,0.1679782602599079,0.0,-2.9915755000796066e-13,-5.336658663347744,0.0,,0.0,0.387746919728643,0.0,27.09380284839759,True
lift_and_cruse,cruise_280,0.8793490274909306,0.0,1175.0058349815072,1221.403388373872,531.363833624421,0.8516049988319443,0.9626021627932142,0.16797826025991064,0.0,-2.991575500079588e-13,-5.336658663347744,0.0,,0.0,0.3877469197286424,0.0,27.110509884560194,True
lift_and_cruse,cruise_280,0.8794026102998534,0.0,1175.0058349815072,1221.403388373872,531.3638336244362,0.8516049988319443,0.9626021627932139,0.16797826025991164,0.0,-2.991575500079588e-13,-5.336658663347744,0.0,,0.0,0.3877469197286424,0.0,27.129053295723217,True
lift_and_cruse,cruise_280,0.8794508950995351,0.0,1175.0058349815158,1221.403388373913,531.3638336244878,0.8516049988319422,0.9626021627932125,0.16797826025992335,0.0,-2.991575500079688e-13,-5.336658663347744,0.0,,0.0,0.38774691972864517,0.0,27.145760331885818,True
lift_and_cruse,cruise_280,0.8794843138563312,0.0,1175.0058349815095,1221.4033883738816,531.3638336245183,0.8516049988319438,0.9626021627932115,0.1679782602599227,0.0,-2.991575500079611e-13,-5.336658663347744,0.0,,0.0,0.38774691972864306,0.0,27.15732195963764,True
lift_and_cruse,cruise_280,0.879496241791413,0.0,1175.0058349815092,1221.4033883738812,531.3638336245061,0.8516049988319437,0.9626021627932119,0.16797826025992676,0.0,-2.99157550007961e-13,-5.336658663347744,0.0,,0.0,0.387746919728643,0.0,27.16144825680837,True
lift_and_cruse,cruise_281,0.8794937605560198,0.0,1175.0027375964366,1221.40239728298,531.3628610908335,0.8516044713217762,0.9626021220390112,0.16797883841933317,0.0,-2.991573072607011e-13,-5.336658663347744,0.0,,0.0,0.3877458976047647,0.0,27.16144825680837,True
lift_and_cruse,cruise_281,0.8795056888760528,0.0,1175.0027375966295,1221.4023972839157,531.3628610912316,0.8516044713217271,0.9626021220390046,0.1679788384193975,0.0,-2.9915730726093024e-13,-5.336658663347744,0.0,,0.0,0.3877458976048283,0.0,27.165574553979102,True
lift_and_cruse,cruise_281,0.8795391138605457,0.0,1175.0027375966317,1221.4023972839286,531.362861091195,0.8516044713217265,0.9626021220390056,0.1679788384193808,0.0,-2.991573072609334e-13,-5.336658663347744,0.0,,0.0,0.3877458976048291,0.0,27.177136181730926,True
lift_and_cruse,cruise_281,0.8795874210689782,0.0,1175.002737597142,1221.402397286406,531.3628610921949,0.8516044713215976,0.9626021220389893,0.16797883841954284,0.0,-2.9915730726154023e-13,-5.336658663347744,0.0,,0.0,0.3877458976049974,0.0,27.193843217893527,True
lift_and_cruse,cruise_281,0.8796410473077858,0.0,1175.002737597137,1221.4023972863822,531.3628610922101,0.8516044713215987,0.9626021220389889,0.167978838419552,0.0,-2.9915730726153437e-13,-5.336658663347744,0.0,,0.0,0.38774589760499584,0.0,27.21238662905655,True
lift_and_cruse,cruise_281,0.8796893712445052,0.0,1175.0027375966292,1221.4023972839173,531.3628610912407,0.8516044713217272,0.9626021220390043,0.16797883841939654,0.0,-2.9915730726093065e-13,-5.336658663347744,0.0,,0.0,0.3877458976048283,0.0,27.22909366521915,True
lift_and_cruse,cruise_281,0.8797228170900896,0.0,1175.0027375966297,1221.402397283919,531.3628610912316,0.8516044713217272,0.9626021220390046,0.16797883841940342,0.0,-2.9915730726093105e-13,-5.336658663347744,0.0,,0.0,0.3877458976048284,0.0,27.240655292970974,True
lift_and_cruse,cruise_281,0.8797347546943796,0.0,1175.002737597024,1221.4023972858336,531.3628610919761,0.851604471321627,0.9626021220389929,0.16797883841950853,0.0,-2.9915730726139997e-13,-5.336658663347744,0.0,,0.0,0.38774589760495853,0.0,27.244781590141706,True
lift_and_cruse,cruise_282,0.879732252534188,0.0,1174.9996152782555,1221.4013982909687,531.3618807474669,0.8516039395532765,0.9626020809560495,0.16797942124254633,0.0,-2.9915706257822726e-13,-5.336658663347744,0.0,,0.0,0.3877448672530668,0.0,27.244781590141706,True
lift_and_cruse,cruise_282,0.8797441905229458,0.0,1174.9996152787367,1221.4013982933054,531.3618807483695,0.8516039395531547,0.9626020809560354,0.16797942124269816,0.0,-2.991570625787996e-13,-5.336658663347744,0.0,,0.0,0.3877448672532256,0.0,27.248907887312438,True
lift_and_cruse,cruise_282,0.8797776426005345,0.0,1174.999615278817,1221.401398293695,531.3618807485852,0.8516039395531345,0.9626020809560312,0.16797942124272697,0.0,-2.99157062578895e-13,-5.336658663347744,0.0,,0.0,0.387744867253252,0.0,27.26046951506426,True
lift_and_cruse,cruise_282,0.8798259889657164,0.0,1174.99961527866,1221.4013982929334,531.3618807481811,0.8516039395531737,0.9626020809560388,0.16797942124266343,0.0,-2.9915706257870846e-13,-5.336658663347744,0.0,,0.0,0.38774486725320023,0.0,27.27717655122686,True
lift_and_cruse,cruise_282,0.879879658675627,0.0,1174.9996152787794,1221.4013982935126,531.3618807485002,0.8516039395531438,0.9626020809560327,0.16797942124271442,0.0,-2.9915706257885033e-13,-5.336658663347744,0.0,,0.0,0.3877448672532397,0.0,27.29571996238988,True
lift_and_cruse,cruise_282,0.8799280217873503,0.0,1174.9996152787014,1221.4013982931347,531.3618807483513,0.8516039395531633,0.9626020809560351,0.16797942124268633,0.0,-2.991570625787578e-13,-5.336658663347744,0.0,,0.0,0.38774486725321394,0.0,27.312426998552485,True
lift_and_cruse,cruise_282,0.879961494747359,0.0,1174.9996152787137,1221.401398293195,531.3618807483573,0.8516039395531603,0.9626020809560352,0.16797942124269402,0.0,-2.991570625787725e-13,-5.336658663347744,0.0,,0.0,0.38774486725321805,0.0,27.323988626304306,True
lift_and_cruse,cruise_282,0.8799734420293008,0.0,1174.9996152787946,1221.4013982935871,531.3618807484485,0.8516039395531395,0.9626020809560345,0.16797942124270132,0.0,-2.991570625788686e-13,-5.336658663347744,0.0,,0.0,0.38774486725324475,0.0,27.328114923475038,True
lift_and_cruse,cruise_283,0.8799709185814886,0.0,1174.9964675928466,1221.4003912691628,531.3608924613005,0.8516034034514373,0.9626020395385227,0.16798000881172742,0.0,-2.99156815929021e-13,-5.336658663347744,0.0,,0.0,0.3877438285302918,0.0,27.328114923475038,True
lift_and_cruse,cruise_283,0.8799828662473346,0.0,1174.99646759284,1221.400391269131,531.3608924612003,0.8516034034514391,0.9626020395385254,0.16798000881170802,0.0,-2.991568159290132e-13,-5.336658663347744,0.0,,0.0,0.3877438285302896,0.0,27.33224122064577,True
lift_and_cruse,cruise_283,0.8800163454434469,0.0,1174.9964675928322,1221.4003912690919,531.360892461337,0.851603403451441,0.9626020395385215,0.16798000881173045,0.0,-2.9915681592900366e-13,-5.336658663347744,0.0,,0.0,0.387743828530287,0.0,27.34380284839759,True
lift_and_cruse,cruise_283,0.8800647310031947,0.0,1174.9964675928336,1221.4003912690991,531.3608924612671,0.8516034034514407,0.9626020395385234,0.16798000881171335,0.0,-2.991568159290054e-13,-5.336658663347744,0.0,,0.0,0.3877438285302875,0.0,27.360509884560194,True
lift_and_cruse,cruise_283,0.880118444225029,0.0,1174.9964675928402,1221.4003912691323,531.3608924612184,0.851603403451439,0.9626020395385249,0.167980008811706,0.0,-2.9915681592901355e-13,-5.336658663347744,0.0,,0.0,0.3877438285302896,0.0,27.379053295723217,True
lift_and_cruse,cruise_283,0.8801668465484099,0.0,1174.9964675928318,1221.4003912690891,531.3608924612489,0.8516034034514414,0.9626020395385239,0.1679800088117186,0.0,-2.9915681592900295e-13,-5.336658663347744,0.0,,0.0,0.38774382853028694,0.0,27.395760331885818,True
lift_and_cruse,cruise_283,0.8802003466484404,0.0,1174.996467592836,1221.4003912691107,531.3608924612671,0.85160340345144,0.9626020395385234,0.16798000881172395,0.0,-2.9915681592900825e-13,-5.336658663347744,0.0,,0.0,0.3877438285302884,0.0,27.40732195963764,True
lift_and_cruse,cruise_283,0.880212303617412,0.0,1174.9964675928368,1221.4003912691148,531.3608924612154,0.8516034034514398,0.962602039538525,0.16798000881170846,0.0,-2.9915681592900926e-13,-5.336658663347744,0.0,,0.0,0.38774382853028855,0.0,27.41144825680837,True
lift_and_cruse,cruise_284,0.880209758512144,0.0,1174.9932940973333,1221.399376100025,531.3598961010154,0.8516028629384557,0.9626019977803875,0.16798060121206426,0.0,-2.9915656728429396e-13,-5.336658663347744,0.0,,0.0,0.38774278129029227,0.0,27.41144825680837,True
lift_and_cruse,cruise_284,0.880221715840765,0.0,1174.9932940730532,1221.3993759821033,531.3598960568736,0.8516028629446034,0.9626019977810669,0.16798060120504965,0.0,-2.9915656725541145e-13,-5.336658663347744,0.0,,0.0,0.38774278128227996,0.0,27.415574553979102,True
lift_and_cruse,cruise_284,0.8802552222204332,0.0,1174.9932941129782,1221.3993761760044,531.3598961294484,0.851602862934494,0.9626019977799499,0.1679806012165986,0.0,-2.9915656730290356e-13,-5.336658663347744,0.0,,0.0,0.387742781295455,0.0,27.427136181730926,True
lift_and_cruse,cruise_284,0.8803036470241591,0.0,1174.9932941257225,1221.3993762378996,531.359896152709,0.8516028629312674,0.9626019977795908,0.16798060122028458,0.0,-2.991565673180635e-13,-5.336658663347744,0.0,,0.0,0.38774278129966055,0.0,27.443843217893527,True
lift_and_cruse,cruise_284,0.8803574038062153,0.0,1174.9932941329594,1221.3993762730465,531.3598961658406,0.851602862929435,0.962601997779389,0.1679806012223731,0.0,-2.99156567326672e-13,-5.336658663347744,0.0,,0.0,0.38774278130204864,0.0,27.46238662905655,True
lift_and_cruse,cruise_284,0.8804058453065906,0.0,1174.9932940603976,1221.399375920641,531.3598960338379,0.8516028629478076,0.9626019977814219,0.16798060120138872,0.0,-2.9915656724035757e-13,-5.336658663347744,0.0,,0.0,0.3877427812781036,0.0,27.47909366521915,True
lift_and_cruse,cruise_284,0.880439372072744,0.0,1174.9932935543213,1221.3993734628157,531.3598951132675,0.8516028630759456,0.962601997795597,0.1679806010550586,0.0,-2.99156566638364e-13,-5.336658663347744,0.0,,0.0,0.38774278111110067,0.0,27.490655292970974,True
lift_and_cruse,cruise_284,0.8804513388802174,0.0,1174.9932936984978,1221.3993741630254,531.3598953755013,0.8516028630394408,0.9626019977915593,0.16798060109673393,0.0,-2.991565668098659e-13,-5.336658663347744,0.0,,0.0,0.3877427811586783,0.0,27.494781590141706,True
lift_and_cruse,cruise_285,0.8804487721151403,0.0,1174.990094321527,1221.3983525890123,531.3588915042882,0.8516023179382435,0.9626019556758542,0.16798119852680968,0.0,-2.9915631659639686e-13,-5.336658663347744,0.0,,0.0,0.387741725377908,0.0,27.494781590141706,True
lift_and_cruse,cruise_285,0.8804607391359232,0.0,1174.9900942935772,1221.3983524532723,531.3588914534606,0.8516023179453202,0.9626019556766366,0.16798119851873128,0.0,-2.9915631656315015e-13,-5.336658663347744,0.0,,0.0,0.38774172536868473,0.0,27.498907887312438,True
lift_and_cruse,cruise_285,0.8804942726471341,0.0,1174.9900942947515,1221.3983524589742,531.3588914555302,0.851602317945023,0.9626019556766056,0.16798119851903487,0.0,-2.9915631656454667e-13,-5.336658663347744,0.0,,0.0,0.38774172536907225,0.0,27.51046951506426,True
lift_and_cruse,cruise_285,0.8805427367987381,0.0,1174.9900943881103,1221.3983529123811,531.358891625384,0.8516023179213846,0.9626019556739897,0.16798119854604435,0.0,-2.9915631667559935e-13,-5.336658663347744,0.0,,0.0,0.3877417253998803,0.0,27.52717655122686,True
lift_and_cruse,cruise_285,0.880596536448297,0.0,1174.9900936593936,1221.3983493732867,531.3588902998098,0.8516023181058956,0.9626019556944015,0.16798119833534783,0.0,-2.991563158087712e-13,-5.336658663347744,0.0,,0.0,0.38774172515940675,0.0,27.54571996238988,True
lift_and_cruse,cruise_285,0.8806450166071226,0.0,1174.990092952101,1221.3983459382398,531.3588890131593,0.8516023182849815,0.9626019557142144,0.1679811981308297,0.0,-2.991563149674274e-13,-5.336658663347744,0.0,,0.0,0.3877417249260032,0.0,27.562426998552485,True
lift_and_cruse,cruise_285,0.8806785713586033,0.0,1174.990093250723,1221.3983473885305,531.358889556396,0.8516023182093707,0.962601955705849,0.16798119821719038,0.0,-2.9915631532264615e-13,-5.336658663347744,0.0,,0.0,0.38774172502454723,0.0,27.573988626304306,True
lift_and_cruse,cruise_285,0.880690547135696,0.0,1174.9900926497849,1221.3983444700066,531.3588884632306,0.8516023183615278,0.9626019557226825,0.1679811980434162,0.0,-2.9915631460781397e-13,-5.336658663347744,0.0,,0.0,0.3877417248262402,0.0,27.578114923475038,True
lift_and_cruse,cruise_286,0.880687959169027,0.0,1174.9868677832837,1221.3973205412547,531.357878505979,0.8516017683723484,0.9626019132189504,0.1679818008416818,0.0,-2.9915606381760027e-13,-5.336658663347744,0.0,,0.0,0.38774066063403356,0.0,27.578114923475038,True
lift_and_cruse,cruise_286,0.8806999359223538,0.0,1174.986867783282,1221.3973205412449,531.3578785060306,0.851601768372349,0.9626019132189488,0.1679818008416905,0.0,-2.9915606381759785e-13,-5.336658663347744,0.0,,0.0,0.387740660634033,0.0,27.58224122064577,True
lift_and_cruse,cruise_286,0.8807334966276942,0.0,1174.9868677832858,1221.3973205412622,531.3578785060184,0.8516017683723482,0.9626019132189493,0.16798180084169198,0.0,-2.991560638176021e-13,-5.336658663347744,0.0,,0.0,0.3877406606340343,0.0,27.59380284839759,True
lift_and_cruse,cruise_286,0.8807819999923883,0.0,1174.9868677832844,1221.3973205412572,531.3578785060215,0.8516017683723484,0.9626019132189492,0.16798180084168668,0.0,-2.991560638176009e-13,-5.336658663347744,0.0,,0.0,0.38774066063403384,0.0,27.610509884560194,True
lift_and_cruse,cruise_286,0.8808358439964967,0.0,1174.986867783283,1221.3973205412506,531.3578785060063,0.8516017683723486,0.9626019132189495,0.167981800841677,0.0,-2.9915606381759926e-13,-5.336658663347744,0.0,,0.0,0.38774066063403334,0.0,27.629053295723217,True
lift_and_cruse,cruise_286,0.8808843641764738,0.0,1174.9868677832874,1221.3973205412703,531.3578785059881,0.8516017683723477,0.9626019132189502,0.16798180084167885,0.0,-2.991560638176041e-13,-5.336658663347744,0.0,,0.0,0.38774066063403484,0.0,27.645760331885818,True
lift_and_cruse,cruise_286,0.880917945850123,0.0,1174.986867783286,1221.3973205412635,531.3578785060093,0.851601768372348,0.9626019132189495,0.16798180084169095,0.0,-2.9915606381760245e-13,-5.336658663347744,0.0,,0.0,0.38774066063403434,0.0,27.65732195963764,True
lift_and_cruse,cruise_286,0.8809299319352212,0.0,1174.9868677832817,1221.397320541243,531.3578785059972,0.851601768372349,0.9626019132189497,0.16798180084168265,0.0,-2.991560638175974e-13,-5.336658663347744,0.0,,0.0,0.3877406606340329,0.0,27.66144825680837,True
lift_and_cruse,cruise_287,0.8809273194750967,0.0,1174.9836140201692,1221.3962799174897,531.356856996859,0.8516012141517315,0.9626018704026024,0.16798240825448693,0.0,-2.991558089382877e-13,-5.336658663347744,0.0,,0.0,0.3877395869060677,0.0,27.66144825680837,True
lift_and_cruse,cruise_287,0.8809393059424137,0.0,1174.983614020106,1221.3962799171827,531.3568569967862,0.8516012141517475,0.962601870402603,0.16798240825446517,0.0,-2.991558089382125e-13,-5.336658663347744,0.0,,0.0,0.38773958690604676,0.0,27.665574553979102,True
lift_and_cruse,cruise_287,0.8809728938685516,0.0,1174.9836140200791,1221.396279917051,531.3568569968683,0.8516012141517543,0.9626018704026001,0.1679824082545043,0.0,-2.9915580893818024e-13,-5.336658663347744,0.0,,0.0,0.3877395869060379,0.0,27.677136181730926,True
lift_and_cruse,cruise_287,0.8810214365754229,0.0,1174.983614020117,1221.396279917234,531.3568569969351,0.8516012141517446,0.9626018704025993,0.1679824082545262,0.0,-2.9915580893822507e-13,-5.336658663347744,0.0,,0.0,0.3877395869060505,0.0,27.693843217893527,True
lift_and_cruse,cruise_287,0.8810753242555656,0.0,1174.983614020099,1221.396279917147,531.3568569968713,0.8516012141517492,0.9626018704026006,0.167982408254496,0.0,-2.9915580893820377e-13,-5.336658663347744,0.0,,0.0,0.38773958690604443,0.0,27.71238662905655,True
lift_and_cruse,cruise_287,0.8811238837949432,0.0,1174.9836140201253,1221.3962799172748,531.3568569966919,0.8516012141517425,0.962601870402606,0.16798240825445748,0.0,-2.9915580893823507e-13,-5.336658663347744,0.0,,0.0,0.38773958690605315,0.0,27.72909366521915,True
lift_and_cruse,cruise_287,0.8811574927109124,0.0,1174.9836140200987,1221.3962799171459,531.3568569969442,0.851601214151749,0.9626018704025985,0.1679824082545229,0.0,-2.9915580893820346e-13,-5.336658663347744,0.0,,0.0,0.3877395869060443,0.0,27.740655292970974,True
lift_and_cruse,cruise_287,0.88116948851965,0.0,1174.9836140201312,1221.3962799173041,531.3568569966221,0.851601214151741,0.962601870402608,0.16798240825443325,0.0,-2.9915580893824224e-13,-5.336658663347744,0.0,,0.0,0.3877395869060551,0.0,27.744781590141706,True
lift_and_cruse,cruise_288,0.8811668527884473,0.0,1174.9803325225007,1221.3952305111652,531.3558268023401,0.8516006551935081,0.9626018272204973,0.16798302085586747,0.0,-2.991555519078684e-13,-5.336658663347744,0.0,,0.0,0.38773850402581705,0.0,27.744781590141706,True
lift_and_cruse,cruise_288,0.8811788489788872,0.0,1174.980332522411,1221.395230510727,531.3558268021548,0.8516006551935307,0.9626018272205004,0.16798302085585,0.0,-2.991555519077611e-13,-5.336658663347744,0.0,,0.0,0.38773850402578736,0.0,27.748907887312438,True
lift_and_cruse,cruise_288,0.8812124641514064,0.0,1174.9803325224443,1221.3952305108917,531.3558268022216,0.8516006551935221,0.9626018272204991,0.1679830208558422,0.0,-2.991555519078014e-13,-5.336658663347744,0.0,,0.0,0.3877385040257984,0.0,27.76046951506426,True
lift_and_cruse,cruise_288,0.8812610462372428,0.0,1174.9803325224398,1221.3952305108714,531.3558268022459,0.8516006551935232,0.9626018272204985,0.16798302085585629,0.0,-2.991555519077965e-13,-5.336658663347744,0.0,,0.0,0.3877385040257969,0.0,27.77717655122686,True
lift_and_cruse,cruise_288,0.8813149776343842,0.0,1174.9803325224375,1221.3952305108587,531.3558268022641,0.8516006551935238,0.9626018272204978,0.16798302085586606,0.0,-2.9915555190779335e-13,-5.336658663347744,0.0,,0.0,0.3877385040257961,0.0,27.79571996238988,True
lift_and_cruse,cruise_288,0.8813635765700296,0.0,1174.9803325224518,1221.3952305109267,531.3558268022247,0.8516006551935206,0.9626018272204993,0.1679830208558476,0.0,-2.9915555190781e-13,-5.336658663347744,0.0,,0.0,0.38773850402580085,0.0,27.812426998552485,True
lift_and_cruse,cruise_288,0.8813972127538758,0.0,1174.9803325224557,1221.395230510947,531.3558268023006,0.8516006551935194,0.9626018272204973,0.1679830208558694,0.0,-2.9915555190781495e-13,-5.336658663347744,0.0,,0.0,0.3877385040258021,0.0,27.823988626304306,True
lift_and_cruse,cruise_288,0.8814092182953353,0.0,1174.9803325224598,1221.3952305109663,531.3558268021882,0.8516006551935186,0.9626018272205005,0.167983020855845,0.0,-2.991555519078197e-13,-5.336658663347744,0.0,,0.0,0.38773850402580345,0.0,27.828114923475038,True
lift_and_cruse,cruise_289,0.8814065588624618,0.0,1174.9770227763415,1221.3941721596234,531.354787761275,0.8516000914098406,0.9626017836658609,0.16798363874196862,0.0,-2.9915529268650283e-13,-5.336658663347744,0.0,,0.0,0.38773741182368476,0.0,27.828114923475038,True
lift_and_cruse,cruise_289,0.8814185647852185,0.0,1174.9770227763186,1221.3941721595122,531.3547877612627,0.8516000914098464,0.9626017836658608,0.167983638741952,0.0,-2.9915529268647557e-13,-5.336658663347744,0.0,,0.0,0.3877374118236773,0.0,27.83224122064577,True
lift_and_cruse,cruise_289,0.8814522072295292,0.0,1174.977022776329,1221.3941721595634,531.3547877613114,0.851600091409844,0.9626017836658597,0.16798363874196642,0.0,-2.991552926864881e-13,-5.336658663347744,0.0,,0.0,0.38773741182368077,0.0,27.84380284839759,True
lift_and_cruse,cruise_289,0.8815008287312043,0.0,1174.9770227763286,1221.3941721595609,531.3547877612385,0.8516000914098436,0.9626017836658617,0.1679836387419481,0.0,-2.991552926864875e-13,-5.336658663347744,0.0,,0.0,0.3877374118236805,0.0,27.860509884560194,True
lift_and_cruse,cruise_289,0.8815548038862184,0.0,1174.977022776325,1221.394172159544,531.3547877612781,0.8516000914098446,0.9626017836658605,0.16798363874195507,0.0,-2.991552926864834e-13,-5.336658663347744,0.0,,0.0,0.3877374118236793,0.0,27.879053295723217,True
lift_and_cruse,cruise_289,0.8816034422549838,0.0,1174.9770227763327,1221.394172159581,531.3547877612324,0.851600091409843,0.962601783665862,0.1679836387419559,0.0,-2.9915529268649243e-13,-5.336658663347744,0.0,,0.0,0.38773741182368193,0.0,27.895760331885818,True
lift_and_cruse,cruise_289,0.8816371057321969,0.0,1174.9770227763377,1221.3941721596052,531.3547877612963,0.8516000914098416,0.9626017836658602,0.1679836387419721,0.0,-2.9915529268649834e-13,-5.336658663347744,0.0,,0.0,0.38773741182368354,0.0,27.90732195963764,True
lift_and_cruse,cruise_289,0.8816491210154918,0.0,1174.9770227763302,1221.3941721595672,531.3547877612872,0.8516000914098437,0.9626017836658605,0.1679836387419628,0.0,-2.9915529268648905e-13,-5.336658663347744,0.0,,0.0,0.3877374118236811,0.0,27.91144825680837,True
lift_and_cruse,cruise_290,0.8816464374381322,0.0,1174.973684253094,1221.3931046960683,531.3537397083745,0.8515995227103377,0.9626017397317145,0.16798426201173872,0.0,-2.991550312333376e-13,-5.336658663347744,0.0,,0.0,0.38773631012523607,0.0,27.91144825680837,True
lift_and_cruse,cruise_290,0.8816584531013176,0.0,1174.9736842521554,1221.3931046915095,531.353739706697,0.8515995227105753,0.96260173973174,0.16798426201146796,0.0,-2.9915503123222104e-13,-5.336658663347744,0.0,,0.0,0.3877363101249264,0.0,27.915574553979102,True
lift_and_cruse,cruise_290,0.8816921228429573,0.0,1174.9736842522223,1221.3931046918337,531.3537397067973,0.8515995227105586,0.9626017397317388,0.1679842620114912,0.0,-2.9915503123230045e-13,-5.336658663347744,0.0,,0.0,0.38773631012494836,0.0,27.927136181730926,True
lift_and_cruse,cruise_290,0.881740783797302,0.0,1174.9736842522436,1221.3931046919372,531.3537397068764,0.8515995227105531,0.962601739731737,0.16798426201149858,0.0,-2.991550312323258e-13,-5.336658663347744,0.0,,0.0,0.3877363101249555,0.0,27.943843217893527,True
lift_and_cruse,cruise_290,0.8817948027509867,0.0,1174.9736842521827,1221.3931046916407,531.3537397067607,0.8515995227105686,0.9626017397317388,0.167984262011476,0.0,-2.9915503123225315e-13,-5.336658663347744,0.0,,0.0,0.38773631012493537,0.0,27.96238662905655,True
lift_and_cruse,cruise_290,0.8818434805896108,0.0,1174.9736842521004,1221.3931046912412,531.3537397066241,0.8515995227105895,0.9626017397317407,0.1679842620114629,0.0,-2.991550312321553e-13,-5.336658663347744,0.0,,0.0,0.3877363101249082,0.0,27.97909366521915,True
lift_and_cruse,cruise_290,0.881877171385611,0.0,1174.973684252047,1221.3931046909815,531.3537397064568,0.8515995227106026,0.9626017397317441,0.1679842620114333,0.0,-2.9915503123209174e-13,-5.336658663347744,0.0,,0.0,0.38773631012489057,0.0,27.990655292970974,True
lift_and_cruse,cruise_290,0.8818891964197745,0.0,1174.9736842519653,1221.3931046905864,531.3537397064174,0.8515995227106236,0.9626017397317435,0.1679842620114226,0.0,-2.9915503123199496e-13,-5.336658663347744,0.0,,0.0,0.38773631012486365,0.0,27.994781590141706,True
lift_and_cruse,cruise_291,0.8818864882436792,0.0,1174.970316409058,1221.392027950036,531.3526824738852,0.851598949001922,0.9626016954108717,0.16798489076712303,0.0,-2.9915476750662124e-13,-5.336658663347744,0.0,,0.0,0.38773519875105206,0.0,27.994781590141706,True
lift_and_cruse,cruise_291,0.8818985136581772,0.0,1174.9703164090292,1221.3920279498961,531.3526824738487,0.8515989490019295,0.962601695410872,0.16798489076712014,0.0,-2.9915476750658696e-13,-5.336658663347744,0.0,,0.0,0.3877351987510425,0.0,27.998907887312438,True
lift_and_cruse,cruise_291,0.8819322107224771,0.0,1174.970316409037,1221.3920279499334,531.3526824739096,0.8515989490019275,0.9626016954108706,0.167984890767132,0.0,-2.991547675065961e-13,-5.336658663347744,0.0,,0.0,0.3877351987510451,0.0,28.01046951506426,True
lift_and_cruse,cruise_291,0.8819809111662014,0.0,1174.9703164090313,1221.3920279499052,531.3526824738791,0.8515989490019286,0.9626016954108714,0.16798489076711742,0.0,-2.991547675065892e-13,-5.336658663347744,0.0,,0.0,0.38773519875104323,0.0,28.02717655122686,True
lift_and_cruse,cruise_291,0.8820349739594953,0.0,1174.9703164090317,1221.3920279499073,531.3526824738731,0.8515989490019288,0.9626016954108715,0.1679848907671248,0.0,-2.991547675065897e-13,-5.336658663347744,0.0,,0.0,0.38773519875104334,0.0,28.04571996238988,True
lift_and_cruse,cruise_291,0.8820836913049357,0.0,1174.9703164090395,1221.3920279499453,531.3526824738731,0.8515989490019268,0.9626016954108717,0.16798489076712664,0.0,-2.9915476750659903e-13,-5.336658663347744,0.0,,0.0,0.38773519875104595,0.0,28.062426998552485,True
lift_and_cruse,cruise_291,0.8821174094452948,0.0,1174.9703164090304,1221.3920279499011,531.3526824738427,0.8515989490019292,0.9626016954108723,0.1679848907671205,0.0,-2.991547675065882e-13,-5.336658663347744,0.0,,0.0,0.3877351987510429,0.0,28.073988626304306,True
lift_and_cruse,cruise_291,0.8821294442395587,0.0,1174.9703164090308,1221.3920279499048,531.3526824738549,0.8515989490019289,0.9626016954108719,0.16798489076712045,0.0,-2.991547675065891e-13,-5.336658663347744,0.0,,0.0,0.38773519875104306,0.0,28.078114923475038,True
lift_and_cruse,cruise_292,0.8821267109933408,0.0,1174.966918684111,1221.3909417437549,531.351615882237,0.8515983701889059,0.9626016506959487,0.16798552511287193,0.0,-2.9915450146281213e-13,-5.336658663347744,0.0,,0.0,0.3877340775162947,0.0,28.078114923475038,True
lift_and_cruse,cruise_292,0.8821387461673134,0.0,1174.9669186840795,1221.390941743602,531.3516158821215,0.8515983701889145,0.9626016506959513,0.16798552511284912,0.0,-2.991545014627747e-13,-5.336658663347744,0.0,,0.0,0.3877340775162843,0.0,28.08224122064577,True
lift_and_cruse,cruise_292,0.8821724705797372,0.0,1174.966918684085,1221.3909417436284,531.351615882155,0.8515983701889126,0.9626016506959504,0.1679855251128652,0.0,-2.991545014627812e-13,-5.336658663347744,0.0,,0.0,0.387734077516286,0.0,28.09380284839759,True
lift_and_cruse,cruise_292,0.8822212105496064,0.0,1174.966918684082,1221.390941743614,531.3516158822066,0.8515983701889136,0.9626016506959489,0.1679855251128647,0.0,-2.991545014627776e-13,-5.336658663347744,0.0,,0.0,0.38773407751628514,0.0,28.110509884560194,True
lift_and_cruse,cruise_292,0.8822753172232327,0.0,1174.966918684093,1221.3909417436682,531.3516158821853,0.8515983701889107,0.9626016506959498,0.16798552511287057,0.0,-2.9915450146279093e-13,-5.336658663347744,0.0,,0.0,0.38773407751628863,0.0,28.129053295723217,True
lift_and_cruse,cruise_292,0.8823240741121279,0.0,1174.9669186840783,1221.3909417435968,531.351615882167,0.8515983701889142,0.9626016506959499,0.16798552511286563,0.0,-2.9915450146277346e-13,-5.336658663347744,0.0,,0.0,0.38773407751628386,0.0,28.145760331885818,True
lift_and_cruse,cruise_292,0.8823578196222521,0.0,1174.9669186840888,1221.3909417436475,531.351615882167,0.8515983701889116,0.9626016506959502,0.16798552511287365,0.0,-2.991545014627859e-13,-5.336658663347744,0.0,,0.0,0.3877340775162873,0.0,28.15732195963764,True
lift_and_cruse,cruise_292,0.882369864185612,0.0,1174.9669186840829,1221.3909417436178,531.351615882167,0.8515983701889132,0.96260165069595,0.16798552511286152,0.0,-2.9915450146277856e-13,-5.336658663347744,0.0,,0.0,0.38773407751628547,0.0,28.16144825680837,True
lift_and_cruse,cruise_293,0.8823671053872295,0.0,1174.9634905015018,1221.38984589403,531.350539752362,0.8515977861727743,0.96260160557935,0.16798616515682857,0.0,-2.991542330570406e-13,-5.336658663347744,0.0,,0.0,0.3877329462306386,0.0,28.16144825680837,True
lift_and_cruse,cruise_293,0.8823791503302428,0.0,1174.9634905019695,1221.3898458963022,531.3505397532646,0.8515977861726557,0.9626016055793356,0.16798616515696094,0.0,-2.991542330575971e-13,-5.336658663347744,0.0,,0.0,0.3877329462307929,0.0,28.165574553979102,True
lift_and_cruse,cruise_293,0.8824129021157037,0.0,1174.9634905014962,1221.389845894003,531.3505397524167,0.8515977861727755,0.9626016055793486,0.16798616515682493,0.0,-2.9915423305703397e-13,-5.336658663347744,0.0,,0.0,0.3877329462306367,0.0,28.177136181730926,True
lift_and_cruse,cruise_293,0.8824616816476007,0.0,1174.9634905006876,1221.3898458900767,531.3505397509823,0.8515977861729803,0.9626016055793702,0.16798616515659914,0.0,-2.991542330560723e-13,-5.336658663347744,0.0,,0.0,0.38773294623036986,0.0,28.193843217893527,True
lift_and_cruse,cruise_293,0.8825158322434613,0.0,1174.9634905018868,1221.3898458959006,531.3505397531309,0.8515977861726767,0.9626016055793375,0.16798616515694645,0.0,-2.9915423305749875e-13,-5.336658663347744,0.0,,0.0,0.3877329462307656,0.0,28.21238662905655,True
lift_and_cruse,cruise_293,0.8825646287116966,0.0,1174.9634905010266,1221.3898458917233,531.3505397515293,0.8515977861728945,0.9626016055793626,0.16798616515668532,0.0,-2.991542330564756e-13,-5.336658663347744,0.0,,0.0,0.38773294623048177,0.0,28.22909366521915,True
lift_and_cruse,cruise_293,0.8825984016190926,0.0,1174.9634905031703,1221.3898459021339,531.350539755483,0.8515977861723517,0.9626016055793011,0.16798616515731393,0.0,-2.9915423305902543e-13,-5.336658663347744,0.0,,0.0,0.38773294623118915,0.0,28.240655292970974,True
lift_and_cruse,cruise_293,0.8826104559595995,0.0,1174.9634905021321,1221.3898458970916,531.3505397535897,0.8515977861726143,0.9626016055793302,0.16798616515702017,0.0,-2.9915423305779047e-13,-5.336658663347744,0.0,,0.0,0.3877329462308466,0.0,28.244781590141706,True
lift_and_cruse,cruise_294,0.8826076711688879,0.0,1174.9600313257506,1221.3887404964753,531.3494540047049,0.8515971968372383,0.9626015600516008,0.1679868110270126,0.0,-2.9915396231272514e-13,-5.336658663347744,0.0,,0.0,0.3877318047173776,0.0,28.244781590141706,True
lift_and_cruse,cruise_294,0.8826197258330382,0.0,1174.9600312692971,1221.3887402223131,531.3494539020286,0.8515971968515327,0.9626015600531816,0.16798681101069488,0.0,-2.9915396224557477e-13,-5.336658663347744,0.0,,0.0,0.38773180469874824,0.0,28.248907887312438,True
lift_and_cruse,cruise_294,0.8826535050181089,0.0,1174.9600312695732,1221.3887402236537,531.3494539025087,0.8515971968514625,0.9626015600531745,0.16798681101076615,0.0,-2.9915396224590314e-13,-5.336658663347744,0.0,,0.0,0.38773180469883933,0.0,28.26046951506426,True
lift_and_cruse,cruise_294,0.882702324150266,0.0,1174.9600312695568,1221.3887402235746,531.3494539025239,0.8515971968514667,0.9626015600531738,0.16798681101077598,0.0,-2.9915396224588375e-13,-5.336658663347744,0.0,,0.0,0.38773180469883384,0.0,28.27717655122686,True
lift_and_cruse,cruise_294,0.8827565187068217,0.0,1174.9600312696982,1221.3887402242615,531.3494539028187,0.8515971968514308,0.9626015600531688,0.16798681101081786,0.0,-2.99153962246052e-13,-5.336658663347744,0.0,,0.0,0.3877318046988805,0.0,28.29571996238988,True
lift_and_cruse,cruise_294,0.8828053547927214,0.0,1174.960031269663,1221.3887402240898,531.3494539027246,0.8515971968514399,0.9626015600531705,0.16798681101080398,0.0,-2.991539622460099e-13,-5.336658663347744,0.0,,0.0,0.387731804698869,0.0,28.312426998552485,True
lift_and_cruse,cruise_294,0.8828391551183825,0.0,1174.9600312695259,1221.388740223424,531.3494539024692,0.8515971968514745,0.9626015600531745,0.16798681101076643,0.0,-2.991539622458469e-13,-5.336658663347744,0.0,,0.0,0.3877318046988237,0.0,28.323988626304306,True
lift_and_cruse,cruise_294,0.8828512192470173,0.0,1174.9600312693938,1221.3887402227824,531.3494539022413,0.851597196851508,0.962601560053178,0.1679868110107257,0.0,-2.9915396224568973e-13,-5.336658663347744,0.0,,0.0,0.3877318046987801,0.0,28.328114923475038,True
lift_and_cruse,cruise_295,0.882848407837868,0.0,1174.956540372767,1221.3876245209233,531.3483581342293,0.8515966021213371,0.9626015141094576,0.16798746278812624,0.0,-2.991536889775476e-13,-5.336658663347744,0.0,,0.0,0.3877306527177653,0.0,28.328114923475038,True
lift_and_cruse,cruise_295,0.8828604723428338,0.0,1174.9565403709605,1221.3876245121514,531.3483581309107,0.8515966021217946,0.9626015141095091,0.16798746278760054,0.0,-2.991536889753991e-13,-5.336658663347744,0.0,,0.0,0.3877306527171691,0.0,28.33224122064577,True
lift_and_cruse,cruise_295,0.8828942789535662,0.0,1174.9565403727165,1221.3876245206802,531.3483581341077,0.8515966021213497,0.9626015141094598,0.16798746278810123,0.0,-2.9915368897748806e-13,-5.336658663347744,0.0,,0.0,0.38773065271774865,0.0,28.34380284839759,True
lift_and_cruse,cruise_295,0.882943137715068,0.0,1174.9565403659208,1221.3876244876744,531.3483581217663,0.8515966021230706,0.9626015141096494,0.16798746278614834,0.0,-2.9915368896940396e-13,-5.336658663347744,0.0,,0.0,0.38773065271550616,0.0,28.360509884560194,True
lift_and_cruse,cruise_295,0.8829973762806493,0.0,1174.956540372766,1221.3876245209178,531.3483581342506,0.8515966021213371,0.962601514109457,0.16798746278813784,0.0,-2.9915368897754627e-13,-5.336658663347744,0.0,,0.0,0.387730652717765,0.0,28.379053295723217,True
lift_and_cruse,cruise_295,0.8830462520184806,0.0,1174.9565403711904,1221.3876245132665,531.3483581312997,0.851596602121736,0.9626015141095033,0.16798746278765808,0.0,-2.9915368897567224e-13,-5.336658663347744,0.0,,0.0,0.38773065271724505,0.0,28.395760331885818,True
lift_and_cruse,cruise_295,0.8830800797901796,0.0,1174.956540371214,1221.3876245133813,531.3483581314122,0.8515966021217302,0.9626015141095008,0.16798746278768503,0.0,-2.9915368897570036e-13,-5.336658663347744,0.0,,0.0,0.3877306527172528,0.0,28.40732195963764,True
lift_and_cruse,cruise_295,0.883092153713053,0.0,1174.9565403690324,1221.3876245027868,531.3483581274189,0.8515966021222826,0.9626015141095626,0.16798746278704396,0.0,-2.9915368897310543e-13,-5.336658663347744,0.0,,0.0,0.3877306527165329,0.0,28.41144825680837,True
lift_and_cruse,cruise_296,0.8830893152189438,0.0,1174.9530171837155,1221.386498601717,531.3472522556644,0.8515960018738178,0.9626014677397976,0.16798812060779247,0.0,-2.9915341320687717e-13,-5.336658663347744,0.0,,0.0,0.38772949008038804,0.0,28.41144825680837,True
lift_and_cruse,cruise_296,0.8831013895213072,0.0,1174.9530171836664,1221.3864986014787,531.3472522555885,0.8515960018738303,0.9626014677397985,0.16798812060777912,0.0,-2.991534132068188e-13,-5.336658663347744,0.0,,0.0,0.3877294900803717,0.0,28.415574553979102,True
lift_and_cruse,cruise_296,0.883135223579773,0.0,1174.9530171836627,1221.3864986014623,531.3472522555186,0.8515960018738312,0.9626014677398004,0.16798812060776072,0.0,-2.991534132068148e-13,-5.336658663347744,0.0,,0.0,0.38772949008037055,0.0,28.427136181730926,True
lift_and_cruse,cruise_296,0.8831841220206468,0.0,1174.953017183661,1221.3864986014548,531.3472522555215,0.8515960018738317,0.9626014677398003,0.16798812060776294,0.0,-2.9915341320681295e-13,-5.336658663347744,0.0,,0.0,0.38772949008036994,0.0,28.443843217893527,True
lift_and_cruse,cruise_296,0.8832384046223852,0.0,1174.9530171836554,1221.3864986014269,531.3472522555642,0.8515960018738332,0.962601467739799,0.16798812060776275,0.0,-2.9915341320680614e-13,-5.336658663347744,0.0,,0.0,0.3877294900803682,0.0,28.46238662905655,True
lift_and_cruse,cruise_296,0.8832873200518091,0.0,1174.953017183648,1221.3864986013891,531.3472522554912,0.851596001873835,0.9626014677398008,0.1679881206077539,0.0,-2.991534132067969e-13,-5.336658663347744,0.0,,0.0,0.38772949008036567,0.0,28.47909366521915,True
lift_and_cruse,cruise_296,0.8833211752946784,0.0,1174.9530171836525,1221.3864986014116,531.3472522555915,0.8515960018738339,0.9626014677397982,0.16798812060776516,0.0,-2.991534132068024e-13,-5.336658663347744,0.0,,0.0,0.38772949008036717,0.0,28.490655292970974,True
lift_and_cruse,cruise_296,0.8833332590250271,0.0,1174.9530171836511,1221.3864986014044,531.3472522555702,0.8515960018738343,0.9626014677397987,0.16798812060776933,0.0,-2.991534132068006e-13,-5.336658663347744,0.0,,0.0,0.3877294900803668,0.0,28.494781590141706,True
lift_and_cruse,cruise_297,0.8833303928946651,0.0,1174.9494610526929,1221.385362261831,531.3461360636375,0.8515953959977193,0.962601420935616,0.16798878459142122,0.0,-2.9915313488387636e-13,-5.336658663347744,0.0,,0.0,0.3877283165723005,0.0,28.494781590141706,True
lift_and_cruse,cruise_297,0.8833424747464625,0.0,1174.9494587823776,1221.3853512362718,531.3461319344684,0.8515953965725676,0.9626014209991911,0.16798878393513061,0.0,-2.9915313218339323e-13,-5.336658663347744,0.0,,0.0,0.3877283158231062,0.0,28.498907887312438,True
lift_and_cruse,cruise_297,0.8833763360975788,0.0,1174.9494585995712,1221.3853503484931,531.3461316018812,0.8515953966188543,0.9626014210043131,0.16798878388228192,0.0,-2.9915313196595015e-13,-5.336658663347744,0.0,,0.0,0.38772831576278083,0.0,28.51046951506426,True
lift_and_cruse,cruise_297,0.8834252739017372,0.0,1174.9494582522877,1221.385348661946,531.3461309703307,0.8515953967067876,0.962601421014036,0.16798878378190174,0.0,-2.991531315528652e-13,-5.336658663347744,0.0,,0.0,0.3877283156481787,0.0,28.52717655122686,True
lift_and_cruse,cruise_297,0.8834796008155625,0.0,1174.949458483308,1221.3853497838702,531.3461313905358,0.8515953966482921,0.9626014210075657,0.16798878384869176,0.0,-2.991531318276574e-13,-5.336658663347744,0.0,,0.0,0.38772831572441446,0.0,28.54571996238988,True
lift_and_cruse,cruise_297,0.8835285558493206,0.0,1174.9494583611306,1221.3853491905302,531.3461311683076,0.8515953966792278,0.9626014210109876,0.16798878381336646,0.0,-2.99153131682331e-13,-5.336658663347744,0.0,,0.0,0.3877283156840964,0.0,28.562426998552485,True
lift_and_cruse,cruise_297,0.8835624387098303,0.0,1174.9494584836577,1221.3853497855696,531.346131391098,0.8515953966482037,0.9626014210075581,0.16798878384878188,0.0,-2.991531318280736e-13,-5.336658663347744,0.0,,0.0,0.3877283157245299,0.0,28.573988626304306,True
lift_and_cruse,cruise_297,0.8835745323090964,0.0,1174.949458538778,1221.385350053258,531.34613149134,0.8515953966342472,0.9626014210060148,0.167988783864704,0.0,-2.991531318936384e-13,-5.336658663347744,0.0,,0.0,0.38772831574271927,0.0,28.578114923475038,True
lift_and_cruse,cruise_298,0.8835716404807246,0.0,1174.9458713069673,1221.3842152775214,531.3450093445297,0.8515947843790653,0.962601373688119,0.16798945486398748,0.0,-2.9915285395374367e-13,-5.336658663347744,0.0,,0.0,0.38772713197150427,0.0,28.578114923475038,True
lift_and_cruse,cruise_298,0.8835837344014952,0.0,1174.9458713070007,1221.3842152776838,531.3450093445753,0.8515947843790572,0.9626013736881185,0.16798945486399067,0.0,-2.9915285395378345e-13,-5.336658663347744,0.0,,0.0,0.38772713197151526,0.0,28.58224122064577,True
lift_and_cruse,cruise_298,0.8836176234346605,0.0,1174.945871306999,1221.3842152776756,531.3450093445631,0.8515947843790577,0.9626013736881188,0.16798945486400135,0.0,-2.9915285395378143e-13,-5.336658663347744,0.0,,0.0,0.38772713197151476,0.0,28.59380284839759,True
lift_and_cruse,cruise_298,0.8836666013302533,0.0,1174.9458713070028,1221.384215277693,531.3450093446056,0.8515947843790567,0.9626013736881177,0.16798945486399483,0.0,-2.991528539537857e-13,-5.336658663347744,0.0,,0.0,0.38772713197151604,0.0,28.610509884560194,True
lift_and_cruse,cruise_298,0.8837209721394179,0.0,1174.945871307006,1221.3842152777092,531.3450093445934,0.8515947843790559,0.9626013736881182,0.16798945486400135,0.0,-2.9915285395378966e-13,-5.336658663347744,0.0,,0.0,0.38772713197151704,0.0,28.629053295723217,True
lift_and_cruse,cruise_298,0.8837699670584249,0.0,1174.9458713070003,1221.3842152776822,531.3450093446512,0.8515947843790572,0.9626013736881165,0.16798945486400213,0.0,-2.9915285395378305e-13,-5.336658663347744,0.0,,0.0,0.3877271319715152,0.0,28.645760331885818,True
lift_and_cruse,cruise_298,0.8838038773194538,0.0,1174.9458713070037,1221.3842152776983,531.3450093446025,0.8515947843790566,0.9626013736881178,0.1679894548639942,0.0,-2.99152853953787e-13,-5.336658663347744,0.0,,0.0,0.38772713197151626,0.0,28.65732195963764,True
lift_and_cruse,cruise_298,0.8838159806874739,0.0,1174.9458713069992,1221.384215277676,531.3450093445813,0.8515947843790574,0.9626013736881183,0.16798945486399386,0.0,-2.9915285395378153e-13,-5.336658663347744,0.0,,0.0,0.38772713197151487,0.0,28.66144825680837,True
lift_and_cruse,cruise_299,0.883813055902202,0.0,1174.9422455625527,1221.3830492107409,531.3438688041059,0.8515941673281919,0.9626013260355648,0.16799013106585378,0.0,-2.991525683497536e-13,-5.336658663347744,0.0,,0.0,0.387725935491294,0.0,28.66144825680837,True
lift_and_cruse,cruise_299,0.8838251613311617,0.0,1174.9422472576514,1221.3830574427525,531.343871885859,0.8515941668989889,0.9626013259881309,0.16799013155545106,0.0,-2.991525703660149e-13,-5.336658663347744,0.0,,0.0,0.3877259360506694,0.0,28.665574553979102,True
lift_and_cruse,cruise_299,0.8838590778894662,0.0,1174.9422472576541,1221.3830574427657,531.3438718858104,0.8515941668989881,0.9626013259881323,0.16799013155545114,0.0,-2.9915257036601815e-13,-5.336658663347744,0.0,,0.0,0.38772593605067024,0.0,28.677136181730926,True
lift_and_cruse,cruise_299,0.8839080955666002,0.0,1174.9422472572255,1221.3830574406823,531.3438718850537,0.8515941668990966,0.9626013259881435,0.1679901315553266,0.0,-2.991525703655079e-13,-5.336658663347744,0.0,,0.0,0.38772593605052885,0.0,28.693843217893527,True
lift_and_cruse,cruise_299,0.883962510539627,0.0,1174.9422472567428,1221.3830574383392,531.3438718841815,0.8515941668992186,0.9626013259881571,0.1679901315551929,0.0,-2.99152570364934e-13,-5.336658663347744,0.0,,0.0,0.3877259360503696,0.0,28.71238662905655,True
lift_and_cruse,cruise_299,0.8840115452576833,0.0,1174.9422472563606,1221.383057436483,531.3438718834612,0.8515941668993156,0.9626013259881685,0.16799013155507017,0.0,-2.9915257036447936e-13,-5.336658663347744,0.0,,0.0,0.3877259360502434,0.0,28.72909366521915,True
lift_and_cruse,cruise_299,0.8840454830636052,0.0,1174.942247254339,1221.3830574266642,531.3438718797931,0.8515941668998276,0.9626013259882247,0.16799013155449272,0.0,-2.9915257036207445e-13,-5.336658663347744,0.0,,0.0,0.3877259360495764,0.0,28.740655292970974,True
lift_and_cruse,cruise_299,0.8840575962648088,0.0,1174.9422472551837,1221.3830574307676,531.3438718813552,0.8515941668996136,0.9626013259882004,0.16799013155474454,0.0,-2.991525703630795e-13,-5.336658663347744,0.0,,0.0,0.3877259360498551,0.0,28.744781590141706,True
lift_and_cruse,cruise_300,0.8840546437964519,0.0,1174.9385881904789,1221.3818885284977,531.3427234630055,0.8515935434356776,0.962601277826255,0.16799081479922146,0.0,-2.991522840645948e-13,-5.336658663347744,0.0,,0.0,0.387724728574091,0.0,28.744781590141706,True
lift_and_cruse,cruise_300,0.884066757371448,0.0,1174.9385881904675,1221.3818885284427,531.3427234630177,0.8515935434356806,0.9626012778262544,0.1679908147992201,0.0,-2.9915228406458134e-13,-5.336658663347744,0.0,,0.0,0.38772472857408724,0.0,28.748907887312438,True
lift_and_cruse,cruise_300,0.8841007014800081,0.0,1174.938588190446,1221.3818885283383,531.3427234630237,0.8515935434356862,0.9626012778262537,0.16799081479921424,0.0,-2.991522840645558e-13,-5.336658663347744,0.0,,0.0,0.3877247285740802,0.0,28.76046951506426,True
lift_and_cruse,cruise_300,0.8841497589759075,0.0,1174.9385881904843,1221.3818885285255,531.3427234630664,0.8515935434356764,0.9626012778262535,0.16799081479924308,0.0,-2.9915228406460163e-13,-5.336658663347744,0.0,,0.0,0.38772472857409274,0.0,28.77717655122686,True
lift_and_cruse,cruise_300,0.8842042181540908,0.0,1174.9385881904834,1221.3818885285198,531.3427234630146,0.8515935434356766,0.9626012778262549,0.1679908147992203,0.0,-2.991522840646002e-13,-5.336658663347744,0.0,,0.0,0.3877247285740925,0.0,28.79571996238988,True
lift_and_cruse,cruise_300,0.8842532927083067,0.0,1174.9385881904816,1221.3818885285114,531.3427234630511,0.8515935434356771,0.9626012778262538,0.16799081479922554,0.0,-2.9915228406459815e-13,-5.336658663347744,0.0,,0.0,0.3877247285740919,0.0,28.812426998552485,True
lift_and_cruse,cruise_300,0.8842872580882907,0.0,1174.938588190467,1221.3818885284404,531.3427234630541,0.8515935434356808,0.9626012778262534,0.16799081479922662,0.0,-2.991522840645808e-13,-5.336658663347744,0.0,,0.0,0.38772472857408713,0.0,28.823988626304306,True
lift_and_cruse,cruise_300,0.8842993811299673,0.0,1174.9385881904689,1221.3818885284488,531.3427234629995,0.8515935434356803,0.9626012778262549,0.16799081479922043,0.0,-2.9915228406458285e-13,-5.336658663347744,0.0,,0.0,0.38772472857408763,0.0,28.828114923475038,True
lift_and_cruse,cruise_301,0.8842963986848883,0.0,1174.9348933825966,1221.3807083686954,531.3415638707049,0.8515929138597172,0.9626012291923786,0.16799150473718963,0.0,-2.9915199500880994e-13,-5.336658663347744,0.0,,0.0,0.3877235093032306,0.0,28.828114923475038,True
lift_and_cruse,cruise_301,0.8843085220883841,0.0,1174.9348933704596,1221.380708309754,531.3415638484714,0.8515929138627899,0.9626012291927227,0.1679915047336443,0.0,-2.9915199499437346e-13,-5.336658663347744,0.0,,0.0,0.38772350929922544,0.0,28.83224122064577,True
lift_and_cruse,cruise_301,0.884342493772357,0.0,1174.9348933704832,1221.3807083098704,531.3415638485595,0.8515929138627839,0.9626012291927208,0.16799150473365682,0.0,-2.99151994994402e-13,-5.336658663347744,0.0,,0.0,0.3877235092992332,0.0,28.84380284839759,True
lift_and_cruse,cruise_301,0.8843915911227572,0.0,1174.9348933704503,1221.3807083097097,531.3415638484531,0.8515929138627923,0.9626012291927231,0.1679915047336397,0.0,-2.991519949943626e-13,-5.336658663347744,0.0,,0.0,0.3877235092992224,0.0,28.860509884560194,True
lift_and_cruse,cruise_301,0.8844460945458,0.0,1174.9348933703577,1221.3807083092595,531.3415638483741,0.8515929138628162,0.9626012291927233,0.16799150473363555,0.0,-2.9915199499425234e-13,-5.336658663347744,0.0,,0.0,0.38772350929919186,0.0,28.879053295723217,True
lift_and_cruse,cruise_301,0.8844952089718631,0.0,1174.934893370144,1221.380708308223,531.3415638479245,0.8515929138628701,0.9626012291927308,0.16799150473356372,0.0,-2.9915199499399844e-13,-5.336658663347744,0.0,,0.0,0.3877235092991213,0.0,28.895760331885818,True
lift_and_cruse,cruise_301,0.8845292019490952,0.0,1174.9348933701974,1221.3807083084812,531.3415638480885,0.8515929138628568,0.9626012291927276,0.1679915047335864,0.0,-2.991519949940617e-13,-5.336658663347744,0.0,,0.0,0.38772350929913896,0.0,28.90732195963764,True
lift_and_cruse,cruise_301,0.8845413348411358,0.0,1174.9348933702797,1221.3807083088802,531.3415638482284,0.8515929138628358,0.9626012291927255,0.16799150473360938,0.0,-2.9915199499415944e-13,-5.336658663347744,0.0,,0.0,0.38772350929916616,0.0,28.91144825680837,True
lift_and_cruse,cruise_302,0.8845383217567396,0.0,1174.9311620328378,1221.3795165262209,531.340392796631,0.8515922780513125,0.962601180077614,0.1679922014999296,0.0,-2.9915170309159563e-13,-5.336658663347744,0.0,,0.0,0.38772227797370673,0.0,28.91144825680837,True
lift_and_cruse,cruise_302,0.884550455022311,0.0,1174.931162033321,1221.3795165285658,531.3403927974698,0.8515922780511905,0.9626011800776015,0.16799220150005478,0.0,-2.9915170309216997e-13,-5.336658663347744,0.0,,0.0,0.38772227797386616,0.0,28.915574553979102,True
lift_and_cruse,cruise_302,0.8845844543066678,0.0,1174.9311620333174,1221.3795165285496,531.3403927974273,0.8515922780511913,0.9626011800776026,0.16799220150005834,0.0,-2.9915170309216604e-13,-5.336658663347744,0.0,,0.0,0.38772227797386494,0.0,28.927136181730926,True
lift_and_cruse,cruise_302,0.884633591547894,0.0,1174.931162033337,1221.3795165286451,531.3403927974211,0.851592278051186,0.9626011800776032,0.1679922015000525,0.0,-2.991517030921894e-13,-5.336658663347744,0.0,,0.0,0.38772227797387143,0.0,28.943843217893527,True
lift_and_cruse,cruise_302,0.8846881392561565,0.0,1174.9311620333308,1221.379516528615,531.3403927975245,0.8515922780511875,0.9626011800776002,0.16799220150006833,0.0,-2.9915170309218204e-13,-5.336658663347744,0.0,,0.0,0.3877222779738693,0.0,28.96238662905655,True
lift_and_cruse,cruise_302,0.8847372935906681,0.0,1174.9311620332862,1221.3795165283989,531.3403927973786,0.8515922780511987,0.9626011800776033,0.1679922015000553,0.0,-2.991517030921291e-13,-5.336658663347744,0.0,,0.0,0.3877222779738546,0.0,28.97909366521915,True
lift_and_cruse,cruise_302,0.8847713141900906,0.0,1174.931162033284,1221.3795165283866,531.340392797412,0.8515922780511996,0.9626011800776023,0.16799220150005761,0.0,-2.991517030921261e-13,-5.336658663347744,0.0,,0.0,0.3877222779738539,0.0,28.990655292970974,True
lift_and_cruse,cruise_302,0.8847834569413148,0.0,1174.9311620333212,1221.3795165285692,531.3403927974758,0.8515922780511901,0.9626011800776013,0.1679922015000687,0.0,-2.9915170309217083e-13,-5.336658663347744,0.0,,0.0,0.3877222779738662,0.0,28.994781590141706,True
lift_and_cruse,cruise_303,0.8847804125752624,0.0,1174.9273933962236,1221.3783129509447,531.3392100693043,0.8515916358657788,0.9626011304704424,0.16799290524640634,0.0,-2.9915140830067373e-13,-5.336658663347744,0.0,,0.0,0.38772103433967936,0.0,28.994781590141706,True
lift_and_cruse,cruise_303,0.8847925556987214,0.0,1174.9273933961597,1221.378312950636,531.3392100691401,0.8515916358657953,0.9626011304704455,0.16799290524636726,0.0,-2.991514083005981e-13,-5.336658663347744,0.0,,0.0,0.38772103433965827,0.0,28.998907887312438,True
lift_and_cruse,cruise_303,0.8848265826084272,0.0,1174.927393396087,1221.3783129502822,531.339210069052,0.8515916358658137,0.9626011304704463,0.1679929052463558,0.0,-2.9915140830051147e-13,-5.336658663347744,0.0,,0.0,0.3877210343396342,0.0,29.01046951506426,True
lift_and_cruse,cruise_303,0.8848757597766693,0.0,1174.9273933962195,1221.3783129509275,531.3392100692556,0.8515916358657801,0.9626011304704437,0.16799290524639995,0.0,-2.991514083006695e-13,-5.336658663347744,0.0,,0.0,0.3877210343396779,0.0,29.02717655122686,True
lift_and_cruse,cruise_303,0.8849303518101824,0.0,1174.927393396225,1221.378312950951,531.339210069289,0.8515916358657791,0.9626011304704428,0.16799290524639965,0.0,-2.991514083006753e-13,-5.336658663347744,0.0,,0.0,0.38772103433967975,0.0,29.04571996238988,True
lift_and_cruse,cruise_303,0.8849795460891239,0.0,1174.9273933961808,1221.3783129507358,531.3392100691675,0.8515916358657901,0.9626011304704452,0.16799290524637117,0.0,-2.991514083006226e-13,-5.336658663347744,0.0,,0.0,0.38772103433966526,0.0,29.062426998552485,True
lift_and_cruse,cruise_303,0.8850135943358582,0.0,1174.927393396223,1221.3783129509425,531.3392100693164,0.8515916358657795,0.962601130470442,0.1679929052464119,0.0,-2.991514083006732e-13,-5.336658663347744,0.0,,0.0,0.3877210343396791,0.0,29.073988626304306,True
lift_and_cruse,cruise_303,0.885025746955204,0.0,1174.9273933962277,1221.378312950966,531.3392100692404,0.8515916358657782,0.9626011304704443,0.16799290524639132,0.0,-2.9915140830067893e-13,-5.336658663347744,0.0,,0.0,0.3877210343396807,0.0,29.078114923475038,True
lift_and_cruse,cruise_304,0.8850226688017506,0.0,1174.9235848161704,1221.3770884287655,531.3380120811362,0.8515909876313112,0.9626010804117635,0.16799361559583245,0.0,-2.991511083792403e-13,-5.336658663347744,0.0,,0.0,0.3877197775244873,0.0,29.078114923475038,True
lift_and_cruse,cruise_304,0.8850348214178212,0.0,1174.9235844404361,1221.377086604102,531.3380113959105,0.8515909877264485,0.9626010804223358,0.16799361548662717,0.0,-2.991511079323266e-13,-5.336658663347744,0.0,,0.0,0.38771977740049657,0.0,29.08224122064577,True
lift_and_cruse,cruise_304,0.885068876018377,0.0,1174.923584481456,1221.377086803305,531.3380114703756,0.8515909877160621,0.962601080421191,0.16799361549845557,0.0,-2.991511079811173e-13,-5.336658663347744,0.0,,0.0,0.3877197774140329,0.0,29.09380284839759,True
lift_and_cruse,cruise_304,0.8851180931588497,0.0,1174.9235844915652,1221.3770868523977,531.3380114887739,0.8515909877135024,0.9626010804209075,0.1679936155013721,0.0,-2.9915110799314155e-13,-5.336658663347744,0.0,,0.0,0.38771977741736896,0.0,29.110509884560194,True
lift_and_cruse,cruise_304,0.8851727295492494,0.0,1174.9235844839209,1221.3770868152762,531.3380114749159,0.8515909877154378,0.9626010804211204,0.16799361549917388,0.0,-2.991511079840494e-13,-5.336658663347744,0.0,,0.0,0.38771977741484637,0.0,29.129053295723217,True
lift_and_cruse,cruise_304,0.8852219638285418,0.0,1174.923584504464,1221.3770869150392,531.338011512156,0.8515909877102362,0.9626010804205485,0.16799361550508876,0.0,-2.991511080084843e-13,-5.336658663347744,0.0,,0.0,0.38771977742162556,0.0,29.145760331885818,True
lift_and_cruse,cruise_304,0.8852560397674778,0.0,1174.923584524989,1221.3770870147134,531.3380115495725,0.8515909877050395,0.9626010804199714,0.16799361551102962,0.0,-2.991511080328974e-13,-5.336658663347744,0.0,,0.0,0.3877197774283987,0.0,29.15732195963764,True
lift_and_cruse,cruise_304,0.8852682022708152,0.0,1174.9235845320943,1221.3770870492176,531.3380115624669,0.8515909877032402,0.9626010804197732,0.1679936155130888,0.0,-2.991511080413485e-13,-5.336658663347744,0.0,,0.0,0.3877197774307433,0.0,29.16144825680837,True
lift_and_cruse,cruise_305,0.8852650953313446,0.0,1174.9197408897983,1221.3758690961747,531.3368084529177,0.8515903318277889,0.9626010297383775,0.1679943342756272,0.0,-2.991508097288894e-13,-5.336658663347744,0.0,,0.0,0.38771850904516053,0.0,29.16144825680837,True
lift_and_cruse,cruise_305,0.8852772582082884,0.0,1174.919740899684,1221.375869144182,531.3368084709087,0.8515903318252859,0.9626010297381004,0.16799433427846794,0.0,-2.9915080974064776e-13,-5.336658663347744,0.0,,0.0,0.3877185090484228,0.0,29.165574553979102,True
lift_and_cruse,cruise_305,0.885311340387531,0.0,1174.919740843426,1221.3758688709813,531.3368083685667,0.8515903318395301,0.9626010297396763,0.16799433426220697,0.0,-2.991508096737329e-13,-5.336658663347744,0.0,,0.0,0.3877185090298579,0.0,29.177136181730926,True
lift_and_cruse,cruise_305,0.8853605975501254,0.0,1174.9197408761086,1221.3758690296947,531.3368084280708,0.8515903318312554,0.9626010297387595,0.16799433427167038,0.0,-2.991508097126065e-13,-5.336658663347744,0.0,,0.0,0.38771850904064303,0.0,29.193843217893527,True
lift_and_cruse,cruise_305,0.8854152783703156,0.0,1174.9197408923692,1221.3758691086591,531.3368084575826,0.8515903318271377,0.9626010297383059,0.1679943342763632,0.0,-2.991508097319472e-13,-5.336658663347744,0.0,,0.0,0.3877185090460089,0.0,29.21238662905655,True
lift_and_cruse,cruise_305,0.8854645526417112,0.0,1174.9197408877892,1221.3758690864172,531.3368084492374,0.8515903318282976,0.9626010297384344,0.16799433427502108,0.0,-2.991508097264995e-13,-5.336658663347744,0.0,,0.0,0.38771850904449756,0.0,29.22909366521915,True
lift_and_cruse,cruise_305,0.8854986562129846,0.0,1174.9197408429243,1221.3758688685423,531.3368083676581,0.8515903318396577,0.9626010297396902,0.1679943342620641,0.0,-2.9915080967313556e-13,-5.336658663347744,0.0,,0.0,0.38771850902969235,0.0,29.240655292970974,True
lift_and_cruse,cruise_305,0.8855108286454563,0.0,1174.9197408931198,1221.3758691123044,531.3368084589472,0.8515903318269479,0.9626010297382848,0.16799433427656887,0.0,-2.9915080973284003e-13,-5.336658663347744,0.0,,0.0,0.38771850904625665,0.0,29.244781590141706,True
lift_and_cruse,cruise_306,0.9009638887904958,0.0,1193.9344374220993,1228.818959662798,537.6551544662998,0.8546180805275271,0.9628384718881982,0.1646205277621413,0.0,-3.0097384113652525e-13,-5.336658663347744,0.0,,0.0,0.39399327789351324,0.0,29.244781590141706,True
lift_and_cruse,cruise_306,0.9009767021235947,0.0,1193.9344374234015,1228.8189596692525,537.6551544688313,0.8546180805271996,0.9628384718881574,0.16462052776253722,0.0,-3.009738411381061e-13,-5.336658663347744,0.0,,0.0,0.39399327789394295,0.0,29.248907887312438,True
lift_and_cruse,cruise_306,0.9010126071377063,0.0,1193.9344374220946,1228.8189596627735,537.6551544663727,0.8546180805275284,0.962838471888196,0.16462052776214436,0.0,-3.0097384113651925e-13,-5.336658663347744,0.0,,0.0,0.3939932778935117,0.0,29.26046951506426,True
lift_and_cruse,cruise_306,0.9010644988301725,0.0,1193.934437422094,1228.818959662771,537.6551544663848,0.8546180805275285,0.9628384718881957,0.1646205277621474,0.0,-3.009738411365186e-13,-5.336658663347744,0.0,,0.0,0.3939932778935115,0.0,29.27717655122686,True
lift_and_cruse,cruise_306,0.9011221045655287,0.0,1193.9344374220964,1228.8189596627822,537.6551544663423,0.8546180805275281,0.9628384718881969,0.1646205277621461,0.0,-3.0097384113652137e-13,-5.336658663347744,0.0,,0.0,0.39399327789351235,0.0,29.29571996238988,True
lift_and_cruse,cruise_306,0.901174014826179,0.0,1193.9344374248217,1228.8189596762918,537.6551544714388,0.8546180805268424,0.962838471888117,0.1646205277629502,0.0,-3.0097384113983024e-13,-5.336658663347744,0.0,,0.0,0.3939932778944117,0.0,29.312426998552485,True
lift_and_cruse,cruise_306,0.9012099429895564,0.0,1193.9344374220968,1228.818959662784,537.6551544663453,0.8546180805275275,0.9628384718881968,0.16462052776214264,0.0,-3.0097384113652177e-13,-5.336658663347744,0.0,,0.0,0.3939932778935124,0.0,29.323988626304306,True
lift_and_cruse,cruise_306,0.901222766624362,0.0,1193.9344374220946,1228.8189596627735,537.6551544663727,0.8546180805275284,0.962838471888196,0.16462052776214975,0.0,-3.0097384113651925e-13,-5.336658663347744,0.0,,0.0,0.3939932778935117,0.0,29.328114923475038,True
lift_and_cruse,cruise_307,0.9012186032579407,0.0,1193.9293432424433,1228.8166166446895,537.6533581849441,0.8546173254016606,0.9628384119397863,0.16462138255497083,0.0,-3.009732672625998e-13,-5.336658663347744,0.0,,0.0,0.3939915968359292,0.0,29.328114923475038,True
lift_and_cruse,cruise_307,0.901231427251192,0.0,1193.929343242443,1228.816616644688,537.6533581849533,0.8546173254016606,0.9628384119397859,0.1646213825549806,0.0,-3.009732672625995e-13,-5.336658663347744,0.0,,0.0,0.39399159683592916,0.0,29.33224122064577,True
lift_and_cruse,cruise_307,0.901267362142353,0.0,1193.9293432424422,1228.816616644683,537.6533581849776,0.8546173254016609,0.9628384119397854,0.16462138255497388,0.0,-3.009732672625983e-13,-5.336658663347744,0.0,,0.0,0.3939915968359289,0.0,29.34380284839759,True
lift_and_cruse,cruise_307,0.9013192970141185,0.0,1193.92934324245,1228.8166166447195,537.6533581849594,0.854617325401659,0.962838411939786,0.16462138255497333,0.0,-3.009732672626072e-13,-5.336658663347744,0.0,,0.0,0.39399159683593143,0.0,29.360509884560194,True
lift_and_cruse,cruise_307,0.9013769506853937,0.0,1193.929343242415,1228.8166166445476,537.6533581849502,0.8546173254016681,0.9628384119397855,0.16462138255497033,0.0,-3.0097326726256507e-13,-5.336658663347744,0.0,,0.0,0.39399159683591983,0.0,29.379053295723217,True
lift_and_cruse,cruise_307,0.9014289041414857,0.0,1193.9293432423128,1228.8166166440406,537.6533581847679,0.8546173254016936,0.9628384119397883,0.1646213825549487,0.0,-3.0097326726244087e-13,-5.336658663347744,0.0,,0.0,0.3939915968358862,0.0,29.395760331885818,True
lift_and_cruse,cruise_307,0.9014648622068722,0.0,1193.9293432421282,1228.8166166431272,537.6533581844305,0.85461732540174,0.9628384119397935,0.1646213825548886,0.0,-3.0097326726221717e-13,-5.336658663347744,0.0,,0.0,0.3939915968358253,0.0,29.40732195963764,True
lift_and_cruse,cruise_307,0.9014776965137425,0.0,1193.9293432421646,1228.816616643306,537.653358184467,0.8546173254017306,0.9628384119397934,0.16462138255488892,0.0,-3.0097326726226094e-13,-5.336658663347744,0.0,,0.0,0.39399159683583723,0.0,29.41144825680837,True
lift_and_cruse,cruise_308,0.9014734834501339,0.0,1193.9241903301026,1228.8142467892853,537.6515412416853,0.8546165615425814,0.9628383512984567,0.1646222472264824,0.0,-3.009726868154328e-13,-5.336658663347744,0.0,,0.0,0.3939898963968095,0.0,29.41144825680837,True
lift_and_cruse,cruise_308,0.9014863181137657,0.0,1193.9241903301056,1228.8142467893008,537.6515412416487,0.8546165615425804,0.9628383512984577,0.16462224722648544,0.0,-3.0097268681543657e-13,-5.336658663347744,0.0,,0.0,0.3939898963968105,0.0,29.415574553979102,True
lift_and_cruse,cruise_308,0.9015222829055999,0.0,1193.9241903301013,1228.8142467892778,537.6515412417217,0.8546165615425811,0.9628383512984559,0.1646222472264997,0.0,-3.0097268681543096e-13,-5.336658663347744,0.0,,0.0,0.39398989639680904,0.0,29.427136181730926,True
lift_and_cruse,cruise_308,0.9015742609927112,0.0,1193.924190330102,1228.8142467892817,537.6515412417004,0.8546165615425814,0.9628383512984564,0.1646222472264947,0.0,-3.009726868154319e-13,-5.336658663347744,0.0,,0.0,0.3939898963968092,0.0,29.443843217893527,True
lift_and_cruse,cruise_308,0.90163196264,0.0,1193.9241903301,1228.8142467892715,537.6515412417399,0.8546165615425817,0.9628383512984553,0.1646222472265082,0.0,-3.009726868154294e-13,-5.336658663347744,0.0,,0.0,0.39398989639680865,0.0,29.46238662905655,True
lift_and_cruse,cruise_308,0.9016839593305754,0.0,1193.9241903300983,1228.814246789264,537.6515412417643,0.8546165615425825,0.9628383512984545,0.16462224722651134,0.0,-3.009726868154276e-13,-5.336658663347744,0.0,,0.0,0.39398989639680804,0.0,29.47909366521915,True
lift_and_cruse,cruise_308,0.9017199473227475,0.0,1193.9241903322627,1228.8142467999935,537.6515412458214,0.8546165615420377,0.9628383512983908,0.16462224722715268,0.0,-3.0097268681805554e-13,-5.336658663347744,0.0,,0.0,0.39398989639752235,0.0,29.490655292970974,True
lift_and_cruse,cruise_308,0.9017327923083268,0.0,1193.9241903301017,1228.8142467892812,537.6515412417035,0.8546165615425816,0.9628383512984562,0.16462224722648935,0.0,-3.009726868154318e-13,-5.336658663347744,0.0,,0.0,0.3939898963968092,0.0,29.494781590141706,True
lift_and_cruse,cruise_309,0.9017285283367036,0.0,1193.9189772538225,1228.8118494444943,537.6497031334318,0.8546157887371774,0.962838289947308,0.164623122017662,0.0,-3.0097209963530784e-13,-5.336658663347744,0.0,,0.0,0.393988176103846,0.0,29.494781590141706,True
lift_and_cruse,cruise_309,0.9017413736725324,0.0,1193.9189772468924,1228.811849410141,537.6497031205646,0.8546157887389203,0.9628382899475086,0.1646231220156373,0.0,-3.009720996268937e-13,-5.336658663347744,0.0,,0.0,0.3939881761015591,0.0,29.498907887312438,True
lift_and_cruse,cruise_309,0.901777368396896,0.0,1193.9189772538182,1228.811849444472,537.6497031335807,0.8546157887371784,0.9628382899473039,0.16462312201771007,0.0,-3.009720996353024e-13,-5.336658663347744,0.0,,0.0,0.3939881761038446,0.0,29.51046951506426,True
lift_and_cruse,cruise_309,0.9018293897247692,0.0,1193.9189772435107,1228.811849393379,537.6497031142768,0.8546157887397707,0.9628382899476068,0.1646231220146455,0.0,-3.009720996227882e-13,-5.336658663347744,0.0,,0.0,0.3939881761004432,0.0,29.52717655122686,True
lift_and_cruse,cruise_309,0.9018871393912951,0.0,1193.9189772468933,1228.811849410145,537.6497031205524,0.85461578873892,0.962838289947509,0.16462312201564505,0.0,-3.0097209962689467e-13,-5.336658663347744,0.0,,0.0,0.39398817610155945,0.0,29.54571996238988,True
lift_and_cruse,cruise_309,0.9019391793562314,0.0,1193.9189772509155,1228.8118494300857,537.6497031282107,0.8546157887379082,0.9628382899473874,0.16462312201685508,0.0,-3.0097209963177874e-13,-5.336658663347744,0.0,,0.0,0.3939881761028868,0.0,29.562426998552485,True
lift_and_cruse,cruise_309,0.9019751972962661,0.0,1193.9189772517216,1228.8118494340788,537.6497031297121,0.8546157887377055,0.962838289947364,0.16462312201710042,0.0,-3.009720996327568e-13,-5.336658663347744,0.0,,0.0,0.39398817610315273,0.0,29.573988626304306,True
lift_and_cruse,cruise_309,0.9019880529643984,0.0,1193.9189772424213,1228.8118493879786,537.6497031121952,0.8546157887400447,0.9628382899476401,0.16462312201430288,0.0,-3.009720996214655e-13,-5.336658663347744,0.0,,0.0,0.3939881761000837,0.0,29.578114923475038,True
lift_and_cruse,cruise_310,0.9019837368409113,0.0,1193.9137025285972,1228.8094239337242,537.6478433387217,0.854615006764331,0.9628382278687889,0.16462400717865425,0.0,-3.009715055565077e-13,-5.336658663347744,0.0,,0.0,0.39398643546699336,0.0,29.578114923475038,True
lift_and_cruse,cruise_310,0.9019965928718354,0.0,1193.913702528593,1228.8094239337029,537.6478433387946,0.8546150067643322,0.9628382278687868,0.16462400717866857,0.0,-3.0097150555650245e-13,-5.336658663347744,0.0,,0.0,0.3939864354669919,0.0,29.58224122064577,True
lift_and_cruse,cruise_310,0.902032617539354,0.0,1193.9137025285956,1228.8094239337163,537.647843338755,0.8546150067643316,0.962838227868788,0.16462400717865305,0.0,-3.0097150555650573e-13,-5.336658663347744,0.0,,0.0,0.39398643546699286,0.0,29.59380284839759,True
lift_and_cruse,cruise_310,0.9020846821646088,0.0,1193.913702528597,1228.8094239337233,537.6478433387308,0.8546150067643312,0.9628382278687887,0.16462400717865822,0.0,-3.0097150555650745e-13,-5.336658663347744,0.0,,0.0,0.3939864354669933,0.0,29.610509884560194,True
lift_and_cruse,cruise_310,0.902142479883131,0.0,1193.9137025285959,1228.8094239337174,537.647843338749,0.8546150067643313,0.9628382278687881,0.1646240071786579,0.0,-3.0097150555650603e-13,-5.336658663347744,0.0,,0.0,0.3939864354669929,0.0,29.629053295723217,True
lift_and_cruse,cruise_310,0.902194563149949,0.0,1193.9137025285956,1228.8094239337163,537.6478433387581,0.8546150067643316,0.9628382278687879,0.16462400717866332,0.0,-3.0097150555650573e-13,-5.336658663347744,0.0,,0.0,0.39398643546699286,0.0,29.645760331885818,True
lift_and_cruse,cruise_310,0.9022306110631165,0.0,1193.9137025285966,1228.809423933722,537.6478433387338,0.8546150067643311,0.9628382278687886,0.16462400717865927,0.0,-3.0097150555650714e-13,-5.336658663347744,0.0,,0.0,0.39398643546699313,0.0,29.65732195963764,True
lift_and_cruse,cruise_310,0.9022434774393283,0.0,1193.9137025285986,1228.8094239337318,537.6478433387003,0.8546150067643308,0.9628382278687896,0.16462400717865064,0.0,-3.009715055565095e-13,-5.336658663347744,0.0,,0.0,0.3939864354669938,0.0,29.66144825680837,True
lift_and_cruse,cruise_311,0.902239107837804,0.0,1193.9083646133454,1228.8069695567274,537.6459613162236,0.8546142153944046,0.9628381650446908,0.16462490296901147,0.0,-3.0097090440752107e-13,-5.336658663347744,0.0,,0.0,0.39398467397770104,0.0,29.66144825680837,True
lift_and_cruse,cruise_311,0.9022519745651455,0.0,1193.9083646129582,1228.8069695548074,537.6459613154486,0.8546142153945021,0.9628381650447034,0.16462490296888055,0.0,-3.0097090440705083e-13,-5.336658663347744,0.0,,0.0,0.39398467397757336,0.0,29.665574553979102,True
lift_and_cruse,cruise_311,0.9022880292074054,0.0,1193.90836461296,1228.8069695548156,537.6459613154183,0.854614215394502,0.9628381650447043,0.1646249029688808,0.0,-3.009709044070528e-13,-5.336658663347744,0.0,,0.0,0.39398467397757386,0.0,29.677136181730926,True
lift_and_cruse,cruise_311,0.9023401371550605,0.0,1193.9083646129595,1228.8069695548124,537.6459613154212,0.854614215394502,0.9628381650447043,0.16462490296887639,0.0,-3.0097090440705204e-13,-5.336658663347744,0.0,,0.0,0.39398467397757375,0.0,29.693843217893527,True
lift_and_cruse,cruise_311,0.9023979829684019,0.0,1193.9083646129595,1228.8069695548124,537.6459613154243,0.854614215394502,0.9628381650447042,0.16462490296887006,0.0,-3.0097090440705204e-13,-5.336658663347744,0.0,,0.0,0.39398467397757375,0.0,29.71238662905655,True
lift_and_cruse,cruise_311,0.9024501095766904,0.0,1193.9083646129563,1228.8069695547965,537.6459613154669,0.8546142153945027,0.962838165044703,0.1646249029688886,0.0,-3.0097090440704816e-13,-5.336658663347744,0.0,,0.0,0.3939846739775727,0.0,29.72909366521915,True
lift_and_cruse,cruise_311,0.9024861874883803,0.0,1193.90836461296,1228.8069695548152,537.6459613154152,0.8546142153945018,0.9628381650447044,0.16462490296887097,0.0,-3.009709044070527e-13,-5.336658663347744,0.0,,0.0,0.39398467397757386,0.0,29.740655292970974,True
lift_and_cruse,cruise_311,0.902499064572482,0.0,1193.9083646134466,1228.806969557228,537.6459613162965,0.8546142153943793,0.9628381650446909,0.1646249029690259,0.0,-3.009709044076437e-13,-5.336658663347744,0.0,,0.0,0.39398467397773446,0.0,29.744781590141706,True
lift_and_cruse,cruise_312,0.9024946401496224,0.0,1193.9029619059918,1228.8044855783605,537.6440565022178,0.8546134143893064,0.9628381014561098,0.164625809658295,0.0,-3.0097029600828986e-13,-5.336658663347744,0.0,,0.0,0.3939828911072913,0.0,29.744781590141706,True
lift_and_cruse,cruise_312,0.9025075396588443,0.0,1193.902983610725,1228.8045931677666,537.6440972456176,0.8546134089302828,0.9628381008155035,0.16462581614818367,0.0,-3.009703223600942e-13,-5.336658663347744,0.0,,0.0,0.39398289826976074,0.0,29.748907887312438,True
lift_and_cruse,cruise_312,0.9025436270175315,0.0,1193.9029862762052,1228.804606380434,537.6441022488417,0.8546134082598799,0.9628381007368418,0.16462581694509917,0.0,-3.0097032559626435e-13,-5.336658663347744,0.0,,0.0,0.39398289914935786,0.0,29.76046951506426,True
lift_and_cruse,cruise_312,0.902595755675263,0.0,1193.9029640079352,1228.8044959975693,537.6440604465325,0.8546134138606427,0.9628381013941093,0.16462581028636597,0.0,-3.0097029856026e-13,-5.336658663347744,0.0,,0.0,0.39398289180092366,0.0,29.77717655122686,True
lift_and_cruse,cruise_312,0.9026536509085442,0.0,1193.9029652712452,1228.8045022597594,537.6440628178512,0.8546134135429022,0.9628381013568266,0.16462581066409368,0.0,-3.009703000940542e-13,-5.336658663347744,0.0,,0.0,0.3939828922178106,0.0,29.79571996238988,True
lift_and_cruse,cruise_312,0.9027058212342999,0.0,1193.9029656047644,1228.8045039129577,537.6440634447977,0.8546134134590214,0.9628381013469592,0.16462581076406166,0.0,-3.0097030049897096e-13,-5.336658663347744,0.0,,0.0,0.3939828923278705,0.0,29.812426998552485,True
lift_and_cruse,cruise_312,0.9027419294114604,0.0,1193.9029658422514,1228.804505090207,537.6440638909316,0.8546134133992872,0.962838101339941,0.16462581083518632,0.0,-3.009703007873139e-13,-5.336658663347744,0.0,,0.0,0.3939828924062402,0.0,29.823988626304306,True
lift_and_cruse,cruise_312,0.9027548172777505,0.0,1193.9029659073287,1228.8045054127592,537.6440640129088,0.8546134133829225,0.9628381013380252,0.16462581085459319,0.0,-3.009703008663164e-13,-5.336658663347744,0.0,,0.0,0.39398289242771545,0.0,29.828114923475038,True
lift_and_cruse,cruise_313,0.902750332552882,0.0,1193.897492740785,1228.80197122938,537.6421283045731,0.8546126035019113,0.9628380370835539,0.16462672752491408,0.0,-3.0096968017040363e-13,-5.336658663347744,0.0,,0.0,0.39398108630607304,0.0,29.828114923475038,True
lift_and_cruse,cruise_313,0.902763220703966,0.0,1193.8974927443655,1228.801971247128,537.6421283112438,0.8546126035010108,0.9628380370834496,0.16462672752598362,0.0,-3.009696801747506e-13,-5.336658663347744,0.0,,0.0,0.39398108630725454,0.0,29.83224122064577,True
lift_and_cruse,cruise_313,0.9027993353692881,0.0,1193.8974927448567,1228.801971249563,537.6421283122376,0.8546126035008874,0.9628380370834331,0.1646267275261418,0.0,-3.0096968017534703e-13,-5.336658663347744,0.0,,0.0,0.3939810863074166,0.0,29.84380284839759,True
lift_and_cruse,cruise_313,0.9028515300672472,0.0,1193.8974927447505,1228.8019712490366,537.6421283119731,0.8546126035009138,0.962838037083438,0.16462672752610608,0.0,-3.0096968017521814e-13,-5.336658663347744,0.0,,0.0,0.39398108630738155,0.0,29.860509884560194,True
lift_and_cruse,cruise_313,0.9029094721870807,0.0,1193.8974927443635,1228.8019712471164,537.6421283112711,0.854612603501011,0.9628380370834488,0.16462672752599616,0.0,-3.009696801747478e-13,-5.336658663347744,0.0,,0.0,0.3939810863072539,0.0,29.879053295723217,True
lift_and_cruse,cruise_313,0.9029616855839674,0.0,1193.8974927443617,1228.8019712471091,537.6421283113045,0.8546126035010119,0.9628380370834478,0.16462672752599344,0.0,-3.0096968017474603e-13,-5.336658663347744,0.0,,0.0,0.39398108630725326,0.0,29.895760331885818,True
lift_and_cruse,cruise_313,0.9029978235659694,0.0,1193.8974927444995,1228.801971247791,537.6421283115811,0.8546126035009771,0.9628380370834433,0.16462672752603602,0.0,-3.0096968017491304e-13,-5.336658663347744,0.0,,0.0,0.3939810863072988,0.0,29.90732195963764,True
lift_and_cruse,cruise_313,0.9030107220905131,0.0,1193.8974927445424,1228.8019712480034,537.6421283115902,0.8546126035009664,0.9628380370834438,0.16462672752604288,0.0,-3.0096968017496504e-13,-5.336658663347744,0.0,,0.0,0.39398108630731293,0.0,29.91144825680837,True
lift_and_cruse,cruise_314,0.90300618976338,0.0,1193.891961303923,1228.7994550444384,537.6401871915559,0.8546117809868773,0.962837971732772,0.16462765862018314,0.0,-3.009690638828367e-13,-5.336658663347744,0.0,,0.0,0.3939792609554738,0.0,29.91144825680837,True
lift_and_cruse,cruise_314,0.9030190812208575,0.0,1193.891954022298,1228.7994189501742,537.6401735448255,0.8546117828183107,0.9628379719470882,0.1646276564496562,0.0,-3.0096905504229166e-13,-5.336658663347744,0.0,,0.0,0.3939792585525686,0.0,29.915574553979102,True
lift_and_cruse,cruise_314,0.9030552259088822,0.0,1193.8919539987482,1228.7994188334437,537.6401735023795,0.8546117828242339,0.9628379719477355,0.16462765644314847,0.0,-3.0096905501370097e-13,-5.336658663347744,0.0,,0.0,0.39397925854479726,0.0,29.927136181730926,True
lift_and_cruse,cruise_314,0.9031074639993477,0.0,1193.8919539646722,1228.7994186645337,537.6401734409974,0.8546117828328043,0.9628379719486713,0.1646276564337663,0.0,-3.009690549723299e-13,-5.336658663347744,0.0,,0.0,0.3939792585335523,0.0,29.943843217893527,True
lift_and_cruse,cruise_314,0.9031654542935775,0.0,1193.891953928314,1228.7994184843114,537.6401733755644,0.8546117828419484,0.962837971949668,0.16462765642373256,0.0,-3.009690549281882e-13,-5.336658663347744,0.0,,0.0,0.39397925852155424,0.0,29.96238662905655,True
lift_and_cruse,cruise_314,0.9032177111018025,0.0,1193.8919538941043,1228.7994183147398,537.6401733138814,0.8546117828505527,0.962837971950609,0.16462765641429347,0.0,-3.0096905488665513e-13,-5.336658663347744,0.0,,0.0,0.3939792585102652,0.0,29.97909366521915,True
lift_and_cruse,cruise_314,0.9032538791300102,0.0,1193.891953869912,1228.7994181948218,537.6401732703201,0.8546117828566372,0.9628379719512731,0.16462765640761912,0.0,-3.0096905485728366e-13,-5.336658663347744,0.0,,0.0,0.3939792585022818,0.0,29.990655292970974,True
lift_and_cruse,cruise_314,0.9032667883799856,0.0,1193.8919538622642,1228.799418156913,537.6401732565533,0.8546117828585607,0.9628379719514828,0.16462765640550805,0.0,-3.0096905484799867e-13,-5.336658663347744,0.0,,0.0,0.3939792584997582,0.0,29.994781590141706,True
lift_and_cruse,cruise_315,0.9032621983891043,0.0,1193.8863539536014,1228.796877498945,537.6382103617638,0.8546109495550529,0.9628379057303792,0.1646285997247819,0.0,-3.0096843256626905e-13,-5.336658663347744,0.0,,0.0,0.39397741055375646,0.0,29.994781590141706,True
lift_and_cruse,cruise_315,0.9032751005508773,0.0,1193.8863466495836,1228.7968412938803,537.6381966726785,0.854610951392126,0.9628379059453651,0.1646285975474409,0.0,-3.009684236985857e-13,-5.336658663347744,0.0,,0.0,0.3939774081434617,0.0,29.998907887312438,True
lift_and_cruse,cruise_315,0.9033112753104023,0.0,1193.88634662612,1228.7968411775776,537.6381966306428,0.8546109513980268,0.9628379059460033,0.16462859754104645,0.0,-3.009684236700998e-13,-5.336658663347744,0.0,,0.0,0.39397740813571874,0.0,30.01046951506426,True
lift_and_cruse,cruise_315,0.9033635568663085,0.0,1193.8863465953034,1228.7968410248236,537.6381965755423,0.8546109514057779,0.9628379059468384,0.16462859753266268,0.0,-3.009684236326859e-13,-5.336658663347744,0.0,,0.0,0.3939774081255494,0.0,30.02717655122686,True
lift_and_cruse,cruise_315,0.9034215954103052,0.0,1193.8863465587929,1228.7968408438478,537.6381965101579,0.8546109514149605,0.9628379059478306,0.16462859752271108,0.0,-3.0096842358835957e-13,-5.336658663347744,0.0,,0.0,0.3939774081135011,0.0,30.04571996238988,True
lift_and_cruse,cruise_315,0.9034738957014284,0.0,1193.8863465262104,1228.796840682343,537.638196451751,0.8546109514231557,0.9628379059487177,0.16462859751382117,0.0,-3.0096842354880227e-13,-5.336658663347744,0.0,,0.0,0.393977408102749,0.0,30.062426998552485,True
lift_and_cruse,cruise_315,0.9035100938263879,0.0,1193.8863465034815,1228.7968405696806,537.63819641101,0.854610951428872,0.9628379059493363,0.1646285975076046,0.0,-3.00968423521208e-13,-5.336658663347744,0.0,,0.0,0.39397740809524856,0.0,30.073988626304306,True
lift_and_cruse,cruise_315,0.9035230138169282,0.0,1193.886346494497,1228.796840525143,537.6381963949457,0.8546109514311319,0.9628379059495797,0.16462859750515657,0.0,-3.009684235102994e-13,-5.336658663347744,0.0,,0.0,0.39397740809228377,0.0,30.078114923475038,True
lift_and_cruse,cruise_316,0.9035183628231273,0.0,1193.8806745205393,1228.7942660076112,537.6362078329589,0.8546101074933962,0.9628378388867445,0.1646295528501405,0.0,-3.009677929353685e-13,-5.336658663347744,0.0,,0.0,0.3939755363650417,0.0,30.078114923475038,True
lift_and_cruse,cruise_316,0.9035312760049136,0.0,1193.8806674956556,1228.7942311863696,537.6361946650836,0.8546101092602688,0.962837839093567,0.1646295507553825,0.0,-3.0096778440662407e-13,-5.336658663347744,0.0,,0.0,0.3939755340468601,0.0,30.08224122064577,True
lift_and_cruse,cruise_316,0.9035674808645838,0.0,1193.8806674770503,1228.7942310941476,537.6361946322713,0.8546101092649481,0.9628378390940588,0.16462955075046323,0.0,-3.009677843840362e-13,-5.336658663347744,0.0,,0.0,0.39397553404072033,0.0,30.09380284839759,True
lift_and_cruse,cruise_316,0.9036198059161685,0.0,1193.8806674454547,1228.7942309375342,537.6361945763504,0.8546101092728949,0.9628378390948997,0.1646295507420578,0.0,-3.0096778434567695e-13,-5.336658663347744,0.0,,0.0,0.39397553403029395,0.0,30.110509884560194,True
lift_and_cruse,cruise_316,0.9036778927541387,0.0,1193.8806674147363,1228.7942307852693,537.6361945220187,0.8546101092806209,0.9628378390957161,0.16462955073389118,0.0,-3.009677843083828e-13,-5.336658663347744,0.0,,0.0,0.393975534020157,0.0,30.129053295723217,True
lift_and_cruse,cruise_316,0.9037302365630311,0.0,1193.8806673842678,1228.7942306342438,537.6361944680489,0.8546101092882836,0.9628378390965281,0.16462955072578261,0.0,-3.0096778427139226e-13,-5.336658663347744,0.0,,0.0,0.39397553401010255,0.0,30.145760331885818,True
lift_and_cruse,cruise_316,0.9037664648082747,0.0,1193.8806673627414,1228.7942305275412,537.6361944299912,0.8546101092936981,0.9628378390970997,0.164629550720052,0.0,-3.0096778424525766e-13,-5.336658663347744,0.0,,0.0,0.3939755340029989,0.0,30.15732195963764,True
lift_and_cruse,cruise_316,0.9037793955507374,0.0,1193.8806673552333,1228.794230490326,537.6361944167168,0.8546101092955862,0.9628378390972991,0.1646295507180586,0.0,-3.0096778423614257e-13,-5.336658663347744,0.0,,0.0,0.3939755340005212,0.0,30.16144825680837,True
lift_and_cruse,cruise_317,0.9037746765061094,0.0,1193.8749160716275,1228.7915949779763,537.6341695851698,0.8546092557651869,0.9628377713253833,0.16463051684047797,0.0,-3.009671387217899e-13,-5.336658663347744,0.0,,0.0,0.3939736361014332,0.0,30.16144825680837,True
lift_and_cruse,cruise_317,0.9037876073919516,0.0,1193.874915871721,1228.7915939870836,537.634169229787,0.8546092558154662,0.9628377713307453,0.1646305167867868,0.0,-3.009671384790912e-13,-5.336658663347744,0.0,,0.0,0.3939736360354649,0.0,30.165574553979102,True
lift_and_cruse,cruise_317,0.9038238423914104,0.0,1193.8749158736143,1228.7915939964682,537.6341692278177,0.8546092558149903,0.962837771330839,0.16463051678566168,0.0,-3.0096713848138976e-13,-5.336658663347744,0.0,,0.0,0.3939736360360897,0.0,30.177136181730926,True
lift_and_cruse,cruise_317,0.903876211038097,0.0,1193.874915904665,1228.7915941503668,537.6341692597031,0.8546092558071818,0.9628377713306375,0.16463051678686433,0.0,-3.0096713851908403e-13,-5.336658663347744,0.0,,0.0,0.3939736360463363,0.0,30.193843217893527,True
lift_and_cruse,cruise_317,0.9039398628517218,0.0,1193.8749159052645,1228.791594153342,537.6341692647874,0.8546092558070305,0.9628377713305126,0.16463051678826132,0.0,-3.0096713851981276e-13,-5.336658663347744,0.0,,0.0,0.3939736360465342,0.0,30.21238662905655,True
lift_and_cruse,cruise_317,0.90400033211391,0.0,1193.8749159077615,1228.7915941657293,537.634169279244,0.8546092558064017,0.9628377713301745,0.16463051679200735,0.0,-3.009671385228468e-13,-5.336658663347744,0.0,,0.0,0.3939736360473582,0.0,30.22909366521915,True
lift_and_cruse,cruise_317,0.9040421784095957,0.0,1193.8749159094627,1228.7915941741696,537.6341692892181,0.8546092558059728,0.9628377713299405,0.16463051679459023,0.0,-3.0096713852491403e-13,-5.336658663347744,0.0,,0.0,0.3939736360479196,0.0,30.240655292970974,True
lift_and_cruse,cruise_317,0.9040571132326771,0.0,1193.8749159100248,1228.7915941769602,537.634169292564,0.8546092558058314,0.9628377713298619,0.16463051679544766,0.0,-3.009671385255975e-13,-5.336658663347744,0.0,,0.0,0.39397363604810504,0.0,30.244781590141706,True
lift_and_cruse,cruise_318,0.9040523286835422,0.0,1193.869087144399,1228.7889158702696,537.6321148033852,0.8546083914098871,0.9628377027087586,0.1646314952163467,0.0,-3.009664825296544e-13,-5.336658663347744,0.0,,0.0,0.3939717125802805,0.0,30.244781590141706,True
lift_and_cruse,cruise_318,0.904067263265241,0.0,1193.8690870687974,1228.7889154954,537.6321144986506,0.8546083914289134,0.962837702715399,0.16463149514387596,0.0,-3.0096648243783784e-13,-5.336658663347744,0.0,,0.0,0.39397171255533237,0.0,30.248907887312438,True
lift_and_cruse,cruise_318,0.9041091093971226,0.0,1193.8690870706334,1228.7889155044559,537.6321144473399,0.8546083914284557,0.9628377027168277,0.1646314951276638,0.0,-3.009664824400559e-13,-5.336658663347744,0.0,,0.0,0.39397171255593816,0.0,30.26046951506426,True
lift_and_cruse,cruise_318,0.9041695791976391,0.0,1193.8690870733337,1228.7889155177782,537.6321143745158,0.8546083914277821,0.9628377027188573,0.16463149510462166,0.0,-3.0096648244331887e-13,-5.336658663347744,0.0,,0.0,0.3939717125568293,0.0,30.27717655122686,True
lift_and_cruse,cruise_318,0.9042366954273667,0.0,1193.8690863657996,1228.7889120107197,537.6321131486275,0.8546083916057368,0.9628377027369703,0.16463149492436724,0.0,-3.009664815843373e-13,-5.336658663347744,0.0,,0.0,0.39397171232334594,0.0,30.29571996238988,True
lift_and_cruse,cruise_318,0.9042971654045766,0.0,1193.869085590222,1228.7889081663968,537.6321118185585,0.854608391800804,0.9628377027564543,0.16463149473099375,0.0,-3.009664806427498e-13,-5.336658663347744,0.0,,0.0,0.3939717120674088,0.0,30.312426998552485,True
lift_and_cruse,cruise_318,0.9043390121633239,0.0,1193.8690850213407,1228.788905346612,537.632110842988,0.8546083919438852,0.9628377027707448,0.16463149458913665,0.0,-3.009664799521017e-13,-5.336658663347744,0.0,,0.0,0.3939717118796803,0.0,30.323988626304306,True
lift_and_cruse,cruise_318,0.9043539471859277,0.0,1193.8690848517192,1228.788904505846,537.6321105520901,0.8546083919865465,0.9628377027750061,0.16463149454685402,0.0,-3.009664797461734e-13,-5.336658663347744,0.0,,0.0,0.39397171182370594,0.0,30.328114923475038,True
lift_and_cruse,cruise_319,0.90434909958545,0.0,1193.8631803432843,1228.78620155478,537.6300326443387,0.8546075154398913,0.9628376331728195,0.16463248669749905,0.0,-3.0096581771409915e-13,-5.336658663347744,0.0,,0.0,0.3939697633610771,0.0,30.328114923475038,True
lift_and_cruse,cruise_319,0.904364034574187,0.0,1193.863180302985,1228.786201354901,537.6300324272677,0.8546075154500383,0.9628376331778383,0.1646324866421452,0.0,-3.009658176651429e-13,-5.336658663347744,0.0,,0.0,0.39396976334777845,0.0,30.33224122064577,True
lift_and_cruse,cruise_319,0.9044058817453261,0.0,1193.8631803052763,1228.7862013662111,537.6300323737596,0.8546075154494662,0.9628376331793361,0.1646324866251152,0.0,-3.009658176679131e-13,-5.336658663347744,0.0,,0.0,0.39396976334853456,0.0,30.34380284839759,True
lift_and_cruse,cruise_319,0.904466353049282,0.0,1193.8631803089393,1228.7862013842978,537.6300322904633,0.8546075154485516,0.9628376331816699,0.16463248659860824,0.0,-3.0096581767234304e-13,-5.336658663347744,0.0,,0.0,0.3939697633497433,0.0,30.360509884560194,True
lift_and_cruse,cruise_319,0.9045334710364309,0.0,1193.863179687563,1228.7861983043024,537.6300311958058,0.8546075156048379,0.9628376331980661,0.16463248643477932,0.0,-3.0096581691796174e-13,-5.336658663347744,0.0,,0.0,0.3939697631446918,0.0,30.379053295723217,True
lift_and_cruse,cruise_319,0.9045939424427215,0.0,1193.8631788360126,1228.7861940834312,537.630029735138,0.8546075158190145,0.9628376332194669,0.16463248622235416,0.0,-3.0096581588414647e-13,-5.336658663347744,0.0,,0.0,0.3939697628636838,0.0,30.395760331885818,True
lift_and_cruse,cruise_319,0.9046357902334388,0.0,1193.8631782557432,1228.7861912072144,537.6300287397805,0.8546075159649597,0.9628376332340505,0.16463248607758274,0.0,-3.009658151796765e-13,-5.336658663347744,0.0,,0.0,0.3939697626721974,0.0,30.40732195963764,True
lift_and_cruse,cruise_319,0.9046507255802099,0.0,1193.8631780385301,1228.7861901305557,537.6300283671087,0.854607516019592,0.9628376332395118,0.1646324860233748,0.0,-3.009658149159712e-13,-5.336658663347744,0.0,,0.0,0.393969762600518,0.0,30.41144825680837,True
lift_and_cruse,cruise_320,0.9046458108344344,0.0,1193.8571933786502,1228.7834506222746,537.6279222866173,0.8546066275467895,0.9628375626909752,0.16463349166433972,0.0,-3.0096514392996167e-13,-5.336658663347744,0.0,,0.0,0.3939677876882538,0.0,30.41144825680837,True
lift_and_cruse,cruise_320,0.9046607462348109,0.0,1193.8571933786575,1228.7834506221893,537.6279221648863,0.854606627546799,0.9628375626942718,0.1646334916270401,0.0,-3.0096514392994077e-13,-5.336658663347744,0.0,,0.0,0.3939677876882562,0.0,30.415574553979102,True
lift_and_cruse,cruise_320,0.9047025944438798,0.0,1193.8571933815972,1228.783450636709,537.627922105589,0.854606627546064,0.9628375626959401,0.164633491608082,0.0,-3.009651439334971e-13,-5.336658663347744,0.0,,0.0,0.39396778768922625,0.0,30.427136181730926,True
lift_and_cruse,cruise_320,0.9047630672490712,0.0,1193.8571933858927,1228.7834506579243,537.6279220209402,0.8546066275449903,0.9628375626983239,0.16463349158097623,0.0,-3.009651439386933e-13,-5.336658663347744,0.0,,0.0,0.3939677876906438,0.0,30.443843217893527,True
lift_and_cruse,cruise_320,0.9048301869764336,0.0,1193.8571928360604,1228.783447932553,537.6279210290562,0.8546066276832841,0.9628375627134624,0.16463349142888462,0.0,-3.0096514327116986e-13,-5.336658663347744,0.0,,0.0,0.3939677875092014,0.0,30.46238662905655,True
lift_and_cruse,cruise_320,0.9048906598449152,0.0,1193.8571919430096,1228.7834435060047,537.6279194968621,0.8546066279078992,0.9628375627359154,0.1646334912060033,0.0,-3.009651421869782e-13,-5.336658663347744,0.0,,0.0,0.3939677872144985,0.0,30.47909366521915,True
lift_and_cruse,cruise_320,0.9049325086288487,0.0,1193.8571913146682,1228.7834403915288,537.6279184187673,0.8546066280659363,0.9628375627517146,0.16463349104915556,0.0,-3.0096514142415164e-13,-5.336658663347744,0.0,,0.0,0.39396778700714846,0.0,30.490655292970974,True
lift_and_cruse,cruise_320,0.9049474443344,0.0,1193.8571910843164,1228.7834392497512,537.6279180234731,0.8546066281238728,0.9628375627575082,0.16463349099164504,0.0,-3.009651411444968e-13,-5.336658663347744,0.0,,0.0,0.3939677869311333,0.0,30.494781590141706,True
lift_and_cruse,cruise_321,0.9049424608442467,0.0,1193.851124293887,1228.7806637490903,537.6257836308903,0.8546057272997164,0.9628374912241805,0.16463451062654974,0.0,-3.009644613428967e-13,-5.336658663347744,0.0,,0.0,0.3939657849161377,0.0,30.494781590141706,True
lift_and_cruse,cruise_321,0.9049573962577946,0.0,1193.8511239422942,1228.7806620061388,537.6257828564877,0.8546057273881681,0.9628374912376557,0.16463451048637245,0.0,-3.009644609159967e-13,-5.336658663347744,0.0,,0.0,0.39396578480011357,0.0,30.498907887312438,True
lift_and_cruse,cruise_321,0.904999245503389,0.0,1193.8511239468392,1228.7806620285774,537.6257827532036,0.8546057273870328,0.9628374912405494,0.16463451045350208,0.0,-3.0096446092149257e-13,-5.336658663347744,0.0,,0.0,0.3939657848016133,0.0,30.51046951506426,True
lift_and_cruse,cruise_321,0.9050597198082165,0.0,1193.8511239539191,1228.7806620635324,537.6257825965301,0.8546057273852637,0.962837491244943,0.16463451040357038,0.0,-3.0096446093005407e-13,-5.336658663347744,0.0,,0.0,0.3939657848039497,0.0,30.52717655122686,True
lift_and_cruse,cruise_321,0.9051268411920057,0.0,1193.8511233971087,1228.7806593035243,537.6257815106522,0.8546057275253197,0.9628374912624779,0.16463451022460734,0.0,-3.009644602540471e-13,-5.336658663347744,0.0,,0.0,0.39396578462020465,0.0,30.54571996238988,True
lift_and_cruse,cruise_321,0.9051873148604368,0.0,1193.851121815048,1228.7806514618342,537.6257787955811,0.8546057279232321,0.9628374913022744,0.16463450982953629,0.0,-3.009644583333869e-13,-5.336658663347744,0.0,,0.0,0.39396578409813143,0.0,30.562426998552485,True
lift_and_cruse,cruise_321,0.9052291642345452,0.0,1193.8511207448482,1228.7806461572502,537.6257769589168,0.8546057281924035,0.9628374913291958,0.1646345095622617,0.0,-3.0096445703413855e-13,-5.336658663347744,0.0,,0.0,0.39396578374497,0.0,30.573988626304306,True
lift_and_cruse,cruise_321,0.9052441000956797,0.0,1193.8511203025942,1228.7806439651604,537.6257761998461,0.8546057283036371,0.962837491340323,0.16463450945179345,0.0,-3.0096445649723144e-13,-5.336658663347744,0.0,,0.0,0.3939657835990281,0.0,30.578114923475038,True
lift_and_cruse,cruise_322,0.9052390461544044,0.0,1193.8449692819765,1228.7778328996828,537.6236129156009,0.854604814692289,0.9628374187931126,0.164635543482762,0.0,-3.009637679847636e-13,-5.336658663347744,0.0,,0.0,0.39396375378842907,0.0,30.578114923475038,True
lift_and_cruse,cruise_322,0.9052539827843291,0.0,1193.8449697599196,1228.7778352687292,537.6236147118675,0.8546048145720722,0.9628374187546592,0.1646355439010012,0.0,-3.0096376856501256e-13,-5.336658663347744,0.0,,0.0,0.39396375394614835,0.0,30.58224122064577,True
lift_and_cruse,cruise_322,0.9052958331013283,0.0,1193.8449698025513,1228.7778354798468,537.6236141058994,0.8546048145613665,0.9628374187719774,0.16463554370367522,0.0,-3.0096376861672145e-13,-5.336658663347744,0.0,,0.0,0.39396375396021655,0.0,30.59380284839759,True
lift_and_cruse,cruise_322,0.905356308465494,0.0,1193.8449693822722,1228.7778333964595,537.6236124606021,0.8546048146670943,0.9628374188075719,0.16463554331577554,0.0,-3.0096376810643876e-13,-5.336658663347744,0.0,,0.0,0.39396375382152626,0.0,30.610509884560194,True
lift_and_cruse,cruise_322,0.9054234324789019,0.0,1193.844969763744,1228.7778352876553,537.6236146707769,0.8546048145711129,0.9628374187558536,0.1646355438873688,0.0,-3.0096376856964814e-13,-5.336658663347744,0.0,,0.0,0.39396375394741034,0.0,30.629053295723217,True
lift_and_cruse,cruise_322,0.9054839093118058,0.0,1193.8449698188606,1228.7778355606342,537.6236139354772,0.8546048145572691,0.9628374187769402,0.1646355436470099,0.0,-3.009637686365087e-13,-5.336658663347744,0.0,,0.0,0.3939637539655985,0.0,30.645760331885818,True
lift_and_cruse,cruise_322,0.9055257608506302,0.0,1193.844969855424,1228.7778357417246,537.6236134497389,0.854604814548085,0.9628374187908733,0.16463554348816056,0.0,-3.0096376868086304e-13,-5.336658663347744,0.0,,0.0,0.3939637539776644,0.0,30.65732195963764,True
lift_and_cruse,cruise_322,0.905540697545699,0.0,1193.8449698680702,1228.7778358043565,537.6236132820488,0.8546048145449088,0.9628374187956837,0.16463554343333683,0.0,-3.0096376869620344e-13,-5.336658663347744,0.0,,0.0,0.39396375398183753,0.0,30.66144825680837,True
lift_and_cruse,cruise_323,0.9055355669368642,0.0,1193.838728068787,1228.774968039436,537.6214138708553,0.8546038887859728,0.9628373452908908,0.1646365914513581,0.0,-3.0096306629637734e-13,-5.336658663347744,0.0,,0.0,0.39396169421466565,0.0,30.66144825680837,True
lift_and_cruse,cruise_323,0.9055505034409508,0.0,1193.8387280676316,1228.7749680337083,537.621413868719,0.8546038887862636,0.9628373452909241,0.16463659145101917,0.0,-3.009630662949744e-13,-5.336658663347744,0.0,,0.0,0.39396169421428445,0.0,30.665574553979102,True
lift_and_cruse,cruise_323,0.9055923547505789,0.0,1193.838728067632,1228.774968033711,537.6214138687068,0.8546038887862631,0.9628373452909245,0.16463659145102397,0.0,-3.009630662949751e-13,-5.336658663347744,0.0,,0.0,0.3939616942142845,0.0,30.677136181730926,True
lift_and_cruse,cruise_323,0.9056528320409287,0.0,1193.8387280676338,1228.7749680337206,537.6214138686764,0.8546038887862628,0.9628373452909252,0.1646365914510208,0.0,-3.0096306629497744e-13,-5.336658663347744,0.0,,0.0,0.3939616942142852,0.0,30.693843217893527,True
lift_and_cruse,cruise_323,0.9057199573172178,0.0,1193.8387280676318,1228.7749680337085,537.621413868719,0.8546038887862637,0.9628373452909241,0.16463659145102305,0.0,-3.009630662949745e-13,-5.336658663347744,0.0,,0.0,0.3939616942142845,0.0,30.71238662905655,True
lift_and_cruse,cruise_323,0.9057804355956768,0.0,1193.8387280676309,1228.7749680337038,537.621413868728,0.8546038887862637,0.9628373452909239,0.1646365914510266,0.0,-3.009630662949733e-13,-5.336658663347744,0.0,,0.0,0.3939616942142842,0.0,30.72909366521915,True
lift_and_cruse,cruise_323,0.9058222881374577,0.0,1193.8387280676322,1228.7749680337115,537.6214138687037,0.8546038887862631,0.9628373452909245,0.16463659145102005,0.0,-3.009630662949752e-13,-5.336658663347744,0.0,,0.0,0.3939616942142846,0.0,30.740655292970974,True
lift_and_cruse,cruise_323,0.905837225190187,0.0,1193.8387280667569,1228.7749680293723,537.6214138670383,0.8546038887864835,0.962837345290951,0.16463659145075688,0.0,-3.009630662939124e-13,-5.336658663347744,0.0,,0.0,0.3939616942139958,0.0,30.744781590141706,True
lift_and_cruse,cruise_324,0.9058320193119793,0.0,1193.8323963987007,1228.7720599174008,537.619182342592,0.8546029495975163,0.9628372707392554,0.16463765443453518,0.0,-3.0096235401190893e-13,-5.336658663347744,0.0,,0.0,0.39395960479051173,0.0,30.744781590141706,True
lift_and_cruse,cruise_324,0.9058469561847055,0.0,1193.8323963987,1228.772059917397,537.6191823425951,0.8546029495975165,0.9628372707392554,0.1646376544345436,0.0,-3.0096235401190797e-13,-5.336658663347744,0.0,,0.0,0.3939596047905114,0.0,30.748907887312438,True
lift_and_cruse,cruise_324,0.9058888085235984,0.0,1193.832396397753,1228.772059912703,537.6191823408202,0.8546029495977551,0.9628372707392832,0.16463765443425854,0.0,-3.0096235401075833e-13,-5.336658663347744,0.0,,0.0,0.3939596047901989,0.0,30.76046951506426,True
lift_and_cruse,cruise_324,0.9059492873052793,0.0,1193.8323963987011,1228.7720599174029,537.6191823425768,0.8546029495975161,0.9628372707392558,0.16463765443452974,0.0,-3.0096235401190943e-13,-5.336658663347744,0.0,,0.0,0.39395960479051184,0.0,30.77717655122686,True
lift_and_cruse,cruise_324,0.9060164142379441,0.0,1193.8323963986313,1228.772059917057,537.6191823424066,0.8546029495975339,0.962837270739259,0.164637654434512,0.0,-3.009623540118247e-13,-5.336658663347744,0.0,,0.0,0.39395960479048875,0.0,30.79571996238988,True
lift_and_cruse,cruise_324,0.9060768940109362,0.0,1193.8323963987036,1228.772059917414,537.6191823425312,0.8546029495975157,0.9628372707392572,0.16463765443453035,0.0,-3.0096235401191216e-13,-5.336658663347744,0.0,,0.0,0.39395960479051256,0.0,30.812426998552485,True
lift_and_cruse,cruise_324,0.9061187475880571,0.0,1193.8323963987013,1228.772059917403,537.6191823425738,0.8546029495975165,0.962837270739256,0.16463765443452874,0.0,-3.009623540119095e-13,-5.336658663347744,0.0,,0.0,0.3939596047905119,0.0,30.823988626304306,True
lift_and_cruse,cruise_324,0.9061336850114169,0.0,1193.8323963987027,1228.77205991741,537.6191823425463,0.8546029495975158,0.9628372707392567,0.1646376544345222,0.0,-3.0096235401191115e-13,-5.336658663347744,0.0,,0.0,0.39395960479051234,0.0,30.828114923475038,True
lift_and_cruse,cruise_325,0.9061284014076275,0.0,1193.8259719594298,1228.7691094657432,537.6169181952038,0.8546019966058801,0.9628371950925547,0.16463873302912807,0.0,-3.009616313596732e-13,-5.336658663347744,0.0,,0.0,0.39395748475292197,0.0,30.828114923475038,True
lift_and_cruse,cruise_325,0.9061433386469042,0.0,1193.8259719593163,1228.7691094651802,537.6169181949667,0.8546019966059087,0.9628371950925587,0.16463873302909046,0.0,-3.0096163135953534e-13,-5.336658663347744,0.0,,0.0,0.3939574847528846,0.0,30.83224122064577,True
lift_and_cruse,cruise_325,0.9061851920105602,0.0,1193.8259719551847,1228.7691094446996,537.6169181872992,0.854601996606948,0.9628371950926782,0.16463873302786414,0.0,-3.00961631354519e-13,-5.336658663347744,0.0,,0.0,0.3939574847515212,0.0,30.84380284839759,True
lift_and_cruse,cruise_325,0.9062456722827879,0.0,1193.825971959425,1228.7691094657202,537.6169181952888,0.8546019966058818,0.9628371950925523,0.16463873302913606,0.0,-3.009616313596676e-13,-5.336658663347744,0.0,,0.0,0.39395748475292036,0.0,30.860509884560194,True
lift_and_cruse,cruise_325,0.9063128008674868,0.0,1193.8259719584648,1228.7691094609581,537.6169181934532,0.8546019966061231,0.9628371950925816,0.16463873302885335,0.0,-3.009616313585012e-13,-5.336658663347744,0.0,,0.0,0.3939574847526035,0.0,30.879053295723217,True
lift_and_cruse,cruise_325,0.906373282130603,0.0,1193.8259719573557,1228.7691094554614,537.6169181913958,0.854601996606402,0.9628371950926136,0.16463873302851684,0.0,-3.0096163135715487e-13,-5.336658663347744,0.0,,0.0,0.39395748475223746,0.0,30.895760331885818,True
lift_and_cruse,cruise_325,0.906415136740041,0.0,1193.8259719565053,1228.7691094512468,537.616918189773,0.854601996606616,0.9628371950926394,0.16463873302825854,0.0,-3.009616313561226e-13,-5.336658663347744,0.0,,0.0,0.39395748475195697,0.0,30.90732195963764,True
lift_and_cruse,cruise_325,0.9064300745353557,0.0,1193.82597195943,1228.769109465744,537.6169181952038,0.8546019966058802,0.9628371950925547,0.16463873302912707,0.0,-3.0096163135967337e-13,-5.336658663347744,0.0,,0.0,0.393957484752922,0.0,30.91144825680837,True
lift_and_cruse,cruise_326,0.9064247107878779,0.0,1193.81945186433,1228.7661153560368,537.6146204088568,0.8546010293823176,0.9628371183168358,0.16463982771955035,0.0,-3.009608980142996e-13,-5.336658663347744,0.0,,0.0,0.39395533314931624,0.0,30.91144825680837,True
lift_and_cruse,cruise_326,0.9064396487851986,0.0,1193.8194522480119,1228.7661172577762,537.6146211315901,0.8546010292858116,0.9628371183054439,0.16463982783504585,0.0,-3.009608984800914e-13,-5.336658663347744,0.0,,0.0,0.39395533327592963,0.0,30.915574553979102,True
lift_and_cruse,cruise_326,0.9064815031777077,0.0,1193.8194522469857,1228.7661172526891,537.6146211294264,0.8546010292860696,0.9628371183054806,0.16463982783466022,0.0,-3.009608984788454e-13,-5.336658663347744,0.0,,0.0,0.3939553332755911,0.0,30.927136181730926,True
lift_and_cruse,cruise_326,0.906541984927795,0.0,1193.81945224539,1228.7661172447806,537.614621125892,0.854601029286471,0.9628371183055423,0.1646398278340353,0.0,-3.009608984769084e-13,-5.336658663347744,0.0,,0.0,0.3939553332750645,0.0,30.943843217893527,True
lift_and_cruse,cruise_326,0.90660911516109,0.0,1193.8194522437764,1228.766117236782,537.6146211225216,0.8546010292868769,0.9628371183055991,0.1646398278334368,0.0,-3.009608984749493e-13,-5.336658663347744,0.0,,0.0,0.393955333274532,0.0,30.96238662905655,True
lift_and_cruse,cruise_326,0.9066695979120978,0.0,1193.8194522425347,1228.7661172306287,537.6146211197744,0.8546010292871891,0.9628371183056471,0.16463982783295422,0.0,-3.0096089847344214e-13,-5.336658663347744,0.0,,0.0,0.39395533327412224,0.0,30.97909366521915,True
lift_and_cruse,cruise_326,0.9067114535521822,0.0,1193.819452241411,1228.7661172250578,537.61462111741,0.8546010292874715,0.9628371183056872,0.16463982783253267,0.0,-3.009608984720777e-13,-5.336658663347744,0.0,,0.0,0.39395533327375143,0.0,30.990655292970974,True
lift_and_cruse,cruise_326,0.9067263917124633,0.0,1193.8194522412048,1228.766117224036,537.6146211169298,0.8546010292875237,0.9628371183056957,0.1646398278324369,0.0,-3.009608984718274e-13,-5.336658663347744,0.0,,0.0,0.3939553332736833,0.0,30.994781590141706,True
lift_and_cruse,cruise_327,0.9065318106189069,0.0,1193.5829734806298,1228.65771400934,537.5313342092614,0.8545659194247055,0.9628343318139092,0.16467955686103986,0.0,-3.009343473418485e-13,-5.336658663347744,0.0,,0.0,0.3938772962901516,0.0,30.994781590141706,True
lift_and_cruse,cruise_327,0.906546740974401,0.0,1193.5829734777544,1228.6577139950919,537.5313342038429,0.8545659194254289,0.9628343318139945,0.16467955686016542,0.0,-3.0093434733835867e-13,-5.336658663347744,0.0,,0.0,0.39387729628920276,0.0,30.998907887312438,True
lift_and_cruse,cruise_327,0.9065885750627939,0.0,1193.5829734777442,1228.657713995041,537.5313342038551,0.8545659194254316,0.962834331813994,0.16467955686018002,0.0,-3.009343473383462e-13,-5.336658663347744,0.0,,0.0,0.3938772962891994,0.0,31.01046951506426,True
lift_and_cruse,cruise_327,0.9066490274734695,0.0,1193.5829734787155,1228.6577139998553,537.5313342057027,0.8545659194251872,0.9628343318139647,0.16467955686047342,0.0,-3.0093434733952537e-13,-5.336658663347744,0.0,,0.0,0.39387729628951984,0.0,31.02717655122686,True
lift_and_cruse,cruise_327,0.9067161251428496,0.0,1193.5829734806669,1228.6577140095235,537.5313342092796,0.8545659194246962,0.9628343318139095,0.1646795568610421,0.0,-3.009343473418934e-13,-5.336658663347744,0.0,,0.0,0.39387729629016377,0.0,31.04571996238988,True
lift_and_cruse,cruise_327,0.9067765785533305,0.0,1193.5829734815013,1228.6577140136592,537.5313342108266,0.8545659194244866,0.9628343318138853,0.1646795568612835,0.0,-3.0093434734290634e-13,-5.336658663347744,0.0,,0.0,0.3938772962904392,0.0,31.062426998552485,True
lift_and_cruse,cruise_327,0.9068184138887903,0.0,1193.5829734816364,1228.657714014328,537.5313342111639,0.8545659194244526,0.9628343318138791,0.16467955686134506,0.0,-3.0093434734307017e-13,-5.336658663347744,0.0,,0.0,0.39387729629048374,0.0,31.073988626304306,True
lift_and_cruse,cruise_327,0.9068333448021031,0.0,1193.5829734815957,1228.657714014126,537.5313342109207,0.8545659194244625,0.9628343318138848,0.16467955686129102,0.0,-3.009343473430207e-13,-5.336658663347744,0.0,,0.0,0.3938772962904703,0.0,31.078114923475038,True
lift_and_cruse,cruise_328,0.9065321332593622,0.0,1193.2169498852197,1228.4906680967913,537.402624405708,0.8545114622851971,0.9628300115078308,0.16474114837114834,0.0,-3.008934328934258e-13,-5.336658663347744,0.0,,0.0,0.3937565100630172,0.0,31.078114923475038,True
lift_and_cruse,cruise_328,0.9065470520841615,0.0,1193.2169498852325,1228.4906680968556,537.4026244056746,0.8545114622851941,0.962830011507832,0.1647411483711402,0.0,-3.0089343289344153e-13,-5.336658663347744,0.0,,0.0,0.3937565100630215,0.0,31.08224122064577,True
lift_and_cruse,cruise_328,0.9065888538555477,0.0,1193.2169498852884,1228.4906680971321,537.4026244057354,0.8545114622851802,0.9628300115078315,0.1647411483711408,0.0,-3.008934328935093e-13,-5.336658663347744,0.0,,0.0,0.39375651006303986,0.0,31.09380284839759,True
lift_and_cruse,cruise_328,0.9066492595642919,0.0,1193.2169498852172,1228.4906680967804,537.4026244057202,0.8545114622851976,0.9628300115078303,0.16474114837115358,0.0,-3.008934328934231e-13,-5.336658663347744,0.0,,0.0,0.3937565100630163,0.0,31.110509884560194,True
lift_and_cruse,cruise_328,0.9067163053957569,0.0,1193.2169498852247,1228.490668096817,537.402624405632,0.8545114622851961,0.9628300115078329,0.16474114837112852,0.0,-3.008934328934321e-13,-5.336658663347744,0.0,,0.0,0.39375651006301887,0.0,31.129053295723217,True
lift_and_cruse,cruise_328,0.906776712101142,0.0,1193.216949885225,1228.490668096818,537.4026244056412,0.8545114622851958,0.9628300115078328,0.16474114837111628,0.0,-3.008934328934323e-13,-5.336658663347744,0.0,,0.0,0.3937565100630189,0.0,31.145760331885818,True
lift_and_cruse,cruise_328,0.9068185151151865,0.0,1193.2169498852359,1228.490668096873,537.4026244055439,0.8545114622851934,0.9628300115078355,0.16474114837109913,0.0,-3.0089343289344577e-13,-5.336658663347744,0.0,,0.0,0.39375651006302254,0.0,31.15732195963764,True
lift_and_cruse,cruise_328,0.9068334344930269,0.0,1193.2169498852222,1228.4906680968047,537.4026244056381,0.8545114622851965,0.9628300115078327,0.16474114837112155,0.0,-3.0089343289342906e-13,-5.336658663347744,0.0,,0.0,0.3937565100630181,0.0,31.16144825680837,True
lift_and_cruse,cruise_329,0.9073137261131075,0.0,1193.8003907890281,1228.757363937308,537.6079034411581,0.8545982015131511,0.9628368938513577,0.16464302819828328,0.0,-3.009587545349127e-13,-5.336658663347744,0.0,,0.0,0.39394904307567163,0.0,31.16144825680837,True
lift_and_cruse,cruise_329,0.9073286648516362,0.0,1193.8003907891973,1228.7573639381455,537.6079034412797,0.8545982015131088,0.9628368938513581,0.1646430281982712,0.0,-3.0095875453511787e-13,-5.336658663347744,0.0,,0.0,0.39394904307572737,0.0,31.165574553979102,True
lift_and_cruse,cruise_329,0.9073705224214432,0.0,1193.8003907885145,1228.7573639347636,537.6079034394168,0.8545982015132803,0.9628368938513939,0.1646430281978871,0.0,-3.0095875453428953e-13,-5.336658663347744,0.0,,0.0,0.3939490430755021,0.0,31.177136181730926,True
lift_and_cruse,cruise_329,0.907431008766667,0.0,1193.800390786052,1228.7573639225554,537.6079034351652,0.8545982015139002,0.9628368938514565,0.16464302819726534,0.0,-3.009587545312994e-13,-5.336658663347744,0.0,,0.0,0.3939490430746894,0.0,31.193843217893527,True
lift_and_cruse,cruise_329,0.9074981441083783,0.0,1193.8003907844995,1228.7573639148623,537.607903432342,0.8545982015142906,0.9628368938515,0.16464302819683782,0.0,-3.009587545294151e-13,-5.336658663347744,0.0,,0.0,0.3939490430741771,0.0,31.21238662905655,True
lift_and_cruse,cruise_329,0.9075586314690762,0.0,1193.800390783962,1228.7573639121983,537.6079034315063,0.8545982015144253,0.9628368938515112,0.16464302819673102,0.0,-3.009587545287626e-13,-5.336658663347744,0.0,,0.0,0.39394904307399975,0.0,31.22909366521915,True
lift_and_cruse,cruise_329,0.907600490303447,0.0,1193.8003907839918,1228.7573639123452,537.6079034316368,0.8545982015144178,0.9628368938515083,0.1646430281967514,0.0,-3.009587545287986e-13,-5.336658663347744,0.0,,0.0,0.39394904307400963,0.0,31.240655292970974,True
lift_and_cruse,cruise_329,0.9076154296043655,0.0,1193.800390784098,1228.7573639128727,537.607903431728,0.8545982015143913,0.9628368938515081,0.16464302819676266,0.0,-3.009587545289278e-13,-5.336658663347744,0.0,,0.0,0.39394904307404466,0.0,31.244781590141706,True
lift_and_cruse,cruise_330,0.907609717470015,0.0,1193.7934548615137,1228.7541799904739,537.6054594097599,0.8545971724260217,0.9628368121679233,0.16464419285630766,0.0,-3.009579746928529e-13,-5.336658663347744,0.0,,0.0,0.3939467542491406,0.0,31.244781590141706,True
lift_and_cruse,cruise_330,0.9076246565897526,0.0,1193.793454880916,1228.7541800866409,537.6054594461796,0.8545971724211416,0.9628368121673506,0.16464419286211715,0.0,-3.00957974716407e-13,-5.336658663347744,0.0,,0.0,0.39394675425554315,0.0,31.248907887312438,True
lift_and_cruse,cruise_330,0.9076665151739333,0.0,1193.7934548809174,1228.7541800866456,537.6054594461674,0.8545971724211411,0.9628368121673511,0.16464419286210574,0.0,-3.009579747164082e-13,-5.336658663347744,0.0,,0.0,0.3939467542555437,0.0,31.26046951506426,True
lift_and_cruse,cruise_330,0.9077270029882243,0.0,1193.7934548809185,1228.7541800866516,537.6054594461491,0.8545971724211407,0.9628368121673516,0.16464419286211682,0.0,-3.0095797471640963e-13,-5.336658663347744,0.0,,0.0,0.3939467542555441,0.0,31.27717655122686,True
lift_and_cruse,cruise_330,0.9077941399617312,0.0,1193.7934548809171,1228.7541800866447,537.6054594461704,0.8545971724211413,0.962836812167351,0.16464419286211018,0.0,-3.0095797471640797e-13,-5.336658663347744,0.0,,0.0,0.3939467542555436,0.0,31.29571996238988,True
lift_and_cruse,cruise_330,0.9078546287939502,0.0,1193.793454880922,1228.7541800866693,537.6054594461006,0.8545971724211403,0.962836812167353,0.1646441928620997,0.0,-3.00957974716414e-13,-5.336658663347744,0.0,,0.0,0.3939467542555452,0.0,31.312426998552485,True
lift_and_cruse,cruise_330,0.9078964886469386,0.0,1193.7934548804008,1228.7541800840868,537.6054594452222,0.8545971724212713,0.9628368121673655,0.1646441928619589,0.0,-3.0095797471578147e-13,-5.336658663347744,0.0,,0.0,0.39394675425537323,0.0,31.323988626304306,True
lift_and_cruse,cruise_330,0.9079114283122668,0.0,1193.7934548809183,1228.7541800866518,537.6054594461582,0.854597172421141,0.9628368121673513,0.16464419286210022,0.0,-3.009579747164097e-13,-5.336658663347744,0.0,,0.0,0.39394675425554404,0.0,31.328114923475038,True
lift_and_cruse,cruise_331,0.907905622007906,0.0,1193.7864065723227,1228.7509448091973,537.6029758806466,0.8545961266156796,0.9628367291577993,0.1646453764273315,0.0,-3.009571823019739e-13,-5.336658663347744,0.0,,0.0,0.393944428343735,0.0,31.328114923475038,True
lift_and_cruse,cruise_331,0.9079205617710031,0.0,1193.7864068684746,1228.7509462770429,537.6029764369571,0.8545961265411877,0.9628367291490479,0.16464537651601277,0.0,-3.009571826614924e-13,-5.336658663347744,0.0,,0.0,0.3939444284414639,0.0,31.33224122064577,True
lift_and_cruse,cruise_331,0.9079624213637142,0.0,1193.786406866902,1228.7509462692483,537.6029764338878,0.8545961265415831,0.9628367291490976,0.1646453765155064,0.0,-3.0095718265958327e-13,-5.336658663347744,0.0,,0.0,0.39394442844094496,0.0,31.34380284839759,True
lift_and_cruse,cruise_331,0.9080229106374529,0.0,1193.7864068649176,1228.7509462594098,537.6029764299127,0.8545961265420826,0.9628367291491629,0.1646453765148402,0.0,-3.009571826571735e-13,-5.336658663347744,0.0,,0.0,0.39394442844029004,0.0,31.360509884560194,True
lift_and_cruse,cruise_331,0.9080900492332776,0.0,1193.7864068626811,1228.7509462483285,537.6029764256125,0.8545961265426447,0.9628367291492317,0.16464537651412076,0.0,-3.009571826544594e-13,-5.336658663347744,0.0,,0.0,0.3939444284395521,0.0,31.379053295723217,True
lift_and_cruse,cruise_331,0.9081505395295864,0.0,1193.7864068608599,1228.7509462392989,537.6029764220264,0.8545961265431028,0.96283672914929,0.16464537651353764,0.0,-3.0095718265224774e-13,-5.336658663347744,0.0,,0.0,0.393944428438951,0.0,31.395760331885818,True
lift_and_cruse,cruise_331,0.9081924003974166,0.0,1193.7864068594895,1228.750946232506,537.6029764193369,0.854596126543448,0.9628367291493336,0.1646453765130988,0.0,-3.00957182650584e-13,-5.336658663347744,0.0,,0.0,0.39394442843849875,0.0,31.40732195963764,True
lift_and_cruse,cruise_331,0.9082073404245338,0.0,1193.7864068590632,1228.7509462303938,537.6029764184799,0.8545961265435551,0.9628367291493477,0.1646453765129434,0.0,-3.0095718265006665e-13,-5.336658663347744,0.0,,0.0,0.39394442843835814,0.0,31.41144825680837,True
lift_and_cruse,cruise_332,0.90820143650783,0.0,1193.7792421005247,1228.7476568691072,537.6004515841496,0.8545950634937316,0.9628366447738679,0.16464657957723308,0.0,-3.009563769889125e-13,-5.336658663347744,0.0,,0.0,0.39394206409856414,0.0,31.41144825680837,True
lift_and_cruse,cruise_332,0.9082163763280618,0.0,1193.7792421017193,1228.747656875028,537.6004515863681,0.8545950634934308,0.9628366447738332,0.1646465795775828,0.0,-3.0095637699036265e-13,-5.336658663347744,0.0,,0.0,0.39394206409895827,0.0,31.415574553979102,True
lift_and_cruse,cruise_332,0.908258236928508,0.0,1193.7792421016811,1228.7476568748384,537.6004515863226,0.8545950634934405,0.9628366447738337,0.16464657957757728,0.0,-3.009563769903162e-13,-5.336658663347744,0.0,,0.0,0.3939420640989456,0.0,31.427136181730926,True
lift_and_cruse,cruise_332,0.9083187276604804,0.0,1193.779242102111,1228.7476568769707,537.6004515871583,0.8545950634933321,0.9628366447738202,0.1646465795777092,0.0,-3.009563769908385e-13,-5.336658663347744,0.0,,0.0,0.39394206409908755,0.0,31.443843217893527,True
lift_and_cruse,cruise_332,0.9083858678770131,0.0,1193.7792421022557,1228.7476568776865,537.6004515873649,0.8545950634932962,0.9628366447738177,0.16464657957773718,0.0,-3.009563769910138e-13,-5.336658663347744,0.0,,0.0,0.39394206409913524,0.0,31.46238662905655,True
lift_and_cruse,cruise_332,0.9084463596356547,0.0,1193.7792421024305,1228.747656878553,537.6004515877083,0.854595063493252,0.9628366447738121,0.16464657957779083,0.0,-3.0095637699122603e-13,-5.336658663347744,0.0,,0.0,0.393942064099193,0.0,31.47909366521915,True
lift_and_cruse,cruise_332,0.9084882215167949,0.0,1193.7792421025215,1228.747656879004,537.6004515878694,0.854595063493229,0.9628366447738098,0.16464657957782178,0.0,-3.009563769913365e-13,-5.336658663347744,0.0,,0.0,0.393942064099223,0.0,31.490655292970974,True
lift_and_cruse,cruise_332,0.9085031619055796,0.0,1193.7792421023908,1228.7476568783568,537.6004515876749,0.8545950634932621,0.9628366447738121,0.16464657957778164,0.0,-3.0095637699117796e-13,-5.336658663347744,0.0,,0.0,0.39394206409917987,0.0,31.494781590141706,True
lift_and_cruse,cruise_333,0.9084971574404428,0.0,1193.771957287438,1228.74431390066,537.5978849312363,0.8545939824740787,0.9628365589704566,0.1646478029673395,0.0,-3.009555581977908e-13,-5.336658663347744,0.0,,0.0,0.3939396601412806,0.0,31.494781590141706,True
lift_and_cruse,cruise_333,0.9085120976156816,0.0,1193.77195728631,1228.744313895072,537.5978849292943,0.8545939824743625,0.9628365589704851,0.1646478029670583,0.0,-3.0095555819642214e-13,-5.336658663347744,0.0,,0.0,0.39393966014090825,0.0,31.498907887312438,True
lift_and_cruse,cruise_333,0.9085539592182539,0.0,1193.7719572863525,1228.7443138952808,537.5978849293247,0.8545939824743514,0.9628365589704854,0.16464780296703974,0.0,-3.0095555819647323e-13,-5.336658663347744,0.0,,0.0,0.39393966014092235,0.0,31.51046951506426,True
lift_and_cruse,cruise_333,0.9086144513997213,0.0,1193.7719572864544,1228.744313895787,537.5978849294979,0.8545939824743263,0.9628365589704828,0.16464780296707168,0.0,-3.0095555819659723e-13,-5.336658663347744,0.0,,0.0,0.39393966014095594,0.0,31.52717655122686,True
lift_and_cruse,cruise_333,0.9086815932280177,0.0,1193.771957286623,1228.744313896622,537.5978849298018,0.8545939824742839,0.9628365589704782,0.1646478029671272,0.0,-3.0095555819680175e-13,-5.336658663347744,0.0,,0.0,0.3939396601410116,0.0,31.54571996238988,True
lift_and_cruse,cruise_333,0.9087420864411123,0.0,1193.771957286843,1228.7443138977126,537.5978849299842,0.8545939824742282,0.9628365589704779,0.1646478029671164,0.0,-3.009555581970689e-13,-5.336658663347744,0.0,,0.0,0.39393966014108417,0.0,31.562426998552485,True
lift_and_cruse,cruise_333,0.9087839493301018,0.0,1193.7719572870135,1228.7443138985564,537.5978849303063,0.8545939824741855,0.9628365589704727,0.1646478029671618,0.0,-3.009555581972755e-13,-5.336658663347744,0.0,,0.0,0.3939396601411405,0.0,31.573988626304306,True
lift_and_cruse,cruise_333,0.9087988900790005,0.0,1193.7719572870762,1228.7443138988685,537.5978849303641,0.8545939824741696,0.9628365589704726,0.16464780296715806,0.0,-3.00955558197352e-13,-5.336658663347744,0.0,,0.0,0.39393966014116116,0.0,31.578114923475038,True
lift_and_cruse,cruise_334,0.908318234520745,0.0,1193.1888868792175,1228.477897825444,537.392766347279,0.8545072813497678,0.9628296799021876,0.16474587552909184,0.0,-3.0089030507903983e-13,-5.336658663347744,0.0,,0.0,0.39374724939059186,0.0,31.578114923475038,True
lift_and_cruse,cruise_334,0.908333155926006,0.0,1193.1888868792582,1228.4778978256459,537.3927663473672,0.8545072813497574,0.9628296799021862,0.16474587552910674,0.0,-3.008903050790893e-13,-5.336658663347744,0.0,,0.0,0.3937472493906053,0.0,31.58224122064577,True
lift_and_cruse,cruise_334,0.9083749649314153,0.0,1193.1888868790575,1228.4778978246522,537.3927663470178,0.8545072813498079,0.9628296799021913,0.16474587552906253,0.0,-3.008903050788459e-13,-5.336658663347744,0.0,,0.0,0.39374724939053896,0.0,31.59380284839759,True
lift_and_cruse,cruise_334,0.9084353811049161,0.0,1193.188886879261,1228.4778978256616,537.3927663473216,0.854507281349757,0.9628296799021875,0.16474587552910977,0.0,-3.0089030507909315e-13,-5.336658663347744,0.0,,0.0,0.3937472493906061,0.0,31.610509884560194,True
lift_and_cruse,cruise_334,0.9085024385658511,0.0,1193.1888868792591,1228.4778978256509,537.392766347352,0.8545072813497575,0.9628296799021865,0.1647458755291213,0.0,-3.008903050790905e-13,-5.336658663347744,0.0,,0.0,0.3937472493906056,0.0,31.629053295723217,True
lift_and_cruse,cruise_334,0.9085628557623722,0.0,1193.1888868792616,1228.4778978256625,537.3927663473034,0.8545072813497564,0.9628296799021879,0.16474587552909303,0.0,-3.0089030507909335e-13,-5.336658663347744,0.0,,0.0,0.3937472493906064,0.0,31.645760331885818,True
lift_and_cruse,cruise_334,0.908604666043927,0.0,1193.188886879262,1228.4778978256659,537.3927663473095,0.8545072813497567,0.9628296799021878,0.16474587552909595,0.0,-3.008903050790942e-13,-5.336658663347744,0.0,,0.0,0.39374724939060657,0.0,31.65732195963764,True
lift_and_cruse,cruise_334,0.9086195880167884,0.0,1193.1888868790577,1228.4778978246516,537.3927663470025,0.8545072813498078,0.9628296799021916,0.16474587552904982,0.0,-3.0089030507884576e-13,-5.336658663347744,0.0,,0.0,0.39374724939053907,0.0,31.66144825680837,True
lift_and_cruse,cruise_335,0.908323915871232,0.0,1192.830186756323,1228.3152549316492,537.2671620079823,0.8544537085631874,0.9628254292893926,0.164806443968935,0.0,-3.0085046905918187e-13,-5.336658663347744,0.0,,0.0,0.3936288798781878,0.0,31.66144825680837,True
lift_and_cruse,cruise_335,0.9083388259759628,0.0,1192.830186760465,1228.3152549521483,537.2671620157074,0.8544537085621464,0.9628254292892717,0.1648064439701481,0.0,-3.008504690642027e-13,-5.336658663347744,0.0,,0.0,0.39362887987955464,0.0,31.665574553979102,True
lift_and_cruse,cruise_335,0.9083806033059355,0.0,1192.8301867604634,1228.3152549521378,537.2671620157105,0.8544537085621471,0.9628254292892716,0.1648064439701547,0.0,-3.0085046906420014e-13,-5.336658663347744,0.0,,0.0,0.39362887987955414,0.0,31.677136181730926,True
lift_and_cruse,cruise_335,0.9084409737052807,0.0,1192.8301867604598,1228.3152549521205,537.2671620157317,0.8544537085621479,0.962825429289271,0.16480644397015567,0.0,-3.008504690641959e-13,-5.336658663347744,0.0,,0.0,0.393628879879553,0.0,31.693843217893527,True
lift_and_cruse,cruise_335,0.9085079803591274,0.0,1192.8301867604657,1228.3152549521499,537.2671620155859,0.8544537085621464,0.9628254292892751,0.16480644397011715,0.0,-3.0085046906420306e-13,-5.336658663347744,0.0,,0.0,0.3936288798795549,0.0,31.71238662905655,True
lift_and_cruse,cruise_335,0.9085683517783884,0.0,1192.8301867604578,1228.315254952111,537.267162015674,0.8544537085621486,0.9628254292892725,0.1648064439701408,0.0,-3.0085046906419357e-13,-5.336658663347744,0.0,,0.0,0.3936288798795523,0.0,31.72909366521915,True
lift_and_cruse,cruise_335,0.9086101303801771,0.0,1192.830186760454,1228.3152549520892,537.2671620157043,0.8544537085621495,0.9628254292892715,0.16480644397013988,0.0,-3.008504690641882e-13,-5.336658663347744,0.0,,0.0,0.39362887987955103,0.0,31.740655292970974,True
lift_and_cruse,cruise_335,0.9086250410466838,0.0,1192.830186760455,1228.3152549520973,537.2671620156649,0.854453708562149,0.9628254292892727,0.16480644397012942,0.0,-3.0085046906419024e-13,-5.336658663347744,0.0,,0.0,0.39362887987955136,0.0,31.744781590141706,True
lift_and_cruse,cruise_336,0.9085756156400081,0.0,1192.7702160192382,1228.2882022964388,537.2463116976724,0.8544447108613583,0.9628247143724381,0.16481662037227943,0.0,-3.008438430745581e-13,-5.336658663347744,0.0,,0.0,0.39360908979044,0.0,31.744781590141706,True
lift_and_cruse,cruise_336,0.9085905243564789,0.0,1192.770216026112,1228.2882023304526,537.2463117105973,0.8544447108596314,0.9628247143722346,0.16481662037435282,0.0,-3.0084384308288904e-13,-5.336658663347744,0.0,,0.0,0.39360908979270837,0.0,31.748907887312438,True
lift_and_cruse,cruise_336,0.9086322977893142,0.0,1192.7702160261151,1228.2882023304685,537.2463117105304,0.8544447108596301,0.9628247143722365,0.1648166203743387,0.0,-3.00843843082893e-13,-5.336658663347744,0.0,,0.0,0.39360908979270937,0.0,31.76046951506426,True
lift_and_cruse,cruise_336,0.9086926625584826,0.0,1192.770216026114,1228.2882023304628,537.2463117105304,0.8544447108596305,0.9628247143722365,0.1648166203743369,0.0,-3.0084384308289156e-13,-5.336658663347744,0.0,,0.0,0.393609089792709,0.0,31.77717655122686,True
lift_and_cruse,cruise_336,0.9087596629651774,0.0,1192.770216026112,1228.288202330453,537.2463117105548,0.8544447108596315,0.9628247143722357,0.1648166203743401,0.0,-3.008438430828892e-13,-5.336658663347744,0.0,,0.0,0.39360908979270837,0.0,31.79571996238988,True
lift_and_cruse,cruise_336,0.9088200287576417,0.0,1192.7702160261106,1228.2882023304473,537.2463117105486,0.8544447108596315,0.9628247143722359,0.16481662037433686,0.0,-3.008438430828878e-13,-5.336658663347744,0.0,,0.0,0.39360908979270787,0.0,31.812426998552485,True
lift_and_cruse,cruise_336,0.9088618034665078,0.0,1192.7702160261126,1228.288202330455,537.2463117105062,0.854444710859631,0.9628247143722372,0.1648166203743327,0.0,-3.008438430828897e-13,-5.336658663347744,0.0,,0.0,0.39360908979270853,0.0,31.823988626304306,True
lift_and_cruse,cruise_336,0.9088767127438333,0.0,1192.7702160261117,1228.2882023304523,537.2463117105092,0.8544447108596313,0.962824714372237,0.1648166203743328,0.0,-3.00843843082889e-13,-5.336658663347744,0.0,,0.0,0.3936090897927082,0.0,31.828114923475038,True
lift_and_cruse,cruise_337,0.9088645001757617,0.0,1192.7554017337295,1228.281523334419,537.2411621386373,0.8544424876289487,0.9628245377334892,0.16481913469250756,0.0,-3.0084220720066627e-13,-5.336658663347744,0.0,,0.0,0.3936042011393347,0.0,31.828114923475038,True
lift_and_cruse,cruise_337,0.9088794089962023,0.0,1192.7554017382258,1228.2815233566705,537.2411621470188,0.8544424876278186,0.9628245377333581,0.16481913469384937,0.0,-3.008422072061163e-13,-5.336658663347744,0.0,,0.0,0.3936042011408184,0.0,31.83224122064577,True
lift_and_cruse,cruise_337,0.9089211827278595,0.0,1192.7554017382274,1228.281523356679,537.2411621469945,0.8544424876278182,0.9628245377333589,0.16481913469384618,0.0,-3.0084220720611837e-13,-5.336658663347744,0.0,,0.0,0.3936042011408189,0.0,31.84380284839759,True
lift_and_cruse,cruise_337,0.9089815479306114,0.0,1192.75540173822,1228.281523356641,537.2411621471191,0.85444248762782,0.9628245377333552,0.16481913469386048,0.0,-3.008422072061091e-13,-5.336658663347744,0.0,,0.0,0.39360420114081646,0.0,31.860509884560194,True
lift_and_cruse,cruise_337,0.909048548821009,0.0,1192.7554017382245,1228.2815233566623,537.2411621470279,0.8544424876278188,0.9628245377333579,0.16481913469384465,0.0,-3.008422072061143e-13,-5.336658663347744,0.0,,0.0,0.3936042011408179,0.0,31.879053295723217,True
lift_and_cruse,cruise_337,0.9091089150514982,0.0,1192.7554017382208,1228.2815233566446,537.2411621470735,0.8544424876278199,0.9628245377333565,0.16481913469385104,0.0,-3.0084220720610994e-13,-5.336658663347744,0.0,,0.0,0.39360420114081673,0.0,31.895760331885818,True
lift_and_cruse,cruise_337,0.9091506900647238,0.0,1192.7554017382213,1228.2815233566475,537.2411621470553,0.8544424876278202,0.9628245377333571,0.16481913469385734,0.0,-3.008422072061107e-13,-5.336658663347744,0.0,,0.0,0.3936042011408169,0.0,31.90732195963764,True
lift_and_cruse,cruise_337,0.9091655994509199,0.0,1192.7554017382208,1228.2815233566441,537.2411621470735,0.8544424876278199,0.9628245377333565,0.1648191346938569,0.0,-3.0084220720610984e-13,-5.336658663347744,0.0,,0.0,0.39360420114081673,0.0,31.91144825680837,True
lift_and_cruse,cruise_338,0.910077065061522,0.0,1193.8599974256645,1228.784738951384,537.6289105538323,0.8546070434095508,0.9628375957055515,0.16463302093586046,0.0,-3.0096545947958567e-13,-5.336658663347744,0.0,,0.0,0.39396871301182257,0.0,31.91144825680837,True
lift_and_cruse,cruise_338,0.9100920112323126,0.0,1193.8599974242986,1228.7847389446133,537.6289105513129,0.8546070434098942,0.9628375957055906,0.16463302093546645,0.0,-3.009654594779273e-13,-5.336658663347744,0.0,,0.0,0.39396871301137176,0.0,31.915574553979102,True
lift_and_cruse,cruise_338,0.9101338896388346,0.0,1193.8599974243427,1228.7847389448318,537.6289105513949,0.8546070434098835,0.9628375957055894,0.16463302093549753,0.0,-3.0096545947798084e-13,-5.336658663347744,0.0,,0.0,0.3939687130113864,0.0,31.927136181730926,True
lift_and_cruse,cruise_338,0.9101944061176109,0.0,1193.8599974285994,1228.7847389659319,537.6289105593329,0.8546070434088128,0.9628375957054652,0.16463302093674717,0.0,-3.009654594831489e-13,-5.336658663347744,0.0,,0.0,0.39396871301279107,0.0,31.943843217893527,True
lift_and_cruse,cruise_338,0.9102615749271042,0.0,1193.8599974318574,1228.7847389820804,537.6289105654596,0.8546070434079927,0.9628375957053686,0.16463302093772966,0.0,-3.009654594871041e-13,-5.336658663347744,0.0,,0.0,0.39396871301386616,0.0,31.96238662905655,True
lift_and_cruse,cruise_338,0.9103220924552781,0.0,1193.859997427544,1228.784738960699,537.6289105574274,0.854607043409078,0.9628375957054943,0.16463302093643895,0.0,-3.0096545948186723e-13,-5.336658663347744,0.0,,0.0,0.3939687130124428,0.0,31.97909366521915,True
lift_and_cruse,cruise_338,0.9103639721781497,0.0,1193.859997424497,1228.7847389455976,537.6289105516594,0.8546070434098441,0.9628375957055855,0.1646330209355291,0.0,-3.0096545947816845e-13,-5.336658663347744,0.0,,0.0,0.3939687130114372,0.0,31.990655292970974,True
lift_and_cruse,cruise_338,0.9103789189375796,0.0,1193.8599974244926,1228.7847389455735,537.6289105517292,0.8546070434098458,0.9628375957055835,0.16463302093554927,0.0,-3.0096545947816254e-13,-5.336658663347744,0.0,,0.0,0.3939687130114358,0.0,31.994781590141706,True
lift_and_cruse,cruise_339,0.9103458254900967,0.0,1193.8199169402758,1228.7663289243073,537.6147843105352,0.8546010983746629,0.9628371237932042,0.16463974963567546,0.0,-3.0096095032343934e-13,-5.336658663347744,0.0,,0.0,0.39395548662239704,0.0,31.994781590141706,True
lift_and_cruse,cruise_339,0.9103607709429787,0.0,1193.8199169402715,1228.7663289242848,537.6147843105565,0.8546010983746641,0.9628371237932035,0.16463974963566486,0.0,-3.0096095032343383e-13,-5.336658663347744,0.0,,0.0,0.3939554866223956,0.0,31.998907887312438,True
lift_and_cruse,cruise_339,0.9104026473346752,0.0,1193.8199169402906,1228.7663289243796,537.6147843106326,0.8546010983746595,0.962837123793202,0.16463974963567735,0.0,-3.0096095032345706e-13,-5.336658663347744,0.0,,0.0,0.39395548662240193,0.0,32.01046951506426,True
lift_and_cruse,cruise_339,0.9104631608992695,0.0,1193.8199169402747,1228.7663289242996,537.6147843105048,0.8546010983746635,0.962837123793205,0.16463974963566733,0.0,-3.0096095032343747e-13,-5.336658663347744,0.0,,0.0,0.3939554866223967,0.0,32.02717655122686,True
lift_and_cruse,cruise_339,0.9105303264783591,0.0,1193.8199169405184,1228.7663289255067,537.6147843110153,0.8546010983746022,0.9628371237931964,0.16463974963574862,0.0,-3.009609503237331e-13,-5.336658663347744,0.0,,0.0,0.39395548662247704,0.0,32.04571996238988,True
lift_and_cruse,cruise_339,0.9105908411046009,0.0,1193.8199169398033,1228.7663289219643,537.6147843096812,0.8546010983747818,0.9628371237932173,0.16463974963553674,0.0,-3.0096095032286545e-13,-5.336658663347744,0.0,,0.0,0.39395548662224117,0.0,32.06242699855248,True
lift_and_cruse,cruise_339,0.9106327188214952,0.0,1193.819916940268,1228.7663289242673,537.6147843106172,0.8546010983746652,0.9628371237932019,0.1646397496356829,0.0,-3.0096095032342954e-13,-5.336658663347744,0.0,,0.0,0.39395548662239455,0.0,32.073988626304306,True
lift_and_cruse,cruise_339,0.9106476648605613,0.0,1193.8199169369711,1228.766328907925,537.6147843043357,0.8546010983754945,0.9628371237933016,0.16463974963467692,0.0,-3.009609503194269e-13,-5.336658663347744,0.0,,0.0,0.39395548662130647,0.0,32.07811492347504,True
lift_and_cruse,cruise_340,0.9106154210943126,0.0,1193.7808759040254,1228.748406578601,537.6010272056429,0.8545953059397351,0.9628366640177429,0.1646463051987971,0.0,-3.0095656061477884e-13,-5.336658663347744,0.0,,0.0,0.3939426032467589,0.0,32.07811492347504,True
lift_and_cruse,cruise_340,0.9106303658840521,0.0,1193.78087592323,1228.7484066737861,537.6010272415703,0.8545953059349045,0.9628366640171794,0.1646463052045121,0.0,-3.0095656063809247e-13,-5.336658663347744,0.0,,0.0,0.3939426032530964,0.0,32.08224122064577,True
lift_and_cruse,cruise_340,0.9106722403642347,0.0,1193.78087592429,1228.7484066790398,537.6010272436337,0.8545953059346376,0.9628366640171462,0.16464630520483925,0.0,-3.009565606393793e-13,-5.336658663347744,0.0,,0.0,0.39394260325344616,0.0,32.093802848397594,True
lift_and_cruse,cruise_340,0.910732751075058,0.0,1193.7808758347996,1228.7484062354927,537.6010270755881,0.8545953059571479,0.9628366640197891,0.16464630517805626,0.0,-3.0095656053074155e-13,-5.336658663347744,0.0,,0.0,0.3939426032239147,0.0,32.110509884560194,True
lift_and_cruse,cruise_340,0.9107999132750154,0.0,1193.780875526988,1228.748404709867,537.6010264979619,0.8545953060345729,0.962836664028869,0.1646463050860546,0.0,-3.00956560157071e-13,-5.336658663347744,0.0,,0.0,0.39394260312233814,0.0,32.12905329572322,True
lift_and_cruse,cruise_340,0.9108604248731255,0.0,1193.7808752627052,1228.7484033999835,537.6010260019789,0.8545953061010491,0.962836664036666,0.16464630500706495,0.0,-3.009565598362421e-13,-5.336658663347744,0.0,,0.0,0.39394260303512596,0.0,32.14576033188582,True
lift_and_cruse,cruise_340,0.9109023004682387,0.0,1193.7808750540719,1228.7484023659213,537.6010256104074,0.8545953061535275,0.962836664042822,0.16464630494469562,0.0,-3.009565595829699e-13,-5.336658663347744,0.0,,0.0,0.39394260296627787,0.0,32.15732195963764,True
lift_and_cruse,cruise_340,0.9109172457718965,0.0,1193.7808749972407,1228.748402084246,537.6010255036618,0.8545953061678221,0.9628366640445011,0.16464630492768517,0.0,-3.0095655951397936e-13,-5.336658663347744,0.0,,0.0,0.3939426029475238,0.0,32.16144825680837,True
lift_and_cruse,cruise_341,0.9108858112306893,0.0,1193.7428237052525,1228.7309481400582,537.587621273296,0.8545896586948116,0.9628362157887017,0.16465269604424923,0.0,-3.0095228453060295e-13,-5.336658663347744,0.0,,0.0,0.39393004618327554,0.0,32.16144825680837,True
lift_and_cruse,cruise_341,0.9109007554838214,0.0,1193.7428238330745,1228.7309487735674,537.5876215131323,0.8545896586626597,0.962836215784932,0.16465269608243926,0.0,-3.00952284685768e-13,-5.336658663347744,0.0,,0.0,0.39393004622545635,0.0,32.165574553979106,True
lift_and_cruse,cruise_341,0.910942628150322,0.0,1193.7428238353064,1228.7309487846278,537.5876215172988,0.8545896586620981,0.9628362157848666,0.16465269608310604,0.0,-3.0095228468847697e-13,-5.336658663347744,0.0,,0.0,0.3939300462261928,0.0,32.17713618173092,True
lift_and_cruse,cruise_341,0.9110031363354109,0.0,1193.7428238386024,1228.730948800963,537.5876215234832,0.8545896586612693,0.9628362157847694,0.1646526960840892,0.0,-3.009522846924779e-13,-5.336658663347744,0.0,,0.0,0.3939300462272805,0.0,32.19384321789353,True
lift_and_cruse,cruise_341,0.9110702959474123,0.0,1193.7428238415114,1228.7309488153805,537.5876215289047,0.8545896586605375,0.9628362157846846,0.16465269608495556,0.0,-3.0095228469600924e-13,-5.336658663347744,0.0,,0.0,0.39393004622824046,0.0,32.21238662905655,True
lift_and_cruse,cruise_341,0.9111308052033009,0.0,1193.7428238446682,1228.7309488310268,537.5876215348583,0.854589658659743,0.9628362157845907,0.16465269608591193,0.0,-3.0095228469984146e-13,-5.336658663347744,0.0,,0.0,0.3939300462292822,0.0,32.22909366521915,True
lift_and_cruse,cruise_341,0.9111726792036162,0.0,1193.742823845306,1228.730948834188,537.5876215363078,0.8545896586595828,0.962836215784565,0.1646526960861834,0.0,-3.0095228470061573e-13,-5.336658663347744,0.0,,0.0,0.3939300462294926,0.0,32.24065529297097,True
lift_and_cruse,cruise_341,0.9111876239208581,0.0,1193.7428238460977,1228.7309488381118,537.5876215379276,0.8545896586593837,0.962836215784538,0.16465269608645372,0.0,-3.0095228470157675e-13,-5.336658663347744,0.0,,0.0,0.3939300462297539,0.0,32.244781590141706,True
lift_and_cruse,cruise_342,0.9111533280864709,0.0,1193.7013204044738,1228.7119157939685,537.5730019838753,0.8545834977220483,0.9628357268128528,0.16465966780731542,0.0,-3.0094762295025915e-13,-5.336658663347744,0.0,,0.0,0.393916350270833,0.0,32.244781590141706,True
lift_and_cruse,cruise_342,0.9111682717866905,0.0,1193.7013207355678,1228.7119174348627,537.5730026049048,0.8545834976387626,0.9628357268030937,0.1646596679061866,0.0,-3.009476233521623e-13,-5.336658663347744,0.0,,0.0,0.3939163503800926,0.0,32.248907887312434,True
lift_and_cruse,cruise_342,0.9112101423197501,0.0,1193.7013207370085,1228.7119174420013,537.5730026075944,0.8545834976384006,0.9628357268030516,0.16465966790662065,0.0,-3.0094762335391077e-13,-5.336658663347744,0.0,,0.0,0.393916350380568,0.0,32.26046951506426,True
lift_and_cruse,cruise_342,0.9112706474231775,0.0,1193.701320738707,1228.7119174504205,537.5730026108157,0.8545834976379734,0.9628357268030006,0.16465966790714104,0.0,-3.0094762335597287e-13,-5.336658663347744,0.0,,0.0,0.39391635038112843,0.0,32.27717655122686,True
lift_and_cruse,cruise_342,0.9113378036167248,0.0,1193.7013207394116,1228.7119174539114,537.5730026120739,0.8545834976377956,0.9628357268029816,0.16465966790733233,0.0,-3.0094762335682786e-13,-5.336658663347744,0.0,,0.0,0.393916350381361,0.0,32.29571996238988,True
lift_and_cruse,cruise_342,0.9113983097934226,0.0,1193.7013207391901,1228.7119174528143,537.5730026117335,0.8545834976378517,0.9628357268029861,0.1646596679072705,0.0,-3.0094762335655917e-13,-5.336658663347744,0.0,,0.0,0.39391635038128786,0.0,32.31242699855248,True
lift_and_cruse,cruise_342,0.9114401816650277,0.0,1193.7013207384357,1228.7119174490747,537.5730026102444,0.8545834976380418,0.9628357268030103,0.16465966790704492,0.0,-3.0094762335564323e-13,-5.336658663347744,0.0,,0.0,0.39391635038103895,0.0,32.323988626304306,True
lift_and_cruse,cruise_342,0.9114551256222412,0.0,1193.701320738202,1228.7119174479171,537.5730026098432,0.8545834976381004,0.9628357268030162,0.1646596679069798,0.0,-3.009476233553597e-13,-5.336658663347744,0.0,,0.0,0.3939163503809618,0.0,32.32811492347504,True
lift_and_cruse,cruise_343,0.9114478630618216,0.0,1193.6925371566035,1228.707837345942,537.5698908713204,0.8545821983011707,0.9628356237958617,0.16466113801003954,0.0,-3.009466240185949e-13,-5.336658663347744,0.0,,0.0,0.39391345183645454,0.0,32.32811492347504,True
lift_and_cruse,cruise_343,0.9114628167045112,0.0,1193.6925468563354,1228.7078854171364,537.5699091924623,0.8545821958612213,0.9628356235065088,0.16466114094590487,0.0,-3.009466357926418e-13,-5.336658663347744,0.0,,0.0,0.3939134550373248,0.0,32.33224122064577,True
lift_and_cruse,cruise_343,0.911504688095166,0.0,1193.69254677999,1228.707885038774,537.5699090128533,0.8545821958804265,0.9628356235097449,0.16466114091194284,0.0,-3.0094663569996974e-13,-5.336658663347744,0.0,,0.0,0.3939134550121311,0.0,32.343802848397594,True
lift_and_cruse,cruise_343,0.9115651944411785,0.0,1193.6925466705648,1228.7078844964683,537.5699087560654,0.8545821959079518,0.9628356235143661,0.1646611408634775,0.0,-3.0094663556714313e-13,-5.336658663347744,0.0,,0.0,0.3939134549760213,0.0,32.360509884560194,True
lift_and_cruse,cruise_343,0.9116323520151556,0.0,1193.6925465464287,1228.7078838812595,537.5699084649973,0.8545821959391782,0.9628356235196021,0.16466114080856903,0.0,-3.0094663541646045e-13,-5.336658663347744,0.0,,0.0,0.3939134549350569,0.0,32.37905329572322,True
lift_and_cruse,cruise_343,0.9116928594215788,0.0,1193.6925464176263,1228.707883242922,537.5699081620345,0.8545821959715783,0.9628356235250604,0.16466114075130736,0.0,-3.0094663526011286e-13,-5.336658663347744,0.0,,0.0,0.39391345489255264,0.0,32.39576033188582,True
lift_and_cruse,cruise_343,0.9117347321583273,0.0,1193.6925463403088,1228.707882859743,537.5699079806416,0.8545821959910275,0.9628356235283243,0.16466114071708565,0.0,-3.0094663516626103e-13,-5.336658663347744,0.0,,0.0,0.3939134548670382,0.0,32.40732195963764,True
lift_and_cruse,cruise_343,0.9117496764160548,0.0,1193.6925463044367,1228.7078826819622,537.5699078962084,0.8545821960000508,0.962835623529846,0.1646611407011112,0.0,-3.009466351227173e-13,-5.336658663347744,0.0,,0.0,0.3939134548552006,0.0,32.41144825680837,True
lift_and_cruse,cruise_344,0.9117422746385616,0.0,1193.6835932596925,1228.7037922324987,537.5667593858303,0.8545808654793499,0.9628355179039991,0.1646626463191844,0.0,-3.0094563325154883e-13,-5.336658663347744,0.0,,0.0,0.3939105003885771,0.0,32.41144825680837,True
lift_and_cruse,cruise_344,0.9117572187576608,0.0,1193.683593350174,1228.7037926809148,537.5667595555838,0.8545808654565892,0.962835517901331,0.16466264634621455,0.0,-3.0094563336137907e-13,-5.336658663347744,0.0,,0.0,0.39391050041843567,0.0,32.415574553979106,True
lift_and_cruse,cruise_344,0.9117990911561641,0.0,1193.6835933506734,1228.703792683389,537.5667595565137,0.8545808654564635,0.9628355179013165,0.1646626463463741,0.0,-3.009456333619851e-13,-5.336658663347744,0.0,,0.0,0.3939105004186004,0.0,32.42713618173092,True
lift_and_cruse,cruise_344,0.9118595989603233,0.0,1193.6835933519503,1228.703792689718,537.5667595589206,0.8545808654561425,0.9628355179012786,0.16466264634675737,0.0,-3.0094563336353527e-13,-5.336658663347744,0.0,,0.0,0.39391050041902176,0.0,32.44384321789353,True
lift_and_cruse,cruise_344,0.9119267581582082,0.0,1193.683593353184,1228.703792695831,537.5667595612242,0.8545808654558321,0.9628355179012426,0.16466264634712668,0.0,-3.009456333650325e-13,-5.336658663347744,0.0,,0.0,0.39391050041942893,0.0,32.46238662905655,True
lift_and_cruse,cruise_344,0.9119872670477542,0.0,1193.683593354289,1228.7037927013075,537.5667595632634,0.8545808654555543,0.9628355179012109,0.1646626463474452,0.0,-3.0094563336637386e-13,-5.336658663347744,0.0,,0.0,0.39391050041979364,0.0,32.47909366521915,True
lift_and_cruse,cruise_344,0.9120291407994374,0.0,1193.6835933543016,1228.7037927013698,537.5667595635095,0.854580865455551,0.9628355179012045,0.1646626463475026,0.0,-3.009456333663891e-13,-5.336658663347744,0.0,,0.0,0.39391050041979775,0.0,32.49065529297097,True
lift_and_cruse,cruise_344,0.9120440854282964,0.0,1193.683593354428,1228.7037927019971,537.5667595638013,0.8545808654555191,0.9628355179011991,0.1646626463475595,0.0,-3.009456333665428e-13,-5.336658663347744,0.0,,0.0,0.3939105004198394,0.0,32.494781590141706,True
lift_and_cruse,cruise_345,0.9120365210913461,0.0,1193.6744465696315,1228.6996088457577,537.5635410888098,0.8545795065420346,0.9628354100378662,0.1646641840128404,0.0,-3.009446086173124e-13,-5.336658663347744,0.0,,0.0,0.3939074820198242,0.0,32.494781590141706,True
lift_and_cruse,cruise_345,0.9120514635711021,0.0,1193.6744447430603,1228.6995997935494,537.5635376640154,0.8545795070015118,0.9628354100916698,0.16466418346771547,0.0,-3.009446064001608e-13,-5.336658663347744,0.0,,0.0,0.3939074814170635,0.0,32.498907887312434,True
lift_and_cruse,cruise_345,0.9120933368875863,0.0,1193.6744447431263,1228.6995997938775,537.5635376636536,0.8545795070014947,0.962835410091681,0.16466418346760467,0.0,-3.009446064002412e-13,-5.336658663347744,0.0,,0.0,0.3939074814170852,0.0,32.51046951506426,True
lift_and_cruse,cruise_345,0.9121538460197871,0.0,1193.6744447432072,1228.6995997942793,537.5635376633163,0.854579507001475,0.962835410091692,0.16466418346746142,0.0,-3.009446064003396e-13,-5.336658663347744,0.0,,0.0,0.393907481417112,0.0,32.52717655122686,True
lift_and_cruse,cruise_345,0.9122210066947887,0.0,1193.674444743311,1228.699599794792,537.5635376628179,0.8545795070014484,0.9628354100917078,0.1646641834672994,0.0,-3.009446064004652e-13,-5.336658663347744,0.0,,0.0,0.39390748141714615,0.0,32.54571996238988,True
lift_and_cruse,cruise_345,0.9122815169178076,0.0,1193.674444743403,1228.699599795249,537.5635376624715,0.8545795070014252,0.962835410091719,0.1646641834671674,0.0,-3.009446064005771e-13,-5.336658663347744,0.0,,0.0,0.3939074814171766,0.0,32.56242699855248,True
lift_and_cruse,cruise_345,0.9123233915945339,0.0,1193.6744447434844,1228.6995997956533,537.563537662201,0.8545795070014046,0.9628354100917282,0.16466418346705003,0.0,-3.0094460640067613e-13,-5.336658663347744,0.0,,0.0,0.39390748141720344,0.0,32.573988626304306,True
lift_and_cruse,cruise_345,0.9123383365536883,0.0,1193.6744447434985,1228.6995997957229,537.563537662122,0.8545795070014012,0.9628354100917307,0.16466418346702263,0.0,-3.009446064006932e-13,-5.336658663347744,0.0,,0.0,0.39390748141720805,0.0,32.57811492347504,True
lift_and_cruse,cruise_346,0.9123306016973796,0.0,1193.6650948392783,1228.695315910418,537.5602452665997,0.8545781185067746,0.9628352998979686,0.16466575455723567,0.0,-3.0094355715140787e-13,-5.336658663347744,0.0,,0.0,0.39390439598864824,0.0,32.57811492347504,True
lift_and_cruse,cruise_346,0.9123455463750659,0.0,1193.6650948395347,1228.6953159116879,537.5602452659888,0.8545781185067102,0.9628352998979904,0.16466575455698662,0.0,-3.009435571517189e-13,-5.336658663347744,0.0,,0.0,0.39390439598873295,0.0,32.58224122064577,True
lift_and_cruse,cruise_346,0.912387420599198,0.0,1193.6650948396266,1228.6953159121447,537.5602452664812,0.8545781185066871,0.9628352998979791,0.16466575455709911,0.0,-3.009435571518308e-13,-5.336658663347744,0.0,,0.0,0.39390439598876326,0.0,32.593802848397594,True
lift_and_cruse,cruise_346,0.9124479310451103,0.0,1193.6650948397555,1228.6953159127836,537.5602452671893,0.8545781185066544,0.9628352998979628,0.16466575455728036,0.0,-3.0094355715198726e-13,-5.336658663347744,0.0,,0.0,0.3939043959888058,0.0,32.610509884560194,True
lift_and_cruse,cruise_346,0.9125150931811232,0.0,1193.6650948398724,1228.6953159133611,537.5602452677272,0.8545781185066252,0.9628352998979506,0.16466575455743054,0.0,-3.009435571521287e-13,-5.336658663347744,0.0,,0.0,0.39390439598884436,0.0,32.62905329572322,True
lift_and_cruse,cruise_346,0.912575604723142,0.0,1193.6650948399974,1228.695315913982,537.5602452683562,0.8545781185065934,0.9628352998979363,0.1646657545575801,0.0,-3.0094355715228084e-13,-5.336658663347744,0.0,,0.0,0.39390439598888566,0.0,32.64576033188582,True
lift_and_cruse,cruise_346,0.9126174803140948,0.0,1193.6650948400784,1228.6953159143823,537.5602452687483,0.8545781185065731,0.9628352998979274,0.1646657545576814,0.0,-3.0094355715237883e-13,-5.336658663347744,0.0,,0.0,0.39390439598891225,0.0,32.65732195963764,True
lift_and_cruse,cruise_346,0.9126324255998352,0.0,1193.6650948400986,1228.6953159144837,537.560245268879,0.8545781185065684,0.9628352998979243,0.16466575455771523,0.0,-3.0094355715240367e-13,-5.336658663347744,0.0,,0.0,0.39390439598891896,0.0,32.66144825680837,True
lift_and_cruse,cruise_347,0.9126245139472159,0.0,1193.655533959467,1228.6909357796098,537.5568786804507,0.854576698605121,0.962835187213485,0.16466736115906438,0.0,-3.0094248432877305e-13,-5.336658663347744,0.0,,0.0,0.3939012409390423,0.0,32.66144825680837,True
lift_and_cruse,cruise_347,0.9126394589559584,0.0,1193.6555339710153,1228.6909358368398,537.5568787020703,0.8545766986022162,0.9628351872131458,0.16466736116252187,0.0,-3.0094248434279034e-13,-5.336658663347744,0.0,,0.0,0.3939012409428531,0.0,32.665574553979106,True
lift_and_cruse,cruise_347,0.9126813340771849,0.0,1193.6555339722047,1228.6909358427356,537.5568787043647,0.854576698601917,0.962835187213109,0.16466736116288747,0.0,-3.009424843442344e-13,-5.336658663347744,0.0,,0.0,0.3939012409432457,0.0,32.67713618173092,True
lift_and_cruse,cruise_347,0.9127418458209199,0.0,1193.6555339732888,1228.6909358481068,537.5568787063522,0.8545766986016442,0.9628351872130784,0.16466736116320446,0.0,-3.0094248434554997e-13,-5.336658663347744,0.0,,0.0,0.3939012409436034,0.0,32.69384321789353,True
lift_and_cruse,cruise_347,0.9128090093971938,0.0,1193.6555339713548,1228.690935838522,537.556878702748,0.8545766986021306,0.9628351872131347,0.16466736116262617,0.0,-3.0094248434320237e-13,-5.336658663347744,0.0,,0.0,0.3939012409429652,0.0,32.71238662905655,True
lift_and_cruse,cruise_347,0.9128695222427307,0.0,1193.6555339727572,1228.6909358454714,537.5568787053737,0.8545766986017779,0.9628351872130936,0.16466736116304112,0.0,-3.009424843449045e-13,-5.336658663347744,0.0,,0.0,0.39390124094342793,0.0,32.72909366521915,True
lift_and_cruse,cruise_347,0.9129113987348765,0.0,1193.6555339714193,1228.6909358388414,537.5568787028939,0.8545766986021145,0.9628351872131321,0.16466736116264907,0.0,-3.009424843432806e-13,-5.336658663347744,0.0,,0.0,0.3939012409429865,0.0,32.74065529297097,True
lift_and_cruse,cruise_347,0.9129263443426218,0.0,1193.6555339710144,1228.6909358368343,537.5568787020885,0.8545766986022163,0.9628351872131453,0.16466736116251912,0.0,-3.0094248434278903e-13,-5.336658663347744,0.0,,0.0,0.39390124094285284,0.0,32.744781590141706,True
lift_and_cruse,cruise_348,0.9129182472512111,0.0,1193.6457518239292,1228.686454313075,537.5534341447587,0.8545752458008835,0.9628350719207796,0.1646690049594393,0.0,-3.009413866860436e-13,-5.336658663347744,0.0,,0.0,0.39389801287598913,0.0,32.744781590141706,True
lift_and_cruse,cruise_348,0.9129331927254273,0.0,1193.6457519816702,1228.6864550947894,537.5534344492502,0.8545752457612027,0.9628350719158967,0.16466900500919962,0.0,-3.009413868775084e-13,-5.336658663347744,0.0,,0.0,0.393898012928043,0.0,32.748907887312434,True
lift_and_cruse,cruise_348,0.9129750687288443,0.0,1193.6457519816727,1228.6864550948019,537.5534344492198,0.8545752457612024,0.9628350719158975,0.1646690050091983,0.0,-3.0094138687751147e-13,-5.336658663347744,0.0,,0.0,0.39389801292804383,0.0,32.76046951506426,True
lift_and_cruse,cruise_348,0.9130355817502026,0.0,1193.6457519816697,1228.6864550947887,537.5534344492563,0.8545752457612034,0.9628350719158965,0.16466900500919726,0.0,-3.0094138687750824e-13,-5.336658663347744,0.0,,0.0,0.39389801292804283,0.0,32.77717655122686,True
lift_and_cruse,cruise_348,0.9131027467507498,0.0,1193.6457519816688,1228.6864550947835,537.5534344492776,0.8545752457612036,0.9628350719158959,0.16466900500920276,0.0,-3.0094138687750693e-13,-5.336658663347744,0.0,,0.0,0.3938980129280425,0.0,32.79571996238988,True
lift_and_cruse,cruise_348,0.9131632608789952,0.0,1193.645751981669,1228.6864550947837,537.5534344492714,0.8545752457612036,0.962835071915896,0.16466900500920026,0.0,-3.00941386877507e-13,-5.336658663347744,0.0,,0.0,0.39389801292804255,0.0,32.81242699855248,True
lift_and_cruse,cruise_348,0.9132051382626786,0.0,1193.64575198167,1228.68645509479,537.5534344492654,0.8545752457612033,0.9628350719158961,0.16466900500919965,0.0,-3.0094138687750854e-13,-5.336658663347744,0.0,,0.0,0.3938980129280429,0.0,32.823988626304306,True
lift_and_cruse,cruise_348,0.9132200841888378,0.0,1193.6457519816743,1228.6864550948094,537.5534344491895,0.854575245761202,0.9628350719158982,0.1646690050091898,0.0,-3.009413868775133e-13,-5.336658663347744,0.0,,0.0,0.3938980129280443,0.0,32.82811492347504,True
lift_and_cruse,cruise_349,0.913211792787567,0.0,1193.6357379130036,1228.6818686901672,537.5499086551716,0.8545737583510429,0.9628349538767991,0.1646706879426898,0.0,-3.0094026353236036e-13,-5.336658663347744,0.0,,0.0,0.3938947083280454,0.0,32.82811492347504,True
lift_and_cruse,cruise_349,0.9132267409527289,0.0,1193.6357403887514,1228.681880961181,537.5499133010983,0.8545737577280664,0.9628349538037663,0.16467068868281567,0.0,-3.009402665378919e-13,-5.336658663347744,0.0,,0.0,0.3938947091450316,0.0,32.83224122064577,True
lift_and_cruse,cruise_349,0.9132686160513583,0.0,1193.6357386606476,1228.681872395825,537.5499100583502,0.8545737581629149,0.9628349538547395,0.16467068816625005,0.0,-3.0094026443998474e-13,-5.336658663347744,0.0,,0.0,0.3938947085747648,0.0,32.843802848397594,True
lift_and_cruse,cruise_349,0.913329122300691,0.0,1193.63573084124,1228.681833644295,537.549895385246,0.8545737601300571,0.9628349540853903,0.1646706858288527,0.0,-3.0094025494859733e-13,-5.336658663347744,0.0,,0.0,0.3938947059943936,0.0,32.860509884560194,True
lift_and_cruse,cruise_349,0.9133962956642468,0.0,1193.6357376223652,1228.6818672484433,537.5499081095188,0.8545737584242816,0.9628349538853794,0.16467068785572553,0.0,-3.0094026317923986e-13,-5.336658663347744,0.0,,0.0,0.393894708232136,0.0,32.87905329572322,True
lift_and_cruse,cruise_349,0.9134568081096455,0.0,1193.6357347521578,1228.6818530251048,537.5499027237126,0.8545737591462668,0.9628349539700389,0.1646706869977889,0.0,-3.0094025969552666e-13,-5.336658663347744,0.0,,0.0,0.3938947072849797,0.0,32.89576033188582,True
lift_and_cruse,cruise_349,0.913498685757089,0.0,1193.6357341569242,1228.6818500747954,537.5499016067001,0.8545737592960506,0.9628349539875982,0.16467068681984445,0.0,-3.0094025897290927e-13,-5.336658663347744,0.0,,0.0,0.3938947070885552,0.0,32.90732195963764,True
lift_and_cruse,cruise_349,0.9135136623906499,0.0,1193.6357637471185,1228.681996713826,537.5499571309433,0.8545737518523889,0.9628349531148158,0.16467069566453732,0.0,-3.0094029488911317e-13,-5.336658663347744,0.0,,0.0,0.39389471685319327,0.0,32.91144825680837,True
lift_and_cruse,cruise_350,0.9135051401066295,0.0,1193.625479976689,1228.677171330948,537.5462972026088,0.8545722346081673,0.9628348329558778,0.16467241195667012,0.0,-3.0093911301117396e-13,-5.336658663347744,0.0,,0.0,0.39389132325276294,0.0,32.91144825680837,True
lift_and_cruse,cruise_350,0.9135200854133038,0.0,1193.6254793727896,1228.6771683382603,537.5462960694134,0.8545722347600841,0.9628348329736907,0.16467241177616102,0.0,-3.0093911227817683e-13,-5.336658663347744,0.0,,0.0,0.39389132305347874,0.0,32.915574553979106,True
lift_and_cruse,cruise_350,0.913561963191829,0.0,1193.6254794214638,1228.6771685794706,537.5462961606964,0.8545722347478396,0.9628348329722564,0.1646724117906932,0.0,-3.009391123372563e-13,-5.336658663347744,0.0,,0.0,0.3938913230695409,0.0,32.92713618173092,True
lift_and_cruse,cruise_350,0.9136224788020784,0.0,1193.6254795106456,1228.6771690214212,537.54629632811,0.854572234725405,0.962834832969624,0.16467241181735792,0.0,-3.00939112445503e-13,-5.336658663347744,0.0,,0.0,0.3938913230989706,0.0,32.94384321789353,True
lift_and_cruse,cruise_350,0.9136896466738534,0.0,1193.625479601507,1228.6771694716945,537.5462964985228,0.8545722347025477,0.9628348329669462,0.16467241184451473,0.0,-3.009391125557881e-13,-5.336658663347744,0.0,,0.0,0.3938913231289545,0.0,32.96238662905655,True
lift_and_cruse,cruise_350,0.9137501633772969,0.0,1193.6254796665994,1228.6771697942654,537.5462966207552,0.8545722346861736,0.9628348329650237,0.16467241186397874,0.0,-3.009391126347952e-13,-5.336658663347744,0.0,,0.0,0.39389132315043474,0.0,32.97909366521915,True
lift_and_cruse,cruise_350,0.9137920425521733,0.0,1193.625479717518,1228.6771700465995,537.5462967162382,0.8545722346733645,0.9628348329635236,0.16467241187918386,0.0,-3.0093911269659925e-13,-5.336658663347744,0.0,,0.0,0.3938913231672376,0.0,32.99065529297097,True
lift_and_cruse,cruise_350,0.9138069891165528,0.0,1193.6254797340769,1228.6771701286573,537.5462967472513,0.8545722346691987,0.9628348329630368,0.1646724118841305,0.0,-3.009391127166976e-13,-5.336658663347744,0.0,,0.0,0.393891323172702,0.0,32.994781590141706,True
lift_and_cruse,cruise_351,0.9137982785821034,0.0,1193.6149654202657,1228.6723571701577,537.5425955952063,0.8545706726355927,0.9628347090028563,0.1646741791949324,0.0,-3.0093793388185343e-13,-5.336658663347744,0.0,,0.0,0.39388785349393785,0.0,32.994781590141706,True
lift_and_cruse,cruise_351,0.9138132247872792,0.0,1193.614965399637,1228.6723570679303,537.5425955570696,0.8545706726407827,0.9628347090034493,0.16467417918892246,0.0,-3.009379338568149e-13,-5.336658663347744,0.0,,0.0,0.3938878534871305,0.0,32.998907887312434,True
lift_and_cruse,cruise_351,0.9138551032415834,0.0,1193.6149652887111,1228.6723565182324,537.5425953489181,0.8545706726686872,0.9628347090067212,0.1646741791557741,0.0,-3.009379337221778e-13,-5.336658663347744,0.0,,0.0,0.3938878534505254,0.0,33.01046951506426,True
lift_and_cruse,cruise_351,0.9139156200391001,0.0,1193.6149653502387,1228.6723568231353,537.5425954643674,0.8545706726532094,0.9628347090049065,0.16467417917415708,0.0,-3.0093793379685745e-13,-5.336658663347744,0.0,,0.0,0.39388785347082916,0.0,33.02717655122686,True
lift_and_cruse,cruise_351,0.913982789202646,0.0,1193.6149653821035,1228.6723569810424,537.5425955241601,0.8545706726451935,0.9628347090039666,0.1646741791836779,0.0,-3.0093793383553354e-13,-5.336658663347744,0.0,,0.0,0.3938878534813445,0.0,33.04571996238988,True
lift_and_cruse,cruise_351,0.9140433070554245,0.0,1193.6149653772386,1228.6723569569342,537.5425955150217,0.8545706726464172,0.9628347090041103,0.1646741791822289,0.0,-3.009379338296287e-13,-5.336658663347744,0.0,,0.0,0.3938878534797391,0.0,33.06242699855248,True
lift_and_cruse,cruise_351,0.9140851869987917,0.0,1193.614965352089,1228.6723568323046,537.5425954678441,0.8545706726527438,0.9628347090048518,0.16467417917471222,0.0,-3.0093793379910326e-13,-5.336658663347744,0.0,,0.0,0.3938878534714399,0.0,33.073988626304306,True
lift_and_cruse,cruise_351,0.9141001338387998,0.0,1193.6149653425246,1228.6723567849065,537.5425954498926,0.8545706726551497,0.9628347090051341,0.16467417917186034,0.0,-3.009379337874941e-13,-5.336658663347744,0.0,,0.0,0.3938878534682836,0.0,33.07811492347504,True
lift_and_cruse,cruise_352,0.9140911949730383,0.0,1193.604178925475,1228.6674123321313,537.5387961147783,0.854569070764589,0.9628345818999896,0.1646759915224263,0.0,-3.0093672274584115e-13,-5.336658663347744,0.0,,0.0,0.39388429399661007,0.0,33.07811492347504,True
lift_and_cruse,cruise_352,0.9141061429846208,0.0,1193.6041803772673,1228.6674195264934,537.5387988366903,0.8545690703993718,0.9628345818572299,0.1646759919556952,0.0,-3.009367245079517e-13,-5.336658663347744,0.0,,0.0,0.3938842944756953,0.0,33.08224122064577,True
lift_and_cruse,cruise_352,0.9141480223408881,0.0,1193.6041803435107,1228.6674193592125,537.5387987733359,0.8545690704078639,0.9628345818582258,0.16467599194560778,0.0,-3.009367244669797e-13,-5.336658663347744,0.0,,0.0,0.39388429446455575,0.0,33.093802848397594,True
lift_and_cruse,cruise_352,0.9142085403049602,0.0,1193.6041803811543,1228.6674195457551,537.5387988440447,0.8545690703983938,0.9628345818571136,0.16467599195686344,0.0,-3.009367245126694e-13,-5.336658663347744,0.0,,0.0,0.3938842944769779,0.0,33.110509884560194,True
lift_and_cruse,cruise_352,0.9142757107443319,0.0,1193.6041803650667,1228.6674194660336,537.5387988137974,0.8545690704024411,0.9628345818575897,0.16467599195204985,0.0,-3.0093672449314327e-13,-5.336658663347744,0.0,,0.0,0.3938842944716691,0.0,33.12905329572322,True
lift_and_cruse,cruise_352,0.914336229833163,0.0,1193.6041803984933,1228.6674196316803,537.5387988764893,0.854569070394032,0.9628345818566046,0.16467599196203656,0.0,-3.0093672453371505e-13,-5.336658663347744,0.0,,0.0,0.3938842944826998,0.0,33.14576033188582,True
lift_and_cruse,cruise_352,0.9143781106311242,0.0,1193.6041803975493,1228.6674196270014,537.5387988748026,0.8545690703942693,0.9628345818566302,0.16467599196176816,0.0,-3.0093672453256905e-13,-5.336658663347744,0.0,,0.0,0.39388429448238826,0.0,33.15732195963764,True
lift_and_cruse,cruise_352,0.9143930577788956,0.0,1193.6041803990113,1228.6674196342456,537.5387988774861,0.8545690703939015,0.9628345818565887,0.16467599196220084,0.0,-3.009367245343433e-13,-5.336658663347744,0.0,,0.0,0.39388429448287077,0.0,33.16144825680837,True
lift_and_cruse,cruise_353,0.9143838813049573,0.0,1193.5931100927696,1228.6623525281836,537.5349020272605,0.8545674256250028,0.9628344513369227,0.164677852812225,0.0,-3.009354834512994e-13,-5.336658663347744,0.0,,0.0,0.3938806413289732,0.0,33.16144825680837,True
lift_and_cruse,cruise_353,0.9143988240523628,0.0,1193.5931061389115,1228.6623329322542,537.5348946051539,0.8545674266199027,0.9628344514536241,0.16467785162940957,0.0,-3.0093547865168094e-13,-5.336658663347744,0.0,,0.0,0.3938806400242169,0.0,33.165574553979106,True
lift_and_cruse,cruise_353,0.9144406776365113,0.0,1193.5930802584564,1228.6622046807493,537.5348460459246,0.8545674331307159,0.9628344522168824,0.16467784389428128,0.0,-3.0093544723912196e-13,-5.336658663347744,0.0,,0.0,0.393880631483777,0.0,33.17713618173092,True
lift_and_cruse,cruise_353,0.9145012810061909,0.0,1193.59316224208,1228.662610942375,537.5349998728893,0.8545674125068722,0.9628344497989941,0.16467786839807708,0.0,-3.009355467445219e-13,-5.336658663347744,0.0,,0.0,0.39388065853802345,0.0,33.19384321789353,True
lift_and_cruse,cruise_353,0.9145683972362327,0.0,1193.593108222353,1228.6623432591657,537.5348985162126,0.8545674260955574,0.962834451392128,0.16467785225270354,0.0,-3.0093548118104477e-13,-5.336658663347744,0.0,,0.0,0.3938806407117437,0.0,33.21238662905655,True
lift_and_cruse,cruise_353,0.9146289210813896,0.0,1193.5931117473376,1228.6623607375507,537.5349051373677,0.8545674252078606,0.9628344512879735,0.1646778533084848,0.0,-3.0093548546201443e-13,-5.336658663347744,0.0,,0.0,0.3938806418749736,0.0,33.22909366521915,True
lift_and_cruse,cruise_353,0.9146708027069979,0.0,1193.5931117613973,1228.6623608071943,537.5349051639287,0.8545674252043266,0.962834451287554,0.16467785331272133,0.0,-3.009354854790722e-13,-5.336658663347744,0.0,,0.0,0.39388064187961325,0.0,33.24065529297097,True
lift_and_cruse,cruise_353,0.914685750152576,0.0,1193.5931117703885,1228.6623608517218,537.5349051809442,0.8545674252020671,0.9628344512872848,0.16467785331545526,0.0,-3.0093548548997827e-13,-5.336658663347744,0.0,,0.0,0.3938806418825803,0.0,33.244781590141706,True
lift_and_cruse,cruise_354,0.914676319368078,0.0,1193.5817383235146,1228.6571487605443,537.5308994501647,0.8545657358931116,0.9628343172502322,0.16467976449847163,0.0,-3.009342088958228e-13,-5.336658663347744,0.0,,0.0,0.3938768886935657,0.0,33.244781590141706,True
lift_and_cruse,cruise_354,0.9146912664599822,0.0,1193.5817383290887,1228.6571487881656,537.5308994605277,0.8545657358917095,0.9628343172500704,0.16467976450009428,0.0,-3.0093420890258805e-13,-5.336658663347744,0.0,,0.0,0.39387688869540505,0.0,33.248907887312434,True
lift_and_cruse,cruise_354,0.914733147441765,0.0,1193.581738330804,1228.6571487966655,537.5308994637735,0.854565735891278,0.962834317250019,0.16467976450062155,0.0,-3.0093420890466994e-13,-5.336658663347744,0.0,,0.0,0.39387688869597104,0.0,33.26046951506426,True
lift_and_cruse,cruise_354,0.9147936676692641,0.0,1193.5817383320718,1228.6571488029474,537.5308994660921,0.8545657358909589,0.9628343172499831,0.1646797645009925,0.0,-3.009342089062086e-13,-5.336658663347744,0.0,,0.0,0.3938768886963895,0.0,33.27717655122686,True
lift_and_cruse,cruise_354,0.9148608406851587,0.0,1193.5817383320075,1228.6571488026316,537.5308994659828,0.8545657358909751,0.9628343172499848,0.16467976450097596,0.0,-3.009342089061312e-13,-5.336658663347744,0.0,,0.0,0.3938768886963683,0.0,33.29571996238988,True
lift_and_cruse,cruise_354,0.9149213620503684,0.0,1193.581738330537,1228.6571487953447,537.5308994632264,0.8545657358913452,0.9628343172500281,0.16467976450053465,0.0,-3.009342089043464e-13,-5.336658663347744,0.0,,0.0,0.393876888695883,0.0,33.31242699855248,True
lift_and_cruse,cruise_354,0.91496324445094,0.0,1193.5817383289266,1228.6571487873632,537.5308994602057,0.8545657358917502,0.9628343172500756,0.1646797645000418,0.0,-3.0093420890239156e-13,-5.336658663347744,0.0,,0.0,0.39387688869535153,0.0,33.323988626304306,True
lift_and_cruse,cruise_354,0.914978192170025,0.0,1193.5817383288988,1228.657148787227,537.5308994601328,0.8545657358917572,0.962834317250077,0.16467976450003144,0.0,-3.009342089023582e-13,-5.336658663347744,0.0,,0.0,0.39387688869534243,0.0,33.32811492347504,True
lift_and_cruse,cruise_355,0.9149684955193791,0.0,1193.5700472331903,1228.6517994161295,537.5267846057752,0.8545639986062208,0.9628341793926706,0.16468172994844274,0.0,-3.009328986843198e-13,-5.336658663347744,0.0,,0.0,0.3938730306835656,0.0,33.32811492347504,True
lift_and_cruse,cruise_355,0.9149834428763318,0.0,1193.5700472319222,1228.6517994098454,537.5267846032194,0.8545639986065396,0.9628341793927128,0.16468172994801508,0.0,-3.009328986827806e-13,-5.336658663347744,0.0,,0.0,0.39387303068314705,0.0,33.33224122064577,True
lift_and_cruse,cruise_355,0.9150253246195962,0.0,1193.5700472319252,1228.6517994098601,537.526784603192,0.8545639986065386,0.9628341793927135,0.1646817299480098,0.0,-3.009328986827842e-13,-5.336658663347744,0.0,,0.0,0.39387303068314805,0.0,33.343802848397594,True
lift_and_cruse,cruise_355,0.9150858459510384,0.0,1193.5700472319227,1228.6517994098472,537.5267846030674,0.8545639986065396,0.9628341793927169,0.16468172994796368,0.0,-3.0093289868278103e-13,-5.336658663347744,0.0,,0.0,0.3938730306831472,0.0,33.360509884560194,True
lift_and_cruse,cruise_355,0.9151530201969365,0.0,1193.5700472319309,1228.651799409888,537.5267846029428,0.8545639986065376,0.9628341793927204,0.16468172994792635,0.0,-3.009328986827911e-13,-5.336658663347744,0.0,,0.0,0.39387303068314994,0.0,33.37905329572322,True
lift_and_cruse,cruise_355,0.9152135426746965,0.0,1193.5700472319365,1228.6517994099158,537.5267846028881,0.8545639986065362,0.9628341793927221,0.16468172994792069,0.0,-3.0093289868279784e-13,-5.336658663347744,0.0,,0.0,0.39387303068315177,0.0,33.39576033188582,True
lift_and_cruse,cruise_355,0.9152554258473892,0.0,1193.57004723193,1228.651799409882,537.5267846029732,0.8545639986065379,0.9628341793927195,0.16468172994794064,0.0,-3.0093289868278956e-13,-5.336658663347744,0.0,,0.0,0.3938730306831496,0.0,33.40732195963764,True
lift_and_cruse,cruise_355,0.9152703738418038,0.0,1193.5700472319281,1228.6517994098747,537.5267846030127,0.8545639986065381,0.9628341793927184,0.16468172994795116,0.0,-3.009328986827878e-13,-5.336658663347744,0.0,,0.0,0.393873030683149,0.0,33.41144825680837,True
lift_and_cruse,cruise_356,0.9152603935099441,0.0,1193.5580175847003,1228.6462960811568,537.5225508493662,0.8545622108661503,0.9628340375337905,0.16468375243867472,0.0,-3.00931550756008e-13,-5.336658663347744,0.0,,0.0,0.39386906095081314,0.0,33.41144825680837,True
lift_and_cruse,cruise_356,0.9152753411320106,0.0,1193.558017584702,1228.6462960811648,537.5225508493268,0.8545622108661497,0.9628340375337915,0.1646837524386745,0.0,-3.0093155075600996e-13,-5.336658663347744,0.0,,0.0,0.39386906095081364,0.0,33.415574553979106,True
lift_and_cruse,cruise_356,0.915317223615339,0.0,1193.5580175846842,1228.646296081077,537.522550849263,0.8545622108661541,0.9628340375337929,0.1646837524386706,0.0,-3.0093155075598845e-13,-5.336658663347744,0.0,,0.0,0.39386906095080776,0.0,33.42713618173092,True
lift_and_cruse,cruise_356,0.9153777460185873,0.0,1193.5580175847006,1228.6462960811568,537.5225508493633,0.8545622108661497,0.9628340375337905,0.16468375243867958,0.0,-3.00931550756008e-13,-5.336658663347744,0.0,,0.0,0.3938690609508132,0.0,33.44384321789353,True
lift_and_cruse,cruise_356,0.9154449214570958,0.0,1193.5580175844802,1228.6462960800645,537.5225508489439,0.8545622108662055,0.9628340375337973,0.1646837524386156,0.0,-3.0093155075574046e-13,-5.336658663347744,0.0,,0.0,0.39386906095074053,0.0,33.46238662905655,True
lift_and_cruse,cruise_356,0.9155054450116807,0.0,1193.5580175836922,1228.6462960761596,537.522550847479,0.8545622108664036,0.96283403753382,0.1646837524383746,0.0,-3.0093155075478403e-13,-5.336658663347744,0.0,,0.0,0.3938690609504804,0.0,33.47909366521915,True
lift_and_cruse,cruise_356,0.9155473289322815,0.0,1193.5580175842024,1228.6462960786903,537.5225508483786,0.854562210866275,0.9628340375338066,0.16468375243852817,0.0,-3.0093155075540386e-13,-5.336658663347744,0.0,,0.0,0.39386906095064883,0.0,33.49065529297097,True
lift_and_cruse,cruise_356,0.9155622771942694,0.0,1193.5580175847022,1228.6462960811657,537.5225508493329,0.8545622108661494,0.9628340375337914,0.1646837524386686,0.0,-3.0093155075601016e-13,-5.336658663347744,0.0,,0.0,0.39386906095081375,0.0,33.494781590141706,True
lift_and_cruse,cruise_357,0.915551995368973,0.0,1193.545628147967,1228.6406287212358,537.5181905942534,0.854560369541046,0.9628338914261347,0.16468583550746704,0.0,-3.009301626531706e-13,-5.336658663347744,0.0,,0.0,0.39386497248947316,0.0,33.494781590141706,True
lift_and_cruse,cruise_357,0.9155669433483541,0.0,1193.5456282475586,1228.6406292147342,537.5181907811469,0.8545603695159916,0.9628338914231969,0.16468583553725377,0.0,-3.0093016277404286e-13,-5.336658663347744,0.0,,0.0,0.39386497252233804,0.0,33.498907887312434,True
lift_and_cruse,cruise_357,0.9156088265466733,0.0,1193.5456282475607,1228.6406292147453,537.5181907810679,0.8545603695159911,0.9628338914231991,0.16468583553724228,0.0,-3.009301627740456e-13,-5.336658663347744,0.0,,0.0,0.3938649725223387,0.0,33.51046951506426,True
lift_and_cruse,cruise_357,0.9156693499854296,0.0,1193.5456282475593,1228.6406292147383,537.5181907811469,0.8545603695159916,0.9628338914231969,0.1646858355372498,0.0,-3.0093016277404387e-13,-5.336658663347744,0.0,,0.0,0.3938649725223382,0.0,33.52717655122686,True
lift_and_cruse,cruise_357,0.9157365265784918,0.0,1193.5456282492185,1228.6406292229606,537.518190784271,0.8545603695155738,0.9628338914231477,0.16468583553773933,0.0,-3.0093016277605775e-13,-5.336658663347744,0.0,,0.0,0.39386497252288577,0.0,33.54571996238988,True
lift_and_cruse,cruise_357,0.9157970511736114,0.0,1193.5456282475632,1228.6406292147565,537.5181907811531,0.8545603695159906,0.9628338914231968,0.1646858355372659,0.0,-3.009301627740483e-13,-5.336658663347744,0.0,,0.0,0.3938649725223395,0.0,33.56242699855248,True
lift_and_cruse,cruise_357,0.9158389358160199,0.0,1193.5456282475625,1228.6406292147544,537.5181907810862,0.8545603695159907,0.9628338914231986,0.16468583553723173,0.0,-3.009301627740478e-13,-5.336658663347744,0.0,,0.0,0.3938649725223393,0.0,33.573988626304306,True
lift_and_cruse,cruise_357,0.9158538843356243,0.0,1193.5456282475611,1228.6406292147462,537.5181907812533,0.8545603695159907,0.962833891423194,0.16468583553728183,0.0,-3.009301627740458e-13,-5.336658663347744,0.0,,0.0,0.3938649725223389,0.0,33.57811492347504,True
lift_and_cruse,cruise_358,0.9158432817713279,0.0,1193.5328560044134,1228.6347882820266,537.5136962529771,0.8545584710915501,0.9628337407862364,0.16468798315935132,0.0,-3.00928732158134e-13,-5.336658663347744,0.0,,0.0,0.393860757736513,0.0,33.57811492347504,True
lift_and_cruse,cruise_358,0.915858229893859,0.0,1193.5328560048968,1228.6347882844227,537.5136962539556,0.8545584710914286,0.9628337407862202,0.16468798315950864,0.0,-3.0092873215872085e-13,-5.336658663347744,0.0,,0.0,0.3938607577366725,0.0,33.58224122064577,True
lift_and_cruse,cruise_358,0.9159001137798904,0.0,1193.5328560048983,1228.6347882844298,537.5136962539252,0.8545584710914284,0.9628337407862211,0.16468798315950497,0.0,-3.0092873215872256e-13,-5.336658663347744,0.0,,0.0,0.393860757736673,0.0,33.593802848397594,True
lift_and_cruse,cruise_358,0.9159606382147931,0.0,1193.5328560049009,1228.634788284442,537.5136962538857,0.8545584710914272,0.9628337407862222,0.1646879831594904,0.0,-3.009287321587256e-13,-5.336658663347744,0.0,,0.0,0.3938607577366739,0.0,33.610509884560194,True
lift_and_cruse,cruise_358,0.9160278159150895,0.0,1193.5328560048974,1228.6347882844252,537.5136962539405,0.8545584710914289,0.9628337407862206,0.16468798315949776,0.0,-3.0092873215872145e-13,-5.336658663347744,0.0,,0.0,0.3938607577366727,0.0,33.62905329572322,True
lift_and_cruse,cruise_358,0.9160883415138993,0.0,1193.5328560047822,1228.6347882838536,537.5136962537367,0.8545584710914574,0.9628337407862237,0.16468798315946723,0.0,-3.0092873215858145e-13,-5.336658663347744,0.0,,0.0,0.39386075773663465,0.0,33.64576033188582,True
lift_and_cruse,cruise_358,0.9161302268510922,0.0,1193.5328560044395,1228.6347882821574,537.5136962530499,0.8545584710915439,0.962833740786235,0.16468798315936328,0.0,-3.00928732158166e-13,-5.336658663347744,0.0,,0.0,0.39386075773652157,0.0,33.65732195963764,True
lift_and_cruse,cruise_358,0.9161451756188727,0.0,1193.5328560042103,1228.6347882810205,537.5136962526245,0.8545584710916012,0.9628337407862416,0.1646879831592864,0.0,-3.0092873215788756e-13,-5.336658663347744,0.0,,0.0,0.3938607577364459,0.0,33.66144825680837,True
lift_and_cruse,cruise_359,0.91613423078871,0.0,1193.519675281894,1228.628761696172,537.5090582957133,0.8545565117754589,0.9628335853202218,0.1646901996193091,0.0,-3.0092725607031863e-13,-5.336658663347744,0.0,,0.0,0.3938564081542348,0.0,33.66144825680837,True
lift_and_cruse,cruise_359,0.9161491790886478,0.0,1193.5196752268994,1228.62876142367,537.5090581925751,0.8545565117892943,0.9628335853218424,0.16469019960288248,0.0,-3.0092725600357494e-13,-5.336658663347744,0.0,,0.0,0.39385640813608674,0.0,33.665574553979106,True
lift_and_cruse,cruise_359,0.9161910636789753,0.0,1193.519675271802,1228.6287616461668,537.5090582768015,0.854556511777998,0.9628335853205189,0.1646901996162995,0.0,-3.009272560580709e-13,-5.336658663347744,0.0,,0.0,0.39385640815090445,0.0,33.67713618173092,True
lift_and_cruse,cruise_359,0.916251588822499,0.0,1193.5196750341358,1228.6287604685074,537.5090578308741,0.8545565118377891,0.9628335853275278,0.16469019954526296,0.0,-3.009272557696275e-13,-5.336658663347744,0.0,,0.0,0.3938564080724756,0.0,33.69384321789353,True
lift_and_cruse,cruise_359,0.9163187678392613,0.0,1193.5196752818938,1228.628761696172,537.5090582957164,0.8545565117754591,0.9628335853202218,0.16469019961931253,0.0,-3.0092725607031863e-13,-5.336658663347744,0.0,,0.0,0.3938564081542347,0.0,33.71238662905655,True
lift_and_cruse,cruise_359,0.9163792943975053,0.0,1193.5196752818704,1228.6287616960544,537.5090582956038,0.854556511775465,0.9628335853202242,0.1646901996192933,0.0,-3.0092725607028985e-13,-5.336658663347744,0.0,,0.0,0.39385640815422696,0.0,33.72909366521915,True
lift_and_cruse,cruise_359,0.9164211804005852,0.0,1193.5196752818501,1228.6287616959546,537.5090582955188,0.8545565117754698,0.9628335853202261,0.16469019961927697,0.0,-3.009272560702654e-13,-5.336658663347744,0.0,,0.0,0.39385640815422024,0.0,33.74065529297097,True
lift_and_cruse,cruise_359,0.9164361294064582,0.0,1193.5196752818363,1228.6287616958855,537.5090582955856,0.8545565117754732,0.962833585320224,0.1646901996192833,0.0,-3.0092725607024846e-13,-5.336658663347744,0.0,,0.0,0.39385640815421574,0.0,33.744781590141706,True
lift_and_cruse,cruise_360,0.9164248186270708,0.0,1193.5060578110977,1228.6225366379563,537.5042669906074,0.8545544873488282,0.9628334246906701,0.16469248968509073,0.0,-3.0092573137079495e-13,-5.336658663347744,0.0,,0.0,0.3938519144468857,0.0,33.744781590141706,True
lift_and_cruse,cruise_360,0.9164397672066065,0.0,1193.50605781106,1228.6225366377705,537.5042669907382,0.8545544873488374,0.9628334246906659,0.16469248968513653,0.0,-3.0092573137074946e-13,-5.336658663347744,0.0,,0.0,0.3938519144468733,0.0,33.748907887312434,True
lift_and_cruse,cruise_360,0.9164816523764859,0.0,1193.5060578110672,1228.6225366378062,537.5042669906258,0.8545544873488359,0.962833424690669,0.1646924896851096,0.0,-3.009257313707582e-13,-5.336658663347744,0.0,,0.0,0.39385191444687573,0.0,33.76046951506426,True
lift_and_cruse,cruise_360,0.9165421786714248,0.0,1193.50605781107,1228.6225366378203,537.5042669905922,0.8545544873488351,0.96283342469067,0.16469248968509456,0.0,-3.009257313707617e-13,-5.336658663347744,0.0,,0.0,0.39385191444687656,0.0,33.77717655122686,True
lift_and_cruse,cruise_360,0.9166093584428937,0.0,1193.5060578110754,1228.6225366378483,537.5042669905315,0.8545544873488337,0.9628334246906718,0.16469248968508793,0.0,-3.009257313707685e-13,-5.336658663347744,0.0,,0.0,0.39385191444687834,0.0,33.79571996238988,True
lift_and_cruse,cruise_360,0.916669885913921,0.0,1193.50605781108,1228.6225366378678,537.5042669904707,0.8545544873488328,0.9628334246906736,0.16469248968507216,0.0,-3.009257313707733e-13,-5.336658663347744,0.0,,0.0,0.39385191444687984,0.0,33.81242699855248,True
lift_and_cruse,cruise_360,0.9167117725503612,0.0,1193.5060578110802,1228.6225366378703,537.504266990495,0.8545544873488328,0.9628334246906729,0.16469248968506428,0.0,-3.009257313707739e-13,-5.336658663347744,0.0,,0.0,0.39385191444688,0.0,33.823988626304306,True
lift_and_cruse,cruise_360,0.9167267217826125,0.0,1193.5060578110815,1228.6225366378758,537.5042669904859,0.8545544873488325,0.9628334246906731,0.1646924896850646,0.0,-3.0092573137077526e-13,-5.336658663347744,0.0,,0.0,0.39385191444688045,0.0,33.82811492347504,True
lift_and_cruse,cruise_361,0.9167150170699825,0.0,1193.4919705702257,1228.6160906401985,537.4993082128063,0.8545523935504449,0.9628332585756229,0.16469485814827983,0.0,-3.009241525566907e-13,-5.336658663347744,0.0,,0.0,0.39384726571741313,0.0,33.82811492347504,True
lift_and_cruse,cruise_361,0.9167299663518116,0.0,1193.4919710479187,1228.6160930071478,537.49930910987,0.8545523934302662,0.9628332585615139,0.16469485829130381,0.0,-3.0092415313642606e-13,-5.336658663347744,0.0,,0.0,0.39384726587504976,0.0,33.83224122064577,True
lift_and_cruse,cruise_361,0.9167718522695468,0.0,1193.4919712008925,1228.616093765125,537.4993093966742,0.8545523933917812,0.9628332585570083,0.16469485833696954,0.0,-3.0092415332207696e-13,-5.336658663347744,0.0,,0.0,0.3938472659255305,0.0,33.843802848397594,True
lift_and_cruse,cruise_361,0.9168323795995759,0.0,1193.4919713752358,1228.6160946289901,537.4993097237456,0.8545523933479192,0.9628332585518679,0.16469485838905737,0.0,-3.009241535336629e-13,-5.336658663347744,0.0,,0.0,0.39384726598306297,0.0,33.860509884560194,True
lift_and_cruse,cruise_361,0.9168995604552805,0.0,1193.4919715026588,1228.6160952603645,537.4993099625942,0.854552393315862,0.9628332585481162,0.16469485842708192,0.0,-3.00924153688305e-13,-5.336658663347744,0.0,,0.0,0.39384726602511205,0.0,33.87905329572322,True
lift_and_cruse,cruise_361,0.9169600888440348,0.0,1193.4919715570427,1228.6160955298353,537.4993100645654,0.85455239330218,0.9628332585465142,0.16469485844332202,0.0,-3.009241537543063e-13,-5.336658663347744,0.0,,0.0,0.39384726604305853,0.0,33.89576033188582,True
lift_and_cruse,cruise_361,0.917001976085013,0.0,1193.4919715633662,1228.6160955611679,537.4993100763356,0.854552393300589,0.9628332585463303,0.1646948584451739,0.0,-3.009241537619806e-13,-5.336658663347744,0.0,,0.0,0.3938472660451452,0.0,33.90732195963764,True
lift_and_cruse,cruise_361,0.9170169255276254,0.0,1193.4919715600597,1228.6160955447845,537.4993100700509,0.8545523933014209,0.96283325854643,0.16469485844417403,0.0,-3.0092415375796777e-13,-5.336658663347744,0.0,,0.0,0.3938472660440541,0.0,33.91144825680837,True
lift_and_cruse,cruise_362,0.9170048018161093,0.0,1193.4773836967902,1228.609432911169,537.4941791919379,0.8545502238974999,0.9628330864129279,0.16469731240842267,0.0,-3.009225218833816e-13,-5.336658663347744,0.0,,0.0,0.393842452111323,0.0,33.91144825680837,True
lift_and_cruse,cruise_362,0.917019750683697,0.0,1193.4773835811702,1228.6094323382836,537.4941789750796,0.8545502239265881,0.9628330864163356,0.16469731237387622,0.0,-3.0092252174306513e-13,-5.336658663347744,0.0,,0.0,0.393842452073169,0.0,33.915574553979106,True
lift_and_cruse,cruise_362,0.9170616369986981,0.0,1193.477383583636,1228.6094323505024,537.4941789796109,0.854550223925968,0.9628330864162654,0.16469731237459836,0.0,-3.0092252174605786e-13,-5.336658663347744,0.0,,0.0,0.3938424520739827,0.0,33.92713618173092,True
lift_and_cruse,cruise_362,0.9171221649539095,0.0,1193.4773835877922,1228.6094323710959,537.4941789874332,0.8545502239249224,0.9628330864161422,0.16469731237584492,0.0,-3.009225217511018e-13,-5.336658663347744,0.0,,0.0,0.39384245207535423,0.0,33.94384321789353,True
lift_and_cruse,cruise_362,0.9171893465746269,0.0,1193.477383592101,1228.6094323924456,537.4941789955141,0.8545502239238381,0.9628330864160153,0.16469731237713797,0.0,-3.0092252175633097e-13,-5.336658663347744,0.0,,0.0,0.3938424520767761,0.0,33.96238662905655,True
lift_and_cruse,cruise_362,0.9172498757180849,0.0,1193.4773835961498,1228.6094324125063,537.4941790031145,0.8545502239228198,0.9628330864158957,0.16469731237833718,0.0,-3.0092252176124443e-13,-5.336658663347744,0.0,,0.0,0.39384245207811214,0.0,33.97909366521915,True
lift_and_cruse,cruise_362,0.9172917635154408,0.0,1193.4773835990923,1228.6094324270857,537.494179008603,0.8545502239220792,0.9628330864158099,0.16469731237921661,0.0,-3.009225217648154e-13,-5.336658663347744,0.0,,0.0,0.3938424520790832,0.0,33.99065529297097,True
lift_and_cruse,cruise_362,0.9173067131625209,0.0,1193.4773835999702,1228.6094324314354,537.4941790102957,0.8545502239218581,0.9628330864157827,0.16469731237948876,0.0,-3.0092252176588076e-13,-5.336658663347744,0.0,,0.0,0.3938424520793729,0.0,33.994781590141706,True
lift_and_cruse,cruise_363,0.9172941345840948,0.0,1193.46225300355,1228.6025202423323,537.4888565732913,0.8545479738579929,0.9628329078924069,0.16469985751231164,0.0,-3.009208287678287e-13,-5.336658663347744,0.0,,0.0,0.3938374590470143,0.0,33.994781590141706,True
lift_and_cruse,cruise_363,0.9173090837523713,0.0,1193.4622530035126,1228.6025202421463,537.4888565730938,0.8545479738580021,0.9628329078924115,0.16469985751226646,0.0,-3.009208287677831e-13,-5.336658663347744,0.0,,0.0,0.393837459047002,0.0,33.998907887312434,True
lift_and_cruse,cruise_363,0.9173509705747097,0.0,1193.462253003516,1228.602520242164,537.4888565730968,0.8545479738580009,0.9628329078924115,0.16469985751227179,0.0,-3.0092082876778746e-13,-5.336658663347744,0.0,,0.0,0.3938374590470031,0.0,34.01046951506426,True
lift_and_cruse,cruise_363,0.9174114992649042,0.0,1193.4622530035194,1228.6025202421818,537.4888565731211,0.8545479738580001,0.9628329078924109,0.16469985751227526,0.0,-3.009208287677918e-13,-5.336658663347744,0.0,,0.0,0.3938374590470043,0.0,34.02717655122686,True
lift_and_cruse,cruise_363,0.9174786817051461,0.0,1193.4622530035222,1228.6025202421952,537.488856573197,0.8545479738579996,0.9628329078924089,0.16469985751229155,0.0,-3.009208287677951e-13,-5.336658663347744,0.0,,0.0,0.3938374590470051,0.0,34.04571996238988,True
lift_and_cruse,cruise_363,0.9175392115899031,0.0,1193.4622530035267,1228.6025202422172,537.4888565732609,0.8545479738579985,0.9628329078924073,0.16469985751232075,0.0,-3.009208287678005e-13,-5.336658663347744,0.0,,0.0,0.3938374590470066,0.0,34.06242699855248,True
lift_and_cruse,cruise_363,0.9175810999018369,0.0,1193.462253003531,1228.6025202422386,537.4888565732913,0.8545479738579972,0.9628329078924065,0.1646998575123304,0.0,-3.0092082876780574e-13,-5.336658663347744,0.0,,0.0,0.39383745904700806,0.0,34.073988626304306,True
lift_and_cruse,cruise_363,0.9175960497330851,0.0,1193.4622530035278,1228.602520242222,537.4888565733885,0.8545479738579985,0.9628329078924038,0.16469985751235383,0.0,-3.009208287678017e-13,-5.336658663347744,0.0,,0.0,0.39383745904700695,0.0,34.07811492347504,True
lift_and_cruse,cruise_364,0.8883411180730877,0.0,1157.9490897872893,1217.2170696192848,526.3153814412034,0.8485035041934461,0.9623664745409759,0.171320078598841,0.0,-2.981321976353556e-13,-5.336658663347744,0.0,,0.0,0.3821182664805005,0.0,34.07811492347504,True
lift_and_cruse,cruise_364,0.8883549309453037,0.0,1157.9490897871856,1217.2170696187898,526.3153814410454,0.8485035041934724,0.962366474540978,0.17132007859881296,0.0,-2.981321976352344e-13,-5.336658663347744,0.0,,0.0,0.38211826648046626,0.0,34.08224122064577,True
lift_and_cruse,cruise_364,0.8883936338218227,0.0,1157.94908978724,1217.2170696190497,526.3153814411426,0.8485035041934587,0.9623664745409766,0.17132007859882908,0.0,-2.9813219763529805e-13,-5.336658663347744,0.0,,0.0,0.38211826648048425,0.0,34.093802848397594,True
lift_and_cruse,cruise_364,0.8884495612764647,0.0,1157.9490897871847,1217.2170696187866,526.3153814410545,0.8485035041934724,0.9623664745409778,0.17132007859882317,0.0,-2.981321976352336e-13,-5.336658663347744,0.0,,0.0,0.38211826648046604,0.0,34.110509884560194,True
lift_and_cruse,cruise_364,0.8885116363141558,0.0,1157.9490897871842,1217.2170696187827,526.3153814410666,0.8485035041934728,0.9623664745409773,0.1713200785988288,0.0,-2.9813219763523267e-13,-5.336658663347744,0.0,,0.0,0.3821182664804659,0.0,34.12905329572322,True
lift_and_cruse,cruise_364,0.8885675642123588,0.0,1157.949089787184,1217.2170696187818,526.3153814410757,0.8485035041934726,0.9623664745409771,0.17132007859883086,0.0,-2.981321976352324e-13,-5.336658663347744,0.0,,0.0,0.38211826648046576,0.0,34.145760331885825,True
lift_and_cruse,cruise_364,0.8886062676418673,0.0,1157.9490897871854,1217.2170696187882,526.3153814410483,0.8485035041934728,0.9623664745409779,0.17132007859882004,0.0,-2.98132197635234e-13,-5.336658663347744,0.0,,0.0,0.3821182664804662,0.0,34.15732195963764,True
lift_and_cruse,cruise_364,0.8886200807603138,0.0,1157.9490897871842,1217.2170696187827,526.3153814410728,0.8485035041934728,0.9623664745409772,0.1713200785988248,0.0,-2.9813219763523267e-13,-5.336658663347744,0.0,,0.0,0.3821182664804659,0.0,34.16144825680837,True
lift_and_cruse,cruise_365,0.9178525807975819,0.0,1193.4251327344289,1228.5855682371637,537.4758004538389,0.854542452779198,0.9628324698581473,0.16470610234688518,0.0,-3.009166767240549e-13,-5.336658663347744,0.0,,0.0,0.39382520951634586,0.0,34.16144825680837,True
lift_and_cruse,cruise_365,0.9178675303314152,0.0,1193.4251327674478,1228.5855684007602,537.4758005157316,0.854542452770891,0.9628324698571751,0.1647061023567483,0.0,-3.009166767641245e-13,-5.336658663347744,0.0,,0.0,0.393825209527242,0.0,34.165574553979106,True
lift_and_cruse,cruise_365,0.9179094180843671,0.0,1193.4251327674483,1228.5855684007624,537.4758005157316,0.854542452770891,0.9628324698571751,0.1647061023567527,0.0,-3.0091667676412507e-13,-5.336658663347744,0.0,,0.0,0.39382520952724215,0.0,34.17713618173092,True
lift_and_cruse,cruise_365,0.9179699481240915,0.0,1193.4251327674594,1228.5855684008172,537.4758005158197,0.8545424527708883,0.9628324698571729,0.1647061023567673,0.0,-3.009166767641385e-13,-5.336658663347744,0.0,,0.0,0.39382520952724576,0.0,34.193843217893516,True
lift_and_cruse,cruise_365,0.9180371320687394,0.0,1193.4251327674465,1228.5855684007547,537.475800515762,0.8545424527708914,0.9628324698571742,0.1647061023567446,0.0,-3.0091667676412315e-13,-5.336658663347744,0.0,,0.0,0.3938252095272415,0.0,34.21238662905655,True
lift_and_cruse,cruise_365,0.918097663314892,0.0,1193.425132767469,1228.5855684008648,537.4758005158106,0.8545424527708859,0.9628324698571734,0.1647061023567645,0.0,-3.009166767641501e-13,-5.336658663347744,0.0,,0.0,0.393825209527249,0.0,34.229093665219146,True
lift_and_cruse,cruise_365,0.9181395525722401,0.0,1193.4251327674822,1228.5855684009316,537.4758005158561,0.8545424527708826,0.9628324698571724,0.1647061023567637,0.0,-3.009166767641665e-13,-5.336658663347744,0.0,,0.0,0.3938252095272533,0.0,34.24065529297096,True
lift_and_cruse,cruise_365,0.9181545027415265,0.0,1193.4251327674594,1228.5855684008184,537.4758005157711,0.8545424527708883,0.9628324698571742,0.16470610235675895,0.0,-3.0091667676413875e-13,-5.336658663347744,0.0,,0.0,0.39382520952724576,0.0,34.2447815901417,True
lift_and_cruse,cruise_366,0.9181403681563112,0.0,1193.4081451121297,1228.5778136149538,537.4698263783678,0.8545399256383919,0.9628322693653062,0.16470896064298496,0.0,-3.0091477738940133e-13,-5.336658663347744,0.0,,0.0,0.3938196036733586,0.0,34.2447815901417,True
lift_and_cruse,cruise_366,0.9181553255758123,0.0,1193.4081526675795,1228.5778510487964,537.4698405742093,0.8545399237374731,0.9628322691419477,0.16470896290779335,0.0,-3.0091478655804845e-13,-5.336658663347744,0.0,,0.0,0.3938196061666248,0.0,34.248907887312434,True
lift_and_cruse,cruise_366,0.9181972136825138,0.0,1193.4081526595792,1228.577851009157,537.4698405574187,0.8545399237394858,0.962832269142232,0.16470896290485304,0.0,-3.0091478654833957e-13,-5.336658663347744,0.0,,0.0,0.39381960616398476,0.0,34.26046951506426,True
lift_and_cruse,cruise_366,0.9182577442362889,0.0,1193.4081526483553,1228.5778509535487,537.4698405339332,0.85453992374231,0.9628322691426285,0.16470896290073944,0.0,-3.0091478653471947e-13,-5.336658663347744,0.0,,0.0,0.393819606160281,0.0,34.27717655122685,True
lift_and_cruse,cruise_366,0.9183249287525923,0.0,1193.4081526335465,1228.5778508801786,537.4698405031479,0.8545399237460355,0.9628322691431467,0.1647089628954061,0.0,-3.00914786516749e-13,-5.336658663347744,0.0,,0.0,0.39381960615539413,0.0,34.29571996238988,True
lift_and_cruse,cruise_366,0.9183854605216709,0.0,1193.4081526247978,1228.577850836833,537.4698404850141,0.8545399237482368,0.9628322691434511,0.16470896289225406,0.0,-3.0091478650613236e-13,-5.336658663347744,0.0,,0.0,0.3938196061525071,0.0,34.31242699855248,True
lift_and_cruse,cruise_366,0.9184273501458267,0.0,1193.4081526218158,1228.5778508220592,537.4698404785532,0.8545399237489871,0.9628322691435626,0.16470896289109832,0.0,-3.0091478650251385e-13,-5.336658663347744,0.0,,0.0,0.39381960615152306,0.0,34.3239886263043,True
lift_and_cruse,cruise_366,0.9184423004449537,0.0,1193.4081526193468,1228.577850809826,537.4698404734232,0.8545399237496083,0.9628322691436489,0.1647089628902171,0.0,-3.009147864995176e-13,-5.336658663347744,0.0,,0.0,0.39381960615070827,0.0,34.328114923475034,True
lift_and_cruse,cruise_367,0.9955757891223352,0.0,1283.9511347915932,1291.8907572337876,576.1069101039949,0.8647311382073887,0.9636577155468248,0.15252717528471116,0.0,-3.1642197613888165e-13,-5.336658663347744,0.0,,0.0,0.4236984045320682,0.0,34.328114923475034,True
lift_and_cruse,cruise_367,0.9955942313303127,0.0,1283.9511348170056,1291.890757370129,576.1069101918104,0.8647311382015745,0.9636577155450121,0.15252717530192725,0.0,-3.164219761722757e-13,-5.336658663347744,0.0,,0.0,0.42369840454045415,0.0,34.33224122064577,True
lift_and_cruse,cruise_367,0.9956459062508244,0.0,1283.9511348174099,1291.8907573722995,576.106910192482,0.864731138201482,0.9636577155450023,0.15252717530201787,0.0,-3.164219761728073e-13,-5.336658663347744,0.0,,0.0,0.42369840454058755,0.0,34.34380284839759,True
lift_and_cruse,cruise_367,0.9957205814736032,0.0,1283.9511348067783,1291.8907573152546,576.106910172154,0.8647311382039148,0.9636577155453282,0.152527175299146,0.0,-3.164219761588353e-13,-5.336658663347744,0.0,,0.0,0.42369840453707924,0.0,34.36050988456019,True
lift_and_cruse,cruise_367,0.9958034686282823,0.0,1283.951134807017,1291.8907573165359,576.106910172467,0.8647311382038599,0.9636577155453246,0.15252717529919177,0.0,-3.1642197615914914e-13,-5.336658663347744,0.0,,0.0,0.423698404537158,0.0,34.37905329572322,True
lift_and_cruse,cruise_367,0.99587815089098,0.0,1283.951134807336,1291.8907573182478,576.106910173084,0.8647311382037876,0.9636577155453148,0.15252717529926801,0.0,-3.1642197615956844e-13,-5.336658663347744,0.0,,0.0,0.42369840453726326,0.0,34.39576033188581,True
lift_and_cruse,cruise_367,0.9959298345746471,0.0,1283.951134807496,1291.8907573191063,576.1069101732784,0.8647311382037507,0.9636577155453127,0.1525271752992899,0.0,-3.164219761597787e-13,-5.336658663347744,0.0,,0.0,0.423698404537316,0.0,34.407321959637635,True
lift_and_cruse,cruise_367,0.9959482806552453,0.0,1283.9511348075366,1291.8907573193242,576.106910173321,0.8647311382037413,0.9636577155453124,0.1525271752992915,0.0,-3.164219761598321e-13,-5.336658663347744,0.0,,0.0,0.42369840453732943,0.0,34.41144825680837,True
lift_and_cruse,cruise_368,0.9958994671599769,0.0,1283.8951675484739,1291.8405394038411,576.0793170716819,0.8647263866029302,0.9636573371925264,0.15253316739921557,0.0,-3.164096763179409e-13,-5.336658663347744,0.0,,0.0,0.42367993558027306,0.0,34.41144825680837,True
lift_and_cruse,cruise_368,0.9959179110188543,0.0,1283.8951675485482,1291.8405394042372,576.079317071837,0.8647263866029135,0.9636573371925239,0.15253316739923906,0.0,-3.1640967631803786e-13,-5.336658663347744,0.0,,0.0,0.42367993558029765,0.0,34.415574553979106,True
lift_and_cruse,cruise_368,0.9959695906488057,0.0,1283.8951675485391,1291.8405394041895,576.0793170718035,0.8647263866029153,0.9636573371925246,0.15253316739923423,0.0,-3.1640967631802615e-13,-5.336658663347744,0.0,,0.0,0.42367993558029465,0.0,34.42713618173092,True
lift_and_cruse,cruise_368,0.9960442727084754,0.0,1283.8951675485464,1291.8405394042288,576.0793170718066,0.8647263866029137,0.9636573371925247,0.152533167399237,0.0,-3.164096763180358e-13,-5.336658663347744,0.0,,0.0,0.423679935580297,0.0,34.443843217893516,True
lift_and_cruse,cruise_368,0.9961271674644989,0.0,1283.8951675485507,1291.8405394042518,576.0793170717914,0.8647263866029131,0.9636573371925251,0.15253316739924058,0.0,-3.1640967631804145e-13,-5.336658663347744,0.0,,0.0,0.42367993558029843,0.0,34.46238662905655,True
lift_and_cruse,cruise_368,0.9962018565994329,0.0,1283.8951675485496,1291.840539404246,576.0793170717488,0.8647263866029132,0.9636573371925261,0.1525331673992284,0.0,-3.1640967631804003e-13,-5.336658663347744,0.0,,0.0,0.4236799355802981,0.0,34.479093665219146,True
lift_and_cruse,cruise_368,0.9962535450521263,0.0,1283.8951675485482,1291.8405394042372,576.079317071767,0.8647263866029135,0.9636573371925257,0.15253316739923584,0.0,-3.1640967631803786e-13,-5.336658663347744,0.0,,0.0,0.42367993558029765,0.0,34.49065529297096,True
lift_and_cruse,cruise_368,0.9962719928373976,0.0,1283.8951675485405,1291.840539404198,576.0793170717307,0.8647263866029151,0.9636573371925266,0.15253316739922315,0.0,-3.164096763180282e-13,-5.336658663347744,0.0,,0.0,0.42367993558029504,0.0,34.4947815901417,True
lift_and_cruse,cruise_369,0.9962199089893109,0.0,1283.835464844372,1291.7870454457147,576.0499054669349,0.8647213118499458,0.9636569329364448,0.15253956607635946,0.0,-3.1639657407702223e-13,-5.336658663347744,0.0,,0.0,0.4236602339422677,0.0,34.4947815901417,True
lift_and_cruse,cruise_369,0.9962383662580139,0.0,1283.8354756590625,1291.7871034720552,576.0499329423358,0.8647213093745583,0.9636569324259036,0.15253957078202376,0.0,-3.163965882893766e-13,-5.336658663347744,0.0,,0.0,0.4236602375110695,0.0,34.498907887312434,True
lift_and_cruse,cruise_369,0.99629004952814,0.0,1283.8354750374149,1291.7871001367448,576.049931612677,0.8647213095168377,0.9636569324486693,0.15253957057764564,0.0,-3.163965874724612e-13,-5.336658663347744,0.0,,0.0,0.4236602373059285,0.0,34.51046951506426,True
lift_and_cruse,cruise_369,0.9963647367080011,0.0,1283.8354739959198,1291.7870945488366,576.0499293854807,0.8647213097552094,0.963656932486798,0.15253957023536982,0.0,-3.1639658610381843e-13,-5.336658663347744,0.0,,0.0,0.4236602369622395,0.0,34.52717655122685,True
lift_and_cruse,cruise_369,0.9964476372821216,0.0,1283.8354729387015,1291.7870888765674,576.0499271246395,0.8647213099971803,0.9636569325255027,0.15253956988790446,0.0,-3.1639658471451315e-13,-5.336658663347744,0.0,,0.0,0.423660236613362,0.0,34.54571996238988,True
lift_and_cruse,cruise_369,0.9965223315883902,0.0,1283.8354719014812,1291.7870833115956,576.049924906779,0.8647213102345732,0.9636569325634696,0.1525395695471042,0.0,-3.1639658335148813e-13,-5.336658663347744,0.0,,0.0,0.4236602362710837,0.0,34.56242699855248,True
lift_and_cruse,cruise_369,0.9965740236155335,0.0,1283.8354711682582,1291.7870793776503,576.0499233390497,0.8647213104023899,0.9636569325903062,0.1525395693061891,0.0,-3.163965823879495e-13,-5.336658663347744,0.0,,0.0,0.4236602360291232,0.0,34.5739886263043,True
lift_and_cruse,cruise_369,0.9965924727258937,0.0,1283.8354709488553,1291.7870782004927,576.0499228696673,0.8647213104526057,0.9636569325983436,0.15253956923402806,0.0,-3.1639658209962903e-13,-5.336658663347744,0.0,,0.0,0.42366023595672125,0.0,34.578114923475034,True
lift_and_cruse,cruise_370,0.996536621768558,0.0,1283.77147912627,1291.729598596654,576.0183504479173,0.8647158803333111,0.9636565005148594,0.15254641551768824,0.0,-3.163825036570575e-13,-5.336658663347744,0.0,,0.0,0.4236391189278891,0.0,34.578114923475034,True
lift_and_cruse,cruise_370,0.9965550697139105,0.0,1283.7714801783593,1291.7296042408198,576.0183526338437,0.8647158800925149,0.9636565004780283,0.15254641584655554,0.0,-3.1638250503947943e-13,-5.336658663347744,0.0,,0.0,0.4236391192750741,0.0,34.58224122064577,True
lift_and_cruse,cruise_370,0.9966067575295123,0.0,1283.7714801715817,1291.7296042044604,576.0183526196151,0.8647158800940659,0.9636565004782695,0.1525464158444028,0.0,-3.1638250503057396e-13,-5.336658663347744,0.0,,0.0,0.4236391192728375,0.0,34.59380284839759,True
lift_and_cruse,cruise_370,0.9966814509238674,0.0,1283.7714796827092,1291.729601581799,576.0183515982466,0.8647158802059562,0.9636565004955323,0.15254641569009883,0.0,-3.163825043882072e-13,-5.336658663347744,0.0,,0.0,0.42363911911151164,0.0,34.61050988456019,True
lift_and_cruse,cruise_370,0.9967643582799577,0.0,1283.7714791107799,1291.729598513563,576.0183504033623,0.8647158803368563,0.9636565005157278,0.15254641550957415,0.0,-3.163825036367061e-13,-5.336658663347744,0.0,,0.0,0.4236391189227774,0.0,34.62905329572322,True
lift_and_cruse,cruise_370,0.9968390593863958,0.0,1283.771479111035,1291.7295985149292,576.0183504038364,0.8647158803367977,0.9636565005157204,0.1525464155096466,0.0,-3.1638250363704074e-13,-5.336658663347744,0.0,,0.0,0.4236391189228616,0.0,34.64576033188581,True
lift_and_cruse,cruise_370,0.996890756149856,0.0,1283.7714791112055,1291.7295985158462,576.0183504041646,0.8647158803367587,0.963656500515715,0.1525464155096868,0.0,-3.1638250363726536e-13,-5.336658663347744,0.0,,0.0,0.42363911892291783,0.0,34.657321959637635,True
lift_and_cruse,cruise_370,0.9969092069064166,0.0,1283.7714791112692,1291.7295985161873,576.01835040428,0.8647158803367441,0.9636565005157133,0.15254641550970244,0.0,-3.1638250363734887e-13,-5.336658663347744,0.0,,0.0,0.4236391189229388,0.0,34.66144825680837,True
lift_and_cruse,cruise_371,0.996849112135355,0.0,1283.7026398719988,1291.6678779775295,575.9844275612504,0.8647100300063976,0.9636560345619315,0.15255379199511795,0.0,-3.163673864653271e-13,-5.336658663347744,0.0,,0.0,0.4236164022672519,0.0,34.66144825680837,True
lift_and_cruse,cruise_371,0.9968675601032443,0.0,1283.7026398717035,1291.6678779759463,575.9844275607429,0.8647100300064652,0.9636560345619392,0.15255379199504437,0.0,-3.163673864649393e-13,-5.336658663347744,0.0,,0.0,0.4236164022671543,0.0,34.665574553979106,True
lift_and_cruse,cruise_371,0.9969192512692971,0.0,1283.702639871785,1291.6678779763847,575.9844275608219,0.8647100300064466,0.9636560345619385,0.1525537919950483,0.0,-3.163673864650467e-13,-5.336658663347744,0.0,,0.0,0.4236164022671813,0.0,34.67713618173092,True
lift_and_cruse,cruise_371,0.9969939500555263,0.0,1283.7026398718535,1291.667877976752,575.9844275610468,0.8647100300064311,0.963656034561934,0.152553791995087,0.0,-3.1636738646513667e-13,-5.336658663347744,0.0,,0.0,0.4236164022672038,0.0,34.693843217893516,True
lift_and_cruse,cruise_371,0.9970768634549193,0.0,1283.7026398719745,1291.6678779774015,575.9844275612231,0.8647100300064035,0.9636560345619317,0.15255379199510902,0.0,-3.1636738646529576e-13,-5.336658663347744,0.0,,0.0,0.42361640226724373,0.0,34.71238662905655,True
lift_and_cruse,cruise_371,0.9971515694574655,0.0,1283.7026398720195,1291.6678779776441,575.9844275613781,0.8647100300063931,0.9636560345619286,0.15255379199512956,0.0,-3.163673864653552e-13,-5.336658663347744,0.0,,0.0,0.42361640226725866,0.0,34.729093665219146,True
lift_and_cruse,cruise_371,0.997203269622197,0.0,1283.702639872131,1291.6678779782392,575.9844275616211,0.8647100300063674,0.9636560345619245,0.15255379199517138,0.0,-3.1636738646550094e-13,-5.336658663347744,0.0,,0.0,0.42361640226729536,0.0,34.74065529297096,True
lift_and_cruse,cruise_371,0.997221721595182,0.0,1283.7026398721327,1291.66787797825,575.9844275615786,0.864710030006367,0.9636560345619256,0.15255379199515887,0.0,-3.163673864655036e-13,-5.336658663347744,0.0,,0.0,0.423616402267296,0.0,34.7447815901417,True
lift_and_cruse,cruise_372,0.9971567018125048,0.0,1283.6281814071351,1291.601138737377,575.9477424516846,0.8647036996752121,0.9636555303315212,0.15256177320358888,0.0,-3.16351040065961e-13,-5.336658663347744,0.0,,0.0,0.42359183129105826,0.0,34.7447815901417,True
lift_and_cruse,cruise_372,0.9971751515975839,0.0,1283.6281821707146,1291.6011428333477,575.9477440308164,0.8647036995004118,0.9636555303049846,0.15256177344037836,0.0,-3.1635104106918453e-13,-5.336658663347744,0.0,,0.0,0.42359183154303626,0.0,34.748907887312434,True
lift_and_cruse,cruise_372,0.9972268454803093,0.0,1283.628182166436,1291.601142810397,575.9477440218542,0.864703699501391,0.9636555303051363,0.15256177343902952,0.0,-3.1635104106356325e-13,-5.336658663347744,0.0,,0.0,0.4235918315416243,0.0,34.76046951506426,True
lift_and_cruse,cruise_372,0.997301548234075,0.0,1283.628182181144,1291.601142889292,575.9477440525939,0.8647036994980243,0.9636555303046166,0.15256177344366395,0.0,-3.1635104108288693e-13,-5.336658663347744,0.0,,0.0,0.4235918315464779,0.0,34.77717655122685,True
lift_and_cruse,cruise_372,0.9973844651627906,0.0,1283.628181387169,1291.6011386302878,575.947742395873,0.8647036996797827,0.9636555303325979,0.15256177319355838,0.0,-3.1635104003973176e-13,-5.336658663347744,0.0,,0.0,0.4235918312844695,0.0,34.79571996238988,True
lift_and_cruse,cruise_372,0.9974591751627062,0.0,1283.6281813874184,1291.6011386316234,575.9477423963137,0.8647036996797252,0.9636555303325912,0.15256177319361833,0.0,-3.1635104004005886e-13,-5.336658663347744,0.0,,0.0,0.42359183128455175,0.0,34.81242699855248,True
lift_and_cruse,cruise_372,0.9975108781064722,0.0,1283.6281813875892,1291.6011386325404,575.9477423966115,0.8647036996796863,0.9636555303325867,0.15256177319366124,0.0,-3.163510400402835e-13,-5.336658663347744,0.0,,0.0,0.4235918312846082,0.0,34.8239886263043,True
lift_and_cruse,cruise_372,0.9975293310738941,0.0,1283.6281813876672,1291.6011386329592,575.9477423968,0.864703699679668,0.9636555303325833,0.15256177319367878,0.0,-3.1635104004038607e-13,-5.336658663347744,0.0,,0.0,0.42359183128463385,0.0,34.828114923475034,True
lift_and_cruse,cruise_373,0.9974585656762247,0.0,1283.54716754803,1291.5285460098098,575.9078353015381,0.8646968091692473,0.9636549814300296,0.15257046007628433,0.0,-3.1633325997566973e-13,-5.336658663347744,0.0,,0.0,0.42356509706269263,0.0,34.828114923475034,True
lift_and_cruse,cruise_373,0.9974770151974527,0.0,1283.5471674382702,1291.5285454211069,575.9078350526,0.8646968091943746,0.9636549814344225,0.15257046003643004,0.0,-3.163332598314791e-13,-5.336658663347744,0.0,,0.0,0.4235650970264723,0.0,34.83224122064577,True
lift_and_cruse,cruise_373,0.9975287110710548,0.0,1283.5471674417995,1291.5285454400382,575.9078350602674,0.8646968091935662,0.9636549814342902,0.15257046003761288,0.0,-3.163332598361159e-13,-5.336658663347744,0.0,,0.0,0.42356509702763695,0.0,34.84380284839759,True
lift_and_cruse,cruise_373,0.9976034166964615,0.0,1283.5471674466864,1291.5285454662512,575.9078350707247,0.8646968091924475,0.9636549814341111,0.15257046003922103,0.0,-3.1633325984253626e-13,-5.336658663347744,0.0,,0.0,0.42356509702924966,0.0,34.86050988456019,True
lift_and_cruse,cruise_373,0.9976863377377697,0.0,1283.5471674521953,1291.5285454957973,575.9078350824886,0.8646968091911862,0.9636549814339099,0.15257046004102817,0.0,-3.16333259849773e-13,-5.336658663347744,0.0,,0.0,0.4235650970310676,0.0,34.87905329572322,True
lift_and_cruse,cruise_373,0.9977610506714648,0.0,1283.5471674571634,1291.5285455224441,575.9078350930797,0.864696809190049,0.9636549814337289,0.15257046004265074,0.0,-3.1633325985629955e-13,-5.336658663347744,0.0,,0.0,0.423565097032707,0.0,34.89576033188581,True
lift_and_cruse,cruise_373,0.9978127556575382,0.0,1283.5471674600572,1291.5285455379676,575.9078350992702,0.8646968091893863,0.9636549814336229,0.15257046004361352,0.0,-3.1633325986010174e-13,-5.336658663347744,0.0,,0.0,0.4235650970336619,0.0,34.907321959637635,True
lift_and_cruse,cruise_373,0.997831209356729,0.0,1283.5471674614362,1291.5285455453636,575.907835102221,0.8646968091890705,0.9636549814335723,0.15257046004405767,0.0,-3.163332598619132e-13,-5.336658663347744,0.0,,0.0,0.42356509703411704,0.0,34.91144825680837,True
lift_and_cruse,cruise_374,0.999998790433066,0.0,1285.4776740956897,1302.2905126107917,580.0990431981935,0.8642261414781867,0.963582362724463,0.1532195584756153,0.0,-3.1896918156575437e-13,-5.336658663347744,0.0,,0.0,0.4242021559989854,0.0,34.91144825680837,False
lift_and_cruse,cruise_374,0.9977721384011525,0.0,1283.4584589785552,1291.4493251734555,575.8642713654385,0.8646892439186162,0.9636543767837672,0.1525800085499861,0.0,-3.163138564669363e-13,-5.336658663347744,0.0,,0.0,0.4235358236126864,0.0,34.915574553979106,False
lift_and_cruse,cruise_374,0.997823949415688,0.0,1283.4585615424048,1291.449875651158,575.8644874758427,0.8646892204071578,0.9636543731139603,0.1525800414242551,0.0,-3.163139912950876e-13,-5.336658663347744,0.0,,0.0,0.4235358574583198,0.0,34.92713618173092,False
lift_and_cruse,cruise_374,0.9978985266950199,0.0,1283.4584437914873,1291.4492421318043,575.864237765434,0.8646892475076211,0.9636543773693368,0.15258000325833893,0.0,-3.1631383612759784e-13,-5.336658663347744,0.0,,0.0,0.42353581860101863,0.0,34.943843217893516,False
lift_and_cruse,cruise_374,0.9979814657580834,0.0,1283.4584572441142,1291.449312236593,575.8642632634276,0.8646892445712488,0.9636543769630598,0.1525800068156876,0.0,-3.1631385329831887e-13,-5.336658663347744,0.0,,0.0,0.4235358230403283,0.0,34.96238662905655,False
lift_and_cruse,cruise_374,0.9980561955746005,0.0,1283.45846987166,1291.4493780136186,575.8642870712954,0.8646892418169443,0.9636543765850293,0.15258001012140052,0.0,-3.1631386940904364e-13,-5.336658663347744,0.0,,0.0,0.42353582720736455,0.0,34.979093665219146,False
lift_and_cruse,cruise_374,0.9981079076554253,0.0,1283.4584744590106,1291.449401254597,575.8642948025066,0.864689240862374,0.9636543764718893,0.15258001107914365,0.0,-3.163138751014416e-13,-5.336658663347744,0.0,,0.0,0.42353582872117074,0.0,34.99065529297096,False
lift_and_cruse,cruise_374,0.9981263632202279,0.0,1283.4584755729893,1291.4494068538088,575.8642966908008,0.8646892406337009,0.9636543764441283,0.15258001131460275,0.0,-3.1631387647285295e-13,-5.336658663347744,0.0,,0.0,0.4235358290887789,0.0,34.9947815901417,False
lift_and_cruse,cruise_375,0.9980406260739073,0.0,1283.3603791149967,1291.3612207316453,575.8158399279121,0.8646809137782325,0.9636537151489346,0.15259049679675718,0.0,-3.162922771024056e-13,-5.336658663347744,0.0,,0.0,0.42350345767555647,0.0,34.9947815901417,True
lift_and_cruse,cruise_375,0.9980590872963334,0.0,1283.3603891881485,1291.361274754963,575.8158610361772,0.8646809114713726,0.9636537147915906,0.15259049999503868,0.0,-3.162922903343022e-13,-5.336658663347744,0.0,,0.0,0.42350346099965375,0.0,34.998907887312434,True
lift_and_cruse,cruise_375,0.998110784277582,0.0,1283.3603891875896,1291.3612747519649,575.815861034983,0.8646809114715008,0.963653714791611,0.1525904999948699,0.0,-3.162922903335679e-13,-5.336658663347744,0.0,,0.0,0.4235034609994693,0.0,35.01046951506426,True
lift_and_cruse,cruise_375,0.9981854915398013,0.0,1283.3603891871594,1291.3612747496584,575.8158610340804,0.8646809114715993,0.9636537147916263,0.15259049999473412,0.0,-3.16292290333003e-13,-5.336658663347744,0.0,,0.0,0.42350346099932734,0.0,35.02717655122685,True
lift_and_cruse,cruise_375,0.9982684145264759,0.0,1283.360389258184,1291.3612751305695,575.8158611829315,0.8646809114553339,0.9636537147891062,0.15259050001728713,0.0,-3.162922904262993e-13,-5.336658663347744,0.0,,0.0,0.42350346102276504,0.0,35.04571996238988,True
lift_and_cruse,cruise_375,0.9983431289781266,0.0,1283.3603890708823,1291.3612741260542,575.8158607904727,0.8646809114982281,0.9636537147957499,0.15259049995781684,0.0,-3.16292290180264e-13,-5.336658663347744,0.0,,0.0,0.4235034609609563,0.0,35.06242699855248,True
lift_and_cruse,cruise_375,0.9983948349929205,0.0,1283.360388898996,1291.361273204209,575.8158604302365,0.8646809115375919,0.9636537148018488,0.1525904999032387,0.0,-3.162922899544771e-13,-5.336658663347744,0.0,,0.0,0.42350346090423463,0.0,35.0739886263043,True
lift_and_cruse,cruise_375,0.998413289060939,0.0,1283.360388835113,1291.3612728615985,575.8158602964589,0.8646809115522217,0.9636537148041127,0.1525904998829639,0.0,-3.1629228987056167e-13,-5.336658663347744,0.0,,0.0,0.4235034608831536,0.0,35.078114923475034,True
lift_and_cruse,cruise_376,0.998317718597264,0.0,1283.2510740551752,1291.2634350842134,575.7620520065071,0.8646715996643425,0.963652972741876,0.15260223651980717,0.0,-3.162683265263796e-13,-5.336658663347744,0.0,,0.0,0.423467387471482,0.0,35.078114923475034,True
lift_and_cruse,cruise_376,0.9983361681599467,0.0,1283.2510740552455,1291.2634350845901,575.7620520066074,0.8646715996643267,0.9636529727418746,0.15260223651982063,0.0,-3.1626832652647187e-13,-5.336658663347744,0.0,,0.0,0.42346738747150514,0.0,35.08224122064577,True
lift_and_cruse,cruise_376,0.9983878638276426,0.0,1283.2510740552457,1291.2634350845922,575.7620520066014,0.8646715996643268,0.9636529727418748,0.15260223651981972,0.0,-3.1626832652647237e-13,-5.336658663347744,0.0,,0.0,0.42346738747150525,0.0,35.09380284839759,True
lift_and_cruse,cruise_376,0.9984625692084212,0.0,1283.2510740552334,1291.263435084526,575.7620520066379,0.8646715996643293,0.9636529727418736,0.15260223651981705,0.0,-3.1626832652645617e-13,-5.336658663347744,0.0,,0.0,0.4234673874715012,0.0,35.11050988456019,True
lift_and_cruse,cruise_376,0.9985454900511217,0.0,1283.2510740552445,1291.2634350845842,575.7620520066288,0.8646715996643268,0.9636529727418741,0.15260223651982666,0.0,-3.1626832652647046e-13,-5.336658663347744,0.0,,0.0,0.4234673874715049,0.0,35.12905329572322,True
lift_and_cruse,cruise_376,0.9986202028716794,0.0,1283.251074055239,1291.2634350845576,575.7620520065954,0.864671599664328,0.9636529727418748,0.15260223651982135,0.0,-3.162683265264639e-13,-5.336658663347744,0.0,,0.0,0.42346738747150303,0.0,35.14576033188581,True
lift_and_cruse,cruise_376,0.9986719078166278,0.0,1283.2510740552407,1291.2634350845642,575.7620520065224,0.8646715996643277,0.9636529727418768,0.15260223651980664,0.0,-3.162683265264655e-13,-5.336658663347744,0.0,,0.0,0.42346738747150364,0.0,35.157321959637635,True
lift_and_cruse,cruise_376,0.9986903615080079,0.0,1283.2510740552384,1291.2634350845508,575.7620520066226,0.8646715996643282,0.9636529727418741,0.1526022365198201,0.0,-3.1626832652646223e-13,-5.336658663347744,0.0,,0.0,0.42346738747150287,0.0,35.16144825680837,True
lift_and_cruse,cruise_377,0.9985824878327008,0.0,1283.1277226984068,1291.1530752910585,575.7013485233668,0.8646610862837082,0.9636521348557862,0.15261548607299183,0.0,-3.1624129617289124e-13,-5.336658663347744,0.0,,0.0,0.42342668204925576,0.0,35.16144825680837,True
lift_and_cruse,cruise_377,0.9986009387129196,0.0,1283.12772482024,1291.1530866684982,575.7013530192997,0.8646610857976371,0.963652134779208,0.15261548676009423,0.0,-3.162412989595603e-13,-5.336658663347744,0.0,,0.0,0.42342668274945167,0.0,35.165574553979106,True
lift_and_cruse,cruise_377,0.9986526313927324,0.0,1283.1277248202423,1291.1530866685139,575.7013530192693,0.8646610857976371,0.9636521347792089,0.15261548676009173,0.0,-3.162412989595641e-13,-5.336658663347744,0.0,,0.0,0.4234266827494524,0.0,35.17713618173092,True
lift_and_cruse,cruise_377,0.9987273324723924,0.0,1283.1277248202405,1291.1530866685023,575.701353019321,0.864661085797637,0.9636521347792074,0.15261548676010242,0.0,-3.162412989595613e-13,-5.336658663347744,0.0,,0.0,0.4234266827494517,0.0,35.193843217893516,True
lift_and_cruse,cruise_377,0.9988102485640328,0.0,1283.1277248202366,1291.1530866684811,575.7013530194091,0.864661085797638,0.963652134779205,0.1526154867601151,0.0,-3.162412989595561e-13,-5.336658663347744,0.0,,0.0,0.4234266827494505,0.0,35.21238662905655,True
lift_and_cruse,cruise_377,0.9988849571246499,0.0,1283.1277248202364,1291.1530866684798,575.7013530194273,0.8646610857976381,0.9636521347792045,0.15261548676013653,0.0,-3.162412989595558e-13,-5.336658663347744,0.0,,0.0,0.4234266827494504,0.0,35.229093665219146,True
lift_and_cruse,cruise_377,0.9989366591330681,0.0,1283.1277248202323,1291.1530866684582,575.7013530194943,0.8646610857976392,0.9636521347792028,0.15261548676014977,0.0,-3.162412989595505e-13,-5.336658663347744,0.0,,0.0,0.42342668274944906,0.0,35.24065529297096,True
lift_and_cruse,cruise_377,0.9989551117786766,0.0,1283.1277248202366,1291.1530866684811,575.7013530194334,0.864661085797638,0.9636521347792044,0.15261548676013786,0.0,-3.162412989595561e-13,-5.336658663347744,0.0,,0.0,0.4234266827494505,0.0,35.2447815901417,True
lift_and_cruse,cruise_378,0.9988315809216775,0.0,1282.9865046916325,1291.0268843051458,575.6319065377352,0.8646490354783005,0.9636511739641849,0.15263067185117718,0.0,-3.162103882954954e-13,-5.336658663347744,0.0,,0.0,0.4233800807086438,0.0,35.2447815901417,True
lift_and_cruse,cruise_378,0.9988500078028371,0.0,1282.9864872592766,1291.0267909515903,575.6318705328003,0.8646490394647571,0.9636511745687394,0.15263066645205145,0.0,-3.1621036543046885e-13,-5.336658663347744,0.0,,0.0,0.42338007495604063,0.0,35.248907887312434,True
lift_and_cruse,cruise_378,0.9989016956065432,0.0,1282.9864873445888,1291.0267913106854,575.6318707490478,0.8646490394521293,0.9636511745647252,0.15263066648907997,0.0,-3.1621036551842177e-13,-5.336658663347744,0.0,,0.0,0.4233800749841933,0.0,35.26046951506426,True
lift_and_cruse,cruise_378,0.9989763896860051,0.0,1282.9864874785208,1291.0267918761288,575.6318710876675,0.8646490394321847,0.9636511745584462,0.15263066654700538,0.0,-3.1621036565691545e-13,-5.336658663347744,0.0,,0.0,0.42338007502839026,0.0,35.27717655122685,True
lift_and_cruse,cruise_378,0.9990592980177005,0.0,1282.9864876242143,1291.0267924928767,575.6318714550423,0.8646490394103733,0.9636511745516415,0.15263066660975116,0.0,-3.162103658079751e-13,-5.336658663347744,0.0,,0.0,0.42338007507646847,0.0,35.29571996238988,True
lift_and_cruse,cruise_378,0.9991340057582079,0.0,1282.98649335433,1291.0268231858763,575.6318822876812,0.864649038099499,0.963651174379346,0.15263066811868303,0.0,-3.1621037332559185e-13,-5.336658663347744,0.0,,0.0,0.4233800769673823,0.0,35.31242699855248,True
lift_and_cruse,cruise_378,0.9991857216882172,0.0,1282.9865107587675,1291.0269167333804,575.6319190853377,0.8646490340952526,0.9636511737533417,0.15263067373466851,0.0,-3.1621039623812217e-13,-5.336658663347744,0.0,,0.0,0.4233800827107725,0.0,35.3239886263043,True
lift_and_cruse,cruise_378,0.9992041841230827,0.0,1282.986521425406,1291.026974008121,575.631943379953,0.8646490316452295,0.9636511733237481,0.15263067763855026,0.0,-3.162104102663877e-13,-5.336658663347744,0.0,,0.0,0.4233800862307177,0.0,35.328114923475034,True
lift_and_cruse,cruise_379,0.9990599852826437,0.0,1282.8217310908103,1290.8795834619962,575.5508596549546,0.8646349736907077,0.963650053070387,0.15264838866927016,0.0,-3.161743099942804e-13,-5.336658663347744,0.0,,0.0,0.42332570612234877,0.0,35.328114923475034,True
lift_and_cruse,cruise_379,0.999078429052728,0.0,1282.821731038034,1290.8795831788254,575.5508596841291,0.8646349737028205,0.9636500530685744,0.15264838868954708,0.0,-3.161743099249236e-13,-5.336658663347744,0.0,,0.0,0.4233257061049327,0.0,35.33224122064577,True
lift_and_cruse,cruise_379,0.9991301085842746,0.0,1282.8217310333816,1290.8795831538846,575.5508596746596,0.8646349737038864,0.9636500530687321,0.15264838868815334,0.0,-3.161743099188149e-13,-5.336658663347744,0.0,,0.0,0.4233257061033975,0.0,35.34380284839759,True
lift_and_cruse,cruise_379,0.9992047906985352,0.0,1282.8217310291625,1290.8795831312664,575.5508596660258,0.8646349737048542,0.9636500530688764,0.15264838868686334,0.0,-3.16174309913275e-13,-5.336658663347744,0.0,,0.0,0.4233257061020052,0.0,35.36050988456019,True
lift_and_cruse,cruise_379,0.9992875298248811,0.0,1282.8217310204532,1290.8795830845747,575.5508596480225,0.8646349737068496,0.9636500530691787,0.15264838868416078,0.0,-3.1617430990183884e-13,-5.336658663347744,0.0,,0.0,0.42332570609913117,0.0,35.37905329572322,True
lift_and_cruse,cruise_379,0.9993600160076855,0.0,1282.8217310169448,1290.8795830657664,575.5508596409053,0.8646349737076536,0.9636500530692971,0.1526483886831079,0.0,-3.1617430989723215e-13,-5.336658663347744,0.0,,0.0,0.42332570609797343,0.0,35.39576033188581,True
lift_and_cruse,cruise_379,0.9994101867656797,0.0,1282.8217312511008,1290.8795843210778,575.5508601463669,0.8646349736539873,0.9636500530606011,0.1526483887614542,0.0,-3.1617431020469474e-13,-5.336658663347744,0.0,,0.0,0.4233257061752439,0.0,35.407321959637635,True
lift_and_cruse,cruise_379,0.9994280941815975,0.0,1282.8217313309196,1290.879584748985,575.5508603186549,0.8646349736356936,0.9636500530576372,0.15264838878813988,0.0,-3.161743103095018e-13,-5.336658663347744,0.0,,0.0,0.4233257062015838,0.0,35.41144825680837,True
lift_and_cruse,cruise_380,0.9992556624597209,0.0,1282.6247340241525,1290.7036818374768,575.4540353401677,0.8646181401781968,0.9636487106482382,0.15266959473430045,0.0,-3.1613122652199394e-13,-5.336658663347744,0.0,,0.0,0.4232606979296078,0.0,35.41144825680837,True
lift_and_cruse,cruise_380,0.9992735603740934,0.0,1282.6247340102657,1290.7036817631067,575.4540350849114,0.8646181401813757,0.9636487106546932,0.15266959466987146,0.0,-3.1613122650377855e-13,-5.336658663347744,0.0,,0.0,0.4232606979250252,0.0,35.415574553979106,True
lift_and_cruse,cruise_380,0.9993237140411887,0.0,1282.6247340639063,1290.7036820506164,575.4540352094839,0.8646181401690795,0.9636487106524696,0.15266959469014915,0.0,-3.161312265741981e-13,-5.336658663347744,0.0,,0.0,0.42326069794272636,0.0,35.42713618173092,True
lift_and_cruse,cruise_380,0.9993962003660554,0.0,1282.624734048752,1290.703681969389,575.4540351748147,0.8646181401725533,0.963648710653084,0.15266959468456412,0.0,-3.161312265543031e-13,-5.336658663347744,0.0,,0.0,0.4232606979377256,0.0,35.443843217893516,True
lift_and_cruse,cruise_380,0.999476671152625,0.0,1282.6247340642922,1290.7036820526826,575.4540352101311,0.8646181401689912,0.9636487106524603,0.1526695946902389,0.0,-3.1613122657470413e-13,-5.336658663347744,0.0,,0.0,0.4232606979428538,0.0,35.46238662905655,True
lift_and_cruse,cruise_380,0.999549188143856,0.0,1282.624734074309,1290.7036821063737,575.454035233492,0.8646181401666946,0.9636487106520423,0.1526695946940364,0.0,-3.1613122658785466e-13,-5.336658663347744,0.0,,0.0,0.4232606979461593,0.0,35.479093665219146,True
lift_and_cruse,cruise_380,0.9995993799445646,0.0,1282.6247340629707,1290.7036820455994,575.4540352070649,0.864618140169294,0.9636487106525149,0.15266959468974217,0.0,-3.161312265729693e-13,-5.336658663347744,0.0,,0.0,0.42326069794241766,0.0,35.49065529297096,True
lift_and_cruse,cruise_380,0.9996172948763289,0.0,1282.6247340592422,1290.7036820256185,575.4540351987409,0.8646181401701486,0.9636487106526607,0.15266959468841268,0.0,-3.161312265680754e-13,-5.336658663347744,0.0,,0.0,0.4232606979411873,0.0,35.4947815901417,True
lift_and_cruse,cruise_381,0.999403884905441,0.0,1282.3810290415256,1290.486273725337,575.3343229944087,0.864597290368193,0.9636470474882058,0.15269585511632602,0.0,-3.160779768922658e-13,-5.336658663347744,0.0,,0.0,0.4231802763235844,0.0,35.4947815901417,True
lift_and_cruse,cruise_381,0.9994748318753908,0.0,1282.38102904256,1290.486273730882,575.3343229963111,0.8645972903679559,0.9636470474881761,0.15269585511657657,0.0,-3.160779768936239e-13,-5.336658663347744,0.0,,0.0,0.42318027632392574,0.0,35.511131936990665,True
lift_and_cruse,cruise_381,0.9996736901635572,0.0,1282.3810290426088,1290.486273731145,575.3343229964388,0.8645972903679445,0.9636470474881736,0.15269585511659262,0.0,-3.160779768936884e-13,-5.336658663347744,0.0,,0.0,0.42318027632394184,0.0,35.55694459082027,True
lift_and_cruse,cruise_381,0.9999612461366209,0.0,1282.3810290425863,1290.4862737310245,575.3343229963385,0.8645972903679501,0.9636470474881759,0.1526958551165789,0.0,-3.1607797689365886e-13,-5.336658663347744,0.0,,0.0,0.42318027632393446,0.0,35.62314579368424,True
lift_and_cruse,cruise_381,1.0013387782802086,0.0,1282.059165243187,1290.4862737424537,574.6602720244581,0.8646711353247878,0.963658445816216,0.15259354855331078,0.0,-3.160779768964582e-13,-5.336658663347744,0.0,,0.0,0.42307406264135206,0.0,35.696623585450894,True
lift_and_cruse,cruise_381,1.0027150435958505,0.0,1281.729084861691,1290.4862737393848,573.9690708397858,0.8647468287205012,0.9636701180857944,0.15248851870374847,0.0,-3.1607797689570656e-13,-5.336658663347744,0.0,,0.0,0.42296513752168236,0.0,35.762824788314866,True
lift_and_cruse,cruise_381,1.0036695003463905,0.0,1281.5006421802666,1290.4862737404,573.4907373650655,0.8647991926931498,0.963678186090916,0.152415763359779,0.0,-3.160779768959552e-13,-5.336658663347744,0.0,,0.0,0.42288975241003457,0.0,35.808637442144466,True
lift_and_cruse,cruise_381,1.004010548986843,0.0,1281.419108033988,1290.4862737386463,573.3200208625422,0.864817877656873,0.963681063644443,0.15238978296005204,0.0,-3.160779768955257e-13,-5.336658663347744,0.0,,0.0,0.42286284648911826,0.0,35.82498778899343,True
lift_and_cruse,decel_descend,0.7532955972028069,0.0,996.7817672340461,584.1244476570718,275.32270271242925,0.879143700370469,0.9625060130192382,0.12094362663513526,0.0,-1.4306922702538972e-13,-5.336658663347744,0.0,,0.0,0.32893373665055625,0.0,35.82498778899343,True
lift_and_cruse,decel_descend,0.7532491944449747,0.0,996.5427207252059,584.0662634774975,275.35840726947424,0.8791845757622128,0.9625028279141634,0.12080500447743862,0.0,-1.430549760115344e-13,-5.336658663347744,0.0,,0.0,0.32878700801309446,0.0,35.94382514751053,True
lift_and_cruse,decel_descend,0.7531249783301179,0.0,995.8804298186335,583.9250142053063,275.4671542427074,0.879297122617833,0.962494159410461,0.12041995161486982,0.0,-1.4302037991772023e-13,-5.336658663347744,0.0,,0.0,0.328378751959155,0.0,36.276800026762956,True
lift_and_cruse,decel_descend,0.7529605003556794,0.0,994.9427370020151,583.7775910038482,275.64699794919073,0.8794547615408151,0.9624822923678199,0.11987225050182225,0.0,-1.4298427164736307e-13,-5.336658663347744,0.0,,0.0,0.3277961982086364,0.0,36.75796266824585,True
lift_and_cruse,decel_descend,0.7527985471646643,0.0,993.92835952756,583.6923209941951,275.8780576891737,0.8796231499876175,0.9624700174214427,0.1192763444325908,0.0,-1.429633865184861e-13,-5.336658663347744,0.0,,0.0,0.32715969035167963,0.0,37.292012909741004,True
lift_and_cruse,decel_descend,0.7526709461805255,0.0,993.0377378635476,583.6856510978569,276.114455539531,0.8797692814268787,0.9624597449311982,0.11875014757290021,0.0,-1.4296175286504585e-13,-5.336658663347744,0.0,,0.0,0.3265951168523674,0.0,37.77317555122391,True
lift_and_cruse,decel_descend,0.7525926660212069,0.0,992.4340862435453,583.7196587351488,276.29361349903934,0.8798674831596995,0.962453060950318,0.11839187549630412,0.0,-1.4297008233387705e-13,-5.336658663347744,0.0,,0.0,0.3262092634741631,0.0,38.10615043047633,True
lift_and_cruse,decel_descend,0.7525666941762827,0.0,992.2211221908107,583.7394037293501,276.36062411050784,0.8799019751643113,0.9624507579339192,0.11826516234173721,0.0,-1.4297491846266662e-13,-5.336658663347744,0.0,,0.0,0.3260725004081269,0.0,38.22498778899343,True
lift_and_cruse,arrival_terminal_procedure,0.8114385653160685,0.0,1048.5247983606992,1270.8134948674997,518.5671165089868,0.8173900602492681,0.9599436770743074,0.1987216408798508,0.0,-3.11259535760549e-13,-5.336658663347744,0.0,,0.0,0.34457551355740196,0.0,38.22498778899343,True
lift_and_cruse,arrival_terminal_procedure,0.8115345025202497,0.0,1048.5247983607,1270.8134948675056,518.5671165089747,0.8173900602492681,0.9599436770743078,0.1987216408798377,0.0,-3.112595357605504e-13,-5.336658663347744,0.0,,0.0,0.34457551355740224,0.0,38.263909402667956,True
lift_and_cruse,arrival_terminal_procedure,0.8118034670376595,0.0,1048.5247983607014,1270.8134948675113,518.5671165089503,0.8173900602492674,0.9599436770743087,0.1987216408798369,0.0,-3.112595357605518e-13,-5.336658663347744,0.0,,0.0,0.3445755135574026,0.0,38.37296534076102,True
lift_and_cruse,arrival_terminal_procedure,0.8121925347388622,0.0,1048.5247983606996,1270.8134948675033,518.5671165089716,0.817390060249268,0.9599436770743079,0.19872164087984642,0.0,-3.1125953576054985e-13,-5.336658663347744,0.0,,0.0,0.3445755135574021,0.0,38.53055573724999,True
lift_and_cruse,arrival_terminal_procedure,0.812624925798079,0.0,1048.5247983606964,1270.8134948674876,518.5671165090355,0.817390060249269,0.9599436770743058,0.19872164087984812,0.0,-3.11259535760546e-13,-5.336658663347744,0.0,,0.0,0.34457551355740107,0.0,38.70546788139085,True
lift_and_cruse,arrival_terminal_procedure,0.8130150009851129,0.0,1048.524798360699,1270.8134948675,518.5671165089777,0.8173900602492683,0.9599436770743077,0.19872164087984492,0.0,-3.1125953576054905e-13,-5.336658663347744,0.0,,0.0,0.3445755135574019,0.0,38.863058277879816,True
lift_and_cruse,arrival_terminal_procedure,0.8132852218205187,0.0,1048.5247983606978,1270.8134948674954,518.5671165090081,0.8173900602492686,0.9599436770743067,0.19872164087984837,0.0,-3.1125953576054794e-13,-5.336658663347744,0.0,,0.0,0.34457551355740146,0.0,38.97211421597289,True
lift_and_cruse,arrival_terminal_procedure,0.8133817181401319,0.0,1048.5247983606994,1270.8134948675024,518.5671165089838,0.8173900602492685,0.9599436770743075,0.1987216408798502,0.0,-3.1125953576054965e-13,-5.336658663347744,0.0,,0.0,0.344575513557402,0.0,39.01103582964741,True
lift_and_cruse,second_descent,0.6891838702609976,0.0,906.7292679655402,537.184422911318,250.40035940302187,0.8758700802162932,0.9604395099150156,0.12831495694048894,0.0,-1.3157223681403275e-13,-5.336658663347744,0.0,,0.0,0.2979774094568176,0.0,39.01103582964741,True
lift_and_cruse,second_descent,0.6891543048260951,0.0,906.6646519897058,537.0952466781958,250.3746456628404,0.8758860746156529,0.9604376673056402,0.1282753653258507,0.0,-1.3155039493634212e-13,-5.336658663347744,0.0,,0.0,0.2979439780659973,0.0,39.034803301350834,True
lift_and_cruse,second_descent,0.6890716964149558,0.0,906.4839324729502,536.8461651125875,250.30288244781005,0.8759307581435836,0.9604325159706939,0.12816456861452172,0.0,-1.3148938754793235e-13,-5.336658663347744,0.0,,0.0,0.2978504311211533,0.0,39.10139827720131,True
lift_and_cruse,second_descent,0.6889529278684648,0.0,906.2236441458383,536.4882758738223,250.1999266908968,0.8759949863212206,0.9604251022602805,0.1280048196115137,0.0,-1.3140172996579174e-13,-5.336658663347744,0.0,,0.0,0.29771557866899684,0.0,39.197630805497894,True
lift_and_cruse,second_descent,0.68882193903354,0.0,905.9359315910795,536.0938785950011,250.0866867437541,0.8760658052849286,0.9604169155730593,0.12782800607754832,0.0,-1.3130513049277157e-13,-5.336658663347744,0.0,,0.0,0.29756635479372345,0.0,39.304440853796926,True
lift_and_cruse,second_descent,0.6887039355929366,0.0,905.6766845294262,535.7410892185715,249.98738060485869,0.8761239806197305,0.9604096079263224,0.12767036987722172,0.0,-1.3121872201664803e-13,-5.336658663347744,0.0,,0.0,0.29743195518954707,0.0,39.40067338209351,True
lift_and_cruse,second_descent,0.6886226622674817,0.0,905.4978256467751,535.4983670685508,249.91928120965335,0.8761636790803936,0.9604045742321654,0.1275615949121411,0.0,-1.3115927223582703e-13,-5.336658663347744,0.0,,0.0,0.29733915763931645,0.0,39.46726835794399,True
lift_and_cruse,second_descent,0.6885937408578388,0.0,905.4341114108983,535.4120209832233,249.89508111631028,0.8761777921223926,0.9604027820428985,0.12752282242705118,0.0,-1.3113812354442399e-13,-5.336658663347744,0.0,,0.0,0.29730608396600433,0.0,39.491035829647416,True
lift_and_cruse,app_transition,0.685471684942487,0.0,888.2464520112559,1286.5218974541103,468.1437302655834,0.7164977471299326,0.9569078893760862,0.24823108260780222,0.0,-3.151069847500311e-13,-5.336658663347744,0.0,,0.0,0.2916623870428936,0.0,39.491035829647416,True
lift_and_cruse,app_transition,0.6854615121922331,0.0,888.2317972188512,1286.4750846789314,468.13058575826796,0.7165056901419278,0.9569078811785365,0.24822870558984697,0.0,-3.1509551892697467e-13,-5.336658663347744,0.0,,0.0,0.2916570783591239,0.0,39.491948213435535,True
lift_and_cruse,app_transition,0.6854330098259108,0.0,888.1907374320571,1286.343925031254,468.09375704450304,0.7165279453052149,0.9569078581846991,0.24822204479274385,0.0,-3.1506339407843363e-13,-5.336658663347744,0.0,,0.0,0.2916422045246769,0.0,39.494504656001006,True
lift_and_cruse,app_transition,0.6853918254707055,0.0,888.1314096701182,1286.154411902106,468.0405412208922,0.7165601031995268,0.9569078249089101,0.248212418017506,0.0,-3.150169767490321e-13,-5.336658663347744,0.0,,0.0,0.2916207132296983,0.0,39.49819882254101,True
lift_and_cruse,app_transition,0.6853461181040184,0.0,888.0655682259459,1285.9440931896988,467.98148059566057,0.7165957933484675,0.9569077879066218,0.24820173084791294,0.0,-3.1496546352144207e-13,-5.336658663347744,0.0,,0.0,0.29159686248566913,0.0,39.50229903806635,True
lift_and_cruse,app_transition,0.6853049406263997,0.0,888.0062538006785,1285.7546250812834,467.9282728240474,0.7166279468810713,0.9569077545073505,0.24819209999752664,0.0,-3.149190572189398e-13,-5.336658663347744,0.0,,0.0,0.29157537622346136,0.0,39.50599320460637,True
lift_and_cruse,app_transition,0.6852764468315193,0.0,887.9652106478884,1285.6235215906772,467.8914539862172,0.7166501966028563,0.9569077313656477,0.2481854340295242,0.0,-3.148869461249142e-13,-5.336658663347744,0.0,,0.0,0.2915605086659087,0.0,39.50854964717183,True
lift_and_cruse,app_transition,0.6852662778938055,0.0,887.9505632483592,1285.5767337671355,467.87831399369173,0.7166581371974692,0.9569077230976055,0.24818305477927258,0.0,-3.148754864132463e-13,-5.336658663347744,0.0,,0.0,0.29155520277235175,0.0,39.50946203095996,True
lift_and_cruse,hover_descent,0.0,0.8122285497414704,0.0,5.089124675868794e-12,-5.991188445325284,0.0,,0.0,2261.1692850157597,10898.090814429566,52.483956204915586,-0.0822927764742961,0.8417664490734771,0.013101688152368871,0.0,0.5939570932720857,39.50946203095996,True
lift_and_cruse,hover_descent,0.0,0.8122093938579911,0.0,5.089125885012982e-12,-5.991188445325284,0.0,,0.0,2261.091923120228,10898.093403747771,52.483915803055794,-0.08229567569320523,0.8417643398911677,0.013101625113385041,0.0,0.593931715311323,39.520630526206986,True
lift_and_cruse,hover_descent,0.0,0.8121557268278233,0.0,5.089129262648004e-12,-5.991188445325284,0.0,,0.0,2260.8751924833214,10898.100636774185,52.48380123517612,-0.08230379894546559,0.8417584297054225,0.013101448013798042,0.0,0.5938606189270552,39.55192395449177,True
lift_and_cruse,hover_descent,0.0,0.8120781987531962,0.0,5.089134143489154e-12,-5.991188445325284,0.0,,0.0,2260.562099153449,10898.111088836866,52.48363576534325,-0.08231553667231743,0.8417498899483798,0.013101191708659343,0.0,0.59375791228455,39.59714426855382,True
lift_and_cruse,hover_descent,0.0,0.8119921809680491,0.0,5.0891395608396135e-12,-5.991188445325284,0.0,,0.0,2260.2147184471455,10898.122689805803,52.48345222657054,-0.08232856357613079,0.8417404125162095,0.013100906692818442,0.0,0.5936439588751241,39.64733503060237,True
lift_and_cruse,hover_descent,0.0,0.8119147103598382,0.0,5.0891444417281e-12,-5.991188445325284,0.0,,0.0,2259.9018533863527,10898.133141969853,52.483286971540146,-0.0823402995152141,0.841731874532672,0.013100649416728035,0.0,0.593541328567843,39.69255534466441,True
lift_and_cruse,hover_descent,0.0,0.811861114989259,0.0,5.089147819421648e-12,-5.991188445325284,0.0,,0.0,2259.685407396299,10898.140375121597,52.48317267166108,-0.08234842053816095,0.8417259665585128,0.013100471106421551,0.0,0.593470327372034,39.72384877294921,True
lift_and_cruse,hover_descent,0.0,0.8118419901834533,0.0,5.089149024909696e-12,-5.991188445325284,0.0,,0.0,2259.6081712649766,10898.142956610372,52.483131890397715,-0.08235131879863056,0.8417238581248648,0.013100407414741111,0.0,0.5934449915336252,39.73501726819623,True
