eVTOL_type,mission_segment,SOC,battery_energy_kw_h,battery_power_kw,voltage_v,voltage_oc_v,current_a,C_Rating_instant,C_Rating_nominal,specific_power,time_min,fesibility
vector_thrust,hover_climb,1.0,37.50000000000001,186.1269154686352,344.36687006446965,415.2368700644696,610.4028267036963,5.6054002909455125,5.6054002909455125,930.6345773431759,0.0,True
vector_thrust,hover_climb,0.9994065577061476,37.47774591398054,186.12522561157445,344.4026085209055,415.27089155362376,610.3771137177517,5.609074532613157,5.60516416559912,930.6261280578723,0.006106221672104086,True
vector_thrust,hover_climb,0.9977438286419636,37.41539357407365,186.12200113019762,344.500365666767,415.363868565637,610.3100236391847,5.619399028839371,5.604548069589293,930.610005650988,0.023215474598361843,True
vector_thrust,hover_climb,0.9953412322254079,37.325296208452805,186.1212670874684,344.63544160715696,415.4921168584212,610.2259532168293,5.634395764537934,5.603776041103653,930.606335437342,0.04793906140551097,True
vector_thrust,hover_climb,0.9926746376685418,37.225298912570324,186.12587264389637,344.7768191179775,415.62602657626655,610.1504166123639,5.651149244421052,5.603082379662184,930.6293632194819,0.07538017251150186,True
vector_thrust,hover_climb,0.9902721216870103,37.135204563262896,186.13489414016212,344.89651339641557,415.7390918284557,610.0983305379405,5.666342477608824,5.6026040671709,930.6744707008106,0.10010375931865098,True
vector_thrust,hover_climb,0.9886094931027478,37.07285599135305,186.1438360473993,344.97508875793136,415.8131347430361,610.0711290343222,5.6769120225416305,5.602354272593245,930.7191802369965,0.11721301224490874,True
vector_thrust,hover_climb,0.9880160955902151,37.05060358463307,186.14756125871992,345.0022901010186,415.83872935350325,610.0631698646699,5.6806953287231385,5.602281182610806,930.7378062935995,0.12331923391701284,True
vector_thrust,second_climb,0.9880160955902151,37.05060358463307,66.09529225029621,344.7709009791103,415.6017168256515,307.4768266731049,2.8611966420501695,2.8611966420501695,330.4764612514811,0.12331923391701284,True
vector_thrust,second_climb,0.9871974576622778,37.01990466233543,66.09975079244713,344.77115654041717,415.59969850410215,307.4911049795366,2.863704400555787,2.8613295074854563,330.49875396223564,0.14807701694140804,True
vector_thrust,second_climb,0.9849033712187214,36.933876420702056,66.11303322611806,344.768389465049,415.5906228290323,307.5346867450004,2.8707584724110227,2.8617350534979766,330.5651661305903,0.21744678345232937,True
vector_thrust,second_climb,0.9815874289231883,36.80952858461957,66.13428602260545,344.7553236156601,415.5686039085608,307.6069822148364,2.8810242558831334,2.8624077921813056,330.6714301130272,0.317689000427934,True
vector_thrust,second_climb,0.977905629025049,36.67146108843935,66.16073060550423,344.72827484221636,415.5318435892731,307.700144591623,2.8925201468781987,2.8632747059013126,330.80365302752114,0.42894946740609113,True
vector_thrust,second_climb,0.974587048852879,36.547014331982965,66.18713624237246,344.6926008310384,415.48762292633364,307.7957509277722,2.9029708678334,2.864164361654914,330.93568121186235,0.5291916843816958,True
vector_thrust,second_climb,0.9722896726721812,36.4608627252068,66.20684526303033,344.66163941285663,415.450859734316,307.8684059227552,2.91025558853278,2.8648404458656263,331.03422631515167,0.5985614508926171,True
vector_thrust,second_climb,0.9714695705454224,36.43010889545335,66.21416431156001,344.6493464451233,415.43651845290145,307.89562489310833,2.9128660086428235,2.865093729429845,331.07082155780006,0.6233192339170124,True
vector_thrust,departure_terminal_procedures,0.9714695705454224,36.43010889545335,41.26315597263118,349.4701233807525,411.46022145508744,210.18926309977212,2.016323034322698,2.016323034322698,206.3157798631559,0.6233192339170124,True
vector_thrust,departure_terminal_procedures,0.9706018585153957,36.39756969432735,41.269951320883656,349.423086398026,411.4214852720124,210.22389056291996,2.018186414422741,2.01665521185896,206.3497566044183,0.6665477123904164,True
vector_thrust,departure_terminal_procedures,0.9681697497701139,36.30636561637928,41.289511069868084,349.28734447185155,411.3098435959159,210.32356234761284,2.023429151474067,2.0176113525884363,206.44755534934043,0.7876712174864743,True
vector_thrust,departure_terminal_procedures,0.9646529987875234,36.174487454532134,41.319132897633985,349.0809113553962,411.1404347148583,210.47450806995423,2.0310621729329648,2.01905935869684,206.59566448816994,0.9626997535386065,True
vector_thrust,departure_terminal_procedures,0.9607464196430353,36.02799073661384,41.35389779167405,348.8375544018417,410.941227040782,210.65166162322046,2.039614448902653,2.0207587737135495,206.76948895837023,1.1569667723975632,True
vector_thrust,departure_terminal_procedures,0.9572235942884265,35.895884785816,41.38692940153514,348.60546777410616,410.7516841051187,210.8199827764589,2.0473934310418973,2.022373460465067,206.9346470076757,1.3319953084496954,True
vector_thrust,departure_terminal_procedures,0.9547839100851897,35.80439662819462,41.410741581924704,348.43773582204534,410.6149358832279,210.94132393061787,2.0528182073541967,2.0235374731293385,207.0537079096235,1.4531188135457533,True
vector_thrust,departure_terminal_procedures,0.9539128263594085,35.77173098847783,41.41942961953293,348.3764617171171,410.56502631100324,210.9855960843439,2.0547626129922505,2.023962171146832,207.09714809766464,1.4963472920191572,True
vector_thrust,accel_climb,0.9539128263594085,35.77173098847783,61.77405025185131,343.27536470506834,414.0123865862399,300.3476488496027,2.882218608050211,2.882218608050211,308.8702512592565,1.4963472920191572,True
vector_thrust,accel_climb,0.9502269292327186,35.63350984622695,61.857146304629126,343.04768111947794,413.7770944971847,300.7090654325421,2.894958931449795,2.8856868609384745,309.2857315231456,1.6151846505362542,True
vector_thrust,accel_climb,0.9398785769796759,35.24544663673785,62.09992084786766,342.36533485337645,413.07467548114266,301.766683958379,2.9312850782067925,2.895836059066249,310.4996042393383,1.9481595297886765,True
vector_thrust,accel_climb,0.9248445664716263,34.681671242685994,62.400299458470805,341.44338339708787,412.1269498429051,303.0313952184821,2.9833644444328495,2.907972576004675,312.00149729235403,2.429322171271579,True
vector_thrust,accel_climb,0.9080999297176926,34.05374736441348,62.542400730561994,341.67893487526413,412.33850428504724,303.49615333551117,3.0451345427781917,2.912432522664069,312.71200365281,2.9633724127667334,True
vector_thrust,accel_climb,0.8929776234866296,33.486660880748616,62.70608400970238,341.790553855654,412.43271208236496,304.06153886610474,3.1034853593000307,2.917858117647884,313.5304200485119,3.4445350542496356,True
vector_thrust,accel_climb,0.8824863413468411,33.09323780050655,62.83278562116414,341.81188953903114,412.4443444809662,304.5146453963108,3.1452566522103136,2.9222062524769434,314.16392810582073,3.7775099335020585,True
vector_thrust,accel_climb,0.878736627749158,32.95262354059343,62.880707182631724,341.80837246113117,412.43783136429215,304.6887809252038,3.1604517372316803,2.9238773048844466,314.40353591315863,3.8963472920191555,True
vector_thrust,cruise_0,0.878736627749158,32.95262354059343,61.92881451865088,341.25439757753435,411.8772549689566,263.80133540834396,2.7319028387535274,2.7319028387535274,309.6440725932544,3.8963472920191555,True
vector_thrust,cruise_0,0.8785336230237542,32.945010863390785,61.929653525496626,341.25094845949405,411.873682196082,263.8049100842506,2.7325435146405836,2.731939857774837,309.64826762748316,3.903060211214074,True
vector_thrust,cruise_0,0.8779648006094302,32.92368002285364,61.93201893552643,341.2412100457224,411.86360139929013,263.81498831374097,2.7343403221599,2.732044227010541,309.6600946776322,3.9218693928237247,True
vector_thrust,cruise_0,0.8771427869010603,32.892854508789775,61.93547472868709,341.22694440553806,411.8488516524507,263.8297128118199,2.736941140882463,2.732196712584728,309.67737364343543,3.9490494477508427,True
vector_thrust,cruise_0,0.8762303623302611,32.858638587384796,61.93936633284571,341.2108432737561,411.832227946372,263.84629334867657,2.739834032038087,2.732368419129112,309.69683166422857,3.9792170327756136,True
vector_thrust,cruise_0,0.8754082430270083,32.82780911351282,61.942921680854845,341.19609564133293,411.81702277620934,263.8614410033542,2.742445989902573,2.732525286874873,309.7146084042742,4.006397087702732,True
vector_thrust,cruise_0,0.874839288943947,32.80647333539802,61.94540907467163,341.18575619191233,411.8063740747073,263.8720385927338,2.7442566015781438,2.7326350345547525,309.7270453733582,4.025206269312382,True
vector_thrust,cruise_0,0.8746362256160028,32.798858460600115,61.94630214964524,341.18203958753327,411.8025485601606,263.87584355996387,2.7449034121665608,2.732674438452239,309.7315107482262,4.031919188507301,True
vector_thrust,cruise_1,0.8746362256160028,32.798858460600115,45.12804034214332,344.42721794239,409.4561760411167,220.99808740849224,2.3207440743138408,2.3207440743138408,225.6402017107166,4.031919188507301,True
vector_thrust,cruise_1,0.874488758602798,32.79332844760493,45.12861857524365,344.4236672630928,409.453387274595,221.00092001586955,2.321141248653658,2.320773820077086,225.64309287621825,4.038632107702219,True
vector_thrust,cruise_1,0.8740755543832751,32.77783328937283,45.13024560530089,344.41367078974594,409.44553750707064,221.00889039553186,2.322254877138958,2.320857518590446,225.65122802650447,4.05744128931187,True
vector_thrust,cruise_1,0.8734784286191595,32.755441073218485,45.13261458969534,344.39910128928767,409.43410100946,221.02049540857624,2.3238661270070162,2.320979385098753,225.66307294847672,4.084621344238988,True
vector_thrust,cruise_1,0.8728156294291199,32.730586103592,45.135268686651244,344.38275850334094,409.42127840426986,221.03349711085266,2.325657267968138,2.321115918513444,225.67634343325622,4.114788929263759,True
vector_thrust,cruise_1,0.8722184319896724,32.70819119961272,45.13768222640853,344.3678793282783,409.40960938412803,221.04532038855425,2.327273549096398,2.321240077061541,225.68841113204263,4.141968984190878,True
vector_thrust,cruise_1,0.8718051383923742,32.69269268971404,45.139364816155634,344.35749669702886,409.40146966588094,221.05356294009195,2.3283934514809466,2.321326633704916,225.69682408077816,4.160778165800528,True
vector_thrust,cruise_1,0.8716576316022819,32.68716118508558,45.1399677756647,344.3537741613032,409.3985518591942,221.05651667544976,2.328793417975825,2.3213576514567396,225.6998388783235,4.167491084995446,True
vector_thrust,cruise_2,0.8716576316022819,32.68716118508558,56.369252029604844,341.079948120595,411.6986179770226,249.69205697478085,2.6054558044013247,2.6054558044013247,281.8462601480242,4.167491084995446,True
vector_thrust,cruise_2,0.8714731040460444,32.68024140172667,56.37004410794934,341.0762284719856,411.69481257982204,249.6955663622533,2.606015695970777,2.6054924237238244,281.8502205397467,4.174204004190365,True
vector_thrust,cruise_2,0.8709560544348223,32.660852041305844,56.37227457573163,341.06574572067495,411.684092956012,249.70544868733577,2.6075858327074073,2.6055955425877526,281.86137287865813,4.193013185800016,True
vector_thrust,cruise_2,0.8702088570624334,32.632832139841256,56.375526643501516,341.0504400834131,411.6684538553331,249.71985731997768,2.609858282345205,2.605745892006173,281.8776332175076,4.220193240727133,True
vector_thrust,cruise_2,0.8693794759787704,32.6017303492039,56.379176252700354,341.0332339172328,411.6508897917524,249.73602730226335,2.6123854195552823,2.6059146205380843,281.89588126350174,4.250360825751905,True
vector_thrust,cruise_2,0.868632179739383,32.57370674022687,56.382500574108064,341.01753507984233,411.6348795107339,249.7507560623435,2.6146667278589915,2.606068310382717,281.9125028705403,4.277540880679023,True
vector_thrust,cruise_2,0.8681150068427337,32.55431275660252,56.384821140956646,341.00656201529387,411.62369703194037,249.76103758093635,2.6162479112256447,2.6061755947017313,281.9241057047832,4.296350062288673,True
vector_thrust,cruise_2,0.8679304244192133,32.547390915720506,56.385653317250565,341.0026241565164,411.61968564465394,249.76472462664438,2.6168127190274353,2.606214067830422,281.92826658625285,4.303062981483592,True
vector_thrust,cruise_3,0.8679304244192133,32.547390915720506,56.385600833516975,340.9806830068194,411.5976020111696,249.7645913506417,2.6166429490520544,2.6166429490520544,281.9280041675849,4.303062981483592,True
vector_thrust,cruise_3,0.867745839318563,32.54046897444612,56.38643510373786,340.9767225871815,411.5935699522458,249.76828767508124,2.617207889798433,2.6166816733613323,281.9321755186893,4.30977590067851,True
vector_thrust,cruise_3,0.8672286276714187,32.52107353767821,56.3887838257281,340.96556515795777,411.5822151866738,249.77869394216512,2.618792194720617,2.616790693960464,281.94391912864046,4.3285850822881615,True
vector_thrust,cruise_3,0.8664811940662934,32.49304477748601,56.39220685635542,340.9492844443455,411.56565814828576,249.79386004998548,2.621085171483979,2.616949580730114,281.9610342817771,4.355765137215279,True
vector_thrust,cruise_3,0.8656515478980797,32.461933046178,56.396046332913386,340.9309958296276,411.5470750654481,249.8108712665918,2.6236351664219075,2.6171277976652974,281.98023166456693,4.3859327222400495,True
vector_thrust,cruise_3,0.864904010223965,32.433900383398694,56.399541822022144,340.9143215599964,411.53014650930413,249.82635840955936,2.625937136089664,2.6172900477393686,281.99770911011075,4.413112777167168,True
vector_thrust,cruise_3,0.8643866688045955,32.41450008017234,56.40198089852571,340.90267337374434,411.5183284679947,249.83716500209738,2.627532655036383,2.6174032623228087,282.0099044926285,4.431921958776819,True
vector_thrust,cruise_3,0.8642020259497583,32.40757597311594,56.402855381998954,340.89849454643206,411.51409023173125,249.84103949580984,2.6281025865893612,2.617443853211209,282.01427690999475,4.4386348779717375,True
vector_thrust,cruise_4,0.8642020259497583,32.40757597311594,56.40280269347608,340.8763159628391,411.4917968552165,249.84090569658062,2.6279301969798334,2.6279301969798334,282.01401346738044,4.4386348779717375,True
vector_thrust,cruise_4,0.8640173802684229,32.40065176006587,56.403679199470396,340.8721145535272,411.4875379277847,249.84478918841288,2.628500260781834,2.6279710451565053,282.018395997352,4.445347797166656,True
vector_thrust,cruise_4,0.8634999980753337,32.381249927825024,56.406146537061574,340.86028182815306,411.4755474356617,249.8557209882386,2.6300989511601536,2.6280860303579447,282.0307326853079,4.464156978776307,True
vector_thrust,cruise_4,0.8627523159334458,32.35321184750422,56.40974105591462,340.84302513020714,411.45807160047815,249.87164688486075,2.632412770019084,2.6282535455393785,282.04870527957314,4.4913370337034255,True
vector_thrust,cruise_4,0.8619223910149442,32.32208966306042,56.41377097861069,340.82365303893886,411.4384685254209,249.88950188983242,2.6349859733081797,2.6284413518819845,282.06885489305347,4.521504618728196,True
vector_thrust,cruise_4,0.8611745995854411,32.29404748445405,56.417438147407914,340.80600239262,411.4206208000054,249.9057496821434,2.637308920942831,2.628612252895689,282.0871907370396,4.5486846736553135,True
vector_thrust,cruise_4,0.8606570811126235,32.274640541723386,56.419996091007995,340.7936784209576,411.40816656767277,249.91708293123233,2.638918995310437,2.628731460706866,282.09998045504,4.567493855264965,True
vector_thrust,cruise_4,0.8604723747809744,32.26771405428654,56.420913009936825,340.78925838622933,411.4037012561907,249.92114544092112,2.639494129226491,2.6287741918675502,282.10456504968414,4.574206774459883,True
vector_thrust,cruise_5,0.8604723747809744,32.26771405428654,56.42085763733062,340.7668413441679,411.3811971490944,249.92100125485314,2.6393189811930466,2.6393189811930466,282.1042881866531,4.574206774459883,True
vector_thrust,cruise_5,0.8602876656646475,32.26078746242429,56.421779021887154,340.762398702149,411.3767111229001,249.9250824893936,2.6398943517455717,2.639362081531695,282.10889510943576,4.580919693654802,True
vector_thrust,cruise_5,0.8597701041814443,32.241378906804165,56.42436528785171,340.7498900034428,411.36408426290694,249.93654122910473,2.641507646984823,2.6394830928475437,282.12182643925854,4.599728875264453,True
vector_thrust,cruise_5,0.8590221614050063,32.21333105268774,56.42813175725767,340.73165632120333,411.3456886834667,249.95322899170512,2.64384262459162,2.639659325850628,282.1406587862883,4.626908930191571,True
vector_thrust,cruise_5,0.858191943693664,32.182197888512405,56.43235267020967,340.711199630489,411.3250645522304,249.9719302171436,2.6464393921532965,2.639856822255586,282.1617633510483,4.657076515216342,True
vector_thrust,cruise_5,0.8574438867484363,32.154145753066366,56.43619204820563,340.69257156704555,411.3062966710688,249.98894100947416,2.6487836383499026,2.6400364666506455,282.1809602410282,4.684256570143459,True
vector_thrust,cruise_5,0.8569261794391875,32.13473172896954,56.43974684148505,340.67957112050647,411.29320559540304,250.00469091920198,2.650449725201415,2.6402027953524674,282.1987342074252,4.703065751753111,True
vector_thrust,cruise_5,0.8567414022090517,32.12780258283944,56.44145461840908,340.6731818345386,411.28678517773835,250.01225741559415,2.6510518735850206,2.6402827021928235,282.2072730920454,4.709778670948029,True
vector_thrust,cruise_6,0.8567414022090517,32.12780258283944,56.441401612833346,340.6424346754705,411.2559787213609,250.0121229521203,2.6508111795446205,2.6508111795446205,282.20700806416676,4.709778670948029,True
vector_thrust,cruise_6,0.8565566190955638,32.12087321608365,56.44311141866765,340.6336338270498,411.24714863524764,250.01969844109658,2.6513948682344597,2.650891500413192,282.21555709333825,4.716491590142947,True
vector_thrust,cruise_6,0.8560388360235092,32.101456350881605,56.44791299322851,340.60891836631146,411.2223546526788,250.0409723626272,2.6530318192668636,2.6511170620714033,282.23956496614255,4.735300771752598,True
vector_thrust,cruise_6,0.8552905334547299,32.07339500455238,56.45487962754535,340.57305754231476,411.1863892175522,250.07183882734984,2.655401174168531,2.651444330880586,282.27439813772673,4.762480826679717,True
vector_thrust,cruise_6,0.8544598629907829,32.04224486215437,56.46265102640704,340.5330529319871,411.14628075917454,250.1062708928061,2.6580363626506363,2.651809404793677,282.3132551320352,4.792648411704487,True
vector_thrust,cruise_6,0.8537113485771862,32.01417557164449,56.46968801541874,340.49682783877387,411.1099731535771,250.13744907199526,2.6604154694564324,2.652139978627364,282.3484400770937,4.819828466631605,True
vector_thrust,cruise_6,0.8531933013382945,31.994748800186052,56.474577321114694,340.47165814110934,411.0847524907932,250.15911169628689,2.662064580980442,2.6523696615962233,282.37288660557346,4.8386376482412565,True
vector_thrust,cruise_6,0.8530084006592648,31.987815024722433,56.47632617107588,340.4626551380093,411.0757325139002,250.1668601747027,2.662653681621928,2.652451816625214,282.3816308553794,4.845350567436174,True
vector_thrust,cruise_7,0.8530084006592648,31.987815024722433,56.47627284320134,340.4316718613605,411.0447177453683,250.166724751834,2.6624099297037445,2.6624099297037445,282.3813642160067,4.845350567436174,True
vector_thrust,cruise_7,0.8528234940424415,31.980881026591565,56.47802373491086,340.4226480446228,411.0356788520277,250.1744822795751,2.6629991731619964,2.662492489520236,282.39011867455434,4.852063486631093,True
vector_thrust,cruise_7,0.8523053641398415,31.961451155244063,56.482940498465396,340.3973076889963,411.0102996595123,250.19626656781222,2.664651711834058,2.6627243297274883,282.41470249232697,4.870872668240745,True
vector_thrust,cruise_7,0.8515565583486919,31.933370938075953,56.49007376588796,340.3605434693991,410.9734881920535,250.22787133218253,2.6670436529537285,2.6630606847665885,282.4503688294398,4.898052723167862,True
vector_thrust,cruise_7,0.8507253265262176,31.902199744733167,56.49803036435789,340.3195356136349,410.9324401801479,250.26312395975668,2.6697039956081032,2.663435862343841,282.4901518217894,4.928220308192633,True
vector_thrust,cruise_7,0.8499763037983017,31.87411139243632,56.505234439850604,340.28240612676893,410.89528558662454,250.2950424474528,2.672105842794788,2.663775556196681,282.52617219925304,4.95540036311975,True
vector_thrust,cruise_7,0.8494579033792862,31.854671376723235,56.51023949990829,340.25661028965885,410.8694785222822,250.31721794353567,2.6737707341988766,2.664011559849947,282.55119749954144,4.974209544729402,True
vector_thrust,cruise_7,0.8492728763710848,31.847732863915688,56.51202968735516,340.24738376435914,410.860249207842,250.32514957557544,2.6743654751642953,2.664095972578788,282.56014843677576,4.98092246392432,True
vector_thrust,cruise_8,0.8492728763710848,31.847732863915688,56.51197613250446,340.2161561955102,410.8290180234483,250.32501357627856,2.6741185717179934,2.6741185717179934,282.5598806625223,4.98092246392432,True
vector_thrust,cruise_8,0.8490878432784379,31.84079412294143,56.5137683748253,340.2069088043869,410.8197697439112,250.33295431588678,2.674713458177097,2.6742033993544974,282.56884187412646,4.987635383119239,True
vector_thrust,cruise_8,0.8485693582112506,31.821350932921906,56.51880107127824,340.18094185051865,410.79380371424156,250.3552522672316,2.6763818322175457,2.6744415991450436,282.5940053563912,5.00644456472889,True
vector_thrust,cruise_8,0.8478200371407949,31.793251392779812,56.526102052320276,340.1432717603779,410.7561438501009,250.38760011923648,2.6787967188573765,2.6747871578671454,282.6305102616014,5.033624619656008,True
vector_thrust,cruise_8,0.8469882305582552,31.76205864593458,56.53424505736667,340.10125789344124,410.71415364245746,250.42367865725782,2.6814826163208303,2.6751725699647415,282.6712252868333,5.063792204680778,True
vector_thrust,cruise_8,0.8462386874241034,31.733950778403884,56.54161731374413,340.06322150414434,410.6761496642233,250.4563423029884,2.683907566518976,2.675521502180585,282.70808656872066,5.090972259607896,True
vector_thrust,cruise_8,0.8457199254473017,31.71449720427382,56.5467388893692,340.03679778204264,410.64975453066756,250.47903404392022,2.6855884896815,2.6757639086623963,282.733694446846,5.109781441217548,True
vector_thrust,cruise_8,0.8455347691180276,31.707553841926043,56.54857068674477,340.02734710969713,410.6403152817106,250.48715003683492,2.686188961050423,2.6758506084574787,282.74285343372384,5.1164943604124655,True
vector_thrust,cruise_9,0.8455347691180276,31.707553841926043,56.54851690240101,339.9958735798479,410.6088660994516,250.4870134547105,2.6859388581193744,2.6859388581193744,282.74258451200507,5.1164943604124655,True
vector_thrust,cruise_9,0.8453496083818481,31.70061031431931,56.55035075910696,339.98640201437354,410.59940786160405,250.49513857503032,2.686539471694243,2.6860259827015747,282.7517537955348,5.123207279607384,True
vector_thrust,cruise_9,0.8448307576562698,31.681153412110124,56.555500165542604,339.9598066711518,410.5728532824149,250.51795363291617,2.688223941119013,2.6862706255262894,282.777500827713,5.142016461217036,True
vector_thrust,cruise_9,0.8440809119063247,31.653034196487184,56.56306592871867,339.9206510702615,410.5337654952925,250.55147464679712,2.6906621292566384,2.6866300668901535,282.8153296435934,5.1691965161441535,True
vector_thrust,cruise_9,0.8432484959334037,31.621818597502646,56.57402648131864,339.86181727349305,410.4750193028906,250.60003667914168,2.6933739946665627,2.687150791090201,282.8701324065932,5.199364101168924,True
vector_thrust,cruise_9,0.8424983633829751,31.59368862686157,56.583934812011336,339.8086493422233,410.4219414228443,250.64393671711716,2.6958225298595635,2.6876215253460214,282.91967406005665,5.2265441560960415,True
vector_thrust,cruise_9,0.841979172536689,31.574218970125845,56.590810037391215,339.7717669147944,410.3851274881804,250.67439822113138,2.69751987482201,2.6879481599933834,282.95405018695607,5.245353337705693,True
vector_thrust,cruise_9,0.8417938588472118,31.56726970677045,56.5932674365541,339.7585860688959,410.37197231061356,250.68528602049287,2.6981262275062035,2.688064908414713,282.96633718277053,5.252066256900611,True
vector_thrust,cruise_10,0.8417938588472118,31.56726970677045,56.59319808544829,339.7268828082355,410.34032145570455,250.68508782967052,2.697872329345508,2.697872329345508,282.9659904272414,5.252066256900611,True
vector_thrust,cruise_10,0.8416085367292636,31.560320127347392,56.59566334207314,339.7136839845053,410.3271502091018,250.69600780879313,2.6984791038015183,2.6979898501353046,282.9783167103657,5.25877917609553,True
vector_thrust,cruise_10,0.8410892292297341,31.540846096115033,56.602564459830056,339.67665219832526,410.2901991223178,250.72658404737658,2.7001801545464885,2.69831891154348,283.0128222991503,5.277588357705182,True
vector_thrust,cruise_10,0.8403386867152439,31.512700751821654,56.61256358722674,339.62301072426493,410.2366831966741,250.77088641051503,2.7026424715377173,2.6987956934720367,283.0628179361337,5.304768412632299,True
vector_thrust,cruise_10,0.839505478893466,31.481455458504986,56.623698894840715,339.56329451042444,410.17711870284387,250.82022275363403,2.7053813086984597,2.699326651081379,283.1184944742036,5.33493599765707,True
vector_thrust,cruise_10,0.8387546321794194,31.453298706728233,56.63377073375672,339.5093309352857,410.1233029755334,250.8648446625476,2.7078544721398914,2.6998068719608206,283.1688536687836,5.362116052584187,True
vector_thrust,cruise_10,0.8382349453447272,31.433810450427274,56.64074909178261,339.4718974948503,410.0859780414316,250.89576591772493,2.7095684713068615,2.700139646436773,283.20374545891303,5.380925234193839,True
vector_thrust,cruise_10,0.8380494544476281,31.426854541786064,56.643244455083945,339.458519921362,410.0726404203244,250.90682241766658,2.7101808252182957,2.7002586364633046,283.21622227541974,5.387638153388757,True
vector_thrust,cruise_11,0.8380494544476281,31.426854541786064,56.64320131734267,339.4265879143507,410.04078900487445,250.90672891127136,2.709924875423556,2.709924875423556,283.2160065867134,5.387638153388757,True
vector_thrust,cruise_11,0.8378639549141136,31.419898309279265,56.64569939517337,339.4131922916202,410.0274352483332,250.91779709756588,2.710537433232687,2.710044417667383,283.22849697586685,5.394351072583675,True
vector_thrust,cruise_11,0.837344149498843,31.40040560620662,56.65271026533284,339.37560886314617,409.98997256584255,250.9488595531464,2.712255474417416,2.710379908554513,283.2635513266642,5.413160254193327,True
vector_thrust,cruise_11,0.8365928855615263,31.37223320855724,56.66286843203516,339.3211696775717,409.9357168225252,250.99386639214282,2.7147424207865236,2.710866006129854,283.3143421601758,5.440340309120445,True
vector_thrust,cruise_11,0.8357588742724739,31.34095778521778,56.67418023059312,339.26056727996365,409.87533043678326,251.04398468253186,2.7175086747281565,2.711407310073468,283.3709011529656,5.470507894145215,True
vector_thrust,cruise_11,0.8350073012911526,31.31277379841823,56.684405409433744,339.2058045714871,409.82077353233444,251.08928866283193,2.720006369555823,2.7118966169314533,283.4220270471687,5.497687949072333,True
vector_thrust,cruise_11,0.8344871105027035,31.29326664385139,56.69150028667089,339.16781771592497,409.7829353074537,251.12072341607472,2.721737833049441,2.7122361288295003,283.4575014333544,5.5164971306819846,True
vector_thrust,cruise_11,0.834301439461991,31.28630397982467,56.6940361686614,339.1542425510574,409.76941441864284,251.1319589521189,2.7223563823228707,2.7123574785388005,283.470180843307,5.523210049876903,True
vector_thrust,cruise_12,0.834301439461991,31.28630397982467,56.693981650852436,339.12207907068387,409.7373598426828,251.1318205073456,2.722096708712414,2.722096708712414,283.4699082542622,5.523210049876903,True
vector_thrust,cruise_12,0.8341157596813035,31.279340988048887,56.69651949044316,339.1084857887224,409.7238227557141,251.14306472139555,2.7227154314584516,2.722218588281461,283.48259745221577,5.529922969071821,True
vector_thrust,cruise_12,0.8335954484696894,31.259829317613356,56.703640814099785,339.0703483094701,409.6858461805876,251.17461663184983,2.724450728202544,2.722560589352563,283.51820407049894,5.548732150681473,True
vector_thrust,cruise_12,0.8328434516711531,31.23162943766825,56.71395868139733,339.01510791811927,409.63084728708947,251.2203312266009,2.7269626732728796,2.7230561042087076,283.56979340698666,5.57591220560859,True
vector_thrust,cruise_12,0.8320086242415027,31.200323409056356,56.72544843964932,338.95361544424674,409.5696352972261,251.27123803002516,2.7297567871590487,2.723607899046065,283.6272421982466,5.606079790633361,True
vector_thrust,cruise_12,0.8312563134775065,31.1721117554065,56.73583446700603,338.8980500761122,409.51433385245355,251.3172546163982,2.73227968025641,2.7241066872842867,283.67917233503016,5.633259845560478,True
vector_thrust,cruise_12,0.8307356107564129,31.152585403365485,56.743040785145226,338.8595073568371,409.4759800014833,251.34918310548218,2.7340286290480984,2.7244527702094774,283.71520392572614,5.65206902717013,True
vector_thrust,cruise_12,0.8305497567372746,31.145615877647803,56.74561645094121,338.84573372588414,409.462275010763,251.36059491324065,2.7346534275559877,2.7245764663793897,283.72808225470607,5.658781946365049,True
vector_thrust,cruise_13,0.8305497567372746,31.145615877647803,56.745561785301064,338.8133369313214,409.43001556206247,251.36045624202202,2.734390460811485,2.734390460811485,283.7278089265053,5.658781946365049,True
vector_thrust,cruise_13,0.8303638938440381,31.138646019151434,56.74813707807495,338.79954511213816,409.41629430727943,251.37186745964962,2.735015334222898,2.734514596187007,283.7406853903747,5.665494865559967,True
vector_thrust,cruise_13,0.8298430688002723,31.119115080010214,56.755369984274445,338.7608511172614,409.3778014886551,251.4039137803679,2.7367681756849005,2.7348632077187744,283.7768499213722,5.6843040471696185,True
vector_thrust,cruise_13,0.8290903275056485,31.090887281461825,56.76584934577931,338.70480594565555,409.3220560357684,251.45034393935464,2.739305545639065,2.7353682918745137,283.8292467288965,5.711484102096736,True
vector_thrust,cruise_13,0.828254670992353,31.05955016221324,56.77751870631836,338.6424194106846,409.26001464116223,251.50204654040164,2.7421279793934796,2.7359307315725303,283.8875935315918,5.741651687121506,True
vector_thrust,cruise_13,0.8275016107622375,31.031310403583912,56.78806686995422,338.5860477771434,409.20396521698615,251.5487815344082,2.7446764785368085,2.7364391318344814,283.9403343497711,5.768831742048624,True
vector_thrust,cruise_13,0.8269803880114656,31.011764550429962,56.7953855669644,338.54694669028146,409.1650933517801,251.58120796223125,2.7464431977665473,2.736791878309576,283.976927834822,5.787640923658276,True
vector_thrust,cruise_13,0.8267943481216091,31.004788054560347,56.798001375672804,338.53297369790226,409.1512034051895,251.59279763896998,2.7470743485107443,2.736917955028214,283.99000687836406,5.794353842853194,True
vector_thrust,cruise_14,0.8267943481216091,31.004788054560347,56.797948844501605,338.50034171005603,409.1187373363851,251.5926678290284,2.7468081343437643,2.7468081343437643,283.989744222508,5.794353842853194,True
vector_thrust,cruise_14,0.8266082991976735,30.997811219912766,56.80056666121792,338.4863504553922,409.1048310570186,251.60426640108773,2.7474394656097956,2.7469347638372,284.0028333060896,5.801066762048112,True
vector_thrust,cruise_14,0.82608695213727,30.978260705147633,56.807912271911874,338.44709742312216,409.065819589597,251.63681207008798,2.7492101464488297,2.7472900870233605,284.0395613595594,5.819875943657764,True
vector_thrust,cruise_14,0.8253334544986136,30.950004543698014,56.818554758170244,338.3902438143991,409.00932408933187,251.68396496853168,2.751773368873956,2.7478048872602696,284.0927737908512,5.847055998584882,True
vector_thrust,cruise_14,0.8244969557222855,30.91863583958572,56.8304055318017,338.3269591417507,408.94644940162675,251.73647133893704,2.754624599062461,2.748378134988746,284.1520276590085,5.877223583609652,True
vector_thrust,cruise_14,0.8237431341254969,30.890367529706147,56.841117470485436,338.26977755387145,408.889648479412,251.783931955244,2.757199135692825,2.7488962947906903,284.2055873524272,5.9044036385367695,True
vector_thrust,cruise_14,0.8232213830949094,30.87080186605911,56.848549687240954,338.230115537661,408.850256156454,251.81686134348587,2.7589839252015267,2.7492558073005826,284.2427484362048,5.923212820146421,True
vector_thrust,cruise_14,0.8230351543869715,30.86381828951144,56.851206047021236,338.2159422677982,408.8361803802157,251.8286306857165,2.7596215354314544,2.749384301208032,284.2560302351062,5.92992573934134,True
vector_thrust,cruise_15,0.8230351543869715,30.86381828951144,56.851150853196266,338.1830731655375,408.80350590512825,251.82849064787698,2.7593518105593398,2.7593518105593398,284.25575426598135,5.92992573934134,True
vector_thrust,cruise_15,0.8228489165087517,30.856834369078197,56.853809144755445,338.1688815593404,408.7894137274978,251.8402685905325,2.7599896004305653,2.7594808646123883,284.26904572377725,5.936638658536258,True
vector_thrust,cruise_15,0.8223270392325247,30.837263971219684,56.86126849429468,338.12906691802687,408.7498811585733,251.8733182077451,2.7617784167433586,2.7598429980662287,284.3063424714734,5.95544784014591,True
vector_thrust,cruise_15,0.8215727733821754,30.808979001831585,56.87207560420466,338.0714011431897,408.6926320543859,251.92120051220328,2.7643679211106553,2.7603676572227864,284.36037802102334,5.982627895073027,True
vector_thrust,cruise_15,0.8207354191435762,30.777578217884113,56.88410946640266,338.0072141761413,408.6289201090643,251.97451810204635,2.76724842689405,2.7609518722482176,284.4205473320133,6.012795480097798,True
vector_thrust,cruise_15,0.8199808242634147,30.749280909878056,56.89498669720399,337.94921887270914,408.5713641014859,252.02271108622273,2.7698494348337976,2.7614799356051525,284.47493348601995,6.039975535024915,True
vector_thrust,cruise_15,0.8194585366926987,30.72969512597621,56.902533486367666,337.9089933153261,408.53144882968735,252.0561481160501,2.771652595955506,2.7618463140421454,284.51266743183834,6.058784716634567,True
vector_thrust,cruise_15,0.8192721162158872,30.72270435809578,56.90523077365988,337.8946188340478,408.51718633303886,252.06809879781466,2.772296773446859,2.761977260843596,284.5261538682994,6.065497635829486,True
vector_thrust,cruise_16,0.8192721162158872,30.72270435809578,56.905175302870866,337.86151066799465,408.4843016404426,252.06795803152815,2.772023585517695,2.772023585517695,284.5258765143543,6.065497635829486,True
vector_thrust,cruise_16,0.8190856864223922,30.715713240839715,56.90787455426012,337.8471177742889,408.47002267184956,252.07991745108114,2.7726679465933244,2.772155104784677,284.5393727713006,6.072210555024403,True
vector_thrust,cruise_16,0.8185632706259273,30.69612264847228,56.91544873857897,337.8067388963569,408.4299664953283,252.11347587269006,2.7744752029982327,2.7725241510407708,284.57724369289485,6.091019736634055,True
vector_thrust,cruise_16,0.8178082245430182,30.667808420363187,56.92642206192,337.74825714532153,408.37196015326316,252.16209462761108,2.77709143122333,2.773058817709204,284.63211030959997,6.118199791561173,True
vector_thrust,cruise_16,0.816970001471299,30.63637505517372,56.938640785680036,337.68316363677246,408.3074068995207,252.2162312931837,2.780001705496919,2.7736541655470672,284.6932039284002,6.148367376585943,True
vector_thrust,cruise_16,0.8162146212350684,30.60804829631507,56.949684913681665,337.6243507748024,408.2490921411813,252.26516375748054,2.7826296310102325,2.774192282117644,284.7484245684083,6.175547431513062,True
vector_thrust,cruise_16,0.8156917887551781,30.58844207831919,56.95734739027783,337.58355900764434,408.20865137524066,252.2991133696556,2.784451473786259,2.7745656303464448,284.7867369513892,6.194356613122713,True
vector_thrust,cruise_16,0.8155051735197387,30.58144400699021,56.9600860038753,337.5689823607163,408.194201248034,252.31124715804157,2.785102329433326,2.774699067169793,284.80043001937645,6.201069532317631,True
vector_thrust,cruise_17,0.8155051735197387,30.58144400699021,56.960030282874605,337.53563314276005,408.1611044912801,252.31110577388333,2.784825622258749,2.784825622258749,284.80015141437303,6.201069532317631,True
vector_thrust,cruise_17,0.8153185488196434,30.574445580736636,56.962770867807805,337.5210380057602,408.1466378201301,252.32324833783701,2.785476664395498,2.78495964300712,284.81385433903904,6.207782451512549,True
vector_thrust,cruise_17,0.8147955861133424,30.554834479250346,56.970461007999944,337.4800922080408,408.1060554768911,252.35732053147782,2.7873026725172676,2.7853357069840365,284.85230503999975,6.226591633122201,True
vector_thrust,cruise_17,0.814039747653419,30.52649053700322,56.98160217104226,337.42079059016083,408.04728818614694,252.40668294296424,2.789946076690934,2.785880533212998,284.90801085521133,6.253771688049318,True
vector_thrust,cruise_17,0.8132006422398734,30.49502408399526,56.99400757005108,337.3547862032756,407.9818894875815,252.46164672081895,2.7928866237140695,2.7864871832310243,284.9700378502554,6.283939273074089,True
vector_thrust,cruise_17,0.8124444644500509,30.466667416876913,57.00522023717036,337.2951518586477,407.92281223568637,252.5113259406704,2.7955419233679226,2.7870355061592273,285.0261011858518,6.311119328001207,True
vector_thrust,cruise_17,0.8119210786052127,30.447040447695482,57.01299954180793,337.253791156805,407.8818433765874,252.54579318929805,2.797382765004991,2.7874159304644226,285.06499770903963,6.329928509610858,True
vector_thrust,cruise_17,0.8117342655903693,30.440034959638854,57.01577988963288,337.2390113698654,407.86720468947345,252.55811189185317,2.7980404122656406,2.7875518953019722,285.0788994481644,6.336641428805777,True
vector_thrust,cruise_18,0.8117342655903693,30.440034959638854,57.015723863124165,337.2054190747637,407.83389398813915,252.55796967383935,2.7977601246995696,2.7977601246995696,285.0786193156208,6.336641428805777,True
vector_thrust,cruise_18,0.8115474429613683,30.433029111051315,57.018506240152966,337.1906207185343,407.81923868361594,252.57029739159117,2.798417963646256,2.7978966873952515,285.0925312007648,6.343354348000695,True
vector_thrust,cruise_18,0.8110239248683973,30.413397182564907,57.0263134861778,337.14910526129455,407.77812756057716,252.60488845131718,2.800263042459905,2.7982798766000805,285.131567430889,6.3621635296103465,True
vector_thrust,cruise_18,0.8102672817605594,30.385023066020985,57.03762415321793,337.0889798039583,407.7185955321578,252.6550018936589,2.802934085179009,2.7988350180231607,285.18812076608964,6.389343584537464,True
vector_thrust,cruise_18,0.8094272803552909,30.353523013323414,57.05021808286351,337.0220601105912,407.6523471652537,252.7108010051324,2.8059054209148355,2.7994531435540075,285.25109041431756,6.419511169562234,True
vector_thrust,cruise_18,0.8086702926867767,30.325135975754133,57.0616009461309,336.96160027663876,407.5925035982529,252.76123433320797,2.808588560886023,2.800011828573641,285.3080047306545,6.446691224489353,True
vector_thrust,cruise_18,0.808146344932578,30.30548793497168,57.06949826793146,336.91966785791266,407.55100399232003,252.7962244766157,2.8104487269485463,2.800399438705723,285.34749133965727,6.465500406099004,True
vector_thrust,cruise_18,0.8079593310857854,30.29847491571696,57.07232077501241,336.9046839361162,407.53617579640604,252.80872997293875,2.8111132822610068,2.800537970778171,285.36160387506203,6.4722133252939225,True
vector_thrust,cruise_19,0.8079593310857854,30.29847491571696,57.07226462230865,336.87084650067646,407.50264923553897,252.80858763944883,2.8108293621262073,2.8108293621262073,285.36132311154324,6.4722133252939225,True
vector_thrust,cruise_19,0.8077723074733506,30.291461530250654,57.07508899501996,336.8558439287449,407.48780434723056,252.82110150813773,2.8114941045835335,2.8109684964407213,285.3754449750998,6.47892624448884,True
vector_thrust,cruise_19,0.8072482254283844,30.271808453564418,57.08301451287103,336.81375601474286,407.4461617764415,252.85621660377788,2.813358580034482,2.8113589204480736,285.4150725643551,6.497735426098492,True
vector_thrust,cruise_19,0.8064907652721417,30.243403697705318,57.09449638281422,336.7528026619169,407.38586114175416,252.90708860600174,2.816057734520099,2.8119245361927603,285.4724819140711,6.52491548102561,True
vector_thrust,cruise_19,0.8056498540820846,30.211869528078175,57.10728072732802,336.68496314108495,407.3187587944149,252.96373140581184,2.81906038635719,2.8125543140272318,285.5364036366401,6.55508306605038,True
vector_thrust,cruise_19,0.804892044078361,30.183451652938547,57.118835591331646,336.6236737270779,407.25814501054293,253.01492679772596,2.8217718485535204,2.8131235253508713,285.59417795665826,6.582263120977498,True
vector_thrust,cruise_19,0.804367525780619,30.16378221677322,57.12685172102183,336.5811667510258,407.2161119485243,253.05044352821946,2.8236516534133758,2.8135184148989283,285.63425860510915,6.601072302587149,True
vector_thrust,cruise_19,0.8041803080184782,30.156761550692934,57.12971661551891,336.56597767878907,407.2010932751313,253.06313692229782,2.824323226800769,2.81365954525021,285.64858307759454,6.607785221782068,True
vector_thrust,cruise_20,0.8041803080184782,30.156761550692934,57.129660751013645,336.53189300105396,407.1673489044991,253.06299612011372,2.82403563093675,2.82403563093675,285.64830375506824,6.607785221782068,True
vector_thrust,cruise_20,0.8039930803365841,30.149740512621914,57.13252773044397,336.5166851961355,407.1523134621361,253.07569876658343,2.8247074039318236,2.8241773850722325,285.6626386522198,6.614498140976987,True
vector_thrust,cruise_20,0.8034684256808854,30.130065963033207,57.140572725132884,336.4740219694006,407.11013671959887,253.11134323526372,2.8265916101523523,2.824575156580285,285.7028636256644,6.633307322586638,True
vector_thrust,cruise_20,0.8027101359441005,30.101630097903772,57.15222744668946,336.41223658018873,407.04906352906863,253.1629811443912,2.829319356762134,2.825151405567766,285.7611372334473,6.660487377513756,True
vector_thrust,cruise_20,0.8018683010266668,30.070061288500014,57.165204210389696,336.3434726162003,406.9811027988112,253.22047648469837,2.8323538678973152,2.825793020075338,285.8260210519485,6.6906549625385265,True
vector_thrust,cruise_20,0.8011096560985987,30.041612103697457,57.176932796557956,336.28134944593336,406.91971481473024,253.27244158994617,2.835094140132739,2.826372920380934,285.8846639827898,6.717835017465644,True
vector_thrust,cruise_20,0.8005845585260747,30.021920944727807,57.18506969273569,336.2382650124586,406.87714553043133,253.30849324150324,2.836993956424375,2.826775235812713,285.92534846367846,6.736644199075296,True
vector_thrust,cruise_20,0.8003971337271037,30.014892514766398,57.18797778535639,336.22286975265064,406.86193539030495,253.32137795080627,2.83767268606455,2.826919021663366,285.9398889267819,6.743357118270214,True
vector_thrust,cruise_21,0.8003971337271037,30.014892514766398,57.18792113703829,336.18853569087963,406.8279712234455,253.32123442845048,2.837381303964654,2.837381303964654,285.93960568519145,6.743357118270214,True
vector_thrust,cruise_21,0.800209698855226,30.00786370707098,57.19083113258606,336.1731216143587,406.81274423639786,253.33412767904085,2.8380602279677047,2.8375257177097355,285.9541556629303,6.750070037465132,True
vector_thrust,cruise_21,0.7996844628385094,29.98816735644411,57.19899682779221,336.1298801593988,406.7700305413116,253.37030694431186,2.8399645065619725,2.837930951685098,285.99498413896106,6.768879219074783,True
vector_thrust,cruise_21,0.7989253308507083,29.95969990690157,57.21082636897726,336.06725850627106,406.70818076267165,253.42271939609742,2.8427213495229715,2.838518009106979,286.0541318448863,6.796059274001902,True
vector_thrust,cruise_21,0.7980825581102673,29.92809592913503,57.22399745006314,335.99756538698165,406.6393571549472,253.48107572970642,2.845788269274503,2.8391716423103843,286.11998725031566,6.826226859026672,True
vector_thrust,cruise_21,0.7973230655299569,29.89961495737339,57.23590145711932,335.93460419702905,406.5771909040634,253.53381811301023,2.8485578479783102,2.8397623952042363,286.17950728559657,6.85340691395379,True
vector_thrust,cruise_21,0.7967973798605642,29.879901744771168,57.24416001101152,335.8909393458712,406.5340825738713,253.57040880158848,2.850478007933436,2.84017223741863,286.2208000550576,6.8722160955634415,True
vector_thrust,cruise_21,0.7966097448740028,29.87286543277511,57.247111565247295,335.875336840065,406.51867995743936,253.58348607919612,2.851164010215127,2.840318712399594,286.23555782623646,6.878929014758359,True
vector_thrust,cruise_22,0.7966097448740028,29.87286543277511,57.24705727709636,335.84075121198407,406.48449397097784,253.5833523509838,2.8508689178163036,2.8508689178163036,286.2352863854818,6.878929014758359,True
vector_thrust,cruise_22,0.7964220996582385,29.86582873718395,57.25000811638337,335.825129803646,406.46907442799994,253.59642775968058,2.851555000183323,2.8510159159370234,286.25004058191683,6.885641933953278,True
vector_thrust,cruise_22,0.7958962734337516,29.84611025376569,57.25829577076132,335.78130714416596,406.4258209415218,253.63314739769922,2.853479701179588,2.8514287303971617,286.2914788538066,6.904451115562929,True
vector_thrust,cruise_22,0.7951362863883084,29.817610739561573,57.270301858453706,335.71784491171644,406.36319045862626,253.6863420863284,2.8562661439456067,2.852026762890225,286.35150929226853,6.931631170490047,True
vector_thrust,cruise_22,0.7942925615779836,29.78597105917439,57.28366932465174,335.6472178271403,406.2934993854934,253.74556855713573,2.8593660402397916,2.8526926066972855,286.4183466232587,6.961798755514818,True
vector_thrust,cruise_22,0.7935322084789732,29.7574578179615,57.29575060466542,335.5834142654729,406.2305507166311,253.79909642333268,2.8621654388710978,2.8532943848840757,286.4787530233271,6.988978810441935,True
vector_thrust,cruise_22,0.7930059257923672,29.737722217213776,57.30413205444015,335.5391659747318,406.1869004580842,253.83623165394613,2.864106297086595,2.8537118715752574,286.52066027220076,7.007787992051587,True
vector_thrust,cruise_22,0.7928180774313721,29.73067790367646,57.3071275126509,335.5233551424033,406.17130433467565,253.84950346687432,2.864799698829151,2.8538610777380806,286.5356375632545,7.014500911246505,True
vector_thrust,cruise_23,0.7928180774313721,29.73067790367646,57.30706910558066,335.48851572435467,406.1368944675444,253.84935374730662,2.8645005398864223,2.8645005398864223,286.5353455279033,7.014500911246505,True
vector_thrust,cruise_23,0.7926302186824907,29.723633200593408,57.31006786661084,335.4726859019033,406.1212813363085,253.86263969368804,2.865194204673755,2.8646504618776376,286.5503393330542,7.0212138304414236,True
vector_thrust,cruise_23,0.7921037933052927,29.703892248948485,57.318478764688635,335.428278999705,406.0774851604964,253.89990539616448,2.8671396863230343,2.8650709775231857,286.59239382344316,7.040023012051075,True
vector_thrust,cruise_23,0.7913429382517835,29.67536018444189,57.33066326385486,335.3639717827142,406.01406977144745,253.95389058496755,2.869956248783752,2.865680160096194,286.6533163192743,7.067203066978193,True
vector_thrust,cruise_23,0.7904982469641209,29.643684261154537,57.344229202790615,335.2924058227803,405.94350654940166,254.0139964395999,2.873089701960532,2.866358409815971,286.7211460139531,7.097370652002963,True
vector_thrust,cruise_23,0.7897370203339936,29.615138262524766,57.35648977572953,335.22775544680945,405.87977122491293,254.06831867385523,2.8759194518756286,2.8669713956954115,286.78244887864764,7.124550706930081,True
vector_thrust,cruise_23,0.7892101316070169,29.595379935263143,57.364995523791166,335.1829206316256,405.8355760954275,254.10600461557132,2.877881377545601,2.8673966534272055,286.8249776189558,7.143359888539733,True
vector_thrust,cruise_23,0.7890220666476514,29.588327499286933,57.36803538869076,335.16690036971926,405.8197854128541,254.1194731747185,2.878582310865967,2.8675486360672204,286.8401769434538,7.1500728077346505,True
vector_thrust,cruise_24,0.7890220666476514,29.588327499286933,57.367979102412214,335.13180489546795,405.78514956517614,254.11933230502598,2.87827929768139,2.87827929768139,286.8398955120611,7.1500728077346505,True
vector_thrust,cruise_24,0.7888339910255444,29.58127466345792,57.37101965117464,335.11576554601703,405.7693417839095,254.13280458454602,2.878980379567971,2.878431891279379,286.8550982558732,7.156785726929569,True
vector_thrust,cruise_24,0.7883069575702181,29.561510908883186,57.379555102934475,335.0707713083217,405.72499996895124,254.17062215690618,2.8809470081733397,2.878860231518689,286.89777551467233,7.175594908539221,True
vector_thrust,cruise_24,0.7875452212854798,29.532945798205496,57.39191991867786,335.0056146011461,405.6607953756976,254.2254062885663,2.8837942229962783,2.8794807432702685,286.95959959338927,7.2027749634663385,True
vector_thrust,cruise_24,0.7866995491023292,29.501233091337348,57.40568643598326,334.9331047647398,405.589355234606,254.28640086481127,2.8869618255418352,2.8801715975413087,287.0284321799163,7.232942548491109,True
vector_thrust,cruise_24,0.785937435570068,29.47265383387756,57.41812812514741,334.8676030246218,405.5248289139868,254.34152559428637,2.8898224606935146,2.8807959670695897,287.0906406257371,7.2601226034182265,True
vector_thrust,cruise_24,0.7854099325378662,29.452872470169986,57.42654581137865,334.8221785979586,405.4800859706576,254.37882139559463,2.891795061928723,2.8812183974758967,287.13272905689325,7.278931785027878,True
vector_thrust,cruise_24,0.7852216487186986,29.445811826951203,57.42949509963276,334.8065706763691,405.4647225495155,254.39188865486486,2.892502212163959,2.8813664036173177,287.14747549816383,7.285644704222796,True
vector_thrust,cruise_25,0.7852216487186986,29.445811826951203,57.42943851542269,334.7726295443993,405.4312712895674,254.39174701238284,2.8922073734024383,2.8922073734024383,287.14719257711346,7.285644704222796,True
vector_thrust,cruise_25,0.7850333546850192,29.438750800688222,57.43238612197814,334.75711307078484,405.4160013110558,254.40480745252995,2.8929155136619062,2.8923558589635343,287.1619306098907,7.292357623417715,True
vector_thrust,cruise_25,0.7845057106216938,29.418964148313524,57.4406475563766,334.7136538989256,405.37323639620246,254.4414109665155,2.8949018714067383,2.8927720082855335,287.203237781883,7.311166805027367,True
vector_thrust,cruise_25,0.7837430973224502,29.390366149591888,57.45258174174077,334.6508979309703,405.31149301826423,254.49428714995537,2.897777498910723,2.893373163352151,287.2629087087039,7.338346859954484,True
vector_thrust,cruise_25,0.7828964590561844,29.358617214606923,57.46582222146426,334.5813055188671,405.24303745765485,254.5529510648297,2.900976502686805,2.8940401197654184,287.3291111073213,7.368514444979255,True
vector_thrust,cruise_25,0.7821334829816069,29.330005611810265,57.4777465334888,334.51866036162835,405.1814282533116,254.60578350273852,2.903865302479296,2.894640777484347,287.388732667444,7.395694499906372,True
vector_thrust,cruise_25,0.7816053865451373,29.310201995442657,57.48599565583573,334.47533936849055,405.13883065020985,254.64233246615635,2.905868085878244,2.8950563066150234,287.42997827917867,7.414503681516024,True
vector_thrust,cruise_25,0.7814168911865761,29.30313341949661,57.48893918577882,334.4598843901989,405.1236351324384,254.65537421333335,2.90658359976158,2.895204579653714,287.44469592889413,7.421216600710942,True
vector_thrust,cruise_26,0.7814168911865761,29.30313341949661,57.4888814507778,334.4259529916565,405.0902239910467,254.6552284038807,2.906287058933193,2.906287058933193,287.444407253889,7.421216600710942,True
vector_thrust,cruise_26,0.7812283856257672,29.296064460966278,57.491824120642804,334.41050516660084,405.0750376273351,254.66826659923808,2.9070028773600267,2.9064358590920447,287.45912060321405,7.42792951990586,True
vector_thrust,cruise_26,0.7807001489756221,29.276255586585837,57.50006934140196,334.3672384468175,405.032507110213,254.7047982924067,2.909010674958298,2.906852781955802,287.50034670700984,7.446738701515512,True
vector_thrust,cruise_26,0.7799366796222489,29.247625485834337,57.51198000882182,334.30476084864637,404.9711027443887,254.7575702992828,2.911917367600771,2.9074550495849385,287.5599000441091,7.47391875644263,True
vector_thrust,cruise_26,0.7790890915671027,29.21584093376636,57.525194263046224,334.23547777537175,404.9030238707795,254.8161180436621,2.9151509673218032,2.908123233595476,287.6259713152311,7.5040863414674,True
vector_thrust,cruise_26,0.7783252600877932,29.18719725329225,57.53709483592941,334.1731116577504,404.84175442092135,254.8688453246078,2.91807104216336,2.9087249907839134,287.6854741796471,7.531266396394518,True
vector_thrust,cruise_26,0.7777965718742924,29.167371445285973,57.54532746880303,334.1299839519561,404.7993921412716,254.9053212446631,2.920095527172124,2.9091412771295104,287.72663734401516,7.5500755780041695,True
vector_thrust,cruise_26,0.7776078653489918,29.160294950587197,57.548265101487544,334.114597993952,404.7842806502843,254.91833686877266,2.9208187979073137,2.9092898196909593,287.74132550743775,7.556788497199087,True
vector_thrust,cruise_27,0.7776078653489918,29.160294950587197,57.54820673497612,334.08067789379186,404.75091132806205,254.91818896165833,2.9205205749831973,2.9205205749831973,287.7410336748806,7.556788497199087,True
vector_thrust,cruise_27,0.7774191486406209,29.15321807402329,57.551143884548715,334.06529912367154,404.73580903189935,254.93120253265155,2.9212441732431538,2.9206696675292982,287.7557194227436,7.563501416394006,True
vector_thrust,cruise_27,0.7768903204694718,29.1333870176052,57.55937253036947,334.0222259947483,404.69351418120306,254.96766080320566,2.923273753466971,2.921087358905952,287.7968626518474,7.582310598003658,True
vector_thrust,cruise_27,0.7761259966080897,29.10472487280337,57.571259156841094,333.9600284123219,404.6324506611229,255.02032631502826,2.9262120083282266,2.9216907317429257,287.8562957842055,7.609490652930775,True
vector_thrust,cruise_27,0.7752774604884112,29.072904768315425,57.584446603497426,333.8910565052621,404.56475051011864,255.0787553090888,2.929480758146267,2.9223601350523736,287.92223301748714,7.639658237955546,True
vector_thrust,cruise_27,0.7745127751654344,29.044229068703796,57.596322911522314,333.8289710741303,404.5038226491445,255.13137510341735,2.9324326095222757,2.9229629841178477,287.9816145576116,7.666838292882663,True
vector_thrust,cruise_27,0.7739834962593528,29.024381109725738,57.60453869041287,333.78603779560063,404.46169696260023,255.1677763650273,2.9344791444133977,2.9233800223602744,288.0226934520644,7.685647474492315,True
vector_thrust,cruise_27,0.7737945789551738,29.017296710819025,57.60747029568891,333.7707212647666,404.4466699515728,255.18076528938755,2.9352102965462628,2.9235288325373574,288.0373514784446,7.692360393687234,True
vector_thrust,cruise_28,0.7737945789551738,29.017296710819025,57.6074114386755,333.7368129901822,404.41334312631125,255.18061584869565,2.9349103853103866,2.9349103853103866,288.03705719337745,7.692360393687234,True
vector_thrust,cruise_28,0.7736056514876899,29.01021193078838,57.610342728786414,333.72150368194946,404.39832535093853,255.1936033857373,2.9356418786282505,2.9350597589499805,288.05171364393203,7.699073312882152,True
vector_thrust,cruise_28,0.7730762328862684,28.990358733235073,57.618554433431626,333.6786252842786,404.35626743673635,255.22998661169717,2.9376935914311915,2.935478213570311,288.09277216715816,7.717882494491803,True
vector_thrust,cruise_28,0.7723110560990756,28.96166460371534,57.63041648933156,333.6167093658673,404.29554659799845,255.28254328279098,2.9406639160384707,2.936082683934557,288.1520824466578,7.745062549418921,True
vector_thrust,cruise_28,0.7714615736793445,28.929809012975426,57.6435765401882,333.54805045495374,404.2282272073667,255.34085092105335,2.943968381817767,2.936753297932842,288.217882700941,7.775230134443691,True
vector_thrust,cruise_28,0.7706960361099874,28.901101354124535,57.65542805312387,333.48624735946044,404.1676427716044,255.3933608799167,2.9469525218702106,2.937357231045425,288.2771402656193,7.802410189370809,True
vector_thrust,cruise_28,0.7701661676208706,28.881231285782654,57.663626610880236,333.4435096496832,404.1257549491435,255.42968585655674,2.949021462345118,2.9377750157224956,288.3181330544012,7.821219370980461,True
vector_thrust,cruise_28,0.7699770399346353,28.87413899754883,57.666552057630604,333.4282629534591,404.1108128717217,255.44264750030257,2.9497606230782853,2.937924091555367,288.332760288153,7.827932290175379,True
vector_thrust,cruise_29,0.7699770399346353,28.87413899754883,57.66649217498447,333.3943670337549,404.0775292232861,255.44249439962454,2.94945898615768,2.94945898615768,288.3324608749224,7.827932290175379,True
vector_thrust,cruise_29,0.769787902105148,28.867046328943054,57.66941802783677,333.37912759489745,404.0625964223931,255.45545752453677,2.9501985273601647,2.949608664484894,288.3470901391839,7.834645209370297,True
vector_thrust,cruise_29,0.7692578941884578,28.847171032067173,57.67761242338296,333.3364450703678,404.02077671600534,255.49176407573364,2.9522727302129943,2.9500278769731514,288.3880621169148,7.853454390979949,True
vector_thrust,cruise_29,0.7684918660927446,28.818444978477924,57.689449377565104,333.2748124663938,403.9604003960048,255.54420955241272,2.955275643049334,2.9506334370732357,288.44724688782554,7.8806344459070665,True
vector_thrust,cruise_29,0.767641439176393,28.786553969114745,57.70258144389167,333.20646838392963,403.89346380548676,255.6023932255551,2.9586164029409456,2.951305253084118,288.5129072194583,7.910802030931837,True
vector_thrust,cruise_29,0.7668750509930361,28.757814412238858,57.714407630679545,333.1449492753445,403.8332246330233,255.65479099521497,2.961633354927441,2.9519102623365576,288.5720381533977,7.9379820858589545,True
vector_thrust,cruise_29,0.7663445940547179,28.737922277051926,57.722588599437806,333.1024082772663,403.79157594683033,255.69103805644036,2.9637250644082305,2.9523287879256706,288.612942997189,7.956791267468606,True
vector_thrust,cruise_29,0.7661552563919175,28.730822114696913,57.72550775630689,333.08723182361086,403.77671925708887,255.70397183737492,2.9644723637074475,2.9524781274335394,288.62753878153444,7.963504186663525,True
vector_thrust,cruise_30,0.7661552563919175,28.730822114696913,57.72544828594169,333.0533487900847,403.74347946729415,255.70382080317293,2.9641690542976957,2.9641690542976957,288.6272414297084,7.963504186663525,True
vector_thrust,cruise_30,0.7659659086063035,28.72372157273639,57.728367121835646,333.0381796286154,403.72863209500497,255.71675316785445,2.964916706907386,2.964318968816249,288.64183560917826,7.970217105858443,True
vector_thrust,cruise_30,0.7654353125139179,28.70382421927193,57.73654383977131,332.99569412058065,403.687051868962,255.7529814116072,2.967013765064309,2.964738933753363,288.68271919885655,7.989026287468095,True
vector_thrust,cruise_30,0.7646684347624961,28.675066303593614,57.74835515710632,332.93434648356873,403.6270219068248,255.80531332360863,2.9700497957609593,2.9653455755846023,288.74177578553156,8.016206342395213,True
vector_thrust,cruise_30,0.7638170651924797,28.643139944717998,57.76145864120409,332.8663190641761,403.5604701580652,255.86337038508813,2.973427440141522,2.966018584476219,288.80729320602046,8.046373927419983,True
vector_thrust,cruise_30,0.7630498280632289,28.61436855237109,57.77325896261404,332.8050855958479,403.5005780886888,255.91565357790557,2.9764777383932426,2.9666246615450818,288.8662948130702,8.0735539823471,True
vector_thrust,cruise_30,0.7625187838343288,28.594454393787338,57.78142196883424,332.762742453848,403.45916981211786,255.95182106973513,2.978592587999393,2.9670439222339366,288.90710984417115,8.092363163956753,True
vector_thrust,cruise_30,0.7623292366093134,28.587346372849257,57.784334702450856,332.74763665123,403.4443989645469,255.96472639730166,2.9793481585850285,2.967193523332927,288.9216735122543,8.09907608315167,True
vector_thrust,cruise_31,0.7623292366093134,28.587346372849257,57.78427494271809,332.7137670371665,403.4112037171432,255.9645746404712,2.979043131389781,2.979043131389781,288.92137471359047,8.09907608315167,True
vector_thrust,cruise_31,0.7621396792822105,28.5802379730829,57.78718734918322,332.6986685616006,403.3964422279899,255.97747852425297,2.979799061399776,2.9791933132124115,288.93593674591614,8.105789002346588,True
vector_thrust,cruise_31,0.7616084961782711,28.560318606685176,57.79534601717443,332.65638121481896,403.3551027559606,256.0136268108343,2.9819193479388795,2.979614024965211,288.97673008587213,8.124598183956241,True
vector_thrust,cruise_31,0.7608407704595003,28.531528892231265,57.80713116013074,332.595320199313,403.2954209924454,256.065842776166,2.984989037633923,2.980221740361331,289.03565580065367,8.151778238883358,True
vector_thrust,cruise_31,0.7599884601182204,28.49956725443327,57.820205466108504,332.52761127983547,403.2292561288775,256.1237705849561,2.9884041699388137,2.9808959330348097,289.10102733054254,8.181945823908128,True
vector_thrust,cruise_31,0.7592203757466858,28.470764090500722,57.83197938466753,332.46666510709355,403.16971300396443,256.17593681878634,2.991488360624799,2.9815030696309606,289.1598969233376,8.209125878835247,True
vector_thrust,cruise_31,0.758688745410375,28.450827952889068,57.84012405600856,332.42452096691045,403.12854641145515,256.2120230909717,2.9936267297040287,2.981923059629351,289.2006202800428,8.227935060444898,True
vector_thrust,cruise_31,0.7584989890462529,28.44371208923449,57.84303023338612,332.4094862242817,403.1138618609301,256.2248993757745,2.9943907072384417,2.9820729202413263,289.21515116693064,8.234647979639815,True
vector_thrust,cruise_32,0.7584989890462529,28.44371208923449,57.8429701735179,332.3756305649036,403.08071184154613,256.224746856734,2.994083948524869,2.994083948524869,289.21485086758946,8.234647979639815,True
vector_thrust,cruise_32,0.7583092226011596,28.43659584754349,57.845876017165736,332.3606031842456,403.0660366904516,256.23762166860683,2.994848291717434,2.99423439561494,289.22938008582867,8.241360898834735,True
vector_thrust,cruise_32,0.757777453674644,28.416654512799155,57.85401626122595,332.3185151448409,403.0249392471936,256.273688341001,2.9969921878669497,2.9946558484457726,289.2700813061298,8.260170080444386,True
vector_thrust,cruise_32,0.7570088817128015,28.387833064230062,57.86577468882697,332.257742407345,402.9656075246164,256.32578596276994,3.000096089478965,2.9952646290378437,289.32887344413484,8.287350135371504,True
vector_thrust,cruise_32,0.7561556325225883,28.35583621959707,57.87881921553058,332.19035382678464,402.8998315913817,256.3835818553345,3.0035493262244617,2.9959399960987585,289.3940960776529,8.317517720396275,True
vector_thrust,cruise_32,0.7553867026484218,28.32700134931582,57.890566188873784,332.12969660688924,402.84063925382947,256.43562872715813,3.0066679673598777,2.996548183658351,289.4528309443689,8.344697775323391,True
vector_thrust,cruise_32,0.7548544874128497,28.30704327798187,57.89869214969491,332.0877526155895,402.79971562086456,256.4716321153452,3.0088302434993643,2.9969688969890727,289.49346074847455,8.363506956933044,True
vector_thrust,cruise_32,0.7546645223416515,28.299919587811935,57.90159163669896,332.072789342374,402.7851178226311,256.48447876307154,3.009602766594407,2.9971190149703437,289.5079581834948,8.370219876127962,True
vector_thrust,cruise_33,0.7546645223416515,28.299919587811935,57.901531274332605,332.03894817483695,402.75201371876085,256.48432547582587,3.0092942628361117,3.0092942628361117,289.507656371663,8.370219876127962,True
vector_thrust,cruise_33,0.7544745472109597,28.292795520410998,57.904430420966364,332.0239922985613,402.7374253610154,256.4971706212132,3.0100671579625984,3.0094449731075783,289.5221521048318,8.37693279532288,True
vector_thrust,cruise_33,0.7539421936757791,28.27283226284172,57.91255186491436,331.98210471396925,402.69657122231035,256.5331540126797,3.012235053294314,3.009867161143033,289.5627593245718,8.395741976932532,True
vector_thrust,cruise_33,0.7531727772312055,28.24397914617021,57.92428303304256,331.92162191287014,402.63759138445135,256.58513088006976,3.015373731855593,3.010476998366212,289.6214151652128,8.422922031859649,True
vector_thrust,cruise_33,0.7523185911544636,28.211947168292394,57.93729717580395,331.854555512301,402.5722064282949,256.6427921773203,3.018865703079207,3.011153530199812,289.68648587901976,8.45308961688442,True
vector_thrust,cruise_33,0.7515488175534636,28.183080658254895,57.94901665852633,331.7941889043623,402.51336672242616,256.6947172706018,3.0220193649372207,3.011762759964708,289.7450832926317,8.480269671811538,True
vector_thrust,cruise_33,0.7510160186518172,28.163100699443152,57.95712353099291,331.75244621028406,402.472687325464,256.7306361007268,3.0242059442418716,3.0121841905110873,289.78561765496454,8.499078853421189,True
vector_thrust,cruise_33,0.7508258453145137,28.155969199294272,57.960016192699726,331.73755481635794,402.45817673511357,256.74345251357727,3.0249871545568623,3.0123345636677685,289.8000809634986,8.505791772616107,True
vector_thrust,cruise_34,0.7508258453145137,28.155969199294272,57.95995548023895,331.70372867972304,402.42511923608095,256.74329827213296,3.0246768899197187,3.0246768899197187,289.7997774011948,8.505791772616107,True
vector_thrust,cruise_34,0.7506356619409893,28.148837322787106,57.96284784009731,331.68884471784946,402.4106181274112,256.756113332956,3.0254584808983194,3.0248278633572934,289.81423920048655,8.512504691811026,True
vector_thrust,cruise_34,0.7501027250338945,28.128852188771052,57.97095020817965,331.64715873661976,402.3700085698601,256.792012175512,3.0276507783799778,3.025250785397264,289.85475104089824,8.531313873420677,True
vector_thrust,cruise_34,0.7493324659064633,28.09996747149238,57.982653092536324,331.58696753232505,402.31138246207945,256.8438639650927,3.0308247889564885,3.0258616481177367,289.91326546268164,8.558493928347794,True
vector_thrust,cruise_34,0.748477344948949,28.067900435585592,57.995636617652956,331.52022515500784,402.2463905314411,256.90138946284776,3.0343561561654355,3.0265393524426867,289.97818308826476,8.588661513372566,True
vector_thrust,cruise_34,0.7477067294328462,28.039002353731735,58.00732806120402,331.4601508198831,402.18790530288504,256.9531903471308,3.037545421610723,3.0271496154510023,290.0366403060201,8.615841568299684,True
vector_thrust,cruise_34,0.7471733481235916,28.01900055463469,58.0154154653583,331.41861057258944,402.1474714193015,256.989022935717,3.039756708940652,3.027571756957059,290.07707732679154,8.634650749909333,True
vector_thrust,cruise_34,0.7469829669701314,28.011861261379934,58.01830116610101,331.4037914682611,402.1330484927479,257.0018085125877,3.0405467512684594,3.0277223830460174,290.09150583050507,8.641363669104251,True
vector_thrust,cruise_35,0.7469829669701314,28.011861261379934,58.01824019239406,331.3699809035523,402.10003828975385,257.00165367457106,3.0402347161321277,3.0402347161321277,290.09120096197034,8.641363669104251,True
vector_thrust,cruise_35,0.7467925758011961,28.004721592544858,58.02112555003051,331.3551692662491,402.0856248859329,257.014437731626,3.0410251441708334,3.0403859468091126,290.10562775015256,8.64807658829917,True
vector_thrust,cruise_35,0.7462590567907085,27.98471462965157,58.02920825734337,331.31368603856737,402.0452611874499,257.0502495258223,3.0432422411517748,3.04080958711806,290.14604128671687,8.666885769908822,True
vector_thrust,cruise_35,0.7454879568067408,27.955798380252787,58.04088326285118,331.25378809256165,401.98699065575295,257.10197760133406,3.046452218896019,3.041421511161041,290.2044163142559,8.69406582483594,True
vector_thrust,cruise_35,0.7446319030053145,27.9236963626993,58.05383481133595,331.18737158304674,401.92239379987615,257.1593616151662,3.0500236052225933,3.0421003428670206,290.2691740566798,8.72423340986071,True
vector_thrust,cruise_35,0.7438604474233963,27.89476677837737,58.06549766543012,331.1275911833574,401.86426489556686,257.2110358517128,3.0532490701221104,3.042711630014914,290.3274883271506,8.751413464787827,True
vector_thrust,cruise_35,0.743326484989834,27.87474318711878,58.07356522016653,331.08625453354597,401.82407780355504,257.24678050976695,3.0554854793837283,3.0431344761280763,290.36782610083264,8.77022264639748,True
vector_thrust,cruise_35,0.7431358964791784,27.867596117969196,58.07644382387516,331.071508129536,401.8097429970106,257.2595346476107,3.056284501753925,3.043285352871834,290.3822191193758,8.776935565592398,True
vector_thrust,cruise_36,0.7431358964791784,27.867596117969196,58.07638252209382,331.03771367940163,401.77678078279405,257.25937894951784,3.055970678974992,3.055970678974992,290.3819126104691,8.776935565592398,True
vector_thrust,cruise_36,0.7429452979757106,27.860448674089156,58.079260764929565,331.0229747775395,401.7624555401747,257.2721314943621,3.056770093362694,3.0561221657868063,290.3963038246478,8.783648484787316,True
vector_thrust,cruise_36,0.7424111981493573,27.840419930600902,58.087323530605644,330.9816954543297,401.72233897910303,257.3078549499273,3.059012410636635,3.056546522843115,290.43661765302824,8.802457666396968,True
vector_thrust,cruise_36,0.7416392591822015,27.811472219332565,58.098969623923885,330.9220924304264,401.664425871337,257.3594549491585,3.0622589364157524,3.057159476529506,290.4948481196194,8.829637721324085,True
vector_thrust,cruise_36,0.7407822746243113,27.77933529841168,58.11188895252122,330.85600363571956,401.6002261413797,257.4166962337552,3.0658710321942015,3.0578394427490805,290.5594447626061,8.859805306348855,True
vector_thrust,cruise_36,0.7400099808620367,27.750374282326383,58.12352265980939,330.7965188356655,401.5424554093569,257.4682413542905,3.0691333055274472,3.0584517445343193,290.6176132990469,8.886985361275974,True
vector_thrust,cruise_36,0.7394754386137257,27.73032894801472,58.13156997902743,330.755386935195,401.50251638793947,257.5038963719822,3.071395259735385,3.058875288620716,290.65784989513713,8.905794542885625,True
vector_thrust,cruise_36,0.7392846432140726,27.72317412052773,58.134441347750844,330.7407136426276,401.4882701579014,257.5166184599006,3.0722034134323173,3.059026413636304,290.6722067387542,8.912507462080544,True
vector_thrust,cruise_37,0.7392846432140726,27.72317412052773,58.1343745561674,330.7069358518461,401.4553566272246,257.5164414124943,3.071887544360895,3.071887544360895,290.671872780837,8.912507462080544,True
vector_thrust,cruise_37,0.739093837844262,27.71601891915983,58.137250750044075,330.6922700965731,401.44112000232184,257.52918249438665,3.0726963429914185,3.0720395314361744,290.6862537502204,8.919220381275462,True
vector_thrust,cruise_37,0.7385591585172254,27.69596844439596,58.1452931889187,330.6511958299977,401.401251857906,257.5648159049883,3.0749643058591007,3.0724645987817385,290.7264659445935,8.938029562885113,True
vector_thrust,cruise_37,0.7377863824730114,27.666989342737935,58.15690981611827,330.59188939331534,401.3436980227478,257.61628537253074,3.0782479967285226,3.0730785728464283,290.7845490805914,8.965209617812231,True
vector_thrust,cruise_37,0.7369284692842286,27.63481759815858,58.16979623044469,330.52613016196017,401.2798974708702,257.673380885652,3.081901486317696,3.0737596594389354,290.8489811522235,8.995377202837002,True
vector_thrust,cruise_37,0.7361553392643706,27.605825222413902,58.18140031438516,330.4669426272999,401.222486760241,257.72479474214606,3.0852011947295104,3.074372970125062,290.9070015719258,9.022557257764118,True
vector_thrust,cruise_37,0.7356202185358227,27.585758195093355,58.189427011663504,330.4260166290404,401.1827970891122,257.760358407344,3.087489126492875,3.07479720548477,290.9471350583175,9.041366439373771,True
vector_thrust,cruise_37,0.7354292167243514,27.578595627163182,58.19229100781551,330.4114168594033,401.16863989231973,257.77304783559987,3.088306566257459,3.074948576389053,290.9614550390776,9.048079358568689,True
vector_thrust,cruise_38,0.7354292167243514,27.578595627163182,58.192229104706925,330.3776562744927,401.1357757415773,257.7728906468701,3.087989128029944,3.087989128029944,290.96114552353464,9.048079358568689,True
vector_thrust,cruise_38,0.7352382049662433,27.57143268623413,58.195092720170656,330.36306407737527,401.12162819120067,257.7855783979654,3.088806973640888,3.0881411208843637,290.9754636008533,9.054792277763607,True
vector_thrust,cruise_38,0.7347029474786125,27.551360530447976,58.203114445950256,330.3221960205901,401.08200974333613,257.82112005178675,3.091101017021524,3.088566891958727,291.0155722297513,9.07360145937326,True
vector_thrust,cruise_38,0.7339293363015361,27.52235011130761,58.21470104668957,330.2631878377987,401.0248170305112,257.8724565052825,3.094422503767517,3.0891818767613133,291.0735052334478,9.100781514300376,True
vector_thrust,cruise_38,0.7330704966462048,27.49014362423269,58.22755407999491,330.19776001981745,400.9614177097988,257.92940410893243,3.09811809804224,3.0898640803107127,291.13777039997456,9.130949099325147,True
vector_thrust,cruise_38,0.7322965323271082,27.46111996226656,58.239127820223445,330.13887141766196,400.90436887051936,257.98068358169553,3.1014558707819093,3.090478382512881,291.19563910111725,9.158129154252265,True
vector_thrust,cruise_38,0.7317608344789034,27.441031292958883,58.24713350917976,330.0981524754999,400.86492983003615,258.0161541815778,3.103770222587318,3.0909033023969164,291.2356675458988,9.176938335861916,True
vector_thrust,cruise_38,0.7315696267420179,27.433861002825676,58.24998999418213,330.08362664063606,400.8508621234574,258.02881033611266,3.104597106646429,3.091054916740489,291.2499499709106,9.183651255056835,True
vector_thrust,cruise_39,0.7315696267420179,27.433861002825676,58.24992776500017,330.0498838099118,400.8180480507245,258.0286523070508,3.1042778376984037,3.1042778376984037,291.2496388250009,9.183651255056835,True
vector_thrust,cruise_39,0.7313784090821894,27.42669034058211,58.252783869491836,330.0353655828272,400.8039900318691,258.0413067812307,3.105105135233988,3.104430080495446,291.2639193474592,9.190364174251753,True
vector_thrust,cruise_39,0.7308425748006777,27.40659655502542,58.26078449349803,329.9947048900256,400.76462256113086,258.0767549561489,3.1074257038717814,3.104856548574869,291.30392246749017,9.209173355861404,True
vector_thrust,cruise_39,0.7300681304714254,27.377554892678457,58.272340505685555,329.9359966291503,400.70779282120515,258.12795590510734,3.1107856316333313,3.1054725343179244,291.36170252842777,9.236353410788523,True
vector_thrust,cruise_39,0.7292083665579969,27.345313745924894,58.285159455797,329.8709020762742,400.6447967858688,258.1847525231543,3.114524046367709,3.1061558401488196,291.425797278985,9.266520995813293,True
vector_thrust,cruise_39,0.7284335699372153,27.31625887264558,58.29670236865958,329.812314075218,400.588111668851,258.23589543324476,3.1179005385474965,3.1067711276408465,291.4835118432979,9.29370105074041,True
vector_thrust,cruise_39,0.727897296355676,27.296148613337856,58.30468665804278,329.77180334396627,400.5489245399331,258.27127123473633,3.1202417628031345,3.107196725013771,291.5234332902139,9.312510232350062,True
vector_thrust,cruise_39,0.7277058831890587,27.28897061958971,58.30753549247384,329.7573518560528,400.5349467807397,258.2838934978432,3.1210782529766274,3.1073485802874936,291.53767746236923,9.31922315154498,True
vector_thrust,cruise_40,0.7277058831890587,27.28897061958971,58.30747251047252,329.7236273297075,400.5021834858403,258.2837329333028,3.120757117965135,3.120757117965135,291.5373625523626,9.31922315154498,True
vector_thrust,cruise_40,0.7275144601235545,27.2817922546333,58.31032139058226,329.7091834848777,400.4882154557147,258.2963552092463,3.121594049917936,3.1209096287603306,291.5516069529113,9.325936070739898,True
vector_thrust,cruise_40,0.7269780504405188,27.26167689151946,58.31830052188653,329.66873131115597,400.449100243214,258.33170817315664,3.1239415986689005,3.1213367869576794,291.59150260943267,9.34474525234955,True
vector_thrust,cruise_40,0.7262027749775462,27.232604061657984,58.329825380108694,329.61032464155534,400.3926353275521,258.3827711123737,3.1273406272609354,3.1219537636027668,291.6491269005435,9.371925307276667,True
vector_thrust,cruise_40,0.7253420890552608,27.200328339572284,58.34260961879757,329.54556520689925,400.33004463259203,258.43941396129406,3.1311225983146973,3.122638160455571,291.7130480939879,9.402092892301438,True
vector_thrust,cruise_40,0.72456646216734,27.17124233127526,58.35412113765765,329.48727947677816,400.2737250894497,258.49041779808897,3.1345384761106265,3.123254422985594,291.77060568828824,9.429272947228556,True
vector_thrust,cruise_40,0.7240296142648882,27.151110534933313,58.3620836350196,329.44697811212814,400.23479115351887,258.5256970623515,3.1369070356050686,3.1236806906944175,291.810418175098,9.448082128838207,True
vector_thrust,cruise_40,0.7238379961735127,27.143924856506736,58.36492467875012,329.4326013836519,400.2209037990575,258.5382848131532,3.1377532974141,3.1238327843337164,291.8246233937506,9.454795048033127,True
vector_thrust,cruise_41,0.7238379961735127,27.143924856506736,58.36486139067385,329.39889571368883,400.18819198349087,258.53812349489544,3.137430302703385,3.137430302703385,291.8243069533693,9.454795048033127,True
vector_thrust,cruise_41,0.7236463682076845,27.136738807788173,58.36770245676438,329.3845266636456,400.17431439947836,258.55071116260524,3.1382770132423663,3.13758305746767,291.8385122838219,9.461507967228044,True
vector_thrust,cruise_41,0.7231093845415747,27.11660192030906,58.37565970248206,329.34428416496223,400.1354527268095,258.5859671747409,3.140652007377288,3.138010898744352,291.8782985124103,9.480317148837695,True
vector_thrust,cruise_41,0.722333280001079,27.08749800004047,58.3871528385287,329.2861807572251,400.0793544874554,258.63688958662965,3.144090811738396,3.1386288560343125,291.9357641926435,9.507497203764814,True
vector_thrust,cruise_41,0.7214716743611196,27.055187788541993,58.39990173443614,329.2217582952486,400.0171711886014,258.69337586904123,3.147917091856529,3.13931433240325,291.9995086721807,9.537664788789584,True
vector_thrust,cruise_41,0.7206952192784412,27.02607072294155,58.411381289869865,329.1637765070896,399.96121907158175,258.74423810957506,3.1513730367507686,3.139931559497487,292.05690644934936,9.564844843716703,True
vector_thrust,cruise_41,0.7201577984937073,27.00591744351403,58.41932160081789,329.1236856655461,399.92253961048533,258.7794190891598,3.1537694049149394,3.1403584902337967,292.09660800408943,9.583654025326354,True
vector_thrust,cruise_41,0.7199659759919071,26.998724099696524,58.422154713022856,329.1093841092821,399.90874311825223,258.7919717036978,3.154625607688924,3.140510819618328,292.1107735651143,9.590366944521271,True
vector_thrust,cruise_42,0.7199659759919071,26.998724099696524,58.42209093062484,329.0756978495256,399.87608348519296,258.7918088862693,3.1543007288980514,3.1543007288980514,292.11045465312424,9.590366944521271,True
vector_thrust,cruise_42,0.7197741436404675,26.991530386517542,58.42492422746191,329.0614040070882,399.86229680482523,258.8043620604452,3.1551573965331055,3.1544537340747745,292.12462113730953,9.59707986371619,True
vector_thrust,cruise_42,0.7192365874359783,26.97137202884919,58.43285919272213,329.0213723402007,399.8236899539901,258.8395193712375,3.1575603120341618,3.154882251235095,292.16429596361064,9.615889045325842,True
vector_thrust,cruise_42,0.7184596559121201,26.94223709670451,58.44432003550447,328.9635738660548,399.767960243559,258.89029872545325,3.1610395826556217,3.1555011786837848,292.22160017752236,9.643069100252958,True
vector_thrust,cruise_42,0.7175971328878595,26.909892483294737,58.45703295411632,328.8994902324589,399.70618639714786,258.9466256299897,3.164910941951539,3.1561877228089656,292.2851647705816,9.673236685277729,True
vector_thrust,cruise_42,0.7168198517208648,26.88074443953244,58.468479973845255,328.841814058388,399.6506035590221,258.99734373864624,3.1684076511685233,3.156805903762189,292.34239986922626,9.700416740204847,True
vector_thrust,cruise_42,0.7162818595188456,26.860569731956716,58.47639770202424,328.8019348972055,399.6121798549572,259.03242467740444,3.17083231238077,3.1572334900570245,292.3819885101212,9.719225921814498,True
vector_thrust,cruise_42,0.7160898331303688,26.853368742388835,58.47922274117587,328.7877089261939,399.5984746825706,259.0449415286061,3.1716986293665888,3.1573860525088224,292.3961137058793,9.725938841009418,True
vector_thrust,cruise_43,0.7160898331303688,26.853368742388835,58.479159217463426,328.7540426322919,399.5658679368618,259.0447802129293,3.171371887630742,3.171371887630742,292.39579608731714,9.725938841009418,True
vector_thrust,cruise_43,0.7158977957590579,26.846167340964676,58.48198385629079,328.73982434515983,399.5521725553013,259.0572952991045,3.1722386540446723,3.171525104354255,292.40991928145394,9.732651760204336,True
vector_thrust,cruise_43,0.7153596698199349,26.825987618247563,58.48989609900443,328.7000047427644,399.51382188050684,259.09235196244805,3.174669970433471,3.1719542877429743,292.44948049502216,9.751460941813987,True
vector_thrust,cruise_43,0.7145819124454684,26.79682171670507,58.50109375181966,328.6438090091338,399.459758688742,259.14196527785185,3.1781904377836727,3.1725616818529594,292.5054687590983,9.778640996741105,True
vector_thrust,cruise_43,0.7137184964804771,26.7644436180179,58.511240755361506,328.5920428703799,399.4103731052811,259.18692344103073,3.182085974746082,3.173112084971323,292.55620377680754,9.808808581765875,True
vector_thrust,cruise_43,0.7129404513820312,26.735266926826178,58.51991237965227,328.5493716538402,399.36985891634214,259.2253446774796,3.1856171230173183,3.1735824593562527,292.59956189826136,9.835988636692994,True
vector_thrust,cruise_43,0.7124019538806982,26.715073270526183,58.52592717454773,328.51978001842485,399.3417667732082,259.251994338956,3.188065676897702,3.1739087194999693,292.6296358727387,9.854797818302645,True
vector_thrust,cruise_43,0.7122097517802937,26.707865691761018,58.52807657388136,328.5092065546961,399.33172981586404,259.2615176504863,3.188940532968205,3.174025309235688,292.6403828694068,9.861510737497563,True
vector_thrust,cruise_44,0.7122097517802937,26.707865691761018,58.52801287880393,328.47913055030403,399.3027463397031,259.26135611611477,3.1886465891801055,3.1886465891801055,292.64006439401965,9.861510737497563,True
vector_thrust,cruise_44,0.7120175422631274,26.700657834867286,58.53016370961636,328.4685442656114,399.2926986648491,259.27088577905994,3.1895218068782363,3.1887637941801157,292.6508185480818,9.868223656692482,True
vector_thrust,cruise_44,0.7114789422067578,26.680460332753423,58.53619782214288,328.4388475812298,399.264514898813,259.2976210926214,3.1919768545997234,3.1890926108910804,292.6809891107144,9.887032838302133,True
vector_thrust,cruise_44,0.710700535737991,26.65127009017467,58.54493741621272,328.39584456296154,399.2237079232286,259.33634357782825,3.195531668357841,3.189568857417864,292.7246870810636,9.914212893229251,True
vector_thrust,cruise_44,0.7098364214855958,26.61886580570985,58.55466559932555,328.34799007782186,399.17830444877063,259.3794461307863,3.1994871767328927,3.190098974248746,292.77332799662776,9.944380478254022,True
vector_thrust,cruise_44,0.7090577474893766,26.589665530851626,58.56345550779272,328.3047622126573,399.1372971160827,259.4183914706364,3.2030599717976034,3.1905779616571968,292.8172775389636,9.971560533181139,True
vector_thrust,cruise_44,0.7085188138320637,26.569455518702398,58.56955223533236,328.27478514851856,399.1088635085804,259.445404177906,3.2055374358093798,3.190910190023932,292.84776117666183,9.990369714790791,True
vector_thrust,cruise_44,0.708326455848253,26.562242094309497,58.57173089501499,328.2640740829878,399.09870464371403,259.45505714370626,3.206422627917904,3.1910289115215567,292.85865447507496,9.997082633985709,True
vector_thrust,cruise_45,0.708326455848253,26.562242094309497,58.57166718243189,328.23382512821695,399.06958095700924,259.4548959988908,3.2061251704427507,3.2061251704427507,292.8583359121595,9.997082633985709,True
vector_thrust,cruise_45,0.7081340903433327,26.555028387874987,58.5738472501747,328.2231012019428,399.0594113398148,259.46455522779195,3.207010729754433,3.2062445310614347,292.8692362508735,10.003795553180627,True
vector_thrust,cruise_45,0.7075950526490893,26.534814474340855,58.57996344917622,328.1930187325634,399.0308857870183,259.4916542656794,3.2094948103636782,3.2065793981570483,292.8998172458811,10.022604734790278,True
vector_thrust,cruise_45,0.7068160122878436,26.505600460794142,58.58882198466659,328.1494579206621,398.98958462304455,259.5309037019258,3.213091719594073,3.2070644096461964,292.9441099233329,10.049784789717396,True
vector_thrust,cruise_45,0.7059511924055797,26.47316971520924,58.59868227605574,328.1009838893463,398.94363223493497,259.57459159272065,3.217094130036016,3.207604267819933,292.9934113802787,10.079952374742167,True
vector_thrust,cruise_45,0.7051718807994712,26.443945529980176,58.60759135066386,328.0571974326582,398.9021299810002,259.6140649497779,3.2207093478152418,3.2080920463339435,293.0379567533193,10.107132429669285,True
vector_thrust,cruise_45,0.7046325048684402,26.423718932566512,58.61377073757352,328.02683358855415,398.87335367286585,259.64144387573924,3.2232162671829716,3.208430372050737,293.0688536878676,10.125941611278936,True
vector_thrust,cruise_45,0.7044399888338829,26.416499581270614,58.61597889196318,328.0159844386439,398.86307245895176,259.6512275287923,3.22411198904433,3.2085512701983374,293.07989445981593,10.132654530473854,True
vector_thrust,cruise_46,0.7044399888338829,26.416499581270614,58.61591472629941,327.9855625314093,398.8338086566269,259.651065044908,3.2238109507519197,3.2238109507519197,293.07957363149706,10.132654530473854,True
vector_thrust,cruise_46,0.7042474651695335,26.409279943857513,58.61812424735841,327.9747004803837,398.8235166550066,259.66085480132915,3.2247070446823773,3.2239324997390195,293.090621236792,10.139367449668773,True
vector_thrust,cruise_46,0.7037079837475352,26.389049390532577,58.6243232311457,327.94423086978264,398.79464807451717,259.68832062452736,3.2272207047984685,3.224273513636199,293.12161615572853,10.158176631278424,True
vector_thrust,cruise_46,0.702928300681372,26.359811275551454,58.633301506628804,327.90011029818083,398.7528509231417,259.7281005985564,3.2308604922673894,3.224767419239372,293.16650753314406,10.185356686205543,True
vector_thrust,cruise_46,0.7020627653730063,26.327353701487745,58.64329487897692,327.8510145298919,398.70634761662467,259.77237815368835,3.234910682258078,3.225317166520717,293.2164743948846,10.215524271230313,True
vector_thrust,cruise_46,0.701282807314606,26.29810527429773,58.652324104928915,327.8066674999517,398.664348627903,259.8123838609391,3.238569122769132,3.2258138748130762,293.26162052464457,10.24270432615743,True
vector_thrust,cruise_46,0.7007429829824371,26.277861861841398,58.65858667230734,327.7759155001224,398.63522836008207,259.84013136553006,3.2411060454535976,3.2261583860483403,293.29293336153665,10.261513507767082,True
vector_thrust,cruise_46,0.7005503067088313,26.27063650158118,58.6608245394627,327.7649277739713,398.62482434697256,259.8500466759661,3.242012494660527,3.2262814939060274,293.3041226973135,10.268226426962,True
vector_thrust,cruise_47,0.7005503067088313,26.27063650158118,58.66076004079852,327.7343316586735,398.59541931806405,259.84988333603303,3.2417078224044302,3.2417078224044302,293.30380020399264,10.268226426962,True
vector_thrust,cruise_47,0.7003576226949589,26.263410851060964,58.66299941209373,327.72333099023353,398.5850044811533,259.8598053020987,3.2426146575945234,3.241831602005929,293.31499706046867,10.274939346156918,True
vector_thrust,cruise_47,0.6998176914028134,26.243163427605506,58.6692818671478,327.6924728555215,398.55579160737705,259.88764093015055,3.2451584564460183,3.2421788600921695,293.346409335739,10.29374852776657,True
vector_thrust,cruise_47,0.6990373567433348,26.213900877875062,58.67838080839022,327.6477905195297,398.513496633866,259.9279555431289,3.2488419302693385,3.242681797382621,293.39190404195114,10.320928582693687,True
vector_thrust,cruise_47,0.6981710961254737,26.181416104705267,58.6885083280255,327.59807078037954,398.4664403643289,259.9728274709344,3.252940803285756,3.2432415885878583,293.4425416401275,10.351096167718458,True
vector_thrust,cruise_47,0.6973904826946942,26.152143101051035,58.69765858822748,327.5531611565554,398.4239427912946,260.01336946245317,3.2566432808702035,3.2437473624960664,293.4882929411374,10.378276222645576,True
vector_thrust,cruise_47,0.6968502037797936,26.131882641742266,58.704005037145116,327.52201959824333,398.39447727975823,260.04148862764674,3.2592107772064476,3.2440981577960186,293.52002518572556,10.397085404255227,True
vector_thrust,cruise_47,0.6966573650590168,26.124651189713134,58.70627288820934,327.51089279432466,398.3839500083644,260.0515367789177,3.2601281588224986,3.244223511597058,293.5313644410467,10.403798323450145,True
vector_thrust,cruise_48,0.6966573650590168,26.124651189713134,58.706207746911396,327.4801211945596,398.35440262404495,260.051371355716,3.2598197767292922,3.2598197767292922,293.53103873455694,10.403798323450145,True
vector_thrust,cruise_48,0.6964645184877893,26.117419443292103,58.70847708365199,327.4689814064424,398.34386449209853,260.06142609434124,3.2607375507036713,3.2599458158101458,293.5423854182599,10.410511242645065,True
vector_thrust,cruise_48,0.6959241311353768,26.09715491757664,58.71484356245282,327.43773333787163,398.3143060345947,260.089634019171,3.26331205439394,3.260299410373947,293.5742178122641,10.429320424254716,True
vector_thrust,cruise_48,0.6951431359256277,26.067867597211045,58.7240640826887,327.3924871939187,398.271511368243,260.1304873306723,3.267040041712756,3.2608115185473534,293.6203204134435,10.456500479181834,True
vector_thrust,cruise_48,0.6942761400395451,26.035355251482947,58.73432676869838,327.3421412067725,398.22390005106115,260.1759581606987,3.2711885208478493,3.2613815086620437,293.6716338434919,10.486668064206604,True
vector_thrust,cruise_48,0.6934948622481444,26.00605733430542,58.74359901210298,327.2966669293513,398.1809020080276,260.21704064178425,3.2749358730332214,3.2618964895430196,293.7179950605149,10.513848119133721,True
vector_thrust,cruise_48,0.692954122521536,25.985779594557602,58.75002998883287,327.2651343826851,398.1510899436584,260.2455343372463,3.2775345245062515,3.262253666325034,293.7501499441644,10.532657300743374,True
vector_thrust,cruise_48,0.6927611191288098,25.978541967330372,58.75232802994295,327.253867989793,398.1404389459349,260.2557162561536,3.2784630453235786,3.2623812996478123,293.76164014971476,10.539370219938291,True
vector_thrust,cruise_49,0.6927611191288098,25.978541967330372,58.752258884994596,327.22291960869853,398.11074805987914,260.255535377657,3.2781507229196243,3.2781507229196243,293.76129442497296,10.539370219938291,True
vector_thrust,cruise_49,0.6925681077736399,25.971304041511498,58.7545620241313,327.2116401888711,398.10008616411113,260.2657382668469,3.279079824684309,3.278279237414139,293.7728101206565,10.54608313913321,True
vector_thrust,cruise_49,0.6920272581172132,25.9510221793955,58.761013193765976,327.18000074924413,398.0701808070385,260.29432144237126,3.2816856190025723,3.2786392680178014,293.80506596882987,10.564892320742862,True
vector_thrust,cruise_49,0.6912455933216641,25.921709749562407,58.77035625812801,327.13418871396254,398.0268845403138,260.3357177270172,3.285458969901961,3.2791606911654068,293.8517812906401,10.592072375669979,True
vector_thrust,cruise_49,0.6903778521206063,25.88916945452274,58.78075518461662,327.0832141573586,397.97871604984016,260.3817922172408,3.2896580037483725,3.279741040487143,293.9037759230831,10.622239960694749,True
vector_thrust,cruise_49,0.6895959009004053,25.859846283765208,58.790150384804164,327.0371731265524,397.9352156140315,260.42341949976515,3.2934510899479696,3.280265373259172,293.9507519240208,10.649420015621867,True
vector_thrust,cruise_49,0.6890546940776082,25.83955102791031,58.7966665628343,327.0052481338574,397.9050556619787,260.45229070942196,3.2960814937717546,3.2806290319097773,293.9833328141715,10.668229197231518,True
vector_thrust,cruise_49,0.6888615237682232,25.832307141308373,58.79899503495917,326.99384163084585,397.89428046068,260.4626074635188,3.2970213674599913,3.2807589806344093,293.99497517479585,10.674942116426436,True
vector_thrust,cruise_50,0.6888615237682232,25.832307141308373,58.79892927319818,326.96271515016605,397.8644449081991,260.46244053560747,3.296705411805024,3.296705411805024,293.99464636599095,10.674942116426436,True
vector_thrust,cruise_50,0.6886683453827102,25.825062951851635,58.8012592538933,326.9512955766452,397.8536587706142,260.47276397892176,3.297645694189185,3.2968360769073426,294.00629626946653,10.681655035621356,True
vector_thrust,cruise_50,0.6881270271229724,25.80476351711147,58.807795780004675,326.91926330084794,397.82340517229204,260.5017253592825,3.3002833793297017,3.2972026446902913,294.0389789000234,10.700464217231007,True
vector_thrust,cruise_50,0.6873446836258217,25.77542563596832,58.817262358372226,326.8728832504373,397.77960536023596,260.54366891923394,3.3041029651682776,3.2977335295303396,294.08631179186114,10.727644272158125,True
vector_thrust,cruise_50,0.6864761869737682,25.742857011516314,58.827798609356286,326.8212777579022,397.7308775291564,260.5903518767173,3.308353526324994,3.298324401512718,294.1389930467814,10.757811857182896,True
vector_thrust,cruise_50,0.6856935531760704,25.713508244102645,58.8373177435351,326.77466783324905,397.68687274014326,260.6325282957124,3.312193227460686,3.2988582336785606,294.18658871767553,10.784991912110012,True
vector_thrust,cruise_50,0.6851518729168076,25.69319523438029,58.843919806373435,326.7423489086364,397.65636353943574,260.66178004942014,3.3148559961934265,3.299228476752974,294.2195990318672,10.803801093719665,True
vector_thrust,cruise_50,0.6849585334261145,25.685945003479297,58.846278953562376,326.73080176427595,397.6454636479806,260.6722327206862,3.315807441889993,3.299360777509505,294.2313947678119,10.810514012914583,True
vector_thrust,cruise_51,0.6849585334261145,25.685945003479297,58.84621201046856,326.6994958440237,397.6154822457333,260.67206158134843,3.31548755896321,3.31548755896321,294.2310600523428,10.810514012914583,True
vector_thrust,cruise_51,0.6847651857452691,25.6786944654476,58.84857344090112,326.68793558478336,397.6045713790381,260.68252403069835,3.3164394604722007,3.3156206308407468,294.2428672045056,10.8172269321095,True
vector_thrust,cruise_51,0.6842233925306713,25.65837721990018,58.85519601836643,326.65550897952085,397.57396817169473,260.7118666924513,3.319109653020955,3.3159938401114237,294.27598009183214,10.836036113719153,True
vector_thrust,cruise_51,0.6834403611401209,25.62901354275454,58.86478711405595,326.6085587493463,397.52966283154075,260.7543619717405,3.3229763685255844,3.316534337504751,294.32393557027973,10.86321616864627,True
vector_thrust,cruise_51,0.6825710988162027,25.596416205607607,58.87546180611079,326.55631990893494,397.48037345043736,260.8016583429317,3.3272794554714693,3.3171358999787555,294.37730903055393,10.89338375367104,True
vector_thrust,cruise_51,0.6817877732153511,25.567041495575673,58.88510588616814,326.509138908868,397.4358623097272,260.8443883803124,3.331166676207113,3.3176793832598954,294.4255294308407,10.920563808598159,True
vector_thrust,cruise_51,0.6812456131258277,25.546710492218544,58.89179453382952,326.4764245379277,397.4050024729821,260.87402377978,3.3338624385471154,3.3180563158611247,294.4589726691476,10.93937299020781,True
vector_thrust,cruise_51,0.681052102170037,25.53945383137639,58.89418460635022,326.4647362107954,397.39397739534974,260.88461347714497,3.334825681183388,3.318191006205973,294.4709230317511,10.94608590940273,True
vector_thrust,cruise_52,0.681052102170037,25.53945383137639,58.89411449095285,326.4332494892707,397.36384894139326,260.88443020761036,3.334501702977002,3.334501702977002,294.47057245476424,10.94608590940273,True
vector_thrust,cruise_52,0.6808585829087848,25.532196859079434,58.896509671249476,326.4215480020408,397.3528128488081,260.8950409306887,3.3354655534220927,3.3346373242333045,294.4825483562474,10.952798828597647,True
vector_thrust,cruise_52,0.6803163083314814,25.511861562430557,58.90321899783162,326.3887255452767,397.3218586380554,260.9247679680644,3.3381688855550515,3.3350172811999763,294.5160949891581,10.971608010207298,True
vector_thrust,cruise_52,0.6795325797742665,25.482471741535,58.91293562688679,326.3412029290709,397.2770457484806,260.96781947035663,3.3420836485386674,3.335567545190798,294.56467813443396,10.998788065134416,True
vector_thrust,cruise_52,0.6786625414669039,25.4498453050089,58.92374989737353,326.2883282824857,397.2271925650051,261.015734294436,3.346440285890264,3.3361799698662122,294.61874948686767,11.028955650159187,True
vector_thrust,cruise_52,0.6778785147551957,25.420444303319844,58.93351995751089,326.240573983542,397.1821730353002,261.0590225299907,3.3503759547839165,3.3367332596699053,294.6675997875544,11.056135705086303,True
vector_thrust,cruise_52,0.6773358683846237,25.400095064423397,58.94029590915658,326.2074626227956,397.15096114820966,261.0890447594132,3.353105356242142,3.337116989642049,294.7014795457829,11.074944886695956,True
vector_thrust,cruise_52,0.6771421836595574,25.392831887233406,58.942717164301214,326.19563256107887,397.1398103787554,261.0997726220066,3.35408062677757,3.3372541081203675,294.71358582150606,11.081657805890874,True
vector_thrust,cruise_53,0.6771421836595574,25.392831887233406,58.94264421096676,326.1639636542629,397.1095336520004,261.099578558639,3.353752501073316,3.353752501073316,294.7132210548338,11.081657805890874,True
vector_thrust,cruise_53,0.6769484905123682,25.385568394213813,58.94507313566811,326.1521203863666,397.098371827106,261.11033764893,3.354728519626519,3.3538906986382906,294.72536567834055,11.088370725085792,True
vector_thrust,cruise_53,0.6764057281070123,25.365214804012965,58.951869938312626,326.11890052686124,397.0670651915043,261.14045227863414,3.3574656409659913,3.3542775128003304,294.75934969156316,11.107179906695444,True
vector_thrust,cruise_53,0.6756212930262614,25.33579848848481,58.96171315520404,326.07080327603734,397.0217426919831,261.1840646696933,3.3614293943984,3.354837702006303,294.8085657760202,11.134359961622561,True
vector_thrust,cruise_53,0.6747504683305667,25.303142562396257,58.9726681644569,326.01729031785203,396.97132341012724,261.2326030874821,3.3658406338755755,3.355461164675052,294.8633408222845,11.164527546647331,True
vector_thrust,cruise_53,0.6739657311160239,25.2737149168509,58.982565245083066,325.96896045397693,396.92579341467075,261.2764541349187,3.3698257033308563,3.3560244193567597,294.91282622541536,11.19170760157445,True
vector_thrust,cruise_53,0.6734225919552612,25.2533471983223,58.989429220413065,325.93545053040117,396.89422803555374,261.30686638705123,3.3725894058197987,3.356415056397293,294.9471461020653,11.2105167831841,True
vector_thrust,cruise_53,0.6732287311359128,25.24607741759673,58.99188191542686,325.92347817172924,396.8829510588505,261.3177335561131,3.3735769410735332,3.3565546422044483,294.9594095771343,11.21722970237902,True
vector_thrust,cruise_54,0.6732287311359128,25.24607741759673,58.991814752823885,325.89162567288923,396.8525248187179,261.31756304780333,3.3732450404025247,3.3732450404025247,294.9590737641194,11.21722970237902,True
vector_thrust,cruise_54,0.6730348617768569,25.238807316632137,58.99426900639772,325.8796400610963,396.8412367453171,261.32843712786996,3.374233019832058,3.3733854096001625,294.9713450319886,11.223942621573938,True
vector_thrust,cruise_54,0.6724916050208749,25.218435188282815,59.00115400765869,325.8460212179988,396.80957623599096,261.3589425555517,3.3770045962661084,3.373779192097721,295.00577003829346,11.24275180318359,True
vector_thrust,cruise_54,0.6717064539772268,25.188992024146014,59.01112485108843,325.7973470410904,396.76374202626636,261.4031204477056,3.3810183062699366,3.3743494670301266,295.0556242554422,11.269931858110708,True
vector_thrust,cruise_54,0.6708348323967595,25.156306214878484,59.02222177295834,325.74319321814943,396.71275430579414,261.4522876642067,3.385485227062389,3.374984147176683,295.11110886479173,11.300099443135478,True
vector_thrust,cruise_54,0.6700493752046083,25.126851570172814,59.032246939574975,325.6942854801478,396.66671172785135,261.49670624651867,3.3895206750642757,3.3755575290831183,295.1612346978749,11.327279498062595,True
vector_thrust,cruise_54,0.6695057366869711,25.10646512576142,59.03919968091669,325.66037539078656,396.634791387287,261.52751181069476,3.3923193585662625,3.375955185923944,295.19599840458346,11.346088679672247,True
vector_thrust,cruise_54,0.6693116974277395,25.09918865354024,59.04168408174336,325.6482601620898,396.6233876779925,261.5385194644175,3.393319401858166,3.3760972793710646,295.2084204087168,11.352801598867165,True
vector_thrust,cruise_55,0.6693116974277395,25.09918865354024,59.04161652909377,325.61622264159996,396.5928106642777,261.5383479166001,3.392983339025818,3.392983339025818,295.20808264546883,11.352801598867165,True
vector_thrust,cruise_55,0.6691176495102805,25.091911856635523,59.04410250210135,325.6040941119672,396.58139581624505,261.549362541535,3.39398383600563,3.3931262337071812,295.22051251050675,11.359514518062083,True
vector_thrust,cruise_55,0.6685738918232919,25.07152094337345,59.05107644978697,325.57007467436756,396.5493799564613,261.58026207991765,3.396790551759822,3.3935270988948334,295.25538224893484,11.378323699671736,True
vector_thrust,cruise_55,0.667788015293225,25.042050573495942,59.0611760095147,325.5208212363446,396.50303189590096,261.6250102982178,3.4008552118483233,3.3941076254614075,295.3058800475735,11.405503754598852,True
vector_thrust,cruise_55,0.6669155862374493,25.009334483904354,59.07241605263938,325.4660239469708,396.4514733516036,261.67481166749604,3.405378922630033,3.3947537074511724,295.3620802631969,11.435671339623623,True
vector_thrust,cruise_55,0.6661293995076875,24.979852481538284,59.082570399522986,325.41653598178476,396.40491603378314,261.71980263178943,3.4094657537796875,3.395337383204538,295.41285199761495,11.462851394550741,True
vector_thrust,cruise_55,0.6655852550072762,24.95944706277286,59.08961266588024,325.3822240932469,396.37263923413883,261.75100487037656,3.412300116631815,3.39574217537559,295.4480633294012,11.481660576160392,True
vector_thrust,cruise_55,0.6653910349413885,24.952163810302075,59.09212904350771,325.36996541057744,396.361108256827,261.7621542094077,3.4133129178059103,3.3958868177267982,295.46064521753857,11.488373495355312,True
vector_thrust,cruise_56,0.6653910349413885,24.952163810302075,59.09206113098541,325.33774141552857,396.3303791893625,261.7619817480137,3.412972621444193,3.412972621444193,295.460305654927,11.488373495355312,True
vector_thrust,cruise_56,0.6651968060975044,24.944880228656423,59.09457909431246,325.3254693832068,396.31883703046304,261.7731381181821,3.4139858860649084,3.413118083308766,295.4728954715623,11.49508641455023,True
vector_thrust,cruise_56,0.6646525408388042,24.924470281455164,59.10164274874486,325.29104770959356,396.2864643151212,261.8044351364904,3.4168284436492846,3.413526148169468,295.5082137437243,11.51389559615988,True
vector_thrust,cruise_56,0.6638659292114605,24.894972345429775,59.11187212713401,325.24121263109413,396.2396002219962,261.84975856585703,3.4209450736245968,3.414117095802525,295.55936063567003,11.541075651086999,True
vector_thrust,cruise_56,0.6629926819926273,24.862225574723528,59.123256520200954,325.18576922425024,396.1874684229045,261.9001995325894,3.4255267127644005,3.4147747682319096,295.6162826010048,11.57124323611177,True
vector_thrust,cruise_56,0.6622057560773825,24.83271585290185,59.133541158959595,325.1356986342079,396.1403941664518,261.94576780473534,3.4296659585670835,3.4153689082372765,295.667705794798,11.598423291038888,True
vector_thrust,cruise_56,0.6616610989073367,24.81229120902513,59.1406737221386,325.10098328214934,396.1077593813965,261.9773701378529,3.4325367178710398,3.415780953932315,295.703368610693,11.617232472648539,True
vector_thrust,cruise_56,0.6614666956462301,24.805001086733633,59.14322235257416,325.0885805504969,396.0961005903843,261.98866238525284,3.4335625335124904,3.415928187426473,295.7161117628708,11.623945391843456,True
vector_thrust,cruise_57,0.6614666956462301,24.805001086733633,59.14315407597676,325.05616860423095,396.0652181686316,261.9884889994797,3.4332179287074864,3.4332179287074864,295.7157703798838,11.623945391843456,True
vector_thrust,cruise_57,0.6612722834862143,24.79771063073304,59.14570430552808,325.04375247329875,396.0535481523646,261.9997883376556,3.434244217808431,3.4333660004436,295.7285215276404,11.630658311038374,True
vector_thrust,cruise_57,0.6607275039542326,24.77728139828373,59.152858442174036,325.0089268910906,396.02081704755614,262.03148627221987,3.437123338757849,3.43378138478993,295.76429221087017,11.649467492648027,True
vector_thrust,cruise_57,0.6599401475305265,24.747755532394752,59.16321876355815,324.9585077477389,395.9734346983987,262.0773898949118,3.441292986072739,3.434382927021882,295.8160938177908,11.676647547575143,True
vector_thrust,cruise_57,0.6590660713625807,24.714977676096783,59.174748759651436,324.9024155222628,395.92072716706264,262.1284760119057,3.445933722845584,3.4350523830481428,295.8737437982572,11.706815132599914,True
vector_thrust,cruise_57,0.6582783965250661,24.685439869689986,59.185164824027076,324.8517598643841,395.8731337312073,262.1746266158576,3.4501264428559977,3.4356571618363767,295.92582412013536,11.733995187527032,True
vector_thrust,cruise_57,0.6577332199368023,24.66499574763009,59.19238847122396,324.8166393530242,395.84013940525614,262.2066325318054,3.4530343352375295,3.4360765821127264,295.9619423561198,11.752804369136683,True
vector_thrust,cruise_57,0.6575386310698469,24.657698665119263,59.194969635913836,324.80409196614244,395.82835224444017,262.21806893475326,3.45407342891851,3.436226450008795,295.97484817956916,11.759517288331603,True
vector_thrust,cruise_58,0.6575386310698469,24.657698665119263,59.19490160516015,324.7714905679188,395.797315147208,262.2178970553622,3.4537244710806494,3.4537244710806494,295.97450802580073,11.759517288331603,True
vector_thrust,cruise_58,0.6573440331811515,24.650401244293185,59.19748378631153,324.7589297311684,395.785516716606,262.22933824094747,3.454764017318312,3.4538751652288284,295.98741893155767,11.76623020752652,True
vector_thrust,cruise_58,0.6567987326128424,24.629952472981596,59.20472918172502,324.7236985362334,395.75242565916153,262.26144053833053,3.457680442074265,3.454297991021022,296.0236459086251,11.785039389136172,True
vector_thrust,cruise_58,0.6560106216041411,24.6003983101553,59.21522144269446,324.672692857928,395.70452278809523,262.30792883776707,3.461904174884311,3.4549102977292443,296.07610721347226,11.81221944406329,True
vector_thrust,cruise_58,0.6551357056035082,24.567588960131566,59.226898469182494,324.6159490618437,395.6512369999342,262.35966636274276,3.4666052183671154,3.4555917430389975,296.13449234591246,11.84238702908806,True
vector_thrust,cruise_58,0.6543472720126093,24.538022700472855,59.2374474988853,324.5647058469301,395.6031221010366,262.4064059462613,3.47085252132631,3.4562073594602216,296.18723749442654,11.869567084015179,True
vector_thrust,cruise_58,0.6538015691925457,24.51755884472047,59.244762652933815,324.5291784484408,395.5697666489786,262.4388174933626,3.4737982836509556,3.456634258442428,296.2238132646691,11.88837626562483,True
vector_thrust,cruise_58,0.6536067922866907,24.510254710750907,59.24737664010951,324.51648578866707,395.55785055166547,262.45039932868076,3.4748509262377443,3.4567868051164257,296.23688320054754,11.895089184819748,True
vector_thrust,cruise_59,0.6536067922866907,24.510254710750907,59.247307615273954,324.48369341323274,395.52665743673754,262.4502240311476,3.474497472007223,3.474497472007223,296.23653807636975,11.895089184819748,True
vector_thrust,cruise_59,0.653412006236566,24.502950233871232,59.24992322847312,324.4709872521282,395.5147300243242,262.4618130770997,3.4755506088972457,3.4746508958079154,296.2496161423656,11.901802104014667,True
vector_thrust,cruise_59,0.6528661778041763,24.482481667656618,59.25726071796687,324.43534870818735,395.481277421255,262.49432342799673,3.478505100558839,3.47508129030433,296.28630358983435,11.920611285624318,True
vector_thrust,cruise_59,0.6520773023294191,24.45289883735322,59.267886388262525,324.3837539782944,395.4328517192371,262.54140278260707,3.482784040281405,3.4757045593420353,296.3394319413126,11.947791340551436,True
vector_thrust,cruise_59,0.6512015355027159,24.420057581351852,59.27971145005435,324.32635580749405,395.37898510130964,262.5937963033828,3.487546609135264,3.476398180984604,296.3985572502717,11.977958925576207,True
vector_thrust,cruise_59,0.6504123332463975,24.39046249673991,59.29039385782253,324.27452250008326,395.3303464128051,262.6411270456428,3.4918495732909234,3.4770247780657746,296.45196928911264,12.005138980503324,True
vector_thrust,cruise_59,0.6498660973234213,24.3699786496283,59.29780206119279,324.2385864544782,395.2966282195908,262.6739507262504,3.4948340212514593,3.4774593206374718,296.489010305964,12.023948162112976,True
vector_thrust,cruise_59,0.6496711299227775,24.362667372104163,59.30044910617305,324.22574789255106,395.2845826083256,262.68567906242356,3.495900487981787,3.477614588458389,296.5022455308652,12.030661081307894,True
vector_thrust,cruise_60,0.6496711299227775,24.362667372104163,59.300379802450855,324.1927629899348,395.2532321123016,262.6855031991407,3.4955424945398987,3.4955424945398987,296.5018990122543,12.030661081307894,True
vector_thrust,cruise_60,0.6494761532532183,24.35535574699569,59.30302854493901,324.1799108742122,395.2411751397203,262.69723903719836,3.4966094694997625,3.4956986627339557,296.51514272469507,12.037374000502812,True
vector_thrust,cruise_60,0.6489297900663189,24.334867127486962,59.310458936586315,324.1438632124458,395.2073593678444,262.73016102798,3.49960280990579,3.496136753973786,296.5522946829316,12.056183182112463,True
vector_thrust,cruise_60,0.6481401401521008,24.305255255703784,59.32121905893075,324.09167686713454,395.1584084820397,262.77783612560955,3.503938084891339,3.496771164048442,296.60609529465376,12.083363237039581,True
vector_thrust,cruise_60,0.6472635114099686,24.272381677873827,59.33319363479804,324.03362146527184,395.1039584129291,262.8308921276912,3.508763455492276,3.497477177542175,296.6659681739902,12.113530822064352,True
vector_thrust,cruise_60,0.6464735304709346,24.242757392660053,59.34401100635396,323.98119548181745,395.0547935636366,262.87882088058495,3.513123250638502,3.4981149629943986,296.7200550317698,12.14071087699147,True
vector_thrust,cruise_60,0.6459267545020415,24.222253293826565,59.35151278708805,323.94484899579584,395.020710983303,262.91205917634215,3.5161471674792786,3.498557263288288,296.7575639354402,12.159520058601121,True
vector_thrust,cruise_60,0.6457315941269282,24.21493477975981,59.35419329995024,323.9318638906334,395.0085352696615,262.9239357803714,3.5172277502884812,3.498715304647896,296.7709664997512,12.166232977796039,True
vector_thrust,cruise_61,0.6457315941269282,24.21493477975981,59.354123282734385,323.89868488546006,394.97702600734243,262.9237576266194,3.516865112169846,3.516865112169846,296.7706164136719,12.166232977796039,True
vector_thrust,cruise_61,0.6455364243436514,24.207615912886933,59.35680573553645,323.88568617244664,394.9648388847271,262.9356427044179,3.5179462266326738,3.5170240868317104,296.7840286776823,12.172945896990958,True
vector_thrust,cruise_61,0.6449895194581678,24.1871069796813,59.364329839826574,323.8492275914425,394.93065829061004,262.96897993933453,3.5209792186144773,3.5174700052967167,296.8216491991329,12.19175507860061,True
vector_thrust,cruise_61,0.6441990850261241,24.157465688479657,59.37522561656767,323.79644701839646,394.88117982319045,263.01725611441736,3.525371996077778,3.5181157468509623,296.8761280828383,12.218935133527728,True
vector_thrust,cruise_61,0.6433215831691956,24.124559368844842,59.387351062855224,323.73773147545126,394.8261436316666,263.070980607865,3.5302614724229326,3.5188343650480416,296.9367553142761,12.249102718552498,True
vector_thrust,cruise_61,0.6425308136169682,24.094905510636313,59.398266655130115,323.6847290310966,394.77646905186407,263.1193445727743,3.5346772251620684,3.5194812808779807,296.99133327565056,12.276282773479615,True
vector_thrust,cruise_61,0.6419834913560676,24.07438092585254,59.405780390405,323.64834677741914,394.7423969039628,263.15263585167907,3.53774063000127,3.5199265846359085,297.028901952025,12.295091955089267,True
vector_thrust,cruise_61,0.6417881359996512,24.067055099986927,59.4084594268056,323.63537696092834,394.73025297144335,263.16450595403745,3.538835297186719,3.5200853589864614,297.042297134028,12.301804874284185,True
vector_thrust,cruise_62,0.6417881359996512,24.067055099986927,72.12349495972228,323.60229203952264,394.6988733218504,295.6202429246062,3.9748688730818174,3.9748688730818174,360.61747479861134,12.301804874284185,True
vector_thrust,cruise_62,0.6415501122158521,24.058129208094464,72.12742375415155,323.586721404613,394.6843081072303,295.6363491755896,3.9763689075862074,3.9750854355034653,360.63711877075775,12.308517793479103,True
vector_thrust,cruise_62,0.6408831087414382,24.033116577803934,72.1384205881272,323.5431576670616,394.6435673470092,295.68143038349376,3.9805783548747984,3.975691591185791,360.692102940636,12.327326975088756,True
vector_thrust,cruise_62,0.6399190641245849,23.996964904671934,72.15427661415194,323.4803735682704,394.58487781217036,295.74643171022433,3.986677756589161,3.976565590028949,360.77138307075967,12.354507030015872,True
vector_thrust,cruise_62,0.6388487837653254,23.956829391199705,72.17182709606774,323.41092031350627,394.5199902879953,295.8183794106979,3.9934706203654606,3.9775329888520914,360.85913548033875,12.384674615040643,True
vector_thrust,cruise_62,0.6378842504573978,23.920659392152427,72.18759580881381,323.34855422253145,394.4617568050427,295.88302280224855,3.9996116358517537,3.978402174948358,360.9379790440691,12.411854669967761,True
vector_thrust,cruise_62,0.6372166375970775,23.89562390989041,72.19848377074557,323.30551173167004,394.4215847316453,295.92765769400665,4.003872975533204,3.979002329525553,360.9924188537279,12.430663851577412,True
vector_thrust,cruise_62,0.6369783426116894,23.886687847938358,72.20236481249341,323.2901730731702,394.40727260626454,295.94356791480055,4.005396139478796,3.9792162561524034,361.01182406246704,12.43737677077233,True
vector_thrust,cruise_63,0.6369783426116894,23.886687847938358,72.20193615709792,323.2486569190806,394.3679600442543,295.9424821313681,4.004867082588025,4.004867082588025,361.0096807854896,12.43737677077233,True
vector_thrust,cruise_63,0.636740035028927,23.877751313584767,72.20581462282863,323.23334412406365,394.35367711932327,295.9583818240927,4.006391398511722,4.00508224654677,361.0290731141431,12.44408968996725,True
vector_thrust,cruise_63,0.6360722373198845,23.85270889949567,72.21666825507138,323.1905032161654,394.3137277105314,296.00287608342455,4.010668929802641,4.005684368936496,361.08334127535693,12.4628988715769,True
vector_thrust,cruise_63,0.6351070474854063,23.81651428070274,72.23231684903095,323.1287646201713,394.25618273418036,296.06702719728554,4.016867103870866,4.006552499400101,361.16158424515476,12.490078926504019,True
vector_thrust,cruise_63,0.6340354994789977,23.776331230462418,72.24963641080949,323.0604731445563,394.19256698620933,296.13802841199816,4.023770137097619,4.007513329442407,361.24818205404745,12.52024651152879,True
vector_thrust,cruise_63,0.6330698271769543,23.740118519135788,72.26519646022487,322.9991550015769,394.13548060316015,296.2018165391808,4.0300109022189625,4.008376547757581,361.3259823011244,12.547426566455906,True
vector_thrust,cruise_63,0.632401427842524,23.715053544094655,72.2759396793808,322.9568383894602,394.0961030502637,296.2458581621586,4.034341544290857,4.00897254480693,361.37969839690396,12.566235748065559,True
vector_thrust,cruise_63,0.6321628525119268,23.706106969197258,72.27976899508792,322.9417589278203,394.0820746249352,296.2615563692031,4.035889496359756,4.0091849821433865,361.39884497543954,12.572948667260476,True
vector_thrust,cruise_64,0.6321628525119268,23.706106969197258,72.27933750724782,322.9004294168053,394.04300370327485,296.26046364531254,4.035358106440394,4.035358106440394,361.39668753623914,12.572948667260476,True
vector_thrust,cruise_64,0.6319242647681375,23.697159928805164,72.28316420795618,322.8853759467255,394.0290046163112,296.2761511649911,4.036907238688686,4.035571785845758,361.41582103978084,12.579661586455394,True
vector_thrust,cruise_64,0.6312556830318387,23.672088113693952,72.29387261798946,322.8432620251366,393.98985089241006,296.3200501888463,4.041254457441741,4.036169733609693,361.4693630899473,12.598470768065047,True
vector_thrust,cruise_64,0.6302893627665617,23.635851103746067,72.30931086493887,322.78257492712305,393.9334567242502,296.38333913361083,4.0475537331458,4.037031791115312,361.5465543246943,12.625650822992164,True
vector_thrust,cruise_64,0.6292165635759085,23.595621134096575,72.32639627509839,322.71545186898993,393.8711196719632,296.4533806081,4.054569538022702,4.037985824699102,361.63198137549193,12.655818408016934,True
vector_thrust,cruise_64,0.6282497671580921,23.559366268428462,72.3417447457129,322.6551876405949,393.8151866074918,296.5163015156435,4.060912412242362,4.038842869176776,361.7087237285645,12.682998462944052,True
vector_thrust,cruise_64,0.6275805916711056,23.534272187666463,72.35234120664437,322.6136010282255,393.77660786986854,296.5597416052332,4.065313998085059,4.039434565805862,361.76170603322186,12.701807644553703,True
vector_thrust,cruise_64,0.6273417396840496,23.525315238151865,72.35611807743452,322.5987822326224,393.762864675652,296.5752248506822,4.066887325787538,4.039645462795854,361.78059038717254,12.708520563748621,True
vector_thrust,cruise_65,0.6273417396840496,23.525315238151865,72.35568352633405,322.5576420919549,393.7240383436983,296.5741243624826,4.066353597876963,4.066353597876963,361.7784176316702,12.708520563748621,True
vector_thrust,cruise_65,0.6271028754712972,23.51635783017365,72.3594577500898,322.5428494147332,393.71032462435414,296.5895967882534,4.067928135202375,4.066565741651597,361.797288750449,12.71523348294354,True
vector_thrust,cruise_65,0.6264335200667669,23.491257002503765,72.37001892498354,322.50146658799184,393.67197086646996,296.63289232250526,4.072346694859692,4.067159370485047,361.8500946249177,12.734042664553192,True
vector_thrust,cruise_65,0.625466084376587,23.454978164122018,72.38524391939305,322.4418369132421,393.61673368019285,296.6953071838799,4.078749474098688,4.068015146074565,361.9262195969652,12.76122271948031,True
vector_thrust,cruise_65,0.6243920507076864,23.414701901538248,72.40209195756535,322.3758888328353,393.55568215817397,296.7643757128177,4.085880734106463,4.068962150678388,362.0104597878268,12.79139030450508,True
vector_thrust,cruise_65,0.6234241452713217,23.378405447674574,72.41722595208182,322.31668441479803,393.5009085539842,296.8264175201491,4.09232815112005,4.069812811291492,362.0861297604091,12.818570359432197,True
vector_thrust,cruise_65,0.6227542041046874,23.353282653925785,72.4276736521244,322.2758318739155,393.4631328728718,296.86924786427227,4.096802373826396,4.070400061862653,362.13836826062203,12.83737954104185,True
vector_thrust,cruise_65,0.6225150792039192,23.344315470146977,72.43139736372716,322.2612751958931,393.44967642166733,296.8845132192032,4.098401683197013,4.070609366471003,362.1569868186358,12.844092460236768,True
vector_thrust,cruise_66,0.6225150792039192,23.344315470146977,72.43095972652998,322.22032714823035,393.4110976191745,296.8834049173549,4.097865622990073,4.097865622990073,362.1547986326499,12.844092460236768,True
vector_thrust,cruise_66,0.6222759422675662,23.33534783503374,72.4346807535202,322.20579671408063,393.39767077786814,296.89865929871405,4.099466172047579,4.098076178393091,362.173403767601,12.850805379431685,True
vector_thrust,cruise_66,0.621605823703102,23.310218388866332,72.44509269389464,322.16514904096846,393.36012121308545,296.9413431447086,4.103957778290593,4.098665341216815,362.2254634694732,12.869614561041338,True
vector_thrust,cruise_66,0.6206372878094446,23.273898292854177,72.46010155003819,322.1065826424947,393.3060471039022,297.0028720894759,4.110466538951909,4.09951462192232,362.30050775019095,12.896794615968455,True
vector_thrust,cruise_66,0.6195620366072649,23.233576372772436,72.47670901819122,322.04181601932845,393.2462878590903,297.0709545589796,4.117716022613056,4.100454360576238,362.3835450909561,12.926962200993225,True
vector_thrust,cruise_66,0.6185930374646539,23.197238904924525,72.4916256596989,321.98367723422325,393.1926797774353,297.13210546899126,4.124270493370778,4.101298423288402,362.4581282984945,12.954142255920344,True
vector_thrust,cruise_66,0.6179223412399905,23.172087796499646,72.501922610492,321.943562785654,393.155711338821,297.174317914132,4.128819099853601,4.101881079391571,362.50961305246005,12.972951437529995,True
vector_thrust,cruise_66,0.6176829472213046,23.163110520798927,72.50559245376243,321.92926965853485,393.1425431227564,297.189362470608,4.130445016205384,4.102088738593046,362.5279622688122,12.979664356724912,True
vector_thrust,cruise_67,0.6176829472213046,23.163110520798927,72.50515171089422,321.88851642104,393.1042147788897,297.18824631743433,4.129906629724532,4.129906629724532,362.5257585544711,12.979664356724912,True
vector_thrust,cruise_67,0.6174435413597492,23.1541328009906,72.50881882554064,321.8742496619103,393.0910763062196,297.2032797231196,4.131533816453072,4.130115542972536,362.5440941277032,12.986377275919832,True
vector_thrust,cruise_67,0.6167726702921782,23.128975135956686,72.51907954656468,321.8343411498849,393.0543351059399,297.24534374176653,4.136100229286944,4.130700089877185,362.5953977328234,13.005186457529483,True
vector_thrust,cruise_67,0.6158030496309067,23.092614361159004,72.53386940000426,321.7768438061603,393.001430088207,297.30597502385746,4.142717528284595,4.1315426586428705,362.6693470000213,13.032366512456601,True
vector_thrust,cruise_67,0.6147265980781539,23.052247427930777,72.55023312403904,321.71326503650045,392.9429697772592,297.3730584180279,4.150088092566564,4.132474889838963,362.7511656201952,13.062534097481372,True
vector_thrust,cruise_67,0.613756520755544,23.015869528332903,72.56492955755098,321.65619763143104,392.8905331985646,297.43330672337026,4.156752208375598,4.13331213652939,362.82464778775494,13.089714152408488,True
vector_thrust,cruise_67,0.6130850802423843,22.99069050908942,72.57507378602531,321.6168252435157,392.8543761315382,297.47489317862056,4.161377001527527,4.133890046925824,362.87536893012657,13.108523334018141,True
vector_thrust,cruise_67,0.6128454209543378,22.981703285787674,72.57868905732519,321.6027970818387,392.84149762238195,297.48971405124877,4.163030170227823,4.134096006686629,362.89344528662593,13.115236253213059,True
vector_thrust,cruise_68,0.6128454209543378,22.981703285787674,72.57824529654836,321.5622413655261,392.8034226549427,297.4885904080555,4.162489469239816,4.162489469239816,362.8912264827418,13.115236253213059,True
vector_thrust,cruise_68,0.6126057500186873,22.97271562570078,72.58185769493623,321.5482396945358,392.7905740210997,297.50339958064575,4.164143934784749,4.162696680631925,362.90928847468115,13.121949172407977,True
vector_thrust,cruise_68,0.6119341372524448,22.947530146966688,72.59196522738375,321.50907429815527,392.75464529939325,297.54483569672516,4.168786970727481,4.1632764588230495,362.95982613691876,13.14075835401763,True
vector_thrust,cruise_68,0.6109634474725127,22.91112928021923,72.60653323645585,321.4526517108363,392.70291530423,297.60455766329864,4.175515447188922,4.16411209442374,363.03266618227923,13.167938408944746,True
vector_thrust,cruise_68,0.6098858129881093,22.8707179870541,72.62265006789751,321.39026710516947,392.6457604908756,297.67062907112904,4.183010041079026,4.165036572027855,363.1132503394876,13.198105993969516,True
vector_thrust,cruise_68,0.6089146732243018,22.834300245911322,72.63712346178498,321.3342767494875,392.59450131135316,297.7299631600741,4.189786476851842,4.1658667804068115,363.1856173089249,13.225286048896635,True
vector_thrust,cruise_68,0.6082424993391187,22.809093725216957,72.64711301124323,321.2956503365006,392.55915968645616,297.770915601548,4.194489317816356,4.166439790975523,363.23556505621616,13.244095230506286,True
vector_thrust,cruise_68,0.6080025786826798,22.8000967006005,72.65067301279196,321.28188853545754,392.54657233502695,297.7855099289179,4.19617040509908,4.166643996232285,363.2533650639598,13.250808149701205,True
vector_thrust,cruise_69,0.6080025786826798,22.8000967006005,72.6502255481826,321.2415330444868,392.5087536496282,297.7843762810252,4.195627361119629,4.195627361119629,363.251127740913,13.250808149701205,True
vector_thrust,cruise_69,0.6077626465770225,22.791099246638346,72.65378304437021,321.22779785538467,392.49619630382466,297.7989602636319,4.1973097994919915,4.195832841867891,363.26891522185105,13.257521068896123,True
vector_thrust,cruise_69,0.6070903030649109,22.76588636493416,72.66373543494161,321.1893794747868,392.4610841158302,297.8397604673705,4.2020313338109965,4.1964076955700325,363.31867717470806,13.276330250505774,True
vector_thrust,cruise_69,0.6061185600294527,22.729446001104485,72.67807878132712,321.1340372665135,392.41053498880444,297.8985615614797,4.208873712341091,4.1972361724780205,363.3903939066356,13.303510305432892,True
vector_thrust,cruise_69,0.6050397602697407,22.68899101011528,72.69394559804482,321.07285304710297,392.35469214127284,297.96360818014364,4.21649538051105,4.1981526455865925,363.4697279902241,13.333677890457663,True
vector_thrust,cruise_69,0.604067574017165,22.652534025643693,72.70819314481844,321.01794533020325,392.3046161706016,298.022016540054,4.223386898108121,4.198975589073482,363.5409657240922,13.36085794538478,True
vector_thrust,cruise_69,0.6033946778241086,22.627300418404076,72.71802607546296,320.9800687508264,392.27009399822026,298.0623270132187,4.2281697086108725,4.199543542725927,363.5901303773148,13.379667126994432,True
vector_thrust,cruise_69,0.6031544997529198,22.618293740734494,72.72153011555818,320.96657468571624,392.25779923381356,298.0766919588628,4.229879402414142,4.1997459373570285,363.60765057779093,13.38638004618935,True
vector_thrust,cruise_70,0.6031544997529198,22.618293740734494,72.7210802833021,320.9264221168818,392.22023972323916,298.0755533127904,4.229334093088724,4.229334093088724,363.6054014165105,13.38638004618935,True
vector_thrust,cruise_70,0.6029143104322291,22.609286641208598,72.72458117720691,320.9129547834165,392.2079750930621,298.0899055164871,4.231045140365016,4.229537733621235,363.6229058860346,13.393092965384268,True
vector_thrust,cruise_70,0.6022412472695152,22.584046772606822,72.734376491722,320.8752872625554,392.17368343317486,298.1300618758246,4.2358471096527275,4.230107504129796,363.67188245860996,13.41190214699392,True
vector_thrust,cruise_70,0.6012684670472711,22.54756751427267,72.74849238475794,320.82103097440495,392.1243209316858,298.1879306530112,4.242806204069119,4.230928592573852,363.7424619237897,13.439082201921037,True
vector_thrust,cruise_70,0.6001885198964164,22.50706949611562,72.76410609546276,320.76105327246626,392.0697964198057,298.2519398052219,4.250558091047347,4.2318368055645035,363.8205304773138,13.469249786945808,True
vector_thrust,cruise_70,0.5992153033124362,22.47057387421636,72.7781250154862,320.70723370124443,392.02090937852086,298.3094110369257,4.257567543055743,4.232652253315637,363.89062507743097,13.496429841872926,True
vector_thrust,cruise_70,0.5985416960172494,22.445313600646855,72.78779941575928,320.67011075680665,391.98721060708004,298.34907169915493,4.262432308506542,4.233214990477595,363.9389970787964,13.515239023482577,True
vector_thrust,cruise_70,0.5983012645354175,22.436297420078166,72.79124681679869,320.6568857824069,391.9752098368232,298.3632044814998,4.264171319795416,4.233415517684665,363.9562340839935,13.521951942677497,True
vector_thrust,cruise_71,0.5983012645354175,22.436297420078166,72.79079321197777,320.6169388238634,391.937912379665,298.362055653578,4.263623678800033,4.263623678800033,363.95396605988884,13.521951942677497,True
vector_thrust,cruise_71,0.5980608220079832,22.42728082529937,72.7942377416112,320.6037406993152,391.92594187056983,298.3761767008798,4.265364095229542,4.263825469981265,363.971188708056,13.528664861872414,True
vector_thrust,cruise_71,0.5973870504392659,22.402014391472477,72.80387406261794,320.5668278246491,391.89247467102285,298.41568135295205,4.27024849965554,4.264389995418755,364.01937031308967,13.547474043482065,True
vector_thrust,cruise_71,0.5964132493145171,22.365496849294395,72.81775973631183,320.5136629142336,391.8443044622461,298.47260647071096,4.277327216296751,4.265203461056883,364.0887986815591,13.574654098409184,True
vector_thrust,cruise_71,0.5953321728956156,22.324956483585588,72.833117277637,320.4548977678168,391.79110455515644,298.5355655944625,4.285212570200085,4.266103153245408,364.16558638818503,13.604821683433954,True
vector_thrust,cruise_71,0.5943579423525323,22.28842283821996,72.8469048170238,320.4021717647537,391.7434120725793,298.5920884049866,4.292342903360478,4.266910869872828,364.23452408511895,13.63200173836107,True
vector_thrust,cruise_71,0.5936836353096426,22.263136324111606,72.85641876678866,320.3658061979077,391.7105405871109,298.6310913891191,4.297291673366865,4.267468226425178,364.2820938339433,13.650810919970723,True
vector_thrust,cruise_71,0.5934429544744007,22.25411079279003,72.85980883619382,320.35285164800575,391.69883519545493,298.64498917357906,4.299060735472745,4.267666827158024,364.29904418096913,13.657523839165641,True
vector_thrust,cruise_72,0.5934429544744007,22.25411079279003,72.8593520354026,320.31311297946417,391.6618026561371,298.6438323428586,4.298510801017957,4.298510801017957,364.29676017701297,13.657523839165641,True
vector_thrust,cruise_72,0.5932022605654504,22.245084771204397,72.86273922577874,320.3001853474326,391.6501276128577,298.6577183579068,4.300281321890401,4.298710668482821,364.3136961288937,13.664236758360559,True
vector_thrust,cruise_72,0.5925277943827082,22.21979228935156,72.87221463653898,320.26403089834696,391.6174887826479,298.6965634423228,4.30525021016359,4.299269782708013,364.3610731826949,13.683045939970212,True
vector_thrust,cruise_72,0.5915529859384426,22.183236972691603,72.88586737856951,320.2119626755721,391.5705163931518,298.7525337775277,4.312451573815329,4.300075388129452,364.4293368928476,13.710225994897328,True
vector_thrust,cruise_72,0.5904708031195987,22.142655116984955,72.90096568407658,320.1544161216744,391.5186473296789,298.814430297541,4.320473717140495,4.300966291710937,364.5048284203829,13.740393579922099,True
vector_thrust,cruise_72,0.5894955515328835,22.106083182483133,72.91829831234601,320.0862311547604,391.4555971878942,298.88548633071156,4.327728620068858,4.301989032156186,364.5914915617301,13.767573634849217,True
vector_thrust,cruise_72,0.5888204998726172,22.08076874522315,72.9312285552185,320.0349636527427,391.40789408603865,298.9384949792833,4.332764473872655,4.302752008731478,364.65614277609245,13.786382816458868,True
vector_thrust,cruise_72,0.5885795449089205,22.071732934084523,72.93584525563206,320.0166642934689,391.39086902815933,298.9574214532624,4.334564805806807,4.303024425717913,364.6792262781603,13.793095735653788,True
vector_thrust,cruise_73,0.5885795449089205,22.071732934084523,72.935385102916,319.97703862925067,391.35400641026433,298.9562561433626,4.334011190064655,4.334011190064655,364.67692551458,13.793095735653788,True
vector_thrust,cruise_73,0.5883385746517461,22.062696549440485,72.94000265146978,319.95873822597736,391.3369837598359,298.9751861402436,4.335812855148705,4.334285620910721,364.7000132573489,13.799808654848706,True
vector_thrust,cruise_73,0.5876633017121973,22.037373814207402,72.95294556266863,319.9074554631608,391.28928729872763,299.0282466041834,4.340869574081571,4.335054845972045,364.76472781334314,13.818617836458357,True
vector_thrust,cruise_73,0.5866872714294361,22.00077267860386,72.97166119277198,319.83333364361573,391.22036377321956,299.1049727750541,4.348199126890809,4.336167156138804,364.8583059638599,13.845797891385475,True
vector_thrust,cruise_73,0.585603637334606,21.960136400047727,72.9924514104419,319.7510423583901,391.1438642337522,299.19020387785815,4.356365452864695,4.3374027635084555,364.9622570522095,13.875965476410245,True
vector_thrust,cruise_73,0.5846270261862261,21.923513481983484,73.01119848013414,319.6768803892042,391.0749403516859,299.2670589377516,4.363751270210048,4.338516942197633,365.05599240067073,13.903145531337364,True
vector_thrust,cruise_73,0.583951028918755,21.898163584453318,73.02418059589547,319.6255475605828,391.02724344595515,299.32028012382244,4.368878150973598,4.339288497270457,365.1209029794774,13.921954712947015,True
vector_thrust,cruise_73,0.5837097363052064,21.889115111445246,73.02881559351658,319.60722487592267,391.01022059765086,299.3392816539654,4.370711041477971,4.339563965144353,365.1440779675829,13.928667632141932,True
vector_thrust,cruise_74,0.5837097363052064,21.889115111445246,73.02835191983941,319.56750306319793,390.9733203791394,299.33810741290876,4.370150692276689,4.370150692276689,365.14175959919703,13.928667632141932,True
vector_thrust,cruise_74,0.5834684283435942,21.88006606288479,73.03298777018496,319.5491793318264,390.9562999484137,299.3571124855362,4.371984954111517,4.370428154548424,365.1649388509248,13.93538055133685,True
vector_thrust,cruise_74,0.5827922087854126,21.854707829452977,73.04598199449671,319.4978311806626,390.90860970661356,299.41038344088895,4.3771332423586555,4.371205877453219,365.2299099724836,13.954189732946503,True
vector_thrust,cruise_74,0.5818148095779558,21.818055359173346,73.06477185936706,319.4236148084516,390.83969516784856,299.48741412995366,4.384595732121658,4.372330477732322,365.3238592968353,13.98136978787362,True
vector_thrust,cruise_74,0.5807296546762333,21.77736205035875,73.08564458946726,319.34121848931557,390.7632056023295,299.57298370660425,4.392910464643302,4.373579740473606,365.42822294733634,14.01153737289839,True
vector_thrust,cruise_74,0.5797516720514295,21.74068770192861,73.10446610687774,319.2669618081171,390.6942907059491,299.65014415801653,4.400430770283662,4.374706235202494,365.5223305343887,14.038717427825508,True
vector_thrust,cruise_74,0.5790747249833718,21.715302186876446,73.11749980131931,319.21556339244677,390.6466000182087,299.70357692460755,4.405651154904854,4.375486320450998,365.58749900659654,14.05752660943516,True
vector_thrust,cruise_74,0.5788330932492824,21.7062409968481,73.12215321753457,319.1972172912577,390.62957938902025,299.722654010049,4.407517503055924,4.375764834065148,365.6107660876729,14.064239528630079,True
vector_thrust,cruise_75,0.5788330932492824,21.7062409968481,73.1216859892042,319.1573927412395,390.59263578124927,299.7214707667066,4.406950202587449,4.406950202587449,365.608429946021,14.064239528630079,True
vector_thrust,cruise_75,0.5785914460977999,21.6971792286675,73.1263402653963,319.1390455896086,390.5756175792568,299.7405514242599,4.408817961905919,4.4072307547529475,365.6317013269815,14.070952447824997,True
vector_thrust,cruise_75,0.5779142757562503,21.671785340859394,73.13938615032079,319.0876317917031,390.52793358206657,299.79403429747936,4.414060351959442,4.408017139386542,365.69693075160393,14.089761629434648,True
vector_thrust,cruise_75,0.5769355015989629,21.635081309961116,73.158250752868,319.0133204930026,390.4590280665995,299.8713715691429,4.421659461063296,4.409154266814062,365.79125376434,14.116941684361766,True
vector_thrust,cruise_75,0.5758488191933903,21.59433071975214,73.1792065547193,318.9308187244449,390.382548515593,299.9572819156051,4.430126719148493,4.410417448319803,365.8960327735965,14.147109269386537,True
vector_thrust,cruise_75,0.5748694590497861,21.557604714366985,73.19810302479391,318.85646695633056,390.31364264143747,300.0347498312945,4.437785253181467,4.41155649666982,365.99051512396954,14.174289324313655,True
vector_thrust,cruise_75,0.5741915579949082,21.532183424809062,73.21118864763771,318.80500269386977,390.2659581969688,300.08839561408445,4.443101746101515,4.41234527664187,366.05594323818855,14.193098505923306,True
vector_thrust,cruise_75,0.573949585645279,21.523109461697963,73.21586060893364,318.7866330833912,390.2489397959183,300.1075487734699,4.445002484731899,4.412626894836983,366.0793030446682,14.199811425118224,True
vector_thrust,cruise_76,0.573949585645279,21.523109461697963,73.21538977733658,318.7467051324076,390.2119525260716,300.10635640231357,4.444428090781219,4.444428090781219,366.07694888668294,14.199811425118224,True
vector_thrust,cruise_76,0.573707597342262,21.51403490033483,73.22006261407778,318.7283344354631,390.1949365320148,300.1255131974475,4.446330285609153,4.444711793530615,366.1003130703889,14.206524344313143,True
vector_thrust,cruise_76,0.5730294723624703,21.488605213592642,73.23316050404907,318.6768547540499,390.1472588265605,300.1792094023812,4.451669401716135,4.445507008015362,366.16580252024534,14.225333525922794,True
vector_thrust,cruise_76,0.5720493174590169,21.45184940471314,73.25210034651677,318.6024481711492,390.0783623884555,300.2568553184566,4.459408947911642,4.4466569059871235,366.26050173258386,14.252513580849913,True
vector_thrust,cruise_76,0.570961089519388,21.411040856977053,73.27509465234796,318.5166279317425,389.99868034786357,300.3511229418451,4.468107249619045,4.44805296329981,366.37547326173984,14.282681165874683,True
vector_thrust,cruise_76,0.569980288234011,21.374260808775418,73.29817213046476,318.4260806169916,389.9136837480551,300.44573153903633,4.475932879643821,4.449454070267443,366.4908606523238,14.3098612208018,True
vector_thrust,cruise_76,0.56930135271341,21.348800726752877,73.31415546519831,318.36340313528666,389.8548588572102,300.51125693439883,4.48136584638257,4.450424469266317,366.57077732599157,14.328670402411452,True
vector_thrust,cruise_76,0.5690590041468296,21.33971265550612,73.31986246490263,318.3410305017685,389.8338634503699,300.53465339200505,4.483308318475276,4.450770959339558,366.59931232451316,14.33538332160637,True
vector_thrust,cruise_77,0.5690590041468296,21.33971265550612,73.31938792040306,318.2923404560228,389.78817442074654,300.53345161781317,4.48260467443918,4.48260467443918,366.59693960201525,14.33538332160637,True
vector_thrust,cruise_77,0.5688166363101264,21.330623861629746,73.32509622622474,318.26996622328284,389.76718093932703,300.55685348781407,4.484548610873778,4.482953724873639,366.62548113112376,14.342096240801288,True
vector_thrust,cruise_77,0.5681374262118598,21.305153482944746,73.34109788513327,318.2072657358192,389.7083555510413,300.62245416746737,4.49000516405571,4.483932191369389,366.7054894256663,14.360905422410939,True
vector_thrust,cruise_77,0.5671556512292545,21.26833692109705,73.36424008886655,318.11663672591345,389.6233426881472,300.7173283490922,4.49791563179172,4.485347286586729,366.8212004443328,14.388085477338057,True
vector_thrust,cruise_77,0.5660655642727336,21.227458660227516,73.38995252420504,318.0160126165357,389.52897484218244,300.822739496986,4.506731100056656,4.48691954585352,366.94976262102523,14.418253062362828,True
vector_thrust,cruise_77,0.5650830700369089,21.190615126384092,73.41314256891941,317.9253232159852,389.44394271199917,300.9178098084257,4.514705749417992,4.488337566443794,367.0657128445971,14.445433117289946,True
vector_thrust,cruise_77,0.5644029630439185,21.165111114146946,73.429203885194,317.8625474225711,389.3850932977798,300.98365506036333,4.520242337215792,4.489319680855805,367.14601942597,14.464242298899597,True
vector_thrust,cruise_77,0.5641601960512855,21.156007351923215,73.43493874018361,317.8401396755127,389.3640891238075,301.007165772097,4.522221892858074,4.489670354718395,367.17469370091806,14.470955218094515,True
vector_thrust,cruise_78,0.5641601960512855,21.156007351923215,73.43446036293894,317.79129867666205,389.3183111693825,301.0059542902627,4.5215087862320456,4.5215087862320456,367.17230181469466,14.470955218094515,True
vector_thrust,cruise_78,0.5639174097116896,21.146902864188366,73.44019653467113,317.76888932539214,389.29730893224286,301.0294704584265,4.523489850789388,4.521862030277406,367.20098267335567,14.477668137289434,True
vector_thrust,cruise_78,0.5632370264066173,21.12138849024815,73.4562763331468,317.706090392683,389.2384589965893,301.09539164463973,4.529050718367253,4.522852253953761,367.281381665734,14.496477318899085,True
vector_thrust,cruise_78,0.5622535545589296,21.08450829595986,73.47953161087335,317.61531900716096,389.15341062421777,301.19072962386747,4.537112667209545,4.524284356889253,367.3976580543668,14.523657373826204,True
vector_thrust,cruise_78,0.5611615821004392,21.043559328766474,73.50536976953694,317.51453670904164,389.05900331371424,301.296656453116,4.546097301843762,4.525875518400573,367.5268488476847,14.553824958850974,True
vector_thrust,cruise_78,0.5601773871692349,21.006652018846314,73.52867328611501,317.42370463758914,388.9739355802793,301.39219219376685,4.554225304877683,4.5273105919750165,367.64336643057504,14.58100501377809,True
vector_thrust,cruise_78,0.5594961021931375,20.98110383224266,73.54481323713162,317.3608300307141,388.9150615017579,301.4583599832763,4.559868542138764,4.528304519960056,367.7240661856581,14.599814195387744,True
vector_thrust,cruise_78,0.5592529145719601,20.971984296448507,73.5505761797181,317.3383870012548,388.8940485200253,301.48198590193624,4.561886265204623,4.528659412603478,367.75288089859055,14.606527114582661,True
vector_thrust,cruise_79,0.5592529145719601,20.971984296448507,73.55009391784805,317.2893902539864,388.8481775685567,301.48076458148864,4.5611634366694185,4.5611634366694185,367.75046958924025,14.606527114582661,True
vector_thrust,cruise_79,0.5590097074984285,20.96286403119107,73.55585818673043,317.26694561292857,388.82716653313236,301.5043959969463,4.563182715133365,4.561520961131358,367.77929093365213,14.61324003377758,True
vector_thrust,cruise_79,0.5583281447304257,20.937305427390967,73.5720167744877,317.2040477547419,388.76829193072575,301.57064035605623,4.568850950599656,4.562523185432724,367.8600838724385,14.632049215387232,True
vector_thrust,cruise_79,0.5573429669646077,20.900361261172794,73.59538606714798,317.1131332986662,388.6832078760457,301.66644599429327,4.577068822156581,4.563972648302304,367.9769303357399,14.659229270314349,True
vector_thrust,cruise_79,0.556249098938428,20.859341210191054,73.62135099577763,317.0121920391198,388.5887609087384,301.7728928001775,4.586227593699464,4.565583103548507,368.10675497888815,14.689396855339119,True
vector_thrust,cruise_79,0.5552631942270824,20.822369783515594,73.64476892991111,316.9212165993695,388.5036573984332,301.8688978508921,4.594513465808937,4.567035583369774,368.22384464955553,14.716576910266237,True
vector_thrust,cruise_79,0.5545807249721961,20.79677718645736,73.66098817308614,316.85824269573504,388.4447585352415,301.93539087516456,4.600266498150217,4.568041569776656,368.3049408654307,14.735386091875888,True
vector_thrust,cruise_79,0.5543371144738208,20.787641792768284,73.66677943682578,316.83576421125144,388.4237367027457,301.95913295947946,4.602323515362202,4.56840076857011,368.3338971841289,14.742099011070806,True
vector_thrust,cruise_80,0.5543371144738208,20.787641792768284,73.66629323496451,316.7866105614334,388.3777721040452,301.95790165770603,4.601590750503731,4.601590750503731,368.33146617482254,14.742099011070806,True
vector_thrust,cruise_80,0.5540934844169993,20.77850566563748,73.67208583616582,316.76413045790986,388.3567522274214,301.9816492852336,4.603649371584767,4.601952644869062,368.3604291808291,14.748811930265726,True
vector_thrust,cruise_80,0.5534107358786087,20.752902595447832,73.68832387106401,316.7011331900314,388.2978528378948,302.0482195167989,4.609428149100669,4.602967120596135,368.4416193553201,14.767621111875377,True
vector_thrust,cruise_80,0.5524238430673498,20.715894115025627,73.71180813053587,316.6100749626978,388.21273292665217,302.14449672036415,4.617806560751614,4.604434306210349,368.5590406526793,14.794801166802495,True
vector_thrust,cruise_80,0.5513280693252322,20.67480259969621,73.73790088838989,316.5089739626225,388.1182461086918,302.25146784981854,4.6271446368851095,4.6060644584837815,368.68950444194945,14.824968751827265,True
vector_thrust,cruise_80,0.5503404456745218,20.637766712794573,73.7614341968072,316.41785445138237,388.0331066464648,302.34794613675973,4.635593072920299,4.607534708443713,368.80717098403596,14.852148806754382,True
vector_thrust,cruise_80,0.5496567857935954,20.612129467259834,73.7777333949138,316.354780763672,387.97418287724145,302.41476711587546,4.641459171047894,4.608553005357788,368.888666974569,14.870957988364035,True
vector_thrust,cruise_80,0.5494127501509596,20.602978130660986,73.78355321572053,316.3322666501058,387.95315215062544,302.43862633440995,4.64355665400296,4.608916600278535,368.91776607860265,14.877670907558953,True
vector_thrust,cruise_81,0.5494127501509596,20.602978130660986,73.78306302153162,316.2829549345083,387.90709325113596,302.43738492107065,4.642813732018104,4.642813732018104,368.9153151076581,14.877670907558953,True
vector_thrust,cruise_81,0.5491686948430812,20.593826056615548,73.78888419210517,316.26043919440434,387.88606449004334,302.46124973351954,4.644912869373424,4.643180088442522,368.9444209605259,14.88438382675387,True
vector_thrust,cruise_81,0.5484847541752368,20.568178281571385,73.80520233903238,316.19734202859047,387.8271401920358,302.5281485662132,4.65080548971977,4.644207073975964,369.02601169516186,14.903193008363523,True
vector_thrust,cruise_81,0.547496137116575,20.531105141871567,73.82880252809474,316.10613932346126,387.7419842485371,302.6249012862765,4.659349243390419,4.645692356152429,369.14401264047376,14.93037306329064,True
vector_thrust,cruise_81,0.5463984474273067,20.489941778524003,73.85502418738463,316.00487779726404,387.64745738447164,302.73240113918973,4.668871998822888,4.647342621027672,369.27512093692314,14.96054064831541,True
vector_thrust,cruise_81,0.5454090956031561,20.452841085118358,73.87867383763265,315.9136135054788,387.5622817938222,302.82935663308496,4.677487882067685,4.648831016050559,369.39336918816326,14.987720703242529,True
vector_thrust,cruise_81,0.5447242386970941,20.42715895114103,73.89505366132629,315.850439542311,387.50333299620127,302.8965083194516,4.683470448208661,4.649861883222196,369.4752683066314,15.00652988485218,True
vector_thrust,cruise_81,0.5444797756246147,20.41799158592306,73.90090228045527,315.827889624151,387.4822933317484,302.9204856616848,4.68560961580628,4.6502299671275855,369.5045114022763,15.013242804047097,True
vector_thrust,cruise_82,0.5444797756246147,20.41799158592306,73.90040802703155,315.7784186705813,387.4361394747329,302.9192339536897,4.684856308234961,4.684856308234961,369.50204013515776,15.013242804047097,True
vector_thrust,cruise_82,0.5442352927794096,20.408823479227866,73.90625801698364,315.75586711832943,387.41510178554415,302.94321697310625,4.68699718336622,4.685227222284682,369.5312900849182,15.019955723242017,True
vector_thrust,cruise_82,0.5435501535711746,20.383130758919055,73.9226569489641,315.69266956226136,387.3561524566902,303.0104471688739,4.69300708038382,4.6862669839486575,369.6132847448205,15.038764904851668,True
vector_thrust,cruise_82,0.5425598029880967,20.34599261205363,73.94637404288228,315.6013216668966,387.2709603037854,303.1076794073944,4.701721171946501,4.6877707480380195,369.7318702144114,15.065944959778786,True
vector_thrust,cruise_82,0.5414601870370626,20.304757013889848,73.97272568648275,315.49989882241795,387.17639319654137,303.2157124281797,4.711434198745494,4.689441553725456,369.86362843241375,15.096112544803557,True
vector_thrust,cruise_82,0.5404690977301739,20.267591164881523,73.9964926578368,315.40848903510266,387.0911812995052,303.3131491477653,4.72022261051636,4.690948480256486,369.982463289184,15.123292599730673,True
vector_thrust,cruise_82,0.5397830373477572,20.241863900540903,74.01295378626664,315.3452143009832,387.0322073501039,303.38063432841267,4.726325185128086,4.6919921854386955,370.06476893133316,15.142101781340326,True
vector_thrust,cruise_82,0.5395381445412418,20.23268042029657,74.01883144580243,315.32262840124895,387.01115870373434,303.40473078801176,4.728507305709071,4.692364853919615,370.0941572290122,15.148814700535244,True
vector_thrust,cruise_83,0.5395381445412418,20.23268042029657,74.01833309522532,315.2729970286905,386.9649092294683,303.4034687112354,4.727743378654601,4.727743378654601,370.0916654761266,15.148814700535244,True
vector_thrust,cruise_83,0.5392932318538435,20.223496194519136,74.02421212919089,315.2504094872537,386.9438625681942,303.4275708665327,4.729927261109343,4.728118947218803,370.1210606459544,15.155527619730162,True
vector_thrust,cruise_83,0.5386068876421253,20.197758286579703,74.0406925269562,315.18711104448914,386.8848880851117,303.49513521902946,4.736058008442542,4.729171759572949,370.20346263478103,15.174336801339814,True
vector_thrust,cruise_83,0.537614794182201,20.160554781832545,74.06452751066949,315.0956172404806,386.79965954417963,303.5928510183862,4.744947637435023,4.73069440275617,370.3226375533475,15.201516856266931,True
vector_thrust,cruise_83,0.5365132415709594,20.11924655891098,74.0910102362954,314.99403227891935,386.705051995045,303.70142171156624,4.754856756372735,4.7323861908493585,370.455051181477,15.231684441291701,True
vector_thrust,cruise_83,0.5355204053963923,20.082015202364715,74.11489551938193,314.9024762750889,386.6198036121752,303.79934372224346,4.763822986132201,4.733912047292498,370.5744775969096,15.25886449621882,True
vector_thrust,cruise_83,0.534833135034006,20.05624256377523,74.13143863953981,314.83910027036336,386.56080438658296,303.8671652164609,4.770049254951191,4.73496886652261,370.65719319769903,15.27767367782847,True
vector_thrust,cruise_83,0.5345878101705495,20.04704288139561,74.1373455849726,314.81647821058795,386.5397467138494,303.8913818008593,4.77227564898766,4.7353462181627535,370.686727924863,15.28438659702339,True
vector_thrust,cruise_84,0.5345878101705495,20.04704288139561,74.136843044232,314.7666852293411,386.4934009598145,303.89010907787673,4.771500857974271,4.771500857974271,370.68421522116,15.28438659702339,True
vector_thrust,cruise_84,0.5343424653173883,20.037842449402067,74.14275140294038,314.74406152019503,386.4723452820991,303.9143315074366,4.773729072597831,4.771881184085502,370.7137570147019,15.291099516218308,True
vector_thrust,cruise_84,0.5336549095866735,20.01205910950026,74.15931395545032,314.6806616901211,386.41334552037796,303.98223284402695,4.7799843909109665,4.772947330288093,370.7965697772516,15.309908697827959,True
vector_thrust,cruise_84,0.532661063821623,19.97478989331087,74.18326782586335,314.5890212530202,386.32808041130727,304.080436295579,4.789054971159029,4.774489262188274,370.9163391293168,15.337088752755077,True
vector_thrust,cruise_84,0.5315575640674656,19.933408652529966,74.20988274117956,314.48727336885673,386.2334322199133,304.1895492076877,4.799166243224821,4.776202487917543,371.04941370589773,15.367256337779848,True
vector_thrust,cruise_84,0.5305629715642652,19.89611143365995,74.23388734056641,314.39557042145833,386.1481471702663,304.2879606312118,4.8083157994976045,4.777747685269325,371.169436702832,15.394436392706965,True
vector_thrust,cruise_84,0.5298744846656125,19.870293174960473,74.25051314743105,314.3320926422632,386.0891225430322,304.35612129112496,4.814669601074574,4.778817903211734,371.25256573715524,15.413245574316617,True
vector_thrust,cruise_84,0.5296287254035037,19.861077202631392,74.2564496242473,314.30943424247647,386.0680557991163,304.3804590088747,4.81694164367225,4.779200039509215,371.2822481212365,15.419958493511535,True
vector_thrust,cruise_85,0.5296287254035037,19.861077202631392,74.25594284491189,314.25947845430096,386.02161310019505,304.37917552920266,4.8161557390997976,4.8161557390997976,371.2797142245594,15.419958493511535,True
vector_thrust,cruise_85,0.5293829460422107,19.851860476582907,74.26188076971354,314.236818397417,386.0005483613118,304.403519226277,4.818429663228585,4.816540926542966,371.30940384856774,15.426671412706453,True
vector_thrust,cruise_85,0.5286941722242756,19.82603145841034,74.27852617373576,314.1733166752008,385.94152319550204,304.4717604065025,4.82481342781637,4.81762069867657,371.39263086867874,15.445480594316106,True
vector_thrust,cruise_85,0.5276985646495735,19.78869617435901,74.30259994056962,314.08152887444913,385.856221336675,304.5704556538238,4.834070598632513,4.8191823419163935,371.5129997028481,15.472660649243222,True
vector_thrust,cruise_85,0.5265931071849929,19.747241519437235,74.32934817084615,313.9796172553604,385.7615323009707,304.68011540192094,4.844390338015191,4.8209174751567945,371.64674085423076,15.502828234267993,True
vector_thrust,cruise_85,0.5255967488157064,19.709878080588993,74.3534730962486,313.88776663119677,385.67621040208326,304.77902038380705,4.853728959314718,4.822482437001861,371.767365481243,15.530008289195111,True
vector_thrust,cruise_85,0.524907038771556,19.684013953933352,74.37018229315235,313.82418656941275,385.6171602467068,304.84752309578244,4.8602142930363685,4.823566347321451,371.8509114657617,15.548817470804762,True
vector_thrust,cruise_85,0.5246608427501597,19.67478160313099,74.3761485588564,313.80149164812224,385.59608438641345,304.87198300122213,4.86253341751351,4.823953373515856,371.88074279428196,15.555530389999682,True
vector_thrust,cruise_86,0.5246608427501597,19.67478160313099,74.3756375391188,313.7513718463791,385.54954407508325,304.87068882894374,4.86173614453792,4.86173614453792,371.878187695594,15.555530389999682,True
vector_thrust,cruise_86,0.5244146265194669,19.665548494480014,74.38160521833458,313.728675260207,385.52847022993103,304.8951545909728,4.864057209995006,4.862126297097411,371.9080260916729,15.5622433091946,True
vector_thrust,cruise_86,0.523724627993093,19.639673549740994,74.39833417885531,313.6650711367464,385.4694195335304,304.9637385081245,4.870573458922921,4.863219996561374,371.9916708942765,15.58105249080425,True
vector_thrust,cruise_86,0.5227272490275531,19.602271838533245,74.42252886378533,313.57313523560424,385.38408074180523,305.0629297438674,4.880023096909627,4.864801787247402,372.1126443189267,15.608232545731369,True
vector_thrust,cruise_86,0.5216198231998552,19.560743369994572,74.4494115456324,313.4710590623904,385.2893506580447,305.1731409923386,4.8905578839609865,4.8665593127487385,372.247057728162,15.638400130756139,True
vector_thrust,cruise_86,0.5206216893501545,19.5233133506308,74.47365782529452,313.37906002205114,385.2039917259194,305.27254375161897,4.900091551741235,4.868144476575136,372.3682891264726,15.665580185683256,True
vector_thrust,cruise_86,0.5199307494979569,19.497403106173387,74.49045112351223,313.31537716524593,385.14491591483153,305.3413914347906,4.9067125863167576,4.869242382284041,372.45225561756115,15.684389367292908,True
vector_thrust,cruise_86,0.5196841143376211,19.488154287660794,74.49644742801615,313.29264553941994,385.12383089258515,305.365974555228,4.9090802861051195,4.8696344063439305,372.48223714008077,15.691102286487826,True
vector_thrust,cruise_87,0.5196841143376211,19.488154287660794,74.49593202627322,313.2423605092169,385.0771922991149,305.36466923662795,4.908271373259897,4.908271373259897,372.47966013136613,15.691102286487826,True
vector_thrust,cruise_87,0.5194374588572518,19.478904707146945,74.50192979579761,313.21962721066654,385.05610930221314,305.3892584103401,4.910641081288958,4.9086666067285405,372.509648978988,15.697815205682744,True
vector_thrust,cruise_87,0.5187462289479413,19.452983585547805,74.51874302642744,313.1559201725409,384.99703294765607,305.45818799302526,4.917294024051843,4.9097745446517775,372.5937151321372,15.716624387292397,True
vector_thrust,cruise_87,0.5177470689332967,19.415515084998628,74.54305966187627,313.0638354280148,384.9116570383503,305.55787945449924,4.926942255639019,4.911376932864319,372.7152983093813,15.743804442219513,True
vector_thrust,cruise_87,0.5166376640041532,19.37391240015575,74.57007794355886,312.96159387452093,384.8168857010744,305.66864691629047,4.937698951070997,4.913157350890928,372.8503897177943,15.773972027244284,True
vector_thrust,cruise_87,0.5156377449824686,19.33641543684258,74.59444661576822,312.869445672315,384.7314895501672,305.768551714079,4.9474339021768365,4.914763168159386,372.9722330788411,15.801152082171402,True
vector_thrust,cruise_87,0.5149455686061822,19.31045882273184,74.61132473532136,312.8056595037027,384.67238795472707,305.8377473233748,4.954194984740449,4.915875382054695,373.0566236766068,15.819961263781053,True
vector_thrust,cruise_87,0.5146984919081405,19.301193446555274,74.6173513366261,312.78289098875337,384.6512937245687,305.8624547173409,4.95661281756029,4.916272515733633,373.0867566831305,15.826674182975973,True
vector_thrust,cruise_88,0.5146984919081405,19.301193446555274,74.61683145778262,312.732439507094,384.60455617721857,305.86113797292086,4.955791987347744,4.955791987347744,373.0841572889131,15.826674182975973,True
vector_thrust,cruise_88,0.5144513947787089,19.29192730420159,74.62285960865351,312.7096693115174,384.5834639827032,305.88585173962116,4.958211900567156,4.95619241836622,373.1142980432676,15.83338710217089,True
vector_thrust,cruise_88,0.5137589267583786,19.2659597534392,74.63975783141034,312.64585884093617,384.52436184134774,305.95512995098903,4.965005927267213,4.957314916003775,373.19878915705164,15.852196283780541,True
vector_thrust,cruise_88,0.5127579759588462,19.22842409845674,74.6641974626183,312.5536245037055,384.43894862821946,306.0553259279223,4.974859142258702,4.958938366511221,373.32098731309156,15.87937633870766,True
vector_thrust,cruise_88,0.5116465811037497,19.18674679139062,74.69135250730024,312.4512167367343,384.3441358302314,306.16665437668377,4.985844902437295,4.960742193692381,373.4567625365012,15.90954392373243,True
vector_thrust,cruise_88,0.5106448671407514,19.149182517778183,74.71584462257871,312.35891862060936,384.25870227342756,306.2670655243686,4.995787643022519,4.962369130558028,373.5792231128936,15.936723978659549,True
vector_thrust,cruise_88,0.5099514474704614,19.123179280142306,74.73280829212914,312.29502861899283,384.19957476390454,306.33661205017,5.00269330877398,4.963495975627652,373.66404146064565,15.9555331602692,True
vector_thrust,cruise_88,0.5097039268167093,19.1138972556266,74.73886545048856,312.272223028756,384.17847127948545,306.3614447857651,5.005162899752969,4.963898334269557,373.6943272524428,15.962246079464117,True
vector_thrust,cruise_89,0.5097039268167093,19.1138972556266,74.73834122321568,312.22160386468124,384.13163410469906,306.3601171686581,5.004329879109962,5.004329879109962,373.6917061160784,15.962246079464117,True
vector_thrust,cruise_89,0.5094563856196044,19.104614460735167,74.74439982434323,312.19879658585415,384.1105326663179,306.3849558858143,5.006801614141571,5.004735614476472,373.7219991217161,15.968958998659035,True
vector_thrust,cruise_89,0.5087626727062767,19.07860022648538,74.76138376976867,312.13488216060495,384.05140460843285,306.4545857240463,5.013741305285141,5.005873003648281,373.80691884884334,15.987768180268688,True
vector_thrust,cruise_89,0.5077599213080982,19.040997049053686,74.78594745482117,312.0424974749462,383.965953903662,306.55529055875576,5.023806171161926,5.007517996534316,373.9297372741059,16.014948235195806,True
vector_thrust,cruise_89,0.5066465256158679,18.99924471059505,74.81324043982625,311.93992265417506,383.87109943600734,306.66718482616,5.035028464152556,5.009345766515759,374.0662021991312,16.045115820220577,True
vector_thrust,cruise_89,0.5056430068640158,18.96161275740059,74.83785706178855,311.84747386564226,383.7856282846029,306.7681066886788,5.04518578442506,5.010994304506689,374.1892853089428,16.072295875147695,True
vector_thrust,cruise_89,0.5049483370756194,18.935562640335732,74.85490701853954,311.7834795053609,383.7264747301635,306.8380071564931,5.052240766902613,5.012136114357396,374.2745350926977,16.091105056757346,True
vector_thrust,cruise_89,0.5047003700288006,18.92626387608003,74.86099499752943,311.76063665207784,383.705361944741,306.8629663153748,5.05476381233045,5.012543817114868,374.30497498764714,16.097817975952264,True
vector_thrust,cruise_90,0.5047003700288006,18.92626387608003,74.86046621857528,311.7098485668106,383.65842446734047,306.86162714752624,5.053918298688104,5.053918298688104,374.3023310928764,16.097817975952264,True
vector_thrust,cruise_90,0.5044523828664051,18.916964357490198,74.86655566495128,311.6870040622134,383.637313780309,306.8865923797705,5.056443558177906,5.05432946852137,374.33277832475636,16.10453089514718,True
vector_thrust,cruise_90,0.5037574176857538,18.89090316321577,74.88362608446089,311.6229851104935,383.5781596333703,306.95657692908867,5.063533700612029,5.055482092906871,374.41813042230444,16.123340076756833,True
vector_thrust,cruise_90,0.5027528563293622,18.853232112351083,74.90831487919257,311.53044935885816,383.49267128878853,307.05779495543925,5.073817172119839,5.057149123223713,374.54157439596287,16.15052013168395,True
vector_thrust,cruise_90,0.5016374482821151,18.81140431057932,74.93574700688812,311.4277065931998,383.3977749005007,307.1702599766053,5.085283800122901,5.0590013881475375,374.6787350344406,16.18068771670872,True
vector_thrust,cruise_90,0.5006321152966567,18.77370432362463,74.96048919824237,311.33510640762205,383.3122660014529,307.2716969159342,5.0956627848340945,5.060672023895002,374.80244599121187,16.20786777163584,True
vector_thrust,cruise_90,0.49993618841059917,18.74760706539747,74.9775019074862,311.27100715003604,383.25308626232936,307.34144481663463,5.1028635672439,5.0618207507492565,374.887509537431,16.22667695324549,True
vector_thrust,cruise_90,0.4996877737139809,18.738291514274287,74.98313638255243,311.24812694494693,383.2319642216394,307.3645448381333,5.105408825413944,5.062201201125009,374.9156819127622,16.23338987244041,True
vector_thrust,cruise_91,0.4996877737139809,18.738291514274287,74.9826030166949,311.19969657477884,383.18745364548147,307.3631940617531,5.104591987877232,5.104591987877232,374.9130150834745,16.23338987244041,True
vector_thrust,cruise_91,0.499439340146495,18.728975255493566,74.98823886354309,311.17862611475636,383.1681451093983,307.3862997175285,5.107169245927786,5.1049757193962435,374.94119431771543,16.240102791635326,True
vector_thrust,cruise_91,0.4987431349673947,18.702867561277305,75.00403714828103,311.11957956045177,383.11404207266736,307.4510690006743,5.114405425237829,5.106051387433907,375.02018574140516,16.258911973244977,True
vector_thrust,cruise_91,0.497736803263122,18.665130122367078,75.02688459580462,311.0342328343506,383.0358564354691,307.54473820738093,5.124900875775029,5.1076070163813645,375.1344229790231,16.286092028172096,True
vector_thrust,cruise_91,0.49661946302408216,18.623229863403086,75.05226866390831,310.9394746626864,382.9490707130181,307.64880696792255,5.136604075708259,5.1093353578728395,375.26134331954154,16.316259613196866,True
vector_thrust,cruise_91,0.49561241680987006,18.58546563037013,75.07516176832789,310.85407303657155,382.8708738758703,307.7426633575913,5.147197398999177,5.110894095496506,375.37580884163947,16.343439668123985,True
vector_thrust,cruise_91,0.4949153206508849,18.55932452440819,75.09101698677358,310.7949580230263,382.81675687301856,307.8076660559195,5.154555626483164,5.111973640020662,375.4550849338679,16.362248849733636,True
vector_thrust,cruise_91,0.49466649055985873,18.549993395994708,75.0966781530248,310.77385709576106,382.79744212142356,307.83087552259514,5.157187200938736,5.112359095598702,375.483390765124,16.368961768928553,True
vector_thrust,cruise_92,0.49466649055985873,18.549993395994708,75.09614021208623,310.72678167717754,382.7543556752504,307.8295131835184,5.156383180029583,5.156383180029583,375.48070106043116,16.368961768928553,True
vector_thrust,cruise_92,0.4944176413676577,18.54066155128717,75.10180263985468,310.7056793101036,382.7350432618217,307.8527278805392,5.1590171515185705,5.156772044216157,375.5090131992734,16.375674688123475,True
vector_thrust,cruise_92,0.4937202710757885,18.51451016534207,75.11767540360266,310.64654331459104,382.68092935309915,307.9178027156224,5.166412731657867,5.1578620981931,375.58837701801326,16.394483869733126,True
vector_thrust,cruise_92,0.4927122542731475,18.476709535243035,75.14063078823158,310.5610672383502,382.6027279843054,308.01191467250027,5.177139834360723,5.159438546488997,375.7031539411579,16.421663924660244,True
vector_thrust,cruise_92,0.49159304169251816,18.434739063469436,75.16613471218294,310.46616535508997,382.5159247719915,308.11647513036934,5.189101955124146,5.161190015283124,375.83067356091465,16.451831509685015,True
vector_thrust,cruise_92,0.49058430673008624,18.396911502378234,75.18913613990495,310.3806341194838,382.4377121506843,308.21077584636964,5.19993021857433,5.162769625440772,375.94568069952476,16.47901156461213,True
vector_thrust,cruise_92,0.48988604090553284,18.370726533957484,75.2050663649016,310.32142934120554,382.3835842101865,308.27608623280406,5.207451949962051,5.163863625085605,376.02533182450793,16.497820746221784,True
vector_thrust,cruise_92,0.4896367931644696,18.361379743667616,75.21075433415044,310.3002963629745,382.36426555208925,308.2994056442247,5.210142063148846,5.16425424331962,376.05377167075216,16.5045336654167,True
vector_thrust,cruise_93,0.4896367931644696,18.361379743667616,75.2102128249167,310.25307430882225,382.32110173325754,308.29803558766133,5.209326024501513,5.209326024501513,376.0510641245835,16.5045336654167,True
vector_thrust,cruise_93,0.4893875262268426,18.352032233506602,75.21590098068027,310.2319398845907,382.30178542455025,308.32135621221954,5.212018550780864,5.20972007416254,376.0795049034014,16.51124658461162,True
vector_thrust,cruise_93,0.48868898487169365,18.325836932688517,75.23184897048846,310.1727140266186,382.24766059320797,308.386739608041,5.219578911750868,5.210824860395686,376.15924485244227,16.53005576622127,True
vector_thrust,cruise_93,0.4876792743634043,18.287972788627663,75.25491304294808,310.0871079908345,382.1694434196305,308.4812974423222,5.230545479192403,5.212422608451403,376.27456521474033,16.55723582114839,True
vector_thrust,cruise_93,0.4865581798715806,18.245931745184276,75.28053795842412,309.9920617183045,382.08262263586363,308.58635419275276,5.242775293160578,5.214197757174047,376.40268979212055,16.58740340617316,True
vector_thrust,cruise_93,0.4855477475259839,18.208040532224402,75.30364842657062,309.90640026160975,382.00439415668114,308.6811022391467,5.253846456153139,5.215798719252543,376.5182421328531,16.614583461100278,True
vector_thrust,cruise_93,0.4848483060538962,18.181811477021114,75.31965427086723,309.8471052948509,381.9502552274701,308.7467228256675,5.261537248788935,5.216907513307797,376.5982713543362,16.63339264270993,True
vector_thrust,cruise_93,0.4845986385263512,18.172448944738175,75.32536924897674,309.8259401143007,381.93093264461714,308.7701530308129,5.264287891682748,5.217303414557024,376.6268462448837,16.640105561904846,True
vector_thrust,cruise_94,0.4845986385263512,18.172448944738175,75.3248217891223,309.7785704197457,381.88769098466906,308.76876643560155,5.263459391057164,5.263459391057164,376.6241089456115,16.640105561904846,True
vector_thrust,cruise_94,0.48434895170673437,18.163085689002543,75.33053803115203,309.7574037869756,381.86837076254017,308.7922018889314,5.266212603109282,5.263858885987744,376.6526901557601,16.646818481099764,True
vector_thrust,cruise_94,0.483649233300003,18.136846248750118,75.346561762896,309.69808764223956,381.81423495783946,308.8578959962667,5.273943354393343,5.264978747527442,376.73280881448,16.665627662709415,True
vector_thrust,cruise_94,0.4826378204214348,18.09891826580381,75.36973543502879,309.6123510328756,381.7360019059342,308.95290343453166,5.285157564998268,5.266598301859083,376.84867717514396,16.692807717636533,True
vector_thrust,cruise_94,0.4815148343879802,18.05680628954926,75.39548220363679,309.5171596884743,381.6491634689343,309.0584600556418,5.297664227005665,5.268397683950361,376.97741101818394,16.722975302661304,True
vector_thrust,cruise_94,0.4805026959696014,18.018851098860054,75.41870264616844,309.43136739465797,381.5709190580015,309.1536592426392,5.308986626820173,5.270020506947023,377.09351323084223,16.750155357588422,True
vector_thrust,cruise_94,0.4798020728289765,17.992577731086627,75.43478469686777,309.37198181250295,381.51676908881456,309.21959244644677,5.316852290993786,5.271144444269989,377.1739234843388,16.768964539198073,True
vector_thrust,cruise_94,0.4795519833647123,17.983199376176714,75.44052689343162,309.3507842771597,381.4974425628929,309.24313430831086,5.319665546128288,5.271545753104888,377.20263446715813,16.77567745839299,True
vector_thrust,cruise_95,0.4795519833647123,17.983199376176714,75.43997473719202,309.30326593367295,381.4541225950245,309.24173594570135,5.318824358791006,5.318824358791006,377.19987368596014,16.77567745839299,True
vector_thrust,cruise_95,0.47930187451086,17.973820294157253,75.44571826805317,309.28206693971316,381.4347984411356,309.265283322072,5.321640279759524,5.3192293634991925,377.22859134026584,16.78239037758791,True
vector_thrust,cruise_95,0.47860097302159776,17.94753648830992,75.46181813168678,309.2226600804489,381.38065161188405,309.33128982856033,5.3295472807204805,5.320364646915822,377.30909065843395,16.801199559197563,True
vector_thrust,cruise_95,0.4775878490463033,17.909544339236376,75.4851024761362,309.1367922784495,381.30240260744023,309.4267512012907,5.341017699816443,5.322006541316166,377.425512380681,16.828379614124678,True
vector_thrust,cruise_95,0.476462961769166,17.867361066343733,75.51097209823384,309.0414551737618,381.2155464344754,309.53281179409623,5.353810796439488,5.323830737726126,377.55486049116917,16.85854719914945,True
vector_thrust,cruise_95,0.4754491085235154,17.829341569631833,75.53430341594336,308.95553142151914,381.13728601703673,309.6284658155529,5.365393154069748,5.325475945601395,377.6715170797168,16.885727254076567,True
vector_thrust,cruise_95,0.4747472976485098,17.803023661819118,75.55046230207554,308.8960547934051,381.08312495600774,309.69471421438095,5.373439772276212,5.3266153894618435,377.7523115103777,16.904536435686218,True
vector_thrust,cruise_95,0.47449678408116663,17.793629403043752,75.55623194174349,308.87482474948325,381.063794468481,309.71836865359734,5.376317819860379,5.327022235604757,377.78115970871744,16.911249354881136,True
vector_thrust,cruise_96,0.47449678408116663,17.793629403043752,75.55567491022214,308.82715674441727,381.0203957271963,309.71695794218806,5.375463619606162,5.375463619606162,377.7783745511107,16.911249354881136,True
vector_thrust,cruise_96,0.47424625102851053,17.78423441356915,75.56144583946927,308.80592523560153,381.00106762325777,309.7406177345219,5.378344426768028,5.375874260191628,377.8072291973464,16.917962274076057,True
vector_thrust,cruise_96,0.4735441603803294,17.757906014262357,75.57762291239548,308.7464272303424,380.94690971761804,309.8069408832429,5.386433853858665,5.377025368207979,377.88811456197743,16.936771455685708,True
vector_thrust,cruise_96,0.472529316518436,17.719849369441352,75.60101847478255,308.66042761147196,380.86864468565534,309.9028585663355,5.398169411533678,5.378690120501064,378.00509237391276,16.963951510612826,True
vector_thrust,cruise_96,0.4714025182297657,17.677594433616218,75.62701194509806,308.56494405268705,380.7817706934714,310.0094272141347,5.411258976630269,5.380539731491179,378.1350597254903,16.994119095637597,True
vector_thrust,cruise_96,0.4703869413425382,17.639510300345187,75.65045503873418,308.47888821580415,380.70349419426634,310.10553976662123,5.423110421319189,5.382207865947593,378.25227519367087,17.02129915056471,True
vector_thrust,cruise_96,0.4696839366261666,17.61314762348125,75.66669138164127,308.41932010778703,380.64932198919877,310.17210591162274,5.431344360852823,5.3833631914200195,378.33345690820636,17.040108332174366,True
vector_thrust,cruise_96,0.46943299677470746,17.603737379051534,75.67248868670332,308.398057400294,380.6299875214131,310.1958738407687,5.434289483318455,5.383775708833617,378.3624434335166,17.046821251369284,True
vector_thrust,cruise_97,0.46943299677470746,17.603737379051534,75.67192670051588,308.35023871729044,380.58650954293716,310.19445057236663,5.433421938945184,5.433421938945184,378.35963350257936,17.046821251369284,True
vector_thrust,cruise_97,0.46918203734114566,17.594326400292967,75.67772530915563,308.32897453851996,380.5671774703374,310.21822391138653,5.436369923213776,5.433838357038914,378.38862654577815,17.053534170564202,True
vector_thrust,cruise_97,0.46847875141944595,17.567953178229224,75.69397998814611,308.26938495264005,380.51300843635295,310.28486542001326,5.444648198497842,5.4350056617226326,378.46989994073056,17.072343352173853,True
vector_thrust,cruise_97,0.4674621788236566,17.529831705887126,75.71748784741709,308.1832528879195,380.434727301563,310.3812437741774,5.456658280957727,5.436693842355744,378.5874392370854,17.099523407100968,True
vector_thrust,cruise_97,0.466333459687356,17.487504738275852,75.74360617239213,308.087622175601,380.34783540622243,310.4883246081286,5.470054823341004,5.438569489554968,378.71803086196064,17.12969099212574,True
vector_thrust,cruise_97,0.4653161502833555,17.449355635625835,75.7671619491917,308.0014336228358,380.2695427494198,310.5848994162514,5.482184917275815,5.44026111131105,378.83580974595856,17.15687104705286,True
vector_thrust,cruise_97,0.46461194557628693,17.42294795911076,75.78347638013982,307.94177359747243,380.2153593477097,310.65178589816287,5.490612848365817,5.441432706991004,378.9173819006991,17.175680228662507,True
vector_thrust,cruise_97,0.4643605772445694,17.413521646671356,75.78930157562468,307.9204780701669,380.19602088086674,310.675668240959,5.493627436803456,5.441851034414537,378.9465078781234,17.182393147857425,True
vector_thrust,cruise_98,0.4643605772445694,17.413521646671356,75.78873457452103,307.87250768937247,380.1524632033819,310.67423227997546,5.492746206496951,5.492746206496951,378.9436728726052,17.182393147857425,True
vector_thrust,cruise_98,0.4641091892337114,17.40409459626418,75.79456107653179,307.8512106843621,380.13312714342317,310.6981200487602,5.495763763252429,5.493168544231275,378.972805382659,17.189106067052347,True
vector_thrust,cruise_98,0.4634047018802314,17.377676320508684,75.81089399145017,307.79152907962515,380.078946928637,310.76508250348775,5.504237630172665,5.494352445987412,379.05446995725083,17.207915248661998,True
vector_thrust,cruise_98,0.4623863916408238,17.3394896865309,75.83451506170533,307.7052639349059,380.0006496150389,310.8619252811238,5.51653206035492,5.4960646343320425,379.17257530852663,17.235095303589112,True
vector_thrust,cruise_98,0.4612557417529117,17.29709031573419,75.86075925843092,307.60948536398297,379.91373973196175,310.9695224763511,5.530246592157753,5.497966961672089,379.3037962921546,17.265262888613886,True
vector_thrust,cruise_98,0.46023669089547126,17.258875908580176,75.88442863760116,307.5231634589869,379.8354308411333,311.0665633131544,5.542665356833549,5.499682651719233,379.4221431880058,17.292442943541005,True
vector_thrust,cruise_98,0.4595312800058505,17.232423000219395,75.90082179283901,307.46341107529804,379.7812361897661,311.13377274398437,5.5512942705372375,5.500870920033354,379.50410896419504,17.311252125150652,True
vector_thrust,cruise_98,0.45927948098254356,17.222980536845384,75.9066751063232,307.4420825706749,379.7618937049206,311.157770434608,5.554380831227822,5.501295201194911,379.53337553161606,17.31796504434557,True
vector_thrust,cruise_99,0.45927948098254356,17.222980536845384,75.90610300515138,307.3939594687875,379.71825586864753,311.1563215553298,5.553485559135118,5.553485559135118,379.5305150257569,17.31796504434557,True
vector_thrust,cruise_99,0.45902766218285135,17.21353733185693,75.9119576347389,307.37262947999045,379.69891580248793,311.18032471261125,5.556575200399813,5.553913964981639,379.55978817369447,17.324677963540488,True
vector_thrust,cruise_99,0.4583219671968356,17.18707376988134,75.92836942435783,307.31285541461864,379.6447243540366,311.2476107354945,5.56525172794222,5.555114878897018,379.6418471217891,17.343487145150142,True
vector_thrust,cruise_99,0.4573019103426102,17.148821637847888,75.95210463006768,307.2264565506243,379.56641078506,311.34492173152915,5.577840803796085,5.5568516754002095,379.76052315033843,17.370667200077257,True
vector_thrust,cruise_99,0.4561693197307756,17.10634948990409,75.97847572701137,307.1305294103207,379.479482829009,311.4530395098825,5.591884871028674,5.558781350226579,379.8923786350569,17.400834785102028,True
vector_thrust,cruise_99,0.4551485184215904,17.06806944080964,76.00225963748359,307.0440735115929,379.40115762713253,311.5505501885737,5.604602815005885,5.56052171064499,380.01129818741794,17.42801484002915,True
vector_thrust,cruise_99,0.4544418951148598,17.041571066807247,76.01873216103974,306.9842283250269,379.3469516726814,311.6180852120337,5.613440042935019,5.56172706869668,380.0936608051987,17.446824021638797,True
vector_thrust,cruise_99,0.4541896631733814,17.03211236900181,76.02461382260132,306.9628666843047,379.32760515074057,311.6421991949453,5.616601204368872,5.562157452547483,380.12306911300664,17.453536940833715,True
vector_thrust,cruise_100,0.4541896631733814,17.03211236900181,76.024036540638,306.9145898347422,379.283886698131,311.6407371898875,5.61569152188705,5.61569152188705,380.12018270319,17.453536940833715,True
vector_thrust,cruise_100,0.4539374113580709,17.022652925927666,76.02991953134585,306.89322670333405,379.2645426067812,311.6648566931501,5.618855882029365,5.616126149565079,380.1495976567292,17.460249860028632,True
vector_thrust,cruise_100,0.453230502496021,16.99614384360079,76.04641084135176,306.8333597319666,379.2103398713882,311.73246893474135,5.62774248446954,5.6173445059818405,380.2320542067588,17.479059041638283,True
vector_thrust,cruise_100,0.45220868999394664,16.957825874773004,76.07026111732402,306.74682650423307,379.1320099698638,311.8302519865711,5.6406370080254415,5.619106533180519,380.35130558662013,17.506239096565402,True
vector_thrust,cruise_100,0.45107414861715417,16.915280573143285,76.09676015451022,306.65075007800095,379.04506385493477,311.9388946173575,5.65502272334699,5.621064247393763,380.4838007725511,17.536406681590172,True
vector_thrust,cruise_100,0.450051587795914,16.876934542346778,76.12065953553717,306.564159538828,378.96672226438466,312.03687899357027,5.668050872257586,5.622829902409655,380.6032976776858,17.56358673651729,True
vector_thrust,cruise_100,0.4493437457945589,16.850390467295963,76.13721207864467,306.50422110121906,378.9125049530039,312.10474228297045,5.677104107534054,5.624052782647868,380.68606039322333,17.58239591812694,True
vector_thrust,cruise_100,0.4490910786929861,16.84091545098698,76.14312232095591,306.48282616432516,378.89315437472544,312.12897351328894,5.6803426279606555,5.624489423620712,380.71561160477955,17.58910883732186,True
vector_thrust,cruise_101,0.4490910786929861,16.84091545098698,76.14253977159187,306.4343945373553,378.84935485061845,312.1274981551361,5.679418152415409,5.679418152415409,380.7126988579593,17.58910883732186,True
vector_thrust,cruise_101,0.4488383916199501,16.831439685748133,76.14845136282274,306.41299810322033,378.83000671494074,312.15173498463804,5.682659996147171,5.679859161587123,380.7422568141137,17.595821756516777,True
vector_thrust,cruise_101,0.44813026259540595,16.804884847327727,76.16502284610584,306.3530377768746,378.7757926389128,312.2196761250897,5.691764454419519,5.681095406867201,380.8251142305292,17.614630938126428,True
vector_thrust,cruise_101,0.44710668535029796,16.76650070063618,76.18898913760779,306.2663695356943,378.69744632706755,312.3179351130879,5.704975763030899,5.682883310475097,380.94494568803896,17.641810993053543,True
vector_thrust,cruise_101,0.4459701830984264,16.723881866190993,76.21561716670845,306.1701431011516,378.61048196668315,312.4271069134723,5.719715840958822,5.684869781736039,381.0780858335423,17.671978578078317,True
vector_thrust,cruise_101,0.4449458536424854,16.685469511593205,76.23963296808266,306.0834172695513,378.53212390922556,312.5255688861469,5.733065769729632,5.686661378818116,381.1981648404133,17.699158633005435,True
vector_thrust,cruise_101,0.4442367866258016,16.658879498467567,76.25626618926051,306.0233851290807,378.4778951866475,312.5937631447342,5.742343089557098,5.687902229792159,381.28133094630255,17.717967814615083,True
vector_thrust,cruise_101,0.44398368210678724,16.649388079004527,76.26220524759296,306.0019567346371,378.4585405326378,312.6181125882578,5.745661865094542,5.688345288069198,381.31102623796477,17.72468073381,True
vector_thrust,cruise_102,0.44398368210678724,16.649388079004527,76.26161733812745,305.9533692975042,378.41465948441294,312.6166236291769,5.744722199032024,5.744722199032024,381.3080866906373,17.72468073381,True
vector_thrust,cruise_102,0.4437305575185087,16.63989590694408,76.26755777617433,305.9319393992215,378.39530728511966,312.6409787917873,5.7480444296245565,5.74516975566444,381.33778888087164,17.731393653004922,True
vector_thrust,cruise_102,0.44302120200180406,16.613295075067658,76.28421009296262,305.8718852652534,378.3410818143429,312.709251541402,5.757374914287764,5.746424352991184,381.4210504648131,17.750202834614573,True
vector_thrust,cruise_102,0.44199585085596665,16.57484440709875,76.30829335586371,305.7850813556172,378.26271901379357,312.80799038950636,5.770914914228457,5.748238803054737,381.54146677931857,17.777382889541688,True
vector_thrust,cruise_102,0.4408573775494064,16.53215165810274,76.33505144034828,305.68870418448387,378.1757363206974,312.91769572512936,5.786022709011791,5.75025477606855,381.67525720174143,17.80755047456646,True
vector_thrust,cruise_102,0.43983127027341434,16.49367263525304,76.3591846225181,305.6018424031471,378.09736171748386,313.0166392369903,5.799706576521238,5.752072987085095,381.7959231125905,17.83473052949358,True
vector_thrust,cruise_102,0.4391209718772512,16.467036445396925,76.37589918769118,305.5417161043023,378.0431215290141,313.08516719844175,5.809216466473211,5.753332274249145,381.8794959384559,17.853539711103227,True
vector_thrust,cruise_102,0.438867427667931,16.457528537547415,76.38186729996767,305.5202540896116,378.0237627797274,313.1096358318632,5.812618539837729,5.753781916049904,381.90933649983833,17.860252630298145,True
vector_thrust,cruise_103,0.438867427667931,16.457528537547415,76.38127393303625,305.47150980665515,377.9797997574496,313.10813300879363,5.811663270382685,5.811663270382685,381.9063696651813,17.860252630298145,True
vector_thrust,cruise_103,0.4386138632913898,16.44801987342712,76.38724346974095,305.4500462814838,377.9604434751018,313.1326075330986,5.815068938343746,5.812117546969488,381.93621734870476,17.866965549493063,True
vector_thrust,cruise_103,0.4379032749093886,16.421372809102074,76.40397728766479,305.389897883547,377.90620655503676,313.2012146325964,5.8246340342894625,5.813390977194398,382.01988643832397,17.885774731102714,True
vector_thrust,cruise_103,0.4368761406422298,16.38285527408362,76.42817848859501,305.302957645086,377.82782718678436,313.3004373089593,5.838515236915833,5.815232669322501,382.14089244297503,17.912954786029832,True
vector_thrust,cruise_103,0.4357356860314485,16.340088226179322,76.45506770391316,305.20642900311833,377.7408260730334,313.410680594688,5.854004783308805,5.817278917206002,382.27533851956576,17.943122371054603,True
vector_thrust,cruise_103,0.43470779168695456,16.3015421882608,76.4793192381284,305.1194306093503,377.6624348445948,313.5101096328426,5.868035369704712,5.819124439656982,382.396596190642,17.970302425981725,True
vector_thrust,cruise_103,0.4339962555034363,16.274859581378863,76.49611582073001,305.0592096928847,377.60818313510816,313.5789740616875,5.877786749878632,5.820402646223858,382.4805791036501,17.989111607591372,True
vector_thrust,cruise_103,0.4337422693153295,16.265335099324858,76.50211322755038,305.03771389391517,377.5888202708445,313.6035628726992,5.881275319783946,5.820859044109296,382.5105661377519,17.99582452678629,True
vector_thrust,cruise_104,0.4337422693153295,16.265335099324858,76.50151431163495,304.9888117266791,377.5447748274009,313.6020459468063,5.880304018596083,5.880304018596083,382.50757155817473,17.99582452678629,True
vector_thrust,cruise_104,0.43348826286191133,16.25580985732168,76.50751319349065,304.9673144105446,377.525414442407,313.62664084235274,5.883796330344837,5.880765193722291,382.53756596745325,18.002537445981208,True
vector_thrust,cruise_104,0.4327764351977202,16.22911631991451,76.52432918771378,304.90707128854933,377.47116601808483,313.69558506340894,5.893605063417024,5.8820579562708,382.6216459385689,18.02134662759086,True
vector_thrust,cruise_104,0.43174750852535304,16.19053156970074,76.54864930417581,304.81999405547623,377.3927700025087,313.79529558086244,5.907840624121204,5.883927612939359,382.74324652087904,18.048526682517974,True
vector_thrust,cruise_104,0.4306050622904248,16.147689835890933,76.57567073789352,304.7233132024008,377.30575037946636,313.90608128135165,5.9237266813131075,5.886004938671793,382.87835368946764,18.078694267542748,True
vector_thrust,cruise_104,0.4295753715654969,16.10907643370614,76.60004160123478,304.63617752806437,377.2273424457098,314.0059998587519,5.938117427867999,5.887878496640605,383.0002080061739,18.105874322469866,True
vector_thrust,cruise_104,0.4288625911427817,16.082347167854316,76.61692088274901,304.5758615309601,377.17307915964994,314.0752035524078,5.948119681105543,5.889176124520161,383.084604413745,18.124683504079513,True
vector_thrust,cruise_104,0.42860816067170143,16.072806025188807,76.62294782757449,304.55433178233244,377.153712160555,314.0999135403993,5.951698112406044,5.889639457727211,383.11473913787245,18.131396423274435,True
vector_thrust,cruise_105,0.42860816067170143,16.072806025188807,76.62234329127018,304.50527068966704,377.1095838517838,314.0983823501452,5.950710335881999,5.950710335881999,383.1117164563509,18.131396423274435,True
vector_thrust,cruise_105,0.4283537107044785,16.063264151417947,76.62780067232498,304.48574005530224,377.0922199758413,314.1207571961347,5.95428739265015,5.951134235636902,383.13900336162493,18.138109342469352,True
vector_thrust,cruise_105,0.42764065272616897,16.03652447723134,76.64282787068154,304.43208236560343,377.0446404924851,314.1823676855244,5.964334265374007,5.952301469206418,383.21413935340775,18.156918524079003,True
vector_thrust,cruise_105,0.4266099804863366,15.997874268237625,76.66455900161283,304.35452616273653,376.97588600870415,314.27146383765086,5.978915752118541,5.953989428849442,383.32279500806413,18.18409857900612,True
vector_thrust,cruise_105,0.42546564158957734,15.954961559609153,76.68870117455276,304.2684195147052,376.89957409672866,314.37044509763,5.995188275109419,5.955864665526593,383.4435058727638,18.214266164030892,True
vector_thrust,cruise_105,0.4244342860575374,15.916285727157657,76.71047276342847,304.1908168779651,376.8308192658263,314.4597071266327,6.009929504019927,5.957555767768551,383.55236381714235,18.24144621895801,True
vector_thrust,cruise_105,0.42372037602745205,15.889514101029453,76.72555042245874,304.13710128614764,376.78323934961867,314.5215244999687,6.020175579020573,5.958726920831153,383.62775211229365,18.260255400567658,True
vector_thrust,cruise_105,0.4234655468614005,15.879958007302523,76.73093380742061,304.1179278567395,376.76625825487287,314.54359601102533,6.023841284434832,5.959145073793262,383.6546690371031,18.266968319762576,True
vector_thrust,cruise_106,0.4234655468614005,15.879958007302523,76.73032355447076,304.0741632298781,376.72750220305346,314.5420501782094,6.022944812862015,6.022944812862015,383.6516177723538,18.266968319762576,True
vector_thrust,cruise_106,0.42321069969591846,15.870401238596948,76.73570828458098,304.0549886075244,376.710523929676,314.5641271769243,6.026614618444973,6.023367549805511,383.6785414229049,18.273681238957494,True
vector_thrust,cruise_106,0.4224965283029992,15.843619811362476,76.75080151499736,304.00125534112067,376.6629518116678,314.6260085800367,6.036922288598655,6.024552473333787,383.7540075749868,18.292490420567148,True
vector_thrust,cruise_106,0.4214642458561578,15.804909219605923,76.77262817476334,303.9235898450259,376.5942079706181,314.715496668027,6.051883133156773,6.026266017882342,383.86314087381675,18.319670475494263,True
vector_thrust,cruise_106,0.420318117996123,15.761929424854616,76.7968765444581,303.83736177740036,376.51790787048293,314.81491363168976,6.068580199020594,6.028169683498001,383.98438272229055,18.349838060519033,True
vector_thrust,cruise_106,0.4192851490686201,15.723193090073257,76.81874396861303,303.75964964317745,376.44916368104106,314.9045688513993,6.083707104362173,6.0298864283344695,384.0937198430652,18.377018115446155,True
vector_thrust,cruise_106,0.4185701216479265,15.696379561797249,76.83388803146337,303.7058582199489,376.40159112859345,314.96665866465315,6.094221855671369,6.031075342562176,384.16944015731684,18.395827297055803,True
vector_thrust,cruise_106,0.41831489351410533,15.686808506778952,76.83929513227075,303.68665771536234,376.38461266187164,314.9888274764634,6.097983805480263,6.031499837570155,384.19647566135376,18.40254021625072,True
vector_thrust,cruise_107,0.41831489351410533,15.686808506778952,76.83867929870937,303.64276538489344,376.3458043566024,314.98726761339526,6.097072260289979,6.097072260289979,384.1933964935468,18.40254021625072,True
vector_thrust,cruise_107,0.4180596473066764,15.677236774000368,76.84408766265318,303.623563682851,376.32882872394055,315.0094416098227,6.100838472627963,6.09750147274527,384.2204383132659,18.40925313544564,True
vector_thrust,cruise_107,0.4173443573304798,15.650413399892996,76.85924741160918,303.5697545092567,376.28126400485894,315.07159592572674,6.111417288738618,6.098704566947226,384.2962370580459,18.42806231705529,True
vector_thrust,cruise_107,0.41631045720033844,15.611642145012697,76.88117031496809,303.4919792417606,376.2125308550591,315.1614788825522,6.126772578974479,6.100444392454732,384.4058515748404,18.455242371982408,True
vector_thrust,cruise_107,0.4151625320687088,15.568594952576582,76.90552567550893,303.40562922296,376.1362426206068,315.26133480875455,6.1439111203474495,6.102377260415672,384.5276283775446,18.485409957007178,True
vector_thrust,cruise_107,0.41412794225100563,15.529797834412715,76.92748964721393,303.3278071115547,376.0675091211309,315.3513861440241,6.159439127835452,6.104120345151871,384.6374482360697,18.5125900119343,True
vector_thrust,cruise_107,0.4134117922480925,15.502942209303471,76.9427006076306,303.27393952453053,376.0199439660086,315.41375042470366,6.170233326039385,6.1053275035511465,384.713503038153,18.531399193543947,True
vector_thrust,cruise_107,0.41315616329262655,15.493356123473498,76.9481316006854,303.25471182605514,376.00296813928986,315.4360172616395,6.174095383330758,6.10575851307999,384.74065800342703,18.538112112738865,True
vector_thrust,cruise_108,0.41315616329262655,15.493356123473498,76.94751017366163,303.2106910536687,375.9641073784381,315.4344434249776,6.173168344598428,6.173168344598428,384.7375508683081,18.538112112738865,True
vector_thrust,cruise_108,0.4129005161895572,15.4837693571084,76.9529422754937,303.1914621532044,375.94713439857,315.45671487664737,6.177034830707316,6.1736042051181075,384.7647113774685,18.544825031933783,True
vector_thrust,cruise_108,0.4121841024333177,15.456903841249417,76.96816903793793,303.13757673950147,375.89957711225594,315.51914413779724,6.187895697041618,6.174825968773727,384.8408451896896,18.563634213543434,True
vector_thrust,cruise_108,0.411148577102952,15.418071641360704,76.99018890132795,303.0596912189108,375.8308547026059,315.60942490543255,6.203661332136414,6.1765927966788885,384.9509445066398,18.59081426847055,True
vector_thrust,cruise_108,0.40999884634634043,15.37495673798777,77.01465204959715,302.97321871344633,375.7545783881081,315.7097230664766,6.221259194846996,6.17855566866603,385.07326024798573,18.620981853495323,True
vector_thrust,cruise_108,0.40896262810306294,15.336098553864861,77.03671328835001,302.8952861416327,375.68585562749263,315.80017347183497,6.2372045648613,6.18032581644397,385.1835664417501,18.64816190842244,True
vector_thrust,cruise_108,0.4082453502981581,15.309200636180933,77.05199164508454,302.8413420559837,375.6382979035304,315.8628142680006,6.248289564670821,6.181551719917831,385.25995822542274,18.66697109003209,True
vector_thrust,cruise_108,0.407989318657115,15.299599449641818,77.05744670853235,302.8220870440358,375.62132472888976,315.8851798616023,6.252255802305366,6.181989422829824,385.2872335426618,18.67368400922701,True
vector_thrust,cruise_109,0.407989318657115,15.299599449641818,77.05681943869607,302.77793709201825,375.5824113152067,315.8835912341638,6.251312815731105,6.251312815731105,385.28409719348036,18.67368400922701,True
vector_thrust,cruise_109,0.40773326879466865,15.289997579800076,77.06227561821818,302.75868087352575,375.5654410003073,315.90596147359184,6.255283670036924,6.2517555211083655,385.3113780910909,18.680396928421928,True
vector_thrust,cruise_109,0.40701572603346003,15.263089726254753,77.07756989406931,302.7047188843473,375.51789118087396,315.9686677328632,6.266438084145853,6.252996473323319,385.38784947034657,18.69920611003158,True
vector_thrust,cruise_109,0.4059785679451973,15.224196297944902,77.09968744113264,302.62672262542395,375.44917956066655,316.05934928288235,6.2826308303390865,6.254791054464968,385.4984372056632,18.726386164958694,True
vector_thrust,cruise_109,0.40482702316491304,15.181013368684242,77.1242591820103,302.54012709386353,375.3729152208315,316.1600929839391,6.300706836256403,6.256784764828521,385.6212959100516,18.756553749983468,True
vector_thrust,cruise_109,0.40378916891979877,15.142093834492456,77.14641841455301,302.46208357485546,375.30420324836473,316.2509454436831,6.317086721092858,6.258582728260936,385.73209207276506,18.783733804910586,True
vector_thrust,cruise_109,0.40307075806479453,15.115153427429798,77.161764671406,302.4080626532843,375.2566529896696,316.31386482413865,6.328474501506008,6.259827898128299,385.80882335703006,18.802542986520233,True
vector_thrust,cruise_109,0.4028143218641207,15.105537069904528,77.16724398526713,302.3887802073983,375.2396824792797,316.3363299136239,6.332549216568203,6.260272480581149,385.8362199263357,18.80925590571515,True
vector_thrust,cruise_110,0.4028143218641207,15.105537069904528,77.16661045593396,302.3445003387037,375.20071622047675,316.3347250636798,6.33158979694351,6.33158979694351,385.8330522796698,18.80925590571515,True
vector_thrust,cruise_110,0.40255786736844157,15.095920026316563,77.17209122254059,302.3252166816942,375.1837485828187,316.357196049631,6.335669351572138,6.332039564402165,385.86045611270293,18.81596882491007,True
vector_thrust,cruise_110,0.4018391903489675,15.068969638086283,77.18745351584695,302.2711777791992,375.13620626465274,316.42018137723653,6.347129445152411,6.333300245655366,385.93726757923474,18.834778006519723,True
vector_thrust,cruise_110,0.4008003919040947,15.030014696403557,77.20966947622155,302.19307029312444,375.0675054835775,316.5112667063778,6.363766995600691,6.335123361788209,386.04834738110776,18.86195806144684,True
vector_thrust,cruise_110,0.39964702465583135,14.98676342459368,77.23435062131625,302.10635119205506,374.99125317355566,316.61245928083406,6.3823410102217695,6.337148779237478,386.17175310658126,18.89212564647161,True
vector_thrust,cruise_110,0.39860752679146094,14.947782254679788,77.25660858045808,302.0281962354728,374.92255203892546,316.70371680469907,6.399173516034225,6.338975341929518,386.2830429022904,18.91930570139873,True
vector_thrust,cruise_110,0.3978879776097343,14.920799160365041,77.272023245441,301.9740981381917,374.875009279882,316.76691685589685,6.410876723793042,6.340240320977422,386.360116227205,18.938114883008378,True
vector_thrust,cruise_110,0.3976311349651926,14.911167561194725,77.27752699117785,301.95478813701277,374.85804144601434,316.78948218655427,6.415064453209776,6.34069197679019,386.3876349558892,18.944827802203296,True
vector_thrust,cruise_111,0.3976311349651926,14.911167561194725,77.2768877046925,301.9103776153167,374.8190221548245,316.7878630891754,6.414088164236222,6.414088164236222,386.3844385234625,18.944827802203296,True
vector_thrust,cruise_111,0.39737427395246533,14.901535273217453,77.28239258969793,301.891066398427,374.8020572067933,316.8104331594319,6.418280919318856,6.414545146454817,386.41196294848964,18.951540721398214,True
vector_thrust,cruise_111,0.3966544573934824,14.874542152255591,77.29782341189382,301.83695024232014,374.75452242459727,316.87369965500255,6.4300595027970875,6.415826120026453,386.48911705946904,18.970349903007865,True
vector_thrust,cruise_111,0.3956140109527941,14.835525410729781,77.32013852588501,301.75873103672006,374.68583253279786,316.96519180250857,6.4471605428924645,6.41767858588394,386.6006926294251,18.997529957934983,True
vector_thrust,cruise_111,0.39445881274715316,14.792205478018246,77.34492989858265,301.6718878187698,374.6095923082402,317.06683663070083,6.466253549090336,6.419736615769006,386.7246494929132,19.027697542959753,True
vector_thrust,cruise_111,0.3934176636053452,14.753162385200449,77.3672873277308,301.59362093065573,374.54090206158287,317.15850227069166,6.48355780349271,6.421592594375001,386.83643663865405,19.054877597886872,True
vector_thrust,cruise_111,0.3926969707919897,14.726136404699616,77.38277091613571,301.53944531539474,374.49336683688466,317.2219851081463,6.495589800514958,6.422877948278334,386.9138545806785,19.073686779496523,True
vector_thrust,cruise_111,0.3924397198092338,14.716489492846273,77.3882992778127,301.5201076366806,374.4764016919209,317.2446514356515,6.499895338119689,6.423336879443057,386.94149638906356,19.08039969869144,True
vector_thrust,cruise_112,0.3924397198092338,14.716489492846273,77.38765475233,301.47556572647596,374.43732918619565,317.2430201139396,6.498901725721825,6.498901725721825,386.93827376164995,19.08039969869144,True
vector_thrust,cruise_112,0.39218245038014893,14.706841889255587,77.39318477173218,301.456226827081,374.420366939959,317.26569313613174,6.503212550640802,6.499366195335683,386.9659238586609,19.08711261788636,True
vector_thrust,cruise_112,0.39146148895690414,14.67980583588391,77.40868464926864,301.4020330735246,374.372839727821,317.32924295723467,6.515323162326691,6.500668049169652,387.04342324634314,19.10592179949601,True
vector_thrust,cruise_112,0.39041938681807165,14.640727005677691,77.43109967898728,301.32370165088736,374.3041607745432,317.42114504644815,6.532907441725206,6.5025507151648645,387.1554983949364,19.133101854423124,True
vector_thrust,cruise_112,0.38926234909524254,14.597338091071599,77.45600212707116,301.236733762956,374.22793269009105,317.52324560278987,6.552541621112484,6.5046423024961415,387.2800106353558,19.163269439447898,True
vector_thrust,cruise_112,0.3882195409540568,14.558232785777133,77.47845979177364,301.1583544441678,374.15925338062044,317.61532249626885,6.570337847783217,6.506528549455065,387.3922989588682,19.190449494375017,True
vector_thrust,cruise_112,0.38749769915986415,14.53116371849491,77.49401283433464,301.10410096505586,374.11172572431553,317.67909029500555,6.582712763529584,6.50783486868348,387.47006417167324,19.209258675984664,True
vector_thrust,cruise_112,0.3872400379287007,14.52150142232628,77.49956600156396,301.0847354852766,374.0947632804054,317.70185839641596,6.587141178900369,6.50830128604861,387.4978300078198,19.21597159517958,True
vector_thrust,cruise_113,0.3872400379287007,14.52150142232628,77.49891147714125,301.0400614502961,374.05563738174817,317.7001972274776,6.586129361877642,6.586129361877642,387.49455738570623,19.21597159517958,True
vector_thrust,cruise_113,0.38698235818844134,14.511838432066554,77.50446726561934,301.02069474589507,374.038677850481,317.7229756984243,6.5905633754946,6.58660157422636,387.52233632809674,19.222684514374503,True
vector_thrust,cruise_113,0.3862602465889849,14.484759247086936,77.52003669447596,300.96642305141415,373.9911582453257,317.78681089142015,6.603020328842671,6.58792491882161,387.6001834723798,19.241493695984154,True
vector_thrust,cruise_113,0.38521648106874035,14.445618040077767,77.54255235773961,300.88797891479027,373.9224902839521,317.87912588404794,6.621108730764729,6.5898386679750365,387.71276178869806,19.26867375091127,True
vector_thrust,cruise_113,0.3840575952908464,14.402159823406743,77.56756667952976,300.80088580445414,373.8462743988893,317.9816854624625,6.6413075420292635,6.591964793978837,387.8378333976488,19.298841335936043,True
vector_thrust,cruise_113,0.38301312044880875,14.362992016830331,77.59012530047508,300.72239355650686,373.7776060800494,318.0741765830905,6.659617132593156,6.593882194378954,387.95062650237537,19.32602139086316,True
vector_thrust,cruise_113,0.38229012433912574,14.335879662717218,77.60574829674862,300.6680618681544,373.73008602913933,318.13823140437466,6.672349914548984,6.595210092009837,388.0287414837431,19.34483057247281,True
vector_thrust,cruise_113,0.3820320509546339,14.326201910798773,77.6113264479821,300.64866846395716,373.71312629949205,318.1611020160116,6.6769065711712985,6.595684214494307,388.05663223991047,19.351543491667726,True
vector_thrust,cruise_114,0.3820320509546339,14.326201910798773,77.61066859948194,300.6038615731484,373.673946838501,318.1594361101391,6.675876529322955,6.675876529322955,388.0533429974097,19.351543491667726,True
vector_thrust,cruise_114,0.38177395898344796,14.316523461879301,77.616247768803,300.58446693931904,373.65699003459844,318.1823109989727,6.680438906541091,6.676356508591659,388.08123884401505,19.358256410862644,True
vector_thrust,cruise_114,0.3810506918256816,14.289400943463063,77.63188728626204,300.5301169550348,373.60947807115144,318.2464337661551,6.6932573547821645,6.677701983934656,388.15943643131027,19.3770655924723,True
vector_thrust,cruise_114,0.38000525513865707,14.250197067699645,77.6545043607398,300.4515595996146,373.5408211518489,318.33916484984,6.711871990708753,6.679647741925303,388.27252180369896,19.404245647399414,True
vector_thrust,cruise_114,0.37884451265348124,14.20666922450555,77.67963142108077,300.36434070565497,373.4646175218396,318.44218699534076,6.732660276536522,6.68180943523089,388.39815710540387,19.434413232424184,True
vector_thrust,cruise_114,0.3777983633051799,14.16743862394425,77.70229177900741,300.2857350220754,373.39596024376635,318.53509554341673,6.751505888574817,6.683758916921759,388.5114588950371,19.461593287351306,True
vector_thrust,cruise_114,0.3770742074729142,14.140282780234285,77.71798527012004,300.2313247735294,373.34844783293784,318.59943960539164,6.764612371015537,6.685109035649625,388.5899263506002,19.480402468960953,True
vector_thrust,cruise_114,0.37681572000421826,14.130589500158187,77.72358859863792,300.2119033195687,373.3314908299311,318.6224135195439,6.7693029510132,6.685591092747006,388.61794299318956,19.48711538815587,True
vector_thrust,cruise_115,0.37681572000421826,14.130589500158187,77.85679762116348,300.166962838366,373.2922576385714,318.95972016121107,6.775454800912168,6.775454800912168,389.2839881058174,19.48711538815587,True
vector_thrust,cruise_115,0.3765567580901362,14.120878428380111,77.86242167451641,300.147506694343,373.2752743723479,318.98276399858105,6.780164688637381,6.775944306227951,389.3121083725821,19.49382830735079,True
vector_thrust,cruise_115,0.37583105249880283,14.09366446870511,77.87818664862692,300.09298430274765,373.2276882624658,319.0473588362041,6.793398144227482,6.77731645253679,389.39093324313467,19.51263748896044,True
vector_thrust,cruise_115,0.37478208980752875,14.05432836778233,77.90098523693756,300.0141776562639,373.15892419673895,319.14077295156807,6.812617013640848,6.779300788101469,389.5049261846878,19.53981754388756,True
vector_thrust,cruise_115,0.37361743047468016,14.010653642800508,77.92631407275981,299.92668185489015,373.08260164077666,319.24455441206436,6.834082288106188,6.781505350465675,389.631570363799,19.56998512891233,True
vector_thrust,cruise_115,0.37256774921095126,13.971290595410675,77.94915650422735,299.8478264921619,373.0138372119545,319.3381481688505,6.85354362866913,6.783493502036762,389.74578252113673,19.597165183839447,True
vector_thrust,cruise_115,0.371841147573992,13.944043034024704,77.9649761499367,299.7932433523699,372.9662506492985,319.40296701597583,6.867079453530018,6.784870406834405,389.82488074968353,19.615974365449098,True
vector_thrust,cruise_115,0.37158178688193666,13.934317008072629,77.97062453338737,299.7737601728441,372.9492671815709,319.4261104990959,6.871923911751533,6.785362028860336,389.8531226669368,19.622687284644016,True
vector_thrust,cruise_116,0.37158178688193666,13.934317008072629,77.95256465558712,299.7285898170226,372.9098969205784,319.3803871983384,6.869904927146012,6.869904927146012,389.7628232779356,19.622687284644016,True
vector_thrust,cruise_116,0.37132246659968055,13.924592497488023,77.95821166996065,299.70910973914505,372.8929202034872,319.40352711966557,6.874753913110711,6.870402669230096,389.7910583498032,19.629400203838934,True
vector_thrust,cruise_116,0.37059575641234405,13.897340865462905,77.97404102236938,299.6545202558069,372.84535244372796,319.4683914819864,6.88837875627945,6.871797908324809,389.8702051118469,19.648209385448585,True
vector_thrust,cruise_116,0.36954534081122214,13.857950280420834,77.99693275982837,299.57561657926107,372.7766148943359,319.56219557005835,6.9081675021289985,6.873815643892372,389.98466379914186,19.6753894403757,True
vector_thrust,cruise_116,0.368379067170546,13.81421501889548,78.02236515301291,299.4880129721975,372.7003217687816,319.666410571327,6.930271317263455,6.876057319271935,390.11182576506457,19.705557025400473,True
vector_thrust,cruise_116,0.3673279299325088,13.774797372469083,78.04530103965645,299.40906038023,372.6315838553818,319.7603955705631,6.950313459851066,6.878078946257218,390.22650519828227,19.732737080327592,True
vector_thrust,cruise_116,0.3666003198782138,13.74751199543302,78.06118544347446,299.35440990032447,372.5840156417102,319.82548551904523,6.964254297100753,6.879479037733428,390.3059272173723,19.75154626193724,True
vector_thrust,cruise_116,0.36634059911732325,13.737772466899623,78.06685695574677,299.3349026764081,372.56703872260795,319.8487258273229,6.969243918355718,6.879978939151124,390.33428477873383,19.758259181132157,True
vector_thrust,cruise_117,0.36634059911732325,13.737772466899623,77.94737500292148,299.28960917624596,372.5276250109149,319.5461689682862,6.961597904952681,6.961597904952681,389.73687501460734,19.758259181132157,True
vector_thrust,cruise_117,0.3660812641180129,13.728047404425485,77.95303024374618,299.2701303941689,372.5106768995111,319.56935617584884,6.966581632133378,6.962103058921858,389.7651512187309,19.76497210032708,True
vector_thrust,cruise_117,0.3653545125198311,13.70079421949367,77.96888266779698,299.2155445306323,372.46318929132156,319.63435313531255,6.980585613642875,6.963519075575388,389.8444133389849,19.78378128193673,True
vector_thrust,cruise_117,0.3643040366231509,13.661401373368163,77.99180781005941,299.1366460562804,372.3945675648437,319.7283491371314,7.000926434709726,6.965566862195546,389.95903905029706,19.810961336863844,True
vector_thrust,cruise_117,0.3631376954290264,13.617663578588491,78.0172773424629,299.0490481836082,372.31840299377586,319.83277746637157,7.0236488900801675,6.967841926360463,390.0863867123145,19.841128921888618,True
vector_thrust,cruise_117,0.3620864967589778,13.57824362846167,78.04024675620374,298.970100722399,372.24978090464646,319.9269549904189,7.044253776446073,6.969893667604047,390.20123378101874,19.868308976815737,True
vector_thrust,cruise_117,0.36135884387666534,13.550956645374953,78.05615439811005,298.91545377321364,372.2022928442337,319.9921783498408,7.058587057613241,6.971314616582316,390.28077199055025,19.887118158425384,True
vector_thrust,cruise_117,0.3610991077680585,13.541216541302196,78.0618342112151,298.89594780545565,372.18534453157304,320.0154663075281,7.063717341986698,6.971821965482696,390.3091710560755,19.893831077620302,True
vector_thrust,cruise_118,0.3610991077680585,13.541216541302196,78.0611484948077,298.8506031084496,372.1459502316264,320.01372961869475,7.062607396302249,7.062607396302249,390.3057424740385,19.893831077620302,True
vector_thrust,cruise_118,0.3608393521719377,13.531475706447667,78.0668295011903,298.83109585045844,372.1290048629838,320.03702255108254,7.067744585765129,7.06312146436039,390.3341475059515,19.90054399681522,True
vector_thrust,cruise_118,0.3601114238976011,13.504178396160043,78.08275416165802,298.77643032393263,372.0815250778047,320.1023159048794,7.082180379939215,7.0645624691697915,390.41377080829005,19.91935317842487,True
vector_thrust,cruise_118,0.35905924486573326,13.464721682465001,78.10578382868356,298.69741654708315,372.0129145713848,320.19674079399545,7.103150107180916,7.066646398259524,390.5289191434178,19.94653323335199,True
vector_thrust,cruise_118,0.3578910123823989,13.420912964339962,78.13136956357717,298.60969063871846,371.93676250880407,320.30164591837746,7.126577428293667,7.068961623010202,390.6568478178859,19.97670081837676,True
vector_thrust,cruise_118,0.35683811095091617,13.381429160659359,78.15368173155765,298.5306279099366,371.8681518626836,320.3931289583739,7.147753862283252,7.070980626368855,390.76840865778826,20.00388087330388,True
vector_thrust,cruise_118,0.3561092930704888,13.35409849014333,78.16783821374032,298.4808461294692,371.82561659009014,320.4511725347245,7.162485523971786,7.0722616307561665,390.8391910687016,20.02269005491353,True
vector_thrust,cruise_118,0.3558491458229258,13.344342968359722,78.17289252919905,298.46354058258726,371.8108999377196,320.4718959419553,7.167769664406909,7.072718990161838,390.8644626459952,20.029402974108447,True
vector_thrust,cruise_119,0.3558491458229258,13.344342968359722,78.17219991808442,298.42324790068994,371.7766397561468,320.47014178783223,7.166762784370716,7.166762784370716,390.86099959042207,20.029402974108447,True
vector_thrust,cruise_119,0.35558898196989447,13.334586823871044,78.17725516537742,298.40594138473506,371.7619263607871,320.4908690859303,7.172054204453826,7.167226314694637,390.8862758268871,20.036115893303364,True
vector_thrust,cruise_119,0.35485991966374025,13.307246987390261,78.19142506995858,298.3574436422858,371.7207018069832,320.54896789288097,7.186923840319364,7.168525594450148,390.95712534979293,20.054925074913015,True
vector_thrust,cruise_119,0.3538061351703091,13.267730068886594,78.21191529187121,298.2873468406326,371.66113441419327,320.6329809813453,7.208524797381149,7.170404402480273,391.05957645935604,20.08210512984013,True
vector_thrust,cruise_119,0.3526361639612978,13.22385614854867,78.23467728523978,298.20952374526854,371.5950248774756,320.7263086851917,7.2326588168524495,7.172491515841117,391.17338642619893,20.112272714864904,True
vector_thrust,cruise_119,0.35158173290184963,13.184314983819366,78.25520278308939,298.13938815827885,371.5354670047476,320.81046641046663,7.25454726224091,7.174373558424406,391.276013915447,20.139452769792022,True
vector_thrust,cruise_119,0.3508518643407777,13.156944912779165,78.26941667608905,298.09084205128477,371.494254322271,320.8687455767545,7.269775406904117,7.175676871605866,391.34708338044527,20.15826195140167,True
vector_thrust,cruise_119,0.3505913416704509,13.147175312641913,78.27449150002924,298.07351401107496,371.47954621015043,320.8895531421662,7.2752263843744664,7.176142196970014,391.3724575001462,20.16497487059659,True
vector_thrust,cruise_120,0.3505913416704509,13.147175312641913,78.27379196278282,298.0331094320674,371.44525541160726,320.8877814429957,7.274200047386137,7.274200047386137,391.3689598139141,20.16497487059659,True
vector_thrust,cruise_120,0.3503308024012585,13.137405090047197,78.27886772320828,298.01578042314213,371.4305505731868,320.90859291923783,7.2796586622553106,7.274671822412242,391.3943386160414,20.17168778979151,True
vector_thrust,cruise_120,0.3496006877880462,13.110025792051736,78.29309514110062,297.96721963259256,371.3893500013803,320.966927739073,7.294998848164693,7.275994213521374,391.46547570550314,20.19049697140116,True
vector_thrust,cruise_120,0.3485453815872396,13.070451809521488,78.31366856815775,297.8970316607321,371.32981727918127,321.0512822699343,7.317285231824489,7.277906445048636,391.5683428407888,20.217677026328275,True
vector_thrust,cruise_120,0.34737371991480376,13.026514496805145,78.3365230458349,297.8191072866791,371.26374624553245,321.1449894940872,7.342187666867928,7.28003069263235,391.6826152291745,20.24784461135305,True
vector_thrust,cruise_120,0.3463177644514697,12.986916166930117,78.35713198956249,297.7488803718934,371.2042230823705,321.22948964923114,7.3647754136617545,7.281946225314174,391.78565994781246,20.275024666280167,True
vector_thrust,cruise_120,0.3455868402208417,12.959506508281565,78.37140369584682,297.7002710202889,371.1630344304927,321.2880060589571,7.380491411320155,7.28327273288167,391.8570184792341,20.293833847889815,True
vector_thrust,cruise_120,0.34532594063789906,12.94972277392122,78.37649916639002,297.6829203996532,371.1483348969409,321.3088983500469,7.386117284599961,7.283746339898279,391.88249583195005,20.300546767084732,True
vector_thrust,cruise_121,0.34532594063789906,12.94972277392122,78.37579258461714,297.64240726136063,371.1140167600423,321.3071088089719,7.38507093979525,7.38507093979525,391.87896292308574,20.300546767084732,True
vector_thrust,cruise_121,0.34506502440747494,12.939938415280315,78.38088899522121,297.625055668998,371.0993205138425,321.3280050273333,7.39070483297941,7.385551228126076,391.9044449761061,20.30725968627965,True
vector_thrust,cruise_121,0.34433385315603143,12.912519493351182,78.39517431686585,297.5764315767018,371.0581440229325,321.3865774642844,7.40653835432471,7.386897484060482,391.97587158432924,20.326068867889305,True
vector_thrust,cruise_121,0.34327701898394036,12.872888211897767,78.41583151449788,297.50615206767594,370.99864611434845,321.47127576061774,7.429543446468614,7.388844228809516,392.0791575724894,20.35324892281642,True
vector_thrust,cruise_121,0.3421036598884675,12.828887245817533,78.43877910486763,297.42812600704735,370.93261374266734,321.5653650869582,7.455251737267184,7.391006821328174,392.19389552433813,20.38341650784119,True
vector_thrust,cruise_121,0.34104617374434165,12.789231515412816,78.459472061737,297.35780739643656,370.87312543237374,321.6502100027189,7.478572976002974,7.392956936045823,392.29736030868503,20.410596562768312,True
vector_thrust,cruise_121,0.3403141894967753,12.761782106129075,78.47380197444102,297.3091345452398,370.83196091034023,321.7089652711854,7.4948007452881145,7.394307394264193,392.3690098722051,20.42940574437796,True
vector_thrust,cruise_121,0.34005291144893346,12.751984179335006,78.47891823201125,297.2917612531173,370.8172699907931,321.72994286492906,7.50061010247955,7.394789552964377,392.3945911600563,20.436118663572877,True
vector_thrust,cruise_122,0.34005291144893346,12.751984179335006,76.35932910329781,297.25113906780945,370.7829245445114,316.346103001173,7.3740868977195495,7.3740868977195495,381.7966455164891,20.436118663572877,True
vector_thrust,cruise_122,0.33979883433499003,12.74245628756213,76.36417022263288,297.2342339134504,370.7686334816991,316.36616234183646,7.379648929351334,7.374554484706587,381.8208511131644,20.442831582767795,True
vector_thrust,cruise_122,0.3390868309725182,12.715756161469436,76.37774074980649,297.1868610133859,370.7285922196686,316.42239191386733,7.3952800142687485,7.375865206559783,381.8887037490324,20.461640764377446,True
vector_thrust,cruise_122,0.3380577085203654,12.677164069513703,76.3973639819201,297.11839031322967,370.6707345826204,316.5037009101194,7.417989514606156,7.3777605344877735,381.98681990960046,20.488820819304564,True
vector_thrust,cruise_122,0.33691512556795766,12.634317208798416,76.41916249077289,297.0423729648992,370.60652252324013,316.5940231803891,7.443365427497518,7.379865963520879,382.0958124538644,20.518988404329335,True
vector_thrust,cruise_122,0.33588538441938787,12.595701915727048,76.43881883736125,296.97386512113775,370.5486740305964,316.67546938666686,7.466383275979628,7.38176448984026,382.19409418680624,20.546168459256457,True
vector_thrust,cruise_122,0.33517260955483735,12.568972858306402,76.4524306577397,296.92644590373556,370.50864417145556,316.7318700573075,7.482398883406634,7.383079200034089,382.26215328869847,20.564977640866104,True
vector_thrust,cruise_122,0.3349181890900731,12.559432090877744,76.45729048523862,296.90952013621506,370.4943581834081,316.75200678571105,7.48813207925518,7.383548590943839,382.2864524261931,20.571690560061022,True
vector_thrust,cruise_123,0.3349181890900731,12.559432090877744,71.45256806624441,296.87013348833307,370.46111890293946,303.9250283635814,7.183944551623127,7.183944551623127,357.26284033122204,20.571690560061022,True
vector_thrust,cruise_123,0.3346807595901496,12.550528484630611,71.45680687539571,296.8543146715892,370.44777083436213,303.94306135078176,7.189084450663806,7.184370801415205,357.2840343769786,20.57840347925594,True
vector_thrust,cruise_123,0.33401541385204525,12.525578019451698,71.4686879161258,296.809986332725,370.4103716167255,303.99360636282137,7.203526895897655,7.1855655452828255,357.34343958062897,20.59721266086559,True
vector_thrust,cruise_123,0.33305374501235013,12.489515437963133,71.48586736824642,296.74591700330814,370.35633141000307,304.06669218366824,7.224503612681439,7.187293091340156,357.42933684123204,20.624392715792705,True
vector_thrust,cruise_123,0.33198607341786807,12.449477753170056,71.50495015711694,296.67478737444236,370.29635577679153,304.1478752900246,7.247935055675737,7.18921203476424,357.5247507855847,20.65456030081748,True
vector_thrust,cruise_123,0.33102386430838754,12.413394911564536,71.52215671994007,296.6106855288766,370.24232362944656,304.2210764467934,7.269181612288147,7.190942307042812,357.61078359970037,20.681740355744598,True
vector_thrust,cruise_123,0.33035784486467784,12.388419182425423,71.53407156720296,296.566316643023,370.20493446169235,304.27176528054423,7.283960556947732,7.1921404504567095,357.67035783601483,20.700549537354245,True
vector_thrust,cruise_123,0.3301201155374811,12.379504332655545,71.53832542082344,296.55047978116596,370.1915908657345,304.2898622711486,7.289250217475961,7.192568213111707,357.69162710411723,20.707262456549167,True
vector_thrust,cruise_124,0.3301201155374811,12.379504332655545,71.53733395494712,296.51410785218127,370.1609490145877,304.28730664221024,7.288294978156342,7.288294978156342,357.68666977473555,20.707262456549167,True
vector_thrust,cruise_124,0.3298823737330292,12.370589014988598,71.54158849531069,296.4982702680108,370.1476081952899,304.3054066466077,7.293591808328779,7.288728509783443,357.70794247655346,20.713975375744084,True
vector_thrust,cruise_124,0.32921615262399667,12.345605723399878,71.5535135966181,296.45388932544796,370.1102292943156,304.35613938092956,7.3084758480936465,7.28994366113782,357.7675679830905,20.732784557353735,True
vector_thrust,cruise_124,0.32825321802091845,12.309495675784445,71.57075678553448,296.38974393317466,370.05621845809196,304.42949675539563,7.330095640436292,7.291700718275141,357.8537839276724,20.75996461228085,True
vector_thrust,cruise_124,0.32718414040502986,12.269405265188624,71.58991041037062,296.31852981396685,369.99627544039913,304.51098166148256,7.354247777123299,7.293652446194332,357.9495520518531,20.790132197305624,True
vector_thrust,cruise_124,0.32622066349487916,12.233274881057971,71.60718087854399,296.25435178484355,369.94227269370685,304.58445508957885,7.376149983028848,7.295412283050267,358.0359043927199,20.817312252232743,True
vector_thrust,cruise_124,0.32555376613978176,12.208266230241819,71.61913999655847,296.20993014477943,369.9049038802163,304.635332540538,7.391386202566213,7.296630900660113,358.0956999827924,20.83612143384239,True
vector_thrust,cruise_124,0.32531572337744424,12.19933962665416,71.62340965952646,296.1940744485117,369.8915675502722,304.65349688744055,7.39683977163169,7.29706597342004,358.11704829763227,20.842834353037308,True
vector_thrust,cruise_125,0.32531572337744424,12.19933962665416,71.90032103116492,296.15761336405996,369.8609037981955,305.36705822392844,7.413252022757738,7.413252022757738,359.50160515582456,20.842834353037308,True
vector_thrust,cruise_125,0.32507672494763534,12.190377185536327,71.90462493045656,296.1416954154446,369.8475185188711,305.385340405732,7.41874767993877,7.413695850661193,359.5231246522828,20.849547272232225,True
vector_thrust,cruise_125,0.324406981868432,12.1652618200662,71.91668845429318,296.0970892384705,369.81001505768984,305.4365840619285,7.434191292003471,7.414939868729683,359.5834422714659,20.86835645384188,True
vector_thrust,cruise_125,0.3234389553065332,12.128960823995,71.93413186806588,296.032618221277,369.75582426328094,305.51068051254293,7.456626166008419,7.416738673307988,359.6706593403294,20.895536508768995,True
vector_thrust,cruise_125,0.32236422248974417,12.088658343365411,71.9535080008744,295.96104247539387,369.6956815576773,305.5929868022689,7.4816920437499785,7.418736784277605,359.767540004372,20.925704093793765,True
vector_thrust,cruise_125,0.32139564721484115,12.052336770556547,71.97097919013979,295.89653844220754,369.64149894403647,305.66720123812286,7.504425779292395,7.420538453127912,359.8548959506989,20.952884148720887,True
vector_thrust,cruise_125,0.3207252199014985,12.027195746306194,71.98307734947224,295.8518910949483,369.6040056841091,305.7185920196137,7.5202420830030965,7.42178604288777,359.9153867473612,20.971693330330535,True
vector_thrust,cruise_125,0.32048591695877365,12.018221885954015,71.98739666309886,295.8359548238269,369.590624944771,305.736939678672,7.525903609789683,7.42223146035165,359.9369833154943,20.978406249525452,True
vector_thrust,cruise_126,0.32048591695877365,12.018221885954015,71.70588382049294,295.7992330925095,369.5597958486908,305.0115177535183,7.507114936970658,7.507114936970658,358.5294191024648,20.978406249525452,True
vector_thrust,cruise_126,0.3202475534702567,12.00928325513463,71.71016985910177,295.7833581908653,369.54647005806464,305.02975219473365,7.51274847428639,7.507563733288328,358.55084929550884,20.98511916872037,True
vector_thrust,cruise_126,0.31957958981487405,11.98423461805778,71.72218331447695,295.73887264989054,369.50913327579127,305.0808620108789,7.52858009490274,7.508821676814644,358.6109165723847,21.00392835033002,True
vector_thrust,cruise_126,0.31861413552749623,11.948030082281111,71.73955431425449,295.6745760116583,369.4551833270849,305.1547648621548,7.551580059407493,7.510640615334686,358.6977715712725,21.03110840525714,True
vector_thrust,cruise_126,0.3175422590123536,11.907834712963265,71.75884998661148,295.603193887865,369.3953079230097,305.23685600386983,7.577279304087753,7.512661088662056,358.7942499330574,21.06127599028191,True
vector_thrust,cruise_126,0.3165762583422144,11.871609687833043,71.77624860501561,295.53886437074067,369.34136612436475,305.3108763553057,7.60058930934688,7.514482919162087,358.88124302507805,21.08845604520903,True
vector_thrust,cruise_126,0.3159076133584552,11.846535500942071,71.78829650032463,295.49433783044265,369.30403950505485,305.36213269203483,7.6168075629494405,7.51574446893538,358.94148250162317,21.10726522681868,True
vector_thrust,cruise_126,0.31566894665020645,11.837585499382746,71.79259786619038,295.4784446823775,369.290718237374,305.3804323412191,7.622613174732342,7.516194870188238,358.96298933095187,21.113978146013597,True
vector_thrust,cruise_127,0.31566894665020645,11.837585499382746,71.84082862909065,295.44180528327854,369.26001188384913,305.50474800864134,7.624770632405783,7.624770632405783,359.20414314545326,21.113978146013597,True
vector_thrust,cruise_127,0.3154301002296638,11.828628758612394,71.84513415692642,295.4259005052686,369.2466842892742,305.5230615989628,7.6305907844375085,7.625227701981843,359.2256707846321,21.120691065208515,True
vector_thrust,cruise_127,0.31476078298959886,11.803529362109959,71.85721088378689,295.38133122648566,369.2093424586948,305.57442616758766,7.6469484694886845,7.626509656049497,359.28605441893444,21.139500246818166,True
vector_thrust,cruise_127,0.3137933715385686,11.767251432696327,71.87467383133932,295.31691351361997,369.15538522957377,305.64869938555114,7.670714868145762,7.628363362922446,359.37336915669664,21.16668030174528,True
vector_thrust,cruise_127,0.31271932113453726,11.72697454254515,71.89406906635507,295.2453969119676,369.09550176661065,305.73119210238065,7.6972732253451,7.630422211594255,359.4703453317754,21.196847886770055,True
vector_thrust,cruise_127,0.311751360432964,11.690676016236154,71.91155732243712,295.1809461498047,369.04155272776507,305.8055740491324,7.721365176859045,7.632278632114299,359.55778661218557,21.224027941697173,True
vector_thrust,cruise_127,0.31108135827303535,11.665550935238826,71.92366730142628,295.1363356582552,369.00422110949734,305.85708083680686,7.738129006888421,7.633564135677139,359.6183365071314,21.24283712330682,True
vector_thrust,cruise_127,0.3108422070373269,11.656582763899761,71.92799083644525,295.12041253901185,368.99089805997943,305.8754699196859,7.744130222094485,7.634023089392284,359.63995418222623,21.24955004250174,True
vector_thrust,cruise_128,0.3108422070373269,11.656582763899761,71.87640609181814,295.0836525742009,368.96014455627784,305.7425049525341,7.739799642480821,7.739799642480821,359.3820304590907,21.24955004250174,True
vector_thrust,cruise_128,0.31060321485325415,11.647620556997033,71.88072410611265,295.0677399183722,368.946833693452,305.7608757622227,7.745802683486595,7.740264695209692,359.4036205305633,21.25626296169666,True
vector_thrust,cruise_128,0.30993348899842543,11.622505837440956,71.89282720781864,295.0231485548055,368.9095387473859,305.81236789805894,7.762674323952062,7.741568206524214,359.4641360390932,21.27507214330631,True
vector_thrust,cruise_128,0.30896548660802675,11.586205747801005,71.91032788887361,294.95869890020543,368.8556492783501,305.8868238075868,7.787189484195563,7.743453040371682,359.55163944436805,21.302252198233425,True
vector_thrust,cruise_128,0.3078907796245761,11.545904235921608,71.92976768818718,294.8871468048564,368.79584103572813,305.96952961400797,7.814587732018968,7.745546718419715,359.64883844093595,21.3324197832582,True
vector_thrust,cruise_128,0.30692222672758035,11.509583502284265,71.94729633358541,294.8226640257788,368.74195977820546,306.0441044966529,7.839444249149385,7.747434564043675,359.7364816679271,21.359599838185318,True
vector_thrust,cruise_128,0.30625181440202576,11.484443040075968,71.95943430632792,294.77803135664857,368.70467507173197,306.09574498982687,7.85674157639873,7.748741830989328,359.7971715316396,21.378409019794965,True
vector_thrust,cruise_128,0.30601251670965846,11.475469376612194,71.9637678395935,294.7621003181091,368.69136876595456,306.1141818243602,7.862934073581749,7.749208555121622,359.8188391979675,21.385121938989883,True
vector_thrust,cruise_129,0.30601251670965846,11.475469376612194,71.96272885514787,294.7252809168104,368.6606195544855,306.1115036838899,7.861883113816145,7.861883113816145,359.81364427573936,21.385121938989883,True
vector_thrust,cruise_129,0.3057732064361197,11.466495241354492,71.96706307586963,294.70934914883935,368.6473160801726,306.1299435481539,7.868084756418572,7.862356706137026,359.8353153793482,21.3918348581848,True
vector_thrust,cruise_129,0.30510258899384785,11.441347087269298,71.97921161429359,294.6647042151233,368.61004184104627,306.1816292868013,7.885515450386781,7.863684154570055,359.8960580714679,21.410644039794455,True
vector_thrust,cruise_129,0.3041332973869803,11.404998652011766,71.99677802347534,294.6001770995959,368.556182306878,306.2563652593387,7.910845252696714,7.865603603768844,359.98389011737675,21.43782409472157,True
vector_thrust,cruise_129,0.30305715832397545,11.36464343714908,72.01629087302618,294.5285389600711,368.4964073067331,306.33938232748875,7.939157194137169,7.867735736924224,360.0814543651309,21.46799167974634,True
vector_thrust,cruise_129,0.30208731412409634,11.328274279653616,72.03388542228932,294.4639785955921,368.44255601523554,306.4142380214953,7.964845606554747,7.869658260937861,360.16942711144657,21.495171734673463,True
vector_thrust,cruise_129,0.30141600760937726,11.303100285351649,72.04606905082245,294.4192922010958,368.4052920545547,306.4660730503881,7.982723503575238,7.870989543602682,360.23034525411225,21.51398091628311,True
vector_thrust,cruise_129,0.30117639066966656,11.2941146501125,72.05041888815225,294.403341981336,368.3919931545814,306.4845793552248,7.989124178673306,7.871464842321429,360.2520944407613,21.520693835478028,True
vector_thrust,cruise_130,0.30117639066966656,11.2941146501125,72.04936990677102,294.36643171805895,368.3612222810713,306.4818754400837,7.988052083273069,7.988052083273069,360.24684953385514,21.520693835478028,True
vector_thrust,cruise_130,0.3009367611293379,11.285128542350174,72.05372043296673,294.35048076747125,368.3479262237987,306.50038478278697,7.994462382742155,7.9885345052542345,360.2686021648336,21.527406754672946,True
vector_thrust,cruise_130,0.3002652487991947,11.259946829969804,72.06591469327955,294.3057820660218,368.310672771576,306.5522653413556,8.0124804812813,7.989886704640774,360.3295734663978,21.546215936282596,True
vector_thrust,cruise_130,0.2992946632023121,11.223549870086705,72.08354723660659,294.24117720373937,368.25684328790913,306.6272831126288,8.038666356916822,7.991841945430268,360.41773618303296,21.573395991209715,True
vector_thrust,cruise_130,0.2982170867556062,11.183140753335234,72.10313359222465,294.1694527023674,368.1971016587036,306.7106133892858,8.067938629121263,7.9940138408779,360.51566796112326,21.603563576234485,True
vector_thrust,cruise_130,0.29724594646850344,11.14672299256888,72.12079446025176,294.1048144658826,368.1432804490723,306.78575166513485,8.094501553003697,7.995972222462676,360.60397230125875,21.630743631161604,True
vector_thrust,cruise_130,0.29657374245074664,11.121515341903002,72.13302402450672,294.0600741474687,368.10603731440716,306.83778242751424,8.112989846978952,7.997328336716486,360.6651201225336,21.649552812771255,True
vector_thrust,cruise_130,0.2963338050803955,11.112517690514833,72.13739026757627,294.04410467558444,368.09274584888135,306.85635863696444,8.1196094127645,7.997812501492576,360.68695133788134,21.656265731966172,True
vector_thrust,cruise_131,0.2963338050803955,11.112517690514833,72.13633112089421,294.0071032092018,368.0619533689752,306.85362851993744,8.118515438439733,8.118515438439733,360.6816556044711,21.656265731966172,True
vector_thrust,cruise_131,0.2960938550904683,11.103519565892565,72.14069805845048,293.9911330051074,368.04866475746326,306.872207791598,8.125145141686287,8.119006995618113,360.7034902922524,21.66297865116109,True
vector_thrust,cruise_131,0.2954214445566108,11.078304170872906,72.15293832030203,293.946380337175,368.0114321726489,306.92428436705296,8.14378094658907,8.120384800677325,360.76469160151015,21.68178783277074,True
vector_thrust,cruise_131,0.2944495601737913,11.041858506517176,72.17063741565963,293.88169744062543,367.957632855902,306.99958571992806,8.170867187954842,8.122377070408012,360.85318707829816,21.708967887697856,True
vector_thrust,cruise_131,0.29337054101405186,11.001395288026949,72.19029773702893,293.8098862578517,367.89792472696166,307.083231168398,8.20114965957758,8.124590102295672,360.9514886851446,21.73913547272263,True
vector_thrust,cruise_131,0.2923980998326581,10.96492874372468,72.20802533407377,293.74516986106613,367.8441337158245,307.15865378027235,8.22863267402625,8.126585580210866,361.04012667036886,21.76631552764975,True
vector_thrust,cruise_131,0.2917249949821066,10.939687311829,72.22030113167874,293.70037541900774,367.8069114879402,307.21088154298906,8.24776327422242,8.127967385275307,361.1015056583937,21.785124709259396,True
vector_thrust,cruise_131,0.29148473599209834,10.930677599703689,72.22468388241582,293.68438662367265,367.7936274856971,307.2295280927201,8.254613191869902,8.12846072244911,361.1234194120791,21.791837628454314,True
vector_thrust,cruise_132,0.29148473599209834,10.930677599703689,72.22361438337266,293.64729361312504,367.7628134574082,307.2267712803989,8.253496554910129,8.253496554910129,361.11807191686336,21.791837628454314,True
vector_thrust,cruise_132,0.2912444643640815,10.921667413653058,72.22799782989837,293.6313040842155,367.74953232057226,307.24542090012125,8.26035715938641,8.25399756779871,361.1399891494919,21.798550547649235,True
vector_thrust,cruise_132,0.2905711522947942,10.896418211054785,72.24028438574541,293.58649724988487,367.7123206842239,307.29769473971356,8.279643095936533,8.255401878865706,361.2014219287271,21.817359729258886,True
vector_thrust,cruise_132,0.2895979643068125,10.859923661505473,72.25805045574293,293.5217360298552,367.6585516516043,307.37328147678016,8.30767710716586,8.25743247949135,361.29025227871466,21.844539784186,True
vector_thrust,cruise_132,0.28851749707882274,10.819406140455856,72.27778519909043,293.4498378442453,367.59887715314136,307.45724404882407,8.339023162537881,8.25968809281638,361.38892599545215,21.874707369210775,True
vector_thrust,cruise_132,0.28754375017247397,10.782890631467778,72.2955799454395,293.385042997161,367.54511645792104,307.53295279103503,8.367475073366307,8.261721971050397,361.4778997271975,21.901887424137893,True
vector_thrust,cruise_132,0.28686974114302305,10.757615292863367,72.3079022586951,293.3401942305564,367.50791521813767,307.5853787631278,8.387282152459207,8.263130369082416,361.53951129347547,21.92069660574754,True
vector_thrust,cruise_132,0.2866291593385112,10.748593475194172,72.31230162589745,293.3241860400266,367.494638708212,307.60409611559413,8.394374698784002,8.263633201577951,361.56150812948727,21.92740952494246,True
vector_thrust,cruise_133,0.2866291593385112,10.748593475194172,72.31122159374699,293.28700114406877,367.463803191719,307.6013121446925,8.393234574839827,8.393234574839827,361.5561079687349,21.92740952494246,True
vector_thrust,cruise_133,0.2863885646660552,10.739571174977074,72.31562166184925,293.2709922058173,367.4505295480616,307.6200325911931,8.400338403697729,8.393745382474975,361.57810830924626,21.934122444137376,True
vector_thrust,cruise_133,0.2857143480386616,10.714288051449811,72.32795479713886,293.226131023654,367.4133389580906,307.67250491389177,8.420309198803814,8.395177146566052,361.63977398569426,21.952931625747027,True
vector_thrust,cruise_133,0.2847398494811147,10.677744355541803,72.34608745096631,293.16032121119207,367.35863037151574,307.7496517591127,8.449348828576268,8.397282181697838,361.73043725483154,21.980111680674145,True
vector_thrust,cruise_133,0.28365792109708937,10.637172041140856,72.36622975022769,293.08712787042754,367.2977818855323,307.835348802848,8.481819969505866,8.399620518245968,361.83114875113847,22.010279265698916,True
vector_thrust,cruise_133,0.28268285201457094,10.60060695054641,72.38439226071526,293.02116549620393,367.24296295982583,307.9126226751637,8.511297134983263,8.401729019449457,361.9219613035763,22.037459320626038,True
vector_thrust,cruise_133,0.2820079247933655,10.575297179751207,72.3969694052007,292.9755084219033,367.20502911983266,307.966133154165,8.531820231995763,8.40318911075836,361.9848470260035,22.056268502235685,True
vector_thrust,cruise_133,0.2817670146567392,10.566263049627723,72.40145977806249,292.95921167984415,367.1914910922792,307.98523780976694,8.53916962449251,8.40371040195449,362.0072988903124,22.062981421430603,True
vector_thrust,cruise_134,0.2817670146567392,10.566263049627723,72.40036900760434,292.92130882698723,367.160008506707,307.9824261522208,8.537986887180322,8.537986887180322,362.0018450380217,22.062981421430603,True
vector_thrust,cruise_134,0.28152609157375996,10.557228434016,72.40486011375542,292.90501131957956,367.14647334143706,308.00153404021796,8.545348182844972,8.538516602135813,362.0243005687771,22.06969434062552,True
vector_thrust,cruise_134,0.28085095205866173,10.531910702199818,72.41744852196312,292.8593413328296,367.1085497818997,308.05509276077896,8.56604410264338,8.540001374041655,362.0872426098156,22.08850352223517,True
vector_thrust,cruise_134,0.2798751178370226,10.495316918888351,72.43565131627503,292.79333225898364,367.0537515962649,308.1325384836931,8.59613420131156,8.542148349032956,362.1782565813752,22.115683577162287,True
vector_thrust,cruise_134,0.27879170589095525,10.454688970910823,72.45587154659664,292.7200482808237,366.99293427819356,308.2185676025147,8.629788436622828,8.544533275658775,362.2793577329832,22.14585116218706,True
vector_thrust,cruise_134,0.2778152990089953,10.418073712837328,72.47410436863396,292.65400417480845,366.93814344587673,308.29614108157756,8.660343806935217,8.546683792346712,362.3705218431698,22.17303121711418,True
vector_thrust,cruise_134,0.2771394453978748,10.392729202420306,72.48673022084333,292.60829050364055,366.90022905578,308.3498591116234,8.681619947403071,8.548172980680821,362.4336511042166,22.191840398723826,True
vector_thrust,cruise_134,0.27689820451216696,10.383682669206264,72.49123799012105,292.5919735548316,366.88669797129603,308.36903789508153,8.68923947844638,8.548704661022857,362.4561899506053,22.198553317918748,True
vector_thrust,cruise_135,0.27689820451216696,10.383682669206264,72.49013628407744,292.55397503963013,366.85519119612565,308.3661980424581,8.688031007796093,8.688031007796093,362.4506814203872,22.198553317918748,True
vector_thrust,cruise_135,0.2766569506615051,10.374635649806443,72.49464477686894,292.5376573240512,366.8416629856845,308.3853800237018,8.695663122087964,8.688571448508773,362.4732238843447,22.205266237113666,True
vector_thrust,cruise_135,0.2759808840127953,10.349283150479827,72.50728196324332,292.4919306943969,366.8037589175876,308.4391465992468,8.717121773440232,8.690086289235426,362.5364098162165,22.224075418723316,True
vector_thrust,cruise_135,0.275003709150001,10.312639093125041,72.525555321492,292.4258397148024,366.74898890947935,308.51689301128675,8.748324331952212,8.692276747342818,362.62777660746,22.25125547365043,True
vector_thrust,cruise_135,0.2739188079653409,10.271955298700286,72.54585397936111,292.3524647527642,366.68820288214675,308.6032563277862,8.783227729736426,8.69470998151844,362.7292698968056,22.281423058675205,True
vector_thrust,cruise_135,0.27294105820784825,10.235289682794313,72.564157559277,292.2863386051223,366.63344025628396,308.6811313221959,8.814921752758824,8.696904062356282,362.82078779638505,22.308603113602324,True
vector_thrust,cruise_135,0.2722642746768834,10.20991030038313,72.57683243147305,292.24056812161245,366.59554539369947,308.73505823742414,8.836993290232746,8.698423420556475,362.88416215736527,22.32741229521197,True
vector_thrust,cruise_135,0.2720227017834994,10.200851316881229,72.58135770631795,292.2242308892254,366.58202128009776,308.7543116160956,8.84489817986397,8.698965872848472,362.9067885315897,22.33412521440689,True
vector_thrust,cruise_136,0.2720227017834994,10.200851316881229,72.58024489622508,292.1861363214604,366.5504903467688,308.75144317180974,8.843662990632373,8.843662990632373,362.9012244811254,22.33412521440689,True
vector_thrust,cruise_136,0.27178111590634585,10.191791846487972,72.58477090047664,292.1697983208616,366.53696911902324,308.77069977395365,8.851581197808152,8.84421456343785,362.92385450238316,22.340838133601807,True
vector_thrust,cruise_136,0.27110411859477557,10.166404447304087,72.59745718132312,292.1240148328428,366.4990846204782,308.82467555445334,8.873845671794035,8.84576060839716,362.98728590661557,22.35964731521146,True
vector_thrust,cruise_136,0.2701255979852873,10.129709924448276,72.61580156199658,292.0578416357979,366.4443429028483,308.90272461210446,8.906223741697348,8.847996191672538,363.07900780998284,22.386827370138576,True
vector_thrust,cruise_136,0.2690392018874755,10.088970070780332,72.63617915774111,291.9843753434284,366.38358829172824,308.98942430377815,8.942447386612788,8.850479557731257,363.1808957887055,22.416994955163347,True
vector_thrust,cruise_136,0.26806010413472764,10.052253905052288,72.65455395684694,291.9181668415737,366.3288539854637,309.0676027816129,8.975345120240354,8.852718848028942,363.2727697842347,22.44417501009047,True
vector_thrust,cruise_136,0.2673823871369825,10.026839517636844,72.66727816882205,291.87233932915916,366.29097872874297,309.12173994631524,8.998257648078454,8.854269515565838,363.33639084411027,22.462984191700116,True
vector_thrust,cruise_136,0.2671404809692433,10.017768036346625,72.67182106384149,291.85598173585475,366.27746161399733,309.14106840897597,9.006464283063664,8.854823146694303,363.35910531920746,22.469697110895034,True
vector_thrust,cruise_137,0.2671404809692433,10.017768036346625,72.67069714661596,291.8177907484842,366.2459065756731,309.1381716188369,9.005201353288085,9.005201353288085,363.3534857330798,22.469697110895034,True
vector_thrust,cruise_137,0.2668985617989608,10.008696067461033,72.67524067660135,291.8014323855238,366.23239235866487,309.1575029451047,9.013422086559386,9.005764475223353,363.3762033830067,22.47641003008995,True
vector_thrust,cruise_137,0.2662206302732678,9.983273635247544,72.68797637003345,291.7555918222973,366.194527508273,309.21168928873,9.036538785062438,9.007342924537422,363.4398818501673,22.495219211699602,True
vector_thrust,cruise_137,0.265240758779565,9.946528454233688,72.70639223336758,291.68933609409976,366.13981419478307,309.2900429570232,9.070160278106828,9.009625368520494,363.53196116683796,22.52239926662672,True
vector_thrust,cruise_137,0.26415286205830035,9.905732327186264,72.72684927921186,291.615778122724,366.0790911261407,309.37708121068874,9.107780756702423,9.01216079465565,363.6342463960593,22.55256685165149,True
vector_thrust,cruise_137,0.26317241115816253,9.868965418431097,72.7452957596371,291.54948695206707,366.0243852533347,309.4555651450041,9.141952314879095,9.014447033290647,363.7264787981855,22.579746906578613,True
vector_thrust,cruise_137,0.26249375712415374,9.843515892155766,72.75806963203149,291.50360219279844,365.98652968132683,309.5099139280074,9.165754981540232,9.016030214467168,363.79034816015746,22.59855608818826,True
vector_thrust,cruise_137,0.26225151640731054,9.834431865274146,72.76263026160994,291.48722416074247,365.97301959358896,309.52931796302994,9.174281028678045,9.016595454409973,363.8131513080497,22.60526900738318,True
vector_thrust,cruise_138,0.26225151640731054,9.834431865274146,72.7614946413732,291.4489363845918,365.94144050415355,309.52639080159435,9.17298920953696,9.17298920953696,363.80747320686606,22.60526900738318,True
vector_thrust,cruise_138,0.26200926267057956,9.825347350146735,72.76605590821116,291.4325575815219,365.9279333261761,309.5457977121312,9.181530209668523,9.173564344279054,363.8302795410558,22.611981926578096,True
vector_thrust,cruise_138,0.2613303933607335,9.799889751027507,72.77884133086556,291.38665972510773,365.8900882032464,309.6001959726346,9.205549169085906,9.175176467417643,363.8942066543278,22.630791108187747,True
vector_thrust,cruise_138,0.26034916581803563,9.763093718176338,72.79732913497976,291.32032115041443,365.8354034085853,309.67885621026716,9.240487334123385,9.177507607935755,363.98664567489885,22.657971163114862,True
vector_thrust,cruise_138,0.2592597627325813,9.7222411024718,72.81786613998538,291.24667114953877,365.7747120098326,309.7662352026013,9.279587276882634,9.180097133668104,364.08933069992696,22.688138748139636,True
vector_thrust,cruise_138,0.2582779535053325,9.68542325644997,72.83638476123294,291.18029699385437,365.7200346853849,309.84502655817863,9.315108329953155,9.18243215994048,364.1819238061647,22.715318803066754,True
vector_thrust,cruise_138,0.257598358846397,9.659938456739889,72.84920861226622,291.1343547686517,365.68219887766173,309.89958832025945,9.339854191901187,9.184049128540556,364.24604306133114,22.7341279846764,True
vector_thrust,cruise_138,0.25735578229883865,9.650841836206451,72.85378709005356,291.1179562196068,365.6686958453423,309.91906841364784,9.348718725405044,9.18462643209774,364.2689354502678,22.740840903871323,True
vector_thrust,cruise_139,0.25735578229883865,9.650841836206451,72.85263970697235,291.0795712833538,365.63709275940977,309.91611092283995,9.347396862602029,9.347396862602029,364.26319853486183,22.740840903871323,True
vector_thrust,cruise_139,0.2571131927138558,9.641744726769595,72.85721882608495,291.0631719619247,365.6235926489342,309.93559391050195,9.356277273866205,9.347984490064194,364.2860941304248,22.74755382306624,True
vector_thrust,cruise_139,0.25643338202595156,9.616251825973187,72.8700542998924,291.0172165929344,365.5857673332724,309.99020546327375,9.381252529320495,9.349631632110217,364.35027149946205,22.766363004675892,True
vector_thrust,cruise_139,0.255450793234712,9.579404746301702,72.8886145107323,290.9507948543607,365.5311111728455,310.0691742609189,9.417586488959941,9.352013414358172,364.44307255366147,22.793543059603007,True
vector_thrust,cruise_139,0.2543598780053652,9.538495425201198,72.90923199307127,290.8770524712171,365.4704515721873,310.1568962057071,9.458255180746633,9.354659200758412,364.54615996535637,22.82371064462778,True
vector_thrust,cruise_139,0.2533767052358317,9.50162644634369,72.92782322292074,290.81059501222285,365.41580291170976,310.2359969810355,9.495207519022443,9.35704496359253,364.63911611460367,22.8508906995549,True
vector_thrust,cruise_139,0.25269616633857733,9.476106237696651,72.94069737683161,290.7645951005781,365.3779869483347,310.29077310742537,9.520953938561581,9.358697069352496,364.70348688415805,22.869699881164546,True
vector_thrust,cruise_139,0.25245325266982777,9.466996975118544,72.94529381866018,290.7481759557964,365.3644910000194,310.3103297540396,9.530177583594186,9.359286918446372,364.7264690933009,22.876412800359464,True
vector_thrust,cruise_140,0.25245325266982777,9.466996975118544,72.94413445160448,290.70969348512773,365.3328639722625,310.3073413633877,9.528824434086793,9.528824434086793,364.7206722580224,22.876412800359464,True
vector_thrust,cruise_140,0.25221032594645854,9.457887222992197,72.94873153911792,290.6932735666152,365.3193709579652,310.32690092420046,9.538064958750768,9.529425063192678,364.74365769558955,22.883125719554382,True
vector_thrust,cruise_140,0.25152957026315836,9.43235888486844,72.96161738890018,290.6472604643292,365.28156552995273,310.3817271570623,9.564054951419003,9.531108650648351,364.80808694450093,22.901934901164037,True
vector_thrust,cruise_140,0.25054561498973427,9.395460562115037,72.98025047663276,290.58075524256395,365.2269381199981,310.4610065235062,9.601870302423867,9.533543137569513,364.9012523831638,22.92911495609115,True
vector_thrust,cruise_140,0.24945318179862097,9.354494317448289,73.00094895914731,290.5069201222414,365.16631044656435,310.5490736546056,9.644204365589246,9.536247476522542,365.00474479573654,22.959282541115922,True
vector_thrust,cruise_140,0.24846864023693996,9.31757400888525,73.01961326964052,290.4403790397202,365.1116905665034,310.62848586647306,9.682676530345752,9.538686042820983,365.09806634820256,22.986462596043044,True
vector_thrust,cruise_140,0.24778715346380187,9.292018254892573,73.03253805360703,290.39432121978433,365.0738945281179,310.6834777550288,9.709485621099505,9.540374717181841,365.16269026803513,23.00527177765269,True
vector_thrust,cruise_140,0.2475439013747245,9.28289630155217,73.0371525763381,290.3778814000387,365.06040569259875,310.7031114541583,9.719090714540558,9.54097762290484,365.18576288169055,23.01198469684761,True
vector_thrust,cruise_141,0.2475439013747245,9.28289630155217,73.03598100451424,290.33930101732795,365.0287547775117,310.7000916022584,9.717704958821518,9.717704958821518,365.1799050225712,23.01198469684761,True
vector_thrust,cruise_141,0.24730063621413964,9.27377385803024,73.04059617316736,290.32286042252923,365.0152688882765,310.7197282197117,9.727328018500776,9.71831912939938,365.2029808658368,23.018697616042527,True
vector_thrust,cruise_141,0.24661893189364922,9.248209946011848,73.05353272672004,290.2767893648862,364.97748342887627,310.7747705332466,9.754396054222589,9.72004067689048,365.2676636336002,23.037506797652178,True
vector_thrust,cruise_141,0.24563360486880978,9.211260182580368,73.07223916585109,290.2102003386761,364.92288488647284,310.8543624958918,9.793785543772646,9.72253005887325,365.36119582925545,23.064686852579296,True
vector_thrust,cruise_141,0.24453964785820947,9.170236794682856,73.09301917630006,290.1362721241033,364.8622892703279,310.9427770682131,9.837889708016803,9.725295383863816,365.4650958815003,23.094854437604067,True
vector_thrust,cruise_141,0.24355373221830273,9.133264958186356,73.11175704381264,290.06964709588755,364.80769828797276,311.02250275200663,9.877977702956011,9.727788948216341,365.5587852190632,23.122034492531185,True
vector_thrust,cruise_141,0.2428712939064786,9.10767352149295,73.12473278803783,290.0235311444591,364.76992225580176,311.0777118135666,9.905916832394315,9.729515711052255,365.62366394018915,23.140843674140836,True
vector_thrust,cruise_141,0.24262770208889478,9.098538828333556,73.1293655096027,290.00707057003956,364.7564405620793,311.09742306909425,9.915927604243747,9.730132216070317,365.64682754801356,23.147556593335754,True
vector_thrust,cruise_142,0.24262770208889478,9.098538828333556,73.12818149850314,289.9683918938577,364.7247658136064,311.09437114991493,9.914507838188094,9.914507838188094,365.6409074925157,23.147556593335754,True
vector_thrust,cruise_142,0.24238409718320636,9.089403644370242,73.13281486590958,289.951930543089,364.7112870785276,311.11408532671066,9.92453775727078,9.915136124581197,365.6640743295479,23.15426951253067,True
vector_thrust,cruise_142,0.24170144055824946,9.063804020934358,73.14580245413241,289.90580130667865,364.6735216692929,311.1693451347936,9.952752523666918,9.916897242271466,365.72901227066205,23.173078694140322,True
vector_thrust,cruise_142,0.2407147364756818,9.02680261783807,73.16458272340064,289.8391281528172,364.61895211237317,311.24925173928403,9.99381681217449,9.919443847835607,365.8229136170032,23.200258749067437,True
vector_thrust,cruise_142,0.2396192497463568,8.985721865488381,73.18544479419835,289.76510648475073,364.55838868453003,311.33801602781847,10.039804783357669,9.922272745803683,365.92722397099175,23.23042633409221,True
vector_thrust,cruise_142,0.23863195470441198,8.948698301415453,73.20425669950058,289.6983971867115,364.5038267180255,311.4180572378033,10.081612877989322,9.924823641214742,366.0212834975029,23.25760638901933,True
vector_thrust,cruise_142,0.23794856116480226,8.923071043680087,73.217283737218,289.6522228792296,364.46607077388666,311.47348489622703,10.110755235108366,9.926590108257727,366.08641868609,23.276415570628977,True
vector_thrust,cruise_142,0.23770462830111108,8.913923561291668,73.22193477667263,289.63574146994034,364.452596251173,311.4932742168549,10.121198013462099,9.927220789467908,366.10967388336314,23.283128489823895,True
vector_thrust,cruise_143,0.23770462830111108,8.913923561291668,73.22073781499014,289.5969641145427,364.42089772232094,311.4901885689083,10.119742708221175,10.119742708221175,366.10368907495075,23.283128489823895,True
vector_thrust,cruise_143,0.2374606823335216,8.904775587507062,73.2253896189321,289.5804819276698,364.4074261707339,311.5099812700755,10.130205934445321,10.120385736639607,366.12694809466046,23.289841409018816,True
vector_thrust,cruise_143,0.2367770697117652,8.879140114191198,73.23842857406994,289.5342942878186,364.36968089389364,311.5654599931242,10.159642085092374,10.122188138203562,366.1921428703497,23.308650590628467,True
vector_thrust,cruise_143,0.2357889832287047,8.842086871076429,73.25728315443361,289.467536681273,364.3151404413692,311.6456832956176,10.202490608413612,10.124794445593746,366.286415772168,23.335830645555582,True
vector_thrust,cruise_143,0.23469196084061456,8.800948531523048,73.27822782051615,289.3934211984398,364.25460933393003,311.73479958727194,10.25048605113915,10.127689669827923,366.3911391025808,23.365998230580356,True
vector_thrust,cruise_143,0.23370328103574733,8.763873038840527,73.2971142463742,289.32662730461743,364.2000765024047,311.8151583873818,10.294127689760785,10.130300379286187,366.485571231871,23.393178285507474,True
vector_thrust,cruise_143,0.23301892855342504,8.738209820753442,73.31019291222628,289.2803944152534,364.16234072879837,311.8708060733343,10.324552927674858,10.13210827014379,366.5509645611314,23.41198746711712,True
vector_thrust,cruise_143,0.23277465331677363,8.729049499379014,73.3148623891065,289.2638920904459,364.14887340654946,311.8906739701008,10.33545637079064,10.132753741528795,366.5743119455325,23.41870038631204,True
vector_thrust,cruise_144,0.23277465331677363,8.729049499379014,73.31365265335282,289.2250156653736,364.11715114909794,311.8875555841082,10.333963984975227,10.333963984975227,366.5682632667641,23.41870038631204,True
vector_thrust,cruise_144,0.2325303649595393,8.719888685982726,73.31832289880523,289.2085125617072,364.1036868104988,311.9074268804495,10.344889279383969,10.334622392972113,366.59161449402615,23.425413305506957,True
vector_thrust,cruise_144,0.23184579261785263,8.694217223169474,73.3314135592093,289.1622662921844,364.06596174873215,311.9631259637824,10.375628097131466,10.336467905275674,366.6570677960465,23.444222487116612,True
vector_thrust,cruise_144,0.2308563183466896,8.657111938000861,73.35034294019601,289.09542390566406,364.0114505201626,312.04366805545476,10.420380045865711,10.339136556395973,366.7517147009801,23.471402542043727,True
vector_thrust,cruise_144,0.22975775430955855,8.615915786608447,73.37137074526315,289.02121424427673,363.95095186594756,312.1331386731184,10.47051769997548,10.34210104191037,366.85685372631576,23.501570127068497,True
vector_thrust,cruise_144,0.22876768433520633,8.57878816257024,73.39033218257838,288.9543354264387,363.8964482891754,312.21381716065446,10.516116535226303,10.344774212319487,366.9516609128919,23.52875018199562,True
vector_thrust,cruise_144,0.22808236916340133,8.55308884362755,73.40346281661922,288.9080437277862,363.8587327690469,312.2696863270481,10.54791150210639,10.34662536009068,367.01731408309615,23.547559363605266,True
vector_thrust,cruise_144,0.22783775021552596,8.543915633082227,73.40815085241583,288.8915204062483,363.84527267687747,312.28963331903157,10.559306862455362,10.347286276158268,367.04075426207913,23.554272282800184,True
vector_thrust,cruise_145,0.22783775021552596,8.543915633082227,73.40692064223677,288.8525445153087,363.81352674058684,312.28645292208637,10.557774727424755,10.557774727424755,367.0346032111839,23.554272282800184,True
vector_thrust,cruise_145,0.22759311814256558,8.534741930346213,73.41161358184172,288.8360204144147,363.8000696452983,312.30641921001563,10.569194008522018,10.558449747324362,367.0580679092086,23.560985201995102,True
vector_thrust,cruise_145,0.22690758236200909,8.509034338575342,73.42475634093498,288.7897152896808,363.7623648835824,312.36234031163593,10.601324161646172,10.560340326912083,367.1237817046749,23.579794383604753,True
vector_thrust,cruise_145,0.2259167149199464,8.471876809497992,73.44376109447722,288.7227877968321,363.70788300179987,312.44320360185606,10.64810959844995,10.56307415155889,367.2188054723862,23.60697443853187,True
vector_thrust,cruise_145,0.22481660324706326,8.430622621764874,73.46487267686352,288.64848359405295,363.64741693719054,312.53303123380977,10.700536554180013,10.566111042508181,367.3243633843176,23.637142023556642,True
vector_thrust,cruise_145,0.22382513769825532,8.393442663684576,73.48390970081188,288.5815195247405,363.59294273809076,312.6140318314909,10.748227627861649,10.568849509243137,367.41954850405943,23.66432207848376,True
vector_thrust,cruise_145,0.22313885609040995,8.367707103390376,73.49709270129007,288.53516878988444,363.55524755652795,312.670124155968,10.781487202431244,10.57074587753009,367.48546350645034,23.68313126009341,True
vector_thrust,cruise_145,0.2228938920929435,8.358520953485383,73.50179943942291,288.51862439057,363.5417947248102,312.6901508469014,10.793408628736959,10.571422939533365,367.5089971971146,23.68984417928833,True
vector_thrust,cruise_146,0.2228938920929435,8.358520953485383,73.50056586060545,288.4795486345083,363.5100251596353,312.68697451167355,10.791837189018937,10.791837189018937,367.5028293030272,23.68984417928833,True
vector_thrust,cruise_146,0.22264891493306582,8.34933430998997,73.50527335362034,288.4630034533162,363.4965753364565,312.7070045564995,10.80378367737991,10.792528490544969,367.52636676810175,23.696557098483247,True
vector_thrust,cruise_146,0.22196241186925586,8.323590445097098,73.51846844818796,288.41663924051073,363.45889095555543,312.7631487350595,10.837402060018531,10.794466207442442,367.59234224093984,23.715366280092898,True
vector_thrust,cruise_146,0.22097014569481696,8.28638046355564,73.53754891277858,288.3496263045784,363.4044385374563,312.84433473986513,10.88636316066962,10.797268198626302,367.68774456389286,23.742546335020013,True
vector_thrust,cruise_146,0.21986848020482117,8.245068007680795,73.55874464666663,288.27522718627694,363.34400519246174,312.93452106342744,10.941240274786198,10.800380819873414,367.79372323333314,23.772713920044787,True
vector_thrust,cruise_146,0.2188756135045414,8.207835506420304,73.57785759752585,288.2081775280851,363.28956048840655,313.0158452949686,10.991171331261363,10.803187581708265,367.8892879876292,23.799893974971905,True
vector_thrust,cruise_146,0.21818836159684135,8.182063559881552,73.591093201856,288.16176752335144,363.2518857267643,313.0721618396534,11.025999353074845,10.805131247517291,367.95546600928,23.818703156581552,True
vector_thrust,cruise_146,0.21794305116993196,8.17286441887245,73.59581872479447,288.1452019628271,363.2384401845596,313.0922685999558,11.03848422597232,10.80582519674214,367.97909362397235,23.82541607577647,True
vector_thrust,cruise_147,0.21794305116993196,8.17286441887245,73.59456864275656,288.1060259271421,363.20664703079746,313.08904618656686,11.036869845759151,11.036869845759151,367.97284321378277,23.82541607577647,True
vector_thrust,cruise_147,0.21769772873495827,8.163664827560936,73.59929481820477,288.0894596551724,363.19320456806497,313.1091559014656,11.049381551311251,11.037578744101895,367.99647409102386,23.83212899497139,True
vector_thrust,cruise_147,0.21701025356046866,8.137884508517576,73.61254267259041,288.0430360619602,363.1555406022687,313.1655249450563,11.084594343984321,11.039565839482643,368.0627133629521,23.850938176581042,True
vector_thrust,cruise_147,0.21601658388486625,8.100621895682487,73.63169939524468,287.97593739562365,363.10111780741767,313.24703597673863,11.135886847142107,11.042439228566767,368.1584969762234,23.878118231508157,True
vector_thrust,cruise_147,0.21491335904317746,8.059250964119157,73.65297992716323,287.9014430283317,363.04071734786146,313.3375837120488,11.193390416471432,11.045631175335965,368.26489963581616,23.90828581653293,True
vector_thrust,cruise_147,0.2139190670154286,8.021965013078574,73.6758922189574,287.83430630699996,362.98630133748503,313.43507468728063,11.246292790832504,11.049067881978614,368.379461094787,23.93546587146005,True
vector_thrust,cruise_147,0.21323076864087412,7.996153824032781,73.6961764038176,287.7656055363393,362.92641665606897,313.52138284138215,11.28300837719989,11.052110376997359,368.480882019088,23.954275053069697,True
vector_thrust,cruise_147,0.2129850662153397,7.98693998307524,73.7034198236359,287.7402908983839,362.90425111382626,313.55220327799844,11.29614124736444,11.053196844734467,368.5170991181795,23.960987972264615,True
vector_thrust,cruise_148,0.2129850662153397,7.98693998307524,73.70215562488741,287.68035394764325,362.85177455771884,313.54894459655213,11.293670861755412,11.293670861755412,368.5107781244371,23.960987972264615,True
vector_thrust,cruise_148,0.21273934157976432,7.977725309241164,73.70940099575286,287.65503727158745,362.8296109015925,313.57977354504374,11.306832204692133,11.294781284875242,368.54700497876433,23.967700891459533,True
vector_thrust,cruise_148,0.21205069434799056,7.951901038049647,73.72971386829371,287.5840882615412,362.7675039164316,313.6662045209164,11.343879785975105,11.29789442880568,368.64856934146854,23.986510073069184,True
vector_thrust,cruise_148,0.21105519993902427,7.914569997713412,73.75909755049429,287.481529416396,362.6777416058161,313.79123165869515,11.397862830293814,11.302397761912662,368.79548775247144,24.013690127996302,True
vector_thrust,cruise_148,0.209949771335969,7.873116425098839,73.79175359052837,287.3676498050254,362.5780920100796,313.9301826312324,11.458407816504138,11.307402615466788,368.9587679526419,24.043857713021072,True
vector_thrust,cruise_148,0.20895335161023407,7.835750685383778,73.8212141375579,287.2650046257004,362.4882919287255,314.0555368297445,11.513531869819149,11.311917728923655,369.10607068778955,24.071037767948194,True
vector_thrust,cruise_148,0.20826355052595635,7.809883144723365,73.84162287036978,287.19394795858415,362.4261378441746,314.1423756875819,11.552002433706203,11.315045564291394,369.20811435184885,24.089846949557842,True
vector_thrust,cruise_148,0.20801731237718912,7.8006492141445944,73.84891090537533,287.1685833705831,362.4039532268276,314.1733861695251,11.565797123071265,11.316162526036495,369.2445545268767,24.09655986875276,True
vector_thrust,cruise_149,0.20801731237718912,7.8006492141445944,73.8476314476398,287.1084325896562,362.3513479524603,314.17008801975027,11.563253142359908,11.563253142359908,369.238157238199,24.09655986875276,True
vector_thrust,cruise_149,0.20777105173529137,7.791414440073428,73.85492146059502,287.08306593747193,362.32916521902473,314.2011071301706,11.577078571503556,11.564394822741711,369.27460730297514,24.103272787947677,True
vector_thrust,cruise_149,0.2070809017331787,7.765533814994202,73.87535953095794,287.01197681571483,362.26700474483573,314.2880714147691,11.615999983436911,11.567595604978795,369.3767976547897,24.12208196955733,True
vector_thrust,cruise_149,0.20608323337446133,7.7281212515423015,73.90492444706886,286.90921529021887,362.17716504750985,314.41387055985206,11.672725354908833,11.572225731827775,369.52462223534434,24.149262024484443,True
vector_thrust,cruise_149,0.2049753885628682,7.68657707110756,73.93778208508625,286.7951104251757,362.0774294302793,314.5536802842065,11.736362835786373,11.577371527993998,369.68891042543123,24.179429609509217,True
vector_thrust,cruise_149,0.20397678892212412,7.649129584579656,73.96742467095707,286.6922620325238,361.9875517299933,314.6798099152795,11.794317970824881,11.58201381861448,369.8371233547854,24.206609664436336,True
vector_thrust,cruise_149,0.20328547762890956,7.62320541108411,73.9879595942298,286.6210645890836,361.925343866837,314.76718631042655,11.834773061057353,11.585229768872889,369.939797971149,24.225418846045983,True
vector_thrust,cruise_149,0.20303870016334727,7.6139512561255245,73.99529271103471,286.5956497291753,361.90314004330867,314.7983888282913,11.84928110845977,11.586378199695899,369.97646355517355,24.232131765240904,True
vector_thrust,cruise_150,0.20303870016334727,7.6139512561255245,73.99399776995871,286.5352611421573,361.8503856487629,314.79505075402307,11.846658724206524,11.846658724206524,369.96998884979354,24.232131765240904,True
vector_thrust,cruise_150,0.20279190009144177,7.604696253429068,74.00133284087693,286.5098442079104,361.828183722051,314.82626182007556,11.86120000334738,11.847833287933168,370.00666420438466,24.238844684435822,True
vector_thrust,cruise_150,0.20210023771513586,7.578758914317596,74.02189740440109,286.4386141163856,361.7659694335338,314.91376493997666,11.902141685120776,11.851126286334155,370.1094870220054,24.257653866045473,True
vector_thrust,cruise_150,0.20110038150032408,7.541264306262155,74.05164543300549,286.33564866840675,361.67605187847516,315.0403441064937,11.96182465207381,11.855889830690174,370.2582271650274,24.284833920972588,True
vector_thrust,cruise_150,0.1999901050057893,7.4996289377171,74.08470676037014,286.22131716796156,361.57622971562955,315.1810215046268,12.028798740655889,11.861183932747688,370.42353380185074,24.315001505997362,True
vector_thrust,cruise_150,0.19898931147236842,7.462099180213817,74.11453327066434,286.1182643143238,361.4862739230038,315.3079346142755,12.089809689957217,11.865960044360735,370.57266635332167,24.34218156092448,True
vector_thrust,cruise_150,0.19829648027743288,7.436118010403734,74.13519569952646,286.0469252296125,361.42401195296867,315.3958541555937,12.132407552590283,11.869268713917931,370.6759784976323,24.360990742534128,True
vector_thrust,cruise_150,0.19804916003178816,7.4268435011920575,74.14257436772257,286.0214597887942,361.4017888059667,315.42725071231604,12.147685984149506,11.870450258201151,370.71287183861284,24.367703661729045,True
vector_thrust,cruise_151,0.19804916003178816,7.4268435011920575,74.14126367775731,285.96083159899894,361.34888431660386,315.4238721116573,12.14498094119639,12.14498094119639,370.70631838878654,24.367703661729045,True
vector_thrust,cruise_151,0.19780181706470548,7.417568139926456,74.14864436372937,285.9353640735872,361.3266630794464,315.45527747276606,12.16029538408853,12.146190163280831,370.7432218186469,24.374416580923963,True
vector_thrust,cruise_151,0.19710863259379133,7.391573722267177,74.16933674473727,285.8639921453443,361.26439464792384,315.54332507428285,12.203419459757928,12.149580320262864,370.8466837236863,24.393225762533618,True
vector_thrust,cruise_151,0.19610657444718832,7.353996541769564,74.19926980368919,285.76082151984895,361.17439875920104,315.67069243938715,12.266298452665962,12.1544844329775,370.996349018446,24.420405817460733,True
vector_thrust,cruise_151,0.19499385060612995,7.3122693977298745,74.23253695612128,285.64626198789114,361.0744895211371,315.81224661722,12.336879678450192,12.159934790239356,371.1626847806064,24.450573402485503,True
vector_thrust,cruise_151,0.19399084903074265,7.2746568386528505,74.26254932132304,285.54300341258806,360.9844551577866,315.93995143624556,12.40119563465746,12.164851896172973,371.3127466066152,24.477753457412625,True
vector_thrust,cruise_151,0.193296488121897,7.248618304571139,74.2833405958766,285.4715218126139,360.92213874913534,316.0284198370626,12.44611181830736,12.168258255478081,371.416702979383,24.496562639022272,True
vector_thrust,cruise_151,0.1930486215901519,7.239323309630698,74.29076529372493,285.44600547864917,360.89989616012826,316.0600124719229,12.462223911401017,12.16947468829178,371.4538264686247,24.50327555821719,True
vector_thrust,cruise_152,0.1930486215901519,7.239323309630698,74.28943838857725,285.3851358561375,360.8468405799642,316.0565919845682,12.459431577223631,12.459431577223631,371.44719194288626,24.50327555821719,True
vector_thrust,cruise_152,0.19280073222106314,7.230027458289869,74.29686512188407,285.35961742733576,360.82459991405284,316.0881935034843,12.475582768089078,12.460677357165128,371.48432560942035,24.509988477412108,True
vector_thrust,cruise_152,0.19210601581817635,7.203975593181615,74.31768665566211,285.2881027866682,360.76227700765617,316.17679128355815,12.521069201821861,12.464170016412615,371.58843327831056,24.52879765902176,True
vector_thrust,cruise_152,0.19110174149445536,7.166315306042078,74.34780667980588,285.18472571595026,360.67220230472304,316.3049551020045,12.587409011616751,12.469222429072579,371.73903339902944,24.555977713948877,True
vector_thrust,cruise_152,0.1899865544541455,7.124495792030458,74.38128181162416,285.06993674227624,360.57220545671134,316.4473952506696,12.661897989648054,12.474837636384025,371.90640905812086,24.586145298973648,True
vector_thrust,cruise_152,0.18898133051629068,7.086799894360902,74.41148197880614,284.9664711719061,360.48209203962955,316.5759000860339,12.729796022231639,12.47990349244958,372.05740989403074,24.61332535390077,True
vector_thrust,cruise_152,0.1882854299624311,7.060703623591168,74.43240344962345,284.8948461738609,360.41972085742566,316.66492310853107,12.777225807387351,12.483412915400187,372.16201724811725,24.632134535510417,True
vector_thrust,cruise_152,0.18803701359604016,7.051388009851507,74.43987466023806,284.86927863136407,360.39745870673977,316.69671388255256,12.794241970886253,12.484666156065792,372.1993733011903,24.638847454705335,True
vector_thrust,cruise_153,0.18803701359604016,7.051388009851507,74.4385312488674,284.80816571166713,360.3442510175107,316.6932508354088,12.791357352294826,12.791357352294826,372.19265624433706,24.638847454705335,True
vector_thrust,cruise_153,0.18778857427466902,7.04207153530009,74.44600451532389,284.782596064023,360.32199080333027,316.72505058373946,12.808416059338233,12.792641755873172,372.23002257661943,24.645560373900253,True
vector_thrust,cruise_153,0.1870923159803769,7.0159618492641345,74.46695656028713,284.7109378261665,360.2596130868017,316.8142043368954,12.856465182014759,12.796242708886561,372.33478280143567,24.664369555509904,True
vector_thrust,cruise_153,0.1860858110569636,6.978217914636136,74.49726551771461,284.60735302939156,360.16945908419547,316.9431730038397,12.926560711175906,12.801451800971037,372.48632758857303,24.69154961043702,True
vector_thrust,cruise_153,0.18496814476675277,6.93630542875323,74.53095082034109,284.49233318917237,360.0693740860231,317.0865084711238,13.005292449178219,12.807241173426727,372.65475410170546,24.721717195461792,True
vector_thrust,cruise_153,0.18396068396652773,6.8985256487447915,74.56134077035104,284.38865933710724,359.97918112723846,317.21582177233597,13.077081519696582,12.81246418541655,372.8067038517552,24.74889725038891,True
vector_thrust,cruise_153,0.18326323371179265,6.872371264192226,74.58239381175864,284.3168900490019,359.9167548330957,317.3054052788358,13.127242774946414,12.816082496326201,372.9119690587932,24.76770643199856,True
vector_thrust,cruise_153,0.18301426391756453,6.863034896908672,74.58991202637588,284.29127097930535,359.8944729998236,317.3373962874137,13.145241584076542,12.817374624976562,372.9495601318794,24.77441935119348,True
vector_thrust,cruise_154,0.18301426391756453,6.863034896908672,74.58855174538074,284.22991286127797,359.8411121593024,317.3338897435163,13.1422592460308,13.1422592460308,372.9427587269037,24.77441935119348,True
vector_thrust,cruise_154,0.18276527104912452,6.85369766434217,74.59607203625323,284.2042916760798,359.8188322761272,317.36588981698736,13.160304456797617,13.143584516589796,372.9803601812662,24.781132270388397,True
vector_thrust,cruise_154,0.18206746077895872,6.827529779210954,74.61715597147038,284.1324889471246,359.7563994108115,317.45560542601874,13.21113993153981,13.147300053538146,373.0857798573519,24.79994145199805,True
vector_thrust,cruise_154,0.18105871065176088,6.789701649441033,74.64765586015746,284.0286951302077,359.66616561814413,317.5853874643555,13.285320600404935,13.15267492602554,373.23827930078727,24.827121506925163,True
vector_thrust,cruise_154,0.17993854885836338,6.747695582188628,74.68155355844219,283.9134429838586,359.56599192411016,317.7296277408906,13.36866956298537,13.158648580807496,373.40776779221096,24.857289091949937,True
vector_thrust,cruise_154,0.17892883651223818,6.709831369208933,74.71213530225052,283.8095595501315,359.47571893068675,317.85975808623436,13.44469525048603,13.164037878293705,373.5606765112526,24.884469146877056,True
vector_thrust,cruise_154,0.17822982637310164,6.683618488991313,74.73332130948629,283.73764507072184,359.41323718277266,317.9499080284565,13.497831796210429,13.16777140298171,373.66660654743146,24.903278328486703,True
vector_thrust,cruise_154,0.17798029951216457,6.674261231706172,74.74088702685809,283.71197415184986,359.3909355447749,317.9821013991048,13.51690121212585,13.169104678867892,373.70443513429046,24.90999124768162,True
vector_thrust,cruise_155,0.17798029951216457,6.674261231706172,74.73950950141469,283.65036889581717,359.3374204853551,317.97855039244104,13.513815235655107,13.513815235655107,373.69754750707347,24.90999124768162,True
vector_thrust,cruise_155,0.1777307494560925,6.66490310460347,74.74707731532183,283.6246958510469,359.31512081123236,318.01075291826083,13.532935386788397,13.515183815339219,373.7353865766092,24.91670416687654,True
vector_thrust,cruise_155,0.1770313769969872,6.6386766373870225,74.7682945409699,283.5527477278044,359.25263245502936,318.1010363561723,13.58680770891665,13.519020783893449,373.84147270484954,24.935513348486193,True
vector_thrust,cruise_155,0.17602036687521497,6.600763757820563,74.79898738945026,283.4487435832164,359.1623183769192,318.23164041942374,13.665442660092193,13.524571344387631,373.99493694725135,24.962693403413308,True
vector_thrust,cruise_155,0.1748976931169142,6.558663491884284,74.83309974234314,283.3332576761803,359.06205543575743,318.3767951415941,13.753828756055546,13.53074029538628,374.1654987117157,24.99286098843808,True
vector_thrust,cruise_155,0.17388571435246922,6.520714288217596,74.86387532188355,283.2291633472901,358.97170190972565,318.5077512416492,13.834478849472445,13.536305817142207,374.31937660941776,25.0200410433652,True
vector_thrust,cruise_155,0.17318513401407326,6.494442525527749,74.885195711748,283.1571027659404,358.90916436271306,318.59847366343166,13.890864441957195,13.540161442133849,374.4259785587399,25.038850224974848,True
vector_thrust,cruise_155,0.17293504640056143,6.485064240021054,74.89280943810915,283.1313796725605,358.8868427966005,318.630871555719,13.911103256788747,13.541538324725003,374.4640471905457,25.045563144169765,True
vector_thrust,cruise_156,0.17293504640056143,6.485064240021054,74.89141428090477,283.06952529829096,358.83317242374,318.62727508775896,13.907907179942919,13.907907179942919,374.4570714045238,25.045563144169765,True
vector_thrust,cruise_156,0.17268493546919814,6.475685080094931,74.89903012446887,283.04380006857514,358.81085283547225,318.65968222721597,13.928201614293693,13.909321733946218,374.4951506223443,25.052276063364683,True
vector_thrust,cruise_156,0.17198399047578583,6.44939964284197,74.92038206223705,282.9717056384416,358.7483086427888,318.7505395589787,13.985392260857274,13.913287607038612,374.6019103111853,25.071085244974334,True
vector_thrust,cruise_156,0.17097070537656064,6.411401451621026,74.95126993046577,282.86748984501133,358.6579137787901,318.8819744349012,14.068896534690639,13.919024667853742,374.7563496523289,25.098265299901453,True
vector_thrust,cruise_156,0.1698455029771788,6.369206361644205,74.98559923173019,282.75176870753904,358.55756103359136,319.028053387919,14.162792228868957,13.925400934665662,374.92799615865096,25.128432884926223,True
vector_thrust,cruise_156,0.16883124272762734,6.331171602286028,75.01657072054232,282.64746215625036,358.46712647187667,319.15984408834413,14.248503376718228,13.931153527026714,375.0828536027116,25.15561293985334,True
vector_thrust,cruise_156,0.1681290817399702,6.304840565248884,75.03802693165737,282.57525455279466,358.4045327768941,319.25114512683086,14.308446449497854,13.935138767676172,375.19013465828687,25.174422121462992,True
vector_thrust,cruise_156,0.1678784296396582,6.295441111487184,75.04568918131466,282.54947895616806,358.38219115801047,319.2837497347343,14.329966007006208,13.936561941069705,375.22844590657326,25.18113504065791,True
vector_thrust,cruise_157,0.1678784296396582,6.295441111487184,75.04427599205542,282.48737344074397,358.32836434859786,319.2801067732152,14.326652756654802,14.326652756654802,375.2213799602771,25.18113504065791,True
vector_thrust,cruise_157,0.16762775409687963,6.286040778632988,75.05194037975441,282.4615956973046,358.3060247217261,319.3127207211685,14.348233458479605,14.328116201127033,375.25970189877205,25.187847959852828,True
vector_thrust,cruise_157,0.16692522608763313,6.259695978286243,75.07342847343783,282.3893540381224,358.243424343427,319.404158106227,14.409059832551385,14.33221915535725,375.36714236718916,25.20665714146248,True
vector_thrust,cruise_157,0.16590965083038353,6.221611906139384,75.10451345327745,282.2849252608352,358.15294818795905,319.5364327189951,14.497901731734062,14.338154546900439,375.5225672663873,25.233837196389594,True
vector_thrust,cruise_157,0.16478190289300818,6.179321358487807,75.13906203247377,282.16896740775996,358.05250507609117,319.6834458410208,14.59784053574293,14.344751280944472,375.69531016236886,25.264004781414368,True
vector_thrust,cruise_157,0.16376534589150196,6.1412004709313255,75.17023153622351,282.06444729289944,357.96198897044167,319.8160801248577,14.689106193942452,14.350702811553013,375.85115768111757,25.291184836341486,True
vector_thrust,cruise_157,0.16306159366547013,6.114809762455131,75.19182502986803,281.9920917375006,357.89933877502324,319.90796601393913,14.752955529975393,14.354825890937477,375.9591251493401,25.309994017951134,True
vector_thrust,cruise_157,0.16281037329435183,6.105388998538195,75.1995363250017,281.9662633054313,357.87697697742703,319.94077956515343,14.775881784864564,14.3562982919546,375.99768162500845,25.31670693714605,True
vector_thrust,cruise_158,0.16281037329435183,6.105388998538195,75.19810532735424,281.9039045810145,357.8229925780701,319.937091494866,14.772443710677642,14.772443710677642,375.99052663677116,25.31670693714605,True
vector_thrust,cruise_158,0.16255912935396144,6.095967350773556,75.20581819175939,281.8780739916015,357.800632786841,319.96991221117156,14.7954372783676,14.773959140420102,376.0290909587969,25.323419856340973,True
vector_thrust,cruise_158,0.16185500770678254,6.069562789004347,75.22744389166859,281.8056841714789,357.737975870166,320.0619358436422,14.86025862868802,14.778208144261365,376.13721945834294,25.342229037950624,True
vector_thrust,cruise_158,0.16083712690711072,6.031392259016654,75.25872808650226,281.70104106124256,357.64741791241585,320.1950591756971,14.954968544388116,14.784354843039463,376.2936404325113,25.36940909287774,True
vector_thrust,cruise_158,0.15970681630758227,5.989005611534336,75.29349828770927,281.5848449917517,357.5468838654436,320.34301647630406,15.061555204581076,14.791186470108983,376.46749143854635,25.399576677902513,True
vector_thrust,cruise_158,0.158687947081599,5.950798015559964,75.3248679270482,281.4801099580302,357.45628570238244,320.4765033983272,15.15893518476912,14.797349956913482,376.62433963524103,25.42675673282963,True
vector_thrust,cruise_158,0.1579825928851775,5.924347233194157,75.34660018226458,281.4076055110664,357.39357865044394,320.5689804501047,15.22708673862624,14.80161989646794,376.7330009113229,25.44556591443928,True
vector_thrust,cruise_158,0.15773080040811524,5.914905015304322,75.35436105349366,281.381723907862,357.37119654690053,320.60200520834115,15.251562735229992,14.803144747431071,376.7718052674683,25.452278833634196,True
vector_thrust,cruise_159,0.15773080040811524,5.914905015304322,75.35291095070369,281.31910985934775,357.31705337213054,320.5982675830993,15.24799113858402,15.24799113858402,376.76455475351844,25.452278833634196,True
vector_thrust,cruise_159,0.15747898423293297,5.9054619087349876,75.36067367149415,281.2932260882414,357.29467328952506,320.631300597882,15.272541644310913,15.24956222354491,376.80336835747073,25.458991752829114,True
vector_thrust,cruise_159,0.1567732581821865,5.878997181831995,75.3824384986822,281.2206871655225,357.23195947813747,320.72391695399745,15.34176621056231,15.25396715495013,376.91219249341106,25.47780093443877,True
vector_thrust,cruise_159,0.15575305624641939,5.840739609240728,75.41392410859963,281.11582835901567,357.1413192020367,320.8578983742603,15.44294728433176,15.260339452356178,377.06962054299817,25.504980989365883,True
vector_thrust,cruise_159,0.1546201656258641,5.798256210969905,75.44891837880046,280.9993925563521,357.04069364558364,321.00681027499746,15.55687010226783,15.267421859132694,377.24459189400227,25.535148574390654,True
vector_thrust,cruise_159,0.15359896848921187,5.759961318345447,75.48049036272332,280.89444123397874,356.9500129061838,321.141159244408,15.661002131365379,15.273811637563169,377.40245181361655,25.562328629317776,True
vector_thrust,cruise_159,0.15289200144144638,5.733450054054241,75.50236289732543,280.8217869457315,356.88724863782795,321.23423392998166,15.733907289655649,15.27823836759996,377.51181448662715,25.581137810927423,True
vector_thrust,cruise_159,0.15263963296998362,5.723986236374387,75.51017388342174,280.7958518320885,356.8648460997376,321.2674721937653,15.76009616293734,15.279819214419424,377.5508694171087,25.58785073012234,True
vector_thrust,cruise_160,0.15263963296998362,5.723986236374387,75.5087038414438,280.73298029459465,356.8105429300854,321.2636823700191,15.75638152988957,15.75638152988957,377.543519207219,25.58785073012234,True
vector_thrust,cruise_160,0.15238724067100973,5.7145215251628665,75.5165168755358,280.70704300262037,356.78814242785853,321.2969296664393,15.7826531329614,15.758012143980055,377.58258437767904,25.59456364931726,True
vector_thrust,cruise_160,0.15167989930577572,5.687996223966591,75.53842232474301,280.6343540259825,356.72537136200447,321.39014513032174,15.856746772955375,15.762583897632949,377.69211162371505,25.61337283092691,True
vector_thrust,cruise_160,0.1506573604301283,5.649651016129813,75.5701115171774,280.52927814595887,356.6346482466016,321.524993895373,15.965087787872019,15.769197557089589,377.850557585887,25.640552885854024,True
vector_thrust,cruise_160,0.14952187219608715,5.607070207353269,75.60533227145405,280.41260107795705,356.53393060093515,321.67487071001807,16.087133540599986,15.77654826743634,378.0266613572702,25.6707204708788,True
vector_thrust,cruise_160,0.14849833125176537,5.568687421941203,75.63710878495641,280.3074320833004,356.44316676150106,321.8100910573379,16.19874728241263,15.783180151150235,378.18554392478205,25.697900525805917,True
vector_thrust,cruise_160,0.14778974032546854,5.542115262205072,75.65912312204063,280.23462699448254,356.38034491355,321.903769877926,16.276922909749544,15.787774630138856,378.2956156102031,25.716709707415564,True
vector_thrust,cruise_160,0.1475367919188398,5.532629696956494,75.66698476922812,280.2086380276797,356.3579218111422,321.93722397802384,16.305011541061297,15.789415386918433,378.3349238461406,25.723422626610486,True
vector_thrust,cruise_161,0.1475367919188398,5.532629696956494,75.66549552467559,280.14550678470584,356.3034573918059,321.9333853629036,16.30114363934735,16.30114363934735,378.32747762337794,25.723422626610486,True
vector_thrust,cruise_161,0.1472838178960085,5.523143171100321,75.67335944892983,280.11951547526644,356.28103620769826,321.9668494123625,16.329324636812114,16.30283809634307,378.36679724464915,25.730135545805403,True
vector_thrust,cruise_161,0.14657485174549947,5.496556940456231,75.69540701289556,280.0466756311611,356.2182076514687,322.0606703530446,16.408821205885147,16.307588733275967,378.47703506447783,25.748944727415054,True
vector_thrust,cruise_161,0.1455499584042823,5.458123440160588,75.72730206933205,279.94138114643476,356.1274010503025,322.19639619571376,16.525112548348353,16.314461230996038,378.6365103466603,25.77612478234217,True
vector_thrust,cruise_161,0.14441185589316938,5.415444595993852,75.7627517600024,279.8244613738439,356.02659082387146,322.3472483864931,16.656184650438163,16.322099653545575,378.813758800012,25.806292367366943,True
vector_thrust,cruise_161,0.14338595464704657,5.376973299264248,75.79473506453839,279.71907327390574,355.93574332543335,322.4833497590737,16.776118965146427,16.328991166277152,378.9736753226919,25.83347242229406,True
vector_thrust,cruise_161,0.14267572061204378,5.350339522951643,75.81958953203402,279.6461156679576,355.8728628871317,322.5891176931003,16.860760580267286,16.334346740950036,379.0979476601701,25.85228160390371,True
vector_thrust,cruise_161,0.14242217206293492,5.340831452360061,75.83128704281064,279.6200709966516,355.85041779238827,322.6388929447297,16.89181000303252,16.336867118032334,379.1564352140532,25.858994523098627,True
vector_thrust,cruise_162,0.14242217206293492,5.340831452360061,75.8297772748772,279.53277345270226,355.77188658395045,322.635001220292,16.88633268218405,16.88633268218405,379.148886374386,25.858994523098627,True
vector_thrust,cruise_162,0.1421685846434248,5.3313219241284315,75.84147514137707,279.49429128023456,355.737008443868,322.68478036048094,16.91673383773666,16.888938063245263,379.2073757068854,25.865707442293544,True
vector_thrust,cruise_162,0.1414578178672459,5.304668170021722,75.87428028594151,279.38643499631644,355.6392595463987,322.82438006755996,17.002524905644034,16.89624454607309,379.37140142970753,25.8845166239032,True
vector_thrust,cruise_162,0.14043012881738579,5.266129830651969,75.92176308007792,279.23049567918713,355.497949581769,323.02643935516056,17.128106537293135,16.906820089145114,379.60881540038963,25.911696678830314,True
vector_thrust,cruise_162,0.13928864618841216,5.223324232065457,75.97457327435363,279.05730174379994,355.34102594021897,323.251168973588,17.269768253239114,16.918582170400878,379.87286637176817,25.941864263855084,True
vector_thrust,cruise_162,0.1382594529957111,5.184729487339167,76.02225149483826,278.9011561650271,355.19956912393394,323.45405988184655,17.399502035277077,16.9292012395102,380.1112574741913,25.969044318782206,True
vector_thrust,cruise_162,0.13754681057847554,5.158005396692833,76.05530033359118,278.79304267639634,355.101637104976,323.59469660937145,17.490472212284992,16.93656199875621,380.27650166795587,25.987853500391854,True
vector_thrust,cruise_162,0.13729238841816147,5.1484645656810555,76.06710614215237,278.7544460368307,355.0666774679965,323.64493529688133,17.52317870704308,16.93919143197827,380.3355307107618,25.99456641958677,True
vector_thrust,cruise_163,0.13729238841816147,5.1484645656810555,76.0655737952358,278.6602914991327,354.98140008288294,323.6409849893176,17.517046114943902,17.517046114943902,380.327868976179,25.99456641958677,True
vector_thrust,cruise_163,0.1370379277960978,5.138922292353669,76.07738480897326,278.621689645062,354.94643971600294,323.69124623036726,17.549866843134176,17.51976650116844,380.3869240448663,26.00127933878169,True
vector_thrust,cruise_163,0.13632471196703583,5.112176698763845,76.11050891418763,278.5134977132652,354.8484602055325,323.83220437923916,17.642512226869574,17.52739585130822,380.5525445709382,26.02008852039134,True
vector_thrust,cruise_163,0.1352934776854686,5.073505413205073,76.15845390615728,278.35707256855414,354.70681642493855,324.0362321491058,17.77819665913968,17.538438840358573,380.79226953078637,26.04726857531846,True
vector_thrust,cruise_163,0.1341480514691642,5.030551930093658,76.2117788894033,278.1833382913299,354.5495214835354,324.26315423132775,17.931353851915752,17.550720982494905,381.0588944470165,26.07743616034323,True
vector_thrust,cruise_163,0.13311529737933817,4.9918236517251815,76.25992253804651,278.026704874352,354.40772942152773,324.46802737578696,18.07170741241913,17.561809727387104,381.29961269023255,26.10461621527035,True
vector_thrust,cruise_163,0.13240018637459824,4.965006989047435,76.29329436562398,277.91825323062034,354.3095650066775,324.6100396961004,18.17017688242385,17.56949613448385,381.4664718281199,26.12342539688,True
vector_thrust,cruise_163,0.13214488231794885,4.955433086923083,76.30521562701765,277.8795357936274,354.2745223494353,324.66077009100144,18.20559020791988,17.572241913628417,381.52607813508826,26.130138316074916,True
vector_thrust,cruise_164,0.13214488231794885,4.955433086923083,76.30366050901856,277.78479528148995,354.188778849394,324.6567611800028,18.199158450777492,18.199158450777492,381.5183025450928,26.130138316074916,True
vector_thrust,cruise_164,0.13188953941562065,4.945857728085775,76.31558706897754,277.7460725829377,354.1537354570459,324.7075145308783,18.234701007872285,18.202003511730897,381.5779353448877,26.136851235269834,True
vector_thrust,cruise_164,0.13117384905355897,4.919019339508463,76.34903543278193,277.6375417398428,354.0555230921155,324.8498536917394,18.335060016766366,18.20998256299983,381.74517716390966,26.155660416879485,True
vector_thrust,cruise_164,0.13013903260300888,4.880213722612834,76.39745030968369,277.4806260384365,353.91354224706527,325.05588269188746,18.482122905578567,18.221531850947883,381.98725154841844,26.1828404718066,True
vector_thrust,cruise_164,0.12898962163865724,4.837110811449647,76.45129865768536,277.30634615191366,353.7558723870587,325.2850337712296,18.648240176653747,18.234377284343317,382.2564932884268,26.213008056831374,True
vector_thrust,cruise_164,0.12795326941904428,4.798247603214161,76.4999155002249,277.1492201341228,353.6137418069975,325.49192223402537,18.800578850222024,18.245974750856483,382.4995775011245,26.240188111758492,True
vector_thrust,cruise_164,0.12723566397834063,4.771337399187775,76.53361571264267,277.0404270301042,353.5153427250698,325.6353331340099,18.907518835891484,18.2540138801908,382.6680785632133,26.25899729336814,True
vector_thrust,cruise_164,0.12697946878371486,4.761730079389308,76.54565435691237,277.00158761421716,353.48021623566456,325.6865634582557,18.945990981942742,18.25688567865588,382.7282717845618,26.26571021256306,True
vector_thrust,cruise_165,0.12697946878371486,4.761730079389308,76.54407579019554,276.90625333831565,353.3940006016254,325.6824940869655,18.939233789384765,18.939233789384765,382.7203789509777,26.26571021256306,True
vector_thrust,cruise_165,0.1267232343514568,4.752121288179631,76.5561198193571,276.8674086131813,353.35887337194066,325.7337477436969,18.977852871723258,18.94221431491199,382.78059909678547,26.27242313175798,True
vector_thrust,cruise_165,0.12600504349330596,4.7251891309989755,76.58989784139534,276.75853554141275,353.26042587404675,325.87749093080225,19.086934862404433,18.950573332899282,382.94948920697675,26.29123231336763,True
vector_thrust,cruise_165,0.12496660723552461,4.686247771332174,76.63879043746583,276.6011244759728,353.118104662346,326.0855545520698,19.24687627833931,18.962672741488312,383.1939521873291,26.318412368294744,True
vector_thrust,cruise_165,0.12381316958014317,4.64299385925537,76.69317088944914,276.4262936255125,352.9600562051452,326.31697187646563,19.427678307844765,18.976130225047363,383.46585444724565,26.34857995331952,True
vector_thrust,cruise_165,0.12277318128943705,4.60399429835389,76.74226883945957,276.26867016543724,352.81758378057214,326.52590938636314,19.59361217996813,18.98828045239813,383.7113441972979,26.375760008246637,True
vector_thrust,cruise_165,0.12205305507176666,4.576989565191251,76.77630293531534,276.1595322411922,352.7189477228059,326.67074230175393,19.71016933860233,18.996702840751162,383.88151467657667,26.394569189856284,True
vector_thrust,cruise_165,0.12179595932130946,4.567348474549106,76.7884609292949,276.1205696453678,352.68373657590337,326.72248093823276,19.752116146889527,18.999711569037167,383.9423046464745,26.401282109051202,True
vector_thrust,cruise_166,0.12179595932130946,4.567348474549106,76.78685830107375,276.0246336102178,352.59704262510024,326.7183495263112,19.74500374216312,19.74500374216312,383.9342915053687,26.401282109051202,True
vector_thrust,cruise_166,0.12153882393259859,4.557705897472448,76.79902176849335,275.98566565677044,352.5618307327428,326.77011188147856,19.78711853574409,19.748131965288525,383.9951088424667,26.40799502824612,True
vector_thrust,cruise_166,0.12081810611833803,4.530678979437678,76.83313497798923,275.87644698382405,352.4631457855572,326.9152826618216,19.906117174660107,19.756905263774154,384.16567488994616,26.426804209855774,True
vector_thrust,cruise_166,0.1197760116933626,4.491600438501099,76.88251331572194,275.7185356670227,352.32048085012076,327.1254150980685,20.080713248038915,19.769604476248936,384.4125665786097,26.45398426478289,True
vector_thrust,cruise_166,0.11861850459786832,4.448193922420063,76.9374348213353,275.5431484087505,352.162050055886,327.35913681299843,20.27824523638345,19.783729290917616,384.68717410667654,26.48415184980766,True
vector_thrust,cruise_166,0.11757484156389808,4.409056558646179,76.98702198323562,275.38502258410807,352.0192324048651,327.5701579128082,20.45968658710001,19.796482209177213,384.93510991617813,26.51133190473478,True
vector_thrust,cruise_166,0.11685216771991695,4.381956289496887,77.02139559388627,275.27553642354405,351.92035702394355,327.71643684561957,20.587224515160127,19.805322478112053,385.10697796943134,26.53014108634443,True
vector_thrust,cruise_166,0.11659416181383768,4.372281068018914,77.03367495194324,275.2364494266525,351.88506038041623,327.76869237997255,20.633140852666262,19.80848050618989,385.1683747597162,26.536854005539347,True
vector_thrust,cruise_167,0.11659416181383768,4.372281068018914,77.03204762628705,275.1399034216422,351.79788175907544,327.76449728741994,20.625639277477877,20.625639277477877,385.1602381314353,26.536854005539347,True
vector_thrust,cruise_167,0.1163361158598528,4.362604344744481,77.04433254848777,275.1008110180519,351.76258436492094,327.8167769361424,20.671748816529135,20.62892914317421,385.22166274243887,26.543566924734264,True
vector_thrust,cruise_167,0.11561284411723136,4.335481654396177,77.07878660853595,274.9912433149789,351.6636596133892,327.9633994477177,20.802086172936587,20.6381558381297,385.3939330426798,26.562376106343915,True
vector_thrust,cruise_167,0.1145670524211281,4.296264465792305,77.12865890487676,274.832826777586,351.52064754093027,328.17563572224356,20.993455678348774,20.651511490972503,385.6432945243838,26.589556161271034,True
vector_thrust,cruise_167,0.11340543230543154,4.252703711453684,77.18413063088066,274.6568775762532,351.36183060710783,328.4117008993366,21.21016145225064,20.66636665444808,385.9206531544033,26.619723746295804,True
vector_thrust,cruise_167,0.11235805510253834,4.213427066345189,77.23421530608591,274.4982443820106,351.21866429089613,328.6248409721761,21.409399162906855,20.67977918171795,386.17107653042956,26.646903801222923,True
vector_thrust,cruise_167,0.11163280625880234,4.186230234705089,77.26893419996807,274.38840651153225,351.119547200021,328.7725905091473,21.549552259833753,20.68907679838541,386.3446709998404,26.665712982832574,True
vector_thrust,cruise_167,0.11137388040972963,4.176520515364862,77.28133698554885,274.3491938718738,351.08416420661683,328.8253717363644,21.60003173182301,20.69239822752802,386.4066849277442,26.67242590202749,True
vector_thrust,cruise_168,0.11137388040972963,4.176520515364862,77.27968430247758,274.25202946183504,350.99649438227,328.82111126150414,21.592102028854807,21.592102028854807,386.39842151238787,26.67242590202749,True
vector_thrust,cruise_168,0.11111491409368707,4.1668092785132655,77.2920927450085,274.21281136568945,350.9611106330743,328.87391700809076,21.642805163334017,21.595569528443367,386.4604637250425,26.67913882122241,True
vector_thrust,cruise_168,0.11038906092229395,4.139589784586024,77.32689345666458,274.10289114573726,350.86194368248556,329.02201597748353,21.786189096764854,21.605294475984685,386.63446728332286,26.69794800283206,True
vector_thrust,cruise_168,0.1093395320839922,4.100232453149709,77.37726812912443,273.94396433464664,350.7185810021636,329.2363919691947,21.99688028662693,21.61937151704755,386.88634064562217,26.725128057759175,True
vector_thrust,cruise_168,0.10817375451107158,4.056515794165185,77.43329946667284,273.76744756142466,350.5593740619739,329.4748406372361,22.235704415770922,21.63502929506929,387.1664973333642,26.75529564278395,True
vector_thrust,cruise_168,0.10712262293655467,4.017098360120801,77.48389016006224,273.6083019077965,350.415855583649,329.6901359341423,22.45550149934059,21.649166702486035,387.41945080031127,26.782475697711067,True
vector_thrust,cruise_168,0.10639477117911122,3.9898039192166714,77.51896024718044,273.4981087949128,350.3164943555855,329.83938126589777,22.610245718546107,21.65896692613418,387.5948012359022,26.801284879320715,True
vector_thrust,cruise_168,0.1061349154062154,3.9800593277330787,77.53148857439645,273.4587692497194,350.2810241445861,329.89269719708983,22.666006592260672,21.66246792709378,387.65744287198225,26.807997798515633,True
vector_thrust,cruise_169,0.1061349154062154,3.9800593277330787,77.52980984738187,273.360977765024,350.1928563979981,329.88836956852975,22.65760377746075,22.65760377746075,387.6490492369093,26.807997798515633,True
vector_thrust,cruise_169,0.10587501873747333,3.970313202655251,77.54234392726983,273.3216327128298,350.1573854260568,329.94171043657974,22.71362544805768,22.661267369041752,387.71171963634913,26.814710717710554,True
vector_thrust,cruise_169,0.10514655609215613,3.942995853455856,77.57749723449544,273.2113564300405,350.0579738410832,330.091311199891,22.87212521404253,22.671542344253353,387.8874861724772,26.833519899320205,True
vector_thrust,cruise_169,0.10409324944932052,3.9034968543495205,77.62838290798885,273.0519142062317,349.9142570231079,330.3078636724095,23.105230468579926,22.686415739534826,388.14191453994425,26.86069995424732,True
vector_thrust,cruise_169,0.10292326909821944,3.8596225911832303,77.68498347978576,272.87482413643403,349.754656143985,330.54873684799225,23.369753468114222,22.70295954488362,388.4249173989288,26.890867539272094,True
vector_thrust,cruise_169,0.1018683421478071,3.820062830542767,77.73608890638336,272.71516084681593,349.61078194702856,330.76622451644727,23.613476563913043,22.71789717188994,388.6804445319168,26.918047594199212,True
vector_thrust,cruise_169,0.10113785900510698,3.7926697126915125,77.77151624298364,272.604608898702,349.51117411311935,330.91699145744997,23.785223567536818,22.72825224326286,388.8575812149182,26.93685677580886,True
vector_thrust,cruise_169,0.10087706312797862,3.782889867299199,77.78417227832408,272.56514116362223,349.4756158019866,330.97085132716086,23.84714331571017,22.731951481247552,388.9208613916204,26.943569695003777,True
vector_thrust,cruise_170,0.10087706312797862,3.782889867299199,77.78246665942822,272.4667136897798,349.38694321868,330.96645418704685,23.83821503592596,23.83821503592596,388.91233329714106,26.943569695003777,True
vector_thrust,cruise_170,0.1006162259162925,3.77310847186097,77.79512854599287,272.42724039650267,349.35138414152453,331.02033942330047,23.90044130899989,23.842096178056302,388.9756427299643,26.950282614198695,True
vector_thrust,cruise_170,0.09988512519138708,3.7456921946770168,77.83064053828616,272.31660444447425,349.25172544541914,331.17146793824236,24.076588505054822,23.852981371983564,389.1532026914308,26.96909179580835,True
vector_thrust,cruise_170,0.09882799926685058,3.7060499725068974,77.8820461047169,272.1566415811259,349.10765089980515,331.3902347718308,24.335897793432807,23.86873828860105,389.4102305235845,26.996271850735464,True
vector_thrust,cruise_170,0.09765376990579784,3.66201637146742,77.93922578922898,271.9789723920292,348.9476520819406,331.6335745556716,24.630517635344063,23.886265098404905,389.6961289461449,27.026439435760235,True
vector_thrust,cruise_170,0.09659500574882188,3.6223127155808217,77.99085492018531,271.8187862009652,348.80341854886683,331.8532928193136,24.90231140534632,23.90209054279589,389.95427460092657,27.053619490687357,True
vector_thrust,cruise_170,0.09586186217410836,3.594819831529064,78.02664572733212,271.7078717630033,348.70356159803714,332.00560788134385,25.094035684245057,23.913061199054106,390.13322863666065,27.072428672297004,True
vector_thrust,cruise_170,0.09560011580644029,3.5850043427415117,78.0394316874285,271.66827453157873,348.6679142890561,332.06002113967867,25.16319768665911,23.916980372543083,390.1971584371425,27.079141591491922,True
vector_thrust,cruise_171,0.09560011580644029,3.5850043427415117,78.03769912725141,271.5692018984842,348.5787297505679,332.0555552390934,25.15368281347172,25.15368281347172,390.1884956362571,27.079141591491922,True
vector_thrust,cruise_171,0.09533832764958508,3.5751872868594416,78.0504918347991,271.5295990561856,348.5430816698536,332.1099973547675,25.223208517142,25.157806881531275,390.25245917399553,27.08585451068684,True
vector_thrust,cruise_171,0.09460455964282657,3.5476709866059974,78.08636873365892,271.41859976406045,348.4431733411608,332.2626801523178,25.420133868465626,25.16937282162792,390.4318436682946,27.10466369229649,True
vector_thrust,cruise_171,0.09354357209499516,3.5078839535623194,78.13830313813558,271.25811094112123,348.2987374133092,332.48369952680315,25.71034317163415,25.186115355079693,390.69151569067793,27.13184374722361,True
vector_thrust,cruise_171,0.0923650465279722,3.4636892447989585,78.19607203273469,271.07985670618206,348.1383365849703,332.72954896666016,26.04052271468425,25.204738801465282,390.9803601636735,27.16201133224838,True
vector_thrust,cruise_171,0.09130240246009581,3.423840092253594,78.24823398925241,270.91914225428997,347.993740033234,332.9515367213388,26.34554836391926,25.2215546911005,391.24116994626206,27.189191387175498,True
vector_thrust,cruise_171,0.09056656879937475,3.3962463299765537,78.2843946442198,270.80786160666224,347.89363140925605,333.1054270828829,26.560961612732086,25.233212105895273,391.42197322109905,27.20800056878515,True
vector_thrust,cruise_171,0.09030386133743382,3.3863948001537687,78.29731283034222,270.7681335490999,347.8578941885482,333.1604035289876,26.6387193341759,25.237376650248503,391.48656415171115,27.214713487980067,True
vector_thrust,cruise_172,0.09030386133743382,3.3863948001537687,78.2955490936667,270.6684063161153,347.7681903599905,333.155853555188,26.6285442951227,26.6285442951227,391.47774546833347,27.214713487980067,True
vector_thrust,cruise_172,0.09004111163692474,3.3765416863846784,78.30847383356061,270.6286725965162,347.7324523639232,333.2108581741665,26.706737430798356,26.63294071474816,391.54236916780303,27.221426407174985,True
vector_thrust,cruise_172,0.08930464659462342,3.348924247298379,78.3447222038952,270.5173062363262,347.6322918434241,333.3651231671984,26.928359214181043,26.64527083639033,391.72361101947604,27.240235588784635,True
vector_thrust,cruise_172,0.08823975427534295,3.308990785325361,78.39719497619615,270.3562860501091,347.48749082324014,333.58843560168935,27.255358618253418,26.663119795038472,391.98597488098073,27.26741564371175,True
vector_thrust,cruise_172,0.08705688440114757,3.2646331650430347,78.45556357309282,270.17744074890936,347.32668385025727,333.8368393676157,27.627968696096428,26.682974258387862,392.2778178654641,27.297583228736524,True
vector_thrust,cruise_172,0.0859903168944825,3.2246368835430945,78.50826784580997,270.01619259142603,347.1817205404272,334.06113702527267,27.97273602267327,26.70090196414021,392.54133922904987,27.324763283663643,True
vector_thrust,cruise_172,0.08525176292013446,3.196941109505043,78.54480482736075,269.90454195488707,347.0813576474496,334.2166303221683,28.216530561858434,26.713330261886735,392.7240241368038,27.34357246527329,True
vector_thrust,cruise_172,0.08498808355505684,3.1870531333146324,78.55785755489588,269.8646817201625,347.04552958698537,334.27217983359736,28.304597270670328,26.717770233779394,392.78928777447936,27.350285384468208,True
vector_thrust,cruise_173,0.08498808355505684,3.1870531333146324,78.55606660450448,269.7642901768244,346.955298918711,334.26756203840677,28.293676895384944,28.293676895384944,392.78033302252237,27.350285384468208,True
vector_thrust,cruise_173,0.08472436147254865,3.1771635552205755,78.56912587650704,269.7244242256415,346.91947007707023,334.32313974224746,28.38227079122653,28.298381203471155,392.8456293825352,27.35699830366313,True
vector_thrust,cruise_173,0.0839851689679168,3.149443836296881,78.60575207188789,269.6126869965129,346.81905475390795,334.47901410482757,28.633558946960164,28.311575001948704,393.0287603594395,27.37580748527278,True
vector_thrust,cruise_173,0.0829163277595559,3.109362290983347,78.65877245243149,269.45112993868014,346.67388485738604,334.70465911100916,29.004837697661905,28.330674452876657,393.2938622621575,27.402987540199895,True
vector_thrust,cruise_173,0.0817290644004979,3.064839915018672,78.71775116066004,269.27168743494826,346.51266752393246,334.9556616685888,29.428641865244384,28.35192026333091,393.5887558033002,27.43315512522467,True
vector_thrust,cruise_173,0.08065852895658847,3.0246948358720678,78.77100717171683,269.1099000229638,346.3673336433149,335.18230948122266,29.82148040992426,28.371104595608333,393.8550358585842,27.460335180151787,True
vector_thrust,cruise_173,0.07991722376705687,2.9968958912646335,78.80792719285654,268.99787554606326,346.2667138347216,335.33943432123107,30.099676028840864,28.384404239248077,394.0396359642827,27.479144361761435,True
vector_thrust,cruise_173,0.07965256144855593,2.9869710543208474,78.82111684719403,268.9578817572943,346.2307939882854,335.3955670701516,30.200252908204053,28.389155528459398,394.1055842359702,27.485857280956353,True
vector_thrust,cruise_174,0.07965256144855593,2.9869710543208474,78.8192905808995,268.85681589074284,346.14002868768426,335.39085136479565,30.18848014827078,30.18848014827078,394.0964529044975,27.485857280956353,True
vector_thrust,cruise_174,0.07938785593344476,2.9770445975041793,78.83249080822623,268.8168163319456,346.10410805578135,335.4470278483826,30.289704813227644,30.193536585119503,394.1624540411311,27.49257020015127,True
vector_thrust,cruise_174,0.07864590494149665,2.949221435306125,78.86950183070194,268.70470437169286,346.0034352782494,335.60454131638505,30.577059416651238,30.20771434871242,394.3475091535097,27.51137938176092,True
vector_thrust,cruise_174,0.07757306984728768,2.9089901192732888,78.92307995864566,268.54260484353557,345.8578926608373,335.8325619619048,31.002288520339725,30.22823845276194,394.6153997932283,27.53855943668804,True
vector_thrust,cruise_174,0.07638136283396735,2.8643011062737758,78.98268002766754,268.36255889886,345.69626068234163,336.0862111212517,31.4886432259405,30.25106937549108,394.9134001383377,27.56872702171281,True
vector_thrust,cruise_174,0.07530681404545686,2.8240055267046333,79.03649800631722,268.2002265896456,345.5505523547905,336.31525254734726,31.940386123821686,30.271685359846884,395.18249003158604,27.595907076639932,True
vector_thrust,cruise_174,0.07456272610342617,2.7961022288784823,79.0738080542329,268.0878243552601,345.4496729394374,336.47403866473013,32.26083511754729,30.285977674419353,395.36904027116447,27.61471625824958,True
vector_thrust,cruise_174,0.07429706955336801,2.7861401082513013,79.08713715460101,268.0476956120334,345.41366034484906,336.53076536379433,32.37679824182864,30.291083636080526,395.43568577300505,27.621429177444497,True
vector_thrust,cruise_175,0.07429706955336801,2.7861401082513013,79.08528650897877,267.9459451104907,345.3223523806187,336.52599488901984,32.36404927653892,32.36404927653892,395.4264325448938,27.621429177444497,True
vector_thrust,cruise_175,0.07403134740846977,2.776175527817617,79.09862300337565,267.9058075655679,345.2863363248061,336.5827536139517,32.480826055863226,32.369507821193615,395.4931150168782,27.628142096639415,True
vector_thrust,cruise_175,0.07328662673934892,2.7482485027255854,79.1360243001632,267.793319728466,345.185405893206,336.7419295963639,32.812621976850366,32.384815938298,395.680121500816,27.646951278249066,True
vector_thrust,cruise_175,0.0722097390791298,2.707865215467368,79.19017024999013,267.630670303127,345.03948509139815,336.97236907097505,33.30451622664398,32.406977538367066,395.95085124995063,27.67413133317618,True
vector_thrust,cruise_175,0.07101337011440478,2.66300137929018,79.28267590938819,267.4375450349772,344.8649669152975,337.3660634770267,33.880700361657155,32.44483953224233,396.4133795469409,27.704298918200955,True
vector_thrust,cruise_175,0.06993367091369401,2.622512659263526,79.42130707905736,267.02319943600827,344.4674328477681,337.95606317848416,34.41055239140735,32.50158040724489,397.10653539528676,27.731478973128073,True
vector_thrust,cruise_175,0.06918523530495381,2.5944463239357685,79.5176896605936,266.73602830315303,344.1919254601492,338.3662573191031,34.78756556126567,32.54102919747673,397.588448302968,27.75028815473772,True
vector_thrust,cruise_175,0.0689178803546706,2.584420513300148,79.55217604338198,266.63345482766783,344.0935205212495,338.51302774099133,34.92423064522869,32.555144259131616,397.76088021690987,27.757001073932642,True
vector_thrust,cruise_176,0.0689178803546706,2.584420513300148,79.55028880903437,266.3727841529493,343.8434490885186,338.5081626062188,34.88958598954045,34.88958598954045,397.75144404517187,27.757001073932642,True
vector_thrust,cruise_176,0.06865040186668325,2.5743900700006224,79.58482026423842,266.2701683464477,343.7450080359281,338.65512622731654,35.027231701493186,34.904733334455706,397.92410132119204,27.76371399312756,True
vector_thrust,cruise_176,0.06790025510742752,2.546259566528532,79.68182435227426,265.9824076860444,343.468961216739,339.0679692990827,35.41905783248324,34.9472845206418,398.4091217613713,27.78252317473721,True
vector_thrust,cruise_176,0.0668144615636221,2.505542308635829,79.82265184736285,265.5659607105051,343.0694841914747,339.66732193296497,36.00181819328563,35.009058999274444,399.11325923681426,27.809703229664326,True
vector_thrust,cruise_176,0.06560681656243306,2.4602556210912403,79.97986957678931,265.1028758371075,342.62529430103416,340.33643033516734,36.6726797250318,35.07802311214909,399.8993478839465,27.8398708146891,True
vector_thrust,cruise_176,0.06451649516478458,2.4193685686794226,80.1223466176273,264.68486823987183,342.22436464063907,340.9428033281657,37.29998072410505,35.14052116985638,400.61173308813653,27.867050869616218,True
vector_thrust,cruise_176,0.06376070213478263,2.3910263300543493,80.22140775404075,264.3951614764557,341.9465063781573,341.3644010642093,37.74742871176733,35.18397468764289,401.1070387702038,27.885860051225865,True
vector_thrust,cruise_176,0.06349071077375024,2.3809016540156343,80.2568547194537,264.29167955850573,341.84725914428674,341.5152610364975,37.90985729375479,35.19952362429188,401.28427359726845,27.892572970420783,True
vector_thrust,cruise_177,0.06349071077375024,2.3809016540156343,80.25492427653376,264.0268124779469,341.5932368317639,341.51028436737823,37.8713130203756,37.8713130203756,401.2746213826688,27.892572970420783,True
vector_thrust,cruise_177,0.06322059288041332,2.3707722330155003,80.29041837196625,263.9232873031351,341.4939527118139,341.661346355621,38.03502690762321,37.88806483167997,401.4520918598313,27.8992858896157,True
vector_thrust,cruise_177,0.062463030112705244,2.342363629226447,80.39013158351318,263.632972024657,341.2155375051354,342.0857233063828,38.50174020685648,37.93512552963436,401.95065791756593,27.918095071225355,True
vector_thrust,cruise_177,0.06136646620573604,2.3012424827151023,80.53490504291682,263.21281614880206,340.8126218946927,342.7018755524107,39.197749233796706,38.00345288504843,402.67452521458404,27.94527512615247,True
vector_thrust,cruise_177,0.06014679170131529,2.255504688799324,80.69654614023429,262.7455904605861,340.36459289736297,343.38981604377796,40.001761212300394,38.079741099139035,403.4827307011715,27.97544271117724,True
vector_thrust,cruise_177,0.0590455635347005,2.2142086325512693,80.84304839274698,262.3238300539113,339.9601837861315,344.01332598811774,40.75627379286638,38.148884376382206,404.21524196373485,28.002622766104363,True
vector_thrust,cruise_177,0.05828218439181793,2.185581914693173,80.94491746476761,262.03151391596003,339.6799061750213,344.44687823216526,41.296066901007165,38.19696255585907,404.7245873238381,28.02143194771401,True
vector_thrust,cruise_177,0.05800947791859098,2.1753554219471622,80.98137341054284,261.927098259834,339.5797931930672,344.6020328602758,41.492350910059415,38.21416821482955,404.90686705271423,28.028144866908928,True
vector_thrust,cruise_178,0.05800947791859098,2.1753554219471622,80.97939308382293,261.6574711793992,339.3212827661312,344.5969211401598,41.44902393974456,41.44902393974456,404.8969654191146,28.028144866908928,True
vector_thrust,cruise_178,0.05773664098013477,2.1651240367550546,81.0158988268136,261.55301102701304,339.2211318354185,344.75228904875075,41.647036256776424,41.46771200039626,405.079494134068,28.034857786103846,True
vector_thrust,cruise_178,0.056971437983690164,2.1364289243883814,81.11845166804814,261.2600690462066,338.9402814075619,345.18875559188047,42.2125150480851,41.52021134407937,405.5922583402407,28.053666967713497,True
vector_thrust,cruise_178,0.05586377697167606,2.0948916364378527,81.26736182088901,260.8360992733094,338.533829860405,345.82251959940805,43.05855037282887,41.596442145658344,406.3368091044451,28.080847022640615,True
vector_thrust,cruise_178,0.054631706434283646,2.0486889912856374,81.43364098578216,260.36461505281824,338.0818526059578,346.5302064018132,44.03997101451807,41.68156457541679,407.16820492891077,28.111014607665386,True
vector_thrust,cruise_178,0.05351923775333751,2.006971415750157,81.58436465324054,259.93899470868297,337.67386470890915,347.171688756737,44.964995046036165,41.75872376011928,407.9218232662027,28.138194662592507,True
vector_thrust,cruise_178,0.052748039543030825,1.9780514828636564,81.68917902893523,259.64399445395026,337.39109844187465,347.61778042690577,45.62918095670175,41.81238083939604,408.4458951446762,28.157003844202155,True
vector_thrust,cruise_178,0.05247253443030353,1.9677200411363829,81.72668856964722,259.5386182673383,337.2900948674543,347.7774216359729,45.87119589626718,41.831582903867485,408.6334428482361,28.163716763397073,True
vector_thrust,cruise_179,0.05247253443030353,1.9677200411363829,81.72466672987224,259.2640481628645,337.02692441329185,347.77220930841315,45.82198124676868,45.82198124676868,408.62333364936126,28.163716763397073,True
vector_thrust,cruise_179,0.05219689469811911,1.957383551179467,81.76222811991101,259.15862617563846,336.925881771196,347.9320727694487,46.066392009393766,45.84304463342681,408.8111405995551,28.17042968259199,True
vector_thrust,cruise_179,0.05142381570189252,1.92839308882097,81.86776036995008,258.8629819026489,336.6425260382327,348.3812240187767,46.76588140208159,45.90222417558918,409.3388018497504,28.18923886420164,True
vector_thrust,cruise_179,0.050304713924735345,1.8864267721775758,82.02101111621273,258.4350881026848,336.232436442962,349.0334680744327,47.81658975740541,45.98816294265173,410.10505558106365,28.216418919128756,True
vector_thrust,cruise_179,0.049059861788793145,1.8397448170797435,82.1921580460318,257.9592218614038,335.7763964299351,349.76187928716774,49.041748279478526,46.084137388097666,410.96079023015903,28.24658650415353,True
vector_thrust,cruise_179,0.047935801417693914,1.7975925531635222,82.34731313946993,257.5296291697444,335.36472551381263,350.4222283046944,50.20275943473726,46.171144053631984,411.73656569734965,28.27376655908065,True
vector_thrust,cruise_179,0.047156538995221375,1.768370212320802,82.45521983470802,257.2318663646708,335.0793978604995,350.8814854190158,51.04016044733492,46.23165513047084,412.27609917354005,28.292575740690296,True
vector_thrust,cruise_179,0.0468781473212757,1.7579305245478392,82.49383814988553,257.12550152426553,334.9774776147707,351.04584719187864,51.34607895863186,46.25331120842136,412.46919074942764,28.299288659885217,True
vector_thrust,cruise_180,0.0468781473212757,1.7579305245478392,82.49176664934487,256.84579431966097,334.70946485709874,351.04050533218594,51.28944299639575,51.28944299639575,412.45883324672434,28.299288659885217,True
vector_thrust,cruise_180,0.04659961664880698,1.7474856243302623,82.53044059950882,256.73938230939183,334.60750436902,351.20510506983135,51.59881173505575,51.31349215520492,412.65220299754407,28.306001579080135,True
vector_thrust,cruise_180,0.0458184134707018,1.718190505151318,82.63910128790266,256.44095639925916,334.32156976533497,351.66757579787514,52.48659517197944,51.381062323556456,413.19550643951334,28.324810760689786,True
vector_thrust,cruise_180,0.04468750912315543,1.675781592118329,82.79691139424474,256.0090229554131,333.90773492315117,352.3392313500217,53.826836856918426,51.47919583986516,413.9845569712237,28.3519908156169,True
vector_thrust,cruise_180,0.04342946936188326,1.6286051010706226,82.97317232492922,255.52864502104126,333.4475119159804,353.0894154493728,55.39983869738429,51.58880291943583,414.86586162464613,28.382158400641675,True
vector_thrust,cruise_180,0.042293447412341964,1.5860042779628238,83.13298392285223,255.09496192044685,333.0320485069431,353.76958954630663,56.90075444805487,51.68818105398842,415.6649196142612,28.409338455568793,True
vector_thrust,cruise_180,0.041505862516854425,1.5564698443820415,83.24414057348679,254.79435417201023,332.74408306510014,354.24268333450425,57.98958203151704,51.75730332481797,416.22070286743394,28.42814763717844,True
vector_thrust,cruise_180,0.041224491651545854,1.5459184369329702,83.28392428559452,254.68697113377854,332.641218751701,354.4120067796464,58.38866940433942,51.7820426499262,416.4196214279726,28.43486055637336,True
vector_thrust,cruise_181,0.041224491651545854,1.5459184369329702,83.28180347932388,254.40192079338834,332.36817020080144,354.40653928988746,58.32241998223492,58.32241998223492,416.4090173966194,28.43486055637336,True
vector_thrust,cruise_181,0.040942977163554876,1.5353616436333082,83.32164456584302,254.2944891454921,332.26526440966006,354.5761086316152,58.72671808727802,58.3503249254794,416.6082228292151,28.441573475568276,True
vector_thrust,cruise_181,0.04015338827187988,1.5057520601954957,83.43359417189303,253.99319822716092,331.9766736366272,355.0525821081384,59.89096296288599,58.428735121475945,417.1679708594652,28.46038265717793,True
vector_thrust,cruise_181,0.039010300016975835,1.4628862506365943,83.5961979032452,253.55710363512947,331.55898088959424,355.7446467604385,61.66001097284674,58.54262377992785,417.980989516226,28.487562712105046,True
vector_thrust,cruise_181,0.037738644590714875,1.4151991721518082,83.77783687136237,253.07207770455753,331.0944485040681,356.5177280929562,63.754052406493734,58.6698448358538,418.8891843568118,28.517730297129816,True
vector_thrust,cruise_181,0.03659027103051606,1.3721351636443528,83.942546511968,252.63418006979583,330.6750775050951,357.21875579515597,65.77024615867424,58.78520848616567,419.71273255984,28.544910352056938,True
vector_thrust,cruise_181,0.03579409128546711,1.3422784232050167,84.05712229990283,252.3306407380614,330.3843939340079,357.7064066760003,67.24408679471007,58.865458076182534,420.2856114995141,28.563719533666585,True
vector_thrust,cruise_181,0.03550964352557926,1.3316116322092226,84.09813220295297,252.22220843211423,330.2805567415099,357.88095066744046,67.78667409458606,58.89418166574876,420.49066101476484,28.570432452861503,True
vector_thrust,cruise_182,0.03550964352557926,1.3316116322092226,84.09595867914857,251.93159595268477,330.0022667502202,357.8753471210286,67.70750958576475,67.70750958576475,420.47979339574283,28.570432452861503,True
vector_thrust,cruise_182,0.03522504725453657,1.3209392720451216,84.13702910133226,251.82311352160465,329.8983867794688,358.0501504359738,68.25847757563372,67.74058114885925,420.6851455066613,28.57714537205642,True
vector_thrust,cruise_182,0.034426796751591694,1.2910048781846888,84.25243974830771,251.51886990636004,329.6070585352016,358.54135960304166,69.85249947997944,67.83351448348375,421.2621987415385,28.595954553666072,True
vector_thrust,cruise_182,0.03327112222785237,1.247667083544464,84.42008889666123,251.07848634634615,329.1853893695055,359.2549055448298,72.29587049811822,67.9685123789302,422.10044448330615,28.62313460859319,True
vector_thrust,cruise_182,0.03198539938612035,1.1994524769795132,84.60738970135867,250.5886689986763,328.7164146212429,360.0520925871528,75.22180026574227,68.11933458488528,423.03694850679335,28.65330219361796,True
vector_thrust,cruise_182,0.0308242624765027,1.1559098428688515,84.77725705379696,250.14642619271694,328.2930148967292,360.7750796163498,78.07407937754029,68.25611866795647,423.8862852689848,28.68048224854508,True
vector_thrust,cruise_182,0.030019200289537962,1.1257200108576737,84.89543392565307,249.83986407555543,327.99952862483536,361.2780623495714,80.18127164864698,68.35127947885067,424.4771696282653,28.69929143015473,True
vector_thrust,cruise_182,0.02973157246240617,1.1149339673402316,84.93773539993042,249.7303497925711,327.8946882214097,361.45810528968,80.96179837868911,68.38534234233461,424.6886769996521,28.706004349349648,True
vector_thrust,cruise_183,0.02973157246240617,1.1149339673402316,84.93550709425452,249.43394209310947,327.6109379457243,361.4523606039482,80.86441872372366,80.86441872372366,424.67753547127256,28.706004349349648,True
vector_thrust,cruise_183,0.029443790949220547,1.1041421605957706,84.97787229187816,249.32437608792694,327.5060533932841,361.6326766254004,81.65963106053715,80.90475917201108,424.8893614593908,28.712717268544566,True
vector_thrust,cruise_183,0.02863658743985988,1.0738720289947457,85.09692910843782,249.01708744517725,327.21190207197935,362.1394098112781,83.97546322603877,81.01812593618314,425.4846455421891,28.731526450154217,True
vector_thrust,cruise_183,0.027467901599176465,1.0300463099691175,85.26989457692362,248.57228030584938,326.7861316764554,362.8755906145423,87.5696676483342,81.18282490960263,426.3494728846181,28.75870650508133,True
vector_thrust,cruise_183,0.02616763399974899,0.9812862749905873,85.46316264134121,248.07752046418614,326.31257448176797,363.69818393370065,91.94599574773979,81.36685616198847,427.3158132067061,28.788874090106106,True
vector_thrust,cruise_183,0.024993298566165063,0.9372486962311901,85.63846725198077,247.6307948437676,325.88501839896065,364.44432066345263,96.28995715340682,81.53378248345167,428.1923362599038,28.816054145033224,True
vector_thrust,cruise_183,0.0241790499131279,0.9067143717422965,85.76044111825827,247.3211138294029,325.58864030159356,364.96346948390095,99.54973097686378,81.6499268835782,428.80220559129134,28.83486332664287,True
vector_thrust,cruise_183,0.023888132938747322,0.8958049852030248,85.80410459111707,247.21048309555133,325.482764719003,365.14931126397283,100.76829123597264,81.69150355911847,429.0205229555853,28.84157624583779,True
vector_thrust,cruise_184,0.023888132938747322,0.8958049852030248,73.0335718051958,246.90803178153809,325.1933209610602,332.7092111786603,91.70363845328794,91.70363845328794,365.16785902597906,28.84157624583779,True
vector_thrust,cruise_184,0.02364108069209194,0.886540525953448,73.06516075503643,246.81382228017333,325.10316539189904,332.8531433805907,92.66666798720941,91.74331005288342,365.3258037751821,28.84828916503271,True
vector_thrust,cruise_184,0.022948218019633596,0.86055817573626,73.15389853061237,246.54963580693308,324.85035284685387,333.2574690767353,95.47815586147048,91.85475312752888,365.76949265306183,28.86709834664236,True
vector_thrust,cruise_184,0.021945335739497293,0.8229500902311487,73.28272439016466,246.16730742079508,324.4844996213023,333.8444525237288,99.86217991914039,92.01654160825794,366.4136219508233,28.894278401569476,True
vector_thrust,cruise_184,0.020829900845846194,0.7811212817192325,73.42654256860368,245.74216492587618,324.07769792452376,334.4997471245086,105.23422412024516,92.19715848669486,367.1327128430184,28.92444598659425,True
vector_thrust,cruise_184,0.019822826037796157,0.7433559764173562,73.55687527520054,245.35840892894512,323.71051602180245,335.0935963820693,110.60384830271607,92.36083937012509,367.7843763760027,28.95162604152137,True
vector_thrust,cruise_184,0.01912473524891914,0.7171775718344678,73.64749215140687,245.09244221829573,323.4560466099945,335.50648403074825,114.65794076749141,92.47464234997693,368.23746075703434,28.970435223131016,True
vector_thrust,cruise_184,0.018875356228344756,0.7078258585629285,73.67991748059691,244.99744042376742,323.36515365364994,335.65422708665614,116.17889556988794,92.51536432378391,368.39958740298454,28.977148142325934,True
vector_thrust,cruise_185,0.018875356228344756,0.7078258585629285,73.67935053065334,244.74118735178985,323.11998898489236,335.65281826908443,116.05689208350246,116.05689208350246,368.3967526532667,28.977148142325934,True
vector_thrust,cruise_185,0.018625855308286265,0.6984695740607351,73.71181946325572,244.64614444297814,323.02906072012803,335.800760803478,117.61766651333922,116.10804538779233,368.55909731627867,28.98386106152085,True
vector_thrust,cruise_185,0.017926112452989737,0.6722292169871152,73.80303567697057,244.3796167482927,322.7740774855109,336.21638051425657,122.22680618201548,116.25175200753814,369.01517838485285,29.002670243130506,True
vector_thrust,cruise_185,0.01691323784069065,0.6342464190258995,73.93547084643653,243.99388931277088,322.40507273907235,336.81981156920125,129.5742054777106,116.46039715815746,369.6773542321826,29.02985029805762,True
vector_thrust,cruise_185,0.015786642201571915,0.591999082558947,74.08333491884251,243.56495197812976,321.99475247797454,337.4935432782739,138.8542669799097,116.69334979253811,370.4166745942125,29.06001788308239,True
vector_thrust,cruise_185,0.014769448101789257,0.5538543038170973,74.21734938757874,243.17775676954471,321.62438167958686,338.1041702934743,148.4495346876406,116.90448305211221,371.0867469378937,29.087197938009513,True
vector_thrust,cruise_185,0.014064318802702147,0.5274119551013307,74.31053460504843,242.90939875249458,321.36769496940457,338.5287618422471,155.91572622529503,117.05129181662552,371.5526730252422,29.10600711961916,True
vector_thrust,cruise_185,0.013812420641823392,0.5179657740683773,74.34388057436072,242.81354125920552,321.2760085732595,338.6807002850085,158.76774935614648,117.10382676492667,371.7194028718036,29.11272003881408,True
vector_thrust,cruise_186,0.013812420641823392,0.5179657740683773,74.34330146066777,242.55266103042754,321.0264857757196,338.67926130471614,158.5964945522327,158.5964945522327,371.71650730333886,29.11272003881408,True
vector_thrust,cruise_186,0.013560396756620286,0.5085148783732608,74.37669378166815,242.45676124886236,320.9347630588276,338.8314114877254,161.55272959072238,158.66774333663656,371.8834689083407,29.119432958008996,True
vector_thrust,cruise_186,0.012853564589456992,0.4820086721046373,74.47050700557564,242.18782629590206,320.6775479058497,339.25886601817797,170.4624254036626,158.86791145395523,372.35253502787816,29.138242139618647,True
vector_thrust,cruise_186,0.011830392878840796,0.4436397329565299,74.6067260825065,241.7986036195645,320.3053024481358,339.8795403660206,185.24580229024667,159.15856041618315,373.0336304125325,29.165422194545766,True
vector_thrust,cruise_186,0.010692294622811127,0.4009610483554174,74.75883268031836,241.36576360508008,319.8913636278737,340.5726052825139,205.01384679172128,159.4831083847524,373.7941634015918,29.195589779570536,True
vector_thrust,cruise_186,0.00966466991913595,0.36242512196759824,74.89670854814015,240.97503104161152,319.5177129271708,341.2008287004478,226.8630823413636,159.77729242039754,374.4835427407008,29.222769834497655,True
vector_thrust,cruise_186,0.008952284821932666,0.33571068082247507,74.99258785342744,240.70421324887687,319.2587454263282,341.63769721450296,244.95387791269104,159.98186891156644,374.9629392671372,29.241579016107305,True
vector_thrust,cruise_186,0.008697789600945917,0.326167110035472,75.02689971614747,240.60747551003922,319.16624282752576,341.79403723269235,252.13517216373756,160.0550797091439,375.13449858073733,29.248291935302223,True
vector_thrust,cruise_187,0.008697789600945917,0.326167110035472,75.02630795055828,240.3417886095307,318.9121934029168,341.79256685205405,251.85567251624926,251.85567251624926,375.13153975279135,29.248291935302223,True
vector_thrust,cruise_187,0.008443164627307112,0.31661867352401674,75.06066852983855,240.24500735145745,318.8196534218939,341.94912938442354,259.46533787292174,251.97103828398355,375.30334264919276,29.25500485449714,True
vector_thrust,cruise_187,0.007729023197132091,0.2898383698924535,75.157206946604,239.97359588797693,318.56014214046326,342.38900271038074,283.48323999819615,252.2951664338472,375.7860347330201,29.273814036106792,True
vector_thrust,cruise_187,0.006695233788174645,0.25107126705654925,75.297396741095,239.58077707687355,318.1845624206993,343.02777169765216,327.32881410823353,252.76585423830554,376.486983705475,29.300994091033907,True
vector_thrust,cruise_187,0.005545273206163625,0.207947745231136,75.45395621383297,239.14392124818218,317.7669001371315,343.74112844358876,395.30893330391604,253.29150330272662,377.2697810691648,29.33116167605868,True
vector_thrust,cruise_187,0.004506890273060794,0.16900838523977982,75.59588575933378,238.74954834783148,317.389874040304,344.38782453384704,486.499160661736,253.76803232799395,377.97942879666897,29.3583417309858,True
vector_thrust,cruise_187,0.0037870206633446187,0.14201327487542323,75.69459379172669,238.47619892257867,317.1285591149926,344.83758359267654,579.0695007418643,254.0994449484469,378.47296895863343,29.377150912595447,True
vector_thrust,cruise_187,0.003529846357078527,0.1323692383904448,75.72991990586128,238.3785551746596,317.0352164222761,344.99854556798476,621.2943115021486,254.218052520619,378.64959952930644,29.383863831790364,True
vector_thrust,cruise_188,0.003529846357078527,0.1323692383904448,75.72931494837395,238.10787122637845,316.77646169469864,344.9970423822155,620.5861145678076,620.5861145678076,378.64657474186976,29.383863831790364,True
vector_thrust,cruise_188,0.003272590450405529,0.12272214189020736,75.76468502477903,238.01020047144863,316.6830975246993,345.1582052462375,669.4079190576584,620.8760168664054,378.82342512389516,29.390576750985286,True
vector_thrust,cruise_188,0.0025508512541914767,0.0956569220321804,75.86409345460943,237.73622046570347,316.42120422862195,345.61115728763406,858.947669847652,621.6907941338128,379.3204672730472,29.409385932594937,True
vector_thrust,cruise_188,0.0015061768616865536,0.05648163231324577,76.00844435954504,237.3397234616534,316.0422148435606,346.26888859011615,1455.0458068485925,622.8739315619441,380.04222179772523,29.43656598752205,True
vector_thrust,cruise_188,0.0003438615033739319,0.01289480637652245,76.16969787114418,236.89869450940532,315.62068213178634,347.0036362000202,6375.024642128118,624.1956071371021,380.84848935572086,29.466733572546826,True
vector_thrust,cruise_188,0.0,-0.026437055739906692,76.21753469797808,236.58204465189127,315.3180446518913,347.22160350607305,-3107.2445325587146,624.5876901608641,381.08767348989045,29.493913627473944,True
vector_thrust,cruise_188,0.0,-0.053662227456780516,76.21753469786846,236.58204465189127,315.3180446518913,347.22160350562865,-1530.804828607432,624.5876901600647,381.08767348934225,29.51272280908359,True
vector_thrust,cruise_188,0.0,-0.06337871049419627,76.21753469783222,236.58204465189127,315.3180446518913,347.22160350548234,-1296.1197263891577,624.5876901598015,381.0876734891611,29.51943572827851,True
vector_thrust,cruise_189,0.0,-0.06337871049419627,76.21691793449061,236.58204465189127,315.3180446518913,347.2200709610485,-1296.1140056590757,-1296.1140056590757,381.0845896724531,29.51943572827851,True
vector_thrust,cruise_189,0.0,-0.07309511811849684,76.21691793128286,236.58204465189127,315.3180446518913,347.22007094791365,-1123.8238126363321,-1296.1140056100455,381.0845896564143,29.526148647473427,True
vector_thrust,cruise_189,0.0,-0.10031988729748662,76.21691793128417,236.58204465189127,315.3180446518913,347.2200709479211,-818.8409750246199,-1296.1140056100733,381.08458965642086,29.544957829083078,True
vector_thrust,cruise_189,0.0,-0.1396608186053856,76.21691793128713,236.58204465189127,315.3180446518913,347.2200709479362,-588.1823918069873,-1296.1140056101297,381.08458965643564,29.572137884010196,True
vector_thrust,cruise_189,0.0,-0.1833259581118054,76.2169179312885,236.58204465189127,315.3180446518913,347.220070947945,-448.0873040300217,-1296.1140056101624,381.0845896564426,29.602305469034967,True
vector_thrust,cruise_189,0.0,-0.22266688941970708,76.21691793129285,236.58204465189127,315.3180446518913,347.22007094796663,-368.91894678695047,-1296.1140056102433,381.0845896564643,29.62948552396209,True
vector_thrust,cruise_189,0.0,-0.24989165859870174,76.21691793129816,236.58204465189127,315.3180446518913,347.2200709479921,-328.7265961164719,-1296.1140056103384,381.0845896564908,29.648294705571736,True
vector_thrust,cruise_189,0.0,-0.25960806622300464,76.21691793129895,236.58204465189127,315.3180446518913,347.22007094799613,-316.4232742232586,-1296.1140056103534,381.0845896564948,29.655007624766654,True
vector_thrust,cruise_190,0.0,-0.25960806622300464,76.21629305100777,236.58204465189127,315.3180446518913,347.2185182323384,-316.42185922621934,-316.42185922621934,381.08146525503884,29.655007624766654,True
vector_thrust,cruise_190,0.0,-0.26932439337597336,76.21629304776825,236.58204465189127,315.3180446518913,347.2185182190724,-305.00641234748394,-316.42185921412994,381.08146523884125,29.66172054396157,True
vector_thrust,cruise_190,0.0,-0.29654893707929814,76.21629304776499,236.58204465189127,315.3180446518913,347.2185182190588,-277.0054338764967,-316.4218592141176,381.081465238825,29.680529725571223,True
vector_thrust,cruise_190,0.0,-0.3358895425654236,76.2162930477779,236.58204465189127,315.3180446518913,347.2185182191196,-244.5615494721131,-316.42185921417297,381.0814652388895,29.707709780498337,True
vector_thrust,cruise_190,0.0,-0.379554320436964,76.21629304778777,236.58204465189127,315.3180446518913,347.21851821916664,-216.42664187492255,-316.42185921421583,381.08146523893885,29.73787736552311,True
vector_thrust,cruise_190,0.0,-0.4188949259231001,76.21629304779017,236.58204465189127,315.3180446518913,347.2185182191794,-196.100888069419,-316.4218592142274,381.08146523895084,29.76505742045023,True
vector_thrust,cruise_190,0.0,-0.4461194696264353,76.21629304779164,236.58204465189127,315.3180446518913,347.2185182191878,-184.13378606874363,-316.4218592142351,381.0814652389582,29.783866602059877,True
vector_thrust,cruise_190,0.0,-0.4558357967794069,76.21629304779579,236.58204465189127,315.3180446518913,347.2185182192073,-180.20889882207484,-316.4218592142529,381.0814652389789,29.7905795212548,True
vector_thrust,cruise_191,0.0,-0.4558357967794069,76.21565981342734,236.58204465189127,315.3180446518913,347.21694474205833,-180.2080821761604,-180.2080821761604,381.0782990671367,29.7905795212548,True
vector_thrust,cruise_191,0.0,-0.4655520423852518,76.21565981020282,236.58204465189127,315.3180446518913,347.2169447288567,-176.44707195540363,-180.20808216930862,381.0782990510141,29.797292440449716,True
vector_thrust,cruise_191,0.0,-0.49277635759861266,76.21565981020271,236.58204465189127,315.3180446518913,347.2169447288575,-166.69893645475312,-180.20808216930908,381.0782990510135,29.816101622059367,True
vector_thrust,cruise_191,0.0,-0.5321166329071745,76.21565981021033,236.58204465189127,315.3180446518913,347.2169447288939,-154.37460444141828,-180.20808216932795,381.07829905105166,29.843281676986482,True
vector_thrust,cruise_191,0.0,-0.5757810443092617,76.21565981021432,236.58204465189127,315.3180446518913,347.2169447289142,-142.66759132422501,-180.20808216933847,381.0782990510716,29.873449262011256,True
vector_thrust,cruise_191,0.0,-0.6151213196178289,76.2156598102175,236.58204465189127,315.3180446518913,347.21694472893097,-133.54324114922494,-180.2080821693472,381.0782990510875,29.900629316938375,True
vector_thrust,cruise_191,0.0,-0.6423456348311963,76.21565981021647,236.58204465189127,315.3180446518913,347.2169447289275,-127.88332366162894,-180.20808216934537,381.07829905108235,29.919438498548022,True
vector_thrust,cruise_191,0.0,-0.6520618804370425,76.21565981022404,236.58204465189127,315.3180446518913,347.21694472896263,-125.97775945237446,-180.20808216936362,381.0782990511202,29.92615141774294,True
vector_thrust,cruise_192,0.0,-0.6520618804370425,76.21501797452227,236.58204465189127,315.3180446518913,347.21534987588075,-125.97718080544792,-125.97718080544792,381.07508987261133,29.92615141774294,True
vector_thrust,cruise_192,0.0,-0.6617780433881233,76.21501797127718,236.58204465189127,315.3180446518913,347.2153498625919,-124.12759568820714,-125.97718080062643,381.0750898563859,29.932864336937858,True
vector_thrust,cruise_192,0.0,-0.6890021270079871,76.21501797127893,236.58204465189127,315.3180446518913,347.21534986260093,-119.22302440738858,-125.97718080062971,381.07508985639464,29.951673518547512,True
vector_thrust,cruise_192,0.0,-0.7283420676542451,76.21501797128205,236.58204465189127,315.3180446518913,347.21534986261696,-112.78343110069417,-125.97718080063552,381.0750898564103,29.978853573474627,True
vector_thrust,cruise_192,0.0,-0.772006107609201,76.21501797129119,236.58204465189127,315.3180446518913,347.21534986266073,-106.40449161655185,-125.97718080065141,381.075089856456,30.009021158499397,True
vector_thrust,cruise_192,0.0,-0.8113460482554661,76.2150179712907,236.58204465189127,315.3180446518913,347.2153498626608,-101.24523017232389,-125.97718080065142,381.0750898564536,30.03620121342652,True
vector_thrust,cruise_192,0.0,-0.8385701318753354,76.21501797129702,236.58204465189127,315.3180446518913,347.2153498626908,-97.9583153305645,-125.97718080066232,381.0750898564851,30.055010395036167,True
vector_thrust,cruise_192,0.0,-0.8482862948264198,76.21501797130304,236.58204465189127,315.3180446518913,347.21534986271905,-96.83631328955127,-125.97718080067257,381.0750898565152,30.061723314231084,True
vector_thrust,cruise_193,0.0,-0.8482862948264198,76.21436727545029,236.58204465189127,315.3180446518913,347.21373299035713,-96.83586235338542,-96.83586235338542,381.07183637725143,30.061723314231084,True
vector_thrust,cruise_193,0.0,-0.8580023739817788,76.21436727223238,236.58204465189127,315.3180446518913,347.21373297718117,-95.73928624200032,-96.83586234971072,381.0718363611619,30.068436233426002,True
vector_thrust,cruise_193,0.0,-0.8852262228112445,76.21436727223664,236.58204465189127,315.3180446518913,347.2137329772021,-92.79496332371735,-96.83586234971656,381.0718363611832,30.087245415035653,True
vector_thrust,cruise_193,0.0,-0.9245658241755514,76.21436727224368,236.58204465189127,315.3180446518913,347.21373297723596,-88.84660532658098,-96.83586234972601,381.0718363612184,30.11442546996277,True
vector_thrust,cruise_193,0.0,-0.9682294875559501,76.21436727225044,236.58204465189127,315.3180446518913,347.2137329772687,-84.83994335509352,-96.83586234973514,381.0718363612522,30.144593054987542,True
vector_thrust,cruise_193,0.0,-1.0075690889202653,76.21436727225738,236.58204465189127,315.3180446518913,347.21373297730247,-81.52744638783435,-96.83586234974456,381.0718363612869,30.171773109914664,True
vector_thrust,cruise_193,0.0,-1.03479293774974,76.2143672722536,236.58204465189127,315.3180446518913,347.21373297728655,-79.3825816569774,-96.83586234974013,381.07183636126797,30.19058229152431,True
vector_thrust,cruise_193,0.0,-1.0445090169051017,76.21436727225513,236.58204465189127,315.3180446518913,347.2137329772939,-78.64416060512303,-96.83586234974217,381.07183636127564,30.19729521071923,True
vector_thrust,cruise_194,0.0,-1.0445090169051017,76.21370744530424,236.58204465189127,315.3180446518913,347.21209341228985,-78.6437892424687,-78.6437892424687,381.06853722652124,30.19729521071923,True
vector_thrust,cruise_194,0.0,-1.0542250110888867,76.2137074421214,236.58204465189127,315.3180446518913,347.2120933992553,-77.91898894469816,-78.64378923951637,381.068537210607,30.204008129914147,True
vector_thrust,cruise_194,0.0,-1.0814486218332946,76.21370744212182,236.58204465189127,315.3180446518913,347.21209339925844,-75.9575122903273,-78.64378923951708,381.06853721060907,30.222817311523798,True
vector_thrust,cruise_194,0.0,-1.1207878791547214,76.2137074421282,236.58204465189127,315.3180446518913,347.21209339928924,-73.2914305302971,-78.64378923952405,381.068537210641,30.249997366450913,True
vector_thrust,cruise_194,0.0,-1.1644511606763337,76.2137074421352,236.58204465189127,315.3180446518913,347.21209339932363,-70.5432308011653,-78.64378923953184,381.068537210676,30.280164951475687,True
vector_thrust,cruise_194,0.0,-1.2037904179977676,76.21370744213763,236.58204465189127,315.3180446518913,347.2120933993364,-68.2379139725224,-78.64378923953474,381.06853721068813,30.307345006402805,True
vector_thrust,cruise_194,0.0,-1.2310140287421822,76.21370744213894,236.58204465189127,315.3180446518913,347.21209339934387,-66.72884716692704,-78.64378923953643,381.0685372106947,30.326154188012453,True
vector_thrust,cruise_194,0.0,-1.24073002292597,76.21370744213752,236.58204465189127,315.3180446518913,347.2120933993378,-66.20630231108709,-78.64378923953505,381.06853721068757,30.332867107207374,True
vector_thrust,cruise_195,0.0,-1.24073002292597,76.21303820019064,236.58204465189127,315.3180446518913,347.21043043617726,-66.20598521774895,-66.20598521774895,381.0651910009532,30.332867107207374,True
vector_thrust,cruise_195,0.0,-1.2504459309257652,76.2130381969821,236.58204465189127,315.3180446518913,347.21043042303944,-65.69156772186938,-66.20598521524383,381.0651909849105,30.33958002640229,True
vector_thrust,cruise_195,0.0,-1.2776693001879953,76.21303819698431,236.58204465189127,315.3180446518913,347.21043042305064,-64.29187391593582,-66.20598521524596,381.06519098492157,30.358389208011943,True
vector_thrust,cruise_195,0.0,-1.3170082085575714,76.21303819699747,236.58204465189127,315.3180446518913,347.2104304231124,-62.37148183300208,-66.20598521525774,381.06519098498734,30.385569262939057,True
vector_thrust,cruise_195,0.0,-1.360671102771847,76.2130381969997,236.58204465189127,315.3180446518913,347.2104304231248,-60.370028720849305,-66.20598521526011,381.06519098499854,30.41573684796383,True
vector_thrust,cruise_195,0.0,-1.400010011141429,76.21303819700495,236.58204465189127,315.3180446518913,347.21043042315074,-58.67369011668737,-66.20598521526504,381.06519098502474,30.44291690289095,True
vector_thrust,cruise_195,0.0,-1.4272333804036688,76.21303819700319,236.58204465189127,315.3180446518913,347.2104304231439,-57.55453500585703,-66.20598521526375,381.06519098501593,30.461726084500597,True
vector_thrust,cruise_195,0.0,-1.436949288403466,76.2130381970084,236.58204465189127,315.3180446518913,347.21043042316813,-57.165381003280096,-66.20598521526837,381.06519098504197,30.468439003695515,True
vector_thrust,cruise_196,0.0,-1.436949288403466,76.21235924225302,236.58204465189127,315.3180446518913,347.2087433216478,-57.16510323569954,-57.16510323569954,381.0617962112651,30.468439003695515,True
vector_thrust,cruise_196,0.0,-1.4466651089685079,76.2123592390429,236.58204465189127,315.3180446518913,347.20874330850353,-56.78118170107025,-57.16510323353545,381.06179619521447,30.475151922890433,True
vector_thrust,cruise_196,0.0,-1.4738882332440038,76.21235923904919,236.58204465189127,315.3180446518913,347.20874330853354,-55.73241753355366,-57.165103233540385,381.06179619524596,30.493961104500087,True
vector_thrust,cruise_196,0.0,-1.5132267875974916,76.21235923905643,236.58204465189127,315.3180446518913,347.20874330856844,-54.283571429086,-57.165103233546134,381.06179619528217,30.521141159427202,True
vector_thrust,cruise_196,0.0,-1.5568892888835475,76.21235923905199,236.58204465189127,315.3180446518913,347.20874330854997,-52.7612046659116,-57.16510323354309,381.06179619525994,30.551308744451973,True
vector_thrust,cruise_196,0.0,-1.5962278432370367,76.2123592390628,236.58204465189127,315.3180446518913,347.2087433086014,-51.46092067056148,-57.16510323355156,381.061796195314,30.578488799379095,True
vector_thrust,cruise_196,0.0,-1.6234509675125404,76.21235923905992,236.58204465189127,315.3180446518913,347.2087433085898,-50.59798913349401,-57.16510323354965,381.0617961952996,30.597297980988742,True
vector_thrust,cruise_196,0.0,-1.6331667880775835,76.21235923906336,236.58204465189127,315.3180446518913,347.2087433086061,-50.29697824657299,-57.16510323355233,381.0617961953168,30.60401090018366,True
vector_thrust,cruise_197,0.0,-1.6331667880775835,76.21167025888616,236.58204465189127,315.3180446518913,347.20703129168896,-50.29673024222604,-50.29673024222604,381.05835129443074,30.60401090018366,True
vector_thrust,cruise_197,0.0,-1.6428825199168569,76.21167025572548,236.58204465189127,315.3180446518913,347.20703127874293,-49.99928380855575,-50.29673024035067,381.05835127862736,30.610723819378578,True
vector_thrust,cruise_197,0.0,-1.6701053955882743,76.21167025572583,236.58204465189127,315.3180446518913,347.207031278746,-49.18429076058702,-50.29673024035112,381.0583512786292,30.62953300098823,True
vector_thrust,cruise_197,0.0,-1.7094435906984584,76.2116702557391,236.58204465189127,315.3180446518913,347.2070312788081,-48.05244807399052,-50.296730240360105,381.05835127869545,30.656713055915347,True
vector_thrust,cruise_197,0.0,-1.7531056932545366,76.21167025574252,236.58204465189127,315.3180446518913,347.2070312788259,-46.85567430048344,-50.29673024036269,381.05835127871256,30.686880640940117,True
vector_thrust,cruise_197,0.0,-1.7924438883647265,76.21167025574461,236.58204465189127,315.3180446518913,347.2070312788374,-45.82734774052022,-50.296730240364354,381.0583512787231,30.714060695867236,True
vector_thrust,cruise_197,0.0,-1.8196667640361537,76.21167025574917,236.58204465189127,315.3180446518913,347.2070312788595,-45.14175397437424,-50.29673024036756,381.0583512787458,30.732869877476887,True
vector_thrust,cruise_197,0.0,-1.8293824958754297,76.21167025575154,236.58204465189127,315.3180446518913,347.20703127887106,-44.90200904549485,-50.29673024036923,381.0583512787577,30.739582796671804,True
vector_thrust,cruise_198,0.0,-1.8293824958754297,76.2109709219044,236.58204465189127,315.3180446518913,347.2052935308895,-44.90178431394117,-44.90178431394117,381.054854609522,30.739582796671804,True
vector_thrust,cruise_198,0.0,-1.8390981376556423,76.21097091871839,236.58204465189127,315.3180446518913,347.20529351784324,-44.66457584428917,-44.90178431225399,381.0548545935919,30.746295715866722,True
vector_thrust,cruise_198,0.0,-1.8663207609871824,76.21097091872069,236.58204465189127,315.3180446518913,347.2052935178552,-44.01308712386893,-44.90178431225553,381.05485459360347,30.765104897476373,True
vector_thrust,cruise_198,0.0,-1.905658591455675,76.21097091872335,236.58204465189127,315.3180446518913,347.2052935178691,-43.10454066783879,-44.90178431225733,381.05485459361677,30.792284952403488,True
vector_thrust,cruise_198,0.0,-1.9493202892900043,76.21097091872551,236.58204465189127,315.3180446518913,347.2052935178807,-42.13906698951911,-44.901784312258826,381.0548545936275,30.822452537428262,True
vector_thrust,cruise_198,0.0,-1.9886581197585007,76.21097091873303,236.58204465189127,315.3180446518913,347.2052935179174,-41.30551020222833,-44.90178431226358,381.05485459366514,30.84963259235538,True
vector_thrust,cruise_198,0.0,-2.015880743090048,76.21097091873838,236.58204465189127,315.3180446518913,347.205293517943,-40.74771711372302,-44.901784312266884,381.0548545936919,30.868441773965028,True
vector_thrust,cruise_198,0.0,-2.025596384870263,76.21097091873918,236.58204465189127,315.3180446518913,347.2052935179471,-40.552273329465436,-44.90178431226742,381.05485459369595,30.875154693159946,True
vector_thrust,cruise_199,0.0,-2.025596384870263,76.21026088595251,236.58204465189127,315.3180446518913,347.2035291806894,-40.55206726150491,-40.55206726150491,381.0513044297625,30.875154693159946,True
vector_thrust,cruise_199,0.0,-2.035311935213668,76.21026088278757,236.58204465189127,315.3180446518913,347.20352916772634,-40.35849218966524,-40.55206725999088,381.0513044139378,30.881867612354867,True
vector_thrust,cruise_199,0.0,-2.062534302344959,76.21026088278403,236.58204465189127,315.3180446518913,347.20352916771157,-39.82582047118433,-40.55206725998915,381.05130441392015,30.900676793964518,True
vector_thrust,cruise_199,0.0,-2.1018717625933685,76.21026088279524,236.58204465189127,315.3180446518913,347.2035291677645,-39.080462615622295,-40.55206725999533,381.0513044139762,30.927856848891633,True
vector_thrust,cruise_199,0.0,-2.1455330495144094,76.21026088280016,236.58204465189127,315.3180446518913,347.20352916778853,-38.28518085958122,-40.55206725999814,381.05130441400075,30.958024433916407,True
vector_thrust,cruise_199,0.0,-2.184870509762828,76.21026088280998,236.58204465189127,315.3180446518913,347.20352916783554,-37.595876036514305,-40.55206726000363,381.05130441404987,30.985204488843525,True
vector_thrust,cruise_199,0.0,-2.21209287689413,76.21026088280841,236.58204465189127,315.3180446518913,347.2035291678298,-37.13321520035302,-40.55206726000296,381.0513044140421,31.004013670453173,True
vector_thrust,cruise_199,0.0,-2.2218084272375367,76.21026088281188,236.58204465189127,315.3180446518913,347.20352916784606,-36.97083863481973,-40.552067260004854,381.0513044140594,31.01072658964809,True
vector_thrust,cruise_200,0.0,-2.2218084272375367,76.20953978782434,236.58204465189127,315.3180446518913,347.2017373385021,-36.97064783769939,-36.97064783769939,381.0476989391217,31.01072658964809,True
vector_thrust,cruise_200,0.0,-2.2315238847196013,76.20953978466684,236.58204465189127,315.3180446518913,347.20173732557055,-36.80968753488997,-36.970647836322414,381.0476989233342,31.017439508843008,True
vector_thrust,cruise_200,0.0,-2.2587459916592123,76.20953978467455,236.58204465189127,315.3180446518913,347.20173732560653,-36.36606206563397,-36.97064783632625,381.04769892337276,31.036248690452663,True
vector_thrust,cruise_200,0.0,-2.298083075919745,76.20953978467345,236.58204465189127,315.3180446518913,347.20173732560346,-35.74357158098176,-36.970647836325924,381.0476989233673,31.063428745379777,True
vector_thrust,cruise_200,0.0,-2.3417439455257254,76.20953978468519,236.58204465189127,315.3180446518913,347.2017373256593,-35.077147132220894,-36.970647836331864,381.0476989234259,31.093596330404548,True
vector_thrust,cruise_200,0.0,-2.381081029786267,76.20953978468914,236.58204465189127,315.3180446518913,347.20173732567895,-34.49764871318609,-36.97064783633396,381.0476989234457,31.12077638533167,True
vector_thrust,cruise_200,0.0,-2.408303136725883,76.20953978468653,236.58204465189127,315.3180446518913,347.2017373256685,-34.107706654764456,-36.970647836332844,381.0476989234326,31.139585566941317,True
vector_thrust,cruise_200,0.0,-2.418018594207952,76.20953978468675,236.58204465189127,315.3180446518913,347.20173732567014,-33.97066388155808,-36.97064783633302,381.04769892343376,31.146298486136235,True
vector_thrust,cruise_201,0.0,-2.418018594207952,76.20880724486156,236.58204465189127,315.3180446518913,347.19991705326913,-33.97048578376864,-33.97048578376864,381.0440362243078,31.146298486136235,True
vector_thrust,cruise_201,0.0,-2.4277339573548775,76.20880724171485,236.58204465189127,315.3180446518913,347.1999170403834,-33.83454188937467,-33.970485782507886,381.04403620857425,31.153011405331153,True
vector_thrust,cruise_201,0.0,-2.4549557999732996,76.20880724171403,236.58204465189127,315.3180446518913,347.19991704038097,-33.45936667261941,-33.970485782507645,381.0440362085701,31.171820586940804,True
vector_thrust,cruise_201,0.0,-2.494292502278646,76.20880724171653,236.58204465189127,315.3180446518913,347.1999170403939,-32.93168952772931,-33.970485782508916,381.0440362085826,31.199000641867922,True
vector_thrust,cruise_201,0.0,-2.5379529479463567,76.20880724173021,236.58204465189127,315.3180446518913,347.1999170404587,-32.365165139434616,-33.97048578251525,381.0440362086511,31.229168226892693,True
vector_thrust,cruise_201,0.0,-2.5772896502517133,76.20880724173132,236.58204465189127,315.3180446518913,347.19991704046566,-31.871181521400977,-33.97048578251593,381.0440362086566,31.25634828181981,True
vector_thrust,cruise_201,0.0,-2.604511492870142,76.20880724173244,236.58204465189127,315.3180446518913,347.19991704047214,-31.53807019138287,-33.97048578251657,381.0440362086622,31.275157463429462,True
vector_thrust,cruise_201,0.0,-2.614226856017071,76.20880724172775,236.58204465189127,315.3180446518913,347.1999170404514,-31.42086391138376,-33.97048578251454,381.0440362086388,31.28187038262438,True
vector_thrust,cruise_202,0.0,-2.614226856017071,76.20806285363271,236.58204465189127,315.3180446518913,347.1980673223234,-31.42069651577471,-31.42069651577471,381.04031426816357,31.28187038262438,True
vector_thrust,cruise_202,0.0,-2.623942123303104,76.2080628504872,236.58204465189127,315.3180446518913,347.19806730944265,-31.30435992995583,-31.42069651460903,381.040314252436,31.288583301819298,True
vector_thrust,cruise_202,0.0,-2.651163697325267,76.20806285048425,236.58204465189127,315.3180446518913,347.19806730943037,-30.982933549565836,-31.42069651460792,381.0403142524213,31.30739248342895,True
vector_thrust,cruise_202,0.0,-2.690500011497778,76.2080628504923,236.58204465189127,315.3180446518913,347.19806730946937,-30.529949196146685,-31.420696514611446,381.0403142524615,31.334572538356063,True
vector_thrust,cruise_202,0.0,-2.734160026370536,76.20806285049173,236.58204465189127,315.3180446518913,347.1980673094686,-30.042436386686916,-31.420696514611382,381.04031425245864,31.364740123380837,True
vector_thrust,cruise_202,0.0,-2.7734963405430513,76.20806285049878,236.58204465189127,315.3180446518913,347.1980673095026,-29.616346509108396,-31.420696514614455,381.04031425249394,31.391920178307956,True
vector_thrust,cruise_202,0.0,-2.8007179145652192,76.2080628504948,236.58204465189127,315.3180446518913,347.1980673094868,-29.328490468849957,-31.420696514613027,381.040314252474,31.410729359917603,True
vector_thrust,cruise_202,0.0,-2.810433181851253,76.20806285049767,236.58204465189127,315.3180446518913,347.19806730950063,-29.227106053864574,-31.420696514614278,381.0403142524883,31.41744227911252,True
vector_thrust,cruise_203,0.0,-2.810433181851253,76.20730618835125,236.58204465189127,315.3180446518913,347.1961870874237,-29.226947776917722,-29.226947776917722,381.03653094175627,31.41744227911252,True
vector_thrust,cruise_203,0.0,-2.8201483516958064,76.20730618520233,236.58204465189127,315.3180446518913,347.1961870745278,-29.12626344072993,-29.226947775832148,381.0365309260116,31.424155198307442,True
vector_thrust,cruise_203,0.0,-2.8473696526930135,76.20730618519752,236.58204465189127,315.3180446518913,347.19618707450746,-28.847811788588803,-29.226947775830432,381.0365309259876,31.442964379917093,True
vector_thrust,cruise_203,0.0,-2.8867055723330286,76.20730618519984,236.58204465189127,315.3180446518913,347.19618707451997,-28.454714821174093,-29.226947775831487,381.03653092599916,31.470144434844208,True
vector_thrust,cruise_203,0.0,-2.930365149307755,76.20730618520493,236.58204465189127,315.3180446518913,347.196187074545,-28.030767378202185,-29.22694777583359,381.0365309260246,31.500312019868982,True
vector_thrust,cruise_203,0.0,-2.969701068947775,76.20730618520889,236.58204465189127,315.3180446518913,347.19618707456516,-27.659478825101125,-29.22694777583529,381.0365309260444,31.5274920747961,True
vector_thrust,cruise_203,0.0,-2.996922369944987,76.2073061852142,236.58204465189127,315.3180446518913,347.1961870745907,-27.40824542444021,-29.226947775837438,381.036530926071,31.546301256405748,True
vector_thrust,cruise_203,0.0,-3.006637539789543,76.2073061852153,236.58204465189127,315.3180446518913,347.1961870745966,-27.319682783977424,-29.226947775837935,381.0365309260765,31.553014175600666,True
vector_thrust,cruise_204,0.0,-3.006637539789543,76.2065367991519,236.58204465189127,315.3180446518913,347.19427523043595,-27.31953234748663,-27.31953234748663,381.0326839957595,31.553014175600666,True
vector_thrust,cruise_204,0.0,-3.016352610554106,76.20653679601878,236.58204465189127,315.3180446518913,347.194275217603,-27.231541576076815,-27.319532346476848,381.0326839800939,31.559727094795583,True
vector_thrust,cruise_204,0.0,-3.0435736339353507,76.2065367960211,236.58204465189127,315.3180446518913,347.1942752176149,-26.98798892412785,-27.319532346477786,381.0326839801055,31.578536276405234,True
vector_thrust,cruise_204,0.0,-3.0829091524086802,76.20653679602957,236.58204465189127,315.3180446518913,347.1942752176555,-26.643643215450698,-27.31953234648098,381.03268398014785,31.605716331332353,True
vector_thrust,cruise_204,0.0,-3.126568284121979,76.20653679602675,236.58204465189127,315.3180446518913,347.1942752176446,-26.27159366375036,-27.31953234648012,381.03268398013375,31.635883916357123,True
vector_thrust,cruise_204,0.0,-3.165903802595309,76.20653679602742,236.58204465189127,315.3180446518913,347.19427521765004,-25.94517605212368,-27.31953234648055,381.0326839801371,31.663063971284245,True
vector_thrust,cruise_204,0.0,-3.1931248259765592,76.2065367960388,236.58204465189127,315.3180446518913,347.19427521770285,-25.723996398203628,-27.319532346484706,381.03268398019407,31.681873152893893,True
vector_thrust,cruise_204,0.0,-3.2028398967411253,76.20653679603662,236.58204465189127,315.3180446518913,347.19427521769336,-25.645968631154606,-27.319532346483957,381.03268398018304,31.68858607208881,True
vector_thrust,cruise_205,0.0,-3.2028398967411253,76.2057542103031,236.58204465189127,315.3180446518913,347.19233056903863,-25.645824987085685,-25.645824987085685,381.0287710515155,31.68858607208881,True
vector_thrust,cruise_205,0.0,-3.2125548667259216,76.20575420718376,236.58204465189127,315.3180446518913,347.1923305562605,-25.568270382310367,-25.64582498614181,381.02877103591874,31.695298991283728,True
vector_thrust,cruise_205,0.0,-3.239775607728538,76.20575420719216,236.58204465189127,315.3180446518913,347.1923305562998,-25.353444619596385,-25.645824986144714,381.0287710359608,31.71410817289338,True
vector_thrust,cruise_205,0.0,-3.2791107181529267,76.20575420719378,236.58204465189127,315.3180446518913,347.19233055630906,-25.049313216460963,-25.6458249861454,381.0287710359689,31.741288227820494,True
vector_thrust,cruise_205,0.0,-3.3227693969660677,76.20575420719936,236.58204465189127,315.3180446518913,347.1923305563369,-24.72018417091263,-25.645824986147456,381.02877103599684,31.771455812845268,True
vector_thrust,cruise_205,0.0,-3.3621045073904616,76.20575420720398,236.58204465189127,315.3180446518913,347.1923305563597,-24.430969135528876,-25.64582498614914,381.0287710360199,31.798635867772386,True
vector_thrust,cruise_205,0.0,-3.3893252483930842,76.20575420720675,236.58204465189127,315.3180446518913,347.19233055637386,-24.234756310101975,-25.645824986150185,381.0287710360338,31.817445049382034,True
vector_thrust,cruise_205,0.0,-3.3990402183778845,76.20575420720755,236.58204465189127,315.3180446518913,347.1923305563779,-24.165489718648402,-25.645824986150483,381.0287710360377,31.824157968576955,True
vector_thrust,cruise_206,0.0,-3.3990402183778845,76.20495791806765,236.58204465189127,315.3180446518913,347.1903518512692,-24.165351995623578,-24.165351995623578,381.0247895903383,31.824157968576955,True
vector_thrust,cruise_206,0.0,-3.408755085818273,76.20495791496242,236.58204465189127,315.3180446518913,347.19035183855283,-24.096481340975203,-24.165351994738483,381.0247895748121,31.830870887771873,True
vector_thrust,cruise_206,0.0,-3.4359755394978353,76.20495791495867,236.58204465189127,315.3180446518913,347.190351838537,-23.905584419083247,-24.16535199473738,381.0247895747933,31.849680069381524,True
vector_thrust,cruise_206,0.0,-3.4753102347283793,76.20495791496087,236.58204465189127,315.3180446518913,347.1903518385488,-23.635013214235578,-24.165351994738202,381.0247895748044,31.87686012430864,True
vector_thrust,cruise_206,0.0,-3.518968452711119,76.20495791496579,236.58204465189127,315.3180446518913,347.1903518385734,-23.34178451020124,-24.165351994739915,381.02478957482896,31.907027709333413,True
vector_thrust,cruise_206,0.0,-3.558303147941669,76.20495791497369,236.58204465189127,315.3180446518913,347.19035183861155,-23.083756472211267,-24.16535199474257,381.02478957486846,31.93420776426053,True
vector_thrust,cruise_206,0.0,-3.585523601621238,76.20495791497584,236.58204465189127,315.3180446518913,347.1903518386226,-22.908510010713833,-24.165351994743336,381.02478957487915,31.95301694587018,True
vector_thrust,cruise_206,0.0,-3.5952384690616266,76.20495791497795,236.58204465189127,315.3180446518913,347.190351838633,-22.846607819823408,-24.16535199474406,381.0247895748898,31.959729865065096,True
vector_thrust,cruise_207,0.0,-3.5952384690616266,76.2041473884236,236.58204465189127,315.3180446518913,347.1883377498514,-22.84647528418046,-22.84647528418046,381.020736942118,31.959729865065096,True
vector_thrust,cruise_207,0.0,-3.604953232124193,76.20414738532067,236.58204465189127,315.3180446518913,347.18833773713976,-22.78490774559768,-22.846475283343977,381.0207369266034,31.966442784260014,True
vector_thrust,cruise_207,0.0,-3.6321733933435967,76.2041473853211,236.58204465189127,315.3180446518913,347.18833773714294,-22.61415354555308,-22.846475283344187,381.0207369266055,31.98525196586967,True
vector_thrust,cruise_207,0.0,-3.671507665956972,76.20414738533408,236.58204465189127,315.3180446518913,347.1883377372039,-22.3718794278344,-22.846475283348198,381.02073692667045,32.01243202079678,True
vector_thrust,cruise_207,0.0,-3.715165414870044,76.20414738533216,236.58204465189127,315.3180446518913,347.18833773719723,-22.10898241364865,-22.84647528334776,381.02073692666085,32.04259960582156,True
vector_thrust,cruise_207,0.0,-3.7544996874834227,76.20414738533742,236.58204465189127,315.3180446518913,347.1883377372232,-21.87735614814226,-22.84647528334947,381.0207369266871,32.06977966074867,True
vector_thrust,cruise_207,0.0,-3.7817198487028354,76.2041473853435,236.58204465189127,315.3180446518913,347.1883377372522,-21.719886746593556,-22.846475283351378,381.0207369267175,32.08858884235832,True
vector_thrust,cruise_207,0.0,-3.791434611765404,76.20414738533988,236.58204465189127,315.3180446518913,347.1883377372367,-21.664234051743467,-22.846475283350355,381.0207369266994,32.095301761553245,True
vector_thrust,cruise_208,0.0,-3.791434611765404,76.20332205460402,236.58204465189127,315.3180446518913,347.18628685615045,-21.664106078643464,-21.664106078643464,381.01661027302004,32.095301761553245,True
vector_thrust,cruise_208,0.0,-3.801149268543752,76.2033220515146,236.58204465189127,315.3180446518913,347.1862868434987,-21.608738782310596,-21.664106077854008,381.01661025757306,32.10201468074816,True
vector_thrust,cruise_208,0.0,-3.828369131961402,76.20332205151783,236.58204465189127,315.3180446518913,347.1862868435144,-21.455099752738466,-21.664106077854985,381.01661025758915,32.12082386235781,True
vector_thrust,cruise_208,0.0,-3.8677029742387687,76.20332205151759,236.58204465189127,315.3180446518913,347.18628684351495,-21.236905254520735,-21.66410607785502,381.01661025758796,32.148003917284925,True
vector_thrust,cruise_208,0.0,-3.911360245514907,76.20332205152646,236.58204465189127,315.3180446518913,347.1862868435575,-20.999866149054725,-21.664106077857678,381.0166102576323,32.1781715023097,True
vector_thrust,cruise_208,0.0,-3.9506940877922787,76.20332205152486,236.58204465189127,315.3180446518913,347.18628684355224,-20.790787591059946,-21.664106077857348,381.01661025762434,32.20535155723682,True
vector_thrust,cruise_208,0.0,-3.9779139512099326,76.2033220515322,236.58204465189127,315.3180446518913,347.18628684358686,-20.64852146728073,-21.664106077859508,381.016610257661,32.224160738846464,True
vector_thrust,cruise_208,0.0,-3.987628607988285,76.20332205153677,236.58204465189127,315.3180446518913,347.18628684360846,-20.598217560184636,-21.664106077860858,381.01661025768385,32.23087365804138,True
vector_thrust,cruise_209,0.0,-3.987628607988285,76.20248131430294,236.58204465189127,315.3180446518913,347.1841976732212,-20.5980936117806,-20.5980936117806,381.0124065715147,32.23087365804138,True
vector_thrust,cruise_209,0.0,-3.9973431564984616,76.2024813112119,236.58204465189127,315.3180446518913,347.1841976605585,-20.54803506669941,-20.598093611029334,381.0124065560595,32.2375865772363,True
vector_thrust,cruise_209,0.0,-4.024562716555425,76.2024813112155,236.58204465189127,315.3180446518913,347.1841976605761,-20.409061341120307,-20.59809361103038,381.01240655607745,32.256395758845954,True
vector_thrust,cruise_209,0.0,-4.063896120463911,76.2024813112233,236.58204465189127,315.3180446518913,347.1841976606135,-20.211527292680397,-20.5980936110326,381.0124065561165,32.28357581377307,True
vector_thrust,cruise_209,0.0,-4.107552905187288,76.20248131121605,236.58204465189127,315.3180446518913,347.18419766058355,-19.996710754385788,-20.598093611030823,381.01240655608024,32.31374339879784,True
vector_thrust,cruise_209,0.0,-4.146886309095772,76.20248131122896,236.58204465189127,315.3180446518913,347.18419766064375,-19.8070410498646,-20.598093611034393,381.01240655614487,32.34092345372496,True
vector_thrust,cruise_209,0.0,-4.174105869152745,76.20248131123154,236.58204465189127,315.3180446518913,347.1841976606568,-19.677878311710558,-20.598093611035168,381.01240655615766,32.35973263533461,True
vector_thrust,cruise_209,0.0,-4.183820417662924,76.20248131124164,236.58204465189127,315.3180446518913,347.1841976607034,-19.632187606961747,-20.598093611037932,381.01240655620825,32.36644555452953,True
vector_thrust,cruise_210,0.0,-4.183820417662924,76.20162452654945,236.58204465189127,315.3180446518913,347.18206860793276,-19.632067215642962,-19.632067215642962,381.00812263274725,32.36644555452953,True
vector_thrust,cruise_210,0.0,-4.193534855838431,76.20162452348588,236.58204465189127,315.3180446518913,347.182068595384,-19.586588994345465,-19.632067214933368,381.0081226174294,32.373158473724445,True
vector_thrust,cruise_210,0.0,-4.220754106744534,76.20162452349093,236.58204465189127,315.3180446518913,347.1820685954084,-19.460276902538432,-19.63206721493475,381.00812261745466,32.3919676553341,True
vector_thrust,cruise_210,0.0,-4.260087063917072,76.20162452349108,236.58204465189127,315.3180446518913,347.18206859541095,-19.280602115030955,-19.632067214934892,381.0081226174554,32.419147710261214,True
vector_thrust,cruise_210,0.0,-4.3037433528009625,76.2016245234976,236.58204465189127,315.3180446518913,347.18206859544256,-19.085023646060712,-19.63206721493668,381.00812261748797,32.449315295285984,True
vector_thrust,cruise_210,0.0,-4.343076309973505,76.20162452350324,236.58204465189127,315.3180446518913,347.1820685954705,-18.91218062785792,-19.632067214938264,381.0081226175162,32.476495350213106,True
vector_thrust,cruise_210,0.0,-4.370295560879614,76.20162452350921,236.58204465189127,315.3180446518913,347.18206859549923,-18.794391022437978,-19.632067214939884,381.008122617546,32.495304531822754,True
vector_thrust,cruise_210,0.0,-4.380009999055127,76.20162452350658,236.58204465189127,315.3180446518913,347.1820685954877,-18.752706882521405,-19.632067214939234,381.00812261753293,32.50201745101767,True
vector_thrust,cruise_211,0.0,-4.380009999055127,76.20075100841775,236.58204465189127,315.3180446518913,347.179897963039,-18.752589637888857,-18.752589637888857,381.00375504208876,32.50201745101767,True
vector_thrust,cruise_211,0.0,-4.389724324741528,76.20075100535004,236.58204465189127,315.3180446518913,347.17989795047305,-18.711090729824853,-18.752589637210118,381.00375502675024,32.50873037021259,True
vector_thrust,cruise_211,0.0,-4.416943260460152,76.20075100535396,236.58204465189127,315.3180446518913,347.17989795049203,-18.595785654399705,-18.75258963721114,381.0037550267698,32.527539551822244,True
vector_thrust,cruise_211,0.0,-4.456275762173589,76.20075100535578,236.58204465189127,315.3180446518913,347.1798979505023,-18.431653358701023,-18.7525896372117,381.0037550267789,32.55471960674936,True
vector_thrust,cruise_211,0.0,-4.499931545536012,76.20075100535551,236.58204465189127,315.3180446518913,347.1798979505034,-18.25283991278612,-18.752589637211756,381.0037550267776,32.58488719177413,True
vector_thrust,cruise_211,0.0,-4.539264047249453,76.20075100536803,236.58204465189127,315.3180446518913,347.1798979505621,-18.094679944637544,-18.75258963721493,381.00375502684017,32.61206724670125,True
vector_thrust,cruise_211,0.0,-4.5664829829680835,76.20075100536688,236.58204465189127,315.3180446518913,347.17989795055837,-17.986824964754746,-18.752589637214726,381.0037550268344,32.6308764283109,True
vector_thrust,cruise_211,0.0,-4.5761973086544865,76.20075100537177,236.58204465189127,315.3180446518913,347.1798979505813,-17.9486426347586,-18.752589637215962,381.00375502685887,32.637589347505816,True
vector_thrust,cruise_212,0.0,-4.5761973086544865,76.19986003101609,236.58204465189127,315.3180446518913,347.1776839268679,-17.948528173291646,-17.948528173291646,380.9993001550804,32.637589347505816,True
vector_thrust,cruise_212,0.0,-4.585911519603481,76.19986002795461,236.58204465189127,315.3180446518913,347.1776839143262,-17.910508296300744,-17.94852817264326,380.999300139773,32.644302266700734,True
vector_thrust,cruise_212,0.0,-4.6131301338350355,76.19986002796186,236.58204465189127,315.3180446518913,347.1776839143606,-17.80483184628596,-17.948528172645037,380.9993001398093,32.66311144831039,True
vector_thrust,cruise_212,0.0,-4.652462170986201,76.19986002796432,236.58204465189127,315.3180446518913,347.17768391437346,-17.654309331129884,-17.9485281726457,380.99930013982157,32.6902915032375,True
vector_thrust,cruise_212,0.0,-4.696117438723402,76.19986002796452,236.58204465189127,315.3180446518913,347.17768391437676,-17.49019426999237,-17.948528172645872,380.9993001398226,32.720459088262274,True
vector_thrust,cruise_212,0.0,-4.735449475874569,76.19986002797287,236.58204465189127,315.3180446518913,347.17768391441643,-17.34492295534656,-17.948528172647922,380.9993001398644,32.747639143189396,True
vector_thrust,cruise_212,0.0,-4.76266809010613,76.19986002796854,236.58204465189127,315.3180446518913,347.1776839143993,-17.24579684412699,-17.948528172647038,380.99930013984266,32.76644832479904,True
vector_thrust,cruise_212,0.0,-4.772382301055126,76.1998600279792,236.58204465189127,315.3180446518913,347.17768391444713,-17.21069292789651,-17.94852817264951,380.999300139896,32.77316124399396,True
vector_thrust,cruise_213,0.0,-4.772382301055126,76.19895081538776,236.58204465189127,315.3180446518913,347.17542456341477,-17.210580924738945,-17.210580924738945,380.99475407693876,32.77316124399396,True
vector_thrust,cruise_213,0.0,-4.782096394918106,76.19895081233348,236.58204465189127,315.3180446518913,347.1754245508972,-17.175620274075687,-17.21058092411841,380.99475406166744,32.77987416318888,True
vector_thrust,cruise_213,0.0,-4.809314681081938,76.19895081234044,236.58204465189127,315.3180446518913,347.17542455092985,-17.078414959253532,-17.210580924120027,380.99475406170217,32.79868334479853,True
vector_thrust,cruise_213,0.0,-4.848646244161508,76.19895081234647,236.58204465189127,315.3180446518913,347.17542455095924,-16.9398771651072,-17.210580924121487,380.9947540617323,32.82586339972565,True
vector_thrust,cruise_213,0.0,-4.892300985718937,76.19895081233994,236.58204465189127,315.3180446518913,347.1754245509332,-16.788720079346906,-17.210580924120194,380.9947540616997,32.85603098475042,True
vector_thrust,cruise_213,0.0,-4.9316325487985075,76.19895081234993,236.58204465189127,315.3180446518913,347.17542455097947,-16.654823931107718,-17.21058092412249,380.9947540617497,32.88321103967754,True
vector_thrust,cruise_213,0.0,-4.958850834962348,76.19895081235752,236.58204465189127,315.3180446518913,347.1754245510158,-16.56340844416454,-17.21058092412429,380.9947540617876,32.90202022128719,True
vector_thrust,cruise_213,0.0,-4.968564928825331,76.19895081235966,236.58204465189127,315.3180446518913,347.1754245510256,-16.531025149064227,-17.210580924124777,380.9947540617983,32.908733140482106,True
vector_thrust,cruise_214,0.0,-4.968564928825331,76.19802252769658,236.58204465189127,315.3180446518913,347.1731178002866,-16.530915311351695,-16.530915311351695,380.9901126384829,32.908733140482106,True
vector_thrust,cruise_214,0.0,-4.978278903146311,76.19802252463174,236.58204465189127,315.3180446518913,347.1731177877299,-16.49865900491897,-16.530915310753798,380.9901126231587,32.91544605967702,True
vector_thrust,cruise_214,0.0,-5.005496854360901,76.19802252463339,236.58204465189127,315.3180446518913,347.1731177877387,-16.408945693939916,-16.530915310754217,380.9901126231669,32.93425524128667,True
vector_thrust,cruise_214,0.0,-5.0448279334247905,76.19802252463627,236.58204465189127,315.3180446518913,347.17311778775365,-16.281016347497022,-16.53091531075493,380.99011262318135,32.96143529621379,True
vector_thrust,cruise_214,0.0,-5.088482137765347,76.19802252464386,236.58204465189127,315.3180446518913,347.17311778779055,-16.141341136843938,-16.530915310756686,380.9901126232193,32.99160288123856,True
vector_thrust,cruise_214,0.0,-5.127813216829242,76.19802252464497,236.58204465189127,315.3180446518913,347.17311778779754,-16.017534684150753,-16.53091531075702,380.99011262322483,33.01878293616568,True
vector_thrust,cruise_214,0.0,-5.155031168043838,76.1980225246454,236.58204465189127,315.3180446518913,347.1731177878013,-15.932964006806841,-16.530915310757198,380.99011262322693,33.03759211777533,True
vector_thrust,cruise_214,0.0,-5.16474514236482,76.1980225246513,236.58204465189127,315.3180446518913,347.1731177878282,-15.902996912798015,-16.53091531075848,380.9901126232565,33.04430503697025,True
vector_thrust,cruise_215,0.0,-5.16474514236482,76.19707427372329,236.58204465189127,315.3180446518913,347.17076141481783,-15.902888974162249,-15.902888974162249,380.9853713686165,33.04430503697025,True
vector_thrust,cruise_215,0.0,-5.174458994572671,76.19707427070466,236.58204465189127,315.3180446518913,347.1707614024503,-15.873034970823765,-15.902888973595728,380.9853713535233,33.05101795616517,True
vector_thrust,cruise_215,0.0,-5.201676603633885,76.19707427071208,236.58204465189127,315.3180446518913,347.17076140248565,-15.789979815080194,-15.902888973597348,380.9853713535604,33.069827137774816,True
vector_thrust,cruise_215,0.0,-5.24100718827182,76.19707427071855,236.58204465189127,315.3180446518913,347.1707614025166,-15.671485580054014,-15.902888973598763,380.9853713535927,33.09700719270193,True
vector_thrust,cruise_215,0.0,-5.2846608438409675,76.19707427071984,236.58204465189127,315.3180446518913,347.1707614025246,-15.542032119561096,-15.902888973599131,380.9853713535992,33.12717477772671,True
vector_thrust,cruise_215,0.0,-5.323991428478907,76.19707427072315,236.58204465189127,315.3180446518913,347.17076140254164,-15.427216530931462,-15.90288897359991,380.9853713536158,33.15435483265382,True
vector_thrust,cruise_215,0.0,-5.3512090375401264,76.19707427072807,236.58204465189127,315.3180446518913,347.1707614025657,-15.348749787156299,-15.902888973601012,380.98537135364035,33.17316401426347,True
vector_thrust,cruise_215,0.0,-5.3609228897479815,76.19707427072375,236.58204465189127,315.3180446518913,347.17076140254693,-15.320938253568055,-15.902888973600154,380.98537135361875,33.17987693345839,True
vector_thrust,cruise_216,0.0,-5.3609228897479815,76.19610509317988,236.58204465189127,315.3180446518913,347.1683530204953,-15.320831969638629,-15.320831969638629,380.9805254658994,33.17987693345839,True
vector_thrust,cruise_216,0.0,-5.370636617147907,76.196105090157,236.58204465189127,315.3180446518913,347.16835300810914,-15.293121588387303,-15.320831969092016,380.98052545078497,33.18658985265331,True
vector_thrust,cruise_216,0.0,-5.397853876505078,76.19610509015698,236.58204465189127,315.3180446518913,347.1683530081102,-15.216010042544363,-15.320831969092064,380.9805254507849,33.20539903426296,True
vector_thrust,cruise_216,0.0,-5.437183955806031,76.19610509016279,236.58204465189127,315.3180446518913,347.1683530081385,-15.105944448576066,-15.320831969093312,380.98052545081396,33.232579089190075,True
vector_thrust,cruise_216,0.0,-5.48083705049344,76.1961050901635,236.58204465189127,315.3180446518913,347.1683530081441,-14.985630486077266,-15.32083196909356,380.98052545081754,33.26274667421485,True
vector_thrust,cruise_216,0.0,-5.520167129794397,76.19610509017375,236.58204465189127,315.3180446518913,347.1683530081926,-14.87886088625851,-15.320831969095698,380.98052545086875,33.28992672914197,True
vector_thrust,cruise_216,0.0,-5.547384389151576,76.19610509017495,236.58204465189127,315.3180446518913,347.1683530081998,-14.805860389579227,-15.320831969096018,380.9805254508748,33.308735910751615,True
vector_thrust,cruise_216,0.0,-5.557098116551504,76.1961050901806,236.58204465189127,315.3180446518913,347.1683530082255,-14.779979959051767,-15.320831969097151,380.98052545090303,33.31544882994653,True
vector_thrust,cruise_217,0.0,-5.557098116551504,76.1951139524684,236.58204465189127,315.3180446518913,347.16589004826295,-14.779875103587349,-14.779875103587349,380.975569762342,33.31544882994653,True
vector_thrust,cruise_217,0.0,-5.566811716315612,76.19511394944503,236.58204465189127,315.3180446518913,347.165890035874,-14.754085513141892,-14.779875103059913,380.97556974722517,33.32216174914145,True
vector_thrust,cruise_217,0.0,-5.594028618045166,76.1951139494465,236.58204465189127,315.3180446518913,347.1658900358818,-14.682301737452324,-14.779875103060245,380.97556974723244,33.340970930751105,True
vector_thrust,cruise_217,0.0,-5.633358180559239,76.19511394945397,236.58204465189127,315.3180446518913,347.1658900359178,-14.57979653797506,-14.779875103061778,380.97556974726984,33.36815098567822,True
vector_thrust,cruise_217,0.0,-5.6770107016564895,76.19511394945995,236.58204465189127,315.3180446518913,347.1658900359471,-14.467687382398704,-14.779875103063025,380.97556974729974,33.39831857070299,True
vector_thrust,cruise_217,0.0,-5.716340264170571,76.1951139494661,236.58204465189127,315.3180446518913,347.1658900359773,-14.368146804155039,-14.779875103064313,380.9755697473305,33.42549862563011,True
vector_thrust,cruise_217,0.0,-5.743557165900134,76.19511394946014,236.58204465189127,315.3180446518913,347.165890035952,-14.300060698573581,-14.779875103063233,380.9755697473007,33.44430780723976,True
vector_thrust,cruise_217,0.0,-5.753270765664243,76.19511394946458,236.58204465189127,315.3180446518913,347.1658900359728,-14.275917029366758,-14.77987510306412,380.97556974732294,33.45102072643468,True
vector_thrust,cruise_218,0.0,-5.753270765664243,76.19409973720464,236.58204465189127,315.3180446518913,347.16336972836723,-14.275813391010288,-14.275813391010288,380.9704986860232,33.45102072643468,True
vector_thrust,cruise_218,0.0,-5.762984234821137,76.19409973419779,236.58204465189127,315.3180446518913,347.16336971604557,-14.2517516080298,-14.275813390503606,380.97049867098895,33.457733645629595,True
vector_thrust,cruise_218,0.0,-5.790200770597422,76.19409973421082,236.58204465189127,315.3180446518913,347.1633697161054,-14.184761995256755,-14.275813390506068,380.9704986710541,33.47654282723925,True
vector_thrust,cruise_218,0.0,-5.829529804293698,76.19409973420923,236.58204465189127,315.3180446518913,347.16336971610014,-14.089064228676083,-14.27581339050585,380.97049867104613,33.503722882166365,True
vector_thrust,cruise_218,0.0,-5.873181738447471,76.19409973420925,236.58204465189127,315.3180446518913,347.1633697161035,-13.984348432130647,-14.275813390505988,380.97049867104624,33.533890467191135,True
vector_thrust,cruise_218,0.0,-5.912510772143749,76.19409973422154,236.58204465189127,315.3180446518913,347.16336971616005,-13.891326883098445,-14.275813390508313,380.9704986711077,33.56107052211826,True
vector_thrust,cruise_218,0.0,-5.939727307920041,76.19409973422573,236.58204465189127,315.3180446518913,347.1633697161808,-13.827675173939175,-14.275813390509166,380.97049867112867,33.579879703727904,True
vector_thrust,cruise_218,0.0,-5.9494407770769415,76.19409973422876,236.58204465189127,315.3180446518913,347.1633697161955,-13.805099153546179,-14.275813390509771,380.9704986711438,33.58659262292282,True
vector_thrust,cruise_219,0.0,-5.9494407770769415,76.19306124343046,236.58204465189127,315.3180446518913,347.1607890685047,-13.8049965329924,-13.8049965329924,380.9653062171523,33.58659262292282,True
vector_thrust,cruise_219,0.0,-5.959154112500194,76.19306124043416,236.58204465189127,315.3180446518913,347.16078905622993,-13.78249458687483,-13.804996532504289,380.96530620217084,33.59330554211774,True
vector_thrust,cruise_219,0.0,-5.986370273563135,76.19306124043504,236.58204465189127,315.3180446518913,347.1607890562353,-13.719834481438188,-13.804996532504502,380.9653062021752,33.612114723727395,True
vector_thrust,cruise_219,0.0,-6.025698765782941,76.19306124043587,236.58204465189127,315.3180446518913,347.1607890562411,-13.630287953370287,-13.804996532504731,380.96530620217936,33.63929477865451,True
vector_thrust,cruise_219,0.0,-6.069350098943173,76.19306124043906,236.58204465189127,315.3180446518913,347.16078905625847,-13.532257648507505,-13.804996532505424,380.96530620219534,33.66946236367928,True
vector_thrust,cruise_219,0.0,-6.108678591162985,76.19306124045256,236.58204465189127,315.3180446518913,347.16078905632105,-13.445135158481445,-13.804996532507912,380.9653062022628,33.6966424186064,True
vector_thrust,cruise_219,0.0,-6.135894752225934,76.19306124045191,236.58204465189127,315.3180446518913,347.1607890563196,-13.385498385237582,-13.804996532507854,380.9653062022595,33.71545160021605,True
vector_thrust,cruise_219,0.0,-6.145608087649188,76.19306124045184,236.58204465189127,315.3180446518913,347.16078905631997,-13.36434216541868,-13.80499653250787,380.9653062022592,33.72216451941097,True
vector_thrust,cruise_220,0.0,-6.145608087649188,76.19199716743125,236.58204465189127,315.3180446518913,347.1581448282537,-13.364240372907096,-13.364240372907096,380.9599858371563,33.72216451941097,True
vector_thrust,cruise_220,0.0,-6.155321286044489,76.19199716447976,236.58204465189127,315.3180446518913,347.1581448161604,-13.343151380964482,-13.364240372441552,380.95998582239883,33.728877438605885,True
vector_thrust,cruise_220,0.0,-6.1825370631636405,76.19199716447888,236.58204465189127,315.3180446518913,347.15814481615786,-13.284414291264577,-13.364240372441454,380.9599858223944,33.74768662021554,True
vector_thrust,cruise_220,0.0,-6.221865000568593,76.19199716447571,236.58204465189127,315.3180446518913,347.15814481614615,-13.200444514732405,-13.364240372441003,380.9599858223785,33.774866675142654,True
vector_thrust,cruise_220,0.0,-6.265515717930796,76.19199716448324,236.58204465189127,315.3180446518913,347.15814481618287,-13.108479399887935,-13.364240372442417,380.95998582241623,33.805034260167425,True
vector_thrust,cruise_220,0.0,-6.304843655335755,76.19199716449785,236.58204465189127,315.3180446518913,347.1581448162497,-13.026712192724776,-13.364240372444991,380.9599858224893,33.83221431509455,True
vector_thrust,cruise_220,0.0,-6.3320594324549155,76.19199716449546,236.58204465189127,315.3180446518913,347.1581448162409,-12.970722178825415,-13.364240372444652,380.95998582247734,33.851023496704194,True
vector_thrust,cruise_220,0.0,-6.341772630850217,76.19199716449103,236.58204465189127,315.3180446518913,347.15814481622186,-12.950855935553793,-13.364240372443918,380.9599858224551,33.85773641589911,True
vector_thrust,cruise_221,0.0,-6.341772630850217,76.19090609453157,236.58204465189127,315.3180446518913,347.1554334916659,-12.950754788643538,-12.950754788643538,380.95453047265784,33.85773641589911,True
vector_thrust,cruise_221,0.0,-6.351485688741072,76.19090609156228,236.58204465189127,315.3180446518913,347.15543347949745,-12.930949747738827,-12.950754788189588,380.9545304578114,33.86444933509403,True
vector_thrust,cruise_221,0.0,-6.37870107217552,76.19090609156623,236.58204465189127,315.3180446518913,347.1554334795165,-12.875778522191528,-12.950754788190299,380.95453045783114,33.88325851670368,True
vector_thrust,cruise_221,0.0,-6.418028440689593,76.19090609156686,236.58204465189127,315.3180446518913,347.15543347952126,-12.796880385243998,-12.950754788190476,380.95453045783427,33.9104385716308,True
vector_thrust,cruise_221,0.0,-6.461678526630558,76.19090609157243,236.58204465189127,315.3180446518913,347.15543347954963,-12.710434591587854,-12.950754788191535,380.9545304578621,33.94060615665557,True
vector_thrust,cruise_221,0.0,-6.501005895144637,76.19090609158324,236.58204465189127,315.3180446518913,347.1554334796,-12.633543729895374,-12.950754788193414,380.9545304579162,33.96778621158269,True
vector_thrust,cruise_221,0.0,-6.528221278579093,76.19090609158677,236.58204465189127,315.3180446518913,347.1554334796175,-12.580875978287578,-12.950754788194066,380.95453045793386,33.98659539319234,True
vector_thrust,cruise_221,0.0,-6.537934336469951,76.19090609157942,236.58204465189127,315.3180446518913,347.15543347958567,-12.562185246565068,-12.95075478819288,380.95453045789714,33.993308312387256,True
vector_thrust,cruise_222,0.0,-6.537934336469951,76.1897864855321,236.58204465189127,315.3180446518913,347.15265123296865,-12.56208456803887,-12.56208456803887,380.94893242766045,33.993308312387256,True
vector_thrust,cruise_222,0.0,-6.547647250181677,76.18978648258238,236.58204465189127,315.3180446518913,347.15265122088056,-12.543449714686744,-12.562084567601449,380.9489324129119,34.000021231582174,True
vector_thrust,cruise_222,0.0,-6.574862229635176,76.18978648258702,236.58204465189127,315.3180446518913,347.1526512209029,-12.491529276762243,-12.562084567602257,380.9489324129351,34.01883041319182,True
vector_thrust,cruise_222,0.0,-6.614189014379867,76.18978648258894,236.58204465189127,315.3180446518913,347.1526512209134,-12.417256878146373,-12.56208456760264,380.9489324129447,34.046010468118936,True
vector_thrust,cruise_222,0.0,-6.6578384523856995,76.18978648259407,236.58204465189127,315.3180446518913,347.1526512209391,-12.335848131422448,-12.562084567603568,380.9489324129704,34.076178053143714,True
vector_thrust,cruise_222,0.0,-6.697165237130396,76.18978648260132,236.58204465189127,315.3180446518913,347.152651220974,-12.263410133116864,-12.562084567604831,380.9489324130066,34.10335810807083,True
vector_thrust,cruise_222,0.0,-6.724380216583902,76.18978648259662,236.58204465189127,315.3180446518913,347.15265122095497,-12.213777535902315,-12.562084567604142,380.948932412983,34.122167289680476,True
vector_thrust,cruise_222,0.0,-6.734093130295629,76.18978648259709,236.58204465189127,315.3180446518913,347.15265122095826,-12.196161003875758,-12.562084567604261,380.94893241298547,34.1288802088754,True
vector_thrust,cruise_223,0.0,-6.734093130295629,76.18863666179844,236.58204465189127,315.3180446518913,347.1497938800209,-12.196060619822829,-12.196060619822829,380.9431833089922,34.1288802088754,True
vector_thrust,cruise_223,0.0,-6.74380589593737,76.18863665886705,236.58204465189127,315.3180446518913,347.1497938680053,-12.17849524454018,-12.196060619400697,380.94318329433526,34.13559312807032,True
vector_thrust,cruise_223,0.0,-6.771020460507995,76.1886366588748,236.58204465189127,315.3180446518913,347.149793868042,-12.12954657467129,-12.196060619401987,380.943183294374,34.154402309679966,True
vector_thrust,cruise_223,0.0,-6.810346645729562,76.18863665887305,236.58204465189127,315.3180446518913,347.1497938680358,-12.059504795586557,-12.196060619401766,380.9431832943652,34.18158236460708,True
vector_thrust,cruise_223,0.0,-6.853995418314928,76.1886366588775,236.58204465189127,315.3180446518913,347.14979386805874,-11.982705417970596,-12.196060619402575,380.9431832943875,34.21174994963186,True
vector_thrust,cruise_223,0.0,-6.893321603536499,76.1886366588865,236.58204465189127,315.3180446518913,347.1497938681016,-11.914344456475524,-12.19606061940408,380.94318329443246,34.23893000455897,True
vector_thrust,cruise_223,0.0,-6.920536168107131,76.18863665888419,236.58204465189127,315.3180446518913,347.1497938680936,-11.867492061133143,-12.196060619403799,380.943183294421,34.25773918616862,True
vector_thrust,cruise_223,0.0,-6.930248933748874,76.18863665888564,236.58204465189127,315.3180446518913,347.1497938681008,-11.850859733745594,-12.196060619404053,380.94318329442825,34.26445210536354,True
vector_thrust,cruise_224,0.0,-6.930248933748874,76.18745478746688,236.58204465189127,315.3180446518913,347.14685686986564,-11.85075947168369,-11.85075947168369,380.9372739373344,34.26445210536354,True
vector_thrust,cruise_224,0.0,-6.939961547193367,76.18745478453715,236.58204465189127,315.3180446518913,347.1468568578572,-11.834174099008294,-11.850759471273749,380.9372739226858,34.27116502455846,True
vector_thrust,cruise_224,0.0,-6.967175685316784,76.18745478453849,236.58204465189127,315.3180446518913,347.1468568578647,-11.787949220657095,-11.850759471274007,380.9372739226925,34.28997420616811,True
vector_thrust,cruise_224,0.0,-7.006501254304277,76.18745478454461,236.58204465189127,315.3180446518913,347.1468568578943,-11.721786696243612,-11.850759471275017,380.937273922723,34.317154261095226,True
vector_thrust,cruise_224,0.0,-7.050149342921428,76.18745478454879,236.58204465189127,315.3180446518913,347.1468568579156,-11.649216093894934,-11.850759471275744,380.937273922744,34.347321846119996,True
vector_thrust,cruise_224,0.0,-7.089474911908925,76.18745478454385,236.58204465189127,315.3180446518913,347.14685685789647,-11.58459747871573,-11.85075947127509,380.93727392271927,34.37450190104712,True
vector_thrust,cruise_224,0.0,-7.116689050032345,76.18745478455665,236.58204465189127,315.3180446518913,347.14685685795473,-11.540298109492234,-11.85075947127708,380.9372739227833,34.393311082656766,True
vector_thrust,cruise_224,0.0,-7.126401663476843,76.18745478455945,236.58204465189127,315.3180446518913,347.1468568579678,-11.524569771424634,-11.850759471277525,380.93727392279726,34.40002400185168,True
vector_thrust,cruise_225,0.0,-7.126401663476843,76.18623884882099,236.58204465189127,315.3180446518913,347.1438351973929,-11.524469458437684,-11.524469458437684,380.931194244105,34.40002400185168,True
vector_thrust,cruise_225,0.0,-7.136114120337522,76.18623884589944,236.58204465189127,315.3180446518913,347.14383518542036,-11.508784323166267,-11.52446945804022,380.9311942294972,34.4067369210466,True
vector_thrust,cruise_225,0.0,-7.163327819722829,76.18623884589387,236.58204465189127,315.3180446518913,347.143835185397,-11.465062102887,-11.524469458039446,380.9311942294693,34.42554610265625,True
vector_thrust,cruise_225,0.0,-7.202652754715387,76.18623884589647,236.58204465189127,315.3180446518913,347.14383518541075,-11.40246532955467,-11.524469458039903,380.93119422948234,34.45272615758337,True
vector_thrust,cruise_225,0.0,-7.246300139651245,76.18623884591094,236.58204465189127,315.3180446518913,347.1438351854778,-11.33378368735803,-11.524469458042129,380.93119422955465,34.48289374260814,True
vector_thrust,cruise_225,0.0,-7.285625074643814,76.18623884591615,236.58204465189127,315.3180446518913,347.1438351855037,-11.272608386384851,-11.524469458042988,380.93119422958074,34.51007379753526,True
vector_thrust,cruise_225,0.0,-7.312838774029128,76.18623884590696,236.58204465189127,315.3180446518913,347.1438351854654,-11.230658962173015,-11.524469458041716,380.9311942295348,34.52888297914491,True
vector_thrust,cruise_225,0.0,-7.322551230889807,76.18623884591649,236.58204465189127,315.3180446518913,347.14383518550784,-11.215762884667006,-11.524469458043125,380.93119422958245,34.53559589833983,True
vector_thrust,cruise_226,0.0,-7.322551230889807,76.18498663029253,236.58204465189127,315.3180446518913,347.1407233558372,-11.215662345523903,-11.215662345523903,380.9249331514626,34.53559589833983,True
vector_thrust,cruise_226,0.0,-7.332263526494792,76.1849866273817,236.58204465189127,315.3180446518913,347.1407233439059,-11.200806110401617,-11.215662345138417,380.9249331369085,34.542308817534746,True
vector_thrust,cruise_226,0.0,-7.359476774051696,76.1849866273916,236.58204465189127,315.3180446518913,347.14072334395195,-11.159388721792816,-11.215662345139906,380.924933136958,34.56111799914439,True
vector_thrust,cruise_226,0.0,-7.398801056133296,76.18498662739108,236.58204465189127,315.3180446518913,347.1407233439519,-11.100077091891611,-11.215662345139904,380.9249331369554,34.588298054071515,True
vector_thrust,cruise_226,0.0,-7.44244771639266,76.18498662739923,236.58204465189127,315.3180446518913,347.14072334399054,-11.03498005498448,-11.215662345141153,380.9249331369961,34.618465639096286,True
vector_thrust,cruise_226,0.0,-7.481771998474264,76.18498662739582,236.58204465189127,315.3180446518913,347.1407233439783,-10.976980069347594,-11.215662345140759,380.92493313697906,34.64564569402341,True
vector_thrust,cruise_226,0.0,-7.5089852460311715,76.18498662739746,236.58204465189127,315.3180446518913,347.14072334398764,-10.93719849217509,-11.215662345141059,380.9249331369873,34.664454875633055,True
vector_thrust,cruise_226,0.0,-7.51869754163616,76.18498662740245,236.58204465189127,315.3180446518913,347.1407233440102,-10.923070339758683,-11.215662345141789,380.92493313701226,34.67116779482797,True
vector_thrust,cruise_227,0.0,-7.51869754163616,76.18369568608256,236.58204465189127,315.3180446518913,347.13751526617574,-10.922969394932895,-10.922969394932895,380.9184784304128,34.67116779482797,True
vector_thrust,cruise_227,0.0,-7.528409670998633,76.18369568319507,236.58204465189127,315.3180446518913,347.1375152543401,-10.908878066322726,-10.922969394560477,380.91847841597536,34.67788071402289,True
vector_thrust,cruise_227,0.0,-7.555622452754356,76.18369568320009,236.58204465189127,315.3180446518913,347.13751525436385,-10.869587998579226,-10.922969394561225,380.9184784160004,34.69668989563254,True
vector_thrust,cruise_227,0.0,-7.594946061733754,76.18369568320567,236.58204465189127,315.3180446518913,347.13751525439113,-10.813309596502036,-10.922969394562083,380.9184784160284,34.72386995055966,True
vector_thrust,cruise_227,0.0,-7.638591974906035,76.18369568320557,236.58204465189127,315.3180446518913,347.1375152543931,-10.751523763025931,-10.922969394562145,380.9184784160279,34.75403753558443,True
vector_thrust,cruise_227,0.0,-7.677915583885435,76.18369568321194,236.58204465189127,315.3180446518913,347.13751525442495,-10.696458203661125,-10.922969394563147,380.91847841605966,34.78121759051155,True
vector_thrust,cruise_227,0.0,-7.705128365641166,76.18369568321128,236.58204465189127,315.3180446518913,347.137515254424,-10.658680717181632,-10.922969394563117,380.91847841605636,34.8000267721212,True
vector_thrust,cruise_227,0.0,-7.71484049500364,76.18369568321518,236.58204465189127,315.3180446518913,347.13751525444127,-10.645262619163725,-10.92296939456366,380.9184784160759,34.80673969131612,True
vector_thrust,cruise_228,0.0,-7.71484049500364,76.18236330662151,236.58204465189127,315.3180446518913,347.13420419379196,-10.645161082716031,-10.645161082716031,380.9118165331076,34.80673969131612,True
vector_thrust,cruise_228,0.0,-7.724552452787852,76.1823633037486,236.58204465189127,315.3180446518913,347.1342041820152,-10.631777089473767,-10.645161082354887,380.911816518743,34.813452610511035,True
vector_thrust,cruise_228,0.0,-7.751764753791983,76.18236330375618,236.58204465189127,315.3180446518913,347.1342041820509,-10.594454605168805,-10.645161082355983,380.9118165187809,34.83226179212068,True
vector_thrust,cruise_228,0.0,-7.791087668065193,76.18236330375193,236.58204465189127,315.3180446518913,347.13420418203395,-10.540982632067784,-10.645161082355463,380.9118165187597,34.859441847047805,True
vector_thrust,cruise_228,0.0,-7.834732810171779,76.18236330375987,236.58204465189127,315.3180446518913,347.1342041820722,-10.482261716363638,-10.645161082356637,380.9118165187994,34.889609432072575,True
vector_thrust,cruise_228,0.0,-7.874055724444995,76.18236330376841,236.58204465189127,315.3180446518913,347.13420418211234,-10.4299134611217,-10.645161082357866,380.91181651884204,34.9167894869997,True
vector_thrust,cruise_228,0.0,-7.901268025449133,76.18236330377225,236.58204465189127,315.3180446518913,347.1342041821317,-10.393992398371722,-10.645161082358461,380.91181651886126,34.935598668609344,True
vector_thrust,cruise_228,0.0,-7.910979983233349,76.18236330375674,236.58204465189127,315.3180446518913,347.1342041820651,-10.381232156832473,-10.645161082356418,380.9118165187837,34.94231158780426,True
vector_thrust,cruise_229,0.0,-7.910979983233349,76.18098647860484,236.58204465189127,315.3180446518913,347.1307826491303,-10.381129834078621,-10.381129834078621,380.9049323930242,34.94231158780426,True
vector_thrust,cruise_229,0.0,-7.920691763715529,76.18098647571315,236.58204465189127,315.3180446518913,347.1307826372716,-10.36840124168812,-10.381129833723978,380.9049323785658,34.94902450699918,True
vector_thrust,cruise_229,0.0,-7.947903567930401,76.18098647571814,236.58204465189127,315.3180446518913,347.1307826372953,-10.332902206981295,-10.381129833724687,380.90493237859073,34.96783368860883,True
vector_thrust,cruise_229,0.0,-7.987225764322337,76.18098647572513,236.58204465189127,315.3180446518913,347.13078263732854,-10.2820319271291,-10.381129833725682,380.9049323786257,34.99501374353595,True
vector_thrust,cruise_229,0.0,-8.030870109640825,76.18098647572765,236.58204465189127,315.3180446518913,347.1307826373432,-10.226153479853364,-10.38112983372612,380.90493237863825,35.02518132856072,True
vector_thrust,cruise_229,0.0,-8.070192306032766,76.18098647573416,236.58204465189127,315.3180446518913,347.1307826373743,-10.176326313385353,-10.38112983372705,380.90493237867076,35.052361383487835,True
vector_thrust,cruise_229,0.0,-8.097404110247647,76.180986475734,236.58204465189127,315.3180446518913,347.1307826373756,-10.142128168461866,-10.381129833727089,380.90493237866997,35.07117056509749,True
vector_thrust,cruise_229,0.0,-8.107115890729828,76.18098647572602,236.58204465189127,315.3180446518913,347.1307826373417,-10.12997857991153,-10.381129833726076,380.9049323786301,35.07788348429241,True
vector_thrust,cruise_230,0.0,-8.107115890729828,76.17956183698176,236.58204465189127,315.3180446518913,347.1272422681521,-10.12987526477542,-10.12987526477542,380.89780918490885,35.07788348429241,True
vector_thrust,cruise_230,0.0,-8.116827487752888,76.17956183413212,236.58204465189127,315.3180446518913,347.12724225647247,-10.11775510214082,-10.129875264434585,380.89780917066054,35.084596403487325,True
vector_thrust,cruise_230,0.0,-8.14403877792673,76.17956183412761,236.58204465189127,315.3180446518913,347.1272422564544,-10.083949127304024,-10.129875264434057,380.8978091706381,35.10340558509697,True
vector_thrust,cruise_230,0.0,-8.18336023150785,76.17956183413425,236.58204465189127,315.3180446518913,347.1272422564857,-10.035495249398272,-10.129875264434972,380.8978091706712,35.13058564002409,True
vector_thrust,cruise_230,0.0,-8.227003752368532,76.17956183413769,236.58204465189127,315.3180446518913,347.1272422565036,-9.982257842507089,-10.129875264435494,380.8978091706884,35.160753225048865,True
vector_thrust,cruise_230,0.0,-8.266325205949656,76.17956183413605,236.58204465189127,315.3180446518913,347.1272422564999,-9.93477399949214,-10.129875264435386,380.89780917068026,35.18793327997598,True
vector_thrust,cruise_230,0.0,-8.293536496123501,76.17956183414559,236.58204465189127,315.3180446518913,347.127242256544,-9.902177770099806,-10.129875264436672,380.8978091707279,35.20674246158563,True
vector_thrust,cruise_230,0.0,-8.303248093146564,76.17956183415174,236.58204465189127,315.3180446518913,347.12724225657144,-9.890596042194215,-10.129875264437473,380.8978091707587,35.213455380780545,True
vector_thrust,cruise_231,0.0,-8.303248093146564,76.17808560737132,236.58204465189127,315.3180446518913,347.1235736696277,-9.890491514208252,-9.890491514208252,380.89042803685663,35.213455380780545,True
vector_thrust,cruise_231,0.0,-8.312959500067372,76.17808560454661,236.58204465189127,315.3180446518913,347.12357365804354,-9.87893719465682,-9.890491513878187,380.89042802273303,35.22016829997547,True
vector_thrust,cruise_231,0.0,-8.340170257586548,76.17808560455182,236.58204465189127,315.3180446518913,347.1235736580683,-9.846706034351598,-9.890491513878894,380.8904280227591,35.23897748158512,True
vector_thrust,cruise_231,0.0,-8.379490941459379,76.17808560455941,236.58204465189127,315.3180446518913,347.1235736581046,-9.800500457203565,-9.890491513879928,380.89042802279704,35.26615753651223,True
vector_thrust,cruise_231,0.0,-8.423133608008307,76.17808560455603,236.58204465189127,315.3180446518913,347.123573658093,-9.749721258704035,-9.890491513879597,380.89042802278016,35.29632512153701,True
vector_thrust,cruise_231,0.0,-8.462454291881139,76.17808560455731,236.58204465189127,315.3180446518913,347.1235736581015,-9.704419305601906,-9.890491513879839,380.8904280227866,35.323505176464124,True
vector_thrust,cruise_231,0.0,-8.489665049400319,76.17808560456835,236.58204465189127,315.3180446518913,347.12357365815126,-9.67331506308576,-9.890491513881257,380.8904280228417,35.34231435807377,True
vector_thrust,cruise_231,0.0,-8.499376456321132,76.17808560456362,236.58204465189127,315.3180446518913,347.12357365813205,-9.662262311235295,-9.89049151388071,380.89042802281807,35.34902727726869,True
vector_thrust,cruise_232,0.0,-8.499376456321132,76.1765535355823,236.58204465189127,315.3180446518913,347.11976627965794,-9.662156332003901,-9.662156332003901,380.8827676779115,35.34902727726869,True
vector_thrust,cruise_232,0.0,-8.50908766594874,76.17655353276332,236.58204465189127,315.3180446518913,347.1197662680997,-9.65112915353155,-9.662156331682175,380.88276766381665,35.35574019646361,True
vector_thrust,cruise_232,0.0,-8.536297870664658,76.17655353277709,236.58204465189127,315.3180446518913,347.1197662681624,-9.620365325467985,-9.662156331683919,380.8827676638855,35.374549378073255,True
vector_thrust,cruise_232,0.0,-8.575617755713633,76.17655353277897,236.58204465189127,315.3180446518913,347.1197662681728,-9.576255190256784,-9.662156331684209,380.88276766389487,35.401729433000376,True
vector_thrust,cruise_232,0.0,-8.619259535634974,76.17655353277722,236.58204465189127,315.3180446518913,347.11976626816823,-9.527767867215053,-9.662156331684082,380.8827676638861,35.43189701802515,True
vector_thrust,cruise_232,0.0,-8.658579420683948,76.17655353277561,236.58204465189127,315.3180446518913,347.119766268164,-9.48450086934953,-9.662156331683965,380.88276766387804,35.45907707295227,True
vector_thrust,cruise_232,0.0,-8.68578962539987,76.17655353278789,236.58204465189127,315.3180446518913,347.11976626822053,-9.4547885206282,-9.662156331685537,380.88276766393943,35.477886254561916,True
vector_thrust,cruise_232,0.0,-8.695500835027483,76.17655353277898,236.58204465189127,315.3180446518913,347.11976626818176,-9.44422933202484,-9.662156331684459,380.8827676638949,35.484599173756834,True
vector_thrust,cruise_233,0.0,-8.695500835027483,76.17496080128709,236.58204465189127,315.3180446518913,347.1158081170446,-9.444121640989344,-9.444121640989344,380.87480400643545,35.484599173756834,True
vector_thrust,cruise_233,0.0,-8.705211839550225,76.17496079849244,236.58204465189127,315.3180446518913,347.11580810558763,-9.433586353351332,-9.444121640677631,380.8748039924622,35.49131209295175,True
vector_thrust,cruise_233,0.0,-8.732421469575078,76.17496079850005,236.58204465189127,315.3180446518913,347.1158081056229,-9.404191941346808,-9.444121640678588,380.87480399250023,35.5101212745614,True
vector_thrust,cruise_233,0.0,-8.7717405241714,76.17496079849049,236.58204465189127,315.3180446518913,347.1158081055837,-9.362037942905284,-9.444121640677524,380.8748039924524,35.53730132948852,True
vector_thrust,cruise_233,0.0,-8.815381382359828,76.17496079849386,236.58204465189127,315.3180446518913,347.1158081056015,-9.31569084202609,-9.444121640678008,380.8748039924693,35.56746891451329,True
vector_thrust,cruise_233,0.0,-8.854700436956156,76.17496079851368,236.58204465189127,315.3180446518913,347.11580810569086,-9.274324772173486,-9.44412164068044,380.8748039925684,35.594648969440414,True
vector_thrust,cruise_233,0.0,-8.881910066981016,76.17496079851813,236.58204465189127,315.3180446518913,347.11580810571274,-9.245912984182729,-9.444121640681034,380.87480399259067,35.61345815105006,True
vector_thrust,cruise_233,0.0,-8.891621071503764,76.17496079850767,236.58204465189127,315.3180446518913,347.1158081056682,-9.235815038926757,-9.444121640679821,380.8748039925384,35.62017107024498,True
vector_thrust,cruise_234,0.0,-8.891621071503764,76.1733019114021,236.58204465189127,315.3180446518913,347.11168552849466,-9.235705348272027,-9.235705348272027,380.8665095570105,35.62017107024498,True
vector_thrust,cruise_234,0.0,-8.901331862402623,76.17330190862583,236.58204465189127,315.3180446518913,347.11168551710966,-9.225629776714825,-9.235705347969104,380.86650954312915,35.6268839894399,True
vector_thrust,cruise_234,0.0,-8.928540893866638,76.17330190861901,236.58204465189127,315.3180446518913,347.11168551708187,-9.197515390068629,-9.235705347968363,380.866509543095,35.645693171049544,True
vector_thrust,cruise_234,0.0,-8.967859083517496,76.17330190863652,236.58204465189127,315.3180446518913,347.1116855171615,-9.157190307901667,-9.235705347970482,380.86650954318264,35.672873225976666,True
vector_thrust,cruise_234,0.0,-9.011498981688893,76.17330190863036,236.58204465189127,315.3180446518913,347.1116855171374,-9.112844871766052,-9.23570534796984,380.86650954315184,35.703040811001436,True
vector_thrust,cruise_234,0.0,-9.050817171339755,76.17330190863379,236.58204465189127,315.3180446518913,347.1116855171558,-9.073257223917281,-9.235705347970331,380.86650954316895,35.73022086592856,True
vector_thrust,cruise_234,0.0,-9.078026202803777,76.17330190863605,236.58204465189127,315.3180446518913,347.11168551716764,-9.046062486232158,-9.235705347970645,380.8665095431802,35.749030047538206,True
vector_thrust,cruise_234,0.0,-9.087736993702634,76.17330190863686,236.58204465189127,315.3180446518913,347.11168551717174,-9.03639622703895,-9.235705347970754,380.8665095431843,35.75574296673312,True
vector_thrust,cruise_235,0.0,-9.087736993702634,76.17157056653392,236.58204465189127,315.3180446518913,347.1073828564664,-9.036284215405269,-9.036284215405269,380.8578528326696,35.75574296673312,True
vector_thrust,cruise_235,0.0,-9.097447561647396,76.1715705637643,236.58204465189127,315.3180446518913,347.1073828451084,-9.026638932601015,-9.036284215109585,380.8578528188216,35.76245588592804,True
vector_thrust,cruise_235,0.0,-9.124655968407932,76.17157056377056,236.58204465189127,315.3180446518913,347.1073828451372,-8.999722798491165,-9.036284215110335,380.8578528188528,35.78126506753769,True
vector_thrust,cruise_235,0.0,-9.163973255336098,76.17157056376135,236.58204465189127,315.3180446518913,347.10738284509995,-8.96111021487794,-9.036284215109365,380.8578528188067,35.80844512246481,True
vector_thrust,cruise_235,0.0,-9.207612151560902,76.17157056378228,236.58204465189127,315.3180446518913,347.1073828451952,-8.918639599015036,-9.036284215111845,380.8578528189114,35.83861270748958,True
vector_thrust,cruise_235,0.0,-9.246929438489076,76.17157056377867,236.58204465189127,315.3180446518913,347.107382845182,-8.880718177157199,-9.0362842151115,380.8578528188934,35.8657927624167,True
vector_thrust,cruise_235,0.0,-9.274137845249616,76.17157056378083,236.58204465189127,315.3180446518913,347.10738284519414,-8.854663982522741,-9.036284215111817,380.8578528189041,35.88460194402635,True
vector_thrust,cruise_235,0.0,-9.283848413194383,76.17157056377668,236.58204465189127,315.3180446518913,347.1073828451763,-8.845402325889875,-9.036284215111353,380.85785281888343,35.89131486322127,True
vector_thrust,cruise_236,0.0,-9.283848413194383,76.16975949238888,236.58204465189127,315.3180446518913,347.10288202017847,-8.845287630525064,-8.845287630525064,380.8487974619444,35.89131486322127,True
vector_thrust,cruise_236,0.0,-9.293558747918132,76.16975948964269,236.58204465189127,315.3180446518913,347.10288200891796,-8.83604566965582,-8.84528763023811,380.8487974482134,35.898027782416186,True
vector_thrust,cruise_236,0.0,-9.320766501207906,76.1697594896458,236.58204465189127,315.3180446518913,347.1028820089334,-8.810252839141038,-8.845287630238504,380.848797448229,35.91683696402583,True
vector_thrust,cruise_236,0.0,-9.36008284384347,76.1697594896477,236.58204465189127,315.3180446518913,347.1028820089445,-8.773246017181675,-8.845287630238786,380.84879744823854,35.944017018952955,True
vector_thrust,cruise_236,0.0,-9.40372069198255,76.16975948965333,236.58204465189127,315.3180446518913,347.1028820089718,-8.732533878878323,-8.845287630239481,380.8487974482666,35.974184603977726,True
vector_thrust,cruise_236,0.0,-9.443037034618115,76.16975948964863,236.58204465189127,315.3180446518913,347.10288200895496,-8.696175735539056,-8.845287630239053,380.84879744824315,36.00136465890485,True
vector_thrust,cruise_236,0.0,-9.470244787907887,76.16975948964402,236.58204465189127,315.3180446518913,347.10288200893666,-8.671191861385825,-8.845287630238586,380.8487974482201,36.020173840514495,True
vector_thrust,cruise_236,0.0,-9.479955122631642,76.1697594896527,236.58204465189127,315.3180446518913,347.1028820089754,-8.662309944295547,-8.845287630239575,380.8487974482635,36.02688675970941,True
vector_thrust,cruise_237,0.0,-9.479955122631642,76.16786022422393,236.58204465189127,315.3180446518913,347.09816197988033,-8.662192151107742,-8.662192151107742,380.83930112111966,36.02688675970941,True
vector_thrust,cruise_237,0.0,-9.489665212777432,76.1678602214723,236.58204465189127,315.3180446518913,347.09816196859515,-8.653328754198435,-8.662192150826108,380.83930110736145,36.03359967890433,True
vector_thrust,cruise_237,0.0,-9.516872280775004,76.16786022147761,236.58204465189127,315.3180446518913,347.0981619686201,-8.628590405624555,-8.662192150826732,380.839301107388,36.05240886051398,True
vector_thrust,cruise_237,0.0,-9.556187633134634,76.16786022146847,236.58204465189127,315.3180446518913,347.0981619685831,-8.593091304393374,-8.662192150825808,380.8393011073424,36.07958891544109,True
vector_thrust,cruise_237,0.0,-9.599824382150349,76.16786022147438,236.58204465189127,315.3180446518913,347.09816196861277,-8.554030738951246,-8.662192150826549,380.83930110737197,36.10975650046587,True
vector_thrust,cruise_237,0.0,-9.639139734509982,76.16786022147382,236.58204465189127,315.3180446518913,347.09816196861317,-8.519141242392454,-8.66219215082656,380.8393011073691,36.136936555392985,True
vector_thrust,cruise_237,0.0,-9.666346802507553,76.16786022149381,236.58204465189127,315.3180446518913,347.0981619687023,-8.495163119138954,-8.662192150828783,380.83930110746905,36.15574573700263,True
vector_thrust,cruise_237,0.0,-9.676056892653351,76.16786022148865,236.58204465189127,315.3180446518913,347.0981619686805,-8.486638076282096,-8.662192150828238,380.83930110744325,36.16245865619756,True
vector_thrust,cruise_238,0.0,-9.676056892653351,76.16586282739974,236.58204465189127,315.3180446518913,347.09319804205643,-8.486516707017401,-8.486516707017401,380.8293141369987,36.16245865619756,True
vector_thrust,cruise_238,0.0,-9.685766725584953,76.1658628246662,236.58204465189127,315.3180446518913,347.09319803084264,-8.478009103604682,-8.48651670674322,380.8293141233311,36.169171575392475,True
vector_thrust,cruise_238,0.0,-9.71297307288439,76.16586282467551,236.58204465189127,315.3180446518913,347.0931980308857,-8.454261929764142,-8.486516706744274,380.82931412337757,36.18798075700212,True
vector_thrust,cruise_238,0.0,-9.752287383805038,76.16586282466963,236.58204465189127,315.3180446518913,347.0931980308622,-8.420180337514426,-8.486516706743698,380.8293141233482,36.21516081192924,True
vector_thrust,cruise_238,0.0,-9.795922976910694,76.16586282468133,236.58204465189127,315.3180446518913,347.0931980309174,-8.38267294143373,-8.486516706745048,380.8293141234067,36.245328396954015,True
vector_thrust,cruise_238,0.0,-9.835237287831347,76.16586282467767,236.58204465189127,315.3180446518913,347.0931980309046,-8.34916495370308,-8.486516706744736,380.8293141233884,36.27250845188113,True
vector_thrust,cruise_238,0.0,-9.862443635130782,76.16586282467959,236.58204465189127,315.3180446518913,347.0931980309151,-8.326133107865289,-8.486516706744993,380.829314123398,36.29131763349078,True
vector_thrust,cruise_238,0.0,-9.872153468062391,76.16586282467374,236.58204465189127,315.3180446518913,347.09319803089,-8.317943875221042,-8.486516706744379,380.8293141233687,36.298030552685695,True
vector_thrust,cruise_239,0.0,-9.872153468062391,76.16375553021345,236.58204465189127,315.3180446518913,347.0879609469471,-8.31781837068637,-8.31781837068637,380.8187776510673,36.298030552685695,True
vector_thrust,cruise_239,0.0,-9.88186302962772,76.16375552752334,236.58204465189127,315.3180446518913,347.0879609359111,-8.30964558262726,-8.317818370421897,380.8187776376167,36.30474347188061,True
vector_thrust,cruise_239,0.0,-9.909068616575759,76.16375552753645,236.58204465189127,315.3180446518913,347.0879609359712,-8.286831250207241,-8.317818370423337,380.8187776376823,36.32355265349027,True
vector_thrust,cruise_239,0.0,-9.9483818287568,76.16375552752142,236.58204465189127,315.3180446518913,347.08796093590723,-8.254084019464518,-8.317818370421804,380.81877763760707,36.35073270841738,True
vector_thrust,cruise_239,0.0,-9.992016202353497,76.16375552753998,236.58204465189127,315.3180446518913,347.08796093599204,-8.218039063322538,-8.317818370423836,380.8187776376999,36.38090029344215,True
vector_thrust,cruise_239,0.0,-10.031329414534547,76.16375552753063,236.58204465189127,315.3180446518913,347.0879609359545,-8.185832214153642,-8.317818370422938,380.8187776376531,36.408080348369275,True
vector_thrust,cruise_239,0.0,-10.05853500148258,76.16375552753512,236.58204465189127,315.3180446518913,347.08796093597647,-8.16369177620655,-8.317818370423463,380.81877763767557,36.42688952997892,True
vector_thrust,cruise_239,0.0,-10.068244563047918,76.16375552753401,236.58204465189127,315.3180446518913,347.0879609359723,-8.155818917397237,-8.317818370423364,380.81877763767005,36.43360244917384,True
vector_thrust,cruise_240,0.0,-10.068244563047918,76.16152423294545,236.58204465189127,315.3180446518913,347.0824156481859,-8.155688615087387,-8.155688615087387,380.80762116472727,36.43360244917384,True
vector_thrust,cruise_240,0.0,-10.077953837279255,76.16152423027413,236.58204465189127,315.3180446518913,347.082415637229,-8.147831284008081,-8.155688614829925,380.8076211513706,36.44031536836876,True
vector_thrust,cruise_240,0.0,-10.105158619135315,76.16152423027478,236.58204465189127,315.3180446518913,347.08241563723385,-8.125895955624365,-8.155688614830039,380.8076211513739,36.459124549978405,True
vector_thrust,cruise_240,0.0,-10.144470667924747,76.16152423026543,236.58204465189127,315.3180446518913,347.0824156371952,-8.094406326571116,-8.155688614829131,380.8076211513271,36.48630460490553,True
vector_thrust,cruise_240,0.0,-10.188103750254166,76.16152423027211,236.58204465189127,315.3180446518913,347.0824156372283,-8.059740022977731,-8.155688614829907,380.80762115136054,36.5164721899303,True
vector_thrust,cruise_240,0.0,-10.227415799043605,76.16152423028093,236.58204465189127,315.3180446518913,347.0824156372691,-8.028760066825614,-8.155688614830867,380.80762115140465,36.54365224485742,True
vector_thrust,cruise_240,0.0,-10.254620580899665,76.16152423028069,236.58204465189127,315.3180446518913,347.08241563727137,-8.0074603352101,-8.15568861483092,380.80762115140345,36.56246142646707,True
vector_thrust,cruise_240,0.0,-10.264329855131004,76.1615242302903,236.58204465189127,315.3180446518913,347.0824156373139,-7.999885887644758,-8.15568861483192,380.8076211514515,36.569174345661985,True
vector_thrust,cruise_241,0.0,-10.264329855131004,76.15915183910386,236.58204465189127,315.3180446518913,347.07651965023206,-7.999749991322373,-7.999749991322373,380.7957591955193,36.569174345661985,True
vector_thrust,cruise_241,0.0,-10.274038823859094,76.15915183645336,236.58204465189127,315.3180446518913,347.0765196393562,-7.992190225742069,-7.999749991071695,380.79575918226675,36.5758872648569,True
vector_thrust,cruise_241,0.0,-10.301242749714067,76.15915183644816,236.58204465189127,315.3180446518913,347.07651963933597,-7.971084136350013,-7.999749991071229,380.7957591822408,36.59469644646655,True
vector_thrust,cruise_241,0.0,-10.3405535615461,76.15915183645785,236.58204465189127,315.3180446518913,347.0765196393804,-7.940781136930708,-7.999749991072254,380.79575918228926,36.62187650139367,True
vector_thrust,cruise_241,0.0,-10.384185270956385,76.15915183645366,236.58204465189127,315.3180446518913,347.07651963936524,-7.907415991180673,-7.999749991071904,380.7957591822683,36.65204408641844,True
vector_thrust,cruise_241,0.0,-10.423496082788418,76.15915183646067,236.58204465189127,315.3180446518913,347.0765196393991,-7.877594236595646,-7.999749991072685,380.7957591823033,36.679224141345564,True
vector_thrust,cruise_241,0.0,-10.4507000086434,76.15915183646385,236.58204465189127,315.3180446518913,347.0765196394153,-7.8570882906449535,-7.999749991073059,380.7957591823192,36.69803332295521,True
vector_thrust,cruise_241,0.0,-10.460408977371488,76.15915183646712,236.58204465189127,315.3180446518913,347.0765196394312,-7.84979562888871,-7.999749991073424,380.7957591823356,36.70474624215013,True
vector_thrust,cruise_242,0.0,-10.460408977371488,76.15661732549448,236.58204465189127,315.3180446518913,347.07022069704055,-7.849653166325999,-7.849653166325999,380.78308662747236,36.70474624215013,True
vector_thrust,cruise_242,0.0,-10.4701176197199,76.15661732286213,236.58204465189127,315.3180446518913,347.0702206862412,-7.842374405907651,-7.849653166081752,380.78308661431066,36.71145916134505,True
vector_thrust,cruise_242,0.0,-10.497320631079358,76.15661732286782,236.58204465189127,315.3180446518913,347.07022068626816,-7.822051486608508,-7.849653166082361,380.78308661433914,36.730268342954695,True
vector_thrust,cruise_242,0.0,-10.536630121427077,76.15661732287253,236.58204465189127,315.3180446518913,347.0702206862912,-7.7928693995594935,-7.849653166082882,380.7830866143627,36.75744839788182,True
vector_thrust,cruise_242,0.0,-10.580260364100438,76.15661732287413,236.58204465189127,315.3180446518913,347.0702206863015,-7.760733632449659,-7.849653166083116,380.78308661437063,36.78761598290659,True
vector_thrust,cruise_242,0.0,-10.619569854448157,76.15661732287062,236.58204465189127,315.3180446518913,347.07022068628964,-7.732006434644088,-7.849653166082847,380.78308661435307,36.81479603783371,True
vector_thrust,cruise_242,0.0,-10.646772865807618,76.156617322876,236.58204465189127,315.3180446518913,347.07022068631534,-7.712250790232582,-7.849653166083429,380.78308661438,36.833605219443356,True
vector_thrust,cruise_242,0.0,-10.656481508156032,76.15661732287894,236.58204465189127,315.3180446518913,347.0702206863287,-7.705224504439923,-7.849653166083731,380.78308661439473,36.840318138638274,True
vector_thrust,cruise_243,0.0,-10.656481508156032,74.04695550732382,236.58204465189127,315.3180446518913,341.81139450686226,-7.588474538791801,-7.588474538791801,370.23477753661905,36.840318138638274,True
vector_thrust,cruise_243,0.0,-10.665918642854644,74.04695550732397,236.58204465189127,315.3180446518913,341.81139450686317,-7.581760306405703,-7.5884745387918215,370.2347775366199,36.84703105783319,True
vector_thrust,cruise_243,0.0,-10.692360906684554,74.04695550732463,236.58204465189127,315.3180446518913,341.81139450686635,-7.563010573950353,-7.588474538791892,370.23477753662314,36.86584023944284,True
vector_thrust,cruise_243,0.0,-10.730571085001168,74.04695550732579,236.58204465189127,315.3180446518913,341.8113945068723,-7.53607966968156,-7.588474538792025,370.234777536629,36.89302029436996,True
vector_thrust,cruise_243,0.0,-10.772981183371796,74.04695550732731,236.58204465189127,315.3180446518913,341.8113945068786,-7.506412312551862,-7.588474538792164,370.23477753663656,36.92318787939473,True
vector_thrust,cruise_243,0.0,-10.811191361688412,74.0469555073263,236.58204465189127,315.3180446518913,341.8113945068741,-7.4798822712838735,-7.588474538792064,370.2347775366315,36.950367934321854,True
vector_thrust,cruise_243,0.0,-10.837633625518324,74.04695550732679,236.58204465189127,315.3180446518913,341.8113945068763,-7.461632436747324,-7.588474538792113,370.23477753663394,36.9691771159315,True
vector_thrust,cruise_243,0.0,-10.847070760216937,74.04695550732676,236.58204465189127,315.3180446518913,341.81139450687624,-7.455140690548396,-7.588474538792112,370.23477753663377,36.97589003512642,True
vector_thrust,cruise_244,0.0,-10.847070760216937,76.15579567831868,236.58204465189127,315.3180446518913,347.06817867077694,-7.569794754606925,-7.569794754606925,380.7789783915934,36.97589003512642,True
vector_thrust,cruise_244,0.0,-10.856779296758587,76.15579567571199,236.58204465189127,315.3180446518913,347.0681786600819,-7.563025561874041,-7.5697947543736595,380.77897837855994,36.98260295432134,True
vector_thrust,cruise_244,0.0,-10.88398201165407,76.15579567570241,236.58204465189127,315.3180446518913,347.06817866004275,-7.544123028968725,-7.569794754372805,380.778978378512,37.001412135930984,True
vector_thrust,cruise_244,0.0,-10.923291073598932,76.15579567571254,236.58204465189127,315.3180446518913,347.0681786600893,-7.51697439789625,-7.56979475437382,380.77897837856267,37.028592190858106,True
vector_thrust,cruise_244,0.0,-10.966920840780991,76.15579567570872,236.58204465189127,315.3180446518913,347.0681786600756,-7.4870695734101105,-7.569794754373522,380.7789783785436,37.058759775882876,True
vector_thrust,cruise_244,0.0,-11.006229902725856,76.15579567570576,236.58204465189127,315.3180446518913,347.0681786600655,-7.460329292292032,-7.569794754373301,380.7789783785288,37.08593983080999,True
vector_thrust,cruise_244,0.0,-11.03343261762134,76.1557956757135,236.58204465189127,315.3180446518913,347.06817866010215,-7.441935994595008,-7.569794754374101,380.77897837856756,37.104749012419646,True
vector_thrust,cruise_244,0.0,-11.043141154162988,76.1557956757185,236.58204465189127,315.3180446518913,347.0681786601252,-7.435393444198336,-7.5697947543746045,380.77897837859246,37.11146193161456,True
vector_thrust,cruise_245,0.0,-11.043141154162988,73.67645555628548,236.58204465189127,315.3180446518913,340.8848666933053,-7.302925646548271,-7.302925646548271,368.3822777814274,37.11146193161456,True
vector_thrust,cruise_245,0.0,-11.052530642591288,73.67645826782768,236.58204465189127,315.3180446518913,340.8848779094713,-7.296721811017313,-7.302925886837103,368.3822913391384,37.11817485080948,True
vector_thrust,cruise_245,0.0,-11.078839404538435,73.6764582677575,236.58204465189127,315.3180446518913,340.8848779091459,-7.27939438977868,-7.302925886830132,368.38229133878747,37.13698403241913,True
vector_thrust,cruise_245,0.0,-11.116856667044951,73.67645826763122,236.58204465189127,315.3180446518913,340.88487790856027,-7.254500424170254,-7.302925886817586,368.38229133815605,37.16416408734624,True
vector_thrust,cruise_245,0.0,-11.159052645020244,73.6764582674846,236.58204465189127,315.3180446518913,340.8848779078802,-7.227068817741052,-7.302925886803016,368.382291337423,37.19433167237102,True
vector_thrust,cruise_245,0.0,-11.197069907526597,73.67645826733731,236.58204465189127,315.3180446518913,340.8848779071969,-7.2025308471088865,-7.302925886788377,368.38229133668654,37.221511727298136,True
vector_thrust,cruise_245,0.0,-11.223378669473538,73.67645826722614,236.58204465189127,315.3180446518913,340.8848779066808,-7.185647368864533,-7.302925886777321,368.38229133613066,37.24032090890778,True
vector_thrust,cruise_245,0.0,-11.232768157901752,73.67645826718604,236.58204465189127,315.3180446518913,340.884877906495,-7.179640875014157,-7.30292588677334,368.3822913359302,37.2470338281027,True
vector_thrust,cruise_246,0.0,-11.232768157901752,73.46874667014775,236.58204465189127,315.3180446518913,340.3650958043995,-7.168693340910491,-7.168693340910491,367.3437333507388,37.2470338281027,True
vector_thrust,cruise_246,0.0,-11.242130939214277,73.4687453015359,236.58204465189127,315.3180446518913,340.36509014323985,-7.162722920556988,-7.168693221676415,367.34372650767955,37.253746747297626,True
vector_thrust,cruise_246,0.0,-11.268364869485199,73.46874529872409,236.58204465189127,315.3180446518913,340.3650901312655,-7.146047353280179,-7.168693221424214,367.3437264936204,37.27255592890727,True
vector_thrust,cruise_246,0.0,-11.306273997084494,73.4687452941132,236.58204465189127,315.3180446518913,340.36509011171955,-7.1220871674895125,-7.168693221012542,367.343726470566,37.29973598383439,True
vector_thrust,cruise_246,0.0,-11.348349954364293,73.46874528809929,236.58204465189127,315.3180446518913,340.36509008634147,-7.0956808051010265,-7.168693220478034,367.34372644049637,37.329903568859166,True
vector_thrust,cruise_246,0.0,-11.386259081957116,73.46874528190163,236.58204465189127,315.3180446518913,340.3650900602936,-7.072056621492977,-7.16869321992942,367.3437264095082,37.35708362378628,True
vector_thrust,cruise_246,0.0,-11.412493012219963,73.46874527717699,236.58204465189127,315.3180446518913,340.3650900404928,-7.055800064340302,-7.16869321951238,367.34372638588496,37.37589280539593,True
vector_thrust,cruise_246,0.0,-11.421855793528888,73.46874527539887,236.58204465189127,315.3180446518913,340.3650900330538,-7.050016248127241,-7.168693219355701,367.34372637699437,37.382605724590846,True
vector_thrust,cruise_247,0.0,-11.421855793528888,73.23995461810685,236.58204465189127,315.3180446518913,339.7922735128428,-7.038151442091197,-7.038151442091197,366.1997730905342,37.382605724590846,True
vector_thrust,cruise_247,0.0,-11.431189161658299,73.23995354320348,236.58204465189127,315.3180446518913,339.792269058421,-7.032404821047068,-7.038151349826311,366.19976771601745,37.389318643785764,True
vector_thrust,cruise_247,0.0,-11.45734067802728,73.23995355740304,236.58204465189127,315.3180446518913,339.7922691178578,-7.016353274628278,-7.038151351057431,366.1997677870152,37.40812782539541,True
vector_thrust,cruise_247,0.0,-11.495130714097243,73.23995357095755,236.58204465189127,315.3180446518913,339.792269174429,-6.9932871402328765,-7.038151352229196,366.1997678547878,37.43530788032253,True
vector_thrust,cruise_247,0.0,-11.537074489761679,73.2399535755327,236.58204465189127,315.3180446518913,339.79226919349605,-6.967862595846317,-7.0381513526241335,366.1997678776635,37.4654754653473,True
vector_thrust,cruise_247,0.0,-11.574864525834702,73.23995356152255,236.58204465189127,315.3180446518913,339.79226913542897,-6.945113665005803,-7.0381513514213845,366.19976780761283,37.492655520274425,True
vector_thrust,cruise_247,0.0,-11.601016042204686,73.23995354541891,236.58204465189127,315.3180446518913,339.7922690687182,-6.929457685493009,-7.038151350039597,366.1997677270946,37.51146470188407,True
vector_thrust,cruise_247,0.0,-11.61034941033459,73.23995353826454,236.58204465189127,315.3180446518913,339.792269039092,-6.9238872083055805,-7.038151349425947,366.1997676913227,37.51817762107899,True
vector_thrust,cruise_248,0.0,-11.61034941033459,72.98616462207754,236.58204465189127,315.3180446518913,339.1604014683338,-6.911011754126214,-6.911011754126214,364.93082311038773,37.51817762107899,True
vector_thrust,cruise_248,0.0,-11.61965018261967,72.98616460766792,236.58204465189127,315.3180446518913,339.1604014085957,-6.905479938649209,-6.911011752908942,364.9308230383396,37.52489054027391,True
vector_thrust,cruise_248,0.0,-11.645710367550107,72.98616460702964,236.58204465189127,315.3180446518913,339.16040140594794,-6.890027202905198,-6.911011752854988,364.9308230351482,37.543699721883556,True
vector_thrust,cruise_248,0.0,-11.683368425800207,72.98616460664324,236.58204465189127,315.3180446518913,339.1604014043471,-6.86781913442064,-6.911011752822368,364.9308230332162,37.57087977681068,True
vector_thrust,cruise_248,0.0,-11.725165717180362,72.98616460733788,236.58204465189127,315.3180446518913,339.16040140722674,-6.8433370721837115,-6.911011752881047,364.9308230366894,37.60104736183545,True
vector_thrust,cruise_248,0.0,-11.762823775433699,72.98616461881498,236.58204465189127,315.3180446518913,339.1604014548082,-6.821428491406296,-6.911011753850605,364.93082309407487,37.62822741676257,True
vector_thrust,cruise_248,0.0,-11.788883960367508,72.98616460391614,236.58204465189127,315.3180446518913,339.16040139303624,-6.8063492266336025,-6.911011752591889,364.9308230195807,37.64703659837222,True
vector_thrust,cruise_248,0.0,-11.798184732650446,72.98616415264951,236.58204465189127,315.3180446518913,339.16039952217227,-6.800983592149789,-6.911011714469623,364.93082076324754,37.653749517567135,True
vector_thrust,cruise_249,0.0,-11.798184732650446,72.70429923596815,236.58204465189127,315.3180446518913,338.47428010388387,-6.787225243850257,-6.787225243850257,363.52149617984077,37.653749517567135,True
vector_thrust,cruise_249,0.0,-11.807449415937485,72.70429922749614,236.58204465189127,315.3180446518913,338.47428006870103,-6.7818996651930386,-6.787225243144756,363.5214961374807,37.66046243676205,True
vector_thrust,cruise_249,0.0,-11.833408481651583,72.70429923133746,236.58204465189127,315.3180446518913,338.47428008465255,-6.76702214485946,-6.787225243464622,363.5214961566873,37.6792716183717,True
vector_thrust,cruise_249,0.0,-11.870920418461532,72.70429923343319,236.58204465189127,315.3180446518913,338.474280093356,-6.745638452939866,-6.787225243639148,363.521496167166,37.70645167329882,True
vector_thrust,cruise_249,0.0,-11.912555527229465,72.70429923653323,236.58204465189127,315.3180446518913,338.47428010623105,-6.722062035015993,-6.787225243897323,363.52149618266617,37.73661925832359,True
vector_thrust,cruise_249,0.0,-11.950067464041947,72.70429923653498,236.58204465189127,315.3180446518913,338.4742801062384,-6.700961102568195,-6.7872252438974705,363.52149618267487,37.763799313250715,True
vector_thrust,cruise_249,0.0,-11.976026529758538,72.70429923653047,236.58204465189127,315.3180446518913,338.4742801062181,-6.686436194060481,-6.787225243897064,363.52149618265236,37.78260849486036,True
vector_thrust,cruise_249,0.0,-11.985291213047141,72.70429923652932,236.58204465189127,315.3180446518913,338.47428010621263,-6.681267549213431,-6.7872252438969545,363.5214961826466,37.78932141405528,True
vector_thrust,cruise_250,0.0,-11.985291213047141,72.3761092827254,236.58204465189127,315.3180446518913,337.67450450109493,-6.665480486174406,-6.665480486174406,361.8805464136269,37.78932141405528,True
vector_thrust,cruise_250,0.0,-11.994513881726553,72.37610928270692,236.58204465189127,315.3180446518913,337.67450450101853,-6.660355349904832,-6.665480486172898,361.8805464135346,37.7960343332502,True
vector_thrust,cruise_250,0.0,-12.020355225124218,72.37610928270666,236.58204465189127,315.3180446518913,337.6745045010174,-6.646036926986024,-6.665480486172876,361.8805464135333,37.814843514859845,True
vector_thrust,cruise_250,0.0,-12.057697048256951,72.37610928270793,236.58204465189127,315.3180446518913,337.6745045010231,-6.625454627193075,-6.665480486172988,361.8805464135396,37.84202356978697,True
vector_thrust,cruise_250,0.0,-12.09914334508591,72.37610928270433,236.58204465189127,315.3180446518913,337.67450450100705,-6.602758759289274,-6.6654804861726715,361.88054641352164,37.87219115481174,True
vector_thrust,cruise_250,0.0,-12.136485168218643,72.37610928271064,236.58204465189127,315.3180446518913,337.6745045010354,-6.58244323577869,-6.665480486173231,361.88054641355325,37.89937120973886,True
vector_thrust,cruise_250,0.0,-12.162326511616309,72.37610928271121,236.58204465189127,315.3180446518913,337.67450450103564,-6.5684574925174095,-6.6654804861732355,361.8805464135561,37.91818039134851,True
vector_thrust,cruise_250,0.0,-12.171549180295722,72.3761092827113,236.58204465189127,315.3180446518913,337.67450450103587,-6.563480418006113,-6.66548048617324,361.8805464135565,37.924893310543425,True
vector_thrust,cruise_251,0.0,-12.171549180295722,71.98000982332242,236.58204465189127,315.3180446518913,336.70801024072324,-6.544694379773671,-6.544694379773671,359.9000491166121,37.924893310543425,True
vector_thrust,cruise_251,0.0,-12.193374036716268,71.98000982203287,236.58204465189127,315.3180446518913,336.7080102353368,-6.532980065425638,-6.544694379668973,359.90004911016433,37.94086681640481,True
vector_thrust,cruise_251,0.0,-12.254525925494075,71.98000981970407,236.58204465189127,315.3180446518913,336.7080102256238,-6.500379532767304,-6.544694379480179,359.9000490985203,37.985623585250934,True
vector_thrust,cruise_251,0.0,-12.342892965083227,71.98000982331553,236.58204465189127,315.3180446518913,336.70801024068646,-6.453841067791712,-6.544694379772956,359.90004911657763,38.05029899010607,True
vector_thrust,cruise_251,0.0,-12.440972979541844,71.980009822728,236.58204465189127,315.3180446518913,336.70801023823634,-6.402961379614334,-6.544694379725333,359.90004911363997,38.122083273846876,True
vector_thrust,cruise_251,0.0,-12.529340019132414,71.98000982331642,236.58204465189127,315.3180446518913,336.7080102406907,-6.357802517273251,-6.5446943797730395,359.90004911658207,38.186758678702006,True
vector_thrust,cruise_251,0.0,-12.590491907913595,71.98000982281219,236.58204465189127,315.3180446518913,336.708010238588,-6.326922736263099,-6.544694379732167,359.90004911406095,38.23151544754813,True
vector_thrust,cruise_251,0.0,-12.612316764333285,71.98000982286563,236.58204465189127,315.3180446518913,336.708010238811,-6.315974376590185,-6.544694379736503,359.9000491143281,38.247488953409515,True
vector_thrust,decel_descend,0.0,-12.612316764333285,0.03,237.38192115569527,237.40652615569525,0.075,-0.001411607749737507,-0.001411607749737507,0.15,38.247488953409515,False
vector_thrust,decel_descend,0.0,-12.689444886247237,35.84788981576012,237.97215931337632,280.4301790639338,129.41887751643213,-2.427063596129217,-2.435849206193664,179.23944907880062,38.36632631192661,False
vector_thrust,decel_descend,0.0,-12.891048017935402,35.089904178591496,238.0834390163119,279.660156486836,126.73252632754753,-2.340609984642678,-2.3852882174370498,175.44952089295748,38.69930119117904,False
vector_thrust,decel_descend,0.0,-13.190739202153052,36.093318630710236,237.9298508913586,280.7229408101966,130.44022531651478,-2.3528342789710988,-2.455072439123984,180.46659315355117,39.18046383266194,False
vector_thrust,decel_descend,0.0,-13.521191085337223,35.21861629964282,238.05830307776517,279.83408973492124,127.33932124717349,-2.2419757652896513,-2.396708969584321,176.09308149821408,39.714514074157094,False
vector_thrust,decel_descend,0.0,-13.813293603180863,34.61412514370798,238.15364041406562,279.17438361192575,125.03782726435733,-2.1557649180507252,-2.3533915463560873,173.07062571853987,40.19567671563999,False
vector_thrust,decel_descend,0.0,-14.011770469097415,34.525638262365,238.16742545178758,279.0789952347825,124.70504912516236,-2.119695048993464,-2.3471281836863427,172.628191311825,40.528651594892416,False
vector_thrust,decel_descend,0.0,-14.08407767137993,35.822209287063714,237.97012256759373,280.44427274135234,129.46804564242615,-2.1875430829753664,-2.436774620962907,179.11104643531857,40.647488953409514,False
vector_thrust,arrival_terminal_procedure,0.0,-14.08407767137993,293.137409022131,236.58204465189127,315.3180446518913,1238.9999972600906,-20.8125203165512,-20.88290952374699,1465.687045110655,40.647488953409514,False
vector_thrust,arrival_terminal_procedure,0.0,-14.08406234423644,0.03,237.38192115569527,237.40652615569525,0.075,-0.001264098642247409,-0.001264098642247409,0.15,40.68715761939811,False
vector_thrust,arrival_terminal_procedure,0.0,-14.084153369787176,0.03,237.38192115569527,237.40652615569525,0.075,-0.0012640904724077265,-0.001264098642247409,0.15,40.79830675156059,False
vector_thrust,arrival_terminal_procedure,0.0,-14.084197858712717,0.03,237.38258740310238,237.40719240310236,0.075,-0.0012640900272654874,-0.001264098642247409,0.15,40.95892190111751,False
vector_thrust,arrival_terminal_procedure,0.0,-14.084324225528254,0.03,237.3822818679552,237.40688686795517,0.075,-0.001264077058651274,-0.001264098642247409,0.15,41.13719126788361,False
vector_thrust,arrival_terminal_procedure,0.0,-14.084363891967666,0.03,237.3825559621691,237.4071609621691,0.075,-0.0012640749581396542,-0.001264098642247409,0.15,41.29780641744053,False
vector_thrust,arrival_terminal_procedure,0.0,-14.084496115419464,0.09440708913530242,237.38270999623862,237.47666747280988,0.2863975103776946,-0.00482699676243322,-0.00482712938681976,0.4720354456765121,41.408955549603014,False
vector_thrust,arrival_terminal_procedure,0.0,-14.084542997249029,0.03,237.38257649417895,237.40718149417893,0.075,-0.0012640589929357887,-0.001264098642247409,0.15,41.44862421559161,False
vector_thrust,second_descent,0.0,-14.084542997249029,0.03,237.38376318950273,237.4083681895027,0.075,-0.001264065312072256,-0.0012668576519688929,0.15,41.44862421559161,False
vector_thrust,second_descent,0.0,-14.096735465456648,28.64271589696332,238.1140958959337,272.49347916180153,104.79389331193195,-1.7701192749577705,-1.7701192749577705,143.2135794848166,41.473381998616,False
vector_thrust,second_descent,0.0,-14.131186037785927,28.880562261611413,238.12735529669396,272.7777204949258,105.61988985439494,-1.7798212386775598,-1.784071542162025,144.40281130805707,41.54275176512692,False
vector_thrust,second_descent,0.0,-14.181217149608862,28.9514320921259,238.13138331629258,272.86262059835144,105.86640098168718,-1.777711478960169,-1.7882354689341002,144.7571604606295,41.64299398210253,False
vector_thrust,second_descent,0.0,-14.23679217175761,28.937220590679434,238.13058912808953,272.84588119107536,105.81779738768283,-1.7699530995580193,-1.7874144844677322,144.68610295339715,41.75425444908068,False
vector_thrust,second_descent,0.0,-14.286807559135262,28.902488555543005,238.12863513690826,272.80469617463655,105.69821490874288,-1.7617491905343479,-1.7853945647545792,144.51244277771502,41.85449666605629,False
vector_thrust,second_descent,0.0,-14.321391587681703,28.885623657077375,238.12768229173147,272.78461269389004,105.63990165258663,-1.7565181975538062,-1.784409570157609,144.4281182853869,41.923866432567216,False
vector_thrust,second_descent,0.0,-14.333725897700411,28.863632077642258,238.12643868432576,272.7584007068868,105.56379401308998,-1.753733153664933,-1.7831240028846806,144.31816038821128,41.94862421559161,False
vector_thrust,hover_descent,0.0,-14.333725897700411,0.03,237.38192115569527,237.40652615569525,0.075,-0.0012420806853529563,-0.0012420806853529563,0.15,41.94862421559161,False
vector_thrust,hover_descent,0.0,-14.33373009783759,0.03,237.3819403202942,237.40654532029419,0.075,-0.0012420804216697198,-0.0012420806853529563,0.15,41.95701506020737,False
vector_thrust,hover_descent,0.0,-14.33374186636042,0.03,237.38199401044545,237.40659901044543,0.075,-0.0012420796828053983,-0.0012420806853529563,0.15,41.98052568437154,False
vector_thrust,hover_descent,0.0,-14.333758872368582,0.03,237.38207157449625,237.40667657449623,0.075,-0.0012420786150105826,-0.0012420806853529563,0.15,42.01449952062954,False
vector_thrust,hover_descent,0.0,-14.333777747613558,0.03,237.38215763574263,237.4067626357426,0.075,-0.0012420774297023575,-0.0012420806853529563,0.15,42.0522076340487,False
vector_thrust,hover_descent,0.0,-14.33379475362159,0.03,237.38223514867536,237.40684014867534,0.075,-0.0012420763616454297,-0.0012420806853529563,0.15,42.08618147030669,False
vector_thrust,hover_descent,0.0,-14.333806522144258,0.03,237.38228877508905,237.40689377508903,0.075,-0.001242075622454289,-0.0012420806853529563,0.15,42.10969209447087,False
vector_thrust,hover_descent,0.0,-14.333810722281362,0.03,237.38230791132025,237.40691291132023,0.075,-0.0012420753586255948,-0.0012420806853529563,0.15,42.118082939086634,False
