eVTOL_type,mission_segment,propeller_throttle,lift_throttle,propeller_rpm,propeller_thrust_N,propeller_torque_N_m,propeller_efficiency,propeller_motor_efficiency,propeller_power_coefficient,lift_rotor_rpm,lift_thrust_N,lift_torque_N_m,lift_efficiency,lift_motor_efficiency,lift_power_coefficient,propeller_tip_mach,lift_tip_mach,time_min,fesibility
lift_and_cruse,hover_climb,0.0,0.7506813353613201,0.0,5.089149020177125e-12,-5.991188445325284,0.0,,0.0,2367.0157850712767,10898.142946475822,57.18357459720718,0.1357282641304011,0.8461764198134314,0.013007694356790412,0.0,0.6216536479177288,0.0,True
lift_and_cruse,hover_climb,0.0,0.750706036092162,0.0,5.089147826408215e-12,-5.991188445325284,0.0,,0.0,2367.083924375548,10898.140390082961,57.18350812630684,0.13572448202792045,0.8461782265093679,0.013007872698739494,0.0,0.6216768347125345,0.005937113557503771,True
lift_and_cruse,hover_climb,0.0,0.7507752615041998,0.0,5.089144446798989e-12,-5.991188445325284,0.0,,0.0,2367.274888711484,10898.133152828892,57.18332260635115,0.13571388346829644,0.8461832895334213,0.013008372314947343,0.0,0.6217418160995221,0.022572536076032098,True
lift_and_cruse,hover_climb,0.0,0.7508753413694407,0.0,5.0891395632034145e-12,-5.991188445325284,0.0,,0.0,2367.5509759416173,10898.122694867756,57.18305454605779,0.1356985632962342,0.8461906080525067,0.013009093346856012,0.0,0.6218357586673295,0.046611418105722086,True
lift_and_cruse,hover_climb,0.0,0.7509864856083383,0.0,5.089134142910838e-12,-5.991188445325284,0.0,,0.0,2367.8575974129176,10898.111087598434,57.18275705228908,0.13568155254930048,0.8461987340854772,0.013009892340124687,0.0,0.6219400847928523,0.07329256424305293,True
lift_and_cruse,hover_climb,0.0,0.7510866807056279,0.0,5.0891292594787015e-12,-5.991188445325284,0.0,,0.0,2368.1340228436534,10898.10062998729,57.182489045688484,0.13566622043212437,0.8462060581652191,0.013010611045906771,0.0,0.6220341313769905,0.09733144627274291,True
lift_and_cruse,hover_climb,0.0,0.7511560498118027,0.0,5.0891258800921664e-12,-5.991188445325284,0.0,,0.0,2368.3254089147104,10898.093393210103,57.182303593135096,0.13565560697685858,0.8462111281235694,0.013011107761519983,0.0,0.6220992424717581,0.11396686879127124,True
lift_and_cruse,hover_climb,0.0,0.7511808136836285,0.0,5.0891246740071376e-12,-5.991188445325284,0.0,,0.0,2368.393732367185,10898.090810442927,57.18223740834612,0.13565181842602644,0.8462129378748154,0.013011284909767204,0.0,0.622122486061823,0.11990398234877503,True
lift_and_cruse,dep_transition,0.6908545880795673,0.7611565162988847,995.5702507722865,1729.4833875748752,608.2929324599634,0.6830368765079212,0.9551082156235314,0.25667627784569025,2362.8857901055358,11328.913622910812,56.865566079958036,0.029332483899795092,0.8459846722199577,0.012999622904074422,0.326891719372499,0.6206756764853268,0.11990398234877503,True
lift_and_cruse,dep_transition,0.6944932828354584,0.7590248502603385,1000.1120826719877,1749.70679713485,614.566002518544,0.6816581891256388,0.9550127106642212,0.2569770040716757,2355.3600684175512,11281.444279281015,56.57079179458645,0.02656901317157755,0.8457050232512169,0.013015198162393755,0.3283835718451292,0.6186998962611432,0.12085372090024091,True
lift_and_cruse,dep_transition,0.7045561109599003,0.7530817767964852,1012.6202454737602,1805.8366956877633,631.946665043108,0.677919799107616,0.9547448685393999,0.2577673637415567,2334.4257757593496,11147.138139577655,55.737974256605256,0.018663866835831915,0.8449070932085115,0.013055148663908181,0.3324921730920358,0.6132038560940667,0.1235148291867418,True
lift_and_cruse,dep_transition,0.7187598238456913,0.7445468361427847,1030.1439466626434,1885.5257482000723,656.5515243536976,0.6728247250505004,0.9543588113083108,0.2587850520777598,2304.4955057218963,10949.682515176202,54.51667638639984,0.0068077198209914895,0.8437114516950834,0.013103698984819277,0.3382483833434757,0.605345986263808,0.1273602420757848,True
lift_and_cruse,dep_transition,0.7339870590724109,0.7351018138658472,1048.7383521750098,1971.9508893977306,683.1707992016935,0.6676218498766404,0.9539294533093977,0.25983011526068295,2271.5870923069483,10725.863878900047,53.13687403450998,-0.006976007822880947,0.8423150257567372,0.013145641192683565,0.3443565027907433,0.5967061547957024,0.1316283283838008,True
lift_and_cruse,dep_transition,0.7472905462523416,0.7265824287870073,1064.830853923581,2047.9405520646728,706.5157017119483,0.6632713634147849,0.9535474117902294,0.26066369339936807,2242.1051719094726,10520.029569980725,51.87254970684672,-0.01998675780874393,0.8409837432338634,0.013173333269836692,0.34964293658593015,0.5889658313730193,0.1354737412728438,True
lift_and_cruse,dep_transition,0.7562722341655856,0.7206652725032908,1075.6145753720525,2099.4597509226596,722.3143163268776,0.6604343265893574,0.9532866537908397,0.26118635420029285,2221.7463110013064,10375.277326923626,50.98631605268971,-0.029335824793891595,0.8400163377280792,0.013187193570442443,0.3531855147223551,0.5836206629402122,0.13813484955934469,True
lift_and_cruse,dep_transition,0.7594337897071073,0.7185471406462819,1079.3948386562308,2117.631854995885,727.8818249651722,0.6594546426374827,0.9531944077907876,0.2613630045532405,2214.4826147467493,10323.159631619108,50.66785766589719,-0.03274339668491783,0.83966114802624,0.013191129063715532,0.35442739398667017,0.581713585475794,0.1390845881108106,True
lift_and_cruse,second_climb,0.8573670042919467,0.0,1222.6974009370276,1882.2553270460226,751.0578874783222,0.8004252358768972,0.9567641372500415,0.21017417248790188,0.0,-4.610195922889932e-13,-5.336658663347744,0.0,,0.0,0.4014818655126093,0.0,0.1390845881108106,True
lift_and_cruse,second_climb,0.8575712717395401,0.0,1222.8115350460096,1882.2902731512559,751.0353233373962,0.8003832106137646,0.9567681044743799,0.2102017420508055,0.0,-4.610281516161766e-13,-5.336658663347744,0.0,,0.0,0.40153575357568266,0.0,0.16285205981422995,True
lift_and_cruse,second_climb,0.8581444166308067,0.0,1223.1316788424658,1882.389008124852,750.9723521469128,0.8002653332045266,0.9567792171978384,0.21027901067162033,0.0,-4.610523347100521e-13,-5.336658663347744,0.0,,0.0,0.4016868855152333,0.0,0.22944703566471442,True
lift_and_cruse,second_climb,0.8589747235097743,0.0,1223.595203716464,1882.5338017151348,750.8820146527171,0.8000946702306165,0.956795267150326,0.21039072117116975,0.0,-4.610877989114276e-13,-5.336658663347744,0.0,,0.0,0.40190564455648414,0.0,0.3256795639612949,True
lift_and_cruse,second_climb,0.8598991979317349,0.0,1224.1109325050854,1882.697442252297,750.7826557218689,0.7999047987932076,0.956813069841428,0.21051478357816444,0.0,-4.611278792834368e-13,-5.336658663347744,0.0,,0.0,0.40214895846079707,0.0,0.43248961226032573,True
lift_and_cruse,second_climb,0.860734749205608,0.0,1224.5767230969664,1882.8475199617537,750.6939504600067,0.7997333254984,0.9568290994718922,0.21062662377102095,0.0,-4.611646377207388e-13,-5.336658663347744,0.0,,0.0,0.40236863759992186,0.0,0.5287221405569063,True
lift_and_cruse,second_climb,0.8613144335634111,0.0,1224.8996917005877,1882.9528411245,750.6330172607372,0.7996144378155127,0.9568401867482446,0.21070405502375042,0.0,-4.611904339657068e-13,-5.336658663347744,0.0,,0.0,0.40252091672062934,0.0,0.5953171164073906,True
lift_and_cruse,second_climb,0.8615216117939194,0.0,1225.0150836734836,1882.9907224223598,750.6113577826997,0.7995719626980078,0.9568441427481574,0.2107316960677638,0.0,-4.61199712207741e-13,-5.336658663347744,0.0,,0.0,0.40257531555981924,0.0,0.6190845881108101,True
lift_and_cruse,departure_terminal_procedures,0.7149125820644031,0.0,1047.875511182987,1272.0835665650573,518.776063239597,0.8169515557436133,0.9599197822109508,0.19904815230421682,0.0,-3.1157061360836927e-13,-5.336658663347744,0.0,,0.0,0.3443621390496591,0.0,0.6190845881108101,True
lift_and_cruse,departure_terminal_procedures,0.715026096384227,0.0,1047.8755116686261,1272.0835688988595,518.7760640634506,0.8169515555671673,0.9599197821975586,0.19904815243582868,0.0,-3.1157061417998596e-13,-5.336658663347744,0.0,,0.0,0.3443621392092541,0.0,0.6609045493583092,True
lift_and_cruse,departure_terminal_procedures,0.7153444095582882,0.0,1047.875511640736,1272.0835687648282,518.7760640160844,0.8169515555773008,0.9599197821983294,0.19904815242824372,0.0,-3.115706141471578e-13,-5.336658663347744,0.0,,0.0,0.3443621392000886,0.0,0.7780814768875731,True
lift_and_cruse,departure_terminal_procedures,0.7158050487887209,0.0,1047.875511609778,1272.0835686160547,518.7760639636036,0.8169515555885488,0.959919782199182,0.19904815241985882,0.0,-3.1157061411071877e-13,-5.336658663347744,0.0,,0.0,0.34436213918991493,0.0,0.9474070431207234,True
lift_and_cruse,departure_terminal_procedures,0.716317240440317,0.0,1047.8755115761996,1272.0835684546882,518.7760639065976,0.8169515556007488,0.9599197822001093,0.1990481524107477,0.0,-3.115706140711954e-13,-5.336658663347744,0.0,,0.0,0.3443621391788801,0.0,1.1353442430234943,True
lift_and_cruse,departure_terminal_procedures,0.716779541259938,0.0,1047.8755115610788,1272.0835683820244,518.776063880994,0.8169515556062426,0.9599197822005247,0.19904815240665738,0.0,-3.115706140533979e-13,-5.336658663347744,0.0,,0.0,0.34436213917391095,0.0,1.3046698092566449,True
lift_and_cruse,departure_terminal_procedures,0.7170999264110792,0.0,1047.8755115480392,1272.0835683193604,518.77606385887,0.8169515556109801,0.9599197822008844,0.19904815240312257,0.0,-3.115706140380496e-13,-5.336658663347744,0.0,,0.0,0.3443621391696257,0.0,1.4218467367859087,True
lift_and_cruse,departure_terminal_procedures,0.7172143624421355,0.0,1047.8755115455963,1272.0835683076184,518.7760638546913,0.8169515556118683,0.9599197822009529,0.19904815240245033,0.0,-3.1157061403517366e-13,-5.336658663347744,0.0,,0.0,0.34436213916882297,0.0,1.4636666980334079,True
lift_and_cruse,accel_climb,0.89063481564703,0.0,1259.5035676759642,1886.4682509012018,762.5848446960298,0.8117726606331335,0.9573708563979731,0.20252888390697404,0.0,-4.620514610318525e-13,-5.336658663347744,0.0,,0.0,0.41390922688509324,0.0,1.4636666980334079,True
lift_and_cruse,accel_climb,0.8941772912355648,0.0,1263.4568975120621,1883.12960057772,762.4731122943916,0.8131106481135378,0.9574798144458428,0.20158493387421209,0.0,-4.612337275454278e-13,-5.336658663347744,0.0,,0.0,0.41529341815413845,0.0,1.5825040565505049,True
lift_and_cruse,accel_climb,0.9043247663572739,0.0,1274.6564977309133,1874.7758928842513,762.5091273395603,0.8166950547332265,0.9577731194261893,0.19903765133444998,0.0,-4.591876592678639e-13,-5.336658663347744,0.0,,0.0,0.41921527445542045,0.0,1.9154789358029272,True
lift_and_cruse,accel_climb,0.9197248879574378,0.0,1291.2008761161399,1865.1568894933457,763.4325187417961,0.8214232410206929,0.958168747414635,0.19558266360374651,0.0,-4.568316829251319e-13,-5.336658663347744,0.0,,0.0,0.42500938298285923,0.0,2.3966415772858296,True
lift_and_cruse,accel_climb,0.937516413849394,0.0,1309.9604064043222,1857.5951729684127,765.6333160436444,0.8260770020080987,0.9585684754510717,0.19207288014675092,0.0,-4.549795965374681e-13,-5.336658663347744,0.0,,0.0,0.431582668081035,0.0,2.930691818780984,True
lift_and_cruse,accel_climb,0.954180463070951,0.0,1327.1910566669,1853.339630505326,768.5814872326999,0.8297947381379612,0.9588967355972597,0.1891760043868391,0.0,-4.5393728924625717e-13,-5.336658663347744,0.0,,0.0,0.4376241662656221,0.0,3.411854460263887,True
lift_and_cruse,accel_climb,0.966083800330856,0.0,1339.3061557683102,1851.7029213070327,771.0929770005517,0.8321419794530903,0.9591090185118438,0.18729468140683386,0.0,-4.5353641111009217e-13,-5.336658663347744,0.0,,0.0,0.44187414609594705,0.0,3.744829339516309,True
lift_and_cruse,accel_climb,0.9704088685050661,0.0,1343.6693058647568,1851.363981964522,772.0742016316224,0.8329400581421893,0.9591821984632911,0.18664457964874542,0.0,-4.5345339491391e-13,-5.336658663347744,0.0,,0.0,0.4434051465720443,0.0,3.863666698033406,True
lift_and_cruse,cruise_0,0.8581661710340576,0.0,1227.0505846146573,1247.366808465537,550.2713531747885,0.8590235769988425,0.9631940388495542,0.15951190616224808,0.0,-3.0551675386999387e-13,-5.336658663347744,0.0,,0.0,0.40492146538408585,0.0,3.863666698033406,True
lift_and_cruse,cruise_0,0.8581833948507522,0.0,1227.0505846146568,1247.3668084655349,550.2713531748097,0.8590235769988425,0.9631940388495537,0.159511906162262,0.0,-3.0551675386999336e-13,-5.336658663347744,0.0,,0.0,0.4049214653840857,0.0,3.8677929952041388,True
lift_and_cruse,cruise_0,0.8582316603273283,0.0,1227.0505846146577,1247.3668084655396,550.2713531747825,0.8590235769988425,0.9631940388495545,0.15951190616224278,0.0,-3.055167538699945e-13,-5.336658663347744,0.0,,0.0,0.40492146538408597,0.0,3.8793546229559586,True
lift_and_cruse,cruise_0,0.8583014200684999,0.0,1227.0505846187555,1247.366808486478,550.2713531827962,0.8590235769978419,0.963194038849425,0.15951190616350708,0.0,-3.0551675387512295e-13,-5.336658663347744,0.0,,0.0,0.4049214653854382,0.0,3.8960616591185597,True
lift_and_cruse,cruise_0,0.8583788670589677,0.0,1227.0505846146582,1247.3668084655421,550.2713531747763,0.8590235769988421,0.9631940388495546,0.15951190616225228,0.0,-3.055167538699952e-13,-5.336658663347744,0.0,,0.0,0.40492146538408613,0.0,3.9146050702815853,True
lift_and_cruse,cruise_0,0.8584486619913533,0.0,1227.0505846151186,1247.3668084678948,550.2713531757032,0.8590235769987298,0.9631940388495394,0.1595119061623941,0.0,-3.055167538705714e-13,-5.336658663347744,0.0,,0.0,0.40492146538423807,0.0,3.931312106444187,True
lift_and_cruse,cruise_0,0.8584969713563845,0.0,1227.0505846168235,1247.3668084766064,550.2713531790492,0.8590235769983138,0.9631940388494853,0.15951190616292468,0.0,-3.055167538727051e-13,-5.336658663347744,0.0,,0.0,0.40492146538480067,0.0,3.9428737341960067,True
lift_and_cruse,cruise_0,0.8585142147025965,0.0,1227.0505846146589,1247.366808465546,550.2713531747611,0.859023576998842,0.9631940388495551,0.1595119061622507,0.0,-3.055167538699961e-13,-5.336658663347744,0.0,,0.0,0.40492146538408635,0.0,3.9470000313667395,True
lift_and_cruse,cruise_1,0.9036045513442079,0.0,1286.1815663445611,1293.9012409028683,577.2097670827928,0.8649193446931469,0.9636726795865751,0.15228959908475834,0.0,-3.169144026168972e-13,-5.336658663347744,0.0,,0.0,0.424434437442358,0.0,3.9470000313667395,True
lift_and_cruse,cruise_1,0.9036244229628089,0.0,1286.1815663446034,1293.9012409030947,577.2097670829387,0.8649193446931376,0.963672679586572,0.15228959908478468,0.0,-3.1691440261695265e-13,-5.336658663347744,0.0,,0.0,0.4244344374423719,0.0,3.951126328537472,True
lift_and_cruse,cruise_1,0.9036801091660401,0.0,1286.1815663404338,1293.901240880687,577.2097670741559,0.8649193446940885,0.9636726795867211,0.15228959908345457,0.0,-3.1691440261146435e-13,-5.336658663347744,0.0,,0.0,0.424434437440996,0.0,3.962687956289292,True
lift_and_cruse,cruise_1,0.903715944126075,0.0,1286.1815663446034,1293.9012409030947,577.2097670829418,0.8649193446931376,0.9636726795865719,0.15228959908478418,0.0,-3.1691440261695265e-13,-5.336658663347744,0.0,,0.0,0.4244344374423719,0.0,3.979394992451893,True
lift_and_cruse,cruise_1,0.9037468682490325,0.0,1286.1815663445996,1293.9012409030743,577.2097670829935,0.8649193446931381,0.9636726795865704,0.1522895990847851,0.0,-3.1691440261694765e-13,-5.336658663347744,0.0,,0.0,0.4244344374423707,0.0,3.997938403614919,True
lift_and_cruse,cruise_1,0.9037747466944356,0.0,1286.1815663446012,1293.901240903084,577.2097670829781,0.864919344693138,0.9636726795865709,0.15228959908478673,0.0,-3.1691440261695003e-13,-5.336658663347744,0.0,,0.0,0.4244344374423711,0.0,4.01464543977752,True
lift_and_cruse,cruise_1,0.9037940484866752,0.0,1286.181566342441,1293.9012408914732,577.2097670784076,0.8649193446936306,0.9636726795866487,0.15228959908409703,0.0,-3.169144026141062e-13,-5.336658663347744,0.0,,0.0,0.4244344374416584,0.0,4.02620706752934,True
lift_and_cruse,cruise_1,0.9038009390625842,0.0,1286.1815663433206,1293.901240896199,577.2097670802765,0.8649193446934299,0.9636726795866168,0.15228959908437778,0.0,-3.169144026152637e-13,-5.336658663347744,0.0,,0.0,0.42443443744194853,0.0,4.0303333647000725,True
lift_and_cruse,cruise_2,0.8714099423896118,0.0,1243.8604294059273,1259.0440302208951,557.4072816605315,0.8609163796859179,0.9633486516478691,0.15724269111128802,0.0,-3.083768483191205e-13,-5.336658663347744,0.0,,0.0,0.4104686425511116,0.0,4.0303333647000725,True
lift_and_cruse,cruise_2,0.8729549736726204,0.0,1243.860429396589,1259.0440301723097,557.4072816417047,0.8609163796881751,0.9633486516481795,0.15724269110833844,0.0,-3.083768483072205e-13,-5.336658663347744,0.0,,0.0,0.4104686425480301,0.0,5.004139496992951,True
lift_and_cruse,cruise_2,0.8775027562912933,0.0,1243.8604294132965,1259.0440302592392,557.407281675295,0.860916379684137,0.9633486516476267,0.15724269111359251,0.0,-3.0837684832851213e-13,-5.336658663347744,0.0,,0.0,0.41046864255354343,0.0,7.732683646422526,True
lift_and_cruse,cruise_2,0.8887028821461174,0.0,1243.8604296932308,1259.0440317157504,557.4072822380452,0.8609163796164755,0.9633486516383665,0.1572426912015792,0.0,-3.0837684868525447e-13,-5.336658663347744,0.0,,0.0,0.41046864264592053,0.0,11.675544180796313,True
lift_and_cruse,cruise_2,0.9030055681605085,0.0,1243.8604293965643,1259.0440301721787,557.4072816416348,0.8609163796881814,0.9633486516481808,0.15724269110833547,0.0,-3.0837684830718845e-13,-5.336658663347744,0.0,,0.0,0.4104686425480219,0.0,16.051789215270496,True
lift_and_cruse,cruise_2,0.9157695952970917,0.0,1243.8604293450562,1259.04402990418,557.40728153798,0.8609163797006312,0.9633486516498877,0.15724269109211106,0.0,-3.083768482415477e-13,-5.336658663347744,0.0,,0.0,0.41046864253102444,0.0,19.99464974964428,True
lift_and_cruse,cruise_2,0.924568085357584,0.0,1243.860429396591,1259.0440301723186,557.407281641729,0.8609163796881748,0.9633486516481788,0.15724269110834194,0.0,-3.083768483072227e-13,-5.336658663347744,0.0,,0.0,0.4104686425480306,0.0,22.72319389907386,True
lift_and_cruse,cruise_2,0.9277718369976302,0.0,1243.8604293965896,1259.044030172311,557.407281641802,0.8609163796881751,0.9633486516481768,0.1572426911083689,0.0,-3.0837684830722086e-13,-5.336658663347744,0.0,,0.0,0.4104686425480302,0.0,23.697000031366738,True
lift_and_cruse,cruise_3,0.8597703968414345,0.0,1159.0922992322367,1217.412450173991,526.6336160673742,0.848724556292082,0.9623830086852756,0.17108568404950192,0.0,-2.981800520695429e-13,-5.336658663347744,0.0,,0.0,0.38249552072697834,0.0,23.697000031366738,True
lift_and_cruse,cruise_3,0.8597811783187006,0.0,1159.0922992322874,1217.4124501742326,526.6336160674501,0.8487245562920691,0.9623830086852746,0.17108568404951002,0.0,-2.9818005206960213e-13,-5.336658663347744,0.0,,0.0,0.3824955207269951,0.0,23.70112632853747,True
lift_and_cruse,cruise_3,0.859811389702011,0.0,1159.0922992322896,1217.412450174245,526.6336160674138,0.8487245562920686,0.9623830086852756,0.17108568404950059,0.0,-2.981800520696051e-13,-5.336658663347744,0.0,,0.0,0.38249552072699583,0.0,23.712687956289294,True
lift_and_cruse,cruise_3,0.8598550525477808,0.0,1159.0922992322903,1217.412450174248,526.6336160674047,0.8487245562920686,0.9623830086852759,0.17108568404949648,0.0,-2.981800520696059e-13,-5.336658663347744,0.0,,0.0,0.38249552072699616,0.0,23.729394992451894,True
lift_and_cruse,cruise_3,0.8599035778801662,0.0,1159.092299232288,1217.4124501742353,526.6336160674501,0.8487245562920691,0.9623830086852746,0.1710856840495185,0.0,-2.981800520696028e-13,-5.336658663347744,0.0,,0.0,0.3824955207269953,0.0,23.747938403614917,True
lift_and_cruse,cruise_3,0.8599488443737445,0.0,1159.092299232289,1217.412450174241,526.6336160674228,0.848724556292069,0.9623830086852754,0.17108568404950728,0.0,-2.981800520696042e-13,-5.336658663347744,0.0,,0.0,0.38249552072699566,0.0,23.764645439777517,True
lift_and_cruse,cruise_3,0.8599801739750946,0.0,1159.0922992322871,1217.4124501742322,526.6336160674654,0.8487245562920693,0.9623830086852742,0.17108568404951005,0.0,-2.9818005206960203e-13,-5.336658663347744,0.0,,0.0,0.38249552072699505,0.0,23.77620706752934,True
lift_and_cruse,cruise_3,0.859991356215506,0.0,1159.0922992322883,1217.412450174239,526.6336160674349,0.8487245562920688,0.962383008685275,0.17108568404951188,0.0,-2.981800520696037e-13,-5.336658663347744,0.0,,0.0,0.3824955207269954,0.0,23.780333364700073,True
lift_and_cruse,cruise_4,0.7910754004201798,0.0,1068.493736928004,1268.7333817946908,518.2509684661779,0.8182524583924835,0.9604733828702932,0.19812409447592533,0.0,-3.10750054997253e-13,-5.336658663347744,0.0,,0.0,0.35259838113884806,0.0,23.780333364700073,True
lift_and_cruse,cruise_4,0.7910845584488891,0.0,1068.4937369240026,1268.733381775827,518.2509684595407,0.8182524583938927,0.9604733828703961,0.1981240944748643,0.0,-3.1075005499263266e-13,-5.336658663347744,0.0,,0.0,0.35259838113752767,0.0,23.784459661870805,True
lift_and_cruse,cruise_4,0.7911102204123364,0.0,1068.4937369233714,1268.7333817728509,518.2509684584527,0.818252458394115,0.9604733828704135,0.19812409447468574,0.0,-3.107500549919037e-13,-5.336658663347744,0.0,,0.0,0.35259838113731934,0.0,23.796021289622626,True
lift_and_cruse,cruise_4,0.791147307523651,0.0,1068.4937369235208,1268.7333817735557,518.2509684587535,0.8182524583940621,0.960473382870408,0.19812409447473125,0.0,-3.107500549920764e-13,-5.336658663347744,0.0,,0.0,0.35259838113736863,0.0,23.812728325785226,True
lift_and_cruse,cruise_4,0.7911884773394092,0.0,1068.493736923849,1268.7333817751012,518.250968459255,0.8182524583939468,0.9604733828704007,0.19812409447480864,0.0,-3.107500549924549e-13,-5.336658663347744,0.0,,0.0,0.3525983811374769,0.0,23.83127173694825,True
lift_and_cruse,cruise_4,0.7912255756732332,0.0,1068.4937369236497,1268.7333817741637,518.2509684589298,0.8182524583940168,0.9604733828704058,0.19812409447476306,0.0,-3.107500549922253e-13,-5.336658663347744,0.0,,0.0,0.3525983811374112,0.0,23.847978773110853,True
lift_and_cruse,cruise_4,0.7912512516321982,0.0,1068.4937369239642,1268.7333817756448,518.250968459489,0.8182524583939063,0.9604733828703965,0.19812409447485171,0.0,-3.107500549925881e-13,-5.336658663347744,0.0,,0.0,0.3525983811375149,0.0,23.859540400862674,True
lift_and_cruse,cruise_4,0.7912604158926527,0.0,1068.493736923817,1268.7333817749525,518.2509684592003,0.818252458393958,0.9604733828704017,0.19812409447480472,0.0,-3.107500549924185e-13,-5.336658663347744,0.0,,0.0,0.3525983811374664,0.0,23.863666698033406,True
lift_and_cruse,cruise_5,0.8423741751309763,0.0,1104.7408216199053,2135.145582635503,732.1183016273689,0.6570079139983714,0.9538824581505425,0.2618192614443036,0.0,-5.229598406976359e-13,-5.336658663347744,0.0,,0.0,0.36455976466563644,0.0,23.863666698033406,True
lift_and_cruse,cruise_5,0.8423899551652874,0.0,1104.740809685017,2135.1455216829518,732.1182826200379,0.6570079182557412,0.9538824584958002,0.2618192603039679,0.0,-5.229598257685665e-13,-5.336658663347744,0.0,,0.0,0.3645597607271741,0.0,23.867792995204137,True
lift_and_cruse,cruise_5,0.8424342056078254,0.0,1104.7408096885374,2135.145521700847,732.1182826293343,0.65700791825451,0.9538824584955548,0.26181926030561925,0.0,-5.229598257729495e-13,-5.336658663347744,0.0,,0.0,0.36455976072833585,0.0,23.879354622955958,True
lift_and_cruse,cruise_5,0.8424981604547856,0.0,1104.7408096915724,2135.1455217162365,732.118282641387,0.6570079182534583,0.9538824584951859,0.26181926030850083,0.0,-5.229598257767189e-13,-5.336658663347744,0.0,,0.0,0.3645597607293373,0.0,23.896061659118562,True
lift_and_cruse,cruise_5,0.8425691603573513,0.0,1104.7408096980691,2135.1455217492808,732.1182826565334,0.6570079182511801,0.953882458494811,0.26181926031083186,0.0,-5.229598257848125e-13,-5.336658663347744,0.0,,0.0,0.3645597607314812,0.0,23.914605070281585,True
lift_and_cruse,cruise_5,0.8426331429136681,0.0,1104.7408097036653,2135.1455217777407,732.1182826699355,0.6570079182492187,0.9538824584944745,0.2618192603129711,0.0,-5.229598257917831e-13,-5.336658663347744,0.0,,0.0,0.36455976073332796,0.0,23.931312106444185,True
lift_and_cruse,cruise_5,0.8426774279055599,0.0,1104.7408097065438,2135.1455217923644,732.1182826785147,0.6570079182482141,0.9538824584942355,0.26181926031467795,0.0,-5.229598257953649e-13,-5.336658663347744,0.0,,0.0,0.36455976073427787,0.0,23.942873734196006,True
lift_and_cruse,cruise_5,0.8426932345597555,0.0,1104.7408097078858,2135.1455217991893,732.118282681657,0.6570079182477433,0.9538824584941576,0.261819260315161,0.0,-5.229598257970365e-13,-5.336658663347744,0.0,,0.0,0.3645597607347207,0.0,23.947000031366738,True
lift_and_cruse,cruise_6,0.863821081641484,0.0,1163.3135303795736,1218.24548382384,527.8346003005036,0.8495235182628472,0.9624431110669129,0.17023365772216653,0.0,-2.9838408646811685e-13,-5.336658663347744,0.0,,0.0,0.3838885090221116,0.0,23.947000031366738,True
lift_and_cruse,cruise_6,0.8638323988677855,0.0,1163.3135199053754,1218.2454336130038,527.8345816423862,0.8495235209183584,0.962443111350202,0.17023365477016725,0.0,-2.983840741700089e-13,-5.336658663347744,0.0,,0.0,0.3838885055656709,0.0,23.95112632853747,True
lift_and_cruse,cruise_6,0.8638641103688488,0.0,1163.3134894822638,1218.2452877721341,527.8345274487712,0.849523528631461,0.9624431121730275,0.17023364619593495,0.0,-2.9838403844929804e-13,-5.336658663347744,0.0,,0.0,0.3838884955261736,0.0,23.962687956289294,True
lift_and_cruse,cruise_6,0.8639100208430311,0.0,1163.313528491866,1218.245474774605,527.8345969378114,0.8495235187414367,0.9624431111179697,0.17023365719012892,0.0,-2.9838408425169357e-13,-5.336658663347744,0.0,,0.0,0.3838885083991761,0.0,23.979394992451894,True
lift_and_cruse,cruise_6,0.863960914128858,0.0,1163.3134968378752,1218.2453230330843,527.8345405512194,0.8495235267666126,0.962443111974096,0.1702336482688919,0.0,-2.9838404708574e-13,-5.336658663347744,0.0,,0.0,0.383888497953494,0.0,23.997938403614917,True
lift_and_cruse,cruise_6,0.8640068306162534,0.0,1163.3135259764194,1218.245462716113,527.8345924568305,0.8495235193791784,0.9624431111860066,0.17023365648114513,0.0,-2.983840812982148e-13,-5.336658663347744,0.0,,0.0,0.38388850756908954,0.0,24.014645439777517,True
lift_and_cruse,cruise_6,0.864038595691884,0.0,1163.3135311451176,1218.2454874936957,527.8346016640777,0.8495235180687583,0.9624431110462112,0.17023365793788614,0.0,-2.983840873669723e-13,-5.336658663347744,0.0,,0.0,0.38388850927473783,0.0,24.02620706752934,True
lift_and_cruse,cruise_6,0.8640499315935409,0.0,1163.3135311449803,1218.2454874930363,527.8346016639348,0.8495235180687932,0.9624431110462119,0.1702336579378716,0.0,-2.9838408736681077e-13,-5.336658663347744,0.0,,0.0,0.38388850927469254,0.0,24.030333364700073,True
lift_and_cruse,cruise_7,0.8188297008411091,0.0,1104.9869416995525,1227.3060692435406,515.9580508569877,0.8350988372773082,0.96144268846274,0.18443410644418162,0.0,-3.0060328985464437e-13,-5.336658663347744,0.0,,0.0,0.3646409832433877,0.0,24.030333364700073,True
lift_and_cruse,cruise_7,0.8188688857712294,0.0,1104.9869417203734,1227.3060693386283,515.9580508907452,0.835098837271682,0.9614426884622549,0.18443410644928468,0.0,-3.006032898779341e-13,-5.336658663347744,0.0,,0.0,0.36464098325025834,0.0,24.046788550349067,True
lift_and_cruse,cruise_7,0.8189787098963639,0.0,1104.9869417203734,1227.3060693386283,515.9580508907483,0.8350988372716823,0.9614426884622549,0.18443410644928518,0.0,-3.006032898779341e-13,-5.336658663347744,0.0,,0.0,0.36464098325025834,0.0,24.09289495596866,True
lift_and_cruse,cruise_7,0.8191374896701373,0.0,1104.9869417203738,1227.306069338631,515.9580508907392,0.835098837271682,0.9614426884622551,0.18443410644929192,0.0,-3.006032898779348e-13,-5.336658663347744,0.0,,0.0,0.36464098325025857,0.0,24.15952064246794,True
lift_and_cruse,cruise_7,0.8193138317796421,0.0,1104.986941720375,1227.3060693386362,515.9580508907209,0.8350988372716814,0.9614426884622557,0.1844341064492775,0.0,-3.006032898779361e-13,-5.336658663347744,0.0,,0.0,0.3646409832502589,0.0,24.233469575525294,True
lift_and_cruse,cruise_7,0.8194728095884919,0.0,1104.9869417203722,1227.3060693386242,515.9580508907665,0.8350988372716822,0.9614426884622542,0.18443410644929809,0.0,-3.006032898779331e-13,-5.336658663347744,0.0,,0.0,0.364640983250258,0.0,24.30009526202457,True
lift_and_cruse,cruise_7,0.8195828806594058,0.0,1104.9869417203734,1227.3060693386283,515.9580508907421,0.835098837271682,0.9614426884622551,0.18443410644928682,0.0,-3.006032898779341e-13,-5.336658663347744,0.0,,0.0,0.36464098325025834,0.0,24.346201667644163,True
lift_and_cruse,cruise_7,0.8196221754714907,0.0,1104.986941720374,1227.306069338632,515.9580508907361,0.8350988372716818,0.9614426884622552,0.18443410644928088,0.0,-3.00603289877935e-13,-5.336658663347744,0.0,,0.0,0.3646409832502587,0.0,24.36265685329316,True
lift_and_cruse,decel_descend,0.7094178630491312,0.0,974.4049959210613,570.3568007792392,267.9274571486415,0.8782430575073199,0.9620030741486145,0.12316274289995761,0.0,-1.3969712608924397e-13,-5.336658663347744,0.0,,0.0,0.32154949744784733,0.0,24.36265685329316,True
lift_and_cruse,decel_descend,0.7093315195284826,0.0,974.1381113090889,570.1780934754099,267.91267704989264,0.8782920559050783,0.9619984244548537,0.12300722523480978,0.0,-1.3965335542372021e-13,-5.336658663347744,0.0,,0.0,0.32139510765355295,0.0,24.481494211810254,True
lift_and_cruse,decel_descend,0.709095328242771,0.0,973.3982332799817,569.6986998301257,267.8796441994158,0.8784267895751556,0.9619856873860034,0.1225749227268954,0.0,-1.3953593784507445e-13,-5.336658663347744,0.0,,0.0,0.32096553705944325,0.0,24.81446909106268,True
lift_and_cruse,decel_descend,0.7087688751611932,0.0,972.3495028325899,569.0614976303962,267.85376968382457,0.8786150039877562,0.9619680370921844,0.12195919074606175,0.0,-1.3937986831821276e-13,-5.336658663347744,0.0,,0.0,0.3203525775955639,0.0,25.29563173254558,True
lift_and_cruse,decel_descend,0.7084269211969292,0.0,971.2133912168184,568.4311048704858,267.8553841987596,0.8788152878091428,0.9619494859752127,0.12128815295055978,0.0,-1.3922546662308677e-13,-5.336658663347744,0.0,,0.0,0.31968287179865756,0.0,25.829681974040735,True
lift_and_cruse,decel_descend,0.708137018923698,0.0,970.2145440933743,567.9323495893827,267.88424164159215,0.8789883231637969,0.9619337009825598,0.12069467944502275,0.0,-1.3910330681137465e-13,-5.336658663347744,0.0,,0.0,0.3190889130575845,0.0,26.31084461552364,True
lift_and_cruse,decel_descend,0.7079464062029003,0.0,969.5368712768103,567.6255924820041,267.91945444412363,0.8791041275801843,0.9619232887415997,0.12029012853517754,0.0,-1.3902817298944124e-13,-5.336658663347744,0.0,,0.0,0.31868303706432655,0.0,26.64381949477606,True
lift_and_cruse,decel_descend,0.7078803471283942,0.0,969.2976710700865,567.5237137551723,267.9350453632944,0.8791447012411815,0.9619196732814239,0.12014696012700894,0.0,-1.390032198980981e-13,-5.336658663347744,0.0,,0.0,0.31853919270307224,0.0,26.76265685329316,True
lift_and_cruse,arrival_terminal_procedure,0.7900889804239885,0.0,1062.2269892907261,1249.3531737796518,515.8793518343815,0.8253021230230274,0.9603860985145468,0.19262430518546722,0.0,-3.060032730547675e-13,-5.336658663347744,0.0,,0.0,0.34907844899961304,0.0,26.76265685329316,True
lift_and_cruse,arrival_terminal_procedure,0.7901880191252433,0.0,1062.226990547565,1249.353179702703,515.8793539238646,0.8253021226191897,0.9603860984821075,0.19262430550983534,0.0,-3.060032745054967e-13,-5.336658663347744,0.0,,0.0,0.34907844941264654,0.0,26.807464580024753,True
lift_and_cruse,arrival_terminal_procedure,0.7904657183653472,0.0,1062.2269905946248,1249.3531799244777,515.8793540019766,0.8253021226040692,0.960386098480897,0.1926243055219356,0.0,-3.0600327455981575e-13,-5.336658663347744,0.0,,0.0,0.3490784494281118,0.0,26.933013040409627,True
lift_and_cruse,arrival_terminal_procedure,0.7908675324749698,0.0,1062.226990557738,1249.3531797506457,515.8793539407951,0.825302122615921,0.9603860984818445,0.19262430551244789,0.0,-3.060032745172392e-13,-5.336658663347744,0.0,,0.0,0.3490784494159897,0.0,27.114435822117745,True
lift_and_cruse,arrival_terminal_procedure,0.7913142435791721,0.0,1062.2269905312307,1249.3531796257253,515.8793538966685,0.8253021226244383,0.9603860984825304,0.19262430550560428,0.0,-3.060032744866425e-13,-5.336658663347744,0.0,,0.0,0.3490784494072786,0.0,27.31579991822741,True
lift_and_cruse,arrival_terminal_procedure,0.7917173765165348,0.0,1062.2269905302514,1249.3531796211105,515.8793538950245,0.8253021226247529,0.9603860984825562,0.19262430550534101,0.0,-3.060032744855122e-13,-5.336658663347744,0.0,,0.0,0.34907844940695676,0.0,27.49722269993553,True
lift_and_cruse,arrival_terminal_procedure,0.7919967202365129,0.0,1062.226990540742,1249.3531796705493,515.8793539125473,0.8253021226213824,0.9603860984822828,0.19262430550807477,0.0,-3.0600327449762125e-13,-5.336658663347744,0.0,,0.0,0.3490784494104043,0.0,27.622771160320404,True
lift_and_cruse,arrival_terminal_procedure,0.7920964896581423,0.0,1062.2269905466399,1249.3531796983416,515.8793539222419,0.8253021226194872,0.9603860984821342,0.1926243055095676,0.0,-3.060032745044284e-13,-5.336658663347744,0.0,,0.0,0.3490784494123425,0.0,27.667578887051995,True
lift_and_cruse,second_descent,0.617846301241566,0.0,843.0614224512472,548.3091910816383,248.4391746464211,0.8656820772390373,0.9591921517980115,0.14726490017964244,0.0,-1.3429701916024058e-13,-5.336658663347744,0.0,,0.0,0.2770543177002086,0.0,27.667578887051995,True
lift_and_cruse,second_descent,0.6177794188543819,0.0,842.95287571522,548.0659508242634,248.35380960564885,0.8657210577433405,0.9591878944696206,0.1472009165387748,0.0,-1.3423744247971698e-13,-5.336658663347744,0.0,,0.0,0.27700730646287114,0.0,27.691346358755414,True
lift_and_cruse,second_descent,0.6175926757610942,0.0,842.6496748970748,547.386724288503,248.11541020612358,0.865829880292635,0.959175980758262,0.1470218806990595,0.0,-1.34071079959134e-13,-5.336658663347744,0.0,,0.0,0.2768759157898067,0.0,27.7579413346059,True
lift_and_cruse,second_descent,0.6173245317408145,0.0,842.2139790681024,546.4112419561725,247.77296972947187,0.8659860990379893,0.959158804773957,0.14676380308141304,0.0,-1.338321556959513e-13,-5.336658663347744,0.0,,0.0,0.276686912509013,0.0,27.854173862902478,True
lift_and_cruse,second_descent,0.6170292698772076,0.0,841.733759785538,545.3368692585964,247.39573682780815,0.8661580631850206,0.9591397970351111,0.1464782462681945,0.0,-1.3356901027891574e-13,-5.336658663347744,0.0,,0.0,0.2764783224419626,0.0,27.96098391120151,True
lift_and_cruse,second_descent,0.6167653628681515,0.0,841.3041174136016,544.3763875237945,247.05842868326954,0.8663117191735373,0.9591227233268566,0.14622177509694773,0.0,-1.3333376010248283e-13,-5.336658663347744,0.0,,0.0,0.2762914545838831,0.0,28.057216439498088,True
lift_and_cruse,second_descent,0.6165839032898343,0.0,841.008465189804,543.7158666647165,246.82642957083883,0.8664173460801937,0.9591109371646536,0.14604474261846506,0.0,-1.3317197915131484e-13,-5.336658663347744,0.0,,0.0,0.27616272676133213,0.0,28.123811415348573,True
lift_and_cruse,second_descent,0.6165193722436757,0.0,840.9032778652492,543.4809511232013,246.7439124520024,0.8664549044265037,0.959106736589838,0.1459816502699753,0.0,-1.3311444143811752e-13,-5.336658663347744,0.0,,0.0,0.27611690059558414,0.0,28.147578887051992,True
lift_and_cruse,app_transition,0.725080564398688,0.0,963.5676073947016,1724.128685020191,585.8350749473842,0.6465552611758244,0.9549057962978353,0.2639701987888948,0.0,-4.2228973508562237e-13,-5.336658663347744,0.0,,0.0,0.31639465354868324,0.0,28.147578887051992,True
lift_and_cruse,app_transition,0.7250686828191377,0.0,963.5510646147773,1724.07142956969,585.8202875930457,0.6465638226192091,0.9549058160281453,0.26396877336663477,0.0,-4.2227571154478445e-13,-5.336658663347744,0.0,,0.0,0.31638868281375804,0.0,28.148548508659953,True
lift_and_cruse,app_transition,0.725035392614436,0.0,963.5047149897151,1723.9110118575886,585.7788558025727,0.6465878107488631,0.9549058713131569,0.2639647789073336,0.0,-4.2223642053725415e-13,-5.336658663347744,0.0,,0.0,0.31637195402639084,0.0,28.15126532803275,True
lift_and_cruse,app_transition,0.7249872899493399,0.0,963.4377434082609,1723.6792227358833,585.7189886481349,0.6466224733773952,0.9549059512113924,0.26395900539133116,0.0,-4.2217964857605944e-13,-5.336658663347744,0.0,,0.0,0.3163477823506833,0.0,28.155191245773995,True
lift_and_cruse,app_transition,0.7249339042737858,0.0,963.3634182648393,1723.4219855426481,585.6525459877258,0.6466609442997083,0.9549060399042635,0.2639525953968153,0.0,-4.22116643634996e-13,-5.336658663347744,0.0,,0.0,0.3163209567517261,0.0,28.15954868572682,True
lift_and_cruse,app_transition,0.7248858092755693,0.0,963.2964605648924,1723.1902492557365,585.5926876050135,0.6466956038774423,0.9549061198250244,0.26394681850188495,0.0,-4.220598846145935e-13,-5.336658663347744,0.0,,0.0,0.31629679036808006,0.0,28.163474603468064,True
lift_and_cruse,app_transition,0.7248525286316173,0.0,963.2501282501855,1723.0298974276056,585.5512667528218,0.6467195882025285,0.9549061751381337,0.2639428198289523,0.0,-4.2202060974398193e-13,-5.336658663347744,0.0,,0.0,0.31628006817993665,0.0,28.166191422840857,True
lift_and_cruse,app_transition,0.724840651328691,0.0,963.2335932012786,1722.9726714257226,585.536484303845,0.6467281479412732,0.9549061948803867,0.2639413925334017,0.0,-4.2200659341597513e-13,-5.336658663347744,0.0,,0.0,0.3162741003908684,0.0,28.167161044448818,True
lift_and_cruse,hover_descent,0.0,0.7783102383947024,0.0,5.089124677908773e-12,-5.991188445325284,0.0,,0.0,2250.6415315427016,10898.090818798073,51.95543792389751,-0.11063886907679597,0.8412522069024511,0.013091373121649796,0.0,0.5911916949036485,28.167161044448818,True
lift_and_cruse,hover_descent,0.0,0.7782894596237816,0.0,5.089125883720132e-12,-5.991188445325284,0.0,,0.0,2250.5636008824513,10898.0934009792,51.95538016103374,-0.11064284943922402,0.8412500739339341,0.01309131646255228,0.0,0.5911661910873438,28.175591886578182,True
lift_and_cruse,hover_descent,0.0,0.7782312477745332,0.0,5.089129261615425e-12,-5.991188445325284,0.0,,0.0,2250.3452782021814,10898.100634562974,51.955218304778306,-0.1106540018885803,0.8412440977091824,0.013091157560835662,0.0,0.5910947424943194,28.199214581285066,True
lift_and_cruse,hover_descent,0.0,0.7781471528325409,0.0,5.089134142809585e-12,-5.991188445325284,0.0,,0.0,2250.029882241729,10898.111087381605,51.95498449918091,-0.11067011689494216,0.8412354624476664,0.013090927580783295,0.0,0.5909915263809853,28.23335036416943,True
lift_and_cruse,hover_descent,0.0,0.7780538471830226,0.0,5.089139560517465e-12,-5.991188445325284,0.0,,0.0,2249.6799429506605,10898.122689115939,51.95472511061177,-0.11068800216027257,0.8412258789091018,0.013090671822969389,0.0,0.5908770067884256,28.271238224783122,True
lift_and_cruse,hover_descent,0.0,0.7779698111610606,0.0,5.0891444416949306e-12,-5.991188445325284,0.0,,0.0,2249.364770105288,10898.133141898823,51.95449151469872,-0.11070411528396645,0.8412172452327347,0.013090440942986404,0.0,0.5907738657240467,28.30537400766748,True
lift_and_cruse,hover_descent,0.0,0.7779116727838958,0.0,5.089147819569342e-12,-5.991188445325284,0.0,,0.0,2249.1467256450164,10898.140375437877,51.95432991990872,-0.11071526538566732,0.8412112709846298,0.013090280919072893,0.0,0.5907025107155507,28.32899670237436,True
lift_and_cruse,hover_descent,0.0,0.777890926676993,0.0,5.089149025117685e-12,-5.991188445325284,0.0,,0.0,2249.068918741912,10898.14295705577,51.954272259042696,-0.11071924470642916,0.8412091388877087,0.013090223757656843,0.0,0.5906770485318881,28.33742754450373,True
