eVTOL_type,mission_segment,SOC,battery_energy_kw_h,battery_power_kw,voltage_v,voltage_oc_v,current_a,C_Rating_instant,C_Rating_nominal,specific_power,time_min,fesibility
vector_thrust,hover_climb,1.0,37.50000000000001,184.93524789961236,344.36687006446965,415.2368700644696,607.6568657962977,5.580183811932173,5.580183811932173,924.6762394980618,0.0,True
vector_thrust,hover_climb,0.9993679522298891,37.47629820862084,184.9328723304539,344.4046675224578,415.2728383616408,607.6289321741591,5.584069141448126,5.579927294224828,924.6643616522696,0.006547874795560759,True
vector_thrust,hover_climb,0.9975970706843069,37.40989015066152,184.9279143246024,344.5078790792218,415.370959605729,607.5562473693059,5.594988741201354,5.579259821191533,924.639571623012,0.024894612274567844,True
vector_thrust,hover_climb,0.9950382276599926,37.31393353724973,184.92516306892682,344.6500192377916,415.50583475875004,607.4657213102703,5.610855053029473,5.578428509841951,924.6258153446341,0.051406416071334886,True
vector_thrust,hover_climb,0.9921982500051799,37.207434375194254,184.92820185425037,344.7981095806553,415.64598687182917,607.3852634967835,5.6285872476189995,5.577689656364546,924.6410092712518,0.08083229829797631,True
vector_thrust,hover_climb,0.9896395397439421,37.11148274039784,184.93641510027575,344.9228391999079,415.76367708623064,607.3307570270254,5.6446747361877385,5.5771891171008425,924.6820755013787,0.10734410209474332,True
vector_thrust,hover_climb,0.9878688239812736,37.045080899297766,184.94513152544943,345.0043386769253,415.8403675830515,607.3029942481637,5.655870167395855,5.576934168267219,924.7256576272471,0.12569083957375043,True
vector_thrust,hover_climb,0.9872368500737939,37.021381877767276,184.9488423299748,345.0324728176983,415.8667977723842,607.2950550543334,5.659878263517531,5.576861261725081,924.744211649874,0.1322387143693112,True
vector_thrust,second_climb,0.9872368500737939,37.021381877767276,57.600858444907075,344.7855424274119,415.6139224452769,297.5746673959502,2.771356386682696,2.771356386682696,288.0042922245354,0.1322387143693112,True
vector_thrust,second_climb,0.9865173744200532,36.99440154075201,57.61505984872595,344.79132497225874,415.61773363173677,297.6286303194754,2.773927013915536,2.771858951279556,288.07529924362973,0.15699649739370636,True
vector_thrust,second_climb,0.9845004456701753,36.91876671263158,57.65546700868378,344.8047300011825,415.6256607089547,297.78293973026706,2.781159157668252,2.773296057384269,288.2773350434189,0.2263662639046277,True
vector_thrust,second_climb,0.9815832293956384,36.80937110233644,57.715464263922165,344.8168067418121,415.6299406101036,298.0140331156689,2.7916871216707904,2.7754482638713265,288.5773213196108,0.3266084808802324,True
vector_thrust,second_climb,0.9783415507323902,36.68780815246464,57.7842886952188,344.8200936290192,415.62473863011525,298.2817836517383,2.803480440673687,2.7779418637622957,288.921443476094,0.4378689478583895,True
vector_thrust,second_climb,0.9754173456579311,36.578150462172424,57.84831727784414,344.81391591192664,415.6110615913278,298.53319456382695,2.8142046152307456,2.7802832903460697,289.2415863892207,0.5381111648339941,True
vector_thrust,second_climb,0.9733917015378352,36.50218880766883,57.89375198686418,344.8045562112294,415.59659495752635,298.7128425808131,2.8216814521279643,2.7819563785951007,289.46875993432093,0.6074809313449154,True
vector_thrust,second_climb,0.9726683470074607,36.475063012779785,57.910191051077575,344.80020685825366,415.5904393721081,298.778083319882,2.8243609859512273,2.78256397513708,289.55095525538786,0.6322387143693108,True
vector_thrust,departure_terminal_procedures,0.9726683470074607,36.475063012779785,46.889769703196684,347.2714554367949,413.3618215877953,224.08147279410062,2.1334328926687,2.1334328926687,234.4488485159834,0.6322387143693108,True
vector_thrust,departure_terminal_procedures,0.9715627153847057,36.43360182692648,46.899460353627006,347.21301072996226,413.3144197547652,224.1277983732599,2.1359427495292023,2.133873948830631,234.49730176813503,0.6807157194997546,True
vector_thrust,departure_terminal_procedures,0.9684631821543863,36.3173693307895,46.92753400891172,347.04316982484585,413.17692332591076,224.26200049505894,2.143013025370318,2.1351516591979447,234.6376700445586,0.8165452694935501,True
vector_thrust,departure_terminal_procedures,0.963980768406281,36.14927881523554,46.97049782443805,346.78188192545196,412.9660282552336,224.46738291304197,2.1533270933377135,2.1371070622959216,234.85248912219024,1.0128246561343162,True
vector_thrust,departure_terminal_procedures,0.959000120136566,35.96250450512123,47.02151889506743,346.4699319750976,412.7150914349056,224.71128189883677,2.1649132513126257,2.1394291735900635,235.10759447533712,1.2306783396891452,True
vector_thrust,departure_terminal_procedures,0.9545077353738586,35.79404007651971,47.07051160363197,346.16909543128185,412.4738320588872,224.94548459358506,2.175478787995032,2.141658968522672,235.35255801815987,1.4269577263299111,True
vector_thrust,departure_terminal_procedures,0.9513954655224629,35.67732995709237,47.11672337805427,345.8692035925393,412.23270007129855,225.1663934037511,2.182846117016619,2.1437621951572163,235.58361689027134,1.5627872763237065,True
vector_thrust,departure_terminal_procedures,0.9502838851707859,35.63564569390448,47.13336044146218,345.76124185999186,412.1459496119644,225.24592452241845,2.1854889695486865,2.144519394324287,235.6668022073109,1.6112642814541507,True
vector_thrust,accel_climb,0.9502838851707859,35.63564569390448,66.4630164359275,342.99325850390926,413.7218430231631,309.10754350764734,2.9751615695843,2.9751615695843,332.31508217963744,1.6112642814541507,True
vector_thrust,accel_climb,0.9463286600658478,35.4873247524693,66.53896340507649,342.72575536993173,413.4464570549968,309.4275839813102,2.988357200549708,2.978241960658385,332.69481702538246,1.7301016399712477,True
vector_thrust,accel_climb,0.9352177745344674,35.070666545042535,66.75101619216696,341.98786878403155,412.6879179228909,310.3182385346383,3.026035245294679,2.98681451495055,333.75508096083485,2.06307651922367,True
vector_thrust,accel_climb,0.9191140450273434,34.466776688525385,66.89433306275764,341.48245693338635,412.15647101946456,310.8609603412346,3.0798808215024414,2.9920382149082987,334.4716653137882,2.5442391607065726,True
vector_thrust,accel_climb,0.9012162413077535,33.795609049040756,66.95228331365614,341.6663136682653,412.3167962563682,311.0000130223742,3.1441430111807107,2.9933765976225466,334.7614165682807,3.0782894022017264,True
vector_thrust,accel_climb,0.8850751553573223,33.19031832589959,67.03268607249686,341.7179685508902,412.35210717889345,311.2468309590501,3.204507825109754,2.9957522214314944,335.1634303624843,3.5594520436846295,True
vector_thrust,accel_climb,0.8738916381736366,32.77093643151138,67.10409840567281,341.6905209138683,412.3160487563514,311.48570311144846,3.247747050982418,2.9980513670291558,335.5204920283641,3.8924269229370516,True
vector_thrust,accel_climb,0.8698971611944635,32.62114354479239,67.13273568413007,341.66819196415355,412.2911825381873,311.5845632870199,3.263482600971278,2.999002896687037,335.66367842065034,4.011264281454149,True
vector_thrust,cruise_0,0.8698971611944635,32.62114354479239,61.96236968980296,341.069503186915,411.68730704020624,263.94430082268053,2.759662653364601,2.759662653364601,309.8118484490148,4.011264281454149,True
vector_thrust,cruise_0,0.869694038293531,32.61352643600742,61.96333612087554,341.06539037095,411.6831073383724,263.9484184555205,2.760316967101572,2.759705705165808,309.81668060437767,4.017977200649067,True
vector_thrust,cruise_0,0.8691248823387309,32.592183087702416,61.96605956752156,341.05379220856884,411.67126982351823,263.9600219060231,2.7621520847578287,2.759827024735514,309.8302978376078,4.036786382258718,True
vector_thrust,cruise_0,0.8683023803122196,32.56133926170824,61.97003404410721,341.03683886592086,411.6539812740166,263.9769555264826,2.7648084657276604,2.7600040737561695,309.85017022053603,4.063966437185836,True
vector_thrust,cruise_0,0.8673894049907975,32.527102687154915,61.97449944343345,341.0177541982414,411.63453932145353,263.9959808207018,2.767763159317288,2.7602029922164752,309.8724972171673,4.094134022210607,True
vector_thrust,cruise_0,0.866566781602943,32.496254310110366,61.978571470872055,341.0003181095402,411.61679463692,264.0133301185266,2.770430976334603,2.760384387340825,309.8928573543603,4.121314077137725,True
vector_thrust,cruise_0,0.8659974743114309,32.47490528667866,61.98141652530103,340.9881179716373,411.60438832998375,264.02545177134346,2.7722803531332287,2.7605111249611163,309.90708262650514,4.1401232587473755,True
vector_thrust,cruise_0,0.8657942840588873,32.46728565220828,61.98243728792869,340.98373725098935,411.5999354915007,264.029800837886,2.7729410213019556,2.760556596511277,309.91218643964345,4.146836177942294,True
vector_thrust,cruise_1,0.8657942840588873,32.46728565220828,57.273141359474394,340.9590251249386,411.5750818453772,252.0220548319236,2.6466392985836795,2.6466392985836795,286.36570679737196,4.146836177942294,True
vector_thrust,cruise_1,0.8656067559538001,32.46025334826751,57.27402999341338,340.95484840681985,411.5708405934712,252.02596603518836,2.6472213301038905,2.6466803725455286,286.3701499670669,4.153549097137213,True
vector_thrust,cruise_1,0.865081297156082,32.44054864335308,57.27653168403169,340.9430828560167,411.558897723627,252.0369768501279,2.6488535944844394,2.6467960039157585,286.38265842015846,4.172358278746864,True
vector_thrust,cruise_1,0.8643219433635455,32.41207287613296,57.28017725983401,340.9259179976893,411.54148574805384,252.05302230192044,2.6512160558435296,2.646964507118012,286.40088629917005,4.199538333673981,True
vector_thrust,cruise_1,0.8634790630066241,32.38046486274841,57.2842658483422,340.9066406007301,411.52194669093234,252.07101759478337,2.653843425821382,2.6471534868059696,286.42132924171096,4.229705918698753,True
vector_thrust,cruise_1,0.8627195983077336,32.35198493654001,57.28798762627287,340.88906874724285,411.5041504614853,252.08739843915666,2.656215334712929,2.647325512172921,286.4399381313644,4.25688597362587,True
vector_thrust,cruise_1,0.862194001212096,32.332275045453606,57.29058433979827,340.8767956810743,411.491728434224,252.0988274821942,2.657859380024357,2.647445535614792,286.45292169899136,4.275695155235522,True
vector_thrust,cruise_1,0.8620064115584796,32.325240433442985,57.291515289490604,340.87239309709463,411.4872739369413,252.10292491689228,2.6584466556447275,2.6474885653079774,286.45757644745305,4.28240807443044,True
vector_thrust,cruise_2,0.8620064115584796,32.325240433442985,61.18222311535016,340.8496190381991,411.4643996392401,261.9974156883108,2.76260031260166,2.76260031260166,305.91111557675083,4.28240807443044,True
vector_thrust,cruise_2,0.8618058846340002,32.317720673775014,61.18327421924171,340.8449792108089,411.4597064834741,262.001917676014,2.7632529869576885,2.762647783270802,305.9163710962086,4.2891209936253585,True
vector_thrust,cruise_2,0.8612440008453787,32.29665003170171,61.18623370492231,340.8319063969537,411.4464882428459,262.01459351344994,2.7650834784212655,2.762781442117669,305.9311685246115,4.30793017523501,True
vector_thrust,cruise_2,0.8604320032539179,32.26620012202193,61.190548011312316,340.8128273291326,411.4272094337081,262.03307221291044,2.7677331652595174,2.7629762885468674,305.9527400565616,4.335110230162128,True
vector_thrust,cruise_2,0.8595306812566145,32.23240054712305,61.19538877763474,340.7913904839812,411.4055652981007,262.05380580434814,2.7706804130558034,2.763194911413954,305.9769438881737,4.365277815186898,True
vector_thrust,cruise_2,0.8587185520236239,32.2019457008859,61.19979726474962,340.7718416345866,411.38584266825916,262.07268789131126,2.7733415031623836,2.763394011314271,305.9989863237481,4.392457870114016,True
vector_thrust,cruise_2,0.8581565040802059,32.18086890300773,61.20287419226994,340.75818301169016,411.37207099130217,262.08586674643766,2.77518621435399,2.763532974170818,306.0143709613497,4.411267051723668,True
vector_thrust,cruise_2,0.8579559040997935,32.173346403742265,61.203977518634105,340.7532824743928,411.3671315328547,262.09059242756445,2.7758452153103623,2.7635828035484242,306.01988759317055,4.417979970918585,True
vector_thrust,cruise_3,0.8579559040997935,32.173346403742265,61.20219638983742,340.7284079390644,411.3421817813434,262.0859881191426,2.775593820871086,2.775593820871086,306.01098194918706,4.417979970918585,True
vector_thrust,cruise_3,0.8577553041368925,32.16582390513347,61.2033017773802,340.72348038488246,411.3372175533654,262.09072295542387,2.7762529436626746,2.775643964651833,306.01650888690097,4.424692890113504,True
vector_thrust,cruise_3,0.8571932239100928,32.144745896628486,61.206417352013645,340.70960118404196,411.32323959635636,262.1040666161456,2.778101662171451,2.7757852792734687,306.03208676006824,4.443502071723156,True
vector_thrust,cruise_3,0.8563809121774475,32.11428420665429,61.2142962778575,340.674192264716,411.28769838311723,262.1378141201199,2.7808058094256336,2.776142678629967,306.0714813892875,4.470682126650273,True
vector_thrust,cruise_3,0.855479177430013,32.080469153625494,61.223338216182746,340.63142722517813,411.2448009218599,262.17654254768615,2.7837987482451867,2.7765528279287386,306.1166910809137,4.500849711675044,True
vector_thrust,cruise_3,0.8546666189485562,32.04999821057086,61.23153028031235,340.5926804150909,411.20594779532206,262.2116307227943,2.7865013145127975,2.776924425520486,306.15765140156174,4.528029766602161,True
vector_thrust,cruise_3,0.8541042418478972,32.028909069296155,61.237224646571256,340.5657463858907,411.17894740516385,262.23602075621267,2.7883749004651337,2.7771827255789234,306.1861232328563,4.546838948211813,True
vector_thrust,cruise_3,0.8539035180707124,32.02138192765172,61.23926194855469,340.5561098859965,411.1692886501753,262.244746898258,2.7890442406105715,2.7772751388594457,306.19630974277345,4.553551867406731,True
vector_thrust,cruise_4,0.8539035180707124,32.02138192765172,61.23747544263366,340.522069858579,411.13520656375374,262.2401352206783,2.7887164222674046,2.7887164222674046,306.1873772131683,4.553551867406731,True
vector_thrust,cruise_4,0.8537027931109802,32.01385474166176,61.23951471190073,340.51240864157853,411.125525341826,262.24887012114857,2.7893858814906807,2.7888093110251373,306.19757355950367,4.56026478660165,True
vector_thrust,cruise_4,0.8531403356431707,31.992762586618912,61.24524439578989,340.4852716392409,411.0983362917904,262.27341162309665,2.7912636040249508,2.7890702904875377,306.2262219789494,4.5790739682113015,True
vector_thrust,cruise_4,0.8523274601268291,31.962279754756104,61.25356058070303,340.4458833378732,411.05888321019347,262.3090316802552,2.7939818649700103,2.789449081622146,306.26780290351513,4.606254023138419,True
vector_thrust,cruise_4,0.8514250959985555,31.928441099945843,61.26284150502231,340.40192439366854,411.01486680758705,262.34878392927845,2.7970056737914653,2.7898718153489264,306.3142075251115,4.6364216081631895,True
vector_thrust,cruise_4,0.850611966854346,31.897948757037984,61.27124903448634,340.3621012817101,410.9750049448834,262.3847952350764,2.7997361501459355,2.7902547671033617,306.3562451724317,4.663601663090307,True
vector_thrust,cruise_4,0.8500491931167934,31.876844741879758,61.27709262353,340.33442207851493,410.9473061522626,262.4098246176798,2.801629105143238,2.790520934790648,306.38546311765,4.682410844699959,True
vector_thrust,cruise_4,0.8498483274034396,31.869312277628993,61.279183211440426,340.32451955910386,410.9373980732278,262.41877906741837,2.8023053692343454,2.790616158281199,306.3959160572021,4.689123763894877,True
vector_thrust,cruise_5,0.8498483274034396,31.869312277628993,61.27738251151678,340.290187089289,410.90305677516267,262.4141262503093,2.8019729870127454,2.8019729870127454,306.3869125575839,4.689123763894877,True
vector_thrust,cruise_5,0.8496474603686724,31.861779763825226,61.27947534961572,340.2802597967997,410.8931261771045,262.4230905643693,2.8026493841787175,2.8020687050527844,306.3973767480786,4.695836683089795,True
vector_thrust,cruise_5,0.8490846037988304,31.84067264245615,61.28535428275989,340.25237707058756,410.8652382019497,262.4482716270088,2.804546539638322,2.8023375802780186,306.42677141379943,4.714645864699447,True
vector_thrust,cruise_5,0.8482711489172706,31.810168084397652,61.29388639362986,340.2119106518468,410.82477465057326,262.4848169684944,2.8072929656021564,2.8027277995894058,306.4694319681493,4.741825919626565,True
vector_thrust,cruise_5,0.8473681380731283,31.776305177742316,61.303407332549085,340.1667543697087,410.77963602306005,262.52559772841204,2.810348151514907,2.8031632433260367,306.5170366627454,4.771993504651335,True
vector_thrust,cruise_5,0.8465544229485943,31.745790860572292,61.312031429411945,340.12585184182257,410.73876244603133,262.5625370711037,2.8131070029184126,2.8035576696546,306.5601571470597,4.799173559578453,True
vector_thrust,cruise_5,0.8459912418592993,31.724671569723732,61.31802526673561,340.0974252954569,410.7103631763444,262.5882102155596,2.8150196609909846,2.803831799169977,306.59012633367803,4.817982741188104,True
vector_thrust,cruise_5,0.8457902303987119,31.717133639951705,61.32016944103457,340.08725597988695,410.70020503048215,262.5973942953529,2.8157029656955777,2.8039298637972863,306.60084720517284,4.824695660383023,True
vector_thrust,cruise_6,0.8457902303987119,31.717133639951705,61.31835726855273,340.0526285445753,410.66560210532555,262.5927110422497,2.8153660617706153,2.8153660617706153,306.59178634276367,4.824695660383023,True
vector_thrust,cruise_6,0.8455892170304655,31.709595638642465,61.320504524223345,340.0424343915489,410.65542138012404,262.60190820920855,2.8160495378410393,2.815464668436496,306.60252262111675,4.831408579577941,True
vector_thrust,cruise_6,0.8450259475428986,31.688473032858706,61.32746483796138,340.0086386791044,410.62166731331047,262.6317214694497,2.8179664573355296,2.815784308843652,306.6373241898069,4.850217761187593,True
vector_thrust,cruise_6,0.844211864363783,31.657944913641874,61.339040001931885,339.9514215486579,410.56452083968213,262.6813016131125,2.8207415908146696,2.8163158782587048,306.6952000096594,4.87739781611471,True
vector_thrust,cruise_6,0.8433081039714936,31.62405389893102,61.35193495187794,339.8877034414277,410.5008956646913,262.73653482379234,2.8238289030501584,2.8169080565648486,306.7596747593897,4.907565401139481,True
vector_thrust,cruise_6,0.8424936673985196,31.593512527444492,61.363595760915736,339.8301043694296,410.4433934016652,262.78648181272564,2.8266169348444143,2.8174435590811684,306.8179788045787,4.934745456066598,True
vector_thrust,cruise_6,0.8419299612902349,31.572373548383815,61.37168912255215,339.7901384540411,410.4035017428829,262.821148279037,2.82854991011455,2.8178152327363404,306.85844561276076,4.95355463767625,True
vector_thrust,cruise_6,0.8417287573757586,31.564828401590955,61.37458233562384,339.77585375395313,410.3892449836746,262.8335408395229,2.829240495076546,2.8179480985499876,306.8729116781192,4.960267556871169,True
vector_thrust,cruise_7,0.8417287573757586,31.564828401590955,61.37275931819332,339.74095789906255,410.35440710294984,262.82883023503075,2.828899223258213,2.828899223258213,306.8637965909666,4.960267556871169,True
vector_thrust,cruise_7,0.8415275493456218,31.557283100460825,61.375654845556326,339.7266520311062,410.34013143933396,262.84123286141676,2.829589979957227,2.8290327161483133,306.8782742277816,4.9669804760660865,True
vector_thrust,cruise_7,0.8409637220649199,31.5361395774345,61.383781207473376,339.68650890952904,410.3000769824225,262.87604108879606,2.831527443432102,2.8294073667043738,306.91890603736687,4.985789657675738,True
vector_thrust,cruise_7,0.8401488247382001,31.50558092768251,61.39555871411569,339.6283467740192,410.24205347899925,262.92648852555527,2.8343323941876926,2.8299503463863815,306.97779357057846,5.012969712602856,True
vector_thrust,cruise_7,0.8392441579566507,31.471655923374414,61.408678699332214,339.5635788375605,410.1774539638858,262.9826862967966,2.8374529242654796,2.830555218505134,307.0433934966611,5.043137297627626,True
vector_thrust,cruise_7,0.8384289014182227,31.44108380318336,61.4205426773757,339.5050329972355,410.1190729841954,263.03350412261017,2.840270998784197,2.8311021847867366,307.1027133868785,5.070317352554744,True
vector_thrust,cruise_7,0.8378646262065641,31.41992348274616,61.42877686786876,339.4644114027529,410.07857276087896,263.06877421974264,2.8422248274407136,2.8314818065743963,307.1438843393438,5.089126534164396,True
vector_thrust,cruise_7,0.8376632188279393,31.41237070604773,61.431720388491385,339.44989259402575,410.0640987122672,263.08138241217307,2.842922867521958,2.831617512028555,307.1586019424569,5.095839453359314,True
vector_thrust,cruise_8,0.8376632188279393,31.41237070604773,61.42988553369349,339.41472125026826,410.0290189682932,263.07664088585744,2.8425770716038024,2.8425770716038024,307.14942766846747,5.095839453359314,True
vector_thrust,cruise_8,0.8374618071952837,31.404817769823147,61.43283143386823,339.4001811950313,410.014525942493,263.08925940623794,2.8432752887598296,2.842713416345739,307.16415716934114,5.102552372554232,True
vector_thrust,cruise_8,0.8368974084677029,31.383652817538866,61.4410989398464,339.3593816167919,409.97386218373015,263.12467262597266,2.845233686136393,2.843096060757309,307.205494699232,5.121361554163884,True
vector_thrust,cruise_8,0.8360816828594464,31.35306310722925,61.45308074469186,339.30027014658526,409.9149575174702,263.17599575642276,2.848068979762983,2.8436506138083484,307.2654037234593,5.1485416090910014,True
vector_thrust,cruise_8,0.8351760932645603,31.319103497421015,61.4664279553808,339.23444751703425,409.84937901767444,263.23316749675564,2.8512233165063012,2.8442683618443074,307.332139776904,5.178709194115772,True
vector_thrust,cruise_8,0.8343600021487281,31.288500080577307,61.47849708370725,339.1749505156996,409.7901151271497,263.28486467055563,2.8540719662558107,2.844826956482036,307.3924854185363,5.205889249042889,True
vector_thrust,cruise_8,0.8337951476393376,31.267318036475164,61.486873480706755,339.13367018716525,409.74900342225055,263.3207443165247,2.856047018561182,2.8452146406892904,307.43436740353377,5.224698430652541,True
vector_thrust,cruise_8,0.833593533164224,31.25975749365841,61.48986780157131,339.11891617761876,409.73431104137774,263.3335702573852,2.856752646177234,2.8453532266362944,307.44933900785657,5.23141134984746,True
vector_thrust,cruise_9,0.833593533164224,31.25975749365841,61.488021331916734,339.08346686100043,409.69898711015543,263.32879887205445,2.8564022630051897,2.8564022630051897,307.44010665958365,5.23141134984746,True
vector_thrust,cruise_9,0.8333919142917775,31.252196785941663,61.491018050574105,339.06869152419887,409.68427567734557,263.3416352232762,2.857108071172947,2.856541502552234,307.45509025287055,5.238124269042378,True
vector_thrust,cruise_9,0.8328269339159281,31.23101002184731,61.499428087118915,339.02723241655417,409.6429996828624,263.3776593910075,2.8590877746579366,2.8569322669299675,307.49714043559453,5.2569334506520295,True
vector_thrust,cruise_9,0.8320103652586295,31.200388697198616,61.511616202315025,338.967167154113,409.58320959767264,263.42986685809984,2.8619539512561487,2.857498576151697,307.5580810115751,5.284113505579147,True
vector_thrust,cruise_9,0.831103836423449,31.166393865879346,61.5251928837364,338.9002848599611,409.5166473663361,263.48802221166653,2.8651426972589884,2.85812940378713,307.62596441868203,5.3142810906039175,True
vector_thrust,cruise_9,0.8302868958971854,31.13575859614446,61.537469195940666,338.8398321967288,409.45649626745234,263.5406074682978,2.868022467987653,2.8586998109992754,307.6873459797033,5.341461145531035,True
vector_thrust,cruise_9,0.8297214518069694,31.114554442761364,61.54598921278549,338.7978900073427,409.4147700954366,263.5771027337193,2.8700191231955023,2.8590956855074396,307.72994606392746,5.360270327140687,True
vector_thrust,cruise_9,0.8295196265617327,31.10698599606498,61.54903483948875,338.7828996786349,409.39985831448445,263.59014859465333,2.8707324740145284,2.85923719766583,307.74517419744376,5.3669832463356055,True
vector_thrust,cruise_10,0.8295196265617327,31.10698599606498,61.54717645957837,338.747169991944,409.3642879628983,263.5853464117861,2.8703774181026005,2.8703774181026005,307.73588229789186,5.3669832463356055,True
vector_thrust,cruise_10,0.8293177967749082,31.09941737905907,61.55022450600787,338.73215825335507,409.34935705351097,263.59840278017833,2.8710909531697633,2.8705195986354175,307.75112253003937,5.373696165530523,True
vector_thrust,cruise_10,0.828752224444586,31.07820841667198,61.558778494257425,338.6900364707671,409.30746581999955,263.635044000345,2.8730923440087683,2.870918612208705,307.7938924712871,5.392505347140175,True
vector_thrust,cruise_10,0.827934797818591,31.047554918197168,61.571174982140214,338.62901285305946,409.24678595915395,263.6881446626977,2.8759899568081346,2.8714968649233517,307.85587491070106,5.419685402067293,True
vector_thrust,cruise_10,0.8270273131463348,31.01352424298756,61.58498343543216,338.5610658052881,409.1792351373185,263.7472935137932,2.879213729329077,2.8721409808759355,307.9249171771608,5.449852987092063,True
vector_thrust,cruise_10,0.8262095082227451,30.98285655835295,61.597469015736166,338.49965287301455,409.1181924311844,263.8007758057371,2.8821251800876864,2.872723389439818,307.98734507868085,5.4770330420191815,True
vector_thrust,cruise_10,0.8256434641616511,30.961629906061923,61.60613410087116,338.4570456222317,409.0758487361647,263.8378929121615,2.8841438267034345,2.873127585293481,308.0306705043558,5.4958422236288325,True
vector_thrust,cruise_10,0.8254414244343878,30.95405341628955,61.609231551571746,338.4418178296593,409.060716462165,263.85116091882367,2.8848650397055753,2.873272070513258,308.04615775785874,5.502555142823751,True
vector_thrust,cruise_11,0.8254414244343878,30.95405341628955,61.607360929679,338.4058053276726,409.02489741348427,263.84632686458315,2.8845052221293352,2.8845052221293352,308.036804648395,5.502555142823751,True
vector_thrust,cruise_11,0.8252393800198266,30.946476750743503,61.61046098975707,338.3905560406526,409.0097459327447,263.8596061241938,2.8852266302298326,2.884650397899444,308.0523049487854,5.509268062018669,True
vector_thrust,cruise_11,0.8246732053199193,30.925245199496977,61.61916038654852,338.3477683634341,408.9672363861532,263.89687065452085,2.8872500990065975,2.8850577931192523,308.09580193274263,5.528077243628321,True
vector_thrust,cruise_11,0.8238549056474924,30.894558961780973,61.63176736122451,338.28578171996526,408.905662290395,263.9508735930485,2.8901797148019495,2.8856481813200077,308.15883680612257,5.555257298555438,True
vector_thrust,cruise_11,0.8229464483649426,30.860491813685353,61.64580994526847,338.21676470984255,408.83711790487996,264.0110260739097,2.8934391462564406,2.8863057995147727,308.22904972634234,5.585424883580209,True
vector_thrust,cruise_11,0.8221277638972814,30.829791146148057,61.65850693019159,338.1543867931299,408.77517908931065,264.06541457820555,2.896382849843711,2.8869004029209653,308.292534650958,5.612604938507327,True
vector_thrust,cruise_11,0.8215611093641425,30.80854160115535,61.66731856837878,338.11111120526914,408.73221474370416,264.1031599031245,2.8984238859368663,2.887313054437223,308.3365928418939,5.631414120116978,True
vector_thrust,cruise_11,0.8213588514031955,30.800956927619843,61.67046837423617,338.09564477726855,408.71686085805806,264.11665233699347,2.899153103526317,2.8874605607391555,308.3523418711809,5.638127039311897,True
vector_thrust,cruise_12,0.8213588514031955,30.800956927619843,61.66858506487234,338.05934696548644,408.68079079075625,264.1117849011977,2.898788428534954,2.898788428534954,308.34292532436166,5.638127039311897,True
vector_thrust,cruise_12,0.8211565886078643,30.79337207279492,61.671737912205785,338.0438589565049,408.6654176182344,264.12529027157916,2.8995178624913653,2.8989366582377647,308.35868956102894,5.6448399585068145,True
vector_thrust,cruise_12,0.8205898010118214,30.772117537943313,61.680584210727936,338.00040208950924,408.622286612507,264.16318452595954,2.9015638094104057,2.8993525708641057,308.4029210536397,5.663649140116466,True
vector_thrust,cruise_12,0.8197706130534773,30.741397989505405,61.693403839032825,337.93744764041696,408.55981371821684,264.21809904810954,2.9045260089734,2.899955291342582,308.46701919516414,5.690829195043584,True
vector_thrust,cruise_12,0.8188611662068902,30.70729373275839,61.707682971505974,337.86735533737004,408.49027067957155,264.27926554358305,2.907821747393434,2.9006266310533753,308.53841485752986,5.720996780068354,True
vector_thrust,cruise_12,0.8180415868848636,30.676559508182393,61.72059355077221,337.80400761063373,408.42743114723027,264.33456966587266,2.9107982907713867,2.90123362763175,308.60296775386104,5.748176834995473,True
vector_thrust,cruise_12,0.8174743112648316,30.655286672431192,61.7295532637617,337.7600603335329,408.3838429504655,264.3729497457052,2.912862124266729,2.901654872489667,308.6477663188085,5.766986016605124,True
vector_thrust,cruise_12,0.8172718312778716,30.64769367292019,61.73275596913756,337.7443540711994,408.3682663084815,264.38666894498965,2.9135994923742423,2.901805449095513,308.66377984568777,5.773698935800042,True
vector_thrust,cruise_13,0.8172718312778716,30.64769367292019,61.73085960922567,337.70776840471405,408.3319428551899,264.3817669400352,2.91322986561642,2.91322986561642,308.65429804612836,5.773698935800042,True
vector_thrust,cruise_13,0.8170693463079012,30.6401004865463,61.73406597875418,337.69204047285695,408.3163468443221,264.39550149669344,2.9139674796910784,2.913381207069013,308.6703298937709,5.780411854994961,True
vector_thrust,cruise_13,0.8165019351744679,30.618822569042553,61.743060709811836,337.64791104408096,408.2725911600539,264.4340320504583,2.9160363148997717,2.913805776286723,308.7153035490592,5.799221036604612,True
vector_thrust,cruise_13,0.8156818435242288,30.588069132158587,61.75609521315421,337.5839838981055,408.20921479729515,264.4898676978941,2.919031693447626,2.9144210308012783,308.7804760657711,5.82640109153173,True
vector_thrust,cruise_13,0.8147713899740415,30.55392712402656,61.77061337261945,337.5128108474493,408.13866789761266,264.5520588541329,2.9223644030074243,2.9151063168398315,308.85306686309724,5.856568676556501,True
vector_thrust,cruise_13,0.8139509003190074,30.523158761962787,61.783739791081665,337.448488372858,408.0749229340265,264.6082882366536,2.925374387779988,2.9157259099319743,308.91869895540833,5.883748731483618,True
vector_thrust,cruise_13,0.8133829928802154,30.501862233008083,61.79284913890199,337.4038659764398,408.0307076111625,264.64730977210763,2.9274614367887235,2.916155889290243,308.96424569450994,5.90255791309327,True
vector_thrust,cruise_13,0.8131802870330466,30.494260763739256,61.7961053018674,337.38791865301357,408.0149070415608,264.6612581338547,2.9282071049922993,2.9163095866669124,308.980526509337,5.909270832288188,True
vector_thrust,cruise_14,0.8131802870330466,30.494260763739256,61.79419548110595,337.35104253526237,407.9783277879115,264.65632019382116,2.927832427966156,2.927832427966156,308.97097740552977,5.909270832288188,True
vector_thrust,cruise_14,0.8129775760526917,30.486659101975942,61.79745615451176,337.335073451726,407.96250776551375,264.67028719867096,2.928578381580236,2.927986941751018,308.9872807725588,5.915983751483107,True
vector_thrust,cruise_14,0.8124095306229935,30.46535739836226,61.80660088702808,337.2902680108884,407.9181241085822,264.70946079092346,2.9306705254666725,2.9284203102556234,309.0330044351404,5.934792933092758,True
vector_thrust,cruise_14,0.8115885197041676,30.43456948890629,61.819852542151196,337.2253631633058,407.85383949911227,264.76622734304067,2.9336996930967234,2.9290483056573233,309.09926271075597,5.961972988019876,True
vector_thrust,cruise_14,0.8106770421202973,30.400389079511157,61.83461226885623,337.1531037839349,407.78228340980746,264.8294540712326,2.9370700545967114,2.92974776851156,309.17306134428117,5.992140573044646,True
vector_thrust,cruise_14,0.8098556264810194,30.369585993038232,61.847956827253526,337.08780150931545,407.7176281913513,264.88661859634186,2.940114097450845,2.930380166597582,309.23978413626764,6.019320627971764,True
vector_thrust,cruise_14,0.8092870763716367,30.34826536393638,61.85721740876487,337.0425004841299,407.6727823916742,264.9262884549632,2.9422247905789023,2.930819025183688,309.28608704382435,6.038129809581416,True
vector_thrust,cruise_14,0.8090841407871444,30.34065527951792,61.86052760129513,337.0263108444743,407.6567566960847,264.940468435954,2.9429789122140284,2.930975895074959,309.30263800647566,6.0448427287763336,True
vector_thrust,cruise_15,0.8090841407871444,30.34065527951792,61.85860749755195,336.98914162601125,407.61991917957505,264.9355070747899,2.9425992383116397,2.9425992383116397,309.29303748775976,6.0448427287763336,True
vector_thrust,cruise_15,0.8088811999159092,30.333044996846606,61.86192018642011,336.9729301334586,407.60387394522,264.9496979241218,2.943353562319497,2.9427568539626945,309.3096009321005,6.051555647971252,True
vector_thrust,cruise_15,0.8083125093053796,30.31171909895174,61.87121652977189,336.92744515019,407.5588589450344,264.98952146719927,2.9454694459280106,2.9431991681274527,309.35608264885946,6.070364829580903,True
vector_thrust,cruise_15,0.8074905633588529,30.280896125956993,61.884687672325946,336.86155748018007,407.49366119975775,265.0472289555634,2.9485330282297,2.9438401166102746,309.42343836162974,6.097544884508022,True
vector_thrust,cruise_15,0.8065780442076389,30.246676657786466,61.89969157271337,336.78820606162174,407.42109046871656,265.1115024500756,2.951941739803569,2.9445539927459556,309.4984578635669,6.127712469532792,True
vector_thrust,cruise_15,0.8057556867484569,30.21583825306714,61.913256632026204,336.72191881778303,407.35552006002405,265.1696122577123,2.9550204731626444,2.9451994097290477,309.56628316013104,6.1548925244599095,True
vector_thrust,cruise_15,0.8051864829884643,30.19449311206742,61.92267008817513,336.6759355731425,407.31004035524296,265.20993748692,2.957155249975639,2.945647296046973,309.61335044087565,6.173701706069561,True
vector_thrust,cruise_15,0.8049833137436715,30.186874265387686,61.92603489732353,336.65950233307626,407.2937883075593,265.2243516083651,2.957917982302176,2.945807391548152,309.63017448661765,6.180414625264479,True
vector_thrust,cruise_16,0.8049833137436715,30.186874265387686,61.92410205532658,336.62203730974824,407.25669001582935,265.2193575601581,2.9575331215477996,2.9575331215477996,309.6205102766329,6.180414625264479,True
vector_thrust,cruise_16,0.8047801390590902,30.17925521471589,61.927468994157124,336.6055821220166,407.24041834157157,265.23378114533193,2.9582960436119063,2.957693962865249,309.63734497078565,6.187127544459398,True
vector_thrust,cruise_16,0.8042107922652736,30.15790470994777,61.93691859655262,336.55941398503944,407.19476855030194,265.2742617189218,2.9604361088117828,2.9581453727407303,309.6845929827631,6.20593672606905,True
vector_thrust,cruise_16,0.8033878953608181,30.127046076030684,61.95061161823311,336.4925382544989,407.1286526681554,265.3329204167606,2.963534747090543,2.95879949181907,309.75305809116554,6.233116780996167,True
vector_thrust,cruise_16,0.802474316917626,30.09278688441098,61.96586236070823,336.41808895559495,407.05506171849544,265.3982521393799,2.9669825244114456,2.959528023609931,309.82931180354115,6.263284366020938,True
vector_thrust,cruise_16,0.8016510016298752,30.061912561120327,61.97965033765434,336.3508114551387,406.9885710713405,265.45731761022046,2.9700965965944066,2.9601866787245417,309.8982516882717,6.290464420948055,True
vector_thrust,cruise_16,0.8010811331190076,30.040542491962796,61.9892183478402,336.3041423182949,406.94245395481437,265.4983054236327,2.972255907706864,2.9606437449691088,309.946091739201,6.309273602557707,True
vector_thrust,cruise_16,0.800877726247919,30.03291473429697,61.99263837435357,336.2874641642984,406.92597430091774,265.512956265958,2.9730274119374585,2.9608071204928046,309.96319187176783,6.315986521752625,True
vector_thrust,cruise_17,0.800877726247919,30.03291473429697,61.990691798301086,336.24970057712216,406.8886126717153,265.5079259147512,2.972637234165466,2.972637234165466,309.95345899150544,6.315986521752625,True
vector_thrust,cruise_17,0.8006743137822636,30.025286766834892,61.99411439755521,336.23300037852715,406.8721133014174,265.52258794680705,2.9734089504930132,2.9728013908559587,309.97057198777605,6.322699440947543,True
vector_thrust,cruise_17,0.8001042996755747,30.003911237834057,62.00371894842514,336.18614539369776,406.8258251920984,265.5637328076204,2.9755736504238737,2.9732620503440965,310.0185947421257,6.341508622557195,True
vector_thrust,cruise_17,0.799280435698449,29.973016338691842,62.01763630078205,336.1182762443926,406.7587860572926,265.6233532452003,2.9787080023634593,2.973929563120058,310.0881815039103,6.368688677484313,True
vector_thrust,cruise_17,0.7983657800327312,29.938716751227425,62.03313662053907,336.04272309011213,406.6841691842771,265.6897549445341,2.9821955794095754,2.9746729991706826,310.1656831026953,6.398856262509083,True
vector_thrust,cruise_17,0.7975414907212129,29.907805902045492,62.04714999214863,335.97444992453785,406.61675313477116,265.74978671829894,2.985345655333989,2.9753451172828314,310.23574996074314,6.426036317436201,True
vector_thrust,cruise_17,0.7969709462295563,29.886410483608373,62.05687427771947,335.9270911386653,406.56999501955505,265.79144450970546,2.9875299629127356,2.9758115195621664,310.2843713885974,6.444845499045853,True
vector_thrust,cruise_17,0.7967672977197929,29.87877366449224,62.06035013736908,335.9101667271575,406.55328647661423,265.8063347178542,2.988310404396458,2.975978230921215,310.30175068684537,6.45155841824077,True
vector_thrust,cruise_18,0.7967672977197929,29.87877366449224,62.05839034054135,335.87210176033955,406.51565889592274,265.80127028636576,2.987914842293006,2.987914842293006,310.29195170270674,6.45155841824077,True
vector_thrust,cruise_18,0.7965636434578315,29.871136629668687,62.06186881721727,335.8551552050177,406.4989305446204,265.81617186924404,2.988695501144002,2.9880823533835574,310.30934408608636,6.458271337435689,True
vector_thrust,cruise_18,0.7959929507752634,29.849735654072386,62.071630048795086,335.80760959347907,406.45200050936774,265.8579884575952,2.9908853006239524,2.9885524203808065,310.35815024397544,6.477080519045341,True
vector_thrust,cruise_18,0.7951681034170918,29.818803878140944,62.085774245604384,335.73874154435936,406.38403288879437,265.91858143204115,2.9940560408830477,2.9892335557549554,310.42887122802193,6.504260573972458,True
vector_thrust,cruise_18,0.7942523523822207,29.784463214333282,62.101526947612996,335.662078422797,406.3083842569329,265.9860651558036,2.9975841706199797,2.989992151150778,310.507634738065,6.534428158997229,True
vector_thrust,cruise_18,0.7934270726559947,29.753515224599802,62.11576825481933,335.59280405977574,406.2400375228917,266.0470741459472,3.0007709324617586,2.990677963024314,310.57884127409665,6.561608213924346,True
vector_thrust,cruise_18,0.7928558408175828,29.732094030659358,62.12565058162053,335.5447517820733,406.192634739904,266.0894094996973,3.002980710687412,2.991153861546873,310.62825290810264,6.580417395533998,True
vector_thrust,cruise_18,0.792651946608091,29.724447997803416,62.12918290613021,335.52757973873287,406.17569599571925,266.10454178692976,3.0037702590759996,2.9913239660221866,310.64591453065105,6.587130314728916,True
vector_thrust,cruise_19,0.792651946608091,29.724447997803416,62.127209599469815,335.4892105179393,406.13779979613855,266.0994423996533,3.0033692082867507,3.0033692082867507,310.63604799734907,6.587130314728916,True
vector_thrust,cruise_19,0.7924480464872687,29.716801743272583,62.13074458554524,335.4720162293381,406.1208411495517,266.1145862481398,3.004158979420112,3.003540131486849,310.6537229277262,6.593843233923835,True
vector_thrust,cruise_19,0.7918766638328946,29.69537489373355,62.140664273592435,335.4237761260871,406.073265498188,266.15708219127345,3.006374355291859,3.0040197679939147,310.7033213679622,6.6126524155334865,True
vector_thrust,cruise_19,0.7910508165923801,29.66440562221426,62.15503789177972,335.35390357120565,406.0043640394244,266.2186587709257,3.0095821760023758,3.004714760819196,310.7751894588986,6.639832470460604,True
vector_thrust,cruise_19,0.790133951826426,29.63002319349098,62.17104585127314,335.2761242312568,405.92767768024396,266.28723686866425,3.0131516309170165,3.0054887772742984,310.8552292563657,6.6700000554853744,True
vector_thrust,cruise_19,0.7893076650995124,29.599037441231726,62.185517698098245,335.2058430125262,405.8583948591689,266.3492342598071,3.0163757785389693,3.0061885196483273,310.9275884904912,6.697180110412492,True
vector_thrust,cruise_19,0.78873573441282,29.577590040480754,62.19555987581866,335.1570933127536,405.81034365578785,266.392254948709,3.018611513901019,3.00667407877315,310.9777993790933,6.715989292022144,True
vector_thrust,cruise_19,0.7885315903940494,29.569934639776857,62.1991493125613,335.1396722319945,405.79317336828836,266.40763209555405,3.0194103432512533,3.0068476351283575,310.9957465628065,6.722702211217062,True
vector_thrust,cruise_20,0.7885315903940494,29.569934639776857,62.19716231890206,335.1009958233574,405.75500582814624,266.4024973139664,3.019003701809099,3.019003701809099,310.9858115945103,6.722702211217062,True
vector_thrust,cruise_20,0.7883274404934689,29.56227901850509,62.20075444888702,335.083552407056,405.73781555530564,266.4178861588624,3.0198027582044173,3.0191780957437504,311.0037722444351,6.72941513041198,True
vector_thrust,cruise_20,0.7877553561246052,29.5408258546727,62.210834417018475,335.0346138443269,405.6895904990481,266.46106928951986,3.022044200563188,3.019667468150635,311.0541720850924,6.748224312021632,True
vector_thrust,cruise_20,0.7869284925653226,29.509818471199605,62.22544009367148,334.96373106900256,405.6197497463074,266.52364080116104,3.025289810846552,3.020376559195866,311.1272004683574,6.77540436694875,True
vector_thrust,cruise_20,0.7860104950388861,29.47539356395824,62.241706266471944,334.88482908568125,405.542019524296,266.5933259680438,3.0289013854376012,3.0211662656697222,311.2085313323597,6.80557195197352,True
vector_thrust,cruise_20,0.785183187187852,29.444369519544455,62.255964061391104,334.81456048025825,405.4728203435078,266.6544071358002,3.0321511236990504,3.0218584674074185,311.2798203069555,6.8327520069006376,True
vector_thrust,cruise_20,0.7846105529808939,29.422895736783527,62.26566113615969,334.7675558672951,405.4265634017918,266.69594993050424,3.034410756733406,3.022329250723114,311.32830568079845,6.851561188510289,True
vector_thrust,cruise_20,0.7844061587431183,29.415230952866942,62.269121266539614,334.7507873875954,405.41006326983285,266.7107733168804,3.0352180989379036,3.022497236604606,311.3456063326981,6.858274107705207,True
vector_thrust,cruise_21,0.7844061587431183,29.415230952866942,62.26712042861926,334.7135627767712,405.3733835890749,266.7056027376183,3.0348217441459093,3.0348217441459093,311.3356021430963,6.858274107705207,True
vector_thrust,cruise_21,0.7842017589433952,29.407565960377326,62.27058003068688,334.6968033735853,405.3568948908828,266.7204240142973,3.035629451016528,3.0349903942690406,311.3529001534344,6.864987026900126,True
vector_thrust,cruise_21,0.7836289776957279,29.386086663589804,62.28027140872871,334.64986496539416,405.31071920606837,266.76194293353524,3.037895082887103,3.035462834733745,311.40135704364354,6.883796208509778,True
vector_thrust,cruise_21,0.7828011136887998,29.35504176333,62.294270601546394,334.5820901533096,405.24405756679784,266.8219170005325,3.0411755298631857,3.036145274850263,311.471353007732,6.910976263436895,True
vector_thrust,cruise_21,0.7818820172109059,29.32057564540898,62.3098012288511,334.50693944159156,405.17015762520344,266.88845189969487,3.044825596091263,3.036902370151786,311.5490061442555,6.941143848461666,True
vector_thrust,cruise_21,0.7810537266812535,29.289514750547013,62.323787226937306,334.4392974389121,405.10365626887926,266.9483694390224,3.0481223703435525,3.0375841670444657,311.6189361346865,6.968323903388783,True
vector_thrust,cruise_21,0.7804804135688759,29.268015508832853,62.33346215138549,334.3925246413632,405.0576804536489,266.9898178692672,3.050408362121381,3.0380558054205498,311.66731075692746,6.987133084998435,True
vector_thrust,cruise_21,0.780275777067241,29.260341640021544,62.33691435954202,334.3758389418551,405.0412807057967,267.00460750506693,3.0512251269729793,3.038224095504644,311.68457179771013,6.993846004193354,True
vector_thrust,cruise_22,0.780275777067241,29.260341640021544,62.334899590573244,334.3386292328498,405.0046521553919,266.9994009104247,3.05082609098059,3.05082609098059,311.6744979528662,6.993846004193354,True
vector_thrust,cruise_22,0.7800711350778238,29.2526675654184,62.33835125704959,334.32195265462633,404.9882638932106,267.0141883818505,3.0516432269527853,3.0509950576655025,311.69175628524795,7.0005589233882715,True
vector_thrust,cruise_22,0.779497675367106,29.23116282626648,62.348020362496875,334.2752464490625,404.9423697700321,267.05561241437346,3.0539353219025505,3.051468382769543,311.7401018124844,7.019368104997923,True
vector_thrust,cruise_22,0.7786688313115244,29.20008117418217,62.36198724565334,334.20780752388725,404.87611537981087,267.1154488310165,3.057254121214731,3.052152094045535,311.8099362282667,7.046548159925041,True
vector_thrust,cruise_22,0.7777486475605869,29.165574283522016,62.3774818389274,334.1330300952751,404.80266797754916,267.18183020819606,3.0609469111089678,3.052910590269736,311.88740919463703,7.076715744949811,True
vector_thrust,cruise_22,0.7769193778834809,29.134476670630537,62.3914352154138,334.06572483870957,404.7365748199623,267.24160876004606,3.0642823190808826,3.053593640362894,311.957176077069,7.103895799876929,True
vector_thrust,cruise_22,0.7763453874318325,29.112952028693723,62.4010874782722,334.01918531519755,404.6908817506081,267.2829606361532,3.0665951248203847,3.0540661409831515,312.005437391361,7.122704981486581,True
vector_thrust,cruise_22,0.7761405092406334,29.10526909652376,62.40453158141076,334.00258291747355,404.67458296580276,267.29771573849234,3.0674214750778632,3.054234737807856,312.0226579070538,7.129417900681499,True
vector_thrust,cruise_23,0.7761405092406334,29.10526909652376,62.40250312146894,333.9653896760156,404.6380072893017,267.2924742587634,3.0670197560192283,3.0670197560192283,312.0125156073447,7.129417900681499,True
vector_thrust,cruise_23,0.7759356256345926,29.097585961297227,62.40594640337813,333.94879644412237,404.6217200417962,267.30722611535765,3.067846472239131,3.067189024666758,312.02973201689065,7.136130819876417,True
vector_thrust,cruise_23,0.7753614890698018,29.076055840117576,62.41559272489061,333.9023239021746,404.576109101749,267.34855307066266,3.0701654878173166,3.067663226526455,312.07796362445305,7.154940001486069,True
vector_thrust,cruise_23,0.7745316672991283,29.04493752371732,62.42952655861239,333.83522297548234,404.5102643039957,267.4082486678736,3.073523303213411,3.0683481974613867,312.1476327930619,7.182120056413186,True
vector_thrust,cruise_23,0.7736103988770099,29.010389957887877,62.444984295682815,333.76082117417116,404.43727204245914,267.47447300098787,3.0772595570596715,3.0691080816988836,312.22492147841405,7.212287641437957,True
vector_thrust,cruise_23,0.7727801524072963,28.979255715273617,62.45890430876267,333.6938547762346,404.3715894277322,267.53410938754575,3.080634268967941,3.069792373227322,312.29452154381335,7.239467696365074,True
vector_thrust,cruise_23,0.7722054862518968,28.957705734446137,62.46853339614863,333.6475499889222,404.32618072662774,267.5753625080926,3.082974354284782,3.0702657278777497,312.34266698074316,7.258276877974726,True
vector_thrust,cruise_23,0.7720003669560164,28.95001376085062,62.471969210767035,333.63103141487267,404.30998348392507,267.5900822908653,3.0838104564848714,3.070434628497542,312.35984605383516,7.264989797169645,True
vector_thrust,cruise_24,0.7720003669560164,28.95001376085062,62.469926258549755,333.5938553458479,404.27346157649635,267.5848030360408,3.0834059981507034,3.0834059981507034,312.34963129274877,7.264989797169645,True
vector_thrust,cruise_24,0.7717952423203586,28.942321587013453,62.47336130729226,333.5773459822878,404.25727592281567,267.59951978413017,3.0842424761038703,3.083575580686098,312.3668065364613,7.271702716364563,True
vector_thrust,cruise_24,0.7712204305495562,28.920766145608365,62.48298432756537,333.5311085667169,404.21194978874297,267.640747447199,3.0865888802618793,3.084050651101734,312.41492163782686,7.2905118979742145,True
vector_thrust,cruise_24,0.77038963345392,28.889611254522006,62.49688436362058,333.4643477526233,404.1465169288009,267.7002990211227,3.0899863906021916,3.08473686974402,312.4844218181029,7.317691952901332,True
vector_thrust,cruise_24,0.7694672830253948,28.85502311345231,62.51230441288803,333.3903239256046,404.0739824114873,267.76636274932366,3.0937668655603896,3.0854981285804106,312.56152206444017,7.3478595379261025,True
vector_thrust,cruise_24,0.768636062174713,28.823852331551745,62.52619031238883,333.3236985013083,404.00871268561167,267.8258537583715,3.0971815669236356,3.086183649327676,312.63095156194413,7.37503959285322,True
vector_thrust,cruise_24,0.7680607219904463,28.80227707464174,62.53579570463175,333.2776299140729,403.9635899764082,267.8670058981243,3.09954940807458,3.086657849480715,312.6789785231588,7.393848774462872,True
vector_thrust,cruise_24,0.7678553621888282,28.794576082081065,62.539223045135046,333.2611956861977,403.9474948553166,267.88168956661053,3.100395432560761,3.0868270508365896,312.6961152256752,7.4005616936577905,True
vector_thrust,cruise_25,0.7678553621888282,28.794576082081065,62.537165577775724,333.22403749771684,403.91102761518636,267.8763726583854,3.0999882128154916,3.0999882128154916,312.68582788887863,7.4005616936577905,True
vector_thrust,cruise_25,0.7676499971230981,28.786874892116185,62.54059219842146,333.207612524994,403.8949441348254,267.89105346893047,3.1008346226437458,3.10015810588666,312.7029609921073,7.407274612852708,True
vector_thrust,cruise_25,0.7670745118294817,28.76529419360557,62.5501913986863,333.16161169995615,403.8499044305297,267.9321796176785,3.10320889426367,3.100634036537401,312.7509569934315,7.42608379446236,True
vector_thrust,cruise_25,0.7662427418498003,28.734102819367518,62.56405688662697,333.095193114571,403.7848858551018,267.9915839538446,3.106646794276019,3.1013214907539766,312.8202844331349,7.453263849389478,True
vector_thrust,cruise_25,0.7653193121360345,28.699474205101303,62.57943841418073,333.02154961101786,403.7128116869815,268.05748350509623,3.1104722652315893,3.10208411057775,312.89719207090366,7.483431434414248,True
vector_thrust,cruise_25,0.76448711936685,28.66826697625688,62.59328944783876,332.95526727731027,403.64795719724196,268.1168259142922,3.1139276576352373,3.102770848147032,312.96644723919377,7.510611489341366,True
vector_thrust,cruise_25,0.7639111068637829,28.646666507391867,62.6028706238404,332.909436355354,403.603122104467,268.1578748410896,3.1163237420507985,3.1032458851499527,313.01435311920204,7.529420670951017,True
vector_thrust,cruise_25,0.7637055071679301,28.638956518797382,62.60628930415117,332.8930869966227,403.58712968480444,268.1725215982096,3.11717986316651,3.103415384139271,313.0314465207559,7.536133590145936,True
vector_thrust,cruise_26,0.7637055071679301,28.638956518797382,62.60421727157702,332.8559473995234,403.5507180127516,268.1671670596327,3.1167698583743153,3.1167698583743153,313.0210863578851,7.536133590145936,True
vector_thrust,cruise_26,0.7634999022843765,28.631246335664123,62.60763525364521,332.8396073406204,403.5347372855227,268.18181103876293,3.1176263734928957,3.1169400578557074,313.03817626822604,7.542846509340854,True
vector_thrust,cruise_26,0.7629237451867594,28.609640444503487,62.617210111711785,332.79384457160535,403.4899856356862,268.2228334365046,3.120029002614501,3.117416840208302,313.08605055855895,7.561655690950506,True
vector_thrust,cruise_26,0.7620910048154675,28.57841268058004,62.63104029618658,332.72777033294426,403.4253836927224,268.28208729951535,3.1235080032312097,3.118105517559259,313.15520148093293,7.588835745877623,True
vector_thrust,cruise_26,0.761166498594877,28.543743697307892,62.64638246248657,332.65450950411673,403.3537724801153,268.3478190778279,3.1273792631571853,3.118869484407357,313.2319123124329,7.619003330902394,True
vector_thrust,cruise_26,0.760333336421301,28.51250011579879,62.660197872895964,332.5885723798006,403.2893355749817,268.4070096429815,3.130876064580059,3.1195574260796866,313.30098936447985,7.646183385829512,True
vector_thrust,cruise_26,0.7597566533452781,28.490874500447934,62.669754307959714,332.54298058959483,403.2447897239663,268.4479531093962,3.133300891089563,3.1200332910538293,313.3487715397986,7.664992567439163,True
vector_thrust,cruise_26,0.7595508143794689,28.48315553923009,62.673164140716395,332.5267166234268,403.22890058583374,268.46256215262326,3.134167287257579,3.120203084493082,313.36582070358196,7.671705486634082,True
vector_thrust,cruise_27,0.7595508143794689,28.48315553923009,62.67107729437959,332.48959633125446,403.1925453851575,268.4571692412937,3.1337544644704662,3.1337544644704662,313.355386471898,7.671705486634082,True
vector_thrust,cruise_27,0.7593449703036684,28.475436386387575,62.674486468410414,332.4733417096389,403.17666799118945,268.4717756555067,3.134621264296992,3.1339249680777246,313.3724323420521,7.6784184058289995,True
vector_thrust,cruise_27,0.7587681431582299,28.453805368433628,62.684036458175676,332.42781846348674,403.1322060213717,268.512692049032,3.1370527524112157,3.134402593358667,313.42018229087836,7.697227587438651,True
vector_thrust,cruise_27,0.7579344349418177,28.42254131031817,62.69783057812725,332.36209069149606,403.06802306006443,268.5717921794142,3.140573581191599,3.135092481052706,313.48915289063626,7.724407642365769,True
vector_thrust,cruise_27,0.7570088550529,28.38783206448376,62.7131325373657,332.28921489076816,402.9968774106355,268.6373525623364,3.1444914416326197,3.135857780572385,313.5656626868285,7.754575227390539,True
vector_thrust,cruise_27,0.7561747260432516,28.35655222662194,62.72691156146791,332.2236250965248,402.9328604397582,268.6963880154014,3.1480303868892916,3.1365469132751076,313.63455780733955,7.781755282317658,True
vector_thrust,cruise_27,0.7555973741776721,28.334901531662712,62.73644272697729,332.17827390582596,402.8886054566326,268.7372237574622,3.150484466030158,3.1370235970953035,313.6822136348864,7.800564463927309,True
vector_thrust,cruise_27,0.7553912965795977,28.327173621734918,62.73984352341306,332.1620958560966,402.8728201804129,268.75179427834104,3.151361319863048,3.137193681712462,313.6992176170653,7.807277383122227,True
vector_thrust,cruise_28,0.7553912965795977,28.327173621734918,62.737741752225986,332.12499558523336,402.8365223570439,268.7463627865268,3.150945651900025,3.150945651900025,313.68870876112993,7.807277383122227,True
vector_thrust,cruise_28,0.7551852139502938,28.31944552313602,62.74114188026524,332.10882692480976,402.8207488767285,268.7609306374559,3.1518229170237455,3.1511164542359773,313.7057094013262,7.813990302317145,True
vector_thrust,cruise_28,0.754607718550115,28.297789445629316,62.75066647403359,332.0635446695763,402.7765782132147,268.8017387660253,3.1542837775188195,3.1515949135309973,313.753332370168,7.832799483926797,True
vector_thrust,cruise_28,0.7537730450884185,28.2664891908157,62.76442376618756,331.9981654859354,402.7128165837777,268.8606818937475,3.157847179303202,3.1522859985752,313.8221188309378,7.859979538853914,True
vector_thrust,cruise_28,0.7528463944289083,28.23173979108407,62.779684670199586,331.9256770685713,402.64213910628627,268.9260672475123,3.161812471107755,3.153052616191926,313.898423350998,7.890147123878685,True
vector_thrust,cruise_28,0.7520113012049012,28.200423795183802,62.79342654293732,331.8604367267552,402.578544420267,268.98494431073476,3.165394312518365,3.1537429266557915,313.9671327146866,7.917327178805803,True
vector_thrust,cruise_28,0.7514332823701273,28.17874808887978,62.802931908967224,331.81532760446083,402.5345819318003,269.0256700580457,3.1678781670058482,3.154220420062881,314.0146595448361,7.936136360415454,True
vector_thrust,cruise_28,0.751226966790672,28.171011254650207,62.80632347984911,331.79923599544946,402.5189010981004,269.04020124582826,3.1687656654743757,3.154390792537826,314.03161739924553,7.942849279610373,True
vector_thrust,cruise_29,0.751226966790672,28.171011254650207,62.804206596326445,331.7621564649937,402.48266156046816,269.0347306747433,3.1683471212947016,3.1683471212947016,314.02103298163223,7.942849279610373,True
vector_thrust,cruise_29,0.7510206462598966,28.16327423474613,62.80759748884505,331.7460742900746,402.46699257442395,269.0492591504739,3.169235038861497,3.1685182191085137,314.0379874442253,7.949562198805292,True
vector_thrust,cruise_29,0.7504424844353165,28.141593166324373,62.81709615505598,331.7010344949498,402.4231148441259,269.0899567370449,3.1717257972689663,3.1689975032549595,314.0854807752799,7.9683713804149425,True
vector_thrust,cruise_29,0.7496068483820714,28.110256814327684,62.83081585067297,331.6360060229555,402.3597768976522,269.14873956898793,3.17533253453866,3.169689772301046,314.15407925336484,7.995551435342061,True
vector_thrust,cruise_29,0.7486791299096139,28.07546737161053,62.846034845082386,331.56390734598483,402.28957020179826,269.2139462336485,3.17934610825109,3.17045769303659,314.23017422541193,8.02571902036683,True
vector_thrust,cruise_29,0.7478430751470179,28.044115318013176,62.859738795808525,331.499018580514,402.2264001520539,269.2726616057151,3.182971615992535,3.1711491676264925,314.29869397904264,8.052899075293949,True
vector_thrust,cruise_29,0.7472643912008635,28.022414670032386,62.86921782855434,331.4541529965887,402.18273178556166,269.3132750715377,3.1854857809607404,3.171627461106305,314.3460891427717,8.0717082569036,True
vector_thrust,cruise_29,0.7470578383042874,28.014668936410782,62.87259998326457,331.4381483529523,402.16715597517987,269.3277661096433,3.1863841154802457,3.17179811802763,314.36299991632285,8.07842117609852,True
vector_thrust,cruise_30,0.7470578383042874,28.014668936410782,62.87046782188528,331.4010902847072,402.13097563418575,269.3222560494078,3.1859626646063073,3.1859626646063073,314.3523391094264,8.07842117609852,True
vector_thrust,cruise_30,0.7468512805374037,28.006923020152644,62.87384927958151,331.3850951199774,402.115411723217,269.33674429972666,3.1868614258284023,3.1861340541723546,314.36924639790755,8.085134095293437,True
vector_thrust,cruise_30,0.746272454156127,27.98521703085477,62.88332148424837,331.340299255186,402.07182855355524,269.3773290565314,3.1893826202507616,3.186614153818885,314.41660742124185,8.103943276903088,True
vector_thrust,cruise_30,0.7454358582191082,27.953844683216563,62.89700281072318,331.27562361960685,402.0089166418461,269.4359482826967,3.193033473727518,3.1873075932276076,314.4850140536159,8.131123331830207,True
vector_thrust,cruise_30,0.7445070749513839,27.9190153106769,62.912179037241444,331.2039170416604,401.9391833380774,269.5009725810402,3.1970962002819117,3.1880768017952668,314.56089518620723,8.161290916854977,True
vector_thrust,cruise_30,0.7436700613801088,27.887627301754087,62.92584429170036,331.1393819778658,401.876440276664,269.55952294476936,3.2007661630132596,3.1887694265919566,314.6292214585018,8.188470971782094,True
vector_thrust,cruise_30,0.7430907142178824,27.865901783170596,62.935296454854885,331.09476140323574,401.83306765988476,269.6000218313653,3.2033111864505623,3.189248510432058,314.6764822742744,8.207280153391746,True
vector_thrust,cruise_30,0.7428839246818325,27.858147175568728,62.93866900188789,331.0788442499714,401.8175974537668,269.61447189931164,3.2042205530371266,3.189419448317598,314.69334500943944,8.213993072586664,True
vector_thrust,cruise_31,0.7428839246818325,27.858147175568728,62.936521503535175,331.04180836839765,401.781477222723,269.6089223555694,3.2037961694421453,3.2037961694421453,314.6826075176759,8.213993072586664,True
vector_thrust,cruise_31,0.7426771303573009,27.850392388398788,62.93989330259,331.02590073886097,401.76601896775986,269.62336943512946,3.2047059690508664,3.2039678458753644,314.69946651295004,8.220705991781582,True
vector_thrust,cruise_31,0.7420976413237371,27.82866154964015,62.94933851068236,330.9813502755117,401.72273198649737,269.66383906906435,3.2072581506066484,3.204448751540676,314.74669255341183,8.239515173391235,True
vector_thrust,cruise_31,0.7412600882637712,27.797253309891428,62.96298069427854,330.9170296023685,401.6602484618188,269.72229137319493,3.2109539199328476,3.20514334750001,314.8149034713927,8.266695228318351,True
vector_thrust,cruise_31,0.7403302432773625,27.762384122901096,62.978113293185956,330.8457174834315,401.59099116105864,269.7871296203833,3.2150666913877433,3.2059138284105106,314.8905664659298,8.296862813343122,True
vector_thrust,cruise_31,0.7394922736804035,27.730960263015135,62.991739075994836,330.7815382478328,401.5286774404236,269.845511652346,3.2187819169278,3.206607589316982,314.9586953799742,8.32404286827024,True
vector_thrust,cruise_31,0.7389122652341578,27.70920994628092,63.001163832543284,330.73716415422876,401.48560220134624,269.88589365793035,3.2213583601518065,3.2070874536837666,315.0058191627164,8.342852049879891,True
vector_thrust,cruise_31,0.738705239749397,27.70144649060239,63.0045265801363,330.72133501661716,401.4702381805228,269.9003019337755,3.2222789595918035,3.2072586690076426,315.0226329006815,8.34956496907481,True
vector_thrust,cruise_32,0.738705239749397,27.70144649060239,63.00236313043854,330.68432204870925,401.43417897501627,269.89471076914316,3.221851591233847,3.221851591233847,315.0118156521927,8.34956496907481,True
vector_thrust,cruise_32,0.7384982095603158,27.693682858511846,63.00572516793083,330.6685024797471,401.4188269571643,269.90911619936554,3.2227726342957124,3.22202355517546,315.0286258396541,8.356277888269728,True
vector_thrust,cruise_32,0.7379180598199703,27.67192724324889,63.01514283261315,330.62419889000086,401.3758377925473,269.9494683702926,3.225356366983234,3.2225052567461967,315.07571416306575,8.37508706987938,True
vector_thrust,cruise_32,0.7370795524574759,27.640483217155353,63.02874508231748,330.56023530681983,401.313785007845,270.00775036732387,3.229097870499287,3.2232009945186797,315.1437254115874,8.402267124806498,True
vector_thrust,cruise_32,0.7361486488954,27.605574333577508,63.04383317417304,330.4893200085284,401.2450063217437,270.07239880003544,3.233261599775193,3.223972731227447,315.2191658708652,8.432434709831268,True
vector_thrust,cruise_32,0.735309726115879,27.574114729345467,63.05741869180917,330.42549872911457,401.183124294966,270.13060910465475,3.237022914843141,3.2246676131761496,315.2870934590458,8.459614764758385,True
vector_thrust,cruise_32,0.734729058359429,27.552339688478597,63.0668154920137,330.3813725892741,401.1403480620029,270.1708718768634,3.239631352311039,3.2251482475551567,315.3340774600685,8.478423946368038,True
vector_thrust,cruise_32,0.7345217976316551,27.544567411187074,63.07016824387372,330.36563199295335,401.1250908076535,270.18523752065033,3.240563390094245,3.225319736548632,315.3508412193686,8.485136865562955,True
vector_thrust,cruise_33,0.7345217976316551,27.544567411187074,63.06798917409785,330.3286426686901,401.08909354596904,270.17960626006544,3.2401330280613134,3.2401330280613134,315.33994587048926,8.485136865562955,True
vector_thrust,cruise_33,0.7343145322832739,27.536794960622778,63.07134119398563,330.3129116858614,401.0738483463075,270.1939689706909,3.2410655175481518,3.240305273086444,315.35670596992816,8.491849784757873,True
vector_thrust,cruise_33,0.7337337238156534,27.515014643087003,63.080730775058605,330.2688564423648,401.0311586264959,270.2342013624243,3.243681379541157,3.240787760654835,315.403653875293,8.510658966367526,True
vector_thrust,cruise_33,0.7328942650200677,27.483534938252543,63.09429230953404,330.2052520773425,400.969538934555,270.2923097022216,3.2474694561784787,3.2414846258016508,315.4714615476702,8.537839021294642,True
vector_thrust,cruise_33,0.7319623060795843,27.448586477984417,63.10933502628894,330.13473596203306,400.90124147453605,270.35676459840164,3.2516850792236824,3.242257602122196,315.54667513144466,8.568006606319415,True
vector_thrust,cruise_33,0.731122433009338,27.417091237850183,63.12287949588548,330.0712747673839,400.8397934944456,270.4147998187569,3.2554933314341894,3.242953590382993,315.6143974794274,8.595186661246533,True
vector_thrust,cruise_33,0.730541107950123,27.39529154812962,63.13224779738674,330.0273980544318,400.7973178958125,270.4549410319752,3.2581343521361976,3.2434349844916586,315.6612389869337,8.613995842856182,True
vector_thrust,cruise_33,0.7303336126970169,27.38751047613814,63.13559035985421,330.0117465251735,400.7821679890415,270.46926321328925,3.2590780389536356,3.243606743468407,315.67795179927106,8.6207087620511,True
vector_thrust,cruise_34,0.7303336126970169,27.38751047613814,63.13339440897915,329.9747815766554,400.7462335913051,270.4635872278954,3.258644599980009,3.258644599980009,315.6669720448957,8.6207087620511,True
vector_thrust,cruise_34,0.7301261129117539,27.379729234190776,63.136736272982,329.9591397059741,400.7310957911476,270.4779066011563,3.259588749334397,3.258817125046433,315.68368136491,8.627421681246018,True
vector_thrust,cruise_34,0.7295446477445874,27.35792429042203,63.14609721257391,329.9153342826403,400.6887071449468,270.5180168294096,3.2622373322013023,3.2593003878029507,315.73048606286955,8.64623086285567,True
vector_thrust,cruise_34,0.7287042404553444,27.32640901707542,63.15961722487786,329.85209126578457,400.62752289946104,270.5759480632664,3.2660728403472685,3.259998364577986,315.79808612438933,8.673410917782787,True
vector_thrust,cruise_34,0.7277712294118347,27.291421102943804,63.17461366984399,329.78197669777546,400.55970927792123,270.64020559077477,3.270341314838706,3.2607725628616415,315.87306834922,8.703578502807558,True
vector_thrust,cruise_34,0.7269304090134824,27.259890338005594,63.18811628216,329.718877718231,400.4986976981927,270.6980622687463,3.274197371488066,3.261469641359997,315.9405814108,8.730758557734676,True
vector_thrust,cruise_34,0.7263484287081452,27.238066076555448,63.197455524633796,329.6752519064948,400.4565243626712,270.7380795285166,3.2768715781209266,3.2619517839980987,315.987277623169,8.749567739344327,True
vector_thrust,cruise_34,0.726140699664992,27.230276237437202,63.20078769764739,329.6596899704973,400.4414823847811,270.75235739243396,3.2778271295705177,3.2621238089447115,316.00393848823694,8.756280658539247,True
vector_thrust,cruise_35,0.726140699664992,27.230276237437202,63.198576448382134,329.6227501335341,400.405611774489,270.74664305093785,3.277390662279661,3.277390662279661,315.99288224191065,8.756280658539247,True
vector_thrust,cruise_35,0.7259329661734426,27.222486231504103,63.20190785295544,329.6071979008603,400.390581954787,270.7609178320648,3.278346682545498,3.277563458639551,316.00953926477723,8.762993577734164,True
vector_thrust,cruise_35,0.725350846357231,27.20065673839617,63.21123961514066,329.5636437711574,400.3484960099743,270.8009035945307,3.2810285936646717,3.278047486670529,316.0561980757033,8.781802759343815,True
vector_thrust,cruise_35,0.7245094935462879,27.169106007985803,63.224717330117635,329.50076423179297,400.2877495631092,270.85865439238864,3.28491241466887,3.278746560622124,316.1235866505882,8.808982814270934,True
vector_thrust,cruise_35,0.72357543371071,27.134078764151628,63.239666641977095,329.43105357459166,400.22042239069214,270.9227108509385,3.2892347239303668,3.279521964655741,316.19833320988545,8.839150399295704,True
vector_thrust,cruise_35,0.7227336689784392,27.102512586691475,63.253126621060154,329.36831893971345,400.1598495633692,270.98038565248646,3.2931394756300763,3.280220118671289,316.26563310530076,8.866330454222823,True
vector_thrust,cruise_35,0.7221510355051951,27.08066383144482,63.26243626691951,329.3249455029561,400.1179801185845,271.02027664897935,3.295847487090914,3.280702999559272,316.31218133459754,8.885139635832473,True
vector_thrust,cruise_35,0.7219430734149251,27.0728652530597,63.26575785846458,329.3094736862106,400.1030466504596,271.03450937049644,3.296815124565038,3.2808752867871886,316.3287892923229,8.891852555027391,True
vector_thrust,cruise_36,0.7219430734149251,27.0728652530597,63.26353059572175,329.2725596973953,400.0672407516172,271.02875416701755,3.296375570224657,3.296375570224657,316.31765297860875,8.891852555027391,True
vector_thrust,cruise_36,0.7217351069626976,27.06506651110117,63.266851441510525,329.25709762882747,400.05231949333273,271.04298389020073,3.2973436873595032,3.2965486386210943,316.33425720755264,8.898565474222309,True
vector_thrust,cruise_36,0.7211523345900502,27.04321254712689,63.276153484096874,329.21379626688184,400.01053787770127,271.0828428595428,3.300059548956587,3.2970334216220616,316.38076742048435,8.917374655831962,True
vector_thrust,cruise_36,0.7203100392903246,27.011626473387174,63.28958811810551,329.1512823352599,399.9502315816161,271.14040985740303,3.30399258576305,3.29773357775856,316.4479405905276,8.944554710759078,True
vector_thrust,cruise_36,0.7193749340414394,26.97656002655398,63.3044894269098,329.0819779533653,399.8833934689158,271.2042615121311,3.308369737280938,3.298510170764018,316.52244713454894,8.974722295783849,True
vector_thrust,cruise_36,0.7185322280306558,26.944958551149597,63.31790598816828,329.01960979357534,399.8232617459592,271.26175106880186,3.3123240965153133,3.2992093850253794,316.5895299408414,9.001902350710967,True
vector_thrust,cruise_36,0.717948943510162,26.923085381631083,63.32718549399398,328.97649020613653,399.7816978194572,271.3015134689623,3.3150665469243092,3.299692993507827,316.6359274699699,9.020711532320618,True
vector_thrust,cruise_36,0.7177407491308672,26.915278092407526,63.33049631049561,328.9611090348368,399.76687344194914,271.3157002168034,3.3160464972888373,3.299865539218514,316.65248155247804,9.027424451515538,True
vector_thrust,cruise_37,0.7177407491308672,26.915278092407526,63.32825143093904,328.924221633702,399.7311331811531,271.30989821198125,3.315603754288108,3.315603754288108,316.6412571546952,9.027424451515538,True
vector_thrust,cruise_37,0.7175325489972482,26.907470587396812,63.33156139147051,328.9088501723486,399.7163209856692,271.3240815395671,3.3165841952103476,3.3157770848392665,316.65780695735253,9.034137370710456,True
vector_thrust,cruise_37,0.716949132010373,26.885592450388994,63.33983851557147,328.87097402869483,399.6800162884156,271.3595492707948,3.319334675081065,3.316210526241846,316.69919257785733,9.052946552320106,True
vector_thrust,cruise_37,0.7161059224880907,26.85397209330341,63.35160701140296,328.8172692013099,399.6285937978978,271.40997763367466,3.3233179571877343,3.316826797415102,316.7580350570148,9.080126607247225,True
vector_thrust,cruise_37,0.7151698329674793,26.818868736280482,63.364695895828845,328.7575611459569,399.5714348963279,271.4660639023551,3.327751143421584,3.317512212301276,316.8234794791442,9.110294192271995,True
vector_thrust,cruise_37,0.7143262623096593,26.78723483661223,63.376512912947916,328.7036755157259,399.5198603665151,271.51670015268667,3.3317562581004565,3.3181310240099857,316.8825645647396,9.137474247199114,True
vector_thrust,cruise_37,0.7137423987044417,26.765339951416568,63.38362339842619,328.66812463816484,399.4859167934431,271.54716882915454,3.334495242424814,3.318503373337271,316.91811699213093,9.156283428808765,True
vector_thrust,cruise_37,0.7135340032562761,26.757525122110362,63.38613582007131,328.65673657697124,399.4751039477816,271.5579346332089,3.3354857813207888,3.3186349392719303,316.93067910035654,9.162996348003682,True
vector_thrust,cruise_38,0.7135340032562761,26.757525122110362,63.38387502435318,328.6237038806825,399.4432574925458,271.5520922637467,3.335078784342483,3.335078784342483,316.91937512176594,9.162996348003682,True
vector_thrust,cruise_38,0.7133256064017993,26.749710240067483,63.38638902311187,328.6123008546223,399.4324321495083,271.5628650212001,3.336069703200817,3.3352110904298056,316.9319451155593,9.169709267198602,True
vector_thrust,cruise_38,0.7127416434084696,26.727811627817612,63.39344327204202,328.5803092545193,399.4020635978618,271.59309312075374,3.3388495763016337,3.335582338143907,316.9672163602101,9.188518448808253,True
vector_thrust,cruise_38,0.7118976672463826,26.696162521739353,63.40366271523806,328.53397316157293,399.3580843822594,271.63688436657196,3.3428753966233424,3.3361201622263907,317.0183135761903,9.215698503735371,True
vector_thrust,cruise_38,0.7109607506194747,26.66102814823031,63.41504114619084,328.4823959327151,399.3091390206755,271.68564198110255,3.34735592799688,3.3367189809813507,317.07520573095417,9.245866088760142,True
vector_thrust,cruise_38,0.7101164608621318,26.629367282329945,63.42532498153759,328.4357929668371,399.2649216466734,271.729709154137,3.3514037923802453,3.3372601938758937,317.1266249076879,9.273046143687258,True
vector_thrust,cruise_38,0.709532106821089,26.607454005790846,63.43245952633253,328.4034685812165,399.2342561159744,271.76028133004127,3.3542111542114865,3.3376356673785996,317.1622976316627,9.291855325296911,True
vector_thrust,cruise_38,0.7093235359337132,26.59963259751425,63.435009367161655,328.39191745151993,399.2232986046872,271.77120763078364,3.3552143118822024,3.337769859214477,317.1750468358083,9.298568244491829,True
vector_thrust,cruise_39,0.7093235359337132,26.59963259751425,63.43273198902885,328.35867723168707,399.1912835332882,271.7653222862426,3.3548020415775577,3.3548020415775577,317.1636599451442,9.298568244491829,True
vector_thrust,cruise_39,0.7091149636031902,26.591811135119638,63.43528341269548,328.3471110963035,399.18031348915576,271.7762555702974,3.355805587202864,3.354937007302248,317.1764170634774,9.305281163686747,True
vector_thrust,cruise_39,0.7085305082068735,26.56989405775776,63.44244261454691,328.3146623204337,399.1495393527548,271.80693383996487,3.3586209077851086,3.3553157146400596,317.2122130727346,9.324090345296398,True
vector_thrust,cruise_39,0.7076858185987837,26.53821819745439,63.45281392780758,328.26766518830755,399.1049736812589,271.8513764962082,3.36269812753284,3.3558643361957605,317.2640696390379,9.351270400223516,True
vector_thrust,cruise_39,0.7067481074683014,26.50305403006131,63.4643612112691,328.21535370402125,399.05537689005325,271.9008583643914,3.3672359532328686,3.356475164210923,317.3218060563455,9.381437985248287,True
vector_thrust,cruise_39,0.7059030995066508,26.47136623149941,63.47479743982314,328.1680886925379,399.0105721342645,271.94557919352377,3.3713356602701072,3.357027219666756,317.37398719911573,9.408618040175405,True
vector_thrust,cruise_39,0.7053182471290925,26.449434267340976,63.48203759006656,328.1353058761518,398.9794998642352,271.9766043405413,3.3741790222953094,3.3574102090256597,317.4101879503328,9.427427221785056,True
vector_thrust,cruise_39,0.7051094981249967,26.44160617968738,63.48462514989228,328.1235910786026,398.9683971380162,271.98769242871253,3.3751950529181793,3.3575470857269294,317.4231257494614,9.434140140979974,True
vector_thrust,cruise_40,0.7051094981249967,26.44160617968738,63.48233101510983,328.0901447109211,398.93621489770646,271.9817637480611,3.374777448103115,3.374777448103115,317.4116550755491,9.434140140979974,True
vector_thrust,cruise_40,0.7049007475933274,26.433778034749782,63.48492016540936,328.0784148652474,398.92509960162636,271.992858857174,3.37579387521604,3.374915117347929,317.4246008270468,9.440853060174893,True
vector_thrust,cruise_40,0.7043157921520712,26.411842205702676,63.492185166692444,328.0455072264169,398.8939183339316,272.02399094012327,3.3786453588019563,3.3753014074065044,317.4609258334622,9.459662241784544,True
vector_thrust,cruise_40,0.7034703780383647,26.38013917643868,63.50270957738578,327.9978466083772,398.8487639636802,272.06909028921774,3.382775016716599,3.3758610047271143,317.5135478869289,9.486842296711663,True
vector_thrust,cruise_40,0.702531860105892,26.344944753970953,63.5144270823206,327.9447981409603,398.79851324229116,272.11930230264716,3.3873712963641522,3.376484040507934,317.572135411603,9.517009881736433,True
vector_thrust,cruise_40,0.7016861228384798,26.313229606443,63.52501694276686,327.8968686154212,398.753118841689,272.16468211892123,3.391523896886235,3.3770471178938966,317.62508471383427,9.54418993666355,True
vector_thrust,cruise_40,0.7011007644302842,26.291278666135664,63.53236355894894,327.8636256539956,398.72163826064485,272.1961639403343,3.3944039896977936,3.3774377475429804,317.66181779474465,9.562999118273202,True
vector_thrust,cruise_40,0.7008918345611487,26.28344379604308,63.53498914561068,327.85174657557496,398.71038975745057,272.2074151407261,3.3954331546973733,3.3775773535842935,317.6749457280534,9.56971203746812,True
vector_thrust,cruise_41,0.7008918345611487,26.28344379604308,63.532678005493096,327.81809246104206,398.6780389304164,272.2014424817037,3.395010118610482,3.395010118610482,317.6633900274655,9.56971203746812,True
vector_thrust,cruise_41,0.7006829030795209,26.275608865482038,63.53530519068376,327.8061982911281,398.6667778195146,272.2127007424604,3.3960396888907436,3.395150536342433,317.6765259534188,9.576424956663038,True
vector_thrust,cruise_41,0.7000974398848077,26.253653995680292,63.54267685612108,327.77283006571173,398.6351878402533,272.2442903603398,3.3989280705581906,3.395544535255024,317.7133842806054,9.59523413827269,True
vector_thrust,cruise_41,0.699251290109335,26.22192337910007,63.5533556185349,327.7245034622413,398.58944247950694,272.29005180047915,3.4031112338290477,3.3961152910559442,317.7667780926745,9.622414193199807,True
vector_thrust,cruise_41,0.6983119529688369,26.18669823633139,63.56524474349874,327.67071522521354,398.53853527294154,272.3409999781935,3.4077671588316396,3.396750738014961,317.8262237174937,9.652581778224578,True
vector_thrust,cruise_41,0.6974654751968156,26.154955319880592,63.57598950193774,327.62211866403635,398.4925489152928,272.3870442304339,3.411973732548389,3.3973250211665666,317.8799475096887,9.679761833151696,True
vector_thrust,cruise_41,0.6968796029962193,26.132985112358227,63.583443463411726,327.5884138064311,398.4606584174055,272.4189865106467,3.4148913068326165,3.3977234186311254,317.91721731705866,9.698571014761347,True
vector_thrust,cruise_41,0.6966704894895356,26.12514335585759,63.58610739137565,327.5763698209436,398.4492635629887,272.4304021766005,3.415933874822599,3.3978657995864596,317.93053695687826,9.705283933956265,True
vector_thrust,cruise_42,0.6966704894895356,26.12514335585759,63.58377899057635,327.54250633223353,398.4167427071184,272.4243848778732,3.4155053081807867,3.4155053081807867,317.9188949528818,9.705283933956265,True
vector_thrust,cruise_42,0.6964613742849495,26.117301535685613,63.58644452498468,327.53044721093744,398.40533520630265,272.43580764325105,3.4165482904788353,3.415648520455267,317.9322226249234,9.711996853151184,True
vector_thrust,cruise_42,0.6958753955603568,26.095327333513385,63.59392373826146,327.49661663829335,398.37333490091686,272.4678585992521,3.419474325556278,3.4160503575022805,317.9696186913073,9.730806034760835,True
vector_thrust,cruise_42,0.6950284988684924,26.06356870756847,63.60475813407568,327.44762149624154,398.3269962082582,272.5142876464618,3.423712090802985,3.416632459054128,318.0237906703784,9.757986089687954,True
vector_thrust,cruise_42,0.6940883300041485,26.028312375155576,63.61682030801303,327.3930906433975,398.2754299061986,272.56597813829757,3.4284288854668614,3.4172805256702152,318.08410154006515,9.788153674712724,True
vector_thrust,cruise_42,0.6932411004293209,25.996541266099538,63.627721257903616,327.34382447101024,398.2288492292555,272.61269239313725,3.4326905419406084,3.417866202996583,318.13860628951807,9.81533372963984,True
vector_thrust,cruise_42,0.6926547066055669,25.974551497708767,63.63528346289661,327.30965592862384,398.19654717399175,272.64509899788163,3.435646369158447,3.418272498969589,318.17641731448305,9.834142911249494,True
vector_thrust,cruise_42,0.692445406664155,25.966702749905817,63.63798605352436,327.29744639648453,398.1850053817,272.6566805123877,3.4367026161983656,3.41841770155228,318.1899302676218,9.840855830444411,True
vector_thrust,cruise_43,0.692445406664155,25.966702749905817,63.63564013373757,327.2633718774654,398.1523130301677,272.65061790804816,3.436268417305541,3.436268417305541,318.17820066868785,9.840855830444411,True
vector_thrust,cruise_43,0.6922361049389251,25.958853935209696,63.63834433866965,327.2511471642397,398.14075855192647,272.6622065610104,3.437325087930649,3.4364144713379092,318.1917216933482,9.84756874963933,True
vector_thrust,cruise_43,0.6916496028387239,25.936860106452155,63.64593200263387,327.21685244610813,398.1083462710063,272.6947227408097,3.4402895526939528,3.4368242790344885,318.22966001316934,9.866377931248982,True
vector_thrust,cruise_43,0.6908019478753383,25.905073045325192,63.656923341375524,327.1671861578199,398.06141185451816,272.741825030967,3.444583046988655,3.437417918298144,318.2846167068776,9.893557986176098,True
vector_thrust,cruise_43,0.6898609346592822,25.86978504972309,63.66916002446189,327.11190978225585,398.009183790405,272.79426412107273,3.4493619696791558,3.4380788182826927,318.34580012230947,9.923725571200869,True
vector_thrust,cruise_43,0.6890129418820535,25.837985320577012,63.68021848746347,327.06197136821606,397.9620063810747,272.8416540664597,3.453679849383409,3.438676082920787,318.40109243731735,9.950905626127987,True
vector_thrust,cruise_43,0.6884260185339658,25.815975695023724,63.687889853951056,327.0273373143736,397.9292910926187,272.8745289463463,3.456674722522262,3.439090411383872,318.4394492697553,9.969714807737638,True
vector_thrust,cruise_43,0.6882165293354636,25.808119850079894,63.69063143554193,327.014961582389,397.91760176318877,272.88627772226863,3.4577449323737763,3.439238483476845,318.45315717770967,9.976427726932556,True
vector_thrust,cruise_44,0.6882165293354636,25.808119850079894,63.68826788197982,326.9806743476292,397.88473642402903,272.88016970861906,3.4573050042288744,3.4573050042288744,318.44133940989906,9.976427726932556,True
vector_thrust,cruise_44,0.688007038265727,25.800263934964764,63.691011218421075,326.9682833882613,397.87303436818706,272.8919261762049,3.458375653724555,3.457453954935919,318.4550560921054,9.983140646127476,True
vector_thrust,cruise_44,0.687420004870644,25.778250182649156,63.69870826414369,326.93352268803415,397.84020842678393,272.9249115830461,3.4613793465788985,3.4578718695548534,318.4935413207184,10.001949827737127,True
vector_thrust,cruise_44,0.6865715801738173,25.74643425651815,63.709857897078656,326.88318259028415,397.7926758430481,272.97269292561805,3.4657297292022573,3.4584772439760116,318.5492894853933,10.029129882664245,True
vector_thrust,cruise_44,0.6856297098589186,25.71111411970945,63.72227059711606,326.82715772320125,397.7397832929557,273.0258870958819,3.4705720743544,3.4591511972033397,318.6113529855803,10.059297467689015,True
vector_thrust,cruise_44,0.6847809423715654,25.679285338933706,63.733487938818975,326.77654438110477,397.6920066862751,273.07395860189115,3.4749473505441477,3.459760247903008,318.66743969409487,10.086477522616132,True
vector_thrust,cruise_44,0.6841934815227538,25.657255557103273,63.74126941629213,326.7414429502941,397.65887645281214,273.10730583788325,3.477982085462457,3.4601827467822623,318.70634708146065,10.105286704225785,True
vector_thrust,cruise_44,0.6839838002178776,25.64939250817042,63.7440503284415,326.7289003513878,397.64703897411187,273.11922333479447,3.479066550078216,3.46033373767967,318.72025164220753,10.111999623420703,True
vector_thrust,cruise_45,0.6839838002178776,25.64939250817042,63.74166835775591,326.694398685353,397.61399912949946,273.11306723038416,3.4786207604535253,3.4786207604535253,318.7083417887796,10.111999623420703,True
vector_thrust,cruise_45,0.6837741169561042,25.641529385853914,63.744451028800945,326.68184081186274,397.60214888311936,273.1249924430135,3.479705674351623,3.4787726509970502,318.72225514400475,10.11871254261562,True
vector_thrust,cruise_45,0.6831865442805276,25.619495410519793,63.7522583902847,326.64661225430274,397.56890756047534,273.1584511005369,3.482749415274791,3.479198811421588,318.7612919514235,10.137521724225273,True
vector_thrust,cruise_45,0.6823373382924175,25.58765018596566,63.763567671218496,326.5955956279042,397.52077431419445,273.2069173280042,3.487157876784757,3.479816122144792,318.81783835609247,10.16470177915239,True
vector_thrust,cruise_45,0.6813945980250328,25.552297425938733,63.776157896680836,326.5388192381973,397.4672144964318,273.2608730776834,3.492064973703926,3.480503352502839,318.8807894834042,10.19486936417716,True
vector_thrust,cruise_45,0.6805450442238472,25.520439158394275,63.787535481468986,326.48752822532845,397.41883617522717,273.3096320231533,3.496498851198759,3.481124391553403,318.93767740734495,10.222049419104279,True
vector_thrust,cruise_45,0.6799570378315067,25.49838891868151,63.795428016727996,326.4519575129724,397.3852892487199,273.34345569517825,3.499574285639437,3.481555201140414,318.97714008364,10.24085860071393,True
vector_thrust,cruise_45,0.6797471615472743,25.490518558022796,63.798248597951215,326.4392473661069,397.37330299567157,273.355543371835,3.500673304802966,3.4817091609761337,318.9912429897561,10.247571519908849,True
vector_thrust,cruise_46,0.6797471615472743,25.490518558022796,63.79584814187125,326.40452952356657,397.34008710235946,273.3493392670376,3.5002215539845745,3.5002215539845745,318.97924070935625,10.247571519908849,True
vector_thrust,cruise_46,0.6795372832194798,25.482648120730495,63.79867042977289,326.39180405388606,397.3280880394412,273.3614344682414,3.5013210295935973,3.5003764322954822,318.99335214886446,10.254284439103767,True
vector_thrust,cruise_46,0.6789491632031474,25.46059362011803,63.80658911898701,326.3561057242083,397.2944295781276,273.3953707097047,3.504405664655979,3.5008109837897337,319.0329455949351,10.273093620713418,True
vector_thrust,cruise_46,0.6780991642566405,25.428718659624028,63.81805951735661,326.30440979263204,397.2456931208309,273.44452811341796,3.508873433671977,3.5014404413347067,319.09029758678304,10.300273675640536,True
vector_thrust,cruise_46,0.6771555410598421,25.393332789744083,63.83082891084118,326.246878785277,397.19146319443246,273.49925247338246,3.5138466544881886,3.50214118341365,319.1541445542059,10.330441260665307,True
vector_thrust,cruise_46,0.6763051892281606,25.361444596056025,63.84236822848397,326.1949073010809,397.1424805878905,273.5487052336651,3.518340377184284,3.5027744229814113,319.2118411424198,10.357621315592423,True
vector_thrust,cruise_46,0.6757166291702453,25.339373593884208,63.85037285747647,326.1588653624347,397.1085151830498,273.58300977443014,3.5214573761998804,3.5032136905256728,319.2518642873824,10.376430497202076,True
vector_thrust,cruise_46,0.6755065550051752,25.331495812694072,63.85323347919482,326.1459869722085,397.09637951725387,273.59526921970223,3.5225712595255074,3.503370671971819,319.2661673959741,10.383143416396994,True
vector_thrust,cruise_47,0.6755065550051752,25.331495812694072,63.850814415142644,326.1110511768501,397.06298600529715,273.5890170044071,3.5221134427063063,3.5221134427063063,319.2540720757132,10.383143416396994,True
vector_thrust,cruise_47,0.6752964787081658,25.323617951556223,63.8536768043907,326.09815741450177,397.0508374864769,273.6012842183011,3.523227795511204,3.522271367609264,319.2683840219535,10.389856335591912,True
vector_thrust,cruise_47,0.6747078032100186,25.301542620375702,63.86170770706325,326.06198735753145,397.0167600916059,273.63570189959006,3.5263541876494693,3.522714451835604,319.30853853531625,10.408665517201564,True
vector_thrust,cruise_47,0.6738569995232616,25.269637482122313,63.87334050405414,326.00960928581225,396.96741782062287,273.68555605866254,3.530882517051495,3.5233562612392366,319.3667025202707,10.435845572128681,True
vector_thrust,cruise_47,0.6729124802963377,25.23421801111267,63.88629048570583,325.95132050086283,396.91251488440236,273.74105521727256,3.535923260394915,3.5240707428903626,319.43145242852916,10.466013157153451,True
vector_thrust,cruise_47,0.6720613186083462,25.202299447812987,63.89799281549017,325.89866568619806,396.8629253673616,273.79120736993315,3.540478095788098,3.5247163885855026,319.48996407745085,10.49319321208057,True
vector_thrust,cruise_47,0.6714721966929371,25.180207375985148,63.906109410370235,325.8621505361121,396.8285396614122,273.82599272157495,3.543637489897645,3.5251642061037947,319.53054705185116,10.51200239369022,True
vector_thrust,cruise_47,0.671261921724889,25.172322064683343,63.90900940791452,325.84910319286905,396.8162539312432,273.8384215204196,3.544766503578503,3.5253242112091416,319.5450470395726,10.51871531288514,True
vector_thrust,cruise_48,0.671261921724889,25.172322064683343,63.90657357283669,325.8139476369838,396.78268120374935,273.832128667368,3.5443026114832117,3.5443026114832117,319.53286786418346,10.51871531288514,True
vector_thrust,cruise_48,0.6710516445408976,25.164436670283667,63.9094743178471,325.80088487148294,396.7703825766656,273.84456129801396,3.5454320538592956,3.544463531260889,319.54737158923547,10.525428232080058,True
vector_thrust,cruise_48,0.6704624053563327,25.142340200862485,63.91762052244182,325.76424109175565,396.7358844159673,273.87947280365114,3.548601200035903,3.5449154027823315,319.5881026122091,10.544237413689709,True
vector_thrust,cruise_48,0.6696107850421213,25.110404439079552,63.92941714039381,325.71117798598397,396.6859336739383,273.93002985401733,3.553191384310426,3.545569779923954,319.64708570196905,10.571417468616827,True
vector_thrust,cruise_48,0.6686653565648364,25.074950871181372,63.94254952957969,325.6521281977741,396.6303547657311,273.98631155583934,3.558301107491414,3.546298253181337,319.7127476478985,10.601585053641598,True
vector_thrust,cruise_48,0.6678133730815541,25.043001490558282,63.954416480748556,325.5987871338772,396.58015565770813,274.0371699654586,3.5629183747800175,3.546956530918528,319.7720824037428,10.628765108568714,True
vector_thrust,cruise_48,0.6672236810284645,25.020888038567424,63.962647341062286,325.56179674541704,396.5453477891048,274.07244546757016,3.566121140356664,3.5474131137704523,319.81323670531145,10.647574290178367,True
vector_thrust,cruise_48,0.6670132022938718,25.012995086020197,63.965588688828035,325.5485797241372,396.53291132868367,274.08505141654956,3.56726569151027,3.5475762768664167,319.8279434441402,10.654287209373285,True
vector_thrust,cruise_49,0.6670132022938718,25.012995086020197,63.96313277934017,325.51320256827626,396.49915776153534,274.07870552833776,3.566795455141629,3.566795455141629,319.81566389670087,10.654287209373285,True
vector_thrust,cruise_49,0.6668027212460708,25.005102046727657,63.96607631475359,325.49997007297526,396.4867083588357,274.09132089028776,3.5679405179122816,3.5669596284785596,319.83038157376797,10.661000128568203,True
vector_thrust,cruise_49,0.6662129100686317,24.982984127573694,63.974334779678024,325.4628505324598,396.4517875605449,274.12671490107425,3.5711531329971375,3.5674202377643818,319.8716738983901,10.679809310177856,True
vector_thrust,cruise_49,0.6653604611259131,24.951017292221746,63.986296924717124,325.4090994385209,396.40122563423887,274.17798209109515,3.575806516953027,3.5680874168508123,319.9314846235856,10.706989365104972,True
vector_thrust,cruise_49,0.6644141100451986,24.91552912669495,63.999613165361126,325.3492853540596,396.34496772939974,274.23505264467923,3.580986698828926,3.56883011953818,319.9980658268056,10.737156950129743,True
vector_thrust,cruise_49,0.6635612927171946,24.883548476894802,64.01164612582244,325.29525506172547,396.29415629381253,274.2866233344243,3.585667742703117,3.569501248298244,320.0582306291122,10.764337005056861,True
vector_thrust,cruise_49,0.6629710221697849,24.861413331366936,64.01999289641431,325.2577873660094,396.25892436207494,274.3223958043773,3.588914849490924,3.5699667827621555,320.0999644820715,10.783146186666512,True
vector_thrust,cruise_49,0.6627603366827451,24.853512625602946,64.02297573165025,325.2443999268904,396.24633649180004,274.3351795969443,3.590075262638222,3.570133148015302,320.11487865825126,10.789859105861431,True
vector_thrust,cruise_50,0.6627603366827451,24.853512625602946,64.02049919589493,325.208799298482,396.2124004323884,274.3287789259602,3.5895985469525113,3.5895985469525113,320.1024959794746,10.789859105861431,True
vector_thrust,cruise_50,0.6625496487962476,24.845611829859287,64.02348386093118,325.19539633300957,396.1997995739748,274.3415707571747,3.5907594646464807,3.5897659283658654,320.11741930465587,10.79657202505635,True
vector_thrust,cruise_50,0.6619592572617367,24.823472147315133,64.03185766952487,325.15779895240206,396.16445422801144,274.3774596575533,3.5940165958633217,3.590235535474369,320.15928834762434,10.815381206666,True
vector_thrust,cruise_50,0.6611059675723276,24.79147378396229,64.043986754852,325.10335685491066,396.1132783473232,274.42944311646835,3.5987345469837733,3.590915740261186,320.21993377426,10.842561261593119,True
vector_thrust,cruise_50,0.6601586804124046,24.755950515465177,64.05748865188075,325.0427751133111,396.05633835817713,274.4873102425155,3.6039867262975553,3.5916729329712926,320.28744325940374,10.872728846617889,True
vector_thrust,cruise_50,0.6593050170692188,24.723938140095715,64.06968921479637,324.98805255150506,396.0049118010449,274.5396000437621,3.6087329397494576,3.592357146254748,320.34844607398185,10.899908901545007,True
vector_thrust,cruise_50,0.658714159595015,24.701780984813066,64.0781521547773,324.95010543711277,395.96925386619847,274.5758709480334,3.612025313879437,3.5928317518932036,320.3907607738865,10.918718083154658,True
vector_thrust,cruise_50,0.6585032643454696,24.693872412955116,64.08117648711249,324.93654682528324,395.9565138924767,274.5888327874013,3.6132019162743325,3.593001357867258,320.40588243556243,10.925431002349576,True
vector_thrust,cruise_51,0.6585032643454696,24.693872412955116,64.07868013770812,324.9007208196372,395.92239366071163,274.582380873194,3.612718652554052,3.612718652554052,320.3934006885406,10.925431002349576,True
vector_thrust,cruise_51,0.6582923666063609,24.68596374773854,64.08170631410346,324.8871466278743,395.90964065186824,274.5953508165957,3.613895771529544,3.6128892999069557,320.4085315705173,10.932143921544494,True
vector_thrust,cruise_51,0.657701386262005,24.663801984825195,64.090196538169,324.8490692845953,395.8738688079753,274.6317392193901,3.6171983920532145,3.613368067193822,320.450982690845,10.950953103154147,True
vector_thrust,cruise_51,0.6568472435904809,24.631771634643034,64.10249411826975,324.79393310594503,395.8220761450283,274.6844456373403,3.621982323679123,3.6140615328802665,320.51247059134874,10.978133158081263,True
vector_thrust,cruise_51,0.6558990067421365,24.596212752830123,64.11618340495583,324.7325802768954,395.7644509194374,274.74311679537425,3.6273080789648233,3.614833477483275,320.5809170247792,11.008300743106034,True
vector_thrust,cruise_51,0.6550444850961286,24.564168191104827,64.12855313910849,324.67716234197025,395.7124063886377,274.79613245966334,3.632120893141418,3.6155310119668993,320.64276569554244,11.035480798033152,True
vector_thrust,cruise_51,0.6544530321772445,24.541988706646674,64.13713333810641,324.63873365384967,395.67632047019123,274.83290648762477,3.6354595299925987,3.6160148529778313,320.685666690532,11.054289979642803,True
vector_thrust,cruise_51,0.654241924122301,24.53407215458629,64.14019955721405,324.62500309873883,395.66342768485106,274.8460480508016,3.636652677875525,3.616187758356034,320.7009977860703,11.061002898837723,True
vector_thrust,cruise_52,0.654241924122301,24.53407215458629,64.13768307822657,324.5889497772884,395.62912157153806,274.83954407604836,3.6361627375517767,3.6361627375517767,320.6884153911328,11.061002898837723,True
vector_thrust,cruise_52,0.6540308134871479,24.526155505768052,64.14075115597299,324.5752035875468,395.6162157030907,274.85269381010056,3.6373564144212733,3.636336710235111,320.70375577986493,11.06771581803264,True
vector_thrust,cruise_52,0.6534392357973016,24.503971342398813,64.14935889048924,324.53664411532316,395.5800153704344,274.8895864279014,3.640705526258864,3.6368248043432176,320.74679445244624,11.086524999642291,True
vector_thrust,cruise_52,0.6525842277880644,24.47190854205242,64.16182655347387,324.48081071458864,395.52760303854757,274.9430226397742,3.6455568936590677,3.6375317723419496,320.80913276736936,11.11370505456941,True
vector_thrust,cruise_52,0.6516350275081174,24.436313531554404,64.17570500057589,324.4186832972495,395.46928935887104,275.00250545068513,3.650957850354643,3.6383187376284996,320.8785250028795,11.14387263959418,True
vector_thrust,cruise_52,0.6507796351504165,24.404236318140622,64.18824550871437,324.36256682178856,395.4166239430521,275.05625387575844,3.655838738998251,3.6390298362482807,320.94122754357187,11.171052694521299,True
vector_thrust,cruise_52,0.6501875781847762,24.382034181929114,64.1969440800578,324.32365436063213,395.38010801940754,275.0935358187479,3.6592246636192973,3.6395230811790182,320.984720400289,11.18986187613095,True
vector_thrust,cruise_52,0.6499762542514362,24.374109534428865,64.20005258388699,324.30975107584993,395.3670616995834,275.10685881843443,3.660434723846664,3.639699346189119,321.00026291943493,11.196574795325867,True
vector_thrust,cruise_53,0.6499762542514362,24.374109534428865,64.19751558879047,324.2734684659034,395.33256796624187,275.10030170297273,3.659937971610078,3.659937971610078,320.9875779439523,11.196574795325867,True
vector_thrust,cruise_53,0.6497649276467239,24.366184786752154,64.20062602188735,324.25954949065726,395.31950851430537,275.11363315619934,3.661148576467723,3.6601153334362144,321.00313010943677,11.203287714520787,True
vector_thrust,cruise_53,0.6491727439912943,24.343977899673543,64.20935238553217,324.2205056787701,395.2828776607669,275.15103480363643,3.6645452115394908,3.660612925437417,321.0467619276609,11.222096896130438,True
vector_thrust,cruise_53,0.648316858166283,24.311882181235617,64.22199175391007,324.1639718506166,395.2298427134275,275.20520779242366,3.6694655134854828,3.6613336435808383,321.1099587695504,11.249276951057556,True
vector_thrust,cruise_53,0.6473666805750321,24.27625052156371,64.23606117060416,324.1010662724035,395.17083729537535,275.26551004250416,3.674943345701066,3.6621359054957723,321.18030585302074,11.279444536082327,True
vector_thrust,cruise_53,0.6465104049732238,24.244140186495898,64.24877409022234,324.04424802411893,395.1175480229185,275.31999827571997,3.679893826754519,3.6628608176551483,321.24387045111166,11.306624591009443,True
vector_thrust,cruise_53,0.6459177352729575,24.22191507273591,64.25759217106854,324.00484954559766,395.08060003065026,275.3577930278368,3.683328094962015,3.663363639526094,321.2879608553427,11.325433772619096,True
vector_thrust,cruise_53,0.645706192357543,24.213982213407867,64.26074336669878,323.9907727286604,395.06739943852415,275.3712992158372,3.6845554454414446,3.663543326025921,321.30371683349387,11.332146691814014,True
vector_thrust,cruise_54,0.645706192357543,24.213982213407867,64.25818591709061,323.95425882283286,395.0327163169013,275.3646896186309,3.6840517658424528,3.6840517658424528,321.2909295854531,11.332146691814014,True
vector_thrust,cruise_54,0.645494646764942,24.206049253685332,64.26133879415187,323.9401662623934,395.0195025462439,275.37820331366987,3.6852796601199973,3.6842325629960033,321.30669397075934,11.338859611008932,True
vector_thrust,cruise_54,0.6449018483430167,24.183819312863132,64.2701849313185,323.90063585055134,394.9824390936982,275.4161189158612,3.688724881966429,3.6847398286203625,321.3509246565925,11.357668792618583,True
vector_thrust,cruise_54,0.644045072214423,24.151690208040865,64.28299766169243,323.84339832945085,394.9287785284035,275.4710358110923,3.693715661717842,3.6854745513080496,321.41498830846217,11.384848847545701,True
vector_thrust,cruise_54,0.6430939031012619,24.116021366297325,64.29725989804953,323.7797109358913,394.8690780117011,275.5321654626266,3.699272095176726,3.686292393279699,321.48629949024763,11.415016432570471,True
vector_thrust,cruise_54,0.6422367326936351,24.083877476011324,64.30996507012095,323.7226232443835,394.8155974733173,275.58662134962907,3.704288235281861,3.6870209482260496,321.54982535060475,11.44219648749759,True
vector_thrust,cruise_54,0.641643444319559,24.061629161983465,64.31869891048022,323.68363679840394,394.7791156354964,275.62405563418304,3.7077704138901186,3.687521774393359,321.5934945524011,11.46100566910724,True
vector_thrust,cruise_54,0.6414316808221255,24.05368803082971,64.32181272063873,323.6697403994137,394.76611478103825,275.6374017970028,3.709014857499479,3.687700330165239,321.60906360319365,11.467718588302159,True
vector_thrust,cruise_55,0.6414316808221255,24.05368803082971,64.31923384805096,323.6336543973095,394.7319017105326,275.63073638256475,3.708511657978541,3.708511657978541,321.59616924025477,11.467718588302159,True
vector_thrust,cruise_55,0.6412199147661188,24.04574680372946,64.32234569432072,323.61977811667225,394.71892354561174,275.6440743402669,3.709756860757483,3.708691115365193,321.6117284716036,11.474431507497078,True
vector_thrust,cruise_55,0.6406264998042362,24.023493742658864,64.33105573721174,323.58094728485975,394.68261383171125,275.68140722080057,3.713250531038571,3.7091934157417836,321.6552786860587,11.49324068910673,True
vector_thrust,cruise_55,0.63976883521388,23.9913313205205,64.3436182341727,323.52496445652906,394.6302862451925,275.73525244350725,3.7183112747851617,3.709917883697553,321.7180911708635,11.520420744033848,True
vector_thrust,cruise_55,0.6388166850717484,23.95562569019057,64.35752842547598,323.4630074025655,394.5724029863412,275.7948741371389,3.723945288189269,3.7107200719759836,321.78764212737985,11.550588329058618,True
vector_thrust,cruise_55,0.6379586348280836,23.92344880605314,64.37003114747938,323.4073476496343,394.52042872367537,275.84846315296346,3.729036751547102,3.7114410927610137,321.8501557373969,11.577768383985735,True
vector_thrust,cruise_55,0.6373647389655048,23.901177711206433,64.37866665243251,323.3689196859436,394.4845595970736,275.88547654959916,3.7325687289064766,3.711939094597552,321.89333326216257,11.596577565595387,True
vector_thrust,cruise_55,0.637152758888947,23.893228458335514,64.3817453255833,323.35522269837645,394.47177751182585,275.8986723212209,3.7338309800277902,3.7121166389220255,321.90872662791645,11.603290484790305,True
vector_thrust,cruise_56,0.637152758888947,23.893228458335514,64.37914513911227,323.31927570057076,394.43774575723626,275.89195185123674,3.733324954378002,3.733324954378002,321.8957256955613,11.603290484790305,True
vector_thrust,cruise_56,0.6369407764436571,23.885279116637147,64.38222182951672,323.30559891328517,394.42498644928946,275.90513933523897,3.734587981176236,3.7335034052635048,321.9111091475836,11.610003403985223,True
vector_thrust,cruise_56,0.636346755824746,23.86300334342798,64.39083324530881,323.267327305225,394.38929022513315,275.94205007479593,3.7381316900905066,3.7340028753790624,321.95416622654403,11.628812585594876,True
vector_thrust,cruise_56,0.6354882177358736,23.830808165095267,64.40325292733993,323.212153243861,394.3378498490282,275.9952840189721,3.7432649960894153,3.7347232284407568,322.0162646366997,11.655992640521992,True
vector_thrust,cruise_56,0.634535100443848,23.7950662666443,64.41700418780745,323.1510947725204,394.28095227542417,276.0542254506606,3.748979900762495,3.7355208142938165,322.08502093903724,11.686160225546763,True
vector_thrust,cruise_56,0.6336761809606025,23.7628567860226,64.4293633427896,323.09624544085915,394.2298669439359,276.10719996138187,3.7541445647723717,3.736237656744256,322.14681671394806,11.713340280473881,True
vector_thrust,cruise_56,0.6330816847517989,23.740563178192463,64.43789929031597,323.0583787637942,394.1946134528261,276.14378722265377,3.757727377242317,3.736732749604349,322.1894964515798,11.732149462083532,True
vector_thrust,cruise_56,0.6328694906494972,23.732605899356148,64.44094238876104,323.04488218764084,394.182051179497,276.15683072431085,3.7590078066002652,3.7369092521442098,322.20471194380525,11.73886238127845,True
vector_thrust,cruise_57,0.6328694906494972,23.732605899356148,64.43832055049177,323.0090761994029,394.1482028878125,276.1500542593273,3.7584989316803266,3.7584989316803266,322.19160275245883,11.73886238127845,True
vector_thrust,cruise_57,0.6326572943710598,23.724648538914746,64.44136164496811,322.9955999045712,394.1356634785435,276.1630893817138,3.759780153540967,3.7586763442602207,322.2068082248406,11.74557530047337,True
vector_thrust,cruise_57,0.6320626752657241,23.70235032246466,64.44987321841548,322.9578903170817,394.1005836600858,276.1995727595179,3.763374944313023,3.7591728958066923,322.24936609207737,11.76438448208302,True
vector_thrust,cruise_57,0.6312032740621724,23.670122777331468,64.46214831827805,322.9035290573988,394.0500347006641,276.2521878383627,3.768582326419658,3.759889005452801,322.3107415913903,11.791564537010139,True
vector_thrust,cruise_57,0.6302492011760519,23.63434504410195,64.47573869155082,322.84337363741645,393.99412747061797,276.3104406080898,3.7743798125439563,3.7606818460458395,322.3786934577541,11.82173212203491,True
vector_thrust,cruise_57,0.6293894228920481,23.60210335845181,64.48795252415685,322.7893387446367,393.9439352579659,276.3627930744493,3.7796192091573797,3.7613943814440707,322.4397626207843,11.848912176962026,True
vector_thrust,cruise_57,0.6287943335761648,23.579787509106183,64.49638769311137,322.7520361296875,393.90930029509394,276.39894895869725,3.7832539214390333,3.761886475688572,322.4819384655568,11.867721358571679,True
vector_thrust,cruise_57,0.6285819280347557,23.571822301303342,64.49939478823974,322.73874095455807,393.8969588650583,276.411838347646,3.784552910375603,3.76206190478535,322.4969739411987,11.874434277766596,True
vector_thrust,cruise_58,0.6285819280347557,23.571822301303342,64.49675099933486,322.70307778136066,393.8632959907762,276.4050051075175,3.784041162461874,3.784041162461874,322.4837549966743,11.874434277766596,True
vector_thrust,cruise_58,0.6283695205123134,23.56385701921176,64.49975606796639,322.689802967723,393.8509775105824,276.4178860205171,3.7853409611165145,3.7842175048004703,322.4987803398319,11.881147196961514,True
vector_thrust,cruise_58,0.6277743101835729,23.54153663188399,64.50816658061876,322.65265816851326,393.8165169820193,276.4539368058935,3.788987905350395,3.7847110474400125,322.5408329030938,11.899956378571167,True
vector_thrust,cruise_58,0.6269140563827648,23.509277114353686,64.52029534496194,322.59911370297345,393.76686359945967,276.50592548999396,3.7942709196375377,3.785422783179175,322.60147672480963,11.927136433498283,True
vector_thrust,cruise_58,0.6259590396063346,23.473463985237554,64.53372288906847,322.5398657559107,393.71195131983654,276.563481257537,3.8001527245357924,3.7862107334315054,322.66861444534237,11.957304018523054,True
vector_thrust,cruise_58,0.6250984130937364,23.44119049101512,64.54578964587695,322.48664927688475,393.66265636707897,276.6152041515216,3.8054684278964963,3.7869188304495145,322.72894822938474,11.984484073450172,True
vector_thrust,cruise_58,0.6245027380020999,23.41885267507875,64.55412283035955,322.4499134698285,393.62864279279984,276.65092347871405,3.8091561347917113,3.787407835358594,322.77061415179776,12.003293255059823,True
vector_thrust,cruise_58,0.6242901236411109,23.410879636541665,64.55709348519407,322.4368206747019,393.61652322584433,276.66365688079895,3.810474074696466,3.78758215824254,322.78546742597035,12.010006174254741,True
vector_thrust,cruise_59,0.6242901236411109,23.410879636541665,64.5544270537295,322.40130211921775,393.58304771767195,276.65676457256694,3.8099594087469995,3.8099594087469995,322.77213526864745,12.010006174254741,True
vector_thrust,cruise_59,0.6240775074967071,23.40290653112652,64.55739606039977,322.38822976485875,393.5709511853363,276.66949095298554,3.811278197417307,3.8101346692105924,322.7869803019988,12.01671909344966,True
vector_thrust,cruise_59,0.6234817132997859,23.380564248741972,64.56570430512427,322.35165249170893,393.5371127982441,276.7051039617322,3.8149783968431747,3.81062511128584,322.82852152562134,12.035528275059312,True
vector_thrust,cruise_59,0.6226206175521861,23.348273158206986,64.57768499377623,322.29892876932536,393.48835910537935,276.75645877660605,3.8203386430031814,3.8113323405502872,322.88842496888117,12.06270832998643,True
vector_thrust,cruise_59,0.6216646687368229,23.312425077630866,64.59094777589978,322.240592668251,393.4344463302134,276.8133092415879,3.826306552468464,3.81211525277831,322.95473887949885,12.0928759150112,True
vector_thrust,cruise_59,0.6208032047006181,23.280120176273183,64.60286571773464,322.1881985339151,393.38605273055254,276.8643950943618,3.8317001810217715,3.812818778049888,323.0143285886732,12.120055969938317,True
vector_thrust,cruise_59,0.6202069512564102,23.25776067211539,64.61109571853646,322.15203224998925,393.35266337196236,276.89967271319193,3.83544200800301,3.813304601326206,323.05547859268233,12.13886515154797,True
vector_thrust,cruise_59,0.6199941307281264,23.24977990230474,64.6140295062275,322.1391428029175,393.34076667597503,276.9122482944566,3.83677930165533,3.81347778506973,323.0701475311374,12.145578070742888,True
vector_thrust,cruise_60,0.6199941307281264,23.24977990230474,64.6113400587197,322.1037706646911,393.30748047643846,276.9052958654155,3.836261688930253,3.836261688930253,323.05670029359857,12.145578070742888,True
vector_thrust,cruise_60,0.6197813086165912,23.241799073122177,64.61427263793203,322.09090173674423,393.295606898819,276.91786611678106,3.8375998744312074,3.836435837906289,323.07136318966013,12.152290989937805,True
vector_thrust,cruise_60,0.6191849379985455,23.219435174945463,64.62247741499772,322.0548946966745,393.2623934712821,276.9530361962137,3.841354461728649,3.8369230861833667,323.1123870749886,12.171100171547458,True
vector_thrust,cruise_60,0.6183230110872544,23.187112915772047,64.63430829476168,322.0029956218161,393.2145435323444,277.00374969857023,3.8467935842389225,3.8376256739240375,323.1715414738084,12.198280226474575,True
vector_thrust,cruise_60,0.6173661422314556,23.15123033367959,64.64740439544794,321.9455756899777,393.1616347614441,277.059886617063,3.852849434432343,3.8384033979797487,323.2370219772397,12.228447811499345,True
vector_thrust,cruise_60,0.6165038515090137,23.118894431588018,64.65917179708579,321.89400778613395,393.1141465589687,277.1103280180903,3.8583226524360317,3.8391022160131567,323.295858985429,12.255627866426464,True
vector_thrust,cruise_60,0.6159070272269707,23.096513521011406,64.66729741832162,321.8584137092062,393.08138420903373,277.14515879313865,3.862119756525032,3.8395847635480322,323.3364870916081,12.274437048036114,True
vector_thrust,cruise_60,0.6156940032163509,23.088525120613166,64.67019391330078,321.8457285670194,393.06971137969424,277.1575747256713,3.8634768180065913,3.839756774582196,323.3509695665039,12.281149967231034,True
vector_thrust,cruise_61,0.6156940032163509,23.088525120613166,64.66748243120962,321.8105046421415,393.03661642474873,277.1505663742395,3.862956302354782,3.862956302354782,323.3374121560481,12.281149967231034,True
vector_thrust,cruise_61,0.6154809778251926,23.080536668444726,64.67037686520727,321.7978400964926,393.0249667964676,277.1629736690042,3.8643142298916344,3.863129236648706,323.3518843260364,12.287862886425952,True
vector_thrust,cruise_61,0.6148840383245859,23.05815143717198,64.6784769831143,321.76240596493193,392.99238111220683,277.19769570136503,3.868124369806178,3.8636131963082283,323.3923849155715,12.306672068035603,True
vector_thrust,cruise_61,0.6140212911648281,23.025798418681056,64.69015633426307,321.71133539611964,392.94543894156465,277.24776050451936,3.873644059835455,3.864311005262405,323.4507816713153,12.333852122962721,True
vector_thrust,cruise_61,0.6130635144135622,22.989881790508583,64.70308384760548,321.65483590560297,392.89353861910746,277.3031756900485,3.879789739045541,3.8650833884582485,323.51541923802745,12.364019707987492,True
vector_thrust,cruise_61,0.6122004079741068,22.957515299029012,64.71469899451522,321.6040980717127,392.8469598075277,277.3529652747812,3.885344257986128,3.8657773613865776,323.5734949725761,12.391199762914608,True
vector_thrust,cruise_61,0.611603020460127,22.935113267254767,64.72271905115508,321.5690788534452,392.8148272242083,277.38734411585244,3.8891978292643086,3.866256537606642,323.6135952557754,12.410008944524261,True
vector_thrust,cruise_61,0.6113897956846462,22.927117338174238,64.72557783078209,321.5565989614518,392.80337924467403,277.39959858422714,3.890575084443621,3.866427341788857,323.6278891539104,12.416721863719179,True
vector_thrust,cruise_62,0.6113897956846462,22.927117338174238,68.60705664263637,321.52152504222107,392.7704774633016,287.38786759000595,4.030222557125398,4.030222557125398,343.03528321318186,12.416721863719179,True
vector_thrust,cruise_62,0.6111635109363871,22.918631660114524,68.61025878462863,321.50837722200214,392.7584262781532,287.40128339828163,4.031738090093313,4.030410695523821,343.0512939231432,12.423434782914097,True
vector_thrust,cruise_62,0.6105294134789702,22.89485300546139,68.61921892483178,321.47159640381284,392.72472346709606,287.43882311932344,4.035990854126033,4.0309371388695325,343.0960946241589,12.44224396452375,True
vector_thrust,cruise_62,0.6096129557807333,22.860485841777503,68.6321352278954,321.4185991489666,392.67618787571183,287.492937720536,4.042152819800738,4.031696022284847,343.160676139477,12.469424019450866,True
vector_thrust,cruise_62,0.608595543159875,22.822332868495316,68.646427583681,321.35998798593255,392.62254791199916,287.55281748101515,4.049015081126217,4.032535754189405,343.232137918405,12.499591604475636,True
vector_thrust,cruise_62,0.6076786872441,22.787950771653755,68.65926511921069,321.30737176615173,392.5744278272804,287.60660207497517,4.0552185820172095,4.033290009703465,343.2963255960534,12.526771659402755,True
vector_thrust,cruise_62,0.6070440932189302,22.764153495709888,68.66812703449465,321.27106609042073,392.5412431440241,287.6437302709291,4.059523140000906,4.033810681971552,343.3406351724732,12.545580841012406,True
vector_thrust,cruise_62,0.6068175874777364,22.75565953041512,68.67128546503228,321.2581297283119,392.5294225472489,287.65696294403114,4.061061723797023,4.033996252149145,343.3564273251614,12.552293760207325,True
vector_thrust,cruise_63,0.6068175874777364,22.75565953041512,68.670665694678,321.2206718318297,392.49434448285615,287.65537563685376,4.060565807578765,4.060565807578765,343.35332847339,12.552293760207325,True
vector_thrust,cruise_63,0.6065910723474611,22.7471652130298,68.6738217843083,321.2077588133194,392.4825502326568,287.66859854592394,4.062105539505922,4.0607524631986305,343.3691089215415,12.559006679402243,True
vector_thrust,cruise_63,0.6059563302345552,22.723362383795823,68.68265272417631,321.171636183763,392.4495676367542,287.705597094512,4.066426253183551,4.0612747376077,343.41326362088154,12.577815861011894,True
vector_thrust,cruise_63,0.6050389432266284,22.688960370998572,68.6953819559948,321.11959078988883,392.4020735646539,287.7589281225751,4.07268679277928,4.062027562575969,343.476909779974,12.604995915939012,True
vector_thrust,cruise_63,0.6040205022634818,22.650768834880576,68.70946616519451,321.06203714935594,392.3495906743589,287.81793603183326,4.0796589971905295,4.06286052284372,343.54733082597255,12.635163500963783,True
vector_thrust,cruise_63,0.6031027226558392,22.61635209959397,68.72211570565294,321.01037465562337,392.3025140417167,287.87093318097726,4.0859620378190185,4.063608634751022,343.6105785282647,12.6623435558909,True
vector_thrust,cruise_63,0.6024674909804663,22.59253091176749,68.73084727220034,320.97472949422354,392.27005198375394,287.9075153901169,4.090335750013903,4.064125032079836,343.65423636100167,12.681152737500552,True
vector_thrust,cruise_63,0.6022407579748856,22.584028424058218,68.73395913125269,320.9620289688515,392.2584893945355,287.920552990878,4.091899068429355,4.0643090718731,343.66979565626343,12.68786565669547,True
vector_thrust,cruise_64,0.6022407579748856,22.584028424058218,68.73333355990493,320.9247477156784,392.2236375310897,287.9189508136439,4.091401007713914,4.091401007713914,343.66666779952465,12.68786565669547,True
vector_thrust,cruise_64,0.6020140157570909,22.575525590890916,68.73644305388359,320.91207063188796,392.2121013936854,287.93197854801514,4.0929655021747555,4.0915861351096074,343.68221526941795,12.694578575890388,True
vector_thrust,cruise_64,0.6013786382303354,22.551698933637585,68.74514328421404,320.8766093615589,392.1798423088322,287.96842959837863,4.097355749764616,4.092104113741329,343.72571642107016,12.71338775750004,True
vector_thrust,cruise_64,0.6004603352949791,22.517262573561723,68.75768326718087,320.8255203997635,392.13339450734355,288.020967925907,4.103717164508616,4.092850696644558,343.78841633590434,12.740567812427157,True
vector_thrust,cruise_64,0.5994408808810473,22.47903303303928,68.7715569174326,320.7690293406265,392.08207394822125,288.0790938725586,4.1108018827593655,4.093676681026735,343.85778458716305,12.770735397451928,True
vector_thrust,cruise_64,0.5985221910327728,22.444582163728985,68.7840162935022,320.7183251175783,392.0360454904014,288.1312944841919,4.117206794353473,4.0944184649018025,343.92008146751107,12.797915452379046,True
vector_thrust,cruise_64,0.5978863310348612,22.4207374138073,68.79261600884804,320.68334360809644,392.0043093179863,288.1673244104428,4.121651282246897,4.094930459253526,343.9630800442402,12.816724633988697,True
vector_thrust,cruise_64,0.5976593740976879,22.4122265286633,68.79568076063768,320.6708800377827,391.9930058983089,288.18016469369877,4.123239915658352,4.095112922921528,343.9784038031884,12.823437553183616,True
vector_thrust,cruise_65,0.5976593740976879,22.4122265286633,68.79504930252402,320.6337776191954,391.95838258467063,288.17854742929745,4.122739709635577,4.122739709635577,343.97524651262006,12.823437553183616,True
vector_thrust,cruise_65,0.5974324081273886,22.40371530477708,68.7981116700664,320.6213375872382,391.94710572070375,288.19137776303387,4.124329548134845,4.122923262946033,343.990558350332,12.830150472378534,True
vector_thrust,cruise_65,0.5967964045418616,22.37986517031981,68.80667969529627,320.5865408020784,391.91557339448036,288.22727504643507,4.12879096315956,4.123436816633726,344.0333984764813,12.848959653988185,True
vector_thrust,cruise_65,0.5958771992250849,22.34539497094069,68.81902827170987,320.5364127786694,391.8701765448285,288.27901162928003,4.135255625921915,4.124176970494721,344.09514135854937,12.876139708915304,True
vector_thrust,cruise_65,0.5948567464333425,22.307127991250347,68.83268897294838,320.48098928751796,391.8200234964258,288.3362455951781,4.142455508931337,4.1249957710128475,344.1634448647419,12.906307293940074,True
vector_thrust,cruise_65,0.5939371599589534,22.272643498460756,68.84495603439095,320.43124781430555,391.77504786535644,288.3876406563455,4.148964695462514,4.125731038996686,344.2247801719547,12.93348734886719,True
vector_thrust,cruise_65,0.5933006810790149,22.24877554046306,68.8534224137719,320.3969330488222,391.74404078953853,288.4231120762187,4.153481631452237,4.126238500195907,344.2671120688595,12.952296530476843,True
vector_thrust,cruise_65,0.5930735035832814,22.240256384373055,68.8564395288733,320.38470753560927,391.7329976837857,288.43575282284075,4.155096178472591,4.126419341235336,344.2821976443665,12.959009449671761,True
vector_thrust,cruise_66,0.5930735035832814,22.240256384373055,68.85580211543504,320.34778613617,391.69860525769616,288.4341203226606,4.154593827273574,4.154593827273574,344.2790105771752,12.959009449671761,True
vector_thrust,cruise_66,0.5928463184540247,22.231736942025933,68.8588167691743,320.33558428297835,391.68758883048093,288.4467508128286,4.156209597887313,4.154775756361675,344.2940838458715,12.965722368866679,True
vector_thrust,cruise_66,0.5922096857804978,22.207863216768672,68.86986973248305,320.28927697048954,391.64460842817033,288.49305935979226,4.16074398925432,4.155442782867243,344.3493486624153,12.984531550476332,True
vector_thrust,cruise_66,0.5912895211743691,22.173357044038845,68.88650606320164,320.2193041858517,391.5794573398423,288.56276050750677,4.167315134110664,4.156446755482288,344.4325303160082,13.011711605403448,True
vector_thrust,cruise_66,0.5902679295351623,22.13504735756859,68.90498559066984,320.1416204351411,391.5071449140594,288.64018408648525,4.174634676105571,4.157561961696274,344.52492795334916,13.041879190428219,True
vector_thrust,cruise_66,0.5893472497736367,22.100521866511382,68.92164822816862,320.0716119503867,391.44199353759495,288.7099954507497,4.181253012406674,4.158567521866209,344.6082411408431,13.069059245355337,True
vector_thrust,cruise_66,0.5887099765161965,22.076624119357376,68.93318644374274,320.0231546604845,391.39690730727403,288.75833705134636,4.185846235279258,4.159263832397067,344.6659322187137,13.087868426964988,True
vector_thrust,cruise_66,0.5884825079771916,22.06809404914469,68.93730583452036,320.00585848985247,391.3808162029554,288.7755960410236,4.187488158978923,4.1595124302117,344.6865291726018,13.094581346159908,True
vector_thrust,cruise_67,0.5884825079771916,22.06809404914469,68.93666211105294,319.9688781289113,391.34641555252216,288.77394731553585,4.186980341376174,4.186980341376174,344.6833105552647,13.094581346159908,True
vector_thrust,cruise_67,0.5882550266171631,22.05956349814362,68.94078221573402,319.9515810860506,391.33032662909744,288.79120934788887,4.188623407819713,4.187230626385559,344.70391107867005,13.101294265354825,True
vector_thrust,cruise_67,0.5876175585208713,22.03565844453268,68.9523304707968,319.9031103416808,391.285246425108,288.83959319028787,4.193234546813582,4.187932151571083,344.76165235398395,13.120103446964476,True
vector_thrust,cruise_67,0.5866961833410338,22.001106875288773,68.96902877632701,319.83305373952317,391.22010353248356,288.90955425182557,4.1999171002923905,4.188946528359721,344.845143881635,13.147283501891595,True
vector_thrust,cruise_67,0.5856732471988517,21.962746769956947,68.98757717653356,319.7552769063498,391.14780022308736,288.98726667395925,4.207360966531881,4.190073293383986,344.93788588266784,13.177451086916365,True
vector_thrust,cruise_67,0.5847513549209925,21.92817580953722,69.00430195080547,319.6851844839038,391.0826570535712,289.0573386318548,4.214091925820844,4.1910892780769196,345.02150975402736,13.204631141843484,True
vector_thrust,cruise_67,0.5841132420137417,21.90424657551532,69.01588321187255,319.63666907234796,391.0375765043026,289.10586075984787,4.218763426716848,4.191792808287721,345.07941605936276,13.223440323453135,True
vector_thrust,cruise_67,0.5838854736857426,21.895705263215355,69.020017974674,319.6193521507133,391.02148742721386,289.1231842178641,4.220433355335314,4.1920439839177694,345.10008987337,13.230153242648052,True
vector_thrust,cruise_68,0.5838854736857426,21.895705263215355,69.01936828340656,319.58228202341405,390.98704894509825,289.121520717305,4.219919580674314,4.219919580674314,345.09684141703286,13.230153242648052,True
vector_thrust,cruise_68,0.5836576924913398,21.88716346842525,69.02350339347421,319.5649642273585,390.97096205763154,289.13884583104704,4.221590662400541,4.220172452153878,345.11751696737105,13.23686616184297,True
vector_thrust,cruise_68,0.5830193839490047,21.863226898087678,69.03509476754085,319.5164353132678,390.9258875581571,289.1874105070453,4.226280547395671,4.220881285680575,345.17547383770426,13.255675343452623,True
vector_thrust,cruise_68,0.5820967934325952,21.828629753722325,69.05185544923937,319.44629459984566,390.8607529085004,289.2576331633179,4.233077391538351,4.221906231736049,345.25927724619686,13.28285539837974,True
vector_thrust,cruise_68,0.581072507181245,21.790219019296696,69.07047317524217,319.368424335963,390.78845874769604,289.3356363256205,4.240648806500116,4.22304473941662,345.3523658762108,13.31302298340451,True
vector_thrust,cruise_68,0.5801493974258799,21.7556024034705,69.08726049427068,319.2982476683719,390.72332382040133,289.4059705851141,4.24749531448738,4.224071314394827,345.43630247135343,13.340203038331628,True
vector_thrust,cruise_68,0.5795104414028848,21.731641552608185,69.09888508458485,319.2496739201486,390.678248974717,289.4546744282154,4.252247130165825,4.224782179157323,345.4944254229242,13.35901221994128,True
vector_thrust,cruise_68,0.5792823720523822,21.723088951964336,69.1030353207121,319.2323361710208,390.6621619331719,289.47206277858453,4.253945792948371,4.225035973617231,345.51517660356046,13.365725139136199,True
vector_thrust,cruise_69,0.5792823720523822,21.723088951964336,69.1023784949413,319.1951756735713,390.62768534078356,289.47038022089197,4.253425885757741,4.253425885757741,345.51189247470654,13.365725139136199,True
vector_thrust,cruise_69,0.5790542898055103,21.71453586770664,69.1065250832023,319.17783704892446,390.61160049867624,289.48775509007953,4.255125510613039,4.25368118897152,345.5326254160115,13.372438058331117,True
vector_thrust,cruise_69,0.5784151374032734,21.690567652622757,69.11815967009214,319.12924975381503,390.5665317301386,289.53650106749217,4.259896183530299,4.254397453626975,345.59079835046066,13.391247239940768,True
vector_thrust,cruise_69,0.5774913266148158,21.6559247480556,69.13498286584549,319.0590246236745,390.5014053618286,289.6069860035051,4.266810286491084,4.255433146643872,345.6749143292275,13.418427294867886,True
vector_thrust,cruise_69,0.5764656847732517,21.61746317899694,69.15367006232874,318.98106058989566,390.4291203924953,289.6852806349005,4.274512568337804,4.2565835939250025,345.76835031164376,13.448594879892656,True
vector_thrust,cruise_69,0.5755413525994165,21.582800722478126,69.17052005548122,318.9107993714234,390.36399374631236,289.755877849276,4.2814776365535145,4.257620936740036,345.8526002774061,13.475774934819775,True
vector_thrust,cruise_69,0.5749015500399448,21.558808126497933,69.18218806122991,318.862167074881,390.3189246312696,289.8047638470677,4.286311863192553,4.258339258829847,345.91094030614954,13.494584116429426,True
vector_thrust,cruise_69,0.5746731784458085,21.55024419171782,69.18635380104553,318.8448084227079,390.30283963495424,289.82221724519763,4.288040010688316,4.258595715933829,345.93176900522764,13.501297035624344,True
vector_thrust,cruise_70,0.5746731784458085,21.55024419171782,69.18569645686367,318.80755700796806,390.26832470911773,289.8205408442162,4.287514228390163,4.287514228390163,345.9284822843183,13.501297035624344,True
vector_thrust,cruise_70,0.5744447933605402,21.541679751020265,69.18986112057016,318.79019743995565,390.25224188578574,289.83799051303095,4.289243517180825,4.28777237332049,345.9493056028508,13.508009954819263,True
vector_thrust,cruise_70,0.5738047941359088,21.517679780096586,69.20154015692256,318.74155158383024,390.20717890499384,289.88692258788603,4.294097153308865,4.288496259096684,346.00770078461284,13.526819136428914,True
vector_thrust,cruise_70,0.5728797570781919,21.482990890432205,69.21842785691605,318.67124165784065,390.1420607901909,289.9576775168172,4.301131699667584,4.289542985335057,346.09213928458024,13.553999191356032,True
vector_thrust,cruise_70,0.5718527554868813,21.444478330758052,69.23718570549669,318.59318360658017,390.06978514226194,290.0362682673641,4.308968334106603,4.290705632262043,346.1859285274834,13.584166776380803,True
vector_thrust,cruise_70,0.5709271842698522,21.409769410119463,69.25607480622666,318.520272833358,390.00210218028985,290.11541145008965,4.316143636958903,4.291876451697502,346.2803740311333,13.61134683130792,True
vector_thrust,cruise_70,0.5702864990596657,21.385743714737465,69.27032721184308,318.46105217761965,389.94650939440913,290.17512309666864,4.321078389873982,4.292759807078602,346.35163605921537,13.630156012917572,True
vector_thrust,cruise_70,0.5700578059341916,21.377167722532192,69.2754138478893,318.439913605445,389.9266676058255,290.1964348617446,4.322842429148318,4.2930750866503296,346.3770692394465,13.63686893211249,True
vector_thrust,cruise_71,0.5700578059341916,21.377167722532192,69.27474384030823,318.3944962079952,389.8840396768558,290.19471880590584,4.3222003258663015,4.3222003258663015,346.3737192015412,13.63686893211249,True
vector_thrust,cruise_71,0.5698290965595946,21.368591120984803,69.27983121051375,318.3733562904785,389.8641996573452,290.2160338574077,4.323965591618086,4.322517795194917,346.39915605256874,13.643581851307408,True
vector_thrust,cruise_71,0.5691881688616645,21.344556332312422,69.29409269260934,318.31411528645845,389.80860652575177,290.2757862535046,4.328920154245021,4.3234077556564445,346.4704634630467,13.662391032917059,True
vector_thrust,cruise_71,0.5682617454577804,21.309815454666772,69.31471725494903,318.2284880051932,389.72826526499205,290.3621985053022,4.336101530338241,4.324694791700434,346.5735862747452,13.689571087844177,True
vector_thrust,cruise_71,0.5672331383385745,21.271242687696542,69.33763141507211,318.1334190405592,389.6390836920583,290.4582035211924,4.344102633365328,4.326124703701151,346.68815707536055,13.719738672868948,True
vector_thrust,cruise_71,0.5663060754263234,21.236477828487132,69.3582963124631,318.04773794116045,389.55872530246694,290.5447847136512,4.351338875264007,4.327414255970742,346.7914815623155,13.746918727796066,True
vector_thrust,cruise_71,0.565664350277678,21.21241313541293,69.37260803008111,317.98842982730247,389.5031108118521,290.60474754238487,4.356361851971054,4.3283073506451,346.8630401504056,13.765727909405717,True
vector_thrust,cruise_71,0.5654352860037352,21.203823225140074,69.37771803976861,317.96726004306623,389.48326128666076,290.6261573160205,4.3581575811788404,4.328626230778293,346.888590198843,13.772440828600635,True
vector_thrust,cruise_72,0.5654352860037352,21.203823225140074,69.37704116732031,317.9217127133339,389.44055780194475,290.6244238850672,4.357507305018392,4.357507305018392,346.8852058366016,13.772440828600635,True
vector_thrust,cruise_72,0.5652062053751481,21.195232701568056,69.3821522350392,317.90054157616765,389.4207100519113,290.6458381769769,4.35930431452562,4.3578283824150565,346.910761175196,13.779153747795554,True
vector_thrust,cruise_72,0.5645642369552736,21.171158885822763,69.39647934681985,317.84121305868865,389.36509524789676,290.7058657427348,4.364348003302809,4.358728411919789,346.9823967340992,13.797962929405205,True
vector_thrust,cruise_72,0.5636363083795158,21.13636156423185,69.41719883131829,317.75545921753775,389.2847226380131,290.7926759971141,4.371658765287484,4.360030010431544,347.0859941565914,13.825142984332324,True
vector_thrust,cruise_72,0.5626060288695782,21.09772608260919,69.44021818980613,317.6602496448777,389.1955062268385,290.8891222366976,4.379804289186267,4.361476087082324,347.20109094903063,13.855310569357094,True
vector_thrust,cruise_72,0.5616774575831186,21.062904659366954,69.46097818901006,317.5744417382972,389.11511641000124,290.97610223911715,4.387171414493342,4.362780230728847,347.30489094505026,13.88249062428421,True
vector_thrust,cruise_72,0.5610346877156066,21.038800789335255,69.47535582186656,317.5150458022915,389.05948014925275,291.0363414774891,4.392285388300216,4.363683433968772,347.3767791093328,13.901299805893863,True
vector_thrust,cruise_72,0.5608052504090872,21.030196890340775,69.48048937358928,317.4938446610445,389.0396228500696,291.0578499725943,4.394113677985591,4.364005923810774,347.4024468679464,13.908012725088781,True
vector_thrust,cruise_73,0.5608052504090872,21.030196890340775,69.47980521488837,317.4481605292921,388.99683771583636,291.05609772998486,4.393454959884609,4.393454959884609,347.39902607444185,13.908012725088781,True
vector_thrust,cruise_73,0.5605757966733546,21.0215923752508,69.48493984272973,317.42695803015164,388.976982200734,291.07761081617883,4.3952845675403625,4.393779697198064,347.42469921364864,13.914725644283699,True
vector_thrust,cruise_73,0.5599327823344894,20.997479337543357,69.49933301732067,317.36754160006353,388.92134562734384,291.13791540204943,4.400419830989387,4.394689987289779,347.49666508660334,13.933534825893352,True
vector_thrust,cruise_73,0.5590033410691662,20.962625290093737,69.52014809251234,317.2816606216564,388.84094152816573,291.2251264951535,4.407863541442956,4.396006427702962,347.60074046256176,13.960714880820468,True
vector_thrust,cruise_73,0.5579713808085234,20.92392678031963,69.54327372498379,317.1863097988805,388.75169012265724,291.32201837127315,4.416157489962993,4.397468998310589,347.71636862491897,13.990882465845239,True
vector_thrust,cruise_73,0.5570412936008865,20.88904851003325,69.56412963307815,317.10037450543854,388.67126873743433,291.40940054623337,4.42365912469552,4.398788021182738,347.82064816539076,14.018062520772357,True
vector_thrust,cruise_73,0.5563974737846257,20.864905266923465,69.57857372547973,317.0408903455707,388.6156106086851,291.46991846776916,4.4288666197044275,4.39970153154932,347.8928686273986,14.036871702382008,True
vector_thrust,cruise_73,0.5561676615775486,20.856287309158077,69.5837310139074,317.01965770382844,388.59574550054054,291.49152649738653,4.430728373845855,4.4000277020217355,347.91865506953695,14.043584621576926,True
vector_thrust,cruise_74,0.5561676615775486,20.856287309158077,69.5830395178586,316.9738358129982,388.5528781768281,291.48975541410346,4.430061041268366,4.430061041268366,347.915197589293,14.043584621576926,True
vector_thrust,cruise_74,0.5559378328659991,20.84766873247497,69.58819792873393,316.95260180834515,388.5330148617434,291.5113682147221,4.431924154111298,4.430389512592778,347.9409896436697,14.050297540771846,True
vector_thrust,cruise_74,0.555293767368396,20.823516276314855,69.60265768313135,316.89309706316374,388.477356421057,291.5719519913301,4.4371535362824055,4.431310264775312,348.0132884156568,14.069106722381497,True
vector_thrust,cruise_74,0.554362805831822,20.788605218693327,69.62356909838506,316.80708836511144,388.39692069083475,291.6595670690303,4.444733894599218,4.432641838647594,348.1178454919253,14.096286777308615,True
vector_thrust,cruise_74,0.55332915639153,20.74984336468238,69.64680183857443,316.7115956447313,388.307634133315,291.7569080816951,4.453180405988152,4.434121227270743,348.2340091928722,14.126454362333385,True
vector_thrust,cruise_74,0.5523975456559552,20.714907962098327,69.66775440830297,316.6255323800809,388.22718103733047,291.8446955892712,4.46082030788301,4.435455421732125,348.3387720415148,14.153634417260502,True
vector_thrust,cruise_74,0.5517526706199345,20.690725148247548,69.68226548218176,316.5659595914251,388.1715009418787,291.90549438506184,4.466123940940906,4.436379441776004,348.41132741090877,14.172443598870155,True
vector_thrust,cruise_74,0.5515224816297164,20.682093061114365,69.6874466937822,316.5446953045634,388.1516279895122,291.9272027319873,4.468020096749889,4.4367093652131,348.437233468911,14.179156518065072,True
vector_thrust,cruise_75,0.5515224816297164,20.682093061114365,69.68674779177059,316.49873469021077,388.108677933461,291.92541271715515,4.467343971225652,4.467343971225652,348.4337389588529,14.179156518065072,True
vector_thrust,cruise_75,0.5512922760595561,20.67346035223336,69.69193009965176,316.47746903540747,388.088806783228,291.9471257403361,4.469241523782061,4.467676246317093,348.4596504982588,14.18586943725999,True
vector_thrust,cruise_75,0.5506471541238548,20.64926827964456,69.70645695838675,316.4178755695611,388.0331263766135,292.0079909092057,4.474567664167955,4.468607667952081,348.53228479193376,14.204678618869643,True
vector_thrust,cruise_75,0.5497146646770374,20.61429992538891,69.72746547129026,316.3317385650043,387.9526588725668,292.09601315192896,4.482288508592796,4.469954675160886,348.6373273564513,14.23185867379676,True
vector_thrust,cruise_75,0.5486793175644717,20.575474408667695,69.75080616183709,316.2361032945579,387.86333700421045,292.19380683869383,4.490891876716368,4.471451215091845,348.75403080918545,14.26202625882153,True
vector_thrust,cruise_75,0.5477461756367605,20.540481586378522,69.77185615409924,316.1499114698606,387.78285205405103,292.2820028733018,4.49867394510879,4.472800881843447,348.8592807704962,14.289206313748648,True
vector_thrust,cruise_75,0.5471002400701804,20.51625900263177,69.78643473729277,316.09024964437697,387.7271498924756,292.34308475919534,4.504076431843038,4.473735619906014,348.9321736864638,14.3080154953583,True
vector_thrust,cruise_75,0.5468696724000307,20.507612715001155,69.79164005997293,316.0689535666587,387.707269060369,292.36489421253526,4.506007961901268,4.474069370671277,348.9582002998647,14.314728414553217,True
vector_thrust,cruise_76,0.5468696724000307,20.507612715001155,69.79093358194922,316.02285325742133,387.6642357267069,292.36308479556635,4.505322853920059,4.505322853920059,348.95466790974604,14.314728414553217,True
vector_thrust,cruise_76,0.5466390880742477,20.49896580278429,69.79614000747007,316.00155580671515,387.6443567059012,292.38489895448083,4.507255822215949,4.505659010684737,348.98070003735035,14.321441333748137,True
vector_thrust,cruise_76,0.5459929043812619,20.474733914297325,69.81073449884653,315.9418732115088,387.5886542340053,292.4460477338288,4.51268146004129,4.506601314988573,349.05367249423267,14.340250515357788,True
vector_thrust,cruise_76,0.5450588793276054,20.43970797478521,69.83184087550042,315.855607309066,387.5081548123086,292.5344803577213,4.520546774259922,4.507964064057026,349.1592043775021,14.367430570284906,True
vector_thrust,cruise_76,0.5440218259861305,20.400818474479898,69.85529036874802,315.75982883105985,387.41879747312623,292.63273029675406,4.529311456030907,4.509478098210928,349.27645184374006,14.397598155309677,True
vector_thrust,cruise_76,0.5430871451443314,20.365767942912434,69.87643855296183,315.6735078529323,387.33828052432585,292.72133808856154,4.537239738606487,4.510843546621573,349.38219276480913,14.424778210236793,True
vector_thrust,cruise_76,0.5424401436963943,20.341505388614788,69.89108517895941,315.6137565794302,387.2825561964752,292.7827053042352,4.542743898112774,4.511789217034955,349.4554258947971,14.443587391846446,True
vector_thrust,cruise_76,0.5422091954352348,20.332844828821308,69.89631480510164,315.59242856399226,387.2626674488493,292.80461667090856,4.544711812236737,4.512126871773764,349.48157402550817,14.450300311041364,True
vector_thrust,cruise_77,0.5422091954352348,20.332844828821308,69.8956006007343,315.546187581696,387.21955029003595,292.8027874607953,4.544017528013741,4.544017528013741,349.47800300367146,14.450300311041364,True
vector_thrust,cruise_77,0.5419782304425678,20.324183641596296,69.90083133646664,315.5248581882103,387.199663362975,292.8247035631363,4.545986923512494,4.544357644834511,349.5041566823332,14.457013230236281,True
vector_thrust,cruise_77,0.5413309796331577,20.299911736243416,69.91549399549284,315.465086051796,387.1439387257191,292.88613819899496,4.551514902666385,4.545311051270937,349.5774699774642,14.475822411845934,True
vector_thrust,cruise_77,0.5403954112182722,20.264827920685214,69.93669900978641,315.37869065552024,387.0634072414954,292.9749844532164,4.559528822712674,4.546689859649033,349.683495048932,14.50300246677305,True
vector_thrust,cruise_77,0.5393566430270462,20.225874113514237,69.96025816652686,315.2827683073833,386.974014270329,293.0736942586021,4.5684594458236285,4.548221740850537,349.80129083263427,14.533170051797821,True
vector_thrust,cruise_77,0.5384204154912852,20.1907655809232,69.98150532205821,315.19631757785584,386.8934651773643,293.1627170789968,4.576538145820696,4.549603289365751,349.90752661029103,14.56035010672494,True
vector_thrust,cruise_77,0.5377723427710636,20.166462853914886,69.99622052876633,315.13647644196396,386.83771858235286,293.22437188330326,4.582146905562752,4.550560112604643,349.9811026438316,14.57915928833459,True
vector_thrust,cruise_77,0.5375410119934955,20.157787949756088,70.00147465011379,315.1151163408078,386.8178218831667,293.2463859686833,4.58415225228923,4.550901750027897,350.00737325056895,14.58587220752951,True
vector_thrust,cruise_78,0.5375410119934955,20.157787949756088,70.00075257318025,315.06873370058577,386.77462034955045,293.244536595008,4.5834485926677395,4.5834485926677395,350.00376286590125,14.58587220752951,True
vector_thrust,cruise_78,0.5373096644083807,20.14911241531428,70.00600781057854,315.047372216309,386.7547254802915,293.2665554451147,4.585455465605965,4.583792750034508,350.0300390528927,14.592585126724428,True
vector_thrust,cruise_78,0.5366613410832719,20.124800290622698,70.02073917762544,314.9875101236515,386.69897857686385,293.32827820629313,4.591088739604042,4.584757484471315,350.10369588812716,14.611394308334079,True
vector_thrust,cruise_78,0.535724221494747,20.089658306053018,70.042043612199,314.900984632984,386.6184148841765,293.4175413767132,4.599255561269398,4.586152678931166,350.210218060995,14.638574363261197,True
vector_thrust,cruise_78,0.5346837297684094,20.05063986631536,70.06571330403725,314.8049177470104,386.5289861186842,293.51671470746015,4.608356932592738,4.587702770429956,350.3285665201862,14.668741948285968,True
vector_thrust,cruise_78,0.5337459477006494,20.015473038774356,70.0870602148311,314.7183366634791,386.4484047349652,293.60615584874785,4.616590416018188,4.5891007465966105,350.4353010741555,14.695922003213084,True
vector_thrust,cruise_78,0.53309679827693,19.99112993538488,70.1018445495552,314.65840524761336,386.39263577116765,293.6681005386376,4.622306817386231,4.590068949806788,350.509222747776,14.714731184822737,True
vector_thrust,cruise_78,0.5328650830431589,19.982440614118463,70.10712336072406,314.6370129115916,386.3727310841151,293.6902181598711,4.624350686066186,4.590414650978558,350.5356168036203,14.721444104017655,True
vector_thrust,cruise_79,0.5328650830431589,19.982440614118463,70.10639325492407,314.59048762199944,386.3294446240852,293.6883482192486,4.623637445463711,4.623637445463711,350.53196627462034,14.721444104017655,True
vector_thrust,cruise_79,0.5326333509256602,19.973750659712262,70.11167319044552,314.56909389777206,386.309541776422,293.7104706412947,4.625682887104351,4.623985726420639,350.5583659522275,14.728157023212573,True
vector_thrust,cruise_79,0.5319839496453187,19.949398111699455,70.12647381120061,314.509141430619,386.2537725052741,293.7724838192319,4.631424524419206,4.624962021371942,350.6323690560031,14.746966204822225,True
vector_thrust,cruise_79,0.5310452710124864,19.914197662968245,70.14787845843425,314.4224852403415,386.1731764571176,293.86216723222947,4.639748711096127,4.626373938423084,350.73939229217126,14.774146259749342,True
vector_thrust,cruise_79,0.5300030470009502,19.875114262535636,70.17165956551591,314.32627314364225,386.0837117337683,293.9618077837139,4.649025825295269,4.62794261415613,350.8582978275795,14.804313844774112,True
vector_thrust,cruise_79,0.5290637025047442,19.839888843927916,70.19310702769482,314.2395610988204,386.0030979116282,294.0516705879649,4.657418629349692,4.629357355425944,350.9655351384741,14.83149389970123,True
vector_thrust,cruise_79,0.5284134709058346,19.8155051589688,70.2079610422686,314.1795389821482,385.9473064766705,294.1139074800537,4.66324583294803,4.630337172386664,351.039805211343,14.850303081310882,True
vector_thrust,cruise_79,0.5281813692616211,19.806801347310795,70.21326473723202,314.15811426095365,385.9273937651788,294.13612945274406,4.665329355536543,4.630687020603886,351.0663236861601,14.857016000505801,True
vector_thrust,cruise_80,0.5281813692616211,19.806801347310795,70.21252644644215,314.1114453240876,385.8840218253203,294.13423854787663,4.664606322318549,4.664606322318549,351.0626322322107,14.857016000505801,True
vector_thrust,cruise_80,0.5279492506573678,19.79809689965129,70.21783127659884,314.09001920959014,385.8641109627807,294.15646536714854,4.666691466664159,4.664958812263999,351.0891563829942,14.86372891970072,True
vector_thrust,cruise_80,0.5272987659418042,19.773703722817665,70.23270170590334,314.0299759464365,385.8083192216187,294.2187712904875,4.672544656604991,4.6659469073778475,351.1635085295167,14.88253810131037,True
vector_thrust,cruise_80,0.5263585203354535,19.73844451257951,70.25420736391236,313.94318844661876,385.72769066990537,294.3088782978135,4.681030847292875,4.667375893401825,351.2710368195618,14.909718156237489,True
vector_thrust,cruise_80,0.5253145552236332,19.699295820886253,70.27810077621804,313.8468304610679,385.63818982396793,294.4089898067404,4.690488896162654,4.668963538484501,351.3905038810902,14.939885741262259,True
vector_thrust,cruise_80,0.5243736403438591,19.66401151289472,70.29964959488527,313.7599868429351,385.55754341465155,294.49927765372684,4.699045737503477,4.670395392402496,351.49824797442636,14.967065796189376,True
vector_thrust,cruise_80,0.5237223210574626,19.639587039654856,70.31457384399909,313.69987360134536,385.50172940540835,294.56180907799904,4.704987028952103,4.6713870636830785,351.5728692199954,14.985874977799028,True
vector_thrust,cruise_80,0.5234898310340573,19.630868663777154,70.31990262724793,313.6784163434988,385.48180863263497,294.5841362585161,4.707111382798549,4.67174114523412,351.59951313623964,14.992587896993946,True
vector_thrust,cruise_81,0.5234898310340573,19.630868663777154,70.31915433084448,313.63160275511336,385.43835065788306,294.58221769015324,4.706378238258854,4.706378238258854,351.5957716542224,14.992587896993946,True
vector_thrust,cruise_81,0.5232573239743148,19.622149649036807,70.32448590871938,313.61014409886536,385.418431743737,294.6045560103678,4.708504364460847,4.706735125327468,351.62242954359687,14.999300816188864,True
vector_thrust,cruise_81,0.5226057503028128,19.59771563635548,70.33942670387015,313.5500096149106,385.3626174295069,294.6671570196122,4.7144724227603785,4.7077352672569805,351.69713351935076,15.018109997798517,True
vector_thrust,cruise_81,0.5216639297352067,19.562397365070254,70.3610341828387,313.46309019088426,385.2819562250781,294.7576910224566,4.7231254411796515,4.709181679277877,351.80517091419347,15.045290052725633,True
vector_thrust,cruise_81,0.5206182146420579,19.523183049077176,70.3850408750665,313.366585633005,385.192419090556,294.85827755068976,4.732769828025359,4.710788694973701,351.92520437533244,15.075457637750404,True
vector_thrust,cruise_81,0.5196757213636043,19.487839551135167,70.40669186196922,313.2796098246674,385.11173994412627,294.9489938490887,4.741495611597354,4.7122380194305125,352.0334593098461,15.102637692677522,True
vector_thrust,cruise_81,0.5190233088358887,19.46337408134583,70.42168691070798,313.21940503067134,385.0559032566532,295.01182217750255,4.7475544082571615,4.7132417931134984,352.10843455353984,15.121446874287173,True
vector_thrust,cruise_81,0.5187904284497108,19.45464106686416,70.42704098085193,313.1979150834865,385.03597438546336,295.0342554008536,4.749720817370526,4.713600196397381,352.13520490425964,15.128159793482093,True
vector_thrust,cruise_82,0.5187904284497108,19.45464106686416,70.42628574505137,313.15095583307226,384.99242981921986,295.0323209941097,4.748977532066454,4.748977532066454,352.13142872525685,15.128159793482093,True
vector_thrust,cruise_82,0.5185575309508609,19.445907410657284,70.43164096584961,313.1294644823808,384.9725028164404,295.05475913218055,4.751145666229144,4.749338706778435,352.15820482924806,15.13487271267701,True
vector_thrust,cruise_82,0.517904862762294,19.421432353586027,70.44665269192832,313.06923834953665,384.91666582536,295.1176575999167,4.757232041706012,4.750351149784929,352.2332634596416,15.153681894286661,True
vector_thrust,cruise_82,0.5169614591861816,19.386054719481816,70.46836280948726,312.98218638178224,384.83597181791833,295.2086220314326,4.766056905291797,4.751815355604924,352.3418140474363,15.18086194921378,True
vector_thrust,cruise_82,0.5159139851670813,19.346774443765554,70.49248354165437,312.8855345629201,384.7463982277501,295.3096868314449,4.775893237109621,4.753442141656445,352.4624177082718,15.21102953423855,True
vector_thrust,cruise_82,0.5149699054191035,19.31137145321639,70.51423751844669,312.79842594294536,384.6656861934357,295.4008350312076,4.784793065776986,4.754909305495657,352.57118759223346,15.238209589165669,True
vector_thrust,cruise_82,0.5143163940574754,19.286864777155333,70.52930393617896,312.7381291658947,384.60982672319756,295.46396265455076,4.7909729229799005,4.75592543709744,352.64651968089476,15.25701877077532,True
vector_thrust,cruise_82,0.5140831213111199,19.278117049166998,70.53468349704738,312.71660637555823,384.58988971624626,295.4865027764494,4.793182661064191,4.756288253388571,352.67341748523694,15.263731689970237,True
vector_thrust,cruise_83,0.5140831213111199,19.278117049166998,70.53391964585104,312.66950044663594,384.5462580006972,295.48454639205033,4.792428911727938,4.792428911727938,352.6695982292552,15.263731689970237,True
vector_thrust,cruise_83,0.5138498313753694,19.269368676576356,70.53930036597502,312.6479762476498,384.52632287201953,295.5070914661277,4.794640429814492,4.79279456761805,352.6965018298751,15.270444609165155,True
vector_thrust,cruise_83,0.5131960630672016,19.244852365020062,70.5543835941402,312.5876580344349,384.4704630995065,295.57028979060135,4.800848711010988,4.793819573768383,352.77191797070105,15.289253790774808,True
vector_thrust,cruise_83,0.5122510683767465,19.209415064128,70.5761971771746,312.5004728986332,384.3897361376997,295.6616881228044,4.809850640841403,4.795301952508936,352.88098588587303,15.316433845701924,True
vector_thrust,cruise_83,0.5112018264189476,19.170068490710538,70.60043297547882,312.403673124535,384.30012592340967,295.763235460028,4.819884768679026,4.796948936761621,353.0021648773941,15.346601430726695,True
vector_thrust,cruise_83,0.5102561520675604,19.134605702533516,70.62229074203806,312.3164310662996,384.21938084903593,295.85481893243707,4.8289639514500555,4.79843431826928,353.11145371019035,15.373781485653813,True
vector_thrust,cruise_83,0.5096015362361095,19.11005760885411,70.63742910472259,312.2560418719766,384.1634984905517,295.91824826913967,4.8352685697503315,4.799463071179633,353.1871455236129,15.392590667263464,True
vector_thrust,cruise_83,0.5093678691166728,19.101295091875233,70.6428343622082,312.2344860833972,384.143553310154,295.9408961540725,4.837522962567633,4.799830394546851,353.214171811041,15.399303586458384,True
vector_thrust,cruise_84,0.5093678691166728,19.101295091875233,70.64206232052385,312.1872324533685,384.0998338861744,295.9389196192877,4.836758546831876,4.836758546831876,353.21031160261924,15.399303586458384,True
vector_thrust,cruise_84,0.5091341847244342,19.092531927166288,70.64746806063557,312.1656752504191,384.0798905934956,295.9615698983529,4.839014734553638,4.8371287378530425,353.23734030317786,15.406016505653302,True
vector_thrust,cruise_84,0.5084793106604154,19.067974149765586,70.66262336015774,312.1052645225977,384.02400793478387,296.0250704732421,4.845348656323182,4.838166576839274,353.3131168007887,15.424825687262953,True
vector_thrust,cruise_84,0.5075327166834499,19.032476875629374,70.68454112370026,312.0179455889387,383.94324786560264,296.11690575829095,4.8545330800933915,4.83966751189855,353.42270561850125,15.452005742190071,True
vector_thrust,cruise_84,0.5064816977213511,18.99306366455067,70.70889275955577,311.9209971610272,383.853600858522,296.21893893379945,4.864771078647254,4.841335118965359,353.5444637977788,15.482173327214841,True
vector_thrust,cruise_84,0.5055344205610661,18.957540771039984,70.73085669393944,311.83362103195583,383.7728225898465,296.3109670460024,4.874035241247515,4.842839205547885,353.6542834696972,15.50935338214196,True
vector_thrust,cruise_84,0.5048786945860602,18.93295104697726,70.74606427047735,311.7731389830242,383.7169172371333,296.37468796771583,4.880468266861203,4.84388064583261,353.73032135238674,15.52816256375161,True
vector_thrust,cruise_84,0.5046446310744457,18.92417366529172,70.75149524665356,311.7515500406216,383.69696384600235,296.39744379832024,4.882768683405019,4.844252561964181,353.7574762332678,15.534875482946529,True
vector_thrust,cruise_85,0.5046446310744457,18.92417366529172,70.75071573358105,311.704147681141,383.6531561535449,296.39545006011485,4.881993410734858,4.881993410734858,353.75357866790523,15.534875482946529,True
vector_thrust,cruise_85,0.5044105504508898,18.915395641908372,70.75614806673448,311.6825573391746,383.6332046786645,296.4182115860849,4.884295733384641,4.882368320740331,353.78074033367244,15.541588402141448,True
vector_thrust,cruise_85,0.503754564693273,18.89079617599774,70.77137604358728,311.6220536371923,383.5772990079767,296.4820169492636,4.890759189155598,4.883419272644433,353.8568802179364,15.560397583751099,True
vector_thrust,cruise_85,0.5028063634561897,18.855238629607115,70.79339906962173,311.53460029264414,383.4965056973657,296.574293631119,4.900131779736013,4.8849391817816725,353.96699534810864,15.587577638678217,True
vector_thrust,cruise_85,0.5017535580831392,18.81575842811772,70.81786771322939,311.4375024836965,383.4068217062021,296.6768174731054,4.9105800030128535,4.886627874104444,354.089338566147,15.617745223702988,True
vector_thrust,cruise_85,0.5008046701283074,18.780175129811532,70.83993567640236,311.34999166980083,383.326010109615,296.76928244196904,4.920034716262367,4.888150884557622,354.1996783820118,15.644925278630105,True
vector_thrust,cruise_85,0.5001478280472045,18.75554355177017,70.85521968883062,311.28941630467705,383.2700816367033,296.83332259479437,4.926600579463906,4.889205703732655,354.2760984441531,15.663734460239757,True
vector_thrust,cruise_85,0.49991336632356126,18.74675123713355,70.86051732769523,311.26779406958894,383.2501200138419,296.8555197504133,4.928937372736002,4.8895713178723,354.3025866384762,15.670447379434675,True
vector_thrust,cruise_86,0.49991336632356126,18.74675123713355,70.85972782320695,311.2209433562458,383.2069249013365,296.8534992997442,4.928161947744252,4.928161947744252,354.29863911603474,15.670447379434675,True
vector_thrust,cruise_86,0.49967888830610835,18.737958311479066,70.86475261476443,311.20103148584,383.18867696851834,296.87455411379165,4.9305087526805496,4.928511485592551,354.32376307382214,15.677160298629593,True
vector_thrust,cruise_86,0.4990217978000446,18.713317417501674,70.87884187639644,311.14523214015145,383.13754586907936,296.9335885060312,4.937097376412255,4.9294915348293955,354.39420938198214,15.695969480239244,True
vector_thrust,cruise_86,0.49807201994888123,18.67770074808305,70.89921681603992,311.06458014499106,383.0636553086782,297.0189600613472,4.946651590189296,4.930908815916936,354.49608408019964,15.723149535166362,True
vector_thrust,cruise_86,0.4970174934271185,18.638156003516947,70.92185259114778,310.97503602782314,382.98163745897045,297.1138045791993,4.957302431954403,4.932483360751118,354.60926295573887,15.753317120191133,True
vector_thrust,cruise_86,0.496067079827923,18.602515493547113,70.94226593895246,310.8943350765898,382.90773695583493,297.19933706576444,4.966940643823961,4.933903313510916,354.7113296947623,15.780497175118251,True
vector_thrust,cruise_86,0.49540919655660837,18.577844870872816,70.95640309489309,310.8384746836443,382.85659345800116,297.2585721364454,4.9736340136200985,4.934886694276144,354.7820154744654,15.799306356727902,True
vector_thrust,cruise_86,0.49517436572527673,18.569038714697882,70.96145070525499,310.8185356446416,382.8383400073753,297.27972176203565,4.976027527035384,4.935237806121847,354.80725352627496,15.80601927592282,True
vector_thrust,cruise_87,0.49517436572527673,18.569038714697882,70.96065040192804,310.7746144172314,382.7981353166949,297.2776720615571,4.975290069089917,4.975290069089917,354.8032520096402,15.80601927592282,True
vector_thrust,cruise_87,0.4949395189824014,18.560231961840053,70.96569896696569,310.7546741846332,382.7798840094114,297.2988257867192,4.977685620135253,4.975644101459699,354.82849483482846,15.81273219511774,True
vector_thrust,cruise_87,0.49428139486117206,18.53555230729396,70.97985080789479,310.69879533643,382.7287434481854,297.3581226482043,4.984410982668339,4.976636503896213,354.899254039474,15.83154137672739,True
vector_thrust,cruise_87,0.4933301221692399,18.4998795813465,71.00031629324734,310.6180283697073,382.65483919752245,297.44387396889834,4.994163841802815,4.978071652695992,355.0015814662367,15.858721431654509,True
vector_thrust,cruise_87,0.4922739348037307,18.460272555139905,71.02305272721534,310.5283565230116,382.57280612839526,297.5391406683078,5.005036630798465,4.979666052504764,355.1152636360767,15.888889016679279,True
vector_thrust,cruise_87,0.49132202330610614,18.424575873978984,71.04355691071575,310.4475403825135,382.49889189103664,297.6250541360426,5.01487614394636,4.981103915025207,355.2177845535787,15.916069071606396,True
vector_thrust,cruise_87,0.49066310260678336,18.399866347754383,71.05775700758338,310.3916002155824,382.4477388765966,297.68455319212984,5.021709564539456,4.982099701425236,355.2887850379169,15.934878253216048,True
vector_thrust,cruise_87,0.4904279013531543,18.39104630074329,71.06282709702823,310.37163269357126,382.42948202710875,297.70579709906434,5.024153210045653,4.982455243092617,355.31413548514115,15.941591172410966,True
vector_thrust,cruise_88,0.4904279013531543,18.39104630074329,71.06201723319516,310.32758252446354,382.3892093402868,297.703722860367,5.023405145799492,5.023405145799492,355.3100861659758,15.941591172410966,True
vector_thrust,cruise_88,0.4901926841268068,18.382225654755256,71.06708833304913,310.30761380521227,382.3709546447761,297.7249710951529,5.02585089998955,5.023763685124889,355.3354416652457,15.948304091605884,True
vector_thrust,cruise_88,0.4895335214613047,18.35750705479893,71.08130322505112,310.2516551055116,382.3198045831512,297.78453240723337,5.032717338382465,5.024768713206906,355.40651612525556,15.967113273215537,True
vector_thrust,cruise_88,0.48858074679760377,18.321778004910147,71.10185993866695,310.1707726622751,382.24588658629585,297.87066636002965,5.042675154865258,5.026222123790918,355.50929969333475,15.994293328142653,True
vector_thrust,cruise_88,0.4875228906621311,18.282108399829923,71.12469779092773,310.08097252468735,382.16383823548426,297.9663584305334,5.053776959480172,5.027836816528926,355.6234889546386,16.024460913167424,True
vector_thrust,cruise_88,0.4865694741145143,18.24635527929429,71.14529349584811,310.0000406883306,382.08991020763455,298.0526557594091,5.063824199320063,5.029292983894849,355.7264674792405,16.051640968094542,True
vector_thrust,cruise_88,0.48590951103243407,18.221606663716283,71.1595570090737,309.944020396383,382.0387476375562,298.1124207976296,5.070802149192649,5.030301449619265,355.7977850453684,16.070450149704193,True
vector_thrust,cruise_88,0.48567393758704464,18.21277265951418,71.16464974774432,309.9240242659912,382.020487375257,298.1337597003589,5.073297531533012,5.030661518861081,355.8232487387216,16.07716306889911,True
vector_thrust,cruise_89,0.48567393758704464,18.21277265951418,71.163830128958,309.87984432316244,381.9801463047358,298.1316604471517,5.072538610913163,5.072538610913163,355.81915064479,16.07716306889911,True
vector_thrust,cruise_89,0.48543834810811837,18.203938054054444,71.1689239042185,309.85984699190095,381.9618882071647,298.15300378339214,5.075036173940457,5.072901755495,355.8446195210925,16.08387598809403,True
vector_thrust,cruise_89,0.4847781419382555,18.179180322684584,71.183202322376,309.803808089206,381.9107286063299,298.21283154200165,5.082048210803698,5.073919690373489,355.91601161188004,16.102685169703683,True
vector_thrust,cruise_89,0.48382385812700296,18.143394679762615,71.20385095261375,309.72280966086663,381.836796807064,298.29935101859076,5.09221756723091,5.075391769470811,356.0192547630688,16.129865224630798,True
vector_thrust,cruise_89,0.4827643252456186,18.103662196710697,71.22679098885531,309.63288066697737,381.75473311198334,298.3954716767273,5.103555759565248,5.077027207146142,356.1339549442766,16.16003280965557,True
vector_thrust,cruise_89,0.4818093964516194,18.067852366935735,71.24747890661091,309.5518326245167,381.6807912370871,298.4821557712507,5.113817428229142,5.078502087122869,356.23739453305456,16.187212864582687,True
vector_thrust,cruise_89,0.4811483860009983,18.04306447503744,71.26180631553527,309.4957318539909,381.6296190721385,298.54218880521984,5.120944579087201,5.079523514643455,356.30903157767636,16.206022046192338,True
vector_thrust,cruise_89,0.48091243858330796,18.03421644687405,71.26692187466367,309.47570698894236,381.61135538300795,298.5636234230593,5.123493372291614,5.079888212329162,356.3346093733183,16.212734965387256,True
vector_thrust,cruise_90,0.48091243858330796,18.03421644687405,71.67011843246821,309.43139643749953,381.57094554253064,299.59578112032716,5.14046957304403,5.14046957304403,358.35059216234106,16.212734965387256,True
vector_thrust,cruise_90,0.4806751083998079,18.025316564992803,71.67529412134053,309.4112568306725,381.5525804987125,299.6174200901383,5.143044350105721,5.140840854860785,358.37647060670264,16.219447884582177,True
vector_thrust,cruise_90,0.48001002323869685,18.000375871451133,71.68980147298103,309.35481915844855,381.50112121568844,299.6780740001087,5.1502733637407125,5.14188155569283,358.4490073649052,16.238257066191828,True
vector_thrust,cruise_90,0.47904868479238766,17.96432567971454,71.71078131682914,309.27324417282136,381.42675629674017,299.7657888078478,5.160758029527168,5.143386567874917,358.55390658414575,16.265437121118946,True
vector_thrust,cruise_90,0.4779813159134937,17.924299346756015,71.73408952033297,309.182674807052,381.3442117830837,299.863238274292,5.172448657120275,5.145058607498748,358.6704476016649,16.295604706143717,True
vector_thrust,cruise_90,0.4770193217669765,17.888224566261623,71.75510964004435,309.10104941104055,381.26983662259903,299.9511214717304,5.183030103154977,5.146566508914198,358.77554820022175,16.32278476107083,True
vector_thrust,cruise_90,0.4763534189606382,17.863253211023938,71.76966721493305,309.04454887806094,381.21836456857966,300.01198536050623,5.190379802517195,5.147610812566202,358.84833607466527,16.341593942680486,True
vector_thrust,cruise_90,0.47611572489062126,17.8543396833983,71.77486497390653,309.0243812955535,381.19999384113083,300.033716715245,5.193008272490005,5.147983679525137,358.87432486953264,16.348306861875404,True
vector_thrust,cruise_91,0.47611572489062126,17.8543396833983,71.36507055552332,308.9796319591435,381.1592351919146,298.98466057253125,5.174101760314834,5.174101760314834,356.82535277761656,16.348306861875404,True
vector_thrust,cruise_91,0.4758793980912606,17.845477428422278,71.37020412259443,308.9595780790251,381.14097134180327,299.0061735585839,5.176707745490183,5.174474054929519,356.85102061297215,16.35501978107032,True
vector_thrust,cruise_91,0.4752171248878608,17.820642183294783,71.38460907536061,308.9033806498088,381.0897955978363,299.0665337115233,5.184025488672335,5.17551862214236,356.92304537680303,16.373828962679973,True
vector_thrust,cruise_91,0.47425985171548324,17.784744439330623,71.40544769716293,308.822152972489,381.01584044027294,299.1538496909893,5.194639498292214,5.177029675459255,357.0272384858147,16.40100901760709,True
vector_thrust,cruise_91,0.4731969972796843,17.744887397988165,71.42859262350272,308.7319692722738,380.9337507572433,299.250831856574,5.206474211604225,5.1787080076944605,357.14296311751366,16.43117660263186,True
vector_thrust,cruise_91,0.47223907297126744,17.708965236422532,71.44945111280934,308.6506915420446,380.85978543787843,299.33823909831744,5.217185378660662,5.180220640357631,357.2472555640467,16.45835665755898,True
vector_thrust,cruise_91,0.47157598780712306,17.684099542767118,71.46391985941304,308.59443169729013,380.8085970218474,299.39886093209293,5.224626852880633,5.181269736108064,357.3195992970652,16.47716583916863,True
vector_thrust,cruise_91,0.4713392995766045,17.67522373412267,71.4690733967498,308.57435003377753,380.79032752680354,299.42045846450213,5.227287345683235,5.181643493846146,357.34536698374905,16.48387875836355,True
vector_thrust,cruise_92,0.4713392995766045,17.67522373412267,71.86010336453914,308.5297782825142,380.7497815900817,300.42151249051653,5.2440061882247715,5.2440061882247715,359.3005168226957,16.48387875836355,True
vector_thrust,cruise_92,0.471101269108569,17.66629759157134,71.86532301432247,308.50958528490855,380.7314141283106,300.44333765351365,5.24669354292559,5.24438715724682,359.3266150716123,16.490591677558466,True
vector_thrust,cruise_92,0.47043422086351877,17.64128328238196,71.8799544349658,308.4529979487946,380.67994805698504,300.50451668510436,5.254239024733728,5.245455067522591,359.39977217482897,16.509400859168117,True
vector_thrust,cruise_92,0.4694700432542641,17.605126622034906,71.90111379940369,308.37120651989386,380.6055732938615,300.5929913081055,5.265183567898151,5.246999435855846,359.50556899701843,16.536580914095236,True
vector_thrust,cruise_92,0.4683995197823818,17.56498199183932,71.9246215825561,308.2803966808625,380.5230178057579,300.6912854822098,5.277388203984563,5.248715209313599,359.6231079127805,16.566748499120006,True
vector_thrust,cruise_92,0.4674346804143612,17.52880051553855,71.94582181242804,308.1985544099317,380.4486327140989,300.77993097772804,5.288436013672481,5.25026256031121,359.7291090621402,16.593928554047125,True
vector_thrust,cruise_92,0.4667668069691806,17.503755261344274,71.96050419150725,308.14190367480785,380.3971537632917,300.84132308416866,5.296110269773289,5.251334189913943,359.8025209575363,16.612737735656776,True
vector_thrust,cruise_92,0.4665284092523782,17.494815346964188,71.96574652512736,308.1216824619757,380.378780569609,300.86324309467017,5.298854935864327,5.251716814546124,359.82873262563675,16.619450654851693,True
vector_thrust,cruise_93,0.4665284092523782,17.494815346964188,71.45907571365953,308.0766786194958,380.33789336364794,299.56596784762854,5.27523649559106,5.27523649559106,357.2953785682977,16.619450654851693,True
vector_thrust,cruise_93,0.46629170684301663,17.485939006613126,71.46424485794509,308.05659831538435,380.3196515258052,299.58764126189715,5.277952166570291,5.275618155720064,357.3212242897254,16.62616357404661,True
vector_thrust,cruise_93,0.4656283807126053,17.461064276722702,71.47873466272735,308.00032681505047,380.26853746115125,299.6483947521944,5.285577216293458,5.276688000307396,357.3936733136368,16.644972755656266,True
vector_thrust,cruise_93,0.4646695842611255,17.42510940979221,71.49968916173128,307.91899197916194,380.1946714047478,299.73625369653905,5.296637336806785,5.278235161064678,357.4984458086564,16.67215281058338,True
vector_thrust,cruise_93,0.46360503695293837,17.385188885735193,71.52296924999999,307.8286891932476,380.1126805971874,299.833863473759,5.3089710888678265,5.279954030076458,357.61484624999997,16.70232039560815,True
vector_thrust,cruise_93,0.46264558510702447,17.34920944151342,71.54396405269931,307.74730400778174,380.03880431806647,299.9218914052087,5.320135986831229,5.281504166628856,357.7198202634965,16.72950045053527,True
vector_thrust,cruise_93,0.46198144171268485,17.324304064225686,71.55850411544077,307.69096972251714,379.987677505884,299.9828556192867,5.327891695010702,5.282577721977415,357.79252057720385,16.74830963214492,True
vector_thrust,cruise_93,0.4617443755865021,17.315414084493835,71.56369562593798,307.67086147647035,379.9694299948543,300.00462281265936,5.330665515550832,5.282961033518813,357.8184781296899,16.75502255133984,True
vector_thrust,cruise_94,0.4617443755865021,17.315414084493835,71.83160958005973,307.6261083724541,379.92882184873264,300.6907936113859,5.342080657772465,5.342080657772465,359.1580479002987,16.75502255133984,True
vector_thrust,cruise_94,0.46150638346436923,17.306489379913852,71.83684194755918,307.60592337960423,379.91050802178046,300.7127001358624,5.344874154814085,5.3424698496704925,359.1842097377959,16.76173547053476,True
vector_thrust,cruise_94,0.46083944236525703,17.281479088697143,71.85150818543036,307.5493584537268,379.85919222858314,300.7741040900935,5.352717917119937,5.343560753958811,359.2575409271518,16.78054465214441,True
vector_thrust,cruise_94,0.4598754188127261,17.245328205477232,71.87271794839114,307.46759936008544,379.78503461505386,300.8629041849524,5.36409593276806,5.345138378812092,359.3635897419557,16.80772470707153,True
vector_thrust,cruise_94,0.4588050652590161,17.205189947213107,71.89628178923167,307.37682534327155,379.7027201328963,300.9615602286777,5.376785098988883,5.346891104715761,359.48140894615835,16.8378922920963,True
vector_thrust,cruise_94,0.4578403780151015,17.16901417556631,71.91753263331033,307.2950152863598,379.6285521693246,301.0505323201478,5.388272558068125,5.348471785265422,359.58766316655164,16.865072347023414,True
vector_thrust,cruise_94,0.45717260930592374,17.143972848972144,71.93225009855102,307.23838681028815,379.57722346982706,301.1121507508702,5.3962527974500505,5.349566499948806,359.66125049275513,16.88388152863307,True
vector_thrust,cruise_94,0.45693424886250206,17.13503433234383,71.93750496617679,307.2181735349283,379.55890389902777,301.13415159758597,5.3991070136447155,5.349957367578251,359.68752483088394,16.890594447827986,True
vector_thrust,cruise_95,0.45693424886250206,17.13503433234383,71.77624369657471,307.1730806268942,379.518039315109,300.7211896270018,5.390911534571473,5.390911534571473,358.8812184828735,16.890594447827986,True
vector_thrust,cruise_95,0.45669641487431734,17.126115557786903,71.78147659102999,307.15291119140994,379.49976282318346,300.7431173485454,5.393758070982119,5.3913046242873754,358.90738295514996,16.897307367022904,True
vector_thrust,cruise_95,0.4560299168283565,17.101121881063374,71.79614338721744,307.0963898560056,379.44855164065586,300.80457724091116,5.4017508538511,5.392406391818553,358.9807169360872,16.916116548632555,True
vector_thrust,cruise_95,0.4550665334324421,17.06499500371658,71.81735397167705,307.0146937516385,379.3745451945715,300.89345829042196,5.413345443628093,5.393999727744122,359.08676985838525,16.943296603559673,True
vector_thrust,cruise_95,0.4539968902969542,17.024883386135784,71.8409187447133,306.923989646538,379.29239849651213,300.9922043557724,5.426276710277547,5.395769909962913,359.2045937235665,16.973464188584444,True
vector_thrust,cruise_95,0.4530328430258639,16.9887316134699,71.86217044708569,306.8422425768845,379.2183817019897,301.0812577062279,5.437983859795557,5.397366334660348,359.31085223542846,17.000644243511562,True
vector_thrust,cruise_95,0.45236551714065365,16.963706892774514,71.8768885165333,306.78565768877166,379.16715761516224,301.1429324546194,5.4461170058748545,5.398471953831741,359.3844425826665,17.019453425121213,True
vector_thrust,cruise_95,0.45212731472918394,16.9547743023444,71.88214360183633,306.7654599696586,379.14887538028,301.1649534176952,5.44902596840498,5.398866715052241,359.41071800918166,17.02616634431613,True
vector_thrust,cruise_96,0.45212731472918394,16.9547743023444,71.88124634488726,306.720353566169,379.10805046026854,301.1626554070345,5.4481831783864685,5.4481831783864685,359.4062317244363,17.02616634431613,True
vector_thrust,cruise_96,0.45188909588412896,16.94584109565484,71.88650249640438,306.7001546223822,379.0897704689915,301.18468094475986,5.451094914334855,5.448581631388445,359.4325124820218,17.03287926351105,True
vector_thrust,cruise_96,0.45122151899495727,16.920806962310902,71.90123626566118,306.6435505707877,379.03854947427686,301.2464217810931,5.459271096080374,5.449698554021086,359.5061813283059,17.0516884451207,True
vector_thrust,cruise_96,0.4502565753269772,16.884621574761653,71.92254375633253,306.5617348448458,378.9645288303454,301.3357093402568,5.471132261805243,5.451313810657794,359.61271878166264,17.078868500047818,True
vector_thrust,cruise_96,0.44918519862073586,16.844444948277598,71.94621626371683,306.47089784060984,378.8823663477661,301.43490733762866,5.484361578902033,5.453108352082197,359.7310813185842,17.109036085072592,True
vector_thrust,cruise_96,0.44821958783285754,16.80823454373216,71.96756519084211,306.3890309163763,378.8083353083262,301.5243685333666,5.496339239688958,5.454726749891444,359.8378259542106,17.136216139999707,True
vector_thrust,cruise_96,0.4475511790583304,16.783169214687394,71.98235063052583,306.33236302152034,378.7571013506159,301.5863258910363,5.504660692113522,5.4558475895034375,359.91175315262916,17.155025321609358,True
vector_thrust,cruise_96,0.447312589989303,16.774222124598865,71.9876297775983,306.31213566479624,378.73881559025995,301.6084477900313,5.507637080924727,5.456247785729014,359.9381488879915,17.161738240804276,True
vector_thrust,cruise_97,0.447312589989303,16.774222124598865,71.98672072250885,306.2668927699043,378.69791926278583,301.6061193857345,5.506781079833033,5.506781079833033,359.93360361254423,17.161738240804276,True
vector_thrust,cruise_97,0.44707398443042473,16.765274416140933,71.99200094252411,306.2466641850915,378.679635757818,301.62824588949684,5.509760343602028,5.507185069687515,359.96000471262056,17.168451159999194,True
vector_thrust,cruise_97,0.44640532348963885,16.74019963086146,72.00680226130785,306.1899770449888,378.6284049105382,301.69027006732847,5.518126360710438,5.508317518756091,360.03401130653924,17.187260341608848,True
vector_thrust,cruise_97,0.4454388120185444,16.703955450695418,72.02820689867997,306.10804115904403,378.5543700105429,301.7799653555488,5.530263435429922,5.509955192146565,360.14103449339984,17.214440396535963,True
vector_thrust,cruise_97,0.44436569337896825,16.663713501711314,72.05198754918442,306.01707065770626,378.4721916792045,301.87961717667343,5.543801273959025,5.511774653781686,360.25993774592206,17.244607981560733,True
vector_thrust,cruise_97,0.443398511532761,16.62744418247854,72.07343435763579,305.93508333952786,378.39814633704395,301.96948901532005,5.556058993434893,5.513415550662946,360.36717178817895,17.271788036487855,True
vector_thrust,cruise_97,0.44272901464408226,16.602338049153087,72.08828774837237,305.87833206417946,378.3469024683512,302.03173139794603,5.564575420458488,5.514551983755572,360.4414387418619,17.290597218097503,True
vector_thrust,cruise_97,0.44249003705138557,16.59337638942696,72.09359118486348,305.8580749363393,378.32861316817537,302.0539551722302,5.567621627311023,5.514957749593479,360.46795592431744,17.29731013729242,True
vector_thrust,cruise_98,0.44249003705138557,16.59337638942696,72.09267103359026,305.8126946976565,378.2876450632252,302.05159937033056,5.566752140934695,5.566752140934695,360.4633551679513,17.29731013729242,True
vector_thrust,cruise_98,0.44225104290874473,16.58441410907793,72.09797551853194,305.79243633799007,378.2693580300374,302.0738276612772,5.569801327134121,5.56716180400708,360.4898775926597,17.30402305648734,True
vector_thrust,cruise_98,0.4415812926776818,16.55929847541307,72.11284478453194,305.7356657344458,378.2181172897175,302.1361369028961,5.5783639080843574,5.56831015119314,360.5642239226597,17.32283223809699,True
vector_thrust,cruise_98,0.44061320581700275,16.522995218137606,72.13434833268782,305.65360914537,378.1440680744744,302.2262469174409,5.590786774989324,5.56997086120902,360.6717416634391,17.350012293024108,True
vector_thrust,cruise_98,0.43953833679553905,16.482687629832718,72.15823880608228,305.5625045418225,378.0618738273338,302.3263592751701,5.6046441941865135,5.571815912461471,360.7911940304114,17.380179878048878,True
vector_thrust,cruise_98,0.43856957626114007,16.446359109792756,72.17978443756131,305.4803962830437,377.9878141213578,302.41664563874974,5.6171919958446175,5.573479872555713,360.89892218780653,17.407359932976,True
vector_thrust,cruise_98,0.43789898597223453,16.421211973958798,72.19470618094637,305.4235612483968,377.9365602992992,302.47917478533606,5.625910372079666,5.574632272547489,360.97353090473183,17.426169114585647,True
vector_thrust,cruise_98,0.43765961796852076,16.41223567381953,72.20003400994001,305.403274214179,377.9182674441868,302.5015009031053,5.62902889445357,5.575043738549158,361.00017004970005,17.432882033780565,True
vector_thrust,cruise_99,0.43765961796852076,16.41223567381953,72.19910080506789,305.3577557755069,377.87722719244783,302.49911063212886,5.628145450900461,5.628145450900461,360.9955040253394,17.432882033780565,True
vector_thrust,cruise_99,0.4374202333620437,16.403258751076642,72.20442972146401,305.33746750627296,377.85893661652705,302.5214414189125,5.6312670665598805,5.628560926224632,361.02214860732005,17.439594952975483,True
vector_thrust,cruise_99,0.4367493885674667,16.378102071280004,72.2193675230146,305.280613061385,377.80768594230034,302.58403817151697,5.640033275746397,5.629725569742677,361.096837615073,17.458404134585134,True
vector_thrust,cruise_99,0.43577971869234283,16.34173945096286,72.24097023892463,305.19843522266535,377.73362235288323,302.67456420098466,5.65275218424804,5.631409851259644,361.2048511946232,17.48558418951225,True
vector_thrust,cruise_99,0.43470309082211767,16.301365905829417,72.26497096248045,305.10719590994586,377.651412124909,302.77513906466777,5.666940684904799,5.633281096303406,361.32485481240224,17.515751774537023,True
vector_thrust,cruise_99,0.4337327439638629,16.264977898644865,72.28661609052132,305.02496616307684,377.5773379965961,302.8658428218736,5.679789055624272,5.634968684532777,361.4330804526066,17.54293182946414,True
vector_thrust,cruise_99,0.43306105498467024,16.23978956192514,72.30160677921819,304.9680469897482,377.52607418057244,302.9286611976925,5.688716705989621,5.636137451460254,361.5080338960909,17.56174101107379,True
vector_thrust,cruise_99,0.43282129468053093,16.230798550519914,72.30695923265361,304.9477299136347,377.5077777559986,302.95109061626397,5.691910171316262,5.636554761877582,361.534796163268,17.56845393026871,True
vector_thrust,cruise_100,0.43282129468053093,16.230798550519914,72.30601334507631,304.9020724188686,377.4666649924078,302.9486676409091,5.691012448508849,5.691012448508849,361.5300667253816,17.56845393026871,True
vector_thrust,cruise_100,0.43258151728441446,16.221806898165546,72.3113669826835,304.88175407088795,377.4483708290314,302.9711021046745,5.694209136030896,5.691433888925006,361.5568349134175,17.575166849463628,True
vector_thrust,cruise_100,0.4319095730727475,16.196608990228036,72.32637384207922,304.82481543878686,377.3971102111754,303.0339885634863,5.703186370139298,5.692615236321999,361.63186921039613,17.59397603107328,True
vector_thrust,cruise_100,0.4309383120219316,16.16018670082244,72.34807650781312,304.74251576211094,377.32303215437065,303.12493389440897,5.716212111615302,5.694323680905847,361.7403825390656,17.621156086000394,True
vector_thrust,cruise_100,0.42985991735655243,16.11974690087072,72.37218832630728,304.6511411728461,377.24080591986336,303.225974812348,5.730743778293482,5.696221775148272,361.86094163153643,17.651323671025168,True
vector_thrust,cruise_100,0.4288879756272438,16.083299086021647,72.3939337515275,304.5687893196629,377.1667172504028,303.3170993249244,5.743903736866679,5.697933585731481,361.96966875763746,17.678503725952286,True
vector_thrust,cruise_100,0.4282151861866914,16.05806948200093,72.40811088120284,304.51178589913405,377.1154436457579,303.3765087968804,5.752978127111148,5.699049616533312,362.0405544060142,17.697312907561933,True
vector_thrust,cruise_100,0.4279750359405161,16.049063847769357,72.41289263920186,304.492587196287,377.0982921557597,303.3965468210486,5.756223563208056,5.699426038868729,362.0644631960093,17.70402582675685,True
vector_thrust,cruise_101,0.4279750359405161,16.049063847769357,72.41193343596777,304.45185975487016,377.06217647293477,303.39408909673887,5.755407015654385,5.755407015654385,362.05966717983887,17.70402582675685,True
vector_thrust,cruise_101,0.4277348711976449,16.04005766991169,72.41671649429797,304.43376431942676,377.0461317784104,303.4141324894805,5.758676708173855,5.755787240211647,362.0835824714899,17.71073874595177,True
vector_thrust,cruise_101,0.4270618510589982,16.014819414712434,72.43012236365134,304.38305566887504,377.001175503378,303.4703102426967,5.76785900261818,5.756852936105549,362.15061181825666,17.729547927561423,True
vector_thrust,cruise_101,0.426089065225582,15.978339945959329,72.44950795778524,304.3097629577035,376.9362116993609,303.55154626733537,5.781182488448499,5.758393989154806,362.24753978892625,17.75672798248854,True
vector_thrust,cruise_101,0.4250090170395258,15.93783813898222,72.47104322411089,304.22839120914296,376.8641071716276,303.6417905731897,5.796046656039394,5.760105929926571,362.3552161205544,17.78689556751331,True
vector_thrust,cruise_101,0.4240356230119174,15.901335862946906,72.49046287092777,304.1550570780935,376.7991431055452,303.72316929960874,5.809507999231825,5.7616496900385465,362.4523143546389,17.81407562244043,True
vector_thrust,cruise_101,0.42336184446694575,15.87606916751047,72.50391115367579,304.10429677775625,376.75418650370494,303.7795248107439,5.81886220029227,5.76271875801256,362.51955576837895,17.832884804050078,True
vector_thrust,cruise_101,0.4231213422012065,15.867050332545247,72.50871266759894,304.0861783559739,376.7381416637252,303.7996457270296,5.822208370105564,5.763100453196856,362.5435633379947,17.839597723244996,True
vector_thrust,cruise_102,0.4231213422012065,15.867050332545247,72.5077414840608,304.04533404285473,376.7019756902036,303.7971585136389,5.82137868133507,5.82137868133507,362.538707420304,17.839597723244996,True
vector_thrust,cruise_102,0.4228808253597039,15.8580309509889,72.51254385364798,304.02721466381473,376.6859334355528,303.8172831233907,5.824728343651771,5.821764310268377,362.5627192682399,17.846310642439914,True
vector_thrust,cruise_102,0.4222068182532833,15.832755684498128,72.52600508017932,303.97643889852174,376.6409839967968,303.87369317004305,5.8341355709298135,5.822845242837338,362.63002540089656,17.865119824049565,True
vector_thrust,cruise_102,0.42123260514231126,15.796222692836677,72.54547084049172,303.9030491351796,376.5760300711577,303.9552655620381,5.847786132243261,5.824408337719689,362.72735420245857,17.892299878976683,True
vector_thrust,cruise_102,0.420150971317712,15.755661424414203,72.56709522456332,303.82156957178404,376.5039365071048,304.04588379147407,5.863016165873242,5.8261447694610515,362.8354761228166,17.922467464001453,True
vector_thrust,cruise_102,0.419176147344181,15.719105525406793,72.58659528294324,303.74813821716026,376.43898231850943,304.12759991150045,5.876809727134968,5.827710618468232,362.93297641471617,17.949647518928572,True
vector_thrust,cruise_102,0.41850137850430175,15.693801693911318,72.60009927850565,303.6973105883635,376.39403255185147,304.18418918424584,5.886395277608091,5.82879498537793,363.0004963925283,17.968456700538223,True
vector_thrust,cruise_102,0.4182605226594083,15.684769599727815,72.60492068925666,303.6791681278843,376.37799015127,304.20439358425074,5.889824303578925,5.829182143256671,363.02460344628327,17.97516961973314,True
vector_thrust,cruise_103,0.4182605226594083,15.684769599727815,72.60393594438247,303.6382115025091,376.341778302441,304.2018712875861,5.888981125682713,5.888981125682713,363.0196797219123,17.97516961973314,True
vector_thrust,cruise_103,0.4180196522068212,15.675736957755799,72.60875821411368,303.6200680831887,376.32573849954457,304.2220793972812,5.892413779839001,5.889372330299821,363.04379107056843,17.98188253892806,True
vector_thrust,cruise_103,0.41734465389204684,15.65042452095176,72.6222752410246,303.56922493202785,376.2807959303165,304.2787235774552,5.9020543599987585,5.890468893271351,363.111376205123,18.00069172053771,True
vector_thrust,cruise_103,0.41636900736963767,15.613837776361414,72.64182173141039,303.49573772422116,376.21585193107796,304.3606347055815,5.916044260689679,5.892054593863782,363.2091086570519,18.027871775464824,True
vector_thrust,cruise_103,0.41528578109054015,15.573216790895259,72.66353585245538,303.41414990991626,376.14376938400375,304.451629463001,5.93165391470126,5.893816142557455,363.31767926227695,18.058039360489598,True
vector_thrust,cruise_103,0.4143095210230367,15.53660703836388,72.68311688145087,303.3406209382323,376.0788251209129,304.5336853279278,5.945792216786986,5.895404645079679,363.41558440725436,18.085219415416717,True
vector_thrust,cruise_103,0.4136337576297346,15.51126591111505,72.6966769773562,303.28972570834406,376.0338822226651,304.5905099921605,5.955617855966868,5.8965047020047825,363.48338488678104,18.104028597026364,True
vector_thrust,cruise_103,0.41339254668506004,15.502220500689754,72.70151842335675,303.27155911180097,376.0178422733407,304.61079845806097,5.959132871742883,5.896897462221054,363.5075921167837,18.11074151622128,True
vector_thrust,cruise_104,0.41339254668506004,15.502220500689754,72.70052002393717,303.2304895683833,375.98158438726784,304.6082411318065,5.958275853504476,5.958275853504476,363.5026001196859,18.11074151622128,True
vector_thrust,cruise_104,0.4131513211008361,15.493174541281356,72.70536237007138,303.21232201139486,375.96554704805277,304.628533467412,5.961794643019669,5.958672780825944,363.5268118503569,18.117454435416203,True
vector_thrust,cruise_104,0.4124753273150318,15.467824774313694,72.71893558519247,303.1614112013075,375.9206113817708,304.68541341258054,5.971677417499714,5.95978537844506,363.5946779259623,18.136263617025854,True
vector_thrust,cruise_104,0.4114982412157512,15.431184045590673,72.73856336697843,303.0878261539752,375.85567735722265,304.76766563814203,5.986019542465398,5.961394269418066,363.69281683489214,18.16344367195297,True
vector_thrust,cruise_104,0.41041341563115474,15.390503086168307,72.7603678492951,303.0061296496105,375.783605880723,304.85903954974276,6.002023270160885,5.963181584722169,363.8018392464755,18.193611256977743,True
vector_thrust,cruise_104,0.40943571329002576,15.35383924837597,72.7800304125011,302.93250266460444,375.71867159142363,304.9414375304025,6.016519473915814,5.964793326731243,363.9001520625055,18.22079131190486,True
vector_thrust,cruise_104,0.40875895106289406,15.32846066485853,72.79364699938897,302.8815395590687,375.67373559500095,304.9984992293938,6.026594387366477,5.965909479537867,363.96823499694483,18.23960049351451,True
vector_thrust,cruise_104,0.40851738348999517,15.319401880874823,72.79850862018958,302.8633487284076,375.6576981088591,305.0188723482248,6.030198686808698,5.966307987015998,363.9925431009479,18.246313412709426,True
vector_thrust,cruise_105,0.40851738348999517,15.319401880874823,72.79749686253437,302.82216566178533,375.6213940275303,305.01628155411777,6.029327493368704,6.029327493368704,363.9874843126719,18.246313412709426,True
vector_thrust,cruise_105,0.40827580124571505,15.310342546714319,72.80235908785451,302.80397386904997,375.6053591639875,305.0366574091484,6.0329356941164205,6.029730267615086,364.01179543927253,18.253026331904344,True
vector_thrust,cruise_105,0.40759880770414725,15.284955288905527,72.81598888275273,302.7529951250393,375.5604304342487,305.0937747665184,6.043069957267867,6.030859319649243,364.07994441376366,18.271835513514,True
vector_thrust,cruise_105,0.40662027583064675,15.248260343649257,72.8356985226762,302.6793118403149,375.49550643293935,305.17637047362376,6.05777785289145,6.032492008124583,364.17849261338097,18.299015568441114,True
vector_thrust,cruise_105,0.40553384405407306,15.207519152027745,72.85759399651286,302.5975062036196,375.4234460808976,305.26812619068977,6.074190851598413,6.034305764638698,364.28796998256433,18.329183153465884,True
vector_thrust,cruise_105,0.40455469322765025,15.170800996036887,72.87733866288588,302.52378080621264,375.35852181393585,305.35086868053753,6.089058797213752,6.035941354602509,364.38669331442935,18.356363208393006,True
vector_thrust,cruise_105,0.4038769278640986,15.145384794903702,72.89101213510743,302.4727495485213,375.31359275293283,305.4081690732242,6.09939264568848,6.037074024738169,364.4550606755372,18.375172390002653,True
vector_thrust,cruise_105,0.4036350021266091,15.136312579747845,72.89589407156463,302.45453438499055,375.29755774196303,305.4286274375343,6.103089693263002,6.037478429964591,364.4794703578232,18.38188530919757,True
vector_thrust,cruise_106,0.4036350021266091,15.136312579747845,72.89486713373844,302.4132371906693,375.26120731133824,305.4259966781434,6.102203815558536,6.102203815558536,364.4743356686922,18.38188530919757,True
vector_thrust,cruise_106,0.4033930616902631,15.127239813384872,72.89974995225583,302.39502106371225,375.2451749357884,305.4464588509615,6.1059049435010655,6.1026126358633,364.49874976127916,18.38859822839249,True
vector_thrust,cruise_106,0.4027150640981349,15.10181490368006,72.91343672133694,302.3439741096711,375.2002531771151,305.5038152801012,6.116300471603866,6.103758578332343,364.5671836066847,18.40740741000214,True
vector_thrust,cruise_106,0.4017350802384872,15.065065508943274,72.93322879101117,302.2701921880789,375.13533924892977,305.5867568736263,6.131388388287332,6.105415694995568,364.6661439550559,18.43458746492926,True
vector_thrust,cruise_106,0.4006470353672318,15.024263826271195,72.95521589154542,302.1882769749914,375.06329007671354,305.6788970686846,6.148226647303696,6.107256593465135,364.7760794577271,18.46475504995403,True
vector_thrust,cruise_106,0.3996664298291828,14.987491118594358,72.9750432350769,302.11445276448603,374.9983758819731,305.7619864825603,6.163480898264214,6.1089166634784915,364.8752161753845,18.491935104881147,True
vector_thrust,cruise_106,0.39898765701644634,14.96203713811674,72.98877399022001,302.0633530770073,374.95345379090946,305.81952724174215,6.174083848497466,6.110066288736487,364.94386995110006,18.510744286490798,True
vector_thrust,cruise_106,0.3987453715743636,14.95295143403864,72.99367638437016,302.04511348145405,374.9374212674317,305.84007144913215,6.177877290348352,6.11047674803624,364.96838192185083,18.517457205685716,True
vector_thrust,cruise_107,0.3987453715743636,14.95295143403864,72.99263505370197,302.0037015568807,374.9010243385703,305.8374041764847,6.176976401166549,6.176976401166549,364.9631752685099,18.517457205685716,True
vector_thrust,cruise_107,0.39850307140397595,14.943865177649103,72.997538338652,301.9854609963842,374.8849944632758,305.8579522293814,6.180774090597768,6.177391408736256,364.98769169326005,18.524170124880634,True
vector_thrust,cruise_107,0.3978240654385198,14.918402453944495,73.01128248115481,301.9343455538398,374.84007971002507,305.91554940978847,6.191441174142994,6.17855469491149,365.05641240577404,18.542979306490285,True
vector_thrust,cruise_107,0.3968426233403416,14.881598375262813,73.03115755697321,301.8604645924824,374.7751759046114,305.99883931510306,6.206924113337128,6.180236895232831,365.15578778486605,18.5701593614174,True
vector_thrust,cruise_107,0.3957529584267202,14.840735941002011,73.0532369264815,301.77843935513545,374.7031379673246,306.09136669021836,6.224204467155142,6.182105664077794,365.26618463240754,18.600326946442173,True
vector_thrust,cruise_107,0.39477089191012377,14.803908446629647,73.07314752601647,301.7045159273995,374.6382338944516,306.1748054637428,6.23986035881185,6.18379087107983,365.3657376300824,18.627507001369292,True
vector_thrust,cruise_107,0.394091107307316,14.778416524024353,73.0869359659121,301.6533475301221,374.59331880768366,306.2325882799549,6.25074311766027,6.184957906528276,365.43467982956054,18.64631618297894,True
vector_thrust,cruise_107,0.39384846061059287,14.769317272897236,73.09185896130131,301.63508340254333,374.57728878395943,306.2532189343312,6.2546367938802625,6.1853745823942194,365.4592948065066,18.653029102173857,True
vector_thrust,cruise_108,0.39384846061059287,14.769317272897236,73.09080255213456,301.59355614533564,374.54084521146933,306.25051302334674,6.253720438624314,6.253720438624314,365.45401276067275,18.653029102173857,True
vector_thrust,cruise_108,0.3936057991563908,14.76021746836466,73.09572644477632,301.57529105128816,374.5248178487724,306.2711475516213,6.257618538578725,6.254141801416292,365.47863222388156,18.65974202136878,True
vector_thrust,cruise_108,0.39292578048093507,14.734716768035069,73.1095283623467,301.5241068403768,374.47991013601194,306.3289871735612,6.268568015993333,6.255322902542677,365.54764181173346,18.67855120297843,True
vector_thrust,cruise_108,0.39194287386634097,14.69785776998779,73.12948702675963,301.45012643396853,374.4150165037164,306.4126278413663,6.284461780025862,6.2570308681835805,365.6474351337981,18.705731257905544,True
vector_thrust,cruise_108,0.3908515819395456,14.656934322732965,73.15165931229701,301.36799072220373,374.34298985755953,306.50554511932955,6.3022019641964535,6.258928264777511,365.75829656148505,18.735898842930318,True
vector_thrust,cruise_108,0.389868048147505,14.62005180553144,73.1716544502433,301.2939676704033,374.2780959566346,306.58933835719677,6.318275709812082,6.26063934594141,365.8582722512165,18.763078897857437,True
vector_thrust,cruise_108,0.3891872473936055,14.594521777260208,73.18550028231871,301.2427302814878,374.23318790885844,306.6473622907252,6.329449505773116,6.261824210761566,365.92750141159354,18.781888079467084,True
vector_thrust,cruise_108,0.3889442378865626,14.585408920746103,73.19044402358733,301.22444152133596,374.21716039736583,306.66808000072183,6.333447463323669,6.262247272147385,365.9522201179367,18.788600998662,True
vector_thrust,cruise_109,0.3889442378865626,14.585408920746103,73.18937215184381,301.18279833039117,374.18067004038653,306.6653344865402,6.332515193331781,6.332515193331781,365.9468607592191,18.788600998662,True
vector_thrust,cruise_109,0.3887012135981439,14.5762955099304,73.19431678958753,301.16450860258493,374.1646452031514,306.6860560714535,6.336517759886244,6.3329430856839215,365.9715839479377,18.79531391785692,True
vector_thrust,cruise_109,0.3880201778504234,14.550756669390882,73.20817688856955,301.113255341233,374.11974456595635,306.74413984469834,6.347761054913584,6.334142492122131,366.04088444284776,18.81412309946657,True
vector_thrust,cruise_109,0.3870358004205434,14.51384251577038,73.22821972894859,301.03917508240824,374.054861158118,306.8281337467036,6.364082301073508,6.335876932245552,366.14109864474295,18.84130315439369,True
vector_thrust,cruise_109,0.38594287447067277,14.472857792650231,73.2504855839514,300.95692844265744,373.9828458594328,306.92144367723887,6.382301013777413,6.337803744592284,366.25242791975705,18.87147073941846,True
vector_thrust,cruise_109,0.38495786709824215,14.435920016184083,73.27056445470342,300.882805358777,373.9179621823267,307.0055885724038,6.398809542234126,6.339541302663414,366.35282227351706,18.89865079434558,True
vector_thrust,cruise_109,0.3842760458246829,14.410351718425613,73.28446948285949,300.8314986954285,373.87306120935887,307.0638606311841,6.410286382584948,6.340744597121821,366.42234741429746,18.91745997595523,True
vector_thrust,cruise_109,0.38403267194426133,14.401225197909804,73.28943411611257,300.8131852014887,373.8570362226904,307.08466601160313,6.414392889494778,6.341174219817282,366.4471705805629,18.924172895150146,True
vector_thrust,cruise_110,0.38403267194426133,14.401225197909804,73.28834635561259,300.7714254772518,373.82049894513307,307.081879789191,6.413444234997063,6.413444234997063,366.44173177806294,18.924172895150146,True
vector_thrust,cruise_110,0.38378928325817563,14.392098122181592,73.29331189277869,300.7531110144167,373.804476645992,307.1026890767506,6.417555547260637,6.413878839622464,366.4665594638934,18.930885814345064,True
vector_thrust,cruise_110,0.383107226063143,14.366520977367868,73.30723058237707,300.7017884192297,373.7595831202419,307.16101872354625,6.4291047086728375,6.415097061737126,366.5361529118854,18.949694995954715,True
vector_thrust,cruise_110,0.38212137148453007,14.32955143066988,73.327358191689,300.62760789759204,373.69470998838176,307.24536835517785,6.445871008113873,6.416858714554554,366.636790958445,18.97687505088183,True
vector_thrust,cruise_110,0.3810268044789426,14.28850516796035,73.34971827563021,300.5452498740113,373.6227060946725,307.33907371353325,6.464587976102928,6.418815762918154,366.74859137815105,19.007042635906604,True
vector_thrust,cruise_110,0.38004031717336967,14.251511894001366,73.36988217201865,300.47102634608274,373.55783269264055,307.4235754150781,6.481549320169416,6.4205805917351215,366.84941086009326,19.034222690833722,True
vector_thrust,cruise_110,0.37935747098039607,14.225905161764855,73.38384611138862,300.4196501229024,373.51293882999084,307.4820946919766,6.493341706979365,6.421802774298673,366.9192305569431,19.05303187244337,True
vector_thrust,cruise_110,0.3791137311570753,14.216764918390327,73.38883178398265,300.4013117933557,373.49691638091485,307.50298836296514,6.4975612676214025,6.422239141282753,366.94415891991326,19.05974479163829,True
vector_thrust,cruise_111,0.3791137311570753,14.216764918390327,73.38772770066515,300.3594349370006,373.460332050752,307.50016031785174,6.496595739346616,6.496595739346616,366.93863850332576,19.05974479163829,True
vector_thrust,cruise_111,0.37886997650511733,14.2076241189419,73.3927142654717,300.34109563738104,373.44431230261756,307.52105785571615,6.500820311315411,6.497037244337418,366.9635713273585,19.06645771083321,True
vector_thrust,cruise_111,0.3781868934665675,14.182008504996283,73.40669196097299,300.28970342305854,373.3994259245003,307.57963512309624,6.5126880566703855,6.4982748138570265,367.033459804865,19.08526689244286,True
vector_thrust,cruise_111,0.3771995553803819,14.144983326764324,73.42690493592139,300.2154222258181,373.33456312090533,307.6643429963834,6.529917957677569,6.500064448074185,367.1345246796069,19.112446947369975,True
vector_thrust,cruise_111,0.37610334025308556,14.103875259490712,73.4493599088692,300.1329523595467,373.2625706902166,307.75844656284585,6.549154007749649,6.502052586318748,367.246799544346,19.14261453239475,True
vector_thrust,cruise_111,0.375115366640418,14.06682624901568,73.46960945003504,300.0586279735,373.197707615547,307.8433076688581,6.566587152976686,6.503845457903547,367.34804725017517,19.169794587321867,True
vector_thrust,cruise_111,0.3744314911128279,14.041180916731049,73.4836327140919,300.0071819035806,373.152820899395,307.90207590528996,6.578708346713182,6.5050870620510635,367.4181635704595,19.188603768931515,True
vector_thrust,cruise_111,0.3741873837700161,14.032026891375606,73.48863957511554,299.9888186359611,373.1368010008247,307.92305849417426,6.5830457184495605,6.505530363925785,367.44319787557765,19.195316688126432,True
vector_thrust,cruise_112,0.3741873837700161,14.032026891375606,73.48751873425127,299.94682404996837,373.1001694906026,307.92018753089405,6.582062807157863,6.582062807157863,367.4375936712563,19.195316688126432,True
vector_thrust,cruise_112,0.373943261576969,14.022872309136341,73.49252651038819,299.9284598111661,373.0841523065357,307.9411740775993,6.586405410920051,6.5825114129138775,367.46263255194094,19.20202960732135,True
vector_thrust,cruise_112,0.3732591482786355,13.997218060448835,73.50656362633137,299.8769976905778,373.03927311263135,308.00000071149395,6.598605173055149,6.583768883566039,367.5328181316568,19.220838788931005,True
vector_thrust,cruise_112,0.37227032029727813,13.960137011147934,73.52686257394578,299.8026154023167,372.9744206901741,308.0850693801304,6.616318270573491,6.58558730061877,367.6343128697289,19.24801884385812,True
vector_thrust,cruise_112,0.3711724499498108,13.918966873117908,73.5494131136654,299.7200332315394,372.9024397811733,308.17957400486046,6.636095408805847,6.587607419470113,367.74706556832695,19.27818642888289,True
vector_thrust,cruise_112,0.3701829836272559,13.881861886022099,73.56974886826205,299.6456075706715,372.83758708674594,308.26479692459685,6.654020413510216,6.589429133774759,367.84874434131024,19.305366483810012,True
vector_thrust,cruise_112,0.36949807433007553,13.856177787377835,73.58383188354613,299.59409136529695,372.7927075536957,308.3238159132571,6.666484429707506,6.590690716177951,367.9191594177306,19.32417566541966,True
vector_thrust,cruise_112,0.3692535978840919,13.847009920653448,73.58886007810527,299.5757030564908,372.7766902186941,308.3448880328945,6.670944640441926,6.591141151130092,367.94430039052634,19.330888584614577,True
vector_thrust,cruise_113,0.3692535978840919,13.847009920653448,73.58772180334164,299.53359014442486,372.7400114053446,308.34197216286645,6.669943796053642,6.669943796053642,367.9386090167082,19.330888584614577,True
vector_thrust,cruise_113,0.36900910656791475,13.837841496296807,73.5927511077771,299.51520086341236,372.7239967985726,308.36304898274125,6.674409486453262,6.6703997223194635,367.96375553888555,19.337601503809495,True
vector_thrust,cruise_113,0.36832395857491457,13.8121484465593,73.60684806183421,299.4636685477002,372.6791248259598,308.42212674271303,6.686955464822303,6.6716776713960835,368.0342403091711,19.356410685419146,True
vector_thrust,cruise_113,0.36733363428353977,13.775011285632745,73.62723357998196,299.38918475048,372.6142828382169,308.5075587281946,6.705172473675571,6.673525705698875,368.13616789990976,19.383590740346264,True
vector_thrust,cruise_113,0.36623410158786907,13.733778809545095,73.64988033492654,299.30648981063143,372.54231351040056,308.6024671530704,6.725513966068139,6.675578730965766,368.2494016746327,19.413758325371035,True
vector_thrust,cruise_113,0.36524313612570836,13.696617604714067,73.67030290949249,299.2319624557426,372.4774712498309,308.68805444193083,6.7439520459060365,6.677430124735974,368.35151454746244,19.440938380298157,True
vector_thrust,cruise_113,0.364557188605265,13.67089457269744,73.68444608403847,299.1803758244648,372.4325989369947,308.74732590714086,6.756773706979947,6.678712263975362,368.42223042019236,19.459747561907804,True
vector_thrust,cruise_113,0.36431234146576397,13.661712804966152,73.68949577618878,299.161962370741,372.41658417880774,308.76848824284633,6.761362076605725,6.679170040089197,368.4474788809439,19.46646048110272,True
vector_thrust,cruise_114,0.36431234146576397,13.661712804966152,73.68834009916058,299.1197305373708,372.3798579437604,308.7655281850122,6.760342784863472,6.760342784863472,368.44170049580293,19.46646048110272,True
vector_thrust,cruise_114,0.36406747943735474,13.652530478900806,73.69339067134456,299.1013161104757,372.36384592766956,308.78669435397995,6.764936860709692,6.760806212754873,368.4669533567228,19.47317340029764,True
vector_thrust,cruise_114,0.36338129229449256,13.626798461043474,73.70754789542893,299.04971330893846,372.31898121384216,308.8460250553581,6.777844077862553,6.76210524338611,368.53773947714467,19.49198258190729,True
vector_thrust,cruise_114,0.36238946524885596,13.589604946832102,73.72802061770156,298.9751275821554,372.25414971499316,308.9318230171846,6.796586917876631,6.763983767959756,368.64010308850783,19.519162636834405,True
vector_thrust,cruise_114,0.36128826304299283,13.548309864112234,73.75076433177246,298.89231940562075,372.1821920284535,309.0271383487588,6.817517392705022,6.766070672925741,368.7538216588623,19.54933022185918,True
vector_thrust,cruise_114,0.36029579197984735,13.511092199244278,73.77127439421199,298.8176899346911,372.1173602558367,309.11309279735696,6.836491007251101,6.7679526237374885,368.8563719710599,19.576510276786298,True
vector_thrust,cruise_114,0.3596088017599401,13.485330065997756,73.78547818076248,298.7660325850683,372.0724952006251,309.17261863471373,6.849686007043644,6.769255926821396,368.9273909038124,19.595319458395945,True
vector_thrust,cruise_114,0.35936358232849885,13.47613433731871,73.79054951190038,298.7475938819816,372.0564830326034,309.19387178657024,6.854408165366391,6.769721259181045,368.95274755950186,19.602032377590866,True
vector_thrust,cruise_115,0.35936358232849885,13.47613433731871,73.78937547478479,298.7052425329926,372.01970926154183,309.19086453463285,6.853369806803146,6.853369806803146,368.94687737392394,19.602032377590866,True
vector_thrust,cruise_115,0.3591183470535442,13.46693801450791,73.7944477503383,298.6868027918381,372.00369979406855,309.212121775937,6.858097953539138,6.853840984164576,368.9722387516915,19.608745296785784,True
vector_thrust,cruise_115,0.3584311174354259,13.441166903828472,73.80866564636243,298.63512929047255,371.9588424451389,309.2717071126222,6.871382291455379,6.855161722886858,369.0433282318121,19.627554478395435,True
vector_thrust,cruise_115,0.3574377791750572,13.403916719064648,73.82922622543302,298.5604410752006,371.8940213722696,309.35787380172206,6.890674210244838,6.857071650550205,369.14613112716506,19.65473453332255,True
vector_thrust,cruise_115,0.356334913885774,13.362559270716527,73.85015797387402,298.4822795765189,371.8268356497149,309.44559601295174,6.912150960877096,6.859016057137807,369.2507898693701,19.684902118347324,True
vector_thrust,cruise_115,0.35534097636297485,13.32528661361156,73.86840408857299,298.41607511054445,371.7705415517126,309.5220630897851,6.931660226581639,6.8607109880549055,369.34202044286496,19.712082173274442,True
vector_thrust,cruise_115,0.354652991010649,13.299487162899343,73.88103899658145,298.37025062429416,371.7315871949149,309.5750143350509,6.945228299617533,6.8618846788302905,369.4051949829073,19.73089135488409,True
vector_thrust,cruise_115,0.3544074203125279,13.290278261719799,73.88554996964682,298.3538941565249,371.71768501447167,309.5939192327381,6.950084083364807,6.862303715321568,369.4277498482341,19.737604274079008,True
vector_thrust,cruise_116,0.3544074203125279,13.290278261719799,73.8843580628224,298.3162692901352,371.68570991537706,309.59086716756104,6.949139113643621,6.949139113643621,369.421790314112,19.737604274079008,True
vector_thrust,cruise_116,0.3541618368228716,13.281068880857688,73.88886957199477,298.29991208753086,371.6718107253881,309.6097745022441,6.954001168428191,6.949563511495479,369.44434785997385,19.744317193273925,True
vector_thrust,cruise_116,0.3534736386663146,13.255261449986799,73.90151588220542,298.2540749029385,371.63286737447356,309.66277375241356,6.9676621970739046,6.950753143365811,369.5075794110271,19.76312637488358,True
vector_thrust,cruise_116,0.35247893293524957,13.217959985071863,73.9198022225497,298.1878243893155,371.57659602512035,309.7394097282747,6.987501915485855,6.952473329953489,369.59901111274854,19.790306429810695,True
vector_thrust,cruise_116,0.35137457349351736,13.176546506006904,73.94011497217528,298.1142726661302,371.5141442798774,309.82453816973606,7.00966044543494,6.954384140138734,369.7005748608764,19.820474014835465,True
vector_thrust,cruise_116,0.35037929204138335,13.139223451551878,73.95843053099848,298.0479875407119,371.4578814759494,309.90129679579536,7.0297501360580315,6.956107079757523,369.7921526549924,19.847654069762587,True
vector_thrust,cruise_116,0.34969037597550495,13.113389099081438,73.9711135428462,298.0021071961049,371.4189487811832,309.9544499993375,7.04372291073727,6.957300167296343,369.85556771423103,19.866463251372235,True
vector_thrust,cruise_116,0.3494444729857471,13.104167736965518,73.97564169375985,297.98573078546144,371.40505433361096,309.9734270164178,7.048723736418714,6.957726129253359,369.8782084687993,19.873176170567152,True
vector_thrust,cruise_117,0.3494444729857471,13.104167736965518,73.97442843311235,297.9480097251583,371.3730543490986,309.97031750205275,7.047760760348624,7.047760760348624,369.87214216556174,19.873176170567152,True
vector_thrust,cruise_117,0.3491985572167757,13.094945895629092,73.97895732875979,297.93163258057416,371.3591629060413,309.98929774957514,7.052768166981402,7.048192312133286,369.89478664379897,19.87988908976207,True
vector_thrust,cruise_117,0.348509427691376,13.069103538426603,73.99165160479643,297.8857394996984,371.3202412667637,310.04249846782,7.066838108739906,7.0494019309686955,369.9582580239821,19.89869827137172,True
vector_thrust,cruise_117,0.34751337519548897,13.03175156983084,74.01000733321514,297.819408160955,371.264001304995,310.11942589030286,7.087273217491517,7.051151021249141,370.0500366660757,19.92587832629884,True
vector_thrust,cruise_117,0.3464075197159965,12.990281989349873,74.03039723904669,297.7457666558298,371.20158441596766,310.20487839126093,7.110098873350702,7.053093945294189,370.15198619523346,19.95604591132361,True
vector_thrust,cruise_117,0.34541088925572877,12.952908347089831,74.04878287141727,297.6794005736732,371.1453530329456,310.28193113886715,7.130795400942642,7.054845885078077,370.2439143570864,19.98322596625073,True
vector_thrust,cruise_117,0.34472103902030915,12.927038963261596,74.06151443709605,297.6334641684526,371.1064420911933,310.3352881350865,7.145191340713337,7.056059057188475,370.30757218548024,20.00203514786038,True
vector_thrust,cruise_117,0.34447480250512375,12.917805093942144,74.0660599282068,297.617067742715,371.09255540898386,310.35433793289815,7.150343835125408,7.0564921903303555,370.330299641034,20.008748067055297,True
vector_thrust,cruise_118,0.34447480250512375,12.917805093942144,74.06482842200998,297.57925129014575,371.06053158522917,310.35118344850684,7.149362615087539,7.149362615087539,370.3241421100499,20.008748067055297,True
vector_thrust,cruise_118,0.34422855321219387,12.908570745457274,74.06937463163561,297.5628541306705,371.04664792099464,310.37023638078057,7.154521999050667,7.149801525357486,370.3468731581781,20.015460986250215,True
vector_thrust,cruise_118,0.3435384888258217,12.88269333096832,74.08211744981885,297.5169049488925,371.00774808257626,310.4236408807509,7.169019589699851,7.151031770821102,370.41058724909425,20.034270167859866,True
vector_thrust,cruise_118,0.3425410845109999,12.8452906691625,74.1005434004674,297.4504924887723,370.9515396372054,310.5008630985301,7.1900774397087535,7.152810689885337,370.502717002337,20.06145022278698,True
vector_thrust,cruise_118,0.3414337273710453,12.803764776414202,74.12101135355202,297.37676087195786,370.8891577470898,310.586643244192,7.213600964318768,7.154786752485445,370.6050567677601,20.091617807811755,True
vector_thrust,cruise_118,0.340435742829927,12.766340356122265,74.13946740015075,297.3103135354357,370.8329579135494,310.6639915925608,7.234932343023428,7.156568577139769,370.69733700075375,20.118797862738873,True
vector_thrust,cruise_118,0.33974495491296786,12.740435809236295,74.15224774740823,297.26432086347836,370.7940688139113,310.71755337496387,7.249771033531616,7.157802445818646,370.76123873704114,20.13760704434852,True
vector_thrust,cruise_118,0.339498383618552,12.731189385695703,74.15681065905655,297.24790434904634,370.78018992888485,310.7366763045611,7.255082226621937,7.1582429685723685,370.7840532952827,20.14431996354344,True
vector_thrust,cruise_119,0.339498383618552,12.731189385695703,74.15555886666984,297.20999211134637,370.748142299482,310.7334698477883,7.254082028341907,7.254082028341907,370.77779433334916,20.14431996354344,True
vector_thrust,cruise_119,0.33925179955524504,12.72194248332169,74.1601224984042,297.19357486381097,370.7342664463225,310.7525959212087,7.259400441489801,7.254528527090625,370.800612492021,20.15103288273836,True
vector_thrust,cruise_119,0.3385607968139647,12.69602988052368,74.17291416574557,297.1475693759866,370.6953884991657,310.8062054970986,7.2743455536532515,7.255780044222655,370.86457082872784,20.16984206434801,True
vector_thrust,cruise_119,0.3375620356273048,12.658576336023934,74.19141078148705,297.081075497712,370.6392117009156,310.88372437765037,7.296055159853484,7.257589724777967,370.95705390743524,20.197022119275125,True
vector_thrust,cruise_119,0.33645317121300955,12.616993920487861,74.21195727427208,297.00725343934477,370.5768649549254,310.96983424456977,7.320309176141433,7.259599962163688,371.05978637136036,20.2271897042999,True
vector_thrust,cruise_119,0.33545382752805974,12.579518532302243,74.23048417960891,296.9407245508402,370.52069680181,311.04748006810155,7.342305181550642,7.2614126062066155,371.1524208980445,20.254369759227018,True
vector_thrust,cruise_119,0.3347620984230545,12.553578690864546,74.2433136164966,296.89467540595564,370.48182963496293,311.1012479356694,7.357607443960452,7.262667818662542,371.216568082483,20.273178940836665,True
vector_thrust,cruise_119,0.3345151910973912,12.544319666152173,74.24789405871246,296.87823872919415,370.46795857949365,311.1204444610213,7.363084809888614,7.26311596211368,371.23947029356236,20.279891860031583,True
vector_thrust,cruise_120,0.3345151910973912,12.544319666152173,74.24662135619313,296.8402303167497,370.43588718344193,311.1171844315088,7.362064993555423,7.362064993555423,371.23310678096567,20.279891860031583,True
vector_thrust,cruise_120,0.33426827101388423,12.535060163020662,74.25120252317491,296.82379290763225,370.42201917389343,311.13638412187714,7.367549931596555,7.362519321941707,371.25601261587457,20.2866047792265,True
vector_thrust,cruise_120,0.3335763264142192,12.509112240533222,74.26404334613532,296.7777309076292,370.3831632091967,311.19020006700725,7.382963689247448,7.3637927857860825,371.32021673067663,20.305413960836155,True
vector_thrust,cruise_120,0.33257620328895465,12.471607623335801,74.2826110733296,296.7111553129924,370.3270181899428,311.2680174928052,7.4053558989031245,7.365634204309467,371.41305536664805,20.33259401576327,True
vector_thrust,cruise_120,0.3314658259709204,12.429968473909517,74.30323660217212,296.637242481618,370.2647067345721,311.3544591742999,7.430375096902449,7.367679701341331,371.51618301086063,20.36276160078804,True
vector_thrust,cruise_120,0.33046511806505663,12.392441927439625,74.32183481426958,296.5706317420776,370.2085703939796,311.43240436245793,7.453067397654609,7.369524143146121,371.60917407134787,20.389941655715162,True
vector_thrust,cruise_120,0.3297724442556726,12.366466659587724,74.33471365129733,296.5245259170791,370.16972525140005,311.486379624711,7.468855380468391,7.370801376962303,371.6735682564867,20.40875083732481,True
vector_thrust,cruise_120,0.3295251996432248,12.357194986620932,74.33931173499266,296.50806900399755,370.155862058148,311.5056502135666,7.4745068705852145,7.371257383042065,371.6965586749633,20.415463756519728,True
vector_thrust,cruise_121,0.3295251996432248,12.357194986620932,74.33801745466909,296.4699640291681,370.1237669387644,311.50233488038674,7.473466763045995,7.473466763045995,371.6900872733454,20.415463756519728,True
vector_thrust,cruise_121,0.32927794228627905,12.347922835735467,74.34261628170039,296.4535063845982,370.10990680565396,311.5216087081691,7.479126201601895,7.4739291747045895,371.713081408502,20.422176675714645,True
vector_thrust,cruise_121,0.32858505231511176,12.321939461816694,74.35550657195986,296.4073876653046,370.07107291543133,311.57563233685863,7.495031080725461,7.475225292737173,371.7775328597993,20.440985857324296,True
vector_thrust,cruise_121,0.3275835621704299,12.284383581391124,74.37414586026237,296.3407300546795,370.0149598082273,311.6537502046515,7.518138720434394,7.477099472231764,371.8707293013119,20.468165912251415,True
vector_thrust,cruise_121,0.3264716663035339,12.242687486382524,74.39485092514656,296.26672611726536,369.9526837912792,311.7405258097618,7.543960023684561,7.479181365457007,371.9742546257328,20.498333497276185,True
vector_thrust,cruise_121,0.32546958908538043,12.20510959070177,74.41352089530879,296.2000332262111,369.8965793964884,311.81877226623465,7.56738233437726,7.481058630011062,372.0676044765439,20.525513552203304,True
vector_thrust,cruise_121,0.32477596704532385,12.179098764199647,74.42644944524628,296.15387051292424,369.85775637047095,311.87295624248907,7.583679620943662,7.482358595052359,372.1322472262314,20.544322733812955,True
vector_thrust,cruise_121,0.324528383886985,12.169814395761941,74.4310652821398,296.13739328917904,369.84390107238795,311.89230136609905,7.5895137025002155,7.48282271721819,372.155326410699,20.551035653007872,True
vector_thrust,cruise_122,0.324528383886985,12.169814395761941,77.58361078428976,296.09919136617145,369.8117822771979,319.9358190240361,7.784238462591585,7.784238462591585,387.9180539214488,20.551035653007872,True
vector_thrust,cruise_122,0.32427005175036716,12.16012694063877,77.58863175083192,296.0820151573381,369.79734308914936,319.9565274074067,7.790492143707237,7.784742310503405,387.9431587541596,20.55774857220279,True
vector_thrust,cruise_122,0.3235461224829189,12.13297959310946,77.60270551712492,296.0338825677826,369.7568868398891,320.01457301444736,7.808070210679313,7.786154596405898,388.0135275856246,20.57655775381244,True
vector_thrust,cruise_122,0.32249975722706975,12.093740896015117,77.6230567269953,295.96431353273476,369.6984296604021,320.0985092051128,7.833617104444419,7.788196816391689,388.1152836349765,20.603737808739556,True
vector_thrust,cruise_122,0.3213380232212032,12.05017587079512,77.64566430636425,295.88707636007,369.63355234128124,320.19175152851847,7.862175809732138,7.790465460404135,388.2283215318213,20.63390539376433,True
vector_thrust,cruise_122,0.32029101585601644,12.01091309460062,77.6660505717072,295.81746880279957,369.57510463463166,320.2758323013915,7.888091878101955,7.792511198165412,388.330252858536,20.66108544869145,True
vector_thrust,cruise_122,0.3195662858910216,11.983735720913314,77.6801680515011,295.7692881767972,369.5346601978107,320.3340581996685,7.906130323548215,7.793927870666383,388.4008402575055,20.679894630301096,True
vector_thrust,cruise_122,0.31930759741036535,11.974034902888706,77.68520845382285,295.7520905897262,369.52022626679366,320.35484675096325,7.9125888996942555,7.794433669113907,388.42604226911425,20.686607549496014,True
vector_thrust,cruise_123,0.31930759741036535,11.974034902888706,70.98464758385869,295.71179967528195,369.4864148527127,303.18650339012504,7.487520061689532,7.487520061689532,354.92323791929346,20.686607549496014,True
vector_thrust,cruise_123,0.31907167501414524,11.965187813030449,70.98884828170571,295.69608445215897,369.47322872051336,303.20444837164587,7.493101618875885,7.487963232502353,354.94424140852857,20.693320468690935,True
vector_thrust,cruise_123,0.3184105528499691,11.940395731873844,71.00062249117414,295.65204642112064,369.43628322869546,303.2547466742198,7.508786848815882,7.489205403724951,355.00311245587073,20.712129650300586,True
vector_thrust,cruise_123,0.31745498924045445,11.904562096517044,71.01764744214272,295.5883967157849,369.38289864917135,303.3274756448717,7.531573314397347,7.491001524662833,355.08823721071354,20.7393097052277,True
vector_thrust,cruise_123,0.3163940966966677,11.864778626125041,71.03655857367811,295.5177329967536,369.3236506717869,303.40826219943,7.55703284848757,7.492996636388475,355.18279286839055,20.769477290252475,True
vector_thrust,cruise_123,0.3154379977877958,11.828924917042345,71.05361032132677,295.4540510677648,369.2702740877137,303.481105643024,7.580124374242383,7.494795584360017,355.2680516066339,20.796657345179593,True
vector_thrust,cruise_123,0.31477620811603296,11.804107804351236,71.06541794595137,295.4099728544739,369.23333856606297,303.5315466919657,7.596190025958356,7.496041280859235,355.32708972975684,20.81546652678924,True
vector_thrust,cruise_123,0.31453998865091504,11.795249574409315,71.06963351495666,295.39423974856084,369.22015687100645,303.54955520165976,7.6019408931665975,7.496486020569308,355.3481675747833,20.82217944598416,True
vector_thrust,cruise_124,0.31453998865091504,11.795249574409315,71.06428309184024,295.35803458124974,369.18982688302856,303.53574274366474,7.600663287060482,7.600663287060482,355.32141545920115,20.82217944598416,True
vector_thrust,cruise_124,0.31430377162612977,11.78639143597987,71.06850523672536,295.34230172436344,369.17664874202995,303.5537770650508,7.606422347542124,7.6011148740901575,355.3425261836268,20.828892365179076,True
vector_thrust,cruise_124,0.31364182371077853,11.761568389154196,71.08031576797487,295.2982142716561,369.13972564947426,303.6042344588422,7.622604852910823,7.6023783485564085,355.40157883987433,20.847701546788727,True
vector_thrust,cruise_124,0.31268506608921504,11.725689978345567,71.09740384051676,295.234493104267,369.08637344978825,303.6772343753697,7.646116733743625,7.604206297319522,355.48701920258384,20.874881601715845,True
vector_thrust,cruise_124,0.3116228471932657,11.685856769747467,71.11638313919629,295.16375000282676,369.02716142602765,303.75831440130895,7.672389362612866,7.6062365754373475,355.5819156959814,20.905049186740616,True
vector_thrust,cruise_124,0.31066555231089843,11.649958211658694,71.13349631564932,295.0999964948587,368.97381724933024,303.8314223379062,7.6962208823389755,7.608067229068662,355.66748157824657,20.932229241667738,True
vector_thrust,cruise_124,0.3100029344581016,11.625110042178813,71.14534648206494,295.0558687150815,368.93690416210734,303.8820465637789,7.712802795885438,7.6093348810807395,355.7267324103247,20.951038423277385,True
vector_thrust,cruise_124,0.30976641931152177,11.616240724182068,71.14957724190769,295.04011791271034,368.9237304753718,303.9001204829587,7.718738747753732,7.609787459655907,355.7478862095385,20.957751342472303,True
vector_thrust,cruise_125,0.30976641931152177,11.616240724182068,71.14413255887368,295.0038272015288,368.8933814458235,303.8860589609338,7.717432218845243,7.717432218845243,355.7206627943684,20.957751342472303,True
vector_thrust,cruise_125,0.3095299069138767,11.607371509270381,71.14836336157492,294.988076667892,368.8802113396835,303.9041336317571,7.7233761148986595,7.717891239727719,355.7418168078746,20.96446426166722,True
vector_thrust,cruise_125,0.30886713100668645,11.582517412750743,71.1602219611034,294.9439396634866,368.84331076079627,303.9547954844049,7.740081164142083,7.719177838445764,355.80110980551706,20.98327344327687,True
vector_thrust,cruise_125,0.3079091761169837,11.546594104386891,71.17736898730871,294.8801468449639,368.7899911055557,304.0280503504833,7.764353308156664,7.721038205010764,355.8868449365436,21.010453498203987,True
vector_thrust,cruise_125,0.30684562730194503,11.506711023822941,71.19641579030132,294.80932415406784,368.7308152208594,304.1094213703036,7.791478624730203,7.723104687863544,355.98207895150654,21.04062108322876,True
vector_thrust,cruise_125,0.30588713323579,11.470767496342127,71.21358993627963,294.74549888071397,368.67750361907207,304.18279209648733,7.816086311225287,7.724967996789615,356.06794968139815,21.06780113815588,True
vector_thrust,cruise_125,0.30522368498632074,11.445888186987029,71.22548235480942,294.7013214057797,368.6406130826785,304.23359842896133,7.833209796246619,7.726258264689685,356.12741177404706,21.086610319765526,True
vector_thrust,cruise_125,0.30498687336812574,11.437007751304717,71.2297282048525,294.6855528610574,368.6274474458694,304.251737385745,7.839339920900848,7.726718918166114,356.14864102426253,21.093323238960448,True
vector_thrust,cruise_126,0.30498687336812574,11.437007751304717,71.22418926356157,294.6491763471052,368.59707947271414,304.23743072829444,7.838003639354449,7.838003639354449,356.1209463178078,21.093323238960448,True
vector_thrust,cruise_126,0.3047500647555773,11.428127428334152,71.2284397161592,294.63340808764116,368.5839174403674,304.25558804807196,7.844142568279008,7.838471422487367,356.14219858079605,21.100036158155365,True
vector_thrust,cruise_126,0.3040864585734669,11.403242196505012,71.24034079807866,294.58922139870606,368.5470394882672,304.30643297945085,7.861395348202762,7.839781329543302,356.2017039903933,21.118845339765016,True
vector_thrust,cruise_126,0.30312730312101643,11.367273867038119,71.25754938653773,294.52535673733246,368.4937525414052,304.3799530994617,7.886465595789351,7.841675412617931,356.28774693268866,21.14602539469213,True
vector_thrust,cruise_126,0.3020624206987943,11.32734077620479,71.27666466721922,294.4544542421925,368.4346129764404,304.46161914225706,7.914485992206965,7.843779357353164,356.38332333609617,21.176192979716905,True
vector_thrust,cruise_126,0.30110272411733713,11.291352154400144,71.29390052086038,294.3905570093434,368.3813341121935,304.5352557546391,7.939908555208272,7.845676441595751,356.4695026043019,21.203373034644024,True
vector_thrust,cruise_126,0.3004384431597048,11.266441618488932,71.30583560716622,294.3463297045219,368.34446623903114,304.5862459699166,7.957600688454831,7.846990091569589,356.5291780358311,21.22218221625367,True
vector_thrust,cruise_126,0.3002013342441848,11.257550034156935,71.31009667927859,294.3305433693114,368.3313086922589,304.60445053495704,7.9639347075199165,7.847459091872078,356.55048339639296,21.22889513544859,True
vector_thrust,cruise_127,0.3002013342441848,11.257550034156935,71.30446863436794,294.2940807879698,368.3009218704725,304.5899223536503,7.962568315874208,7.962568315874208,356.5223431718397,21.22889513544859,True
vector_thrust,cruise_127,0.2999642286042243,11.248658572658412,71.30872985760668,294.27829475536737,368.2877679527148,304.6081281179662,7.968911131240328,7.963044249683795,356.5436492880334,21.235608054643507,True
vector_thrust,cruise_127,0.2992997898682256,11.22374212005846,71.32067376704337,294.2340582491757,368.25091274167926,304.6591575917476,7.986739125161596,7.964378258596395,356.6033688352169,21.25441723625316,True
vector_thrust,cruise_127,0.2983394305559439,11.1877286458479,71.33794419973925,294.1701215528709,368.1976586683749,304.73294424493974,8.012647614846063,7.966307184091703,356.68972099869626,21.281597291180276,True
vector_thrust,cruise_127,0.29727321086444225,11.147745407416586,71.35712816096571,294.09913904007084,368.13855560667906,304.81490630611864,8.041608256640671,7.968449830527291,356.7856408048286,21.311764876205046,True
vector_thrust,cruise_127,0.29631230846560086,11.111711567460036,71.37442604138317,294.0351696552272,368.0853096455031,304.8888102277714,8.067886976461114,7.970381821646445,356.8721302069159,21.33894493113217,True
vector_thrust,cruise_127,0.29564719251157223,11.086769719183959,71.3864041751934,293.99089238708297,368.0484645501326,304.93998592377824,8.08617666434536,7.9717196530901715,356.932020875967,21.357754112741816,True
vector_thrust,cruise_127,0.2954097854811439,11.077866955542897,71.39068063444785,293.97508821369905,368.0353151342699,304.9582567813832,8.092724962177478,7.972197288563942,356.9534031722393,21.364467031936734,True
vector_thrust,cruise_128,0.2954097854811439,11.077866955542897,71.38495233017558,293.93853930286855,368.0049095627309,304.9434680837887,8.091326420349395,8.091326420349395,356.92476165087794,21.364467031936734,True
vector_thrust,cruise_128,0.2951723820193605,11.068964325726022,71.38922889498353,293.9227354508858,367.9917638016296,304.96173997259467,8.097883973867404,8.091811244036798,356.9461444749177,21.37117995113165,True
vector_thrust,cruise_128,0.2945071085028722,11.04401656885771,71.40121580265883,293.8784489978114,367.9549314495873,305.0129547809598,8.116316515499326,8.09317017044582,357.00607901329414,21.389989132741302,True
vector_thrust,cruise_128,0.2935455421100191,11.007957829125719,71.41854843898581,293.8144400790219,367.90171042033364,305.08700954703914,8.143106130755033,8.095135129030098,357.09274219492903,21.41716918766842,True
vector_thrust,cruise_128,0.29247798156873417,10.967924308827534,71.43780152672137,293.7433773399847,367.84264405118745,305.169269561859,8.173055299928421,8.097317804512318,357.1890076336069,21.44733677269319,True
vector_thrust,cruise_128,0.2915158701214945,10.931845129556047,71.45516177763784,293.67933561486393,367.7894311636676,305.2434423126786,8.200234295015303,8.09928589368684,357.2758088881892,21.474516827620313,True
vector_thrust,cruise_128,0.2908499169330322,10.90687188498871,71.46718312230736,293.63500825294597,367.7526089642027,305.29480425396986,8.219152412533242,8.100648724099907,357.33591561153685,21.49332600922996,True
vector_thrust,cruise_128,0.2906122109886778,10.897957912075421,71.47147501158975,293.6191861948096,367.7394677214244,305.3131416175768,8.225926077123313,8.101135285086324,357.35737505794873,21.50003892842488,True
vector_thrust,cruise_129,0.2906122109886778,10.897957912075421,71.46564429918189,293.5825506978704,367.70904350535847,305.2980883582769,8.224494187492915,8.224494187492915,357.3282214959095,21.50003892842488,True
vector_thrust,cruise_129,0.2903745089132611,10.889044084247294,71.46993628385593,293.56672898039193,367.6959059434629,305.3164267218522,8.231277603732046,8.224988208813011,357.34968141927965,21.506751847619796,True
vector_thrust,cruise_129,0.28970839839625445,10.864064939859546,71.48196642434405,293.52239245112077,367.6590965696581,305.3678279049616,8.25034606479674,8.226372916899415,357.4098321217202,21.525561029229447,True
vector_thrust,cruise_129,0.28874562171123225,10.827960814171213,71.49936159958706,293.45831112272907,367.6059087568381,305.4421522730433,8.278062664802826,8.228375157845514,357.4968079979353,21.552741084156562,True
vector_thrust,cruise_129,0.28767671675050366,10.78787687814389,71.51868419470567,293.3871679494127,367.5468792716646,305.5247119283459,8.309052001957966,8.230599251054905,357.59342097352834,21.582908669181336,True
vector_thrust,cruise_129,0.28671339303413024,10.751752238779885,71.53610715109004,293.32305369625374,367.4936996303512,305.59915499686844,8.337178476579973,8.232604689699004,357.6805357554502,21.610088724108454,True
vector_thrust,cruise_129,0.28604660037993873,10.726747514247704,71.54817193453916,293.2786761104536,367.4569004462512,305.6507041987345,8.356758072339085,8.23399338529614,357.7408596726958,21.6288979057181,True
vector_thrust,cruise_129,0.28580859472482517,10.717822302180947,71.55247933704358,293.26283612109506,367.44376741920206,305.6691084378728,8.363768975424813,8.234489181252911,357.7623966852179,21.635610824913023,True
vector_thrust,cruise_130,0.28580859472482517,10.717822302180947,71.54654271328374,293.22611378263315,367.4133246666107,305.6537815632561,8.36230234126215,8.36230234126215,357.7327135664187,21.635610824913023,True
vector_thrust,cruise_130,0.28557059322338635,10.70889724587699,71.55089382175372,293.21012585690096,367.4000470504199,305.67237315609333,8.369324398792092,8.36281098381686,357.7544691087686,21.64232374410794,True
vector_thrust,cruise_130,0.2849036420172301,10.683886575646131,71.56317000475727,293.16499456834777,367.36251623658626,305.7248273281896,8.389064850930179,8.364246063873406,357.8158500237863,21.66113292571759,True
vector_thrust,cruise_130,0.2839396460282065,10.647736726057746,71.58092116703146,293.09976428401524,367.3082855150349,305.8006752138714,8.417761269747638,8.366321166457686,357.9046058351573,21.688312980644707,True
vector_thrust,cruise_130,0.2828693815424654,10.607601807842453,71.60063949590592,293.0273451792763,367.2480979377443,305.88492848879065,8.449850413799993,8.368626229900752,358.0031974795296,21.71848056566948,True
vector_thrust,cruise_130,0.281904827341689,10.57143102531334,71.61841955640053,292.96208073233345,367.1938743949279,305.9608998509656,8.478979016979318,8.370704710646304,358.0920977820026,21.7456606205966,True
vector_thrust,cruise_130,0.28123718005658743,10.546394252122031,71.63073177035892,292.91690684368467,367.15635253283244,306.01350797824404,8.499258425820445,8.372144002722653,358.1536588517946,21.764469802206246,True
vector_thrust,cruise_130,0.28099886877079033,10.53745757890464,71.63512754229056,292.90078258893493,367.1429615303554,306.0322904103467,8.506520352511108,8.372657866399207,358.1756377114528,21.771182721401164,True
vector_thrust,cruise_131,0.28099886877079033,10.53745757890464,71.62908115745034,292.86335504995554,367.1118823714568,306.01667991571526,8.504999513429192,8.504999513429192,358.1454057872517,21.771182721401164,True
vector_thrust,cruise_131,0.2807605617244414,10.528521064666554,71.63347706919866,292.8472311667299,367.0984950969333,306.0354635530822,8.512272292555382,8.505521559569653,358.1673853459933,21.777895640596082,True
vector_thrust,cruise_131,0.2800927540826768,10.503478278100383,71.64579846446392,292.80204777835644,367.0609858953623,306.08811266958816,8.532718763948031,8.506984815462726,358.2289923223196,21.796704822205736,True
vector_thrust,cruise_131,0.2791275196802354,10.46728198800883,71.66361503263995,292.73674215719785,367.0067864151984,306.1642425683092,8.562444676387493,8.509100663369312,358.31807516319975,21.82388487713285,True
vector_thrust,cruise_131,0.27805587951182054,10.427095481693273,71.68340605475876,292.6642393650427,366.94663352814337,306.24880927622723,8.595689468906851,8.511450992148427,358.4170302737938,21.85405246215762,True
vector_thrust,cruise_131,0.2770900848286556,10.390878181074585,71.70125169750341,292.5988994553308,366.89244125360227,306.3250634100781,8.625871160016239,8.513570292872418,358.506258487517,21.881232517084744,True
vector_thrust,cruise_131,0.2764215785279713,10.365809194798926,71.71360934806155,292.55367330981295,366.85494103729786,306.3778674448803,8.646886013182625,8.5150378543479,358.56804674030775,21.90004169869439,True
vector_thrust,cruise_131,0.27618296054905683,10.356861020589635,71.71802134469698,292.5375303978621,366.84155776159537,306.39671983294477,8.654411753111695,8.515561811249073,358.59010672348484,21.90675461788931,True
vector_thrust,cruise_132,0.27618296054905683,10.356861020589635,71.71186123475624,292.50001251777115,366.81045756211057,306.3808153775025,8.652852650524645,8.652852650524645,358.55930617378124,21.90675461788931,True
vector_thrust,cruise_132,0.27594434714590876,10.347913017971582,71.71627346300428,292.48386999926964,366.7970780429235,306.39966933329526,8.660389867740271,8.653385126754117,358.5813673150214,21.913467537084227,True
vector_thrust,cruise_132,0.2752756807920671,10.32283802970252,71.72864031786719,292.43863437656574,366.75959057547715,306.45251449524295,8.681581032501793,8.654877587693823,358.64320158933594,21.932276718693878,True
vector_thrust,cruise_132,0.2743092046823879,10.28659517558955,71.74652264911533,292.3732532239327,366.70542251286184,306.52892799740374,8.712393008185934,8.657035669210426,358.73261324557666,21.959456773620996,True
vector_thrust,cruise_132,0.2732361851695503,10.246356943858139,71.76638676363726,292.30066652793596,366.6453045116569,306.6138099144672,8.74685719965969,8.659432916962833,358.8319338181863,21.989624358645766,True
vector_thrust,cruise_132,0.27226914669949415,10.210093001231035,71.78429834952131,292.2352509601154,366.5911436817136,306.69034842545915,8.778150299742919,8.661594528997476,358.9214917476066,22.016804413572885,True
vector_thrust,cruise_132,0.27159977909345373,10.184991716004516,71.79670168438331,292.1899724223576,366.5536652332645,306.74334947113636,8.799941455217299,8.663091392428704,358.98350842191655,22.035613595182536,True
vector_thrust,cruise_132,0.27136085360361756,10.17603201013566,71.80112999548442,292.17381080485427,366.5402897279099,306.7622722142204,8.807745690531682,8.663625811359108,359.0056499774221,22.042326514377454,True
vector_thrust,cruise_133,0.27136085360361756,10.17603201013566,71.79485231199178,292.13620231472106,366.50916859487745,306.7460641643607,8.806146656251471,8.806146656251471,358.9742615599589,22.042326514377454,True
vector_thrust,cruise_133,0.27112193303955007,10.16707248898313,71.79928074280681,292.120041113484,366.4957968753207,306.7649880526391,8.813963018284431,8.806689928211425,358.9964037140341,22.04903943357237,True
vector_thrust,cruise_133,0.27045240571887036,10.14196521445764,71.81169330554201,292.07475312336487,366.458331266133,306.81803036654765,8.83594042950962,8.808212680904397,359.05846652771004,22.067848615182022,True
vector_thrust,cruise_133,0.269484684639346,10.105675673975476,71.82964175919591,292.0092962466671,366.40419480050963,306.89472907359,8.867899262725542,8.81041456755093,359.14820879597954,22.095028670109137,True
vector_thrust,cruise_133,0.26841028215477386,10.065385580804021,71.84957936470892,291.93662543268664,366.3441118844131,306.97992797673106,8.903651383212816,8.81286048006184,359.2478968235446,22.12519625513391,True
vector_thrust,cruise_133,0.2674419966241956,10.029074873407337,71.86755725458649,291.8711340134759,366.28998267867485,307.0567524729004,8.936118603361495,8.815065977895701,359.3377862729324,22.15237631006103,True
vector_thrust,cruise_133,0.2667717654442771,10.003941204160395,71.88000652372685,291.8258029495306,366.2525261224186,307.10995164343245,8.958730004816935,8.816593233669861,359.4000326186342,22.171185491670677,True
vector_thrust,cruise_133,0.2665325316332768,9.994969936247882,71.8844512386198,291.8096225786313,366.23915843179634,307.1289451395861,8.96682852833076,8.817138503950996,359.42225619309903,22.177898410865595,True
vector_thrust,cruise_134,0.2665325316332768,9.994969936247882,71.87804533498714,291.77192321094003,366.2080164752731,307.1123979180994,8.96518704448708,8.96518704448708,359.3902266749357,22.177898410865595,True
vector_thrust,cruise_134,0.26629330311434324,9.985998866787874,71.88249598952763,291.75574328018314,366.194652600586,307.1314150245579,8.973299063071861,8.965742189501091,359.41247994763813,22.184611330060516,True
vector_thrust,cruise_134,0.26562291259906606,9.96085922246498,71.8949545685852,291.7104027913661,366.1572089763659,307.18465583102295,8.996107432348555,8.967296388522668,359.47477284292603,22.203420511670167,True
vector_thrust,cruise_134,0.2646539433265366,9.924522874745124,71.91296945387172,291.64487000065316,366.1031042909295,307.2616411537816,9.029278537763794,8.969543734520062,359.56484726935867,22.230600566597282,True
vector_thrust,cruise_134,0.2635781542864633,9.884180785742375,71.93298096409325,291.57211485747433,366.0430566633621,307.3471588813482,9.066392354916868,8.97204015742077,359.66490482046623,22.260768151622056,True
vector_thrust,cruise_134,0.2626086184613372,9.847823192300146,71.95102544030105,291.5065473962642,365.98895926521595,307.42427067051267,9.100101208056333,8.974291195209805,359.7551272015052,22.287948206549174,True
vector_thrust,cruise_134,0.2619375214667311,9.822657055002416,71.96352091516991,291.46116367405835,365.95152472812686,307.4776691646482,9.123580183721831,8.975849997430307,359.81760457584954,22.30675738815882,True
vector_thrust,cruise_134,0.2616979785340546,9.81367419502705,71.96798215947577,291.4449645025799,365.9381648975555,307.49673395263244,9.131990010112334,8.976406534357507,359.8399107973788,22.31347030735374,True
vector_thrust,cruise_135,0.2616979785340546,9.81367419502705,71.96145575125018,291.40717399144205,365.9070022307856,307.4798831377132,9.130305533251189,9.130305533251189,359.80727875625087,22.31347030735374,True
vector_thrust,cruise_135,0.2614584412695904,9.804691547609641,71.96591779486323,291.3909752846435,365.89364624680877,307.4989517123834,9.138729046537087,9.13087175537618,359.82958897431615,22.320183226548657,True
vector_thrust,cruise_135,0.2607871853454168,9.77951945045313,71.9784225189392,291.3455821668507,365.8562247361727,307.5523916604842,9.162416522519344,9.132458600827214,359.892112594696,22.33899240815831,True
vector_thrust,cruise_135,0.25981696467430704,9.743136175286516,71.99650429651035,291.2799732735169,365.802152016787,307.6296655970626,9.196870408168989,9.134753172568033,359.98252148255176,22.366172463085427,True
vector_thrust,cruise_135,0.25873978551432797,9.702741956787301,72.01659008416812,291.20713359142155,365.74213988413675,307.7155038325851,9.235425432502982,9.13730205254274,360.0829504208406,22.396340048110197,True
vector_thrust,cruise_135,0.2577689961761759,9.666337356606599,72.03470166547623,291.1414898988446,365.68807447955703,307.7929051378556,9.270448741464925,9.139600406368626,360.1735083273812,22.42352010303732,True
vector_thrust,cruise_135,0.25709703113549415,9.641138667581032,72.04724355418847,291.096053387088,365.6506620903376,307.8465039120637,9.294846327555044,9.141191968000996,360.2362177709423,22.442329284646966,True
vector_thrust,cruise_135,0.25685717828438565,9.632144185664464,72.05172134489362,291.0798353681524,365.63731016577407,307.86564011223913,9.303585796893833,9.141760198197273,360.2586067244681,22.449042203841884,True
vector_thrust,cruise_136,0.25685717828438565,9.632144185664464,72.0450631113621,291.0419534474592,365.60612690366276,307.8484481627512,9.301855536216234,9.301855536216234,360.2253155568105,22.449042203841884,True
vector_thrust,cruise_136,0.2566173315003148,9.623149931261807,72.04954146097693,291.0257359192092,365.592778857536,307.8675872321358,9.310609496879726,9.302433836544125,360.2477073048846,22.455755123036802,True
vector_thrust,cruise_136,0.25594520799502674,9.597945299813505,72.06209264075306,290.98029004500825,365.55537959251774,307.92122767506567,9.335228045282422,9.304054619932867,360.3104632037653,22.474564304646453,True
vector_thrust,cruise_136,0.25497373278208135,9.561514979328054,72.08024162314382,290.9146048646647,365.50133903007145,307.9987916548417,9.371040778242788,9.30639826967025,360.4012081157191,22.50174435957357,True
vector_thrust,cruise_136,0.2538951600066209,9.521068500248283,72.10040210566264,290.84168043860745,365.4413626042974,308.0849522573925,9.411122840892443,9.30900167235954,360.5020105283132,22.531911944598342,True
vector_thrust,cruise_136,0.2529231140004215,9.484616775015807,72.11858107779531,290.7759603296097,365.3873293843629,308.1626444054538,9.4475392090429,9.311349194791042,360.5929053889766,22.55909199952546,True
vector_thrust,cruise_136,0.2522502787272732,9.459385452272747,72.13116965416735,290.7304709000717,365.34993927530985,308.21644467162645,9.472910534267141,9.312974807350516,360.6558482708367,22.57790118113511,True
vector_thrust,cruise_136,0.25201011517659194,9.450379319122199,72.1356641177723,290.7142339878668,365.33659530397193,308.235652827586,9.48199947045565,9.313555195177445,360.6783205888615,22.58461410033003,True
vector_thrust,cruise_137,0.25201011517659194,9.450379319122199,72.12886994381834,290.6762603939049,365.30539156523736,308.2181103604244,9.480221341376357,9.480221341376357,360.6443497190917,22.58461410033003,True
vector_thrust,cruise_137,0.2517699581071918,9.441373429019695,72.13336416323165,290.66002399941135,365.2920515049868,308.2373182970471,9.48932557400564,9.48081214212613,360.66682081615824,22.591327019524947,True
vector_thrust,cruise_137,0.2510969648733612,9.416136182751046,72.1459620481643,290.6145252431908,365.2546746201777,308.29116035389546,9.514931333198255,9.482468224618493,360.72981024082145,22.610136201134598,True
vector_thrust,cruise_137,0.2501242320104269,9.37965870039101,72.16417859650203,290.54876359404545,365.2006664092276,308.36901599683364,9.552185126400968,9.4848629207863,360.82089298251014,22.637316256061712,True
vector_thrust,cruise_137,0.24904426216267966,9.339159831100488,72.18441417555871,290.47575422186657,365.14072590636385,308.45550076817113,9.593887014455357,9.48752303304894,360.9220708777936,22.667483841086487,True
vector_thrust,cruise_137,0.24807095636758442,9.302660863784418,72.20266090120579,290.4099575139599,365.0867250657977,308.5334853857964,9.63178145420131,9.489921696240554,361.01330450602893,22.694663896013605,True
vector_thrust,cruise_137,0.24739724869871024,9.277396826201635,72.21529641667023,290.36441504016125,365.04935737170985,308.5874882716267,9.658186148472515,9.491582725536158,361.07648208335115,22.713473077623252,True
vector_thrust,cruise_137,0.24715677367568795,9.2683790128383,72.21980764298671,290.34815918950875,365.036021401716,308.6067687861737,9.667645993584394,9.492175758649195,361.09903821493356,22.72018599681817,True
vector_thrust,cruise_138,0.24715677367568795,9.2683790128383,72.21287185610333,290.31009365872177,365.00479730704194,308.58886079275334,9.66581761003621,9.66581761003621,361.06435928051667,22.72018599681817,True
vector_thrust,cruise_138,0.24691630556417804,9.259361458656679,72.21738290083826,290.29383835386807,364.9914652816234,308.6081413402917,9.675293733475584,9.666421527674224,361.0869145041913,22.72689891601309,True
vector_thrust,cruise_138,0.2462424404793554,9.234091517975829,72.23002774129375,290.24828659190877,364.95411091422045,308.66218613589257,9.701947450624145,9.668114353318376,361.1501387064688,22.745708097622742,True
vector_thrust,cruise_138,0.2452684468941755,9.197566758531584,72.24831221791688,290.182448294903,364.9001352530884,308.7403350698536,9.740731290137681,9.670562184196477,361.24156108958437,22.772888152549857,True
vector_thrust,cruise_138,0.24418707655690272,9.157015370883853,72.26862329647301,290.1093537774754,364.8402308933478,308.82714582027523,9.784153468578753,9.673281326028137,361.3431164823651,22.80305573757463,True
vector_thrust,cruise_138,0.24321250788746024,9.12046904577976,72.28693813944349,290.0434802909031,364.7862626306381,308.9054245417901,9.823618057921898,9.675733222194985,361.43469069721743,22.83023579250175,True
vector_thrust,cruise_138,0.24253792568395643,9.095172213148368,72.29962084614858,289.99788464825406,364.74891748891986,308.9596311799679,9.851120724725728,9.677431117175814,361.4981042307429,22.849044974111397,True
vector_thrust,cruise_138,0.24229713842448952,9.08614269091836,72.30414892524921,289.9816098146498,364.73558956931834,308.97898445771597,9.860974712789616,9.67803731291596,361.520744626246,22.855757893306315,True
vector_thrust,cruise_139,0.24229713842448952,9.08614269091836,72.29706545612373,289.94345208326683,364.70434524105127,308.9606948129968,9.859093507486044,9.859093507486044,361.48532728061866,22.855757893306315,True
vector_thrust,cruise_139,0.24205635852729843,9.077113444773692,72.30159338892838,289.92717782490087,364.6910213005835,308.98004827099345,9.868964836061293,9.859711086211382,361.5079669446419,22.862470812501233,True
vector_thrust,cruise_139,0.24138161950597103,9.051810731473916,72.31428543542057,289.88157293618605,364.6536895910413,309.0342969329744,9.896732349326538,9.861442188711168,361.57142717710286,22.881279994110884,True
vector_thrust,cruise_139,0.24040636217946768,9.01523858173004,72.33263820293703,289.81565781616627,364.5997466827566,309.11274079008206,9.937142705572642,9.86394537224,361.66319101468514,22.908460049038002,True
vector_thrust,cruise_139,0.23932358799417863,8.9746345497817,72.35302518434618,289.7424779586967,364.53987869157663,309.19987933498606,9.982394127148948,9.866726007695377,361.7651259217309,22.938627634062772,True
vector_thrust,cruise_139,0.23834775341761638,8.938040753160616,72.37140850880287,289.67652751760636,364.48594320991873,309.2784537993191,10.023528758349046,9.869233358967449,361.85704254401435,22.965807688989894,True
vector_thrust,cruise_139,0.23767229457689315,8.912711046633495,72.38413865918776,289.6308785842188,364.4486207612318,309.33286532590546,10.052199503669158,9.870969658559941,361.92069329593875,22.98461687059954,True
vector_thrust,cruise_139,0.23743119432980997,8.903669787367877,72.38868368126936,289.61458472412295,364.4353009422333,309.3522917727513,10.062472851624786,9.871589566396722,361.9434184063468,22.99132978979446,True
vector_thrust,cruise_140,0.23743119432980997,8.903669787367877,72.38144647656542,289.5763345288148,364.40403650492243,309.33360486213513,10.060536113956942,10.060536113956942,361.90723238282703,22.99132978979446,True
vector_thrust,cruise_140,0.23719010191610798,8.89462882185405,72.38599136630704,289.5600412747436,364.39072070067607,309.35303155457524,10.070827954655227,10.061167933254286,361.92995683153515,22.998042708989377,True
vector_thrust,cruise_140,0.23651448690838556,8.86929325906446,72.39873086941313,289.5143831409441,364.35341179267795,309.407485213146,10.099780738349777,10.0629389435486,361.99365434706567,23.01685189059903,True
vector_thrust,cruise_140,0.23553796287275058,8.83267360772815,72.41715229058016,289.4483910266402,364.29950184493515,309.4862256294874,10.1419223704796,10.06549983829065,362.08576145290084,23.044031945526143,True
vector_thrust,cruise_140,0.23445378153757152,8.792016807658934,72.43761557831552,289.37512563864567,364.2396704529317,309.5736937885046,10.189121392082683,10.068344587644688,362.18807789157756,23.074199530550917,True
vector_thrust,cruise_140,0.2334766780718648,8.755375427694933,72.45606774857046,289.3090980710681,364.1857679601865,309.65256563856394,10.232034619202008,10.070909757039233,362.28033874285234,23.101379585478035,True
vector_thrust,cruise_140,0.23280034052630344,8.73001276973638,72.46884559520024,289.2633957277411,364.14846834842126,309.7071831924635,10.26194965053079,10.072686097743333,362.3442279760012,23.120188767087683,True
vector_thrust,cruise_140,0.2325589265528843,8.720959745733161,72.4734076504724,289.2470827985727,364.1351566813888,309.7266832151922,10.272669774528408,10.073320301980447,362.36703825236197,23.126901686282604,True
vector_thrust,cruise_141,0.2325589265528843,8.720959745733161,72.46601026378994,289.2087398758355,364.10387226128165,309.7075823937877,10.270674586925152,10.270674586925152,362.3300513189497,23.126901686282604,True
vector_thrust,cruise_141,0.23231752090555013,8.711907033958132,72.4705721907454,289.192427584911,364.0905646457438,309.72708268954034,10.281414457551373,10.271321265286968,362.352860953727,23.133614605477522,True
vector_thrust,cruise_141,0.23164102789987068,8.686538546245153,72.48335940100694,289.1467160906255,364.0532786863805,309.78174247720506,10.3116302385873,10.273133919945778,362.41679700503465,23.152423787087173,True
vector_thrust,cruise_141,0.23066323424246662,8.6498712840925,72.50184983847447,289.0806468149984,363.99940191179877,309.860781091972,10.355617104430197,10.275755037213228,362.50924919237235,23.179603842014288,True
vector_thrust,cruise_141,0.22957764251645807,8.609161594367178,72.52238983593908,289.007295710692,363.9396073550534,309.94858068836976,10.404892524345444,10.278666690445915,362.6119491796954,23.209771427039062,True
vector_thrust,cruise_141,0.22859926723420818,8.572472521282808,72.540911216237,288.9411908488892,363.8857380640061,310.02775157033346,10.44970252310949,10.281292194022948,362.704556081185,23.23695148196618,True
vector_thrust,cruise_141,0.2279220489538391,8.54707683576897,72.55373701161786,288.89543497934994,363.84846143646075,310.0825762926726,10.480944828142475,10.28311031832624,362.76868505808926,23.255760663575828,True
vector_thrust,cruise_141,0.22768032052877035,8.538012019828889,72.55831619028311,288.8791029395731,363.83515797397365,310.1021502989165,10.49214158869022,10.28375944111148,362.79158095141554,23.262473582770745,True
vector_thrust,cruise_142,0.22768032052877035,8.538012019828889,72.55075173305585,288.8406670254577,363.8038536987985,310.0826177436917,10.490084803591422,10.490084803591422,362.75375866527924,23.262473582770745,True
vector_thrust,cruise_142,0.22743860094541565,8.52894753545309,72.55533081616198,288.82433565766786,363.7905543257398,310.10219216173317,10.501302682985845,10.490747005512736,362.7766540808099,23.269186501965663,True
vector_thrust,cruise_142,0.2267612279714117,8.50354604892794,72.56816598398822,288.7785706906776,363.7532914656988,310.1570592130122,10.532866140055697,10.492603156060703,362.8408299199411,23.287995683575318,True
vector_thrust,cruise_142,0.22578216183890296,8.466831068958863,72.58672580024027,288.7124240912873,363.6994480820942,310.2363976684074,10.578822428685646,10.495287173408524,362.9336290012013,23.315175738502433,True
vector_thrust,cruise_142,0.22469515654662997,8.426068370498626,72.60734291064965,288.63898708998687,363.6396906024565,310.3245305287925,10.630314664264446,10.49826870518915,363.03671455324826,23.345343323527203,True
vector_thrust,cruise_142,0.22371550657916814,8.389331496718807,72.62593386508291,288.5728047708203,363.58585473108934,310.40400209192364,10.6771503225004,10.50095722556732,363.12966932541457,23.372523378454325,True
vector_thrust,cruise_142,0.2230374055745034,8.36390270904388,72.63880786161026,288.526995261979,363.5486012386585,310.4590351259413,10.709810440521121,10.502818991305897,363.1940393080513,23.391332560063972,True
vector_thrust,cruise_142,0.222795361986887,8.354826074508264,72.64340425385355,288.5106440711939,363.53530603457955,310.478683524181,10.72151642117936,10.503483695974897,363.2170212692677,23.39804547925889,True
vector_thrust,cruise_143,0.222795361986887,8.354826074508264,72.63566541401869,288.47211490101864,363.50398203331537,310.458700352238,10.719394644645888,10.719394644645888,363.1783270700934,23.39804547925889,True
vector_thrust,cruise_143,0.22255332778097736,8.345749791786654,72.6402617587285,288.4557644175856,363.4906909578629,310.4783493604556,10.731123246471977,10.72007307779407,363.2013087936425,23.404758398453808,True
vector_thrust,cruise_143,0.22187507291260736,8.320315234222777,72.6531451350053,288.40994586913047,363.4534513516321,310.5334248143314,10.764126805301643,10.7219747011812,363.26572567502654,23.42356758006346,True
vector_thrust,cruise_143,0.22089473151546296,8.283552431829863,72.67177469318726,288.3437217885342,363.3996415823117,310.6130647589182,10.812188112020515,10.72472447754287,363.35887346593626,23.450747634990577,True
vector_thrust,cruise_143,0.21980630955196107,8.242736608198541,72.69246932048272,288.2701987151036,363.3399214277249,310.70153271693374,10.866050540582844,10.727779064044388,363.4623466024136,23.480915220015348,True
vector_thrust,cruise_143,0.2188253820937959,8.205951828517348,72.71113021371924,288.2039387804306,363.2861191995091,310.78130661653336,10.91505270052223,10.730533465551513,363.5556510685962,23.50809527494247,True
vector_thrust,cruise_143,0.2181463964188912,8.180489865708422,72.72405266423658,288.1580755226544,363.24888899688517,310.83654910985473,10.949229601648328,10.732440856410246,363.62026332118296,23.526904456552117,True
vector_thrust,cruise_143,0.21790403697333474,8.171401386500055,72.72866636033054,288.1417051416949,363.2356021064325,310.8562723098433,10.961480426763597,10.733121851222416,363.64333180165266,23.533617375747035,True
vector_thrust,cruise_144,0.21790403697333474,8.171401386500055,72.720745292467,288.10308244974806,363.20425850907316,310.8358182055986,10.959289982838476,10.959289982838476,363.60372646233503,23.533617375747035,True
vector_thrust,cruise_144,0.21766168868798277,8.162313325799357,72.72535887819473,288.086712887438,363.19097584799664,310.85554177710213,10.971565001106942,10.959985386414717,363.62679439097366,23.540330294941953,True
vector_thrust,cruise_144,0.21698254894254776,8.136845585345544,72.73829072624001,288.04084058493555,363.15375959924955,310.9108268319639,11.006109796273481,10.961934598546847,363.69145363120003,23.559139476551604,True
vector_thrust,cruise_144,0.21600093034148887,8.100034887805835,72.75699036096374,287.9745389189403,363.09998371210753,310.99076980185345,11.056424420660079,10.964753186810473,363.7849518048187,23.58631953147872,True
vector_thrust,cruise_144,0.21491108909671708,8.059165841126891,72.7777628822677,287.9009296299341,363.04030115775095,311.07957458857385,11.112824885163537,10.967884220470467,363.88881441133844,23.616487116503492,True
vector_thrust,cruise_144,0.2139288635998296,8.022332384993613,72.80007465430683,287.834590836921,362.98653191851747,311.1749598614021,11.164697864918159,10.971247265537317,364.0003732715341,23.64366717143061,True
vector_thrust,cruise_144,0.2132489213439787,7.996834550399203,72.81987382933673,287.76688284664186,362.9275351001364,311.25960344269697,11.200707639289027,10.974231585548928,364.09936914668367,23.662476353040258,True
vector_thrust,cruise_144,0.2130062024254703,7.987732590955138,72.82694411497079,287.741869233506,362.90563307502276,311.28982968047006,11.213584887288729,10.975297286750154,364.13472057485393,23.66918927223518,True
vector_thrust,cruise_145,0.2130062024254703,7.987732590955138,72.81883109197346,287.6827872908391,362.85390490197943,311.2688795787161,11.21052787564512,11.21052787564512,364.09415545986735,23.66918927223518,True
vector_thrust,cruise_145,0.21276348525162878,7.978630696936081,72.82590191139627,287.6577740516492,362.83200678175,311.2991094330471,11.223430722035895,11.211616621250247,364.12950955698136,23.675902191430097,True
vector_thrust,cruise_145,0.21208326822944013,7.953122558604006,72.84572526934043,287.5876755723233,362.77064395289256,311.38386017822944,11.259748595539419,11.214668968123583,364.22862634670213,23.69471137303975,True
vector_thrust,cruise_145,0.21109996492262356,7.9162486845983855,72.8744004702485,287.4863466126436,362.6819573475436,311.50645518215555,11.312662893070346,11.219084297760096,364.3720023512425,23.721891427966863,True
vector_thrust,cruise_145,0.21000808003472837,7.875303001302316,72.90626861446128,287.37383322601994,362.58350220517235,311.6427009673876,11.372001503827663,11.223991268143227,364.5313430723064,23.752059012991637,True
vector_thrust,cruise_145,0.20902387416105123,7.838395281039423,72.9350179041891,287.2724200151528,362.49477875005135,311.7656127229989,11.426020101472396,11.228418005774017,364.67508952094545,23.779239067918756,True
vector_thrust,cruise_145,0.20834253165508473,7.812844937065679,72.95493364994306,287.2022164762102,362.43336997023187,311.85075845334006,11.463715171496125,11.231484578265214,364.7746682497153,23.798048249528403,True
vector_thrust,cruise_145,0.20809931359337158,7.803724259751436,72.96204558671364,287.17715648105485,362.4114513998833,311.8811640960884,11.47723098406462,11.232579654991383,364.8102279335682,23.80476116872332,True
vector_thrust,cruise_146,0.20809931359337158,7.803724259751436,72.95372697442754,287.1178731232341,362.35960382818416,311.85968219612886,11.474071313213248,11.474071313213248,364.7686348721377,23.80476116872332,True
vector_thrust,cruise_146,0.2078560976577996,7.7946036621674875,72.96083983206057,287.0928135423337,362.33768921480475,311.8900929803288,11.487614789743319,11.475190199451262,364.8041991603029,23.81147408791824,True
vector_thrust,cruise_146,0.2071744822832995,7.769043085623733,72.98077996154771,287.02258514016677,362.2762801399519,311.97534680371575,11.525739985314239,11.47832689362852,364.9038998077386,23.830283269527893,True
vector_thrust,cruise_146,0.20618915607593807,7.73209335284768,73.00962416471911,286.92106823787077,362.18752662072365,312.0986699183102,11.581298838767946,11.48286424902329,365.0481208235956,23.857463324455008,True
vector_thrust,cruise_146,0.20509502285397696,7.691063357024138,73.04168031863811,286.80834597513274,362.0889970895792,312.2357256885738,11.643619078667284,11.487906862004928,365.20840159319056,23.88763090947978,True
vector_thrust,cruise_146,0.20410878851641123,7.654079569365423,73.07059933543117,286.7067443246305,362.00020650419043,312.35936867410345,11.70036669206902,11.492455986224371,365.35299667715583,23.9148109644069,True
vector_thrust,cruise_146,0.20342604072089704,7.628476527033641,73.09063277971245,286.63641024308924,361.9387512085568,312.44502146173096,11.739974427756485,11.49560735926013,365.45316389856225,23.933620146016548,True
vector_thrust,cruise_146,0.20318232080981397,7.619337030368025,73.09778676457479,286.6113036303793,361.9168160249551,312.47560825092773,11.754177702934383,11.496732721147293,365.48893382287395,23.940333065211465,True
vector_thrust,cruise_147,0.20318232080981397,7.619337030368025,73.08925340755032,286.5517957205278,361.8648293454675,312.4535718507824,11.750908476194553,11.750908476194553,365.4462670377516,23.940333065211465,True
vector_thrust,cruise_147,0.20293860360779353,7.610197635292258,73.09640804248403,286.5266895814749,361.8428981885905,312.48416276604496,11.765141589592263,11.75205895446665,365.4820402124202,23.947045984406383,True
vector_thrust,cruise_147,0.2022555828543657,7.584584357038716,73.11646600544995,286.45633064936936,361.7814427264218,312.5699243510592,11.805212966991638,11.75528431857533,365.5823300272498,23.965855166016034,True
vector_thrust,cruise_147,0.2012682235682725,7.547558383810221,73.14548078977231,286.3546249253052,361.6926220882751,312.6939825171761,11.86362046197288,11.759949959448399,365.72740394886154,23.993035220943153,True
vector_thrust,cruise_147,0.2001718306820418,7.5064436505765695,73.17772668026196,286.24169280813993,361.5940179396943,312.8318558802315,11.92915369245349,11.765135169081217,365.8886334013098,24.023202805967923,True
vector_thrust,cruise_147,0.19918355764185003,7.469383411569378,73.20681702498995,286.1399018342458,361.50516001700015,312.95623712623865,11.9888432599421,11.769812960502604,366.0340851249497,24.05038286089504,True
vector_thrust,cruise_147,0.19849939745449374,7.443727404543517,73.22696921862602,286.0694365972495,361.44365806172596,313.0424016177516,12.030513557922507,11.77305347731817,366.13484609313014,24.069192042504692,True
vector_thrust,cruise_147,0.19825517315602392,7.434568993350898,73.23416562446526,286.0442831480163,361.42170621343996,313.0731712037115,12.045458305643988,11.774210675126229,366.1708281223263,24.07590496169961,True
vector_thrust,cruise_148,0.19825517315602392,7.434568993350898,73.22540675948585,285.98454922060716,361.3695796982547,313.0505523271943,12.042072804842313,12.042072804842313,366.12703379742925,24.07590496169961,True
vector_thrust,cruise_148,0.19801095218413675,7.425410706905129,73.23260364056307,285.9593963079678,361.3476319495645,313.0813253953761,12.057049817070007,12.043256548249628,366.16301820281535,24.082617880894528,True
vector_thrust,cruise_148,0.19732651902818063,7.399744463556775,73.25278050548066,285.88890624160365,361.2861299644145,313.16759946154855,12.099220847598907,12.046575240960104,366.2639025274033,24.10142706250418,True
vector_thrust,cruise_148,0.19633711648953742,7.362641868357654,73.28196743243208,285.78701082066925,361.19724201051963,313.29239956860107,12.160702637233843,12.051375909618908,366.4098371621604,24.128607117431294,True
vector_thrust,cruise_148,0.1952384526130355,7.321441972988833,73.31440479683657,285.673867875245,361.09856302494967,313.4310981901875,12.229704812619588,12.056711210536474,366.5720239841828,24.158774702456068,True
vector_thrust,cruise_148,0.19424813063492302,7.284304898809614,73.34366806181998,285.5718866982512,361.00963756613976,313.5562247100921,12.292572032655405,12.06152443527384,366.7183403091,24.185954757383186,True
vector_thrust,cruise_148,0.1935625509552976,7.258595660823661,73.36394011563908,285.50128969572125,360.94808881307563,313.64290579468695,12.33647089499619,12.064858784706333,366.8197005781954,24.204763938992834,True
vector_thrust,cruise_148,0.19331781973186238,7.249418239944841,73.37117934170061,285.4760891919709,360.92612025068684,313.6738599334145,12.352216943717483,12.066049493329581,366.85589670850305,24.21147685818775,True
vector_thrust,cruise_149,0.19331781973186238,7.249418239944841,73.36218330097047,285.4161277635047,360.8738531624132,313.65062813809027,12.34870782602906,12.34870782602906,366.81091650485234,24.21147685818775,True
vector_thrust,cruise_149,0.193073092490042,7.240240968376577,73.36942295049101,285.39092786311744,360.8518887758569,313.6815855914717,12.364488855623929,12.349926648861056,366.84711475245507,24.218189777382673,True
vector_thrust,cruise_149,0.19238723991663184,7.2145214968736955,73.38971981942369,285.3203060616868,360.79034013835604,313.7683769992648,12.408929600764658,12.353343704784104,366.9485990971184,24.236998958992324,True
vector_thrust,cruise_149,0.19139578396361012,7.177341898635381,73.41908046886842,285.2182200738394,360.70138468097497,313.89392602395367,12.473735839386915,12.358286683004582,367.09540234434206,24.26417901391944,True
vector_thrust,cruise_149,0.1902948377830401,7.136056416864005,73.45171107665216,285.1048653318859,360.60263064891603,314.0334577119952,12.546490868415892,12.363780171279501,367.25855538326084,24.294346598944212,True
vector_thrust,cruise_149,0.18930245664218937,7.098842124082102,73.4811488336954,285.0026930770924,360.5136374642434,314.1593364564387,12.612797323898038,12.368736130863793,367.40574416847704,24.32152665387133,True
vector_thrust,cruise_149,0.18861545037699304,7.0730793891372405,73.50154185462333,284.93196370242936,360.4520417815291,314.24653901965695,12.659109070241145,12.372169374346376,367.50770927311663,24.34033583548098,True
vector_thrust,cruise_149,0.1883702096935111,7.0638828635066675,73.50882429593422,284.9067159274104,360.430056457865,314.27767945493946,12.67572286700471,12.373395401340684,367.5441214796711,24.347048754675896,True
vector_thrust,cruise_150,0.1883702096935111,7.0638828635066675,73.4995787743107,284.84652549573656,360.3776480491353,314.25380296987584,12.672082143694286,12.672082143694286,367.4978938715535,24.347048754675896,True
vector_thrust,cruise_150,0.18812497368660225,7.054686513247586,73.5068616039987,284.82127839493546,360.35566698111603,314.28494661806894,12.688733951246077,12.673337991243075,367.5343080199935,24.353761673870814,True
vector_thrust,cruise_150,0.1874376946946302,7.028913551048634,73.52727958066122,284.7505242618396,360.2940715687962,314.37226024602126,12.735633361869844,12.6768588570376,367.63639790330603,24.37257085548047,True
vector_thrust,cruise_150,0.1864441751846951,6.991656569426068,73.55681554763596,284.64824684309343,360.20504843014766,314.49856524057134,12.804042123846127,12.681952024569611,367.78407773817986,24.399750910407583,True
vector_thrust,cruise_150,0.1853409354070455,6.950285077764208,73.58964117552546,284.534679343057,360.106219153155,314.6389378498941,12.880865790149516,12.687612459604134,367.9482058776273,24.429918495432354,True
vector_thrust,cruise_150,0.1843464848964959,6.912993183618598,73.61925503117382,284.43231514178086,360.01715806281146,314.76557592070014,12.950902613098863,12.69271905822158,368.0962751558691,24.457098550359476,True
vector_thrust,cruise_150,0.18365804496427152,6.887176686160184,73.63977013373429,284.3614527925279,359.9555153254505,314.85330488924455,12.999832482118487,12.696256672357894,368.1988506686714,24.475907731969123,True
vector_thrust,cruise_150,0.1834122922898185,6.8779609608681955,73.64709618862896,284.3361575309661,359.93351319578824,314.88463338187637,13.017388035602933,12.697519973639585,368.2354809431448,24.48262065116404,True
vector_thrust,cruise_151,0.1834122922898185,6.8779609608681955,73.63758786909021,284.27573657448784,359.8809627086643,314.8600777820129,13.013606945231032,13.013606945231032,368.18793934545107,24.48262065116404,True
vector_thrust,cruise_151,0.18316654503026833,6.868745438635064,73.64491427452286,284.2504420624365,359.85896491833034,314.89140937663126,13.031203895475542,13.014901923813907,368.2245713726143,24.48933357035896,True
vector_thrust,cruise_151,0.18247783263973133,6.842918723989927,73.66545446869793,284.17955500620064,359.79732261641453,314.9792501388569,13.080772511127503,13.018532505250038,368.32727234348965,24.50814275196861,True
vector_thrust,cruise_151,0.18148223946028094,6.805583979760537,73.69516736135893,284.07708529996046,359.7082316298259,315.1063182237441,13.153093798682757,13.023784406741182,368.47583680679463,24.535322806895728,True
vector_thrust,cruise_151,0.18037669482493943,6.764126055935231,73.72818980084348,283.9633040884681,359.609326921774,315.2475396857727,13.234338366060408,13.02962128708504,368.6409490042174,24.5654903919205,True
vector_thrust,cruise_151,0.17938016476619031,6.726756178732138,73.75798137364544,283.86074707937865,359.52019775704264,315.3749442488133,13.308430528168598,13.034887095688399,368.7899068682272,24.592670446847617,True
vector_thrust,cruise_151,0.17869028410476978,6.700885653928868,73.77861968123051,283.7897511581569,359.45850784770954,315.4632045959289,13.360207733039424,13.038535019154288,368.89309840615255,24.611479628457268,True
vector_thrust,cruise_151,0.17844401691522355,6.691650634320884,73.78598975126712,283.76440819658814,359.4364888700629,315.49472292354005,13.378787720980691,13.039837715672665,368.92994875633565,24.618192547652185,True
vector_thrust,cruise_152,0.17844401691522355,6.691650634320884,73.77620422734043,283.7037551737046,359.383795535653,315.46945096679394,13.374856634449715,13.374856634449715,368.8810211367021,24.618192547652185,True
vector_thrust,cruise_152,0.1781977559259172,6.682415847221897,73.78357460672015,283.67841304174993,359.3617809852013,315.50097227408537,13.393481814671883,13.376193033155394,368.91787303360076,24.624905466847103,True
vector_thrust,cruise_152,0.17750760318584105,6.65653511946904,73.80423813675154,283.60739247701184,359.3000916874531,315.5893451303912,13.44595493895588,13.379939748660954,369.02119068375765,24.643714648456754,True
vector_thrust,cruise_152,0.17650992626561893,6.619122234960711,73.83412957514112,283.5047296355005,359.21093269858613,315.7171834902958,13.522535401135297,13.385359670402558,369.17064787570564,24.67089470338387,True
vector_thrust,cruise_152,0.17540206555705448,6.577577458389545,73.86735063002973,283.3907337689485,359.1119523870322,315.85926180441095,13.60859503924207,13.391383318893183,369.33675315014864,24.701062288408643,True
vector_thrust,cruise_152,0.17440344581146902,6.54012921793009,73.89732155163438,283.2879830994991,359.0227549915157,315.98744009458176,13.687106417371206,13.396817652548723,369.4866077581719,24.72824234333576,True
vector_thrust,cruise_152,0.17371211738584555,6.514204401969209,73.91808419593376,283.21685301499787,358.9610178014056,316.0762368383332,13.74198775265864,13.400582339473692,369.5904209796688,24.74705152494541,True
vector_thrust,cruise_152,0.17346533316669482,6.504949993751057,73.92549868564976,283.191462142122,358.9389819368288,316.1079467946311,13.761684829785267,13.401926736270495,369.6274934282488,24.753764444140327,True
vector_thrust,cruise_153,0.17346533316669482,6.504949993751057,73.91542033887677,283.1305754906496,358.88614497488845,316.0819181045738,13.757593134629285,13.757593134629285,369.5771016943839,24.753764444140327,True
vector_thrust,cruise_153,0.17321855598418123,6.495695849406798,73.92283509390616,283.10518553271754,358.864113629903,316.1136309090026,13.77733967271373,13.75897344724921,369.61417546953084,24.760477363335248,True
vector_thrust,cruise_153,0.17252695598164192,6.469760849311573,73.94362308549414,283.03403088133587,358.8023772395739,316.2025408607668,13.832981125456305,13.762843288805875,369.7181154274707,24.7792865449449,True
vector_thrust,cruise_153,0.17152718530377686,6.432269448891634,73.97369470116107,282.93117406719807,358.7131501077953,316.33115674388165,13.914209639803467,13.768441347059747,369.8684735058053,24.806466599872014,True
vector_thrust,cruise_153,0.1704169973659611,6.390637401223543,74.00711618874521,282.8169626135305,358.61409403549845,316.4740999827712,14.005526848674242,13.77466300925979,370.0355809437261,24.836634184896788,True
vector_thrust,cruise_153,0.16941627784774516,6.353110419290445,74.03726810156643,282.7140174415616,358.52482826648816,316.6030592957364,14.088866227793885,13.780276015436593,370.18634050783214,24.863814239823906,True
vector_thrust,cruise_153,0.16872349465905373,6.327131049714516,74.05815622250441,282.64275260964956,358.4630436962653,316.69239749930733,14.147140347882049,13.784164496826094,370.29078111252204,24.882623421433554,True
vector_thrust,cruise_153,0.1684761909085993,6.317857159072475,74.06561553950594,282.6173136167267,358.44099090919076,316.7243008946062,14.168058698103053,13.785553104990607,370.32807769752975,24.88933634062847,True
vector_thrust,cruise_154,0.1684761909085993,6.317857159072475,74.05522740019549,282.55619175337034,358.3880095277698,316.6974716011297,14.163794663359187,14.163794663359187,370.2761370009775,24.88933634062847,True
vector_thrust,cruise_154,0.16822889508676966,6.308583565753864,74.06268693440714,282.5307537664105,358.36596135760004,316.72937769911886,14.184767291832614,14.165221613243387,370.3134346720357,24.89604925982339,True
vector_thrust,cruise_154,0.1675358409571988,6.282594035894957,74.08360052063681,282.4594644587113,358.30417778848994,316.8188297899874,14.243873865099705,14.16922221685056,370.41800260318405,24.91485844143304,True
vector_thrust,cruise_154,0.166533966574075,6.245023746527814,74.11385395552107,282.356412846815,358.21488238840345,316.94823050454215,14.330188171528581,14.175009459612491,370.5692697776053,24.94203849636016,True
vector_thrust,cruise_154,0.16542144032698883,6.203304012262082,74.14747770453543,282.2419848875256,358.1157504150271,317.0920468072562,14.427261424882595,14.181441416806804,370.7373885226771,24.97220608138493,True
vector_thrust,cruise_154,0.16441861101804595,6.165697913176725,74.1778122617861,282.13884438307065,358.02641614503796,317.22179450041835,14.51588964846949,14.187244177639412,370.88906130893054,24.99938613631205,True
vector_thrust,cruise_154,0.16372436611383073,6.139663729268654,74.19882700644447,282.0674442280452,357.96458410589736,317.3116792685471,14.577882167766498,14.191264132054275,370.9941350322224,25.0181953179217,True
vector_thrust,cruise_154,0.1634765403468503,6.130370263006888,74.20633156071483,282.041956909342,357.9425143645155,317.34377792731226,14.60013935532204,14.192699693915317,371.03165780357415,25.024908237116616,True
vector_thrust,cruise_155,0.1634765403468503,6.130370263006888,74.19561514719707,281.9805982292354,357.88938775966653,317.31610025076486,14.595689972662614,14.595689972662614,370.9780757359854,25.024908237116616,True
vector_thrust,cruise_155,0.16322872346115036,6.12107712979314,74.20311986663796,281.9551120137226,357.86732273785265,317.34820145356605,14.61800689500828,14.597166541936803,371.0155993331898,25.031621156311534,True
vector_thrust,cruise_155,0.1625342084001263,6.095032815004738,74.22416018733774,281.88368748990445,357.80549191550057,317.43820076760363,14.680913671580154,14.601306269118647,371.12080093668874,25.050430337921185,True
vector_thrust,cruise_155,0.1615302204504173,6.057383266890649,74.2545970923835,281.78044026937295,357.71612813866886,317.56839367742606,14.772808297467451,14.607294793958406,371.2729854619176,25.0776103928483,True
vector_thrust,cruise_155,0.16041534490894377,6.015575434085393,74.28842494165978,281.66579490176355,357.6169201426929,317.71309124519263,14.876201184214656,14.61395049418052,371.44212470829893,25.107777977873074,True
vector_thrust,cruise_155,0.15941039587588865,5.977889845345825,74.3189438061523,281.56245824908444,357.52751726118646,317.84363473398724,14.970639715651755,14.61995514471319,371.59471903076155,25.134958032800192,True
vector_thrust,cruise_155,0.15871468236186476,5.951800588569929,74.34008632887472,281.49092220508135,357.46563767604687,317.9340712139823,15.036719321260637,14.624114980357154,371.7004316443736,25.15376721440984,True
vector_thrust,cruise_155,0.15846633211380734,5.942487454267776,74.3476365325975,281.465386358374,357.4435509527311,317.96636697437833,15.060448510520171,14.62560049875915,371.7381826629875,25.16048013360476,True
vector_thrust,cruise_156,0.15846633211380734,5.942487454267776,74.33657166601787,281.40378923470877,357.3902783082973,317.9377887466481,15.055799306729094,15.055799306729094,371.68285833008935,25.16048013360476,True
vector_thrust,cruise_156,0.15821799176606105,5.93317469122729,74.34412197869679,281.37825459520946,357.3681964130481,317.97008687846915,15.079594435612973,15.057328770064034,371.7206098934839,25.16719305279968,True
vector_thrust,cruise_156,0.15752200904283847,5.907075339106444,74.36529017893297,281.30669430693274,357.3063182760739,318.06063853502303,15.146681171155327,15.061616802554106,371.8264508946648,25.18600223440933,True
vector_thrust,cruise_156,0.15651589777103989,5.8693461664139965,74.39591221386115,281.20325068344255,357.2168860329574,318.1916310596516,15.244716950969734,15.067819893949013,371.97956106930576,25.213182289336444,True
vector_thrust,cruise_156,0.15539866206661537,5.827449827498078,74.42994601213456,281.08838702317263,357.1176019138292,318.33721815624125,15.355069169149562,15.074714104657792,372.1497300606728,25.24334987436122,True
vector_thrust,cruise_156,0.15439158348025595,5.789684380509598,74.46065085497226,280.9848534230583,357.0281303291521,318.46856491007725,15.455910400289124,15.08093397041562,372.30325427486133,25.270529929288337,True
vector_thrust,cruise_156,0.153694394533795,5.763539795017314,74.4819223153611,280.91318093564416,356.9662031339981,318.55955828479944,15.526496218973001,15.085242920268547,372.40961157680556,25.289339110897984,True
vector_thrust,cruise_156,0.1534455173655932,5.754206901209747,74.48951858335626,280.8875963627873,356.94409940578464,318.59205300060756,15.551848851457287,15.086781692748737,372.4475929167813,25.296052030092902,True
vector_thrust,cruise_157,0.1534455173655932,5.754206901209747,74.47808317232519,280.8257591465535,356.89067989328447,318.5625171071631,15.546983665715617,15.546983665715617,372.39041586162597,25.296052030092902,True
vector_thrust,cruise_157,0.15319665118954948,5.744874419608107,74.48567948842168,280.80017589236843,356.8685811080184,318.59501400622446,15.572409323001725,15.548569629951087,372.4283974421084,25.30276494928782,True
vector_thrust,cruise_157,0.15249919416258853,5.718719781097071,74.50697671774084,280.7284793045557,356.8066556096375,318.68612315776227,15.644108149041053,15.553016080536732,372.5348835887042,25.321574130897474,True
vector_thrust,cruise_157,0.1514909499414589,5.68091062280471,74.53778554882427,280.6248385029397,356.7171548317836,318.817922764957,15.748923725117084,15.559448370056579,372.6889277441214,25.34875418582459,True
vector_thrust,cruise_157,0.1503713433469831,5.638925375511868,74.5720271521847,280.5097556869203,356.61779451235066,318.9644077080501,15.866964380759619,15.566597356190359,372.8601357609235,25.37892177084936,True
vector_thrust,cruise_157,0.1493621255047629,5.601079706428611,74.60291965161562,280.4060243592967,356.5282541539274,319.09656524698033,15.974884118309612,15.573047114051729,373.01459825807814,25.40610182577648,True
vector_thrust,cruise_157,0.14866345439040873,5.574879539640328,74.62432121438339,280.33421488727504,356.46627929932697,319.1881207350154,16.05045464953099,15.577515347445644,373.1216060719169,25.42491100738613,True
vector_thrust,cruise_157,0.1484140478940152,5.565526796025571,74.6319639629897,280.30858139484627,356.44415854845636,319.2208162716067,16.077603691477726,15.579111005898943,373.1598198149485,25.431623926581047,True
vector_thrust,cruise_158,0.1484140478940152,5.565526796025571,70.14205467226321,280.24650241471704,356.39059132709303,307.7875805019598,15.498333955369585,15.498333955369585,350.71027336131607,25.431623926581047,True
vector_thrust,cruise_158,0.14817988099584348,5.556745537344131,70.1487998907945,280.2224086584295,356.3698028738815,307.8171843783548,15.522984137615467,15.499824628781408,350.7439994539725,25.438336845775964,True
vector_thrust,cruise_158,0.1475236273981618,5.532136027431069,70.16771030787838,280.154887108879,356.3115495315703,307.90017971013384,15.592483565078227,15.504003775212691,350.8385515393919,25.457146027385615,True
vector_thrust,cruise_158,0.14657496809577553,5.496561303591583,70.19506464123518,280.05728347381483,356.22735696469556,308.02023427913457,15.694050389434564,15.51004900224949,350.9753232061759,25.484326082312734,True
vector_thrust,cruise_158,0.14552155711178108,5.457058391691792,70.22546447249792,279.9489070382005,356.13389079923866,308.15365513771786,15.808384804342579,15.51676727535058,351.12732236248956,25.514493667337504,True
vector_thrust,cruise_158,0.14457203483192985,5.42145130619737,70.25288881654627,279.85122303379177,356.0496631327846,308.274016974605,15.912871998179735,15.52282797455266,351.26444408273136,25.541673722264626,True
vector_thrust,cruise_158,0.14391470511754734,5.396801441908027,70.2718865355121,279.7836012652097,355.99136602196876,308.35739546317654,15.98601384692527,15.527026414458742,351.35943267756045,25.560482903874274,True
vector_thrust,cruise_158,0.143680059301889,5.388002223820839,70.27867060781377,279.75946290722237,355.9705580899242,308.38716986348936,16.012285337794044,15.528525674430885,351.3933530390688,25.56719582306919,True
vector_thrust,cruise_159,0.143680059301889,5.388002223820839,74.91880378996636,279.70149368994663,355.9205910691658,320.2080473706913,16.622611762326116,16.622611762326116,374.5940189498318,25.56719582306919,True
vector_thrust,cruise_159,0.14342959665442662,5.378609874540999,74.92652501295373,279.67575834159015,355.89841011594376,320.241053888625,16.65182299656088,16.62432519375841,374.63262506476866,25.57390874226411,True
vector_thrust,cruise_159,0.1427276882364326,5.352288308866223,74.9500781482352,279.60215006516245,355.8347686731432,320.34173832458816,16.734569145461407,16.629551915270458,374.75039074117603,25.59271792387376,True
vector_thrust,cruise_159,0.14171286325231028,5.314232371961637,74.99635901830185,279.4481113976218,355.6951550428745,320.5395787923506,16.85552562479445,16.63982219209047,374.9817950915092,25.619897978800875,True
vector_thrust,cruise_159,0.14058567431648844,5.271962786868318,75.04783129359932,279.2770291016869,355.540115515886,320.75961136743746,16.99192405941145,16.651244503618134,375.23915646799657,25.65006556382565,True
vector_thrust,cruise_159,0.13956938068763566,5.233851775786338,75.09430024520721,279.1227889150383,355.40035832620043,320.95825584203766,17.11679415729658,16.661556517969817,375.471501226036,25.677245618752767,True
vector_thrust,cruise_159,0.13886567537215952,5.207462826455982,75.12651017312368,279.0159953794377,355.3036034564833,321.0959461489473,17.204329250684886,16.66870428497314,375.6325508656184,25.696054800362415,True
vector_thrust,cruise_159,0.13861444506620646,5.198041689982743,75.13801615799333,278.9778701257521,355.2690641555664,321.1451316855407,17.23579574429765,16.671257600187506,375.69008078996666,25.702767719557333,True
vector_thrust,cruise_160,0.13861444506620646,5.198041689982743,75.1253175859829,278.885149046135,355.1850688835375,321.1123404637844,17.2283079420806,17.2283079420806,375.6265879299145,25.702767719557333,True
vector_thrust,cruise_160,0.138363215564968,5.188620583686301,75.1368249328063,278.84702439449376,355.15053401523386,321.1615351912623,17.259874179203504,17.230947335860648,375.6841246640316,25.709480638752254,True
vector_thrust,cruise_160,0.13765905927038727,5.162214722639524,75.16909722871416,278.74017037540864,355.0537473114827,321.29950145933515,17.34896407651093,17.2383494971994,375.84548614357084,25.728289820361905,True
vector_thrust,cruise_160,0.1366409324035437,5.12403496513289,75.21580811964317,278.5856807130648,354.9138287159209,321.4991937522415,17.47940292164788,17.249063381041058,376.0790405982159,25.75546987528902,True
vector_thrust,cruise_160,0.13551007654428995,5.081627870410874,75.26775888391482,278.41409763307854,354.7584507084278,321.7212869384994,17.626584251454197,17.260979116821137,376.3387944195741,25.785637460313794,True
vector_thrust,cruise_160,0.1344904699842682,5.043392624410059,75.31466034747586,278.2594050657899,354.61838766317146,321.92179407700036,17.76141053623721,17.271736718729834,376.5733017373793,25.812817515240912,True
vector_thrust,cruise_160,0.13378446853729498,5.016917570148562,75.34717026377433,278.152298027786,354.5214208331778,322.0607763650922,17.855973074700234,17.27919339153874,376.73585131887165,25.83162669685056,True
vector_thrust,cruise_160,0.1335324178642146,5.007465669908049,75.35878348267478,278.1140607719319,354.4868058010142,322.11042373146853,17.88997546189296,17.281857070284968,376.79391741337395,25.838339616045477,True
vector_thrust,cruise_161,0.1335324178642146,5.007465669908049,75.34559488891459,278.020789586101,354.4023749942573,322.0763722320839,17.882085114052355,17.882085114052355,376.72797444457296,25.838339616045477,True
vector_thrust,cruise_161,0.1332803692747794,4.998013847804229,75.3572098361524,277.9825531292098,354.3677646036905,322.12603031622564,17.916200127380904,17.8848421933161,376.78604918076206,25.845052535240395,True
vector_thrust,cruise_161,0.13257391567679555,4.971521837879835,75.38978373995234,277.87538554800227,354.2707660844961,322.26529553869756,18.012511292668076,17.892574373557736,376.9489186997617,25.86386171685005,True
vector_thrust,cruise_161,0.13155246318737263,4.933217369526474,75.43693176347756,277.7204420165203,354.13054086721,322.4668704059384,18.153597353732128,17.9037660636152,377.1846588173878,25.891041771777164,True
vector_thrust,cruise_161,0.1304179079374638,4.890671547654894,75.48936952771622,277.5483541261418,353.9748217859484,322.6910608462457,18.31289874128633,17.91621339872255,377.4468476385811,25.921209356801935,True
vector_thrust,cruise_161,0.12939496089832198,4.852311033687075,75.53671141346825,277.39320578762783,353.8344507661897,322.89346457793397,18.458926611529993,17.92745110837622,377.68355706734127,25.948389411729057,True
vector_thrust,cruise_161,0.12868664362177817,4.825749135816682,75.56952706539796,277.2857828155937,353.73727043382905,323.03376340079694,18.561402062044504,17.935240675411052,377.84763532698986,25.967198593338704,True
vector_thrust,cruise_161,0.12843376561536032,4.816266210576014,75.58124956403832,277.247432698863,353.7025791286259,323.08388133919004,18.598261128294585,17.93802328636098,377.90624782019154,25.973911512533622,True
vector_thrust,cruise_162,0.12843376561536032,4.816266210576014,75.56752572507007,277.15360251103107,353.61770568772084,323.04844243312124,18.589927485592398,18.589927485592398,377.83762862535036,25.973911512533622,True
vector_thrust,cruise_162,0.1281808910995745,4.806783416234045,75.57924969068814,277.1152534094721,353.5830192507738,323.09857019982695,18.626914176073125,18.592812104199613,377.8962484534407,25.98062443172854,True
vector_thrust,cruise_162,0.12747212100101898,4.780204537538213,75.61212946081048,277.00776991008297,353.4858074447512,323.2391532077383,18.731365211374793,18.600901999024966,378.0606473040524,25.99943361333819,True
vector_thrust,cruise_162,0.12644731505062137,4.741774314398303,75.65972075294194,276.8523690941448,353.34527347201316,323.4426378056121,18.88446277812904,18.612611586263395,378.2986037647097,26.02661366826531,True
vector_thrust,cruise_162,0.12530902937740415,4.699088601652657,75.71265226943969,276.6797725879826,353.18921093847575,323.6689554341521,19.057451470869402,18.62563510766341,378.5632613471984,26.05678125329008,True
vector_thrust,cruise_162,0.12428271377880681,4.660601766705256,75.76044061274708,276.5241650365464,353.0485297920909,323.8732825584285,19.21614279016745,18.637393178357172,378.80220306373536,26.083961308217198,True
vector_thrust,cruise_162,0.1235720611740156,4.633952294025587,75.79356610994745,276.41642374155504,352.95113446306226,324.0149162121758,19.32757151897316,18.64554353293821,378.96783054973724,26.10277048982685,True
vector_thrust,cruise_162,0.12331834886212986,4.6244380823298705,75.80539937481291,276.37795990993146,352.9163663505303,324.0655113304571,19.367664417631552,18.648455045443548,379.0269968740646,26.109483409021767,True
vector_thrust,cruise_163,0.12331834886212986,4.6244380823298705,75.79110153038494,276.2835641017644,352.8310452581135,324.02858834781426,19.358843532076,19.358843532076,378.95550765192473,26.109483409021767,True
vector_thrust,cruise_163,0.12306464157272068,4.614924058977027,75.80293603674657,276.2451015204502,352.79628225774024,324.07919255098034,19.39908182730873,19.361866842013413,379.0146801837329,26.116196328216684,True
vector_thrust,cruise_163,0.122353535748407,4.588257590565263,75.83612615709386,276.137299758669,352.6988557130717,324.22111311615663,19.512754228259364,19.370345779101157,379.18063078546925,26.135005509826335,True
vector_thrust,cruise_163,0.12132534845349671,4.549700567006128,75.88416715411277,275.9814382595831,352.55801087901347,324.4265358622288,19.679471353814815,19.382618606074285,379.4208357705639,26.16218556475345,True
vector_thrust,cruise_163,0.12018330126688145,4.506873797508056,75.93759956801134,275.8083293498926,352.4016025449279,324.65501224366346,19.867997322557308,19.39626875509824,379.6879978400567,26.192353149778224,True
vector_thrust,cruise_163,0.11915358896947402,4.468259586355277,75.98584083173084,275.6522591589181,352.2606091463336,324.86129131340266,20.04108023116604,19.408592742482764,379.92920415865416,26.219533204705343,True
vector_thrust,cruise_163,0.11844058149197237,4.441521805948965,76.01928063911778,275.54419716189943,352.16299734420045,325.0042795373604,20.162693597351325,19.417135466038857,380.09640319558895,26.23834238631499,True
vector_thrust,cruise_163,0.11818602788519002,4.431976045694626,76.03122624025619,275.5056187647726,352.1281518963292,325.05535879166354,20.206467010059498,19.42018715754803,380.15613120128097,26.245055305509908,True
vector_thrust,cruise_164,0.11818602788519002,4.431976045694626,76.01630856423729,275.41065059460914,352.04237804262624,325.0168341931523,20.197107754292215,20.197107754292215,380.0815428211865,26.245055305509908,True
vector_thrust,cruise_164,0.11793148098151951,4.422430536806982,76.02825526852196,275.37207370535816,352.0075379711873,325.06792213354817,20.24104778311274,20.20028244719599,380.1412763426098,26.25176822470483,True
vector_thrust,cruise_164,0.11721802022403455,4.395675758401297,76.06176030416644,275.26395135627234,351.90989526237587,325.2112004154219,20.365223681608306,20.209186007237847,380.3088015208322,26.27057740631448,True
vector_thrust,cruise_164,0.11618642372327603,4.3569908896228515,76.11025767632223,275.1076258029106,351.7687374989016,325.4185907382264,20.547469149716754,20.222073600298305,380.55128838161113,26.297757461241595,True
vector_thrust,cruise_164,0.11504058395169832,4.314021898188687,76.1641984255135,274.93400073191367,351.61198105739646,325.64925868758013,20.753731816695183,20.236407705299744,380.82099212756754,26.32792504626637,True
vector_thrust,cruise_164,0.11400744682768915,4.275279256038344,76.21289927439697,274.77746450127495,351.4706733178881,325.8575191439478,20.943264179196483,20.249349369963536,381.0644963719849,26.355105101193487,True
vector_thrust,cruise_164,0.11329206493837021,4.248452435188884,76.24665804230233,274.66907944123676,351.3728435915273,326.001882468897,21.0765304119172,20.258320356457222,381.23329021151164,26.373914282803135,True
vector_thrust,cruise_164,0.11303666304842655,4.238874864315996,76.25871766908031,274.63038563436703,351.3379202892715,326.05345330304505,21.124517350545002,20.26152505721327,381.2935883454016,26.380627201998053,True
vector_thrust,cruise_165,0.11303666304842655,4.238874864315996,76.24312767160217,274.53483824002785,351.25168847509894,326.0131913075907,21.11456025588222,21.11456025588222,381.21563835801084,26.380627201998053,True
vector_thrust,cruise_165,0.11278126971371,4.2292976142641265,76.25518824431637,274.49614622437696,351.2167708368994,326.0647703654398,21.162739312310787,21.11790082354615,381.2759412215819,26.38734012119297,True
vector_thrust,cruise_165,0.11206543488146996,4.202453808055124,76.28901284606268,274.38770099022895,351.1189105718596,326.20942693303414,21.29895027660497,21.12726964632485,381.4450642303134,26.40614930280262,True
vector_thrust,cruise_165,0.11103040140625746,4.163640052734656,76.33797332328481,274.23090805053965,350.97743785903543,326.4188146055524,21.499007310987174,21.140830841841186,381.68986661642407,26.43332935772974,True
vector_thrust,cruise_165,0.10988073807854921,4.120527677945597,76.39242992028983,274.0567631037152,350.8203310566311,326.6517073531757,21.725642096438147,21.155914366324126,381.96214960144914,26.46349694275451,True
vector_thrust,cruise_165,0.10884414808710313,4.081655553266368,76.4415972006111,273.89975747198815,350.6787069354003,326.8619794532966,21.93409407793538,21.169532842651194,382.2079860030555,26.490676997681632,True
vector_thrust,cruise_165,0.10812637230459854,4.054738961422446,76.475679676854,273.79104701450206,350.5806578666565,327.0077388664222,22.080778086556254,21.17897309228943,382.37839838427,26.50948617929128,True
vector_thrust,cruise_165,0.10787011516350815,4.045129318631557,76.48785501840705,273.75223696310894,350.5456562027215,327.0598087519756,22.13361977185652,21.18234544888526,382.43927509203525,26.516199098486197,True
vector_thrust,cruise_166,0.10787011516350815,4.045129318631557,76.47153337735301,273.6561033646424,350.4589611424213,327.0176559991542,22.122995440462624,22.122995440462624,382.35766688676506,26.516199098486197,True
vector_thrust,cruise_166,0.10761386862463707,4.035520073423891,76.48370949050755,273.61729541706126,350.4239654566005,327.0697335902381,22.17606015816725,22.126518529473152,382.4185474525377,26.522912017681115,True
vector_thrust,cruise_166,0.10689564069758241,4.008586526159341,76.51785835371768,273.50852503627954,350.3258862847754,327.2157892681164,22.326150953027252,22.13639930819099,382.58929176858845,26.541721199290766,True
vector_thrust,cruise_166,0.1058571426527191,3.969642849476967,76.56728875487254,273.3512614303726,350.1840966625882,327.4272045278654,22.54677379757358,22.15070171279108,382.8364437743627,26.56890125421788,True
vector_thrust,cruise_166,0.10470362498677839,3.92638593700419,76.62226880525705,273.17659295086895,350.02663731214545,327.6623557984581,22.79696581828468,22.166609876744023,383.1113440262852,26.599068839242655,True
vector_thrust,cruise_166,0.10366355425485466,3.8873832845570506,76.67190940227476,273.01911460845906,349.88469482807164,327.87467007232317,23.027328558337988,22.180973100339124,383.3595470113738,26.626248894169773,True
vector_thrust,cruise_166,0.10294336521263503,3.8603761954738145,76.70632037653496,272.9100764549123,349.78642504006706,328.0218468074112,23.189570849611087,22.190929719437705,383.5316018826748,26.64505807577942,True
vector_thrust,cruise_166,0.1026862458930886,3.8507342209908235,76.71861314577917,272.87114933697967,349.7513445218776,328.07442333815135,23.248045652268747,22.194486562098955,383.5930657288959,26.651770994974342,True
vector_thrust,cruise_167,0.1026862458930886,3.8507342209908235,76.70149237570071,272.77442243981176,349.66418084660455,328.03020536444956,23.23667245673401,23.23667245673401,383.50746187850353,26.651770994974342,True
vector_thrust,cruise_167,0.10242913944547291,3.841092729205235,76.71378572525407,272.7354977716624,349.62910665068364,328.08278902872746,23.295408125848514,23.240397325247393,383.56892862627035,26.65848391416926,True
vector_thrust,cruise_167,0.10170849959469064,3.8140687348009,76.74826359620162,272.62640002996056,349.5308072729881,328.2302649270584,23.461621100705035,23.250844074018506,383.7413179810081,26.67729309577891,True
vector_thrust,cruise_167,0.10066650965895338,3.7749941122107527,76.79817081000006,272.468662546149,349.3886988557138,328.4437384103633,23.706163100191027,23.265965893072465,383.9908540500003,26.704473150706026,True
vector_thrust,cruise_167,0.0995091071736748,3.731591519012806,76.85368200339708,272.29346695264337,349.2308848524266,328.68118239725214,23.983798393002726,23.282785710454913,384.26841001698546,26.7346407357308,True
vector_thrust,cruise_167,0.09846552809647438,3.69245730361779,76.90380288342426,272.13551265783076,349.08862209844136,328.8955698181957,24.239729032389842,23.297972270100466,384.5190144171213,26.761820790657918,True
vector_thrust,cruise_167,0.097742906612037,3.665358997951388,76.93854719307271,272.0261445564905,348.9901302654786,329.04418538376603,24.420151256317435,23.30849974946869,384.6927359653635,26.780629972267565,True
vector_thrust,cruise_167,0.09748491825209636,3.6556844344536144,76.95095912116912,271.98709956671723,348.9549704187142,329.097276256308,24.485213439282614,23.31226054708893,384.7547956058456,26.787342891462483,True
vector_thrust,cruise_168,0.09748491825209636,3.6556844344536144,76.93296200312402,271.88977216689193,348.86733268159287,329.0507934372532,24.472994554947544,24.472994554947544,384.6648100156201,26.787342891462483,True
vector_thrust,cruise_168,0.09722694528986425,3.6460104483699105,76.94537428850249,271.85073001118815,348.8321795357261,329.1038907620226,24.538364390364787,24.476943642948186,384.7268714425125,26.7940558106574,True
vector_thrust,cruise_168,0.09650387496220408,3.6188953110826536,76.98018595612369,271.74130275490444,348.7336587164608,329.2528082510457,24.723452700012746,24.48801930959505,384.90092978061847,26.812864992267055,True
vector_thrust,cruise_168,0.09545836621066793,3.579688732900048,77.03057693770994,271.583088268995,348.59122970988983,329.4683709890421,24.996038582290172,24.504051684591413,385.15288468854965,26.84004504719417,True
vector_thrust,cruise_168,0.09429704886172233,3.536139332314588,77.08662703346307,271.4073620771175,348.4330590504111,329.7081423089333,25.30590815290123,24.52188456122676,385.43313516731536,26.87021263221894,True
vector_thrust,cruise_168,0.09324993422524043,3.4968725334465165,77.13723522616478,271.2489286754007,348.2904742107626,329.924634234505,25.591926135074164,24.53798604410228,385.68617613082387,26.897392687146063,True
vector_thrust,cruise_168,0.09252486138495146,3.46968230193568,77.17231775524306,271.1392284348107,348.19175907027926,330.0747104162443,25.793774334375097,24.549147887962818,385.8615887762153,26.91620186875571,True
vector_thrust,cruise_168,0.09226599721833383,3.459974895687519,77.18485058475295,271.1000647893934,348.1565194431414,330.1283234059025,25.86660671315946,24.55313532829163,385.9242529237647,26.922914787950628,True
vector_thrust,cruise_169,0.09226599721833383,3.459974895687519,77.16588819049356,271.0021295810878,348.06840212644653,330.07934583905904,25.853426209713188,25.853426209713188,385.8294409524678,26.922914787950628,True
vector_thrust,cruise_169,0.09200715127137178,3.450268172676443,77.17842113449284,270.96296919827216,348.03316961856797,330.1329645384094,25.92662477947741,25.857625888077163,385.89210567246414,26.929627707145546,True
vector_thrust,cruise_169,0.09128163229324333,3.4230612109966256,77.21357142434884,270.8532103505608,347.93442619984296,330.2833452324031,26.13400662954349,25.86940443836982,386.0678571217442,26.948436888755197,True
vector_thrust,cruise_169,0.0902325783474604,3.3837216880297656,77.26445316779515,270.69451584928635,347.7916749221499,330.5010285553677,26.43976785353732,25.8864544592157,386.3222658389758,26.975616943682315,True
vector_thrust,cruise_169,0.08906731669430902,3.3400243760365886,77.32104997783772,270.51825569768454,347.6331457277998,330.7431621939741,26.787847406916683,25.905419548178436,386.60524988918854,27.005784528707085,True
vector_thrust,cruise_169,0.08801663982592038,3.300623993472015,77.37215256046086,270.3593401452901,347.49023709898063,330.9617903156543,27.109604553567827,25.922543570273362,386.8607628023043,27.032964583634207,True
vector_thrust,cruise_169,0.08728909708934256,3.2733411408503468,77.40757823377005,270.2493056505624,347.3912974660482,331.11334916096666,27.336946823433625,25.934414399130443,387.03789116885025,27.051773765243855,True
vector_thrust,cruise_169,0.08702935048261888,3.2636006430982087,77.42023373615403,270.21002259300604,347.35597763443144,331.16749219196646,27.419033556235153,25.938655145709617,387.1011686807701,27.058486684438773,True
vector_thrust,cruise_170,0.08702935048261888,3.2636006430982087,77.40020290972069,270.11147217903823,347.2673751594267,331.1157531543612,27.404751171175736,27.404751171175736,387.0010145486034,27.058486684438773,True
vector_thrust,cruise_170,0.08676962526250105,3.2538609473437905,77.4128582336013,270.07219286407553,347.23206291155606,331.1699009760196,27.487278287102075,27.40923270841724,387.06429116800643,27.06519960363369,True
vector_thrust,cruise_170,0.08604163996872058,3.2265614988270226,77.44835198748953,269.96210044480625,347.13309583097873,331.3217666630355,27.721250651491825,27.421801851758993,387.2417599374476,27.08400878524334,True
vector_thrust,cruise_170,0.08498901518297884,3.187088069361707,77.49973152651836,269.80292305459983,346.99002073829274,331.54160221544686,28.066652519535705,27.439996511949634,387.4986576325918,27.111188840170456,True
vector_thrust,cruise_170,0.08381978059559414,3.143241772334781,77.5568828992032,269.62612573688625,346.8311312834409,331.78613347872226,28.460492772288486,27.460235109357928,387.78441449601604,27.14135642519523,True
vector_thrust,cruise_170,0.08276551555050589,3.1037068331439714,77.60848698325192,269.4667251295909,346.6878972997868,332.00692978281427,28.82515163272671,27.478509286033347,388.0424349162596,27.16853648012235,True
vector_thrust,cruise_170,0.08203548487950243,3.0763306829813417,77.6442607424804,269.3563543623679,346.5887320848371,332.15999351719864,29.083155921363286,27.49117758560585,388.221303712402,27.187345661731996,True
vector_thrust,cruise_170,0.08177484937828822,3.066556851685809,77.65704068067303,269.3169511706273,346.5533316586695,332.214674521205,29.17638498272334,27.495703251613307,388.28520340336513,27.194058580926917,True
vector_thrust,cruise_171,0.08177484937828822,3.066556851685809,77.63582088351583,269.2177780769076,346.46423839894277,332.15986236512884,29.16082904613748,29.16082904613748,388.17910441757914,27.194058580926917,True
vector_thrust,cruise_171,0.08151423883540379,3.0567839563276427,77.64860031272022,269.17837916803427,346.42884607494864,332.2145471160938,29.254593915163706,29.16562990516652,388.24300156360107,27.200771500121835,True
vector_thrust,cruise_171,0.0807837702292892,3.029391383598346,77.68444237908474,269.06795131831535,346.32965438737915,332.3679197309314,29.520634319526767,29.179094724695865,388.4222118954237,27.219580681731486,True
vector_thrust,cruise_171,0.07972754992223242,2.9897831220837165,77.73632675173933,268.90828834079207,346.18625410525533,332.58993934950865,29.913939459097637,29.198586171061837,388.68163375869665,27.2467607366586,True
vector_thrust,cruise_171,0.07855431483865637,2.945786806449614,77.7940405438663,268.73095084500494,346.02700285231157,332.83690377172394,30.363221612321613,29.22026756039473,388.9702027193315,27.276928321683375,True
vector_thrust,cruise_171,0.07749643663223532,2.906116373708825,77.84615324903231,268.57106245373757,345.8834421175619,333.0599004532294,30.779996332804206,29.23984478462927,389.2307662451616,27.304108376610493,True
vector_thrust,cruise_171,0.07676390065193726,2.878646274447648,77.88228004338073,268.46035351686123,345.78405034825056,333.2144914541661,31.07532904156176,29.25341656816232,389.41140021690364,27.32291755822014,True
vector_thrust,cruise_171,0.07650237003831088,2.8688388764366586,77.89518618917926,268.42082951214286,345.7485689792936,333.2697184410385,31.182139579178617,29.258265030921944,389.47593094589627,27.32963047741506,True
vector_thrust,cruise_172,0.07650237003831088,2.8688388764366586,77.87263531717575,268.3210262071898,345.6589792785748,333.2114657370538,31.16509719835504,31.16509719835504,389.36317658587876,27.32963047741506,True
vector_thrust,cruise_172,0.07624084288925416,2.8590316083470317,77.88554183272967,268.2815036217228,345.623503474613,333.2667006473199,31.272578902478852,31.170263291134525,389.42770916364833,27.336343396609976,True
vector_thrust,cruise_172,0.07550790037811989,2.8315462641794964,77.92173578363604,268.17074210821767,345.5240894972524,333.4215968020669,31.57777013232976,31.184750648907954,389.60867891818015,27.35515257821963,True
vector_thrust,cruise_172,0.07444803557668755,2.791801334125784,77.97413326972818,268.0105875889547,345.3803597410332,333.6458378398881,32.02972072297487,31.205723797968414,389.87066634864095,27.382332633146746,True
vector_thrust,cruise_172,0.07327079935084616,2.7476549756567317,78.03241605152947,267.83271061912075,345.2207485000406,333.8952656741781,32.54705370969363,31.229052655162533,390.16208025764735,27.412500218171516,True
vector_thrust,cruise_172,0.07220925870998056,2.7078472016242716,78.08504574380665,267.67232845977253,345.07685670951685,334.12050046494045,33.02801291444682,31.250118749425024,390.42522871903327,27.439680273098638,True
vector_thrust,cruise_172,0.07147422643303757,2.6802834912389093,78.12152924321519,267.5612830801032,344.9772406727894,334.27663577563715,33.36941255064334,31.264722004817795,390.607646216076,27.458489454708285,True
vector_thrust,cruise_172,0.07121176926844414,2.6704413475666557,78.15116953918505,267.5216341647946,344.94167494902325,334.40348487814515,33.50014289829692,31.276586136204877,390.75584769592524,27.465202373903203,True
vector_thrust,cruise_173,0.07121176926844414,2.6704413475666557,77.37762471328323,267.36435044493214,344.79474059393664,332.40388494096095,33.28024742561536,33.28024742561536,386.8881235664161,27.465202373903203,True
vector_thrust,cruise_173,0.07095184611577061,2.6606942293413987,77.41014246667126,267.2645379540994,344.6989768522095,332.5435994875069,33.40372993127488,33.29423563360165,387.0507123333563,27.47191529309812,True
vector_thrust,cruise_173,0.07022291027536215,2.6333591353260815,77.50148216860342,266.9846458737486,344.4304445991637,332.9360462029019,33.754914474694665,33.33352736387741,387.50741084301706,27.490724474707772,True
vector_thrust,cruise_173,0.06916787565892883,2.5937953372098317,77.63406642012393,266.5796056212447,344.0418602286942,333.5057026941295,34.2763430179784,33.390561321164135,388.17033210061965,27.51790452963489,True
vector_thrust,cruise_173,0.06799452157841529,2.549794559190574,77.7820536793771,266.1292318833866,343.60980740962225,334.14153916660837,34.875292536105725,33.45422121229352,388.9102683968855,27.54807211465966,True
vector_thrust,cruise_173,0.06693523262116652,2.510071223293745,77.91614028220962,265.72272263629515,343.21985571263696,334.71765060337606,35.43408832680149,33.51190143815418,389.58070141104815,27.57525216958678,True
vector_thrust,cruise_173,0.06620099159083415,2.482537184656281,78.00935346854368,265.44099871477147,342.94961839878846,335.1181468615417,35.831928778415126,33.55199908793692,390.0467673427184,27.59406135119643,True
vector_thrust,cruise_173,0.06593870736593921,2.4727015262227208,78.04270501906035,265.34037096546837,342.85309582200546,335.2614438746711,35.97619645748992,33.56634597215925,390.21352509530175,27.600774270391348,True
vector_thrust,cruise_174,0.06593870736593921,2.4727015262227208,80.20280038328559,265.084994018094,342.6081426222689,340.83836912482326,36.5394432293696,36.5394432293696,401.01400191642796,27.600774270391348,True
vector_thrust,cruise_174,0.06566886626821372,2.4625824850580154,80.23809354748327,264.9815361966072,342.5089098888375,340.98837782188895,36.69141022835812,36.555524852704494,401.1904677374164,27.607487189586266,True
vector_thrust,cruise_174,0.06491208358425793,2.4342031344096733,80.33724092814887,264.69141101750466,342.2306399470038,341.4097900143967,37.124362291981086,36.600702180960816,401.6862046407444,27.626296371195917,True
vector_thrust,cruise_174,0.06381665882777217,2.393124706041457,80.48118934649983,264.2715334756379,341.82793762907676,342.0216228033174,37.769272329134154,36.66629347431795,402.40594673249916,27.65347642612303,True
vector_thrust,cruise_174,0.0625982653017119,2.3474349488141963,80.64190433461752,263.80462178574004,341.3801500851779,342.704719575342,38.51313919366763,36.73952459493869,403.2095216730876,27.683644011147805,True
vector_thrust,cruise_174,0.06149820641408318,2.3061827405281194,80.78756274441231,263.3831489061481,340.9759628174436,343.32382043551036,39.2101230018251,36.80589505901368,403.93781372206155,27.710824066074924,True
vector_thrust,cruise_174,0.060735644926581824,2.2775866847468187,80.88884254034289,263.09103433171873,340.69584113458217,343.75429615703086,39.70811470650065,36.85204403933098,404.4442127017145,27.72963324768457,True
vector_thrust,cruise_174,0.06046323197076634,2.267371198903738,80.92508474490836,262.98669113118575,340.59578428503414,343.90833862055194,39.88906451222949,36.86855810101128,404.62542372454186,27.73634616687949,True
vector_thrust,cruise_175,0.06046323197076634,2.267371198903738,78.993077812307,262.71814146397315,340.3382725043143,338.9213763237756,39.27049709956839,39.27049709956839,394.965389061535,27.73634616687949,True
vector_thrust,cruise_175,0.060197338359715635,2.2574001884893367,79.0276384159722,262.6162442564929,340.2405657368479,339.06968279358375,39.44591087151492,39.287681228983956,395.138192079861,27.74305908607441,True
vector_thrust,cruise_175,0.05945163026374748,2.229436134890531,79.12472645653948,262.3304968623372,339.9665761539913,339.4863070139416,39.9462492794395,39.33595508062069,395.6236322826974,27.76186826768406,True
vector_thrust,cruise_175,0.058372245318796985,2.1889591994548874,79.2656812735987,261.9169585908518,339.57007142125906,340.09117235492323,40.693150209917576,39.40604025163085,396.3284063679935,27.789048322611176,True
vector_thrust,cruise_175,0.05717170560665882,2.1439389602497063,79.42304877435589,261.4571013332929,339.12917979645516,340.7664678076847,41.557066015631825,39.48428609261813,397.11524387177946,27.81921590763595,True
vector_thrust,cruise_175,0.056087778727404586,2.1032917022776725,79.5656685150863,261.042000953166,338.7312210741723,341.3784776694784,42.368883401519575,39.55519909245062,397.8283425754315,27.84639596256307,True
vector_thrust,cruise_175,0.05533640679985344,2.075115254994504,79.66483278401651,260.7543056010943,338.4554183584255,341.8040114014293,42.950321641235426,39.60450528071059,398.3241639200826,27.865205144172716,True
vector_thrust,cruise_175,0.05506799249945131,2.0650497187294246,79.70031743282102,260.6515414564006,338.35690465749934,341.95628313393587,43.161882012410906,39.62214886133866,398.50158716410516,27.871918063367634,True
vector_thrust,cruise_176,0.05506799249945131,2.0650497187294246,78.12320082426164,260.3859720355371,338.1023253950632,337.8933913446996,42.60560816124436,42.60560816124436,390.6160041213082,27.871918063367634,True
vector_thrust,cruise_176,0.05480487309057215,2.0551827408964565,78.15732699891932,260.2851969617787,338.0057229606714,338.0410155857804,42.81228650476367,42.624222377241786,390.7866349945966,27.87863098256255,True
vector_thrust,cruise_176,0.054066946012456395,2.027510475467115,78.2531943052465,260.00259670470297,337.7348304353749,338.45572184526935,43.40266924098661,42.67651346326595,391.2659715262325,27.897440164172206,True
vector_thrust,cruise_176,0.05299882556515548,1.987455958693331,78.39237594082819,259.5936139929153,337.34280836400876,339.05779879616597,44.28638479106078,42.75243046936877,391.961879704141,27.92462021909932,True
vector_thrust,cruise_176,0.05181081718126708,1.9429056442975159,78.5477625469698,259.1388239021547,336.9069022554759,339.72997579454045,45.31214710817095,42.837186521251795,392.73881273484903,27.95478780412409,True
vector_thrust,cruise_176,0.050738206651962596,1.9026827494485978,78.68858589678013,258.728298745116,336.5134445212134,340.3391545321831,46.27958627048126,42.91399900489604,393.4429294839007,27.981967859051213,True
vector_thrust,cruise_176,0.049994680402772086,1.8748005151039535,78.78650048799136,258.44377505058316,336.24076171656213,340.76271701064456,46.97459930868505,42.967406788094515,393.9325024399568,28.00077704066086,True
vector_thrust,cruise_176,0.0497290690817961,1.8648400905673543,78.82153738249116,258.34214395245965,336.1433625196938,340.91428106822656,47.22792411030916,42.98651778290554,394.10768691245573,28.00748995985578,True
vector_thrust,cruise_177,0.0497290690817961,1.8648400905673543,83.03721784309155,258.0781460267721,335.89036324406516,351.7838366951061,48.68391710135142,48.68391710135142,415.18608921545774,28.00748995985578,True
vector_thrust,cruise_177,0.04944877652048938,1.8543291195183522,83.07620570213722,257.97103036334624,335.78771261843536,351.9490316658205,48.96253495592863,48.70677869253586,415.38102851068606,28.014202879050696,True
vector_thrust,cruise_177,0.048662630762745296,1.8248486536029491,83.18575194637964,257.67063069280096,335.4998422717639,352.41318867237334,49.76112863408408,48.77101410892487,415.9287597318982,28.033012060660347,True
vector_thrust,cruise_177,0.04752456880575915,1.7821713302159685,83.3448492789209,257.23583941171006,335.08320491498813,353.08729797519516,50.96407171428085,48.86430515300507,416.7242463946045,28.060192115587466,True
vector_thrust,cruise_177,0.04625856327115493,1.7346961226683102,83.52254952297137,256.7522816172454,334.6198639887542,353.8402294399451,52.37187369562521,48.968504519744755,417.61274761485686,28.090359700612236,True
vector_thrust,cruise_177,0.04511534495504678,1.6918254358142546,83.68366756184437,256.31572639199175,334.2015847497653,354.522900652101,53.71109387506323,49.06298045989114,418.41833780922184,28.117539755539354,True
vector_thrust,cruise_177,0.04432276914882432,1.6621038430809123,83.7957337186031,256.013127066446,333.9116669604101,354.9977347526852,54.68014562018877,49.12869349607527,418.9786685930155,28.136348937149005,True
vector_thrust,cruise_177,0.04403961488466605,1.6514855581749772,83.83584311135067,255.90503244566466,333.808105119548,355.16768175525107,55.034811944506984,49.15221272840348,419.1792155567533,28.143061856343923,True
vector_thrust,cruise_178,0.04403961488466605,1.6514855581749772,78.21071250612239,255.61879807501202,333.53388035062176,340.7506442264127,52.741769184283136,52.741769184283136,391.05356253061194,28.143061856343923,True
vector_thrust,cruise_178,0.04377571852345389,1.6415894446295212,78.24561717005652,255.51790963796145,333.43722726891286,340.9027427234954,53.06244901581579,52.76531116127521,391.2280858502826,28.14977477553884,True
vector_thrust,cruise_178,0.04303559638186656,1.6138348643199965,78.34367692195306,255.23498638216887,333.1661878461876,341.33004215791385,53.98282723227,52.83144904985891,391.71838460976534,28.168583957148492,True
vector_thrust,cruise_178,0.04196425650548133,1.5736596189555503,78.48605685235749,254.82552285627386,332.7739404180959,341.9504684481627,55.37265229636178,52.9274793310942,392.43028426178745,28.195764012075607,True
vector_thrust,cruise_178,0.04077260842914771,1.5289728160930396,78.64503471522234,254.3701794317157,332.33776588729097,342.64322103690296,57.004425911856345,53.03470435841616,393.22517357611173,28.22593159710038,True
vector_thrust,cruise_178,0.03969665811972806,1.4886246794898024,78.78913191682683,253.95913781053937,331.94404963841987,343.27113049485416,58.562001246412564,53.13189289279171,393.9456595841342,28.2531116520275,True
vector_thrust,cruise_178,0.038950786719650674,1.4606545019869006,78.88933364170036,253.67424665886946,331.67117858579815,343.70776357285,59.69228717437621,53.19947545325953,394.4466682085018,28.271920833637147,True
vector_thrust,cruise_178,0.03868433164851745,1.4506624368194048,78.92519149560732,253.57248241091702,331.5737103382663,343.8640156447911,60.106644968357344,53.223660325254684,394.6259574780366,28.278633752832064,True
vector_thrust,cruise_179,0.03868433164851745,1.4506624368194048,75.56737554573019,253.3039003007123,331.31647248159805,335.3653649417691,58.559009187398814,58.559009187398814,377.83687772865096,28.278633752832064,True
vector_thrust,cruise_179,0.03842927066591254,1.4410976499717205,75.60026830728083,253.20642219069867,331.22311376166505,335.5113672561476,58.95064287205364,58.584503027141494,378.00134153640414,28.285346672026986,True
vector_thrust,cruise_179,0.03771394462724,1.4142729235215004,75.69267049738355,252.9330683068808,330.96131782971753,335.921516057463,60.07727246531108,58.656120164554004,378.4633524869177,28.304155853636637,True
vector_thrust,cruise_179,0.03667854068856525,1.375445275821197,75.82681968917609,252.53746917027752,330.58246138280646,336.51696872104725,61.78591406548567,58.760093686099815,379.13409844588045,28.33133590856375,True
vector_thrust,cruise_179,0.03552692431946946,1.332259661980105,75.97658549388399,252.09756459587263,330.1611967787068,337.1817393851488,63.80339940553241,58.87617100205459,379.88292746941994,28.361503493588526,True
vector_thrust,cruise_179,0.034487173880040155,1.293269020501506,76.11231263155096,251.70047880896277,329.780956659486,337.7841961325159,65.74072567491447,58.98136752468955,380.5615631577548,28.388683548515644,True
vector_thrust,cruise_179,0.03376642771762152,1.2662410394108075,76.20668257665402,251.42527106446346,329.5174352808951,338.2030792762977,67.15372368711556,59.05450978811149,381.03341288327005,28.40749273012529,True
vector_thrust,cruise_179,0.033508954508097114,1.2565857940536418,76.24045126863362,251.3269678952524,329.423308652307,338.35296953894783,67.67323513841056,59.08068251250465,381.20225634316813,28.41420564932021,True
vector_thrust,cruise_180,0.033508954508097114,1.2565857940536418,93.69611400719513,251.06676950944953,329.1741707669622,382.88884087183646,76.501473129662,76.501473129662,468.4805700359757,28.41420564932021,True
vector_thrust,cruise_180,0.033190861533390625,1.2446573075021488,93.74743968179175,250.94589944512407,329.0584414198036,383.09860913952093,77.2397546434902,76.54338498443734,468.7371984089587,28.420918568515127,True
vector_thrust,cruise_180,0.032298542130784307,1.2111953299044116,93.89171993466994,250.60687581477032,328.7338461869938,383.6882831998721,79.38845169345342,76.66120229710829,469.4585996733497,28.439727750124778,True
vector_thrust,cruise_180,0.031006375065315415,1.1627390649493283,94.10144126709297,250.1160485528452,328.26393245334424,384.54541525484234,82.71931566765214,76.83245791459395,470.5072063354648,28.466907805051896,True
vector_thrust,cruise_180,0.02956837541585747,1.1088140780946554,94.335936081582,249.56998429021735,327.74116945099735,385.50379664545363,86.76853800228528,77.02394322410278,471.67968040791004,28.497075390076667,True
vector_thrust,cruise_180,0.02826932982894136,1.0600998685853011,94.54877895613627,249.07682930281834,327.2690889308443,386.3736864657758,90.7808175463357,77.19774785252604,472.7438947806814,28.52425544500379,True
vector_thrust,cruise_180,0.02736843273118671,1.0263162274195017,94.69695206493208,248.73490295111108,326.94179167071974,386.97927063674877,93.78712793808296,77.31874401704718,473.4847603246604,28.543064626613436,True
vector_thrust,cruise_180,0.02704652220890436,1.0142445828339137,94.75001031372251,248.61274102022574,326.82485977654704,387.1961199460543,94.90993624360122,77.36207066916701,473.75005156861255,28.549777545808354,True
vector_thrust,cruise_181,0.02704652220890436,1.0142445828339137,84.08571232389355,248.27329071733192,326.4999515832138,359.92420612587296,88.10455443992912,88.10455443992912,420.4285616194677,28.549777545808354,True
vector_thrust,cruise_181,0.026761561464096893,1.0035585549036337,84.12743643318515,248.16482107941374,326.39613173395867,360.1028303680384,89.04797236973974,88.14827922698234,420.63718216592576,28.55649046500327,True
vector_thrust,cruise_181,0.025962274171369697,0.9735852814263638,84.24468989237808,247.8606088032858,326.1049677561659,360.6048017746798,91.80472158978553,88.27115500574634,421.2234494618904,28.575299646612923,True
vector_thrust,cruise_181,0.024805060593555812,0.9301897722583433,84.41503079202198,247.42025869824374,325.6835249613401,361.3340447454631,96.11088564256504,88.44966377488659,422.0751539601099,28.602479701540037,True
vector_thrust,cruise_181,0.023517572303575675,0.881908961384088,84.605359675332,246.93046191172155,325.21478605737144,362.14885786842575,101.40001822172916,88.6491189544177,423.02679837666,28.63264728656481,True
vector_thrust,cruise_181,0.02235479251944684,0.8383047194792568,84.77799230418279,246.4882225016875,324.7915847533973,362.8879119161944,106.70057593274115,88.83002934187554,423.8899615209139,28.65982734149193,True
vector_thrust,cruise_181,0.02154856406970737,0.8080711526140266,84.8981036891376,246.1816542375787,324.49822789164665,363.4021183315313,110.71170447663347,88.95590008449952,424.490518445688,28.678636523101577,True
vector_thrust,cruise_181,0.021260514144013018,0.7972692804004884,84.94109976994028,246.07213606381504,324.3934320961906,363.5861879814766,112.21858425920978,89.00095783337643,424.70549884970137,28.6853494422965,True
vector_thrust,cruise_182,0.021260514144013018,0.7972692804004884,84.8928579411976,245.77220597524263,324.10644227641205,363.4615487777917,112.04338211228212,112.04338211228212,424.46428970598805,28.6853494422965,True
vector_thrust,cruise_182,0.020972467198902184,0.7864675199588321,84.93587271153997,245.66269455471007,324.00165835228796,363.64573994599397,113.58916938254548,112.10016226278219,424.67936355769984,28.692062361491416,True
vector_thrust,cruise_182,0.020164504339983208,0.7561689127493704,85.05676085670208,245.3555543766805,323.70778482178383,364.16338838391357,118.16078198157838,112.25973645137157,425.2838042835104,28.710871543101067,True
vector_thrust,cruise_182,0.018994680166664234,0.7123005062499089,85.23240230722935,244.91095001512372,323.2824049116551,364.91549292184965,125.46923561412079,112.49158583520796,426.16201153614674,28.738051598028182,True
vector_thrust,cruise_182,0.017693091596273122,0.6634909348602422,85.42868214021696,244.41639876182654,322.8092658022107,365.75597193630153,134.73696894612894,112.75067819777081,427.1434107010848,28.768219183052956,True
vector_thrust,cruise_182,0.016517513461250268,0.6194067547968851,85.60673844117494,243.96984602197267,322.38207240677144,366.51841697185597,144.36303940883428,112.98571522093185,428.0336922058747,28.795399237980075,True
vector_thrust,cruise_182,0.015702375301152417,0.5888390737932157,85.73063804820733,243.6602761878976,322.0859374336278,367.0489606280107,151.88402927301166,113.14926458617747,428.65319024103667,28.814208419589722,True
vector_thrust,cruise_182,0.01541113496514863,0.5779175611930737,85.77499311725487,243.5496834444223,321.9801470502117,367.2388910168498,154.76414226103364,113.20781395186137,428.87496558627436,28.82092133878464,True
vector_thrust,cruise_183,0.01541113496514863,0.5779175611930737,85.3498693101242,243.24372816275502,321.6874852048783,366.1401087482926,154.1072482690956,154.1072482690956,426.74934655062106,28.82092133878464,True
vector_thrust,cruise_183,0.015121203682759451,0.5670451381034796,85.39385149724798,243.1336267252809,321.5821703226027,366.3288144291609,157.07189294316913,154.1866739111286,426.9692574862399,28.827634257979557,True
vector_thrust,cruise_183,0.014307939353304594,0.5365477257489224,85.51746493816148,242.82482669027723,321.28680287790723,366.85917820186046,166.02906338343232,154.4099023956335,427.58732469080746,28.846443439589212,True
vector_thrust,cruise_183,0.013130397452191174,0.4923899044571692,85.69708313315552,242.37780627820248,320.85924792790007,367.6298305084715,180.9649447205951,154.734267586735,428.48541566577757,28.873623494516327,True
vector_thrust,cruise_183,0.011820163228385963,0.44325612106447376,85.89783100568323,241.88054894493052,320.3836719415841,368.4911397484183,201.08202668390453,155.09679000289614,429.4891550284161,28.903791079541097,True
vector_thrust,cruise_183,0.010636722981773417,0.39887711181650326,86.07996250068219,241.43153580153606,319.95426223742936,369.2725753748799,223.5125615409078,155.42569386023408,430.39981250341094,28.93097113446822,True
vector_thrust,cruise_183,0.009816103293166336,0.3681038734937377,86.20671019508374,241.12025079914042,319.6565818849377,369.8163866689078,242.24200374994405,155.6545823652023,431.0335509754187,28.949780316077867,True
vector_thrust,cruise_183,0.009522898481410677,0.3571086930529005,86.2520873305548,241.00904342141143,319.55023763787136,370.0110773800208,249.71673204682958,155.73652708810016,431.260436652774,28.956493235272784,True
vector_thrust,cruise_184,0.009522898481410677,0.3571086930529005,80.61853373831354,240.69845372446804,319.25323802001856,355.7046391971246,239.75209313844593,239.75209313844593,403.0926686915677,28.956493235272784,True
vector_thrust,cruise_184,0.009249047253920067,0.3468392720220026,80.65818675999984,240.5944569346616,319.1537942864298,355.8796243178384,246.86554220835188,239.87003663520187,403.2909337999992,28.963206154467702,True
vector_thrust,cruise_184,0.008480926214570613,0.31803473304639807,80.76961787611404,240.30279155411813,318.8749051924245,356.37135933163336,269.26943374085386,240.20147594139956,403.84808938057023,28.982015336077353,True
vector_thrust,cruise_184,0.007368848818756681,0.2763318307033756,80.9314933701156,239.88060952810895,318.4712348615717,357.0857006928263,309.98215195814817,240.68295641055497,404.657466850578,29.00919539100447,True
vector_thrust,cruise_184,0.0061315968084616,0.22993488031731008,81.11235393067713,239.4110297501115,318.02227031827124,357.8838213796519,372.6330432736748,241.22090583307428,405.5617696533856,29.039362976029242,True
vector_thrust,cruise_184,0.005014204491109312,0.18803266841659924,81.27638983583283,238.98705240698862,317.6169290485092,358.6076964405299,455.785673119856,241.70881220789113,406.38194917916417,29.066543030956364,True
vector_thrust,cruise_184,0.0042394556533055724,0.158979586998959,81.39051502555861,238.69314824331207,317.33595627246575,359.1113201964513,539.1724384594378,242.04826476580251,406.9525751277931,29.08535221256601,True
vector_thrust,cruise_184,0.003962654706575173,0.14859955149656903,81.43136725642776,238.58815508005435,317.23558519334057,359.29159725883795,576.8706463944562,242.1697751378618,407.15683628213884,29.09206513176093,True
vector_thrust,cruise_185,0.003962654706575173,0.14859955149656903,80.49724458487123,238.29495882581398,316.9553032764536,356.9209895530024,572.36022352036,572.36022352036,402.4862229243561,29.09206513176093,True
vector_thrust,cruise_185,0.0036889388824780074,0.13833520809292532,80.53721782510344,238.1911220080903,316.8560426181569,357.0982578336815,614.8661347543735,572.6444917918326,402.6860891255172,29.098778050955847,True
vector_thrust,cruise_185,0.0029211450006968154,0.1095429375261306,80.64955803886825,237.89988728653276,316.5776497497962,357.5964500500918,776.6101319009068,573.4433952373762,403.24779019434123,29.117587232565498,True
vector_thrust,cruise_185,0.0018095621213436472,0.06785857955038678,80.81275659346198,237.47833676495182,316.17470541757075,358.3201824227101,1253.979695933295,574.6039759672445,404.06378296730986,29.144767287492613,True
vector_thrust,cruise_185,0.0005727471722476588,0.021478018959287214,80.99511959742483,237.00942191939828,315.7265124910358,359.1289028782512,3962.9787936711464,575.9008439975576,404.9755979871241,29.174934872517387,True
vector_thrust,cruise_185,0.0,-0.020390801245166967,81.0798478999751,236.58621375740114,315.32202918771867,359.50464527043556,-4171.186891093327,576.5033863132842,405.39923949987553,29.202114927444505,True
vector_thrust,cruise_185,0.0,-0.04937908718940385,81.07984789998866,236.58204465189127,315.3180446518913,359.5046452704903,-1722.4365390496055,576.503386313372,405.3992394999433,29.220924109054152,True
vector_thrust,cruise_185,0.0,-0.059724498844309554,81.07984789999445,236.58204465189127,315.3180446518913,359.5046452705135,-1424.0779861822919,576.5033863134091,405.3992394999722,29.227637028249074,True
vector_thrust,cruise_186,0.0,-0.059724498844309554,80.72045450967097,236.58204465189127,315.3180446518913,358.59130114280447,-1420.460026628249,-1420.460026628249,403.6022725483549,29.227637028249074,True
vector_thrust,cruise_186,0.0,-0.07002334933972876,80.72045450874141,236.58204465189127,315.3180446518913,358.5913011386529,-1211.5424928643267,-1420.4600266118036,403.6022725437071,29.23434994744399,True
vector_thrust,cruise_186,0.0,-0.09888008717824238,80.72045450869719,236.58204465189127,315.3180446518913,358.5913011384566,-857.9711612186514,-1420.4600266110258,403.602272543486,29.253159129053643,True
vector_thrust,cruise_186,0.0,-0.14057928152624763,80.72045450865049,236.58204465189127,315.3180446518913,358.59130113824904,-603.4762896538862,-1420.4600266102038,403.60227254325247,29.280339183980757,True
vector_thrust,cruise_186,0.0,-0.186861895536049,80.72045450859135,236.58204465189127,315.3180446518913,358.5913011379863,-454.00515163478275,-1420.460026609163,403.6022725429567,29.31050676900553,True
vector_thrust,cruise_186,0.0,-0.22856108988398946,80.72045450853273,236.58204465189127,315.3180446518913,358.5913011377259,-371.175440494292,-1420.4600266081316,403.6022725426636,29.33768682393265,True
vector_thrust,cruise_186,0.0,-0.25741782772242183,80.72045450849856,236.58204465189127,315.3180446518913,358.59130113757425,-329.5663861672775,-1420.4600266075308,403.6022725424928,29.356496005542297,True
vector_thrust,cruise_186,0.0,-0.2677166782178039,80.72045450848802,236.58204465189127,315.3180446518913,358.59130113752735,-316.8882259493702,-1420.460026607345,403.6022725424401,29.363208924737215,True
vector_thrust,cruise_187,0.0,-0.2677166782178039,80.2773637990467,236.58204465189127,315.3180446518913,357.4643163896041,-315.89230609211626,-315.89230609211626,401.38681899523345,29.363208924737215,True
vector_thrust,cruise_187,0.0,-0.2945034641249601,80.27736379583109,236.58204465189127,315.3180446518913,357.46431637672583,-287.16008183391955,-315.8923060807357,401.3868189791554,29.380766869890362,True
vector_thrust,cruise_187,0.0,-0.36955837037938183,80.27736379615116,236.58204465189127,315.3180446518913,357.46431637800794,-228.8397331441364,-315.8923060818687,401.38681898075583,29.429963138978156,True
vector_thrust,cruise_187,0.0,-0.4780158523098446,80.27736379660874,236.58204465189127,315.3180446518913,357.464316379841,-176.91806338760549,-315.8923060834886,401.3868189830437,29.501053807555113,True
vector_thrust,cruise_187,0.0,-0.598394575476725,80.27736379714459,236.58204465189127,315.3180446518913,357.46431638198925,-141.32754928863983,-315.89230608538696,401.3868189857229,29.579958496839733,True
vector_thrust,cruise_187,0.0,-0.7068520574086803,80.27736379762368,236.58204465189127,315.3180446518913,357.46431638390686,-119.64262956272285,-315.8923060870816,401.3868189881184,29.651049165416694,True
vector_thrust,cruise_187,0.0,-0.7819069636649457,80.27736379796524,236.58204465189127,315.3180446518913,357.46431638527514,-108.15818606362716,-315.89230608829075,401.3868189898262,29.700245434504488,True
vector_thrust,cruise_187,0.0,-0.8086937495729299,80.27736379809026,236.58204465189127,315.3180446518913,357.4643163857761,-104.57560591422721,-315.89230608873345,401.3868189904513,29.717803379657635,True
vector_thrust,decel_descend,0.0,-0.8086937495729299,0.03,237.38192115569527,237.40652615569525,0.075,-0.022015310611809752,-0.022015310611809752,0.15,29.717803379657635,False
vector_thrust,decel_descend,0.0,-0.8502729893078139,25.659888970182763,237.92134692056476,268.4356034789194,93.01236504273908,-26.02649672460008,-27.302614762065815,128.29944485091383,29.83664073817473,False
vector_thrust,decel_descend,0.0,-1.008206470450873,24.846777699731053,237.8750092634451,267.45892702895327,90.17654267072194,-21.27614387710743,-26.47019462393413,124.23388849865528,30.169615617427155,False
vector_thrust,decel_descend,0.0,-1.1706575425746157,17.716612792198443,237.49365459599179,259.42096943812163,66.83798468440311,-13.55955663482864,-19.61945324659357,88.58306396099222,30.650778258910055,False
vector_thrust,decel_descend,0.0,-1.3574642057938646,23.17553741327005,237.7790817719347,265.43702674986537,84.30586764254407,-14.767366764051873,-24.74693150064972,115.87768706635025,31.18482850040521,False
vector_thrust,decel_descend,0.0,-1.5498676484558502,22.74284530170041,237.7540958119898,264.9103881545007,82.77674967235593,-12.698188320928121,-24.298078072972494,113.71422650850205,31.665991141888114,False
vector_thrust,decel_descend,0.0,-1.6793256928524918,23.01869662581105,237.76989893044401,265.24347650185456,83.74388611484623,-11.857006310519544,-24.58196886211149,115.09348312905524,31.998966021140532,False
vector_thrust,decel_descend,0.0,-1.726374233544783,23.06435178498368,237.77243582967205,265.2969476932351,83.89914203483966,-11.555375988601353,-24.627542292817857,115.3217589249184,32.11780337965763,False
vector_thrust,arrival_terminal_procedure,0.0,-1.726374233544783,0.03,237.38192115569527,237.40652615569525,0.075,-0.010312737377990593,-0.010312737377990593,0.15,32.11780337965763,False
vector_thrust,arrival_terminal_procedure,0.0,-1.7388243621802288,26.873807077501596,237.8198215039536,266.2956714984645,86.7989737690843,-11.8715362502785,-11.935133615462142,134.36903538750798,32.16341928120383,False
vector_thrust,arrival_terminal_procedure,0.0,-1.806111870343581,26.83330146864264,237.81780175483775,266.2531425786568,86.67549529715228,-11.412900881748415,-11.918154934757203,134.16650734321323,32.291232197098886,False
vector_thrust,arrival_terminal_procedure,0.0,-1.8818009767054826,26.688736471507394,237.81045581488408,266.09830940405175,86.22593046891186,-10.896703786270646,-11.856338347983536,133.44368235753697,32.47592721182724,False
vector_thrust,arrival_terminal_procedure,0.0,-1.9841301468950956,26.27925478616596,237.78967718805617,265.6603503714442,84.95429744987204,-10.181416273501767,-11.681484783096352,131.3962739308298,32.68092321258624,False
vector_thrust,arrival_terminal_procedure,0.0,-2.053803168783292,24.337742400882902,237.69061331619926,263.5723434090872,78.89167880376328,-9.13028658511613,-10.847855530826637,121.68871200441453,32.865618227314584,False
vector_thrust,arrival_terminal_procedure,0.0,-2.1293845936287306,43.22064536313644,237.640674025263,282.7239590533601,137.4211086001741,-15.336283060728357,-18.895837375812267,216.1032268156822,32.99343114320964,False
vector_thrust,arrival_terminal_procedure,0.0,-2.1625650313046094,38.17771325027558,238.2746378064108,278.3371175030319,122.11688588687606,-13.455020465760812,-16.791458314258648,190.88856625137788,33.03904704475585,False
vector_thrust,second_descent,0.0,-2.1625650313046094,0.03,237.38192115569527,237.40652615569525,0.075,-0.008232651425024084,-0.008232790931539277,0.15,33.03904704475585,False
vector_thrust,second_descent,0.0,-2.1626013726744366,0.06972892306502916,237.38993292651324,237.46944225712036,0.24235723615258653,-0.026603686079865827,-0.026603686079865827,0.34864461532514585,33.06380482778024,False
vector_thrust,second_descent,0.0,-2.1626520531905657,0.03,237.39032151183025,237.41492651183023,0.075,-0.008232611476784063,-0.008232790931539277,0.15,33.13317459429116,False
vector_thrust,second_descent,0.0,-2.1627000832380574,0.03,237.39119970822858,237.41580470822856,0.075,-0.008232459098748436,-0.008232790931539277,0.15,33.233416811266764,False
vector_thrust,second_descent,0.0,-2.1627565370427355,0.03,237.39072818368632,237.4153331836863,0.075,-0.008232227857751085,-0.008232790931539277,0.15,33.34467727824492,False
vector_thrust,second_descent,0.0,-2.162806424433682,0.03,237.3918959818391,237.41650098183908,0.075,-0.00823207846874225,-0.008232790931539277,0.15,33.44491949522053,False
vector_thrust,second_descent,0.0,-2.1628412378854827,0.03,237.39214276667335,237.41674776667332,0.075,-0.008231954521501128,-0.008232790931539277,0.15,33.51428926173145,False
vector_thrust,second_descent,0.0,-2.1628536199395,0.03,237.39222221972074,237.41682721972072,0.075,-0.008231910149784933,-0.008232790931539277,0.15,33.53904704475585,False
vector_thrust,hover_descent,0.0,-2.1628536199395,154.74814658721556,236.58349569304434,315.3194956930443,654.0434694994739,-71.54247006032746,-71.54247006032746,773.7407329360778,33.53904704475585,True
vector_thrust,hover_descent,0.0,-2.191497116838927,154.74669009627766,236.58204465189127,315.3180446518913,654.0413241305107,-70.60672476394565,-71.54223538938895,773.7334504813883,33.54798875189892,True
vector_thrust,hover_descent,0.0,-2.271753726691531,154.7450587546495,236.58204465189127,315.3180446518913,654.0344286721906,-68.11160936592522,-71.54148113046975,773.7252937732476,33.57304285856562,True
vector_thrust,hover_descent,0.0,-2.387726104206275,154.74270094602358,236.58204465189127,315.3180446518913,654.0244625370624,-64.80242617727203,-71.5403909859193,773.7135047301178,33.60924709166215,True
vector_thrust,hover_descent,0.0,-2.5164432627053053,154.74008335963282,236.58204465189127,315.3180446518913,654.013398356792,-61.48671392918329,-71.53918073182665,773.700416798164,33.64943075880796,True
vector_thrust,hover_descent,0.0,-2.6324111898361844,154.73772444928636,236.58204465189127,315.3180446518913,654.0034275648414,-58.77708949879668,-71.53809007789023,773.6886222464318,33.685634991904486,True
vector_thrust,hover_descent,0.0,-2.7126622501583664,154.73609173393595,236.58204465189127,315.3180446518913,653.9965262999851,-57.03763355657417,-71.53733518382373,773.6804586696798,33.71068909857119,True
vector_thrust,hover_descent,0.0,-2.7413032772871175,154.7355089660485,236.58204465189127,315.3180446518913,653.9940630196955,-56.441494051879054,-71.53706573819116,773.6775448302426,33.71963080571427,True
