eVTOL_type,mission_segment,SOC,battery_energy_kw_h,battery_power_kw,voltage_v,voltage_oc_v,current_a,C_Rating_instant,C_Rating_nominal,specific_power,time_min,fesibility
lift_and_cruse,hover_climb,1.0,93.75,17.966504315526194,476.18244471283515,483.04611120078016,37.73029542565562,0.19164271269894606,0.19164271269894606,35.93300863105239,0.0,True
lift_and_cruse,hover_climb,0.9999825146537723,93.74836074879116,17.966948779689066,476.1796628121569,483.0435336585954,37.7314503455731,0.19165081031243864,0.19164857885990344,35.93389755937813,0.005447598812827867,True
lift_and_cruse,hover_climb,0.999933519485223,93.74376745173966,17.96819464395007,476.17186765451294,483.0363113135319,37.734687524176884,0.19167350664668972,0.191665021394533,35.93638928790014,0.020711431496015904,True
lift_and_cruse,hover_climb,0.9998627133793403,93.73712937931316,17.969995937607447,476.16060216593877,483.0258739862225,37.73936769584919,0.19170631921850945,0.19168879329414468,35.93999187521489,0.042768308788035794,True
lift_and_cruse,hover_climb,0.9997841161717669,93.72976089110314,17.97199656012336,476.1480968117138,483.01428840659105,37.74456549226381,0.19174275975169386,0.19171519435445225,35.94399312024672,0.0672495956313552,True
lift_and_cruse,hover_climb,0.9997132949984375,93.72312140610353,17.97380026196212,476.136828430054,483.00384923961616,37.74925142280433,0.19177561073944607,0.19173899550496465,35.94760052392424,0.08930647292337507,True
lift_and_cruse,hover_climb,0.9996642810410958,93.71852634760273,17.975049129283143,476.12902966479203,482.9966246005691,37.752495782823665,0.1917983549787195,0.19175547451601038,35.950098258566285,0.10457030560656312,True
lift_and_cruse,hover_climb,0.9996467873330713,93.71688631247544,17.975494976854655,476.1262461585732,482.99404605539115,37.7536539973078,0.19180647441244433,0.19176135741099232,35.95098995370931,0.110017904419391,True
lift_and_cruse,dep_transition,0.9996467873330713,93.71688631247544,106.15488658664746,463.8979273881956,505.525028140243,228.83242262119305,1.132718880770796,1.1179508893572587,212.30977317329493,0.110017904419391,True
lift_and_cruse,dep_transition,0.9996321177531514,93.71551103935795,107.14767509633857,463.63606878737437,505.6761845464917,231.10300621477617,1.143329296271605,1.1290437271585185,214.29535019267715,0.11077140906515674,True
lift_and_cruse,dep_transition,0.9995902680944515,93.71158763385482,109.91411742618592,462.90465803265704,506.0982788586302,237.44452003125386,1.1728984336093744,1.160024918240599,219.82823485237185,0.112882682166232,True
lift_and_cruse,dep_transition,0.9995278643035557,93.70573727845834,113.86272416244806,461.7658477985046,506.62142416681473,246.5813599844984,1.215110771779026,1.2046625540906275,227.72544832489612,0.1159335601918835,True
lift_and_cruse,dep_transition,0.9994559644083154,93.69899666327957,118.16166429429323,460.261911934292,506.96301061677303,256.7274767341832,1.2610794511746253,1.2542309680151245,236.32332858858646,0.11931977933256743,True
lift_and_cruse,dep_transition,0.999388851508853,93.69270482895497,121.94491503707908,458.92935378262433,507.2655351890441,265.7167585737141,1.3015444534776848,1.298147715091751,243.88983007415817,0.12237065735821895,True
lift_and_cruse,dep_transition,0.9993411389114798,93.68823177295123,124.50602832310348,458.02237005645793,507.47135995711017,271.8347624036597,1.3289438789024581,1.328036957815458,249.01205664620696,0.12448193045929422,True
lift_and_cruse,dep_transition,0.99932386304966,93.68661216090563,125.40831060040752,457.7018858884943,507.54407196120513,273.99648980863503,1.3385979834221342,1.3385979834221342,250.81662120081504,0.12523543510505997,True
lift_and_cruse,second_climb,0.99932386304966,93.68661216090563,108.08396726427279,463.3463018634791,505.77966626651613,233.26822040218306,1.1536756935985002,1.1536756935985002,216.16793452854557,0.12523543510505997,True
lift_and_cruse,second_climb,0.9988547018390924,93.6426282974149,108.10421361869683,463.2743624334245,505.72152268719356,233.34914993146347,1.1544387489374288,1.154075947137813,216.20842723739366,0.14900290680847933,True
lift_and_cruse,second_climb,0.9975396409173215,93.51934133599889,108.161094140942,463.07261526423207,505.55854302791084,233.57646864083654,1.1565828485584122,1.1552001983077826,216.322188281884,0.21559788265896382,True
lift_and_cruse,second_climb,0.995638014890157,93.34106389595222,108.24368366281624,462.78061882637587,505.32286076934156,233.90641385257007,1.159697033995827,1.1568320098350446,216.48736732563248,0.31183041095554426,True
lift_and_cruse,second_climb,0.993525549175861,93.14302023523696,108.33589871803281,462.4558828114977,505.0610369136715,234.2746556921888,1.1631756458494573,1.1586532251681991,216.67179743606562,0.4186404592545751,True
lift_and_cruse,second_climb,0.9916206336735544,92.96443440689572,108.4194761725166,462.1627219934413,504.8249276330258,234.608268745402,1.166329863428945,1.1603031767556706,216.8389523450332,0.5148729875511556,True
lift_and_cruse,second_climb,0.9903014708191609,92.84076288929633,108.47758861390142,461.95952283855104,504.66141546779477,234.8401612130583,1.1685238837026006,1.1614500483826862,216.95517722780284,0.58146796340164,True
lift_and_cruse,second_climb,0.9898304840681955,92.79660788139333,108.49838330297233,461.8869371845185,504.6030349066089,234.92312644376534,1.169309157136541,1.1618603698997598,216.99676660594466,0.6052354351050595,True
lift_and_cruse,departure_terminal_procedures,0.9898304840681955,92.79660788139333,62.808995727798894,473.4642832971421,497.58529411831364,132.6583608174316,0.6768458153996034,0.6768458153996034,125.61799145559779,0.6052354351050595,True
lift_and_cruse,departure_terminal_procedures,0.9893099346902485,92.7478063772108,62.80899642719478,473.38280849392106,497.5074834017024,132.68155578732322,0.6772038064005239,0.6769641601327414,125.61799285438956,0.6511450198938276,True
lift_and_cruse,departure_terminal_procedures,0.9878513748718294,92.611066394234,62.80899572924986,473.15447462859174,497.2894351585789,132.74659812611412,0.6782088722283073,0.67729601735277,125.61799145849972,0.779780817948609,True
lift_and_cruse,departure_terminal_procedures,0.9857436612078598,92.41346823823685,62.80899572854196,472.8243992839319,496.97427588637424,132.8407386859759,0.6796665428431786,0.677776338710649,125.61799145708392,0.9656649318501219,True
lift_and_cruse,departure_terminal_procedures,0.9834042287319883,92.19414644362391,62.808995728618385,472.45787251800334,496.62437758241487,132.94543431973594,0.681291811710551,0.6783105138743133,125.61799145723677,1.1719807331211214,True
lift_and_cruse,departure_terminal_procedures,0.9812964305412888,91.99654036324581,62.808995728523826,472.1274890525463,496.309041681235,133.03994941105822,0.6827628192441799,0.6787927461562396,125.61799145704765,1.3578648470226344,True
lift_and_cruse,departure_terminal_procedures,0.979837765329053,91.85979049959872,62.8089957285602,471.8987707903452,496.0907732863189,133.10546030758115,0.6837845238162722,0.6791269940385547,125.6179914571204,1.4865006450774159,True
lift_and_cruse,departure_terminal_procedures,0.9793171690534721,91.81098459876301,62.808995728598234,471.81712516391633,496.01286444203015,133.12886160261638,0.684149908991801,0.6792463914781276,125.61799145719647,1.5324102298661841,True
lift_and_cruse,accel_climb,0.9793171690534721,91.81098459876301,110.63792329456544,459.63291099111854,503.38075770015615,240.7093153041624,1.2050619408935281,1.2050619408935281,221.27584658913088,1.5324102298661841,True
lift_and_cruse,accel_climb,0.9769131535906673,91.58560814912506,110.70508539082748,459.2728182912033,503.0783461639296,241.0498676595581,1.2087887420965324,1.206766846587977,221.41017078165495,1.6512475883832811,True
lift_and_cruse,accel_climb,0.9701611601497038,90.95260876403472,111.17972151352483,458.18501325794927,502.27420362540846,242.67406404121033,1.2225006051068867,1.2148980534820388,222.35944302704965,1.9842224676357034,True
lift_and_cruse,accel_climb,0.9603204928097977,90.03004620091855,112.60678543183451,456.3141593018768,501.14081720207076,246.82093054081395,1.2510033057906988,1.2356584922142257,225.21357086366902,2.465385109118606,True
lift_and_cruse,accel_climb,0.9491927386767374,88.98681925094412,115.24252767434602,453.80339586432166,499.921547098538,254.0251906162004,1.2954445962567687,1.2717251463783026,230.48505534869204,2.99943535061376,True
lift_and_cruse,accel_climb,0.9388935951798572,88.02127454811162,118.52439073401942,451.19007309327463,498.88712451921594,262.8024127397913,1.347104327015215,1.3156665132279517,237.04878146803884,3.480597992096663,True
lift_and_cruse,accel_climb,0.9315722113953255,87.33489481831177,121.2732939406444,449.1835040864667,498.19928341802336,270.1218680882974,1.3892990595649433,1.3523098689593605,242.5465878812888,3.8135728713490855,True
lift_and_cruse,accel_climb,0.9289152182629221,87.08580171214895,122.34293294146262,448.4281785818384,497.9578068026294,272.9721728844652,1.405607020702558,1.366579336783935,244.68586588292524,3.932410229866182,True
lift_and_cruse,cruise_0,0.9289152182629221,87.08580171214895,77.47350250287974,460.49311462736273,491.01844473636396,168.2403059719415,0.8896226592591826,0.8896226592591826,154.94700500575948,3.932410229866182,True
lift_and_cruse,cruise_0,0.9288572562147526,87.08036777013305,77.4735025028869,460.4840509828412,491.00995001729547,168.24368533333518,0.8896785321243051,0.8896405286778828,154.9470050057738,3.936536527036915,True
lift_and_cruse,cruise_0,0.9286948499516001,87.06514218296252,77.47350250954338,460.45865433227016,490.9861478143968,168.25315517357177,0.889835122023634,0.8896906033874202,154.94700501908676,3.9480981547887346,True
lift_and_cruse,cruise_0,0.9284601655996646,87.04314052496855,77.47350250270095,460.4323792343565,490.96142898391207,168.26271580691466,0.8900598267498009,0.889741158193592,154.9470050054019,3.964805190951336,True
lift_and_cruse,cruise_0,0.9281996852486397,87.01872049205997,77.47350250287631,460.41757778962403,490.94743416752806,168.26824959620356,0.8903102626641473,0.889770419816213,154.94700500575263,3.983348602114362,True
lift_and_cruse,cruise_0,0.9279650003377465,86.99671878166374,77.47350250305746,460.4042372306472,490.9348212784716,168.27323751835266,0.8905360184951916,0.8897967949974801,154.94700500611492,4.000055638276963,True
lift_and_cruse,cruise_0,0.9278025932073287,86.98149311318707,77.47350250296,460.39500255305927,490.9260906759292,168.2766904589601,0.8906923135092479,0.8898150534890331,154.94700500592,4.011617266028783,True
lift_and_cruse,cruise_0,0.9277446307480761,86.97605913263213,77.47350250290144,460.3917061946325,490.9229743212282,168.27792303541912,0.8907481078560232,0.8898215711183305,154.94700500580288,4.015743563199516,True
lift_and_cruse,cruise_1,0.9277446307480761,86.97605913263213,83.71341384361554,458.84883924348077,491.94997278931606,182.44224826118474,0.9624880073717611,0.9624880073717611,167.42682768723108,4.015743563199516,True
lift_and_cruse,cruise_1,0.9276818961406689,86.9701777631877,83.7134138437067,458.84544962309235,491.94678292982815,182.44363068166297,0.9625532786530746,0.9624953004365205,167.4268276874134,4.019869860370248,True
lift_and_cruse,cruise_1,0.9275061175881982,86.95369852389359,83.71341384368627,458.8359499958016,491.93784340498894,182.44750511291545,0.9627362119604976,0.9625157402943465,167.42682768737254,4.0314314881220685,True
lift_and_cruse,cruise_1,0.9272521099894923,86.9298853115149,83.71341384366539,458.82221711060384,491.924920893764,182.45310636944504,0.9630006813325077,0.9625452901507384,167.42682768733079,4.04813852428467,True
lift_and_cruse,cruise_1,0.9269701825046631,86.90345460981216,83.71341384365073,458.806967108887,491.91057172699385,182.45932681314102,0.9632943906744814,0.9625781065762922,167.42682768730145,4.066681935447695,True
lift_and_cruse,cruise_1,0.9267161743294756,86.87964134338834,83.71341384364665,458.7932204397039,491.89763793254326,182.46493440975792,0.9635591673807353,0.9626076898802987,167.4268276872933,4.0833889716102965,True
lift_and_cruse,cruise_1,0.9265403950581448,86.86316203670107,83.71341384363117,458.78370362406713,491.88868433774854,182.46881674693614,0.9637424839276536,0.9626281714464393,167.42682768726235,4.094950599362116,True
lift_and_cruse,cruise_1,0.9264776601308148,86.85728063726388,83.71341384362421,458.7803063541675,491.88548821652546,182.4702026856706,0.9638079257655665,0.9626354830720282,167.42682768724842,4.099076896532849,True
lift_and_cruse,cruise_2,0.9264776601308148,86.85728063726388,77.89966273661742,460.21286856447375,490.92292079837847,169.26876247421646,0.8968696943431228,0.8968696943431228,155.79932547323483,4.099076896532849,True
lift_and_cruse,cruise_2,0.9264193719818786,86.85181612330112,77.89966273662543,460.2095577647236,490.91979267345465,169.2700084082671,0.8969262726965622,0.8968762959184805,155.79932547325086,4.103203193703582,True
lift_and_cruse,cruise_2,0.9262560521440826,86.83650488850775,77.89966273661949,460.20027955927844,490.9110266020398,169.27350011908797,0.8970848398009552,0.8968947967308624,155.79932547323898,4.114764821455402,True
lift_and_cruse,cruise_2,0.9260200479485204,86.8143794951738,77.89966273662289,460.18686812581836,490.8983559803405,169.2785475616403,0.8973140751136655,0.8969215405800697,155.79932547324577,4.131471857618003,True
lift_and_cruse,cruise_2,0.9257581027874511,86.78982213632354,77.89966273670673,460.1719769681111,490.88428810906737,169.28415225659188,0.8975686445229358,0.8969512370283371,155.79932547341346,4.150015268781028,True
lift_and_cruse,cruise_2,0.9255220981124258,86.76769669803991,77.89966273663136,460.1585554620033,490.8716093021568,169.28920412548533,0.8977981275312025,0.8969780043304908,155.7993254732627,4.1667223049436295,True
lift_and_cruse,cruise_2,0.9253587776767495,86.75238540719525,77.89966273662672,460.14926469614625,490.862833023966,169.29270135608968,0.897957003508147,0.896996534389418,155.79932547325345,4.178283932695449,True
lift_and_cruse,cruise_2,0.9253004892617316,86.74692086828733,77.89966273661783,460.14594830649077,490.8597003565967,169.29394974663725,0.8980137193226441,0.8970031489805124,155.79932547323565,4.182410229866182,True
lift_and_cruse,cruise_3,0.9253004892617316,86.74692086828733,77.89887707517485,460.14459181084953,490.8580039375503,169.2921713338237,0.8980016385071801,0.8980016385071801,155.7977541503497,4.182410229866182,True
lift_and_cruse,cruise_3,0.9252422014339308,86.741456384431,77.89887707517053,460.1412750846168,490.854870998422,169.29341983338807,0.8980583600110317,0.8980082611090738,155.79775415034106,4.186536527036915,True
lift_and_cruse,cruise_3,0.9250788824957225,86.72614523397398,77.89887707517173,460.13198027266975,490.8460914372786,169.29691873359735,0.8982173283591921,0.8980268208457478,155.79775415034345,4.198098154788735,True
lift_and_cruse,cruise_3,0.9248428795995456,86.70401996245741,77.89887707517093,460.11854483989055,490.8334013207006,169.30197656739213,0.8984471438629461,0.898053649865656,155.79775415034186,4.214805190951336,True
lift_and_cruse,cruise_3,0.9245809358799166,86.67946273874217,77.89887707517259,460.10362704187384,490.81931180943917,169.30759279877313,0.8987023577573061,0.8980834408769155,155.79775415034518,4.233348602114361,True
lift_and_cruse,cruise_3,0.924344932502892,86.65733742214611,77.89887707516937,460.0901815308486,490.80661350352796,169.31265506484525,0.8989324218995303,0.8981102934076115,155.79775415033873,4.250055638276963,True
lift_and_cruse,cruise_3,0.9241816129650763,86.6420262154759,77.89887707517306,460.0808741515324,490.79782373045333,169.31615949202617,0.899091700294948,0.8981288824618229,155.79775415034612,4.261617266028783,True
lift_and_cruse,cruise_3,0.9241233248704251,86.63656170660235,77.89887707516434,460.07755183229494,490.7946862465871,169.31741045131332,0.8991485597827871,0.89813551811119,155.79775415032867,4.265743563199516,True
lift_and_cruse,cruise_4,0.9241233248704251,86.63656170660235,77.8980892986073,460.0761940734811,490.7929879320351,169.3156270679932,0.8991364357511289,0.8991364357511289,155.7961785972146,4.265743563199516,True
lift_and_cruse,cruise_4,0.9240650373645701,86.63109725292844,77.898089298603,460.072871417676,490.7898501764306,169.3168781363198,0.8991933009485245,0.8991430794445406,155.796178597206,4.269869860370248,True
lift_and_cruse,cruise_4,0.9239017193282212,86.61578618702075,77.8980892985977,460.0635599905756,490.78105711917937,169.3203842349147,0.8993526720624505,0.8991616982870457,155.7961785971954,4.2814314881220685,True
lift_and_cruse,cruise_4,0.9236657177347164,86.59366103762966,77.89808929860057,460.0501005459525,490.7683474984956,169.32545247302485,0.8995830699588158,0.8991886127404178,155.79617859720113,4.298138524284669,True
lift_and_cruse,cruise_4,0.9234037754601795,86.56910394939182,77.89808929860402,460.0351560936837,490.75423633699825,169.33108025553176,0.8998389307853394,0.8992184986073757,155.79617859720804,4.316681935447695,True
lift_and_cruse,cruise_4,0.9231677733844501,86.5469787547922,77.89808929860108,460.0216865651954,490.7415185228122,169.33615293170152,0.9000695782669348,0.8992454366286912,155.79617859720216,4.333388971610296,True
lift_and_cruse,cruise_4,0.9230044547467774,86.53166763251038,77.89808929860192,460.01236256371675,490.7327152484324,169.33966456449534,0.9002292606087949,0.8992640848600952,155.79617859720383,4.344950599362117,True
lift_and_cruse,cruise_4,0.9229461669733081,86.52620315374763,77.89808929859501,460.009034311788,490.7295729457769,169.34091809576077,0.9002862643156273,0.8992707416327371,155.79617859719002,4.349076896532849,True
lift_and_cruse,cruise_5,0.9229461669733081,86.52620315374763,77.89729939177681,460.00767529165694,490.72787273106275,169.33912970558129,0.9002740967769244,0.9002740967769244,155.79459878355362,4.349076896532849,True
lift_and_cruse,cruise_5,0.9228878797902206,86.52073873033318,77.8972993956188,460.00434670222785,490.72473015732623,169.34038335461352,0.9003311062580411,0.9002807616732903,155.7945987912376,4.353203193703581,True
lift_and_cruse,cruise_5,0.9227245626580438,86.5054277491916,77.89729939554225,459.9950186512716,490.7159235975265,169.34389666051487,0.9004908816667924,0.9002994398033984,155.7945987910845,4.364764821455402,True
lift_and_cruse,cruise_5,0.9224885623705478,86.48330272223885,77.89729939708432,459.9815351818132,490.70319446368586,169.3489753195338,0.9007218641861041,0.900326439972639,155.79459879416865,4.381471857618002,True
lift_and_cruse,cruise_5,0.9222266215448143,86.45874576982635,77.89729939600188,459.96656406153465,490.68906164142487,169.35461466527408,0.9009783743906347,0.9003564209752671,155.79459879200377,4.400015268781029,True
lift_and_cruse,cruise_5,0.9219906207737282,86.43662069753701,77.8972993955401,459.9530705030402,490.67632430954865,169.35969776364425,0.9012096074236589,0.9003834447458627,155.7945987910802,4.4167223049436295,True
lift_and_cruse,cruise_5,0.9218273030385199,86.42130965986125,77.89729939554523,459.94372987062883,490.66750752739284,169.36321661116807,0.9013696952478347,0.9004021523374378,155.79459879109046,4.42828393269545,True
lift_and_cruse,cruise_5,0.9217690155870595,86.41584521128682,77.89729940007958,459.94039568176606,490.66436040439004,169.3644727279406,0.901426843774577,0.9004088303532916,155.79459880015915,4.432410229866182,True
lift_and_cruse,cruise_6,0.9217690155870595,86.41584521128682,77.89650735429304,459.93903540059466,490.6626582859269,169.3626793091465,0.9014146325115729,0.9014146325115729,155.79301470858607,4.432410229866182,True
lift_and_cruse,cruise_6,0.9217107287274797,86.41038081820122,77.89650749239918,459.9357008425079,490.65951091340924,169.36393583740664,0.9014717883342008,0.9014213202480004,155.79301498479836,4.436536527036914,True
lift_and_cruse,cruise_6,0.9215474125014842,86.39506992201414,77.89650751934555,459.92635615227766,490.6506908490725,169.36745642108582,0.9016319698895345,0.9014400581757206,155.7930150386911,4.4480981547887355,True
lift_and_cruse,cruise_6,0.9213114135229943,86.37294501778072,77.89650744410439,459.91284866442237,490.63794217966813,169.37254533685555,0.9018635383496705,0.9014671433821968,155.79301488820877,4.464805190951336,True
lift_and_cruse,cruise_6,0.9210494741495662,86.34838820152184,77.89650745959415,459.8978508576854,490.6237876891435,169.37819630046332,0.9021207006080671,0.9014972200277991,155.7930149191883,4.483348602114362,True
lift_and_cruse,cruise_6,0.9208134746860785,86.32626325181987,77.89650752468238,459.8843332402926,490.6110308411326,169.3832899837194,0.9023525221864364,0.9015243306087083,155.79301504936475,4.5000556382769625,True
lift_and_cruse,cruise_6,0.9206501578553434,86.31095229893846,77.89650751332917,459.8749759708847,490.6022005427781,169.38681602939812,0.9025130169055287,0.9015430976073332,155.79301502665834,4.511617266028783,True
lift_and_cruse,cruise_6,0.9205918707266052,86.30548788061922,77.89650754961434,459.87163583528513,490.59904860162726,169.38807479656458,0.9025703111189792,0.9015497972600984,155.79301509922868,4.515743563199516,True
lift_and_cruse,cruise_7,0.9205918707266052,86.30548788061922,77.89571316392036,459.8702743403322,490.5973445438205,169.38627589196287,0.9025580536856733,0.9025580536856733,155.79142632784072,4.515743563199516,True
lift_and_cruse,cruise_7,0.9205335841915718,86.30002351795987,77.89571317939757,459.8669338732816,490.594192327529,169.38753472109389,0.9026153534284104,0.9025647612324591,155.79142635879515,4.519869860370248,True
lift_and_cruse,cruise_7,0.920370268874771,86.28471270700977,77.89571319153836,459.8575725451837,490.5853587451865,169.39106249697033,0.9027759421904875,0.9025835586380466,155.79142638307673,4.5314314881220685,True
lift_and_cruse,cruise_7,0.9201342712094676,86.26258792588759,77.89571318498886,459.8440409905745,490.5725905549519,169.3961620120951,0.9030081005088784,0.9026107309010974,155.79142636997773,4.548138524284669,True
lift_and_cruse,cruise_7,0.9198723332926614,86.238031246187,77.89571319150032,459.82901648941214,490.5584143814085,169.4018245503971,0.903265917007645,0.9026409031775813,155.79142638300064,4.566681935447695,True
lift_and_cruse,cruise_7,0.919636335141019,86.21590641947053,77.89571320427443,459.81547482911685,490.5456379881856,169.40692856488096,0.90349832800472,0.902668099415023,155.79142640854886,4.583388971610296,True
lift_and_cruse,cruise_7,0.9194730192177751,86.20059555166642,77.89571319288112,459.80610091106337,490.5367941689468,169.4104618435032,0.9036592312997982,0.9026869261414484,155.79142638576224,4.594950599362117,True
lift_and_cruse,cruise_7,0.9194147324128513,86.1951311637048,77.8957132032461,459.80275483964914,490.5336373977058,169.41172313373838,0.9037166710853083,0.9026936468019847,155.7914264064922,4.599076896532849,True
lift_and_cruse,cruise_8,0.9194147324128513,86.1951311637048,77.89491681224712,459.8013920473202,490.5319314541177,169.40991949896193,0.9037043712400228,0.9037043712400228,155.78983362449424,4.599076896532849,True
lift_and_cruse,cruise_8,0.9193564462031548,86.18966683154576,77.89491681224922,459.7980456419053,490.5287744094896,169.41118087484617,0.9037618166964736,0.9037110999540422,155.78983362449844,4.603203193703581,True
lift_and_cruse,cruise_8,0.9191931317977265,86.17435610603687,77.89491681224077,459.78866766636884,490.5199273029815,169.41471585812843,0.9039228142492435,0.903729957054346,155.78983362448153,4.614764821455402,True
lift_and_cruse,cruise_8,0.9189571354488717,86.15223144833172,77.89491681224797,459.775112047312,490.5071395720558,169.41982584521895,0.9041555639535326,0.9037572158930511,155.78983362449594,4.631471857618002,True
lift_and_cruse,cruise_8,0.9186951989924482,86.12767490554202,77.8949168102989,459.7600608372639,490.4929417049728,169.4254999741553,0.9044140371945557,0.9037874841036607,155.7898336205978,4.650015268781029,True
lift_and_cruse,cruise_8,0.9184592021559456,86.10555020211989,77.89491681184457,459.7464951110844,490.48014576379467,169.43061442622368,0.9046470403374313,0.9038147667604519,155.78983362368913,4.6667223049436295,True
lift_and_cruse,cruise_8,0.9182958871424229,86.09023941960214,77.89491681224837,459.73710453253904,490.47128841901656,169.43415497382816,0.9048083539055539,0.9038336535432105,155.78983362449674,4.67828393269545,True
lift_and_cruse,cruise_8,0.9182376006621006,86.08477506207193,77.8949168115649,459.7337525184688,490.4681268177839,169.435418824101,0.9048659399920088,0.9038403954566684,155.7898336231298,4.682410229866182,True
lift_and_cruse,cruise_9,0.9182376006621006,86.08477506207193,77.89411828758287,459.7323884581501,490.46641896505207,169.4336101679156,0.9048535961372605,0.9048535961372605,155.78823657516574,4.682410229866182,True
lift_and_cruse,cruise_9,0.9181793147786071,86.07931076049442,77.89411828933463,459.7290361069651,490.46325709258684,169.43487413284416,0.9049111880638621,0.9048603462927336,155.78823657866926,4.686536527036914,True
lift_and_cruse,cruise_9,0.9180160012869575,86.06400012065227,77.8941182921571,459.7196414713618,490.4543964577683,169.4384163666892,0.9050725961420643,0.904879263454623,155.7882365843142,4.6980981547887355,True
lift_and_cruse,cruise_9,0.917780006258023,86.04187558668967,77.89411828758969,459.70606177759385,490.44158917468496,169.44353681388893,0.9053059393608749,0.9049066090034661,155.78823657517938,4.714805190951336,True
lift_and_cruse,cruise_9,0.9175180712658594,86.01731918117432,77.89411828758163,459.69098384169473,490.42736960511365,169.4492225718527,0.9055650719734725,0.9049369735724272,155.78823657516327,4.733348602114362,True
lift_and_cruse,cruise_9,0.9172820757479385,85.99519460136923,77.89411828758627,459.6773940342462,490.4145541079506,169.45434749682093,0.9057986696371985,0.9049643430346186,155.78823657517253,4.7500556382769625,True
lift_and_cruse,cruise_9,0.9171187616465352,85.97988390436267,77.89411828758882,459.66798678916507,490.40568322891653,169.4578952950498,0.9059603949040953,0.9049832899128831,155.78823657517765,4.761617266028783,True
lift_and_cruse,cruise_9,0.9170604754916705,85.97441957734411,77.89411828758543,459.66462882635574,490.40251679726276,169.45916173523182,0.9060181279871924,0.9049900532873508,155.78823657517086,4.765743563199516,True
lift_and_cruse,cruise_10,0.9170604754916705,85.97441957734411,77.89331757813362,459.66326350903034,490.400807024501,169.45734793662385,0.9060057393939085,0.9060057393939085,155.78663515626724,4.765743563199516,True
lift_and_cruse,cruise_10,0.9170021899352692,85.96895530643148,77.89331757745177,459.6599052098734,490.3976403211132,169.4586144844308,0.9060634783017144,0.9060125110069208,155.78663515490354,4.769869860370248,True
lift_and_cruse,cruise_10,0.9168388773599165,85.95364475249218,77.8933175781387,459.65049390638353,490.3887661504635,169.46216396685887,0.9062252984164788,0.9060314883572149,155.7866351562774,4.7814314881220685,True
lift_and_cruse,cruise_10,0.9166028836545262,85.93152034261183,77.89331757813828,459.6368901226117,490.3759393070694,169.4672949082826,0.9064592375250765,0.9060589209969618,155.78663515627656,4.798138524284669,True
lift_and_cruse,cruise_10,0.9163409501306382,85.90696407474734,77.89331757813913,459.6217854468093,490.361698023923,169.4729923057923,0.9067190320080082,0.9060893822009535,155.78663515627827,4.816681935447695,True
lift_and_cruse,cruise_10,0.9161049559349229,85.88483961889904,77.89331757813909,459.60817154461193,490.34886296131714,169.4781277205763,0.9069532264844302,0.9061168387575745,155.78663515627818,4.833388971610296,True
lift_and_cruse,cruise_10,0.9159416427481446,85.86952900763856,77.89331757813534,459.5987476238191,490.3399785413616,169.48168277962858,0.907115365029726,0.9061358459233568,155.78663515627068,4.844950599362117,True
lift_and_cruse,cruise_10,0.9158833569196329,85.86406471121559,77.89331757813319,459.59538370919347,490.3368072767687,169.4829518115035,0.9071732456639713,0.9061426308174683,155.78663515626639,4.849076896532849,True
lift_and_cruse,cruise_11,0.9158833569196329,85.86406471121559,77.89251467169835,459.59401713585106,490.3350955799272,169.48113284223635,0.9071608120774636,0.9071608120774636,155.7850293433967,4.849076896532849,True
lift_and_cruse,cruise_11,0.9158250716912275,85.85860047105257,77.8925146719628,459.5906528846562,490.33192404377786,169.48240198389945,0.9072186985682552,0.907167605255928,155.7850293439256,4.853203193703581,True
lift_and_cruse,cruise_11,0.9156617600346961,85.84329000325275,77.89251467196787,459.58122490383255,490.3230363307974,169.48595872751582,0.9073809323132961,0.9071866429999722,155.78502934393575,4.864764821455402,True
lift_and_cruse,cruise_11,0.9154257676565093,85.82116571779774,77.89251467197042,459.5675970180145,490.3101899165736,169.49110016629166,0.9076154695392206,0.907214162946865,155.78502934394083,4.881471857618002,True
lift_and_cruse,cruise_11,0.9151638356049696,85.79660958796592,77.89251467195518,459.55246558769284,490.2959269090019,169.49680921825424,0.9078759284262088,0.9072447210870409,155.78502934391037,4.900015268781029,True
lift_and_cruse,cruise_11,0.9149278427351316,85.77448525641859,77.8925146719645,459.53882757754997,490.2830722711675,169.50195513637738,0.908110722001034,0.9072722650099848,155.785029343929,4.9167223049436295,True
lift_and_cruse,cruise_11,0.9147645304655213,85.75917473114262,77.89251467195898,459.5293869719036,490.27417430350886,169.5055174656075,0.9082732754078138,0.9072913326514568,155.78502934391796,4.92828393269545,True
lift_and_cruse,cruise_11,0.9147062449642702,85.75371046540033,77.89251467195984,459.5260171021966,490.27099820355454,169.50678909251567,0.9083313041584802,0.9072981391323868,155.7850293439197,4.932410229866182,True
lift_and_cruse,cruise_12,0.9147062449642702,85.75371046540033,77.8917090883923,459.5246493862519,490.26928450072427,169.50496387525484,0.9083188199236382,0.9083188199236382,155.7834181767846,4.932410229866182,True
lift_and_cruse,cruise_12,0.9146479600657327,85.74824625616245,77.89170836903007,459.5212793552943,490.2661080078606,169.50623397626276,0.9083768461313843,0.9083256259582364,155.78341673806014,4.936536527036914,True
lift_and_cruse,cruise_12,0.9144846493328526,85.73293587495493,77.8917086303583,459.5118346247669,490.2572067896514,169.50979858094615,0.9085394981272269,0.9083447274491042,155.7834172607166,4.9480981547887355,True
lift_and_cruse,cruise_12,0.9142486582877845,85.71081171447979,77.89170907073897,459.4981825173891,490.2443408685278,169.5149515231539,0.9087746408689499,0.9083723402946414,155.78341814147794,4.964805190951336,True
lift_and_cruse,cruise_12,0.9139867277137569,85.6862557231647,77.8917093752286,459.4830242443322,490.2300561766177,169.52067293106094,0.9090357702401115,0.9084029993524035,155.7834187504572,4.983348602114362,True
lift_and_cruse,cruise_12,0.9137507361740618,85.66413151631829,77.89170936731699,459.4693621148576,490.2171819523902,169.52582934843664,0.9092711651186313,0.908430630820171,155.78341873463398,5.0000556382769625,True
lift_and_cruse,cruise_12,0.913587424824617,85.64882107730784,77.89170936240669,459.4599048163348,490.20827042938794,169.52939894627528,0.9094341349207795,0.9084497590676409,155.78341872481337,5.011617266028783,True
lift_and_cruse,cruise_12,0.9135291396516959,85.64335684234649,77.89170936041607,459.4565289887391,490.2050894913035,169.5306731671175,0.9094923123327922,0.9084565871790146,155.78341872083215,5.015743563199516,True
lift_and_cruse,cruise_13,0.9135291396516959,85.64335684234649,77.89090218920033,459.4551598662822,490.20337396203087,169.52884414633544,0.9094797899220983,0.9094797899220983,155.78180437840066,5.015743563199516,True
lift_and_cruse,cruise_13,0.9134708550820491,85.6378926639421,77.89090222114052,459.45178369397587,490.20019275809324,169.53011855322188,0.9095379736256053,0.9094866267958657,155.78180444228104,5.019869860370248,True
lift_and_cruse,cruise_13,0.9133075452709116,85.62258236914798,77.89090222113717,459.44232233063497,490.19127794024985,169.5336898503834,0.909701039409527,0.909505785910697,155.78180444227434,5.0314314881220685,True
lift_and_cruse,cruise_13,0.9130715555583389,85.60045833359428,77.89090222113587,459.428646200913,490.17839235480636,169.53885232447473,0.9099367797581205,0.9095334812912423,155.78180444227175,5.048138524284669,True
lift_and_cruse,cruise_13,0.9128096264639448,85.57590248099483,77.89090222114224,459.413461217286,490.1640858655323,169.54458473060248,0.9101985751074256,0.9095642342144222,155.78180444228448,5.066681935447695,True
lift_and_cruse,cruise_13,0.9125736362570863,85.55377839910183,77.89090222113843,459.3997749513298,490.15119204758093,169.5497516960456,0.9104345737818976,0.9095919536899452,155.78180444227687,5.083388971610296,True
lift_and_cruse,cruise_13,0.912410325829585,85.5384680465236,77.89090222114433,459.39030094830775,490.14226696396946,169.55332859385882,0.9105979616931626,0.9096111428508701,155.78180444228866,5.094950599362117,True
lift_and_cruse,cruise_13,0.9123520409856305,85.53300384240286,77.89090222113799,459.3869191585617,490.1390811859515,169.55460542087164,0.9106562883837988,0.9096179927080094,155.78180444227598,5.099076896532849,True
lift_and_cruse,cruise_14,0.9123520409856305,85.53300384240286,77.89009265216222,459.38554882375433,490.1373636921533,169.55277076432864,0.9106437182502578,0.9106437182502578,155.78018530432445,5.099076896532849,True
lift_and_cruse,cruise_14,0.9122937567467718,85.52753969500985,77.89009265171453,459.3821666976351,490.1341776425173,169.55404769959537,0.9107020508522687,0.9106505764872186,155.78018530342905,5.103203193703581,True
lift_and_cruse,cruise_14,0.9121304478622797,85.51222948708873,77.89009265172231,459.37268862915147,490.12524926193055,169.55762628769128,0.910865535053253,0.91066979657283,155.78018530344463,5.114764821455402,True
lift_and_cruse,cruise_14,0.911894459488223,85.49010557702091,77.89009265169126,459.3589883574028,490.1123440759485,169.56279929981122,0.9111018804303231,0.9106975800821776,155.78018530338252,5.131471857618002,True
lift_and_cruse,cruise_14,0.9116325318787434,85.46554986363219,77.89009265168743,459.3437765748073,490.09801582922876,169.56854340567568,0.9113643478633551,0.9107284308544703,155.78018530337485,5.150015268781029,True
lift_and_cruse,cruise_14,0.9113965430090923,85.44342590710241,77.89009265166368,459.33006616080826,490.0851024062445,169.57372091522095,0.9116009525625576,0.9107562385188471,155.78018530332736,5.1667223049436295,True
lift_and_cruse,cruise_14,0.9112332335066047,85.42811564124419,77.89009265165157,459.3205754451515,490.0761637542789,169.57730511145132,0.9117647601327268,0.9107754887249478,155.78018530330314,5.17828393269545,True
lift_and_cruse,cruise_14,0.9111749489927119,85.42265146806673,77.89009265166325,459.317187690398,490.07297313352746,169.57858454362568,0.9118232366530327,0.910782360372443,155.7801853033265,5.182410229866182,True
lift_and_cruse,cruise_15,0.9111749489927119,85.42265146806673,77.88928083682414,459.31581610425354,490.0712536989767,169.5767445968925,0.911810620464542,0.911810620464542,155.77856167364828,5.182410229866182,True
lift_and_cruse,cruise_15,0.9111166650855971,85.41718735177471,77.88928083679423,459.3124280130389,490.0680628066934,169.57802413824288,0.9118691029220801,0.911817500531708,155.77856167358846,5.186536527036914,True
lift_and_cruse,cruise_15,0.9109533571304302,85.40187723097783,77.88928083680779,459.30293323007993,490.0591208564198,169.58161002673603,0.9120330071492455,0.9118367817793792,155.77856167361557,5.1980981547887355,True
lift_and_cruse,cruise_15,0.9107173700987637,85.3797534467591,77.88928083680398,459.2892088027881,490.04619605986386,169.5867935907104,0.9122699598828098,0.9118646536948056,155.77856167360795,5.214805190951336,True
lift_and_cruse,cruise_15,0.9104554439785012,85.35519787298449,77.88928083681147,459.27397020621055,490.03184604453503,169.59254941157909,0.91253310198583,0.9118956026236226,155.77856167362293,5.233348602114362,True
lift_and_cruse,cruise_15,0.9102194564499371,85.33307404218161,77.88928083680976,459.26023563061784,490.0189130064487,169.59773747904487,0.9127703150427195,0.9119234987542284,155.77856167361952,5.2500556382769625,True
lift_and_cruse,cruise_15,0.910056147875149,85.31776386329521,77.8892808368141,459.2507281929366,490.0099607791523,169.60132898327439,0.9129345438877312,0.911942810197597,155.7785616736282,5.261617266028783,True
lift_and_cruse,cruise_15,0.9099978636922769,85.31229972115096,77.88928083681178,459.24733446983277,490.0067653131686,169.6026110239345,0.9129931708142092,0.9119497037034993,155.77856167362356,5.265743563199516,True
lift_and_cruse,cruise_16,0.9099978636922769,85.31229972115096,77.88846676506195,459.2459616332469,490.0050439338941,169.60076575972863,0.9129805083164487,0.9129805083164487,155.7769335301239,5.265743563199516,True
lift_and_cruse,cruise_16,0.909939580117874,85.30683563605069,77.88846676511238,459.24256757366766,490.00184819641333,169.60204790979807,0.9130391412025624,0.9129874102783408,155.77693353022477,5.269869860370248,True
lift_and_cruse,cruise_16,0.9097762730947451,85.29152560263235,77.88846676511031,459.2330560668451,489.99289266945743,169.6056411081533,0.9132034670730511,0.9130067528800451,155.77693353022062,5.2814314881220685,True
lift_and_cruse,cruise_16,0.9095402874093911,85.26940194463042,77.88846676510269,459.2193074704287,489.97994825220616,169.61083523767024,0.9134410295020102,0.9130347134790754,155.77693353020538,5.298138524284669,True
lift_and_cruse,cruise_16,0.9092783627827019,85.2448465108783,77.88846676510859,459.2040420447686,489.9655764570208,169.61660278879816,0.9137048488741021,0.9130657608728588,155.77693353021718,5.316681935447695,True
lift_and_cruse,cruise_16,0.909042376599152,85.2227228061705,77.8884667651031,459.19028329396116,489.9526237936802,169.62180142791055,0.9139426726327827,0.9130937457475622,155.7769335302062,5.333388971610296,True
lift_and_cruse,cruise_16,0.9088790689547827,85.20741271451088,77.88846676510101,459.1807591248201,489.9436579840182,169.62540024963405,0.9141073243761797,0.9131131186205074,155.77693353020203,5.344950599362117,True
lift_and_cruse,cruise_16,0.9088207851039017,85.20194860349079,77.88846676509166,459.1773594299929,489.94045767029223,169.62668490220346,0.9141661022887225,0.9131200340536457,155.77693353018333,5.349076896532849,True
lift_and_cruse,cruise_17,0.9088207851039017,85.20194860349079,77.88766280037167,459.1759823576077,489.93873644379494,169.62486234680281,0.9141535384693777,0.9141535384693777,155.77532560074334,5.349076896532849,True
lift_and_cruse,cruise_17,0.908762501880398,85.19648455128731,77.88763193761214,459.1725897744402,489.9355306180141,169.62607714358876,0.9142119601004564,0.9141600853326443,155.77526387522428,5.353203193703581,True
lift_and_cruse,cruise_17,0.9085991958171827,85.18117460786087,77.88764298202788,459.16305887014755,489.9265633837928,169.62970269804904,0.9143768388336139,0.9141796244107778,155.77528596405577,5.364764821455402,True
lift_and_cruse,cruise_17,0.9083632115002178,85.15905107814542,77.887644993445,459.1492856061397,489.91359967775355,169.6349119662607,0.9146150368878114,0.9142076985439127,155.77528998689,5.381471857618002,True
lift_and_cruse,cruise_17,0.9081012883911266,85.13449578666811,77.8876444442969,459.1339934693019,489.89920599859556,169.64069001727884,0.9148795296526352,0.9142388379990057,155.7752888885938,5.400015268781029,True
lift_and_cruse,cruise_17,0.907865303575737,85.11237221022535,77.88764397314479,459.12021064362466,489.8862336200345,169.64589817310727,0.915117960896248,0.9142669061372113,155.77528794628958,5.4167223049436295,True
lift_and_cruse,cruise_17,0.9077019968787584,85.0970622073836,77.8876436090543,459.1106698216809,489.87725415931385,169.64950349598007,0.9152830328635825,0.9142863361819341,155.7752872181086,5.42828393269545,True
lift_and_cruse,cruise_17,0.9076437133660867,85.09159812807063,77.88764353965111,459.107264168694,489.87404898370835,169.65079060633863,0.9153419615189701,0.9142932727622938,155.77528707930222,5.432410229866182,True
lift_and_cruse,cruise_18,0.9076437133660867,85.09159812807063,77.88683242148312,459.1058870261807,489.8723249795366,169.64895163185693,0.9153292937897172,0.9153292937897172,155.77366484296624,5.432410229866182,True
lift_and_cruse,cruise_18,0.9075854304590688,85.0861341055377,77.8868328276511,459.10248092292636,489.86911961239525,169.65023991995983,0.915388233996097,0.9153362446598998,155.7736656553022,5.436536527036914,True
lift_and_cruse,cruise_18,0.9074221253070974,85.07082424754039,77.8868320471776,459.0929361267327,489.86013677896824,169.65384600936108,0.9155533989302103,0.9153557010681667,155.7736640943552,5.4480981547887355,True
lift_and_cruse,cruise_18,0.9071861423261236,85.0487008430741,77.88683176749986,459.0791392182744,489.8471530421425,169.65906067807103,0.9157921845317937,0.91538383645587,155.7736635349997,5.464805190951336,True
lift_and_cruse,cruise_18,0.9069242207000656,85.02414569063114,77.8868317626839,459.06382008980137,489.83273765248657,169.66485172617814,0.9160573662426281,0.9154150816591159,155.7736635253678,5.483348602114362,True
lift_and_cruse,cruise_18,0.9066882372184142,85.00202223922633,77.8868319297181,459.0500129075635,489.81974573606476,169.67007192475248,0.916296420429653,0.9154432468828235,155.7736638594362,5.5000556382769625,True
lift_and_cruse,cruise_18,0.9065249314427676,84.98671232275946,77.88683205203822,459.04045521780375,489.8107527609959,169.6736856846156,0.9164619242988451,0.9154627446765419,155.77366410407643,5.511617266028783,True
lift_and_cruse,cruise_18,0.9064666482586259,84.98124827424617,77.88683208915995,459.0370435604813,489.8075427504402,169.67497565459243,0.9165210063675269,0.9154697046211601,155.7736641783199,5.515743563199516,True
lift_and_cruse,cruise_19,0.9064666482586259,84.98124827424617,77.88601087379227,459.0356670514528,489.8058154611227,169.67311358196056,0.916508199814191,0.916508199814191,155.77202174758455,5.515743563199516,True
lift_and_cruse,cruise_19,0.9064083656882997,84.9757842832781,77.88601087392473,459.0322550665063,489.8026051728877,169.67440357833274,0.9165672874754898,0.9165151678731125,155.77202174784946,5.519869860370248,True
lift_and_cruse,cruise_19,0.9062450614779333,84.96047451355624,77.88601087452378,459.02269333099105,489.7936088735587,169.67801876521818,0.9167328880707869,0.9165346957072779,155.77202174904755,5.5314314881220685,True
lift_and_cruse,cruise_19,0.9060090798555874,84.93835123646132,77.88601087388793,459.00887214496777,489.78060553271825,169.68324467308386,0.9169722937341033,0.9165629240300172,155.77202174777585,5.548138524284669,True
lift_and_cruse,cruise_19,0.9057471597363512,84.91379622528294,77.88601087389853,458.9935261404952,489.7661683297145,169.68904750735445,0.9172381606421708,0.9165942686849179,155.77202174779706,5.566681935447695,True
lift_and_cruse,cruise_19,0.9055111776119424,84.8916729011196,77.88601087404622,458.9796947813957,489.75315672905424,169.69427794505694,0.9174778306947978,0.9166225214760747,155.77202174809244,5.583388971610296,True
lift_and_cruse,cruise_19,0.9053478727755139,84.87636307270442,77.8860108738841,458.9701203606796,489.7441501296015,169.69789877661574,0.917643760957818,0.9166420798005713,155.7720217477682,5.594950599362117,True
lift_and_cruse,cruise_19,0.9052895899265632,84.8708990556153,77.88601087388369,458.9667027302377,489.74093525741483,169.69919128557015,0.9177029953375149,0.9166490614314853,155.77202174776738,5.599076896532849,True
lift_and_cruse,cruise_20,0.9052895899265632,84.8708990556153,77.88518764054703,458.96532490656523,489.7392060555375,169.6973244250745,0.9176901447631833,0.9176901447631833,155.77037528109406,5.599076896532849,True
lift_and_cruse,cruise_20,0.9052313076929862,84.86543509621747,77.88518760609206,458.9619069478195,489.7359909061522,169.69861696678555,0.9177493847899322,0.9176971345775128,155.77037521218412,5.603203193703581,True
lift_and_cruse,cruise_20,0.9050680044259228,84.85012541493028,77.8851876271337,458.95232844558245,489.72698100502737,169.7022395463028,0.9179154138115269,0.9177167247833858,155.7703752542674,5.614764821455402,True
lift_and_cruse,cruise_20,0.9048320241661538,84.82800226557691,77.88518762534616,458.9384830354889,489.71395800214066,169.70747607287004,0.9181554386347992,0.9177450429011866,155.77037525069233,5.631471857618002,True
lift_and_cruse,cruise_20,0.9045701055585609,84.80344739611508,77.88518762352334,458.92311014100125,489.6994989732193,169.71329069517887,0.9184219933217399,0.9177764872483878,155.77037524704667,5.650015268781029,True
lift_and_cruse,cruise_20,0.9043341247954604,84.7813241995744,77.88518762188541,458.9092545517461,489.6864677057209,169.71853175633385,0.9186622835540352,0.9178048298883577,155.77037524377081,5.6667223049436295,True
lift_and_cruse,cruise_20,0.9041708209007343,84.76601445944384,77.88518762081651,458.8996633614289,489.67744749514736,169.72215994201255,0.918828643284017,0.9178244504112621,155.77037524163302,5.67828393269545,True
lift_and_cruse,cruise_20,0.9041125383878035,84.76055047385658,77.8851876204596,458.89623974565,489.67422776494413,169.72345507588776,0.918888030994885,0.9178314542435114,155.7703752409192,5.682410229866182,True
lift_and_cruse,cruise_21,0.9041125383878035,84.76055047385658,77.88436274675618,458.89486051375343,489.6724967141406,169.72158429406252,0.9188751407981902,0.9188751407981902,155.76872549351236,5.682410229866182,True
lift_and_cruse,cruise_21,0.9040542564933145,84.75508654624824,77.88436041041774,458.891437122293,489.6692763130634,169.7228742423405,0.9189345070292005,0.9188821245970422,155.76872082083548,5.686536527036914,True
lift_and_cruse,cruise_21,0.9038909541755613,84.73977695395887,77.88436067632793,458.8818417893999,489.6602528417439,169.72650473749025,0.9191009688016206,0.9189017801509056,155.76872135265586,5.6980981547887355,True
lift_and_cruse,cruise_21,0.9036549752868772,84.71765393314475,77.88436061088483,458.8679721563324,489.6472101557907,169.73175175525964,0.9193416144401357,0.9189301875818855,155.76872122176965,5.714805190951336,True
lift_and_cruse,cruise_21,0.9033930582007189,84.6930992063174,77.88436049505815,458.8525723845329,489.6327292693867,169.737577915336,0.9196088581791144,0.9189617304977895,155.7687209901163,5.733348602114362,True
lift_and_cruse,cruise_21,0.903157078808086,84.67097613825806,77.88436038234559,458.83869257861585,489.61967830509576,169.74282935479727,0.9198497696373976,0.9189901618678739,155.76872076469118,5.7500556382769625,True
lift_and_cruse,cruise_21,0.9029937758616062,84.6556664870256,77.88436030396936,458.8290846282207,489.61064446251225,169.74646472304045,0.9200165595493348,0.9190098438047365,155.76872060793872,5.761617266028783,True
lift_and_cruse,cruise_21,0.9029354936870688,84.6502025331627,77.88436027978305,458.82565502955197,489.60741986751157,169.74776242957384,0.9200761008934123,0.9190168696068968,155.7687205595661,5.765743563199516,True
lift_and_cruse,cruise_22,0.9029354936870688,84.6502025331627,77.88353420266955,458.8242742832568,489.6056870411187,169.74588871596646,0.9200631761295315,0.9200631761295315,155.7670684053391,5.765743563199516,True
lift_and_cruse,cruise_22,0.9028772121299903,84.64473863718659,77.88353420288372,458.82084434203597,489.6024621790634,169.747186589698,0.9201227238659597,0.9200702109145074,155.76706840576745,5.769869860370248,True
lift_and_cruse,cruise_22,0.9027139107580889,84.62942913357084,77.88353420288793,458.81123229146283,489.5934250424856,169.75082384946157,0.9202896140294016,0.9200899257293744,155.76706840577586,5.7814314881220685,True
lift_and_cruse,cruise_22,0.9024779332359079,84.60730624086636,77.88353420290025,458.7973383901732,489.5803626847084,169.7560816644681,0.9205308844306888,0.9201184243399211,155.7670684058005,5.798138524284669,True
lift_and_cruse,cruise_22,0.902216017665381,84.58275165612946,77.8835342035229,458.78191166742397,489.5658599699868,169.7619199231292,0.9207988227588166,0.9201500690934254,155.7670684070458,5.816681935447695,True
lift_and_cruse,cruise_22,0.9019800396373036,84.56062871599721,77.88353420288962,458.76800757456687,489.5527893380042,169.76718228343645,0.9210403606304594,0.9201785923405854,155.76706840577924,5.833388971610296,True
lift_and_cruse,cruise_22,0.9018167376345622,84.54531915324021,77.88353420313287,458.75838281506617,489.54374188383935,169.77082521346543,0.9212075843364268,0.9201983378896424,155.76706840626574,5.844950599362117,True
lift_and_cruse,cruise_22,0.9017584557967325,84.53985523094367,77.8835342028888,458.7549472179756,489.54051242992887,169.77212560942112,0.9212672805066043,0.9202053863456744,155.7670684057776,5.849076896532849,True
lift_and_cruse,cruise_23,0.9017584557967325,84.53985523094367,77.88270396732467,458.7535656671441,489.53877731680984,169.77024223030034,0.9212542859763266,0.9212542859763266,155.76540793464935,5.849076896532849,True
lift_and_cruse,cruise_23,0.9017001745794978,84.53439136682792,77.88270396733145,458.75012973359003,489.5355475915692,169.771542736254,0.9213139882602875,0.9212613431417521,155.7654079346629,5.853203193703581,True
lift_and_cruse,cruise_23,0.901536874159625,84.51908195246484,77.88270396739728,458.74050089174244,489.5264968280256,169.77518737376568,0.9214813116242018,0.9212811206827649,155.76540793479455,5.864764821455402,True
lift_and_cruse,cruise_23,0.9013008980126531,84.49695918868623,77.88270396733444,458.72658272385473,489.51341477677374,169.78045585207443,0.9217232084340917,0.9213097099582396,155.76540793466887,5.881471857618002,True
lift_and_cruse,cruise_23,0.9010389839677911,84.47240474698042,77.88270396740234,458.711129063804,489.4988902012154,169.7863059485237,0.9219918425964284,0.9213414553710779,155.76540793480467,5.900015268781029,True
lift_and_cruse,cruise_23,0.9008030073136536,84.45028193565503,77.88270396773696,458.6972006977468,489.4857998711623,169.79157898078424,0.9222340079323504,0.9213700693584663,155.76540793547392,5.9167223049436295,True
lift_and_cruse,cruise_23,0.9006397062613559,84.43497246200212,77.8827039676077,458.68755913915425,489.47673878400343,169.7952292954171,0.9224016661346955,0.9213898777062457,155.7654079352154,5.92828393269545,True
lift_and_cruse,cruise_23,0.9005814247626658,84.42950857149991,77.88270396826815,458.68411754593876,489.47350446444875,169.79653232960703,0.9224615174445833,0.9213969485910868,155.7654079365363,5.932410229866182,True
lift_and_cruse,cruise_24,0.9005814247626658,84.42950857149991,77.88187137041022,458.6827347560243,489.47176737191046,169.79464337552608,0.92244847433235,0.92244847433235,155.76374274082045,5.932410229866182,True
lift_and_cruse,cruise_24,0.9005231438863432,84.42404473934468,77.8818713704111,458.6792928265723,489.46853278088855,169.79594651766791,0.9225083317673196,0.9224555539519227,155.7637427408222,5.936536527036914,True
lift_and_cruse,cruise_24,0.9003598444214923,84.4087354145149,77.88187137043548,458.6696471836166,489.45946838298653,169.79959854252758,0.9226760900155402,0.9224753944173993,155.76374274087095,5.9480981547887355,True
lift_and_cruse,cruise_24,0.9001238696540571,84.38661278006785,77.88187137040897,458.65570473484354,489.4463666276094,169.80487769860966,0.9229186156724788,0.9225040746476874,155.76374274081795,5.964805190951336,True
lift_and_cruse,cruise_24,0.899861957139663,84.3620584818434,77.88187137041449,458.6402241215243,489.43182017943934,169.8107396497617,0.9231879483828678,0.9225359210463093,155.76374274082897,5.983348602114362,True
lift_and_cruse,cruise_24,0.8996259818637947,84.33993579973075,77.88187137115908,458.62627146810297,489.4187101405205,169.81602336695755,0.9234307436190463,0.9225646260558975,155.76374274231816,6.0000556382769625,True
lift_and_cruse,cruise_24,0.8994626817649378,84.32462641546292,77.88187137041402,458.6166131005724,489.4096354129124,169.819681075506,0.9235988380066681,0.9225844973993215,155.76374274082804,6.011617266028783,True
lift_and_cruse,cruise_24,0.8994044006064574,84.31916255685539,77.88187137133669,458.6131655078491,489.4063962249564,169.8209867499973,0.9236588450527812,0.9225915907764654,155.76374274267337,6.015743563199516,True
lift_and_cruse,cruise_25,0.8994044006064574,84.31916255685539,77.88103639865439,458.61178148012755,489.40465714876404,169.81909219013178,0.9236457530770673,0.9236457530770673,155.76207279730878,6.015743563199516,True
lift_and_cruse,cruise_25,0.8993461200721287,84.31369875676207,77.88103639858294,458.60833355125675,489.40141768930215,169.82039797183268,0.9237057662664485,0.9236528552215136,155.76207279716587,6.019869860370248,True
lift_and_cruse,cruise_25,0.8991828215653257,84.29838952174929,77.88103639870141,458.59867109724485,489.3923396496431,169.82405739422137,0.9238739610943405,0.9236727588136507,155.76207279740282,6.0314314881220685,True
lift_and_cruse,cruise_25,0.8989468481818041,84.27626701704415,77.88103639868851,458.5847043532491,489.3792181793995,169.82934724230157,0.9241171180477816,0.9237015302883458,155.76207279737702,6.048138524284669,True
lift_and_cruse,cruise_25,0.8986849372027351,84.25171286275642,77.88103639881851,458.56919677067674,489.3646498467161,169.83522106444212,0.9243871520304607,0.9237334779969603,155.76207279763702,6.066681935447695,True
lift_and_cruse,cruise_25,0.8984489633095158,84.22959031026711,77.88103639949152,458.5552198156272,489.35152008808154,169.84051547978322,0.9246305796163673,0.9237622743129796,155.76207279898304,6.083388971610296,True
lift_and_cruse,cruise_25,0.89828566416713,84.21428101566843,77.88103639918593,458.5455446289446,489.3424317127464,169.84418059454893,0.9247991119023401,0.9237822088659455,155.76207279837186,6.094950599362117,True
lift_and_cruse,cruise_25,0.8982273833499409,84.20881718905694,77.88103639869063,458.542091033558,489.3391876534351,169.84548890906257,0.9248592752719405,0.923789324786356,155.76207279738125,6.099076896532849,True
lift_and_cruse,cruise_26,0.8982273833499409,84.20881718905694,77.88019903864013,458.5407057693107,489.33744658934984,169.84358871253846,0.9248461341499589,0.9248461341499589,155.76039807728026,6.099076896532849,True
lift_and_cruse,cruise_26,0.8981691031586974,84.20335342112787,77.88019903862492,458.5372518374332,489.33420225880644,169.84489713762812,0.9249063037026055,0.9248532588927599,155.76039807724985,6.103203193703581,True
lift_and_cruse,cruise_26,0.8980058056130041,84.18804427621913,77.8801990386877,458.5275725624292,489.3251105698962,169.84856396711686,0.9250749368108988,0.9248732258111638,155.7603980773754,6.114764821455402,True
lift_and_cruse,cruise_26,0.8977698336178203,84.16592190167064,77.88019903863547,458.51358150879855,489.3119693739729,169.85386452141074,0.9253187275226223,0.9249020888208582,155.76039807727093,6.131471857618002,True
lift_and_cruse,cruise_26,0.8975079241789895,84.14136789178028,77.88019903871489,458.49804694098435,489.2973791447377,169.8597502300676,0.925589465511619,0.9249341381607202,155.76039807742978,6.150015268781029,True
lift_and_cruse,cruise_26,0.8972719516728461,84.11924546932933,77.88019903935476,458.48404566983584,489.2842296555598,169.86505535800205,0.9258335279155987,0.9249630260751747,155.76039807870953,6.1667223049436295,True
lift_and_cruse,cruise_26,0.8971086534899971,84.10393626468723,77.88019903893115,458.4743536541165,489.2751276248956,169.8687278876648,0.9260024998026617,0.92498302403263,155.7603980778623,6.17828393269545,True
lift_and_cruse,cruise_26,0.8970503730151934,84.09847247017439,77.88019903901109,458.47089405201285,489.27187869189254,169.87003885027698,0.9260628201297835,0.9249901625929553,155.76039807802218,6.182410229866182,True
lift_and_cruse,cruise_27,0.8970503730151934,84.09847247017439,77.87935927586413,458.4695075532838,489.27013563512355,169.8681329789701,0.9260496295397534,0.9260496295397534,155.75871855172826,6.182410229866182,True
lift_and_cruse,cruise_27,0.8969920931681403,84.09300873451316,77.87935927657729,458.46604761466244,489.26688643093445,169.8694440525222,0.9261099560741117,0.9260567769614384,155.75871855315458,6.186536527036914,True
lift_and_cruse,cruise_27,0.8968287965866515,84.07769967999857,77.87935927659214,458.45635150863575,489.2577810852596,169.87311829908234,0.9262790291742371,0.9260768074086222,155.75871855318428,6.1980981547887355,True
lift_and_cruse,cruise_27,0.8965928259842789,84.05557743602616,77.87935927659511,458.4423361308413,489.2446201528022,169.87842957419736,0.9265234561205281,0.9261057622470984,155.75871855319022,6.214805190951336,True
lift_and_cruse,cruise_27,0.8963309180906524,84.03102357099866,77.87935927658623,458.4267745616728,489.2300080149262,169.884327185275,0.9267949008656824,0.9261379135426818,155.75871855317246,6.233348602114362,True
lift_and_cruse,cruise_27,0.8960949469760623,84.00890127900583,77.8793592765858,458.41274896002693,489.21683878419867,169.8896430388438,0.927039600561191,0.9261668933409626,155.7587185531716,6.2500556382769625,True
lift_and_cruse,cruise_27,0.8959316497558479,83.99359216461075,77.87935927743963,458.40304010486443,489.20772309089574,169.8933229965565,0.9272090137841777,0.9261869549229487,155.75871855487927,6.261617266028783,True
lift_and_cruse,cruise_27,0.8958733696245346,83.9881284023001,77.87935927785135,458.3995744925046,489.20446928146185,169.8946366102787,0.9272694916794649,0.9261941161925727,155.7587185557027,6.265743563199516,True
lift_and_cruse,cruise_28,0.8958733696245346,83.9881284023001,77.8785170978799,458.3981867608608,489.2027242275598,169.89272503058046,0.927256251322143,0.927256251322143,155.7570341957598,6.265743563199516,True
lift_and_cruse,cruise_28,0.8958150901227877,83.98266469901135,77.87851709877515,458.39472081202865,489.1994701469344,169.89403875492243,0.9273167354453739,0.9272634214885428,155.7570341975503,6.269869860370248,True
lift_and_cruse,cruise_28,0.8956517945086322,83.96735573518427,77.87851709879915,458.38500786488083,489.1903511369441,169.89772042867588,0.9274862502582177,0.9272835156685767,155.7570341975983,6.2814314881220685,True
lift_and_cruse,cruise_28,0.895415825303592,83.94523362221175,77.87851709878491,458.3709681483522,489.1771704570027,169.9030424388982,0.9277313159262184,0.9273125626289299,155.75703419756982,6.298138524284669,True
lift_and_cruse,cruise_28,0.89515391896019,83.92067990251782,77.87851709878659,458.35537956159476,489.1625363983466,169.90895196867234,0.9280034701932514,0.927344816207913,155.75703419757318,6.316681935447695,True
lift_and_cruse,cruise_28,0.8949179492416749,83.89855774140703,77.87851709884407,458.34132961466076,489.1493474152233,169.91427856393702,0.9282488096821564,0.927373888192935,155.75703419768814,6.333388971610296,True
lift_and_cruse,cruise_28,0.8947546529872266,83.88324871755249,77.87851709878912,458.33160391044584,489.14021805130494,169.9179659547631,0.9284186659421912,0.9273940135761375,155.75703419757824,6.344950599362117,True
lift_and_cruse,cruise_28,0.8946963732005228,83.877784987549,77.87851709878531,458.32813228439034,489.1369593625978,169.91928222147965,0.9284793020134648,0.9274011976185449,155.75703419757062,6.349076896532849,True
lift_and_cruse,cruise_29,0.8946963732005228,83.877784987549,77.87767249133073,458.32674332067023,489.13521230764394,169.91736490672776,0.9284660116250184,0.9284660116250184,155.75534498266146,6.349076896532849,True
lift_and_cruse,cruise_29,0.8946380940452106,83.87232131673849,77.87767249123755,458.3232713582889,489.1319533476656,169.91868128277977,0.9285266539399802,0.9284732045945157,155.7553449824751,6.353203193703581,True
lift_and_cruse,cruise_29,0.8944747994015505,83.85701244389534,77.87767249133239,458.31354155986446,489.1228206657644,169.92237039389948,0.9286966121954241,0.9284933627124904,155.75534498266478,6.364764821455402,True
lift_and_cruse,cruise_29,0.8942388315984128,83.8348904623512,77.87767249132943,458.2994774899261,489.1096202273403,169.92770315380173,0.9289423190863972,0.928522502090447,155.75534498265887,6.381471857618002,True
lift_and_cruse,cruise_29,0.8939769268103078,83.81033688846637,77.87767249155745,458.2838618692273,489.09496423571255,169.93362461888125,0.9292151856568152,0.9285548582835198,155.7553449831149,6.400015268781029,True
lift_and_cruse,cruise_29,0.8937409584924388,83.78821485866615,77.87767249172632,458.2697875622876,489.08175548916955,169.93896197049727,0.9294611674462785,0.9285840227516146,155.75534498345263,6.4167223049436295,True
lift_and_cruse,cruise_29,0.8935776632069198,83.77290592564873,77.87767249135631,458.26004499869214,489.07261244709497,169.9426568058499,0.9296314684865458,0.9286042121480624,155.75534498271261,6.42828393269545,True
lift_and_cruse,cruise_29,0.8935193837659537,83.76744222805816,77.87767249132305,458.25656735521164,489.06934887645184,169.94397573002988,0.9296922633583221,0.9286114190410936,155.7553449826461,6.432410229866182,True
lift_and_cruse,cruise_30,0.8935193837659537,83.76744222805816,77.87682544019334,458.2551771615727,489.06759981556456,169.94205264097985,0.9296789226078155,0.9296789226078155,155.7536508803867,6.432410229866182,True
lift_and_cruse,cruise_30,0.8934611049582162,83.76197858983276,77.87682544019422,458.2516991817472,489.0643359736918,169.94337167479225,0.9297397237474239,0.9296861384670718,155.75365088038845,6.436536527036914,True
lift_and_cruse,cruise_30,0.8932978112882466,83.74666980827311,77.87682544020524,458.2419525218862,489.05518961220076,169.94706823299958,0.929910127181758,0.9297063607263546,155.75365088041048,6.4480981547887355,True
lift_and_cruse,cruise_30,0.8930618448916287,83.7245479585902,77.87682544032329,458.2278640837629,489.04196940424373,169.9524117573965,0.9301564778109472,0.9297355928200421,155.75365088064657,6.464805190951336,True
lift_and_cruse,cruise_30,0.8927999416639484,83.69999453099516,77.87682544019466,458.21222141287075,489.02729146724033,169.95834517263825,0.9304300594711652,0.9297680519495137,155.75365088038933,6.483348602114362,True
lift_and_cruse,cruise_30,0.8925639747513465,83.67787263293874,77.87682544019296,458.1981227312071,489.01406294612985,169.9636932945574,0.930676686077384,0.9297973091942422,155.75365088038592,6.5000556382769625,True
lift_and_cruse,cruise_30,0.8924006804379552,83.66256379105829,77.87682544020099,458.1883632978244,489.0049062183307,169.96739558611458,0.9308474336513111,0.9298175628181837,155.75365088040198,6.511617266028783,True
lift_and_cruse,cruise_30,0.892342401343868,83.65710012598764,77.87682544147125,458.1848796329451,489.0016377632382,169.96871717439313,0.9309083879626769,0.9298247926518114,155.7536508829425,6.515743563199515,True
lift_and_cruse,cruise_31,0.892342401343868,83.65710012598764,77.875975928957,458.183488211905,488.99988669126657,169.9667882683286,0.9308949964997093,0.9308949964997093,155.751951857914,6.515743563199515,True
lift_and_cruse,cruise_31,0.8922841228848583,83.65163652045545,77.87597593127028,458.18000421045167,488.99661796514056,169.96810996854694,0.9309559571137406,0.9309022353499145,155.75195186254055,6.519869860370248,True
lift_and_cruse,cruise_31,0.8921208301918067,83.63632783048187,77.87597593134592,458.1702406788662,488.98745791638817,169.97181398429257,0.9311268074759291,0.9309225219586084,155.75195186269184,6.5314314881220685,True
lift_and_cruse,cruise_31,0.8918848652063757,83.61420611309772,77.87597593126776,458.15612785780394,488.9742179277082,169.97716828708693,0.9313738043665667,0.9309518470622465,155.75195186253552,6.548138524284669,True
lift_and_cruse,cruise_31,0.8916229635442983,83.58965283227796,77.87597593130829,458.1404581201139,488.9595180330456,169.9831136699291,0.9316481039307897,0.9309844094657399,155.75195186261658,6.566681935447695,True
lift_and_cruse,cruise_31,0.8913869980416295,83.56753106640276,77.87597593236752,458.1263350485681,488.9462697264179,169.98847257959784,0.9318953779011939,0.9310137598008738,155.75195186473505,6.583388971610296,True
lift_and_cruse,cruise_31,0.8912237047035915,83.5522223159617,77.87597593257865,458.1165587351423,488.9370993051298,169.99218233710852,0.9320665737609666,0.9310340778567723,155.7519518651573,6.594950599362117,True
lift_and_cruse,cruise_31,0.8911654259575363,83.54675868351903,77.87597593127497,458.1130690461074,488.93382596214974,169.9935065843034,0.932127688091953,0.9310413306565716,155.75195186254993,6.599076896532849,True
lift_and_cruse,cruise_32,0.8911654259575363,83.54675868351903,77.87512395029015,458.11167639766256,488.9320728757906,169.99157184260642,0.9321142456918831,0.9321142456918831,155.7502479005803,6.599076896532849,True
lift_and_cruse,cruise_32,0.8911071478484159,83.541295110789,77.87512395025264,458.10818637201146,488.928799261837,169.9928962022648,0.9321753663511003,0.9321215075489894,155.7502479005053,6.603203193703581,True
lift_and_cruse,cruise_32,0.8909438561355464,83.52598651270748,77.87512395029013,458.0984059584186,488.9196255180628,169.99660768546602,0.9323466653961981,0.9321418587130323,155.75024790058026,6.614764821455402,True
lift_and_cruse,cruise_32,0.8907078925660131,83.50386492806373,77.87512395028338,458.08426873944376,488.90636573750635,170.00197278194744,0.932594311091691,0.93217127712952,155.75024790056676,6.631471857618002,True
lift_and_cruse,cruise_32,0.8904459924747732,83.47931179450998,77.8751239502859,458.0685719184365,488.89164387270097,170.00793014823043,0.9328693313800257,0.9322039431371284,155.7502479005718,6.650015268781029,True
lift_and_cruse,cruise_32,0.8902100283867508,83.45719016125788,77.87512395149226,458.05442444227975,488.8783757691676,170.01329985828116,0.9331172552496098,0.9322333868511858,155.7502479029845,6.6667223049436295,True
lift_and_cruse,cruise_32,0.8900467360273352,83.44188150256268,77.87512395028213,458.0446312388432,488.86919164632764,170.01701708824208,0.9332889011391745,0.9322537695264181,155.75024790056426,6.67828393269545,True
lift_and_cruse,cruise_32,0.8899884576304764,83.43641790285717,77.8751239529697,458.0411355203991,488.8659134138287,170.01834401289852,0.9333501761980503,0.9322610454481701,155.7502479059394,6.682410229866182,True
lift_and_cruse,cruise_33,0.8899884576304764,83.43641790285717,77.87426948287394,458.039741647764,488.8641583074117,170.0164033861492,0.9333366824728834,0.9333366824728834,155.74853896574788,6.682410229866182,True
lift_and_cruse,cruise_33,0.8899301798724245,83.4309543630398,77.87426948285146,458.0362455936574,488.8608798032652,170.0177304142546,0.9333979638353307,0.933343967440597,155.74853896570292,6.686536527036914,True
lift_and_cruse,cruise_33,0.8897668891430276,83.41564585715884,77.87426948292125,458.02644828767666,488.85169235669355,170.0214493752648,0.9335697133296522,0.9333643833690743,155.7485389658425,6.6980981547887355,True
lift_and_cruse,cruise_33,0.8895309269941568,83.39352440570221,77.87426948286253,458.01228665582937,488.83841277297415,170.02682527989182,0.933818010381986,0.9333938953978548,155.74853896572506,6.714805190951336,True
lift_and_cruse,cruise_33,0.8892690284790344,83.36897141990947,77.87426948340203,457.9965627347114,488.82366892560697,170.03279464729437,0.9340937542386488,0.933426665350971,155.74853896680406,6.733348602114362,True
lift_and_cruse,cruise_33,0.8890330658104242,83.34684991972726,77.87426948308973,457.9823908393127,488.810381013582,170.03817516870907,0.9343423305466427,0.9334562027244665,155.74853896617947,6.7500556382769625,True
lift_and_cruse,cruise_33,0.888869774432924,83.33154135308664,77.87426948356463,457.9725807347214,488.8011831819092,170.04189988839957,0.9345144282758545,0.9334766502662909,155.74853896712926,6.761617266028783,True
lift_and_cruse,cruise_33,0.8888114963864383,83.3260777862286,77.87426948423254,457.969078984576,488.7979000560468,170.04322948051782,0.9345758646235726,0.9334839493096301,155.74853896846508,6.765743563199515,True
lift_and_cruse,cruise_34,0.8888114963864383,83.3260777862286,77.87341251450812,457.9676838885657,488.79614292566566,170.04128294226214,0.9345623193052572,0.9345623193052572,155.74682502901624,6.765743563199515,True
lift_and_cruse,cruise_34,0.8887532189806412,83.32061427943512,77.87341251444758,457.96418180229966,488.792859528523,170.0426126423444,0.9346237620033614,0.9345696274575563,155.74682502889516,6.769869860370248,True
lift_and_cruse,cruise_34,0.8885899292380455,83.30530586606676,77.87341251451444,457.9543675935218,488.7836583713158,170.04633909131536,0.9347959637211721,0.9345901083592103,155.74682502902888,6.7814314881220685,True
lift_and_cruse,cruise_34,0.8883539685146443,83.2831845482479,77.87341251451188,457.9401815337072,488.77035897312254,170.05172581912927,0.9350449146984564,0.9346197143040263,155.74682502902377,6.798138524284669,True
lift_and_cruse,cruise_34,0.888092071580979,83.25863171071678,77.87341251494018,457.92443049588644,488.7555931304889,170.05770720261955,0.9353213849678499,0.9346525885303942,155.74682502988037,6.816681935447695,True
lift_and_cruse,cruise_34,0.8878561103365893,83.23651034405525,77.87341251450475,457.91023416581,488.7422853988571,170.06309855338992,0.935570616303567,0.9346822198833984,155.7468250290095,6.833388971610296,True
lift_and_cruse,cruise_34,0.8876928199443326,83.22120186978118,77.87341251531417,457.9004071499212,488.7330738502467,170.06683077000775,0.9357431676381538,0.934702732484563,155.74682503062834,6.844950599362117,True
lift_and_cruse,cruise_34,0.887634542249408,83.215738335882,77.87341251450555,457.896899364209,488.729785828305,170.06816303448517,0.9358047659174467,0.9347100547310104,155.7468250290111,6.849076896532849,True
lift_and_cruse,cruise_35,0.887634542249408,83.215738335882,77.87255303031509,457.8955030466638,488.7280266692953,170.0662105484335,0.9357911686849355,0.9357911686849355,155.74510606063018,6.849076896532849,True
lift_and_cruse,cruise_35,0.887576265197063,83.21027486222467,77.87255303056853,457.89199492441884,488.7247383764086,170.06754292495876,0.935852773359312,0.9357985001012215,155.74510606113705,6.853203193703581,True
lift_and_cruse,cruise_35,0.8874129764446302,83.19496654168408,77.87255303060812,457.88216380237645,488.71552350068436,170.0712768721073,0.9360254290842965,0.9358190461859179,155.74510606121623,6.864764821455402,True
lift_and_cruse,cruise_35,0.8871770171515523,83.17284535795802,77.87255303062456,457.86795329945465,488.70220427661616,170.07667443787852,0.9362750365663451,0.9358487463501353,155.74510606124912,6.881471857618002,True
lift_and_cruse,cruise_35,0.8869151218047355,83.14829266919396,77.87255303085193,457.85217512811937,488.6874164260375,170.08266785375173,0.9365522361144664,0.9358817251860034,155.74510606170386,6.900015268781029,True
lift_and_cruse,cruise_35,0.8866791619894202,83.12617143650814,77.87255303090156,457.8379543480368,488.6740888634824,170.08807005014162,0.9368021250713048,0.9359114508302503,155.7451060618031,6.9167223049436295,True
lift_and_cruse,cruise_35,0.8865158725857689,83.11086305491582,77.87255303056939,457.8281104106813,488.6648635897617,170.09180977063895,0.9369751317847576,0.9359320286828611,155.74510606113878,6.92828393269545,True
lift_and_cruse,cruise_35,0.8864575952436047,83.10539955408794,77.87255303124125,457.8245965849474,488.66157066943384,170.09314471787266,0.9370368926707673,0.9359393742444981,155.7451060624825,6.932410229866182,True
lift_and_cruse,cruise_36,0.8864575952436047,83.10539955408794,77.87169101619945,457.8231990480736,488.65980947685443,170.0911862441958,0.9370232431831068,0.9370232431831068,155.7433820323989,6.932410229866182,True
lift_and_cruse,cruise_36,0.8863993185459235,83.09993611368031,77.87169101622781,457.81968488622226,488.65651628530367,170.09252129961607,0.9370850104669773,0.9370305979319763,155.74338203245563,6.936536527036914,True
lift_and_cruse,cruise_36,0.8862360307870457,83.08462788628555,77.87169101637157,457.8098368403563,488.64728768316417,170.09626275555365,0.9372581219940491,0.9370512094125255,155.74338203274314,6.9480981547887355,True
lift_and_cruse,cruise_36,0.886000072929194,83.06250683711194,77.87169101649818,457.79560187907805,488.63394862177864,170.10167117440304,0.9375083885757479,0.9370810041025541,155.74338203299635,6.964805190951336,True
lift_and_cruse,cruise_36,0.8857381791746672,83.03795429762505,77.87169101638774,457.779796557339,488.61913875049646,170.10767663891463,0.937786320283075,0.937114087885187,155.7433820327755,6.983348602114362,True
lift_and_cruse,cruise_36,0.8855022207933295,83.01583319937464,77.87169101736487,457.7655513118828,488.60579134560834,170.11308969686803,0.9380368694660187,0.9371439081317914,155.74338203472973,7.0000556382769625,True
lift_and_cruse,cruise_36,0.8853389323816745,83.00052491078199,77.87169101654833,457.7556904423323,488.59655233893494,170.11683693308333,0.9382103333668611,0.9371645514555812,155.74338203309665,7.011617266028783,True
lift_and_cruse,cruise_36,0.8852806553934812,82.99506144313887,77.87169101689784,457.7521705732277,488.59325451706246,170.11817456267022,0.9382722574808715,0.9371719203853968,155.74338203379568,7.015743563199515,True
lift_and_cruse,cruise_37,0.8852806553934812,82.99506144313887,77.87082645676168,457.75077181872587,488.5914912863446,170.1162100663803,0.9382585554215479,0.9382585554215479,155.74165291352335,7.015743563199515,True
lift_and_cruse,cruise_37,0.8852223790516885,82.98959803609579,77.87082645676881,457.7472516134451,488.5881931933242,170.11754780485316,0.9383204859604329,0.9382659335812576,155.74165291353762,7.019869860370248,True
lift_and_cruse,cruise_37,0.8850590922897889,82.9742899021677,77.8708264567735,457.73738663323036,488.5789508567606,170.12129677937844,0.9384940550894006,0.938286610666769,155.741652913547,7.0314314881220685,True
lift_and_cruse,cruise_37,0.8848231358721169,82.95216898801097,77.87082645676801,457.7231271983468,488.5655919464928,170.12671606572437,0.9387449833752175,0.9383165001862708,155.74165291353603,7.048138524284669,True
lift_and_cruse,cruise_37,0.884561243715371,82.92761659831604,77.87082645700387,457.7072947090333,488.55076004182195,170.13273359705917,0.9390236501472526,0.9383496892648141,155.74165291400774,7.066681935447695,True
lift_and_cruse,cruise_37,0.8843252867729653,82.90549563496549,77.8708264567752,457.6930249833645,488.537392782674,170.13815752672528,0.9392748621438899,0.9383796043940734,155.7416529135504,7.083388971610296,True
lift_and_cruse,cruise_37,0.8841619993567317,82.89018743969359,77.87082645917668,457.6831471701192,488.52814003569824,170.14191229745734,0.9394487850868651,0.9384003134479703,155.74165291835337,7.094950599362117,True
lift_and_cruse,cruise_37,0.8841037227237312,82.8847240053498,77.87082645792603,457.67962125414977,488.5248373091983,170.1432526102027,0.9395108730597993,0.9384077058058166,155.74165291585206,7.099076896532849,True
lift_and_cruse,cruise_38,0.8841037227237312,82.8847240053498,77.86995933618672,457.67822128425627,488.5230720353696,170.14128205113548,0.9394971180836716,0.9394971180836716,155.73991867237345,7.099076896532849,True
lift_and_cruse,cruise_38,0.8840454467390574,82.87926063178664,77.86995933700634,457.6746950315548,488.51976903816916,170.14262247826338,0.9395592125340791,0.9395045197407443,155.73991867401267,7.103203193703581,True
lift_and_cruse,cruise_38,0.8838821609775971,82.86395259164972,77.86995933703002,457.66481310631707,488.5105129591995,170.14637898212945,0.9397332410790635,0.9395252626463678,155.73991867406005,7.114764821455402,True
lift_and_cruse,cruise_38,0.8836462060050974,82.84183181297787,77.86995933699998,457.6505291824171,488.4971341884816,170.1518091512446,0.9399848336913974,0.9395552473048405,155.73991867399997,7.131471857618002,True
lift_and_cruse,cruise_38,0.8833843154516826,82.81727957359524,77.86995933699447,457.6346695085717,488.482280237443,170.15783876476337,0.9402642384335546,0.93958854201413,155.73991867398894,7.150015268781029,True
lift_and_cruse,cruise_38,0.8831483599531996,82.79515874561247,77.8699593377304,457.62037528675745,488.46889311280194,170.16327358612847,0.9405161158971005,0.9396185523616968,155.7399186754608,7.1667223049436295,True
lift_and_cruse,cruise_38,0.8829850735358483,82.77985064398578,77.86995933766062,457.61048052047676,488.45962661647513,170.16703588887412,0.9406904996332028,0.939639327287948,155.73991867532123,7.17828393269545,True
lift_and_cruse,cruise_38,0.8829267972592764,82.77438724305716,77.86995933799467,457.60694855307804,488.4563189830361,170.1683788957374,0.9407527521532197,0.9396467431899701,155.73991867598934,7.182410229866182,True
lift_and_cruse,cruise_39,0.8829267972592764,82.77438724305716,77.86908964181204,457.60554736916447,488.45455166176663,170.16640224204428,0.940738943958096,0.940738943958096,155.73817928362408,7.182410229866182,True
lift_and_cruse,cruise_39,0.8828685216329679,82.76892390309074,77.86908964175421,457.602015065627,488.4512437572155,170.16774535770824,0.9408012029494806,0.9407463691677418,155.73817928350843,7.186536527036914,True
lift_and_cruse,cruise_39,0.8827052368754371,82.75361595707223,77.86908964182308,457.5921161846685,488.44197392779006,170.17150940140547,0.9409756927325367,0.940767178107968,155.73817928364616,7.1980981547887355,True
lift_and_cruse,cruise_39,0.8824692833531527,82.73149531435807,77.86908964211682,457.5778077562063,488.42857528503373,170.1769504691691,0.9412279523104992,0.9407972582194031,155.73817928423364,7.214805190951336,True
lift_and_cruse,cruise_39,0.8822073944086658,82.70694322581241,77.86908964180572,457.56192088066064,488.41369927466934,170.18299218148366,0.9415080979498166,0.9408306589024263,155.73817928361143,7.233348602114362,True
lift_and_cruse,cruise_39,0.8819714403591478,82.6848225336701,77.86908964428211,457.5476021470195,488.4002922729943,170.18843791142572,0.9417606435305655,0.9408607647880024,155.73817928856423,7.2500556382769625,True
lift_and_cruse,cruise_39,0.8818081549441655,82.66951452601553,77.86908964180957,457.5376904169499,488.39101201923654,170.19220775680415,0.9419354898897456,0.9408816058019361,155.73817928361913,7.261617266028783,True
lift_and_cruse,cruise_39,0.8817498790252675,82.66405115861882,77.86908964180739,457.5341523947407,488.3876994756307,170.19355345715707,0.9419979075868269,0.9408890453006398,155.73817928361478,7.265743563199515,True
lift_and_cruse,cruise_40,0.8817498790252675,82.66405115861882,77.86821735558661,457.5327499988291,488.38593010210076,170.19157067070233,0.9419840458359596,0.9419840458359596,155.73643471117322,7.265743563199515,True
lift_and_cruse,cruise_40,0.881691603758585,82.65858785236735,77.86821735581871,457.5292116403477,488.3826172875164,170.19291648129166,0.9420464700356813,0.9419914946896183,155.73643471163743,7.269869860370248,True
lift_and_cruse,cruise_40,0.8815283200085027,82.64328000079712,77.86821735591676,457.51929579292647,488.3733336995346,170.19668807525855,0.9422214228879782,0.9420123698794421,155.7364347118335,7.2814314881220685,True
lift_and_cruse,cruise_40,0.881292367941529,82.62115949451835,77.86821735591467,457.50496284450577,488.35991517291677,170.20214005540421,0.9424743520728416,0.9420425457471141,155.73643471182933,7.298138524284669,True
lift_and_cruse,cruise_40,0.8810304806116164,82.59660755733904,77.86821735590955,457.4890487498454,488.34501709031747,170.20819388472876,0.9427552415599773,0.9420760527569939,155.7364347118191,7.316681935447695,True
lift_and_cruse,cruise_40,0.8807945280161621,82.5744870015152,77.8682173559104,457.4747054897912,488.33159019912074,170.213650528835,0.9430084578617144,0.9421062544389669,155.7364347118208,7.333388971610296,True
lift_and_cruse,cruise_40,0.8806312436070741,82.55917908816319,77.8682173574503,457.4647767836347,488.3222961809338,170.21742794193483,0.9431837687604373,0.9421271618367925,155.7364347149006,7.344950599362117,True
lift_and_cruse,cruise_40,0.8805729680471052,82.5537157544161,77.86821735730652,457.46123270271636,488.31897872429096,170.21877633996974,0.9432463522935375,0.9421346250115626,155.73643471461304,7.349076896532849,True
lift_and_cruse,cruise_41,0.8805729680471052,82.5537157544161,77.86734246388384,457.45982909719703,488.3172072933976,170.21678737902704,0.943232436629822,0.943232436629822,155.7346849277677,7.349076896532849,True
lift_and_cruse,cruise_41,0.8805146931413138,82.54825248199818,77.8673424636973,457.45628468008545,488.31388956575034,170.21813588668277,0.9432950266860326,0.9432399091957276,155.7346849273946,7.353203193703581,True
lift_and_cruse,cruise_41,0.880351410402239,82.5329447252099,77.8673424638813,457.4463518553887,488.30459221108055,170.2219150415591,0.9434704444492494,0.9432608508520548,155.7346849277626,7.364764821455402,True
lift_and_cruse,cruise_41,0.8801154597957083,82.51082435584766,77.86734246388593,457.4319943713177,488.29115378887786,170.22737794997747,0.9437240459074349,0.9432911227923133,155.73468492777187,7.381471857618002,True
lift_and_cruse,cruise_41,0.8798535740860752,82.48627257056955,77.86734246388129,457.4160530402577,488.2762336209028,170.23344391250527,0.9440056821974855,0.9433247364722782,155.73468492776257,7.400015268781029,True
lift_and_cruse,cruise_41,0.8796176229498115,82.46415215154482,77.86734246557248,457.40168523715494,488.2627868291162,170.23891149547515,0.9442595719394719,0.9433550343159078,155.73468493114495,7.4167223049436295,True
lift_and_cruse,cruise_41,0.8794543395501695,82.44884433282839,77.86734246431529,457.391739545667,488.25347903711616,170.24269647136398,0.9444353491438553,0.9433760082285588,155.73468492863057,7.42828393269545,True
lift_and_cruse,cruise_41,0.8793960643504002,82.44338103285001,77.86734246436038,457.38818940208967,488.2501566645747,170.24404757159814,0.944498099177055,0.9433834951608739,155.73468492872075,7.432410229866182,True
lift_and_cruse,cruise_42,0.8793960643504002,82.44338103285001,77.86646494971797,457.38678458861426,488.2483831717675,170.24205240156468,0.9444841292800902,0.9444841292800902,155.73292989943593,7.432410229866182,True
lift_and_cruse,cruise_42,0.8793377898067816,82.43791779438577,77.86646495008117,457.38323410877376,488.24506052830935,170.24340361225123,0.9445468858646946,0.9444916256479426,155.73292990016233,7.436536527036914,True
lift_and_cruse,cruise_42,0.8791745080823001,82.42261013271563,77.86646495012532,457.3732842960004,488.2357493987261,170.247190338079,0.9447227703868395,0.944512633985165,155.73292990025064,7.4480981547887355,True
lift_and_cruse,cruise_42,0.8789385589413978,82.40048990075604,77.86646495013717,457.35890226058063,488.2222910690991,170.25266419003157,0.9449770467951752,0.9445430023120401,155.73292990027434,7.464805190951336,True
lift_and_cruse,cruise_42,0.8786766748577953,82.37593826791831,77.86646495013206,457.3429336756772,488.20734880259084,170.2587423027133,0.9452594328625638,0.9445767230107917,155.7329299002641,7.483348602114362,True
lift_and_cruse,cruise_42,0.8784407251859084,82.35381798617891,77.86646495214022,457.32854131411494,488.1938820981029,170.26422083671144,0.9455139987110933,0.9446071173131393,155.73292990428044,7.5000556382769625,True
lift_and_cruse,cruise_42,0.8782774427992989,82.33851026243427,77.8664649509491,457.3185786257249,488.18456052457594,170.2680133924841,0.9456902441141478,0.9446281579942527,155.7329299018982,7.511617266028783,True
lift_and_cruse,cruise_42,0.878219167961008,82.33304699634449,77.86646495079727,457.31502241568774,488.1812332331316,170.26936719781892,0.945753161306331,0.9446356687569276,155.73292990159453,7.515743563199515,True
lift_and_cruse,cruise_43,0.878219167961008,82.33304699634449,77.86558479897329,457.31361639636526,488.1794576735109,170.26736577964738,0.945739136830809,0.945739136830809,155.73116959794658,7.515743563199515,True
lift_and_cruse,cruise_43,0.8781608937808562,82.32758379195526,77.86558479898093,457.3100598501171,488.1761301111457,170.26871969508622,0.9458020605965048,0.9457466570670716,155.73116959796187,7.519869860370248,True
lift_and_cruse,cruise_43,0.8779976130745856,82.31227622574241,77.86558479898054,457.3000930383369,488.16680519843675,170.2725140026737,0.945978413739243,0.9457677323046323,155.73116959796107,7.5314314881220685,True
lift_and_cruse,cruise_43,0.8777616654045443,82.29015613167601,77.86558479896445,457.28568643579996,488.1533269494768,170.27799881340218,0.9462333677883015,0.9457981973332084,155.7311695979289,7.548138524284669,True
lift_and_cruse,cruise_43,0.8774997829527735,82.26560465182251,77.86558479944574,457.26969057940886,488.1383625712951,170.28408909436186,0.94651650662912,0.9458320254072582,155.73116959889148,7.566681935447695,True
lift_and_cruse,cruise_43,0.8772638347504967,82.24348450785908,77.8655847989695,457.25527364423147,488.124875941676,170.28957858836287,0.9467717512472611,0.9458625164487704,155.731169597939,7.583388971610296,True
lift_and_cruse,cruise_43,0.8771005533805402,82.22817687942565,77.86558480036093,457.2452939473984,488.1155405788056,170.2933787403678,0.9469484667477527,0.9458836241487723,155.73116960072187,7.594950599362117,True
lift_and_cruse,cruise_43,0.8770422789050188,82.22271364734551,77.8655847991154,457.2417316672002,488.11220836534744,170.29473525256023,0.9470115517551015,0.9458911588085356,155.7311695982308,7.599076896532849,True
lift_and_cruse,cruise_44,0.8770422789050188,82.22271364734551,77.8646966367227,457.2403256984904,488.11042977967645,170.29271536313775,0.9469974071968034,0.9469974071968034,155.7293932734454,7.599076896532849,True
lift_and_cruse,cruise_44,0.8769840051035067,82.21725047845375,77.86469345578801,457.2367638273528,488.1070967295538,170.2940647532454,0.94706046010606,0.9470049111521577,155.72938691157603,7.603203193703581,True
lift_and_cruse,cruise_44,0.8768207254172266,82.20194300786498,77.86470507952633,457.22677728407007,488.0977600960693,170.29789308884207,0.9472374251278751,0.947026200517802,155.72941015905266,7.614764821455402,True
lift_and_cruse,cruise_44,0.8765847792237985,82.1798230522311,77.86469982583849,457.2123473283036,488.08426097958494,170.30337692528272,0.9474929956037599,0.9470566961199168,155.72939965167697,7.631471857618002,True
lift_and_cruse,cruise_44,0.8763228984162714,82.15527172652544,77.86469991780493,457.1963241618432,488.0692744929304,170.30947959824135,0.9477768913165456,0.9470906330705168,155.72939983560985,7.650015268781029,True
lift_and_cruse,cruise_44,0.8760869516990362,82.13315172178464,77.86469828359378,457.18188301908845,488.0557676354969,170.3149763571536,0.9480327975367644,0.9471212005344671,155.72939656718756,7.6667223049436295,True
lift_and_cruse,cruise_44,0.8759236713527025,82.11784418931587,77.8647035792113,457.1718850650155,488.04641941896347,170.31879615178616,0.9482100494407156,0.9471424424038293,155.7294071584226,7.67828393269545,True
lift_and_cruse,cruise_44,0.875865397239178,82.11238099117293,77.86470563388563,457.1683162295027,488.0430826474484,170.32016005344093,0.9482733279886437,0.9471500270578644,155.72941126777127,7.682410229866182,True
lift_and_cruse,cruise_45,0.875865397239178,82.11238099117293,77.86381652086581,457.16690865611605,488.0413022903851,170.3181377448195,0.9482591489977137,0.9482591489977137,155.72763304173162,7.682410229866182,True
lift_and_cruse,cruise_45,0.8758071237898767,82.10691785530094,77.86381652086467,457.1633399651382,488.0379648814631,170.3194970827567,0.9483224091392278,0.9482667172147727,155.72763304172935,7.686536527036914,True
lift_and_cruse,cruise_45,0.8756438451310216,82.09161048103327,77.86381652086476,457.1533391223859,488.02861237765904,170.32330658600986,0.9484997051452682,0.9482879269130513,155.72763304172952,7.6980981547887355,True
lift_and_cruse,cruise_45,0.875407900418573,82.06949066424121,77.86381652085574,457.13888333796075,488.0150942540857,170.3288133606171,0.9487560226065688,0.9483185862983166,155.72763304171147,7.714805190951336,True
lift_and_cruse,cruise_45,0.8751460212480937,82.04493949200878,77.86381652085342,457.122832886001,488.00008561234,170.33492802613225,0.9490406760105252,0.9483526301623147,155.72763304170684,7.733348602114362,True
lift_and_cruse,cruise_45,0.8749100760009022,82.02281962508458,77.8638165208593,457.1083667545696,487.98655909738386,170.34043949880467,0.9492972863827454,0.9483833157044143,155.7276330417186,7.7500556382769625,True
lift_and_cruse,cruise_45,0.8747467966752335,82.00751218830314,77.86381652086236,457.09835300931456,487.97719612969354,170.34425486041542,0.9494749476426708,0.948404558019543,155.72763304172472,7.761617266028783,True
lift_and_cruse,cruise_45,0.8746885229291723,82.0020490246099,77.86381652086364,457.09477857618225,487.97385406390407,170.34561680556988,0.9495383703375155,0.9484121407524818,155.72763304172727,7.765743563199515,True
lift_and_cruse,cruise_46,0.8746885229291723,82.0020490246099,77.86292836178622,457.09336895195753,487.97207227440157,170.34359640857036,0.9495241800411389,0.9495241800411389,155.72585672357243,7.765743563199515,True
lift_and_cruse,cruise_46,0.8746302498472807,81.99658592318256,77.86292836178184,457.08979418270116,487.9687299377363,170.3449584634862,0.9495876093802316,0.949531772366911,155.72585672356368,7.769869860370248,True
lift_and_cruse,cruise_46,0.8744669722176914,81.98127864540858,77.86292836177994,457.07977630788633,487.9593636258673,170.34877558061916,0.9497653796483269,0.9495530496270618,155.72585672355987,7.7814314881220685,True
lift_and_cruse,cruise_46,0.874231028992071,81.95915896800665,77.8629283617835,457.06529590853927,487.94582554688367,170.35429336039692,0.9500223829096919,0.9495838066700595,155.725856723567,7.798138524284669,True
lift_and_cruse,cruise_46,0.8739691514711493,81.93460795042024,77.8629283617762,457.04921813209876,487.93079475327943,170.36042024451427,0.9503077981471155,0.9496179589642484,155.7258567235524,7.816681935447695,True
lift_and_cruse,cruise_46,0.8737332077095293,81.91248822276837,77.86292836177783,457.03472737856896,487.9172482774634,170.36594272921678,0.9505650954966066,0.9496487422332969,155.72585672355567,7.833388971610296,True
lift_and_cruse,cruise_46,0.8735699294115591,81.89718088233366,77.86292836177955,457.0246965922972,487.90787149491575,170.36976571330845,0.9507432324867938,0.9496700521968734,155.7258567235591,7.844950599362117,True
lift_and_cruse,cruise_46,0.8735116560322101,81.89171775301969,77.86292836178585,457.0211160768997,487.9045244983617,170.37113037928646,0.9508068250327224,0.9496776590771501,155.7258567235717,7.849076896532849,True
lift_and_cruse,cruise_47,0.8735116560322101,81.89171775301969,77.86203751573944,457.01970525198215,487.9027406249099,170.3691036096786,0.950792578934133,0.950792578934133,155.7240750314789,7.849076896532849,True
lift_and_cruse,cruise_47,0.8734533833190629,81.88625468616213,77.86203750103051,457.0161244039115,487.8993933548728,170.37046835196037,0.9508561779691457,0.9508001952613083,155.72407500206103,7.853203193703581,True
lift_and_cruse,cruise_47,0.8732901067224914,81.87094750523356,77.86203750101981,457.0060894859129,487.8900132265353,170.3742930937131,0.9510344243995382,0.9508215403056726,155.72407500203963,7.864764821455402,True
lift_and_cruse,cruise_47,0.8730541649891111,81.84882796772918,77.86203750101777,456.99158445556105,487.8764551799855,170.37982189417372,0.9512921162093332,0.9508523953277216,155.72407500203553,7.881471857618002,True
lift_and_cruse,cruise_47,0.8727922891237697,81.8242771053534,77.86203749587753,456.9754793379623,487.8614022200999,170.38596100250103,0.9515782962717195,0.9508866563440398,155.72407499175506,7.900015268781029,True
lift_and_cruse,cruise_47,0.8725563468531439,81.80215751748223,77.86203750101852,456.9609639450121,487.84783577216444,170.39149452651674,0.9518362834162181,0.9509175377272132,155.72407500203704,7.9167223049436295,True
lift_and_cruse,cruise_47,0.8723930695866177,81.78685027374542,77.86203750102152,456.950916106556,487.83844516632206,170.39532514388375,0.9520148980448867,0.9509389155620913,155.72407500204304,7.92828393269545,True
lift_and_cruse,cruise_47,0.8723347965753179,81.78138717893606,77.86203750102193,456.9473295049085,487.83509323598867,170.3966925345138,0.952078661123146,0.9509465466691172,155.72407500204386,7.932410229866182,True
lift_and_cruse,cruise_48,0.8723347965753179,81.78138717893606,77.86114392215077,456.9459174883857,487.83330726831,170.39465928509915,0.9520643585048498,0.9520643585048498,155.72228784430155,7.932410229866182,True
lift_and_cruse,cruise_48,0.8722765242322712,81.77592414677542,77.86114392214613,456.94233055064893,487.82995506715287,170.3960267855104,0.9521281282763974,0.9520719992865929,155.72228784429225,7.936536527036914,True
lift_and_cruse,cruise_48,0.8721132486724914,81.76061706304607,77.86114392214611,456.93227857828606,487.820561113905,170.39985916272144,0.9523068527797698,0.9520934123388933,155.72228784429223,7.9480981547887355,True
lift_and_cruse,cruise_48,0.8718773084368228,81.73849766595214,77.86114392214242,456.9177489007646,487.80698308757485,170.40539899948564,0.9525652359012514,0.9521243656631188,155.72228784428484,7.964805190951336,True
lift_and_cruse,cruise_48,0.8716154342330991,81.71394695935304,77.86114392215039,456.90161642164713,487.791907949675,170.41155037275811,0.9528521839847325,0.952158735890878,155.72228784430078,7.983348602114362,True
lift_and_cruse,cruise_48,0.8713794934589112,81.69182751177291,77.86114392214103,456.8870763754764,487.77832151553196,170.41709492831245,0.9531108635680577,0.9521897155809057,155.72228784428205,8.000055638276962,True
lift_and_cruse,cruise_48,0.8712162172276089,81.67652036508834,77.86114392213517,456.8770114736183,487.7689170779127,170.42093318976194,0.953289957753447,0.9522111615108427,155.72228784427034,8.011617266028784,True
lift_and_cruse,cruise_48,0.8711579445857064,81.67105730490998,77.8611439221422,456.8734187817115,487.7655602107736,170.42230330893724,0.953353892049185,0.9522188169246872,155.7222878442844,8.015743563199516,True
lift_and_cruse,cruise_49,0.8711579445857064,81.67105730490998,77.86024760919518,456.8720055722588,487.763772146569,170.42026357397498,0.9533395327369423,0.9533395327369423,155.72049521839037,8.015743563199516,True
lift_and_cruse,cruise_49,0.8710996726141172,81.66559430757349,77.86024760929959,456.8684125442571,487.7604150086516,170.42163380317527,0.9534034737519176,0.9533471978680608,155.72049521859918,8.019869860370248,True
lift_and_cruse,cruise_49,0.8709363980949443,81.65028732140102,77.86024760925723,456.85834350631245,487.75100722199556,170.42547382656088,0.9535826782482537,0.9533686791521719,155.72049521851446,8.031431488122069,True
lift_and_cruse,cruise_49,0.87070045936249,81.62816806523344,77.86024760919638,456.84378916539265,487.73740920359734,170.43102471517042,0.9538417554586888,0.9533997311024642,155.72049521839276,8.048138524284669,True
lift_and_cruse,cruise_49,0.8704385868265078,81.6036175149851,77.8602476091407,456.8276293079265,487.7223118731075,170.43718835893728,0.9541294745863945,0.9534342108359503,155.7204952182814,8.066681935447695,True
lift_and_cruse,cruise_49,0.8702026475542715,81.58149820821296,77.86024760908549,456.813064591068,487.70870544136613,170.44274397334104,0.9543888494552597,0.9534652892225733,155.72049521817098,8.083388971610296,True
lift_and_cruse,cruise_49,0.8700393723620014,81.56619115893763,77.86024760906892,456.8029826145344,487.6992871634454,170.44658988973697,0.9545684251259368,0.9534868034724808,155.72049521813784,8.094950599362116,True
lift_and_cruse,cruise_49,0.8699811000908557,81.56072813351773,77.86024760904048,456.79938382835246,487.6959253564497,170.44796274124428,0.9546325313273075,0.9534944832729169,155.72049521808097,8.099076896532848,True
lift_and_cruse,cruise_50,0.8699811000908557,81.56072813351773,77.85934854356276,456.7979694286597,487.69413519033327,170.44591647582288,0.9546181149352221,0.9546181149352221,155.71869708712552,8.099076896532848,True
lift_and_cruse,cruise_50,0.8699228284920977,81.55526517113417,77.85934854356458,456.79437030641765,487.69077311257394,170.44728943720824,0.9546822278797882,0.9546258044935094,155.71869708712916,8.103203193703582,True
lift_and_cruse,cruise_50,0.8697595550173798,81.53995828287937,77.8593485435688,456.7842841915877,487.68135148399483,170.45113711784757,0.9548619143010526,0.954647354236177,155.7186970871376,8.114764821455402,True
lift_and_cruse,cruise_50,0.8695236177936997,81.51783916815936,77.85934854356884,456.7697051709233,487.6677334612107,170.45669907430099,0.9551216883946667,0.9546785051401979,155.71869708713768,8.131471857618003,True
lift_and_cruse,cruise_50,0.8692617469316282,81.49328877484014,77.8593485435619,456.75351791695033,487.65261392443983,170.46287500629077,0.9554101816712873,0.954713094743023,155.7186970871238,8.15001526878103,True
lift_and_cruse,cruise_50,0.8690258091669,81.47116960939688,77.85934854356763,456.7389285130252,487.6389874827513,170.46844169554157,0.9556702546262015,0.9547442721540688,155.71869708713527,8.16672230494363,True
lift_and_cruse,cruise_50,0.8688625350175063,81.4558626578912,77.85934854355996,456.7288294504843,487.6295553559664,170.47229527784185,0.9558503137213195,0.9547658549502266,155.71869708711992,8.17828393269545,True
lift_and_cruse,cruise_50,0.8688042631184895,81.45039966735837,77.859348543559,456.725224565968,487.62618860606625,170.47367086571896,0.955914592521429,0.954773559218732,155.718697087118,8.182410229866182,True
lift_and_cruse,cruise_51,0.8688042631184895,81.45039966735837,77.85844674752026,456.723808969495,487.6243963397938,170.47161811524904,0.9559001191493458,0.9559001191493458,155.71689349504052,8.182410229866182,True
lift_and_cruse,cruise_51,0.8687459918938635,81.4449367400497,77.85844681572698,456.72020373349494,487.6210293311128,170.47299396416236,0.9559644055329592,0.9559078340649119,155.71689363145396,8.186536527036914,True
lift_and_cruse,cruise_51,0.8685827194672648,81.42962995005607,77.85844680357344,456.71010053311056,487.6115938499499,170.47684928674767,0.9561445756792961,0.9559294523457694,155.7168936071469,8.198098154788735,True
lift_and_cruse,cruise_51,0.8683467837576965,81.40751097728405,77.85844678659568,456.6954968200314,487.59795580746845,170.48242229022537,0.9564050492667995,0.9559607023259553,155.71689357319136,8.214805190951335,True
lift_and_cruse,cruise_51,0.8680849145755185,81.38296074145487,77.85844676887238,456.67928215522005,487.5828140476064,170.48861048982164,0.956694319606795,0.9559954019480789,155.71689353774477,8.233348602114361,True
lift_and_cruse,cruise_51,0.8678489783237434,81.36084171785095,77.858446749402,456.6646680520799,487.56916758021174,170.49418822773893,0.9569550932355543,0.9560266784760938,155.716893498804,8.250055638276962,True
lift_and_cruse,cruise_51,0.8676857052210315,81.3455348644717,77.85844673553635,456.65455189519383,487.559721593592,170.49804945708354,0.9571356375435731,0.9560483298784291,155.7168934710727,8.261617266028784,True
lift_and_cruse,cruise_51,0.8676274336955069,81.34007190895377,77.85844673394274,456.6509409086334,487.5563498974399,170.49942778178146,0.9572000896198316,0.9560560586766745,155.71689346788548,8.265743563199516,True
lift_and_cruse,cruise_52,0.8676274336955069,81.34007190895377,77.85754247510842,456.64952405219617,487.55455557680494,170.4973691471201,0.95718556236749,0.95718556236749,155.71508495021683,8.265743563199516,True
lift_and_cruse,cruise_52,0.8675691628465803,81.3346090168669,77.85754208336665,456.6459128208497,487.5511835390866,170.49874668747466,0.9572500164077367,0.9571932959867567,155.7150841667333,8.269869860370248,True
lift_and_cruse,cruise_52,0.8674058914724915,81.31930232554608,77.85754203731209,456.63579252868715,487.5417341927279,170.50260961242216,0.9574306719564557,0.9572149827494719,155.71508407462417,8.281431488122069,True
lift_and_cruse,cruise_52,0.8671699572835483,81.29718349533265,77.85754192580154,456.62116412468606,487.5280761041619,170.50819350283774,0.9576918469079914,0.9572463311468951,155.71508385160308,8.298138524284669,True
lift_and_cruse,cruise_52,0.8669080897887463,81.27263341769496,77.8575418253866,456.6049220458614,487.5129120956562,170.5143938396137,0.9579818966452077,0.9572811403223882,155.7150836507732,8.316681935447695,True
lift_and_cruse,cruise_52,0.8666721550568217,81.25051453657703,77.85754174343059,456.590283237148,487.4992455822249,170.51998254282623,0.9582433732376288,0.9573125157392298,155.71508348686118,8.333388971610296,True
lift_and_cruse,cruise_52,0.8665088830056558,81.23520778178023,77.85754166844126,456.5801499854961,487.48978571859016,170.52385132240042,0.9584244041331582,0.9573342353702771,155.71508333688251,8.344950599362116,True
lift_and_cruse,cruise_52,0.8664506118553891,81.22974486144273,77.8575416383556,456.5765328989731,487.4864090683184,170.52523232747524,0.9584890298581653,0.9573419884407542,155.7150832767112,8.349076896532848,True
lift_and_cruse,cruise_53,0.8664506118553891,81.22974486144273,77.85663469703655,456.57511483157134,487.4846126521649,170.52316731090798,0.9584744458969392,0.9584744458969392,155.7132693940731,8.349076896532848,True
lift_and_cruse,cruise_53,0.8663923413834148,81.22428200469514,77.85663474459373,456.5714973914611,487.48123574487533,170.52454859827952,0.9585390793730746,0.9584822098193959,155.71326948918747,8.353203193703582,True
lift_and_cruse,cruise_53,0.8662290710653064,81.20897541237248,77.85663473320474,456.56135998026565,487.47177253693263,170.52841929151845,0.9587202231239933,0.9585039661626302,155.71326946640949,8.364764821455402,True
lift_and_cruse,cruise_53,0.8659931384015688,81.18685672514707,77.85663472003269,456.5467068246046,487.45809442404556,170.53401451772098,0.9589821046185328,0.9585354157387711,155.71326944006537,8.381471857618003,True
lift_and_cruse,cruise_53,0.8657312725985794,81.16230680611682,77.85663470727931,456.5304372742825,487.4429081832675,170.5402273921302,0.9592729389785785,0.9585703369840817,155.71326941455862,8.40001526878103,True
lift_and_cruse,cruise_53,0.8654953393900596,81.14018806781809,77.85663469354006,456.51577371331257,487.4292216345289,170.5458273710688,0.9595351229751485,0.9586018132743411,155.71326938708012,8.41672230494363,True
lift_and_cruse,cruise_53,0.8653320683926273,81.1248814118088,77.85663468410122,456.50562332632484,487.4197479077066,170.54970399660692,0.9597166439710583,0.9586236029617671,155.71326936820245,8.42828393269545,True
lift_and_cruse,cruise_53,0.8652737976183265,81.1194185267181,77.85663468287734,456.5020001226341,487.4163663103638,170.55108781430434,0.959781444743436,0.9586313811066471,155.71326936575468,8.432410229866182,True
lift_and_cruse,cruise_54,0.8652737976183265,81.1194185267181,77.8557244536213,456.5005809821668,487.41456768781654,170.5490150430303,0.9597667964969016,0.9597667964969016,155.7114489072426,8.432410229866182,True
lift_and_cruse,cruise_54,0.8652155275247895,81.11395570544902,77.85572450190757,456.49695743135834,487.41118582851095,170.55039908001572,0.9598316047049963,0.9597745851830068,155.71144900381515,8.436536527036914,True
lift_and_cruse,cruise_54,0.8650522582668396,81.09864921251622,77.85572449297925,456.48680289707954,487.40170874450274,170.55427747962634,0.960013238236282,0.9597964109271712,155.7114489859585,8.448098154788735,True
lift_and_cruse,cruise_54,0.8648163271345577,81.07653066886478,77.85572448006957,456.472124995581,487.3880105772833,170.55988383760194,0.9602758279375662,0.9598279607794697,155.71144896013914,8.464805190951335,True
lift_and_cruse,cruise_54,0.8645544630306554,81.05198090912394,77.855724463471,456.45582797622023,487.37280207402,170.56610906237307,0.9605674489811713,0.9598629933126951,155.711448926942,8.483348602114361,True
lift_and_cruse,cruise_54,0.8643185313523268,81.02986231428063,77.8557244511779,456.44113966168936,487.3590954654786,170.57172018275696,0.9608303424273634,0.959894569965508,155.7114489023558,8.500055638276962,True
lift_and_cruse,cruise_54,0.8641552614134601,81.01455575751189,77.85572444224357,456.43097214274127,487.3496078551791,170.5756045193137,0.961012354713395,0.9599164291199139,155.71144888448714,8.511617266028784,True
lift_and_cruse,cruise_54,0.8640969910168881,81.00909290783325,77.85572443804435,456.4273428250061,487.34622130202735,170.57699108263017,0.9610773308560439,0.9599242320229799,155.7114488760887,8.515743563199516,True
lift_and_cruse,cruise_55,0.8640969910168881,81.00909290783325,77.85481136741437,456.4259225067483,487.34442055131075,170.57491156561363,0.9610626236294267,0.9610626236294267,155.70962273482874,8.515743563199516,True
lift_and_cruse,cruise_55,0.8640387213032108,81.003630122176,77.85481143501802,456.4222928365436,487.34103374045407,170.57629840119694,0.9611276075210211,0.961070437415358,155.70962287003604,8.519869860370248,True
lift_and_cruse,cruise_55,0.8638754531093884,80.98832372900516,77.85481143626515,456.41212116594687,487.3315427729593,170.58018453486278,0.9613097329060093,0.9610923328851103,155.7096228725303,8.531431488122069,True
lift_and_cruse,cruise_55,0.8636395235142694,80.96620532946275,77.85481143614943,456.39741849918806,487.31782454089006,170.5858020673906,0.9615730338277314,0.9611239834983215,155.70962287229887,8.548138524284669,True
lift_and_cruse,cruise_55,0.8633776611157254,80.94165572959926,77.85481143721135,456.3810939875244,487.3025937647605,170.5920397065457,0.9618654449931894,0.9611591279506717,155.7096228744227,8.566681935447695,True
lift_and_cruse,cruise_55,0.8631417309731828,80.91953727873587,77.8548114377728,456.3663809002066,487.28886708567416,170.5976620088195,0.9621290508968401,0.9611908054378502,155.7096228755456,8.583388971610297,True
lift_and_cruse,cruise_55,0.8629784620967355,80.90423082156896,77.85481143794587,456.35619623582767,487.2793655845745,170.6015540859057,0.962311556564588,0.9612127343943508,155.70962287589174,8.594950599362116,True
lift_and_cruse,cruise_55,0.8629201920792604,80.89876800743068,77.8548114384545,456.3525607982201,487.2759740737939,170.60294341538008,0.9623767088785757,0.9612205622315017,155.709622876909,8.599076896532848,True
lift_and_cruse,cruise_56,0.8629201920792604,80.89876800743068,77.85389543326998,456.35113932187477,487.27417117612487,170.60085693995933,0.9623619413671122,0.9623619413671122,155.70779086653997,8.599076896532848,True
lift_and_cruse,cruise_56,0.8628619227468735,80.89330525751939,77.85389552333692,456.34750352769385,487.27077941094234,170.60224658252824,0.962427101678058,0.9623697803612674,155.70779104667383,8.603203193703582,True
lift_and_cruse,cruise_56,0.8626986556212111,80.87799896448854,77.85389552262271,456.33731471186223,487.2612745490686,170.6061404349408,0.9626097207674418,0.9623917456399558,155.70779104524541,8.6147648214554,True
lift_and_cruse,cruise_56,0.8624627275691137,80.8558807096044,77.85389552333065,456.3225872656549,487.2475362374099,170.61176913260613,0.9628737356553658,0.9624234972062123,155.7077910466613,8.631471857618003,True
lift_and_cruse,cruise_56,0.8622008668824819,80.83133127023268,77.85389552375004,456.3062352470583,487.23228317115695,170.61801916456884,0.9631669399334233,0.9624587537283724,155.70779104750008,8.65001526878103,True
lift_and_cruse,cruise_56,0.8619649382816784,80.80921296390736,77.85389552396168,456.2914973730271,487.2185364065375,170.6236526364886,0.9634312610312318,0.9624905322262686,155.70779104792337,8.66672230494363,True
lift_and_cruse,cruise_56,0.8618016704717913,80.79390660673043,77.85389552418681,456.281295553548,487.20902100427804,170.62755244587237,0.9636142619776237,0.962512531108319,155.70779104837362,8.67828393269545,True
lift_and_cruse,cruise_56,0.8617434008348964,80.78844382827154,77.8538955249396,456.2776539928887,487.20562453195674,170.62894453588447,0.9636795911257717,0.9625203839085372,155.7077910498792,8.682410229866182,True
lift_and_cruse,cruise_57,0.8617434008348964,80.78844382827154,77.85297660973836,456.2762313517527,487.20381948922295,170.62685114912244,0.9636647634311007,0.9636647634311007,155.70595321947673,8.682410229866182,True
lift_and_cruse,cruise_57,0.8616851318853533,80.78298111425187,77.85297660973286,456.2725894553644,487.2004227462071,170.62824334730956,0.9637300994895079,0.9636726262752405,155.70595321946573,8.686536527036914,True
lift_and_cruse,cruise_57,0.8615218658321946,80.76767492176823,77.85297660972736,456.2623834820086,487.1909039816358,170.6321449359491,0.9639132143215998,0.9636946616317392,155.70595321945473,8.698098154788735,True
lift_and_cruse,cruise_57,0.8612859393293949,80.74555681213077,77.85297660972908,456.2476312398327,487.17714557737474,170.63778481169933,0.9641779460570132,0.9637265144702228,155.70595321945817,8.714805190951335,True
lift_and_cruse,cruise_57,0.8610240803616412,80.72100753390387,77.85297660973075,456.2312516955037,487.1618702068871,170.64404725522456,0.9644719466730944,0.9637618834412705,155.7059532194615,8.733348602114361,True
lift_and_cruse,cruise_57,0.8607881533088502,80.69888937270471,77.85297660972866,456.21648901781936,487.1481033439952,170.64969191355215,0.9647369858736383,0.9637937632907506,155.7059532194573,8.750055638276963,True
lift_and_cruse,cruise_57,0.8606248865698636,80.68358311592472,77.85297660973289,456.2062700315934,487.13857403168566,170.65359946600046,0.9649204841087865,0.9638158323295938,155.70595321946578,8.761617266028784,True
lift_and_cruse,cruise_57,0.8605666173150983,80.67812037329047,77.85297660972655,456.202622343934,487.13517259448355,170.65499431832097,0.9649859907975932,0.9638237101637237,155.7059532194531,8.765743563199516,True
lift_and_cruse,cruise_58,0.8605666173150983,80.67812037329047,77.85205491184773,456.2011985069609,487.13336542780377,170.65289430768536,0.9649711043295663,0.9649711043295663,155.70410982369546,8.765743563199516,True
lift_and_cruse,cruise_58,0.8605083487497819,80.67265769529206,77.85205491187027,456.1975504834172,487.12996372007456,170.65428926992504,0.965036617963953,0.9649789922605527,155.70410982374054,8.769869860370248,True
lift_and_cruse,cruise_58,0.8603450837730043,80.65735160371916,77.85205491186731,456.1873273410021,487.12043104378245,170.65819860420666,0.9652202305449012,0.9650010979191426,155.70410982373463,8.781431488122067,True
lift_and_cruse,cruise_58,0.8601091588251031,80.63523363985341,77.85205491187153,456.1725502857715,487.10665253418455,170.66384967562493,0.9654856820510217,0.9650330523764593,155.70410982374307,8.798138524284669,True
lift_and_cruse,cruise_58,0.8598473015824396,80.6106845233537,77.85205491186436,456.15614319681293,487.0913548452435,170.67012454938657,0.9657804822487684,0.9650685341764479,155.70410982372871,8.816681935447695,True
lift_and_cruse,cruise_58,0.8596113760832552,80.58856650780517,77.852054911869,456.14135569846627,487.07756787122634,170.6757804106164,0.9660462424759987,0.9651005157181558,155.704109823738,8.833388971610297,True
lift_and_cruse,cruise_58,0.8594481104190388,80.5732603517849,77.85205491187705,456.13111953369565,487.06802463997747,170.6796957177188,0.9662302400261378,0.9651226551505617,155.7041098237541,8.844950599362116,True
lift_and_cruse,cruise_58,0.8593898415477834,80.5677976451047,77.85205491186221,456.1274657146679,487.0646182348429,170.6810933380195,0.9662959249874672,0.9651305581117771,155.70410982372442,8.849076896532848,True
lift_and_cruse,cruise_59,0.8593898415477834,80.5677976451047,77.85113030457927,456.1260407094993,487.06280891914355,170.67898641235809,0.9662809780094511,0.9662809780094511,155.70226060915854,8.849076896532848,True
lift_and_cruse,cruise_59,0.8593315733681709,80.56233500326603,77.85113030478838,456.1223865545677,487.0594022435496,170.68038414302436,0.9663466699445907,0.9662888911133638,155.70226060957677,8.853203193703582,True
lift_and_cruse,cruise_59,0.8591683094719118,80.54702901299174,77.85113030478922,456.1121462313303,487.04985564662115,170.68430123419716,0.9665307823007061,0.966311067309561,155.70226060957845,8.8647648214554,True
lift_and_cruse,cruise_59,0.858932386084886,80.52491119545806,77.85113030479894,456.09734434603223,487.0360570187918,170.68996351755268,0.9667969565083859,0.9663431237261917,155.7022606095979,8.881471857618003,True
lift_and_cruse,cruise_59,0.8586705305739445,80.5003622413073,77.85113030479474,456.08090969353964,487.02073699707097,170.69625083964223,0.9670925595446908,0.9663787187333185,155.70226060958947,8.90001526878103,True
lift_and_cruse,cruise_59,0.8584346066343396,80.47824437196934,77.85113030479135,456.0660973574864,487.00692989900244,170.70191792003243,0.9673590437360843,0.9664108023078521,155.7022606095827,8.91672230494363,True
lift_and_cruse,cruise_59,0.858271342049026,80.46293831709617,77.85113030479135,456.0558440023665,486.99737273986085,170.70584099304415,0.9675435426358923,0.9664330123695959,155.7022606095827,8.92828393269545,True
lift_and_cruse,cruise_59,0.858213073562755,80.45747564650829,77.8511303047867,456.05218404775036,486.99396136360076,170.70724138539364,0.9676094065965628,0.9664409405423459,155.7022606095734,8.932410229866182,True
lift_and_cruse,cruise_60,0.858213073562755,80.45747564650829,77.85020277013065,456.05075787695876,486.99214989351674,170.7051275005978,0.9675943987127696,0.9675943987127696,155.7004055402613,8.932410229866182,True
lift_and_cruse,cruise_60,0.8581548057692533,80.4520130408675,77.85020277013173,456.0470975869854,486.98873824723427,170.70652800267115,0.9676602696718573,0.967602337068116,155.70040554026346,8.936536527036914,True
lift_and_cruse,cruise_60,0.8579915429587032,80.43670715237843,77.85020277013805,456.0368400706653,486.9791777202927,170.71045286216628,0.9678448838391145,0.967624584039363,155.7004055402761,8.948098154788735,True
lift_and_cruse,cruise_60,0.8577556211377128,80.41458948166057,77.85020277013449,456.0220133385901,486.9653589616256,170.71612637362267,0.9681117836959078,0.9676567427564832,155.70040554026897,8.964805190951335,True
lift_and_cruse,cruise_60,0.8574937673656757,80.3900406905321,77.85020277012944,456.0055511033609,486.9500165925238,170.72242616223193,0.9684081928444676,0.9676924513509504,155.70040554025888,8.983348602114361,True
lift_and_cruse,cruise_60,0.857257844992251,80.36792296802354,77.85020277012627,455.9907139122231,486.9361893571831,170.72810447822994,0.9686754039529366,0.9677246373012744,155.70040554025255,9.000055638276963,True
lift_and_cruse,cruise_60,0.8570945814786849,80.35261701362671,77.85020277028363,455.97902428885095,486.92537232916266,170.73299052015378,0.9688628115011481,0.9677523324670061,155.70040554056726,9.011617266028784,True
lift_and_cruse,cruise_60,0.85703631335917,80.34715437742219,77.85020277019954,455.9723382324363,486.9191449844488,170.73554657800787,0.9689289806938525,0.9677668207679647,155.7004055403991,9.015743563199516,True
lift_and_cruse,cruise_61,0.85703631335917,80.34715437742219,77.84927228931906,455.9697199750722,486.91614042593045,170.7334256616318,0.9689113807768526,0.9689113807768526,155.69854457863812,9.015743563199516,True
lift_and_cruse,cruise_61,0.8569780459195405,80.34169180495692,77.8492722893086,455.96303383897714,486.9099130587491,170.7359817847727,0.9689775568711406,0.9689258867635525,155.6985445786172,9.019869860370248,True
lift_and_cruse,cruise_61,0.8568147840141429,80.3263860013259,77.84927228930962,455.94429907721286,486.8924640283943,170.74314453692486,0.9691630264162817,0.9689665353480404,155.69854457861925,9.031431488122067,True
lift_and_cruse,cruise_61,0.8565788632891058,80.30426843335367,77.84927228931983,455.91722493557563,486.8672485762992,170.75349671734693,0.9694311633761754,0.9690252839228314,155.69854457863966,9.048138524284669,True
lift_and_cruse,cruise_61,0.8563170104353248,80.2797197283117,77.84927228931733,455.8871726547065,486.8392603286752,170.76498912906678,0.9697289470606768,0.9690905033048287,155.69854457863465,9.066681935447695,True
lift_and_cruse,cruise_61,0.8560810886217608,80.25760205829008,77.84927228931251,455.86009445781235,486.81404270181304,170.77534555942415,0.9699973978943878,0.9691492759979823,155.69854457862502,9.083388971610297,True
lift_and_cruse,cruise_61,0.8559178253589922,80.24229612740551,77.84927228930604,455.8413546392234,486.7965909595705,170.78251361118313,0.9701832588340523,0.9691899546577137,155.6985445786121,9.094950599362116,True
lift_and_cruse,cruise_61,0.8558595573152757,80.23683349830709,77.84927228929696,455.8346662526288,486.7903623854865,170.78507209288148,0.9702496091153985,0.9692044740292161,155.69854457859392,9.099076896532848,True
lift_and_cruse,cruise_62,0.8558595573152757,80.23683349830709,78.62911796179715,455.6523145466223,486.9304220697537,172.56385066327067,0.9799628740764794,0.9799628740764794,157.2582359235943,9.099076896532848,True
lift_and_cruse,cruise_62,0.8558006932565714,80.23131499280358,78.62911796195867,455.64557340556286,486.9241495412456,172.5664578842918,0.9800305860661483,0.9799776800731896,157.25823592391734,9.103203193703582,True
lift_and_cruse,cruise_62,0.855635759656383,80.21585246778591,78.62911796195114,455.6266845160116,486.9065739728337,172.57376382635613,0.9802203607850302,0.9800191693651571,157.25823592390228,9.1147648214554,True
lift_and_cruse,cruise_62,0.8553974232486017,80.1935084295564,78.6291179619613,455.5993876339752,486.88117567124556,172.58432296896916,0.9804947233223513,0.980079133069624,157.2582359239226,9.131471857618003,True
lift_and_cruse,cruise_62,0.8551328891701748,80.16870835970388,78.62911796196016,455.5690881032444,486.8529844805924,172.59604515610076,0.9807994230017258,0.9801457015203615,157.25823592392032,9.15001526878103,True
lift_and_cruse,cruise_62,0.8548945516394809,80.14636421620135,78.62911796197051,455.54178711792196,486.8275840125593,172.60660866528477,0.9810741104566899,0.9802056900218958,157.25823592394102,9.16672230494363,True
lift_and_cruse,cruise_62,0.8547296166390433,80.13090155991031,78.62911796196333,455.5228931116574,486.81000574263567,172.61392005237425,0.9812642903413985,0.9802472102353018,157.25823592392666,9.17828393269545,True
lift_and_cruse,cruise_62,0.8546707519571697,80.12538299598465,78.62911796197405,455.5161496934812,486.80373201181385,172.61652969631376,0.981332182644989,0.9802620299913831,157.2582359239481,9.182410229866182,True
lift_and_cruse,cruise_63,0.8546707519571697,80.12538299598465,78.62734409799661,455.51366686237674,486.8005139386611,172.6124808495559,0.9813038160695378,0.9813038160695378,157.25468819599323,9.182410229866182,True
lift_and_cruse,cruise_63,0.8546118886005377,80.11986455630041,78.62734339412984,455.50692358049764,486.79424010275454,172.615088902221,0.9813717053175142,0.981318642877079,157.25468678825968,9.186536527036914,True
lift_and_cruse,cruise_63,0.8544469569673003,80.1044022156844,78.62734339415148,455.48802823937706,486.7766612343394,172.62240167766439,0.9815620015289231,0.9813602160843774,157.25468678830296,9.198098154788735,True
lift_and_cruse,cruise_63,0.8542086234012932,80.08205844387123,78.62734339415317,455.4607220363489,486.75125816654514,172.63297069615717,0.9818371181812329,0.9814203010685456,157.25468678830634,9.214805190951335,True
lift_and_cruse,cruise_63,0.8539440924762328,80.05725866964684,78.62734339414601,455.43041216256916,486.7230616891905,172.6447038467357,0.9821426556092492,0.9814870041561818,157.25468678829202,9.233348602114361,True
lift_and_cruse,cruise_63,0.8537057577859344,80.03491479243134,78.6273433941546,455.40310186070974,486.69765646105856,172.6552772354905,0.9824180985209063,0.9815471139853368,157.2546867883092,9.250055638276963,True
lift_and_cruse,cruise_63,0.8535408247507285,80.0194523203808,78.62734339415283,455.38420140843743,486.68007489874077,172.66259546048997,0.9826088015708272,0.9815887181734204,157.25468678830566,9.261617266028784,True
lift_and_cruse,cruise_63,0.8534819607701619,80.01393382220269,78.62734339415329,455.37745568995575,486.673799993211,172.66520754502645,0.9826768806636805,0.9816035679021939,157.25468678830657,9.265743563199516,True
lift_and_cruse,cruise_64,0.8534819607701619,80.01393382220269,78.62556306156233,455.37497192246565,486.6705783894863,172.6611428151779,0.9826483876705113,0.9826483876705113,157.25112612312466,9.265743563199516,True
lift_and_cruse,cruise_64,0.8534230981192341,80.0084154486782,78.62556306186184,455.3682261787827,486.66430350865113,172.6637549153789,0.982716472514306,0.9826632536444595,157.25112612372368,9.269869860370248,True
lift_and_cruse,cruise_64,0.8532581684631231,79.9929532934178,78.62556306186625,455.3493243944253,486.6467213509769,172.67107452887984,0.9829072923558954,0.9827049109987883,157.2511261237325,9.281431488122067,True
lift_and_cruse,cruise_64,0.8530198377535926,79.9706097893993,78.62556306184851,455.3220088824397,486.6213135325197,172.68165343014002,0.9831831662158342,0.9827651175982417,157.25112612369702,9.298138524284669,True
lift_and_cruse,cruise_64,0.8527553099982147,79.94581031233263,78.62556306186907,455.2916886789662,486.59311178573233,172.69339755191112,0.9834895448297013,0.9828319556958868,157.25112612373815,9.316681935447695,True
lift_and_cruse,cruise_64,0.85251697816301,79.92346670278218,78.62556306186536,455.2643690726187,486.56770181306103,172.70398082712475,0.983765746298059,0.9828921871883661,157.25112612373073,9.333388971610297,True
lift_and_cruse,cruise_64,0.8523520471032058,79.90800441592555,78.62556306187378,455.2454621826787,486.5501169691237,172.71130589482678,0.9839569746606557,0.9829338755836218,157.25112612374755,9.344950599362116,True
lift_and_cruse,cruise_64,0.8522931838275759,79.90248598383525,78.6255630618869,455.23871416686416,486.543840892736,172.7139204217174,0.9840252413098542,0.9829487553683359,157.2511261237738,9.349076896532848,True
lift_and_cruse,cruise_65,0.8522931838275759,79.90248598383525,78.62377692684744,455.2362293029324,486.5406158727476,172.70984132180678,0.9839966298764867,0.9839966298764867,157.24755385369488,9.349076896532848,True
lift_and_cruse,cruise_65,0.8522343218860109,79.89696767681353,78.62377692709245,455.2294812624309,486.5343398214928,172.71245586387545,0.9840649022940268,0.9840115259621096,157.2475538541849,9.353203193703582,True
lift_and_cruse,cruise_65,0.8520693942172769,79.8815057078697,78.62377692709278,455.2105730431867,486.5167543853462,172.71978232023778,0.9842562479157687,0.9840532676967687,157.24755385418555,9.3647648214554,True
lift_and_cruse,cruise_65,0.8518310663790335,79.85916247303439,78.62377692709681,455.18324823431146,486.4913418318237,172.73037111125305,0.9845328820933574,0.9841135962489447,157.24755385419363,9.381471857618003,True
lift_and_cruse,cruise_65,0.8515665418097742,79.83436329466633,78.62377692710353,455.1529177145659,486.4631348329095,172.74212621177963,0.984840105347995,0.9841805697300937,157.24755385420707,9.40001526878103,True
lift_and_cruse,cruise_65,0.8513282128444692,79.81201995416899,78.62377692711362,455.1255888158167,486.4377201313106,172.7527193804048,0.9851170684903,0.9842409232232538,157.24755385422725,9.41672230494363,True
lift_and_cruse,cruise_65,0.8511632837703123,79.79655785346678,78.62377692712028,455.1066754965837,486.4201320165566,172.76005129555463,0.985308824324473,0.9842826960587955,157.24755385424055,9.42828393269545,True
lift_and_cruse,cruise_65,0.8511044212032751,79.79103948780704,78.62377692713252,455.099925186428,486.41385477316567,172.76266826647262,0.9853772793008172,0.9842976059825385,157.24755385426505,9.432410229866182,True
lift_and_cruse,cruise_66,0.8511044212032751,79.79103948780704,78.62198495241769,455.09743922775783,486.41062632196457,172.75857470397762,0.9853485486228292,0.9853485486228292,157.24396990483538,9.432410229866182,True
lift_and_cruse,cruise_66,0.8510455599747575,79.78552124763351,78.6219849526077,455.0906888934297,486.40434910414876,172.76119168960975,0.9854170093850998,0.9853634749036161,157.2439699052154,9.436536527036914,True
lift_and_cruse,cruise_66,0.8508806343037242,79.77005946597413,78.6219849526044,455.07177424768287,486.3867604003456,172.76852499359768,0.985608882948468,0.9854053012526324,157.2439699052088,9.448098154788735,True
lift_and_cruse,cruise_66,0.8506423093516843,79.74771650172039,78.62198495261197,455.0444401540435,486.36134312739057,172.7791236812109,0.9858862805698861,0.9854657520955205,157.24396990522393,9.464805190951335,True
lift_and_cruse,cruise_66,0.8503777879850972,79.72291762360285,78.6219849526012,455.01409933148943,486.3331308937129,172.79088976812406,0.9861943519394307,0.985532861335584,157.2439699052024,9.483348602114361,True
lift_and_cruse,cruise_66,0.850139461904604,79.70057455355662,78.62198495262115,454.98676115247633,486.3077114788384,172.80149283703435,0.9864720798894993,0.9855933371677075,157.2439699052423,9.500055638276963,True
lift_and_cruse,cruise_66,0.849974534826412,79.68511263997613,78.62198495261994,454.96784141235486,486.29012010410315,172.80883160438103,0.9866643653659509,0.9856351946776234,157.24396990523988,9.511617266028784,True
lift_and_cruse,cruise_66,0.84991567297165,79.67959434109218,78.62198495260829,454.9610888108631,486.28384169757356,172.81145102097517,0.9867330094443136,0.9856501348236839,157.24396990521657,9.515743563199516,True
lift_and_cruse,cruise_67,0.84991567297165,79.67959434109218,78.62018710037088,454.9586017592445,486.2806098000245,172.80734290188238,0.9867041587061002,0.9867041587061002,157.24037420074177,9.515743563199516,True
lift_and_cruse,cruise_67,0.8498568124598911,79.67407616811478,78.62018710057708,454.95184913407553,486.2743314195312,172.8099623329389,0.9867728085892002,0.9867191152668199,157.24037420115417,9.519869860370248,True
lift_and_cruse,cruise_67,0.8496918887969562,79.65861457471465,78.62018710056415,454.93292807024307,486.2567394589182,172.81730248929335,0.9869652122673357,0.9867610264650297,157.2403742011283,9.531431488122067,True
lift_and_cruse,cruise_67,0.8494535667461434,79.63627188245096,78.62018710058446,454.9055847040045,486.2313174822141,172.82791108039407,0.9872433764760847,0.9868215999382475,157.24037420116892,9.548138524284669,True
lift_and_cruse,cruise_67,0.8491890485989005,79.61147330614693,78.62018710057906,454.8752335921494,486.2031000311916,172.8396881613676,0.9875522994538771,0.9868888453143921,157.24037420115812,9.566681935447695,True
lift_and_cruse,cruise_67,0.8489507254182379,79.58913050795981,78.62018710059169,454.8478861450583,486.1776759187369,172.8503011373934,0.9878307953624044,0.9869494438248781,157.24037420118339,9.583388971610297,True
lift_and_cruse,cruise_67,0.8487858003464032,79.5736687824753,78.62018710059736,454.8289599924799,486.1600812948917,172.85764676172184,0.9880236126638946,0.9869913862444042,157.24037420119473,9.594950599362116,True
lift_and_cruse,cruise_67,0.8487269392076249,79.56815055071482,78.62018710058096,454.82220510265887,486.1538017291066,172.86026862573044,0.9880924466238756,0.9870063566969174,157.24037420116193,9.599076896532848,True
lift_and_cruse,cruise_68,0.8487269392076249,79.56815055071482,78.6183833324251,454.81971695995026,486.1505663699002,172.85614585470415,0.988063474999522,0.988063474999522,157.2367666648502,9.599076896532848,True
lift_and_cruse,cruise_68,0.8486680794163628,79.56263244528401,78.6183833325697,454.81296204697225,486.14428683059754,172.8587677327024,0.9881323147818998,0.9880784619233202,157.2367666651394,9.603203193703582,True
lift_and_cruse,cruise_68,0.8485031577719993,79.54717104112493,78.6183833325761,454.79403457349446,486.12669162405865,172.86611474623078,0.9883252507601828,0.9881204582068878,157.2367666651522,9.6147648214554,True
lift_and_cruse,cruise_68,0.8482648386375454,79.52482862226988,78.61838333258788,454.76668194687386,486.1012649593294,172.87673324762682,0.9886041847164945,0.9881811546509557,157.23676666517576,9.631471857618003,True
lift_and_cruse,cruise_68,0.8480003237264399,79.50003034935374,78.61838333257411,454.7363205592841,486.07304230842567,172.8885213302379,0.9889139628144404,0.9882485365413171,157.23676666514822,9.65001526878103,True
lift_and_cruse,cruise_68,0.847762003460735,79.47768782444392,78.61838333259087,454.7089638563404,486.0476135141377,172.8991442202575,0.9891932298496171,0.9883092580712078,157.23676666518173,9.66672230494363,True
lift_and_cruse,cruise_68,0.8475970804057245,79.46222628803667,78.61838333259519,454.690031299773,486.0300156520815,172.90649670629196,0.9893865811705095,0.988351285636182,157.23676666519037,9.67828393269545,True
lift_and_cruse,cruise_68,0.8475382199866653,79.45670812374988,78.61838333259618,454.6832741246403,486.02373493093586,172.9091210194561,0.9894556057959885,0.9883662864796384,157.23676666519236,9.682410229866182,True
lift_and_cruse,cruise_69,0.8475382199866653,79.45670812374988,78.6165736098225,454.68078489271164,486.02049609463376,172.9049835003979,0.9894265124523012,0.9894265124523012,157.233147219645,9.682410229866182,True
lift_and_cruse,cruise_69,0.8474793609196652,79.45119008621862,78.6165736095958,454.6740276950209,486.0142154003568,172.9076078263149,0.9894955429136905,0.9894415298195687,157.2331472191916,9.686536527036914,True
lift_and_cruse,cruise_69,0.8473144413044225,79.4357288722896,78.61657360961757,454.6550938203774,485.9966169588032,172.91496170174406,0.9896890133890126,0.9894836114251511,157.23314721923515,9.698098154788735,True
lift_and_cruse,cruise_69,0.8470761251015698,79.41338672827217,78.61657360964226,454.627731945628,485.9711856218268,172.92559012032456,0.9899687202708594,0.989544431182431,157.23314721928452,9.714805190951335,True
lift_and_cruse,cruise_69,0.846811613443516,79.38858876032961,78.6165736096615,454.59736029590863,485.94295778856696,172.93738921225662,0.9902793570206752,0.9896119499672809,157.233147219323,9.733348602114361,True
lift_and_cruse,cruise_69,0.8465732961080062,79.36624651012558,78.61657360966554,454.5699943493897,485.9175243282335,172.9480220230723,0.9905593983676184,0.9896727948585613,157.23314721933107,9.750055638276963,True
lift_and_cruse,cruise_69,0.8464083750803629,79.35078516378402,78.61657360967668,454.55105539732955,485.8999232389002,172.95538137556312,0.9907532859144405,0.989714907805924,157.23314721935336,9.761617266028784,True
lift_and_cruse,cruise_69,0.8463495153847855,79.34526706732365,78.61657360966677,454.54429593992506,485.8936413662917,172.95800813950893,0.9908225019929562,0.9897299391244975,157.23314721933355,9.765743563199516,True
lift_and_cruse,cruise_70,0.8463495153847855,79.34526706732365,78.61475789372832,454.5418056205539,485.8903990374089,172.95385577659033,0.9907932860951166,0.9907932860951166,157.22951578745665,9.765743563199516,True
lift_and_cruse,cruise_70,0.8462906570458391,79.3397490980474,78.61475789371295,454.5350461410534,485.8841171921707,172.95648255344508,0.9908625080307849,0.9908083339982703,157.2295157874259,9.769869860370248,True
lift_and_cruse,cruise_70,0.8461257394703399,79.32428807534436,78.61475789371117,454.51610587376337,485.8665155265383,172.9638432954097,0.9910565152115697,0.990850501162954,157.22951578742234,9.781431488122067,True
lift_and_cruse,cruise_70,0.8458874262144374,79.30194620760349,78.61475789370475,454.4887347631993,485.84107953312713,172.97448163789883,0.9913369982134342,0.9909114445762481,157.2295157874095,9.798138524284669,True
lift_and_cruse,cruise_70,0.8456229178264684,79.2771485462314,78.61475789466698,454.45835286480775,485.8128465352494,172.98629174880955,0.9916484971770873,0.9909791006487065,157.22951578933396,9.816681935447695,True
lift_and_cruse,cruise_70,0.8453846034364751,79.25480657216954,78.61475791149005,454.43097768319126,485.78740842784447,172.9969345257454,0.9919293162509004,0.9910400694654241,157.2295158229801,9.833388971610297,True
lift_and_cruse,cruise_70,0.8452196844467523,79.23934541688304,78.61475793618185,454.41203233853395,485.76980412679575,173.00430080586221,0.9921237425536437,0.9910822683562813,157.2295158723637,9.844950599362116,True
lift_and_cruse,cruise_70,0.8451608254784096,79.23382738860091,78.61475794429852,454.40527060004376,485.7635211081537,173.00693004089112,0.9921931509801591,0.991097330341471,157.22951588859704,9.849076896532848,True
lift_and_cruse,cruise_71,0.8451608254784096,79.23382738860091,78.61293614431519,454.4027792068817,485.76027526136966,173.0027626185244,0.9921638110294755,0.9921638110294755,157.22587228863037,9.849076896532848,True
lift_and_cruse,cruise_71,0.8451019678713609,79.2283094879401,78.61293612261328,454.3960174536189,485.75399226500167,173.0053917978803,0.9922332249551031,0.992178889266205,157.22587224522655,9.853203193703582,True
lift_and_cruse,cruise_71,0.8449370523463233,79.21284865746782,78.61293614449664,454.37707079722986,485.7363873903553,173.01275946121,0.9924277713388238,0.9922211425159043,157.2258722889933,9.8647648214554,True
lift_and_cruse,cruise_71,0.8446987420528311,79.19050706745291,78.61293614448677,454.34969046319543,485.71094675638153,173.02340773448103,0.9927090336735386,0.9922822099302597,157.22587228897353,9.881471857618003,True
lift_and_cruse,cruise_71,0.8444342369521063,79.16570971425996,78.61293614449222,454.31929833028187,485.68270861115246,173.03522886758262,0.99302139839693,0.9923500036480666,157.22587228898445,9.90001526878103,True
lift_and_cruse,cruise_71,0.8441959255231315,79.14336801779358,78.61293614448118,454.29191393361594,485.6572658662897,173.04588154046868,0.9933029979931469,0.9924110962940355,157.22587228896236,9.91672230494363,True
lift_and_cruse,cruise_71,0.8440310085821515,79.1279070545767,78.61293614448365,454.2729622161968,485.63965835532423,173.05325463997792,0.9934979646591022,0.9924533807200033,157.2258722889673,9.92828393269545,True
lift_and_cruse,cruise_71,0.843972150344932,79.12238909483737,78.61293614351665,454.2661982036092,485.63337419136934,173.05588630839733,0.9935675660127545,0.992468473231411,157.2258722870333,9.932410229866182,True
lift_and_cruse,cruise_72,0.843972150344932,79.12238909483737,78.61110832256325,454.2637057151419,485.63012483000165,173.0517039630245,0.9935381024495944,0.9935381024495944,157.2222166451265,9.932410229866182,True
lift_and_cruse,cruise_72,0.8439132934735791,79.11687126314804,78.61110832220658,454.25694168135146,485.62384069445926,173.05433564505344,0.9936077097052302,0.9935532116701882,157.22221664441315,9.936536527036914,True
lift_and_cruse,cruise_72,0.8437483800097495,79.10141062591403,78.61110832235346,454.2379886543837,485.60623261366544,173.0617101346633,0.9938027969744446,0.9935955506720339,157.22221664470692,9.948098154788735,True
lift_and_cruse,cruise_72,0.8435100726942446,79.07906931508542,78.61110832237381,454.2105991092687,485.5807873550499,173.07236834558725,0.9940848418724755,0.9936567424338854,157.22221664474762,9.964805190951335,True
lift_and_cruse,cruise_72,0.8432455708980453,79.05427227169174,78.61110832237466,454.18019675538443,485.5525440803204,173.0842005105993,0.9943980759570165,0.9937246741936122,157.22221664474932,9.983348602114361,True
lift_and_cruse,cruise_72,0.8430072624456341,79.0319308542782,78.6111083223802,454.15280315223544,485.52709671707055,173.0948631247716,0.994680459526089,0.9937858912357407,157.2222166447604,10.000055638276963,True
lift_and_cruse,cruise_72,0.8428423475641053,79.01647008413487,78.61110832237466,454.1338450650131,485.5094860118165,173.1022431048387,0.9948759691096715,0.993828261759833,157.22221664474932,10.011617266028784,True
lift_and_cruse,cruise_72,0.8427834900618166,79.01095219329531,78.61110832238528,454.12707877909844,485.5032007083607,173.1048772313446,0.9949457643184283,0.9938433850148507,157.22221664477055,10.015743563199516,True
lift_and_cruse,cruise_73,0.8427834900618166,79.01095219329531,78.60927438652396,454.1245852095527,485.49994780636257,173.10067974023008,0.9949161755981751,0.9949161755981751,157.21854877304793,10.015743563199516,True
lift_and_cruse,cruise_73,0.8427246339300587,79.005434430943,78.60927438717893,454.1178189029488,485.4936625317926,173.10331388006523,0.9949859767279491,0.9949313156215114,157.21854877435786,10.019869860370248,True
lift_and_cruse,cruise_73,0.8425597225383091,78.98997398796648,78.60927438719544,454.09885950908335,485.476051259925,173.1106952500739,0.9951816074006883,0.9949737408992787,157.21854877439088,10.031431488122067,True
lift_and_cruse,cruise_73,0.842321418216475,78.96763295779454,78.60927438717506,454.0714607653476,485.4506013926153,173.12136340526774,0.9954644381088713,0.9950350573550089,157.21854877435013,10.048138524284669,True
lift_and_cruse,cruise_73,0.8420569197422081,78.94283622583201,78.609274387184,454.04104820431,485.4223530061124,173.13320660974202,0.9957785451637685,0.9951031275423706,157.218548774368,10.066681935447695,True
lift_and_cruse,cruise_73,0.8418186142820406,78.9204950889413,78.60927438718144,454.0136454071434,485.3969010404498,173.14387917192443,0.9960617159609598,0.9951644693277772,157.2185487743629,10.083388971610297,True
lift_and_cruse,cruise_73,0.8416537014708123,78.90503451288865,78.60927438718448,453.99468095874073,485.37928715197245,173.151266037276,0.996257770717466,0.9952069261906635,157.21854877436897,10.094950599362116,True
lift_and_cruse,cruise_73,0.8415948447073269,78.8995166913119,78.60927438718615,453.98791240280354,485.37300071278037,173.1539026212865,0.9963277605741326,0.9952220802621802,157.2185487743723,10.099076896532848,True
lift_and_cruse,cruise_74,0.8415948447073269,78.8995166913119,78.60743429827048,453.9854177536241,485.3697442544355,173.14968988922516,0.9962980458526216,0.9962980458526216,157.21486859654095,10.099076896532848,True
lift_and_cruse,cruise_74,0.841535989319067,78.89399899866252,78.60743429826367,453.9786491776703,485.3634578444758,173.1523264847069,0.9963680416406676,0.9963132167427794,157.21486859652734,10.103203193703582,True
lift_and_cruse,cruise_74,0.8413710800103322,78.87853875096864,78.60743429826746,453.95968342551976,485.34584339262943,173.1597147400634,0.9965642179760484,0.9963557285392409,157.21486859653493,10.1147648214554,True
lift_and_cruse,cruise_74,0.8411327786979684,78.85619800293455,78.60743429814413,453.9322754956686,485.32038893262273,173.1703928461482,0.9968478377591271,0.9964171700366672,157.21486859628826,10.131471857618003,True
lift_and_cruse,cruise_74,0.8408682835631666,78.83140158404686,78.60743429827302,453.9018527413252,485.29213545214554,173.18224709784846,0.997162821414649,0.9964853790401691,157.21486859654604,10.15001526878103,True
lift_and_cruse,cruise_74,0.840629981111036,78.80906072915963,78.60743429826793,453.8744407626463,485.2666789000969,173.19292961481554,0.9974467827134449,0.9965468459176778,157.21486859653587,10.16672230494363,True
lift_and_cruse,cruise_74,0.8404650703810363,78.79360034822216,78.60743429781631,453.8554699618279,485.2490618394041,173.20032336907113,0.9976433849044695,0.9965893893546374,157.21486859563262,10.17828393269545,True
lift_and_cruse,cruise_74,0.8404062143602542,78.78808259627382,78.60743429757974,453.8486991390117,485.2427742683935,173.20296241172963,0.997713570215812,0.9966045743257756,157.2148685951595,10.182410229866182,True
lift_and_cruse,cruise_75,0.8404062143602542,78.78808259627382,78.6055880146238,453.8462034122275,485.2395142373747,173.1987343369412,0.9976837286092466,0.9976837286092466,157.2111760292476,10.182410229866182,True
lift_and_cruse,cruise_75,0.8403473597194241,78.782564973696,78.60558801465491,453.8394325698589,485.2332266961193,173.20137339133723,0.9977539198741455,0.9976989304618463,157.21117602930983,10.186536527036914,True
lift_and_cruse,cruise_75,0.8401824525047175,78.76710492231726,78.60558801464063,453.820460468097,485.21560907539975,173.20876853670026,0.9979506441421312,0.9977415290190913,157.21117602928126,10.198098154788735,True
lift_and_cruse,cruise_75,0.8399441542177375,78.7447644579129,78.60558801442212,453.7930433646665,485.1901500387532,173.21945660044187,0.9982350562836608,0.9978030959082845,157.21117602884425,10.214805190951335,True
lift_and_cruse,cruise_75,0.8396796624400593,78.71996835375555,78.60558801462129,453.76261043095366,485.1618914821229,173.23132190674357,0.9985509201879488,0.9978714441157787,157.21117602924258,10.233348602114361,True
lift_and_cruse,cruise_75,0.8394413630118741,78.6976277823632,78.6055880146217,453.7351892833152,485.13643035976315,173.24201438525938,0.9988356752798431,0.9979330364355756,157.2111760292434,10.250055638276963,True
lift_and_cruse,cruise_75,0.8392764543741085,78.68216759757267,78.60558801461913,453.716212138568,485.1188101381529,173.24941503515677,0.9990328271967813,0.9979756667008142,157.21117602923826,10.261617266028784,True
lift_and_cruse,cruise_75,0.8392175990999572,78.67664991562097,78.6055880131331,453.709439052205,485.11252143910536,173.2520565358136,0.9991032087640775,0.9979908826447097,157.2111760262662,10.265743563199516,True
lift_and_cruse,cruise_76,0.8392175990999572,78.67664991562097,78.60373549483354,453.7069422498536,485.1092578189456,173.24781301571323,0.9990732393808642,0.9990732393808642,157.2074709896671,10.265743563199516,True
lift_and_cruse,cruise_76,0.8391587452105151,78.6711323634858,78.60373549481022,453.7001691441971,485.1029691503516,173.25045453047517,0.9991436269356222,0.9990884722814367,157.20747098962045,10.269869860370248,True
lift_and_cruse,cruise_76,0.8389938401009319,78.65567250946236,78.60373549479822,453.68119070152426,485.085348371902,173.2578565705505,0.999340901418968,0.9991311578428148,157.20747098959643,10.281431488122067,True
lift_and_cruse,cruise_76,0.838755544855363,78.63333233019027,78.6037354948161,453.65376443702536,485.05988477478184,173.26855459943982,0.9996261092246648,0.999192850479457,157.2074709896322,10.298138524284669,True
lift_and_cruse,cruise_76,0.8384910564525959,78.60853654243087,78.60373549481164,453.6233213379835,485.0316211598303,173.2804309671855,0.9999428570430569,0.9992613382773069,157.2074709896233,10.316681935447695,True
lift_and_cruse,cruise_76,0.8382527600643777,78.58619625603541,78.6037354948112,453.5958910339884,485.0061554832793,173.2911334139664,1.0002284092374691,0.999323056390734,157.2074709896224,10.333388971610297,True
lift_and_cruse,cruise_76,0.8380878535299339,78.5707362684313,78.60373549481457,453.57690755413813,484.9885321118292,173.29854096314716,1.000426113167156,0.9993657737216317,157.20747098962914,10.344950599362116,True
lift_and_cruse,cruise_76,0.8380289990063692,78.56521865684711,78.60373549481116,453.5701322067237,484.9822422892441,173.30118492972298,1.000496691843749,0.9993810207611512,157.20747098962232,10.349076896532848,True
lift_and_cruse,cruise_77,0.8380289990063692,78.56521865684711,78.60187669698858,453.56763433143016,484.9789750628522,173.29692585506018,1.0004665937518982,1.0004665937518982,157.20375339397717,10.349076896532848,True
lift_and_cruse,cruise_77,0.8379701458723043,78.55970117552853,78.60187669698193,453.56085896558716,484.9726852709192,173.29956983200967,1.0005371784160717,1.0004818577884618,157.20375339396386,10.353203193703582,True
lift_and_cruse,cruise_77,0.8378052428790179,78.54424151990793,78.6018766969791,453.5418741907405,484.9550613459134,173.30697877145954,1.0007350054099138,1.0005246305980666,157.2037533939582,10.3647648214554,True
lift_and_cruse,cruise_77,0.8375669506910056,78.52190162728176,78.6018766969781,453.51443877786437,484.92959320442344,173.31768677162935,1.0010210121962144,1.0005864493314511,157.2037533939562,10.381471857618003,True
lift_and_cruse,cruise_77,0.8373024656810658,78.49710615759992,78.60187669698628,453.4839855274756,484.90132454912793,173.32957420876642,1.0013386476204722,1.0006550771139826,157.20375339397256,10.40001526878103,True
lift_and_cruse,cruise_77,0.8370641723489537,78.4747661577144,78.60187669699141,453.4565460797721,484.87585433455604,173.34028663054045,1.0016250002451983,1.0007169213738865,157.20375339398282,10.41672230494363,True
lift_and_cruse,cruise_77,0.8368992679289982,78.45930636834358,78.60187669698462,453.43755627358087,484.85822782445734,173.34770108361485,1.0018232584925275,1.0007597260143917,157.20375339396924,10.42828393269545,True
lift_and_cruse,cruise_77,0.8368404141600057,78.45378882750052,78.60187669699016,453.43077866857584,484.8519368820528,173.3503475143906,1.0018940350827994,1.000775004217226,157.20375339398032,10.432410229866182,True
lift_and_cruse,cruise_78,0.8368404141600057,78.45378882750052,78.60001157886678,453.42827972212865,484.84866603289595,173.34607278362725,1.0018638073896977,1.0018638073896977,157.20002315773357,10.432410229866182,True
lift_and_cruse,cruise_78,0.8367815617853348,78.44827141737514,78.60001157906808,453.4215020991857,484.84237512165885,173.3487192248583,1.0019345899888943,1.0018791026522047,157.20002315813616,10.436536527036914,True
lift_and_cruse,cruise_78,0.8366166609196006,78.43281196121256,78.60001157899283,453.402511000955,484.8247480612869,173.35613506813186,1.0021329717998875,1.0019219629538991,157.20002315798567,10.448098154788735,True
lift_and_cruse,cruise_78,0.8363783718054062,78.41047235675683,78.60001157918967,453.3750664523345,484.7992753916677,173.3668530467762,1.0024197809075066,1.0019839081408868,157.20002315837934,10.464805190951335,True
lift_and_cruse,cruise_78,0.8361138902063393,78.3856772068443,78.60001157887658,453.3446030647587,484.7710017139553,173.37875155997526,1.00273830764273,1.00205267629666,157.20002315775315,10.483348602114361,True
lift_and_cruse,cruise_78,0.8358755999465894,78.36333749499276,78.60001157887105,453.3171544860482,484.74552697757673,173.38947396340419,1.0030254640436354,1.00211464705695,157.2000231577421,10.500055638276963,True
lift_and_cruse,cruise_78,0.8357106976523696,78.34787790490965,78.60001157887531,453.2981583623028,484.727897340061,173.39689532505338,1.003224278926669,1.0021575392524205,157.20002315775062,10.511617266028784,True
lift_and_cruse,cruise_78,0.8356518446419633,78.34236043518406,78.60001157886678,453.2913785028507,484.72160528184077,173.39954422163217,1.0032952542579974,1.0021728487057537,157.20002315773357,10.515743563199516,True
lift_and_cruse,cruise_79,0.8356518446419633,78.34236043518406,78.59814009777575,453.2888784874007,484.718330792946,173.39525372882133,1.003264896043096,1.003264896043096,157.1962801955515,10.515743563199516,True
lift_and_cruse,cruise_79,0.8355929930307315,78.33684309663109,78.59814010006656,453.2820986100739,484.71203876677174,173.39790264029944,1.0033358774290504,1.0032802226442663,157.19628020013312,10.519869860370248,True
lift_and_cruse,cruise_79,0.835428094303884,78.32138384098911,78.59814009886463,453.2631011975021,484.69440858207275,173.4053253896049,1.0035348163641646,1.0033231706699486,157.19628019772927,10.531431488122067,True
lift_and_cruse,cruise_79,0.8351898082798861,78.29904452623931,78.59814009866432,453.2356475260015,484.6689314004597,173.41605335204338,1.0038224311418944,1.003385242658017,157.19628019732863,10.548138524284669,True
lift_and_cruse,cruise_79,0.8349253301098692,78.27424969780024,78.59814009780636,453.205174015427,484.6406527183312,173.42796294820684,1.004141852915033,1.0034541515785318,157.19628019561273,10.566681935447695,True
lift_and_cruse,cruise_79,0.8346870429388555,78.2519102755177,78.59814009790061,453.17771631843067,484.61517347643235,173.43869534022292,1.0044298164580527,1.0035162491961354,157.19628019580122,10.583388971610297,True
lift_and_cruse,cruise_79,0.8345221427817009,78.23645088578446,78.59814009776949,453.1587138859891,484.5975407227326,173.4461236147345,1.0046291903055216,1.0035592291906585,157.19628019553898,10.594950599362116,True
lift_and_cruse,cruise_79,0.8344632905339238,78.23093348755535,78.59814009777915,453.1519317752336,484.59124755272296,173.44877497883792,1.0047003652105386,1.0035745699827183,157.1962801955583,10.599076896532848,True
lift_and_cruse,cruise_80,0.8344632905339238,78.23093348755535,78.59626221056351,453.1494306929753,484.58796940694015,173.44446861683278,1.004669875543108,1.004669875543108,157.19252442112702,10.599076896532848,True
lift_and_cruse,cruise_80,0.8344044396902107,78.22541622095726,78.59626221150648,453.14264856519566,484.5816762691998,173.44711999232337,1.004741056504217,1.0046852335254375,157.19252442301297,10.603203193703582,True
lift_and_cruse,cruise_80,0.8342395431136744,78.20995716690697,78.59626221077627,453.12364484676004,484.56404297174953,173.45454965593754,1.0049405549170698,1.0047282695431214,157.19252442155255,10.6147648214554,True
lift_and_cruse,cruise_80,0.8340012601963787,78.18761814341049,78.59626221057268,453.09618206506923,484.53856129451407,173.4652876097373,1.005228978744828,1.004790468694202,157.19252442114535,10.631471857618003,True
lift_and_cruse,cruise_80,0.8337367854737238,78.1628236381616,78.59626221062877,453.06569844535875,484.5102776263438,173.47720829960684,1.0055492993249413,1.0048595187948084,157.19252442125753,10.65001526878103,True
lift_and_cruse,cruise_80,0.8334985014079395,78.14048450699433,78.59626221056398,453.0382316429298,484.48479389518985,173.48795068628064,1.0058380733898986,1.0049217436231277,157.19252442112796,10.66672230494363,True
lift_and_cruse,cruise_80,0.8333336033992622,78.12502531868084,78.59626221056222,453.01922291059066,484.467158036651,173.49538587887403,1.0060380085486762,1.0049648116671939,157.19252442112443,10.67828393269545,True
lift_and_cruse,cruise_80,0.833274751918187,78.11950799233003,78.59626221043233,453.01243855172964,484.46086375885386,173.49803971178687,1.0061093838622004,1.0049801838840395,157.19252442086466,10.682410229866182,True
lift_and_cruse,cruise_81,0.833274751918187,78.11950799233003,78.59437787365775,453.0099364048528,484.45758193889446,173.49371737272074,1.0060787618039573,1.0060787618039573,157.1887557473155,10.682410229866182,True
lift_and_cruse,cruise_81,0.833215901846099,78.11399079807177,78.59437787271344,453.0031520299071,484.45128769351885,173.49637121262668,1.0061501431701376,1.0060941512486417,157.18875574542687,10.686536527036914,True
lift_and_cruse,cruise_81,0.8330510074313772,78.09853194669161,78.59437787365776,452.98414201420894,484.4336512948527,173.50380779791053,1.0063502034222822,1.006137275522118,157.18875574731553,10.698098154788735,True
lift_and_cruse,cruise_81,0.8328127276374007,78.07619321600632,78.59437787365734,452.9566701351081,484.40816513837876,173.51455575019318,1.0066394396962925,1.0061996021970445,157.18875574731467,10.714805190951335,True
lift_and_cruse,cruise_81,0.8325482563805497,78.05139903567654,78.59437787361338,452.9261764207368,484.37987650212625,173.52648753882247,1.0069606628416052,1.0062687938618036,157.18875574722676,10.733348602114361,True
lift_and_cruse,cruise_81,0.832309975436609,78.0290601971821,78.59437787355328,452.89870052568125,484.3543882981106,173.5372399271767,1.007250250832446,1.0063311462612199,157.18875574710657,10.750055638276963,True
lift_and_cruse,cruise_81,0.8321450795879044,78.01360121136604,78.59437787365606,452.8796855023429,484.3367493460564,173.54468204239333,1.0074507496586693,1.0063743026024161,157.18875574731211,10.761617266028784,True
lift_and_cruse,cruise_81,0.8320862288776331,78.0080839572781,78.59437787364878,452.8728988984917,484.33045396456555,173.5473383463588,1.007522326225525,1.0063897063360212,157.18875574729756,10.765743563199516,True
lift_and_cruse,cruise_82,0.8320862288776331,78.0080839572781,78.59248704305035,452.8703956893047,484.32716845289616,173.5429999203777,1.0074915708235108,1.0074915708235108,157.1849740861007,10.765743563199516,True
lift_and_cruse,cruise_82,0.8320273795813027,78.00256683574713,78.59248704305563,452.86360906973016,484.32087310447025,173.5456562328423,1.0075631534725622,1.007506991857023,157.18497408611125,10.769869860370248,True
lift_and_cruse,cruise_82,0.8318624873399805,77.98710818812319,78.59248704304528,452.84459276626825,484.3032336154283,173.55309973835645,1.0077637778894921,1.0075502046000684,157.18497408609056,10.781431488122067,True
lift_and_cruse,cruise_82,0.8316242106860646,77.96476975181857,78.59248704304454,452.8171118026794,484.2777429960713,173.5638576952868,1.0080538300195239,1.0076126591556054,157.18497408608908,10.798138524284669,True
lift_and_cruse,cruise_82,0.8313597429135958,77.93997589814961,78.59248704304758,452.7866080079144,484.24944940996977,173.57580059037124,1.008375959523978,1.007681992785509,157.18497408609517,10.816681935447695,True
lift_and_cruse,cruise_82,0.831121465108233,77.91763735389685,78.59248704304973,452.75912303311185,484.22395674951537,173.58656298716727,1.0086663648621432,1.0077444731163712,157.18497408609946,10.833388971610297,True
lift_and_cruse,cruise_82,0.8309565714310798,77.90217857166373,78.59248704305227,452.7401017277466,484.20631471526866,173.59401202912392,1.0088674297227007,1.0077877180008405,157.18497408610455,10.844950599362116,True
lift_and_cruse,cruise_82,0.8308977214957446,77.89666139022606,78.59248704305041,452.73331288211864,484.2000182341179,173.596670805509,1.0089392083875108,1.0078031533384681,157.18497408610082,10.849076896532848,True
lift_and_cruse,cruise_83,0.8308977214957446,77.89666139022606,78.59058967430853,452.7308086128723,484.1967290131064,173.59231618255282,1.0089083186839833,1.0089083186839833,157.18117934861706,10.849076896532848,True
lift_and_cruse,cruise_83,0.8308388729793391,77.89114434181305,78.59058967426652,452.7240197520832,484.190432565499,173.59497496692535,1.0089801034493233,1.0089237713821788,157.18117934853305,10.853203193703582,True
lift_and_cruse,cruise_83,0.8306739829230895,77.87568589903964,78.59058967427207,452.7049971695791,484.1727899976398,173.60242539947026,1.009181294415648,1.0089670728573688,157.18117934854413,10.8647648214554,True
lift_and_cruse,cruise_83,0.8304357094260982,77.8533477586967,78.59058967427328,452.677507134427,484.1472949318431,173.6131933676667,1.0094721658330166,1.0090296556543936,157.18117934854655,10.881471857618003,True
lift_and_cruse,cruise_83,0.8301712451567259,77.82855423344307,78.59058967415278,452.6469932736616,484.11899641412015,173.62514737615544,1.0097952055075243,1.0090991316477504,157.18117934830556,10.90001526878103,True
lift_and_cruse,cruise_83,0.8299329705067988,77.80621598501239,78.59058967426819,452.6194992320422,484.0934993136973,173.63591978812198,1.010086431633349,1.0091617402717055,157.18117934853638,10.91672230494363,True
lift_and_cruse,cruise_83,0.8297680790128611,77.79075740745571,78.59058967420285,452.6004716536033,484.07585420866036,173.64337576146804,1.010288064911319,1.0092050739497054,157.1811793484057,10.92828393269545,True
lift_and_cruse,cruise_83,0.8297092298566247,77.78524029905856,78.59058967426736,452.5936805693832,484.0695566319294,173.64603701204643,1.0103600465256986,1.0092205409813442,157.18117934853473,10.932410229866182,True
lift_and_cruse,cruise_84,0.8297092298566247,77.78524029905856,78.58868572197491,452.591175242503,484.06626368364704,173.64166607947317,1.0103290215448006,1.0103290215448006,157.17737144394982,10.932410229866182,True
lift_and_cruse,cruise_84,0.829650382124341,77.77972332415696,78.58868572239192,452.584384143588,484.0599661410257,173.64432733854358,1.0104010092837927,1.010344506003879,157.17737144478383,10.936536527036914,True
lift_and_cruse,cruise_84,0.8294854942649216,77.7642650873364,78.58868572238977,452.5653552910207,484.04232050575257,173.65178470263191,1.0106027691845867,1.010387896461554,157.17737144477954,10.948098154788735,True
lift_and_cruse,cruise_84,0.8292472239418432,77.7419272445478,78.5886857223876,452.5378561972812,484.01682101000705,173.6625626886779,1.0108944633395598,1.010450607862233,157.1773714447752,10.964805190951335,True
lift_and_cruse,cruise_84,0.8289827631944184,77.71713404947674,78.58868572237915,452.50733228487223,483.9885175790225,173.67452781843127,1.0112184170214173,1.0105202266243039,157.1773714447583,10.983348602114361,True
lift_and_cruse,cruise_84,0.8287444917169078,77.6947960984601,78.58868572238725,452.4798291894767,483.9630160550987,173.68531025165527,1.0115104673908508,1.0105829639007597,157.1773714447745,11.000055638276963,True
lift_and_cruse,cruise_84,0.828579602417935,77.67933772668142,78.58868572225774,452.4607953469577,483.9453678907022,173.6927731609617,1.0117126714821811,1.0106263866231264,157.17737144451547,11.011617266028784,True
lift_and_cruse,cruise_84,0.8285207540449898,77.67382069171781,78.5886857223834,452.4540020273581,483.93906922247066,173.6954368873498,1.0117848569016203,1.0106418854382213,157.1773714447668,11.015743563199516,True
lift_and_cruse,cruise_85,0.8285207540449898,77.67382069171781,78.58677514202712,452.45149564499695,483.9357725290691,173.69104953448476,1.0117536956747955,1.0117536956747955,157.17355028405424,11.015743563199516,True
lift_and_cruse,cruise_85,0.8284619071010556,77.66830379072397,78.58677514201908,452.44470231136864,483.92947389534737,173.69371326785028,1.0118258872316777,1.0117692119727513,157.17355028403816,11.019869860370248,True
lift_and_cruse,cruise_85,0.8282970214503111,77.65284576096667,78.58677514201865,452.4256671977448,483.91182520410433,173.70117756805521,1.01202821846568,1.0118126916646422,157.1735502840373,11.031431488122067,True
lift_and_cruse,cruise_85,0.8280587543182585,77.63050821733674,78.58677514202263,452.3981590584399,483.88632129495306,173.7119655785501,1.0123207388278928,1.011875532032735,157.17355028404526,11.048138524284669,True
lift_and_cruse,cruise_85,0.8277942971117712,77.60571535422855,78.58677514202459,452.3676251088755,483.85801296905674,173.72394183663275,1.012645610371375,1.0119452939658222,157.17355028404918,11.066681935447695,True
lift_and_cruse,cruise_85,0.8275560288237833,77.58337770222968,78.58677514201906,452.34011297272315,483.8325070382093,173.73473429790693,1.0129384884636534,1.01200816025979,157.17355028403813,11.083388971610297,True
lift_and_cruse,cruise_85,0.8273911417316109,77.56791953733851,78.58677514202206,452.3210728751089,483.81485582595525,173.74220414817643,1.0131412657801162,1.0120516722809134,157.17355028404413,11.094950599362116,True
lift_and_cruse,cruise_85,0.8273322941461808,77.56240257620446,78.58677514201779,452.31427732339586,483.8085560702787,173.744870351558,1.0132136558624607,1.0120672029667601,157.17355028403557,11.099076896532848,True
lift_and_cruse,cruise_86,0.8273322941461808,77.56240257620446,78.58485788764244,452.3117698879587,483.805255613543,173.74046646433405,1.0131823573983987,1.0131823573983987,157.16971577528489,11.099076896532848,True
lift_and_cruse,cruise_86,0.8272734479947984,77.55688574951235,78.58485788731164,452.3049743228147,483.7989558928294,173.7431326738492,1.013254753634881,1.0131979056267237,157.16971577462328,11.103203193703582,True
lift_and_cruse,cruise_86,0.8271085645647194,77.54142792794244,78.58485788730337,452.2859329571855,483.7813041570965,173.75060391468705,1.0134576586138693,1.0132414748052738,157.16971577460674,11.1147648214554,True
lift_and_cruse,cruise_86,0.8268703006408672,77.51909068508131,78.5848578872973,452.2584157853862,483.7557958511213,173.76140195615702,1.013751008672024,1.0133044445056234,157.1697157745946,11.131471857618003,True
lift_and_cruse,cruise_86,0.8266058469944738,77.49429815573193,78.58485794001079,452.22787180138346,483.72748265888106,173.7733894709206,1.0140768026342173,1.0133743507209954,157.16971588002158,11.15001526878103,True
lift_and_cruse,cruise_86,0.8263675819126187,77.47196080430801,78.5848582126714,452.2003505764333,483.7019723901541,173.78419259331406,1.0143705154674374,1.013437350051184,157.1697164253428,11.16672230494363,True
lift_and_cruse,cruise_86,0.8262026970386023,77.45650284736897,78.5848579785729,452.1813042851905,483.6843180964001,173.7916688509643,1.014573865409137,1.0134809484857037,157.1697159571458,11.17828393269545,True
lift_and_cruse,cruise_86,0.8261438502449707,77.450985960466,78.58485770250658,452.1745065663875,483.6780172042503,173.79433689897903,1.0146464574568668,1.0134965074353959,157.16971540501316,11.182410229866182,True
lift_and_cruse,cruise_87,0.8261438502449707,77.450985960466,78.58293391193303,452.171998039051,483.67471300125754,173.7899167854849,1.014615023132758,1.014615023132758,157.16586782386605,11.182410229866182,True
lift_and_cruse,cruise_87,0.826085004890543,77.44546920848842,78.58293391184755,452.16520024551437,483.66841219777933,173.79258547406795,1.0146876249211816,1.014630603389533,157.1658678236951,11.186536527036914,True
lift_and_cruse,cruise_87,0.8259201236930316,77.4300115962217,78.58293391177301,452.1461526369583,483.65075742904435,173.8000636599345,1.014891106069941,1.0146742623075318,157.16586782354602,11.198098154788735,True
lift_and_cruse,cruise_87,0.8256818629948756,77.40767465576958,78.58293391167093,452.1186264458214,483.6252447428815,173.81087173871606,1.015185289331023,1.0147373617053899,157.16586782334187,11.214805190951335,True
lift_and_cruse,cruise_87,0.8254174129277954,77.38288246198081,78.5829339115688,452.08807246558996,483.5969266824658,173.8228702749905,1.0155120082489262,1.01480741119609,157.1658678231376,11.233348602114361,True
lift_and_cruse,cruise_87,0.8251791510706767,77.36054541287595,78.58293391150139,452.06054228725367,483.5714119876397,173.83368281193754,1.0158065522981106,1.0148705366214748,157.16586782300277,11.250055638276963,True
lift_and_cruse,cruise_87,0.8250142684279628,77.34508766512151,78.5829339114765,452.0414897067401,483.55375471414436,173.8411665570594,1.0160104833425325,1.0149142279953496,157.165867822953,11.261617266028784,True
lift_and_cruse,cruise_87,0.8249554224303594,77.33957085284618,78.58293391144767,452.03468970046663,483.54745279594965,173.8438377198234,1.0160832853538737,1.0149298226968126,157.16586782289534,11.265743563199516,True
lift_and_cruse,cruise_88,0.8249554224303594,77.33957085284618,78.5810031686489,452.0321801663627,483.54414475704385,173.8394004155382,1.0160517093916246,1.0160517093916246,157.1620063372978,11.265743563199516,True
lift_and_cruse,cruise_88,0.8248965778771521,77.33405417598301,78.5810031689922,452.025380147638,483.53784287495034,173.8420715852232,1.016124517604402,1.016067321770165,157.1620063379844,11.269869860370248,True
lift_and_cruse,cruise_88,0.8247316989243756,77.31859677416023,78.58100316900236,452.0063263052396,483.5201850847934,173.84955672097794,1.0163285773637492,1.0161110706841652,157.16200633800472,11.281431488122067,True
lift_and_cruse,cruise_88,0.8244934414693449,77.29626013775109,78.58100316899471,451.97879110788995,483.49466803516356,173.86037484403593,1.016623597358151,1.016174300149978,157.16200633798942,11.298138524284669,True
lift_and_cruse,cruise_88,0.8242289950010163,77.27146828134528,78.581003168996,451.9482271342096,483.46634513529256,173.87238453063162,1.0169512458350356,1.0162444940333302,157.162006337992,11.316681935447695,True
lift_and_cruse,cruise_88,0.8239907363854979,77.24913153614042,78.58100316900024,451.92068795451956,483.4408260835342,173.8832071154406,1.0172466281589767,1.0163077495770614,157.16200633800048,11.333388971610297,True
lift_and_cruse,cruise_88,0.8238258559856168,77.23367399865157,78.58100316900325,451.90162914622886,483.4231657967599,173.89069781485915,1.0174511397357762,1.0163515310094098,157.1620063380065,11.344950599362116,True
lift_and_cruse,cruise_88,0.8237670107883872,77.2281572614113,78.58100316900281,451.8948269175505,483.4168628035019,173.8933714598247,1.0175241490218976,1.0163671578554012,157.16200633800563,11.349076896532848,True
lift_and_cruse,cruise_89,0.8237670107883872,77.2281572614113,78.57906561127957,451.89231633782265,483.4135509454708,173.8889172714673,1.0174924327832318,1.0174924327832318,157.15813122255915,11.349076896532848,True
lift_and_cruse,cruise_89,0.8237081670407544,77.22264066007072,78.57906561127373,451.8855140973476,483.40724798874396,173.8915909220741,1.0175654482851395,1.0175080773642837,157.15813122254747,11.353203193703582,True
lift_and_cruse,cruise_89,0.823543290344912,77.20718346983551,78.57906561127147,451.86645403027575,483.3895871887259,173.89908301199642,1.0177700891063834,1.0175519165285118,157.15813122254295,11.3647648214554,True
lift_and_cruse,cruise_89,0.8233050361506319,77.18484713912174,78.57906561127857,451.8389098399563,483.3640657923539,173.90991118564898,1.0180659493806101,1.0176152764304838,157.15813122255713,11.381471857618003,True
lift_and_cruse,cruise_89,0.8230405933006136,77.16005562193253,78.57906561126596,451.8083358875408,483.33573807159524,173.92193202951458,1.0183945313572973,1.0176856151148626,157.15813122253192,11.40001526878103,True
lift_and_cruse,cruise_89,0.8228023379443137,77.13771918227941,78.57906561127334,451.78078771975385,483.3102146796499,173.9327646685303,1.01869075551141,1.0177490011454302,157.15813122254667,11.41672230494363,True
lift_and_cruse,cruise_89,0.822637459799456,77.122261856199,78.5790656112745,451.76172269286064,483.2925513911931,173.9402623266761,1.01889585008367,1.0177928728915235,157.158131222549,11.42828393269545,True
lift_and_cruse,cruise_89,0.8225786154069507,77.11674519440162,78.57906561126956,451.75491824505764,483.28624732700683,173.94293845537405,1.0189690675238348,1.0178085319728614,157.1581312225391,11.432410229866182,True
lift_and_cruse,cruise_90,0.8225786154069507,77.11674519440162,78.5771211909086,451.7524066222058,483.2829316309194,173.93846726448416,1.0189372099772291,1.0189372099772291,157.1542423818172,11.432410229866182,True
lift_and_cruse,cruise_90,0.8225197724692788,77.11122866899488,78.57712119095251,451.74560216316735,483.2766276037803,173.9411433985307,1.0190104336531423,1.0189528868576903,157.15424238190502,11.436536527036914,True
lift_and_cruse,cruise_90,0.8223548980426599,77.09577169149937,78.57712119092571,451.7265358806071,483.25896380551296,173.94864244707992,1.0192156580023923,1.0189968165284893,157.15424238185142,11.448098154788735,True
lift_and_cruse,cruise_90,0.8221166471268864,77.07343566814559,78.57712119092871,451.6989827105974,483.23343807918576,173.95948067776976,1.0195123621235997,1.0190603072370938,157.15424238185742,11.464805190951335,True
lift_and_cruse,cruise_90,0.8218522079148817,77.04864449202016,78.57712119094018,451.6683987941824,483.2051055561924,173.97151268618623,1.01984188156496,1.0191307911345266,157.15424238188035,11.483348602114361,True
lift_and_cruse,cruise_90,0.8216139558355485,77.02630835958267,78.57712119092132,451.640841651597,483.1795778408626,173.98235538582517,1.020138951125076,1.0191943080223806,157.15424238184264,11.500055638276963,True
lift_and_cruse,cruise_90,0.8214490799579942,77.01085124606195,78.577121190941,451.6217704152998,483.1619115623638,173.9898600072298,1.0203446311703177,1.0192382703391483,157.154242381882,11.511617266028784,True
lift_and_cruse,cruise_90,0.8213902363745953,77.0053346601183,78.57712119092565,451.61496375165916,483.1556064314027,173.99253862124684,1.0204180576490574,1.0192539617473575,157.1542423818513,11.515743563199516,True
lift_and_cruse,cruise_91,0.8213902363745953,77.0053346601183,78.57516985963117,451.61245108823584,483.15228687811776,173.98805030793739,1.0203860577509525,1.0203860577509525,157.15033971926235,11.515743563199516,True
lift_and_cruse,cruise_91,0.8213313942513035,76.9998182110597,78.57516985964305,451.6056444139411,483.14598178470703,173.9907289268337,1.0204594904844606,1.0204017670216234,157.1503397192861,11.519869860370248,True
lift_and_cruse,cruise_91,0.8211665221062894,76.98436144746464,78.5751698596417,451.5865719250989,483.128314999849,173.99823493859765,1.0206653008424356,1.020445787457163,157.1503397192834,11.531431488122067,True
lift_and_cruse,cruise_91,0.8209282744869106,76.96202573314788,78.57516985964425,451.55900978872427,483.102784960408,174.00908323279944,1.0209628523980478,1.0205094093446105,157.1503397192885,11.548138524284669,True
lift_and_cruse,cruise_91,0.82066383893277,76.93723489994717,78.57516985964448,451.52841592311785,483.07444765387504,174.02112641286345,1.0212933132902444,1.0205800388677677,157.15033971928895,11.566681935447695,True
lift_and_cruse,cruise_91,0.8204255901482842,76.91489907640164,78.57516985964617,451.50084981906656,483.0489156320282,174.03197917969422,1.0215912318532043,1.0206436869857998,157.15033971929233,11.583388971610297,True
lift_and_cruse,cruise_91,0.8202607165504049,76.89944217660047,78.57516985964857,451.4817723826116,483.03124637515225,174.03949076874932,1.0217974998621213,1.0206877401304255,157.15033971929714,11.594950599362116,True
lift_and_cruse,cruise_91,0.8202018737805274,76.89392566692445,78.5751698596419,451.47496350642683,483.0249401815862,174.04217186972542,1.0218711362692527,1.0207034639577262,157.1503397192838,11.599076896532848,True
lift_and_cruse,cruise_92,0.8202018737805274,76.89392566692445,78.57321158855945,451.4724498005811,483.0216167556468,174.03766635874643,1.0218389932243674,1.0218389932243674,157.1464231771189,11.599076896532848,True
lift_and_cruse,cruise_92,0.8201430324760676,76.88840929463133,78.57321156862231,451.4656409187636,483.0153105962583,174.04034741825762,1.0219126356460373,1.0218547347084326,157.14642313724462,11.603203193703582,True
lift_and_cruse,cruise_92,0.8199781626251325,76.87295274610617,78.57321156861504,451.44656223289905,482.997640836488,174.04786039762908,1.0221190345063356,1.0218988461668177,157.14642313723007,11.6147648214554,True
lift_and_cruse,cruise_92,0.8197399183201698,76.85061734251592,78.57321156862187,451.41899114353595,482.97210650082457,174.05871876179705,1.0224174371038897,1.0219625996067574,157.14642313724374,11.631471857618003,True
lift_and_cruse,cruise_92,0.8194754864438925,76.82582685411492,78.57321156862783,451.38838734359155,482.94376442951295,174.0707731206989,1.0227488434560983,1.0220333751705877,157.14642313725565,11.65001526878103,True
lift_and_cruse,cruise_92,0.8192372409722672,76.80349134115006,78.57321156861761,451.36081229147567,482.9182281180521,174.08163596109313,1.023047614637923,1.022097154892094,157.14642313723522,11.66672230494363,True
lift_and_cruse,cruise_92,0.8190723696665306,76.78803465623724,78.57321156494895,451.34172866494913,482.9005558937934,174.08915451384732,1.023254473068051,1.0221412990738543,157.1464231298979,11.67828393269545,True
lift_and_cruse,cruise_92,0.819013527714626,76.78251822324619,78.57321156325314,451.33491757990845,482.89424864147054,174.09183809946578,1.0233283202760166,1.0221570553896218,157.14642312650628,11.682410229866182,True
lift_and_cruse,cruise_93,0.819013527714626,76.78251822324619,78.57124619699411,451.3324028578492,482.8909213026772,174.08731502431226,1.0232960316376611,1.0232960316376611,157.14249239398822,11.682410229866182,True
lift_and_cruse,cruise_93,0.8189546872334847,76.7770019281392,78.57124626836526,451.32559174708473,482.88461410316586,174.0899987820491,1.023369886090339,1.023311806932039,157.14249253673051,11.686536527036914,True
lift_and_cruse,cruise_93,0.8187898196891953,76.76154559586206,78.57124626837306,451.3065068734817,482.866941380206,174.09751873352116,1.0235768759612036,1.023356009673051,157.14249253674612,11.698098154788735,True
lift_and_cruse,cruise_93,0.8185515787168077,76.73921050470072,78.57124626837323,451.27892684456117,482.8414027652602,174.1083871740593,1.023876133228317,1.0234198950404092,157.14249253674646,11.714805190951335,True
lift_and_cruse,cruise_93,0.818287150538541,76.7144203629882,78.57124626839772,451.2483131251898,482.813055947986,174.12045271896014,1.0242084890721916,1.0234908170614356,157.14249253679543,11.733348602114361,True
lift_and_cruse,cruise_93,0.818048908397928,76.69208516230576,78.57124626840644,451.22072913844795,482.7875153638766,174.1313256394105,1.0245081165100123,1.023554728761996,157.14249253681288,11.750055638276963,True
lift_and_cruse,cruise_93,0.817884039396885,76.67662869345797,78.57124626841443,451.2016393295251,482.7698401854082,174.13885117721912,1.0247155679762585,1.0235989643398404,157.14249253682885,11.761617266028784,True
lift_and_cruse,cruise_93,0.8178251982674277,76.67111233757134,78.5712462684037,451.19482603820137,482.76353187917755,174.14153725683337,1.0247896269286179,1.0236147532823578,157.1424925368074,11.765743563199516,True
lift_and_cruse,cruise_94,0.8178251982674277,76.67111233757134,78.56927367818864,451.1923103200626,482.76020059230086,174.1369963119586,1.0247571905864643,1.0247571905864643,157.13854735637727,11.765743563199516,True
lift_and_cruse,cruise_94,0.8177663586141242,76.66559612007414,78.56927390901308,451.18549696860276,482.75389237024524,174.13968292649025,1.0248312588620283,1.0247730007107798,157.13854781802615,11.769869860370248,True
lift_and_cruse,cruise_94,0.8176014933891429,76.65014000523215,78.56927390903513,451.1664059165851,482.73621669584963,174.14720985449551,1.0250388422655314,1.0248172949949341,157.13854781807026,11.781431488122067,True
lift_and_cruse,cruise_94,0.8173632557676238,76.62780522821473,78.56927390905109,451.1388169615825,482.710673818618,174.15808837785906,1.0253389578506211,1.0248813126665137,157.13854781810218,11.798138524284669,True
lift_and_cruse,cruise_94,0.8170988313076692,76.60301543509398,78.56927390909027,451.108193337756,482.6823222742506,174.1701651158602,1.0256722672402714,1.0249523815626564,157.13854781818054,11.816681935447695,True
lift_and_cruse,cruise_94,0.8168605925163538,76.58068054840817,78.56927390911902,451.08060042988495,482.65677743450334,174.1810481227743,1.025972754591313,1.0250164256189263,157.13854781823804,11.833388971610297,True
lift_and_cruse,cruise_94,0.8166957258326599,76.56522429681186,78.56927390915473,451.0615044487221,482.63909931289095,174.18858064167094,1.0261808015795395,1.025060752804223,157.13854781830946,11.844950599362116,True
lift_and_cruse,cruise_94,0.8166368855301682,76.55970801845326,78.56927390912865,451.0546889548295,482.63278995662495,174.19126921294756,1.0262550731587856,1.0250765744435442,157.1385478182573,11.849076896532848,True
lift_and_cruse,cruise_95,0.8166368855301682,76.55970801845326,78.56729444083427,451.0521721553712,482.6294547791502,174.18671118553095,1.026222493193115,1.026222493193115,157.13458888166855,11.849076896532848,True
lift_and_cruse,cruise_95,0.8165780467092553,76.55419187899268,78.56729444094667,451.04535665314074,482.62314546251196,174.18939976022256,1.026296771106088,1.0262383329538198,157.13458888189334,11.853203193703582,True
lift_and_cruse,cruise_95,0.8164131838163383,76.53873598278172,78.56729444092205,451.02625943208153,482.6054668484577,174.19693366904067,1.0265049505777113,1.0262827190418182,157.1345888818441,11.8647648214554,True
lift_and_cruse,cruise_95,0.8161749495641175,76.51640152163601,78.5672944409498,450.9986615645293,482.57991972598234,174.20782228160678,1.0268059281494055,1.026346869395533,157.1345888818996,11.881471857618003,True
lift_and_cruse,cruise_95,0.8159105288429264,76.49161207902435,78.56729444091195,450.9680280512965,482.5515634734304,174.21991021958382,1.0271401951606218,1.0264180855851261,157.1345888818239,11.90001526878103,True
lift_and_cruse,cruise_95,0.8156722934193303,76.46927750806222,78.56729444094677,450.94042623584767,482.5260143951037,174.2308033193139,1.0274415461025128,1.026482262375006,157.13458888189354,11.91672230494363,True
lift_and_cruse,cruise_95,0.815507429065732,76.45382147491239,78.56729444093614,450.9213240918414,482.5083333421444,174.2383428235458,1.0276501911594145,1.0265266814284322,157.13458888187228,11.92828393269545,True
lift_and_cruse,cruise_95,0.815448589594755,76.44830527450829,78.56729444092109,450.9145063987232,482.5020229400651,174.2410338881221,1.0277246762756458,1.026542535858314,157.13458888184218,11.932410229866182,True
lift_and_cruse,cruise_96,0.815448589594755,76.44830527450829,78.56530779391001,450.91198857610124,482.4986838030401,174.2364580768968,1.0276919483276978,1.0276919483276978,157.13061558782002,11.932410229866182,True
lift_and_cruse,cruise_96,0.8153897516108211,76.44278921351447,78.56530781229,450.9051708711966,482.4923734446893,174.23914918649774,1.0277664400359159,1.027707821192077,157.13061562458,11.936536527036914,True
lift_and_cruse,cruise_96,0.8152248910628227,76.42733353713962,78.56530781215469,450.8860674905057,482.4746919027886,174.24669008038714,1.0279752181253852,1.0277522993456096,157.13061562430937,11.948098154788735,True
lift_and_cruse,cruise_96,0.8149866601984727,76.40499939360681,78.56530781215551,450.85846072399613,482.44914055215617,174.25758878843317,1.0282770613725314,1.0278165827603996,157.13061562431102,11.964805190951335,True
lift_and_cruse,cruise_96,0.8147222432366539,76.3802103034363,78.56530781216487,450.8278173364156,482.42077961042685,174.26968793373482,1.028612290106896,1.0278879466663546,157.13061562432975,11.983348602114361,True
lift_and_cruse,cruise_96,0.8144840111993416,76.35787604993826,78.5653078121585,450.80020662700014,482.39522631062385,174.28059113253593,1.0289145083375646,1.027952256568786,157.130615624317,12.000055638276963,True
lift_and_cruse,cruise_96,0.814319149188683,76.34242023643903,78.56530781229769,450.78109832952373,482.37754233820334,174.2881376269575,1.0291237540277356,1.0279967677557142,157.13061562459538,12.011617266028784,True
lift_and_cruse,cruise_96,0.8142603105538038,76.3369041144191,78.56530781218405,450.77427844056535,482.37123089451825,174.29083118615299,1.029198453594405,1.028012655068439,157.1306156243681,12.015743563199516,True
lift_and_cruse,cruise_97,0.8142603105538038,76.3369041144191,78.56331397170825,450.77175958942496,482.3678877847768,174.28623754794654,1.0291655770314208,1.0291655770314208,157.1266279434165,12.015743563199516,True
lift_and_cruse,cruise_97,0.8142014734114715,76.33138813232546,78.56331397160024,450.7649396933493,482.36157638173586,174.28893110936588,1.0292402829690053,1.0291814825941972,157.12662794320048,12.019869860370248,True
lift_and_cruse,cruise_97,0.8140366152213437,76.31593267700097,78.56331397159553,450.74583016240473,482.3438919238958,174.29647899327378,1.02944966224443,1.0292260530801216,157.12662794319107,12.031431488122067,True
lift_and_cruse,cruise_97,0.8137983877635764,76.29359885283527,78.56331397162839,450.7182145105603,482.3183363622631,174.30738780328042,1.0297523748779709,1.0292904699377186,157.12662794325678,12.048138524284669,True
lift_and_cruse,cruise_97,0.8135339745818941,76.26881011705258,78.56331397165717,450.6875612637821,482.289970750391,174.31949816288554,1.0300885694582451,1.0293619819825386,157.12662794331433,12.066681935447695,True
lift_and_cruse,cruise_97,0.8132957459495691,76.24647618277211,78.56331397159256,450.6599416740561,482.2644132462715,174.3304114670603,1.0303916586968915,1.0294264253783358,157.12662794318513,12.083388971610297,True
lift_and_cruse,cruise_97,0.8131308862947916,76.23102059013671,78.56331397159215,450.6408272326262,482.2467263662154,174.33796495539363,1.0306015075930426,1.0294710289585645,157.1266279431843,12.094950599362116,True
lift_and_cruse,cruise_97,0.8130720485006289,76.22550454693395,78.56331397159553,450.63400515115495,482.2404138852087,174.3406610112697,1.0306764225330192,1.0294869492511844,157.12662794319107,12.099076896532848,True
lift_and_cruse,cruise_98,0.8130720485006289,76.22550454693395,78.56131286737708,450.63148527835136,482.2370667785867,174.33604937491302,1.0306433959909689,1.0306433959909689,157.12262573475417,12.099076896532848,True
lift_and_cruse,cruise_98,0.813013212204557,76.21998864417722,78.56131286618313,450.624663190629,482.2307543385127,174.33874542979567,1.0307183173056025,1.0306593345829582,157.12262573236626,12.103203193703582,True
lift_and_cruse,cruise_98,0.8128483563853517,76.20453341112672,78.56131286618661,450.60554751892585,482.21306697660464,174.34630030781597,1.0309283003448144,1.0307039976642147,157.12262573237322,12.1147648214554,True
lift_and_cruse,cruise_98,0.8126101323530247,76.18219990809607,78.56131286618077,450.5779229954505,482.1875072211543,174.357219225944,1.0312318860949479,1.0307685483460751,157.12262573236154,12.131471857618003,True
lift_and_cruse,cruise_98,0.8123457229724053,76.15741152866299,78.56131286617763,450.54725990468813,482.1591369582265,174.3693408067517,1.0315690506668658,1.0308402089535813,157.12262573235526,12.15001526878103,True
lift_and_cruse,cruise_98,0.8121074977639168,76.1350779153672,78.56131286619312,450.51963144832644,482.1335752670326,174.38026422293916,1.0318730146557495,1.030904786227161,157.12262573238624,12.16672230494363,True
lift_and_cruse,cruise_98,0.8119426404780621,76.11962254481833,78.56131286619876,450.50051087239973,482.1158854912875,174.38782470989327,1.0320834693508518,1.030949482467426,157.12262573239752,12.17828393269545,True
lift_and_cruse,cruise_98,0.8118838035292698,76.11410658086905,78.56131286619497,450.49368660183023,482.1095719771893,174.39052326372644,1.0321586005877725,1.0309654358327618,157.12262573238993,12.182410229866182,True
lift_and_cruse,cruise_99,0.8118838035292698,76.11410658086905,78.55930444633904,450.4911657100643,482.106220853022,174.38589350029497,1.0321254229381516,1.0321254229381516,157.11860889267808,12.182410229866182,True
lift_and_cruse,cruise_99,0.8118249680841503,76.10859075788909,78.55930444634653,450.48434143358133,482.09990738062237,174.38859205546729,1.0322005605851208,1.0321413946853075,157.11860889269306,12.186536527036914,True
lift_and_cruse,cruise_99,0.8116601146490129,76.09313574834495,78.55930444633866,450.46521963062725,482.08221712657297,174.3961539319187,1.0324111499819104,1.0321861506272816,157.11860889267732,12.198098154788735,True
lift_and_cruse,cruise_99,0.8114218940611184,76.07080256822985,78.55930444634159,450.4375862492505,482.0566531945619,174.40708296458044,1.0327156126015151,1.032250835517968,157.11860889268317,12.214805190951335,True
lift_and_cruse,cruise_99,0.8111574885026365,76.04601454712218,78.55930444633438,450.40691332975706,482.0282782997369,174.4192157736503,1.033053751335344,1.0323226451147267,157.11860889266876,12.233348602114361,True
lift_and_cruse,cruise_99,0.8109192667369686,76.0236812565908,78.55930444632155,450.3792760205401,482.00271243871316,174.43014930790505,1.0333585938347114,1.0323873566486723,157.1186088926431,12.250055638276963,True
lift_and_cruse,cruise_99,0.8107544118331715,76.00822610935982,78.55930444632901,450.360149319642,481.9850197792316,174.43771679783205,1.0335696569344754,1.0324321458147265,157.11860889265802,12.261617266028784,True
lift_and_cruse,cruise_99,0.810695575734437,76.00271022510347,78.5593044463433,450.3533228633692,481.9787052363139,174.44041785123446,1.0336450053991622,1.0324481323479797,157.1186088926866,12.265743563199516,True
lift_and_cruse,cruise_100,0.810695575734437,76.00271022510347,78.55728842084439,450.35080100768715,481.9753500267517,174.43576928283667,1.033611672376525,1.033611672376525,157.11457684168877,12.265743563199516,True
lift_and_cruse,cruise_100,0.8106367411450225,75.99719448234586,78.55728862646102,450.3439745008444,481.9690355667088,174.43847081099005,1.0336870299747665,1.0336276801657762,157.11457725292203,12.269869860370248,True
lift_and_cruse,cruise_100,0.8104718901072693,75.98173969755649,78.55728862580729,450.3248465763256,481.95134243236373,174.4460396887493,1.0338982283293257,1.0336725292264415,157.11457725161458,12.281431488122067,True
lift_and_cruse,cruise_100,0.8102336729830492,75.95940684216086,78.5572886247929,450.29720435107504,481.92577434089503,174.45697883985002,1.0342035715781315,1.0337373486972994,157.1145772495858,12.298138524284669,True
lift_and_cruse,cruise_100,0.8099692712680603,75.93461918138065,78.5572886237659,450.2665216184029,481.8973948331902,174.469122881796,1.0345426886536953,1.0338093076972041,157.1145772475318,12.316681935447695,True
lift_and_cruse,cruise_100,0.8097310529644522,75.91228621541741,78.55728862278718,450.2388754703562,481.8718248194755,174.4800665382225,1.0348484134338658,1.0338741538641767,157.11457724557437,12.333388971610297,True
lift_and_cruse,cruise_100,0.8095662004560266,75.8968312927525,78.5572886220707,450.2197426542147,481.85412928810786,174.48764103378363,1.0350600875490392,1.033919036212886,157.1145772441414,12.344950599362116,True
lift_and_cruse,cruise_100,0.8095073652121012,75.89131548863449,78.5572886218187,450.2129140157167,481.84781372059604,174.49034458764893,1.0351356541734582,1.0339350560054066,157.1145772436374,12.349076896532848,True
lift_and_cruse,cruise_101,0.8095073652121012,75.89131548863449,78.55526544202836,450.2103910878424,481.8444545042733,174.48567824525628,1.0351021712594866,1.0351021712594866,157.11053088405671,12.349076896532848,True
lift_and_cruse,cruise_101,0.8094485314831137,75.8857998265419,78.55526544087097,450.20356244484645,481.83813897934357,174.4883817974724,1.0351777443213164,1.0351182095544182,157.11053088174194,12.353203193703582,True
lift_and_cruse,cruise_101,0.8092836828559719,75.87034526774735,78.55526544091153,450.184428408034,481.820442976961,174.49595768397057,1.0353895542750988,1.0351631520198534,157.11053088182305,12.3647648214554,True
lift_and_cruse,cruise_101,0.809045469214531,75.8480127388623,78.55526544097349,450.15677735227877,481.7948707437864,174.50690696460939,1.035695781976012,1.0352281064864717,157.11053088194697,12.381471857618003,True
lift_and_cruse,cruise_101,0.8087810713642283,75.8232254403964,78.55526544107026,450.1260848213153,481.76648664287876,174.51906225133308,1.0360358816393458,1.035300215348394,157.11053088214052,12.40001526878103,True
lift_and_cruse,cruise_101,0.8085428565417637,75.80089280079036,78.55526544113384,450.0984298478429,481.7409124942256,174.53001604083283,1.036342492531679,1.0353651965629482,157.11053088226768,12.41672230494363,True
lift_and_cruse,cruise_101,0.8083780064419093,75.785438103929,78.55526544119556,450.07929092571385,481.72321410328414,174.53759754982926,1.036554780317779,1.035410172382755,157.11053088239112,12.42828393269545,True
lift_and_cruse,cruise_101,0.8083191720575029,75.7799223803909,78.55526544121356,450.0724601082947,481.7168975155736,174.540303606943,1.0366305660502089,1.035426225537502,157.11053088242713,12.432410229866182,True
lift_and_cruse,cruise_102,0.8083191720575029,75.7799223803909,78.55323475035101,450.0699361777845,481.71353421117857,174.53561865842875,1.0365969280891727,1.0365969280891727,157.10646950070202,12.432410229866182,True
lift_and_cruse,cruise_102,0.808260339193766,75.77440679941556,78.55323474970386,450.06310535643377,481.70721766663314,174.53832471396066,1.0366727202816002,1.0366129998163833,157.10646949940772,12.436536527036914,True
lift_and_cruse,cruise_102,0.8080954929907512,75.75895246788293,78.55323474970331,450.04396521710754,481.68951880811073,174.54590761182473,1.0368851444632399,1.0366580359453543,157.10646949940661,12.448098154788735,True
lift_and_cruse,cruise_102,0.80785728285162,75.73662026733938,78.55323474974769,450.01630534499424,481.6639424504241,174.55686702572018,1.03719226041814,1.036723125781257,157.10646949949538,12.464805190951335,True
lift_and_cruse,cruise_102,0.807592888887679,75.7118333332199,78.55323474977335,449.98560303144524,481.6355537754123,174.56903356140288,1.0375333468946357,1.0367953849201716,157.1064694995467,12.483348602114361,True
lift_and_cruse,cruise_102,0.8073546775658865,75.68950102180186,78.55323474981108,449.95793924670556,481.60997550903795,174.5799974877513,1.0378408477109229,1.0368605015563055,157.10646949962216,12.500055638276963,True
lift_and_cruse,cruise_102,0.807189829888117,75.67404655201098,78.55323474985386,449.93879422840376,481.59227427043123,174.5875860126651,1.0380537518077098,1.0369055711052884,157.1064694997077,12.511617266028784,True
lift_and_cruse,cruise_102,0.8071309963680525,75.66853090950494,78.55323474984513,449.93196123557016,481.5859566667707,174.59029457388453,1.0381297575906345,1.0369216577142062,157.10646949969026,12.515743563199516,True
lift_and_cruse,cruise_103,0.8071309963680525,75.66853090950494,78.55119652573987,449.9294362982392,481.58258925908973,174.5855909584716,1.0380959638252083,1.0380959638252083,157.10239305147974,12.515743563199516,True
lift_and_cruse,cruise_103,0.8070721643745518,75.66301541011423,78.55119633515399,449.92260334377266,481.5762716613473,174.58829907934526,1.0381719735774622,1.0381120664676604,157.10239267030798,12.519869860370248,True
lift_and_cruse,cruise_103,0.8069073206096387,75.64756130715362,78.55119632841796,449.9034571130878,481.55856995745546,174.59588897738962,1.0383850145507896,1.0381571964379084,157.10239265683592,12.531431488122067,True
lift_and_cruse,cruise_103,0.8066691139930351,75.62522943684704,78.55119631837022,449.8757884408319,481.5329894907505,174.6068585074612,1.0386930224630584,1.0382224218945446,157.10239263674043,12.548138524284669,True
lift_and_cruse,cruise_103,0.8064047239379231,75.60044286918028,78.55119630957451,449.8450763621749,481.50459625932575,174.61903627873727,1.0390350999004627,1.0382948316228657,157.10239261914901,12.566681935447695,True
lift_and_cruse,cruise_103,0.8061665161370684,75.57811088785016,78.55119629997897,449.8174037823021,481.4790138908373,174.6300103259173,1.039343494359669,1.0383600839384886,157.10239259995794,12.583388971610297,True
lift_and_cruse,cruise_103,0.8060016708954229,75.56265664644589,78.55119629458832,449.7982526787283,481.4613098156178,174.6376058585118,1.0395570173597086,1.0384052474120957,157.10239258917665,12.594950599362116,True
lift_and_cruse,cruise_103,0.8059428382447125,75.55714108544178,78.55119629350445,449.7914175141783,481.45499120012886,174.6403169229333,1.0396332441306029,1.0384213675570526,157.1023925870089,12.599076896532848,True
lift_and_cruse,cruise_104,0.8059428382447125,75.55714108544178,78.54915071336751,449.7888915221086,481.451619713649,174.63559504004843,1.0395992964389957,1.0395992964389957,157.09830142673502,12.599076896532848,True
lift_and_cruse,cruise_104,0.8058840071260415,75.5516256680664,78.54915070379444,449.78205635656934,481.4453011408308,174.6383060838869,1.039675529605966,1.0396154351835998,157.09830140758888,12.603203193703582,True
lift_and_cruse,cruise_104,0.8057191658120852,75.53617179488299,78.5491507037999,449.76290404118737,481.42759660630475,174.64590301756405,1.0398891902196756,1.039660659451333,157.0983014075998,12.6147648214554,True
lift_and_cruse,cruise_104,0.8054809627365266,75.51384025654937,78.54915070380024,449.73522657827203,481.4020120520098,174.65688271657302,1.040198094218629,1.0397260211970998,157.09830140760047,12.631471857618003,True
lift_and_cruse,cruise_104,0.8052165766107288,75.48905405725583,78.54915070375883,449.70450474608504,481.3736142870128,174.66907177099017,1.0405411671426492,1.0397985821912856,157.09830140751765,12.65001526878103,True
lift_and_cruse,cruise_104,0.804978372349207,75.46672240773816,78.54915070378412,449.676823380766,481.34802783767685,174.68005598973636,1.0408504593726033,1.0398639708428823,157.09830140756824,12.66672230494363,True
lift_and_cruse,cruise_104,0.804813529556379,75.45126839591053,78.5491507037811,449.65766619917457,481.3303209400657,174.68765855934504,1.0410646041021459,1.0399092286611094,157.0983014075622,12.67828393269545,True
lift_and_cruse,cruise_104,0.8047546977795479,75.44575291683262,78.54915070376167,449.65082886587527,481.3240013174811,174.69037213346286,1.0411410528474512,1.0399253824683734,157.09830140752334,12.682410229866182,True
lift_and_cruse,cruise_105,0.8047546977795479,75.44575291683262,78.54709725629252,449.6483019218633,481.320625639234,174.68563079315794,1.0411069439903287,1.0411069439903287,157.09419451258503,12.682410229866182,True
lift_and_cruse,cruise_105,0.8046958675407598,75.44023758194623,78.54709724766232,449.64146458823996,481.31430605984826,174.6883443459172,1.0411833991491866,1.0411231164631745,157.09419449532464,12.686536527036914,True
lift_and_cruse,cruise_105,0.8045310286919249,75.42478393986796,78.5470972476764,449.62230619939584,481.2965987055217,174.69594830392955,1.0413976819970026,1.0411684352077817,157.0941944953528,12.698098154788735,True
lift_and_cruse,cruise_105,0.8042928291779035,75.40245273542845,78.54709724766977,449.59461996213673,481.2710100792367,174.70693815479783,1.0417074858302158,1.0412339334974832,157.09419449533954,12.714805190951335,True
lift_and_cruse,cruise_105,0.8040284470041904,75.37766690664284,78.54709724765458,449.5638883940069,481.24260779847754,174.7191384790081,1.042051558437817,1.0413066460737643,157.09419449530915,12.733348602114361,True
lift_and_cruse,cruise_105,0.8037902463025416,75.35533559086328,78.5470972476469,449.53619825948925,481.2170172839938,174.7301328531604,1.0423617522009812,1.0413721713217359,157.0941944952938,12.750055638276963,True
lift_and_cruse,cruise_105,0.8036254059727594,75.33988180994619,78.54709724764211,449.5170350108477,481.19930757511895,174.73774245157344,1.042576521283456,1.0414175236825043,157.09419449528423,12.761617266028784,True
lift_and_cruse,cruise_105,0.8035665750748878,75.33436641327073,78.5470972476449,449.5101955125211,481.19298694958735,174.74045853449493,1.0426531929516782,1.0414337112348357,157.0941944952898,12.765743563199516,True
lift_and_cruse,cruise_106,0.8035665750748878,75.33436641327073,78.54503609800365,449.5076675711053,481.18960710142187,174.7356981081515,1.042618924636866,1.042618924636866,157.0900721960073,12.765743563199516,True
lift_and_cruse,cruise_106,0.8035077457209364,75.3288511613378,78.54503609027256,449.5008280728911,481.18328651980784,174.7384141712511,1.0426956027498013,1.042635130934828,157.09007218054512,12.769869860370248,True
lift_and_cruse,cruise_106,0.8033429093511018,75.31339775166579,78.54503609023189,449.48166362036017,481.16557635785057,174.74602515770962,1.042910510529919,1.0426805444284801,157.09007218046378,12.781431488122067,True
lift_and_cruse,cruise_106,0.8031047134186698,75.2910668830003,78.54503609024,449.453968622865,481.1399836771912,174.75702516663887,1.043221218101854,1.0427461796570279,157.09007218048,12.798138524284669,True
lift_and_cruse,cruise_106,0.802840335219293,75.26628142680872,78.5450360902343,449.4232273344695,481.11157690022344,174.76923676742481,1.0435662947315663,1.0428190442532004,157.0900721804686,12.816681935447695,True
lift_and_cruse,cruise_106,0.8026021380975603,75.24395044664628,78.54503609023358,449.39552844487497,481.08598233822954,174.78024130321938,1.0438773939424908,1.0428847064928026,157.09007218046716,12.833388971610297,True
lift_and_cruse,cruise_106,0.802437300244692,75.22849689793986,78.54503609021982,449.3763591389672,481.06826983029464,174.78785793467605,1.0440927900891601,1.0429301536692221,157.09007218043965,12.844950599362116,True
lift_and_cruse,cruise_106,0.8023784702307284,75.22298158413079,78.54503609019342,449.3695174791169,481.0619482061625,174.79057652779804,1.0441696856478155,1.042946375063408,157.09007218038684,12.849076896532848,True
lift_and_cruse,cruise_107,0.8023784702307284,75.22298158413079,78.54296718103755,449.3669885434754,481.0585641654256,174.78579687310275,1.044135256632893,1.044135256632893,157.0859343620751,12.849076896532848,True
lift_and_cruse,cruise_107,0.8023196417666061,75.21746641561931,78.5429671746294,449.3601468840743,481.0522425860285,174.78851544903725,1.0442121586738102,1.044151496859684,157.0859343492588,12.85320319370358,True
lift_and_cruse,cruise_107,0.8021548078897588,75.20201323966488,78.54296717464015,449.3409763776324,481.0345296286803,174.79613346842652,1.0444276941020858,1.0441970053779521,157.0859343492803,12.8647648214554,True
lift_and_cruse,cruise_107,0.8019166155591241,75.17968270866788,78.54296717462397,449.31327263407667,481.008932911302,174.8071436414488,1.0447393093386759,1.04426277794094,157.08593434924794,12.881471857618003,True
lift_and_cruse,cruise_107,0.8016522413565078,75.1548976271726,78.54296717461204,449.2825216411517,480.9805216577379,174.81936652557619,1.045085394353886,1.0443357949965786,157.0859343492241,12.90001526878103,True
lift_and_cruse,cruise_107,0.80141404783489,75.13256698452093,78.54296717461844,449.25481401066367,480.9549230659156,174.8303812291359,1.0453974029489854,1.0444015946240872,157.08593434923688,12.91672230494363,True
lift_and_cruse,cruise_107,0.8012492124729109,75.1171136693354,78.54296717461335,449.23563865730654,480.93720777116533,174.83800489790997,1.0456134288869143,1.044447136890646,157.0859343492267,12.92828393269545,True
lift_and_cruse,cruise_107,0.8011903833478428,75.11159843886027,78.54296717459694,449.2287948394294,480.93088515281056,174.8407260028378,1.04569054931029,1.0444633922251354,157.08593434919388,12.932410229866182,True
lift_and_cruse,cruise_108,0.8011903833478428,75.11159843886027,78.54089044731452,449.2262649129219,480.9274968964742,174.83592697443697,1.045655958330401,1.045655958330401,157.08178089462905,12.932410229866182,True
lift_and_cruse,cruise_108,0.8011315557785819,75.10608335424205,78.54089044202796,449.2194210958885,480.9211743236277,174.83864806425018,1.0457330852704383,1.045672232581498,157.08178088405592,12.936536527036914,True
lift_and_cruse,cruise_108,0.8009667244088201,75.09063041332689,78.54089044203369,449.20024454538395,480.9034585831318,174.84627312066357,1.0459492510760946,1.0457178363987982,157.08178088406737,12.948098154788735,True
lift_and_cruse,cruise_108,0.8007285357003523,75.06830022190802,78.54089044200062,449.17253206998663,480.8778578467525,174.85729346390082,1.0462617779263839,1.0457837466940578,157.08178088400123,12.964805190951335,True
lift_and_cruse,cruise_108,0.8004641655170996,75.04351551722809,78.54089044203147,449.1417713883153,480.84944213627546,174.8695276382519,1.0466088757162681,1.045856916651325,157.08178088406294,12.983348602114361,True
lift_and_cruse,cruise_108,0.8002259756159572,75.02118521399599,78.54089044200786,449.11405503117976,480.82383953235194,174.88055251559257,1.046921797654008,1.0459228540640788,157.08178088401573,13.000055638276963,True
lift_and_cruse,cruise_108,0.8000611427589547,75.00573213365202,78.54089044200924,449.0948736402311,480.80612146306356,174.88818322590166,1.047138456125643,1.0459684916961094,157.08178088401849,13.011617266028784,True
lift_and_cruse,cruise_108,0.8000023145278092,75.00021698698211,78.540890441994,449.0880276678487,480.7997978548673,174.89090684411772,1.0472158023929294,1.0459847810690384,157.081780883988,13.015743563199516,True
lift_and_cruse,cruise_109,0.8000023145278092,75.00021698698211,78.53880583809277,449.0854967537126,480.7964053598064,174.88608829682477,1.0471810481791712,1.0471810481791712,157.07761167618554,13.015743563199516,True
lift_and_cruse,cruise_109,0.7999434878584815,74.99470198673264,78.53880583371897,449.07865078261597,480.7900817978546,174.88881190153467,1.0472584009949164,1.0471973565503099,157.07761166743794,13.019869860370248,True
lift_and_cruse,cruise_109,0.7997786590100158,74.97924928218897,78.5388058337135,449.0594681979244,480.7723632865015,174.89644399916665,1.0474751999234866,1.0472430559428454,157.077611667427,13.031431488122067,True
lift_and_cruse,cruise_109,0.7995404739442453,74.95691943227298,78.53880583372215,449.0317470049479,480.7467585489016,174.90747451883226,1.0477886423598057,1.0473091043704696,157.0776116674443,13.048138524284669,True
lift_and_cruse,cruise_109,0.7992761078031383,74.93213510654421,78.5388058336929,449.0009766504063,480.71833840122304,174.91971998991457,1.0481367573366798,1.0473824276711867,157.0776116673858,13.066681935447695,True
lift_and_cruse,cruise_109,0.7990379215429926,74.90980514465556,78.53880583369344,448.9732515809038,480.69273180299604,174.9307550472366,1.04845059659942,1.047448503269342,157.0776116673869,13.083388971610297,True
lift_and_cruse,cruise_109,0.7988730912051653,74.89435230048424,78.53880583370642,448.9540641622579,480.67501097148494,174.93839280329624,1.0486678903630164,1.0474942365433497,157.07761166741284,13.094950599362116,True
lift_and_cruse,cruise_109,0.7988142638730094,74.88883723809462,78.53880583369133,448.94721603890235,480.6686863778428,174.9411189363023,1.0487454634591638,1.0475105600533932,157.07761166738266,13.099076896532848,True
lift_and_cruse,cruise_110,0.7988142638730094,74.88883723809462,78.53671329400534,448.944684140425,480.6652896206743,174.93628072326172,1.048710544727956,1.048710544727956,157.07342658801068,13.099076896532848,True
lift_and_cruse,cruise_110,0.7987554381087276,74.88332232269322,78.53671328984503,448.9378360189542,480.6589650738759,174.93900684275098,1.04878812439508,1.0487268873084818,157.07342657969005,13.10320319370358,True
lift_and_cruse,cruise_110,0.7985906117958818,74.86786985586392,78.53671328980953,448.9186474099913,480.64124380398954,174.94664598574803,1.0490055592076568,1.0487726825533594,157.07342657961905,13.1147648214554,True
lift_and_cruse,cruise_110,0.7983524303935037,74.84554034939097,78.53671328983167,448.8909175137718,480.6156350829847,174.95768668782873,1.049319921223944,1.0488388695138078,157.07342657966333,13.131471857618003,True
lift_and_cruse,cruise_110,0.7980880683175071,74.82075640476629,78.53671328982055,448.8601375022574,480.5872105179111,174.96994346254206,1.0496690578278596,1.048912346604055,157.0734265796411,13.15001526878103,True
lift_and_cruse,cruise_110,0.7978498857190438,74.79842678616036,78.53671328983017,448.832403734738,480.5615999432179,174.9809887058643,1.049983818419902,1.048978560788404,157.07342657966035,13.16672230494363,True
lift_and_cruse,cruise_110,0.7976850579147039,74.7829741795035,78.53671328981821,448.81321029833566,480.5438763618275,174.98863351178017,1.0502017502490084,1.049024389981429,157.07342657963642,13.17828393269545,True
lift_and_cruse,cruise_110,0.7976262314866449,74.77745920187296,78.53671328981261,448.8063600275517,480.53755078715017,174.99136216108758,1.050279551164713,1.0490407477277452,157.07342657962522,13.182410229866182,True
lift_and_cruse,cruise_111,0.7976262314866449,74.77745920187296,78.53461275496575,448.80382714796707,480.53414974432513,174.9865041348527,1.0502444666239528,1.0502444666239528,157.0692255099315,13.182410229866182,True
lift_and_cruse,cruise_111,0.7975674066325619,74.77194437180268,78.53461275141177,448.7969768795867,480.5278242171717,174.9892327715215,1.0503222741383387,1.050260843518714,157.06922550282354,13.186536527036914,True
lift_and_cruse,cruise_111,0.7974025828697715,74.75649214404109,78.53461275139797,448.77778225629083,480.5101002011266,174.99687896417524,1.0505403476128088,1.0503067348951092,157.06922550279594,13.198098154788735,True
lift_and_cruse,cruise_111,0.7971644051516423,74.73416298296648,78.53461275138429,448.7500436712228,480.48448751458164,175.00792985459296,1.0508556332257133,1.0503730607901822,157.06922550276857,13.214805190951335,True
lift_and_cruse,cruise_111,0.7969000471639,74.70937942161562,78.53461275139244,448.71925401871005,480.4560585519624,175.0201979396324,1.051205795921206,1.0504466921167377,157.0692255027849,13.233348602114361,True
lift_and_cruse,cruise_111,0.7966618682479663,74.68705014824684,78.5346127513807,448.6915115675819,480.4304440186891,175.0312533749097,1.0515214818696406,1.0505130452894211,157.0692255027614,13.250055638276963,True
lift_and_cruse,cruise_111,0.7964970429915382,74.67159778045671,78.53461275137573,448.6723121233871,480.412717699813,175.03890523492524,1.0517400545546491,1.0505589706805272,157.06922550275146,13.261617266028784,True
lift_and_cruse,cruise_111,0.7964382174727237,74.66608288806785,78.53461275138699,448.66545970873227,480.4063911485241,175.04163640204283,1.0518180842863227,1.0505753627626873,157.06922550277397,13.265743563199516,True
lift_and_cruse,cruise_112,0.7964382174727237,74.66608288806785,78.53250416020762,448.66292585156515,480.40298579600505,175.03675841089836,1.0517828326140468,1.0517828326140468,157.06500832041525,13.265743563199516,True
lift_and_cruse,cruise_112,0.7963793935340335,74.66056814381565,78.53250415687263,448.6560734399229,480.3966592928433,175.0394895653362,1.0518608689668427,1.0517992439174613,157.06500831374527,13.269869860370248,True
lift_and_cruse,cruise_112,0.796214572335852,74.64511615648613,78.53250415689627,448.63687281227857,480.37893254304356,175.04714281183803,1.0520795838965737,1.051845231705155,157.06500831379253,13.281431488122067,True
lift_and_cruse,cruise_112,0.7959763983229975,74.62278734278101,78.53250415687404,448.60912555279555,480.3533159088916,175.05820389666053,1.052395797146823,1.0519116969392692,157.06500831374808,13.298138524284669,True
lift_and_cruse,cruise_112,0.7957120444468412,74.59800416689136,78.53250415685129,448.5783262753309,480.3248825686247,175.07048329857764,1.0527469904234281,1.0519854829499817,157.06500831370258,13.316681935447695,True
lift_and_cruse,cruise_112,0.7954738692344535,74.57567524073,78.53250415685208,448.55057515504296,480.2992640947243,175.08154893189456,1.0530636057794058,1.0520519755156599,157.06500831370417,13.333388971610297,True
lift_and_cruse,cruise_112,0.7953090465404785,74.56022311316987,78.53250415685253,448.5313697130651,480.28153505078586,175.0892078501579,1.0532828221263097,1.0520979973845457,157.06500831370505,13.344950599362116,True
lift_and_cruse,cruise_112,0.7952502219360976,74.55470830650914,78.53250415686253,448.5245151581164,480.27520752731664,175.0919415365246,1.0533610816757295,1.0521144239021316,157.06500831372506,13.349076896532848,True
lift_and_cruse,cruise_113,0.7952502219360976,74.55470830650914,78.53038744828659,448.521980326767,480.27179784096086,175.0870434288945,1.053325661545512,1.053325661545512,157.06077489657318,13.349076896532848,True
lift_and_cruse,cruise_113,0.7951913989180366,74.54919364856592,78.53038744490621,448.51512577549767,480.2654703661752,175.0897771019647,1.0534039277352023,1.0533421073540579,157.06077488981242,13.35320319370358,True
lift_and_cruse,cruise_113,0.7950265802991334,74.53374190304376,78.53038744488448,448.4959191535481,480.2477408950422,175.0974374062671,1.0536232869283546,1.053388191832606,157.06077488976896,13.3647648214554,True
lift_and_cruse,cruise_113,0.7947884100127482,74.51141343869514,78.53038744490357,448.46816323413344,480.2221203312735,175.10850869159054,1.0539404318802457,1.0534547968121015,157.06077488980713,13.381471857618003,True
lift_and_cruse,cruise_113,0.794524060271697,74.4866306504716,78.53038744488587,448.43735434780615,480.19368263333337,175.12079941710542,1.0542926602544935,1.0535287379577756,157.06077488977175,13.40001526878103,True
lift_and_cruse,cruise_113,0.7942858887840406,74.4643020735038,78.53038744490779,448.40959457286806,480.1680602368062,175.13187525445903,1.0546102090921396,1.0535953703223366,157.06077488981558,13.41672230494363,True
lift_and_cruse,cruise_113,0.7941210686671765,74.44885018754779,78.53038744487813,448.39038314316144,480.1503284802592,175.1395412350286,1.0548300719226817,1.053641488949373,157.06077488975626,13.42828393269545,True
lift_and_cruse,cruise_113,0.79406224498246,74.44333546710563,78.53038744488752,448.38352645150513,480.14399998905816,175.1422774421245,1.0549085622976717,1.0536579500026468,157.06077488977505,13.432410229866182,True
lift_and_cruse,cruise_114,0.79406224498246,74.44333546710563,78.52826255705685,448.380990649444,480.14058594443287,175.13735906447533,1.0548729723664279,1.0548729723664279,157.0565251141137,13.432410229866182,True
lift_and_cruse,cruise_114,0.7940034228903062,74.43782089596621,78.52826255362666,448.37413396213964,480.1342575024734,175.14009525763794,1.0549514694007587,1.0548894527806,157.05652510725332,13.436536527036914,True
lift_and_cruse,cruise_114,0.7938386068654688,74.4223693936377,78.5282625536335,448.35492135593205,480.1165253224969,175.14776262403666,1.0551714756837711,1.0549356342328409,157.056525107267,13.448098154788735,True
lift_and_cruse,cruise_114,0.7936004403269178,74.40004128064854,78.52826255362733,448.32715679114995,480.0909008471316,175.15884411566293,1.0554895564234676,1.0550023793640482,157.05652510725466,13.464805190951335,True
lift_and_cruse,cruise_114,0.793336094744679,74.37525888231366,78.52826255362756,448.29633831211527,480.06245881154683,175.17114617141638,1.0558428244376339,1.055076476096968,157.0565251072551,13.483348602114361,True
lift_and_cruse,cruise_114,0.7930979270031092,74.35293065654149,78.52826255360046,448.2685698971084,480.03683251043105,175.1822322186026,1.0561613108535524,1.0551432486668502,157.0565251072009,13.500055638276963,True
lift_and_cruse,cruise_114,0.7929331094781316,74.33747901357484,78.52826255361619,448.2493524897423,480.01909805378807,175.189905265769,1.056381823007208,1.055189464335025,157.05652510723237,13.511617266028784,True
lift_and_cruse,cruise_114,0.7928742867183525,74.33196437984553,78.52826255360586,448.242493664983,480.01276859931266,175.19264399501998,1.0564605452211318,1.0552059600243566,157.0565251072117,13.515743563199516,True
lift_and_cruse,cruise_115,0.7928742867183525,74.33196437984553,78.5261294236605,448.23995689579357,480.0093501716515,175.18770519138727,1.0564247841262768,1.0564247841262768,157.052258847321,13.515743563199516,True
lift_and_cruse,cruise_115,0.7928154655574265,74.32644989600874,78.52612942036538,448.233098076018,480.0030207670202,175.190443906539,1.0565035130213802,1.0564412992496401,157.05225884073076,13.519869860370248,True
lift_and_cruse,cruise_115,0.7926506521415617,74.31099863827141,78.52612942037989,448.2138794956595,479.98528589070736,175.19811833908904,1.0567241692357021,1.0564875779581893,157.05225884075978,13.531431488122067,True
lift_and_cruse,cruise_115,0.7924124893723818,74.28867087866081,78.52612942036022,448.18610630011176,479.95965752183497,175.2092100429803,1.0570431898740325,1.0565544636501738,157.05225884072044,13.548138524284669,True
lift_and_cruse,cruise_115,0.792148147972855,74.26388887245517,78.52612942033248,448.1552782445993,479.93121116868133,175.22152343544658,1.057397502095813,1.0566287164235855,157.05225884066496,13.566681935447695,True
lift_and_cruse,cruise_115,0.7919099839988991,74.24156099989679,78.52612942036174,448.12750120412295,479.90558098110347,175.23261969863677,1.0577169302126022,1.0566956296092596,157.05225884072348,13.583388971610297,True
lift_and_cruse,cruise_115,0.7917451690807028,74.22610960131588,78.52612942035495,448.1082778292352,479.8878438368854,175.24029981634857,1.057938094543361,1.0567419426007272,157.0522588407099,13.594950599362116,True
lift_and_cruse,cruise_115,0.7916863472511764,74.22059505479778,78.52612942034357,448.1014168749829,479.8815134236135,175.2430410692592,1.0580170496159305,1.0567584730273982,157.05225884068713,13.599076896532848,True
lift_and_cruse,cruise_116,0.7916863472511764,74.22059505479778,78.52398798448486,448.0988791423463,479.8780905878265,175.23808168138817,1.0579811159760972,1.0579811159760972,157.04797596896972,13.599076896532848,True
lift_and_cruse,cruise_116,0.7916275270268422,74.21508065876645,78.52398798164135,448.09201819365,479.87176022506566,175.24082292071853,1.058060077755711,1.057997665914433,157.0479759632827,13.60320319370358,True
lift_and_cruse,cruise_116,0.7914627162349779,74.19962964702917,78.52398798160525,448.0727936492933,479.85402266495316,175.24850442337618,1.0582813867587366,1.0580440421625414,157.0479759632105,13.6147648214554,True
lift_and_cruse,cruise_116,0.7912245572568813,74.17730224283262,78.52398798163404,448.04501183762704,479.8283904207269,175.2596063455818,1.058601351430942,1.0581110688266768,157.04797596326807,13.631471857618003,True
lift_and_cruse,cruise_116,0.7909602200641593,74.15252063101494,78.52398798161688,448.0141742219097,479.79993977015664,175.27193108140463,1.058956712455591,1.0581854780968243,157.04797596323377,13.65001526878103,True
lift_and_cruse,cruise_116,0.7907220598795197,74.13019311370498,78.52398798159653,447.9863885706641,479.77430571425396,175.28303756625874,1.059277086416856,1.0582525323074603,157.04797596319307,13.66672230494363,True
lift_and_cruse,cruise_116,0.7905572475831206,74.11474196091756,78.52398798160388,447.96715923840856,479.7565658950394,175.29072475868563,1.0594989057966089,1.05829894290694,157.04797596320776,13.67828393269545,True
lift_and_cruse,cruise_116,0.7904984266892054,74.109227502113,78.52398798160071,447.96029615828877,479.7502345274608,175.29346853673678,1.059578094753334,1.0583155081725302,157.04797596320142,13.682410229866182,True
lift_and_cruse,cruise_117,0.7904984266892054,74.109227502113,78.52183817521957,447.95775746595507,479.7468072581581,175.2884884043717,1.0595419871699592,1.0595419871699592,157.04367635043914,13.682410229866182,True
lift_and_cruse,cruise_117,0.7904396074070184,74.10371319440797,78.52183797491851,447.9508944345738,479.74047590119886,175.29123171076193,1.0596211801880309,1.0595585692531901,157.04367594983702,13.686536527036914,True
lift_and_cruse,cruise_117,0.7902747992547384,74.08826243013172,78.52183797068206,447.93166393731974,479.7227356690599,175.2989202780386,1.0598431447978254,1.0596050432682549,157.0436759413641,13.698098154788735,True
lift_and_cruse,cruise_117,0.7900366440902402,74.06593538346002,78.5218379701968,447.90387352442474,479.69709956760323,175.3100324230973,1.0601640576530527,1.0596722113085775,157.0436759403936,13.714805190951335,True
lift_and_cruse,cruise_117,0.7897723111293126,74.04115416837305,78.52183797090187,447.8730263647545,479.6686446400149,175.32236851038246,1.060520472109587,1.0597467775425327,157.04367594180374,13.733348602114361,True
lift_and_cruse,cruise_117,0.7895341547564918,74.01882700842111,78.52183797097213,447.8452321174968,479.64300673407166,175.3334852230487,1.060841796084562,1.0598139731920384,157.04367594194426,13.750055638276963,True
lift_and_cruse,cruise_117,0.789369345097468,74.00337610288763,78.52183796644339,447.8259968390801,479.62526425157506,175.34117948378318,1.0610642733392985,1.059860481621557,157.04367593288677,13.761617266028784,True
lift_and_cruse,cruise_117,0.7893105251447232,73.9978617323178,78.52183797141288,447.8191316356918,479.6189319352114,175.34392579980468,1.0611436972775103,1.0598770818966883,157.04367594282576,13.765743563199516,True
lift_and_cruse,cruise_118,0.7893105251447232,73.9978617323178,78.51968007320176,447.8165919135583,479.6155002773948,175.33892555808467,1.0611074189852423,1.0611074189852423,157.0393601464035,13.765743563199516,True
lift_and_cruse,cruise_118,0.789251706809826,73.9923475134212,78.51967993075333,447.80972674811795,479.60916798300076,175.3416715245381,1.0611868477171815,1.061124036888921,157.03935986150665,13.769869860370248,True
lift_and_cruse,cruise_118,0.789086901311549,73.97689699795772,78.51967993075792,447.79049030631177,479.59142509311215,175.34936717992775,1.0614094709402184,1.0611706090747715,157.03935986151583,13.781431488122067,True
lift_and_cruse,cruise_118,0.7888487499814487,73.95457031076081,78.51967993400876,447.7626913059395,479.56578515345427,175.36048956362364,1.061731336221558,1.061237918965139,157.03935986801753,13.798138524284669,True
lift_and_cruse,cruise_118,0.7885844212753611,73.9297894945651,78.51967996223607,447.73183461284094,479.537325974523,175.3728370711242,1.0620888091245764,1.0613126429990245,157.03935992447214,13.816681935447695,True
lift_and_cruse,cruise_118,0.788346268735025,73.9074626939086,78.51967997784762,447.7040317809227,479.511684239886,175.38396405338716,1.0624110875192232,1.0613799807187725,157.03935995569523,13.833388971610297,True
lift_and_cruse,cruise_118,0.7881814617276751,73.89201203696955,78.5196799735987,447.6847905654835,479.4939391076541,175.39166539751102,1.0626342256200978,1.0614265873314226,157.0393599471974,13.844950599362116,True
lift_and_cruse,cruise_118,0.7881226427211854,73.88649775511112,78.51968002105568,447.67792323438425,479.48760585473934,175.3944143401599,1.062713886087289,1.0614432232462931,157.03936004211135,13.849076896532848,True
lift_and_cruse,cruise_119,0.7881226427211854,73.88649775511112,78.51751318822615,447.6753826531207,479.4841696228444,175.389392025304,1.0626774251564075,1.0626774251564075,157.0350263764523,13.849076896532848,True
lift_and_cruse,cruise_119,0.7880638253392539,73.88098362555506,78.51751318261898,447.6685153403941,479.47783641184765,175.39214083632552,1.0627570917100286,1.0626940800942282,157.03502636523797,13.85320319370358,True
lift_and_cruse,cruise_119,0.7878990225107991,73.86553336038742,78.51751318203675,447.6492729653576,479.4600908759161,175.39984357273556,1.0629803763886436,1.0627407506710536,157.0350263640735,13.8647648214554,True
lift_and_cruse,cruise_119,0.7876608750380159,73.84320703481399,78.51751318527458,447.6214653931995,479.4344471156378,175.41097619216808,1.0633031982504781,1.062808202774155,157.03502637054916,13.881471857618003,True
lift_and_cruse,cruise_119,0.7873965506122457,73.81842661989803,78.51751318527587,447.5905991951775,479.40598369427755,175.423334997075,1.0636617335188823,1.0628830842867987,157.03502637055175,13.90001526878103,True
lift_and_cruse,cruise_119,0.7871584019275566,73.79610018070842,78.51751318527077,447.56278780021273,479.3803381429224,175.43447218246533,1.0639849701267683,1.0629505640548589,157.03502637054154,13.91672230494363,True
lift_and_cruse,cruise_119,0.7869935975878727,73.78064977386308,78.51751319012155,447.54354065618253,479.3625903755072,175.4421806345002,1.0642087721138627,1.0629972692624303,157.0350263802431,13.92828393269545,True
lift_and_cruse,cruise_119,0.78693477953338,73.77513558125437,78.51751318799585,447.5366712208246,479.356256171624,175.44493199167712,1.0642886689058133,1.0630139396273064,157.0350263759917,13.932410229866182,True
lift_and_cruse,cruise_120,0.78693477953338,73.77513558125437,78.51533787284343,447.5341296728659,479.3528154461122,175.4398886409757,1.0642520309077366,1.0642520309077366,157.03067574568686,13.932410229866182,True
lift_and_cruse,cruise_120,0.7868759631099259,73.76962154155557,78.5153378869207,447.52726024170767,479.34648129899426,175.44264002654205,1.064331934743919,1.0642687213405648,157.0306757738414,13.936536527036914,True
lift_and_cruse,cruise_120,0.7867111629667942,73.75417152813696,78.51533788495206,447.50801194390544,479.3287331295497,175.45034984613557,1.0645558837923284,1.0643154905857115,157.03067576990412,13.948098154788735,True
lift_and_cruse,cruise_120,0.7864730193737002,73.73184556628439,78.51533788251274,447.48019581605337,479.3030855658327,175.46149269397887,1.0648796663891151,1.0643830852390095,157.03067576502548,13.964805190951335,True
lift_and_cruse,cruise_120,0.7862086992530778,73.70706555497604,78.51533787997334,447.44932012411647,479.27461792770134,175.47386286226094,1.06523926907263,1.0644581250536083,157.0306757599467,13.983348602114361,True
lift_and_cruse,cruise_120,0.7859705544462904,73.68473947933973,78.51533787790238,447.42150017808154,479.2489685807748,175.4850102879962,1.0655634683194635,1.0645257474772776,157.03067575580477,14.000055638276963,True
lift_and_cruse,cruise_120,0.7858057527897078,73.66928932403509,78.51533787648647,447.40224711906365,479.231218187724,175.49272581634477,1.0657879369234806,1.0645725513528277,157.03067575297294,14.011617266028784,True
lift_and_cruse,cruise_120,0.7857469356927048,73.66377522119107,78.5153378767619,447.39537557197474,479.224883048111,175.4954797099767,1.0658680717933395,1.0645892570000632,157.0306757535238,14.015743563199516,True
lift_and_cruse,cruise_121,0.7857469356927048,73.66377522119107,78.51315392272133,447.39283308035783,479.2214377841092,175.49041494953744,1.0658312540589832,1.0658312540589832,157.02630784544266,14.015743563199516,True
lift_and_cruse,cruise_121,0.7856881202331152,73.65826127185454,78.51315392398425,447.38628859861944,479.2154053916897,175.4930345011357,1.0659113590884224,1.0658471637596119,157.0263078479685,14.019869860370248,True
lift_and_cruse,cruise_121,0.7855233228124594,73.64281151366808,78.51315392398342,447.36914831498694,479.1996150483022,175.49990518499712,1.0661358725746246,1.0658888924750995,157.02630784796685,14.031431488122067,True
lift_and_cruse,cruise_121,0.7852851832102142,73.6204859259576,78.51315392398044,447.3443789078805,479.1767970900601,175.509834973409,1.066460471306418,1.0659492004915723,157.02630784796088,14.048138524284669,True
lift_and_cruse,cruise_121,0.7850208675976951,73.59570633728391,78.51315392397957,447.3168855827935,479.15147071863174,175.52085809390834,1.0668209805279258,1.0660161487995403,157.02630784795915,14.066681935447695,True
lift_and_cruse,cruise_121,0.7847827269234229,73.5733806490709,78.51315392398081,447.29211372850676,479.1286521313339,175.5307912832643,1.0671459971646706,1.0660764774714573,157.02630784796162,14.083388971610297,True
lift_and_cruse,cruise_121,0.7846179281659709,73.55793076555976,78.51315392398168,447.2749703932901,479.112861003525,175.53766620802634,1.0673710317700063,1.0661182319438185,157.02630784796335,14.094950599362116,True
lift_and_cruse,cruise_121,0.7845591121114509,73.55241676044852,78.5131539239855,447.2688518729766,479.10722518043303,175.5401200273997,1.0674513687022564,1.0661331350790164,157.026307847971,14.099076896532848,True
lift_and_cruse,cruise_122,0.7845591121114509,73.55241676044852,75.23217978835356,447.968263791591,478.42834783926065,167.94086963120145,1.0228376320163826,1.0228376320163826,150.46435957670712,14.099076896532848,True
lift_and_cruse,cruise_122,0.7845028049024685,73.54713795960642,75.23217890825379,447.96245373654125,478.42297527768534,167.9430912551314,1.0229113101323886,1.0228511627344545,150.46435781650757,14.10320319370358,True
lift_and_cruse,cruise_122,0.7843450354662245,73.53234707495854,75.23217890823798,447.9461735447955,478.4079221876847,167.94932222563466,1.02311784178089,1.022889112228992,150.46435781647597,14.1147648214554,True
lift_and_cruse,cruise_122,0.7841170516540039,73.51097359256286,75.23217890821368,447.92264732830427,478.3861698045113,167.95832732336348,1.0234164361975762,1.022943957442413,150.46435781642737,14.131471857618003,True
lift_and_cruse,cruise_122,0.7838640081987333,73.48725076863124,75.23217890819468,447.896534286456,478.36202642733036,167.96832372948313,1.0237480553627498,1.023004840182788,150.46435781638937,14.15001526878103,True
lift_and_cruse,cruise_122,0.7836360234599781,73.46587719937294,75.23217890816034,447.8730064263467,478.34027394720187,167.97733153381913,1.0240470182008374,1.0230597018806995,150.46435781632067,14.16672230494363,True
lift_and_cruse,cruise_122,0.7834782528683638,73.4510862064091,75.23217890814769,447.8567241850394,478.32522073630304,167.98356587944184,1.0242540092637056,1.0230976719312768,150.46435781629538,14.17828393269545,True
lift_and_cruse,cruise_122,0.7834219451451933,73.44580735736187,75.23217890814075,447.85091302982147,478.3198483020088,167.98579104053758,1.024327903803764,1.0231112241923257,150.4643578162815,14.182410229866182,True
lift_and_cruse,cruise_123,0.7834219451451933,73.44580735736187,79.70996533269357,446.88766610322193,479.23952103187037,178.366894812179,1.0852895243543645,1.0852895243543645,159.41993066538714,14.182410229866182,True
lift_and_cruse,cruise_123,0.7833622120725925,73.44020738180555,79.70996533549929,446.88143257314374,479.23378837986684,178.36943818915978,1.0853726168124396,1.0853049997619317,159.41993067099858,14.186536527036914,True
lift_and_cruse,cruise_123,0.7831948435480883,73.42451658263329,79.7099653332129,446.86396617923407,479.21772570839903,178.37656512054642,1.0856055044433102,1.0853483642213673,159.4199306664258,14.198098154788735,True
lift_and_cruse,cruise_123,0.7829529885688313,73.40184267832792,79.7099653334907,446.83872537987037,479.19451412315993,178.38686533055093,1.0859422137143238,1.0854110367819245,159.4199306669814,14.214805190951335,True
lift_and_cruse,cruise_123,0.7826845491652823,73.37667648424522,79.70996533320907,446.8107086433217,479.16875071695347,178.3982997595656,1.0863161777768702,1.0854806106007637,159.41993066641814,14.233348602114361,True
lift_and_cruse,cruise_123,0.7824426930533352,73.35400247375019,79.70996533320778,446.7854650261096,479.14553824723566,178.40860368160807,1.0866533286860605,1.0855433057475523,159.41993066641555,14.250055638276963,True
lift_and_cruse,cruise_123,0.7822753231163901,73.33831154216158,79.70996533324583,446.7679951178246,479.1294744733917,178.4157352480403,1.0868867670673696,1.0855866984093425,159.41993066649167,14.261617266028784,True
lift_and_cruse,cruise_123,0.782215589415196,73.33271150767463,79.70996533320135,446.76176002453764,479.1237413299829,178.41828067878473,1.0869701045796423,1.0856021863132206,159.4199306664027,14.265743563199516,True
lift_and_cruse,cruise_124,0.782215589415196,73.33271150767463,79.70925068766176,446.7591129700114,479.1208105179338,178.41661954640975,1.0869535443172595,1.0869535443172595,159.41850137532353,14.265743563199516,True
lift_and_cruse,cruise_124,0.7821558562232114,73.32711152092607,79.70925762095065,446.7528763475214,479.1150788298383,178.41918114835048,1.0870369870064722,1.0869691501633723,159.4185152419013,14.269869860370248,True
lift_and_cruse,cruise_124,0.7819884873717633,73.31142069110281,79.70925514650905,446.73540600549677,479.099014346721,178.4263082622222,1.0872705577407997,1.087012570118886,159.4185102930181,14.281431488122067,True
lift_and_cruse,cruise_124,0.7817466319204035,73.28874674253782,79.70925547842704,446.71015865340604,479.07580094323646,178.43661781485548,1.0876083081850105,1.0870753781958666,159.41851095685408,14.298138524284669,True
lift_and_cruse,cruise_124,0.7814781919930174,73.26358049934538,79.70925488420473,446.68213484310036,479.0500353141178,178.44806038258994,1.0879834158667412,1.0871450888516714,159.41850976840945,14.316681935447695,True
lift_and_cruse,cruise_124,0.7812363354081875,73.24090644451758,79.70925547841668,446.6568846013328,479.02682106804906,178.45837426822828,1.0883216135787208,1.087207923326278,159.41851095683336,14.333388971610297,True
lift_and_cruse,cruise_124,0.7810689651427131,73.22521548212936,79.70925547842099,446.63941019316997,479.01075597679517,178.46551177648706,1.088555771326144,1.0872514066066987,159.41851095684197,14.344950599362116,True
lift_and_cruse,cruise_124,0.7810092313242282,73.2196154366464,79.70925547840172,446.63317349305663,479.00502236254874,178.46805932850165,1.0886393656902642,1.0872669268575512,159.41851095680343,14.349076896532848,True
lift_and_cruse,cruise_125,0.7810092313242282,73.2196154366464,79.7085431352787,446.6305244671044,479.0020907597203,178.46640292233107,1.0886228049903717,1.0886228049903717,159.4170862705574,14.349076896532848,True
lift_and_cruse,cruise_125,0.7809494980185234,73.21401543923656,79.70854481237008,446.62428737008776,478.99635751682365,178.46895442656256,1.088706432917912,1.0886383688480386,159.41708962474016,14.35320319370358,True
lift_and_cruse,cruise_125,0.7807821288403948,73.19832457878701,79.7085447781214,446.606811996721,478.9802922146569,178.4760931575202,1.0889407570649448,1.0886819142167576,159.4170895562428,14.3647648214554,True
lift_and_cruse,cruise_125,0.7805402729154518,73.1756505858236,79.70854472427332,446.5815582112009,478.95707681655796,178.48641040849208,1.0892795436955138,1.088744848161236,159.41708944854665,14.381471857618003,True
lift_and_cruse,cruise_125,0.7802718324606084,73.15048429318203,79.70854467631636,446.553527041562,478.9313091674343,178.4978637922097,1.089655815897651,1.0888147123738001,159.41708935263273,14.40001526878103,True
lift_and_cruse,cruise_125,0.7800299753999811,73.12781019374823,79.70854462491577,446.52827040720695,478.9080928610658,178.50818478289318,1.0899950483058467,1.088877669130053,159.41708924983155,14.41672230494363,True
lift_and_cruse,cruise_125,0.7798626048057049,73.11211920053485,79.70854458941447,446.5107914823339,478.89202642542216,178.5153281671815,1.0902299282698633,1.0889212428835089,159.41708917882895,14.42828393269545,True
lift_and_cruse,cruise_125,0.7798028708697495,73.10651914403901,79.70854457403914,446.50455316996454,478.886292330145,178.5178778106894,1.0903137804668892,1.088936795390994,159.41708914807828,14.432410229866182,True
lift_and_cruse,cruise_126,0.7798028708697495,73.10651914403901,79.70782735670161,446.5019037224894,478.8833584585426,178.51620943583154,1.0902971211278174,1.0902971211278174,159.41565471340323,14.432410229866182,True
lift_and_cruse,cruise_126,0.7797431374503049,73.1009191359661,79.70782901118045,446.49566501398414,478.8776247327354,178.51876301669714,1.0903810068702309,1.0903127172570155,159.4156580223609,14.436536527036914,True
lift_and_cruse,cruise_126,0.7795757679532129,73.08522824561372,79.70782899582669,446.47818510765813,478.86155809374145,178.5259077526536,1.0906160547276629,1.090356354106964,159.41565799165338,14.448098154788735,True
lift_and_cruse,cruise_126,0.7793339115666083,73.06255420936952,79.70782896786501,446.45292476600815,478.8383407586565,178.53623368199402,1.0909558879589785,1.0904194202625161,159.41565793573002,14.464805190951335,True
lift_and_cruse,cruise_126,0.7790654705983573,73.037387868596,79.70782894306139,446.42488631232754,478.81257095168985,178.54769669097342,1.0913333228729554,1.0904894311916593,159.41565788612277,14.483348602114361,True
lift_and_cruse,cruise_126,0.7788236130742485,73.01471372571079,79.70782891962145,446.3996231060995,478.78935269648935,178.5580263754912,1.0916736039810075,1.090552520282154,159.4156578392429,14.500055638276963,True
lift_and_cruse,cruise_126,0.7786562421587225,72.99902270238024,79.70782889992094,446.3821396298777,478.77328490806997,178.5651757707335,1.091909210194484,1.0905961855889355,159.41565779984188,14.511617266028784,True
lift_and_cruse,cruise_126,0.7785965081080136,72.99342263512628,79.70782889213959,446.37589969188724,478.7675503297189,178.56772756465134,1.0919933217277222,1.0906117708042564,159.41565778427918,14.515743563199516,True
lift_and_cruse,cruise_127,0.7785965081080136,72.99342263512628,79.70710769608593,446.3732496321235,478.7646143743766,178.56604929135037,1.0919765756783808,1.0919765756783808,159.41421539217185,14.515743563199516,True
lift_and_cruse,cruise_127,0.7785367745784483,72.98782261672953,79.70710723095038,446.3670097585126,478.7588797290747,178.56860007776677,1.0920606917133433,1.0919921743827667,159.41421446190077,14.519869860370248,True
lift_and_cruse,cruise_127,0.7783694047725048,72.97213169742233,79.70710725429922,446.34952529161376,478.74281173868593,178.5757508808525,1.0922964668863793,1.0920359033530715,159.41421450859843,14.531431488122067,True
lift_and_cruse,cruise_127,0.7781275479387634,72.94945761925906,79.70710728466543,446.32425835307754,478.719592446326,178.5860855872406,1.0926373519857566,1.0920991026977236,159.41421456933085,14.548138524284669,True
lift_and_cruse,cruise_127,0.7778591064731066,72.92429123185374,79.70710731488892,446.2962125710162,478.69382045809147,178.59755832106396,1.093015955406439,1.0921692613681082,159.41421462977783,14.566681935447695,True
lift_and_cruse,cruise_127,0.7776172484998406,72.90161704686005,79.7071073447122,446.2709427536895,478.6706002322044,178.60789678101793,1.09335729039431,1.0922324836667652,159.4142146894244,14.583388971610297,True
lift_and_cruse,cruise_127,0.7774498772729244,72.88592599433666,79.70710736219726,446.2534546981094,478.654531076674,178.61505225279302,1.0935936264991077,1.0922762411872868,159.41421472439453,14.594950599362116,True
lift_and_cruse,cruise_127,0.7773901431109683,72.88032591665328,79.70710737117498,446.24721312417296,478.64879601043276,178.61760622398788,1.0936779986895226,1.092291859367399,159.41421474234997,14.599076896532848,True
lift_and_cruse,cruise_128,0.7773901431109683,72.88032591665328,79.70638623713668,446.244561575437,478.6458588007146,178.61592745547992,1.0936612211217849,1.0936612211217849,159.41277247427337,14.599076896532848,True
lift_and_cruse,cruise_128,0.7773304094685685,72.87472588767828,79.70638772290428,446.2383196450039,478.64012406330943,178.61848492095052,1.093745624395388,1.0936768804241181,159.41277544580856,14.60320319370358,True
lift_and_cruse,cruise_128,0.7771630393462323,72.85903493870929,79.70638772573803,446.2208306048705,478.62405468878825,178.62564167055098,1.0939821294725105,1.093720701037536,159.41277545147605,14.6147648214554,True
lift_and_cruse,cruise_128,0.7769211820546916,72.83636081762734,79.70638772903806,446.19555705112236,478.6008333919052,178.63598498017856,1.0943240701877115,1.0937840328848067,159.4127754580761,14.631471857618003,True
lift_and_cruse,cruise_128,0.7766527400800662,72.8111943825062,79.70638773088979,446.1675039178626,478.5750591723476,178.64746727274246,1.0947038464387295,1.093854338698435,159.41277546177957,14.65001526878103,True
lift_and_cruse,cruise_128,0.7764108816474803,72.78852015445128,79.70638773136763,446.1422274704995,478.55183692918456,178.65781434132293,1.0950462391063518,1.093917693561688,159.41277546273525,14.66672230494363,True
lift_and_cruse,cruise_128,0.7762435101022834,72.77282907208907,79.70638773073193,446.12473482206633,478.53576637468973,178.66497577847585,1.0952833077604485,1.0939615428768819,159.41277546146387,14.67828393269545,True
lift_and_cruse,cruise_128,0.7761837758266513,72.76722898374855,79.70638773014151,446.11849160877625,478.53003080786664,178.667531872218,1.0953679414685167,1.0939771937801535,159.41277546028303,14.682410229866182,True
lift_and_cruse,cruise_129,0.7761837758266513,72.76722898374855,79.70566078221808,446.1158398497653,478.52709113964227,178.6658389199092,1.0953510515017577,1.0953510515017577,159.41132156443615,14.682410229866182,True
lift_and_cruse,cruise_129,0.7761240420761333,72.7616289446375,79.70566078218722,446.1095966013799,478.5213555994052,178.6683950698299,1.0954356960681002,1.0953667225529244,159.41132156437445,14.686536527036914,True
lift_and_cruse,cruise_129,0.7759566716505982,72.74593796724359,79.70566078212768,446.0921029610921,478.5052848260542,178.67555782353236,1.0956729346611227,1.0954106354231579,159.41132156425536,14.698098154788735,True
lift_and_cruse,cruise_129,0.7757148139202495,72.7232638050234,79.70566078219235,446.06682275358884,478.482061503028,178.68590981553814,1.0960159361927,1.0954741006350708,159.4113215643847,14.714805190951335,True
lift_and_cruse,cruise_129,0.775446371457646,72.69809732415432,79.70566078218762,446.03876222634807,478.45628502809336,178.69740175437332,1.0963968910518156,1.0955445545470386,159.41132156437524,14.733348602114361,True
lift_and_cruse,cruise_129,0.7752045125845566,72.67542305480217,79.70566078213402,446.01347910931463,478.4330607469514,178.70775752177738,1.096740346678243,1.0956080429048787,159.41132156426804,14.750055638276963,True
lift_and_cruse,cruise_129,0.7750371407340467,72.65973194381688,79.70566078224357,445.9959818408319,478.4169887789136,178.71492498406178,1.0969781515228945,1.0956519846421313,159.41132156448714,14.761617266028784,True
lift_and_cruse,cruise_129,0.7749774063493551,72.65413184525204,79.70566078218516,445.98973697776984,478.41125270696966,178.71748322926132,1.0970630480936105,1.0956676685388753,159.41132156437033,14.765743563199516,True
lift_and_cruse,cruise_130,0.7749774063493551,72.65413184525204,79.70493280748012,445.98708396718257,478.4083115603758,178.71578723464742,1.0970461112582763,1.0970461112582763,159.40986561496024,14.765743563199516,True
lift_and_cruse,cruise_130,0.7749176724896257,72.64853179590241,79.70493397998483,445.98083881255917,478.40257575406844,178.71834826727485,1.097131034875641,1.097061832146331,159.40986795996966,14.769869860370248,True
lift_and_cruse,cruise_130,0.7747503017578371,72.63284078979721,79.70493397089417,445.96334054850297,478.3865035603391,178.72551702653112,1.0973690103224818,1.097105837544994,159.40986794178835,14.781431488122067,True
lift_and_cruse,cruise_130,0.7745084435842863,72.61016658602684,79.70493395663544,445.9380536535644,478.3632781795944,178.73587769815867,1.0977130774702963,1.0971694364843765,159.4098679132709,14.798138524284669,True
lift_and_cruse,cruise_130,0.7742400006288684,72.58500005895641,79.70493393828411,445.90998569580495,478.3374994134191,178.7473792710362,1.0980952162178221,1.0972400388413026,159.40986787656823,14.816681935447695,True
lift_and_cruse,cruise_130,0.773998141310963,72.56232574790278,79.70493392114092,445.88469587650866,478.31427306165904,178.75774372263615,1.098439739545451,1.0973036609840296,159.40986784228184,14.833388971610297,True
lift_and_cruse,cruise_130,0.7738307691521839,72.54663460801724,79.7049339092528,445.8671939656687,478.2981996572491,178.764917197232,1.0986782838500766,1.097347695327785,159.4098678185056,14.844950599362116,True
lift_and_cruse,cruise_130,0.7737710346573836,72.54103449912972,79.70493390494347,445.8609474449131,478.29246307199753,178.7674775888771,1.0987634444484005,1.0973634122811724,159.40986780988695,14.849076896532848,True
lift_and_cruse,cruise_131,0.7737710346573836,72.54103449912972,79.70420122911926,445.85829398608524,478.28951969673085,178.76576998611657,1.0987464099381583,1.0987464099381583,159.40840245823853,14.849076896532848,True
lift_and_cruse,cruise_131,0.7737113006920096,72.5354344398759,79.70420122911115,445.85204742915334,478.2837831386238,178.7683304426332,1.0988315815410978,1.0987621472485263,159.4084024582223,14.85320319370358,True
lift_and_cruse,cruise_131,0.7735439296639315,72.51974340599358,79.704201229106,445.8345445137797,478.2677095094475,178.77550526639536,1.0990702975112407,1.0988062458019083,159.408402458212,14.8647648214554,True
lift_and_cruse,cruise_131,0.7733020710615014,72.49706916201576,79.70420122910815,445.80925089105585,478.2444820496698,178.78587470834418,1.099415435615838,1.0988699794077055,159.4084024582163,14.881471857618003,True
lift_and_cruse,cruise_131,0.773033627629046,72.47190259022307,79.70420122911074,445.781175456906,478.2187009695446,178.79738602714409,1.0997987642531568,1.0989407313207034,159.40840245822147,14.90001526878103,True
lift_and_cruse,cruise_131,0.772791767880422,72.44922823878957,79.70420122911159,445.75587889376686,478.1954725268766,178.80775926605608,1.1001443607095844,1.0990044882637404,159.40840245822318,14.91672230494363,True
lift_and_cruse,cruise_131,0.7726243954230634,72.4335370709122,79.70420122910689,445.73837231175446,478.1793976720563,178.81493882455928,1.1003836482354075,1.0990486159182178,159.40840245821377,14.92828393269545,True
lift_and_cruse,cruise_131,0.7725646608215995,72.42793695202495,79.70420122910431,445.7321241230132,478.17366056848715,178.81750138824617,1.1004690742047214,1.0990643661798671,159.40840245820863,14.932410229866182,True
lift_and_cruse,cruise_132,0.7725646608215995,72.42793695202495,79.70346670263666,445.7294695937393,478.1707155464737,178.81578881307163,1.100451981055746,1.100451981055746,159.40693340527332,14.932410229866182,True
lift_and_cruse,cruise_132,0.7725049267509387,72.42233688290051,79.70346670265,445.723221369527,478.1649784689938,178.81835143174806,1.100537418020897,1.1004677516922088,159.4069334053,14.936536527036914,True
lift_and_cruse,cruise_132,0.7723375554275861,72.40664582133618,79.70346670270632,445.7057137801545,478.148903382653,178.8255323153966,1.1007768778492917,1.1005119436379491,159.40693340541264,14.948098154788735,True
lift_and_cruse,cruise_132,0.7720956963977729,72.3839715372912,79.7034667027085,445.68041339712045,478.12567381220697,178.83591051821523,1.101123091718536,1.1005758122366192,159.406933405417,14.964805190951335,True
lift_and_cruse,cruise_132,0.7718272524899898,72.35880492093655,79.70346670270507,445.6523304510003,478.0998903825108,178.84743156677055,1.1015076155555095,1.100646714033327,159.40693340541014,14.983348602114361,True
lift_and_cruse,cruise_132,0.7715853923122368,72.3361305292722,79.70346670271019,445.6270271120617,478.0766598167305,178.85781357726418,1.101854289924257,1.1007106060648464,159.40693340542038,15.000055638276963,True
lift_and_cruse,cruise_132,0.771418019557426,72.32043933350867,79.70346670270378,445.6095158367502,478.0605834892139,178.86499920885257,1.1020943239854983,1.1007548272299297,159.40693340540756,15.011617266028784,True
lift_and_cruse,cruise_132,0.7713582848497064,72.31483920465998,79.70346670270338,445.60326597213714,478.05484585936136,178.86756394059378,1.1021800165085969,1.100770610870425,159.40693340540676,15.015743563199516,True
lift_and_cruse,cruise_133,0.7713582848497064,72.31483920465998,79.70272897359082,445.6006106697164,478.05189891533087,178.86584323527123,1.1021628458306045,1.1021628458306045,159.40545794718165,15.015743563199516,True
lift_and_cruse,cruise_133,0.7712985506752041,72.30923912580039,79.702728973511,445.594360769553,478.0461613114749,178.8684080217587,1.10224854939574,1.1021786499233417,159.405457947022,15.019869860370248,True
lift_and_cruse,cruise_133,0.7711311790606238,72.29354803693347,79.70272897359966,445.57684848181714,478.03008474840203,178.87559498181466,1.1024887565566457,1.1022229356304665,159.40545794719932,15.031431488122067,True
lift_and_cruse,cruise_133,0.7708893196092704,72.2708737133691,79.7027289736539,445.5515413032286,478.00685303901867,178.88598196960982,1.102836051217647,1.102286939756804,159.4054579473078,15.048138524284669,True
lift_and_cruse,cruise_133,0.7706208752326374,72.24570705305976,79.70272897365135,445.52345080600963,477.981067228348,178.89751277457873,1.1032217758406853,1.102357992030337,159.4054579473027,15.066681935447695,True
lift_and_cruse,cruise_133,0.770379014631585,72.22303262171108,79.70272897364708,445.4981406560018,477.9578345111419,178.90790358064652,1.1035695331613862,1.1024220196846897,159.40545794729417,15.083388971610297,True
lift_and_cruse,cruise_133,0.7702116415833528,72.20734139843931,79.70272897365732,445.4806246629671,477.94175669133267,178.91509530199625,1.1038103172496847,1.102466334730681,159.40545794731463,15.094950599362116,True
lift_and_cruse,cruise_133,0.7701519067708152,72.20174125976393,79.7027289736522,445.47437311376615,477.93601852819853,178.91766220771535,1.1038962775732808,1.1024821518820227,159.4054579473044,15.099076896532848,True
lift_and_cruse,cruise_134,0.7701519067708152,72.20174125976393,79.701988014389,445.4717170457513,477.93306965705324,178.91593330088634,1.1038790287292517,1.1038790287292517,159.403976028778,15.099076896532848,True
lift_and_cruse,cruise_134,0.7700921724939298,72.19614117130592,79.7019880144492,445.46546546087063,477.927331519874,178.9185002616653,1.1039650001446462,1.1038948664141308,159.4039760288984,15.10320319370358,True
lift_and_cruse,cruise_134,0.7699248005922059,72.1804500555193,79.70198801444585,445.4479484503736,477.9112534604402,178.92569331447888,1.1042059581325774,1.103939246252231,159.4039760288917,15.1147648214554,True
lift_and_cruse,cruise_134,0.7696829407252095,72.1577756929884,79.70198801444968,445.4226344409421,477.88801958375853,178.9360891110737,1.1045543386415433,1.1040033864416277,159.40397602889936,15.131471857618003,True
lift_and_cruse,cruise_134,0.7694144958862649,72.13260898933733,79.7019880144457,445.3945363534101,477.86223136064007,178.9476296991788,1.1049412696716556,1.104074589788101,159.4039760288914,15.15001526878103,True
lift_and_cruse,cruise_134,0.769172634867797,72.10993451885597,79.70198801444758,445.36921935697904,477.83899646364046,178.95802932495545,1.1052901150156702,1.1041387536028584,159.40397602889516,15.16672230494363,True
lift_and_cruse,cruise_134,0.7690052615302115,72.09424326845733,79.70198801444928,445.35169862175206,477.82291713189153,178.96522715269825,1.1055316526438013,1.1041831629014105,159.40397602889857,15.17828393269545,True
lift_and_cruse,cruise_134,0.7689455266143074,72.08864312009132,79.70198801444667,445.3454453792246,477.8171784284656,178.96779623836954,1.1056178820225522,1.1041990136964919,159.40397602889334,15.182410229866182,True
lift_and_cruse,cruise_135,0.7689455266143074,72.08864312009132,79.70124379722233,445.3427885532872,477.81422762507776,178.96605905786635,1.1056005543681748,1.1056005543681748,159.40248759444466,15.182410229866182,True
lift_and_cruse,cruise_135,0.768885792236511,72.0830430221729,79.70124379720447,445.3365352750027,477.8084889475213,178.96862819838515,1.105686794885625,1.105616425775283,159.40248759440894,15.186536527036914,True
lift_and_cruse,cruise_135,0.7687184200517672,72.06735187985318,79.7012437972087,445.31901351724355,477.7924093721016,178.9758273608819,1.1059285072199436,1.1056609001191295,159.4024875944174,15.198098154788735,True
lift_and_cruse,cruise_135,0.7684765597750806,72.0446774789138,79.70124379722976,445.2936926415645,477.76917329973423,178.98623199057215,1.1062779786669015,1.1057251769122494,159.40248759445953,15.214805190951335,True
lift_and_cruse,cruise_135,0.7682081144804239,72.01951073253974,79.70124379720811,445.2655869244215,477.74338263262507,178.99778238858846,1.1066661217598928,1.1057965319307217,159.40248759441621,15.233348602114361,True
lift_and_cruse,cruise_135,0.7679662530504803,71.99683622348252,79.70124379721926,445.24026304613676,477.72014552740023,179.0081908582595,1.1070160602300048,1.1058608324461323,159.40248759443853,15.250055638276963,True
lift_and_cruse,cruise_135,0.7677988794276484,71.98114494634203,79.70124379718979,445.22273754419365,477.70406466402306,179.01539480908306,1.10725835493264,1.105905336370877,159.40248759437958,15.261617266028784,True
lift_and_cruse,cruise_135,0.7677391444098424,71.97554478842274,79.70124379722938,445.2164825995743,477.69832541328594,179.01796608077524,1.1073448546294669,1.1059212209437579,159.40248759445876,15.265743563199516,True
lift_and_cruse,cruise_136,0.7677391444098424,71.97554478842274,79.70049629369578,445.2138250235581,477.69537267245255,179.01622055307567,1.1073274475098596,1.1073274475098596,159.40099258739156,15.265743563199516,True
lift_and_cruse,cruise_136,0.7676794099326213,71.96994468118325,79.70049629378305,445.20757004307575,477.6896334475313,179.0187918797355,1.107413958394525,1.1073433527757517,159.4009925875661,15.269869860370248,True
lift_and_cruse,cruise_136,0.7675120374690195,71.95425351272058,79.7004962938024,445.1900435135188,477.67355233643957,179.0259971686814,1.10765642861525,1.1073879220007774,159.4009925876048,15.281431488122067,True
lift_and_cruse,cruise_136,0.7672701767886517,71.93157907393609,79.70049629379118,445.16471573613467,477.6503140399149,179.03641065556857,1.1080069961203318,1.107452335939463,159.40099258758235,15.298138524284669,True
lift_and_cruse,cruise_136,0.7670017310449455,71.90641228546363,79.70049629378093,445.13660234998497,477.6245208972135,179.04797089046332,1.1083963569679016,1.1075238432328192,159.40099258756186,15.316681935447695,True
lift_and_cruse,cruise_136,0.7667598692095221,71.8837377383927,79.70049629378492,445.1112715543419,477.601281555267,179.05838822824222,1.1087473936984233,1.1075882809916822,159.40099258756985,15.333388971610297,True
lift_and_cruse,cruise_136,0.7665924953055893,71.86804643489899,79.70049629366784,445.09374126111106,477.5851991405234,179.06559831880963,1.1089904490318196,1.1076328799177442,159.40099258733568,15.344950599362116,True
lift_and_cruse,cruise_136,0.7665327601873606,71.86244626756506,79.70049629365289,445.0874846056451,477.57945933541407,179.06817178229633,1.1090772203156503,1.107648798401249,159.40099258730578,15.349076896532848,True
lift_and_cruse,cruise_137,0.7665327601873606,71.86244626756506,79.69974547553902,445.08482628743093,477.5765046519808,179.06641783395574,1.1090597330738379,1.1090597330738379,159.39949095107804,15.349076896532848,True
lift_and_cruse,cruise_137,0.7664730256122153,71.85684615114519,79.69974547553298,445.0785695960211,477.57076487261503,179.0689913522881,1.109146515593469,1.109075672330284,159.39949095106596,15.35320319370358,True
lift_and_cruse,cruise_137,0.7663056528739577,71.84115495693354,79.6997454755353,445.06103827008513,477.55468220611493,179.07620278440834,1.109389747262145,1.1091203368133238,159.3994909510706,15.3647648214554,True
lift_and_cruse,cruise_137,0.7660637917959758,71.81848048087274,79.69974547552744,445.0357035554404,477.5314416569172,179.08662515286903,1.1097414159786188,1.1091848884435114,159.39949095105487,15.381471857618003,True
lift_and_cruse,cruise_137,0.7657953456099462,71.79331365093245,79.6997454755338,445.007582460806,477.50564600694884,179.09819525163718,1.1101320003076542,1.1092565486174661,159.3994909510676,15.40001526878103,True
lift_and_cruse,cruise_137,0.7655534833750965,71.7706390664153,79.6997454755348,444.9822447122157,477.48240439972733,179.10862148186666,1.1104841404652739,1.1093211241657748,159.3994909510696,15.41672230494363,True
lift_and_cruse,cruise_137,0.7653861091942483,71.75494773696077,79.69974547552104,444.96470960301616,477.46632041388716,179.1158377294738,1.1107279600113613,1.109365818473852,159.39949095104208,15.42828393269545,True
lift_and_cruse,cruise_137,0.7653263739770896,71.74934756035215,79.69974547553417,444.95845122788967,477.46058004736454,179.11841339095886,1.1108150041615066,1.1093817710040565,159.39949095106834,15.432410229866182,True
lift_and_cruse,cruise_138,0.7653263739770896,71.74934756035215,79.69899131306028,444.9557921757478,477.457623415908,179.11665094491292,1.110797436116358,1.110797436116358,159.39798262612055,15.432410229866182,True
lift_and_cruse,cruise_138,0.7652666393055353,71.74374743489395,79.69899131351204,444.9495337644956,477.4518830751537,179.1192266622166,1.11088449155706,1.1108134095066708,159.39798262702408,15.436536527036914,True
lift_and_cruse,cruise_138,0.7650992662968642,71.72805621533102,79.6989913135082,444.9319976175348,477.4357988334756,179.12644425439152,1.111128488258095,1.1108581696271875,159.3979826270164,15.448098154788735,True
lift_and_cruse,cruise_138,0.7648574048273938,71.70538170256818,79.69899131350135,444.90665593000364,477.41255600302014,179.13687552878957,1.1114812633708995,1.1109228594971448,159.3979826270027,15.464805190951335,True
lift_and_cruse,cruise_138,0.7645889582058321,71.68021483179675,79.69899131351507,444.87852708732123,477.38675781403924,179.14845551848023,1.1118730769439047,1.1109946731604239,159.39798262703013,15.483348602114361,True
lift_and_cruse,cruise_138,0.7643470955776687,71.65754021040642,79.69899131366473,444.8531823500826,477.3635139129575,179.15889066592445,1.112226325729678,1.1110593870491963,159.39798262732947,15.500055638276963,True
lift_and_cruse,cruise_138,0.7641797211241297,71.64184885538715,79.69899131429202,444.8356424001006,477.347428336317,179.16611308872854,1.1124709130976116,1.1111041771270087,159.39798262858403,15.511617266028784,True
lift_and_cruse,cruise_138,0.7641199858095482,71.63624866964516,79.69899131351035,444.82938229668156,477.34168740114336,179.16869095232622,1.1125582313887947,1.11112016382763,159.3979826270207,15.515743563199516,True
lift_and_cruse,cruise_139,0.7641199858095482,71.63624866964516,79.69823377839124,444.8267225186072,477.33872881657607,179.1669199348906,1.1125405818767014,1.1125405818767014,159.39646755678248,15.515743563199516,True
lift_and_cruse,cruise_139,0.7640602510431156,71.63064853529208,79.69823377706632,444.82046237919747,477.3329879069136,179.169497851978,1.1126279114937585,1.1125565895045464,159.39646755413264,15.519869860370248,True
lift_and_cruse,cruise_139,0.7638928777683163,71.61495729077966,79.69823377841946,444.8029213862098,477.31690207051696,179.17672162430165,1.1128726768528578,1.1126014456636366,159.39646755683893,15.531431488122067,True
lift_and_cruse,cruise_139,0.7636510159135419,71.59228274189455,79.69823377838752,444.7775726900917,477.29365693015274,179.1871618290236,1.1132265635790608,1.112666274324198,159.39646755677504,15.548138524284669,True
lift_and_cruse,cruise_139,0.7633825688633059,71.56711583093492,79.69823377839009,444.7494360597119,477.267856170344,179.19875173675257,1.113619612194506,1.1127382420886345,159.39646755678018,15.566681935447695,True
lift_and_cruse,cruise_139,0.7631407058480001,71.54444117325002,79.69823377838493,444.7240842981457,477.24460994666345,179.20919582518823,1.1139739748356956,1.112803094865194,159.39646755676986,15.583388971610297,True
lift_and_cruse,cruise_139,0.7629733311260402,71.52874979306627,79.69823377861321,444.7065394828642,477.2285227591592,179.21642443771515,1.1142193336351898,1.1128479810796232,159.39646755722643,15.594950599362116,True
lift_and_cruse,cruise_139,0.762913595715559,71.52314959833365,79.69823377839776,444.7002776420145,477.22278124852113,179.21900451265898,1.1143069273806383,1.112864002106721,159.39646755679553,15.599076896532848,True
lift_and_cruse,cruise_140,0.762913595715559,71.52314959833365,79.6974728397476,444.69761714663883,477.2198207052683,179.2172248439715,1.1142891956984557,1.1142891956984557,159.3949456794952,15.599076896532848,True
lift_and_cruse,cruise_140,0.762853860855848,71.51754945523575,79.69747283968707,444.6913552695414,477.21407922020495,179.21980497400676,1.1143768008287,1.114305237744773,159.39494567937413,15.60320319370358,True
lift_and_cruse,cruise_140,0.762686487319156,71.50185818617086,79.69747284045383,444.6738094062382,477.1979917688713,179.22703493888972,1.114622338448196,1.1143501902975277,159.39494568090765,15.6147648214554,True
lift_and_cruse,cruise_140,0.7624446250855474,71.47918360177009,79.69747284045987,444.6484536656539,477.1747442898286,179.23748409863174,1.114977342038434,1.1144151583038944,159.39494568091973,15.631471857618003,True
lift_and_cruse,cruise_140,0.7621761776112688,71.45401665105645,79.69747284045941,444.6200822685649,477.1487305931595,179.2491754541728,1.115371631607618,1.1144878497049235,159.39494568091882,15.65001526878103,True
lift_and_cruse,cruise_140,0.7619343142057721,71.43134195679113,79.69747284045212,444.5943555620366,477.1251410586518,179.25977687860922,1.1157271135652056,1.1145537644222103,159.39494568090424,15.66672230494363,True
lift_and_cruse,cruise_140,0.7617669392082435,71.41565055077281,79.6974728404017,444.5765503101607,477.10881540243224,179.26711478905406,1.1159732476330542,1.1145993881301703,159.3949456808034,15.67828393269545,True
lift_and_cruse,cruise_140,0.7617072036983401,71.41005034671937,79.69747284035577,444.5701953291622,477.1029886071502,179.26973395549442,1.1160611182073261,1.114615672886665,159.39494568071154,15.682410229866182,True
lift_and_cruse,cruise_141,0.7617072036983401,71.41005034671937,79.69670846959508,444.5675339761578,477.1000259478643,179.26794553978638,1.116043303185492,1.116043303185492,159.39341693919016,15.682410229866182,True
lift_and_cruse,cruise_141,0.7616474687412175,71.40445019448914,79.69670846981298,444.56117884653236,477.09419907321694,179.2705648019982,1.116131185154211,1.1160596095588482,159.39341693962595,15.686536527036914,True
lift_and_cruse,cruise_141,0.761480094928792,71.38875889957424,79.69670846970098,444.5433711600502,477.077871871901,179.27790464109026,1.1163774988128499,1.116105304165547,159.39341693940196,15.698098154788735,True
lift_and_cruse,cruise_141,0.7612382322884358,71.36608427704085,79.69670846958607,444.5176356799649,477.05427666093925,179.2885131805491,1.1167336248155788,1.116171348261629,159.39341693917214,15.714805190951335,True
lift_and_cruse,cruise_141,0.7609697843541928,71.34091728320558,79.69670846962367,444.4890678156207,477.028085570436,179.30029076792553,1.1171291614618264,1.1162446703353526,159.39341693924734,15.733348602114361,True
lift_and_cruse,cruise_141,0.7607279205314952,71.31824254982767,79.69670846960108,444.4633257831878,477.00448606751104,179.31090470778997,1.1174857681039305,1.116310748051982,159.39341693920215,15.750055638276963,True
lift_and_cruse,cruise_141,0.7605605452447143,71.30255111669196,79.69670846980168,444.4455099260177,476.9881535142445,179.31825128154293,1.1177326811131443,1.1163564845857146,159.39341693960336,15.761617266028784,True
lift_and_cruse,cruise_141,0.7605008096314414,71.29695090294763,79.69670847000555,444.4391511601286,476.9823242577245,179.32087354060158,1.1178208298159185,1.1163728096161198,159.3934169400111,15.765743563199516,True
lift_and_cruse,cruise_142,0.7605008096314414,71.29695090294763,79.69594063528997,444.43648880212817,476.9793593170062,179.31907627587339,1.1178029302231394,1.1178029302231394,159.39188127057994,15.765743563199516,True
lift_and_cruse,cruise_142,0.7604410745734588,71.29135074126177,79.69594068941502,444.430129875978,476.9735299922841,179.32169875614912,1.1178910911229265,1.1178192777094056,159.39188137883005,15.769869860370248,True
lift_and_cruse,cruise_142,0.7602737004782535,71.27565941983626,79.69594070166202,444.4123115834059,476.9571958989882,179.32904728839375,1.118138184734988,1.117865085501005,159.39188140332405,15.781431488122067,True
lift_and_cruse,cruise_142,0.7600318374282315,71.25298475889672,79.69594067360299,444.38656078830223,476.9335907215177,179.3396682851222,1.1184954380762202,1.11793129251875,159.39188134720598,15.798138524284669,True
lift_and_cruse,cruise_142,0.7597633890382394,71.22781772233493,79.69594065753593,444.35797592354464,476.9073885746084,179.35145973740038,1.118892227451382,1.1180047956851829,159.39188131507186,15.816681935447695,True
lift_and_cruse,cruise_142,0.7595215248035867,71.20514295033625,79.69594071342091,444.33221855957214,476.88377912658495,179.3620863371325,1.1192499648970264,1.1180710376297966,159.39188142684182,15.833388971610297,True
lift_and_cruse,cruise_142,0.7593541492311503,71.18945149042034,79.69594063526635,444.31439211966324,476.86743966901435,179.3694413994701,1.1194976594386814,1.1181168861273671,159.3918812705327,15.844950599362116,True
lift_and_cruse,cruise_142,0.759294413515815,71.18385126710764,79.69594068760684,444.30802955892625,476.86160796463093,179.37206687597626,1.1195860883183597,1.1181332522909273,159.39188137521367,15.849076896532848,True
lift_and_cruse,cruise_143,0.759294413515815,71.18385126710764,79.69516924397425,444.30536622604404,476.85864070998804,179.37026041550763,1.1195681018287114,1.1195681018287114,159.3903384879485,15.849076896532848,True
lift_and_cruse,cruise_143,0.7592346783585757,71.17825109611648,79.69516918801888,444.2990035420194,476.852808905447,179.37288573325176,1.1196565406773318,1.1195844881683235,159.39033837603776,15.85320319370358,True
lift_and_cruse,cruise_143,0.7590673039847547,71.16255974857076,79.69516920685625,444.2811746495752,476.83646792752154,179.3802429544376,1.1199044178610273,1.1196304094383192,159.3903384137125,15.8647648214554,True
lift_and_cruse,cruise_143,0.7588254405312016,71.13988504980016,79.69516922540699,444.25540852982147,476.8128528107621,179.39087659638486,1.1202628049379117,1.1196967810113039,159.39033845081397,15.881471857618003,True
lift_and_cruse,cruise_143,0.7585569916918332,71.11471797110936,79.69516921258622,444.22680666819605,476.7866396249624,179.40268197376346,1.120660853260945,1.1197704661579526,159.39033842517244,15.90001526878103,True
lift_and_cruse,cruise_143,0.7583151270513278,71.09204316106197,79.69516921763584,444.2010340038699,476.7630202228483,179.41332099685377,1.121019725376538,1.1198368713182,159.39033843527167,15.91672230494363,True
lift_and_cruse,cruise_143,0.7581477511973223,71.07635167474896,79.69516921845067,444.1831969507351,476.74667390092793,179.4206849254436,1.1212682073774376,1.119882834453528,159.39033843690135,15.92828393269545,True
lift_and_cruse,cruise_143,0.7580880153813444,71.07075144200104,79.69516924225289,444.1768306150705,476.7408397356026,179.42331343383228,1.1213569166287987,1.1198992407080575,159.39033848450578,15.932410229866182,True
lift_and_cruse,cruise_144,0.7580880153813444,71.07075144200104,79.6943944523938,444.174166248341,476.7378702186772,179.42149838545393,1.1213388466480976,1.1213388466480976,159.3887889047876,15.932410229866182,True
lift_and_cruse,cruise_144,0.7580282801259572,71.0651512618085,79.69439445232798,444.1677997708008,476.7320359704881,179.4241269326186,1.1214275671047096,1.1213552744010287,159.38878890465597,15.936536527036914,True
lift_and_cruse,cruise_144,0.7578609054767428,71.04945988844463,79.69439445233098,444.149960289055,476.71568811130055,179.43149279257457,1.1216762312276105,1.1214013091570747,159.38878890466196,15.948098154788735,True
lift_and_cruse,cruise_144,0.7576190416244022,71.0267851522877,79.6943944523151,444.1241788663352,476.69206305444766,179.44213894067528,1.12203575651318,1.121467844881834,159.3887889046302,15.964805190951335,True
lift_and_cruse,cruise_144,0.7573505923410946,71.00161803197761,79.69439445231899,444.0955600134786,476.66583884524863,179.4539582806263,1.1224350699075245,1.1215417127580256,159.38878890463798,15.983348602114361,True
lift_and_cruse,cruise_144,0.7571087272994468,70.97894318432314,79.69439445232499,444.06977204551947,476.64220951043194,179.4646098478298,1.1227950827389293,1.1216082823508027,159.38878890464997,16.00005563827696,True
lift_and_cruse,cruise_144,0.7569413511671903,70.96325167192408,79.69439445232454,444.05192440200085,476.62585631670555,179.47198246522737,1.1230443548214246,1.1216543593391444,159.3887889046491,16.011617266028782,True
lift_and_cruse,cruise_144,0.7568816152517871,70.95765142985505,79.69439445232199,444.0455542921167,476.6200196944355,179.47461401987738,1.123133345846463,1.1216708058880958,159.38878890464397,16.015743563199514,True
lift_and_cruse,cruise_145,0.7568816152517871,70.95765142985505,79.69361603123234,444.04288895609847,476.6170478575805,179.47278970863366,1.1231151880782426,1.1231151880782426,159.38723206246468,16.015743563199514,True
lift_and_cruse,cruise_145,0.7568218798997053,70.95205124059737,79.69361604042227,444.036518697318,476.6112111594817,179.47542137933303,1.1232041908242125,1.1231316566991254,159.38723208084454,16.019869860370246,True
lift_and_cruse,cruise_145,0.7566545049791968,70.9363598417997,79.69361604084412,444.01866862691816,476.59485643145376,179.48279593244038,1.1234536459030282,1.1231778056034445,159.38723208168824,16.031431488122067,True
lift_and_cruse,cruise_145,0.7564126407338856,70.91368506880177,79.69361604053093,443.9928719043156,476.57122145054757,179.49345464291508,1.1238143150735216,1.1232445062973988,159.38723208106185,16.048138524284667,True
lift_and_cruse,cruise_145,0.7561441910131124,70.88851790747928,79.69361604052366,443.96423607112956,476.5449862291598,179.50528793029355,1.1242148993820704,1.1233185573265339,159.38723208104733,16.066681935447697,True
lift_and_cruse,cruise_145,0.7559023255761462,70.86584302276371,79.69361604134957,443.9384328054357,476.52134697522746,179.51595206878847,1.1245760584460152,1.1233852919882663,159.38723208269914,16.083388971610297,True
lift_and_cruse,cruise_145,0.7557349491696674,70.85015148465632,79.69361604132686,443.92057457635786,476.50498691845314,179.52333338615452,1.1248261243859687,1.1234314832223542,159.38723208265372,16.094950599362118,True
lift_and_cruse,cruise_145,0.7556752131562665,70.8445512334,79.6936160405292,443.91420068884247,476.49914784689304,179.52596804428813,1.1249153988528433,1.1234479705381755,159.3872320810584,16.09907689653285,True
lift_and_cruse,cruise_146,0.7556752131562665,70.8445512334,79.69283403711076,443.91153437277484,476.49617369906207,179.5241345772032,1.1248971536930172,1.1248971536930172,159.3856680742215,16.09907689653285,True
lift_and_cruse,cruise_146,0.7556154777088818,70.83895103520766,79.69283403915485,443.90516033824866,476.49033455085805,179.52676933633444,1.1249864398421878,1.1249136630779777,159.3856680783097,16.10320319370358,True
lift_and_cruse,cruise_146,0.7554481025209785,70.82325961134174,79.6928340391446,443.8872996843817,476.4739729624144,179.5341525899154,1.1252366896354928,1.1249599265007635,159.3856680782892,16.114764821455402,True
lift_and_cruse,cruise_146,0.7552062378883262,70.80058480203058,79.69283403914795,443.8614876689811,476.45032807000416,179.54482387766893,1.1255985081541546,1.125026792726012,159.3856680782959,16.131471857618003,True
lift_and_cruse,cruise_146,0.754937787736327,70.77541760028066,79.69283403904859,443.83283486351235,476.4240818502163,179.55667112722978,1.1260003694381273,1.1251010275209128,159.38566807809718,16.15001526878103,True
lift_and_cruse,cruise_146,0.754695921909662,70.7527426790308,79.69283403860086,443.8070163078021,476.4004326892023,179.567347845577,1.1263626801745124,1.125167927774229,159.38566807720173,16.16672230494363,True
lift_and_cruse,cruise_146,0.7545285452328486,70.73705111557958,79.69283403892717,443.7891474980982,476.3840657780753,179.57473787310428,1.1266135437662774,1.125214233642522,159.38566807785435,16.17828393269545,True
lift_and_cruse,cruise_146,0.7544688091228361,70.73145085526588,79.69283403915696,443.78276983432943,476.3782242606648,179.5773756423209,1.1267031030538508,1.1252307618886592,159.38566807831393,16.182410229866182,True
lift_and_cruse,cruise_147,0.7544688091228361,70.73145085526588,79.69204841554122,443.78010254708835,476.37524779353646,179.57553292305502,1.126684769673552,1.126684769673552,159.38409683108245,16.182410229866182,True
lift_and_cruse,cruise_147,0.7544090735815581,70.72585064827106,79.69204841555236,443.7737247374566,476.3694061993273,179.57817078592154,1.126774340651294,1.126701320034661,159.38409683110473,16.186536527036914,True
lift_and_cruse,cruise_147,0.7542416981302081,70.71015919970701,79.69204841554166,443.7558535050585,476.3530377591906,179.58556275030168,1.1270253889596187,1.1267476983666613,159.38409683108333,16.198098154788735,True
lift_and_cruse,cruise_147,0.7539998331159142,70.68748435461696,79.69204841555148,443.7300262042122,476.32938296770453,179.59624662806831,1.1273883623112102,1.1268147306742635,159.38409683110297,16.214805190951335,True
lift_and_cruse,cruise_147,0.7537313825390094,70.66231711303213,79.69204841554979,443.7013564345107,476.30312576343,179.60810785520184,1.1277915066740918,1.1268891498545575,159.38409683109958,16.23334860211436,True
lift_and_cruse,cruise_147,0.7534895163283297,70.6396421557809,79.6920484154623,443.6755225957137,476.2794667081706,179.61879717069772,1.1281549746101178,1.126956216279317,159.3840968309246,16.25005563827696,True
lift_and_cruse,cruise_147,0.7533221393851114,70.6239505673542,79.69204841499442,443.6576432107017,476.26309295112947,179.62619591502542,1.1284066396506809,1.127002637149761,159.38409682998883,16.261617266028782,True
lift_and_cruse,cruise_147,0.7532624031798897,70.61835029811466,79.69204841480767,443.65126177281417,476.2572489906766,179.62883679526664,1.1284964851002837,1.1270192064423472,159.38409682961534,16.265743563199514,True
lift_and_cruse,cruise_148,0.7532624031798897,70.61835029811466,79.69125913664381,443.64859352251483,476.25427019664187,179.62698473560965,1.1284780627163848,1.1284780627163848,159.38251827328762,16.265743563199514,True
lift_and_cruse,cruise_148,0.7532026675461468,70.61275008245127,79.69125913664763,443.64221193912687,476.24842615992634,179.62962571028666,1.1285679199132899,1.128494654221228,159.38251827329526,16.269869860370246,True
lift_and_cruse,cruise_148,0.7530352918353487,70.59705860956394,79.69125913667061,443.62433013326523,476.23205087678485,179.63702639485672,1.1288197705556253,1.128541147849113,159.38251827334122,16.281431488122067,True
lift_and_cruse,cruise_148,0.7527934264451869,70.57438372923627,79.69125913670413,443.5984875543102,476.2083861987807,179.64772287613786,1.1291839042643668,1.1286083467974881,159.38251827340827,16.298138524284667,True
lift_and_cruse,cruise_148,0.7525249754497773,70.54921644841662,79.6912591366567,443.56980082856705,476.1821180239373,179.65959809544805,1.1295883378436427,1.1286829509807137,159.3825182733134,16.316681935447697,True
lift_and_cruse,cruise_148,0.7522831088608452,70.52654145570422,79.69125913666225,443.5439517141038,476.15844908695556,179.6703000209288,1.1299529685146057,1.12875018413141,159.3825182733245,16.333388971610297,True
lift_and_cruse,cruise_148,0.7521157316552042,70.5108498426754,79.69125913691245,443.5260617585371,476.14206849300825,179.6777074949217,1.13020543886273,1.1287967204127678,159.3825182738249,16.344950599362118,True
lift_and_cruse,cruise_148,0.7520559953561934,70.50524956464314,79.6912591366528,443.51967654827286,476.13622209269033,179.68035149032062,1.1302955718495986,1.1288133308948176,159.3825182733056,16.34907689653285,True
lift_and_cruse,cruise_149,0.7520559953561934,70.50524956464314,79.69046616898682,443.5170073432034,476.1332409640349,179.67849000054343,1.130277059666629,1.130277059666629,159.38093233797363,16.34907689653285,True
lift_and_cruse,cruise_149,0.7519962596314341,70.49964934044695,79.69046616183113,443.51062198952314,476.12739448651706,179.6811340735611,1.1303672043518673,1.1302936923480142,159.38093232366225,16.35320319370358,True
lift_and_cruse,cruise_149,0.7518288836652557,70.48395784361773,79.69046616306716,443.49272961504545,476.11101236933064,179.68854349039967,1.130619861187677,1.130340301677145,159.3809323261343,16.364764821455402,True
lift_and_cruse,cruise_149,0.7515870179050866,70.46128292860186,79.69046616406243,443.46687176516843,476.08733781761225,179.6992525908511,1.1309851608258936,1.1304076678408403,159.38093232812486,16.381471857618003,True
lift_and_cruse,cruise_149,0.7513185664976834,70.43611560915781,79.69046615973593,443.43816809258243,476.06105868538674,179.71114180733147,1.1313908897399263,1.1304824575869314,159.38093231947187,16.40001526878103,True
lift_and_cruse,cruise_149,0.7510766995363575,70.41344058153351,79.69046616307935,443.4123037091305,476.0373798799643,179.72185636387508,1.1317566887661343,1.1305498580724638,159.3809323261587,16.41672230494363,True
lift_and_cruse,cruise_149,0.7509093220723423,70.39774894428209,79.69046616336368,443.3944031883061,476.0209924577311,179.72927257524654,1.1320099682738873,1.1305965101429636,159.38093232672736,16.42828393269545,True
lift_and_cruse,cruise_149,0.750849585680986,70.39214865759244,79.69046616496976,443.3880142070564,476.01514362105496,179.7319196936756,1.1321003902046047,1.1306131619816704,159.38093232993953,16.432410229866182,True
lift_and_cruse,cruise_150,0.750849585680986,70.39214865759244,79.68966947849223,443.3853440542453,476.01216015118905,179.7300486971952,1.1320817875033977,1.1320817875033977,159.37933895698447,16.432410229866182,True
lift_and_cruse,cruise_150,0.7507898498666814,70.38654842500138,79.6896694657549,443.37895493175915,476.0063112363142,179.73269587556624,1.132172221078401,1.132098461523373,159.3793389315098,16.436536527036914,True
lift_and_cruse,cruise_150,0.7506224736492191,70.37085690461429,79.68966946373433,443.36105199484666,475.98992229297266,179.7401140234895,1.1324256879114778,1.1321451868774348,159.37933892746867,16.448098154788735,True
lift_and_cruse,cruise_150,0.750380607524993,70.34818195546809,79.68966946150285,443.335178882472,475.96623787940075,179.75083574672348,1.1327921590140435,1.132212720757784,159.3793389230057,16.464805190951335,True
lift_and_cruse,cruise_150,0.7501121557121647,70.32301459801543,79.6896694634885,443.3064582689024,475.93994780596614,179.76273900017898,1.1331991896310905,1.1322876968485749,159.379338926977,16.48334860211436,True
lift_and_cruse,cruise_150,0.7498702883843538,70.30033953603316,79.68966946546897,443.28057862501737,475.91625914388123,179.77346619020642,1.1335661625556406,1.1323552651631066,159.37933893093793,16.50005563827696,True
lift_and_cruse,cruise_150,0.7497029106660517,70.28464787494234,79.68966946747207,443.2626675437282,475.89986490249026,179.78089115222366,1.1338202551333287,1.1324020334377136,159.37933893494414,16.511617266028782,True
lift_and_cruse,cruise_150,0.7496431741838095,70.27904757973214,79.68966946524286,443.256274794653,475.8940136314772,179.78354138362164,1.133910967314765,1.1324187266880636,159.37933893048572,16.515743563199514,True
lift_and_cruse,cruise_151,0.7496431741838095,70.27904757973214,79.68886903077654,443.25360370112395,475.8910278138423,179.78166080406803,1.1338922733744876,1.1338922733744876,159.3777380615531,16.515743563199514,True
lift_and_cruse,cruise_151,0.7495834382814419,70.27344733888518,79.68886901031742,443.2472108121854,475.8851764643401,179.78431108607614,1.1339829971967006,1.1339089888407805,159.37773802063484,16.519869860370246,True
lift_and_cruse,cruise_151,0.7494160618168504,70.25775579532973,79.68886901552605,443.2292973156245,475.86878070571737,179.7917379990185,1.1342372780679828,1.1339558307664959,159.3777380310521,16.531431488122067,True
lift_and_cruse,cruise_151,0.7491741953345212,70.23508081261137,79.68886901781006,443.20340894648467,475.84508644455445,179.80247237667606,1.1346049263751976,1.134023533043975,159.37773803562013,16.548138524284667,True
lift_and_cruse,cruise_151,0.7489057431228877,70.20991341777072,79.68886901491045,443.17467140285703,475.8187854418662,179.81438965573867,1.1350132647937046,1.1340986959420607,159.3777380298209,16.566681935447697,True
lift_and_cruse,cruise_151,0.748663875434565,70.18723832199048,79.68886901671493,443.1487765058022,475.7950869361192,179.82512949549158,1.1353814172790577,1.1341664326692589,159.37773803342986,16.583388971610297,True
lift_and_cruse,cruise_151,0.7484964974661025,70.1715466374471,79.68886902210278,443.13085486888104,475.7786858847362,179.83256322138732,1.135636326861708,1.1342133175646252,159.37773804420556,16.594950599362118,True
lift_and_cruse,cruise_151,0.7484367608944444,70.16594633385417,79.6888690195621,443.1244583530357,475.77283218323583,179.83521657735082,1.1357273307406437,1.1342300524185143,159.3777380391242,16.59907689653285,True
lift_and_cruse,cruise_152,0.7484367608944444,70.16594633385417,79.68806479121955,443.1217863296942,475.7698440080069,179.83332629899016,1.1357085445988038,1.1357085445988038,159.3761295824391,16.59907689653285,True
lift_and_cruse,cruise_152,0.7483770249054994,70.16034608489056,79.68806478087751,443.1153896720603,475.7639902305351,179.83597972986982,1.1357995603191484,1.135725301916174,159.37612956175502,16.60320319370358,True
lift_and_cruse,cruise_152,0.7482096481979671,70.14465451855942,79.68806478078322,443.0974656239727,475.74758766302836,179.8434153876941,1.1360546589670937,1.1357722606212124,159.37612956156644,16.614764821455402,True
lift_and_cruse,cruise_152,0.7479677813636099,70.12197950283843,79.68806478115623,443.07156200712507,475.7238835658232,179.85416241812285,1.1364234900535746,1.1358401317691147,159.37612956231246,16.631471857618003,True
lift_and_cruse,cruise_152,0.7476993287599057,70.09681207124116,79.68806478125389,443.04280754004407,475.6975716496579,179.86609375624087,1.1368331426832425,1.1359154822223816,159.37612956250777,16.65001526878103,True
lift_and_cruse,cruise_152,0.7474574607171092,70.07413694222899,79.68806478375106,443.016897397213,475.6738633132495,179.87684626121458,1.137202480423499,1.135983387943895,159.37612956750212,16.66672230494363,True
lift_and_cruse,cruise_152,0.7472900825026764,70.0584452346259,79.68806478197624,442.9989652123593,475.65745545869686,179.88428873550492,1.1374582107968965,1.1360303896972321,159.37612956395247,16.67828393269545,True
lift_and_cruse,cruise_152,0.7472303458431009,70.05284492279071,79.68806478088993,442.9925649312148,475.6515993302276,179.88694522350832,1.1375495078041766,1.1360471663213771,159.37612956177986,16.682410229866182,True
lift_and_cruse,cruise_153,0.7472303458431009,70.05284492279071,79.6872567239625,442.9898919864343,475.6486087897903,179.88504515674828,1.1375306286531361,1.1375306286531361,159.374513447925,16.682410229866182,True
lift_and_cruse,cruise_153,0.7471706097691149,70.0472446658545,79.68725670341867,442.9834915666825,475.64275258354843,179.88770169205762,1.137621937387898,1.1375474276609572,159.37451340683734,16.686536527036914,True
lift_and_cruse,cruise_153,0.7470032328229517,70.03155307715173,79.68725670223111,442.9655569713867,475.62634321689376,179.89514611394986,1.1378778578139708,1.137594503602749,159.37451340446222,16.698098154788735,True
lift_and_cruse,cruise_153,0.7467613656427654,70.00887802900925,79.68725670415375,442.93963811367604,475.60262929720426,179.90590581872218,1.1382478774311762,1.1376625442434989,159.3745134083075,16.714805190951335,True
lift_and_cruse,cruise_153,0.746492912653884,69.98371056130163,79.68725669784803,442.9108667338153,475.5763064800354,179.91785120870514,1.138658850475377,1.137738082746241,159.37451339569606,16.73334860211436,True
lift_and_cruse,cruise_153,0.7462510442628222,69.96103539963958,79.68725670873555,442.88494135108743,475.5525883273717,179.92861641044638,1.1390293792983712,1.1378061581479155,159.3745134174711,16.75005563827696,True
lift_and_cruse,cruise_153,0.7460836658066936,69.94534366937754,79.68725670535973,442.8669986223277,475.53617367967524,179.9360676555031,1.1392859345029496,1.137853277237033,159.37451341071946,16.761617266028782,True
lift_and_cruse,cruise_153,0.7460239290607243,69.93974334944289,79.68725670430871,442.86059457810717,475.5303151271493,179.9387272755318,1.1393775260329808,1.137870095751549,159.37451340861742,16.765743563199514,True
lift_and_cruse,cruise_154,0.7460239290607243,69.93974334944289,79.68644479336696,442.8579207181437,475.52732221571205,179.93681735249646,1.1393585531938002,1.1393585531938002,159.37288958673392,16.765743563199514,True
lift_and_cruse,cruise_154,0.7459641929032439,69.93414308467912,79.68644476867915,442.8515165367792,475.52146358508287,179.93947700978512,1.1394501564440507,1.1393753941234388,159.3728895373583,16.769869860370246,True
lift_and_cruse,cruise_154,0.7457968157227489,69.91845147400771,79.68644476831476,442.83357139915125,475.50504742860124,179.9469302095507,1.1397069026426125,1.1394225877274298,159.37288953662951,16.781431488122067,True
lift_and_cruse,cruise_154,0.7455549482029661,69.89577639402808,79.68644476844909,442.8076373090488,475.48132369871524,179.95770259425552,1.1400781164816598,1.139490798385106,159.37288953689819,16.798138524284667,True
lift_and_cruse,cruise_154,0.7452864948357802,69.8706088908544,79.68644477164085,442.7788490212696,475.4549899980155,179.96966208842656,1.140490416546102,1.1395665258108554,159.3728895432817,16.816681935447697,True
lift_and_cruse,cruise_154,0.7450446261026327,69.84793369712182,79.68644477850195,442.7529084092346,475.4312620396301,179.98043997117884,1.1408621420292167,1.1396347712821258,159.3728895570039,16.833388971610297,True
lift_and_cruse,cruise_154,0.7448772474091055,69.83224194460365,79.68644477068547,442.7349551425762,475.41484060721433,179.98789998962178,1.1411195260110014,1.1396820080619299,159.37288954137094,16.844950599362118,True
lift_and_cruse,cruise_154,0.7448175105782728,69.82664161671306,79.68644477645658,442.72854733560825,475.4089796351562,179.99056276096817,1.1412114135847102,1.1396988687097582,159.37288955291316,16.84907689653285,True
lift_and_cruse,cruise_155,0.7448175105782728,69.82664161671306,79.68562896276127,442.72587257215844,475.4059843423913,179.9886428588461,1.141192346041291,1.141192346041291,159.37125792552254,16.84907689653285,True
lift_and_cruse,cruise_155,0.744757774338867,69.82104134426879,79.68562893112752,442.71946463175243,475.40012329004253,179.99130563482933,1.1412842451906902,1.1412092289930318,159.37125786225505,16.85320319370358,True
lift_and_cruse,cruise_155,0.7445903969284262,69.80534971203996,79.68562893213189,442.7015089570298,475.383700352834,179.99876762304712,1.1415418211619472,1.1412565406661748,159.37125786426378,16.864764821455402,True
lift_and_cruse,cruise_155,0.7443485290753662,69.7826746008156,79.68562893999867,442.6755596400795,475.35996682760964,180.00955272352138,1.1419142351347176,1.1413249220591173,159.37125787999733,16.881471857618003,True
lift_and_cruse,cruise_155,0.7440800753368766,69.75750706283219,79.6856289410716,442.64675445569964,475.33362225556044,180.0215263094684,1.1423278684726015,1.1414008388748695,159.3712578821432,16.90001526878103,True
lift_and_cruse,cruise_155,0.7438382062679806,69.73483183762318,79.6856289460578,442.62079862164234,475.3098845049059,180.0323168917255,1.142700796437973,1.1414692550242749,159.3712578921156,16.91672230494363,True
lift_and_cruse,cruise_155,0.7436708273414049,69.7191400632567,79.6856289467501,442.602834819457,475.29345629931015,180.03978572333264,1.1429590133948122,1.1415166100869532,159.3712578935002,16.92828393269545,True
lift_and_cruse,cruise_155,0.7436110904272631,69.71353972755593,79.68562894096054,442.5964232559467,475.2875929073665,180.04245160605115,1.1430511981816966,1.1415335127365065,159.37125788192108,16.932410229866182,True
lift_and_cruse,cruise_156,0.7436110904272631,69.71353972755593,79.6848091955504,442.59374759615224,475.2845952268153,180.0405216484433,1.1430320351966492,1.1430320351966492,159.3696183911008,16.932410229866182,True
lift_and_cruse,cruise_156,0.7435513541075268,69.70793944758064,79.68480915566029,442.5873358989488,475.27873175572404,180.04318754333605,1.1431242316591748,1.143048960293494,159.36961831132058,16.936536527036914,True
lift_and_cruse,cruise_156,0.7433839764715594,69.6922477942087,79.68480916993579,442.56936968975583,475.2623020491352,180.05065835732694,1.143382641592017,1.143096390614415,159.36961833987158,16.948098154788735,True
lift_and_cruse,cruise_156,0.743142108291623,69.66957265233965,79.68480917365038,442.54340515654303,475.2385587393308,180.06145615903247,1.1437562613409802,1.1431649431444018,159.36961834730076,16.964805190951335,True
lift_and_cruse,cruise_156,0.7428736541889257,69.64440508021178,79.6848091826001,442.5145830819193,475.21220331239203,180.07344387519606,1.1441712345561967,1.1432410501423063,159.3696183652002,16.98334860211436,True
lift_and_cruse,cruise_156,0.7426317847906673,69.62172982412505,79.68480916929514,442.4886120375193,475.1884557793811,180.0842471317246,1.1445453705967275,1.1433096373035936,159.36961833859027,17.00005563827696,True
lift_and_cruse,cruise_156,0.7424644056354979,69.60603802832794,79.68480917301704,442.4706377065126,475.17202080860767,180.09172477290244,1.1448044244883175,1.1433571109686091,159.3696183460341,17.011617266028782,True
lift_and_cruse,cruise_156,0.7424046686396293,69.60043768496524,79.68480917536527,442.4642223838057,475.1661550038423,180.09439381668335,1.1448969082129048,1.1433740560569536,159.36961835073055,17.015743563199514,True
lift_and_cruse,cruise_157,0.7424046686396293,69.60043768496524,79.68398545392053,442.46154583842525,475.1631549260747,180.0924536909218,1.144877648824516,1.144877648824516,159.36797090784106,17.015743563199514,True
lift_and_cruse,cruise_157,0.7423449322411448,69.59483739760734,79.68398541718227,442.45513038370615,475.15728904169646,180.09512273489568,1.1449701442060896,1.1448946163804954,159.36797083436454,17.019869860370246,True
lift_and_cruse,cruise_157,0.742177554384159,69.5791457235149,79.68398542849215,442.437153649277,475.14085257165794,180.10260234572823,1.1452293919116292,1.1449421655092267,159.3679708569843,17.031431488122067,True
lift_and_cruse,cruise_157,0.7419356858838595,69.55647055161182,79.68398542087759,442.411173909372,475.11709948902734,180.11341284517252,1.1456042231833687,1.1450108896502595,159.36797084175518,17.048138524284667,True
lift_and_cruse,cruise_157,0.7416672314242247,69.53130294602107,79.68398543328996,442.38233495429654,475.09073322093957,180.12541469606438,1.1460205427146517,1.1450871874103767,159.36797086657992,17.066681935447697,True
lift_and_cruse,cruise_157,0.7414253617031025,69.50862765966586,79.68398542236024,442.3563487026359,475.06697592274696,180.13623068894466,1.1463958929929523,1.1451559464740948,159.36797084472047,17.083388971610297,True
lift_and_cruse,cruise_157,0.7412579823238227,69.49293584285837,79.68398542115347,442.3383638501439,475.05053419436814,180.14371713024187,1.1466557877690142,1.1452035390252246,159.36797084230693,17.094950599362114,True
lift_and_cruse,cruise_157,0.7411982452478283,69.4873354919839,79.68398543727204,442.33194476886365,475.04466598111696,180.1463893516903,1.1467485719640886,1.1452205267809374,159.36797087454408,17.099076896532846,True
lift_and_cruse,cruise_158,0.7411982452478283,69.4873354919839,79.68315772572566,442.32926734161055,475.0416635025741,180.14443901625503,1.1467292156412852,1.1467292156412852,159.36631545145133,17.099076896532846,True
lift_and_cruse,cruise_158,0.7411385087705149,69.48173519723578,79.68315974317333,442.32284764996075,475.03579560441716,180.1471160456088,1.1468220409151744,1.1467462565657114,159.36631948634667,17.103203193703578,True
lift_and_cruse,cruise_158,0.7409711306925351,69.46604350242517,79.68315992391305,442.30486035470835,475.019352412845,180.1546048692754,1.1470821329586829,1.1467939274954175,159.3663198478261,17.114764821455402,True
lift_and_cruse,cruise_158,0.7407292618716025,69.44336830046274,79.6831596292871,442.2788654798532,474.9955895165561,180.1654274309036,1.1474581776918489,1.1468628197003332,159.3663192585742,17.131471857618003,True
lift_and_cruse,cruise_158,0.740460807056663,69.41820066156215,79.68315912362773,442.25000977485746,474.9692123206157,180.17744220291746,1.1478758425896645,1.1469393010514246,159.36631824725546,17.150015268781026,True
lift_and_cruse,cruise_158,0.7402189370147982,69.39552534513733,79.68315902522758,442.2240083443994,474.94544525260864,180.18827073428275,1.1482524117290789,1.1470082312573575,159.36631805045516,17.166722304943626,True
lift_and_cruse,cruise_158,0.7400515574133948,69.37983350750577,79.68315869124164,442.20601305267155,474.92899671223535,180.19576521246637,1.1485131467627343,1.1470559381815126,159.3663173824833,17.178283932695447,True
lift_and_cruse,cruise_158,0.7399918202580903,69.37423314919596,79.68315880202904,442.19959019563464,474.9231261092676,180.19844080570445,1.148606234058219,1.1470729699641868,159.36631760405808,17.18241022986618,True
lift_and_cruse,cruise_159,0.7399918202580903,69.37423314919596,79.6823259165671,442.19691216519783,474.9201210006164,180.1964774616039,1.1485867634054043,1.1485867634054043,159.3646518331342,17.18241022986618,True
lift_and_cruse,cruise_159,0.7399320837055312,69.36863284739356,79.68232775799636,442.19048876087385,474.91425066031616,180.1991572263251,1.148679887976201,1.1486038444401236,159.36465551599272,17.186536527036914,True
lift_and_cruse,cruise_159,0.7397647054156172,69.35294113271411,79.68232828583288,442.17249086894856,474.8978007910291,180.2066556907783,1.148940831009225,1.1486516402524398,159.36465657166576,17.198098154788735,True
lift_and_cruse,cruise_159,0.7395228362875517,69.33026590195796,79.68232761782862,442.1464808887582,474.8740280787299,180.21749012312253,1.149318093849873,1.1487206997909776,159.36465523565724,17.214805190951335,True
lift_and_cruse,cruise_159,0.7392543811309151,69.3050982310233,79.68232739288077,442.11760825611543,474.84764012473175,180.22951971279397,1.1497371221804322,1.1487973773579336,159.36465478576153,17.233348602114358,True
lift_and_cruse,cruise_159,0.7390125107784173,69.28242288547662,79.68232760086255,442.09159156267657,474.82386337653423,180.24036172418968,1.150114921791846,1.1488664852059516,159.3646552017251,17.250055638276958,True
lift_and_cruse,cruise_159,0.7388451309616542,69.26673102765508,79.68232686773781,442.0735858536167,474.8074080211218,180.2478640911807,1.150376500219562,1.1489143058933562,159.36465373547563,17.261617266028782,True
lift_and_cruse,cruise_159,0.7387853937294847,69.26113066213918,79.68232707641518,442.0671592220437,474.8015350323596,180.25054306722305,1.1504698921341123,1.1489313819009734,159.36465415283035,17.265743563199514,True
lift_and_cruse,cruise_160,0.7387853937294847,69.26113066213918,79.68149002606269,442.0644803524359,474.79852748802057,180.24856908326316,1.1504503213318154,1.1504503213318154,159.36298005212538,17.265743563199514,True
lift_and_cruse,cruise_160,0.7387256571023579,69.25553035334607,79.68149175177753,442.0580532233253,474.79265472052913,180.2512517285563,1.1505437475339955,1.1504674435212185,159.36298350355506,17.269869860370246,True
lift_and_cruse,cruise_160,0.7385582786074484,69.23983861944829,79.68149137631535,442.04004503508384,474.7761979421021,180.2587568947364,1.1508055276335714,1.1505153458201798,159.3629827526307,17.281431488122067,True
lift_and_cruse,cruise_160,0.7383164091805698,69.21716336067841,79.68149145082472,442.0140196949903,474.75241564226747,180.2696058421114,1.151184030641301,1.1505845900591611,159.36298290164945,17.298138524284667,True
lift_and_cruse,cruise_160,0.7380479536907693,69.19199565850963,79.6814909212604,441.985130281669,474.7260168323825,180.28164888413394,1.1516044205851481,1.1506614556988448,159.3629818425208,17.31668193544769,True
lift_and_cruse,cruise_160,0.7378060830367704,69.16932028469722,79.68149135713026,441.9590983518252,474.70223040228734,180.29250420417452,1.1519834555219444,1.1507307406118534,159.3629827142605,17.333388971610294,True
lift_and_cruse,cruise_160,0.7376387030105991,69.15362840724367,79.68149052959187,441.9410821596806,474.68576830010386,180.30001518721087,1.1522458858701958,1.1507786800373458,159.36298105918374,17.344950599362114,True
lift_and_cruse,cruise_160,0.737578965703478,69.14802803470107,79.68149106457973,441.9346517014928,474.67989297267184,180.30269808841803,1.1523395871904982,1.15079580386014,159.36298212915946,17.349076896532846,True
lift_and_cruse,cruise_161,0.737578965703478,69.14802803470107,79.68065007860606,441.9319719391014,474.67688303593246,180.30071399673747,1.1523199192118594,1.1523199192118594,159.36130015721213,17.349076896532846,True
lift_and_cruse,cruise_161,0.7375192290054251,69.1424277192586,79.68065127746931,441.9255411847495,474.6710077658783,180.3033985556479,1.15241364257102,1.152337076496699,159.36130255493862,17.353203193703578,True
lift_and_cruse,cruise_161,0.7373518503072302,69.12673596630283,79.68065184782157,441.907522269286,474.6545444430561,180.31091479390176,1.152676290596498,1.1523851135280865,159.36130369564313,17.364764821455402,True
lift_and_cruse,cruise_161,0.7371099805862359,69.10406067995962,79.68065158950523,441.88148183058917,474.6307523618063,180.32177573420591,1.1530560242585248,1.1524545268852298,159.36130317901046,17.381471857618003,True
lift_and_cruse,cruise_161,0.7368415247683368,69.07889294703156,79.68065107498064,441.8525755699981,474.6043427722175,180.33383299738506,1.1534777871064381,1.1525315860616718,159.3613021499613,17.400015268781026,True
lift_and_cruse,cruise_161,0.7365996538185011,69.05621754548449,79.68065123547377,441.8265285306341,474.58054657680583,180.34470045241838,1.1538580561164742,1.1526010410551015,159.36130247094755,17.416722304943626,True
lift_and_cruse,cruise_161,0.7364322735863528,69.04052564872057,79.68065090431575,441.8085017210111,474.56407785033326,180.3522214550346,1.154121351110852,1.1526491085360062,159.3613018086315,17.428283932695447,True
lift_and_cruse,cruise_161,0.736372536205528,69.03492526926824,79.68065102303565,441.8020676137531,474.5582000449088,180.35490653279936,1.1542153525868593,1.1526662691368956,159.3613020460713,17.43241022986618,True
lift_and_cruse,cruise_162,0.736372536205528,69.03492526926824,79.67980591064594,441.79938700400044,474.55518767815454,180.35291187473868,1.1541955843344196,1.1541955843344196,159.35961182129188,17.43241022986618,True
lift_and_cruse,cruise_162,0.73631279943731,69.0293249472478,79.6798068577408,441.7929525617696,474.5493099619205,180.3555989988234,1.1542896103015354,1.1542127809891392,159.3596137154816,17.436536527036914,True
lift_and_cruse,cruise_162,0.736145420542406,69.01363317585056,79.67980703669906,441.7749232408445,474.53283984722316,180.36312316393054,1.1545531110961162,1.1542609330153646,159.35961407339812,17.448098154788735,True
lift_and_cruse,cruise_162,0.7359035505369245,68.99095786283667,79.67980684994278,441.74886761660133,474.50903807606755,180.3739970641502,1.1549340872898608,1.1543305221752378,159.35961369988556,17.464805190951335,True
lift_and_cruse,cruise_162,0.7356350944010125,68.96579010009492,79.67980649403957,441.7199444840735,474.48261774948514,180.38606890209317,1.1553572318317162,1.154407777717739,159.35961298807914,17.483348602114358,True
lift_and_cruse,cruise_162,0.7353932231632294,68.94311467155276,79.67980680695449,441.6938822422974,474.4588118844537,180.39694951484887,1.155738747161055,1.1544774098354962,159.35961361390898,17.500055638276958,True
lift_and_cruse,cruise_162,0.7352258427305151,68.92742275598579,79.67980660114515,441.6758449085044,474.44233647172666,180.4044796711993,1.1560029056379666,1.1545256002035844,159.3596132022903,17.511617266028782,True
lift_and_cruse,cruise_162,0.73516610527813,68.92182236982468,79.67980623371785,441.66940717137373,474.43645617867134,180.4071667629745,1.156097207733667,1.154542796651534,159.3596124674357,17.515743563199514,True
lift_and_cruse,cruise_163,0.73516610527813,68.92182236982468,79.67895752414695,441.666725588989,474.4334414822729,180.4051627794475,1.1560773465420167,1.1560773465420167,159.3579150482939,17.515743563199514,True
lift_and_cruse,cruise_163,0.7351063684415421,68.91622204139458,79.67895877472188,441.66028732927214,474.42756142958496,180.40785378258877,1.1561716846610692,1.1560945911026665,159.35791754944375,17.519869860370246,True
lift_and_cruse,cruise_163,0.7349389893530794,68.90053025185121,79.67895854489528,441.64224761298453,474.4110845291828,180.4153858421271,1.1564360421615194,1.15614285825462,159.35791708979056,17.531431488122067,True
lift_and_cruse,cruise_163,0.7346971190699604,68.87785491280879,79.67895793218614,441.61617692961477,474.3872729864744,180.42627154100518,1.1568182597507957,1.156212616290811,159.35791586437227,17.548138524284667,True
lift_and_cruse,cruise_163,0.7344286626217332,68.8526871207875,79.67895875713438,441.587236690646,474.3608421328511,180.43836038324818,1.1572428076023966,1.1562900843435415,159.35791751426876,17.56668193544769,True
lift_and_cruse,cruise_163,0.734186791101046,68.83001166572306,79.67895807337136,441.56115952782636,474.3370263919922,180.44925145358124,1.1576255586696564,1.1563598768012389,159.35791614674272,17.583388971610294,True
lift_and_cruse,cruise_163,0.7340194104734203,68.81431973188315,79.67895797141303,441.5431116806506,474.32054429827207,180.45679072235419,1.157890584545516,1.1564081901516086,159.35791594282605,17.594950599362114,True
lift_and_cruse,cruise_163,0.7339596729509117,68.80871933914797,79.67895829490995,441.536670035863,474.3146617459416,180.45948261091687,1.1579852058529185,1.1564254403862404,159.3579165898199,17.599076896532846,True
lift_and_cruse,cruise_164,0.7339596729509117,68.80871933914797,79.67810497836531,441.53398772113775,474.3116445258162,180.45746690895282,1.1579652367259394,1.1579652367259394,159.35620995673062,17.599076896532846,True
lift_and_cruse,cruise_164,0.7338999360468411,68.80311900439135,79.67810614467447,441.5275457379125,474.30576206571806,180.46016087915885,1.1580598828863906,1.1579825234799916,159.35621228934895,17.603203193703578,True
lift_and_cruse,cruise_164,0.7337325567718408,68.78742719736007,79.6781054888915,441.5094956368312,474.28927838628067,180.46770080089135,1.1583251010498326,1.1580309058905587,159.356210977783,17.614764821455402,True
lift_and_cruse,cruise_164,0.7334906862149274,68.76475183264945,79.67810627387256,441.48340946802494,474.2654574334204,180.47860261945704,1.1587085926576632,1.15810086102809,159.35621254774512,17.631471857618003,True
lift_and_cruse,cruise_164,0.7332222294615491,68.73958401202023,79.67810568161505,441.45445275001526,474.23901557154915,180.49070234498626,1.1591345128920003,1.1581785029332812,159.3562113632301,17.650015268781026,True
lift_and_cruse,cruise_164,0.7329803576677861,68.71690853135495,79.67810524317241,441.4283603796227,474.2151902062419,180.50160681876653,1.1595185238512118,1.1582484751088782,159.35621048634482,17.666722304943626,True
lift_and_cruse,cruise_164,0.732812976848395,68.70121657953702,79.6781058537144,441.41030187918756,474.1987015566312,180.5091566478197,1.159784430245509,1.1582969210930567,159.3562117074288,17.678283932695447,True
lift_and_cruse,cruise_164,0.7327532392574758,68.69561618038836,79.67810519093781,441.40385672848424,474.1928164284178,180.5118493744335,1.1598793479024547,1.1583141998671866,159.35621038187563,17.68241022986618,True
lift_and_cruse,cruise_165,0.7327532392574758,68.69561618038836,79.6772477354028,441.401173570616,474.1897967731203,180.50982305024579,1.1598592772816478,1.1598592772816478,159.3544954708056,17.68241022986618,True
lift_and_cruse,cruise_165,0.7326935022895593,68.6900158396462,79.67724777772358,441.39472811459234,474.18391171126035,180.51251753348663,1.159954217858633,1.1598765905853317,159.35449555544716,17.686536527036914,True
lift_and_cruse,cruise_165,0.7325261228339669,68.67432401568439,79.67724777736977,441.3766673768557,474.16742146859343,180.52006788124635,1.1602203166626137,1.1599251050691852,159.35449555473954,17.698098154788735,True
lift_and_cruse,cruise_165,0.732284252015416,68.65164862644525,79.67724777738287,441.3505662516186,474.1435907032983,180.53098067660355,1.16060505671362,1.1599952248373078,159.35449555476575,17.714805190951335,True
lift_and_cruse,cruise_165,0.7320157949713944,68.62648077856822,79.67724777700582,441.3215925860258,474.117138232422,180.54309604558657,1.1610323853606823,1.160073071698355,159.35449555401163,17.733348602114358,True
lift_and_cruse,cruise_165,0.7317739229116041,68.60380527296289,79.67724777745575,441.29548496988986,474.09330329298757,180.55401439416661,1.1614176652200314,1.1601432271485081,159.3544955549115,17.750055638276958,True
lift_and_cruse,cruise_165,0.7316065419082104,68.58811330389473,79.67724777709752,441.2774161382664,474.07680784515026,180.56157166538637,1.161684437146366,1.1601917861188016,159.35449555419504,17.761617266028782,True
lift_and_cruse,cruise_165,0.7315468042514585,68.58251289857424,79.6772477769998,441.2709670902551,474.07092045869456,180.56426912961703,1.1617796766736384,1.1602091185767267,159.3544955539996,17.765743563199514,True
lift_and_cruse,cruise_166,0.7315468042514585,68.58251289857424,79.6763864421427,441.26828302751807,474.06789841668274,180.5622327883783,1.1617595079955014,1.1617595079955014,159.3527728842854,17.765743563199514,True
lift_and_cruse,cruise_166,0.731487067220295,68.57691255190265,79.67638649137952,441.2618338311998,474.0620109721196,180.56493045947227,1.1618547609568517,1.161776865141536,159.35277298275903,17.769869860370246,True
lift_and_cruse,cruise_166,0.731319687587082,68.56122071128893,79.67638649184721,441.2437626183351,474.0455140505854,180.57248969639343,1.1621217351790538,1.1618255021971968,159.35277298369442,17.781431488122067,True
lift_and_cruse,cruise_166,0.7310778165108179,68.53854529788919,79.67638649133396,441.217646357632,474.0216736358004,180.5834153354705,1.1625077412898177,1.1618957990964027,159.35277298266791,17.798138524284667,True
lift_and_cruse,cruise_166,0.730809359179307,68.51337742306002,79.67638649107009,441.1886558943279,473.9952104578099,180.59554496510003,1.1629364766484098,1.161973842618201,159.35277298214018,17.81668193544769,True
lift_and_cruse,cruise_166,0.730567486859193,68.49070189304935,79.67638649106809,441.16253314551307,473.9713658740899,180.6064761639626,1.1633230252392015,1.1620441752897472,159.35277298213617,17.833388971610294,True
lift_and_cruse,cruise_166,0.7304001056749228,68.47500990702402,79.67638649201072,441.14445384214395,473.954863753948,180.61404233344058,1.1635906759209456,1.162092856950327,159.35277298402144,17.844950599362114,True
lift_and_cruse,cruise_166,0.7303403679534723,68.46940949563805,79.67638649164738,441.13800105713926,473.9489739863217,180.6167429720497,1.1636862292089296,1.1621102331897177,159.35277298329476,17.849076896532846,True
lift_and_cruse,cruise_167,0.7303403679534723,68.46940949563805,79.67552076840177,441.1353162116684,473.94594945976826,180.61469540147075,1.1636659546987598,1.1636659546987598,159.35104153680354,17.849076896532846,True
lift_and_cruse,cruise_167,0.7302806308609032,68.46380914320969,79.6755208268882,441.1288632765862,473.9400596363459,180.61739626925046,1.1637615216174906,1.1636833558735444,159.3510416537764,17.853203193703578,True
lift_and_cruse,cruise_167,0.730113251055238,68.44811728642856,79.6755208261099,441.1107815949747,473.9235560451026,180.62496439968763,1.1640293755414692,1.1637321158911658,159.3510416522198,17.864764821455402,True
lift_and_cruse,cruise_167,0.7298713797287222,68.42544184956769,79.67552082573405,441.0846502071598,473.899705994764,180.63590289741222,1.1644166539622125,1.1638025905409133,159.3510416514681,17.881471857618003,True
lift_and_cruse,cruise_167,0.7296029221179975,68.40027394856227,79.67552082591304,441.05564295552483,473.8732321250626,180.64804680329672,1.164846802973404,1.1638808314049993,159.35104165182608,17.900015268781026,True
lift_and_cruse,cruise_167,0.7293610495450048,68.3775983948442,79.67552082636145,441.0295050823468,473.84937791106097,180.65899086793902,1.1652346265669822,1.1639513419213334,159.3510416527229,17.916722304943626,True
lift_and_cruse,cruise_167,0.7291936681850101,68.3619063923447,79.67552082560822,441.0114153138615,473.8328691276255,180.66656593783642,1.1655031602960477,1.1640001466485705,159.35104165121643,17.928283932695447,True
lift_and_cruse,cruise_167,0.7291339304007002,68.35630597506564,79.67552082615126,441.00495879369265,473.8269769824708,180.6692697568961,1.165599028910222,1.164017566837888,159.3510416523025,17.93241022986618,True
lift_and_cruse,cruise_168,0.7291339304007002,68.35630597506564,79.67465074265252,441.0022731593216,473.82394997586124,180.66721101428104,1.1655786486138633,1.1655786486138633,159.34930148530503,17.93241022986618,True
lift_and_cruse,cruise_168,0.7290741932485957,68.35070561705585,79.67465074265259,440.9958165038791,473.8180577641791,180.6699149217882,1.1656745300481401,1.1655960929350575,159.34930148530518,17.936536527036914,True
lift_and_cruse,cruise_168,0.7289068132757076,68.33501374459759,79.6746507426527,440.9777243589641,473.8015475132075,180.67749195976913,1.1659432680454085,1.1656449763690835,159.3493014853054,17.948098154788735,True
lift_and_cruse,cruise_168,0.7286649417064911,68.31233828498355,79.67465074265775,440.9515778525543,473.77768784123833,180.68844333007038,1.1663318250611039,1.1657156293853368,159.3493014853155,17.964805190951335,True
lift_and_cruse,cruise_168,0.7283964838249254,68.28717035858675,79.67465074266762,440.92255382226415,473.75120329512464,180.70060152558472,1.1667633946976312,1.1657940682620849,159.34930148533525,17.983348602114358,True
lift_and_cruse,cruise_168,0.7281546110065963,68.26449478186841,79.6746507426531,440.8964008335378,473.72733946456873,180.71155846720362,1.167152499579794,1.1658647572218215,159.3493014853062,18.000055638276958,True
lift_and_cruse,cruise_168,0.72798722947609,68.24880276338342,79.67465074266507,440.87830060529853,473.71082402793144,180.71914245258634,1.167421920756244,1.1659136854771692,159.34930148533013,18.011617266028782,True
lift_and_cruse,cruise_168,0.72792749163078,68.24320234038564,79.67465074265697,440.87184035244155,473.7049295084086,180.72184945194775,1.1675181062338005,1.1659311497455318,159.34930148531393,18.015743563199514,True
lift_and_cruse,cruise_169,0.72792749163078,68.24320234038564,79.67377618649506,440.86915395682576,473.7018999996215,180.7197792619828,1.167497618137778,1.167497618137778,159.34755237299012,18.015743563199514,True
lift_and_cruse,cruise_169,0.7278677544210406,68.23760197697256,79.67377618647977,440.8626935691201,473.69600541420897,180.7224863508063,1.1675938165003468,1.1675151066482576,159.34755237295954,18.019869860370246,True
lift_and_cruse,cruise_169,0.727700374286256,68.22191008933649,79.67377618648236,440.84459096706513,473.67948851300895,180.7300723037262,1.167863442929866,1.1675641139124402,159.3475523729647,18.031431488122067,True
lift_and_cruse,cruise_169,0.7274585024820317,68.19923460769049,79.67377618647673,440.8184293507994,473.65561923328477,180.74103655902,1.16825328485722,1.1676349459043363,159.34755237295346,18.048138524284667,True
lift_and_cruse,cruise_169,0.7271900443381575,68.17406665670225,79.67377618647939,440.7893885514218,473.62912402628564,180.75320905935806,1.16868628214874,1.1677135834790917,159.34755237295877,18.06668193544769,True
lift_and_cruse,cruise_169,0.7269481712821713,68.15139105770356,79.6737761864909,440.763220455695,473.60525059324044,180.76417889245099,1.1690766746669365,1.1677844515050468,159.3475523729818,18.083388971610294,True
lift_and_cruse,cruise_169,0.7267807895864651,68.13569902373109,79.67377618647934,440.74510977389275,473.588728512928,180.7717718006922,1.1693469876718705,1.1678335037024463,159.3475523729587,18.094950599362114,True
lift_and_cruse,cruise_169,0.72672105168205,68.1300985951922,79.67377618647552,440.7386457903573,473.582831622597,180.7744819849653,1.1694434915896246,1.16785101221035,159.34755237295104,18.099076896532846,True
lift_and_cruse,cruise_170,0.72672105168205,68.1300985951922,79.67289711698629,440.7359586439723,473.57979960313025,180.77240024190132,1.1694228947234873,1.1694228947234873,159.34579423397258,18.099076896532846,True
lift_and_cruse,cruise_170,0.7266613144166015,68.12449822655638,79.67289711698551,440.7294945261444,473.5739026474512,180.77511051540202,1.1695194115837584,1.1694404275762813,159.34579423397102,18.103203193703578,True
lift_and_cruse,cruise_170,0.7264939341253145,68.10880632424823,79.672897116983,440.71138147297245,473.5573791057153,180.78270539246952,1.169789930844395,1.1694895590980925,159.345794233966,18.114764821455402,True
lift_and_cruse,cruise_170,0.7262520620938716,68.08613082130047,79.67289711698172,440.68520475555647,473.53350023225624,180.79368254612365,1.1701810640475427,1.169560570683848,159.34579423396343,18.131471857618003,True
lift_and_cruse,cruise_170,0.7259836036963274,68.06096284653069,79.67289711698642,440.656147196766,473.5069943799442,180.80586936610803,1.1706154960676138,1.1696394076428338,159.34579423397284,18.150015268781026,True
lift_and_cruse,cruise_170,0.725741730410461,68.03828722598072,79.67289711699057,440.6299640027752,473.4831113584444,180.81685210393726,1.1710071826033475,1.1697104553528108,159.34579423398114,18.166722304943626,True
lift_and_cruse,cruise_170,0.7255743485549332,68.02259517702498,79.672897116983,440.6118428734495,473.46658264418437,180.82445394432995,1.1712783918586298,1.169759631920613,159.345794233966,18.178283932695447,True
lift_and_cruse,cruise_170,0.7255146105933319,68.01699474312487,79.67289711698858,440.60537516139317,473.46068338651713,180.82716731682126,1.171375215795658,1.1697771848208842,159.34579423397716,18.18241022986618,True
lift_and_cruse,cruise_171,0.7255146105933319,68.01699474312487,79.67201348823626,440.60268727603324,473.45764884689123,180.82507390229028,1.1713545091065585,1.1713545091065585,159.34402697647252,18.18241022986618,True
lift_and_cruse,cruise_171,0.7254548732741279,68.01139436944949,79.67201348824895,440.59621943024746,473.4517495244209,180.82778736375565,1.1714513460438012,1.1713720864549546,159.3440269764979,18.186536527036914,True
lift_and_cruse,cruise_171,0.7252874928318108,67.99570245298227,79.67201348825067,440.57809593202336,473.4352193518931,180.8353911742122,1.1717227625635427,1.171421342664132,159.34402697650134,18.198098154788735,True
lift_and_cruse,cruise_171,0.7250456205810523,67.97302692947365,79.6720134882528,440.5519041222322,473.41133089878605,180.84638123954917,1.1721151934481824,1.1714925344646387,159.3440269765056,18.214805190951335,True
lift_and_cruse,cruise_171,0.7247771619386029,67.94785893174402,79.67201348824172,440.52282981378374,473.3848144168063,180.85858239393085,1.1725510673164465,1.1715715714969088,159.34402697648343,18.233348602114358,True
lift_and_cruse,cruise_171,0.7245352884307467,67.92518329038249,79.67201348824858,440.49663153032117,473.3609218209636,180.86957804984712,1.1729440542937624,1.1716427995122507,159.34402697649716,18.250055638276958,True
lift_and_cruse,cruise_171,0.7243679064208541,67.90949122695507,79.67201348823782,440.4784999595654,473.34438648252603,180.87718883160053,1.1732161642498409,1.1716921008803205,159.34402697647565,18.261617266028782,True
lift_and_cruse,cruise_171,0.7243081684040135,67.90389078787626,79.67201348823522,440.4720285211675,473.33848486100806,180.87990539556264,1.1733133097952801,1.1717096983261703,159.34402697647045,18.265743563199514,True
lift_and_cruse,cruise_172,0.7243081684040135,67.90389078787626,79.67112525362683,440.4693399088368,473.33544779163856,180.8778001894894,1.1732924922153583,1.1732924922153583,159.34225050725365,18.265743563199514,True
lift_and_cruse,cruise_172,0.7242484310330366,67.89829040934718,79.67112525362522,440.4628683372802,473.329546105865,180.88051684214437,1.1733896508188482,1.173310114212976,159.34225050725044,18.269869860370246,True
lift_and_cruse,cruise_172,0.724081050445242,67.88259847924142,79.67112525361232,440.4447344001214,473.31300931233255,180.88812959516045,1.1736619690543921,1.1733594955408644,159.34225050722463,18.281431488122067,True
lift_and_cruse,cruise_172,0.7238391779831866,67.85992293592375,79.67112525363252,440.41852750679294,473.28911129373716,180.8991325855289,1.1740557040685682,1.1734308681801693,159.34225050726505,18.298138524284667,True
lift_and_cruse,cruise_172,0.723570719104725,67.83475491606796,79.67112525362435,440.3894364585063,473.26258419781897,180.91134808913122,1.174493026952021,1.1735101059785626,159.3422505072487,18.31668193544769,True
lift_and_cruse,cruise_172,0.7233288453828854,67.81207925464551,79.67112525362651,440.3632230944348,473.23868204181235,180.9223566764374,1.174887320837002,1.1735815149232907,159.34225050725303,18.333388971610294,True
lift_and_cruse,cruise_172,0.7231614632241652,67.79638717726549,79.67112525361534,440.3450810883858,473.222140089017,180.92997640877581,1.1751603359737557,1.1736309415236583,159.3422505072307,18.344950599362114,True
lift_and_cruse,cruise_172,0.7231017251540606,67.79078673319317,79.67112525362826,440.3386059258323,473.2162361071582,180.93269616755265,1.1752578047277886,1.1736485836696273,159.34225050725652,18.349076896532846,True
lift_and_cruse,cruise_173,0.7231017251540606,67.79078673319317,79.67023236581575,440.33591659876987,473.2131964983401,180.9305790479276,1.175236875172678,1.175236875172678,159.3404647316315,18.349076896532846,True
lift_and_cruse,cruise_173,0.7230419877333223,67.78518634999895,79.67023236580518,440.32944130363836,473.2072924527747,180.9332988950703,1.1753343570426245,1.1752545419743528,159.34046473161035,18.353203193703578,True
lift_and_cruse,cruise_173,0.7228746070056844,67.76949440678291,79.67023236580266,440.31129693369786,473.1907490480809,180.9409205999093,1.1756075814806326,1.1753040488549786,159.34046473160532,18.364764821455402,True
lift_and_cruse,cruise_173,0.7226327343404688,67.74681884441895,79.67023236580651,440.2850749657486,473.16684147821854,180.9519365285366,1.176002627114165,1.1753756029593494,159.34046473161303,18.381471857618003,True
lift_and_cruse,cruise_173,0.7223642752350194,67.72165080328307,79.67023236579834,440.2559671875225,473.14030378416544,180.96416639612337,1.1764414062267174,1.1754550422196561,159.34046473159668,18.400015268781026,True
lift_and_cruse,cruise_173,0.7221224013073206,67.69897512256131,79.67023236581119,440.2297387517666,473.1163920822481,180.97518792816382,1.1768370135283839,1.1755266327210683,159.34046473162238,18.416722304943626,True
lift_and_cruse,cruise_173,0.7219550190053916,67.68328303175547,79.67023236579664,440.2115863166092,473.0998435249627,180.98281662029197,1.1771109383551475,1.1755761849877195,159.34046473159327,18.428283932695447,True
lift_and_cruse,cruise_173,0.7218952808840278,67.67768258287761,79.67023236582149,440.205107432109,473.09393718628564,180.98553957716325,1.1772087319281233,1.1755938719886758,159.34046473164298,18.43241022986618,True
lift_and_cruse,cruise_174,0.7218952808840278,67.67768258287761,79.36960389968554,440.2755999473161,473.03489884289695,180.27254726172157,1.1727588899411547,1.1727588899411547,158.7392077993711,18.43241022986618,True
lift_and_cruse,cruise_174,0.7218357733121665,67.6721037480156,79.36960389967004,440.2691526085018,473.0290190445098,180.27524566894598,1.1728559517300916,1.1727764443669904,158.73920779934008,18.436536527036914,True
lift_and_cruse,cruise_174,0.7216690366089197,67.65647218208622,79.36960389969359,440.25108657641545,473.012543581059,180.2828072911494,1.1731279985655267,1.1728256363254783,158.73920779938717,18.448098154788735,True
lift_and_cruse,cruise_174,0.7214280945915102,67.63388386795408,79.36960389967992,440.2249778255837,472.98873419472307,180.29373637322027,1.1735213410477983,1.172896735216309,158.73920779935983,18.464805190951335,True
lift_and_cruse,cruise_174,0.7211606684349463,67.60881266577621,79.36960389967986,440.195995730488,472.9623054838992,180.30586981453777,1.1739582277746388,1.1729756690383846,158.73920779935972,18.483348602114358,True
lift_and_cruse,cruise_174,0.7209197251690204,67.58622423459566,79.36960389968496,440.1698805507882,472.9384919794278,180.3168044389038,1.1743521282632126,1.1730468039844884,158.73920779936992,18.500055638276958,True
lift_and_cruse,cruise_174,0.7207529869088988,67.57059252270926,79.36960389968665,440.15180650204536,472.92201138073824,180.32437297213352,1.1746248709208567,1.1730960409024982,158.7392077993733,18.511617266028782,True
lift_and_cruse,cruise_174,0.720693478644163,67.56501362289029,79.36960389967383,440.1453555954806,472.91612929695737,180.3270744550821,1.174722242380117,1.1731136153373865,158.73920779934767,18.515743563199514,True
lift_and_cruse,cruise_175,0.720693478644163,67.56501362289029,79.66991676640359,440.06896815409823,472.9692665420453,181.0396154506983,1.1791593384569712,1.1791593384569712,159.33983353280718,18.515743563199514,True
lift_and_cruse,cruise_175,0.7206337399941227,67.559413124449,79.66991676640511,440.0624852813732,472.9633576700032,181.04234180473335,1.1792574741434385,1.1791770959285188,159.33983353281022,18.519869860370246,True
lift_and_cruse,cruise_175,0.7204663558212108,67.5437208582385,79.66991676639608,440.0443196803792,472.9468007434595,181.04998174341276,1.1795325314049168,1.1792268568883872,159.33983353279217,18.531431488122067,True
lift_and_cruse,cruise_175,0.720224478175225,67.52104482892733,79.66991676640207,440.0180670349643,472.92287363824425,181.0610240260014,1.1799302278148418,1.179298778222289,159.33983353280414,18.548138524284667,True
lift_and_cruse,cruise_175,0.7199560135384829,67.49587626923277,79.66991676641278,439.98892521050254,472.8963142675237,181.07328315161388,1.1803719522126177,1.1793786251796043,159.33983353282557,18.56668193544769,True
lift_and_cruse,cruise_175,0.719714134624507,67.47320012104753,79.6699167664051,439.962666103031,472.872383040949,181.08433105071566,1.1807702159617066,1.1794505830953554,159.3398335328102,18.583388971610294,True
lift_and_cruse,cruise_175,0.719546748870437,67.45750770660347,79.66991676641791,439.9444924439752,472.85582097516146,181.09197799316107,1.181045980684486,1.1795003896726213,159.33983353283583,18.594950599362114,True
lift_and_cruse,cruise_175,0.7194870095167151,67.45190714219204,79.66991676640255,439.93800598508176,472.84990981593603,181.09470746410457,1.1811444312206107,1.1795181674454258,159.3398335328051,18.599076896532846,True
lift_and_cruse,cruise_176,0.7194870095167151,67.45190714219204,79.5517030457262,439.96409748238455,472.82503571651984,180.81407892359067,1.179384044368489,1.179384044368489,159.1034060914524,18.599076896532846,True
lift_and_cruse,cruise_176,0.7194273608089761,67.4463150758415,79.5517030457354,439.9576232987548,472.8191349036789,180.81679880266407,1.1794822143249117,1.179401785143991,159.1034060914708,18.603203193703578,True
lift_and_cruse,cruise_176,0.7192602286493821,67.43064643587958,79.55170304574395,439.93948204667976,472.80260055984166,180.8244205958005,1.1797573676526145,1.1794514993104326,159.1034060914879,18.614764821455402,True
lift_and_cruse,cruise_176,0.7190187151747292,67.40800454763085,79.55170304573109,439.9132645932889,472.7787060910292,180.83543664915936,1.1801552029962965,1.1795233529937337,159.10340609146218,18.631471857618003,True
lift_and_cruse,cruise_176,0.7187506547398003,67.38287388185627,79.55170304574261,439.88416183843833,472.752182948763,180.84766665141512,1.1805970817581213,1.1796031248212866,159.10340609148523,18.650015268781026,True
lift_and_cruse,cruise_176,0.7185091400009915,67.36023187509295,79.55170304574231,439.8579379399503,472.728284367199,180.8586883012394,1.1809954847278736,1.1796750150082829,159.10340609148463,18.666722304943626,True
lift_and_cruse,cruise_176,0.7183420062650211,67.34456308734573,79.55170304572388,439.83978865098095,472.7117448948375,180.86631707295706,1.1812713458734856,1.179724774693455,159.10340609144777,18.678283932695447,True
lift_and_cruse,cruise_176,0.7182823568557283,67.33897095522453,79.55170304572812,439.8333108905952,472.70584179958996,180.86904005780727,1.1813698308387497,1.179742535726802,159.10340609145624,18.68241022986618,True
lift_and_cruse,cruise_177,0.7182823568557283,67.33897095522453,79.6686897260216,439.8016311690859,472.72469312370015,181.14687186185563,1.1830993048437783,1.1830993048437783,159.3373794520432,18.68241022986618,True
lift_and_cruse,cruise_177,0.7182226176674896,67.33337040632715,79.66868972601708,439.79514080977674,472.71877950989665,181.14960467148583,1.1831980994470646,1.1831171532622495,159.33737945203416,18.686536527036914,True
lift_and_cruse,cruise_177,0.718055231985732,67.31767799866238,79.66868972602744,439.7769542327444,472.70220929890536,181.1572627004217,1.1834750038335495,1.1831671690787933,159.33737945205488,18.698098154788735,True
lift_and_cruse,cruise_177,0.7178133521571929,67.29500176473684,79.66868972601151,439.7506712784677,472.67826300143895,181.16833112927824,1.1838753717106967,1.1832394587647883,159.33737945202301,18.714805190951335,True
lift_and_cruse,cruise_177,0.7175448850949414,67.26983297765076,79.66868972602269,439.721495816999,472.6516823349432,181.18061928231805,1.1843200643940912,1.1833197146652616,159.33737945204538,18.733348602114358,True
lift_and_cruse,cruise_177,0.7173030039928987,67.24715662433425,79.66868972603686,439.69520640660176,472.627731926964,181.19169334076776,1.184721005345842,1.1833920411190337,159.33737945207372,18.750055638276958,True
lift_and_cruse,cruise_177,0.7171356167231077,67.23146406779134,79.66868972601922,439.6770117789347,472.61115659023585,181.1993583895424,1.1849986243441255,1.1834421027832713,159.33737945203845,18.761617266028782,True
lift_and_cruse,cruise_177,0.7170758768281276,67.22586345263696,79.66868972603164,439.67051783674924,472.60524069527025,181.2020943233615,1.185097736980138,1.183459971606322,159.3373794520633,18.765743563199514,True
lift_and_cruse,cruise_178,0.7170758768281276,67.22586345263696,79.6677732218671,439.6678248673565,472.60218814669713,181.1999166550384,1.185076235993545,1.185076235993545,159.3355464437342,18.765743563199514,True
lift_and_cruse,cruise_178,0.7170161376002894,67.22026290002712,79.66777322188415,439.6613307954962,472.5962721908284,181.2026526758993,1.1851753620429208,1.1850941300045537,159.3355464437683,18.769869860370246,True
lift_and_cruse,cruise_178,0.7168487518071517,67.20457048192047,79.66777322187173,439.64313381661407,472.5796954183423,181.21031970330452,1.1854531955635927,1.1851442735815838,159.33554644374345,18.781431488122067,True
lift_and_cruse,cruise_178,0.7166068718165584,67.18189423280235,79.66777322186486,439.6168358324368,472.5557396414385,181.2214011380007,1.1858549072364468,1.1852167479246276,159.33554644372973,18.798138524284667,True
lift_and_cruse,cruise_178,0.7163384045729086,67.15672542871019,79.66777322186623,439.5876436907294,472.5291484565914,181.2337037299584,1.1863010930240687,1.1852972088301255,159.33554644373245,18.81668193544769,True
lift_and_cruse,cruise_178,0.7160965233060508,67.13404905994226,79.6677732218644,439.5613392534808,472.5051885746394,181.24479080062423,1.1867033806631513,1.185369720033306,159.3355464437288,18.833388971610294,True
lift_and_cruse,cruise_178,0.715929135921437,67.11835649263472,79.66777322187943,439.5431342277457,472.48860668324613,181.25246485601704,1.1869819324026583,1.185419909574491,159.33554644375886,18.844950599362114,True
lift_and_cruse,cruise_178,0.7158693959853251,67.11275587362422,79.66777322185544,439.53663657471174,472.48268844924013,181.25520400450534,1.1870813780888663,1.18543782404068,159.33554644371088,18.849076896532846,True
lift_and_cruse,cruise_179,0.7158693959853251,67.11275587362422,79.66685176650722,439.533942968115,472.47963330051437,181.25301365470781,1.1870597583047091,1.1870597583047091,159.33370353301444,18.849076896532846,True
lift_and_cruse,cruise_179,0.7158096567200847,67.10715531750795,79.66685176651184,439.52744518600997,472.47371500619084,181.25575288999184,1.1871592174645518,1.1870776980669708,159.33370353302368,18.853203193703578,True
lift_and_cruse,cruise_179,0.7156422708217224,67.09146288953647,79.66685176650533,439.509237811714,472.45713168235153,181.2634289250943,1.187437984787641,1.1871279698510904,159.33370353301066,18.864764821455402,True
lift_and_cruse,cruise_179,0.7154003906779646,67.06878662605918,79.6668517665003,439.4829248069563,472.4331664406668,181.27452337885535,1.1878410470090741,1.1872006294959403,159.3337035330006,18.881471857618003,True
lift_and_cruse,cruise_179,0.7151319232627767,67.0436178058853,79.66685176651609,439.45371599535827,472.4065647537541,181.28684042448538,1.1882887334072862,1.1872812961227388,159.33370353303218,18.900015268781026,True
lift_and_cruse,cruise_179,0.7148900418399812,67.02094142249823,79.66685176650924,439.42739654059415,472.38259541251244,181.29794052063798,1.1886923745062756,1.1873539927206622,159.33370353301848,18.916722304943626,True
lift_and_cruse,cruise_179,0.7147226543466846,67.00524884500169,79.66685176650753,439.40918112327057,472.3660069766112,181.30562359170378,1.1889718636783684,1.1874043105846166,159.33370353301507,18.928283932695447,True
lift_and_cruse,cruise_179,0.7146629143716315,66.99964822234045,79.66685176651485,439.40267976168155,472.3600864072063,181.30836595828725,1.1890716440913887,1.187422270854342,159.3337035330297,18.93241022986618,True
lift_and_cruse,cruise_180,0.7146629143716315,66.99964822234045,79.6659253072019,439.3999855318388,472.357028647765,181.3061627910071,1.1890499043043903,1.1890499043043903,159.3318506144038,18.93241022986618,True
lift_and_cruse,cruise_180,0.7146031750705423,66.99404766286335,79.66592530720096,439.39348404196556,472.35110801877835,181.30890524396096,1.189149698252068,1.1890678899777516,159.33185061440193,18.936536527036914,True
lift_and_cruse,cruise_180,0.7144357890737356,66.97835522566271,79.66592530719718,439.37526627862053,472.33451815365027,181.31659029593553,1.1894294040753666,1.189118290417396,159.33185061439437,18.948098154788735,True
lift_and_cruse,cruise_180,0.71419390879033,66.95567894909342,79.66592530720015,439.34948910934185,472.31104806443153,181.32744338460896,1.1898336461213603,1.189189467612092,159.3318506144003,18.964805190951335,True
lift_and_cruse,cruise_180,0.7139254412525253,66.93051011742425,79.66592530719761,439.3220298005214,472.28606670424455,181.33903032630772,1.190282738697849,1.1892654575933812,159.33185061439522,18.983348602114358,True
lift_and_cruse,cruise_180,0.7136835597595882,66.9078337274614,79.66592530720783,439.2972881161267,472.26355860058027,181.3494718117797,1.190687647917509,1.1893339353941912,159.33185061441566,19.000055638276958,True
lift_and_cruse,cruise_180,0.7135161722392562,66.89214114743028,79.66592530720484,439.28016539517006,472.24798213499577,181.35669866042016,1.190968015323155,1.1893813308249481,159.3318506144097,19.011617266028782,True
lift_and_cruse,cruise_180,0.7134564322589085,66.88654052427268,79.66592530719416,439.2740541798302,472.2424228846251,181.35927811398398,1.191068109305888,1.1893982475086726,159.33185061438832,19.015743563199514,True
lift_and_cruse,cruise_181,0.7134564322589085,66.88654052427268,79.66499379034043,439.2715281681339,472.2395313406767,181.35706204898437,1.191046706346407,1.191046706346407,159.32998758068086,19.015743563199514,True
lift_and_cruse,cruise_181,0.7133966929593554,66.88093996493956,79.66499379035115,439.26541692225237,472.23397212083444,181.35964154781811,1.191146814012104,1.1910636469802882,159.3299875807023,19.019869860370246,True
lift_and_cruse,cruise_181,0.71322930697653,66.8652475290497,79.66499379034815,439.2482930680248,472.21839532533147,181.3668697626122,1.1914273992286883,1.1911111176512728,159.3299875806963,19.031431488122067,True
lift_and_cruse,cruise_181,0.712987426741156,66.84257125698339,79.66499379034897,439.22354701806273,472.19588566330174,181.37731644954042,1.1918330905210612,1.1911797253576257,159.32998758069795,19.048138524284667,True
lift_and_cruse,cruise_181,0.7127189592664577,66.8174024312304,79.6649937903417,439.19607908780125,472.17090107604173,181.38891363129446,1.1922836979311373,1.1912558888385236,159.3299875806834,19.06668193544769,True
lift_and_cruse,cruise_181,0.7124770778280947,66.79472604638387,79.66499379034128,439.17132963812844,472.14839006808916,181.39936434415358,1.192689973445084,1.191324522984827,159.32998758068257,19.083388971610294,True
lift_and_cruse,cruise_181,0.7123096903451664,66.77903346985936,79.66499379034634,439.15420154452903,472.1328115942501,181.40659757922322,1.192971287174595,1.191372026626034,159.3299875806927,19.094950599362114,True
lift_and_cruse,cruise_181,0.7122499503780045,66.77343284793791,79.66499379033745,439.14808841195526,472.127251627474,181.40917931223686,1.1930717190588571,1.191388981932697,159.3299875806749,19.099076896532846,True
lift_and_cruse,cruise_182,0.7122499503780045,66.77343284793791,79.66405716146997,439.14556227117305,472.1243579302017,181.40695023641817,1.1930501962193296,1.1930501962193296,159.32811432293994,19.099076896532846,True
lift_and_cruse,cruise_182,0.7121902110955116,66.76783229020421,79.66405716148462,439.1394491086565,472.1187979945104,181.40953201435119,1.193150641847769,1.193067175671691,159.32811432296924,19.103203193703578,True
lift_and_cruse,cruise_182,0.7120228251601344,66.7521398587626,79.66405716148378,439.12231988478635,472.1032191941496,181.41676661547928,1.1934321744702623,1.1931147551182568,159.32811432296756,19.114764821455402,True
lift_and_cruse,cruise_182,0.7117809449924032,66.72946359303779,79.6640571614821,439.09756607715406,472.0807066373809,181.42722253211159,1.1938392359908039,1.1931835200325756,159.3281143229642,19.131471857618003,True
lift_and_cruse,cruise_182,0.7115124775915062,66.7042947742037,79.66405716148596,439.07008953886145,472.05571884048175,181.43882995975227,1.1942913658846293,1.1932598580328908,159.3281143229719,19.150015268781026,True
lift_and_cruse,cruise_182,0.7112705962184848,66.68161839548294,79.66405716148769,439.0453323357292,472.0332049436965,181.44928990531045,1.1946990145931373,1.1933286494440487,159.32811432297538,19.166722304943626,True
lift_and_cruse,cruise_182,0.7111032087801347,66.66592582313763,79.66405716149582,439.02819887773904,472.0176244723634,181.4565295304375,1.1949812794275214,1.1933762619317023,159.32811432299164,19.178283932695447,True
lift_and_cruse,cruise_182,0.7110434688287559,66.66032520269586,79.66405716149671,439.02208383086617,472.0120637930165,181.45911354421997,1.195082050920799,1.1933932560884652,159.32811432299343,19.18241022986618,True
lift_and_cruse,cruise_183,0.7110434688287559,66.66032520269586,79.66311536529186,439.0195575811877,472.00916793697405,181.4568713161709,1.1950604069670836,1.1950604069670836,159.32623073058372,19.18241022986618,True
lift_and_cruse,cruise_183,0.7109837295659536,66.65472464680815,79.66311536528582,439.0134425049864,472.00360728926904,181.45945537444277,1.1951611922655938,1.1950774253676966,159.32623073057164,19.186536527036914,True
lift_and_cruse,cruise_183,0.7108163436853928,66.63903222050557,79.66311536527888,438.99630791972857,471.98802649481024,181.4666963655151,1.1954436770817674,1.1951251139543837,159.32623073055777,19.198098154788735,True
lift_and_cruse,cruise_183,0.710574463595948,66.61635596212012,79.66311536530291,438.97154636635196,471.9655110588656,181.47716151715878,1.1958521157576096,1.1951940366041105,159.32623073060583,19.214805190951335,True
lift_and_cruse,cruise_183,0.7103059962806597,66.59118715131186,79.6631153652909,438.94406123328815,471.9405200696005,181.48877919644184,1.1963057758340068,1.1952705497084715,159.3262307305818,19.233348602114358,True
lift_and_cruse,cruise_183,0.7100641149836127,66.56851077971369,79.66311536529348,438.9192962886462,471.9180032995581,181.49924837993538,1.196714804683844,1.1953394989116384,159.32623073058696,19.250055638276958,True
lift_and_cruse,cruise_183,0.709896727597196,66.55281821223713,79.66311536529518,438.9021574745416,471.9024208415134,181.50649439872294,1.1969980254358707,1.195387220610455,159.32623073059037,19.261617266028782,True
lift_and_cruse,cruise_183,0.7098369876642249,66.54721759352108,79.66311536529224,438.8960405163268,471.89685945344297,181.50908069453658,1.1970991382567806,1.1954042537473386,159.32623073058448,19.265743563199514,True
lift_and_cruse,cruise_184,0.7098369876642249,66.54721759352108,76.50776337629235,439.6795773754751,471.3166344460784,174.00799880899822,1.1496763672917434,1.1496763672917434,153.0155267525847,19.265743563199514,True
lift_and_cruse,cruise_184,0.7097796664576098,66.54184373040091,76.50776337959226,439.6737593042137,471.3113226210821,174.01035076601383,1.1497695403378811,1.1496919067463445,153.01552675918452,19.269869860370246,True
lift_and_cruse,cruise_184,0.7096190558438118,66.52678648535735,76.5077633796341,439.65745692659675,471.2964389902363,174.01694133118394,1.150030685829874,1.1497354508194622,153.0155267592682,19.281431488122067,True
lift_and_cruse,cruise_184,0.7093869663607146,66.50502809631699,76.50776337967565,439.63389798971843,471.2749309315945,174.02646640576373,1.1504082618916998,1.1497983832893257,153.0155267593513,19.298138524284667,True
lift_and_cruse,cruise_184,0.7091293658847814,66.48087805169826,76.50776337971152,439.60774771771503,471.25105797287586,174.0370404232144,1.1508276304715837,1.1498682461580074,153.01552675942304,19.31668193544769,True
lift_and_cruse,cruise_184,0.7088972753493228,66.45911956399901,76.50776337974592,439.5841854929782,471.22954844681084,174.0465690700316,1.1512057307473234,1.149931202229757,153.01552675949185,19.333388971610294,True
lift_and_cruse,cruise_184,0.7087366634232513,66.44406219592982,76.50776337976156,439.5678790154733,471.21466298611546,174.05316408966965,1.1514675299234627,1.1499747757336853,153.0155267595231,19.344950599362114,True
lift_and_cruse,cruise_184,0.7086793416326195,66.43868827805808,76.50776337976748,439.5620591204069,471.20935034615985,174.05551802131922,1.1515609938371951,1.1499903282347559,153.01552675953496,19.349076896532846,True
lift_and_cruse,cruise_185,0.7086793416326195,66.43868827805808,75.71453785917845,439.7571034712862,471.0622419299658,172.17354139709147,1.1396151823813758,1.1396151823813758,151.4290757183569,19.349076896532846,True
lift_and_cruse,cruise_185,0.7086226271399657,66.43337129437178,75.71453785853718,439.75135782061506,471.05699160873223,172.1758386654089,1.13970670706322,1.1396303879805132,151.42907571707437,19.353203193703578,True
lift_and_cruse,cruise_185,0.7084637165063163,66.41847342246716,75.7145378575161,439.7352583638629,471.042280306221,172.1822760031351,1.139963231950839,1.1396729966632837,151.4290757150322,19.364764821455402,True
lift_and_cruse,cruise_185,0.7082340835797885,66.39694533560517,75.71453785592934,439.7119926701042,471.02102126086527,172.19157961367017,1.1403341254667332,1.1397345771810028,151.42907571185867,19.381471857618003,True
lift_and_cruse,cruise_185,0.7079792096954405,66.37305090894755,75.71453785386124,439.6861678927668,470.99742467439415,172.20190776331057,1.1407460692464089,1.1398029391142046,151.4290757077225,19.400015268781026,True
lift_and_cruse,cruise_185,0.7077495757516882,66.35152272672077,75.71453785183623,439.66289894598077,470.976164140613,172.2112148359245,1.1411174730324634,1.1398645425473934,151.42907570367245,19.416722304943626,True
lift_and_cruse,cruise_185,0.7075906638495802,66.33662473589816,75.71453785043968,439.6467954327271,470.96145098209706,172.21765649120096,1.1413746342194806,1.139907179807992,151.42907570087937,19.428283932695447,True
lift_and_cruse,cruise_185,0.707533948792409,66.33130769928836,75.71453784975672,439.64104797671223,470.95619983488683,172.2199556813044,1.1414664420831842,1.1399223981274145,151.42907569951345,19.43241022986618,True
lift_and_cruse,cruise_186,0.707533948792409,66.33130769928836,76.50826582142749,439.4405448378101,471.0982730066845,174.10379338043265,1.153426164433174,1.153426164433174,153.01653164285497,19.43241022986618,True
lift_and_cruse,cruise_186,0.7074766259784137,66.32593368547629,76.50826591176244,439.434722847556,471.0929594512279,174.10614972967025,1.153519949154762,1.1534417750916808,153.01653182352487,19.436536527036914,True
lift_and_cruse,cruise_186,0.7073160108602041,66.31087601814413,76.50826591117213,439.41840955112986,471.07807092861543,174.11275202190623,1.1537828056305863,1.1534855148429082,153.01653182234426,19.448098154788735,True
lift_and_cruse,cruise_186,0.707083914866405,66.28911701872546,76.5082659101592,439.39483483855736,471.0565558047952,174.1222940446247,1.1541628562021178,1.1535487301149676,153.0165318203184,19.464805190951335,True
lift_and_cruse,cruise_186,0.7068263071618646,66.26496629642482,76.50826590917183,439.3686670601513,471.03267500940854,174.1328868767267,1.1545849741493248,1.153618906929985,153.01653181834365,19.483348602114358,True
lift_and_cruse,cruise_186,0.7065942101116088,66.24320719796333,76.50826590772002,439.3450890658382,471.01115842721026,174.14243247658024,1.154965554097102,1.1536821459003286,153.01653181544003,19.500055638276958,True
lift_and_cruse,cruise_186,0.7064335936760195,66.22814940712682,76.50826590760582,439.328771676893,470.99626808621656,174.14903923185938,1.1552290707100856,1.153725915218923,153.01653181521164,19.511617266028782,True
lift_and_cruse,cruise_186,0.7063762702757338,66.22277533835005,76.50826590693005,439.32294788806814,470.9909537048891,174.15139735072816,1.155323147845202,1.1537415376011197,153.0165318138601,19.515743563199514,True
lift_and_cruse,cruise_187,0.7063762702757338,66.22277533835005,75.84438458337782,439.48637886777215,470.8677736287186,172.5750517655472,1.1452915435188151,1.1452915435188151,151.68876916675563,19.515743563199514,True
lift_and_cruse,cruise_187,0.7063194551888701,66.21744892395657,75.84438381728654,439.48061739755434,470.8625112161204,172.5773605321374,1.1453839763987734,1.1453068656109986,151.68876763457308,19.519869860370246,True
lift_and_cruse,cruise_187,0.706160262694966,66.20252462765306,75.84438381722389,439.4644730793205,470.84776642621796,172.58383518368828,1.1456430795892536,1.1453498345314341,151.68876763444777,19.531431488122067,True
lift_and_cruse,cruise_187,0.7059302224645521,66.18095835605175,75.84438381710824,439.4411425589512,470.82645899525613,172.59319272409894,1.1460177019579212,1.1454119356972217,151.68876763421648,19.548138524284667,True
lift_and_cruse,cruise_187,0.7056748965014326,66.1570215470093,75.84438381699441,439.41524582961114,470.80280871188427,172.6035807454787,1.146433788746862,1.1454808756333155,151.68876763398882,19.56668193544769,True
lift_and_cruse,cruise_187,0.7054448552437647,66.13545517910293,75.84438381688393,439.3919120564472,470.78149980522,172.6129417730417,1.1468089291280772,1.1455429999415332,151.68876763376787,19.583388971610294,True
lift_and_cruse,cruise_187,0.7052856614688955,66.12053076270897,75.84438381687539,439.3757636820328,470.76675317515566,172.61942077311602,1.1470686782707042,1.1455859977208742,151.68876763375079,19.594950599362114,True
lift_and_cruse,cruise_187,0.7052288458119487,66.11520429487018,75.84438381681065,439.37000021524454,470.7614900828071,172.62173329303715,1.1471614101932428,1.1456013447219777,151.6887676336213,19.599076896532846,True
lift_and_cruse,cruise_188,0.7052288458119487,66.11520429487018,76.50804813153343,439.20133185742316,470.8795249615235,174.19812414496525,1.1571929474846931,1.1571929474846931,153.01609626306686,19.599076896532846,True
lift_and_cruse,cruise_188,0.7051715219364023,66.10983018153772,76.50804813151908,439.19550606272963,470.8742097081677,174.2004844240124,1.1572873459648203,1.1572086267480657,153.01609626303815,19.603203193703578,True
lift_and_cruse,cruise_188,0.7050109038431632,66.09477223529655,76.50804813151647,439.17918204409807,470.8593164757732,174.207098330738,1.1575519267817627,1.1572525627333454,153.01609626303295,19.614764821455402,True
lift_and_cruse,cruise_188,0.7047788035486727,66.07301283268806,76.50804813152057,439.15559183988864,470.837794549823,174.2166571396144,1.1579344711925061,1.1573160616158529,153.01609626304113,19.631471857618003,True
lift_and_cruse,cruise_188,0.7045211910684439,66.04886166266662,76.5080481315276,439.1294068704767,470.8139062097015,174.22726860585882,1.1583593599887805,1.1573865532698866,153.0160962630552,19.650015268781026,True
lift_and_cruse,cruise_188,0.7042890897133817,66.02710216062952,76.50804813151076,439.1058133905155,470.7923828346139,174.23683099868785,1.1587424390083993,1.1574500759604847,153.01609626302152,19.666722304943626,True
lift_and_cruse,cruise_188,0.704128470297631,66.01204409040291,76.50804813151953,439.08948528708,470.7774877951818,174.24344937461484,1.159007686472598,1.157494041634536,153.01609626303906,19.678283932695447,True
lift_and_cruse,cruise_188,0.7040711458335117,66.00666992189171,76.50804813151952,439.0836576744752,470.77217173762034,174.24581164266598,1.1591023816389303,1.1575097341108027,153.01609626303903,19.68241022986618,True
lift_and_cruse,cruise_189,0.7040711458335117,66.00666992189171,76.27437362645983,439.139767165358,470.7273137175018,173.69042689713936,1.155555547897203,1.155555547897203,152.54874725291967,19.68241022986618,True
lift_and_cruse,cruise_189,0.7040140003000326,66.00131252812805,76.27437362714953,439.13396136626227,470.7220159629935,173.69277240746496,1.1556496725042025,1.1555711524847316,152.54874725429906,19.686536527036914,True
lift_and_cruse,cruise_189,0.7038538819115522,65.98630142920801,76.2743736271518,439.11769337638015,470.7071717603814,173.6993449238229,1.1559134855552824,1.1556148791763907,152.5487472543036,19.698098154788735,True
lift_and_cruse,cruise_189,0.7036225037149817,65.96460972327952,76.27437362715095,439.09418414084195,470.68572068309965,173.70884390971065,1.1562949195720815,1.155678075554211,152.5487472543019,19.714805190951335,True
lift_and_cruse,cruise_189,0.7033656927079937,65.9405336913744,76.2743736271674,439.0680890464803,470.6619109770999,173.71938896066706,1.1567185746217232,1.155748231361605,152.5487472543348,19.733348602114358,True
lift_and_cruse,cruise_189,0.7031343134598894,65.91884188686464,76.2743736271667,439.0445765470871,470.640458447126,173.72889150025605,1.15710054089897,1.1558114513820594,152.5487472543334,19.750055638276958,True
lift_and_cruse,cruise_189,0.7029741937601679,65.90383066501573,76.27437362717242,439.02830448724353,470.62561243303685,173.73546844801464,1.157365017668365,1.1558552075556519,152.54874725434485,19.761617266028782,True
lift_and_cruse,cruise_189,0.7029170476431313,65.89847321654355,76.2743736271895,439.0224968770135,470.6203138722236,173.73781592889964,1.1574594376477298,1.1558708252532341,152.548747254379,19.765743563199514,True
lift_and_cruse,cruise_190,0.7029170476431313,65.89847321654355,76.50543188640663,438.9619048733297,470.65967032767435,174.28717853883808,1.1609590958960196,1.1609590958960196,153.01086377281325,19.765743563199514,True
lift_and_cruse,cruise_190,0.7028597245348781,65.89309917514481,76.50543188638416,438.95607546935656,470.65435358373503,174.28954280843305,1.1610541113445823,1.1609748447325918,153.01086377276832,19.769869860370246,True
lift_and_cruse,cruise_190,0.7026991085909251,65.87804143039924,76.50543188638166,438.9397413387055,470.6394561762335,174.29616789732628,1.1613204216766035,1.1610189756736982,153.01086377276332,19.781431488122067,True
lift_and_cruse,cruise_190,0.7024670114006243,65.85628231880852,76.50543188637064,438.9161365247162,470.61792822075074,174.30574286707065,1.1617054674134755,1.1610827563161463,153.0108637727413,19.798138524284667,True
lift_and_cruse,cruise_190,0.7022094023635439,65.83213147158224,76.50543188638731,438.8899353431399,470.5940331934467,174.31637227363353,1.1621331353892277,1.16115356075705,153.01086377277463,19.81668193544769,True
lift_and_cruse,cruise_190,0.7019773041086289,65.81037226018397,76.50543188637586,438.8663272596566,470.572503798003,174.32595083286947,1.1625187209943162,1.1612173653097646,153.01086377275172,19.833388971610294,True
lift_and_cruse,cruise_190,0.701816686837124,65.79531439098038,76.50543188636611,438.84998905201525,470.5576045948988,174.33258039777022,1.1627857045312473,1.161261526066384,153.01086377273222,19.844950599362114,True
lift_and_cruse,cruise_190,0.7017593631380544,65.78994029419259,76.50543188638969,438.8441578335988,470.5522870518502,174.33494665949058,1.1628810195850388,1.1612772881728715,153.01086377277937,19.849076896532846,True
lift_and_cruse,cruise_191,0.7017593631380544,65.78994029419259,76.50347535559249,438.84212119839145,470.54943995125444,174.33029251311763,1.162844577962715,1.162844577962715,153.00695071118497,19.849076896532846,True
lift_and_cruse,cruise_191,0.7017020409074307,65.78456633507163,76.50347535549473,438.83629004944487,470.54412251464265,174.33265873669086,1.1629399030282754,1.1628603615090667,153.00695071098946,19.853203193703578,True
lift_and_cruse,cruise_191,0.7015414274222329,65.76950882083433,76.503475355487,438.819951029924,470.5292231670598,174.33928930141084,1.1632070812972564,1.1629045897158936,153.006950710974,19.864764821455402,True
lift_and_cruse,cruise_191,0.7013093337841324,65.74775004226241,76.50347535547941,438.7963391525845,470.50769240992037,174.3488721850444,1.1635933822983004,1.1629685109318446,153.00695071095882,19.881471857618003,True
lift_and_cruse,cruise_191,0.7010517286885839,65.72359956455473,76.5034753554726,438.77013013305213,470.48379427555557,174.35951037677336,1.1640224449789751,1.1630394714252448,153.0069507109452,19.900015268781026,True
lift_and_cruse,cruise_191,0.7008196339838627,65.70184068598714,76.5034753554756,438.74651498939687,470.46226208305023,174.3690968525798,1.1644092884940238,1.1631034166022567,153.0069507109512,19.916722304943626,True
lift_and_cruse,cruise_191,0.7006590191686105,65.68678304705723,76.50347535546835,438.73017189685015,470.4473609455934,174.37573189663718,1.1646771432670737,1.1631476746878449,153.0069507109367,19.928283932695447,True
lift_and_cruse,cruise_191,0.7006016963460568,65.68140903244283,76.50347535547662,438.72433893521,470.44204271243206,174.37810011395487,1.1647727694070054,1.1631634715331758,153.00695071095325,19.93241022986618,True
lift_and_cruse,cruise_192,0.7006016963460568,65.68140903244283,76.39731572287857,438.7485899175331,470.4203836721261,174.12549573604386,1.163149768683324,1.163149768683324,152.79463144575715,19.93241022986618,True
lift_and_cruse,cruise_192,0.7005444548053872,65.67604263800504,76.3973157956674,438.7427667848613,470.4150737303579,174.1278565438537,1.1632451421510985,1.1631655387636695,152.7946315913348,19.936536527036914,True
lift_and_cruse,cruise_192,0.7003840674088738,65.66100631958192,76.39731579528426,438.72645027913535,470.4001953460559,174.134471445277,1.1635124529859062,1.163209725980641,152.7946315905685,19.948098154788735,True
lift_and_cruse,cruise_192,0.7001523004795851,65.63927816996109,76.39731579381436,438.7028709382197,470.3786948818992,174.1440316877135,1.1638989456943551,1.1632735879310783,152.79463158762871,19.964805190951335,True
lift_and_cruse,cruise_192,0.6998950580051169,65.61516168797971,76.3973157920178,438.6766980353296,470.3548303706324,174.15464474244533,1.164328221370936,1.163344482615996,152.7946315840356,19.983348602114358,True
lift_and_cruse,cruise_192,0.699663290012195,65.59343343864327,76.39731578991567,438.6531154352755,470.33332847180935,174.1642085633314,1.1647152569790011,1.1634083684703012,152.79463157983133,20.000055638276958,True
lift_and_cruse,cruise_192,0.6995029012893516,65.5783969958767,76.39731578932633,438.6367948653234,470.3184482986125,174.17082792839255,1.16498324480779,1.1634525855041544,152.79463157865266,20.011617266028782,True
lift_and_cruse,cruise_192,0.6994456591584083,65.57303054610078,76.39731578904416,438.63096994230983,470.3131375475381,174.17319054907514,1.165078918455302,1.1634683676944009,152.7946315780883,20.015743563199514,True
lift_and_cruse,cruise_193,0.6994456591584083,65.57303054610078,76.37811697227376,438.6332969348636,470.30718888892204,174.12749443783966,1.164779427398578,1.164779427398578,152.75623394454752,20.015743563199514,True
lift_and_cruse,cruise_193,0.6993884317022643,65.56766547208727,76.37811703824681,438.6274736819251,470.30187960744695,174.12985593035643,1.1648750683649804,1.1647952239728663,152.75623407649363,20.019869860370246,True
lift_and_cruse,cruise_193,0.6992280837695324,65.55263285339366,76.3781170374674,438.6111568351673,470.28700307727877,174.13647279466593,1.1651431293458714,1.164839485721687,152.7562340749348,20.031431488122067,True
lift_and_cruse,cruise_193,0.6989963738665866,65.53091004999249,76.3781170354176,438.5875770029721,470.26550529400555,174.1460358736163,1.1655307069627792,1.1649034553874766,152.7562340708352,20.048138524284667,True
lift_and_cruse,cruise_193,0.6987391946859252,65.50679950180549,76.37811703413969,438.56140355661836,470.2416437606964,174.15665207951403,1.1659611880841194,1.1649744696650703,152.75623406827938,20.06668193544769,True
lift_and_cruse,cruise_193,0.6985074837181561,65.48507659857712,76.3781170326085,438.537820468795,470.2201445469145,174.16621873984488,1.166349310907312,1.1650384632875495,152.756234065217,20.083388971610294,True
lift_and_cruse,cruise_193,0.6983471344576122,65.47004385540114,76.3781170319869,438.5214995624589,470.2052662328434,174.17284006890077,1.166618051742234,1.1650827549021001,152.7562340639738,20.094950599362114,True
lift_and_cruse,cruise_193,0.6982899064105351,65.46467872598767,76.37811703200703,438.51567451952116,470.1999561455571,174.17520339128197,1.1667139942654698,1.1650985637167783,152.75623406401405,20.099076896532846,True
lift_and_cruse,cruise_194,0.6982899064105351,65.46467872598767,76.36429966879113,438.51664738356135,470.194981187183,174.14230480057188,1.1664962107035979,1.1664962107035979,152.72859933758227,20.099076896532846,True
lift_and_cruse,cruise_194,0.6982326889165447,65.45931458592607,76.36429974065472,438.51082350436377,470.1896721482732,174.1446673972066,1.1665921342485481,1.1665120366111794,152.72859948130943,20.103203193703578,True
lift_and_cruse,cruise_194,0.698072368896923,65.44428458408653,76.36429974047016,438.4945049075313,470.1747962955811,174.1512873172941,1.1668609871208662,1.166556380297259,152.72859948094032,20.114764821455402,True
lift_and_cruse,cruise_194,0.6978406993290082,65.42256556209452,76.36429973801685,438.47092254817005,470.15329949272484,174.16085480934964,1.167249710003403,1.1666204683615664,152.7285994760337,20.131471857618003,True
lift_and_cruse,cruise_194,0.6975835649160503,65.39845921087972,76.36429973635023,438.44474629885985,470.1294390499092,174.17147591409665,1.16768146361696,1.16669161407458,152.72859947270047,20.150015268781026,True
lift_and_cruse,cruise_194,0.6973518942818617,65.37674008892454,76.3642997350462,438.42116068731764,470.1079408208069,174.18104698999164,1.1680707341359358,1.166755726145318,152.7285994700924,20.166722304943626,True
lift_and_cruse,cruise_194,0.6971915729326187,65.36170996243301,76.3642997337892,438.4048380357163,470.09306318916475,174.187671373091,1.168340269861813,1.1668000997269845,152.7285994675784,20.178283932695447,True
lift_and_cruse,cruise_194,0.69713435484689,65.35634576689594,76.36429973344583,438.39901237013356,470.08775334563813,174.19003578517487,1.1684364962096594,1.1668159377953937,152.72859946689167,20.18241022986618,True
lift_and_cruse,cruise_195,0.69713435484689,65.35634576689594,76.4975533161331,438.3626939582379,470.1092151583759,174.5074441106996,1.1704686426161877,1.1704686426161877,152.9951066322662,20.18241022986618,True
lift_and_cruse,cruise_195,0.6970770346595734,65.350971999335,76.49755331611642,438.35685568122796,470.1038948350885,174.5098182929534,1.1705652248474578,1.1704845668989259,152.99510663223285,20.186536527036914,True
lift_and_cruse,cruise_195,0.6969164268983348,65.33591502171889,76.49755331612117,438.34049669133117,470.08898740203244,174.51647115856048,1.1708359272695963,1.1705291894685605,152.99510663224234,20.198098154788735,True
lift_and_cruse,cruise_195,0.6966843415283134,65.31415701827937,76.49755331611526,438.3168559610709,470.06744496847057,174.52608627223248,1.1712273251360537,1.1705936806374366,152.99510663223052,20.214805190951335,True
lift_and_cruse,cruise_195,0.6964267456050942,65.29000740047758,76.49755331612579,438.2906149242783,470.0435338845426,174.53676024267756,1.171662050892874,1.1706652738451755,152.99510663225158,20.233348602114358,True
lift_and_cruse,cruise_195,0.6961946591602569,65.26824929627409,76.49755331611966,438.26697094044914,470.0219900341525,174.54637895937424,1.1720540020600134,1.1707297891805128,152.99510663223933,20.250055638276958,True
lift_and_cruse,cruise_195,0.696034050058745,65.25319219300734,76.49755331611333,438.2506078934213,470.00708083433915,174.55303631785395,1.172325394437019,1.1707744418850599,152.99510663222665,20.261617266028782,True
lift_and_cruse,cruise_195,0.6959767292749505,65.2478183695266,76.49755331612226,438.2447678108107,470.0017597247764,174.55541249969622,1.172422283727686,1.1707903795795789,152.99510663224453,20.265743563199514,True
lift_and_cruse,cruise_196,0.6959767292749505,65.2478183695266,76.49554395143262,438.24274097668234,469.99889932183146,174.55062411519248,1.1723846997949448,1.1723846997949448,152.99108790286525,20.265743563199514,True
lift_and_cruse,cruise_196,0.695919409999917,65.24244468749222,76.49554395145081,438.2369009688262,469.9935783232298,174.55300025525153,1.1724815992576885,1.1724006593497383,152.99108790290163,20.269869860370246,True
lift_and_cruse,cruise_196,0.6957588047945242,65.22738794948665,76.49554395145186,438.2205371297297,469.9786689986828,174.55965860667186,1.172753190960792,1.1724453807557522,152.99108790290373,20.281431488122067,True
lift_and_cruse,cruise_196,0.6955267231169869,65.20563029221752,76.49554395145225,438.1968893934679,469.95712383370454,174.56928164866156,1.1731458749694148,1.1725100147680991,152.9910879029045,20.298138524284667,True
lift_and_cruse,cruise_196,0.6952691312909802,65.18148105852939,76.49554395145647,438.17064058240123,469.933209720714,174.57996442031214,1.1735820297518544,1.1725817665484095,152.99108790291294,20.31668193544769,True
lift_and_cruse,cruise_196,0.6950370485365797,65.15972330030434,76.49554395145464,438.1469895958114,469.9116631435631,174.589591067966,1.173975269794244,1.1726464247785184,152.99108790290927,20.333388971610294,True
lift_and_cruse,cruise_196,0.6948764419883602,65.14466643640877,76.49554395146103,438.13062170362065,469.89675205806753,174.5962539155946,1.1742475548606044,1.1726911763837127,152.99108790292206,20.344950599362114,True
lift_and_cruse,cruise_196,0.6948191221157125,65.13929269834804,76.49554395145921,438.1247798919736,469.8914302757661,174.59863205660102,1.1743447628988144,1.172707149378046,152.99108790291842,20.349076896532846,True
lift_and_cruse,cruise_197,0.6948191221157125,65.13929269834804,76.49352374422071,438.12275513471616,469.8885671975206,174.59381611142447,1.1743069440199982,1.1743069440199982,152.98704748844142,20.349076896532846,True
lift_and_cruse,cruise_197,0.6947618037601007,65.13391910250944,76.49352374423881,438.1169133989102,469.8832455271008,174.59619420985743,1.1744041622619377,1.17432293895937,152.98704748847763,20.353203193703578,True
lift_and_cruse,cruise_197,0.694601201130554,65.11886260598943,76.49352374423725,438.10054471870626,469.8683343208794,174.6028580489267,1.1746766475869326,1.1743677595186954,152.9870474884745,20.364764821455402,True
lift_and_cruse,cruise_197,0.694369123174399,65.09710529759991,76.49352374423928,438.0768899881428,469.8467864386739,174.61248902187072,1.1750706240175957,1.1744325368324497,152.98704748847857,20.381471857618003,True
lift_and_cruse,cruise_197,0.6941115354776747,65.072956451032,76.49352374424159,438.0506334157919,469.82286931237803,174.62318059767404,1.175508214805848,1.1745044476938307,152.98704748848317,20.400015268781026,True
lift_and_cruse,cruise_197,0.693879456442601,65.05119904149385,76.4935237442424,438.02697543815253,469.80132002266856,174.63281517892625,1.1759027500212909,1.1745692492768374,152.9870474884848,20.416722304943626,True
lift_and_cruse,cruise_197,0.6937188524676644,65.03614241884354,76.49352374424608,438.0106027089098,469.78640706131984,174.63948351749775,1.1761759321399816,1.1746141000995298,152.98704748849215,20.428283932695447,True
lift_and_cruse,cruise_197,0.6936615335132977,65.03076876687166,76.49352374423347,438.00475917112016,469.7810846097892,174.64186361832185,1.1762734604839342,1.1746301085068573,152.98704748846694,20.43241022986618,True
lift_and_cruse,cruise_198,0.6936615335132977,65.03076876687166,76.49149257555425,438.00273652697507,469.77821883688824,174.63701980967795,1.1762354040403291,1.1762354040403291,152.9829851511085,20.43241022986618,True
lift_and_cruse,cruise_198,0.6936042160843369,65.02539525790658,76.49149257009842,437.9968930675202,469.7728964971895,174.6393998540763,1.1763329425354163,1.1762514343899513,152.98298514019683,20.436536527036914,True
lift_and_cruse,cruise_198,0.6934436160508917,65.0103390047711,76.49149257001125,437.9805195543729,469.7579834191395,174.64606918239764,1.1766063258495203,1.1762963544195149,152.9829851400225,20.448098154788735,True
lift_and_cruse,cruise_198,0.693211541845386,64.98858204800494,76.49149256990223,437.9568578413083,469.7364328339409,174.655708088628,1.1770016010203515,1.176361275492817,152.98298513980447,20.464805190951335,True
lift_and_cruse,cruise_198,0.6929539583104242,64.96443359160226,76.49149256978136,437.93059352077654,469.71251271014586,174.66640847117972,1.177440634837059,1.1764333459439038,152.98298513956271,20.483348602114358,True
lift_and_cruse,cruise_198,0.692721883023937,64.9426765334941,76.49149256966598,437.9069285639015,469.6909607221232,174.67605098834574,1.177836471561614,1.1764982913379967,152.98298513933196,20.500055638276958,True
lift_and_cruse,cruise_198,0.69256128164253,64.92762015398718,76.49149256957476,437.89055100578815,469.67604589478117,174.6827248194386,1.1781105551221884,1.1765432416951462,152.98298513914952,20.511617266028782,True
lift_and_cruse,cruise_198,0.6925039636136695,64.92224658878152,76.49149256955624,437.8847057447674,469.67072277754767,174.68510688072976,1.1782084053400472,1.1765592856291778,152.9829851391125,20.515743563199514,True
lift_and_cruse,cruise_199,0.6925039636136695,64.92224658878152,76.48945032432658,437.88268524913286,469.66785429136326,174.68023491453593,1.1781701087581218,1.1781701087581218,152.97890064865317,20.515743563199514,True
lift_and_cruse,cruise_199,0.6924466471186692,64.91687316737523,76.48945031912974,437.87684006749197,469.6625312869462,174.68261691919994,1.1782679691624487,1.1781861747240019,152.9789006382595,20.519869860370246,True
lift_and_cruse,cruise_199,0.6922860497018047,64.9018171595442,76.48945031904499,437.8604617295687,469.6476163469851,174.68929173875262,1.1785422548634037,1.1782311945448314,152.97890063808998,20.531431488122067,True
lift_and_cruse,cruise_199,0.6920539792765381,64.88006055717545,76.48945031893768,437.8367930458134,469.62606307312717,174.69893858109708,1.178938835136393,1.1782962598414273,152.97890063787537,20.548138524284667,True
lift_and_cruse,cruise_199,0.6917963999361764,64.85591249401652,76.4894503188037,437.8105209902199,469.6021399677465,174.70964777349866,1.1793793190526778,1.1783684903967768,152.9789006376074,20.56668193544769,True
lift_and_cruse,cruise_199,0.6915643284278571,64.83415579011161,76.48945031869012,437.7868490659302,469.5805852957577,174.7192982294151,1.1797764636665833,1.1784335800659211,152.97890063738024,20.583388971610294,True
lift_and_cruse,cruise_199,0.6914037296604478,64.81909965566699,76.48945031861216,437.77046668712325,469.565668612359,174.72597755505336,1.1800514530897561,1.178478630279058,152.9789006372243,20.594950599362114,True
lift_and_cruse,cruise_199,0.6913464125643985,64.81372617791237,76.48945031858395,437.76461970580084,469.5603448329622,174.7283615774365,1.18014962675963,1.178494709853898,152.9789006371679,20.599076896532846,True
lift_and_cruse,cruise_200,0.6913464125643985,64.81372617791237,76.48739686593835,437.7626013982219,469.5574736121004,174.72346112170456,1.1801110872098624,1.1801110872098624,152.9747937318767,20.599076896532846,True
lift_and_cruse,cruise_200,0.6912890970107629,64.80835284475903,76.48739686197159,437.75675449708723,469.55214994668734,174.72584508957007,1.180209271116454,1.1801271889222,152.97479372394318,20.603203193703578,True
lift_and_cruse,cruise_200,0.6911285022312246,64.7932970841773,76.48739686186427,437.7403713426361,469.53723315475827,174.7325254020334,1.1804844636282776,1.1801723088548832,152.97479372372854,20.614764821455402,True
lift_and_cruse,cruise_200,0.6908964356161718,64.7715408390161,76.48739686172378,437.71669570011346,469.51567720661404,174.74218018291756,1.180882355403642,1.1802375188380925,152.97479372344756,20.631471857618003,True
lift_and_cruse,cruise_200,0.6906388605036751,64.74739317221953,76.4873968615639,437.6904159226922,469.4917511356121,174.75289818792086,1.1813242965337591,1.1803099100124428,152.9747937231278,20.650015268781026,True
lift_and_cruse,cruise_200,0.6904067928034908,64.72563682532726,76.48739686141435,437.66673704292367,469.47019379404213,174.7625565850048,1.18172275545551,1.1803751444200619,152.9747937228287,20.666722304943626,True
lift_and_cruse,cruise_200,0.6902461966708152,64.71058093788893,76.48739686130801,437.6503498516901,469.4552752645419,174.769241406824,1.1819986551878774,1.1804202948096787,152.97479372261603,20.678283932695447,True
lift_and_cruse,cruise_200,0.690188880514977,64.70520754827909,76.48739686127627,437.64450115301184,469.44995082653935,174.77162739093197,1.1820971538980676,1.1804364101400509,152.97479372255253,20.68241022986618,True
lift_and_cruse,cruise_201,0.690188880514977,64.70520754827909,76.48533208085054,437.64248507048086,469.4470768515365,174.76669813839808,1.1820583686990327,1.1820583686990327,152.97066416170108,20.68241022986618,True
lift_and_cruse,cruise_201,0.690131565910196,64.69983430408087,76.4853320817341,437.63663645188166,469.4417525293369,174.76908407872023,1.18215687775205,1.1820745063314024,152.9706641634682,20.686536527036914,True
lift_and_cruse,cruise_201,0.6899709737889678,64.68477879271573,76.4853320817304,437.6202484891607,469.4268338954521,174.7757698861007,1.1824329815293875,1.1821197267003272,152.9706641634608,20.698098154788735,True
lift_and_cruse,cruise_201,0.6897389110144484,64.66302290760454,76.48533208175337,437.5965658998049,469.405275287497,174.78543260845663,1.18283219125188,1.182185081839189,152.97066416350674,20.714805190951335,True
lift_and_cruse,cruise_201,0.689481340163464,64.63887564032476,76.48533208175023,437.5702784138171,469.38134626694114,174.79615942923232,1.1832755967586766,1.1822576341526587,152.97066416350046,20.733348602114358,True
lift_and_cruse,cruise_201,0.6892492763017254,64.61711965328676,76.48533208174602,437.5465925905192,469.3597862702751,174.8058257703791,1.183675376451276,1.1823230137677054,152.97066416349205,20.750055638276958,True
lift_and_cruse,cruise_201,0.6890886828247568,64.60206401482094,76.48533208174615,437.5302005951295,469.34486590470266,174.81251609040342,1.1839521909706512,1.1823682646585116,152.9706641634923,20.761617266028782,True
lift_and_cruse,cruise_201,0.6890313676166144,64.5966907140576,76.4853320817356,437.52435018205335,469.3395408116702,174.8149040369041,1.184051016319936,1.182384415859943,152.9706641634712,20.765743563199514,True
lift_and_cruse,cruise_202,0.6890313676166144,64.5966907140576,76.48325583780282,437.5223363656287,469.3366640603775,174.80994564329364,1.184011982538883,1.184011982538883,152.96651167560563,20.765743563199514,True
lift_and_cruse,cruise_202,0.6889740539682812,64.59131755952636,76.48325583779656,437.51648603401185,469.331339083949,174.81233354296882,1.1841108182479718,1.1840281561142372,152.96651167559313,20.769869860370246,True
lift_and_cruse,cruise_202,0.688813464526638,64.57626229937232,76.48325583783604,437.50009327138116,469.31641861813546,174.81902484679534,1.1843878377709744,1.1840734772421642,152.96651167567208,20.781431488122067,True
lift_and_cruse,cruise_202,0.6885814056233925,64.55450677719305,76.48325583778283,437.476403747317,469.2948573648369,174.82869551246668,1.184788371919682,1.18413897800067,152.96651167556567,20.798138524284667,True
lift_and_cruse,cruise_202,0.6883238390680362,64.53035991262838,76.4832558377946,437.4501085661954,469.27092541081316,174.83943115135185,1.1852332490066142,1.1842116919703098,152.9665116755892,20.81668193544769,True
lift_and_cruse,cruise_202,0.6880917790754769,64.50860428832597,76.48325583780789,437.4264158114769,469.24936277355044,174.84910543866343,1.1856343559694515,1.1842772172586866,152.96651167561578,20.833388971610294,True
lift_and_cruse,cruise_202,0.6879311882754816,64.4935489008264,76.4832558378008,437.4100190203198,469.2344405819388,174.85580125829011,1.1859120897783608,1.184322568972754,152.9665116756016,20.844950599362114,True
lift_and_cruse,cruise_202,0.6878738740226247,64.48817568962106,76.48325583778667,437.40416689583685,469.2291148374607,174.85819116771788,1.186011243374933,1.1843387561604408,152.96651167557334,20.849076896532846,True
lift_and_cruse,cruise_203,0.6878738740226247,64.48817568962106,76.4811680071408,437.4021553835007,469.2262352900159,174.8532033183152,1.185971958258538,1.185971958258538,152.9623360142816,20.849076896532846,True
lift_and_cruse,cruise_203,0.6878165613384226,64.48280262547712,76.48116800711267,437.39630334163934,469.2209096631105,174.8555931799999,1.186071122245605,1.185988167906908,152.96233601422534,20.853203193703578,True
lift_and_cruse,cruise_203,0.6876559745978922,64.4677476185524,76.48116800710801,437.3799057875169,469.20598737543355,174.86228998169665,1.1863490620226715,1.1860335901174919,152.96233601421602,20.864764821455402,True
lift_and_cruse,cruise_203,0.6874239195970253,64.44599246222111,76.4811680073369,437.3562093407886,469.1844234914281,174.8719685939035,1.1867509271274734,1.1860992369712775,152.9623360146738,20.881471857618003,True
lift_and_cruse,cruise_203,0.6871663573718149,64.42184600360764,76.48116800779285,437.3299064778989,469.1604886201944,174.88271305455044,1.1871972830530932,1.1861721131256289,152.9623360155857,20.900015268781026,True
lift_and_cruse,cruise_203,0.6869343012795304,64.40009074495596,76.48116800761534,437.3062068039611,469.1389233568834,174.89239528989353,1.1875997238260505,1.18623778455396,152.96233601523068,20.916722304943626,True
lift_and_cruse,cruise_203,0.6867737131780259,64.38503561043993,76.48116800711348,437.28980522557225,469.12399934924275,174.89909660959088,1.1878783814501017,1.1862832374086607,152.96233601422696,20.928283932695447,True
lift_and_cruse,cruise_203,0.6867163998881336,64.37966248951253,76.4811680071118,437.28395139268036,469.1186729569257,174.9014884825659,1.1879778649131107,1.1862994606989536,152.9623360142236,20.93241022986618,True
lift_and_cruse,cruise_204,0.6867163998881336,64.37966248951253,76.47906845825118,437.2819422246767,469.11579059204405,174.89647084250308,1.1879383255653095,1.1879383255653095,152.95813691650235,20.93241022986618,True
lift_and_cruse,cruise_204,0.6866590881758433,64.3742895164853,76.47906845825405,437.27608847557184,469.11046431828487,174.89886266689405,1.1880378194499603,1.1879545714040527,152.9581369165081,20.936536527036914,True
lift_and_cruse,cruise_204,0.6864985041582228,64.35923476483339,76.47906845872345,437.2596861382715,469.09554021896366,174.90556496930546,1.1883166840278319,1.1880000950322065,152.9581369174469,20.948098154788735,True
lift_and_cruse,cruise_204,0.6862664530912308,64.33747997730288,76.47906845825828,437.23598278134205,469.0739737187166,174.91525152803032,1.1887198866397082,1.1880658884372803,152.95813691651657,20.964805190951335,True
lift_and_cruse,cruise_204,0.6860088952311238,64.31333392791787,76.47906845824933,437.20967225047946,469.0500359463666,174.9260048108329,1.1891677286882343,1.1881389272853786,152.95813691649866,20.983348602114358,True
lift_and_cruse,cruise_204,0.6857768430706069,64.2915790378694,76.47906845825509,437.1859656694499,469.02846807172506,174.93569499741477,1.1895715098621666,1.188204745331718,152.95813691651017,21.000055638276958,True
lift_and_cruse,cruise_204,0.6856162576893832,64.27652415837967,76.479068458256,437.16955931203495,469.0135422583749,174.9424018211653,1.1898510958791044,1.1882502996698798,152.958136916512,21.011617266028782,True
lift_and_cruse,cruise_204,0.6855589453702314,64.2711511284592,76.47906845826614,437.16370377375534,469.0082152218394,174.9447956582565,1.1899509108378354,1.1882665591793604,152.95813691653228,21.015743563199514,True
lift_and_cruse,cruise_205,0.6855589453702314,64.2711511284592,76.4769570575626,437.1616969910132,469.0053300179151,174.9397478872328,1.189911114314845,1.189911114314845,152.9539141151252,21.015743563199514,True
lift_and_cruse,cruise_205,0.685501634637731,64.26577824728727,76.47695705745124,437.15584153773494,469.00000310090627,174.94214167454447,1.1900109397240097,1.1899273964586223,152.9539141149025,21.019869860370246,True
lift_and_cruse,cruise_205,0.6853410533650953,64.25072375297769,76.4769570582268,437.1394344258002,468.98507720008354,174.94884947883608,1.1902907336678605,1.1899730218295037,152.9539141164536,21.031431488122067,True
lift_and_cruse,cruise_205,0.6851090062638724,64.22896933723804,76.47695705774584,437.1157241707831,468.9635080984209,174.9585439879665,1.190695280405607,1.1900389622707208,152.95391411549167,21.048138524284667,True
lift_and_cruse,cruise_205,0.684851452804264,64.20482370039974,76.4769570574567,437.0894059855458,468.9395674413154,174.96930609587605,1.1911446159250718,1.1901121643415464,152.9539141149134,21.06668193544769,True
lift_and_cruse,cruise_205,0.6846194046073996,64.18306918194371,76.47695705783681,437.06569250967493,468.9179969700947,174.97900423641676,1.1915497441303071,1.1901781294830134,152.95391411567363,21.083388971610294,True
lift_and_cruse,cruise_205,0.6844588219685204,64.16801455954878,76.47695705745087,437.0492813819785,468.90306936106555,174.98571656365843,1.1918302631178568,1.1902237856182498,152.95391411490175,21.094950599362114,True
lift_and_cruse,cruise_205,0.6844015106279837,64.16264162137348,76.47695705762585,437.0434241413109,468.89774168397554,174.9881123657921,1.191930411214468,1.1902400814665117,152.9539141152517,21.099076896532846,True
lift_and_cruse,cruise_206,0.6844015106279837,64.16264162137348,76.47483366887181,437.041419785564,468.89485361900273,174.98303411698222,1.1918903545173998,1.1918903545173998,152.94966733774362,21.099076896532846,True
lift_and_cruse,cruise_206,0.6843442008832528,64.15726883280495,76.47483366909356,437.03556263104934,468.8895260624701,174.9854298688308,1.191990513097673,1.1919066730909949,152.9496673381871,21.103203193703578,True
lift_and_cruse,cruise_206,0.6841836223779547,64.14221459793325,76.4748336706427,437.0191507529126,468.87459837044764,174.99214317765575,1.1922712410119267,1.19195240054152,152.9496673412854,21.114764821455402,True
lift_and_cruse,cruise_206,0.6839515792748024,64.12046055701273,76.47483366864374,436.9954336125622,468.8530266818757,175.00184563580908,1.1926771385027914,1.1920184884702523,152.94966733728748,21.131471857618003,True
lift_and_cruse,cruise_206,0.683694030251541,64.09631533608196,76.47483366863912,436.9691077865354,468.829083156518,175.01261657263444,1.1931279748943804,1.192091854301266,152.94966733727824,21.150015268781026,True
lift_and_cruse,cruise_206,0.6834619860506239,64.074561192246,76.47483366884508,436.94538742834266,468.8075101034056,175.02232266803082,1.1935344567922814,1.1921579670049423,152.94966733769016,21.166722304943626,True
lift_and_cruse,cruise_206,0.6833014061764361,64.05950682904088,76.4748336686429,436.92897153878613,468.79258070903325,175.0290405016574,1.1938159133804045,1.1922037252759836,152.9496673372858,21.178283932695447,True
lift_and_cruse,cruise_206,0.6832440958224894,64.05413398335838,76.47483366887127,436.92311259881836,468.7872523950226,175.03143826911267,1.1939163962634691,1.192220057578808,152.94966733774254,21.18241022986618,True
lift_and_cruse,cruise_207,0.6832440958224894,64.05413398335838,76.47269815338623,436.9211107125812,468.7843614466161,175.02632918941777,1.1938760763396523,1.1938760763396523,152.94539630677247,21.18241022986618,True
lift_and_cruse,cruise_207,0.6831867870736078,64.04876128815073,76.47269815315742,436.915251860104,468.77903325408414,175.02872690446281,1.1939765697289837,1.1938924314483004,152.94539630631485,21.186536527036914,True
lift_and_cruse,cruise_207,0.6830262113582958,64.03370731484023,76.47269815337643,436.8988352249182,468.7641037807569,175.0354457142851,1.1942582362074559,1.1939382612748495,152.94539630675285,21.198098154788735,True
lift_and_cruse,cruise_207,0.6827941722859331,64.01195365180624,76.47269815339304,436.8751112107649,468.74252952074085,175.04515613207403,1.1946654911999817,1.1940044972265669,152.94539630678608,21.214805190951335,True
lift_and_cruse,cruise_207,0.6825366277353242,63.987808850186646,76.47269815338483,436.84877775784133,468.71858314355774,175.0559358995217,1.1951178358991112,1.194078027343572,152.94539630676965,21.233348602114358,True
lift_and_cruse,cruise_207,0.6823045875630624,63.9660550840371,76.47269815342692,436.82505052977973,468.69700752340805,175.06564995195697,1.1955256782026626,1.1941442880876585,152.94539630685384,21.250055638276958,True
lift_and_cruse,cruise_207,0.6821440104761981,63.951000982143576,76.47269815338768,436.80862988699147,468.68207635397056,175.07237329341183,1.1958080770418589,1.1941901488250297,152.94539630677536,21.261617266028782,True
lift_and_cruse,cruise_207,0.6820867011169183,63.94562822971109,76.47269815339034,436.8027692508737,468.6767474066599,175.07477302605295,1.1959088963679358,1.1942065176959482,152.94539630678068,21.265743563199514,True
lift_and_cruse,cruise_208,0.6820867011169183,63.94562822971109,76.47055037082114,436.8007698772381,468.67385355219795,175.06963275800283,1.1958683101230434,1.1958683101230434,152.9411007416423,21.265743563199514,True
lift_and_cruse,cruise_208,0.6820293933720725,63.94025562863179,76.4705503702421,436.794909329864,468.668524727365,175.07203243700582,1.1959691399837669,1.1958847018868743,152.9411007404842,21.269869860370246,True
lift_and_cruse,cruise_208,0.6818688204696755,63.92520191903207,76.4705503708182,436.7784879458551,468.6535934833439,175.0787567533186,1.1962517497091787,1.1959306344490155,152.9411007416364,21.281431488122067,True
lift_and_cruse,cruise_208,0.6816367854612362,63.903448636990895,76.47055037082286,436.75475707094563,468.6320166664336,175.0884751280036,1.1966603689082906,1.1959970188706233,152.94110074164573,21.298138524284667,True
lift_and_cruse,cruise_208,0.6813792454200546,63.87930425813012,76.47055037075508,436.7284160050458,468.6080674539692,175.0992637282773,1.1971142294018902,1.1960707138054594,152.94110074151016,21.31668193544769,True
lift_and_cruse,cruise_208,0.6811472093095787,63.857550872773004,76.47055036952244,436.70468191993893,468.58648928150734,175.10898573719626,1.197523438849741,1.1961371230518476,152.94110073904488,21.333388971610294,True
lift_and_cruse,cruise_208,0.680986635032966,63.84249703434056,76.47055036829718,436.68825653294675,468.57155634709613,175.11571458470743,1.1978067845996634,1.1961830865657677,152.94110073659436,21.344950599362114,True
lift_and_cruse,cruise_208,0.6809293266765363,63.83712437592527,76.47055036772892,436.682394203867,468.56622677011194,175.11811628222594,1.1979079420349472,1.196199492117705,152.94110073545784,21.349076896532846,True
lift_and_cruse,cruise_209,0.6809293266765363,63.83712437592527,76.46839017756757,436.6803973861102,468.563329987005,175.1129444676099,1.19786708635651,1.19786708635651,152.93678035513514,21.349076896532846,True
lift_and_cruse,cruise_209,0.6808720199440159,63.83175186975149,76.4683901775973,436.6745351467011,468.55800053373696,175.1153461133722,1.197968254375096,1.19788351491021,152.9367803551946,21.353203193703578,True
lift_and_cruse,cruise_209,0.6807114498777638,63.816698426040354,76.46839017759397,436.6581090228302,468.5430675292186,175.12207593535794,1.1982518120192032,1.1979295505261278,152.93678035518795,21.364764821455402,True
lift_and_cruse,cruise_209,0.6804794189668132,63.79494552813873,76.4683901775973,436.63437129976455,468.5214881703931,175.13180226901753,1.1986618022049775,1.197996083899758,152.9367803551946,21.381471857618003,True
lift_and_cruse,cruise_209,0.6802218834723104,63.770801575529106,76.46839017765475,436.6080226348353,468.4975361393106,175.1425997048379,1.1991171860320042,1.1980699441904725,152.9367803553095,21.400015268781026,True
lift_and_cruse,cruise_209,0.6799898514571748,63.74904857411014,76.46839017762862,436.58428170465334,468.4759554299633,175.1523296782318,1.1995277694626343,1.1981365024618507,152.93678035525724,21.416722304943626,True
lift_and_cruse,cruise_209,0.6798292800140266,63.733995001315,76.46839017759271,436.5678515815728,468.46102074137275,175.15906403890298,1.1998120668714594,1.1981825691248273,152.93678035518542,21.428283932695447,True
lift_and_cruse,cruise_209,0.6797719726687299,63.728622437693424,76.46839017763858,436.56198756234,468.4556905386276,175.16146770464422,1.1999135641169494,1.198199011496274,152.93678035527716,21.43241022986618,True
lift_and_cruse,cruise_210,0.6797719726687299,63.728622437693424,76.46621303530762,436.5599944894818,468.4527900293856,175.15625343712185,1.1998723667700197,1.1998723667700197,152.93242607061524,21.43241022986618,True
lift_and_cruse,cruise_210,0.679714666956935,63.72325002721266,76.46621742784,436.5541294187374,468.4474607242125,175.15866756873336,1.19997394354431,1.199888904288684,152.93243485568,21.436536527036914,True
lift_and_cruse,cruise_210,0.679554099750361,63.70819685159634,76.46621742782955,436.5376985636301,468.4325259697071,175.16540289914602,1.2002584538326673,1.1999350433027622,152.9324348556591,21.448098154788735,True
lift_and_cruse,cruise_210,0.6793220729709022,63.68644434102208,76.46621742783331,436.5139540050919,468.4109440840141,175.17513719378283,1.2006698218287657,1.2000017261126277,152.93243485566663,21.464805190951335,True
lift_and_cruse,cruise_210,0.6790645420608149,63.662300818201395,76.46621742784009,436.48759775526355,468.3869892509902,175.18594346694425,1.2011267365711313,1.2000757522938215,152.93243485568019,21.483348602114358,True
lift_and_cruse,cruise_210,0.6788325141750178,63.64054820390791,76.4662174278358,436.46384999300983,468.3654060196085,175.19568140397385,1.201538700809489,1.2001424600551596,152.9324348556716,21.500055638276958,True
lift_and_cruse,cruise_210,0.678671945588862,63.62549489895581,76.46621742783937,436.4474151429289,468.3504695870611,175.2024212764317,1.2018239546005642,1.2001886301835964,152.93243485567874,21.511617266028782,True
lift_and_cruse,cruise_210,0.6786146392630956,63.62012243091521,76.46621742783242,436.4415494368541,468.34513876215914,175.20482690929063,1.2019257933390717,1.2002051094832813,152.93243485566484,21.515743563199514,True
lift_and_cruse,cruise_211,0.6786146392630956,63.62012243091521,76.46403197441191,436.4395578681825,468.3422360495585,175.19959086180347,1.2018843889752633,1.2018843889752633,152.92806394882382,21.515743563199514,True
lift_and_cruse,cruise_211,0.6785573345805372,63.614750116925364,76.46403197305524,436.43369225479313,468.33690535012335,175.20199643631946,1.2019862383263524,1.2019008914250866,152.92806394611048,21.519869860370246,True
lift_and_cruse,cruise_211,0.67839677025748,63.599697211638755,76.46403197303694,436.41725667728065,468.32196885608903,175.20873727650118,1.2022717060059855,1.2019471341733896,152.92806394607388,21.531431488122067,True
lift_and_cruse,cruise_211,0.6781647476439688,63.577945091622084,76.46403196989813,436.3935052968554,468.3003844580943,175.21847952652652,1.2026844586306422,1.2020139668535421,152.92806393979626,21.548138524284667,True
lift_and_cruse,cruise_211,0.6779072213565344,63.55380200217509,76.46403197269238,436.36714147556404,468.27642684041444,175.2292946459857,1.2031429119666388,1.2020881595110646,152.92806394538476,21.56668193544769,True
lift_and_cruse,cruise_211,0.6776751976345169,63.53204977823596,76.46403197305104,436.3433868939273,468.25484110218787,175.23904054940687,1.2035562639057917,1.2021550172538296,152.92806394610207,21.583388971610294,True
lift_and_cruse,cruise_211,0.6775146319291863,63.51699674336121,76.46403197304895,436.3269473257035,468.23990293614963,175.24578593488616,1.203842478850429,1.202201291183268,152.9280639460979,21.594950599362114,True
lift_and_cruse,cruise_211,0.6774573266314553,63.511624371698936,76.46403197305149,436.32107993592814,468.23457149284025,175.24819353548926,1.2039446607871382,1.202217807532225,152.92806394610298,21.599076896532846,True
lift_and_cruse,cruise_212,0.6774573266314553,63.511624371698936,76.46183366258055,436.31909106113426,468.2316657792757,175.2429247975928,1.2039029771162981,1.2039029771162981,152.9236673251611,21.599076896532846,True
lift_and_cruse,cruise_212,0.6774000229867526,63.506252155008056,76.46183366156292,436.3132237652333,468.22633446255384,175.2453323396643,1.2040051697004277,1.203919516711667,152.92366732312584,21.603203193703578,True
lift_and_cruse,cruise_212,0.6772394615713717,63.4911995223161,76.46183366210737,436.29678347405485,468.21139623959823,175.25207869228848,1.2042915995580192,1.2039658635414652,152.92366732421473,21.614764821455402,True
lift_and_cruse,cruise_212,0.6770074431586999,63.46944779612811,76.46183366080831,436.2730252832917,468.1898093453652,175.26182891152666,1.2047057438016486,1.2040328466620789,152.92366732161662,21.631471857618003,True
lift_and_cruse,cruise_212,0.676749921532643,63.44530514368528,76.46183366210691,436.24665390592,468.1658489591407,175.2726528691118,1.2051657433469551,1.2041072062676148,152.92366732421382,21.650015268781026,True
lift_and_cruse,cruise_212,0.6765179020093011,63.42355331337198,76.46183366210357,436.22289251794973,468.144260729143,175.28240673907078,1.2055804899077487,1.2041742144683487,152.92366732420714,21.666722304943626,True
lift_and_cruse,cruise_212,0.6763573392089419,63.408500550838305,76.46183366209941,436.206448240485,468.12932084013727,175.28915763888193,1.2058676708088831,1.2042205925369083,152.92366732419882,21.678283932695447,True
lift_and_cruse,cruise_212,0.6763000349478641,63.40312827636225,76.46183366210782,436.20057917018835,468.12398878217624,175.2915672076853,1.205970197658981,1.204237146055741,152.92366732421564,21.68241022986618,True
lift_and_cruse,cruise_213,0.6763000349478641,63.40312827636225,76.45962234185824,436.19859303634223,468.12108004315814,175.2862653903335,1.2059282313103752,1.2059282313103752,152.91924468371647,21.68241022986618,True
lift_and_cruse,cruise_213,0.6762427323497525,63.3977561577893,76.45962234091269,436.19272406119137,468.11574811286965,175.2886748997722,1.2060307688384027,1.2059448081679474,152.91924468182538,21.686536527036914,True
lift_and_cruse,cruise_213,0.676082173866522,63.38270379998644,76.45962234110984,436.17627906553065,468.1008081713904,175.29542676392424,1.206318165668235,1.2059912594034552,152.91924468221967,21.698098154788735,True
lift_and_cruse,cruise_213,0.6758501596900569,63.360952470942834,76.45962234110566,436.15251407750327,468.0792187960833,175.3051849528988,1.2067337084790948,1.206058393445844,152.9192446822113,21.714805190951335,True
lift_and_cruse,cruise_213,0.6755926427646277,63.33681025918385,76.45962234110397,436.12613515836176,468.055255658294,175.3160177511042,1.2071952619694346,1.206132920546703,152.91924468220793,21.733348602114358,True
lift_and_cruse,cruise_213,0.6753606274753227,63.315058825811505,76.45962233990203,436.10236697722195,468.03366495165193,175.32577958741695,1.2076114101157396,1.2062000796819197,152.91924467980405,21.750055638276958,True
lift_and_cruse,cruise_213,0.6752000676044035,63.300006337912826,76.45962234106513,436.08591799917167,468.0187233504563,175.33253600562568,1.2078995618258133,1.2062465622482652,152.91924468213026,21.761617266028782,True
lift_and_cruse,cruise_213,0.6751427643887105,63.29463416144161,76.45962234110898,436.0800472515443,468.01339068162247,175.33494754315214,1.2080024353161276,1.2062631530586037,152.91924468221796,21.765743563199514,True
lift_and_cruse,cruise_214,0.6751427643887105,63.29463416144161,76.45739785764317,436.0780639060604,468.0104788926007,175.32961225518932,1.2079601828905149,1.2079601828905149,152.91479571528635,21.765743563199514,True
lift_and_cruse,cruise_214,0.6750854628460414,63.28926214181639,76.4573978534063,436.0721932557532,468.0051463519421,175.33202372436625,1.2080630670354633,1.2079767970762791,152.9147957068126,21.769869860370246,True
lift_and_cruse,cruise_214,0.674924907319765,63.27421006122796,76.45739785289729,436.0557435647093,467.9902047024841,175.3387811004109,1.2083514356715728,1.2080233530521796,152.91479570579457,21.781431488122067,True
lift_and_cruse,cruise_214,0.6746928974153458,63.252459132688664,76.45739785340167,436.0319717926402,467.968612861298,175.34854725900536,1.2087683840390964,1.2080906384956944,152.91479570680335,21.798138524284667,True
lift_and_cruse,cruise_214,0.6744353852303206,63.22831736534256,76.45739785339167,436.0055853458466,467.94464698919637,175.35938890288952,1.209231499277619,1.2081653336596243,152.91479570678334,21.81668193544769,True
lift_and_cruse,cruise_214,0.674203374210878,63.20656633226981,76.45739785340882,435.98181038393335,467.92305382167837,175.3691587131205,1.209649056069962,1.2082326442616476,152.91479570681764,21.833388971610294,True
lift_and_cruse,cruise_214,0.6740428172941894,63.19151412133025,76.45739785340547,435.96535671492757,467.9081105185065,175.37592064535167,1.2099381834174359,1.208279231628092,152.91479570681093,21.844950599362114,True
lift_and_cruse,cruise_214,0.6739855151327294,63.18614204369338,76.45739785339879,435.95948429321214,467.90277724257726,175.37833415183013,1.2100414052841477,1.2082958598501568,152.91479570679758,21.849076896532846,True
lift_and_cruse,cruise_215,0.6739855151327294,63.18614204369338,76.45516003945644,435.9575037872874,467.89986237664925,175.37296496853136,1.2099988631460898,1.2099988631460898,152.9103200789129,21.849076896532846,True
lift_and_cruse,cruise_215,0.6739282146544755,63.18077012385708,76.45516003929272,435.95163146312984,467.8945292307124,175.37537841553328,1.210102095761666,1.21001551490384,152.91032007858544,21.853203193703578,True
lift_and_cruse,cruise_215,0.6737676621102854,63.165718322839254,76.45516003929541,435.93517708544846,467.87958588414676,175.38214130757225,1.2103914410943573,1.2100621759823034,152.91032007859081,21.864764821455402,True
lift_and_cruse,cruise_215,0.6735356565142303,63.1439677982091,76.4551600392972,435.9113985427054,467.85799159231146,175.39191543507218,1.210809802049764,1.210129613304614,152.9103200785944,21.881471857618003,True
lift_and_cruse,cruise_215,0.6732781491099152,63.11982647905455,76.45516003928807,435.88500458280726,467.8340230030054,175.40276592655118,1.2112744868698668,1.2102044770805473,152.91032007857615,21.900015268781026,True
lift_and_cruse,cruise_215,0.6730461423966487,63.09807584968582,76.45516003928795,435.86122285355935,467.81242738981445,175.41254370944353,1.2116934593566084,1.2102719396235109,152.9103200785759,21.916722304943626,True
lift_and_cruse,cruise_215,0.6728855884593188,63.08302391806113,76.45516003930013,435.84476450236855,467.79748239554715,175.4193111597098,1.2119835672570165,1.2103186321518036,152.91032007860025,21.928283932695447,True
lift_and_cruse,cruise_215,0.6728282873610592,63.0776519400993,76.45516003928776,435.83889040979426,467.7921485163401,175.42172663566822,1.2120871392496468,1.2103352979084907,152.91032007857552,21.93241022986618,True
lift_and_cruse,cruise_216,0.6728282873610592,63.0776519400993,76.45290873549732,435.8369127927284,467.78923054805284,175.4163231508023,1.2120443038700868,1.2120443038700868,152.90581747099463,21.93241022986618,True
lift_and_cruse,cruise_216,0.6727709879563051,63.072280120903606,76.45290873945498,435.8310387979595,467.78389680066516,175.4187385761604,1.212147886705897,1.2120609933234632,152.90581747890997,21.936536527036914,True
lift_and_cruse,cruise_216,0.672610438419676,63.057228601844635,76.45290873805264,435.8145797432681,467.7689517673667,175.4255069807361,1.2124382136074838,1.2121077598162555,152.90581747610528,21.948098154788735,True
lift_and_cruse,cruise_216,0.6723784371687836,63.03547848457346,76.45290873866679,435.7907944427475,467.74735504055667,175.4352890814659,1.2128579942613633,1.2121753495322891,152.90581747733358,21.964805190951335,True
lift_and_cruse,cruise_216,0.672120934586026,63.01133761743993,76.45290873835637,435.764392984471,467.72338375118267,175.4461484216406,1.2133242565423548,1.212250382466318,152.90581747671274,21.983348602114358,True
lift_and_cruse,cruise_216,0.6718889322157232,62.98958739522405,76.45290874139685,435.74060450028463,467.7017857083431,175.45593418618054,1.2137446518858328,1.2123179974975569,152.9058174827937,22.000055638276958,True
lift_and_cruse,cruise_216,0.6717283812832126,62.974535745301175,76.452908736807,435.72414147726187,467.68683903289985,175.46270714453505,1.2140357451945694,1.2123647954548191,152.905817473614,22.011617266028782,True
lift_and_cruse,cruise_216,0.6716710812572401,62.96916386786626,76.4529087411215,435.7182657159513,467.68150455499824,175.46512460078077,1.2141396691420951,1.212381498940674,152.905817482243,22.015743563199514,True
lift_and_cruse,cruise_217,0.6716710812572401,62.96916386786626,76.45064377998199,435.71629103934714,467.67858345754706,175.45968638817365,1.2140965368446874,1.2140965368446874,152.90128755996398,22.015743563199514,True
lift_and_cruse,cruise_217,0.6716137829352153,62.963792150176445,76.45064378068568,435.71041537918285,467.6732491112624,175.46210377457675,1.2142004715437376,1.2141132639944996,152.90128756137136,22.019869860370246,True
lift_and_cruse,cruise_217,0.6714532364319641,62.94874091549663,76.45064377997878,435.6939516561151,467.65830240235914,175.46887769783086,1.2144917849820083,1.2141601362814218,152.90128755995755,22.031431488122067,True
lift_and_cruse,cruise_217,0.6712212395635626,62.926991209083994,76.45064377998031,435.6701596114198,467.6367032559184,175.47866777043188,1.2149129924538185,1.2142278788693919,152.90128755996062,22.048138524284667,True
lift_and_cruse,cruise_217,0.6709637418437665,62.90285079785311,76.45064378129622,435.64375066900186,467.6127292840844,175.4895359656897,1.2153808401616202,1.2143030815469749,152.90128756259244,22.06668193544769,True
lift_and_cruse,cruise_217,0.6707317438537537,62.881100986289404,76.4506437799845,435.61995544511484,467.59112882587806,175.49932969570764,1.2158026654043648,1.214370849442509,152.901287559969,22.083388971610294,True
lift_and_cruse,cruise_217,0.6705711959518802,62.866049620488766,76.45064378148727,435.6034877566479,467.57618048190045,175.50610818892247,1.2160947492519703,1.2144177533513585,152.90128756297455,22.094950599362114,True
lift_and_cruse,cruise_217,0.670513897007408,62.86067784444451,76.45064377998447,435.5976103325549,467.57084540738373,175.50852760148902,1.216199026764877,1.2144344945212462,152.90128755996895,22.099076896532846,True
lift_and_cruse,cruise_218,0.670513897007408,62.86067784444451,76.44836424877262,435.5956388445604,467.567921024325,175.5030524445916,1.2161555819991625,1.2161555819991625,152.89672849754524,22.099076896532846,True
lift_and_cruse,cruise_218,0.6704565997777681,62.85530622916575,76.4483645575693,435.58976144030015,467.562586137227,175.5054725401945,1.216259875284441,1.2161723521506524,152.8967291151386,22.103203193703578,True
lift_and_cruse,cruise_218,0.6702960563350426,62.84025528141025,76.44836455617256,435.57329305858656,467.54763776338973,175.5122519797608,1.2165521802004557,1.216219330554484,152.89672911234513,22.114764821455402,True
lift_and_cruse,cruise_218,0.6700640638882878,62.81850598952698,76.44836455873364,435.549494282412,467.5260362136373,175.522050033246,1.2169748217211327,1.216287226566962,152.8967291174673,22.131471857618003,True
lift_and_cruse,cruise_218,0.6698065710750285,62.794366038283925,76.44836452100829,435.5230778816146,467.5020595697871,175.53292698742806,1.2174442621894592,1.2163625988659585,152.89672904201657,22.150015268781026,True
lift_and_cruse,cruise_218,0.6695745775045691,62.77261664105335,76.44836454332477,435.4992759242061,467.48045671687197,175.5427287515193,1.217867524978215,1.2164305205912331,152.89672908664954,22.166722304943626,True
lift_and_cruse,cruise_218,0.6694140326604588,62.75756556191802,76.44836455813858,435.4828035777646,467.46550671653824,175.54951279790498,1.2181606044695321,1.216477530918208,152.89672911627716,22.178283932695447,True
lift_and_cruse,cruise_218,0.669356734807163,62.75219388817153,76.44836456073713,435.47692449162383,467.4601710510329,175.55193419095613,1.2182652374874774,1.2164943100604186,152.89672912147427,22.18241022986618,True
lift_and_cruse,cruise_219,0.669356734807163,62.75219388817153,76.44607222648625,435.4749557342733,467.45724369234796,175.54642630960814,1.2182215073263942,1.2182215073263942,152.8921444529725,22.18241022986618,True
lift_and_cruse,cruise_219,0.6692994386881634,62.74682237701533,76.44606073548627,435.4690797856185,467.4519061644344,175.5488200224369,1.218325968019451,1.218238118729495,152.89212147097254,22.186536527036914,True
lift_and_cruse,cruise_219,0.6691388983483567,62.73177172015844,76.44606719790553,435.45260505003625,467.43695726162645,175.55562051096658,1.2186193723922916,1.218285311381384,152.89213439581107,22.198098154788735,True
lift_and_cruse,cruise_219,0.6689069103647695,62.710022846697136,76.44607222661048,435.4287982298271,467.41535419749863,175.5654386179863,1.2190435352735418,1.2183534450904212,152.89214445322096,22.214805190951335,True
lift_and_cruse,cruise_219,0.6686494224968013,62.68588335907511,76.44607222661334,435.40237436490327,467.39137491205406,175.57632451746474,1.2195145777761414,1.2184289888491293,152.89214445322668,22.233348602114358,True
lift_and_cruse,cruise_219,0.6684174333814693,62.664134379512745,76.44607222661045,435.3785656992234,467.3697696718799,175.5861342069687,1.219939284642773,1.2184970641439965,152.8921444532209,22.250055638276958,True
lift_and_cruse,cruise_219,0.6682568916196706,62.64908358934412,76.44607222661062,435.3620887113145,467.3548180209846,175.59292374014424,1.220233364362227,1.2185441807701396,152.89214445322125,22.261617266028782,True
lift_and_cruse,cruise_219,0.6681995948663451,62.64371201871985,76.44607222660954,435.3562079681404,467.34948176714227,175.59534709800477,1.2203383545756707,1.2185609978978231,152.8921444532191,22.265743563199514,True
lift_and_cruse,cruise_220,0.6681995948663451,62.64371201871985,76.44376528319715,435.3542424257991,467.34655112131014,175.589802128151,1.2202943091934497,1.2202943091934497,152.8875305663943,22.265743563199514,True
lift_and_cruse,cruise_220,0.6681422998496812,62.63834061090762,76.44376528892089,435.348361785503,467.34121500419093,175.5922254353588,1.2203993103904567,1.2203111504220363,152.88753057784177,22.269869860370246,True
lift_and_cruse,cruise_220,0.667981762601286,62.623290243870564,76.4437682326945,435.3318833346489,467.3262638438883,175.5990229937584,1.2206936603603213,1.2203583913308529,152.887536465389,22.281431488122067,True
lift_and_cruse,cruise_220,0.6677497791003764,62.601541790660285,76.44376738271306,435.30807136123775,467.30465738459145,175.60883495283997,1.2211191780698216,1.220426581383374,152.88753476542612,22.298138524284667,True
lift_and_cruse,cruise_220,0.6674922962205743,62.57740277067884,76.44376528319452,435.2816406125294,467.28067510424574,175.61972466133398,1.2215917965570253,1.2205022614578596,152.88753056638905,22.31668193544769,True
lift_and_cruse,cruise_220,0.6672603116006215,62.55565421255827,76.44376528319289,435.2578252464225,467.2590674966332,175.6295423311285,1.2220179551527266,1.220570491198053,152.88753056638578,22.333388971610294,True
lift_and_cruse,cruise_220,0.6670997729490227,62.540603713970874,76.44376528319616,435.24134362264516,467.24411420878823,175.63633738755973,1.222313040391149,1.2206177147189703,152.88753056639231,22.344950599362114,True
lift_and_cruse,cruise_220,0.6670424773055977,62.53523224739978,76.44376528319467,435.23546122514375,467.238777370998,175.63876271678495,1.2224183896467744,1.2206345699999468,152.88753056638933,22.349076896532846,True
lift_and_cruse,cruise_221,0.6670424773055977,62.53523224739978,76.4414439922883,435.2334988365265,467.235843485778,175.63318126162778,1.2223740321275702,1.2223740321275702,152.8828879845766,22.349076896532846,True
lift_and_cruse,cruise_221,0.6669851834135695,62.52986094502214,76.44144399234132,435.22761654517234,467.2305067852197,175.63560652531854,1.2224793922968964,1.2223909115084215,152.88288798468264,22.353203193703578,True
lift_and_cruse,cruise_221,0.66682464930473,62.51481087231843,76.44144399229394,435.21113424183363,467.21555348181465,175.64240252846193,1.22277470184623,1.2224382104168912,152.88288798458788,22.364764821455402,True
lift_and_cruse,cruise_221,0.6665926703542859,62.49306284571431,76.44144399229347,435.1873153548156,467.1939448147582,175.65222450882484,1.2232016889429687,1.2225065695598132,152.88288798458694,22.381471857618003,True
lift_and_cruse,cruise_221,0.6663351925067901,62.46892429751157,76.44144399027698,435.16087662738425,467.16996028535584,175.66312811715517,1.223675958601624,1.222582456630717,152.88288798055396,22.400015268781026,True
lift_and_cruse,cruise_221,0.6661032124304833,62.44717616535782,76.441440549381,435.13705548750846,467.1483497310582,175.67294549228632,1.2241035211570808,1.2226507837220888,152.882881098762,22.416722304943626,True
lift_and_cruse,cruise_221,0.6659426769181979,62.43212596108104,76.44144420499855,435.1205682684024,467.133395450479,175.67975486518117,1.2243996755427424,1.2226981756815234,152.8828884099971,22.428283932695447,True
lift_and_cruse,cruise_221,0.6658853823962211,62.426754599645726,76.44143738403345,435.1146860288317,467.12805685186123,175.6821657593873,1.224505276391459,1.2227149550534542,152.8828747680669,22.43241022986618,True
lift_and_cruse,cruise_222,0.6658853823962211,62.426754599645726,76.43910817210231,435.11272509823317,467.12512084278774,175.67656325115573,1.2244607085907406,1.2244607085907406,152.87821634420462,22.43241022986618,True
lift_and_cruse,cruise_222,0.6658280896305251,62.42138340286173,76.4391081704272,435.1068411573911,467.119783562706,175.67899048144218,1.2245664296282692,1.2244776263176216,152.8782163408544,22.436536527036914,True
lift_and_cruse,cruise_222,0.6656675586940594,62.40633362756807,76.43910817070532,435.0903542330685,467.1048286386229,175.68579200701657,1.2248627508583991,1.2245250327597228,152.87821634141065,22.448098154788735,True
lift_and_cruse,cruise_222,0.6654355843158567,62.38458602961157,76.43910817211193,435.06652866865204,467.0832176308188,175.6956219712521,1.22529120121162,1.2245935473341802,152.87821634422386,22.464805190951335,True
lift_and_cruse,cruise_222,0.6651781115521413,62.360447958013246,76.4391081721044,435.0400825326937,467.05923050710294,175.7065344430993,1.2257670967521832,1.2246696069562675,152.8782163442088,22.483348602114358,True
lift_and_cruse,cruise_222,0.664946136041223,62.33870025386466,76.43910817211147,435.0162538067422,467.03761821228176,175.71636807740867,1.226196180900036,1.2247381471110363,152.87821634422295,22.500055638276958,True
lift_and_cruse,cruise_222,0.6647856036922822,62.32365034615146,76.43910817210649,434.9997629396619,467.02266168356783,175.72317418300966,1.226493292483057,1.2247855854757943,152.87821634421297,22.511617266028782,True
lift_and_cruse,cruise_222,0.6647283102979764,62.31827909043529,76.43910817210858,434.9938772436495,467.01732368967043,175.7256034559366,1.226599365289758,1.224802517439822,152.87821634421715,22.515743563199514,True
lift_and_cruse,cruise_223,0.6647283102979764,62.31827909043529,76.43675763751573,434.99192133285817,467.0143832388805,175.71994763329363,1.2265543714163194,1.2265543714163194,152.87351527503145,22.515743563199514,True
lift_and_cruse,cruise_223,0.6646710186730229,62.312908000595904,76.43675763750984,434.98603574546127,467.0090453841991,175.72237683846677,1.226660455198203,1.2265713276712256,152.87351527501968,22.519869860370246,True
lift_and_cruse,cruise_223,0.6645104909325029,62.29785852492215,76.43675763751237,434.9695442094556,466.99408885003305,175.7291838860302,1.2269577932382336,1.2266188419919264,152.87351527502474,22.531431488122067,True
lift_and_cruse,cruise_223,0.6642785211716817,62.27611135984516,76.43675763687799,434.94571198282785,466.97247551730703,175.73902182684571,1.2273877142067142,1.226687512450093,152.87351527375597,22.548138524284667,True
lift_and_cruse,cruise_223,0.6640210535316343,62.25197376859072,76.43675763751108,434.91925845357787,466.94848581639343,175.74994316044348,1.2278652438674145,1.2267637451695221,152.87351527502216,22.56668193544769,True
lift_and_cruse,cruise_223,0.6637890826358575,62.23022649711164,76.43675763751907,434.895423068435,466.9268712019925,175.75978477880972,1.2282958019338928,1.2268324412976028,152.87351527503813,22.583388971610294,True
lift_and_cruse,cruise_223,0.6636285534800757,62.21517688875709,76.4367576345574,434.87892759482764,466.91191306895485,175.76659640314244,1.2285939343620904,1.2268799875649121,152.8735152691148,22.594950599362114,True
lift_and_cruse,cruise_223,0.6635712612252731,62.209805739869346,76.4367576346911,434.87304025464556,466.9065745029607,175.7690276486797,1.2287003717035676,1.2268969580618982,152.8735152693822,22.599076896532846,True
lift_and_cruse,cruise_224,0.6635712612252731,62.209805739869346,76.43439220039195,434.8710876689876,466.9036307252569,175.76333393442695,1.2286550535136307,1.2286550535136307,152.8687844007839,22.599076896532846,True
lift_and_cruse,cruise_224,0.6635139707512155,62.20443475792646,76.43439219778439,434.8652004396091,466.8982922992134,175.7657651044846,1.2287615018130715,1.2286720483515776,152.86878439556878,22.603203193703578,True
lift_and_cruse,cruise_224,0.6633534462350918,62.18938558453986,76.43439219368311,434.8487043025759,466.88333416544657,175.77257766559538,1.229059861765373,1.2287196708417114,152.86878438736622,22.614764821455402,True
lift_and_cruse,cruise_224,0.663121481132764,62.16763885619663,76.43439219591937,434.82486542636127,466.8617185247539,175.782423595929,1.2294912608990096,1.228788497779561,152.86878439183874,22.631471857618003,True
lift_and_cruse,cruise_224,0.6628640186619911,62.143501749561665,76.43439219978097,434.79840451859565,466.8377262649705,175.793353798747,1.2299704330261265,1.2288649042098878,152.86878439956195,22.650015268781026,True
lift_and_cruse,cruise_224,0.6626320524224456,62.121754914604274,76.43439219977762,434.7745624882051,466.81610934710545,175.80320340225677,1.2304024725043945,1.2289337568246879,152.86878439955524,22.666722304943626,True
lift_and_cruse,cruise_224,0.6624715264882471,62.10670560827317,76.43439219977554,434.7580624161468,466.80114962192187,175.8100205603324,1.2307016310646373,1.2289814114494195,152.8687843995511,22.678283932695447,True
lift_and_cruse,cruise_224,0.6624142353830904,62.10133456716473,76.43439219723906,434.7521734359851,466.79581048732945,175.81245377200875,1.2308084347499417,1.2289984205590871,152.86878439447813,22.68241022986618,True
lift_and_cruse,cruise_225,0.6624142353830904,62.10133456716473,76.43201166694976,434.7502242361597,466.79286335151164,175.8067216669949,1.2307627879443765,1.2307627879443765,152.86402333389952,22.68241022986618,True
lift_and_cruse,cruise_225,0.662356946070226,62.09596369408369,76.43201166576078,434.7443353671931,466.78752435879665,175.80915481187074,1.2308696026797779,1.2307798215602843,152.86402333152157,22.686536527036914,True
lift_and_cruse,cruise_225,0.6621964248073198,62.08091482568623,76.432011666498,434.72783463645305,466.7725646381687,175.8159729087818,1.231168989885953,1.23082755272712,152.864023332996,22.698098154788735,True
lift_and_cruse,cruise_225,0.6619644644051421,62.05916853798207,76.43201166095642,434.7039891275109,466.7509467038574,175.82582680404266,1.2316018745333557,1.2308965364809172,152.86402332191284,22.714805190951335,True
lift_and_cruse,cruise_225,0.6617070071498998,62.035031920303105,76.43201166649763,434.6775208572139,466.726951902909,175.83676587351832,1.2320826974610806,1.230973117168605,152.86402333299526,22.733348602114358,True
lift_and_cruse,cruise_225,0.6614750456082593,62.01328552577431,76.43201166412285,434.6536721962432,466.7053326973723,175.8466234575282,1.2325162258554647,1.2310421267460736,152.8640233282457,22.750055638276958,True
lift_and_cruse,cruise_225,0.661314522924488,61.99823652417075,76.43201166649925,434.63716753560493,466.69037139115557,175.8534461486725,1.2328164157642765,1.2310898900755665,152.8640233329985,22.761617266028782,True
lift_and_cruse,cruise_225,0.6612572329792693,61.9928655918065,76.43201166650178,434.6312769175455,466.6850316928665,175.8558813392875,1.2329235877435685,1.2311069380129949,152.86402333300356,22.765743563199514,True
lift_and_cruse,cruise_226,0.6612572329792693,61.9928655918065,76.42961584150423,434.6293311651042,466.6820811673964,175.85011033797554,1.2328776079614825,1.2328776079614825,152.85923168300846,22.765743563199514,True
lift_and_cruse,cruise_226,0.6611999448380296,61.987494828565275,76.42961584149829,434.6234406600968,466.6767416119846,175.8525454573491,1.232984790995112,1.2328946804793364,152.85923168299658,22.769869860370246,True
lift_and_cruse,cruise_226,0.6610394268576174,61.97244626790164,76.42961584149826,434.6069353469075,466.66178031479086,175.8593690773106,1.2332852105971666,1.2329425205872533,152.85923168299652,22.781431488122067,True
lift_and_cruse,cruise_226,0.6608074711978543,61.950700424798846,76.42961584150184,434.58308321581154,466.64016010542747,175.86923097055572,1.233719588542101,1.2330116618993097,152.85923168300369,22.798138524284667,True
lift_and_cruse,cruise_226,0.6605500192050507,61.9265643004735,76.4296158415009,434.55660760059357,466.6161627801348,175.88017889037195,1.2342020705676573,1.2330884172972407,152.8592316830018,22.81668193544769,True
lift_and_cruse,cruise_226,0.6603180624035775,61.9048183503354,76.42961584149668,434.532752321914,466.5945413040251,175.8900444672749,1.234637095546452,1.2331575844352645,152.85923168299337,22.833388971610294,True
lift_and_cruse,cruise_226,0.6601575429994759,61.88976965620087,76.42961584150636,434.51624308374767,466.57957842722845,175.8968726807282,1.2349383219873176,1.2332054567479562,152.85923168301272,22.844950599362114,True
lift_and_cruse,cruise_226,0.6601002542246348,61.884398833559516,76.42961584148871,434.51035083196524,466.5742381688246,175.89930984436086,1.2350458640979196,1.2332225435980233,152.85923168297742,22.849076896532846,True
lift_and_cruse,cruise_227,0.6601002542246348,61.884398833559516,76.42720452461559,434.5084085882512,466.5712842225133,175.89349944442603,1.2349995469806523,1.2349995469806523,152.85440904923118,22.849076896532846,True
lift_and_cruse,cruise_227,0.6600429672656181,61.879028181151696,76.42720452475115,434.50251645099297,466.5659441082627,175.89593653600875,1.2351071001738783,1.2350166585112665,152.8544090495023,22.853203193703578,True
lift_and_cruse,cruise_227,0.6598824525973731,61.86397993100373,76.42720452476797,434.4860065649944,466.5509812459472,175.90276568145916,1.2354085574499687,1.2350646079327299,152.85440904953595,22.864764821455402,True
lift_and_cruse,cruise_227,0.6596505017229234,61.84223453652407,76.4272045247487,434.46214782745596,466.5293587769275,175.9126355601782,1.2358444362214216,1.2351339072290954,152.8544090494974,22.881471857618003,True
lift_and_cruse,cruise_227,0.6593930550401608,61.818098910015074,76.42720452476821,434.4356648816306,466.50535894640836,175.92359234472593,1.2363285859032462,1.2352108380082065,152.85440904953643,22.900015268781026,True
lift_and_cruse,cruise_227,0.659161103021737,61.79635340828785,76.42720452474701,434.4118030001173,466.48373521568175,175.9334659096679,1.2367651150695307,1.235280163186618,152.85440904949402,22.916722304943626,True
lift_and_cruse,cruise_227,0.6590005869269797,61.781305024404354,76.42720452473189,434.3952891936543,466.4687707800386,175.94029965169253,1.2370673833747174,1.235328144881969,152.85440904946378,22.928283932695447,True
lift_and_cruse,cruise_227,0.6589432993331051,61.77593431247861,76.42720452475908,434.3893953116502,466.4634299655751,175.94273878871704,1.2371752975085022,1.2353452707742267,152.85440904951815,22.93241022986618,True
lift_and_cruse,cruise_228,0.6589432993331051,61.77593431247861,76.42477073751392,434.3874584532502,466.4604714024361,175.9368721409368,1.2371285289015586,1.2371285289015586,152.84954147502785,22.93241022986618,True
lift_and_cruse,cruise_228,0.6588860135670629,61.770563771912144,76.42477750516976,434.38156287597155,466.45513189588684,175.9393275176808,1.2372365636919918,1.2371457942796582,152.84955501033951,22.936536527036914,True
lift_and_cruse,cruise_228,0.6587255022411093,61.75551583510399,76.42477750527796,434.3650484270572,466.4401674798372,175.94616218937136,1.2375390639438006,1.237193853377397,152.84955501055592,22.948098154788735,True
lift_and_cruse,cruise_228,0.6584935561954997,61.733770893328085,76.42477750597764,434.34118309720816,466.4185427677306,175.95604005617307,1.2379764512223832,1.2372633111930122,152.8495550119553,22.964805190951335,True
lift_and_cruse,cruise_228,0.6582361148710842,61.709635769164144,76.42477750631018,434.3146928366091,466.3945404502912,175.96700570706864,1.2384622770895108,1.237340417938152,152.84955501262036,22.983348602114358,True
lift_and_cruse,cruise_228,0.6580041676792285,61.68789071992767,76.4247775064684,434.290824366552,466.3729144814347,175.97688726133651,1.2389003181380818,1.237409901682781,152.8495550129368,23.000055638276958,True
lift_and_cruse,cruise_228,0.6578436549239295,61.67284264911839,76.42477750653643,434.2743060016919,466.35794849835287,175.98372653275464,1.23920363363851,1.237457993124247,152.84955501307286,23.011617266028782,True
lift_and_cruse,cruise_228,0.6577863685217689,61.667472048915826,76.4247775065725,434.26841049301987,466.3526071318892,175.98616764328582,1.2393119216981345,1.2374751581871675,152.849555013145,23.015743563199514,True
lift_and_cruse,cruise_229,0.6577863685217689,61.667472048915826,76.42235578066557,434.26646977815716,466.3496498815802,175.980327972727,1.2392652599493414,1.2392652599493414,152.84471156133114,23.015743563199514,True
lift_and_cruse,cruise_229,0.6577290839588484,61.662101621142035,76.42233556674759,434.2605798050531,466.34430519410955,175.98272026978609,1.2393732313824495,1.2392821066655113,152.84467113349518,23.019869860370246,True
lift_and_cruse,cruise_229,0.657568576003626,61.64705400033993,76.42233555901366,434.24406080507697,466.3293392341871,175.98956044930839,1.2396767798244963,1.239330275667987,152.84467111802732,23.031431488122067,True
lift_and_cruse,cruise_229,0.6573366348279838,61.625309515123476,76.42233554834057,434.2201889002187,466.3077122931396,175.99944627607934,1.2401156831444102,1.2393998923224407,152.84467109668114,23.048138524284667,True
lift_and_cruse,cruise_229,0.6570791989076042,61.601174897587896,76.4223355342761,434.1936913444068,466.28370750427064,176.01042075900253,1.2406031935508748,1.2394771753664564,152.8446710685522,23.06668193544769,True
lift_and_cruse,cruise_229,0.6568472565835254,61.579430304705504,76.42233552024162,434.1698163037423,466.2620793110613,176.0203102689723,1.2410427540016995,1.239546817958243,152.84467104048323,23.083388971610294,True
lift_and_cruse,cruise_229,0.6566867471962224,61.56438254964585,76.42233551374281,434.153293392021,466.24711179064616,176.02715505445764,1.2413471219611922,1.2395950193962189,152.84467102748562,23.094950599362114,True
lift_and_cruse,cruise_229,0.656629461995964,61.55901206212162,76.42233551078844,434.1473962609681,466.24176987568353,176.0295981315146,1.241455785816387,1.2396122237085359,152.8446710215769,23.099076896532846,True
lift_and_cruse,cruise_230,0.656629461995964,61.55901206212162,76.4198755633367,434.1454651745812,466.2388053139605,176.02366417119165,1.2414084145180555,1.2414084145180555,152.8397511266734,23.099076896532846,True
lift_and_cruse,cruise_230,0.6565721786487232,61.553641748317794,76.41987556334047,434.1395681620417,466.23346354753403,176.0261071792141,1.2415170895736283,1.2414256438532707,152.83975112668094,23.103203193703578,True
lift_and_cruse,cruise_230,0.6564116740993995,61.5385944468187,76.41987556332577,434.1230446173952,466.2184960583188,176.03295290414943,1.2418216918129577,1.241473923387606,152.83975112665155,23.114764821455402,True
lift_and_cruse,cruise_230,0.6561797378444801,61.51685042292001,76.41987556331742,434.0991661468914,466.1968669093295,176.04284674410906,1.2422621192789494,1.2415436997795226,152.83975112663484,23.131471857618003,True
lift_and_cruse,cruise_230,0.6559223073843852,61.49271631728611,76.41987556332326,434.07266130518246,466.17285967302473,176.05383012779686,1.242751323298772,1.2416211601880085,152.83975112664652,23.150015268781026,True
lift_and_cruse,cruise_230,0.6556903699786658,61.470972185499924,76.41987556332172,434.0487797016048,466.1512292775168,176.06372766162437,1.243192411381288,1.2416909626309602,152.83975112664345,23.166722304943626,True
lift_and_cruse,cruise_230,0.6555298639943182,61.455924749467336,76.41987556332917,434.0322522500756,466.13626023392055,176.07057799276907,1.2434978373966543,1.241739274650627,152.83975112665834,23.178283932695447,True
lift_and_cruse,cruise_230,0.6554725800084316,61.45055437579046,76.4198755633233,434.02635349881496,466.1309177757264,176.0730230507027,1.2436068790669272,1.2417565184428585,152.8397511266466,23.18241022986618,True
lift_and_cruse,cruise_231,0.6554725800084316,61.45055437579046,76.4174001980955,434.0244259368436,466.1279498170633,176.06704975911902,1.2435591667859924,1.2435591667859924,152.834800396191,23.18241022986618,True
lift_and_cruse,cruise_231,0.6554152978873519,61.445184176939236,76.41740019809023,434.01852730639547,466.12260750813505,176.06949473969016,1.2436682196353706,1.2435764356503598,152.83480039618047,23.186536527036914,True
lift_and_cruse,cruise_231,0.6552547967733037,61.430137197497224,76.41740019809528,434.00199922902067,466.1076384996533,176.07634599207805,1.2439738809604355,1.2436248259523646,152.83480039619056,23.198098154788735,True
lift_and_cruse,cruise_231,0.6550228654815852,61.4083936388986,76.41740019809198,433.97811421000637,466.0860071572947,176.08624782040042,1.2444158402314431,1.2436947624305135,152.83480039618397,23.214805190951335,True
lift_and_cruse,cruise_231,0.6547654405289591,61.38426004958992,76.41740019809322,433.9516021020315,466.06199748935404,176.09724007188493,1.2449067463419077,1.2437724005525577,152.83480039618644,23.233348602114358,True
lift_and_cruse,cruise_231,0.6545335080841542,61.36251638288946,76.41740019809946,433.92771395360097,466.0403649055637,176.10714559661582,1.2453493696836406,1.2438423631383897,152.83480039619891,23.250055638276958,True
lift_and_cruse,cruise_231,0.654373005532231,61.34746926864665,76.41740019808901,433.91118197391535,466.0253943490378,176.1140014582868,1.2456558590914286,1.2438907859956978,152.83480039617803,23.261617266028782,True
lift_and_cruse,cruise_231,0.6543157227712365,61.34209900980343,76.41740019809282,433.9052816067714,466.02005135116764,176.11644849021863,1.2457652804727142,1.2439080693487976,152.83480039618564,23.265743563199514,True
lift_and_cruse,cruise_232,0.6543157227712365,61.34209900980343,76.41490827914312,433.9033578837825,466.01707980393047,176.11043309697112,1.24571720747493,1.24571720747493,152.82981655828624,23.265743563199514,True
lift_and_cruse,cruise_232,0.6542584418877112,61.336728926972924,76.41490827913933,433.89745763906456,466.0117369566476,176.1128800502405,1.2458266400588784,1.2457345159997004,152.82981655827865,23.269869860370246,True
lift_and_cruse,cruise_232,0.6540979442408605,61.32168227258068,76.41490827914144,433.8809250391725,465.9967664405131,176.1197368303791,1.2461333659104235,1.2457830174363065,152.8298165582829,23.281431488122067,True
lift_and_cruse,cruise_232,0.6538660179584694,61.29993918360651,76.41490827915358,433.85703348639663,465.975132921579,176.12964664759278,1.2465768648587439,1.2458531145316851,152.82981655830716,23.298138524284667,True
lift_and_cruse,cruise_232,0.6536085985645059,61.275806115422434,76.41490827914615,433.83051412853615,465.9511208406462,176.14064776742254,1.2470694818103985,1.2459309309564843,152.8298165582923,23.31668193544769,True
lift_and_cruse,cruise_232,0.6533766711267367,61.25406291813157,76.41490827914902,433.8066194500194,465.9294860853759,176.1505612835319,1.2475136483071243,1.2460010542160032,152.82981655829803,23.333388971610294,True
lift_and_cruse,cruise_232,0.6532161720391533,61.23901612867061,76.41490827915833,433.7900829523879,465.91451402755905,176.15742267616125,1.2478212065787098,1.2460495882790639,152.82981655831665,23.344950599362114,True
lift_and_cruse,cruise_232,0.6531588905144412,61.23364598572886,76.41490827912858,433.7841809730201,465.9091704941582,176.1598716821148,1.2479310096241516,1.2460669113234966,152.82981655825716,23.349076896532846,True
lift_and_cruse,cruise_233,0.6531588905144412,61.23364598572886,76.41239958044643,433.78226115940174,465.9061953227307,176.1538136119606,1.2478825709358672,1.2478825709358672,152.82479916089287,23.349076896532846,True
lift_and_cruse,cruise_233,0.653101610880034,61.22827602000319,76.41239958051067,433.7763593040652,465.9008519412721,176.15626253818738,1.247992385208791,1.247899919253756,152.82479916102133,23.353203193703578,True
lift_and_cruse,cruise_233,0.6529411167327817,61.21322969369828,76.41239958050565,433.7598221919383,465.88587992916433,176.16312484635844,1.2483001810636225,1.247948532193706,152.8247991610113,23.364764821455402,True
lift_and_cruse,cruise_233,0.6527091955065359,61.19148707873775,76.41239958048507,433.73592412027506,465.8642442505302,176.17304265277212,1.2487452276124187,1.248018790438542,152.82479916097014,23.381471857618003,True
lift_and_cruse,cruise_233,0.6524517817231963,61.167354536549645,76.41239958046742,433.7093975290318,465.84022977535096,176.18405264140733,1.2492395642134355,1.2480967857577598,152.82479916093484,23.400015268781026,True
lift_and_cruse,cruise_233,0.6522198593392755,61.14561181305708,76.41239958046516,433.68549633530324,465.8185928654962,176.19397414930688,1.2496852818130522,1.2481670702241099,152.82479916093033,23.416722304943626,True
lift_and_cruse,cruise_233,0.6520593637484258,61.13056535141492,76.41239958044915,433.66895533003355,465.8036193180761,176.20084107307716,1.249993914454547,1.2482157158611993,152.8247991608983,23.428283932695447,True
lift_and_cruse,cruise_233,0.6520020834715573,61.12519532545849,76.41239958044396,433.6630517421024,465.79827525332865,176.20329205328832,1.250104101131734,1.248233078729618,152.82479916088792,23.43241022986618,True
lift_and_cruse,cruise_234,0.6520020834715573,61.12519532545849,76.40987387287309,433.6611359093255,465.79529642164954,176.19719072278133,1.2500552917014383,1.2500552917014383,152.81974774574618,23.43241022986618,True
lift_and_cruse,cruise_234,0.6519448050980055,61.11982547793801,76.40987387317873,433.65523244701876,465.7899525102365,176.19964162247868,1.2501654896324683,1.2500726799476614,152.81974774635745,23.436536527036914,True
lift_and_cruse,cruise_234,0.6517843144832367,61.104779482803444,76.40987387317243,433.6386908330134,465.7749790139003,176.206509458931,1.2504743610036215,1.250121404761403,152.81974774634486,23.448098154788735,True
lift_and_cruse,cruise_234,0.6515523983606557,61.08303734631147,76.40987387316045,433.61478625742484,465.75334119254853,176.21643525497808,1.2509209631296556,1.250191824691608,152.8197477463209,23.464805190951335,True
lift_and_cruse,cruise_234,0.6512949902406788,61.05890533506364,76.4098738731727,433.58825244941346,465.72932434197764,176.22745411288443,1.2514170282469106,1.2502699995000588,152.8197477463454,23.483348602114358,True
lift_and_cruse,cruise_234,0.6510630729581204,61.03716308982378,76.40987387317706,433.56434475545467,465.7076852945276,176.23738361293536,1.251864304949934,1.2503404457088303,152.81974774635412,23.500055638276958,True
lift_and_cruse,cruise_234,0.6509025808968834,61.022116959082815,76.40987387315691,433.5477992529146,465.692710269267,176.24425606812585,1.2521740175048095,1.2503892032908475,152.81974774631382,23.511617266028782,True
lift_and_cruse,cruise_234,0.6508453018795923,61.01674705121179,76.40987387315556,433.5418940601283,465.6873656773672,176.24670902262886,1.252284589793079,1.2504066061151728,152.81974774631112,23.515743563199514,True
lift_and_cruse,cruise_235,0.6508453018795923,61.01674705121179,76.40733092072644,433.5399822817413,465.68438314830786,176.24056383126018,1.2522354044308428,1.2522354044308428,152.81466184145287,23.515743563199514,True
lift_and_cruse,cruise_235,0.6507880247788116,61.01137732301358,76.4073309208415,433.53407721630595,465.6790387110797,176.24301670343834,1.2523459879920162,1.2522528327306468,152.814661841683,23.519869860370246,True
lift_and_cruse,cruise_235,0.6506275377299136,60.9963316621794,76.4073309208433,433.517531110857,465.6640637423259,176.24989006836554,1.2526559404288569,1.252301669790188,152.8146618416866,23.531431488122067,True
lift_and_cruse,cruise_235,0.6503956267592402,60.97459000867877,76.407330920832,433.49362004643206,465.6424237953243,176.25982385427514,1.2531041061606285,1.2523722519430456,152.814661841664,23.548138524284667,True
lift_and_cruse,cruise_235,0.6501382243561693,60.95045853339088,76.40733092082068,433.4670790384183,465.61840458830517,176.2708515816011,1.2536019087179193,1.252450606836424,152.81466184164137,23.56668193544769,True
lift_and_cruse,cruise_235,0.6499063122232113,60.92871677092605,76.40733092081223,433.44316485933336,465.59676342033816,176.28078907400166,1.2540507525770848,1.2525212153248715,152.81466184162446,23.583388971610294,True
lift_and_cruse,cruise_235,0.6497458237249676,60.91367097421571,76.40733092079346,433.4266148699738,465.581786929062,176.287667060792,1.254361550625095,1.2525700852239618,152.8146618415869,23.594950599362114,True
lift_and_cruse,cruise_235,0.6496885459791673,60.90830118554693,76.40733092080212,433.42070807606154,465.5764418142313,176.2901219896604,1.2544725105172503,1.252587528137089,152.81466184160425,23.599076896532846,True
lift_and_cruse,cruise_236,0.6496885459791673,60.90830118554693,76.40477048470592,433.4188004266266,465.57345555027456,176.2839323294185,1.254422943958835,1.254422943958835,152.80954096941184,23.599076896532846,True
lift_and_cruse,cruise_236,0.6496312701632542,60.90293157780508,76.4047704846945,433.41289376179725,465.56811059148043,176.28638717428092,1.2545339151434534,1.254440412446624,152.809540969389,23.603203193703578,True
lift_and_cruse,cruise_236,0.6494707867141202,60.887886254448766,76.40477048462212,433.39634317544284,465.5531341621696,176.2932660676008,1.2548449542304658,1.2544893621239739,152.80954096924424,23.614764821455402,True
lift_and_cruse,cruise_236,0.64923888094433,60.86614508853095,76.40477048465875,433.37242563737004,465.53149210669045,176.3032078436489,1.255294691650327,1.2545601070399377,152.8095409693175,23.631471857618003,True
lift_and_cruse,cruise_236,0.6489814843125209,60.84201415429884,76.40477048464766,433.34587744622667,465.5074705622845,176.31424444062836,1.255794240631564,1.2546386426176919,152.8095409692953,23.650015268781026,True
lift_and_cruse,cruise_236,0.6487495773781333,60.8202728792,76.40477048468132,433.3219567972148,465.48582729098587,176.32418992566437,1.256244659753944,1.2547094139265293,152.80954096936264,23.666722304943626,True
lift_and_cruse,cruise_236,0.64858909247677,60.80522741969718,76.40477048465735,433.30540233156853,465.4708493455825,176.33107344414708,1.2565565489114983,1.2547583965161833,152.8095409693147,23.678283932695447,True
lift_and_cruse,cruise_236,0.6485318160145541,60.79985775136445,76.40477048467494,433.29949394029006,465.4655037120649,176.33353034741717,1.2566678984133968,1.2547758796514434,152.80954096934988,23.68241022986618,True
lift_and_cruse,cruise_237,0.6485318160145541,60.79985775136445,76.40219231697361,433.29759049708923,465.4625136742398,176.3272955875971,1.2566179452164798,1.2566179452164798,152.80438463394722,23.68241022986618,True
lift_and_cruse,cruise_237,0.648474541495792,60.7944882652305,76.4021923187933,433.2916822361167,465.4571681984728,176.32975240989128,1.2567293060620366,1.2566354540597522,152.8043846375866,23.686536527036914,True
lift_and_cruse,cruise_237,0.6483140616808372,60.77944328257849,76.40219231880165,433.2751271794133,465.44219032057254,176.33663683202235,1.2570414374243546,1.256684516732457,152.8043846376033,23.698098154788735,True
lift_and_cruse,cruise_237,0.6480821611616597,60.7577026089056,76.4021923188,433.25120318303493,465.42054617386145,176.34658659806922,1.257492754665744,1.2567554249518766,152.8043846376,23.714805190951335,True
lift_and_cruse,cruise_237,0.6478247703563053,60.73357222090362,76.40219231879844,433.224647825769,465.3965223112344,176.35763206479604,1.2579940591138352,1.2568341418156268,152.80438463759688,23.733348602114358,True
lift_and_cruse,cruise_237,0.647592868670213,60.71183143783247,76.40219231880046,433.2007207221804,465.3748769538644,176.3675855423602,1.258446061657944,1.2569050764856264,152.80438463760092,23.750055638276958,True
lift_and_cruse,cruise_237,0.6474323874001392,60.69678631876305,76.40219231879416,433.1841617908543,465.3598975662939,176.37447459263294,1.2587590475789965,1.2569541721413466,152.80438463758833,23.761617266028782,True
lift_and_cruse,cruise_237,0.6473751122337881,60.69141677191763,76.40219231879249,433.17825180600533,465.3545514183528,176.37693347025447,1.2588707887093027,1.2569716956321597,152.80438463758497,23.765743563199514,True
lift_and_cruse,cruise_238,0.6473751122337881,60.69141677191763,76.39959617124754,433.1763526466586,465.3515575677363,176.37065297875685,1.2588204433974932,1.2588204433974932,152.79919234249508,23.765743563199514,True
lift_and_cruse,cruise_238,0.6473178390246492,60.68604740856086,76.39959617327618,433.17044279379326,465.346211579006,176.37311177455717,1.2589321958959314,1.2588379927027054,152.79919234655236,23.769869860370246,True
lift_and_cruse,cruise_238,0.64715736287882,60.67100276988938,76.39959617328857,433.15388327744097,465.331232264512,176.38000172530204,1.2592454251920324,1.2588871687459142,152.79919234657714,23.781431488122067,True
lift_and_cruse,cruise_238,0.6469254676607521,60.64926259319551,76.39959617327385,433.1299528381877,465.30958604393174,176.38995948138762,1.2596983304439198,1.2589582408132858,152.7991923465477,23.798138524284667,True
lift_and_cruse,cruise_238,0.6466680827378971,60.62513275667786,76.39959617328041,433.10339033194083,465.2855598823561,176.4010138178322,1.2602013994613352,1.2590371395669595,152.79919234656083,23.81668193544769,True
lift_and_cruse,cruise_238,0.6464361863505923,60.60339247036803,76.39959617328162,433.07945678921726,465.26391245629014,176.41097528797,1.2606549936412514,1.2591082381428504,152.79919234656325,23.833388971610294,True
lift_and_cruse,cruise_238,0.6462757087467483,60.588347695007656,76.39959617328543,433.06289340290846,465.2489316385754,176.41786986999466,1.2609690820166213,1.25915744724116,152.79919234657086,23.844950599362114,True
lift_and_cruse,cruise_238,0.6462184348887318,60.58297827081859,76.3995961732809,433.0569818283021,465.2435849805049,176.42033072199828,1.2610812168080483,1.2591750112222306,152.7991923465618,23.849076896532846,True
lift_and_cruse,cruise_239,0.6462184348887318,60.58297827081859,76.39698179166602,433.0550870323125,465.2405872772589,176.41400385158272,1.2610304737768978,1.2610304737768978,152.79396358333204,23.849076896532846,True
lift_and_cruse,cruise_239,0.6461611630018823,60.57760903142646,76.39698179267887,433.0491755917282,465.23524077966744,176.41646461789625,1.2611426199398859,1.2610480636577601,152.79396358535774,23.853203193703578,True
lift_and_cruse,cruise_239,0.646000690560668,60.56256474006262,76.39698179268534,433.0326116264933,465.2202600406556,176.42336009715166,1.261456952866687,1.2610973534492875,152.79396358537068,23.864764821455402,True
lift_and_cruse,cruise_239,0.6457688006949913,60.54082506515543,76.39698179267376,433.0086747599193,465.19861176366607,176.4333258431977,1.2619114543719494,1.2611685899111535,152.7939635853475,23.881471857618003,True
lift_and_cruse,cruise_239,0.6455114217115513,60.516695785457934,76.39698179267073,432.9821051219715,465.17458332252187,176.4443890491868,1.26241629712102,1.2612476711608578,152.79396358534146,23.900015268781026,True
lift_and_cruse,cruise_239,0.6452795306743107,60.49495600071662,76.39698179267526,432.9581651556822,465.1529338452296,176.4543585117867,1.2628714912046735,1.2613189341891387,152.79396358535053,23.916722304943626,True
lift_and_cruse,cruise_239,0.6451190567721797,60.47991157239185,76.39698179267884,432.9415973251718,465.1379516094613,176.46125862545514,1.2631866877627687,1.2613682571080593,152.7939635853577,23.928283932695447,True
lift_and_cruse,cruise_239,0.6450617842351614,60.47454227204638,76.3969817926777,432.935684164654,465.1326044455791,176.46372145182497,1.2632992182613108,1.2613858617144749,152.7939635853554,23.93241022986618,True
lift_and_cruse,cruise_240,0.6450617842351614,60.47454227204638,76.39434891518246,432.9337938138519,465.1296028486827,176.45734753621463,1.263248071750931,1.263248071750931,152.78869783036492,23.93241022986618,True
lift_and_cruse,cruise_240,0.6450045136834659,60.469173157824926,76.39434891580892,432.92788078924923,465.12425584667125,176.4598102745102,1.2633606136341056,1.263265702353717,152.78869783161784,23.936536527036914,True
lift_and_cruse,cruise_240,0.6448440449829111,60.45412921714792,76.39434891579697,432.911312385983,465.1092736952865,176.46671128210153,1.2636760559261104,1.2633151062728771,152.78869783159394,23.948098154788735,True
lift_and_cruse,cruise_240,0.6446121605217099,60.43239004891031,76.39434891580197,432.88736910776623,465.0876233794478,176.47668501792705,1.2641321619820314,1.2633865076779514,152.78869783160394,23.964805190951335,True
lift_and_cruse,cruise_240,0.6443547875354915,60.40826133145233,76.39434891580497,432.8607923555248,465.0635926782318,176.48775709325858,1.2646387876861713,1.2634657720328117,152.78869783160994,23.983348602114358,True
lift_and_cruse,cruise_240,0.6441229019003947,60.386522053162,76.39434891580524,432.8368459813655,465.0419411672821,176.49773454808587,1.2650955899959724,1.263537200062007,152.78869783161048,24.000055638276958,True
lift_and_cruse,cruise_240,0.643962431736016,60.371477975251494,76.39434891580085,432.82027371751917,465.02695752562107,176.5046401932285,1.2654119005031226,1.2635866371811322,152.7886978316017,24.011617266028782,True
lift_and_cruse,cruise_240,0.6439051605328575,60.36610879995539,76.39434891580181,432.81435897496806,465.02160986026803,176.50710499390672,1.2655248287681842,1.2636042825483977,152.78869783160363,24.015743563199514,True
lift_and_cruse,cruise_241,0.6439051605328575,60.36610879995539,76.39169727548492,432.81247315285265,465.0186043279367,176.50068335370196,1.2654732729027702,1.2654732729027702,152.78339455096983,24.015743563199514,True
lift_and_cruse,cruise_241,0.6438478913293335,60.36073981212502,76.3916972758827,432.806558548101,465.0132568259027,176.50314806428702,1.2655862125676718,1.265490944366198,152.7833945517654,24.019869860370246,True
lift_and_cruse,cruise_241,0.6436874264060953,60.34569622557144,76.39169727589,432.78998571771933,464.99827327436003,176.51005460009017,1.2659027699979692,1.2655404627946887,152.78339455178,24.031431488122067,True
lift_and_cruse,cruise_241,0.6434555474022426,60.32395756896025,76.39169727587233,432.76603604368273,464.97662093733203,176.52003632529085,1.2663604889558924,1.2656120296930082,152.78339455174466,24.048138524284667,True
lift_and_cruse,cruise_241,0.6431981804719648,60.2998294192467,76.39169727588299,432.73945219469726,464.952587995652,176.53111726962157,1.2668689068992764,1.2656914777643846,152.78339455176598,24.06668193544769,True
lift_and_cruse,cruise_241,0.642966300291999,60.2780906523749,76.39169727588744,432.7154994284658,464.9309344687005,176.5411027163842,1.267327325812741,1.265763071345531,152.78339455177488,24.083388971610294,True
lift_and_cruse,cruise_241,0.6428058339010095,60.263046928219644,76.39169727587975,432.6988180884488,464.9158586807339,176.54809007046697,1.2676449964479237,1.2658131692243157,152.7833945517595,24.094950599362114,True
lift_and_cruse,cruise_241,0.6427485640431949,60.257677879049524,76.39169727588619,432.69269765697913,464.9103219240205,176.55064187478965,1.2677583371070145,1.2658314651317688,152.78339455177237,24.099076896532846,True
lift_and_cruse,cruise_242,0.6427485640431949,60.257677879049524,76.38902659974389,432.6907301202355,464.907226084251,176.5441718118546,1.2677061129549885,1.2677061129549885,152.77805319948777,24.099076896532846,True
lift_and_cruse,cruise_242,0.6426912961984086,60.252309018600805,76.3890266003057,432.6846098411295,464.9016895047373,176.54672352195757,1.267819465014121,1.2677244359529263,152.7780532006114,24.103203193703578,True
lift_and_cruse,cruise_242,0.6425308350754843,60.23726578832665,76.38902660031027,432.6674607650196,464.88617621323,176.55387383375063,1.2681371785417246,1.2677757800096376,152.77805320062055,24.114764821455402,True
lift_and_cruse,cruise_242,0.642298961546149,60.215527644951464,76.38902660031373,432.64267849797454,464.8637584926584,176.56420785132326,1.268596569676894,1.2678499852190976,152.77805320062745,24.131471857618003,True
lift_and_cruse,cruise_242,0.642041600668292,60.19140006265237,76.38902660031465,432.6151706872545,464.8388761953749,176.5756798464284,1.2691068457697954,1.267932361874035,152.7780532006293,24.150015268781026,True
lift_and_cruse,cruise_242,0.6418097259198373,60.169661804984756,76.3890266003147,432.59038559227287,464.81645756585016,176.58601765015757,1.2695669407793995,1.26800659427065,152.7780532006294,24.166722304943626,True
lift_and_cruse,cruise_242,0.6416492632766959,60.15461843219025,76.38902660031431,432.57323298978434,464.80094314089706,176.59317268320908,1.2698855320246047,1.2680579722291785,152.77805320062862,24.178283932695447,True
lift_and_cruse,cruise_242,0.6415919947553494,60.14924950831401,76.38902660031478,432.56711114144525,464.79540605685816,176.5957264931136,1.2699992746957243,1.2680763103051063,152.77805320062956,24.18241022986618,True
lift_and_cruse,cruise_243,0.6415919947553494,60.14924950831401,75.24873766414342,432.876229482061,464.6006231591195,173.8343030620382,1.2510336916794929,1.2510336916794929,150.49747532828684,24.18241022986618,True
lift_and_cruse,cruise_243,0.6415356004429844,60.14396254152979,75.24873766149557,432.87021493231555,464.59517402427673,173.83677030730283,1.251144037510033,1.2510514477086385,150.49747532299114,24.186536527036914,True
lift_and_cruse,cruise_243,0.6413775869123095,60.129148773029016,75.24873766154579,432.85336211082637,464.57990574544306,173.84368394829815,1.2514533236250582,1.2511012031232198,150.49747532309158,24.198098154788735,True
lift_and_cruse,cruise_243,0.6411492502791587,60.10774221367112,75.24873766162135,432.82900797014116,464.5578420696555,173.85367589527684,1.2519005255965219,1.251173112188897,150.4974753232427,24.214805190951335,True
lift_and_cruse,cruise_243,0.6408958150916215,60.08398266483952,75.24873766167866,432.80197537984515,464.53335272023764,173.8647681217753,1.2523972572160729,1.2512529396384906,150.49747532335732,24.233348602114358,True
lift_and_cruse,cruise_243,0.6406674772965226,60.062575996549,75.24873766172215,432.7776184760943,464.511288113487,173.87476367672798,1.25284513507099,1.2513248746696815,150.4974753234443,24.250055638276958,True
lift_and_cruse,cruise_243,0.6405094623169222,60.04776209221145,75.24873766178119,432.7607622091056,464.49601867376964,173.88168181690907,1.253155264000205,1.2513746624635624,150.49747532356238,24.261617266028782,True
lift_and_cruse,cruise_243,0.6404530673597244,60.04247506497416,75.24873766178145,432.7547461252481,464.49056902272895,173.88415107088073,1.2532659849623684,1.2513924329487742,150.4974753235629,24.265743563199514,True
lift_and_cruse,cruise_244,0.6404530673597244,60.04247506497416,76.38354647576273,432.44140527280194,464.6790278115347,176.63328613867785,1.2721585243297406,1.2721585243297406,152.76709295152546,24.265743563199514,True
lift_and_cruse,cruise_244,0.6403958023034517,60.0371064659486,76.38354647575967,432.43528220715365,464.67349060510827,176.63584181385912,1.272272675999084,1.2721769309621391,152.76709295151934,24.269869860370246,True
lift_and_cruse,cruise_244,0.640235348993042,60.02206396809769,76.3835464757695,432.4181253233484,464.65797555825964,176.6430032404808,1.2725926311586604,1.2722285094053776,152.767092951539,24.281431488122067,True
lift_and_cruse,cruise_244,0.6400034867512245,60.0003268829273,76.38354647576735,432.39333177505097,464.6355553036481,176.65335332222458,1.2730552645366744,1.272303053365951,152.7670929515347,24.298138524284667,True
lift_and_cruse,cruise_244,0.639746138398946,59.97620047490119,76.38354647576108,432.36581144473524,464.6106701972598,176.6648431511001,1.2735691433929253,1.2723858060795905,152.76709295152216,24.31668193544769,True
lift_and_cruse,cruise_244,0.6395142749332849,59.95446327499546,76.38354647575743,432.3410150714741,464.5882490399449,176.67519702601078,1.2740324881206095,1.2724603773595313,152.76709295151485,24.333388971610294,True
lift_and_cruse,cruise_244,0.639353820096767,59.93942063407191,76.38354647575751,432.323854664999,464.57273286744265,176.68236318261685,1.274353330319155,1.2725119898693384,152.76709295151502,24.344950599362114,True
lift_and_cruse,cruise_244,0.6392965543613123,59.93405197137302,76.38354647576816,432.3177300316105,464.5671951600561,176.68492096288003,1.2744678767584572,1.27253041166308,152.7670929515363,24.349076896532846,True
lift_and_cruse,cruise_245,0.6392965543613123,59.93405197137302,74.96507154915612,432.70387844351234,464.3260667299535,173.24797692780837,1.2507926476414648,1.2507926476414648,149.93014309831224,24.349076896532846,True
lift_and_cruse,cruise_245,0.6392403760755647,59.928785257084186,74.96507154955869,432.69788724726357,464.3206383488527,173.25042712110883,1.2509029418567794,1.2508103372204131,149.93014309911737,24.353203193703578,True
lift_and_cruse,cruise_245,0.6390829678395195,59.91402823495495,74.96507154955108,432.68109986600723,464.30542821931664,173.2572929570994,1.2512120831286178,1.2508599062677936,149.93014309910217,24.364764821455402,True
lift_and_cruse,cruise_245,0.6388555058863532,59.89270367684561,74.96507154955285,432.6568402965928,464.2834485718287,173.26721580907977,1.2516590755933048,1.2509315459516779,149.9301430991057,24.381471857618003,True
lift_and_cruse,cruise_245,0.6386030415257601,59.86903514304,74.96507154954504,432.62991268271776,464.259052486962,173.27823132548414,1.2521555743975434,1.2510110743085043,149.9301430990901,24.400015268781026,True
lift_and_cruse,cruise_245,0.6383755784203845,59.84771047691105,74.96507154953686,432.6056503686688,464.2370719088182,173.28815774859802,1.2526032422400188,1.2510827397747821,149.93014309907372,24.416722304943626,True
lift_and_cruse,cruise_245,0.6382181687475574,59.83295332008351,74.96507154954108,432.5888595649028,464.22186061877704,173.29502803777538,1.2529132256950821,1.251132340972687,149.93014309908216,24.428283932695447,True
lift_and_cruse,cruise_245,0.6381619898223818,59.827686545848294,74.96507154952435,432.58286684561045,464.21643172113176,173.29748021190233,1.2530238947102885,1.2511500448525423,149.9301430990487,24.43241022986618,True
lift_and_cruse,cruise_246,0.6381619898223818,59.827686545848294,74.96506627198677,432.5802758855551,464.21388909180024,173.29746743196188,1.2530162973047172,1.2530162973047172,149.93013254397354,24.43241022986618,True
lift_and_cruse,cruise_246,0.638105810867876,59.82241976886338,74.96506627214637,432.57428307045234,464.2084601647364,173.2999197094171,1.2531269850686682,1.25303402834062,149.93013254429275,24.436536527036914,True
lift_and_cruse,cruise_246,0.637948400757648,59.8076625710295,74.96506627213611,432.55749115325375,464.1932485060001,173.30679138729914,1.2534372296071496,1.2530837135697444,149.93013254427223,24.448098154788735,True
lift_and_cruse,cruise_246,0.6377209360952604,59.78633775893066,74.9650662721405,432.53322502965926,464.1712666499005,173.31672268257034,1.2538858177889518,1.2531555211674696,149.930132544281,24.464805190951335,True
lift_and_cruse,cruise_246,0.6374684687263448,59.762668943094816,74.96506627212757,432.5062901418165,464.1468681152451,173.32774757237559,1.2543840897157115,1.2532352359307992,149.93013254425514,24.483348602114358,True
lift_and_cruse,cruise_246,0.63724100290938,59.741344022754376,74.96506627212331,432.4820212747067,464.12488533134973,173.33768244252042,1.254833356900399,1.2533070693764206,149.93013254424662,24.500055638276958,True
lift_and_cruse,cruise_246,0.6370835913594177,59.726586689945414,74.96506627213668,432.4652259363912,464.1096725156762,173.34455857827672,1.2551444481426963,1.2533567868379207,149.93013254427336,24.511617266028782,True
lift_and_cruse,cruise_246,0.6370274117641699,59.72131985289093,74.96506627211335,432.4592315988011,464.1042430736947,173.34701283920617,1.2552555127222589,1.2533745322152077,149.9301325442267,24.515743563199514,True
lift_and_cruse,cruise_247,0.6370274117641699,59.72131985289093,74.96506095536668,432.45663883881974,464.10169894225095,173.34699995969711,1.2552478937173859,1.2552478937173859,149.93012191073336,24.515743563199514,True
lift_and_cruse,cruise_247,0.6369712321395397,59.71605301308184,74.96506095636241,432.4506444052195,464.0962694710907,173.34945432610695,1.255358977161396,1.2552656663830049,149.93012191272481,24.519869860370246,True
lift_and_cruse,cruise_247,0.6368138201512992,59.701295639184295,74.96506095635173,432.43384795391074,464.08105628787746,173.35633185198995,1.255670330891924,1.2553154682248633,149.93012191270347,24.531431488122067,True
lift_and_cruse,cruise_247,0.6365863527741541,59.67997057257695,74.96506095635888,432.40957527878663,464.0590722299942,173.36627159937453,1.2561205233636454,1.2553874443592727,149.93012191271777,24.548138524284667,True
lift_and_cruse,cruise_247,0.6363338823907683,59.65630147413452,74.96506095635569,432.38263311991636,464.03467125313506,173.37730587240932,1.2566205779426767,1.2554673462207924,149.93012191271137,24.56668193544769,True
lift_and_cruse,cruise_247,0.6361064138566728,59.63497629906308,74.96506095636626,432.358357702398,464.01268627032493,173.38724919843665,1.2570714530685623,1.2555393482690267,149.93012191273252,24.583388971610294,True
lift_and_cruse,cruise_247,0.6359490004257388,59.62021878991301,74.96506095635459,432.34155783138095,463.9974719337459,173.3941311868018,1.257383658055343,1.2555891824248062,149.93012191270918,24.594950599362114,True
lift_and_cruse,cruise_247,0.6358928201590494,59.614951889910884,74.96506095635782,432.335561876141,463.99204194912295,173.396587536791,1.2574951203275404,1.2556069694540073,149.93012191271563,24.599076896532846,True
lift_and_cruse,cruise_248,0.6358928201590494,59.614951889910884,74.96505560140534,432.33296731261214,463.98949631293215,173.396574560082,1.2574874796483695,1.2574874796483695,149.93011120281068,24.599076896532846,True
lift_and_cruse,cruise_248,0.6358366398629249,59.609684987149215,74.96505560205472,432.32697126149674,463.9840662991664,173.39903101475477,1.2575989608810783,1.2575052940775366,149.93011120410944,24.603203193703578,True
lift_and_cruse,cruise_248,0.635679225992834,59.594927436828186,74.96505560205188,432.3101702779163,463.9688515962126,173.4059143947679,1.2579114297716771,1.2575552129655316,149.93011120410375,24.614764821455402,True
lift_and_cruse,cruise_248,0.6354517558953826,59.573602115192124,74.965055602047,432.28589105392837,463.9468653433889,173.41586260306312,1.2583632351674356,1.2576273582625648,149.930111204094,24.631471857618003,True
lift_and_cruse,cruise_248,0.6351992824913651,59.54993273356548,74.96505560204068,432.2589416269919,463.9224619319265,173.4269062691016,1.2588650819964904,1.257707447917208,149.93011120408136,24.650015268781026,True
lift_and_cruse,cruise_248,0.6349718112345849,59.52860730324234,74.96505560205074,432.2346596617364,463.9004747570527,173.43685805981082,1.2593175737239206,1.257779619194228,149.93011120410148,24.666722304943626,True
lift_and_cruse,cruise_248,0.6348143959188343,59.513849617390704,74.96505560204007,432.21785525985825,463.8852589043172,173.4437459069601,1.2596308984562181,1.2578295704782942,149.93011120408013,24.678283932695447,True
lift_and_cruse,cruise_248,0.6347582149793307,59.50858265431226,74.96505560205753,432.2118576876311,463.8798283787445,173.44620434816318,1.2597427605638958,1.257847399313957,149.93011120411506,24.68241022986618,True
lift_and_cruse,cruise_249,0.6347582149793307,59.50858265431226,74.96505020873418,432.20926131724656,463.87728123496925,173.44619127378792,1.259735098115321,1.259735098115321,149.93010041746837,24.68241022986618,True
lift_and_cruse,cruise_249,0.63470203401034,59.503315688469364,74.96505020871516,432.20326364936517,463.8718506802381,173.44864981812142,1.2598469792750522,1.2597529544577661,149.9301004174303,24.686536527036914,True
lift_and_cruse,cruise_249,0.6345446182545518,59.488557961364236,74.96505020872677,432.18645813536085,463.85663446229296,173.45553905839697,1.2601605693366378,1.2598029908276092,149.93010041745353,24.698098154788735,True
lift_and_cruse,cruise_249,0.6343171454312345,59.46723238417824,74.96505020872262,432.1621723651805,463.83464602139514,173.4654957364725,1.2606139963530913,1.259875305917034,149.93010041744523,24.714805190951335,True
lift_and_cruse,cruise_249,0.6340646690004104,59.44356271878848,74.96505020913379,432.13521567303275,463.81024018302224,173.47654880634857,1.2611176451062607,1.2599555840710976,149.93010041826759,24.733348602114358,True
lift_and_cruse,cruise_249,0.6338371950153786,59.42223703269175,74.96505020929483,432.11092716267785,463.7882508229817,173.48650907095143,1.2615717621607239,1.2600279252093758,149.93010041858966,24.750055638276958,True
lift_and_cruse,cruise_249,0.6336797778109569,59.40747916977721,74.96505020946948,432.09411823174366,463.7730334588777,173.49340278345184,1.2618862126854575,1.2600779940608697,149.93010041893896,24.761617266028782,True
lift_and_cruse,cruise_249,0.6336235961972633,59.402212143493436,74.96505020947238,432.0881190431993,463.7676023940491,173.49586331798852,1.2619984767866417,1.2600958648581078,149.93010041894476,24.765743563199514,True
lift_and_cruse,cruise_250,0.6336235961972633,59.402212143493436,74.96504464054529,432.08552090043094,463.7650537169364,173.49584981306594,1.2619907901654257,1.2619907901654257,149.93008928109057,24.765743563199514,True
lift_and_cruse,cruise_250,0.6335674145540312,59.39694511444043,74.96504477517165,432.07952157914264,463.7596226455548,173.49831077740285,1.262103075689398,1.2620086909643868,149.9300895503433,24.769869860370246,True
lift_and_cruse,cruise_250,0.633409996908694,59.38218721019007,74.96504477517408,432.06271153657866,463.7444049173754,173.50520588400892,1.2624177929756875,1.2620588452536303,149.93008955034816,24.781431488122067,True
lift_and_cruse,cruise_250,0.6331825213539413,59.360861376932,74.96504477515822,432.0384192228961,463.72241429528395,173.5151710406854,1.2628728503717452,1.2621313307681936,149.93008955031644,24.798138524284667,True
lift_and_cruse,cruise_250,0.632930041890128,59.33719142719951,74.96504477514563,432.0114552687545,463.6980060375036,173.5262335221839,1.2633783107715666,1.2622117981095307,149.93008955029126,24.81668193544769,True
lift_and_cruse,cruise_250,0.6327025651712734,59.315865484806885,74.96504477514367,431.98716021607925,463.6760144991344,173.53620226877283,1.2638340619335964,1.262284309736744,149.93008955028733,24.833388971610294,True
lift_and_cruse,cruise_250,0.6325451460743247,59.30110744446794,74.96504477514404,431.9703467580526,463.6607956283726,173.54310185188166,1.2641496443321263,1.2623344965876035,149.93008955028807,24.844950599362114,True
lift_and_cruse,cruise_250,0.6324889637850647,59.295840354849815,74.96504477514652,431.96434595385364,463.6553640259934,173.54556448196882,1.2642623126010653,1.2623524095030592,149.93008955029305,24.849076896532846,True
lift_and_cruse,cruise_251,0.6324889637850647,59.295840354849815,74.96503340410244,431.96174758854096,463.65281287331766,173.5455368965271,1.264254506815233,1.264254506815233,149.93006680820488,24.849076896532846,True
lift_and_cruse,cruise_251,0.6324327814662101,59.29057326245719,74.9650393061055,431.955745059589,463.6473822274301,173.54801394803107,1.2643672938814645,1.2642725517824707,149.930078612211,24.853203193703578,True
lift_and_cruse,cruise_251,0.6322753619274528,59.2758151806987,74.96503930575197,431.9389304904268,463.6321629937307,173.55491492625302,1.2646831444844095,1.2643228244254585,149.93007861150394,24.864764821455402,True
lift_and_cruse,cruise_251,0.6320478836356694,59.25448909084401,74.96503930609836,431.9146316358366,463.61017019740706,173.5648885712935,1.2651398410887464,1.2643954810083777,149.93007861219672,24.881471857618003,True
lift_and_cruse,cruise_251,0.6317954011326506,59.230818856186,74.96503930673583,431.8876604224018,463.5857595280599,173.5759604768504,1.2656471229603625,1.2644761382626621,149.93007861347166,24.900015268781026,True
lift_and_cruse,cruise_251,0.6315679216743686,59.20949265697205,74.96503930637839,431.86335883016176,463.5637658182365,173.58593771381985,1.2661045170760492,1.264548821012272,149.93007861275677,24.916722304943626,True
lift_and_cruse,cruise_251,0.6314105006810133,59.194734438845,74.96503930607817,431.84654084694915,463.5485454455773,173.59284317336449,1.2664212374776742,1.264599126301057,149.93007861215634,24.928283932695447,True
lift_and_cruse,cruise_251,0.6313543177148021,59.189467285762696,74.96503930630239,431.8405384277022,463.54311330739154,173.59530790173298,1.2665343121079102,1.2646170814960085,149.93007861260477,24.93241022986618,True
lift_and_cruse,cruise_252,0.6313543177148021,59.189467285762696,74.96503378475862,431.8379366201795,463.5405616217523,173.59529450209803,1.2665265835698833,1.2665265835698833,149.93006756951723,24.93241022986618,True
lift_and_cruse,cruise_252,0.6312981347189526,59.184200129901804,74.96503378593239,431.8319341051063,463.5351294548703,173.5977593362999,1.2666396775823343,1.2665445666497226,149.93006757186478,24.936536527036914,True
lift_and_cruse,cruise_252,0.6311407132829278,59.16944187027448,74.96503378593951,431.8151150110254,463.51990872055865,173.6046661940111,1.2669566676558175,1.2665949581014335,149.93006757187902,24.948098154788735,True
lift_and_cruse,cruise_252,0.630913232248552,59.14811552330175,74.96503378593643,431.79080961843937,463.4979137568063,173.614648334553,1.2674150123424353,1.2666677863793747,149.93006757187285,24.964805190951335,True
lift_and_cruse,cruise_252,0.630660746700156,59.124445003139634,74.96503378593339,431.76383114908447,463.4735006833648,173.62572967088056,1.2679241255418778,1.266748634233463,149.93006757186677,24.983348602114358,True
lift_and_cruse,cruise_252,0.6304332644968846,59.103118546582934,74.96503378593636,431.739523019803,463.4515048091366,173.63571540883368,1.2683831715364917,1.2668214887576048,149.9300675718727,25.000055638276958,True
lift_and_cruse,cruise_252,0.6302758416032707,59.08836015030663,74.96503378592855,431.7227005131248,463.4362829394768,173.64262675239078,1.2687010361269215,1.2668719129374095,149.9300675718571,25.011617266028782,True
lift_and_cruse,cruise_252,0.6302196579587329,59.083092933631214,74.96503378593391,431.7166964796244,463.4308502671235,173.64509358016,1.2688145193165765,1.2668899105620328,149.93006757186782,25.015743563199514,True
lift_and_cruse,cruise_253,0.6302196579587329,59.083092933631214,74.96502822919194,431.71409285088225,463.42829706313046,173.6450800902761,1.2688067686876432,1.2688067686876432,149.9300564583839,25.015743563199514,True
lift_and_cruse,cruise_253,0.6301634742845018,59.077825714172036,74.9650282291397,431.70808872186734,463.4228643620123,173.64754702153857,1.268920271348541,1.26882479430105,149.9300564582794,25.019869860370246,True
lift_and_cruse,cruise_253,0.6300060509473242,59.063067276311635,74.96502822914091,431.6912651048514,463.4076421318252,173.65445976399184,1.2692384070727618,1.2688753050002897,149.93005645828183,25.031431488122067,True
lift_and_cruse,cruise_253,0.6297785671647395,59.04174067169433,74.96502822912849,431.6669531768976,463.3856450076369,173.66445040973963,1.269698408797971,1.2689483056228341,149.93005645825698,25.048138524284667,True
lift_and_cruse,cruise_253,0.6295260785647276,59.01806986544322,74.96502822913554,431.63996745446707,463.36122953791175,173.67554118826916,1.2702093632857994,1.2690293448026426,149.93005645827108,25.06668193544769,True
lift_and_cruse,cruise_253,0.6292985936108428,58.99674315101652,74.9650282291335,431.61565279097215,463.33923150616147,173.68553543520173,1.2706700701311928,1.2691023717386742,149.930056458267,25.083388971610294,True
lift_and_cruse,cruise_253,0.6291411688130778,58.98198457622605,74.9650282291451,431.59882576279267,463.3240081442624,173.69245266825322,1.2709890851264096,1.269152915250254,149.9300564582902,25.094950599362114,True
lift_and_cruse,cruise_253,0.629084984488824,58.97671729582725,74.9650282291455,431.592820115654,463.31857493949354,173.69492159813808,1.2711029791007344,1.2691709554673896,149.930056458291,25.099076896532846,True
lift_and_cruse,cruise_254,0.629084984488824,58.97671729582725,74.9650226298993,431.5902146643243,463.3160202130878,173.69490800018386,1.271095206162032,1.271095206162032,149.9300452597986,25.099076896532846,True
lift_and_cruse,cruise_254,0.6290288001348263,58.97145001263996,74.96502262983742,431.5842089217065,463.3105869796537,173.6973770336553,1.2712091197143272,1.2711132744902607,149.93004525967484,25.103203193703578,True
lift_and_cruse,cruise_254,0.6288713748926142,58.956691396182585,74.96502262984407,431.56738078364464,463.2953632584041,173.70429566702393,1.2715284073206872,1.2711639048847223,149.93004525968814,25.114764821455402,True
lift_and_cruse,cruise_254,0.6286438883562095,58.93536453339464,74.96502262983455,431.5430623230564,463.27336398073777,173.71429482688978,1.2719900751001318,1.2712370784988338,149.9300452596691,25.131471857618003,True
lift_and_cruse,cruise_254,0.6283913966983512,58.91169344047042,74.96502262984494,431.5160693505924,463.2489461224528,173.72539505746852,1.2725028808979868,1.271318309722238,149.93004525968988,25.150015268781026,True
lift_and_cruse,cruise_254,0.6281639089882368,58.890366467647205,74.96502262983755,431.4917481556256,463.22694594014376,173.73539782226783,1.272965257637298,1.2713915097171669,149.9300452596751,25.166722304943626,True
lift_and_cruse,cruise_254,0.6280064822824329,58.875607713978084,74.9650226298297,431.47491660785397,463.2117210908205,173.7423209508753,1.2732854293024278,1.2714421730076795,149.9300452596594,25.178283932695447,True
lift_and_cruse,cruise_254,0.6279502972770754,58.870340369725824,74.96502262983175,431.46890934775314,463.2062873553581,173.74479198508666,1.2733997362992775,1.2714602559772754,149.9300452596635,25.18241022986618,True
lift_and_cruse,cruise_255,0.6279502972770754,58.870340369725824,74.96501706858926,431.4663020481045,463.20373111708415,173.74477847455603,1.2733919423223632,1.2733919423223632,149.93003413717852,25.18241022986618,True
lift_and_cruse,cruise_255,0.6278941122419236,58.865073022680335,74.96501698743444,431.46029471505716,463.19829733957096,173.7472494154638,1.2735062676273758,1.2734100520823775,149.93003397486888,25.186536527036914,True
lift_and_cruse,cruise_255,0.6277366850907885,58.85031422726143,74.96501698743654,431.4434620578529,463.1830721320816,173.7541739458775,1.2738267133922192,1.2734608026218215,149.93003397487308,25.198098154788735,True
lift_and_cruse,cruise_255,0.6275091957949427,58.82898710577587,74.96501698744068,431.41913706737637,463.16107070791327,173.76418162877926,1.274290056307066,1.2735341498779538,149.93003397488135,25.214805190951335,True
lift_and_cruse,cruise_255,0.6272567010729962,58.80531572559339,74.96501698744409,431.39213684793543,463.1366504688118,173.77529132125565,1.2748047235094155,1.2736155738666648,149.93003397488818,25.233348602114358,True
lift_and_cruse,cruise_255,0.6270292106010265,58.78398849384624,74.96501698744368,431.36780912424763,463.1146481429279,173.7853026128468,1.2752687792517825,1.2736889475712236,149.93003397488735,25.250055638276958,True
lift_and_cruse,cruise_255,0.626871781983289,58.76922956093335,74.96501698744284,431.35097305878423,463.0994218110183,173.79223164322926,1.275590113898611,1.273739731091365,149.93003397488567,25.261617266028782,True
lift_and_cruse,cruise_255,0.6268155962954376,58.76396215269727,74.96501698744783,431.344964186402,463.09398754658827,173.79470478396817,1.2757048361720473,1.2737578569741501,149.93003397489565,25.265743563199514,True
lift_and_cruse,cruise_256,0.6268155962954376,58.76396215269727,74.96501130127174,431.3423550802373,463.0914297664997,173.79469096496885,1.2756970182928824,1.2756970182928824,149.9300226025435,25.265743563199514,True
lift_and_cruse,cruise_256,0.6267594105777377,58.75869474166291,74.96501130692633,431.33634611085677,463.0859954745541,173.79716422338691,1.2758117604574732,1.275715172635641,149.93002261385266,25.269869860370246,True
lift_and_cruse,cruise_256,0.6266019815137703,58.74393576691597,74.96501130849971,431.3195089359803,463.07076878592255,173.80409466083574,1.2761333707298848,1.2757660438005762,149.93002261699942,25.281431488122067,True
lift_and_cruse,cruise_256,0.6263744894528291,58.72260838620273,74.96501130915729,431.2951774181956,463.0487652223489,173.81411087723532,1.2765983979382753,1.2758395653640058,149.93002261831458,25.298138524284667,True
lift_and_cruse,cruise_256,0.6261219916605121,58.69893671817301,74.9650113114769,431.26816995419597,463.02434261057954,173.82523004714236,1.2771149367530055,1.2759211828853325,149.9300226229538,25.31668193544769,True
lift_and_cruse,cruise_256,0.6258944984210136,58.67760922697003,74.96501131557561,431.24383570341115,463.00233814879687,173.83524988438282,1.2775806807436494,1.2759947310266506,149.93002263115122,25.333388971610294,True
lift_and_cruse,cruise_256,0.6257370678874092,58.66285011444462,74.96501131633386,431.2269951219587,462.9871103392693,173.84218482453682,1.277903184742508,1.2760456352425813,149.93002263266771,25.344950599362114,True
lift_and_cruse,cruise_256,0.6256808815156601,58.65758264209313,74.96501131515842,431.2209846383065,462.981675547404,173.8446600711285,1.2780183245428856,1.2760638041790373,149.93002263031684,25.349076896532846,True
lift_and_cruse,cruise_257,0.6256808815156601,58.65758264209313,74.96500557066325,431.21837370374465,462.9791162337277,173.84464610537748,1.2780104837949533,1.2780104837949533,149.9300111413265,25.349076896532846,True
lift_and_cruse,cruise_257,0.6256246951140279,58.65231516694011,74.96500557068292,431.2123631243683,462.9736814137093,173.84712145892374,1.2781256435198023,1.2780286812364856,149.93001114136584,25.353203193703578,True
lift_and_cruse,cruise_257,0.6254672641333548,58.63755601250201,74.96500557066202,431.1955214346203,462.95845324826223,173.85405780187952,1.2784484246141308,1.278079673425289,149.93001114132403,25.364764821455402,True
lift_and_cruse,cruise_257,0.6252397693017254,58.61622837203676,74.96500557066368,431.1711833926713,462.93644755208163,173.86408255749842,1.2789151453074439,1.2781533699299872,149.93001114132736,25.381471857618003,True
lift_and_cruse,cruise_257,0.6249872684328357,58.59255641557835,74.96500557067478,431.14416868848787,462.9120225746681,173.87521120347762,1.2794335658979228,1.2782351816311266,149.93001114134955,25.400015268781026,True
lift_and_cruse,cruise_257,0.6247597724202398,58.57122866439748,74.96500557065936,431.11982791567783,462.8900159826496,173.88523957531135,1.2799010072389403,1.2783089047202525,149.93001114131872,25.416722304943626,True
lift_and_cruse,cruise_257,0.6246023399669255,58.55646937189926,74.9650055706647,431.1029828205894,462.87478670011876,173.89218042772362,1.280224686967603,1.2783599300601067,149.9300111413294,25.428283932695447,True
lift_and_cruse,cruise_257,0.6245461529099062,58.55120183530371,74.96500557066425,431.09697072570236,462.8693513829463,173.89465778809387,1.280340246622046,1.2783781422547082,149.9300111413285,25.43241022986618,True
lift_and_cruse,cruise_258,0.6245461529099062,58.55120183530371,74.96499979485641,431.09435795181724,462.86679053730654,173.89464374116332,1.2803323833680271,1.2803323833680271,149.92999958971282,25.43241022986618,True
lift_and_cruse,cruise_258,0.6244899658229431,58.54593429590092,74.96499979485183,431.0883457615727,462.8613551918823,173.89712120568123,1.2804479630365293,1.2803506241716693,149.92999958970367,25.436536527036914,True
lift_and_cruse,cruise_258,0.6243325329216425,58.53117496140398,74.96499979484933,431.0714995584306,462.84612555474854,173.90406346423134,1.2807719213951092,1.280401737870425,149.92999958969867,25.448098154788735,True
lift_and_cruse,cruise_258,0.6241050353136524,58.509847060654906,74.96499979485193,431.0471549949182,462.8241177330975,173.91409676958858,1.2812403448658571,1.28047560998911,149.92999958970387,25.464805190951335,True
lift_and_cruse,cruise_258,0.6238525313618877,58.486174815176966,74.96499979484389,431.02013305300596,462.7996903982241,173.92523490711375,1.281760657588539,1.2805576166447323,149.92999958968778,25.483348602114358,True
lift_and_cruse,cruise_258,0.6236250325705027,58.464846803484626,74.96499979485473,430.99578575980684,462.7776816836906,173.9352718325276,1.2822298056605486,1.2806315154167724,149.92999958970947,25.500055638276958,True
lift_and_cruse,cruise_258,0.6234675981935326,58.450087330643676,74.96499979485995,430.9789361528021,462.7624509331503,173.94221860520844,1.2825546675826551,1.280682662351674,149.9299995897199,25.511617266028782,True
lift_and_cruse,cruise_258,0.6234114104498348,58.44481972967202,74.96499979485185,430.97292244769795,462.7570150922126,173.94469807868822,1.2826706493748548,1.2807009179466802,149.9299995897037,25.515743563199514,True
lift_and_cruse,cruise_259,0.6234114104498348,58.44481972967202,74.96499397312398,430.9703078351307,462.75445270931885,173.94468391498125,1.2826627632673626,1.2826627632673626,149.92998794624796,25.515743563199514,True
lift_and_cruse,cruise_259,0.6233552226761444,58.43955212588854,74.96499397310899,430.9642940347048,462.7490168402306,173.94716349270686,1.2827787651843503,1.2826810475974477,149.92998794621798,25.519869860370246,True
lift_and_cruse,cruise_259,0.6231977878503021,58.42479261096582,74.96499397311025,430.947443320108,462.73378573628327,173.95411167299477,1.2831039072687676,1.2827322832657486,149.9299879462205,25.531431488122067,True
lift_and_cruse,cruise_259,0.6229702874602937,58.403464449402534,74.9649939731046,430.9230922378333,462.71177579620866,173.9641535369972,1.2835740428659954,1.2828063316628586,149.9299879462092,25.548138524284667,True
lift_and_cruse,cruise_259,0.6227177804193716,58.379791914316094,74.9649939731072,430.8960630612938,462.6873461117072,173.97530117604884,1.2840962581142583,1.2828885340112608,149.9299879462144,25.56668193544769,True
lift_and_cruse,cruise_259,0.6224902788435354,58.358463641581444,74.96499397310197,430.8717092505209,462.6653352817079,173.9853466638765,1.2845671222947468,1.282962609130347,149.92998794620394,25.583388971610294,True
lift_and_cruse,cruise_259,0.6223328425389898,58.3437039880303,74.96499397309177,430.85485513354587,462.6501030680409,173.9922993629725,1.2848931729080115,1.2830138781202,149.92998794618353,25.594950599362114,True
lift_and_cruse,cruise_259,0.6222766541072146,58.33843632255136,74.9649939730962,430.8488398189126,462.644666705085,173.99478095181559,1.2850095791589955,1.2830321772802038,149.9299879461924,25.599076896532846,True
lift_and_cruse,cruise_260,0.6222766541072146,58.33843632255136,74.96498810470332,430.84622336444284,462.6421027819438,173.99476666943403,1.2850016700863227,1.2850016700863227,149.92997620940665,25.599076896532846,True
lift_and_cruse,cruise_260,0.622220465645398,58.33316865425606,74.96498810468424,430.8402079545273,462.63666639093657,173.99724836258926,1.285118096573414,1.2850199981079649,149.92997620936848,25.603203193703578,True
lift_and_cruse,cruise_260,0.622063028891094,58.31840895854007,74.96498810468903,430.82335273041997,462.62143382506383,174.00420247079765,1.2854444288928788,1.2850713562081697,149.92997620937805,25.6147648214554,True
lift_and_cruse,cruise_260,0.6218355257134011,58.297080535631345,74.9649881046879,430.79899513219107,462.59942177363445,174.01425290241164,1.2859162860345807,1.285145581552163,149.9299762093758,25.631471857618003,True
lift_and_cruse,cruise_260,0.6215830155770301,58.27340771034657,74.96498810468508,430.7719587241518,462.57498974735034,174.02541005287407,1.2864404142773345,1.2852279803349083,149.92997620937015,25.650015268781026,True
lift_and_cruse,cruise_260,0.6213555112110719,58.25207917603799,74.96498810468572,430.74759839861593,462.55297680896325,174.03546411210698,1.286913004013694,1.2853022324699164,149.92997620937143,25.666722304943626,True
lift_and_cruse,cruise_260,0.6211980729750253,58.23731934140862,74.96498810468769,430.73073977361395,462.5377431370717,174.04242274387062,1.2872402498642586,1.285353623977885,149.92997620937538,25.678283932695447,True
lift_and_cruse,cruise_260,0.6211418838537712,58.232051611291055,74.96498810468267,430.7247228501537,462.5323062538425,174.04490645023458,1.287357082911408,1.2853719668676558,149.92997620936535,25.68241022986618,True
lift_and_cruse,cruise_261,0.6211418838537712,58.232051611291055,74.96498218882074,430.7221045505712,462.52974078744586,174.04489204713803,1.2873491507602102,1.2873491507602102,149.92996437764148,25.68241022986618,True
lift_and_cruse,cruise_261,0.6210856947024278,58.226783878352606,74.96498218878313,430.7160875318667,462.5243038762664,174.04737585789798,1.2874660041557329,1.2873675226390677,149.92996437756625,25.68653652703691,True
lift_and_cruse,cruise_261,0.6209282560157365,58.2120240014753,74.96498218878912,430.69922780020227,462.50906985336894,174.05433590021102,1.2877935332672512,1.2874190036360424,149.92996437757824,25.698098154788735,True
lift_and_cruse,cruise_261,0.6207007500446846,58.19069531668919,74.96498218878136,430.6748636888461,462.48705569766844,174.06439490835646,1.2882671214402515,1.2874934065986414,149.92996437756273,25.714805190951335,True
lift_and_cruse,cruise_261,0.6204482368065641,58.16702220061539,74.96498218878806,430.64782005244035,462.46262133747257,174.07556158019509,1.2887931732238862,1.2875760025618965,149.9299643775761,25.733348602114358,True
lift_and_cruse,cruise_261,0.620220729644805,58.14569340420047,74.96498218878152,430.6234532149743,462.44060629778875,174.08562421975245,1.2892674980324275,1.2876504323847784,149.92996437756304,25.750055638276958,True
lift_and_cruse,cruise_261,0.6200632894733263,58.13093338812433,74.96498218878823,430.6065900839067,462.4253711725823,174.09258879036034,1.289595945714019,1.2877019468759654,149.92996437757645,25.761617266028782,True
lift_and_cruse,cruise_261,0.6200070996611903,58.12566559323658,74.96498218879678,430.60057155231306,462.41993377083656,174.09507461650955,1.2897132079126585,1.2877203336619518,149.92996437759356,25.765743563199514,True
lift_and_cruse,cruise_262,0.6200070996611903,58.12566559323658,74.96497622466596,430.5979514044009,462.4173667581727,174.09506009066408,1.2897052525689932,1.2897052525689932,149.92995244933192,25.765743563199514,True
lift_and_cruse,cruise_262,0.619950909818917,58.12039779552347,74.96497622467541,430.5919327775892,462.4119293285846,174.09754602139427,1.289822535229815,1.289723668473032,149.92995244935082,25.769869860370246,True
lift_and_cruse,cruise_262,0.6197934691959072,58.105637737116304,74.96497622465792,430.5750685403359,462.39669385357286,174.10451200395042,1.2901512677382945,1.2897752728338179,149.92995244931583,25.781431488122067,True
lift_and_cruse,cruise_262,0.6195659604258135,58.08430878992001,74.96497622465917,430.5506979186849,462.3746776007076,174.11457959761805,1.2906265964997137,1.2898498540909031,149.92995244931834,25.798138524284667,True
lift_and_cruse,cruise_262,0.619313444079634,58.06063538246568,74.96497622465488,430.52364705706947,462.350240914486,174.12575580072618,1.291154582447729,1.289932647984336,149.92995244930975,25.81668193544769,True
lift_and_cruse,cruise_262,0.619085934116387,58.03930632341128,74.96497622467977,430.4992737105045,462.3282237806232,174.135827029656,1.2916306519157383,1.2900072561716325,149.92995244935955,25.833388971610294,True
lift_and_cruse,cruise_262,0.6189284920055395,58.02454612551932,74.964976224671,430.48240607534467,462.3129872070223,174.14279754526186,1.291960308070484,1.290058894113486,149.929952449342,25.844950599362114,True
lift_and_cruse,cruise_262,0.6188723015011162,58.01927826572964,74.96497622466605,430.4763859363274,462.3075492885134,174.14528549334656,1.2920780017924793,1.290077324962192,149.9299524493321,25.849076896532846,True
lift_and_cruse,cruise_263,0.6188723015011162,58.01927826572964,74.96497021146614,430.47376393686386,462.3049807265656,174.14527084270887,1.2920700231416906,1.2920700231416906,149.92994042293228,25.849076896532846,True
lift_and_cruse,cruise_263,0.6188161109665085,58.01401040311017,74.96497021142373,430.46774370267485,462.2995427803112,174.14775889538913,1.292187737439311,1.2920884832369237,149.92994042284747,25.853203193703578,True
lift_and_cruse,cruise_263,0.6186586684032435,57.999250162804074,74.9649702114253,430.45087496179144,462.28430585811844,174.1547308244886,1.2925176799994695,1.2921402114322937,149.9299404228506,25.8647648214554,True
lift_and_cruse,cruise_263,0.6184311568284179,57.97792095266417,74.96497021143409,430.42649783269536,462.26228751521114,174.16480701263774,1.292994758976644,1.2922149716631748,149.92994042286819,25.881471857618003,True
lift_and_cruse,cruise_263,0.618178637367861,57.95424725323698,74.96497021143318,430.3994397490316,462.23784851087566,174.175992756999,1.2935246897915087,1.292297964241186,149.92994042286637,25.900015268781026,True
lift_and_cruse,cruise_263,0.617951124597432,57.93291793100924,74.96497021143313,430.37505989623736,462.21582928995565,174.1860725841368,1.2940025135754847,1.2923727514715264,149.92994042286625,25.916722304943626,True
lift_and_cruse,cruise_263,0.6177936805432737,57.9181575509319,74.96497021143594,430.358187758955,462.20059127290114,174.19304905100958,1.2943333848953393,1.2924245133348842,149.92994042287188,25.928283932695447,True
lift_and_cruse,cruise_263,0.617737489345156,57.91288962610839,74.96497021143843,430.35216601321423,462.1951528393945,174.1955391232936,1.2944515125308642,1.2924429884145578,149.92994042287685,25.93241022986618,True
lift_and_cruse,cruise_264,0.617737489345156,57.91288962610839,74.96496414834635,430.3495421589774,462.1925827251384,174.19552434577074,1.2944435104572922,1.2944435104572922,149.9299282966927,25.93241022986618,True
lift_and_cruse,cruise_264,0.6176812981168073,57.90762169845068,74.96496414828904,430.34352031810744,462.18714426398594,174.19801452270056,1.294561658782983,1.2944620149130113,149.92992829657808,25.93653652703691,True
lift_and_cruse,cruise_264,0.6175238536093454,57.89286127587613,74.96496414829446,430.32664707557694,462.17190589954964,174.20499240451562,1.2948928180977537,1.2945138674153425,149.9299282965889,25.948098154788735,True
lift_and_cruse,cruise_264,0.61729633922409,57.87153180225843,74.9649641482932,430.3022634419023,462.1498854737389,174.21507719607732,1.2953716569889082,1.2945888073028073,149.9299282965864,25.964805190951335,True
lift_and_cruse,cruise_264,0.6170438166428295,57.84785781026526,74.96496414827925,430.275198139374,462.12544415921775,174.2262724916135,1.2959035434517125,1.2946719993234344,149.9299282965585,25.983348602114358,True
lift_and_cruse,cruise_264,0.6168163010595162,57.826528224329635,74.96496414827055,430.2508117832134,462.10342285839215,174.23636092597266,1.2963831312807772,1.2947469662804552,149.9299282965411,26.000055638276958,True
lift_and_cruse,cruise_264,0.6166588550581003,57.8117676616969,74.96496414827206,430.23393514579743,462.0881834028316,174.24334335029482,1.2967152245065476,1.2947988525380674,149.92992829654412,26.011617266028782,True
lift_and_cruse,cruise_264,0.6166026631648794,57.80649967170745,74.96496414828206,430.2279117940422,462.0827444560943,174.24583554899573,1.2968337884631207,1.2948173720175273,149.92992829656413,26.015743563199514,True
lift_and_cruse,cruise_265,0.6166026631648794,57.80649967170745,74.96495803444597,430.22528608181295,462.0801727864961,174.24582064241983,1.2968257628499145,1.2968257628499145,149.92991606889194,26.015743563199514,True
lift_and_cruse,cruise_265,0.6165464712413814,57.801231678879496,74.96495803419879,430.2192626350201,462.07473381218415,174.24831294539248,1.2969443476090334,1.2968443118325634,149.92991606839757,26.019869860370246,True
lift_and_cruse,cruise_265,0.6163890247857757,57.786471073666476,74.96495803418831,430.20238489283616,462.0594940104542,174.25529678608947,1.2972767304308799,1.2968962891167595,149.92991606837663,26.031431488122067,True
lift_and_cruse,cruise_265,0.6161615075843861,57.7651413360362,74.96495803419194,430.1779947574534,462.03747150890234,174.26539019007882,1.2977573390065793,1.2969714093479363,149.92991606838387,26.048138524284667,True
lift_and_cruse,cruise_265,0.6159089818760882,57.74146705088327,74.96495803419772,430.15092223924546,462.0130278921522,174.2765950468352,1.2982911919790743,1.2970548015742587,149.92991606839544,26.06668193544769,True
lift_and_cruse,cruise_265,0.6156814634741821,57.72013720070456,74.96495803417241,430.1265293826005,461.9910045185878,174.2866920973809,1.298772553654035,1.2971299489449568,149.92991606834482,26.083388971610294,True
lift_and_cruse,cruise_265,0.6155240155215568,57.70537645514595,74.96495803416316,430.1096482470478,461.975763629482,174.29368048534812,1.2991058755765432,1.297181960072244,149.92991606832632,26.094950599362114,True
lift_and_cruse,cruise_265,0.6154678229318222,57.70010839985834,74.96495803418094,430.10362328999025,461.9703241712856,174.29617481268525,1.299224878279527,1.29720052412124,149.92991606836188,26.099076896532846,True
lift_and_cruse,cruise_266,0.6154678229318222,57.70010839985834,74.96495186891588,430.10099571649755,461.96775094333515,174.29615977529218,1.2992168290120398,1.2992168290120398,149.92990373783175,26.099076896532846,True
lift_and_cruse,cruise_266,0.6154116303117645,57.694840341727925,74.96495186869834,430.0949706644324,461.96231145767155,174.29865420706122,1.299335852634598,1.2992354226961311,149.92990373739667,26.103203193703578,True
lift_and_cruse,cruise_266,0.6152541819040631,57.68007955350592,74.9649518686899,430.0780884245864,461.9470702236165,174.30564401290343,1.299669465766703,1.2992875252404064,149.9299037373798,26.1147648214554,True
lift_and_cruse,cruise_266,0.6150266618808263,57.65874955132747,74.96495186868589,430.05369179038627,461.92504565350043,174.31574603828042,1.3001518538695396,1.2993628265057575,149.92990373737177,26.131471857618003,True
lift_and_cruse,cruise_266,0.6147741330391481,57.63507497242013,74.96495186868906,430.026612059712,461.9005997424901,174.32696046618497,1.3006876842931785,1.2994464197041395,149.9299037373781,26.150015268781026,True
lift_and_cruse,cruise_266,0.6145466118129321,57.613744857462386,74.96495186866781,430.0022127054695,461.87857430337647,174.33706614195813,1.3011708296880817,1.2995217481798211,149.92990373733562,26.166722304943626,True
lift_and_cruse,cruise_266,0.6143891619051404,57.59898392860691,74.96495186867153,429.9853270737767,461.8633319857048,174.34406049985154,1.301505387149146,1.2995738846554323,149.92990373734307,26.178283932695447,True
lift_and_cruse,cruise_266,0.6143329686174794,57.5937158078887,74.96495186865874,429.97930051214206,461.8578920178194,174.34655695795868,1.3016248310412935,1.2995924934440017,149.9299037373175,26.18241022986618,True
lift_and_cruse,cruise_267,0.6143329686174794,57.5937158078887,74.9649456508318,429.97667107423615,461.8553172284283,174.34654178688572,1.301616757996404,1.301616757996404,149.9298913016636,26.18241022986618,True
lift_and_cruse,cruise_267,0.6142767752994507,57.5884476843235,74.96494565003582,429.9706444177855,461.8498772330899,174.34903834819062,1.3017362229161002,1.3016353965423626,149.92989130007163,26.18653652703691,True
lift_and_cruse,cruise_267,0.6141193249356984,57.573686712721724,74.96494565001191,429.95375768228774,461.8346345716857,174.35603412536074,1.302071073211566,1.3016876248269418,149.92989130002383,26.198098154788735,True
lift_and_cruse,cruise_267,0.6138918020848976,57.552356445459154,74.96494564998139,429.92935455217577,461.81260794020017,174.36614478107666,1.302555250757143,1.301763107820635,149.92989129996278,26.214805190951335,True
lift_and_cruse,cruise_267,0.6136392701034917,57.528681572202345,74.96494564996875,429.9022676122608,461.7881597429207,174.3773687900866,1.3030930696548526,1.3018469027618453,149.9298912999375,26.233348602114358,True
lift_and_cruse,cruise_267,0.6134117460472454,57.50735119192926,74.96494564995228,429.8778617633262,461.76613224546395,174.38748310009115,1.3035780087168438,1.3019224130373148,149.92989129990457,26.250055638276958,True
lift_and_cruse,cruise_267,0.6132542941803271,57.492590079405666,74.96494564994299,429.860971637513,461.75088850421076,174.39448343407653,1.3039138086083122,1.301974675341652,149.92989129988598,26.261617266028782,True
lift_and_cruse,cruise_267,0.6131981001933264,57.48732189312435,74.96494564992553,429.85494347201285,461.7454480284211,174.39698202523616,1.3040336961515961,1.301993329041871,149.92989129985105,26.265743563199514,True
lift_and_cruse,cruise_268,0.6131981001933264,57.48732189312435,74.96493937922675,429.852312166305,461.7428716746333,174.39696671964057,1.3040255992198806,1.3040255992198806,149.9298787584535,26.265743563199514,True
lift_and_cruse,cruise_268,0.6131419061759203,57.482053703992534,74.96493936849646,429.84628390882835,461.7374311698646,174.399465389861,1.304145507736291,1.3040442826293042,149.92987873699292,26.269869860370246,True
lift_and_cruse,cruise_268,0.6129844538521765,57.467292548641545,74.96493936848302,429.82939267968857,461.7221870861094,174.40646714465106,1.3044816020998973,1.3040966371378568,149.92987873696603,26.281431488122067,True
lift_and_cruse,cruise_268,0.6127569281681152,57.445962015760806,74.96493936861953,429.8049830565271,461.7001584005054,174.41658644017775,1.304967579081199,1.3041723025617522,149.92987873723905,26.298138524284667,True
lift_and_cruse,cruise_268,0.6125043930406565,57.422286847561544,74.96493936858555,429.7778889106126,461.6757079249734,174.42782004027714,1.3055073975580265,1.3042563000209773,149.9298787371711,26.31668193544769,True
lift_and_cruse,cruise_268,0.6122768661486793,57.40095620143868,74.96493936861664,429.75347656989476,461.65367837640775,174.43794299362867,1.3059941403090096,1.3043319927956762,149.92987873723328,26.333388971610294,True
lift_and_cruse,cruise_268,0.6121194123186884,57.38619490487704,74.96493936866685,429.7365819519635,461.6384332165885,174.4449493101198,1.3063311895757597,1.3043843814136236,149.9298787373337,26.344950599362114,True
lift_and_cruse,cruise_268,0.6120632176309394,57.38092665290057,74.96493936864461,429.7305521833201,461.63299223468107,174.44745003655942,1.3064515232500757,1.3044030801980993,149.92987873728921,26.349076896532846,True
lift_and_cruse,cruise_269,0.6120632176309394,57.38092665290057,74.96493305325956,429.72791900402154,461.6304143149298,174.44743461631194,1.3064434024693188,1.3064434024693188,149.9298661065191,26.349076896532846,True
lift_and_cruse,cruise_269,0.6120070229127271,57.37565839806817,74.96493305075015,429.72188914111734,461.6249733054985,174.4499354419979,1.3065637573791284,1.3064621312469893,149.9298661015003,26.353203193703578,True
lift_and_cruse,cruise_269,0.6118495686249873,57.360897058592556,74.9649330506742,429.7049934203742,461.6097278043813,174.4569431804726,1.3069011027656854,1.3065146124641345,149.9298661013484,26.3647648214554,True
lift_and_cruse,cruise_269,0.6116220401018783,57.339566259551084,74.9649330506566,429.680577307172,461.58769707183615,174.467071124052,1.3073888892416783,1.3065904610147252,149.9298661013132,26.381471857618003,True
lift_and_cruse,cruise_269,0.6113695018219419,57.31589079580705,74.96493305059116,429.6534759585041,461.5632443260786,174.47831432522477,1.3079307184857951,1.3066746617714007,149.9298661011823,26.400015268781026,True
lift_and_cruse,cruise_269,0.6111419720884433,57.29455988329156,74.96493305055732,429.62905712895963,461.5412127336227,174.4884459306661,1.3084192750200558,1.3067505377458128,149.92986610111464,26.416722304943626,True
lift_and_cruse,cruise_269,0.6109845162913721,57.27979840231613,74.96493305050825,429.6121580209802,461.5259661602223,174.49545823552268,1.3087575806550231,1.3068030531607637,149.9298661010165,26.428283932695447,True
lift_and_cruse,cruise_269,0.6109283209014442,57.2745300845104,74.96493305044828,429.6061266499266,461.52052467398016,174.49796109938612,1.308878362958247,1.3068217972024223,149.92986610089656,26.43241022986618,True
lift_and_cruse,cruise_270,0.6109283209014442,57.2745300845104,74.96492664483303,429.60349160641863,461.51794517788034,174.49794545318116,1.3088702174285824,1.3088702174285824,149.92985328966606,26.43241022986618,True
lift_and_cruse,cruise_270,0.6108721254810151,57.26926176384517,74.9649266700753,429.59746013328595,461.5125036687773,174.5004484842694,1.3089910215725498,1.3088889921071967,149.9298533401506,26.43653652703691,True
lift_and_cruse,cruise_270,0.6107146692253258,57.254500239874304,74.96492667006407,429.5805599229376,461.49725675533847,174.50746221298104,1.3093296249920745,1.308941600523874,149.92985334012815,26.448098154788735,True
lift_and_cruse,cruise_270,0.6104871378574547,57.23316917413638,74.96492667005711,429.55613732258917,461.47522398313583,174.51759881403726,1.309819231105025,1.309017632910353,149.92985334011422,26.464805190951335,True
lift_and_cruse,cruise_270,0.6102345964186954,57.20949341425269,74.96492667005994,429.5290287744068,461.4507689752273,174.52885162654337,1.3103630823898456,1.3091020377502685,149.92985334011988,26.483348602114358,True
lift_and_cruse,cruise_270,0.6100070638379566,57.18816223480842,74.96492667006534,429.50460345895283,461.4287353461633,174.5389918933581,1.3108534628807045,1.309178097632785,149.92985334013068,26.500055638276958,True
lift_and_cruse,cruise_270,0.6098496060698458,57.173400569048056,74.96492667004766,429.4876998629287,461.41348736423214,174.5460101931442,1.3111930319339584,1.3092307403360741,149.92985334009532,26.511617266028782,True
lift_and_cruse,cruise_270,0.609793409976326,57.16813218528056,74.9649266700623,429.4816668901613,461.408045375469,174.5485151969369,1.3113142653851635,1.3092495298115048,149.9298533401246,26.515743563199514,True
lift_and_cruse,cruise_271,0.609793409976326,57.16813218528056,74.96492018476118,429.4790299759952,461.4054643018415,174.54849935036563,1.3113060951825597,1.3113060951825597,149.92984036952237,26.515743563199514,True
lift_and_cruse,cruise_271,0.6097372138522645,57.1628637986498,74.96492022995139,429.47299689555126,461.4000222935754,174.55100457007336,1.3114273509440435,1.3113249157962272,149.92984045990278,26.519869860370246,True
lift_and_cruse,cruise_271,0.6095797556246594,57.14810208981182,74.96492022994795,429.4560921976555,461.38477397283737,174.55802429513156,1.3117672194558343,1.311377651902751,149.9298404598959,26.531431488122067,True
lift_and_cruse,cruise_271,0.6093522214062925,57.126770756839925,74.96492022994522,429.43166311311575,461.3627391682503,174.56816956267798,1.3122586554209779,1.3114538688351245,149.92984045989044,26.548138524284667,True
lift_and_cruse,cruise_271,0.609099676802345,57.10309470021984,74.96492022994286,429.40454736871953,461.3382819062569,174.57943199636517,1.3128045401013742,1.3115384785452942,149.92984045988572,26.56668193544769,True
lift_and_cruse,cruise_271,0.6088721413686292,57.08176325330899,74.96492022995274,429.38011557032337,461.3162462478609,174.58958093350344,1.313296754795961,1.3116147230456972,149.92984045990548,26.583388971610294,True
lift_and_cruse,cruise_271,0.6087146816255086,57.067001402391426,74.9649202299561,429.3632074883063,461.30099686243886,174.59660523444603,1.3136375943679752,1.3116674935288275,149.9298404599122,26.594950599362114,True
lift_and_cruse,cruise_271,0.6086584848269792,57.061732952529304,74.96492022995592,429.3571729145812,461.29555437293993,174.59911238018532,1.31375928150161,1.311686328611923,149.92984045991184,26.599076896532846,True
lift_and_cruse,cruise_272,0.6086584848269792,57.061732952529304,74.96491366332133,429.35453412674525,461.29297171860105,174.59909632907545,1.313751086488831,1.313751086488831,149.92982732664265,26.599076896532846,True
lift_and_cruse,cruise_272,0.6086022879978669,57.05646449980002,74.96491373151359,429.34849943884234,461.28752921346603,174.60160374713436,1.3138727964595536,1.3137699532714688,149.92982746302718,26.603203193703578,True
lift_and_cruse,cruise_272,0.6084448277943707,57.04170260572226,74.9649137314802,429.33159025546,461.2722794904669,174.60862947470113,1.3142139371761945,1.313822817561252,149.9298274629604,26.6147648214554,True
lift_and_cruse,cruise_272,0.6082172907197629,57.020371004977775,74.96491373146004,429.3071546896994,461.25024266078435,174.61878341772643,1.314707213285173,1.313899219753257,149.9298274629201,26.631471857618003,True
lift_and_cruse,cruise_272,0.6079647429442483,56.996694651023276,74.96491373144819,429.2800317523841,461.22578315280396,174.63005548262066,1.315255142802463,1.313984035126378,149.92982746289638,26.650015268781026,True
lift_and_cruse,cruise_272,0.6077372046518068,56.97536293610689,74.9649137314407,429.2555934740218,461.2037454723726,174.64021309907392,1.3157492020250916,1.314060464958675,149.9298274628814,26.666722304943626,True
lift_and_cruse,cruise_272,0.6075797429296967,56.96060089965908,74.96491373144106,429.23868090807537,461.18849468851016,174.6472434073746,1.3160913192694517,1.3141133637156706,149.92982746288212,26.678283932695447,True
lift_and_cruse,cruise_272,0.6075235454247377,56.955332383569164,74.96491373143893,429.23264473412365,461.1830517000818,174.64975269732372,1.3162134626407587,1.3141322445831336,149.92982746287785,26.68241022986618,True
lift_and_cruse,cruise_273,0.6075235454247377,56.955332383569164,74.9649070715308,429.2300040725235,461.1804674601617,174.64973641233135,1.316205242499059,1.316205242499059,149.9298141430616,26.68241022986618,True
lift_and_cruse,cruise_273,0.6074673478891558,56.95006386460836,74.96490717241126,429.2239677751311,461.17502446153935,174.65224605470175,1.3163274094065514,1.3162241558081342,149.92981434482252,26.68653652703691,True
lift_and_cruse,cruise_273,0.6073098857057929,56.93530178491808,74.96490717235652,429.2070541083191,461.15977334133845,174.6592777910604,1.316669829494879,1.3162771487782312,149.92981434471304,26.698098154788735,True
lift_and_cruse,cruise_273,0.6070823457691975,56.91396991586227,74.96490717232338,429.1826120643146,461.13773449387287,174.66944041862217,1.3171649561170957,1.3163537369480685,149.92981434464676,26.714805190951335,True
lift_and_cruse,cruise_273,0.6068297948157357,56.890293263975224,74.96490717226733,429.1554819373984,461.11327274802,174.68072212468476,1.317714941998062,1.3164387587807316,149.92981434453466,26.733348602114358,True
lift_and_cruse,cruise_273,0.6066022536588186,56.86896128051424,74.96490717220844,429.1310371820629,461.0912330528676,174.69088842942244,1.3182108561504609,1.3165153746627103,149.92981434441688,26.750055638276958,True
lift_and_cruse,cruise_273,0.6064447899537394,56.85419905816307,74.96490717219532,429.11412013425604,461.0759808756304,174.69792475132053,1.3185542582747884,1.3165684021906092,149.92981434439065,26.761617266028782,True
lift_and_cruse,cruise_273,0.60638859174093,56.84893047571219,74.96490717215657,429.1080823608252,461.07053739007597,174.70043618763168,1.318676860457421,1.3165873290192829,149.92981434431314,26.765743563199514,True
lift_and_cruse,cruise_274,0.60638859174093,56.84893047571219,74.96490041140422,429.105439824132,461.0679515604203,174.7004196500687,1.318668614943086,1.318668614943086,149.92980082280843,26.765743563199514,True
lift_and_cruse,cruise_274,0.6063323934974586,56.84366189038674,74.96490055153726,429.0994019160999,461.06250807118334,174.70293153510406,1.318791241480176,1.3186875750804863,149.9298011030745,26.769869860370246,True
lift_and_cruse,cruise_274,0.6061749293302499,56.828899624710914,74.9649005514872,429.08248376791937,461.04725555885574,174.709969286583,1.3191349481612504,1.3187406972310434,149.9298011029744,26.781431488122067,True
lift_and_cruse,cruise_274,0.6059473865259155,56.80756748680457,74.9649005514118,429.05803524867025,461.02521470093353,174.7201406076686,1.3196319357436104,1.3188174721003596,149.9298011028236,26.798138524284667,True
lift_and_cruse,cruise_274,0.6056948323881213,56.78389053638637,74.96490055128457,429.03089793548355,461.0007507253447,174.73143196488792,1.3201839896019807,1.31890270119377,149.92980110256914,26.81668193544769,True
lift_and_cruse,cruise_274,0.6054672883609741,56.762558283841315,74.96490055117594,429.0064467061713,460.97870902281034,174.74160696697254,1.3206817691648636,1.3189795038478955,149.9298011023519,26.833388971610294,True
lift_and_cruse,cruise_274,0.6053098226689426,56.74779587521337,74.96490055110277,428.9895251785918,460.96345545727183,174.74864930862918,1.321026463430501,1.3190326606458982,149.92980110220554,26.844950599362114,True
lift_and_cruse,cruise_274,0.6052536237468612,56.74252722626824,74.96490055107787,428.98348580640845,460.95801147641333,174.75116289366375,1.3211495270190063,1.319051633615183,149.92980110215575,26.849076896532846,True
lift_and_cruse,cruise_275,0.6052536237468612,56.74252722626824,74.96489386096502,428.9808413423565,460.9554240820965,174.75114652296864,1.3211412590424851,1.3211412590424851,149.92978772193004,26.849076896532846,True
lift_and_cruse,cruise_275,0.6051974247940625,56.73725857444335,74.96489388966455,428.974801867266,460.94998007944747,174.75366028424526,1.321264345150802,1.3211602634027082,149.9297877793291,26.853203193703578,True
lift_and_cruse,cruise_275,0.6050399586389785,56.72249612240424,74.96489388964969,428.95787923977974,460.9347261800778,174.76070405719784,1.321609345700439,1.3212135152368285,149.92978777929937,26.8647648214554,True
lift_and_cruse,cruise_275,0.6048124129610813,56.70116371510138,74.96489388959994,428.9334242482623,460.91268331905326,174.77088408104652,1.32210820477065,1.321290477533169,149.92978777919987,26.881471857618003,True
lift_and_cruse,cruise_275,0.6045598556324887,56.67748646554581,74.96489388956427,428.9062797520869,460.8882171219098,174.7821850998918,1.3226623383114648,1.3213759146966026,149.92978777912853,26.900015268781026,True
lift_and_cruse,cruise_275,0.6043323087292837,56.65615394337034,74.96489388949921,428.8818220517719,460.8661734193599,174.79236880863053,1.3231619938466168,1.3214529048511883,149.92978777899842,26.916722304943626,True
lift_and_cruse,cruise_275,0.6041748410462656,56.6413913480874,74.96489388946205,428.86489604647096,460.85091847062506,174.7994171765609,1.323507987572428,1.3215061914239348,149.9297877789241,26.928283932695447,True
lift_and_cruse,cruise_275,0.6041186414134722,56.636122632513015,74.96489388947037,428.8588550762718,460.8454739962824,174.80193291260716,1.3236315151804678,1.3215252107136717,149.92978777894075,26.93241022986618,True
lift_and_cruse,cruise_276,0.6041186414134722,56.636122632513015,74.96488714326549,428.85620871735273,460.8428850136612,174.80191639867945,1.323623222403123,1.323623222403123,149.92977428653097,26.93241022986618,True
lift_and_cruse,cruise_276,0.6040624417499291,56.63085391405585,74.96488715701125,428.8501676485451,460.83744051518744,174.80443227441202,1.3237467723929899,1.3236422729468067,149.9297743140225,26.93653652703691,True
lift_and_cruse,cruise_276,0.6039049736029997,56.61609127528122,74.96488715698794,428.83324054385355,460.82218523386763,174.81148207501028,1.3240930741403971,1.3236956549690257,149.92977431397588,26.948098154788735,True
lift_and_cruse,cruise_276,0.603677425045801,56.594758598043846,74.96488715696759,428.8087790830866,460.8001403771127,174.8216708107019,1.3245938153041876,1.3237728054227864,149.92977431393518,26.964805190951335,True
lift_and_cruse,cruise_276,0.6034248645200386,56.57108104875361,74.96488715692244,428.78162740730545,460.77567196658407,174.8329815009993,1.3251500403158982,1.323858451465161,149.9297743138449,26.983348602114358,True
lift_and_cruse,cruise_276,0.6031973147350339,56.54974825640943,74.96488715688626,428.757163239017,460.7536262713956,174.8431739254326,1.325651582462666,1.3239356298505611,149.92977431377253,27.000055638276958,True
lift_and_cruse,cruise_276,0.6030398450570554,56.534985474098946,74.96488715688312,428.74023275809043,460.73836994457275,174.85022832591167,1.3259988830208755,1.3239890467036861,149.92977431376625,27.011617266028782,True
lift_and_cruse,cruise_276,0.6029836447121314,56.52971669176232,74.96488715686492,428.73419019064,460.73292497856016,174.8527462150688,1.3261228772804232,1.3240081124932865,149.92977431372984,27.015743563199514,True
lift_and_cruse,cruise_277,0.6029836447121314,56.52971669176232,74.96488034183001,428.7315419369664,460.7303344026204,174.85272952660745,1.3261145593668588,1.3261145593668588,149.92976068366002,27.015743563199514,True
lift_and_cruse,cruise_277,0.6029274443364225,56.52444790653961,74.96488035716561,428.72549927048146,460.72488941284587,174.85524755952494,1.3262385761639235,1.3261336565815371,149.92976071433122,27.019869860370246,True
lift_and_cruse,cruise_277,0.6027699741936641,56.509685080656006,74.96488035715383,428.7085676906752,460.7096327546902,174.86230339410014,1.3265861864949313,1.3261871693004061,149.92976071430766,27.031431488122067,True
lift_and_cruse,cruise_277,0.6025424227514063,56.48835213294434,74.96488035711452,428.6840997637034,460.687585909586,174.87250085059944,1.3270888204374898,1.3262645086451728,149.92976071422905,27.048138524284667,True
lift_and_cruse,cruise_277,0.6022898590220822,56.46467428332021,74.96488035705947,428.6569409116838,460.6631152938779,174.88382122243073,1.3276471487996848,1.3263503643818464,149.92976071411894,27.06668193544769,True
lift_and_cruse,cruise_277,0.6020623063495175,56.443341220267264,74.96488035704753,428.63247027846,460.64106761344675,174.89402237162983,1.3281505882782496,1.3264277317327127,149.92976071409507,27.083388971610294,True
lift_and_cruse,cruise_277,0.6019048346725913,56.42857825055543,74.96488035701758,428.6155353240274,460.6258099136473,174.90108281080066,1.3284992030960037,1.3264812793736636,149.92976071403515,27.094950599362114,True
lift_and_cruse,cruise_277,0.6018486336141136,56.42330940132314,74.96488035700399,428.6094911600676,460.6203644577977,174.90360285538782,1.3286236666605797,1.3265003918452065,149.92976071400798,27.099076896532846,True
lift_and_cruse,cruise_278,0.6018486336141136,56.42330940132314,74.96487347574784,428.6068410073774,460.6177722860264,174.90358599865993,1.3286153235455178,1.3286153235455178,149.92974695149567,27.099076896532846,True
lift_and_cruse,cruise_278,0.6017924325248134,56.418040549201265,74.96487349292019,428.6007967438943,460.61232680681894,174.90610619161438,1.3287398098082197,1.3286344676182849,149.92974698584038,27.103203193703578,True
lift_and_cruse,cruise_278,0.6016349603822313,56.403277535834185,74.96487349289198,428.5838606910852,460.5970687769465,174.9131680663895,1.3290887361638697,1.3286881115443692,149.92974698578396,27.1147648214554,True
lift_and_cruse,cruise_278,0.6014074060491411,56.38194431710698,74.9648734928405,428.5593863009491,460.5750199509013,174.92337425280573,1.329593273652472,1.328765640518919,149.929746985681,27.131471857618003,True
lift_and_cruse,cruise_278,0.6011548391098455,56.35826616654802,74.96487349281314,428.5322202760609,460.55054713824524,174.9347043163527,1.3301537173355968,1.3288517067705587,149.92974698562628,27.150015268781026,True
lift_and_cruse,cruise_278,0.6009272835439443,56.336932832244784,74.9648734927562,428.50774318096876,460.5284974799755,174.94491419924927,1.3306590649464984,1.3289292638245809,149.9297469855124,27.166722304943626,True
lift_and_cruse,cruise_278,0.6007698098640721,56.322169674756765,74.96487349274923,428.49080375512705,460.51323841234057,174.9519806835251,1.3310090015092957,1.3289829427656894,149.92974698549847,27.178283932695447,True
lift_and_cruse,cruise_278,0.6007136080906135,56.31690075849502,74.96487349274233,428.484757995411,460.50779246848714,174.9545028857958,1.331133937052096,1.3290021021017704,149.92974698548466,27.18241022986618,True
lift_and_cruse,cruise_279,0.6007136080906135,56.31690075849502,74.96486654372815,428.48210594061965,460.5051986976919,174.95448585691094,1.3311255685962018,1.3311255685962018,149.9297330874563,27.18241022986618,True
lift_and_cruse,cruise_279,0.6006574062862958,56.31163183934024,74.96486656304599,428.4760600808024,460.4997527309344,174.95700821291237,1.3312505270042907,1.3311447597163961,149.92973312609197,27.18653652703691,True
lift_and_cruse,cruise_279,0.6004999321398933,56.296868638114994,74.96486656301698,428.45911955709926,460.4844933344846,174.96407613422113,1.3316007768829208,1.3311985353639586,149.92973312603397,27.198098154788735,True
lift_and_cruse,cruise_279,0.6002723749101937,56.27553514783066,74.96486656297246,428.4346387068493,460.46244253492773,174.974291059701,1.332107228766884,1.3312762547114845,149.92973312594492,27.214805190951335,True
lift_and_cruse,cruise_279,0.6000198047545132,56.25185669573561,74.96486656293494,428.4074655124975,460.43796753356446,174.9856308249763,1.3326697998310995,1.3313625323020586,149.9297331258699,27.233348602114358,True
lift_and_cruse,cruise_279,0.5997922462894959,56.23052308964024,74.96486656288461,428.38298195858385,460.41591590489855,174.99584945079746,1.3331770664591136,1.3314402798033007,149.92973312576922,27.250055638276958,True
lift_and_cruse,cruise_279,0.5996347706026771,56.21575974400098,74.9648665628609,428.3660380634641,460.40065547456913,175.00292198638547,1.3335283323078686,1.3314940905581945,149.9297331257218,27.261617266028782,True
lift_and_cruse,cruise_279,0.5995785681128097,56.210490760575915,74.96486656286946,428.3599907087463,460.39520904455037,175.00544634860833,1.3336537425225246,1.331513296942545,149.92973312573892,27.265743563199514,True
lift_and_cruse,cruise_280,0.5995785681128097,56.210490760575915,74.96485954264065,428.35733674931527,460.39261367122475,175.00542913897016,1.33364534855152,1.33364534855152,149.9297190852813,27.265743563199514,True
lift_and_cruse,cruise_280,0.599522365592047,56.205221774254404,74.96485956703397,428.3512892930813,460.38716721923015,175.00795366745052,1.333770781851714,1.3336645869584751,149.92971913406794,27.269869860370246,True
lift_and_cruse,cruise_280,0.5993648894378233,56.19045838479594,74.96485956699655,428.33434430060834,460.37190646135207,175.01502764157814,1.3341223628083498,1.3337184948442904,149.9297191339931,27.281431488122067,True
lift_and_cruse,cruise_280,0.5991373293057324,56.16912462241241,74.96485956695271,428.3098569933148,460.3498536957276,175.02525131521526,1.3346307400191624,1.3337964053117446,149.92971913390542,27.298138524284667,True
lift_and_cruse,cruise_280,0.5988847559272479,56.14544586817949,74.96485956686922,428.2826766329188,460.3253765139198,175.03660079224377,1.335195450616529,1.3338828950699313,149.92971913373844,27.31668193544769,True
lift_and_cruse,cruise_280,0.5986571945573297,56.124111989749665,74.9648595667847,428.2581866232695,460.30332292230446,175.04682817000162,1.3357046472277614,1.3339608337649862,149.9297191335694,27.333388971610294,True
lift_and_cruse,cruise_280,0.5984997168595605,56.1093484555838,74.9648595667872,428.2412382609882,460.2880611344474,175.05390676331479,1.3360572499623318,1.3340147768517399,149.9297191335744,27.344950599362114,True
lift_and_cruse,cruise_280,0.5984435136518552,56.10407940486143,74.96485956677415,428.2351893120394,460.2826142200995,175.05643328765044,1.3361831375622146,1.334034030468298,149.9297191335483,27.349076896532846,True
lift_and_cruse,cruise_281,0.5984435136518552,56.10407940486143,74.96485247346185,428.2325334449746,460.28001724099323,175.05641589254395,1.336174717929076,1.336174717929076,149.9297049469237,27.349076896532846,True
lift_and_cruse,cruise_281,0.5983873104132195,56.09881035123933,74.96485250304697,428.2264843930471,460.2745703056215,175.058942596051,1.3363006288388262,1.3361940038108793,149.92970500609394,27.353203193703578,True
lift_and_cruse,cruise_281,0.5982298322471735,56.08404677317252,74.96485250303921,428.20953493392494,460.2593081914849,175.06602262939776,1.3366535484869015,1.3362480444555012,149.92970500607842,27.3647648214554,True
lift_and_cruse,cruise_281,0.5980022692069081,56.06271273814763,74.9648525029678,428.1850411726783,460.23725346725365,175.07625506024138,1.3371638620390582,1.3363261467936902,149.9297050059356,27.381471857618003,True
lift_and_cruse,cruise_281,0.5977496925991993,56.03903368117493,74.96485250293395,428.15785364963455,460.2127741133064,175.08761425937834,1.3377307244167105,1.336412849555342,149.9297050058679,27.400015268781026,True
lift_and_cruse,cruise_281,0.5975221283185939,56.017699529868175,74.96485250290063,428.1333571873127,460.19071856622855,175.0978503984052,1.3382418620632612,1.336490980197439,149.92970500580125,27.416722304943626,True
lift_and_cruse,cruise_281,0.5973646486058694,56.002935806800245,74.96485250286804,428.1164043600256,460.17545542600726,175.10493505560407,1.338595809339664,1.3365450561351078,149.92970500573608,27.428283932695447,True
lift_and_cruse,cruise_281,0.5973084446788967,55.99766668864657,74.96485250285399,428.1103538176031,460.1700080291806,175.10746374435828,1.3387221770599136,1.3365643571699521,149.92970500570797,27.43241022986618,True
lift_and_cruse,cruise_282,0.5973084446788967,55.99766668864657,74.96484533677173,428.1076960392816,460.1674094413955,175.10744616441676,1.3387137316557154,1.3387137316557154,149.92969067354346,27.43241022986618,True
lift_and_cruse,cruise_282,0.5972522407209603,55.99239756759003,74.96484536861405,428.10164539326286,460.16196202401636,175.1099750380135,1.3388401228587243,1.338733065144289,149.9296907372281,27.43653652703691,True
lift_and_cruse,cruise_282,0.5970947605390918,55.977633800539856,74.96484536858777,428.08469146964615,460.1466985587908,175.1170611367769,1.3391943888683149,1.3387872390696487,149.92969073717555,27.448098154788735,True
lift_and_cruse,cruise_282,0.5968671945848699,55.95629949233155,74.96484536860189,428.0601912575099,460.12464188345535,175.12730233422667,1.3397066498629755,1.3388655340362816,149.92969073720377,27.464805190951335,True
lift_and_cruse,cruise_282,0.5966146147415178,55.93262013201729,74.96484536855023,428.0329965752769,460.10016036566964,175.13867126543792,1.3402756763587718,1.338952450638974,149.92969073710046,27.483348602114358,True
lift_and_cruse,cruise_282,0.5963870475444408,55.911285707291334,74.96484536851497,428.00849366339924,460.0781028706132,175.14891617473117,1.3407887661747606,1.339030773983017,149.92969073702994,27.500055638276958,True
lift_and_cruse,cruise_282,0.5962295658127573,55.896521794946004,74.964845368515,427.99153637323457,460.06283838322634,175.1560069023031,1.3411440657099296,1.3390849832960754,149.92969073703,27.511617266028782,True
lift_and_cruse,cruise_282,0.5961733611650882,55.891252609227024,74.96484536849174,427.98548423810746,460.057390505771,175.1585377577092,1.3412709163060708,1.3391043319357776,149.92969073698347,27.515743563199514,True
lift_and_cruse,cruise_283,0.5961733611650882,55.891252609227024,74.96483812941904,427.98282454505505,460.0547903063197,175.1585199922594,1.3412624450117048,1.3412624450117048,149.92967625883807,27.515743563199514,True
lift_and_cruse,cruise_283,0.5961171564864224,55.885983420602095,74.96483816332851,427.97677230576545,460.049342408754,175.16105103773717,1.3413893192614155,1.34128182629128,149.92967632665702,27.519869860370246,True
lift_and_cruse,cruise_283,0.5959596742847273,55.87121946419319,74.96483816330066,427.95981391979933,460.03407759763274,175.16814320827723,1.341744939362469,1.3413361340234955,149.9296763266013,27.531431488122067,True
lift_and_cruse,cruise_283,0.5957321054107625,55.849884882258976,74.96483816327027,427.93530725991957,460.0120189786761,175.17839318115082,1.3422591589815043,1.3414146223760939,149.92967632654054,27.548138524284667,True
lift_and_cruse,cruise_283,0.5954795223253431,55.826205218000915,74.96483816325642,427.90810542193526,459.98753530539403,175.18977185471147,1.3428303620300255,1.3415017536644926,149.92967632651283,27.56668193544769,True
lift_and_cruse,cruise_283,0.5952519522060056,55.80487051931301,74.96483816321077,427.88359606361826,459.96547586986946,175.20002554338936,1.3433454152357394,1.3415802704705668,149.92967632642154,27.583388971610294,True
lift_and_cruse,cruise_283,0.595094468451356,55.790106417314625,74.96483816318931,427.86663431274854,459.9502100405088,175.2071223475244,1.3437020748035626,1.3416346136841677,149.92967632637863,27.594950599362114,True
lift_and_cruse,cruise_283,0.5950382630815604,55.784837163896285,74.96483816317799,427.8605805856809,459.94476168428497,175.20965537189198,1.3438294110527942,1.3416540101169343,149.92967632635597,27.599076896532846,True
lift_and_cruse,cruise_284,0.5950382630815604,55.784837163896285,74.9648361263991,427.8579174572368,459.94216072457533,175.20965037128013,1.343821008314844,1.343821008314844,149.9296722527982,27.599076896532846,True
lift_and_cruse,cruise_284,0.5949820576799598,55.77956790749623,74.96483189544387,427.8518648524663,459.9367116575546,175.21217311602834,1.3439482919062078,1.3438403572341762,149.92966379088773,27.603203193703578,True
lift_and_cruse,cruise_284,0.5948245734522641,55.764803761149764,74.96483189614554,427.83490200583367,459.9214455056454,175.2192713666858,1.344305273910534,1.3438947993173351,149.92966379229108,27.6147648214554,True
lift_and_cruse,cruise_284,0.5945970016496197,55.74346890465185,74.96483190142263,427.8103888994072,459.89938495114563,175.2295301375826,1.3448214635340663,1.3439734819231244,149.92966380284525,27.631471857618003,True
lift_and_cruse,cruise_284,0.5943444153122015,55.71978893551889,74.96483190358886,427.7831799080939,459.8748991307217,175.24091856925702,1.3453948557185789,1.3440608287884563,149.92966380717772,27.650015268781026,True
lift_and_cruse,cruise_284,0.5941168422616442,55.69845396202915,74.96483190800076,427.75866410479085,459.85283776266976,175.25118105775672,1.3459118837150896,1.3441395399074745,149.92966381600152,27.666722304943626,True
lift_and_cruse,cruise_284,0.5939593564778194,55.68368966979557,74.96483191128279,427.7416978941551,459.8375705968696,175.2582839531721,1.346269911219786,1.3441940176149456,149.92966382256557,27.678283932695447,True
lift_and_cruse,cruise_284,0.5939031503836792,55.678420348469935,74.96483191222362,427.7356425755532,459.8321217638126,175.26081915114838,1.3463977359406956,1.3442134620479065,149.92966382444723,27.68241022986618,True
lift_and_cruse,cruise_285,0.5939031503836792,55.678420348469935,74.96482874803466,427.7329778270165,459.82951901508665,175.26081137987907,1.3463892883224515,1.3463892883224515,149.92965749606932,27.68241022986618,True
lift_and_cruse,cruise_285,0.5938469442584927,55.67315102423369,74.96482454450403,427.7269236246749,459.824069476292,175.26333635952275,1.3465170608472337,1.346408685730912,149.92964908900805,27.68653652703691,True
lift_and_cruse,cruise_285,0.5936894580029554,55.65838668777707,74.96482454550498,427.70995631993287,459.80880198895693,175.2704406953551,1.3468754125862668,1.346463262687335,149.92964909100996,27.698098154788735,True
lift_and_cruse,cruise_285,0.5934618832689925,55.63705155646805,74.96482454940987,427.68543677240206,459.78673950568685,175.2807082567104,1.3473935834371538,1.3465421401872,149.92964909881974,27.714805190951335,True
lift_and_cruse,cruise_285,0.5932092936766501,55.613371282185945,74.96482455385336,427.65822063164285,459.76225154685955,175.2921064565465,1.3479691773692557,1.3466297034824093,149.92964910770672,27.733348602114358,True
lift_and_cruse,cruise_285,0.5929817176922476,55.59203603364821,74.96482455630297,427.6336983887305,459.74018825310554,175.30237773793908,1.348488191420781,1.3467086095603593,149.92964911260594,27.750055638276958,True
lift_and_cruse,cruise_285,0.5928242298774394,55.57727155100994,74.96482456063524,427.6167277214207,459.7249197559462,175.30948672522072,1.3488475947070573,1.3467632222501642,149.92964912127047,27.761617266028782,True
lift_and_cruse,cruise_285,0.592768023058311,55.572002161716654,74.96482456059034,427.6106708127153,459.71947044768666,175.31202409423057,1.3489759106810109,1.3467827148362619,149.9296491211807,27.765743563199514,True
lift_and_cruse,cruise_286,0.592768023058311,55.572002161716654,74.96482119683431,427.6080041738572,459.7168660573782,175.3120158298345,1.3489674346902365,1.3489674346902365,149.92964239366862,27.765743563199514,True
lift_and_cruse,cruise_286,0.5927118162081232,55.566732769511546,74.96481709892386,427.6019483521614,459.71141606130857,175.31454323877668,1.3490957003774386,1.3489868822582824,149.92963419784772,27.769869860370246,True
lift_and_cruse,cruise_286,0.5925543279207781,55.551968242572954,74.96481710179934,427.5849765910387,459.6961472440378,175.32165366998743,1.3494554297885968,1.349041594652664,149.92963420359868,27.781431488122067,True
lift_and_cruse,cruise_286,0.5923267502497597,55.53063283591497,74.96481710480435,427.5604506054238,459.67408283964227,175.33193003211542,1.349975593319109,1.3491206678285221,149.9296342096087,27.798138524284667,True
lift_and_cruse,cruise_286,0.5920741573961263,55.506952255886844,74.96481711072514,427.5332273189541,459.64959275068577,175.34333800831126,1.3505534017069194,1.349208448396848,149.92963422145027,27.81668193544769,True
lift_and_cruse,cruise_286,0.5918465784721411,55.48561673176323,74.96481711168136,427.50869863946,459.627527538882,175.3536180929033,1.351074413302925,1.3492875502158241,149.9296342233627,27.833388971610294,True
lift_and_cruse,cruise_286,0.5916890886223791,55.470852058348044,74.96481711598949,427.4917235179749,459.61225771543474,175.3607331757506,1.3514352003070684,1.3493422984029961,149.92963423197898,27.844950599362114,True
lift_and_cruse,cruise_286,0.5916328810768458,55.46558260095429,74.96481711462687,427.4856650200445,459.6068079337918,175.36327271723704,1.351564010369373,1.3493618393269198,149.92963422925374,27.849076896532846,True
lift_and_cruse,cruise_287,0.5916328810768458,55.46558260095429,74.9648134542554,427.4829965154109,459.6042018833016,175.36326372085003,1.3515555041302574,1.3515555041302574,149.9296269085108,27.849076896532846,True
lift_and_cruse,cruise_287,0.5915766735002342,55.46031314064695,74.96480955871192,427.4769390471452,459.5987514474259,175.36579379930646,1.3516842675732839,1.3515750038897345,149.92961911742384,27.853203193703578,True
lift_and_cruse,cruise_287,0.5914191831771217,55.44554842285517,74.96480956116125,427.4599628324976,459.5834813050965,175.37291032658246,1.3520453825852439,1.351629852216608,149.9296191223225,27.8647648214554,True
lift_and_cruse,cruise_287,0.5911916025633123,55.42421274031053,74.96480956346616,427.4354304119117,459.56141498719563,175.3831954991311,1.3525675503310277,1.3517091218496775,149.92961912693232,27.881471857618003,True
lift_and_cruse,cruise_287,0.5909390064420419,55.40053185394142,74.96480956588437,427.4081999846918,459.53692277573384,175.39461324962042,1.3531475859053166,1.3517971204600547,149.92961913176873,27.900015268781026,True
lift_and_cruse,cruise_287,0.5907114245727484,55.37919605369516,74.96480957002217,427.38366487044334,459.5148556542328,175.4049021580657,1.3536706066998536,1.3518764188863366,149.92961914004434,27.916722304943626,True
lift_and_cruse,cruise_287,0.5905539326840705,55.36443118913161,74.96480957090645,427.3666852979653,459.4995845092083,175.41202333446256,1.3540327853774603,1.351931303044802,149.9296191418129,27.928283932695447,True
lift_and_cruse,cruise_287,0.590497724410718,55.359161663504814,74.96480957230608,427.36062521041725,459.4941342567185,175.41456506071825,1.3541620924650375,1.3519508925759156,149.92961914461216,27.93241022986618,True
lift_and_cruse,cruise_288,0.590497724410718,55.359161663504814,74.9647965375908,427.3579574597785,459.4915250778894,175.41453301339598,1.3541533918636972,1.3541533918636972,149.9295930751816,27.93241022986618,True
lift_and_cruse,cruise_288,0.5904415161074942,55.35389213507759,74.96480032713576,427.3518961834684,459.48607541195634,175.4170841608493,1.3542827911031217,1.354173086041356,149.92960065427152,27.93653652703691,True
lift_and_cruse,cruise_288,0.5902840237480752,55.33912722638205,74.96480032417155,427.33491551935936,459.47080394936484,175.42420677792356,1.3546452996417384,1.3542280707447574,149.9296006483431,27.948098154788735,True
lift_and_cruse,cruise_288,0.5900564401907242,55.3177912678804,74.96480032005397,427.310376669251,459.44873572513586,175.43450075548952,1.355169483097886,1.3543075375049924,149.92960064010794,27.964805190951335,True
lift_and_cruse,cruise_288,0.5898038408009868,55.29411007509252,74.96480031516896,427.28313910659773,459.4242413995523,175.4459282805369,1.3557517586840986,1.3543957549493377,149.92960063033792,27.983348602114358,True
lift_and_cruse,cruise_288,0.589576255985668,55.272773998656376,74.96480031100607,427.2585975647174,459.40217237461246,175.4562259932704,1.356276800106055,1.3544752505440698,149.92960062201215,28.000055638276958,True
lift_and_cruse,cruise_288,0.5894187620575879,55.25800894289886,74.96480030803164,427.24161354401,459.38689991355864,175.46335326813778,1.3566403785121455,1.3545302712043914,149.92960061606328,28.011617266028782,True
lift_and_cruse,cruise_288,0.5893625530562446,55.25273934902293,74.96480030684553,427.2355518693309,459.3814491913638,175.46589716815356,1.3567701854081742,1.3545499094337659,149.92960061369106,28.015743563199514,True
lift_and_cruse,cruise_289,0.5893625530562446,55.25273934902293,74.96479783066134,427.2328791088519,459.37884009859437,175.46589107767147,1.3567616504400417,1.3567616504400417,149.92959566132268,28.015743563199514,True
lift_and_cruse,cruise_289,0.5893063440224873,55.24746975210818,74.96479426200332,427.2268183719016,459.37338877600996,175.46842631157142,1.3568914166418733,1.3567812537265223,149.92958852400665,28.019869860370246,True
lift_and_cruse,cruise_289,0.5891488496157661,55.232704651478066,74.96479426406323,427.2098332566641,459.3581159994223,175.47555505116986,1.3572553270216283,1.3568363755535835,149.92958852812646,28.031431488122067,True
lift_and_cruse,cruise_289,0.5889212630989401,55.21136841552563,74.96479426799118,427.1852879747979,459.33604587781844,175.48585787953624,1.3577815382075142,1.3569160405091638,149.92958853598236,28.048138524284667,True
lift_and_cruse,cruise_289,0.5886686604230023,55.18768691465646,74.96479427115602,427.1580432744302,459.3115494479362,175.4972952282347,1.3583660671550795,1.3570044779598927,149.92958854231205,28.06668193544769,True
lift_and_cruse,cruise_289,0.5884410726456313,55.16635056052794,74.96479427205114,427.13349530299735,459.28947852833113,175.50760178832576,1.3588931412427432,1.3570841717704312,149.92958854410227,28.083388971610294,True
lift_and_cruse,cruise_289,0.5882835766670385,55.15158531253485,74.9647942723265,427.1165068333474,459.2742047569746,175.51473518622186,1.3592581276803477,1.3571393296170264,149.929588544653,28.094950599362114,True
lift_and_cruse,cruise_289,0.588227366933733,55.146315650037465,74.96479427620002,427.1104435698032,459.2687535679424,175.51728128133215,1.3593884374428695,1.3571590168860608,149.92958855240005,28.099076896532846,True
lift_and_cruse,cruise_290,0.588227366933733,55.146315650037465,74.9647904672485,427.10776923271516,459.2661426389513,175.51727190950882,1.3593798530950687,1.3593798530950687,149.929580934497,28.099076896532846,True
lift_and_cruse,cruise_290,0.5881711571691889,55.14104598461146,74.96478658553573,427.1017070004385,459.260690798981,175.51980855266757,1.3595101164050345,1.359399499375842,149.92957317107147,28.103203193703578,True
lift_and_cruse,cruise_290,0.5880136607144473,55.12628069197943,74.96478658841211,427.08471743790676,459.24541671332884,175.52694341047328,1.359875436691821,1.3594547587919112,149.92957317682422,28.1147648214554,True
lift_and_cruse,cruise_290,0.5877860712371403,55.10494417848191,74.9647865893792,427.06016573125646,459.22334470068927,175.5372550712794,1.3604036871889928,1.3595346225215559,149.9295731787584,28.131471857618003,True
lift_and_cruse,cruise_290,0.587533465273912,55.081262369429254,74.96478659319472,427.0329138995265,459.1988461743283,175.54870223509968,1.3609904824610815,1.359623280712873,149.92957318638943,28.150015268781026,True
lift_and_cruse,cruise_290,0.5873058745335262,55.05992573751809,74.96478659602998,427.0083595032426,459.17677336768173,175.55901764359288,1.3615196009774093,1.359703173468324,149.92957319205996,28.166722304943626,True
lift_and_cruse,cruise_290,0.5871483765037533,55.04516029722687,74.9647865988771,426.9913665874765,459.1614982915389,175.56615716888086,1.3618860036243512,1.3597584690340057,149.9295731977542,28.178283932695447,True
lift_and_cruse,cruise_290,0.5870921660382513,55.039890566086065,74.96478659938165,426.9853017384481,459.15604663631933,175.5687054404994,1.3620168190256485,1.3597782053771061,149.9295731987633,28.18241022986618,True
lift_and_cruse,cruise_291,0.5870921660382513,55.039890566086065,74.96477873197998,426.98262661252704,459.15343342976894,175.56868607677282,1.3620081355714344,1.3620081355714344,149.92955746395995,28.18241022986618,True
lift_and_cruse,cruise_291,0.5870359555421805,55.03462083207942,74.96477792116166,426.97656190476994,459.1479816192658,175.57123245911862,1.3621389603738487,1.3620278896263787,149.9295558423233,28.18653652703691,True
lift_and_cruse,cruise_291,0.5868784570373645,55.01985534725292,74.96477792172468,426.9595678983156,459.1327062295372,175.57837343359452,1.36250569872208,1.36208328712094,149.92955584344935,28.198098154788735,True
lift_and_cruse,cruise_291,0.586650864596599,54.998518555931156,74.96477792244974,426.9350097696568,459.11063233423994,175.5886939424442,1.3630360004610398,1.362163350470109,149.92955584489948,28.214805190951335,True
lift_and_cruse,cruise_291,0.5863982553427799,54.97483643838561,74.96477792334998,426.9077508115563,459.0861317196428,175.60015092250492,1.3636250752017307,1.3622522302151279,149.92955584669997,28.233348602114358,True
lift_and_cruse,cruise_291,0.5861706616364142,54.95349952841383,74.96477792406534,426.88318999516815,459.0640570332496,175.61047517832452,1.3641562499933162,1.3623323226321427,149.9295558481307,28.250055638276958,True
lift_and_cruse,cruise_291,0.5860131615534209,54.938733895633206,74.96477792465865,426.8661926371583,459.04878065704764,175.61762082529947,1.3645240770219187,1.3623877563745217,149.9295558493173,28.261617266028782,True
lift_and_cruse,cruise_291,0.5859569503549946,54.93346409578075,74.96477792486708,426.86012620263887,459.04332853810104,175.62017128318854,1.3646554010677936,1.3624075420462833,149.92955584973416,28.265743563199514,True
lift_and_cruse,cruise_292,0.5859569503549946,54.93346409578075,74.96477097141101,426.857448843522,459.0407138520662,175.62015416270853,1.3646467086199572,1.3646467086199572,149.92954194282203,28.265743563199514,True
lift_and_cruse,cruise_292,0.5859007391253171,54.92819429299848,74.9647700211939,426.85138259089655,459.0352615556139,175.62270238828322,1.3647780396513738,1.3646665094660497,149.9295400423878,28.269869860370246,True
lift_and_cruse,cruise_292,0.5857432385645908,54.913428615430384,74.96477002176127,426.83438414185827,459.019984867315,175.62984949169115,1.3651462043957772,1.3647220456383546,149.92954004352254,28.281431488122067,True
lift_and_cruse,cruise_292,0.5855156431519316,54.89209154549359,74.96477002259476,426.8098195939964,458.997909096836,175.6401788589213,1.3656785693819635,1.3648023094159374,149.92954004518953,28.298138524284667,True
lift_and_cruse,cruise_292,0.5852630305981513,54.868409118576686,74.96477002360882,426.78255351187653,458.97340640272995,175.651645673196,1.3662699369861842,1.3648914116629596,149.92954004721764,28.31668193544769,True
lift_and_cruse,cruise_292,0.5850354339173547,54.847071929752,74.96477002441313,426.75798627765505,458.9513298443727,175.66197879125824,1.366803180131853,1.364971704586176,149.92954004882625,28.333388971610294,True
lift_and_cruse,cruise_292,0.5848779317752871,54.83230610393316,74.96477002500178,426.74098447876423,458.93605217361477,175.66913057201938,1.367172439925061,1.3650272771035958,149.92954005000357,28.344950599362114,True
lift_and_cruse,cruise_292,0.5848217198418464,54.8270362351731,74.96477002525236,426.7349164593755,458.93059959283084,175.67168321935338,1.3673042756011005,1.3650471123087249,149.92954005050473,28.349076896532846,True
lift_and_cruse,cruise_293,0.5848217198418464,54.8270362351731,74.96476313387943,426.73223711036076,458.9279832870794,175.6716662455454,1.3672955585692268,1.3672955585692268,149.92952626775886,28.349076896532846,True
lift_and_cruse,cruise_293,0.5847655078771334,54.82176636348126,74.96476203380594,426.72616931680125,458.92253050493366,175.67421629061624,1.367427398606452,1.3673154061939123,149.92952406761188,28.353203193703578,True
lift_and_cruse,cruise_293,0.584608005256493,54.80700049279622,74.96476203445326,426.7091664274018,458.907252523404,175.68136952951704,1.3677969980973117,1.367371081602403,149.92952406890652,28.3647648214554,True
lift_and_cruse,cruise_293,0.5843804068661537,54.78566314370191,74.96476203538437,426.6845954635853,458.8851748854432,175.69170776431852,1.3683314384110468,1.367451546613236,149.92952407076874,28.381471857618003,True
lift_and_cruse,cruise_293,0.5841277910059892,54.76198040681148,74.96476203642176,426.6573222610775,458.86067012036636,175.70318442281675,1.3689251123076414,1.36754087225423,149.92952407284352,28.400015268781026,True
lift_and_cruse,cruise_293,0.5839001913449737,54.74064293859129,74.96476203734055,426.6327486122657,458.8385916977585,175.71352641240614,1.3694604359283022,1.3676213664894958,149.9295240746811,28.416722304943626,True
lift_and_cruse,cruise_293,0.5837426871398261,54.725876919358704,74.9647620379977,426.6157423747247,458.8233127377941,175.7206843335123,1.3698311368861382,1.3676770783407366,149.9295240759954,28.428283932695447,True
lift_and_cruse,cruise_293,0.5836864744699412,54.72060698155698,74.96476203825263,426.6096727712808,458.817859697072,175.7232391724773,1.36996348719133,1.367696963277473,149.92952407650526,28.43241022986618,True
lift_and_cruse,cruise_294,0.5836864744699412,54.72060698155698,74.96475523191646,426.60699142202117,458.81524177228283,175.72322240200145,1.369954745881504,1.369954745881504,149.9295104638329,28.43241022986618,True
lift_and_cruse,cruise_294,0.5836302617687643,54.71533704082165,74.96475395758834,426.6009220955324,458.80978850246936,175.72577420846244,1.3700870974687078,1.369974640004341,149.92950791517669,28.43653652703691,True
lift_and_cruse,cruise_294,0.5834727570842063,54.70057097664434,74.96475395833662,426.5839147680192,458.7945092330533,175.7329335892915,1.370458140120626,1.3700304552096978,149.92950791667323,28.448098154788735,True
lift_and_cruse,cruise_294,0.5832451557104015,54.679233347850136,74.96475395929522,426.5593373915277,458.7724297353206,175.74328070071454,1.3709946679356193,1.3701111222621591,149.92950791859045,28.464805190951335,True
lift_and_cruse,cruise_294,0.58299253653743,54.655550300384064,74.96475396051929,426.5320570722051,458.7479229078738,175.75476721407765,1.371590661663145,1.3702006721991584,149.92950792103858,28.483348602114358,True
lift_and_cruse,cruise_294,0.5827649338904084,54.63421255222579,74.96475396152174,426.50747701207706,458.72584262874,175.76511808434452,1.3721280779735427,1.3702813685559192,149.92950792304347,28.500055638276958,True
lift_and_cruse,cruise_294,0.5826074276181753,54.61944633920394,74.96475396224935,426.4904663381455,458.71056238492076,175.77228215219074,1.3725002285605468,1.3703372203017021,149.9295079244987,28.511617266028782,True
lift_and_cruse,cruise_294,0.5825512142104164,54.61417633222655,74.964753962498,426.48439515145725,458.7051088861692,175.7748391850388,1.3726330965178488,1.3703571551699436,149.929507924996,28.515743563199514,True
lift_and_cruse,cruise_295,0.5825512142104164,54.61417633222655,74.96474727666964,426.48171178793206,458.70248934501996,175.77482270547324,1.3726243314671316,1.3726243314671316,149.92949455333928,28.515743563199514,True
lift_and_cruse,cruise_295,0.5824950007713467,54.608906322313764,74.96474579133547,426.4756409401459,458.6970355835961,175.77737618470428,1.3727571969431205,1.3726442715681566,149.92949158267095,28.519869860370246,True
lift_and_cruse,cruise_295,0.5823374940188683,54.5941400642689,74.96474579206348,426.4586291768175,458.68175503162905,175.78454171355165,1.373129691234019,1.3727002271316004,149.92949158412696,28.531431488122067,True
lift_and_cruse,cruise_295,0.5821098896558121,54.572802155232395,74.96474579325053,426.4340453908658,458.65967368189797,175.79489771132205,1.3736683188243604,1.3727810970440115,149.92949158650106,28.548138524284667,True
lift_and_cruse,cruise_295,0.5818572671636117,54.5491187965886,74.96474579446664,426.4067579584203,458.6351648006466,175.8063940893222,1.3742666460209882,1.3728708721774685,149.92949158893327,28.56668193544769,True
lift_and_cruse,cruise_295,0.5816296615247971,54.52778076794973,74.96474579566399,426.382171490222,458.61308267275433,175.8167538497777,1.3748061673343028,1.3729517714726607,149.92949159132797,28.583388971610294,True
lift_and_cruse,cruise_295,0.5814721531814733,54.513014360763115,74.96474579652168,426.3651563821534,458.59780115045464,175.82392407089978,1.3751797760824398,1.373007763678044,149.92949159304337,28.594950599362114,True
lift_and_cruse,cruise_295,0.5814159390344109,54.507744284476026,74.96474579668694,426.35908361305366,458.5923471955765,175.82648329972332,1.3753131647373316,1.373027748677596,149.92949159337388,28.599076896532846,True
lift_and_cruse,cruise_296,0.5814159390344109,54.507744284476026,74.96473924603771,426.35639822727103,458.58972603739517,175.82646714745465,1.3753043761043062,1.3753043761043062,149.92947849207542,28.599076896532846,True
lift_and_cruse,cruise_296,0.5813597248560288,54.5024742052527,74.96473752222552,426.35032586715363,458.5842717819261,175.82902223362254,1.3754377579978416,1.3753243618393611,149.92947504445104,28.603203193703578,True
lift_and_cruse,cruise_296,0.5812022160316515,54.48770775296732,74.96473752296684,426.33330967027666,458.56898995278436,175.83619391695854,1.3758117124748936,1.375380458328337,149.92947504593369,28.6147648214554,True
lift_and_cruse,cruise_296,0.5809746086735952,54.46636956314955,74.96473752421348,426.30871947820435,458.5469067587926,175.84655880990016,1.3763524522041304,1.375461531916698,149.92947504842695,28.631471857618003,True
lift_and_cruse,cruise_296,0.5807219828557841,54.442685892729756,74.96473752554564,426.28142493625626,458.5223958323793,175.8580650630952,1.3769531266208135,1.375551533158425,149.9294750510913,28.650015268781026,True
lift_and_cruse,cruise_296,0.5804943742194262,54.4213475830712,74.96473752668668,426.2568320633577,458.5003118634612,175.86843372236,1.3774947653401566,1.3756326362067461,149.92947505337335,28.666722304943626,True
lift_and_cruse,cruise_296,0.5803368638010326,54.4065809813468,74.96473752759815,426.2398125234571,458.4850290680505,175.87561010296795,1.3778698408458965,1.3756887694375095,149.9294750551963,28.678283932695447,True
lift_and_cruse,cruise_296,0.5802806489132465,54.401310835616854,74.96473752789416,426.2337381726986,458.47957465900095,175.87817153057586,1.3780037532730973,1.3757088047749384,149.92947505578832,28.68241022986618,True
lift_and_cruse,cruise_297,0.5802806489132465,54.401310835616854,74.96473113703578,426.2310507537473,458.47695188470317,175.8781557665521,1.3779949413999948,1.3779949413999948,149.92946227407157,28.68241022986618,True
lift_and_cruse,cruise_297,0.5802244339941124,54.396040686948034,74.96472917498166,426.2249768822033,458.4714971372058,175.8807124620888,1.378128842770105,1.3780149729582114,149.9294583499633,28.68653652703691,True
lift_and_cruse,cruise_297,0.5800669230938023,54.38127404004396,74.96472917594126,426.2079562539959,458.45621403630184,175.88789030682625,1.37850426605119,1.3780712109469215,149.92945835188252,28.698098154788735,True
lift_and_cruse,cruise_297,0.5798393127349161,54.359935568898386,74.9647291772602,426.18335965909444,458.43412900582825,175.89826410422313,1.3790471303838538,1.3781524890355716,149.9294583545204,28.714805190951335,True
lift_and_cruse,cruise_297,0.5795866835850229,54.33625158609589,74.96472917877817,426.1560580112836,458.4096160429,175.9097802430553,1.379650165879209,1.3782427173017597,149.92945835755634,28.733348602114358,True
lift_and_cruse,cruise_297,0.5793590719452898,54.314912994870916,74.96472918016114,426.1314587368983,458.3875302407887,175.92015781112175,1.3801939345158813,1.3783240249333828,149.9294583603223,28.750055638276958,True
lift_and_cruse,cruise_297,0.57920155944779,54.3001461982303,74.96472918094744,426.1144347675034,458.3722461776278,175.92734035718124,1.3805704854417806,1.3783802997566728,149.9294583618949,28.761617266028782,True
lift_and_cruse,cruise_297,0.5791453438178397,54.29487598292246,74.9647291813514,426.1083588359088,458.3667913163275,175.9299039858064,1.3807049247359917,1.3784003856352272,149.9294583627028,28.765743563199514,True
lift_and_cruse,cruise_298,0.5791453438178397,54.29487598292246,74.96472295145713,426.10566937970094,458.3641669230643,175.92988861320418,1.3806960895353086,1.3806960895353086,149.92944590291427,28.765743563199514,True
lift_and_cruse,cruise_298,0.5790891281565358,54.28960576467523,74.96472072034699,426.09959400671664,458.35871168059174,175.93244684393446,1.3808305128932479,1.3807161665057044,149.92944144069398,28.769869860370246,True
lift_and_cruse,cruise_298,0.5789316151763205,54.27483892278005,74.96472072139068,426.08256894951404,458.343427313303,175.93963085613964,1.38120741365755,1.3807725465650398,149.92944144278135,28.781431488122067,True
lift_and_cruse,cruise_298,0.5787040018108633,54.253500169768444,74.96472072273102,426.05796595511794,458.3213404541447,175.95001356711836,1.3817524151548546,1.380854029981872,149.92944144546203,28.798138524284667,True
lift_and_cruse,cruise_298,0.578451369322516,54.22981587398587,74.96472072421345,426.0306572051964,458.2968254633346,175.96153960131738,1.3823578256910194,1.380944486188443,149.9294414484269,28.81668193544769,True
lift_and_cruse,cruise_298,0.5782237546736665,54.20847700065623,74.96472072583639,426.0060515326501,458.27473783584344,175.971926087437,1.38290373684907,1.3810259992325449,149.92944145167277,28.833388971610294,True
lift_and_cruse,cruise_298,0.5780662400930867,54.19371000872688,74.9647207267094,425.98902313600206,458.25945251037604,175.97911480587624,1.383281771932976,1.3810824162263602,149.9294414534188,28.844950599362114,True
lift_and_cruse,cruise_298,0.5780100237195539,54.18843972370818,74.96472072712135,425.9829456244228,458.25399719873985,175.9816806375571,1.3834167412117744,1.3811025528489438,149.9294414542427,28.849076896532846,True
lift_and_cruse,cruise_299,0.5780100237195539,54.18843972370818,74.96471473138129,425.9802541057912,458.25137119518405,175.98166583732348,1.3834078839244637,1.3834078839244637,149.92942946276258,28.849076896532846,True
lift_and_cruse,cruise_299,0.5779538073146556,54.18316943574896,74.96471216654747,425.9741772512949,458.24591544938903,175.98422544542333,1.383542831177764,1.3834280052365802,149.92942433309494,28.853203193703578,True
lift_and_cruse,cruise_299,0.5777962922505429,54.16840239848839,74.96471216748296,425.95714776745604,458.2306298210961,175.99141563103407,1.3839212181720926,1.3834845279397463,149.92942433496592,28.8647648214554,True
lift_and_cruse,cruise_299,0.5775686758727454,54.14706336306989,74.96471216914254,425.9325383768079,458.2085411411233,176.001807265593,1.384468369501056,1.3835662175243246,149.9294243382851,28.881471857618003,True
lift_and_cruse,cruise_299,0.5773160400395384,54.12337875370672,74.96471217075181,425.9052225284273,458.18402413114404,176.01334320584127,1.385076169157717,1.3836569026000227,149.92942434150362,28.900015268781026,True
lift_and_cruse,cruise_299,0.5770884223758015,54.10203959773139,74.96471217237632,425.88061046112534,458.1619346860659,176.02373861869302,1.3856242355366208,1.383738621886105,149.92942434475265,28.916722304943626,True
lift_and_cruse,cruise_299,0.5769309057081479,54.08727241013886,74.96471217342378,425.8635776395079,458.1466481037271,176.03093351614353,1.3860037635832927,1.383795181629472,149.92942434684755,28.928283932695447,True
lift_and_cruse,cruise_299,0.5768746885896071,54.08200205527566,74.96471217368064,425.85749854881647,458.1411923436644,176.0335015527672,1.3861392659878027,1.383815369198981,149.92942434736128,28.93241022986618,True
lift_and_cruse,cruise_300,0.5768746885896071,54.08200205527566,74.96470644420556,425.85480495455454,458.1385647318947,176.0334874046118,1.3861303871025654,1.3861303871025654,149.92941288841112,28.93241022986618,True
lift_and_cruse,cruise_300,0.5768184714396923,54.07673169747116,74.96470350900904,425.8487266303305,458.13310847893916,176.03604830129441,1.3862658606945217,1.3861505522243405,149.92940701801808,28.93653652703691,True
lift_and_cruse,cruise_300,0.576660954287697,54.06196446447159,74.96470351028643,425.83169272203645,458.11782159513956,176.04324466783754,1.3866457427467362,1.3862072181604033,149.92940702057285,28.948098154788735,True
lift_and_cruse,cruise_300,0.5764333348918005,54.040625146106294,74.96470351188574,425.8070769385925,458.0957311021351,176.05364523430876,1.38719505666204,1.3862891147440668,149.9294070237715,28.964805190951335,True
lift_and_cruse,cruise_300,0.5761806957073423,54.01694022256335,74.96470351366617,425.7797539954556,458.07121208170406,176.06519109100762,1.3878052596281376,1.3863800296208404,149.92940702733233,28.983348602114358,True
lift_and_cruse,cruise_300,0.5759530750229579,53.9956007834023,74.9647035155299,425.7551355366787,458.04912082692897,176.0755954404541,1.3883554940367557,1.386461955992569,149.9294070310598,29.000055638276958,True
lift_and_cruse,cruise_300,0.5757955562642443,53.9808333997729,74.96470351655516,425.73809829247017,458.03383299312367,176.08279652284935,1.388736523915417,1.3865186590623955,149.92940703311032,29.011617266028782,True
lift_and_cruse,cruise_300,0.5757393383992727,53.97556297493182,74.96470351683828,425.7320176234416,458.028376786604,176.08536676715585,1.3888725626180403,1.386538897789629,149.92940703367657,29.015743563199514,True
lift_and_cruse,cruise_301,0.5757393383992727,53.97556297493182,74.96469804402716,425.72932195254543,458.02574756202466,176.08535324783574,1.38886366185364,1.38886366185364,149.92939608805432,29.015743563199514,True
lift_and_cruse,cruise_301,0.575683120502922,53.97029254714894,74.96469474344852,425.72324215820834,458.0202908047362,176.08791544702626,1.3889996650193923,1.3888838710606213,149.92938948689704,29.019869860370246,True
lift_and_cruse,cruise_301,0.5755256012590683,53.95552511803765,74.96469474462123,425.706203827914,458.0050026707986,176.09511799981522,1.3893810510106357,1.388940680804627,149.92938948924245,29.031431488122067,True
lift_and_cruse,cruise_301,0.575297978839326,53.934185516186815,74.96469474653078,425.6815816549256,457.98291037268694,176.10552750839526,1.3899325403820202,1.3890227852382888,149.92938949306156,29.048138524284667,True
lift_and_cruse,cruise_301,0.5750453362972382,53.910500277866085,74.96469474820415,425.6542516208468,457.95838935049386,176.11708329115774,1.390545160953038,1.389113930847319,149.9293894964083,29.06668193544769,True
lift_and_cruse,cruise_301,0.5748177125864594,53.88916055498057,74.96469475030301,425.62962677396246,457.9362962938941,176.12749658646825,1.3910975762973241,1.389196065148612,149.92938950060602,29.083388971610294,True
lift_and_cruse,cruise_301,0.5746601917327085,53.87439297494142,74.9646947513552,425.6125851094792,457.9210072140809,176.13470386035343,1.39148011695215,1.3892529121300077,149.9293895027104,29.094950599362114,True
lift_and_cruse,cruise_301,0.5746039731198868,53.869122479989386,74.96469475178351,425.606502862911,457.915550563069,176.13727631492864,1.3916166951492877,1.3892732022257788,149.92938950356702,29.099076896532846,True
lift_and_cruse,cruise_302,0.5746039731198868,53.869122479989386,74.96468962569224,425.60380508511685,457.9129197369936,176.13726364744184,1.3916077740727744,1.3916077740727744,149.9293792513845,29.099076896532846,True
lift_and_cruse,cruise_302,0.5745477544756807,53.86385198209507,74.96468586973475,425.5977238481724,457.907462463044,176.13982692838252,1.3917443083099534,1.3916280257878875,149.9293717394695,29.103203193703578,True
lift_and_cruse,cruise_302,0.5743902331359895,53.849084356499006,74.964685871383,425.5806810980407,457.89217308451543,176.14703567527664,1.3921272072110482,1.391684979938369,149.929371742766,29.1147648214554,True
lift_and_cruse,cruise_302,0.5741626076866513,53.82774447062356,74.96468587341046,425.556052538938,457.87007898915,176.1574541347744,1.3926808850000325,1.3917672930669525,149.92937174682092,29.131471857618003,True
lift_and_cruse,cruise_302,0.5739099617805509,53.804058916926635,74.96468587519307,425.52871541760135,457.84555597398526,176.16901985444443,1.393295937594326,1.3918586703545988,149.92937175038614,29.150015268781026,True
lift_and_cruse,cruise_302,0.5736823350376268,53.782718909777515,74.96468587715133,425.504084186099,457.82346112339394,176.1794421039824,1.3938505468760245,1.391941013427155,149.92937175430265,29.166722304943626,True
lift_and_cruse,cruise_302,0.5735248120848591,53.76795113295553,74.96468587816021,425.4870381037024,457.808170803026,176.1866555756112,1.394234607320126,1.3919980049063503,149.92937175632042,29.178283932695447,True
lift_and_cruse,cruise_302,0.5734685927227666,53.762680567759375,74.96468587860291,425.48095428046844,457.80271370945167,176.18923024242696,1.3943717282289754,1.3920183465778526,149.92937175720581,29.18241022986618,True
lift_and_cruse,cruise_303,0.5734685927227666,53.762680567759375,74.96467647513796,425.4782557515173,457.8000805413886,176.1892069962982,1.3943627007315387,1.3943627007315387,149.92935295027593,29.18241022986618,True
lift_and_cruse,cruise_303,0.5734123733295832,53.757409999648424,74.96467649939873,425.47217182773915,457.79462342833165,176.19178183123873,1.3944998480102857,1.3943830779944983,149.92935299879747,29.18653652703691,True
lift_and_cruse,cruise_303,0.5732548498909127,53.74264217727306,74.96467649939272,425.45512466084085,457.77933281042255,176.19899677332182,1.3948842688089902,1.3944401771000572,149.92935299878545,29.198098154788735,True
lift_and_cruse,cruise_303,0.5730272214074457,53.72130200694804,74.96467649937624,425.4304897197959,457.7572369254832,176.20942418756573,1.3954401480378078,1.3945226997343017,149.92935299875248,29.214805190951335,True
lift_and_cruse,cruise_303,0.5727745721323073,53.69761613740381,74.96467649936666,425.4031455156904,457.7327119259551,176.22099984961963,1.3960576471425576,1.3946143096102948,149.92935299873332,29.233348602114358,True
lift_and_cruse,cruise_303,0.5725469423527161,53.676275845567126,74.96467649935755,425.3785079036519,457.7106152891149,176.23143105803862,1.3966144634340307,1.3946968622716691,149.9293529987151,29.250055638276958,True
lift_and_cruse,cruise_303,0.572389417297805,53.661507871669215,74.96467649933228,425.3614574060873,457.69532373359675,176.23865073131395,1.3970000527311348,1.3947539988199187,149.92935299866457,29.261617266028782,True
lift_and_cruse,cruise_303,0.5723331971853268,53.65623723612438,74.96467649934232,425.3553720071958,457.68986619937453,176.24122761152938,1.3971377195871686,1.394774392269199,149.92935299868464,29.265743563199514,True
lift_and_cruse,cruise_304,0.5723331971853268,53.65623723612438,74.96466734724747,425.35267139324236,457.6872314090538,176.24120497841523,1.397128669631394,1.397128669631394,149.92933469449494,29.265743563199514,True
lift_and_cruse,cruise_304,0.5722769770446254,53.65096659793363,74.96466737463558,425.34658589218515,457.6817738554485,176.24378203584217,1.3972663630734876,1.3971490989107722,149.92933474927116,29.269869860370246,True
lift_and_cruse,cruise_304,0.5721194514990391,53.636198578034914,74.96466737462625,425.329534310877,457.66648200439386,176.25100318361038,1.3976523149164688,1.3972063435975404,149.9293347492525,29.281431488122067,True
lift_and_cruse,cruise_304,0.5718918199778766,53.61485812292593,74.96466737460898,425.3048929899545,457.6443843374399,176.26143956716442,1.3982104087917546,1.397289076637594,149.92933474921796,29.298138524284667,True
lift_and_cruse,cruise_304,0.5716391673226009,53.591171936493836,74.96466737458273,425.277541706819,457.6198573631255,176.27302518634102,1.3988303691008221,1.3973809200899188,149.92933474916546,29.31668193544769,True
lift_and_cruse,cruise_304,0.571411534501868,53.56983135955012,74.96466737236891,425.2528843713974,457.5977661611181,176.2835774141838,1.3993902511945437,1.3974645714701364,149.92933474473782,29.333388971610294,True
lift_and_cruse,cruise_304,0.5712540073178607,53.555063186049445,74.96466737490971,425.2334302232217,457.58026415763015,176.29183890960095,1.399777703920568,1.3975300633742727,149.92933474981942,29.344950599362114,True
lift_and_cruse,cruise_304,0.5711977864347692,53.549792478259604,74.96466737490222,425.2264707891302,457.57400150648425,176.29478741425064,1.3999159810211497,1.3975534372520166,149.92933474980444,29.349076896532846,True
lift_and_cruse,cruise_305,0.5711977864347692,53.549792478259604,74.96465808777396,425.2233940478618,457.57099087773685,176.29476443904352,1.3999056694397627,1.3999056694397627,149.9293161755479,29.349076896532846,True
lift_and_cruse,cruise_305,0.571141565515404,53.54452176706912,74.96465813101231,425.2164348703528,457.56472855517234,176.29771305748304,1.4000439736526709,1.399929083564871,149.92931626202463,29.353203193703578,True
lift_and_cruse,cruise_305,0.5709840377726041,53.529753541181634,74.96465813099194,425.19693690441267,457.5471832770686,176.30597463894065,1.4004316368980207,1.3999946863906716,149.92931626198387,29.3647648214554,True
lift_and_cruse,cruise_305,0.5707564029969828,53.50841278096714,74.96465813095942,425.1687646000478,457.52183320645463,176.317913067427,1.4009922062648335,1.4000894859939124,149.92931626191884,29.381471857618003,True
lift_and_cruse,cruise_305,0.5705037466378177,53.484726247295406,74.96465813091612,425.1374999530317,457.49370171975056,176.33116385828143,1.401614917498226,1.4001947066866578,149.92931626183224,29.400015268781026,True
lift_and_cruse,cruise_305,0.5702761103854963,53.46338534864027,74.96465813088382,425.10933530910575,457.46836060201605,176.34310253002837,1.4021764355928954,1.4002895082215605,149.92931626176764,29.416722304943626,True
lift_and_cruse,cruise_305,0.5701185808012814,53.448616950120126,74.9646581308661,425.0898468955757,457.45082648797063,176.35136441483314,1.4025652818834784,1.400355113456153,149.9293162617322,29.428283932695447,True
lift_and_cruse,cruise_305,0.5700623590624094,53.44334616210088,74.96465813085592,425.0828919820898,457.44456912695455,176.3543130607704,1.4027041117898482,1.4003785277996128,149.92931626171185,29.43241022986618,True
lift_and_cruse,cruise_306,0.5700623590624094,53.44334616210088,75.36202249693507,424.96284849577575,457.5050900641042,177.33790792217832,1.4101291911682945,1.4101291911682945,150.72404499387014,29.43241022986618,True
lift_and_cruse,cruise_306,0.5700058322024374,53.4380467689785,75.36202330703459,424.95586390008606,457.49881070979313,177.3408888855969,1.410269558821837,1.4101528947496866,150.72404661406918,29.43653652703691,True
lift_and_cruse,cruise_306,0.5698474472292949,53.4231981777464,75.36202330736626,424.93629535040697,457.4812173740601,177.34923578008767,1.4106629667672839,1.4102192663434137,150.72404661473252,29.448098154788735,True
lift_and_cruse,cruise_306,0.5696185737100127,53.40174128531369,75.36202330778357,424.9080210600452,457.45579787855837,177.3612974970768,1.411231845970735,1.410315176909977,150.72404661556715,29.464805190951335,True
lift_and_cruse,cruise_306,0.56936454243537,53.377925853315936,75.36202330821581,424.87664323152944,457.42758936424707,177.37468513853065,1.4118637922163981,1.4104216307654227,150.72404661643162,29.483348602114358,True
lift_and_cruse,cruise_306,0.5691356674146238,53.35646882012098,75.36202330871104,424.84837662750573,457.4021788724292,177.38674711835174,1.4124336414115557,1.4105175434219341,150.7240466174221,29.500055638276958,True
lift_and_cruse,cruise_306,0.5689772805691864,53.34162005336122,75.36202330913018,424.82881766253655,457.3845967641045,177.39509434056112,1.4128282589176044,1.4105839176215653,150.72404661826036,29.511617266028782,True
lift_and_cruse,cruise_306,0.5689207528759646,53.33632058212168,75.36202330910602,424.82183757099835,457.3783222768841,177.39807344371346,1.4129691497162404,1.4106076064107693,150.72404661821204,29.515743563199514,True
lift_and_cruse,cruise_307,0.5689207528759646,53.33632058212168,75.35427574045966,424.8210033915658,457.37403874827095,177.37888460979048,1.4128135371540176,1.4128135371540176,150.7085514809193,29.515743563199514,True
lift_and_cruse,cruise_307,0.5688642310868438,53.331021664391606,75.35427665352294,424.8140238796401,457.36776516706465,177.3818653898214,1.4129544427955283,1.4128372789110382,150.7085533070459,29.519869860370246,True
lift_and_cruse,cruise_307,0.5687058603217181,53.31617440516107,75.35427665383452,424.79446965681603,457.35018795826016,177.390211054339,1.4133493535095834,1.4129037516923557,150.70855330766904,29.531431488122067,True
lift_and_cruse,cruise_307,0.5684770073331095,53.29471943747901,75.3542766543156,424.76621606487765,457.3247917627823,177.40227099463277,1.4139204065067996,1.412999808485935,150.7085533086312,29.548138524284667,True
lift_and_cruse,cruise_307,0.5682229988450976,53.270906141727906,75.35427665475677,424.73486120373116,457.29660910389117,177.4156566645535,1.4145547685692836,1.4131064246466436,150.70855330951355,29.56668193544769,True
lift_and_cruse,cruise_307,0.5679941443537668,53.249451033165634,75.35427665555459,424.7066152869495,457.27122190196275,177.42771686935868,1.415126797133419,1.4132024835470425,150.70855331110917,29.583388971610294,True
lift_and_cruse,cruise_307,0.5678357717147767,53.234603598260314,75.35427665575045,424.6870706350393,457.25365590784884,177.4360628624512,1.4155229243508756,1.4132689589454421,150.7085533115009,29.594950599362114,True
lift_and_cruse,cruise_307,0.5677792490917082,53.229304602347646,75.3542766559382,424.68009565107633,457.24738717121136,177.4390415277186,1.415664354271939,1.4132926838584816,150.7085533118764,29.599076896532846,True
lift_and_cruse,cruise_308,0.5677792490917082,53.229304602347646,75.34642572561096,424.6792888658889,457.2430829916878,177.41959097361524,1.4155064825368524,1.4155064825368524,150.6928514512219,29.599076896532846,True
lift_and_cruse,cruise_308,0.567722732452118,53.22400616738607,75.34642675017687,424.6723144368097,457.2368151850536,177.42257158405994,1.4156479290749655,1.4155302627371291,150.69285350035375,29.603203193703578,True
lift_and_cruse,cruise_308,0.5675643761154627,53.20916026082463,75.34642675063948,424.6527745450795,457.2192541031905,177.4309159979943,1.4160443502450326,1.4155968369635281,150.69285350127896,29.6147648214554,True
lift_and_cruse,cruise_308,0.5673355439760968,53.18770724775907,75.34642675129534,424.6245416577258,457.1938812077261,177.44297413147274,1.416617588157738,1.415693040353539,150.69285350259068,29.631471857618003,True
lift_and_cruse,cruise_308,0.5670815586283038,53.16389612140348,75.34642675191502,424.59320977076703,457.1657244042425,177.45635779654685,1.4172543784038307,1.4157998192304857,150.69285350383004,29.650015268781026,True
lift_and_cruse,cruise_308,0.5668527249849655,53.142442967340514,75.34642675240497,424.5649845475897,457.14036049206135,177.46841619443424,1.4178285974843259,1.4158960247300303,150.69285350480993,29.666722304943626,True
lift_and_cruse,cruise_308,0.5666943667728873,53.127596884958194,75.34642675284094,424.54545421287776,457.1228106121978,177.47676093852797,1.4182262421549574,1.415962601590539,150.69285350568188,29.678283932695447,True
lift_and_cruse,cruise_308,0.5666378492986553,53.12229837174894,75.34642675305538,424.5384843380697,457.11654762610004,177.4797391579464,1.41836821395704,1.4159863627144942,150.69285350611077,29.68241022986618,True
lift_and_cruse,cruise_309,0.5666378492986553,53.12229837174894,75.33847084829566,424.5377053855236,457.11222246095764,177.46002273197402,1.4182080436557503,1.4182080436557503,150.6769416965913,29.68241022986618,True
lift_and_cruse,cruise_309,0.5665813378893934,53.11700042713063,75.33847084833971,424.53073637457277,457.1059602458085,177.46300034976255,1.4183500124612654,1.4182318398969183,150.67694169667942,29.68653652703691,True
lift_and_cruse,cruise_309,0.5664229962076017,53.10215589446267,75.33847084833415,424.5112108189967,457.08841529119525,177.47134348994194,1.4187479517841082,1.4182985158069605,150.6769416966683,29.698098154788735,True
lift_and_cruse,cruise_309,0.5661941852446312,53.08070486668417,75.33847084836017,424.4829986435094,457.06306569619846,177.48339978334212,1.4193233857518683,1.4183948661399175,150.67694169672035,29.714805190951335,True
lift_and_cruse,cruise_309,0.5659402234001775,53.056895943766634,75.33847084828083,424.4516897388098,457.0349347486198,177.49678140669363,1.419962616567704,1.418501808118072,150.67694169656167,29.733348602114358,True
lift_and_cruse,cruise_309,0.5657114109319975,53.03544477487476,75.33847084836557,424.42348521629987,457.00959412673734,177.5088379661548,1.4205390373568103,1.41859816057731,150.67694169673115,29.750055638276958,True
lift_and_cruse,cruise_309,0.5655530673732403,53.02060006624128,75.33847084834699,424.4039692038554,456.9920603614003,177.5171814378936,1.4209382072250833,1.418664839137077,150.67694169669397,29.761617266028782,True
lift_and_cruse,cruise_309,0.56549655512865,53.01530204331094,75.33847084834267,424.39700444000977,456.98580312594066,177.5201592031367,1.4210807236743932,1.4186886365566582,150.67694169668533,29.765743563199514,True
lift_and_cruse,cruise_310,0.56549655512865,53.01530204331094,75.33040577245092,424.3962545158494,456.98145622090175,177.50016634427655,1.4209181664363602,1.4209181664363602,150.66081154490183,29.765743563199514,True
lift_and_cruse,cruise_310,0.565440049032971,53.01000459684103,75.33040575850899,424.3892906280615,456.97519976014775,177.5031434651781,1.4210606792501024,1.4209419987811958,150.66081151701798,29.769869860370246,True
lift_and_cruse,cruise_310,0.5652817222393306,52.99516145993725,75.33040575163353,424.36977941607853,456.95767093264936,177.51148529338968,1.421460144332683,1.421008776494655,150.66081150326707,29.781431488122067,True
lift_and_cruse,cruise_310,0.5650529327898822,52.973712449051455,75.33040574904986,424.3415879610714,456.9323446390967,177.52353970952367,1.4220377855008812,1.4211052740880001,150.66081149809972,29.798138524284667,True
lift_and_cruse,cruise_310,0.5647989948229558,52.94990576465211,75.33040574905225,424.310302047313,456.9042395489796,177.5369192572555,1.4226794693350373,1.4212123795787859,150.6608114981045,29.81668193544769,True
lift_and_cruse,cruise_310,0.5645702038670686,52.92845661253768,75.3304057490518,424.2821182333993,456.87892221872846,177.54897394680683,1.4232581030612077,1.421308879360882,150.6608114981036,29.833388971610294,True
lift_and_cruse,cruise_310,0.5644118751949383,52.91361329952546,75.3304057490572,424.26261654863123,456.86140456887676,177.55731612503521,1.4236588059132884,1.4213756598762837,150.6608114981144,29.844950599362114,True
lift_and_cruse,cruise_310,0.564355368263256,52.908315774680254,75.33040574904719,424.2556568976656,456.855153084403,177.5602934286552,1.4238018697916417,1.4213994936838106,150.66081149809438,29.849076896532846,True
lift_and_cruse,cruise_311,0.564355368263256,52.908315774680254,75.32222836534943,424.25493688476877,456.850783852166,177.54001619308158,1.4236368567332618,1.4236368567332618,150.64445673069886,29.849076896532846,True
lift_and_cruse,cruise_311,0.5642988675667661,52.90301883438432,75.32222843599112,424.2479780932042,456.8445331624384,177.54299305562114,1.4237799181983044,1.42366072724606,150.64445687198224,29.853203193703578,True
lift_and_cruse,cruise_311,0.5641405559011163,52.88817711572966,75.3222284359317,424.2284812270144,456.8270204656415,177.55133358278945,1.424180917047638,1.4237276072775933,150.6444568718634,29.8647648214554,True
lift_and_cruse,cruise_311,0.5639117883117429,52.8667301542259,75.32222843585963,424.2003104999573,456.80171747633415,177.56338610111086,1.4247607767263082,1.4238242525841935,150.64445687171926,29.881471857618003,True
lift_and_cruse,cruise_311,0.5636578746069878,52.84292574440511,75.32222843577071,424.1690475871411,456.7736382458297,177.5767635359038,1.4254049260436015,1.4239315219740931,150.64445687154142,29.900015268781026,True
lift_and_cruse,cruise_311,0.5634291055099507,52.82147864155789,75.32222843569073,424.14088449078116,456.74834420916517,177.58881632232155,1.4259857839602277,1.4240281694304726,150.64445687138146,29.916722304943626,True
lift_and_cruse,cruise_311,0.5632707919642751,52.806636746650796,75.32222843561172,424.1213971399175,456.73084267612944,177.59715718377643,1.426388027592726,1.4240950521425433,150.64445687122344,29.928283932695447,True
lift_and_cruse,cruise_311,0.563214290431095,52.80133972791516,75.32222843560106,424.1144426040416,456.7245969431224,177.60013401757615,1.426531641685704,1.424118922424886,150.64445687120212,29.93241022986618,True
lift_and_cruse,cruise_312,0.563214290431095,52.80133972791516,75.31393339008144,424.11375403187014,456.7202044323758,177.57955896046687,1.4263640615586548,1.4263640615586548,150.6278667801629,29.93241022986618,True
lift_and_cruse,cruise_312,0.5631577952218565,52.79604330204904,75.31393568933855,424.1067997121561,456.7139598631689,177.58254086974725,1.4265077150222485,1.4263880130103717,150.6278713786771,29.93653652703691,True
lift_and_cruse,cruise_312,0.5629994989309538,52.781203024776914,75.31393569055933,424.0873172002851,456.69646329804414,177.590880058432,1.426910255301752,1.4264549954891665,150.62787138111867,29.948098154788735,True
lift_and_cruse,cruise_312,0.5627707535582446,52.759758146085424,75.31393569099485,424.0591672117356,456.6711836153478,177.60293063970042,1.4274923446938321,1.426551788814608,150.6278713819897,29.964805190951335,True
lift_and_cruse,cruise_312,0.562516864511451,52.73595604794853,75.31393569144288,424.02792731073765,456.6431302475343,177.61630592507134,1.4281389720046174,1.4266592224994186,150.62787138288576,29.983348602114358,True
lift_and_cruse,cruise_312,0.5622881176298616,52.71451102779953,75.31393569182825,423.99978494173115,456.61785950721764,177.62835677543296,1.4287220654028046,1.4267560179862846,150.6278713836565,30.000055638276958,True
lift_and_cruse,cruise_312,0.5621298194574157,52.69967057413272,75.31393569185984,423.98031193160404,456.6003740928739,177.6366962968768,1.4291258576370882,1.426823003137885,150.62787138371968,30.011617266028782,True
lift_and_cruse,cruise_312,0.5620733234108111,52.69437406976353,75.31393569160964,423.9733625133452,456.5941341119522,177.63967265180236,1.4292700247325008,1.4268469099756151,150.6278713832193,30.015743563199514,True
lift_and_cruse,cruise_313,0.5620733234108111,52.69437406976353,75.30552384109397,423.972705092765,456.5897183786194,177.61880172121352,1.4290998834406743,1.4290998834406743,150.61104768218794,30.015743563199514,True
lift_and_cruse,cruise_313,0.5620168337795464,52.68907816683247,75.30552406761818,423.96575650615813,456.5834792307495,177.62177800179853,1.4292440502385917,1.4291238302424538,150.61104813523636,30.019869860370246,True
lift_and_cruse,cruise_313,0.5618585531175964,52.67423935477466,75.30552406750407,423.9462883570137,456.56599879927234,177.63011582104224,1.4296481396827467,1.4291909153505271,150.61104813500813,30.031431488122067,True
lift_and_cruse,cruise_313,0.561629830328898,52.65279659333418,75.30552406734223,423.9181591183349,456.5407424264705,177.64216442715505,1.430232470031607,1.4292878570111205,150.61104813468447,30.048138524284667,True
lift_and_cruse,cruise_313,0.5613759663477995,52.6289968451062,75.30552406718296,423.88694224173696,456.5127149249961,177.65553752102062,1.430881587838968,1.429395455343613,150.61104813436592,30.06668193544769,True
lift_and_cruse,cruise_313,0.5611472420490212,52.607553942095734,75.3055240670493,423.8588206114008,456.48746748431313,177.66758639752544,1.4314669280046233,1.4294923991797484,150.6110481340986,30.083388971610294,True
lift_and_cruse,cruise_313,0.5609889595040325,52.59271495350305,75.30552406691267,423.8393619497207,456.4699981909965,177.67592455380156,1.4318722766696426,1.4295594869995447,150.61104813382534,30.094950599362114,True
lift_and_cruse,cruise_313,0.5609324690347368,52.58741897200657,75.30552406688332,423.83241765166684,456.4637639630837,177.67890042226057,1.4320169995744332,1.4295834304854071,150.61104813376664,30.099076896532846,True
lift_and_cruse,cruise_314,0.5609324690347368,52.58741897200657,75.29698980858882,423.8317929820184,456.4593240078064,177.6577195372571,1.4318441802335737,1.4318441802335737,150.59397961717764,30.099076896532846,True
lift_and_cruse,cruise_314,0.5608759850748662,52.58212360076871,75.29699007222385,423.8248495141069,456.453090625845,177.6606954134772,1.4319889031086561,1.4318681645054534,150.5939801444477,30.103203193703578,True
lift_and_cruse,cruise_314,0.5607177203036257,52.56728627846491,75.29699007212771,423.80539573568893,456.4356263311796,177.66903184138909,1.4323945495425614,1.4319353524994265,150.59398014425543,30.1147648214554,True
lift_and_cruse,cruise_314,0.5604890204771891,52.54584566973647,75.29699007192627,423.7772872588446,456.41039327260984,177.68107843725312,1.432981132145565,1.4320324428382223,150.59398014385255,30.131471857618003,True
lift_and_cruse,cruise_314,0.5602351819816161,52.52204831077652,75.29699007173147,423.7460934199327,456.38239164227105,177.694449300544,1.4336327530101722,1.4321402061982247,150.59398014346294,30.150015268781026,True
lift_and_cruse,cruise_314,0.5600064806439067,52.500607560366255,75.29699007157265,423.7179925402378,456.3571675055311,177.7064961679417,1.4342203512799583,1.4322372987254641,150.5939801431453,30.166722304943626,True
lift_and_cruse,cruise_314,0.5598482139881397,52.48577006138809,75.29699007145618,423.698548235331,456.3397143361933,177.71483293427158,1.4346272642292612,1.4323044894469397,150.59398014291236,30.178283932695447,True
lift_and_cruse,cruise_314,0.559791729189576,52.480474611522745,75.29699007139558,423.6916090605461,456.33348586229,177.71780830663207,1.4347725457425284,1.432328469657929,150.59398014279117,30.18241022986618,True
lift_and_cruse,cruise_315,0.559791729189576,52.480474611522745,75.28832965398529,423.691018197389,456.3290209830544,177.69630797057118,1.434596966038825,1.434596966038825,150.57665930797057,30.18241022986618,True
lift_and_cruse,cruise_315,0.5597352509973931,52.47517978100559,75.28832997490282,423.6840798455917,456.32279337160656,177.69928348325348,1.4347422481642509,1.4346209882681846,150.57665994980565,30.18653652703691,True
lift_and_cruse,cruise_315,0.5595770023866719,52.46034397375049,75.28832997475662,423.66464044711796,456.3053452172656,177.707618493601,1.4351494593988374,1.4346882793711513,150.57665994951324,30.198098154788735,True
lift_and_cruse,cruise_315,0.5593483259123877,52.43890555428635,75.28832997456485,423.6365527453817,456.28013547802067,177.71966304166853,1.4357383055621227,1.4347855187134446,150.5766599491297,30.214805190951335,True
lift_and_cruse,cruise_315,0.5590945133350924,52.41511062516492,75.28832997435141,423.60538195889325,456.2521597244538,177.733031632619,1.4363924420546952,1.4348934474612998,150.57665994870283,30.233348602114358,True
lift_and_cruse,cruise_315,0.558865835348353,52.39367206390809,75.28832997413757,423.5773018431248,456.22695889671843,177.74507645316862,1.436982309773942,1.4349906890034247,150.57665994827514,30.250055638276958,True
lift_and_cruse,cruise_315,0.5587075848516307,52.37883607984038,75.28832997397706,423.557871904194,456.20952185485004,177.75341180332958,1.4373907948692537,1.43505798284981,150.5766599479541,30.261617266028782,True
lift_and_cruse,cruise_315,0.5586511058200985,52.373541170634226,75.28832997396968,423.55093785593107,456.2032991362186,177.7563866704961,1.4375366378010834,1.4350819998677222,150.57665994793936,30.265743563199514,True
lift_and_cruse,cruise_316,0.5586511058200985,52.373541170634226,75.27953953060424,423.55038188663514,456.19880860797315,177.73455709157355,1.4373582127151843,1.4373582127151843,150.55907906120848,30.265743563199514,True
lift_and_cruse,cruise_316,0.558594633494887,52.36824689014566,75.27953989568782,423.5434486583894,456.19258676640544,177.73753219861698,1.4375040566347357,1.4373822727213674,150.55907979137564,30.269869860370246,True
lift_and_cruse,cruise_316,0.5584364013228738,52.35341262401942,75.27953989555641,423.52402364987665,456.1751547565275,177.74586576463486,1.4379128404942065,1.4374496671535646,150.55907979111282,30.281431488122067,True
lift_and_cruse,cruise_316,0.5582077486027409,52.33197643150696,75.2795398953235,423.4959567377594,456.14996834255663,177.75790822587547,1.4385039615376933,1.4375470558147723,150.559079790647,30.298138524284667,True
lift_and_cruse,cruise_316,0.5579539623899138,52.30818397405442,75.27953989515774,423.46480901975855,456.1220184723749,177.77127450146995,1.4391606262473937,1.437655150303056,150.55907979031548,30.31668193544769,True
lift_and_cruse,cruise_316,0.5577253081561535,52.2867476396394,75.27953989500999,423.4367496823661,456.09684095960324,177.78331723656876,1.4397527747801762,1.437752541178984,150.55907979001998,30.333388971610294,True
lift_and_cruse,cruise_316,0.5575670740966779,52.27191319656355,75.27953989491914,423.41733411939924,456.079420049328,177.79165114391972,1.4401628398976178,1.437819938371578,150.55907978983828,30.344950599362114,True
lift_and_cruse,cruise_316,0.5575106009314666,52.266618837325,75.27953989489964,423.4104052012526,456.07320308742163,177.79462549612396,1.4403092470592198,1.4378439922732966,150.55907978979928,30.349076896532846,True
lift_and_cruse,cruise_317,0.5575106009314666,52.266618837325,75.27061534458579,423.40988527367296,456.0686861456407,177.77245634196814,1.4401278869567702,1.4401278869567702,150.54123068917158,30.349076896532846,True
lift_and_cruse,cruise_317,0.5574541345756459,52.26132511646679,75.2706157662158,423.40295716929313,456.0624700777378,177.7754310642573,1.4402742957035288,1.4401519850685516,150.5412315324316,30.353203193703578,True
lift_and_cruse,cruise_317,0.5572959191293148,52.24649241837326,75.27061576609627,423.38354656165467,456.0450542170848,177.7837631581176,1.4406846600192245,1.4402194830430515,150.54123153219254,30.3647648214554,True
lift_and_cruse,cruise_317,0.5570672905780271,52.225058491690035,75.27061576595189,423.3555004548838,456.0198911352838,177.79580349265012,1.4412780672784893,1.4403170213337706,150.54123153190378,30.381471857618003,True
lift_and_cruse,cruise_317,0.5568135311899499,52.2012685490578,75.2706157657753,423.32437582287906,455.99196715609696,177.80916740811915,1.4419372728057285,1.440425281903163,150.5412315315506,30.400015268781026,True
lift_and_cruse,cruise_317,0.5565849011238739,52.179834480363176,75.27061576564545,423.29633727963034,455.96681296513606,177.82120801744125,1.4425317135252482,1.4405228224199425,150.5412315312909,30.416722304943626,True
lift_and_cruse,cruise_317,0.5564266837886331,52.16500160518435,75.2706157655018,423.2769361035614,455.94940819117267,177.82954045385884,1.4429433665450702,1.4405903231694859,150.5412315310036,30.428283932695447,True
lift_and_cruse,cruise_317,0.5563702165921683,52.15970780551579,75.27061576545812,423.270012319424,455.94319698767964,177.83251428114,1.4430903407517266,1.4406144140308415,150.54123153091624,30.43241022986618,True
lift_and_cruse,cruise_318,0.5563702165921683,52.15970780551579,75.26155272373676,423.2695296677157,455.9386528132587,177.80999445635058,1.4429059496341712,1.4429059496341712,150.5231054474735,30.43241022986618,True
lift_and_cruse,cruise_318,0.5563137563114521,52.154414654198625,75.26155331161681,423.2626066595487,455.9324425391716,177.81296905621502,1.4430529281100541,1.4429300881414318,150.52310662323362,30.43653652703691,True
lift_and_cruse,cruise_318,0.5561555578870083,52.13958355190703,75.2615533113959,423.2432104646538,455.9150428331547,177.82129964886803,1.4434648807169346,1.4429976898628072,150.5231066227918,30.448098154788735,True
lift_and_cruse,cruise_318,0.5559269539325997,52.11815193118123,75.2615533111675,423.21518518037846,455.8899030913335,177.833337814693,1.444060585530135,1.4430953780785043,150.523106622335,30.464805190951335,True
lift_and_cruse,cruise_318,0.5556732218443612,52.09436454790886,75.26155331092522,423.1840836533578,455.86200501182196,177.8466993237614,1.44472234448479,1.4432038050597313,150.52310662185045,30.483348602114358,True
lift_and_cruse,cruise_318,0.5554446163740159,52.07293278506399,75.26155331067545,423.15606592138016,455.836874150469,177.8587377653983,1.4453190887711178,1.4433014955136076,150.5231066213509,30.500055638276958,True
lift_and_cruse,cruise_318,0.5552864160592302,52.058101505552834,75.26155331050323,423.1366791440241,455.81948551822694,177.86706870217185,1.445732337582289,1.4433691000274784,150.52310662100646,30.511617266028782,True
lift_and_cruse,cruise_318,0.5552299549372327,52.052808275365564,75.26155331043162,423.1297604981152,455.81328007507494,177.87004199425488,1.4458798816515956,1.4433932279222557,150.52310662086325,30.515743563199514,True
lift_and_cruse,cruise_319,0.5552299549372327,52.052808275365564,75.25234814191087,423.129316136585,455.8087079686021,177.84716225528558,1.4456923773222254,1.4456923773222254,150.50469628382174,30.515743563199514,True
lift_and_cruse,cruise_319,0.555173500840716,52.047515703817126,75.25234814421547,423.12239844779907,455.80250336583697,177.85013485382052,1.4458399138941822,1.4457165411210082,150.50469628843095,30.519869860370246,True
lift_and_cruse,cruise_319,0.5550153197438393,52.032686225984946,75.25234814418091,423.1030166783487,455.7851198206196,177.85846391624443,1.4462534626390178,1.445784246795385,150.50469628836183,30.531431488122067,True
lift_and_cruse,cruise_319,0.5547867408280336,52.01125695262815,75.25234814412563,423.07501223496405,455.76000342765053,177.8704998710272,1.4468514763585512,1.4458820852307166,150.50469628825127,30.548138524284667,True
lift_and_cruse,cruise_319,0.5545330365299159,51.98747217467962,75.252348144066,423.0439338333483,455.73213125764465,177.88385892661847,1.4475158013630964,1.4459906789501307,150.504696288132,30.56668193544769,True
lift_and_cruse,cruise_319,0.5543044560970354,51.96604275909707,75.25234814401279,423.01593693100773,455.7070237347616,177.895895158383,1.4481148606111653,1.4460885196370048,150.50469628802557,30.583388971610294,True
lift_and_cruse,cruise_319,0.5541462731083974,51.95121310391225,75.25234814397402,422.99656456508734,455.68965125035913,177.90422456617955,1.4485297131096782,1.446156228118863,150.50469628794804,30.594950599362114,True
lift_and_cruse,cruise_319,0.5540898181699678,51.945920453434475,75.25234814395584,422.98965106194015,455.68345156973436,177.90719731265335,1.4486778298624128,1.446180393120218,150.50469628791168,30.599076896532846,True
lift_and_cruse,cruise_320,0.5540898181699678,51.945920453434475,75.24299555362406,422.98924648433825,455.6788505524942,177.88394429060799,1.4484870977422728,1.4484870977422728,150.4859911072481,30.599076896532846,True
lift_and_cruse,cruise_320,0.5540333703704469,51.94062847222939,75.24299546131758,422.9823339780952,455.6726517040725,177.88691608702246,1.4486352045371151,1.4485112967152642,150.48599092263515,30.603203193703578,True
lift_and_cruse,cruise_320,0.5538752069171863,51.92580064848622,75.24299546141714,422.9629666479284,455.655284326513,177.89524358827833,1.4490503572591058,1.4485791065346028,150.48599092283428,30.6147648214554,True
lift_and_cruse,cruise_320,0.5536466534966931,51.90437376531497,75.24299546152197,422.9349830654089,455.6301912923091,177.90727728747112,1.4496506912307798,1.4486770954682773,150.48599092304394,30.631471857618003,True
lift_and_cruse,cruise_320,0.5533929774956122,51.880591640213645,75.24299546169581,422.9039278113436,455.6023450428109,177.92063384029555,1.450317594902335,1.4487858562365055,150.48599092339163,30.650015268781026,True
lift_and_cruse,cruise_320,0.5531644225569182,51.859164614711084,75.24299546183632,422.87595175860025,455.5772608682923,177.93266781766047,1.4509189804996483,1.4488838474353016,150.48599092367263,30.666722304943626,True
lift_and_cruse,cruise_320,0.5530062572104925,51.84433661348367,75.24299546191017,422.85659381793016,455.5599045385681,177.94099566562272,1.4513354445771223,1.4489516600778274,150.48599092382034,30.678283932695447,True
lift_and_cruse,cruise_320,0.5529498085684337,51.839044553290655,75.24299546196353,422.8496854624678,455.55371062291425,177.94396785553326,1.4514841368325218,1.4489758622550089,150.48599092392706,30.68241022986618,True
lift_and_cruse,cruise_321,0.5529498085684337,51.839044553290655,75.23349035700235,422.84932210412535,455.5490797425247,177.9203286474507,1.4512900653440388,1.4512900653440388,150.4669807140047,30.68241022986618,True
lift_and_cruse,cruise_321,0.5528933671824974,51.83375317335912,75.23349034060624,422.84241473402017,455.5428866808166,177.92330007310792,1.4514387485841218,1.4513143031619937,150.46698068121248,30.68653652703691,True
lift_and_cruse,cruise_321,0.5527352216995304,51.81892703433097,75.23349034060286,422.8230618580926,455.5255354785169,177.93162598073712,1.4518555131162905,1.4513822173071567,150.4669806812057,30.698098154788735,True
lift_and_cruse,cruise_321,0.5525066942464177,51.79750258560166,75.2334903406192,422.795099158019,455.50046581407014,177.94365737766032,1.4524581786775457,1.4514803570023764,150.4669806812384,30.714805190951335,True
lift_and_cruse,cruise_321,0.5522530470663384,51.773723162469224,75.23349034063524,422.7640670754826,455.4726454972499,177.95701137562935,1.4531276736206602,1.4515892851093128,150.46698068127048,30.733348602114358,True
lift_and_cruse,cruise_321,0.552024518093914,51.75229857130443,75.23349034063611,422.7361118939296,455.4475846820539,177.96904305171037,1.453731396944735,1.4516874270816134,150.46698068127222,30.750055638276958,True
lift_and_cruse,cruise_321,0.5518663707163963,51.73747225466216,75.2334903406425,422.71676839343525,455.4302445145934,177.97736930751282,1.4541494804871784,1.4517553440668138,150.466980681285,30.761617266028782,True
lift_and_cruse,cruise_321,0.5518099284873056,51.7321807956849,75.23349034063881,422.70986519100165,455.42405636660646,177.98034092917095,1.4542987510608447,1.4517795834835414,150.46698068127762,30.765743563199514,True
lift_and_cruse,cruise_322,0.5518099284873056,51.7321807956849,75.22382763746575,422.7095444794503,455.4193946683774,177.95630266664625,1.4541012282965617,1.4541012282965617,150.4476552749315,30.765743563199514,True
lift_and_cruse,cruise_322,0.5517534936355082,51.72689002832889,75.22382763742745,422.70264226954447,455.4132073858977,177.95927355275836,1.4542504895601172,1.4541255037455345,150.4476552748549,30.769869860370246,True
lift_and_cruse,cruise_322,0.5515953664606187,51.712065605683,75.22382763745922,422.68330386382047,455.3958723673264,177.96759783406262,1.4546688737365463,1.4541935223966742,150.44765527491845,30.781431488122067,True
lift_and_cruse,cruise_322,0.5513668654630058,51.690643637156796,75.22382763744947,422.6553620692953,455.370826084844,177.97962688113824,1.4552738822221252,1.4542918131111127,150.44765527489895,30.798138524284667,True
lift_and_cruse,cruise_322,0.5511132476457035,51.6668669667847,75.22382763746742,422.6243531838978,455.34303171425336,177.9929782716592,1.455945981042265,1.4544009088445318,150.44765527493485,30.81668193544769,True
lift_and_cruse,cruise_322,0.550884745127686,51.64544485572057,75.22382763264082,422.59641889800304,455.3179942697687,178.00500758704612,1.4565520533775642,1.4544992017513723,150.44765526528164,30.833388971610294,True
lift_and_cruse,cruise_322,0.5507266160568915,51.63062025533358,75.22382762858122,422.5770898548325,455.30067027232224,178.01333220770388,1.456971764191079,1.454567223175408,150.44765525716244,30.844950599362114,True
lift_and_cruse,cruise_322,0.5506701803613366,51.62532940887531,75.22382762689293,422.5701918116056,455.29448789473287,178.0163032452643,1.4571216158673437,1.4545914998618823,150.44765525378585,30.849076896532846,True
lift_and_cruse,cruise_323,0.5506701803613366,51.62532940887531,75.2140018925524,422.56991527378915,455.289794359746,177.99185217441521,1.4569205224255057,1.4569205224255057,150.4280037851048,30.849076896532846,True
lift_and_cruse,cruise_323,0.5506137521684434,51.620039265791576,75.21400188280019,422.5630182378752,455.2836128553988,177.99482244306193,1.4570703639913545,1.45694483502912,150.42800376560038,30.853203193703578,True
lift_and_cruse,cruise_323,0.5504556436512253,51.60521659230238,75.21400188280987,422.5436943195596,455.266294029853,178.00314506366433,1.457490375632304,1.457012958353912,150.42800376561974,30.8647648214554,True
lift_and_cruse,cruise_323,0.5502271696142911,51.583797151339795,75.21400188281555,422.51577345540477,455.2412711427806,178.015171711511,1.458097738361865,1.4571114003322931,150.4280037656311,30.881471857618003,True
lift_and_cruse,cruise_323,0.5499735817204846,51.56002328629543,75.21400188283774,422.48478779470213,455.21350273332473,178.0285204396728,1.458772453645338,1.4572206639630136,150.42800376567547,30.900015268781026,True
lift_and_cruse,cruise_323,0.5497451061620551,51.53860370269266,75.21400188284848,422.45687442648585,455.18848867458973,178.04054736893946,1.459380886539874,1.457319108244908,150.42800376569696,30.916722304943626,True
lift_and_cruse,cruise_323,0.5495869957475633,51.52378085133406,75.214001882848,422.4375598554567,455.17118085779754,178.0488703404278,1.459802232655515,1.4573872344418142,150.428003765696,30.928283932695447,True
lift_and_cruse,cruise_323,0.5495305667103041,51.518490629091005,75.21400188285148,422.4306669765858,455.1650042544819,178.05184079007287,1.4599526683122168,1.4574115485269583,150.42800376570295,30.93241022986618,True
lift_and_cruse,cruise_324,0.5495305667103041,51.518490629091005,75.20400733462436,422.43043623849843,455.16027779911366,178.02696227132853,1.4597478772413117,1.4597478772413117,150.40801466924873,30.93241022986618,True
lift_and_cruse,cruise_324,0.5494741453055195,51.51320112239246,75.20400731903176,422.423544381856,455.1541020772899,178.02993192097134,1.4598983019796556,1.4597722271471179,150.40801463806352,30.93653652703691,True
lift_and_cruse,cruise_324,0.5493160558079939,51.498380231999434,75.20400731904324,422.4042349693795,455.1367994549855,178.0382528454144,1.4603199488927383,1.4598404553055804,150.40801463808648,30.948098154788735,True
lift_and_cruse,cruise_324,0.5490876092548819,51.476963367645176,75.20400731904009,422.37633506224006,455.1117999780677,178.05027704265433,1.460929677164309,1.4599390487780104,150.40801463808018,30.964805190951335,True
lift_and_cruse,cruise_324,0.5488340518652223,51.45319236236458,75.20400731903865,422.345372655799,455.08405754609913,178.06362305142744,1.4616070214742405,1.4600484805614191,150.4080146380773,30.983348602114358,True
lift_and_cruse,cruise_324,0.5486056037895441,51.431775355269764,75.20400731905136,422.3174802332886,455.05906688702936,178.0756475312168,1.4622178261748293,1.4601470763506383,150.4080146381027,31.000055638276958,True
lift_and_cruse,cruise_324,0.5484475123934097,51.41695428688217,75.20400731904834,422.29818015400105,455.041775260396,178.08396880791267,1.462640815373424,1.460215307397429,150.4080146380967,31.011617266028782,True
lift_and_cruse,cruise_324,0.5483910901436647,51.41166470096857,75.20400731904324,422.2912924465533,455.0356044347032,178.08693865273577,1.4627918377849576,1.4602396589036333,150.40801463808648,31.015743563199514,True
lift_and_cruse,cruise_325,0.5483910901436647,51.41166470096857,75.19383791510724,422.2911092061373,455.0308439257844,178.06161739110868,1.46258321632821,1.46258321632821,150.38767583021448,31.015743563199514,True
lift_and_cruse,cruise_325,0.5483346756608599,51.40637584320562,75.1938378877117,422.28422253769713,455.02467398936693,178.06458639236703,1.4627342268894004,1.4626076034559545,150.3876757754234,31.019869860370246,True
lift_and_cruse,cruise_325,0.5481766055581275,51.391556771074455,75.19383788771694,422.26492765081446,455.0073875814692,178.07290558377494,1.4631575168632693,1.4626759365976216,150.38767577543388,31.031431488122067,True
lift_and_cruse,cruise_325,0.5479481870308799,51.370142534144996,75.19383788774023,422.2370487292188,454.9824115308386,178.08492727723123,1.4637696219494676,1.4627746817811071,150.38767577548046,31.048138524284667,True
lift_and_cruse,cruise_325,0.5476946607469965,51.346374445030925,75.19383788776086,422.2061096086952,454.95469509425163,178.0982705076064,1.4644496078209566,1.4628842819581933,150.38767577552173,31.06668193544769,True
lift_and_cruse,cruise_325,0.5474662406961265,51.324960065261855,75.19383788778254,422.17823816041465,454.92972785095276,178.11029248467247,1.4650627956417783,1.4629830294712258,150.38767577556507,31.083388971610294,True
lift_and_cruse,cruise_325,0.5473081686934681,51.31014081501264,75.19383788778575,422.15895259260327,454.91245242561774,178.11861202973537,1.4654874357647547,1.4630513655177853,150.3876757755715,31.094950599362114,True
lift_and_cruse,cruise_325,0.5472517533651167,51.30485187797969,75.19383788779375,422.15207006361646,454.90628738152543,178.12158125663257,1.4656390477323635,1.4630757544989084,150.3876757755875,31.099076896532846,True
lift_and_cruse,cruise_326,0.5472517533651167,51.30485187797969,75.18348722231788,422.1519361213114,454.9014916180214,178.0958010362851,1.4654264552084744,1.4654264552084744,150.36697444463576,31.099076896532846,True
lift_and_cruse,cruise_326,0.5471953459430963,51.29956368216527,75.18348718504829,422.1450546480723,454.895327471664,178.0987693801524,1.4655780543973134,1.4654508796452437,150.36697437009659,31.103203193703578,True
lift_and_cruse,cruise_326,0.5470372956240815,51.284746464757646,75.18348718506152,422.12577430792317,454.87805729035153,178.1070868002815,1.4660029951978548,1.4655193179095114,150.36697437012305,31.1147648214554,True
lift_and_cruse,cruise_326,0.5468089056847163,51.26333490794216,75.18348718509512,422.09791640242406,454.85310468359154,178.1191059346023,1.466617488336877,1.4656182150047818,150.36697437019023,31.131471857618003,True
lift_and_cruse,cruise_326,0.5465554111304106,51.23956979347599,75.18348718512355,422.06700060172096,454.8254142618903,178.1324463251519,1.4673001282668185,1.4657279837984338,150.3669743702471,31.150015268781026,True
lift_and_cruse,cruise_326,0.5463270196663819,51.218158093723304,75.18348718515108,422.0391501582071,454.8004704519248,178.14446574417002,1.4679157104884455,1.4658268832362809,150.36697437030216,31.166722304943626,True
lift_and_cruse,cruise_326,0.546168967446143,51.2033406980759,75.18348718517406,422.0198791229965,454.78321124003816,178.15278351935115,1.468342009354229,1.4658953244220245,150.36697437034812,31.178283932695447,True
lift_and_cruse,cruise_326,0.5461125591779981,51.198052422937316,75.18348718517994,422.01300178001435,454.77705198187783,178.15575211462385,1.46849421367023,1.465919750927434,150.36697437035988,31.18241022986618,True
lift_and_cruse,cruise_327,0.5461125591779981,51.198052422937316,75.17294848941125,422.01291903813825,454.7722196945891,178.1294958010496,1.4682775014331284,1.4682775014331284,150.3458969788225,31.18241022986618,True
lift_and_cruse,cruise_327,0.5460561589607774,51.19276490257288,75.1729484472577,422.00604276671146,454.7660613438663,178.1324634858778,1.4684296921064115,1.4683019633272407,150.3458968945154,31.18653652703691,True
lift_and_cruse,cruise_327,0.5458981288290049,51.17794957771921,75.17294844726915,421.98677699591207,454.7488074023818,178.14077909492815,1.4688562914708243,1.4683705068417467,150.3458968945383,31.198098154788735,True
lift_and_cruse,cruise_327,0.5456697680606384,51.156540755684844,75.1729484473071,421.9589401391838,454.7238782586206,178.15279561261875,1.4694731838602577,1.4684695560334111,150.3458968946142,31.214805190951335,True
lift_and_cruse,cruise_327,0.5454163058831291,51.132778676543346,75.17294844735099,421.9280476945558,454.6962138730245,178.16613309955952,1.4701584903006752,1.468579493648811,150.34589689470198,31.233348602114358,True
lift_and_cruse,cruise_327,0.5451879435890734,51.11136971147564,75.17294844738228,421.9002182884695,454.6712935154974,178.1781499030394,1.4707764781629373,1.4686785451961661,150.34589689476456,31.250055638276958,True
lift_and_cruse,cruise_327,0.5450299115547981,51.09655420826231,75.17294844740826,421.88096180846185,454.65405053027104,178.18646586851887,1.4712044435612028,1.4687470916486292,150.34589689481652,31.261617266028782,True
lift_and_cruse,cruise_327,0.5449735104908839,51.091266608520364,75.17294844742426,421.8740896595455,454.64789706275985,178.18943381799866,1.471357243008368,1.4687715557241994,150.34589689484852,31.265743563199514,True
lift_and_cruse,cruise_328,0.5449735104908839,51.091266608520364,75.16221451594042,421.8740601434309,454.6430269012142,178.16268317228662,1.471136252930665,1.471136252930665,150.32442903188084,31.265743563199514,True
lift_and_cruse,cruise_328,0.5449171176279928,51.08597977762433,75.16221451592541,421.8671890687212,454.63687435934526,178.1656503018924,1.4712890387663895,1.4711607533021935,150.32442903185083,31.269869860370246,True
lift_and_cruse,cruise_328,0.5447591081024384,51.0711663846036,75.16221451593252,421.84793789144294,454.619636672064,178.17396405849178,1.4717173043981617,1.4712294021826078,150.32442903186504,31.281431488122067,True
lift_and_cruse,cruise_328,0.5445307771105145,51.04976035411073,75.16221451593006,421.82012211842004,454.59473101205765,178.18597789966714,1.4723366071859594,1.471328603637005,150.32442903186012,31.298138524284667,True
lift_and_cruse,cruise_328,0.5442773479818032,51.026001373294044,75.16221451592428,421.789253068639,454.5670926855887,178.19931241649348,1.4730245925332563,1.4714387102584887,150.32442903184855,31.31668193544769,True
lift_and_cruse,cruise_328,0.5440490154631813,51.00459519967324,75.16221451592833,421.76144473489813,454.542195801234,178.2113265445799,1.4736449972265684,1.4715379140819862,150.32442903185665,31.333388971610294,True
lift_and_cruse,cruise_328,0.5438910040338657,50.9897816281749,75.16221451593881,421.74220283425365,454.52496905701037,178.21964065894082,1.4740746369131126,1.471606565916532,150.32442903187763,31.344950599362114,True
lift_and_cruse,cruise_328,0.5438346103237213,50.98449471784887,75.1622145159196,421.7353358880357,454.51882138525923,178.22260794775312,1.4742280342610528,1.4716310676026705,150.3244290318392,31.349076896532846,True
lift_and_cruse,cruise_329,0.5438346103237213,50.98449471784887,75.15127782685384,421.73536171070117,454.5139119378242,178.195343928512,1.4740026010406753,1.4740026010406753,150.30255565370769,31.349076896532846,True
lift_and_cruse,cruise_329,0.5437782249705168,50.97920859098595,75.15127782650815,421.728495854292,454.50776520309785,178.19831038074423,1.4741559839345104,1.474027139046045,150.3025556530163,31.353203193703578,True
lift_and_cruse,cruise_329,0.543620236486483,50.96439717060779,75.15127782671682,421.70925929629135,454.4905437856276,178.20662224236634,1.4745859235015861,1.474095893399444,150.30255565343364,31.3647648214554,True
lift_and_cruse,cruise_329,0.5433919359000386,50.94299399062862,75.15127782685923,421.6814646442213,454.46566163190073,178.2186333452866,1.4752076477828657,1.474195247268942,150.30255565371846,31.381471857618003,True
lift_and_cruse,cruise_329,0.5431385405183122,50.91923817359177,75.15127782684945,421.6506190306675,454.43804938951797,178.2319648230719,1.4758983243719517,1.4743055230623383,150.3025556536989,31.400015268781026,True
lift_and_cruse,cruise_329,0.5429102384041773,50.89783485039162,75.15127782686046,421.62283180654987,454.41317600080964,178.24397621364525,1.4765211570306747,1.4744048793112554,150.30255565372093,31.416722304943626,True
lift_and_cruse,cruise_329,0.5427522480151444,50.88302325141979,75.15127782684878,421.60360451107005,454.39596551312894,178.25228843382618,1.4769524787218904,1.4744736366305937,150.30255565369757,31.428283932695447,True
lift_and_cruse,cruise_329,0.5426958618141356,50.877737045075214,75.15127782685047,421.5967427767421,454.38982364269225,178.2552550467418,1.4771064767279818,1.4744981759651101,150.30255565370095,31.43241022986618,True
lift_and_cruse,cruise_330,0.5426958618141356,50.877737045075214,75.14013034601275,421.5968261954695,454.3848734024845,178.22745731765792,1.4768764239542054,1.4768764239542054,150.2802606920255,31.43241022986618,True
lift_and_cruse,cruise_330,0.5426394841321622,50.872451637390206,75.140130345994,421.58996556701015,454.37873248102636,178.23042307815894,1.4770304066354096,1.4769009996387208,150.280260691988,31.43653652703691,True
lift_and_cruse,cruise_330,0.5424815171422902,50.8576422320897,75.14013034600492,421.5707436559677,454.36152735014406,178.23873299898182,1.4774620277474624,1.476969859545791,150.28026069200985,31.448098154788735,True
lift_and_cruse,cruise_330,0.5422532476154185,50.836241963945476,75.1401303459981,421.5429701647625,454.3366687269783,178.25074129814234,1.478086184540968,1.4770693659528782,150.2802606919962,31.464805190951335,True
lift_and_cruse,cruise_330,0.5419998867066759,50.81248937875086,75.1401303459933,421.51214803163157,454.3090825956749,178.26406966500932,1.4787795646316293,1.4771798110610108,150.2802606919866,31.483348602114358,True
lift_and_cruse,cruise_330,0.5417716156511388,50.791088967294264,75.14013034599549,421.4843819569563,454.28423272691623,178.27607825325154,1.4794048363221102,1.4772793198635648,150.28026069199097,31.500055638276958,True
lift_and_cruse,cruise_330,0.5416136467550524,50.776279383286166,75.14013034599506,421.4651692941813,454.2670385125971,178.2843885345005,1.4798378476887106,1.4773481827572947,150.28026069199012,31.511617266028782,True
lift_and_cruse,cruise_330,0.5415572682247337,50.77099389606879,75.140130346007,421.45831278157783,454.26090244947244,178.2873544554945,1.4799924490925123,1.4773727597717303,150.280260692014,31.515743563199514,True
lift_and_cruse,cruise_331,0.5415572682247337,50.77099389606879,75.12876355234606,421.4584561901557,454.25590981805226,178.2590014481928,1.4797575896612754,1.4797575896612754,150.25752710469212,31.515743563199514,True
lift_and_cruse,cruise_331,0.5415008983821004,50.765709223321906,75.12876355176994,421.4516008004053,454.2497747162045,178.26196649805462,1.4799121748095063,1.4797822030328363,150.25752710353987,31.519869860370246,True
lift_and_cruse,cruise_331,0.5413429533574239,50.75090187725849,75.1287635516781,421.43239356571314,454.2325858901242,178.270274431619,1.480345485032632,1.4798511685697595,150.2575271033562,31.531431488122067,True
lift_and_cruse,cruise_331,0.5411147155707949,50.72950458476202,75.12876355166513,421.4046412778429,454.20775082382715,178.28227985985785,1.4809720852883397,1.4799508276243334,150.25752710333026,31.548138524284667,True
lift_and_cruse,cruise_331,0.5408613898905329,50.705755302237456,75.12876355176927,421.37384267228134,454.18019083277903,178.29560504112936,1.4816681810564587,1.4800614421681149,150.25752710353854,31.56668193544769,True
lift_and_cruse,cruise_331,0.5406331505742814,50.684357866338885,75.12876355164359,421.34609778957883,454.1553645102077,178.3076107592373,1.4822959027657623,1.48016110362894,150.25752710328717,31.583388971610294,True
lift_and_cruse,cruise_331,0.5404752036421974,50.669550341456,75.12876355162211,421.3268997889221,454.13818658740854,178.3159190547587,1.4827306114237564,1.4802300721705286,150.25752710324423,31.594950599362114,True
lift_and_cruse,cruise_331,0.5404188329506877,50.66426558912697,75.12876355214331,421.32004850839354,454.1320563381624,178.31888426839947,1.48288581895576,1.480254686901646,150.25752710428662,31.599076896532846,True
lift_and_cruse,cruise_332,0.5404188329506877,50.66426558912697,75.11716838825572,421.3202544510465,454.1270196163635,178.28995305751098,1.4826459540030619,1.4826459540030619,150.23433677651144,31.599076896532846,True
lift_and_cruse,cruise_332,0.5403624711224781,50.65898166773233,75.11716838826437,421.3134043108751,454.1208903413349,178.29291738225444,1.4828011443167592,1.48267060510657,150.23433677652875,31.603203193703578,True
lift_and_cruse,cruise_332,0.5402045485535732,50.64417642689749,75.1171683882531,421.29421178387963,454.1037178397194,178.3012232802601,1.4832361511572214,1.482739676334989,150.2343367765062,31.6147648214554,True
lift_and_cruse,cruise_332,0.5399763432160977,50.62278217650915,75.11716838825781,421.2664807446979,454.0789063586571,178.3132257672413,1.4838652057345394,1.4828394881216627,150.23433677651562,31.631471857618003,True
lift_and_cruse,cruise_332,0.5397230535511577,50.59903627042103,75.11716838825411,421.23570571710695,454.051372539291,178.32654768423575,1.4845640292516054,1.4829502721899326,150.23433677650823,31.650015268781026,True
lift_and_cruse,cruise_332,0.5394948466831216,50.57764187654265,75.11716838825377,421.20798207165495,454.02656979128255,178.33855046240592,1.485194211885405,1.4830500863981122,150.23433677650755,31.666722304943626,True
lift_and_cruse,cruise_332,0.5393369222056389,50.56283645677865,75.11716838825116,421.188798764485,454.00940817960935,178.34685672355516,1.4856306253907825,1.4831191606464063,150.23433677650232,31.678283932695447,True
lift_and_cruse,cruise_332,0.5392805595280324,50.55755245575304,75.11716838824884,421.181952727526,454.0032837510584,178.34982120987712,1.4857864417294075,1.4831438130935888,150.23433677649768,31.68241022986618,True
lift_and_cruse,cruise_333,0.5392805595280324,50.55755245575304,75.1053352207796,421.1822239099403,453.9982011314438,178.32028741279245,1.4855413597505607,1.4855413597505607,150.2106704415592,31.68241022986618,True
lift_and_cruse,cruise_333,0.5392242058967507,50.55226930282037,75.10533522084867,421.1753790314575,453.9920776906977,178.32325099292856,1.4856971578697893,1.4855660485895537,150.21067044169735,31.68653652703691,True
lift_and_cruse,cruise_333,0.5390663062949853,50.53746621515487,75.10533522084604,421.15620124567386,453.97492153470057,178.33155480434914,1.4861338687595742,1.485635225549101,150.2106704416921,31.698098154788735,True
lift_and_cruse,cruise_333,0.5388381341456189,50.51607507615177,75.10533522085458,421.12849150358346,453.95013366944283,178.34355427652935,1.48676538841631,1.485735190126758,150.21067044170917,31.714805190951335,True
lift_and_cruse,cruise_333,0.5385848813161909,50.4923326233929,75.10533522084313,421.09774010764505,453.92262605569255,178.356872847905,1.4874669516480852,1.4858461437872663,150.21067044168626,31.733348602114358,True
lift_and_cruse,cruise_333,0.5383567076353452,50.4709413408136,75.10533522085609,421.0700377478594,453.897846912773,178.36887261235617,1.488099606004242,1.4859461107997587,150.21067044171218,31.750055638276958,True
lift_and_cruse,cruise_333,0.5381988061238561,50.45613807411151,75.10533522084353,421.0508691676631,453.88070163335067,178.37717678819487,1.488537731841973,1.4860152907951818,150.21067044168706,31.761617266028782,True
lift_and_cruse,cruise_333,0.5381424516426675,50.45085484150008,75.10533522084782,421.0440283860693,453.87458303312513,178.3801405303615,1.488694159671515,1.4860399809840101,150.21067044169564,31.765743563199514,True
lift_and_cruse,cruise_334,0.5381424516426675,50.45085484150008,75.09325378396623,421.04436769127324,453.8694525894411,178.34997816436208,1.4884436352938797,1.4884436352938797,150.18650756793247,31.765743563199514,True
lift_and_cruse,cruise_334,0.5380861063987233,50.44557247488032,75.0932537839639,421.0375280872717,453.86333499109264,178.3529409805956,1.4886000438384992,1.488468361873668,150.1865075679278,31.769869860370246,True
lift_and_cruse,cruise_334,0.537928230297617,50.43077159040159,75.09325378396811,421.018365078436,453.8461952035109,178.36124265228545,1.489038466131972,1.488537644586883,150.18650756793622,31.781431488122067,True
lift_and_cruse,cruise_334,0.5377000921073262,50.40938363506183,75.09325378395768,420.9906766850772,453.82143098698543,178.3732390328159,1.4896724615117798,1.488637761987686,150.18650756791536,31.798138524284667,True
lift_and_cruse,cruise_334,0.5374468769691293,50.385644715855875,75.09325378395755,420.95994897808794,453.7939496153897,178.38655417338083,1.4903767762958104,1.4887488852770236,150.1865075679151,31.81668193544769,True
lift_and_cruse,cruise_334,0.5372187372464604,50.364256616855656,75.09325378397163,420.93226795559224,453.7691941104593,178.39855084728092,1.4910119130598865,1.4888490051261825,150.18650756794327,31.833388971610294,True
lift_and_cruse,cruise_334,0.5370608592345099,50.349455553235295,75.09325378396149,420.91311413808444,453.7520651860511,178.40685288468916,1.4914517586366296,1.4889182908915493,150.18650756792297,31.844950599362114,True
lift_and_cruse,cruise_334,0.5370045131401602,50.34417310689001,75.09325378397125,420.90627862460343,453.7459524222727,178.4098158637275,1.4916088006026873,1.488943018830047,150.1865075679425,31.849076896532846,True
lift_and_cruse,cruise_335,0.5370045131401602,50.34417310689001,75.08091312507436,420.9066891281464,453.7407720991972,178.37899720860923,1.491352593390776,1.491352593390776,150.16182625014872,31.849076896532846,True
lift_and_cruse,cruise_335,0.536948176482398,50.33889154522481,75.08091312509002,420.8998548122083,453.734660352022,178.3819592413305,1.4915096149532816,1.491377357714209,150.16182625018004,31.853203193703578,True
lift_and_cruse,cruise_335,0.5367903244391035,50.324092916165945,75.08091312508331,420.8807066184517,453.7175369573938,178.39025871767527,1.491949755915517,1.4914467461835035,150.16182625016663,31.8647648214554,True
lift_and_cruse,cruise_335,0.5365622210130053,50.30270821996925,75.0809131250854,420.85303962890396,453.6927964250566,178.40225192632596,1.4925862375344225,1.4915470164120852,150.1618262501708,31.881471857618003,True
lift_and_cruse,cruise_335,0.536309044459664,50.2789729180935,75.08091312508128,420.82233567200376,453.6653413349434,178.4155635469032,1.4932933155646404,1.4916583093343505,150.16182625016256,31.900015268781026,True
lift_and_cruse,cruise_335,0.5360809395003101,50.25758807815408,75.08091312508839,420.7946760418742,453.6406095034216,178.42755704991873,1.493930945293411,1.4917585820239943,150.16182625017677,31.916722304943626,True
lift_and_cruse,cruise_335,0.5359230855450768,50.24278926985096,75.08091312509254,420.7755370251606,453.62349695853317,178.43585689334145,1.4943725179265546,1.4918279735622746,150.16182625018507,31.928283932695447,True
lift_and_cruse,cruise_335,0.535866748036422,50.23750762841456,75.08091312508415,420.7687067933987,453.6173900399413,178.43881908935683,1.4945301766424313,1.491852739250942,150.1618262501683,31.93241022986618,True
lift_and_cruse,cruise_336,0.535866748036422,50.23750762841456,75.06830197211275,420.7691916577365,453.61215771586456,178.40731560302794,1.4942680382824918,1.4942680382824918,150.1366039442255,31.93241022986618,True
lift_and_cruse,cruise_336,0.5358104201726978,50.23222689119041,75.06830154299479,420.7623627672995,453.60605175485506,178.41027575943917,1.494425666875469,1.4942928313639787,150.13660308598958,31.93653652703691,True
lift_and_cruse,cruise_336,0.5356525927696153,50.21743057215143,75.06830154157186,420.74322942970576,453.5889447793422,178.41857297876035,1.4948675336438497,1.4943623255413692,150.1366030831437,31.948098154788735,True
lift_and_cruse,cruise_336,0.5354245249493196,50.19604921399872,75.06830154009171,420.71558390317824,453.5642279690797,178.430562927738,1.4955065118427868,1.4944627485395932,150.13660308018342,31.964805190951335,True
lift_and_cruse,cruise_336,0.5351713879149598,50.172317617027474,75.06830154157639,420.68490376117353,453.53679920302886,178.44387093875204,1.4962163646824118,1.4945742110961826,150.13660308315278,31.983348602114358,True
lift_and_cruse,cruise_336,0.5349433185605494,50.15093611505151,75.06830154086751,420.65726558238,453.5120910829064,178.45586118503934,1.4968564977736774,1.4946746365845527,150.13660308173502,32.00005563827696,True
lift_and_cruse,cruise_336,0.5347854892444647,50.136139616668565,75.06830154157062,420.6381414069278,453.4949949440241,178.46415877800914,1.497299804693674,1.494744133891474,150.13660308314124,32.01161726602878,True
lift_and_cruse,cruise_336,0.5347291605293728,50.1308587996287,75.06830154157393,420.6313164713889,453.4888938800326,178.46712017030865,1.4974580827378625,1.494768937324265,150.13660308314786,32.015743563199514,True
lift_and_cruse,cruise_337,0.5347291605293728,50.1308587996287,75.05540650999758,420.6318794589794,453.48360705503137,178.43489800757433,1.497189721205279,1.497189721205279,150.11081301999516,32.015743563199514,True
lift_and_cruse,cruise_337,0.5346728416771873,50.12557890723631,75.05540650858053,420.6250557641245,453.4775070389385,178.43785840633294,1.4973479763993203,1.4972145609571523,150.11081301716106,32.01986986037024,True
lift_and_cruse,cruise_337,0.5345150395237482,50.110784955351406,75.05540650896509,420.6059373251886,453.46041651150455,178.4461533157348,1.4977915760911198,1.4972841608685679,150.11081301793018,32.03143148812207,True
lift_and_cruse,cruise_337,0.5342870081899006,50.08940701780318,75.05540650947309,420.57831332342073,453.4357234649497,178.4581399256352,1.498433061147675,1.497384736649065,150.11081301894617,32.04813852428467,True
lift_and_cruse,cruise_337,0.5340339116519807,50.06567921737319,75.05540651010729,420.5476570666023,453.4083210680786,178.47144422347992,1.4991457001033222,1.4974963687244234,150.11081302021458,32.06668193544769,True
lift_and_cruse,cruise_337,0.5338058787831843,50.04430113592353,75.05540651067628,420.5200404012931,453.3836367007008,178.48343112993314,1.4997883468462148,1.4975969469931991,150.11081302135256,32.08338897161029,True
lift_and_cruse,cruise_337,0.533648074715696,50.029507004596496,75.05540651101167,420.5009311108067,453.3665569960019,178.49172640882247,1.5002333951359823,1.4976665500048651,150.11081302202334,32.094950599362114,True
lift_and_cruse,cruise_337,0.5335917550116783,50.02422703234484,75.05540651116102,420.4941114869403,453.3604617967551,178.49468697598545,1.5003922950488888,1.4976913911697654,150.11081302232205,32.09907689653285,True
lift_and_cruse,cruise_338,0.5335917550116783,50.02422703234484,75.04221504120156,420.49475611849977,453.35511810131305,178.4617143252674,1.500117432962465,1.500117432962465,150.08443008240312,32.09907689653285,True
lift_and_cruse,cruise_338,0.5335354453982614,50.018948006087,75.04221539343818,420.4879376572571,453.3490240283346,178.46467475759988,1.5002763157746566,1.500142317830168,150.08443078687637,32.10320319370358,True
lift_and_cruse,cruise_338,0.5333776691311426,50.00415648104462,75.04221539802408,420.4688341624768,453.33194997981803,178.47296729931455,1.5007216553749365,1.500212023461075,150.08443079604817,32.1147648214554,True
lift_and_cruse,cruise_338,0.5331496752037732,49.982782050353734,75.04221540391411,420.44123175122746,453.3072807415082,178.48495048648732,1.5013656573977054,1.5003127520013575,150.08443080782823,32.131471857618,True
lift_and_cruse,cruise_338,0.5328966201834393,49.95905814219743,75.04221541167503,420.41059945136647,453.27990476396127,178.49825098883684,1.5020810937957496,1.5004245536587446,150.08443082335006,32.150015268781026,True
lift_and_cruse,cruise_338,0.5326686247202721,49.93768356752551,75.04221541751421,420.38300436511025,453.25524419393383,178.51023447329956,1.5027262643517212,1.5005252846979935,150.08443083502843,32.166722304943626,True
lift_and_cruse,cruise_338,0.5325108465380475,49.92289186294195,75.04221542250319,420.363910004314,453.2381809546701,178.51852738689323,1.5031730610996779,1.500594993454849,150.08443084500638,32.17828393269545,True
lift_and_cruse,cruise_338,0.5324545360723266,49.91761275678063,75.04221542394522,420.35709570826543,453.23209163120697,178.52148710902804,1.5033325854004915,1.5006198723527568,150.08443084789045,32.18241022986618,True
lift_and_cruse,cruise_339,0.5324545360723266,49.91761275678063,75.02870960443418,420.35782702915975,453.2266877485901,178.48771874767453,1.5030508363798438,1.5030508363798438,150.05741920886837,32.18241022986618,True
lift_and_cruse,cruise_339,0.5323982359396653,49.912334619343625,75.02870937440501,420.3510140866465,453.220599467768,178.49067685377548,1.5032103305265732,1.5030757466867284,150.05741874881002,32.186536527036914,True
lift_and_cruse,cruise_339,0.5322404862358491,49.89754558461085,75.0287093661354,420.3319255911387,453.2035419285907,178.49896691726838,1.5036574164382224,1.5031455575787835,150.0574187322708,32.19809815478873,True
lift_and_cruse,cruise_339,0.5320125306941603,49.876174752577526,75.02870935434507,420.3043448496967,453.17889654283897,178.51094652589586,1.5043039447244,1.5032464382494166,150.05741870869014,32.21480519095134,True
lift_and_cruse,cruise_339,0.5317595182762552,49.85245483839893,75.02871020508704,420.2737363485191,453.15154718425777,178.52424521407363,1.5050222061908718,1.5033584269314872,150.05742041017407,32.23334860211436,True
lift_and_cruse,cruise_339,0.5315315611948462,49.83108386201683,75.02871019509291,420.24616291971336,453.1269104559523,178.5362251258838,1.5056699099517858,1.5034593101552316,150.05742039018583,32.25005563827696,True
lift_and_cruse,cruise_339,0.5313738095735715,49.81629464752233,75.02871018859992,420.22708354331184,453.1098637125687,178.54451556607975,1.5061184616371062,1.5035291242195152,150.05742037719983,32.26161726602878,True
lift_and_cruse,cruise_339,0.5313175085872903,49.81101643005847,75.02871018664948,420.22027459429665,453.10378027593947,178.54747440728698,1.5062786126619143,1.5035540407167536,150.05742037329895,32.265743563199514,True
lift_and_cruse,cruise_340,0.5313175085872903,49.81101643005847,75.01488145015452,420.22109497358554,453.0983145076211,178.51288844713875,1.505989775484413,1.505989775484413,150.02976290030904,32.265743563199514,True
lift_and_cruse,cruise_340,0.5312612181819508,49.80573920455789,75.01488145009412,420.2142873364388,453.09223217274183,178.51584622954735,1.5061498995831726,1.506014728248912,150.02976290018825,32.26986986037024,True
lift_and_cruse,cruise_340,0.5311034957344403,49.79095272510377,75.01488145008814,420.19521388608496,453.0751911812003,178.52413379808615,1.5065987389169508,1.5060846447327674,150.02976290017628,32.28143148812207,True
lift_and_cruse,cruise_340,0.5308755795780518,49.76958558544235,75.01488145009256,420.1676548808417,453.05056970297306,178.53610980147192,1.5072478037425112,1.506185677990405,150.02976290018512,32.29813852428467,True
lift_and_cruse,cruise_340,0.5306226108761619,49.74586976964017,75.01488145008359,420.13707074558664,453.0232467227769,178.5494023284166,1.5079688670639717,1.5062978178467659,150.02976290016719,32.31668193544769,True
lift_and_cruse,cruise_340,0.5303946931824746,49.724502485856995,75.01488145008632,420.10951904229273,452.9986338909897,178.56137863117982,1.5086191142407124,1.506398853630044,150.02976290017264,32.33338897161029,True
lift_and_cruse,cruise_340,0.5302369688179838,49.70971582668598,75.01488145007562,420.0904546973213,452.98160368138207,178.56966657303073,1.509069427943552,1.5064687732632753,150.02976290015124,32.344950599362114,True
lift_and_cruse,cruise_340,0.5301806775595077,49.70443852120385,75.01488145008521,420.0836511124305,452.97552614492713,178.57262452175775,1.509230208200172,1.5064937274308878,150.02976290017043,32.34907689653285,True
lift_and_cruse,cruise_341,0.5301806775595077,49.70443852120385,75.00070799124408,420.0845666941269,452.969994461913,178.5371659365285,1.5089338140143924,1.5089338140143924,150.00141598248817,32.34907689653285,True
lift_and_cruse,cruise_341,0.5301243971470643,49.69916223253728,75.00070799124572,420.07776444831774,452.9639180465844,178.5401227945667,1.5090945657584522,1.508958804346538,150.00141598249144,32.35320319370358,True
lift_and_cruse,cruise_341,0.5299667026989135,49.68437837802314,75.00070799123911,420.0587061024288,452.9468936395339,178.5484077727894,1.5095451647808442,1.509028826090879,150.00141598247822,32.3647648214554,True
lift_and_cruse,cruise_341,0.5297388270024779,49.6630150314823,75.00070799124283,420.0311689191426,452.9222961221872,178.56038003344526,1.510196775216927,1.5091300114594215,150.00141598248567,32.381471857618,True
lift_and_cruse,cruise_341,0.5294859032073409,49.63930342568822,75.00070799124862,420.00060899802395,452.8949997304701,178.57366840684426,1.510920667816481,1.5092423201535237,150.00141598249724,32.400015268781026,True
lift_and_cruse,cruise_341,0.529258025972874,49.61793993495694,75.00070799124116,419.9730791051492,452.8704108485794,178.5856409678179,1.5115734675711756,1.5093435080602473,150.0014159824823,32.416722304943626,True
lift_and_cruse,cruise_341,0.5291003296068296,49.603155900640274,75.00070799124738,419.9540298502472,452.85339720977083,178.59392632059487,1.5120255496514454,1.5094135329701903,150.00141598249476,32.42828393269545,True
lift_and_cruse,cruise_341,0.5290440483408433,49.59787953195406,75.00070799124242,419.947231650311,452.84732558675853,178.5968833452962,1.5121869614185854,1.5094385247109143,150.00141598248484,32.43241022986618,True
lift_and_cruse,cruise_342,0.5290440483408433,49.59787953195406,74.98617299671707,419.9482471456538,452.8417248161927,178.56050955418985,1.5118826390230253,1.5118826390230253,149.97234599343415,32.43241022986618,True
lift_and_cruse,cruise_342,0.528987778198904,49.59260420614725,74.98617300636178,419.9414503100409,452.83565433669605,178.56346548390252,1.5120440208381323,1.5119076670587648,149.97234601272356,32.436536527036914,True
lift_and_cruse,cruise_342,0.5288301125279729,49.577823049497454,74.9861730071578,419.92240712888224,452.8186465551702,178.57174779554845,1.5124963858266558,1.5119777938926302,149.9723460143156,32.44809815478873,True
lift_and_cruse,cruise_342,0.5286022784155254,49.556463601455505,74.98617300887689,419.8948918544722,452.7940730580798,178.58371620466176,1.5131505509711916,1.5120791311367965,149.97234601775378,32.46480519095134,True
lift_and_cruse,cruise_342,0.528349400774755,49.53275632263328,74.9861730054435,419.8643562454826,452.76680331977985,178.59700029032075,1.5138772828599036,1.512191608293886,149.972346010887,32.48334860211436,True
lift_and_cruse,cruise_342,0.5281215651235769,49.51139673033533,74.9861730098498,419.8368482491592,452.74223844759985,178.60896900744993,1.5145326443835847,1.5122929481460414,149.9723460196996,32.50005563827696,True
lift_and_cruse,cruise_342,0.5279638975338669,49.49661539380001,74.98617300507058,419.81781414616756,452.7252414195866,178.61725168084368,1.5149865010535764,1.5123630780428476,149.97234601014117,32.51161726602878,True
lift_and_cruse,cruise_342,0.5279076265379993,49.49133998793743,74.98617300490258,419.8110213528107,452.7191757245653,178.620207753202,1.5151485465820802,1.5123881072863763,149.97234600980516,32.515743563199514,True
lift_and_cruse,cruise_343,0.5279076265379993,49.49133998793743,74.97125704875491,419.81214221108786,452.71350221681894,178.58286959758217,1.5148358695932893,1.5148358695932893,149.94251409750981,32.515743563199514,True
lift_and_cruse,cruise_343,0.5278513669591937,49.4860656524244,74.97125699799695,419.80535082841277,452.7074376767335,178.58582439709903,1.514997882243898,1.514860933790688,149.9425139959939,32.51986986037024,True
lift_and_cruse,cruise_343,0.5276937308853856,49.4712872705049,74.9712569980123,419.786322877197,452.690446564472,178.59410395562082,1.5154520192114818,1.514931165455469,149.9425139960246,32.53143148812207,True
lift_and_cruse,cruise_343,0.5274659395417648,49.44993183204045,74.97125699802254,419.758829606219,452.6658971506297,178.60606838526797,1.5161087477453628,1.515032654177369,149.94251399604508,32.54813852428467,True
lift_and_cruse,cruise_343,0.5272131093704228,49.42622900347713,74.971256998054,419.7283184112442,452.63865413752177,178.6193480679869,1.5168383287953164,1.5151452995826353,149.942513996108,32.56668193544769,True
lift_and_cruse,cruise_343,0.5269853164873912,49.40487342069292,74.9712569980737,419.70083240754155,452.6141133370543,178.63131279987383,1.5174962606979892,1.5152467908682958,149.9425139961474,32.58338897161029,True
lift_and_cruse,cruise_343,0.5268276784939694,49.390094858809626,74.97125699808007,419.6818135184753,452.5971329654912,178.63959273523014,1.5179518982428242,1.5153170257295898,149.94251399616013,32.594950599362114,True
lift_and_cruse,cruise_343,0.5267714180608554,49.384820443205186,74.97125699809297,419.6750261547042,452.5910732142106,178.64254782662283,1.518114579715886,1.515342092402836,149.94251399618594,32.59907689653285,True
lift_and_cruse,cruise_344,0.5267714180608554,49.384820443205186,74.95593804575826,419.6762585598774,452.58532284032583,178.60418957763278,1.5177930662168297,1.5177930662168297,149.91187609151652,32.59907689653285,True
lift_and_cruse,cruise_344,0.5267151693542809,49.379547126963836,74.95593855589983,419.669472478479,452.5792643660323,178.60714476740637,1.5179557243143458,1.517818179662143,149.91187711179967,32.60320319370358,True
lift_and_cruse,cruise_344,0.5265575637436892,49.36477160097087,74.95593855502818,419.65045982668676,452.5622899704682,178.61542148518677,1.5184116390588531,1.5178885158893494,149.91187711005637,32.6147648214554,True
lift_and_cruse,cruise_344,0.5263298164204363,49.3434202894159,74.95593855355084,419.622988659428,452.5377647084645,178.62738180969035,1.5190709393825506,1.5179901557089088,149.91187710710167,32.631471857618,True
lift_and_cruse,cruise_344,0.5260770351076643,49.31972204134353,74.95593855181217,419.5925019913323,452.5105484956906,178.64065693624735,1.5198033788272618,1.518102968824262,149.91187710362433,32.650015268781026,True
lift_and_cruse,cruise_344,0.5258492862443663,49.298370585409344,74.95593855060346,419.56503807968494,452.4860318360015,178.6526175645439,1.5204638896054674,1.518204611225479,149.91187710120693,32.666722304943626,True
lift_and_cruse,cruise_344,0.5256916787133692,49.28359487937836,74.95593854974685,419.54603447558276,452.46906816729137,178.66089466034646,1.5209213137569246,1.5182749506651487,149.9118770994937,32.67828393269545,True
lift_and_cruse,cruise_344,0.5256354291521338,49.27832148301254,74.95593854936298,419.53925256634045,452.463014376564,178.66384873814258,1.5210846332512644,1.5183000546607863,149.91187709872597,32.68241022986618,True
lift_and_cruse,cruise_345,0.5256354291521338,49.27832148301254,74.94019546490144,419.54060243776246,452.45718314557917,178.62441687253545,1.520753816475492,1.520753816475492,149.88039092980287,32.68241022986618,True
lift_and_cruse,cruise_345,0.5255791916434962,49.27304921657777,74.9401961115811,419.5338218051287,452.45113068051427,178.62737135711,1.5209171134316348,1.5207789700562349,149.8803922231622,32.686536527036914,True
lift_and_cruse,cruise_345,0.5254216174087272,49.258276632068174,74.94019611405099,419.51482452573805,452.4341730533147,178.63564515261777,1.521374811587597,1.5208494106282209,149.88039222810198,32.69809815478873,True
lift_and_cruse,cruise_345,0.5251939154245928,49.23692957105558,74.94019611724293,419.4873755676325,452.40967201779904,178.64760125427088,1.5220366918586543,1.5209512012318656,149.88039223448587,32.71480519095134,True
lift_and_cruse,cruise_345,0.5249411844340894,49.21323604069589,74.94019612069602,419.45691354339107,452.3824826882107,178.6608716943325,1.5227719987750035,1.521064181711933,149.88039224139203,32.73334860211436,True
lift_and_cruse,cruise_345,0.5247134809092674,49.19188883524382,74.94019612424293,419.42947182926076,452.3579902438718,178.6728281008825,1.5234350966190542,1.5211659749113768,149.88039224848586,32.75005563827696,True
lift_and_cruse,cruise_345,0.5245559047532914,49.177116070621075,74.94019612660571,419.4104835831154,452.34104332959663,178.68110227521353,1.5238943130539082,1.5212364187085485,149.88039225321143,32.76161726602878,True
lift_and_cruse,cruise_345,0.5244996663896362,49.1718437240284,74.94019612761245,419.4037071543575,452.3349955178875,178.68405531100169,1.5240582726042402,1.5212615599547659,149.8803922552249,32.765743563199514,True
lift_and_cruse,cruise_346,0.5244996663896362,49.1718437240284,74.92400182933642,419.4051820944009,452.3290783634471,178.6434813587158,1.5237175618171386,1.5237175618171386,149.84800365867284,32.765743563199514,True
lift_and_cruse,cruise_346,0.524443440425613,49.16657253990122,74.9240024131659,419.398406995691,452.323031892182,178.64643460530098,1.5238814954635773,1.5237427511699881,149.8480048263318,32.76986986037024,True
lift_and_cruse,cruise_346,0.5242858985380465,49.15180298794186,74.92400241503385,419.3794251699672,452.306091087947,178.6547053705048,1.5243409821725737,1.523813295642671,149.8480048300677,32.78143148812207,True
lift_and_cruse,cruise_346,0.5240582432967429,49.13046030906965,74.924002418008,419.3519985382099,452.2816143579447,178.6666570952181,1.5250054498510264,1.5239152364059232,149.848004836016,32.79813852428467,True
lift_and_cruse,cruise_346,0.5238055641865479,49.106771642488866,74.92400242085344,419.3215612879967,452.25445199916055,178.67992267680188,1.5257436325304672,1.5240283835494581,149.84800484170688,32.81668193544769,True
lift_and_cruse,cruise_346,0.5235779074039822,49.08542881912334,74.92400242361461,419.2941418887489,452.2299838490349,178.69187470584694,1.5264093249214907,1.5241303269084703,149.84800484722922,32.83338897161029,True
lift_and_cruse,cruise_346,0.523420363594493,49.07065908698372,74.92400242532528,419.27516908178575,452.21305374375,178.70014585081813,1.5268703388256655,1.5242008746203324,149.84800485065057,32.844950599362114,True
lift_and_cruse,cruise_346,0.5233641367751339,49.06538782266881,74.92400242608954,419.2683981625719,452.2070119304828,178.70309780546359,1.5270349402796337,1.5242260529537413,149.8480048521791,32.84907689653285,True
lift_and_cruse,cruise_347,0.5233641367751339,49.06538782266881,74.90733057584667,419.27000555145236,452.2010038926802,178.66131510486537,1.5266837561047175,1.5266837561047175,149.81466115169334,32.84907689653285,True
lift_and_cruse,cruise_347,0.5233079227230958,49.06011775529023,74.90733057582212,419.26323616539173,452.1949633437616,178.66426577017856,1.5268483175591503,1.5267089699166763,149.81466115164423,32.85320319370358,True
lift_and_cruse,cruise_347,0.5231504142120879,49.04535133238324,74.90733057580121,419.24426987973806,452.178039421884,178.67253339773748,1.5273095976873619,1.5267796178501043,149.81466115160242,32.8647648214554,True
lift_and_cruse,cruise_347,0.5229228072010988,49.02401317510302,74.90733057577964,419.2168656994389,452.1535870830372,178.68448058808792,1.527976659799701,1.526881708117538,149.81466115155928,32.881471857618,True
lift_and_cruse,cruise_347,0.5226701816222231,49.00032952708342,74.90733057581114,419.1864533618567,452.1264517902413,178.6977411386476,1.5287177260773712,1.5269950212157013,149.8146611516223,32.900015268781026,True
lift_and_cruse,cruise_347,0.5224425730694477,48.97899122526073,74.90733057580718,419.1590564023563,452.1020080200629,178.70968863473618,1.529386020091437,1.5270971140957066,149.81466115161436,32.916722304943626,True
lift_and_cruse,cruise_347,0.5222850626358638,48.96422462211223,74.90733057580053,419.1400991208932,452.0850947831382,178.7179566435241,1.5298488363771987,1.5271677652867852,149.81466115160106,32.92828393269545,True
lift_and_cruse,cruise_347,0.5222288477281988,48.958954474518634,74.90733057583498,419.1333337420592,452.0790589894802,178.72090747863234,1.5300140814876295,1.5271929805496642,149.81466115166995,32.93241022986618,True
lift_and_cruse,cruise_348,0.5222288477281988,48.958954474518634,74.89015181074164,419.1350818089143,452.0729545445526,178.67784172935328,1.5296517790152226,1.5296517790152226,149.78030362148328,32.93241022986618,True
lift_and_cruse,cruise_348,0.5221726459776708,48.95368556040664,74.8901518146317,419.1283180013161,452.06692004526366,178.68079124708385,1.5298169818516203,1.5296770296842488,149.7803036292634,32.936536527036914,True
lift_and_cruse,cruise_348,0.5220151719346503,48.93892236887346,74.89015181463245,419.109367347543,452.05001307033876,178.68905563129064,1.5302800599710886,1.5297477806508042,149.7803036292649,32.94809815478873,True
lift_and_cruse,cruise_348,0.5217876147311433,48.917588881044686,74.89015181461666,419.0819857512953,452.0255852160117,178.70099813511956,1.5309497231418956,1.5298500198095661,149.78030362923332,32.96480519095134,True
lift_and_cruse,cruise_348,0.5215350444341219,48.893910415698926,74.89015181460859,419.0515984736574,451.99847709270125,178.71425348436182,1.5316936803770613,1.5299634981701375,149.78030362921717,32.98334860211436,True
lift_and_cruse,cruise_348,0.5213074856883246,48.87257678328044,74.89015181460323,419.0242240865435,451.974057795738,178.7261962947122,1.532364582666153,1.5300657399530138,149.78030362920646,33.00005563827696,True
lift_and_cruse,cruise_348,0.5211500097220995,48.85781341144683,74.89015181459094,419.0052824224202,451.9571614916666,178.7344610610829,1.5328292059417474,1.5301364941912547,149.78030362918187,33.01161726602878,True
lift_and_cruse,cruise_348,0.5210938071156649,48.85254441709359,74.89015181458913,418.9985226167189,451.9511317406467,178.73741073894377,1.5329950963567565,1.530161746231148,149.78030362917826,33.015743563199514,True
lift_and_cruse,cruise_349,0.5210938071156649,48.85254441709359,74.87243259594658,419.000420764218,451.944924591409,178.69297710822994,1.5326209410243354,1.5326209410243354,149.74486519189315,33.015743563199514,True
lift_and_cruse,cruise_349,0.5210376180819781,48.84727669518545,74.87243259583087,418.9936625729652,451.9388961651709,178.69592541600557,1.5327867865415161,1.5326462281862072,149.74486519166175,33.01986986037024,True
lift_and_cruse,cruise_349,0.5208801796706833,48.832516844126566,74.8724325958412,418.9747276507811,451.92200620685514,178.70418643891477,1.533251666759097,1.5327170816517985,149.7448651916824,33.03143148812207,True
lift_and_cruse,cruise_349,0.520652673956325,48.81118818340546,74.87243259586809,418.9473687826436,451.89760293769064,178.7161240859055,1.53392393693619,1.5328194689311456,149.74486519173618,33.04813852428467,True
lift_and_cruse,cruise_349,0.5204001608076887,48.78751507572081,74.87243259589663,418.91700672482125,451.87052209554594,178.7293740448662,1.5346707917480484,1.5329331116993143,149.74486519179325,33.06668193544769,True
lift_and_cruse,cruise_349,0.5201726535505754,48.76618627036645,74.87243259592228,418.88965505413273,451.8461273723838,178.74131199912208,1.5353443082903753,1.5330355016140251,149.74486519184455,33.08338897161029,True
lift_and_cruse,cruise_349,0.5200152132154969,48.75142623895283,74.87243259593997,418.8707291070179,451.8292480707599,178.7495734052067,1.535810742701578,1.5331063583660502,149.74486519187994,33.094950599362114,True
lift_and_cruse,cruise_349,0.5199590233256459,48.746158436779304,74.87243259594571,418.8639749100106,451.8232243872184,178.75252188382981,1.5359772799030957,1.5331316469932537,149.74486519189142,33.09907689653285,True
lift_and_cruse,cruise_350,0.5199590233256459,48.746158436779304,74.8541366298166,418.8660333093593,451.81690771178745,178.70662855713582,1.5355904758504744,1.5355904758504744,149.7082732596332,33.09907689653285,True
lift_and_cruse,cruise_350,0.5199028474520578,48.74089194863042,74.85413662980788,418.85928077168234,451.81088538630314,178.7095756205685,1.5357569654313075,1.5356157993797441,149.70827325961577,33.10320319370358,True
lift_and_cruse,cruise_350,0.5197454459144749,48.72613555448203,74.85413662977471,418.84036168876673,451.79401252009575,178.71783315609872,1.536223651383896,1.5356867547383481,149.70827325954943,33.1147648214554,True
lift_and_cruse,cruise_350,0.519517993484004,48.704811889125374,74.85413662981286,418.81302570431905,451.76963394517765,178.7297657641593,1.536898533835113,1.5357892892634402,149.7082732596257,33.131471857618,True
lift_and_cruse,cruise_350,0.5192655394757868,48.681144325855016,74.85413662981452,418.7826890389891,451.7425805052346,178.74301013063953,1.5376482920857835,1.5359030954674402,149.70827325962904,33.150015268781026,True
lift_and_cruse,cruise_350,0.5190380855021391,48.65982051582555,74.85413662977672,418.75536024030174,451.71821046488634,178.7549430465151,1.5383244281764916,1.5360056326375249,149.70827325955344,33.166722304943626,True
lift_and_cruse,cruise_350,0.5188806820402468,48.645063941273136,74.85413662970196,418.7364501178675,451.70134824112245,178.7632009660155,1.5387926773944574,1.5360765912955083,149.7082732594039,33.17828393269545,True
lift_and_cruse,cruise_350,0.5188245053102606,48.639797372836924,74.85413662978974,418.7297015679471,451.6953306519915,178.76614820061994,1.5389598626967114,1.5361019162956229,149.70827325957947,33.18241022986618,True
lift_and_cruse,cruise_351,0.5188245053102606,48.639797372836924,74.83522383621825,418.73193144947504,451.68889691555125,178.71869378857713,1.5385595310479276,1.5385595310479276,149.6704476724365,33.18241022986618,True
lift_and_cruse,cruise_351,0.5187683430708706,48.63453216289412,74.8352238361001,418.7251846070024,451.6828807200409,178.72163955898984,1.5387266657969412,1.5385848906958115,149.6704476722002,33.186536527036914,True
lift_and_cruse,cruise_351,0.5186109797354032,48.619779350194044,74.8352238361419,418.7062814797804,451.66602502793813,178.72989347261708,1.5391951605987306,1.5386559472663943,149.6704476722838,33.19809815478873,True
lift_and_cruse,cruise_351,0.5183835825084366,48.598460860165936,74.8352238361149,418.6789685473219,451.6416712656853,178.74182084672591,1.5398726598297847,1.5387586280477188,149.6704476722298,33.21480519095134,True
lift_and_cruse,cruise_351,0.5181311897712771,48.57479904105724,74.83522383613128,418.64865746123337,451.6146453593656,178.75505940456293,1.5406253265375214,1.5388725965918353,149.67044767226255,33.23334860211436,True
lift_and_cruse,cruise_351,0.5179037910007571,48.55348040632098,74.83522383613779,418.62135170277116,451.59030012021907,178.76698708745943,1.5413040867126293,1.5389752800314616,149.67044767227557,33.25005563827696,True
lift_and_cruse,cruise_351,0.51774642574051,48.538727413172815,74.83522383610442,418.6024575214086,451.573455056235,178.77524138584803,1.541774153884997,1.539046339914391,149.67044767220884,33.26161726602878,True
lift_and_cruse,cruise_351,0.5176902626445125,48.53346212292305,74.83522383613692,418.5957146601659,451.5674435907152,178.77818732795566,1.5419419884090366,1.5390717010403678,149.67044767227384,33.265743563199514,True
lift_and_cruse,cruise_352,0.5176902626445125,48.53346212292305,74.81564972122581,418.5981284891387,451.5608844278694,178.7290592799842,1.5415271536107704,1.5415271536107704,149.63129944245162,33.265743563199514,True
lift_and_cruse,cruise_352,0.5176341145476561,48.52819823884275,74.81564972121919,418.5913873868574,451.55487439419664,178.73200370630457,1.5416949344303348,1.5415525491068522,149.63129944243838,33.26986986037024,True
lift_and_cruse,cruise_352,0.5174767908386361,48.51344914112212,74.81564972116074,418.57250034160006,451.5380359653267,178.74025385293476,1.5421652405971296,1.5416237061145763,149.63129944232148,33.28143148812207,True
lift_and_cruse,cruise_352,0.5172494508734123,48.49213601938241,74.81564972122,418.5452106434738,451.5137071445774,178.75217578441817,1.5428453602613939,1.541726532041033,149.63129944244,33.29813852428467,True
lift_and_cruse,cruise_352,0.5169971216918093,48.46848015860713,74.81564972122705,418.5149253390535,451.486708914809,178.76540830149713,1.5436009394905799,1.5418406616877172,149.6312994424541,33.31668193544769,True
lift_and_cruse,cruise_352,0.5167697801827027,48.44716689212838,74.81564972122169,418.4876428031936,451.4623886055975,178.77733054218137,1.5442823274233788,1.5419434902810119,149.63129944244338,33.33338897161029,True
lift_and_cruse,cruise_352,0.5166124545484924,48.43241761392115,74.8156497212225,418.4687646890962,451.4455607904663,178.7855810747308,1.5447542150995182,1.5420146506172656,149.631299442445,33.344950599362114,True
lift_and_cruse,cruise_352,0.5165563055948457,48.42715364951678,74.81564972122457,418.46202756156003,451.4395554803484,178.7885256727558,1.5449226997571013,1.5420400475942895,149.63129944244915,33.34907689653285,True
lift_and_cruse,cruise_353,0.5165563055948457,48.42715364951678,74.795364733684,418.46463921791417,451.4328615736845,178.7375986498461,1.5444922754494887,1.5444922754494887,149.590729467368,33.34907689653285,True
lift_and_cruse,cruise_353,0.5165001721869844,48.42189114252979,74.7953647337434,418.45790390476805,451.4268577365232,178.74054167642464,1.5446607029981405,1.544517706482754,149.5907294674868,33.35320319370358,True
lift_and_cruse,cruise_353,0.5163428896355711,48.40714590333479,74.79536473374804,418.43903307852696,451.4100366680806,178.74878790085475,1.545132822384384,1.5445889630624,149.5907294674961,33.3647648214554,True
lift_and_cruse,cruise_353,0.5161156091446996,48.385838357315585,74.7953647337967,418.4117668128619,451.38573292919625,178.76070416458492,1.5458155651633296,1.5446919328763757,149.5907294675934,33.381471857618,True
lift_and_cruse,cruise_353,0.5158633459744928,48.3621886851087,74.79536473382421,418.3815075099623,451.35876253175263,178.77393039135566,1.5465740599049222,1.544806222232589,149.59072946764843,33.400015268781026,True
lift_and_cruse,cruise_353,0.5156360639394596,48.34088099432434,74.79536473407683,418.3542483947041,451.33446729283077,178.78584696557488,1.5472580783059244,1.5449091947295364,149.59072946815365,33.416722304943626,True
lift_and_cruse,cruise_353,0.5154787794625083,48.32613557461016,74.79536473388849,418.33538648500036,451.31765682358673,178.79409357605653,1.5477317883590838,1.5449804546450985,149.59072946777698,33.42828393269545,True
lift_and_cruse,cruise_353,0.5154226451977024,48.3208729872846,74.79536473374269,418.3286551401203,451.31165770349116,178.79703677414528,1.5479009238191745,1.5450058871604033,149.59072946748537,33.43241022986618,True
lift_and_cruse,cruise_354,0.5154226451977024,48.3208729872846,74.77431345528137,418.33148014475273,451.3048186311425,178.7441706022399,1.5474536951134494,1.5474536951134494,149.54862691056275,33.43241022986618,True
lift_and_cruse,cruise_354,0.5153665270679364,48.31561191261904,74.77431345527476,418.32475067405204,451.2988210283491,178.74711216884077,1.5476227697782219,1.5474791613319594,149.54862691054953,33.436536527036914,True
lift_and_cruse,cruise_354,0.5152092873247597,48.30087068669622,74.77431345523378,418.30589621612154,451.28201742644023,178.7553543029393,1.548096703476546,1.5475505165030032,149.54862691046756,33.44809815478873,True
lift_and_cruse,cruise_354,0.514982068693492,48.27956894001487,74.77431345527765,418.27865359859675,451.2577389227469,178.7672646563489,1.5487820709597786,1.5476536287909828,149.5486269105553,33.46480519095134,True
lift_and_cruse,cruise_354,0.5147298741821408,48.255925704575695,74.77431345525842,418.2484205366097,451.23079652775044,178.78048432336755,1.5495434829867607,1.54776807628601,149.54862691051684,33.48334860211436,True
lift_and_cruse,cruise_354,0.5145026540064881,48.234623813108264,74.77431345526797,418.2211850577479,451.20652651227454,178.79239498723308,1.550230133453487,1.54787119126172,149.54862691053594,33.50005563827696,True
lift_and_cruse,cruise_354,0.514345412337495,48.21988240664015,74.7743134552576,418.2023395015632,451.18973349501255,178.80063750865003,1.5507056670090817,1.547942549785921,149.5486269105152,33.51161726602878,True
lift_and_cruse,cruise_354,0.5142892933506601,48.214621251624386,74.7743134552358,418.1956139925204,451.1837406028249,178.8035792475506,1.550875453677249,1.5479680174960926,149.5486269104716,33.515743563199514,True
lift_and_cruse,cruise_355,0.5142892933506601,48.214621251624386,74.75243740165276,418.1986687129396,451.1767453376606,178.7486259362567,1.5504101341103311,1.5504101341103311,149.5048748033055,33.515743563199514,True
lift_and_cruse,cruise_355,0.5142331911352416,48.2093616689289,74.75243459880713,418.191945934525,451.1707535038966,178.7515589398602,1.550579797866693,1.5504355740737794,149.50486919761425,33.51986986037024,True
lift_and_cruse,cruise_355,0.5140759959830465,48.194624623410604,74.75243460084162,418.17310800702893,451.15396748494834,178.75979680755935,1.5510555461699957,1.5505070267828414,149.50486920168325,33.53143148812207,True
lift_and_cruse,cruise_355,0.5138488417875394,48.17332891758182,74.7524346036882,418.1458892719811,451.1297143846068,178.77170099555215,1.5517435387814227,1.550610280016849,149.5048692073764,33.54813852428467,True
lift_and_cruse,cruise_355,0.5135967187943854,48.14969238697363,74.75243460620017,418.115682711135,451.10280017855735,178.78491381830563,1.5525078685614992,1.550724883942837,149.50486921240034,33.56668193544769,True
lift_and_cruse,cruise_355,0.5133695630543119,48.12839653634174,74.7524346088703,418.08847110294795,451.0785555546203,178.79681831691246,1.5531971515349283,1.5508281398710146,149.5048692177406,33.58338897161029,True
lift_and_cruse,cruise_355,0.5132123659760721,48.113659310256764,74.75243461103655,418.069642062402,451.06178010563906,178.8050565728271,1.5536745089021675,1.5508995959473373,149.5048692220731,33.594950599362114,True
lift_and_cruse,cruise_355,0.513156262903483,48.108399647201544,74.75243461151729,418.0629224471491,451.05579348280077,178.80799678872654,1.553844946882656,1.5509250984680032,149.50486922303458,33.59907689653285,True
lift_and_cruse,cruise_356,0.513156262903483,48.108399647201544,74.72965496851413,418.0662289711222,451.0486272612502,178.7507571526926,1.553359819004207,1.553359819004207,149.45930993702825,33.59907689653285,True
lift_and_cruse,cruise_356,0.5131001772949694,48.10314162140338,74.7296549721574,418.05951136421095,451.0426422563662,178.75369560884755,1.5535301878813443,1.5533853544469303,149.4593099443148,33.60320319370358,True
lift_and_cruse,cruise_356,0.5129430286742743,48.08840893821321,74.72965497216651,418.0406901470961,451.02587394752896,178.76192900228955,1.5540077499374216,1.5534569033609074,149.45930994433303,33.6147648214554,True
lift_and_cruse,cruise_356,0.5127159417186985,48.06711953612799,74.72965497215378,418.01349555446853,451.00164643428894,178.77382672514793,1.554698366455261,1.553560295620164,149.45930994430756,33.631471857618,True
lift_and_cruse,cruise_356,0.5124638933561899,48.0434900021428,74.72965497214763,417.983315782914,450.9747606213064,178.78703237403784,1.5554656126637443,1.5536750538718,149.45930994429526,33.650015268781026,True
lift_and_cruse,cruise_356,0.5122368048559612,48.02220045524637,74.72965497215152,417.9561283052218,450.9505415726288,178.7989304084447,1.5561575269394836,1.5537784488384405,149.45930994430304,33.666722304943626,True
lift_and_cruse,cruise_356,0.5120796543091156,48.00746759147959,74.72965497214189,417.9373159602962,450.933783818921,178.80716419028744,1.5566367072739304,1.5538500011276541,149.45930994428377,33.67828393269545,True
lift_and_cruse,cruise_356,0.5120235678433843,48.00220948531727,74.72965497213713,417.9306023029068,450.9278035108528,178.81010281016543,1.5568077962776963,1.553875537993145,149.45930994427425,33.68241022986618,True
lift_and_cruse,cruise_357,0.5120235678433843,48.00220948531727,74.70589765148517,417.9341813557373,450.92045235457704,178.7503893775394,1.5563012297251013,1.5563012297251013,149.41179530297035,33.68241022986618,True
lift_and_cruse,cruise_357,0.5119674995934458,47.99695308688554,74.7058977363939,417.9274697600523,450.91447373598817,178.75332636625637,1.5564722465654732,1.5563268007975217,149.4117954727878,33.686536527036914,True
lift_and_cruse,cruise_357,0.511810399610392,47.982224963474245,74.70589773637552,417.9086654484278,450.89772327796857,178.7615550759529,1.5569516205666982,1.5563984445632464,149.41179547275104,33.69809815478873,True
lift_and_cruse,cruise_357,0.5115833829382295,47.96094215045901,74.70589773639126,417.88149528014833,450.87352155511604,178.77344603092126,1.5576448583813172,1.5565019738920736,149.41179547278253,33.71480519095134,True
lift_and_cruse,cruise_357,0.5113314125844047,47.93731992978794,74.70589773638177,417.8513426109762,450.84666436065123,178.78664416815215,1.558415018110999,1.5566168842834525,149.41179547276354,33.73334860211436,True
lift_and_cruse,cruise_357,0.5111043943675546,47.91603697195824,74.7058977363724,417.82417954573606,450.822471090377,178.79853543495838,1.5591095610809982,1.5567204163273154,149.4117954727448,33.75005563827696,True
lift_and_cruse,cruise_357,0.5109472924583072,47.9013086679663,74.70589773635449,417.80538409144793,450.8057311725551,178.80676453358623,1.5595905625865196,1.5567920634792944,149.41179547270897,33.76161726602878,True
lift_and_cruse,cruise_357,0.5108912233511319,47.896052189168614,74.70589773636831,417.7986764615971,450.7997572293865,178.80970148211733,1.559762301967265,1.5568176342018338,149.41179547273663,33.765743563199514,True
lift_and_cruse,cruise_358,0.5108912233511319,47.896052189168614,74.68107087305813,417.80255375695776,450.79220386001094,178.74728194368893,1.5592322844945627,1.5592322844945627,149.36214174611627,33.765743563199514,True
lift_and_cruse,cruise_358,0.5108351732822086,47.89079749520706,74.68107089127865,417.79584829131863,450.7862316562674,178.75021700922244,1.5594039450919461,1.5592578873954135,149.3621417825573,33.76986986037024,True
lift_and_cruse,cruise_358,0.5106781242412328,47.876074147615576,74.68107089126855,417.77706110105737,450.7694992043336,178.75844080045655,1.5598851278899506,1.5593296244347337,149.3621417825371,33.78143148812207,True
lift_and_cruse,cruise_358,0.5104511811825206,47.85479823586131,74.68107089125452,417.7499156690855,450.74532349617533,178.77032464806794,1.5605809824499677,1.559433288550116,149.36214178250904,33.79813852428467,True
lift_and_cruse,cruise_358,0.5101992925334828,47.831183675014024,74.6810708912193,417.71979044851236,450.7184951691364,178.78351489692048,1.561354050650477,1.5595483485478276,149.3621417824386,33.81668193544769,True
lift_and_cruse,cruise_358,0.5099723479301224,47.809907618448975,74.68107089120913,417.69265210762734,450.6943279014758,178.7953990567565,1.5620512177655819,1.5596520153867799,149.36214178241826,33.83338897161029,True
lift_and_cruse,cruise_358,0.5098152969630017,47.7951840902814,74.68107089118931,417.6738737598103,450.6776059746676,178.8036232372937,1.5625340372942667,1.5597237558220338,149.36214178237861,33.844950599362114,True
lift_and_cruse,cruise_358,0.5097592460368633,47.78992931595593,74.6810708911804,417.6671722345381,450.67163845174974,178.80655843054325,1.562706425927696,1.5597493598369658,149.3621417823608,33.84907689653285,True
lift_and_cruse,cruise_359,0.5097592460368633,47.78992931595593,74.65506931903228,417.6713772032862,450.6638630838454,178.74116684490065,1.5621506536546905,1.5621506536546905,149.31013863806456,33.84907689653285,True
lift_and_cruse,cruise_359,0.5097032150519607,47.78467641112131,74.65506969761236,417.66467783249084,450.6578974342756,178.7441009696208,1.5623229652876713,1.5621762971308433,149.31013939522472,33.85320319370358,True
lift_and_cruse,cruise_359,0.5095462194832407,47.76995807655382,74.65506969734214,417.64590800256286,450.6411831606361,178.752319583831,1.5628059522370656,1.5622481256513079,149.31013939468428,33.8647648214554,True
lift_and_cruse,cruise_359,0.5093193536942252,47.74868940883362,74.65506969675192,417.61878765224924,450.6170337159434,178.7641959500184,1.5635044168241485,1.5623519219592887,149.31013939350385,33.881471857618,True
lift_and_cruse,cruise_359,0.5090675508081483,47.725082888263906,74.65506969606771,417.58869026356746,450.59023453237666,178.77737789522138,1.564280386035304,1.5624671286835077,149.31013939213543,33.900015268781026,True
lift_and_cruse,cruise_359,0.5088406834746074,47.70381407574445,74.65506969547637,417.5615769923565,450.56609351597626,178.7892545738594,1.5649801705710589,1.5625709277222246,149.31013939095274,33.916722304943626,True
lift_and_cruse,cruise_359,0.5086836859798958,47.68909556061523,74.65506969511105,417.5428159899511,450.54938975222825,178.79747357745498,1.5654648034691374,1.5626427596458148,149.3101393902221,33.92828393269545,True
lift_and_cruse,cruise_359,0.5086276541378462,47.68384257542308,74.65506969490042,417.5361206545486,450.5434287109465,178.800406922889,1.5656378396928174,1.5626683963112122,149.31013938980084,33.93241022986618,True
lift_and_cruse,cruise_360,0.5086276541378462,47.68384257542308,74.62777388162418,417.5406867377613,450.53540884164,178.73174100634216,1.5650536922141423,1.5650536922141423,149.25554776324836,33.93241022986618,True
lift_and_cruse,cruise_360,0.5085716432325945,47.67859155305573,74.6277737328925,417.53399380677075,450.5294496527887,178.73467185579946,1.565226634026098,1.5650793560203506,149.255547465785,33.936536527036914,True
lift_and_cruse,cruise_360,0.5084147039258412,47.66387849304761,74.62777373007778,417.51524160317933,450.51275374883755,178.7428850028193,1.5657114187148415,1.5651512739460403,149.25554746015555,33.94809815478873,True
lift_and_cruse,cruise_360,0.5081879194378137,47.64261744729503,74.62777372669153,417.4881467185873,450.4886308443277,178.75475347096176,1.5664124840808233,1.5652551994703074,149.25554745338306,33.96480519095134,True
lift_and_cruse,cruise_360,0.5079362067891471,47.619019386482535,74.627773724849,417.4580775874996,450.46186111165116,178.76792665497297,1.567191344071915,1.5653705496602563,149.255547449698,33.98334860211436,True
lift_and_cruse,cruise_360,0.5077094207568088,47.597758195950824,74.62777372431519,417.4309897691763,450.4377466236199,178.77979544289337,1.5678937368274317,1.56547447798464,149.25554744863038,34.00005563827696,True
lift_and_cruse,cruise_360,0.5075524795243321,47.583044955406145,74.62777372497227,417.41224637710127,450.42106121483044,178.7880089884585,1.5683801767436691,1.5655463994001673,149.25554744994454,34.01161726602878,True
lift_and_cruse,cruise_360,0.5074964677620523,47.5777938526924,74.62777372593291,417.4055573258643,450.41510672382725,178.79094038798334,1.568553858308804,1.565572068023009,149.25554745186582,34.015743563199514,True
lift_and_cruse,cruise_361,0.5074964677620523,47.5777938526924,74.38084581640167,417.4719508509959,450.3668900316198,178.16968460934703,1.5633521395856311,1.5633521395856311,148.76169163280335,34.015743563199514,True
lift_and_cruse,cruise_361,0.5074406457599354,47.57256053999395,74.3808473587921,417.4652807437693,450.3609503902982,178.17260063792256,1.5635247273189403,1.5633777263150608,148.7616947175842,34.01986986037024,True
lift_and_cruse,cruise_361,0.5072842357500892,47.55789710157086,74.38084735853022,417.4465938204583,450.3443083850968,178.18076034224194,1.5640084196816066,1.563449323743288,148.76169471706044,34.03143148812207,True
lift_and_cruse,cruise_361,0.5070582161236841,47.53670776159538,74.38084735822626,417.4195932592697,450.3202633511326,178.19255157630562,1.5647079047595494,1.5635527860749536,148.76169471645252,34.04813852428467,True
lift_and_cruse,cruise_361,0.5068073524148962,47.51318928889651,74.38084735784416,417.38962880668316,450.29358002673854,178.20563902424345,1.5654850082010614,1.5636676220515688,148.76169471568832,34.06668193544769,True
lift_and_cruse,cruise_361,0.5065813312577461,47.49199980541369,74.38084735753094,417.3626352889344,450.2695433706513,178.21743055685658,1.5661858160614557,1.5637710870028603,148.76169471506188,34.08338897161029,True
lift_and_cruse,cruise_361,0.5064249193390921,47.47733618803988,74.38084735730001,417.34395714863723,450.2529118124992,178.22559063356687,1.566671157909307,1.5638426876986362,148.76169471460003,34.094950599362114,True
lift_and_cruse,cruise_361,0.506369096487476,47.47210279570087,74.38084735721854,417.33729138440134,450.24697653834556,178.22850294768006,1.566844447312278,1.5638682418354692,148.76169471443708,34.09907689653285,True
lift_and_cruse,cruise_362,0.506369096487476,47.47210279570087,69.56075008306479,418.68561867395374,449.36340135828294,166.1407676325052,1.4652974270497352,1.4652974270497352,139.12150016612958,34.09907689653285,True
lift_and_cruse,cruise_362,0.5063169722745945,47.46721615074323,69.56075176688555,418.6793303009575,449.3577524565457,166.1433206183164,1.4654487844736352,1.4653199433989357,139.1215035337711,34.10320319370358,True
lift_and_cruse,cruise_362,0.5061709232819419,47.45352405768206,69.56075176055852,418.66171301478516,449.34192491184683,166.15046213041242,1.4658729456881239,1.4653829287784343,139.12150352111703,34.1147648214554,True
lift_and_cruse,cruise_362,0.50595987586852,47.43373836267374,69.5607517545737,418.6362579623211,449.3190565364459,166.16078195212677,1.4664863107494386,1.465473945621688,139.1215035091474,34.131471857618,True
lift_and_cruse,cruise_362,0.5057256302138103,47.41177783254472,69.56075174675895,418.60800867312395,449.2936788289073,166.17223612847135,1.467167696351411,1.4655749670348297,139.1215034935179,34.150015268781026,True
lift_and_cruse,cruise_362,0.5055145815424449,47.39199201960421,69.56075174269029,418.5825602636251,449.2708181556421,166.18255602942085,1.467782146510609,1.4656659845769069,139.12150348538057,34.166722304943626,True
lift_and_cruse,cruise_362,0.5053685309811601,47.378299779483754,69.5607517370968,418.5649512615569,449.25500021504644,166.18969763617952,1.4682076607861403,1.4657289707912935,139.1215034741936,34.17828393269544,True
lift_and_cruse,cruise_362,0.5053164060701762,47.37341306907902,69.56075173479618,418.558667046542,449.2493552805098,166.1922464494529,1.4683595848566067,1.4657514503403215,139.12150346959237,34.18241022986618,True
lift_and_cruse,cruise_363,0.5053164060701762,47.37341306907902,69.83983828345234,418.47797723457586,449.2976144831975,166.8901162851487,1.4742412201040496,1.4742412201040496,139.67967656690467,34.18241022986618,True
lift_and_cruse,cruise_363,0.5052640672957578,47.36850630897729,69.83983828344758,418.4716711743728,449.29195290267245,166.8926855099257,1.4743944121134676,1.474263915618645,139.67967656689515,34.186536527036914,True
lift_and_cruse,cruise_363,0.5051174171125613,47.354757854302626,69.83983828344509,418.4540030132632,449.27609069876604,166.8998843306832,1.474823816341812,1.4743275071514035,139.67967656689018,34.19809815478873,True
lift_and_cruse,cruise_363,0.5049055009472093,47.334890713800874,69.83983828344971,418.4284744544305,449.25317225408986,166.91028696163332,1.4754447658151035,1.4744193998751043,139.67967656689942,34.21480519095133,True
lift_and_cruse,cruise_363,0.5046702910417055,47.312839785159895,69.83983828344171,418.40014359165747,449.2277389952209,166.92183305731237,1.4761345807373871,1.4745213935135546,139.67967656688342,34.23334860211436,True
lift_and_cruse,cruise_363,0.504458373602383,47.292972525223405,69.83983828344527,418.37462169912004,449.2048282904431,166.93223577193575,1.476756635528103,1.474613286976392,139.67967656689055,34.25005563827696,True
lift_and_cruse,cruise_363,0.5043117218305713,47.27922392161605,69.83983828344888,418.35696185074255,449.1889757380334,166.93943469705084,1.4771874180660496,1.4746768794310043,139.67967656689777,34.26161726602878,True
lift_and_cruse,cruise_363,0.5042593823491526,47.27431709523305,69.83983828344107,418.3506594900547,449.1833184528273,166.94200396825735,1.4773412234812417,1.4746995753557397,139.67967656688214,34.265743563199514,True
lift_and_cruse,cruise_364,0.5042593823491526,47.27431709523305,64.40753679302993,419.85924785204526,448.1913874016486,153.402687025545,1.362421305066776,1.362421305066776,128.81507358605987,34.265743563199514,True
lift_and_cruse,cruise_364,0.5042111976360264,47.26979977837747,64.40753679297023,419.85338000423377,448.1860679481242,153.4048735276049,1.3625518822093412,1.3624407241333372,128.81507358594047,34.26986986037025,True
lift_and_cruse,cruise_364,0.5040761869152524,47.25714252330491,64.40753679299101,419.8369395829671,448.1711642202145,153.41099996599556,1.3629178846842795,1.362495135111068,128.81507358598202,34.28143148812207,True
lift_and_cruse,cruise_364,0.5038810903680574,47.23885222200538,64.40753679282297,419.8131848891764,448.14963044231314,153.41985291321595,1.3634471213236423,1.362573761138679,128.81507358564593,34.29813852428467,True
lift_and_cruse,cruise_364,0.5036645489793068,47.21855146681001,64.40753679262012,419.78682249403107,448.125733534252,153.42967892623855,1.3640350114932556,1.3626610292937906,128.81507358524024,34.3166819354477,True
lift_and_cruse,cruise_364,0.5034694514266664,47.20026107124998,64.4075367922716,419.76307379293775,448.1042065714609,153.43853184222291,1.3645651168569133,1.3627396550439839,128.8150735845432,34.33338897161029,True
lift_and_cruse,cruise_364,0.5033344394521226,47.1876036986365,64.40753679225745,419.74664084439377,448.08931134188623,153.44465824209755,1.364932202617815,1.362794065679641,128.8150735845149,34.34495059936211,True
lift_and_cruse,cruise_364,0.5032862541810161,47.18308632947026,64.40753679226891,419.7407763222333,448.08399567049184,153.44684472722494,1.3650632618700447,1.3628134845958186,128.81507358453783,34.34907689653285,True
lift_and_cruse,cruise_365,0.5032862541810161,47.18308632947026,68.43377768970237,418.61985640417686,448.8153960914777,163.4747531493023,1.4503879040724363,1.4503879040724363,136.86755537940473,34.34907689653285,True
lift_and_cruse,cruise_365,0.5032349908826396,47.178280395247455,68.43377729143803,418.6136694045673,448.8098288016139,163.47721948165633,1.4505360970758423,1.4504097859749612,136.86755458287607,34.353203193703585,True
lift_and_cruse,cruise_365,0.5030913541274156,47.16481444944521,68.4337772908311,418.59633450861435,448.79423096192534,163.4841327782801,1.4509515097246957,1.4504711224297178,136.8675545816622,34.3647648214554,True
lift_and_cruse,cruise_365,0.502883792520471,47.14535554879416,68.43377728998362,418.57128746668974,448.77169444148603,163.49412279796974,1.4515522192203216,1.4505597563223536,136.86755457996725,34.381471857617996,True
lift_and_cruse,cruise_365,0.5026534158500667,47.123757735943755,68.4337772890364,418.5434909572374,448.74668495773295,163.50521090617835,1.4522195395757462,1.4506581327243055,136.8675545780728,34.400015268781026,True
lift_and_cruse,cruise_365,0.5024458530410573,47.10429872259912,68.43377728850855,418.51845041922076,448.7241559452356,163.5152009678889,1.4528213004949342,1.450746766989761,136.8675545770171,34.416722304943626,True
lift_and_cruse,cruise_365,0.5023022147868824,47.09083263627023,68.43377728791441,418.5011236336156,448.7085674677268,163.52211431594807,1.4532380242404024,1.4508081039008651,136.86755457582882,34.42828393269544,True
lift_and_cruse,cruise_365,0.5022509508214102,47.0860266395072,68.43377728736469,418.4949401328495,448.7030044169706,163.5245816627243,1.4533868091509725,1.4508299948035914,136.86755457472938,34.43241022986618,True
lift_and_cruse,cruise_366,0.5022509508214102,47.0860266395072,68.36516419672883,418.51139951443366,448.687869277859,163.35317096750023,1.4519204332133593,1.4519204332133593,136.73032839345765,34.43241022986618,True
lift_and_cruse,cruise_366,0.5021997393457756,47.08122556366646,68.3651641968488,418.5052217000569,448.68231070589974,163.3556333878588,1.4520689457093885,1.4519423197700303,136.7303283936976,34.436536527036914,True
lift_and_cruse,cruise_366,0.5020562477950377,47.06777323078477,68.36516419673436,418.4879128488341,448.66673708730156,163.36253294130734,1.4524852304589626,1.4520036445828433,136.7303283934687,34.44809815478873,True
lift_and_cruse,cruise_366,0.5018488960156692,47.04833400146898,68.36516419674179,418.4629034373732,448.64423556109796,163.37250310107956,1.4530872015016398,1.4520922616486152,136.73032839348357,34.46480519095133,True
lift_and_cruse,cruise_366,0.5016187522377091,47.02675802228523,68.36516419673318,418.4351486873648,448.61926490932615,163.38356916528818,1.4537559239008657,1.4521906193642602,136.73032839346635,34.48334860211436,True
lift_and_cruse,cruise_366,0.5014113992588083,47.00731868051328,68.36516419673873,418.4101457668894,448.5967708753532,163.39353936424777,1.454358949665078,1.4522792367783386,136.73032839347746,34.50005563827696,True
lift_and_cruse,cruise_366,0.5012679062122782,46.99386620740108,68.36516419673043,418.39284500976277,448.58120659943313,163.400438966833,1.454776549634268,1.4523405620278897,136.73032839346087,34.51161726602878,True
lift_and_cruse,cruise_366,0.5012166940709535,46.9890650691519,68.3651641968251,418.38667079761797,448.57565218534376,163.4029014088782,1.4549256474569365,1.4523624487773164,136.7303283936502,34.515743563199514,True
lift_and_cruse,cruise_367,0.5012166940709535,46.9890650691519,75.66724594289158,416.34131761123683,449.91879960957687,181.74330229110043,1.61031605611939,1.61031605611939,151.33449188578317,34.515743563199514,True
lift_and_cruse,cruise_367,0.5011598776969672,46.983738534090676,75.6672460170414,416.33457049086064,449.9128125213973,181.74631733726983,1.610499235006701,1.6103427705963216,151.3344920340828,34.51986986037025,True
lift_and_cruse,cruise_367,0.5010006815055165,46.96881389114217,75.66724602054991,416.31566662211776,449.89603834011183,181.75476485483887,1.6110127087232786,1.6104176188741084,151.33449204109982,34.53143148812207,True
lift_and_cruse,cruise_367,0.5007706356947935,46.94724709638689,75.66724602577551,416.28835256491027,449.87180234301314,181.76697203224333,1.6117552789125764,1.610525779194332,151.33449205155102,34.54813852428467,True
lift_and_cruse,cruise_367,0.5005153032097481,46.923309675913885,75.66724603289542,416.2580401563885,449.84490711661266,181.7805212026579,1.6125802723004852,1.6106458300924429,151.33449206579084,34.5666819354477,True
lift_and_cruse,cruise_367,0.5002852557803416,46.90174272940702,75.6672460373728,416.2307331404664,449.8206795887068,181.79272877908593,1.6133242898004692,1.6107539939481699,151.3344920747456,34.58338897161029,True
lift_and_cruse,cruise_367,0.5001260575704293,46.88681789722774,75.66724604215335,416.211838051443,449.80391596874085,181.80117679979483,1.6138395683327431,1.6108288466839706,151.3344920843067,34.59495059936211,True
lift_and_cruse,cruise_367,0.5000692402981414,46.88149127795075,75.66724604350298,416.2050948590376,449.7979335672004,181.80419188467144,1.6140235488779846,1.610855561503863,151.33449208700597,34.59907689653285,True
lift_and_cruse,cruise_368,0.5000692402981414,46.88149127795075,75.05336756838211,416.3743331151582,449.68093306488026,180.25454885256718,1.600916812233752,1.600916812233752,150.10673513676423,34.59907689653285,True
lift_and_cruse,cruise_368,0.5000128952311516,46.87620892792046,75.053367462553,416.3676377984733,449.6749861872048,180.25751505329472,1.601097816027944,1.6009431563157372,150.106734925106,34.603203193703585,True
lift_and_cruse,cruise_368,0.49985501963018736,46.861408090330066,75.05336745649646,416.3499330335897,449.65929171772177,180.26535539877975,1.6016050670924165,1.601012789736811,150.10673491299292,34.6147648214554,True
lift_and_cruse,cruise_368,0.4996268821777701,46.84002020416595,75.0533674453983,416.3245015127435,449.63675476682033,180.27662595244115,1.6023386861685025,1.6011128882860823,150.1067348907966,34.631471857617996,True
lift_and_cruse,cruise_368,0.4993736678807956,46.81628136382459,75.05336743321082,416.2962735036355,449.6117406205069,180.28913752397247,1.6031537302407137,1.60122400883943,150.10673486642165,34.650015268781026,True
lift_and_cruse,cruise_368,0.4991455289358709,46.79489333773789,75.05336742311366,416.270839909233,449.58920363740793,180.3004120457142,1.603888770865578,1.6013241426308997,150.1067348462273,34.666722304943626,True
lift_and_cruse,cruise_368,0.49898765147311414,46.78009232560445,75.05336742611851,416.25323873751597,449.5736075540541,180.30821538283442,1.6043978302070752,1.6013934473650482,150.10673485223703,34.67828393269544,True
lift_and_cruse,cruise_368,0.4989313055769311,46.774809897837294,75.05336742720331,416.2469568380571,449.5680413745714,180.31100057971625,1.6045795897334534,1.6014181838753991,150.10673485440662,34.68241022986618,True
lift_and_cruse,cruise_369,0.4989313055769311,46.774809897837294,77.45433057267093,415.56783522682457,450.01091066184125,186.3819189240065,1.6558983508824936,1.6558983508824936,154.90866114534185,34.68241022986618,True
lift_and_cruse,cruise_369,0.4988731113526904,46.769354189314726,77.45433057277039,415.56132207213824,450.0051649591242,186.38491114708017,1.6560921448061057,1.655924935098826,154.90866114554078,34.686536527036914,True
lift_and_cruse,cruise_369,0.4987100545052926,46.75406760987118,77.45433057266966,415.5430722617946,449.98906585057904,186.39329585723675,1.6566353853063438,1.6559994285250184,154.90866114533932,34.69809815478873,True
lift_and_cruse,cruise_369,0.4984744298711601,46.731977800421255,77.45433057391979,415.5166995927971,449.96580194616917,186.40541391080308,1.6574210213236036,1.6561070906042168,154.90866114783958,34.71480519095133,True
lift_and_cruse,cruise_369,0.4982129053398679,46.707459875612614,77.45433057588423,415.487426852895,449.93998093439,186.41886641904586,1.658293885635266,1.6562266085614472,154.90866115176846,34.73334860211436,True
lift_and_cruse,cruise_369,0.49797727905195643,46.685369911120915,77.45433057266797,415.4610518684876,449.91671698226395,186.43098893450033,1.659081097805747,1.6563343102820083,154.90866114533594,34.75005563827696,True
lift_and_cruse,cruise_369,0.49781422014233795,46.67008313834418,77.4543305726726,415.4427991692735,449.90061781527316,186.43937922291664,1.6596263038604524,1.6564088532678956,154.9086611453452,34.76161726602878,True
lift_and_cruse,cruise_369,0.4977560250003208,46.664627343780076,77.45433057266882,415.43628472896086,449.8948720865172,186.4423739281696,1.659820972535644,1.6564354595369928,154.90866114533765,34.765743563199514,True
lift_and_cruse,cruise_370,0.4977560250003208,46.664627343780076,76.45189045505103,415.7160360459093,449.7056024538447,183.904116815608,1.6383263899630964,1.6383263899630964,152.90378091010206,34.765743563199514,True
lift_and_cruse,cruise_370,0.4976986019054355,46.65924392863458,76.45189043132811,415.7096183771227,449.69993169737916,183.90702397627447,1.6385160220551964,1.6383522886657584,152.90378086265622,34.76986986037025,True
lift_and_cruse,cruise_370,0.4975377057244952,46.64415991167142,76.45189043130462,415.6916361088546,449.6840425969522,183.91517048428344,1.6390475949963608,1.6384248625661595,152.90378086260924,34.78143148812207,True
lift_and_cruse,cruise_370,0.497305203369934,46.62236281593132,76.45189043128411,415.66565008992666,449.6610821652885,183.92694423864003,1.6398163505321863,1.6385297501173757,152.90378086256823,34.79813852428467,True
lift_and_cruse,cruise_370,0.49704714434363984,46.59816978221623,76.45189043125393,415.63680655501884,449.63559798617297,183.94001448631894,1.6406704507084484,1.6386461875961364,152.90378086250786,34.8166819354477,True
lift_and_cruse,cruise_370,0.4968146404003895,46.57637253753651,76.45189043125593,415.61081831967095,449.6126375138174,183.9517925052314,1.6414407316253659,1.6387511131385324,152.90378086251187,34.83338897161029,True
lift_and_cruse,cruise_370,0.4966537422383861,46.561288334848705,76.4518904312437,415.59283328757624,449.59674836264526,183.9599443310153,1.6419742066872915,1.6388237344128105,152.9037808624874,34.84495059936211,True
lift_and_cruse,cruise_370,0.49659631826184486,46.555904837047954,76.45189043124265,415.5864143820641,449.59107758800917,183.962853918481,1.6421646858130468,1.6388496547348321,152.9037808624853,34.84907689653285,True
lift_and_cruse,cruise_371,0.49659631826184486,46.555904837047954,76.33849239986581,415.61532669591753,449.56703734236044,183.6758355530629,1.6397166517701038,1.6397166517701038,152.67698479973163,34.84907689653285,True
lift_and_cruse,cruise_371,0.4965389815470945,46.550529520040115,76.3384923961323,415.60891864718445,449.5613750489959,183.6787354370957,1.6399066004314666,1.6397425397053482,152.6769847922646,34.853203193703585,True
lift_and_cruse,cruise_371,0.4963783273986775,46.535468193626016,76.338492396175,415.5909633511919,449.54550965111696,183.68686140893564,1.6404390597353562,1.639815082134774,152.67698479235,34.8647648214554,True
lift_and_cruse,cruise_371,0.49614617479323536,46.51370388686581,76.33849239622157,415.5650163118394,449.52258347085865,183.69860548063153,1.641209097617718,1.6399199241781561,152.67698479244314,34.881471857617996,True
lift_and_cruse,cruise_371,0.4958885039619323,46.48954724643115,76.33849239627952,415.53621604583907,449.497137308263,183.71164277341686,1.642064623193138,1.64003631110521,152.67698479255904,34.900015268781026,True
lift_and_cruse,cruise_371,0.49565634977276846,46.467782791197045,76.33849239633503,415.5102667988035,449.47421108789746,183.72339109223645,1.6428361902470179,1.6401411910636476,152.67698479267005,34.916722304943626,True
lift_and_cruse,cruise_371,0.4954956936494829,46.45272127963902,76.3384923963622,415.4923087498813,449.4583456400014,183.73152236009736,1.6433705563981227,1.6402137807718769,152.6769847927244,34.92828393269544,True
lift_and_cruse,cruise_371,0.4954383560558335,46.44734588023439,76.33849239637492,415.4858994750327,449.45268332499853,183.73442460956375,1.643561353759035,1.6402396898238938,152.67698479274983,34.93241022986618,True
lift_and_cruse,cruise_372,0.4954383560558335,46.44734588023439,75.02676807642105,415.8533300642422,449.2068172821455,180.4164176500859,1.6153079719884895,1.6153079719884895,150.0535361528421,34.93241022986618,True
lift_and_cruse,cruise_372,0.49538202788903907,46.44206511459741,75.02676848182776,415.84704673759103,449.201253093464,180.41920886530482,1.6154922266320066,1.6153329623538533,150.05353696365552,34.936536527036914,True
lift_and_cruse,cruise_372,0.49522419964197106,46.42726871643479,75.02676848276812,415.8294412463115,449.1856623691156,180.42702743289055,1.6160086965570954,1.6154029637135703,150.05353696553624,34.94809815478873,True
lift_and_cruse,cruise_372,0.49499613061555914,46.405887245208675,75.0267684839745,415.8039997403048,449.1631331066121,180.4383271868708,1.6167556015965854,1.6155041329027355,150.053536967949,34.96480519095133,True
lift_and_cruse,cruise_372,0.49474299226110025,46.38215552447815,75.02676848540113,415.7757606443656,449.13812749369777,180.45087117854965,1.6175854135024927,1.6156164420263914,150.05353697080227,34.98334860211436,True
lift_and_cruse,cruise_372,0.4945149217339859,46.36077391256118,75.02676848689318,415.7503170574801,449.11559819869814,180.46217491747288,1.618333778903842,1.6157176468936303,150.05353697378635,35.00005563827696,True
lift_and_cruse,cruise_372,0.49435709161557295,46.34597733895996,75.02676848727904,415.7327089716453,449.10000743365873,180.46999845189072,1.6188520698525166,1.6157876927224903,150.05353697455809,35.01161726602878,True
lift_and_cruse,cruise_372,0.4943007626159521,46.34069649524552,75.02676848780547,415.72642460404523,449.09444315232,180.47279085908346,1.6190371262516108,1.6158126937598583,150.05353697561094,35.015743563199514,True
lift_and_cruse,cruise_373,0.4943007626159521,46.34069649524552,73.80308261254537,416.068910987133,448.8655377066134,177.38187272258878,1.592619192077051,1.592619192077051,147.60616522509073,35.015743563199514,True
lift_and_cruse,cruise_373,0.4942453744823073,46.33550385771631,73.80308261254584,416.0627436332679,448.8600648469755,177.38456297771313,1.5927982174818844,1.5926433464727447,147.60616522509167,35.01986986037025,True
lift_and_cruse,cruise_373,0.49409018016105255,46.32095439009868,73.80308261254504,416.0454627889263,448.84473023102987,177.3921014822968,1.593300050226904,1.5927110307681873,147.60616522509008,35.03143148812207,True
lift_and_cruse,cruise_373,0.493865917297563,46.299929746646534,73.80308261255166,416.0204904567193,448.82257105853404,177.4029964403927,1.5940257791205246,1.592808850906706,147.60616522510333,35.04813852428467,True
lift_and_cruse,cruise_373,0.4936170035065593,46.27659407873993,73.80308261255693,415.99277216733014,448.7979762181403,177.4150910128155,1.5948320528767381,1.5929174417557306,147.60616522511387,35.0666819354477,True
lift_and_cruse,cruise_373,0.49339273921684673,46.25556930157938,73.80308261285982,415.967797867592,448.7758170196718,177.42598972248794,1.595559180088209,1.5930152955776953,147.60616522571965,35.08338897161029,True
lift_and_cruse,cruise_373,0.49323754311712087,46.241019667230084,73.80308261256064,415.95051456996765,448.7604823712153,177.43353290352294,1.5960627564943275,1.593083021860552,147.6061652251213,35.09495059936211,True
lift_and_cruse,cruise_373,0.49318215419198247,46.235826955498354,73.80308261254704,415.9443461242553,448.75500949713074,177.4362252401661,1.5962425579045527,1.5931071949451159,147.6061652250941,35.09907689653285,True
lift_and_cruse,cruise_374,0.49318215419198247,46.235826955498354,72.01517742794127,416.4457713349422,448.4229040638148,172.92810345283755,1.5575622232780586,1.5575622232780586,144.03035485588254,35.09907689653285,True
lift_and_cruse,cruise_374,0.49297903150169176,46.2167842032836,72.01517923133649,416.42321370099086,448.4028259655086,172.93768686408757,1.5582059326586042,1.5576485409964347,144.03035846267298,35.114593585581375,True
lift_and_cruse,cruise_374,0.4924098914935912,46.163427327524175,72.0151792112476,416.3600061058992,448.34656741314785,172.96453366994518,1.5600122968336092,1.5578903499897943,144.0303584224952,35.158070382161206,True
lift_and_cruse,cruise_374,0.4915874528595032,46.08632370557843,72.01517918120784,416.2686582244533,448.26527135104305,173.00334786293698,1.5626299885257737,1.558239949155713,144.03035836241568,35.22089617350177,True
lift_and_cruse,cruise_374,0.49067460445877004,46.00074416800969,72.01517918048984,416.16725550359206,448.17503939891,173.04645537748544,1.5655457256527432,1.5586282182389881,144.03035836097968,35.29062754112032,True
lift_and_cruse,cruise_374,0.4898521471031825,45.92363879092336,72.0151790664828,416.0758820250971,448.09374307505755,173.08531790784062,1.5681820563472626,1.5589782527792022,144.0303581329656,35.35345333246089,True
lift_and_cruse,cruise_374,0.48928298375004803,45.870279726567,72.0151791745947,416.0126424450911,448.0374842391251,173.11222557719609,1.5700116683659449,1.559220609969663,144.0303583491894,35.39693012904072,True
lift_and_cruse,cruise_374,0.4890798506695953,45.85123600027456,72.01517917437454,415.99007110067623,448.0174056722811,173.12183138935922,1.570665683871806,1.5593071294529075,144.03035834874908,35.41244681808925,True
lift_and_cruse,decel_descend,0.4890798506695953,45.85123600027456,32.212850333074556,421.716553068591,435.8478453874077,76.38507452145286,0.7025514063106535,0.7025514063106535,64.42570066614911,35.41244681808925,True
lift_and_cruse,decel_descend,0.48839238096266807,45.78678571525013,32.211816954765176,421.6432865358605,435.7776901600752,76.39603498798162,0.7035190343119544,0.7026522151561229,64.42363390953035,35.53128417660635,True
lift_and_cruse,decel_descend,0.48646620755506076,45.60620695828695,32.21013873988412,421.4380157480196,435.58168724480265,76.42965150889589,0.7062714227842375,0.7029614029678982,64.42027747976825,35.86425905585877,True
lift_and_cruse,decel_descend,0.48368282073892716,45.34526444427442,32.21086068721544,421.1414183428434,435.29990873625235,76.4857558892422,0.7103568611404835,0.7034774227735924,64.42172137443087,36.34542169734167,True
lift_and_cruse,decel_descend,0.48059316123474166,45.05560886575703,32.21597328709892,420.81222233153136,434.9891226095358,76.55836694534236,0.7150429734138509,0.7041452626611157,64.43194657419784,36.87947193883682,True
lift_and_cruse,decel_descend,0.47780882445999207,44.794577293124256,32.224420501297665,420.51559362220104,434.7108367488046,76.63302714159401,0.7194036610422505,0.7048319495066891,64.44884100259533,37.360634580319726,True
lift_and_cruse,decel_descend,0.4758814700381753,44.613887816078936,32.23237645235245,420.3102841535811,434.5191898257085,76.68978431491875,0.7224993519946793,0.7053539733730966,64.4647529047049,37.69360945957215,True
lift_and_cruse,decel_descend,0.47519347600269574,44.549388375252725,32.235631001481636,420.2370005329994,434.450973455546,76.71104401325788,0.7236197896219381,0.7055495093604536,64.47126200296327,37.81244681808925,True
lift_and_cruse,arrival_terminal_procedure,0.47519347600269574,44.549388375252725,63.40642604080074,416.8073158512791,444.99521164785165,152.12407179394316,1.4232838733207642,1.4232838733207642,126.81285208160148,37.81244681808925,True
lift_and_cruse,arrival_terminal_procedure,0.4746479956959608,44.49824959649632,63.40642606475669,416.74744174092336,444.94122929454403,152.1463639752922,1.4249236437803359,1.423492440589843,126.81285212951337,37.85989534777353,True
lift_and_cruse,arrival_terminal_procedure,0.47311957536648325,44.35496019060781,63.40642605712933,416.5796539103808,444.7899742047674,152.20886971843112,1.4295383875199772,1.4240772488660773,126.81285211425866,37.99284317360437,True
lift_and_cruse,arrival_terminal_procedure,0.47091089580594003,44.147896481806875,63.40642606401888,416.33713004257805,444.5714045721353,152.29930958081954,1.4362599922393713,1.4249234107924893,126.81285212803776,38.1849583481779,True
lift_and_cruse,arrival_terminal_procedure,0.46845937956311223,43.918066834041774,63.406426061611675,416.06786090008154,444.3288109938973,152.3998517378741,1.4437948863659342,1.4258640905221145,126.81285212322335,38.39819010503183,True
lift_and_cruse,arrival_terminal_procedure,0.46625057932176095,43.710991811415084,63.40642606262197,415.82517835389467,444.11024210130347,152.49058301772462,1.4506516840021784,1.4267129789714845,126.81285212524394,38.590305279605346,True
lift_and_cruse,arrival_terminal_procedure,0.4647220085069175,43.56768829752352,63.40642606378477,415.6571926488289,443.95898793662644,152.5534521945466,1.455435028708579,1.4273011875596748,126.81285212756954,38.7232531054362,True
lift_and_cruse,arrival_terminal_procedure,0.46417646122847345,43.51654324016938,63.40642605726277,415.5972304853844,443.9050059886385,152.57590603355288,1.4571498392319457,1.4275112673095456,126.81285211452554,38.770701635120474,True
lift_and_cruse,second_descent,0.46417646122847345,43.51654324016938,28.773003486840167,419.0669202969157,431.805846488472,68.65968677855562,0.661196899947703,0.661196899947703,57.546006973680335,38.770701635120474,True
lift_and_cruse,second_descent,0.46405375789663317,43.50503980280936,28.770930376211286,419.053789614698,431.79238674508645,68.65691148937633,0.6613242758372596,0.6611701737465229,57.54186075242257,38.7944691068239,True
lift_and_cruse,second_descent,0.4637099976009687,43.47281227509082,28.765166576886173,419.0170035646941,431.75469840656285,68.64924071318174,0.6616825007456624,0.6610963037118923,57.53033315377235,38.86106408267438,True
lift_and_cruse,second_descent,0.4632133701268796,43.426253449394956,28.756954764558223,418.9638598594561,431.70030228915016,68.63843100745382,0.6622036142972976,0.6609922055976714,57.51390952911645,38.957296610970964,True
lift_and_cruse,second_descent,0.4626623194184214,43.374592445477006,28.748002498100213,418.9048934584649,431.6400170751075,68.62681392018384,0.6627868194903647,0.6608803323507964,57.496004996200426,39.064106659269996,True
lift_and_cruse,second_descent,0.46216598519306246,43.3280611118496,28.74008247811893,418.85178311295056,431.58578259138847,68.6166895723203,0.6633166137871357,0.6607828342738978,57.48016495623786,39.16033918756658,True
lift_and_cruse,second_descent,0.46182259057721164,43.29586786661359,28.73468250929061,418.81503866219344,431.54829579445345,68.60987335492,0.6636856628044889,0.6607171936916887,57.46936501858122,39.226934163417056,True
lift_and_cruse,second_descent,0.4617000499886601,43.284379686436885,28.732771352170456,418.8019264934205,431.5349257604982,68.60747846063713,0.6638178566799264,0.6606941307161665,57.46554270434091,39.25070163512048,True
lift_and_cruse,app_transition,0.4617000499886601,43.284379686436885,31.153105366588825,418.79940783286,432.6050222482172,74.38669870092512,0.7197308958166868,0.7197308958166868,62.30621073317765,39.25070163512048,True
lift_and_cruse,app_transition,0.46169533981362404,43.283938107527256,31.15161123239701,418.79890531257337,432.60388210408263,74.38322120968594,0.7197037279475748,0.7196972492383539,62.30322246479402,39.25154366849888,True
lift_and_cruse,app_transition,0.46168214341008956,43.2827009446959,31.147424886272134,418.79749740735764,432.6006876539695,74.37347772626866,0.7196276033014096,0.7196029758511655,62.29484977254427,39.253902993596625,True
lift_and_cruse,app_transition,0.46166307721433675,43.28091348884407,31.141376345474722,418.7954632517121,432.59607222042905,74.359399968862,0.7195176082664196,0.7194667660565875,62.282752690949444,39.25731231714288,True
lift_and_cruse,app_transition,0.46164191970615415,43.27892997245195,31.134664339890737,418.79320596086575,432.5909504691149,74.34377786050072,0.7193955371183962,0.7193156138446765,62.269328679781474,39.2610963807967,True
lift_and_cruse,app_transition,0.46162286138877195,43.27714325519737,31.128618099950728,418.7911726188847,432.5863367527019,74.32970515841815,0.7192855637478222,0.7191794529630493,62.257236199901456,39.26450570434295,True
lift_and_cruse,app_transition,0.4616096748094485,43.27590701338579,31.12443465706484,418.7897657282963,432.58314445893546,74.3199680603527,0.719209466905047,0.719085241357538,62.24886931412968,39.2668650294407,True
lift_and_cruse,app_transition,0.46160496900658265,43.27546584436712,31.12294179408583,418.7892636595598,432.5820052652252,74.31649336108046,0.7191823109282258,0.719051621792971,62.24588358817166,39.2677070628191,True
lift_and_cruse,hover_descent,0.46160496900658265,43.27546584436712,15.583447052170076,418.78915953244916,425.69527028716453,37.210722143734515,0.3600988862422255,0.3600988862422255,31.16689410434015,39.2677070628191,True
lift_and_cruse,hover_descent,0.4615797410340803,43.27310072194503,15.582939512355184,418.78641214981235,425.6923644559316,37.209755650383606,0.36010685173509654,0.3600895332074234,31.165879024710367,39.27676477808761,True
lift_and_cruse,hover_descent,0.4615090582098886,43.266474207177055,15.581517263892959,418.77871466788787,425.6842229195542,37.20704711584793,0.36012916821351887,0.36006332193783613,31.163034527785918,39.302143932298655,True
lift_and_cruse,hover_descent,0.46140692998229504,43.25689968584016,15.57946266209272,418.7675928201962,425.6724596027759,37.20313432269083,0.36016143364013414,0.36002545671037495,31.15892532418544,39.33881787270582,True
lift_and_cruse,hover_descent,0.4612935919919667,43.24627424924687,15.57718306611257,418.7552503491111,425.6594054429786,37.198793045864846,0.3601972693607746,0.35998344492291573,31.15436613222514,39.3795228756351,True
lift_and_cruse,hover_descent,0.4611914922127209,43.23670239494258,15.575129978077182,418.744131831922,425.6476459762509,37.19488312913681,0.36022957769142977,0.3599456075314879,31.150259956154365,39.41619681604226,True
lift_and_cruse,hover_descent,0.46112084486303756,43.23007920590977,15.573709617304639,418.7364385030664,425.6395092408329,37.19217818158277,0.36025194767162066,0.3599194309741561,31.147419234609277,39.4415759702533,True
lift_and_cruse,hover_descent,0.4610956326781761,43.22771556357901,15.573202779629336,418.733692968719,425.63660548508767,37.191212955159735,0.36025993378704296,0.35991009019978026,31.14640555925867,39.450633685521815,True
