eVTOL_type,mission_segment,CL,CD,AOA_deg,L_D,time_min,fesibility
vector_thrust,hover_climb,0.0,0.0,-90.0,,0.0,True
vector_thrust,hover_climb,0.0,0.0,-90.0,,0.006414495263774505,True
vector_thrust,hover_climb,0.0,0.0,-90.0,,0.0243875115994857,True
vector_thrust,hover_climb,0.0,0.0,-90.0,,0.050359272697266005,True
vector_thrust,hover_climb,0.0,0.0,-90.0,,0.07918575274895322,True
vector_thrust,hover_climb,0.0,0.0,-90.0,,0.10515751384673351,True
vector_thrust,hover_climb,0.0,0.0,-90.0,,0.1231305301824447,True
vector_thrust,hover_climb,0.0,0.0,-90.0,,0.12954502544621924,True
vector_thrust,second_climb,1.0228140013535507,0.13331544012914753,11.000758342998672,7.672134603184098,0.12954502544621924,True
vector_thrust,second_climb,1.023165970979571,0.13337802306021504,11.004732803154774,7.671173612444766,0.15430280847061442,True
vector_thrust,second_climb,1.0241529024156681,0.13355367929720408,11.015878890719929,7.66847388858952,0.22367257498153575,True
vector_thrust,second_climb,1.0255809723010645,0.13380830151854417,11.032011265380381,7.66455414695576,0.3239147919571404,True
vector_thrust,second_climb,1.027168660357469,0.13409201346065172,11.04995268154351,7.660177767849565,0.4351752589352975,True
vector_thrust,second_climb,1.0286015083653492,0.13434862952711754,11.066149729129187,7.656211395574613,0.5354174759109022,True
vector_thrust,second_climb,1.0295943979660565,0.13452677209206165,11.077376462526878,7.653453524191206,0.6047872424218235,True
vector_thrust,second_climb,1.029949019461999,0.13459046160380925,11.081386816370983,7.652466654686388,0.6295450254462187,True
vector_thrust,departure_terminal_procedures,0.8040247257152978,0.09946971245806685,8.556372870168202,8.083110987721495,0.6295450254462187,True
vector_thrust,departure_terminal_procedures,0.8040247257152819,0.09946971245806477,8.55637287016803,8.083110987721504,0.6707848568391176,True
vector_thrust,departure_terminal_procedures,0.8040247257166352,0.09946971245824379,8.556372870182878,8.083110987720561,0.7863362966371098,True
vector_thrust,departure_terminal_procedures,0.8040247257152606,0.09946971245806194,8.556372870167792,8.08311098772152,0.9533129650427941,True
vector_thrust,departure_terminal_procedures,0.8040247257023981,0.09946971245636055,8.556372870026687,8.083110987730468,1.1386430850439762,True
vector_thrust,departure_terminal_procedures,0.8040247257052703,0.09946971245674047,8.556372870058198,8.08311098772847,1.30561975344966,True
vector_thrust,departure_terminal_procedures,0.8040247257081642,0.0994697124571233,8.556372870089945,8.083110987726453,1.4211711932476523,True
vector_thrust,departure_terminal_procedures,0.804024725708786,0.09946971245720557,8.556372870096768,8.08311098772602,1.4624110246405513,True
vector_thrust,accel_climb,1.059762235929489,0.1400385294167176,11.421432243371942,7.567647563449606,1.4624110246405513,True
vector_thrust,accel_climb,1.0615093124255286,0.14036778985742324,11.441343046391133,7.56234256807593,1.581248383157648,True
vector_thrust,accel_climb,1.0664216719999797,0.14129863247741276,11.497377336845148,7.547289406148019,1.9142232624100703,True
vector_thrust,accel_climb,1.0735650539870298,0.1426657567932227,11.578995091037546,7.525036687977177,2.395385903892973,True
vector_thrust,accel_climb,1.0815558968765335,0.14421459074443316,11.670491530124355,7.499628791327987,2.9294361453881272,True
vector_thrust,accel_climb,1.088811763984783,0.14563937147973563,11.75375867154919,7.476081178613717,3.4105987868710295,True
vector_thrust,accel_climb,1.0938643781495312,0.1466421468672056,11.811850051066763,7.459413282731734,3.7435736661234524,True
vector_thrust,accel_climb,1.0956738698773976,0.1470034334680611,11.832676469427966,7.453389652395096,3.8624110246405494,True
vector_thrust,cruise_0,0.7325804291751951,0.09011214047046362,7.764540118285849,8.12965295631076,3.8624110246405494,False
vector_thrust,cruise_0,0.7073370599950882,0.08717351669287969,7.490657469555821,8.114127854760083,3.868620474895849,False
vector_thrust,cruise_0,0.7109998316533508,0.08759259448479634,7.530351155299897,8.117122638452738,3.886018967884776,False
vector_thrust,cruise_0,0.7114688845015796,0.08764643987075557,7.5354354279045355,8.117487550557897,3.9111605186923604,False
vector_thrust,cruise_0,0.7114327403471603,0.0876422892245774,7.535043636278704,8.117459580775696,3.939065534840273,False
vector_thrust,cruise_0,0.7101264298431371,0.0874924394998235,7.520884641696278,8.116431932893695,3.9642070856478573,False
vector_thrust,cruise_0,0.7097384642105794,0.0874479956690887,7.516679892794473,8.116120429978697,3.9816055786367843,False
vector_thrust,cruise_0,0.7120903674950748,0.087717846102987,7.542172350778703,8.117964577687305,3.987815028892084,False
vector_thrust,cruise_1,0.9631010239163625,0.12234619075374994,10.30183799522027,7.871933061282035,3.987815028892084,False
vector_thrust,cruise_1,0.7157578406517133,0.08814067744652193,7.581937167540257,8.120630126606287,3.9939171670533558,False
vector_thrust,cruise_1,0.715907455840323,0.08815797966935074,7.583559712424424,8.120733466504536,4.011014978236518,False
vector_thrust,cruise_1,0.7156968265190453,0.08813362266546909,7.581275489753983,8.120587862768707,4.035722031245852,False
vector_thrust,cruise_1,0.7141663859402593,0.08795688996624174,7.564679795085691,8.119504750729131,4.06314479122074,False
vector_thrust,cruise_1,0.7143299391289114,0.08797575616299472,7.566453192621501,8.119622612910037,4.087851844230074,False
vector_thrust,cruise_1,0.7148752892741882,0.08803869912780252,7.572366616932226,8.120011953339182,4.104949655413236,False
vector_thrust,cruise_1,0.7150842238485737,0.08806282839684404,7.574632260118034,8.120159627693727,4.111051793574508,False
vector_thrust,cruise_2,0.67814460834381,0.08392116991374449,7.17483762194652,8.080733491213454,4.111051793574508,False
vector_thrust,cruise_2,0.6764235547227521,0.08373425810835358,7.15624760053457,8.078217565950704,4.117267181734715,False
vector_thrust,cruise_2,0.6764771555144765,0.08374007125589264,7.156826523258739,8.07829686993339,4.134682312363475,False
vector_thrust,cruise_2,0.6754034253317355,0.0836237211775207,7.145230141290207,8.07669660978079,4.1598479052572,False
vector_thrust,cruise_2,0.6754380028642888,0.08362746478041035,7.145603562439371,8.076748525593347,4.187779606107545,False
vector_thrust,cruise_2,0.6747329413236886,0.08355117255650286,7.1379894817055085,8.075684884821804,4.21294519900127,False
vector_thrust,cruise_2,0.676989770606009,0.083795691905939,7.162363249206457,8.079052218650247,4.230360329630029,False
vector_thrust,cruise_2,0.6757492619714512,0.0836611735507408,7.148965072717585,8.077214713723887,4.236575717790237,False
vector_thrust,cruise_3,0.7190273548800311,0.08851972335958913,7.617400319642091,8.122792611530915,4.236575717790237,False
vector_thrust,cruise_3,0.714115037841754,0.08795096787638401,7.564123037114051,8.119467642987738,4.242791052208815,False
vector_thrust,cruise_3,0.7151151921867622,0.08806640552989128,7.574968078682374,8.120181445852694,4.260206032256874,False
vector_thrust,cruise_3,0.7174229587675057,0.08833347307721484,7.599996493502081,8.121756495868622,4.285371407555182,False
vector_thrust,cruise_3,0.7133085933790194,0.08785802271392304,7.555379310486034,8.118878291873736,4.313302866892837,False
vector_thrust,cruise_3,0.7160401399149415,0.08817332735878305,7.584998664843073,8.120824759185135,4.338468242191144,False
vector_thrust,cruise_3,0.7144791923603298,0.08799297714162549,7.56807156373168,8.119729728093743,4.355883222239203,False
vector_thrust,cruise_3,0.7147106887671157,0.08801969555585706,7.570581758989944,8.119895033192455,4.362098556657782,False
vector_thrust,cruise_4,0.7552716817265076,0.09285523306335758,8.011388640913008,8.133862323205475,4.362098556657782,False
vector_thrust,cruise_4,0.7415633012691801,0.09118647607221667,7.86218506392587,8.13238248928368,4.368313837115278,False
vector_thrust,cruise_4,0.7406409866162373,0.09107547179079414,7.852154849090276,8.132167443694767,4.385728665967746,False
vector_thrust,cruise_4,0.7413343256029145,0.09115890301504487,7.859694845393483,8.132330480990591,4.410893822782096,False
vector_thrust,cruise_4,0.7401904096753779,0.09102130113937137,7.84725518343877,8.132057006546214,4.438825039620852,False
vector_thrust,cruise_4,0.7383110790616729,0.09079576940390222,7.826821639683793,8.131558154183578,4.463990196435202,False
vector_thrust,cruise_4,0.738650404326816,0.09083644159075016,7.830510728274857,8.131652796954482,4.48140502528767,False
vector_thrust,cruise_4,0.7389867878451787,0.09087678249185613,7.834167973557352,8.131744628078163,4.487620305745167,False
vector_thrust,cruise_5,0.7304853112353276,0.08986373958356755,7.741779998793166,8.128810514902096,4.487620305745167,False
vector_thrust,cruise_5,0.7186148030575872,0.08847178574167447,7.612924839494576,8.1225307823654,4.493835532020338,False
vector_thrust,cruise_5,0.7200958940681854,0.0886440318723995,7.6289930683664755,8.1234560168105,4.511250209057304,False
vector_thrust,cruise_5,0.7187644975509833,0.08848917626994401,7.614548745064331,8.122626154393492,4.536415146491898,False
vector_thrust,cruise_5,0.7201137049761508,0.0886461056973809,7.629186313074003,8.12346689469323,4.564346119837493,False
vector_thrust,cruise_5,0.70988300374169,0.08746455031424724,7.518246383516374,8.116236820416786,4.589511057272087,False
vector_thrust,cruise_5,0.7144178289081946,0.08798589647056934,7.567406189148964,8.119685740170441,4.606925734309054,False
vector_thrust,cruise_5,0.7169545638447181,0.08827918814986016,7.5949161077922485,8.12144491663921,4.613140960584224,False
vector_thrust,cruise_6,0.6821067155841872,0.08435350159248228,7.2176466343861,8.086288093640652,4.613140960584224,False
vector_thrust,cruise_6,0.6823887877644941,0.08438438864455983,7.220694963331946,8.086670991228269,4.619356132454012,False
vector_thrust,cruise_6,0.6831882663492547,0.08447201026745171,7.229335328262621,8.087747221667541,4.636770657050482,False
vector_thrust,cruise_6,0.6827904939793326,0.08442840055673154,7.225036316227225,8.087213419618585,4.661935374202176,False
vector_thrust,cruise_6,0.6821232708837909,0.084355314008544,7.217825543642628,8.0863106124494,4.689866103052198,False
vector_thrust,cruise_6,0.6808360489993026,0.08421454150684898,7.203915726707462,8.084542607691235,4.715030820203892,False
vector_thrust,cruise_6,0.6799247678581193,0.08411506368371675,7.194069441529987,8.083269964755923,4.732445344800363,False
vector_thrust,cruise_6,0.679901525278014,0.08411252842717878,7.1938183199689405,8.083237277389005,4.73866051667015,False
vector_thrust,cruise_7,0.6840032205184142,0.08456144717338945,7.238143663240941,8.088830588671174,4.73866051667015,False
vector_thrust,cruise_7,0.6873963087030189,0.08493511536138487,7.274825268143598,8.093193325025359,4.744875633909659,False
vector_thrust,cruise_7,0.6968421890170323,0.08598638264005141,7.3770087201484715,8.104099365757616,4.762290005435492,False
vector_thrust,cruise_7,0.6867684812903428,0.08486581752158756,7.268037071522468,8.09240400135953,4.787454501393707,False
vector_thrust,cruise_7,0.683236466655532,0.08447729664748119,7.229856275355251,8.087811681600535,4.815384984737489,False
vector_thrust,cruise_7,0.6833244566112416,0.08448694805231628,7.2308072740158265,8.08792922888055,4.840549480695703,False
vector_thrust,cruise_7,0.6827330474726275,0.08442210478654616,7.22441546477582,8.087136055170122,4.857963852221536,False
vector_thrust,cruise_7,0.6827052519060269,0.0844190587845668,7.224115066288904,8.087098597583946,4.864178969461046,False
vector_thrust,cruise_8,0.6830016425083503,0.08445154622310408,7.227318328729543,8.087497186895746,4.864178969461046,False
vector_thrust,cruise_8,0.6836767152422116,0.08452560049724467,7.2346145828184305,8.088398203861301,4.8703940318435235,False
vector_thrust,cruise_8,0.6832380529873272,0.08447747063595172,7.229873420412557,8.087813802234704,4.88780824966337,False
vector_thrust,cruise_8,0.6826264558228943,0.08441042460605236,7.223263488147637,8.086992323622892,4.912972523509998,False
vector_thrust,cruise_8,0.6832760058635438,0.08448163343376672,7.230283615516908,8.08786452263887,4.940902760328517,False
vector_thrust,cruise_8,0.6827713895883569,0.08442630677117607,7.224829845677872,8.08718769895856,4.966067034175145,False
vector_thrust,cruise_8,0.6815999532680352,0.08429804703870086,7.212170316659471,8.085596015707406,4.983481251994991,False
vector_thrust,cruise_8,0.6821562008398204,0.08435891921200533,7.218181410873918,8.086355387335747,4.989696314377469,False
vector_thrust,cruise_9,0.6963773185370641,0.08593426487451926,7.371977526449253,8.10360476759661,4.989696314377469,False
vector_thrust,cruise_9,0.6975162769152266,0.08606202641591078,7.384304660164801,8.104808891488904,4.99591132167428,False
vector_thrust,cruise_9,0.6977554999483835,0.08608889114844648,7.386893995559865,8.105058511500816,5.013325385147514,False
vector_thrust,cruise_9,0.6966922256482544,0.08596956556710053,7.375385672213355,8.103940284593804,5.0384894359568255,False
vector_thrust,cruise_9,0.6967905040349553,0.0859805861598847,7.376449332668693,8.104044589080175,5.066419425222602,False
vector_thrust,cruise_9,0.6961876610758849,0.08591301324974546,7.36992497396308,8.103401740224117,5.091583476031913,False
vector_thrust,cruise_9,0.6959340421488445,0.08588460483708013,7.367180266713391,8.10312911690058,5.108997539505149,False
vector_thrust,cruise_9,0.6959484505415988,0.08588621843810004,7.36733619486402,8.103144639476508,5.115212546801958,False
vector_thrust,cruise_10,0.7019298368227462,0.08655935416944874,7.432087149612348,8.109231446536064,5.115212546801958,False
vector_thrust,cruise_10,0.7050036614364584,0.08690782652753937,7.465378315600832,8.112084832924188,5.121427498782558,False
vector_thrust,cruise_10,0.7048200055591934,0.08688695718849718,7.463388921826535,8.111919537360706,5.138841407263216,False
vector_thrust,cruise_10,0.706440012434769,0.08707125685627809,7.480938459521586,8.113354945603184,5.164005234101767,False
vector_thrust,cruise_10,0.7030386950717433,0.0866848630240522,7.444095438576441,8.11028212476581,5.19193497477875,False
vector_thrust,cruise_10,0.7018574402255277,0.08655116762016943,7.431303185175146,8.109162008138762,5.2170988016173,False
vector_thrust,cruise_10,0.7082724588877001,0.08728030602432948,7.500792978038913,8.114917226461927,5.234512710097959,False
vector_thrust,cruise_10,0.7007021736915202,0.08642066093167455,7.418793899872537,8.108039977216857,5.240727662078559,False
vector_thrust,cruise_11,0.7550017530811695,0.09282203110196383,8.008448437613005,8.133863740298999,5.240727662078559,False
vector_thrust,cruise_11,0.7330502132568688,0.09016795143181774,7.769644300687606,8.129831072087503,5.246942558510478,False
vector_thrust,cruise_11,0.7333753357150993,0.09020660055448496,7.773176897357302,8.129952034631204,5.2643563113471865,False
vector_thrust,cruise_11,0.7334971956755341,0.09022109181968094,7.774500991664802,8.129996887440994,5.289519913273715,False
vector_thrust,cruise_11,0.7322720363622351,0.09007552542287872,7.761189589465602,8.129533887528584,5.317449404317187,False
vector_thrust,cruise_11,0.7319227949726919,0.09003408193305004,7.757395400487557,8.129396993429163,5.342613006243715,False
vector_thrust,cruise_11,0.7383688756046276,0.09080269548419642,7.827449984275154,8.131574417117777,5.360026759080425,False
vector_thrust,cruise_11,0.7315779743277477,0.08999318538956397,7.753649383146487,8.12925968961851,5.366241655512343,False
vector_thrust,cruise_12,0.8268205437243148,0.10213579352616323,8.79394880430197,8.095306407077706,5.366241655512343,False
vector_thrust,cruise_12,0.7179639688806431,0.08839622431711344,7.6058648103538316,8.122111260148538,5.372456496161153,False
vector_thrust,cruise_12,0.7163499975409214,0.0882091815534973,7.58835913598987,8.12103666449357,5.389870092697066,False
vector_thrust,cruise_12,0.7161868474178217,0.08819030094033861,7.586589724599561,8.120925314704701,5.4150334687624,False
vector_thrust,cruise_12,0.7158703288442108,0.08815368573821697,7.583157075614359,8.120707862063467,5.442962709118859,False
vector_thrust,cruise_12,0.7146793159659788,0.0880160740493672,7.570241569248367,8.119872690130707,5.468126085184193,False
vector_thrust,cruise_12,0.7150741232013446,0.08806166171583238,7.574522729624505,8.120152507555774,5.485539681720105,False
vector_thrust,cruise_12,0.7144822854986034,0.08799333407435583,7.5681051032839095,8.119731943499879,5.491754522368916,False
vector_thrust,cruise_13,0.7053969015553618,0.08695253234777764,7.4696380934091025,8.112436550255234,5.491754522368916,False
vector_thrust,cruise_13,0.695823047603045,0.08587217578919606,7.365979087497388,8.103009399822257,5.497969306998212,False
vector_thrust,cruise_13,0.6953645467655705,0.08582085720164825,7.361017353171151,8.10251224981024,5.515382746570937,False
vector_thrust,cruise_13,0.6947801787507909,0.08575550630398486,7.354693869622813,8.101872505865039,5.540545895817892,False
vector_thrust,cruise_13,0.6952166981545034,0.08580431714367427,7.359417437829327,8.102351038939032,5.568474884424943,False
vector_thrust,cruise_13,0.6950357195220954,0.08578407620837114,7.357459045614315,8.1021531062926,5.593638033671897,False
vector_thrust,cruise_13,0.6944617221323667,0.08571991897398923,7.351247990960158,8.101520981874627,5.611051473244622,False
vector_thrust,cruise_13,0.6946510594619613,0.08574107507328332,7.353296713067668,8.101730225195329,5.6172662578739185,False
vector_thrust,cruise_14,0.7064164512767381,0.08706857297195636,7.480683199939795,8.113334434736464,5.6172662578739185,False
vector_thrust,cruise_14,0.7012551470690243,0.08648309802248509,7.424781335319934,8.108580324986763,5.623480986245292,False
vector_thrust,cruise_14,0.7004616553999273,0.08639352111035874,7.416189745528958,8.107803066680896,5.6408942681868215,False
vector_thrust,cruise_14,0.6996349701247905,0.08630031960634299,7.407239506905973,8.106980058893873,5.666057189650097,False
vector_thrust,cruise_14,0.6991322537796689,0.08624370391055759,7.401797146408358,8.106472960678166,5.693985925436339,False
vector_thrust,cruise_14,0.6996590797700653,0.08630303598621232,7.4075005228562745,8.107004252803366,5.719148846899615,False
vector_thrust,cruise_14,0.6975294099434072,0.08606350098284773,7.384446809584775,8.104822624894416,5.736562128841144,False
vector_thrust,cruise_14,0.69836866254687,0.0861577970445696,7.393531123788382,8.105693117775544,5.742776857212518,False
vector_thrust,cruise_15,0.6830517776219008,0.08445704311732657,7.227860176993465,8.087564428143839,5.742776857212518,False
vector_thrust,cruise_15,0.675846188863603,0.08367167411683825,7.150011876964923,8.077359464803566,5.74899152908553,False
vector_thrust,cruise_15,0.675398392455106,0.0836231763014521,7.145175788687887,8.07668905113543,5.766404652722168,False
vector_thrust,cruise_15,0.6790905040855607,0.08402412493334985,7.185056108842087,8.082089573967396,5.791567345428249,False
vector_thrust,cruise_15,0.675099027180283,0.08359077423030355,7.1419428392415485,8.076238477230714,5.81949582731316,False
vector_thrust,cruise_15,0.6753387705351884,0.08361672178040064,7.144531903225862,8.076599466656974,5.844658520019241,False
vector_thrust,cruise_15,0.6748243895894609,0.08356106279296979,7.138977017160564,8.075823440175723,5.86207164365588,False
vector_thrust,cruise_15,0.6750597516689357,0.08358652440882834,7.141518696503489,8.076179221989955,5.868286315528892,False
vector_thrust,cruise_16,0.7073432536967605,0.0871742232643817,7.490724578066012,8.114133137172121,5.868286315528892,False
vector_thrust,cruise_16,0.6993251567442378,0.08626542309071614,7.403885462280794,8.106668137578508,5.874500930661048,False
vector_thrust,cruise_16,0.6987728904889688,0.086203260913016,7.39790688750054,8.10610739185459,5.891913895313341,False
vector_thrust,cruise_16,0.6981380747952092,0.08613187602376765,7.391035095951809,8.105455343879443,5.917076358280388,False
vector_thrust,cruise_16,0.697547966157007,0.08606558451487117,7.38464765887136,8.104842023544016,5.945004585174208,False
vector_thrust,cruise_16,0.6985760019395995,0.08618111295355586,7.3957755477905245,8.105906015811971,5.970167048141254,False
vector_thrust,cruise_16,0.6966145747482818,0.08596085931592917,7.374545269342869,8.103857735856696,5.987580012793547,False
vector_thrust,cruise_16,0.6957930482695228,0.08586881688275785,7.36565443809502,8.102977000597706,5.993794627925704,False
vector_thrust,cruise_17,0.6900524710677123,0.08522908767364237,7.303549038478766,8.096443243767295,5.993794627925704,False
vector_thrust,cruise_17,0.6861257745266169,0.08479495147203106,7.261088445134936,8.091587560527469,6.000009186072428,False
vector_thrust,cruise_17,0.6867994835775565,0.08486923778765426,7.268372264331419,8.092443168818745,6.0174219910550875,False
vector_thrust,cruise_17,0.6867479427449839,0.08486355174326221,7.267815011949037,8.092378042608953,6.042584223292829,False
vector_thrust,cruise_17,0.6863058104141483,0.08481479500534102,7.2630348580086626,8.091817121894001,6.070512194096439,False
vector_thrust,cruise_17,0.6860479747948144,0.08478637821558338,7.260247343844721,8.09148815214661,6.095674426334181,False
vector_thrust,cruise_17,0.6868857789808227,0.08487875907643028,7.269305284882675,8.092552087882279,6.1130872313168405,False
vector_thrust,cruise_17,0.6865874768041493,0.0848458520429904,7.266080094994478,8.09217492985118,6.119301789463565,False
vector_thrust,cruise_18,0.7368324411769315,0.09061878898403994,7.810747771383738,8.131122137448832,6.119301789463565,False
vector_thrust,cruise_18,0.7150740682886609,0.0880616553731631,7.5745221341567195,8.120152468841514,6.1255162903781715,False
vector_thrust,cruise_18,0.7164917358689787,0.08822558827384056,7.589896355369709,8.121132994263332,6.1429289350000005,False
vector_thrust,cruise_18,0.7131208690546974,0.08783640414360147,7.553344052230409,8.118739331460274,6.168090935509627,False
vector_thrust,cruise_18,0.7141900694409458,0.08795962160087978,7.564936591953691,8.119521849259552,6.196018649114436,False
vector_thrust,cruise_18,0.7166621438224635,0.08824531852504297,7.591744541517919,8.12124830870301,6.2211806496240625,False
vector_thrust,cruise_18,0.7158466780368649,0.08815095053161412,7.582900586927584,8.120691537865339,6.2385932942458915,False
vector_thrust,cruise_18,0.7146214324859003,0.08800939277068043,7.569613915005048,8.119831417857144,6.244807795160498,False
vector_thrust,cruise_19,0.7956910482023531,0.0979814563899499,8.45268908409615,8.120833038403054,6.244807795160498,False
vector_thrust,cruise_19,0.7620244697423596,0.0936903293381616,8.084973374020334,8.133437838519527,6.251022238594165,False
vector_thrust,cruise_19,0.7645051896900752,0.09399927458192206,8.112020037701011,8.133096697717546,6.26843472215798,False
vector_thrust,cruise_19,0.7756586676955556,0.09540261179445225,8.233719025076411,8.130371413381587,6.293596489932033,False
vector_thrust,cruise_19,0.7630097906212739,0.0938129008735778,8.09571515308996,8.133314112624078,6.321523945219842,False
vector_thrust,cruise_19,0.7673846409889528,0.09435933089121831,8.143423662803682,8.132578238326301,6.346685712993895,False
vector_thrust,cruise_19,0.7655675758170373,0.09413193724089966,8.123605330242707,8.132920645814602,6.36409819655771,False
vector_thrust,cruise_19,0.7660416543931127,0.09419120512370108,8.128775601940958,8.132836323593823,6.370312639991377,False
vector_thrust,cruise_20,0.7320235723064538,0.09004603855627472,7.7584902391491095,8.129436719739449,6.370312639991377,False
vector_thrust,cruise_20,0.7221686254289447,0.08888576666951481,7.651484290468131,8.124682415285136,6.376527025693118,False
vector_thrust,cruise_20,0.7226954370168193,0.08894733375745087,7.657201535314139,8.124981452367381,6.393939347495671,False
vector_thrust,cruise_20,0.7254444194248992,0.08926943649906866,7.687040319181414,8.126459042143363,6.419100881517927,False
vector_thrust,cruise_20,0.7207093487947328,0.08871549375437104,7.635649141838813,8.123827285346346,6.447028077360817,False
vector_thrust,cruise_20,0.7233017825968435,0.0890182595608677,7.663782332769992,8.125319301511102,6.472189611383074,False
vector_thrust,cruise_20,0.7225873416131916,0.08893469673000556,7.656028398640646,8.124920511134984,6.489601933185627,False
vector_thrust,cruise_20,0.724042633511588,0.08910501149373093,7.671823536628656,8.125722912482075,6.495816318887368,False
vector_thrust,cruise_21,0.6806788524509891,0.08419737080180763,7.20221717226588,8.084324319974796,6.495816318887368,False
vector_thrust,cruise_21,0.6848494171674946,0.08465444017252609,7.247290446909005,8.08994089113068,6.502030646604004,False
vector_thrust,cruise_21,0.6846786024915578,0.08463565799081173,7.245443998701821,8.089717959844872,6.5194428059359035,False
vector_thrust,cruise_21,0.6848721795070157,0.08465694343895377,7.247536502423332,8.089970552750678,6.544604105181265,False
vector_thrust,cruise_21,0.685165943662824,0.08468925830196515,7.250712074477134,8.09035239415865,6.572531040441459,False
vector_thrust,cruise_21,0.6839512692003488,0.08455574219937723,7.237582131967697,8.088761938694049,6.5976923396868195,False
vector_thrust,cruise_21,0.6839538742541118,0.08455602825869826,7.237610289395887,8.088765382422674,6.615104499018719,False
vector_thrust,cruise_21,0.6845186653509081,0.08461807666095036,7.243715161875299,8.089508676658452,6.621318826735355,False
vector_thrust,cruise_22,0.7439788831471211,0.09147795895600155,7.888459589408808,8.13287584941587,6.621318826735355,False
vector_thrust,cruise_22,0.7333838185577767,0.09020760922187188,7.773269068836709,8.129955165466898,6.6275330962114865,False
vector_thrust,cruise_22,0.7330961921317843,0.0901734159980016,7.770143873369649,8.129848293071552,6.644945092357118,False
vector_thrust,cruise_22,0.7330491771293187,0.09016782829313133,7.769633042916146,8.129830683580519,6.67010615579149,False
vector_thrust,cruise_22,0.7309108683814733,0.089914128068601,7.74640257157801,8.128988003129127,6.698032829321231,False
vector_thrust,cruise_22,0.7331335575321783,0.0901778571480967,7.770549860246208,8.129862260179598,6.723193892755601,False
vector_thrust,cruise_22,0.7325780992207968,0.09011186377161873,7.764514804102894,8.129652063100782,6.740605888901233,False
vector_thrust,cruise_22,0.7329120098353616,0.09015152840330437,7.768142699203141,8.129779082131433,6.746820158377363,False
vector_thrust,cruise_23,0.6874238967067695,0.08493816209027216,7.27512356515112,8.093227823509723,6.746820158377363,False
vector_thrust,cruise_23,0.6773047165239774,0.08382988823376548,7.165765102141124,8.079513533827768,6.753034369355338,False
vector_thrust,cruise_23,0.6768813815997081,0.08378392734081033,7.1611925222431125,8.078892970084082,6.7704462015927795,False
vector_thrust,cruise_23,0.6758480899077877,0.08367188008323127,7.150032408221645,8.077362301833046,6.795607028172953,False
vector_thrust,cruise_23,0.6757190619215587,0.08365790217728995,7.148638916168265,8.0771695719737,6.823533438814368,False
vector_thrust,cruise_23,0.6757934209900145,0.08366595730388499,7.149441986047638,8.077280685804505,6.848694265394542,False
vector_thrust,cruise_23,0.6774255915891582,0.08384301741135727,7.167070748947399,8.079690026726006,6.866106097631983,False
vector_thrust,cruise_23,0.6754664872166442,0.08363054885541367,7.145911181061389,8.076791273777692,6.872320308609958,False
vector_thrust,cruise_24,0.7220666291365713,0.08887385258307015,7.650377409353522,8.124623926499163,6.872320308609958,False
vector_thrust,cruise_24,0.7251567078487575,0.08923565905324857,7.683916938126591,8.126310888969208,6.8785344608298455,False
vector_thrust,cruise_24,0.7307467404512188,0.0898946903464071,7.744619722219289,8.128919935485658,6.895946128430785,False
vector_thrust,cruise_24,0.7270128283490968,0.08945383909189616,7.704068614079837,8.127240102040053,6.921106717104319,False
vector_thrust,cruise_24,0.7259157509469228,0.08932480426675313,7.692157281194334,8.126698478723789,6.949032863689285,False
vector_thrust,cruise_24,0.7228204708833283,0.0889619537030002,7.65855851881166,8.125051674297387,6.97419345236282,False
vector_thrust,cruise_24,0.7229730936175646,0.08897980349087095,7.6602149473769865,8.125137000237805,6.991605119963759,False
vector_thrust,cruise_24,0.7229518483164995,0.08897731851593113,7.659984368518956,8.125125148461931,6.997819272183647,False
vector_thrust,cruise_25,0.7138184760755472,0.08791677427760419,7.560907532516451,8.119252349063771,6.997819272183647,False
vector_thrust,cruise_25,0.7158888682120654,0.08815582988114615,7.583358132129772,8.120720650888822,7.004033365383205,False
vector_thrust,cruise_25,0.7156283528876116,0.0881257061966717,7.5805329213808434,8.120540348244486,7.021444867612853,False
vector_thrust,cruise_25,0.7152711446171538,0.08808442218927925,7.57665923327669,8.120291043973147,7.04660521731795,False
vector_thrust,cruise_25,0.7140084539634588,0.08793867687600684,7.562967377548057,8.119390458537461,7.074531098667961,False
vector_thrust,cruise_25,0.7202964773853938,0.08866739032307774,7.631169377906,8.123578180894311,7.099691448373057,False
vector_thrust,cruise_25,0.7137864033486079,0.08791307726233608,7.560559786462935,8.119228965431857,7.117102950602706,False
vector_thrust,cruise_25,0.7136154898574989,0.0878933793092336,7.558706690356681,8.11910402655926,7.123317043802264,False
vector_thrust,cruise_26,0.7059164114808194,0.08701163679866229,7.475265961167051,8.112896590076238,7.123317043802264,False
vector_thrust,cruise_26,0.7087754033661633,0.08733779096532143,7.506243045185571,8.115334673939618,7.129531077716908,False
vector_thrust,cruise_26,0.7090397396624012,0.08736802241980929,7.509107594447686,8.115552121065726,7.146942413833917,False
vector_thrust,cruise_26,0.707792101965204,0.08722544622162817,7.495587948308106,8.114513970691524,7.172102523499294,False
vector_thrust,cruise_26,0.7067970324167613,0.0871119379861128,7.484806461442472,8.113664427135548,7.200028138425317,False
vector_thrust,cruise_26,0.707168030775595,0.08715423672587586,7.488826061700803,8.113983408515569,7.225188248090695,False
vector_thrust,cruise_26,0.7062503366712466,0.08704965352107427,7.478883546470948,8.113189520050955,7.242599584207704,False
vector_thrust,cruise_26,0.7060955367223142,0.08703202730565193,7.477206502230153,8.113053993819351,7.248813618122346,False
vector_thrust,cruise_27,0.7196572938543285,0.0885929817147893,7.62423446358764,8.123186283210877,7.248813618122346,False
vector_thrust,cruise_27,0.72032576031535,0.08867080102059444,7.631487098819854,8.123595952945651,7.255027592485117,False
vector_thrust,cruise_27,0.7215615425607895,0.08881488236979598,7.644896305094651,8.12433145558246,7.272438761741487,False
vector_thrust,cruise_27,0.7213705011770655,0.08879259011351376,7.642823238566656,8.124219602726475,7.297598630286255,False
vector_thrust,cruise_27,0.7204056565790847,0.08868010765987847,7.632353981485264,8.12364436162066,7.32552397758859,False
vector_thrust,cruise_27,0.7208006891796915,0.08872614004453361,7.636640236300493,8.123881967793322,7.350683846133357,False
vector_thrust,cruise_27,0.7210035316693656,0.08874978813193349,7.638841226384253,8.124002849421315,7.368095015389728,False
vector_thrust,cruise_27,0.7200707242979607,0.0886411013136337,7.628719982145805,8.123440634499518,7.374308989752498,False
vector_thrust,cruise_28,0.6996710276678907,0.08630438216858846,7.40762987348476,8.107016238192184,7.374308989752498,False
vector_thrust,cruise_28,0.6992645606340697,0.08625859976730554,7.403229460485694,8.106606906678664,7.380522904294032,False
vector_thrust,cruise_28,0.6994243104891216,0.08627658958107753,7.404958890525175,8.106768172979818,7.397933905935022,False
vector_thrust,cruise_28,0.7003790335458591,0.0863842005949127,7.4152951922414925,8.107721420380956,7.423093532268549,False
vector_thrust,cruise_28,0.6997649549136638,0.08631496596142588,7.4086467565828995,8.10711036167689,7.451018610736689,False
vector_thrust,cruise_28,0.7001746978641613,0.08636115499262541,7.413082866955727,8.107518917781391,7.476178237070216,False
vector_thrust,cruise_28,0.7009022726755091,0.08644324795530238,7.42096047370055,8.108236204150126,7.493589238711206,False
vector_thrust,cruise_28,0.6990113362008173,0.08623009312400465,7.4004881464586365,8.106350241273569,7.49980315325274,False
vector_thrust,cruise_29,0.7543098527466399,0.09273698849791087,8.00091231827418,8.133861849132966,7.49980315325274,False
vector_thrust,cruise_29,0.6962141061330673,0.0859159760948714,7.370211171029268,8.103430092725521,7.506017007701236,False
vector_thrust,cruise_29,0.6952191651689748,0.08580459309975523,7.359444133951851,8.102353732517821,7.523427840965275,False
vector_thrust,cruise_29,0.6959172992880078,0.0858827298457665,7.366999075156425,8.103111074109766,7.548587223987058,False
vector_thrust,cruise_29,0.6948833880761375,0.08576704385233418,7.355810676546435,8.101985994440055,7.5765120323995365,False
vector_thrust,cruise_29,0.6907363663160591,0.08530498588157122,7.310945951883567,8.097256674715442,7.601671415421319,False
vector_thrust,cruise_29,0.6946983454716433,0.08574635971929734,7.353808376970111,8.101782370071863,7.619082248685359,False
vector_thrust,cruise_29,0.6947250039426528,0.085749339228179,7.354096839233802,8.101811748006472,7.625296103133854,False
vector_thrust,cruise_30,0.7007479459055824,0.08642582701813034,7.419289494998575,8.10808493343755,7.625296103133854,False
vector_thrust,cruise_30,0.6941693832338933,0.08568726656982481,7.348084820357141,8.101196490708789,7.631509897215039,False
vector_thrust,cruise_30,0.6931742480165244,0.08557623308989898,7.337317955166151,8.100078993759114,7.648920561333631,False
vector_thrust,cruise_30,0.693810171801973,0.08564716627050756,7.34419820499407,8.100795414650925,7.67407969993316,False
vector_thrust,cruise_30,0.6962405457147183,0.08591893845420528,7.370497309621236,8.103458425360014,7.702004237057405,False
vector_thrust,cruise_30,0.6923490547361199,0.08548429800581195,7.328390613499402,8.09913716188028,7.727163375656934,False
vector_thrust,cruise_30,0.6923342765639038,0.08548265269521271,7.3282307429615,8.099120169239631,7.744574039775526,False
vector_thrust,cruise_30,0.6904164171191107,0.08526946755274362,7.307485362545043,8.09687731065111,7.750787833856711,False
vector_thrust,cruise_31,0.7071288966881653,0.0871497737263657,7.488402054030633,8.113949887103784,7.750787833856711,False
vector_thrust,cruise_31,0.7033614302176666,0.08672143495638931,7.447590734750215,8.110583393498674,7.7570015672938055,False
vector_thrust,cruise_31,0.7043066394852847,0.08682865478880397,7.457828251530252,8.111454003271058,7.774412061491435,False
vector_thrust,cruise_31,0.7030037821910183,0.0866809078862751,7.443717331114377,8.110249411708466,7.7995709545480585,False
vector_thrust,cruise_31,0.7016123558624284,0.08652346080589729,7.428649272728702,8.108926172479311,7.827495219140237,False
vector_thrust,cruise_31,0.7005041517975897,0.08639831558699554,7.416649860362765,8.107845008763434,7.852654112196861,False
vector_thrust,cruise_31,0.6998202540996157,0.08632119787052095,7.409245445970032,8.107165694680509,7.8700646063944895,False
vector_thrust,cruise_31,0.6995804425256156,0.08629417649591922,7.406649182386703,8.1069252982407,7.876278339831584,False
vector_thrust,cruise_32,0.7038790784602063,0.0867801340902231,7.453197232294336,8.111062351302673,7.876278339831584,False
vector_thrust,cruise_32,0.7020778582872479,0.08657609530793506,7.433690055113865,8.10937309877614,7.8824920123452715,False
vector_thrust,cruise_32,0.7008562930634582,0.08643805716218966,7.4204626249631005,8.108191184218699,7.899902335839305,False
vector_thrust,cruise_32,0.700392467429785,0.08638571597717773,7.415440641429758,8.10773470483039,7.925060982222086,False
vector_thrust,cruise_32,0.6998806703124244,0.08632800707971586,7.409899538125801,8.10722607862533,7.952984973026957,False
vector_thrust,cruise_32,0.6975548347720087,0.08606635575386193,7.384722003685132,8.104849202247168,7.978143619409738,False
vector_thrust,cruise_32,0.6979886988273422,0.0861150894378594,7.38941818783174,8.10530074791376,7.995553942903771,False
vector_thrust,cruise_32,0.697068405631209,0.0860117586173221,7.3794571018740625,8.104338486236053,8.001767615417458,False
vector_thrust,cruise_33,0.6928291213458453,0.0855377673050059,7.333584115018723,8.099686760298443,8.001767615417458,False
vector_thrust,cruise_33,0.6974108949087852,0.08605019534149333,7.383164032222735,8.104698567401092,8.007981226725844,False
vector_thrust,cruise_33,0.6976444767690942,0.0860764219511761,7.385692279494966,8.104942804950806,8.025391378726436,False
vector_thrust,cruise_33,0.6972448116015071,0.08603155354596329,7.381366414226833,8.104524245618748,8.050549777294014,False
vector_thrust,cruise_33,0.6951084231153384,0.08579220677444453,7.35824577580645,8.102232699793365,8.078473493044761,False
vector_thrust,cruise_33,0.6947530386843276,0.08575247269711408,7.354400194511916,8.101842627188859,8.103631891612338,False
vector_thrust,cruise_33,0.6925711266712837,0.08550902691769774,7.330793021015339,8.09939197808767,8.12104204361293,False
vector_thrust,cruise_33,0.6920224690856671,0.08544794724819176,7.324857660556603,8.09876060656696,8.127255654921317,False
vector_thrust,cruise_34,0.7003272968229377,0.0863783648465717,7.414735038619151,8.107670225835877,8.127255654921317,False
vector_thrust,cruise_34,0.7065795985016458,0.08708715939222178,7.482450736134499,8.113476239583882,8.1334692047399,False
vector_thrust,cruise_34,0.7063906324328505,0.08706563202864756,7.4804034815113685,8.11331194610089,8.150879184449888,False
vector_thrust,cruise_34,0.7074712341598197,0.08718882473078926,7.492111251120642,8.11424212155928,8.176037334050333,False
vector_thrust,cruise_34,0.7036304096550535,0.08675192995793869,7.450503934725301,8.110832923212264,8.203960773468408,False
vector_thrust,cruise_34,0.7010150397365739,0.0864559802475983,7.422181480194026,8.10834644091665,8.229118923068851,False
vector_thrust,cruise_34,0.7005645595191358,0.08640513140223456,7.417303907286474,8.107904567124102,8.246528902778842,False
vector_thrust,cruise_34,0.7005665090317958,0.08640535137726581,7.417325015132939,8.107906488024797,8.252742452597424,False
vector_thrust,cruise_35,0.6966897640448718,0.08596928955420147,7.375359030582506,8.103937669574744,8.252742452597424,False
vector_thrust,cruise_35,0.7031638985231347,0.08669904865038564,7.445451406809146,8.110399242771933,8.258955940639051,False
vector_thrust,cruise_35,0.7018772733767039,0.08655341024150809,7.431517952760797,8.109181041142932,8.27636574725386,False
vector_thrust,cruise_35,0.7017094537921927,0.08653443642103359,7.4297006960197285,8.109019747676209,8.301523646724522,False
vector_thrust,cruise_35,0.7004046938975196,0.0863870951880083,7.415573018052944,8.107746792193856,8.329446808519483,False
vector_thrust,cruise_35,0.6987784904423604,0.08620389095451994,7.397967508236839,8.10611310817776,8.354604707990145,False
vector_thrust,cruise_35,0.6972213798367495,0.086028923885062,7.381112800854374,8.104499607228197,8.372014514604954,False
vector_thrust,cruise_35,0.6971852705879404,0.0860248716731227,7.380721974121327,8.104461617067038,8.378228002646582,False
vector_thrust,cruise_36,0.6871469678469867,0.08490758524356068,7.272129292612794,8.09288081713641,8.378228002646582,False
vector_thrust,cruise_36,0.690698114967904,0.08530073852701792,7.310532217081451,8.097211429759593,8.38444142862142,False
vector_thrust,cruise_36,0.694460496616883,0.08571978205912933,7.351234730416287,8.101519625164768,8.401851061328951,False
vector_thrust,cruise_36,0.6917097852401025,0.0854131620420101,7.321475206257158,8.098398053685074,8.427008709496315,False
vector_thrust,cruise_36,0.6887495956495455,0.08508473092252646,7.28945875571937,8.094867177480806,8.454931592365659,False
vector_thrust,cruise_36,0.6884800111067896,0.08505489987561597,7.286543498159988,8.094536729966418,8.480089240533022,False
vector_thrust,cruise_36,0.687632628419878,0.08496121821790861,7.277380516940258,8.093488333185586,8.497498873240552,False
vector_thrust,cruise_36,0.6872633770682853,0.08492043676433889,7.27338794831169,8.093026876151109,8.50371229921539,False
vector_thrust,cruise_37,0.6988106627938951,0.08620751072377497,7.398315781755756,8.1061459370172,8.50371229921539,False
vector_thrust,cruise_37,0.7073920619888087,0.08717979151400324,7.49125341550037,8.114174738249792,8.509925662830884,False
vector_thrust,cruise_37,0.7083424925852828,0.08728830786187994,7.501551868144135,8.114975647209517,8.527335120811413,False
vector_thrust,cruise_37,0.7055380673510951,0.08696858782252825,7.471167316496277,8.112562075755969,8.552492516490942,False
vector_thrust,cruise_37,0.7041412690414699,0.08680988415718219,7.456037058638342,8.111302945255837,8.58041511911993,False
vector_thrust,cruise_37,0.7029650348362094,0.08667651861828612,7.443297697814629,8.110213077800116,8.60557251479946,False
vector_thrust,cruise_37,0.7016031767217492,0.08652242331686469,7.428549877112034,8.108917316755214,8.62298197277999,False
vector_thrust,cruise_37,0.7010836166264703,0.08646372425926871,7.422924016365444,8.10841335638299,8.629195336395481,False
vector_thrust,cruise_38,0.7037452586032257,0.08676495476948917,7.451747839109626,8.110939036076086,8.629195336395481,False
vector_thrust,cruise_38,0.7123425451370881,0.08774684075129716,7.544906103150048,8.11815603887206,8.635408637356313,False
vector_thrust,cruise_38,0.7116426057387972,0.08766639266462065,7.5373185342980396,8.117621634795444,8.652817919782382,False
vector_thrust,cruise_38,0.7110081384672948,0.08759354772099018,7.530441194341261,8.117129137548504,8.677975061778364,False
vector_thrust,cruise_38,0.70956834604616,0.08742851633772222,7.514836216779793,8.11598292832984,8.705897382839856,False
vector_thrust,cruise_38,0.7066348464885747,0.08709345458482763,7.4830492994497355,8.113524143198656,8.731054524835839,False
vector_thrust,cruise_38,0.7056111270860205,0.08697689870004395,7.471958768103366,8.11262688865755,8.748463807261906,False
vector_thrust,cruise_38,0.7055641473080659,0.08697155442385904,7.4714498383631,8.112585223778725,8.754677108222737,False
vector_thrust,cruise_39,0.698548430087669,0.08617801196656093,7.39547708301625,8.105877754046148,8.754677108222737,False
vector_thrust,cruise_39,0.706490148517574,0.0870769682668158,7.4814816316930655,8.113398555089688,8.76089034623079,False
vector_thrust,cruise_39,0.704737805289902,0.08687761854453738,7.462498526070486,8.111845341716196,8.778299452267092,False
vector_thrust,cruise_39,0.7038888924830312,0.08678124743400739,7.4533035280679005,8.111071381156417,8.803456339372481,False
vector_thrust,cruise_39,0.7024888207260965,0.0866225959654788,7.438140445151063,8.109764119815289,8.83137837752676,False
vector_thrust,cruise_39,0.7009354133453074,0.08644698955714296,7.421319309021704,8.10826862723747,8.856535264632146,False
vector_thrust,cruise_39,0.6992084695138425,0.08625228431949844,7.402622232534436,8.106550163052058,8.873944370668449,False
vector_thrust,cruise_39,0.6991914887139626,0.08625037251976922,7.4024384034894295,8.106532972407775,8.880157608676502,False
vector_thrust,cruise_40,0.703753887028736,0.0867659334013605,7.451841292346716,8.110946997749938,8.880157608676502,False
vector_thrust,cruise_40,0.712265572289533,0.08773798939449715,7.544071664882191,8.118097727165443,8.88637078343082,False
vector_thrust,cruise_40,0.7113951535797512,0.08763797317010405,7.534636208770334,8.117430468170955,8.9037797122341,False
vector_thrust,cruise_40,0.7107542979808285,0.08756442437327464,7.527689807940443,8.116929941216588,8.928936343230346,False
vector_thrust,cruise_40,0.7096951158792423,0.087443031574926,7.516210096886465,8.116085445541037,8.956858097124925,False
vector_thrust,cruise_40,0.7065097675124014,0.08707920335245728,7.481694183825401,8.113415606855853,8.982014728121172,False
vector_thrust,cruise_40,0.7055671394207349,0.08697189478537826,7.4714822517046695,8.112587878668997,8.999423656924451,False
vector_thrust,cruise_40,0.7055258707605285,0.08696720050031448,7.47103519217636,8.112551245776588,9.005636831678771,False
vector_thrust,cruise_41,0.6920755348322456,0.08545385243213732,7.325431709510025,8.098821938798526,9.005636831678771,False
vector_thrust,cruise_41,0.7030652918130557,0.08668787621034461,7.444383482949145,8.11030702963695,9.011849942875521,False
vector_thrust,cruise_41,0.697487396454233,0.08605878384945093,7.383992064184202,8.1047786786576,9.029258693594446,False
vector_thrust,cruise_41,0.6963161248826774,0.08592740724436218,7.371315258682243,8.103539338763927,9.054415067251348,False
vector_thrust,cruise_41,0.6953569863686806,0.0858200113112968,7.3609355391952,8.10250401676594,9.082336535520799,False
vector_thrust,cruise_41,0.6943100782606654,0.08570297936770148,7.349607159302086,8.101352874580776,9.1074929091777,False
vector_thrust,cruise_41,0.6929861303143989,0.08555526390777075,7.335282739796984,8.099865498181893,9.124901659896627,False
vector_thrust,cruise_41,0.6922286778200031,0.08547089713991274,7.3270883808820715,8.098998618054166,9.131114771093376,False
vector_thrust,cruise_42,0.6899866924117162,0.085221792091515,7.302837613223586,8.09636450346852,9.131114771093376,False
vector_thrust,cruise_42,0.6974640245874711,0.08605615987443006,7.3837390927448645,8.104754216376662,9.137327818425799,False
vector_thrust,cruise_42,0.6945950942640208,0.08573482097536811,7.352691138202984,8.101668451183683,9.154736390200856,False
vector_thrust,cruise_42,0.693492401338304,0.08561171181688432,7.340760094858078,8.100438440264124,9.179892505276372,False
vector_thrust,cruise_42,0.6939111799611298,0.0856584398626139,7.345291084010235,8.1009084577548,9.207813686542142,False
vector_thrust,cruise_42,0.6916685958963031,0.08540858116964564,7.321029649047673,8.09835014730491,9.23296980161766,False
vector_thrust,cruise_42,0.6907397267476982,0.08530535903002402,7.310982299111846,8.097260648121601,9.250378373392715,False
vector_thrust,cruise_42,0.6902093666144485,0.08524649230709208,7.305245952538294,8.096630699220295,9.256591420725139,False
vector_thrust,cruise_43,0.6888013206025058,0.08509045609023397,7.290018112835499,8.094930409963581,9.256591420725139,False
vector_thrust,cruise_43,0.6949843777787992,0.08577833515529644,7.356903476916092,8.102096835064149,9.262804403883512,False
vector_thrust,cruise_43,0.6931539745741945,0.08557397293129676,7.3370986181369995,8.100056019728038,9.280212795846877,False
vector_thrust,cruise_43,0.6920407877649152,0.08544998570239704,7.325055826050517,8.098781785349113,9.305368651086974,False
vector_thrust,cruise_43,0.6912772621418082,0.08536507440197505,7.316796571038131,8.0978932776027,9.333289543957182,False
vector_thrust,cruise_43,0.6904865073763342,0.08527724684701612,7.308243453189701,8.09696059506985,9.358445399197278,False
vector_thrust,cruise_43,0.689448797232592,0.08516216308704298,7.297020218584751,8.095717302623193,9.375853791160642,False
vector_thrust,cruise_43,0.6888915729759386,0.08510044682371731,7.290994115137432,8.095040610103425,9.382066774319016,False
vector_thrust,cruise_44,0.6852368576384924,0.08469706137914965,7.251478664258134,8.090444302087452,9.382066774319016,False
vector_thrust,cruise_44,0.68921670003733,0.08513644993044253,7.294510161065335,8.095436215632999,9.38827969299061,False
vector_thrust,cruise_44,0.6884135980581664,0.08504755292599696,7.2858253270751305,8.094455094518484,9.405687904266037,False
vector_thrust,cruise_44,0.6891890606352472,0.08513338852000055,7.294211253668486,8.095402668875733,9.430843498404496,False
vector_thrust,cruise_44,0.6863348581497924,0.08481799719437003,7.263348903656314,8.091854097627165,9.45876410147375,False
vector_thrust,cruise_44,0.6868852866886799,0.08487870475619522,7.269299962227321,8.092551466963153,9.48391969561221,False
vector_thrust,cruise_44,0.6862205144989714,0.0848053929667286,7.262112698164308,8.091708445572488,9.501327906887637,False
vector_thrust,cruise_44,0.6847880311649821,0.08464768977424703,7.246626881547101,8.089860845479567,9.507540825559232,False
vector_thrust,cruise_45,0.6860039531129849,0.08478152766792224,7.2597714236382265,8.091431848220163,9.507540825559232,False
vector_thrust,cruise_45,0.6948828671474641,0.08576698561395857,7.355805039654293,8.10198542216659,9.513753679428268,False
vector_thrust,cruise_45,0.6949693821420191,0.08577665842830784,7.356741209776065,8.102080389653727,9.531161709130956,False
vector_thrust,cruise_45,0.6948281917740518,0.08576087333474078,7.355213407210561,8.10192532743932,9.556317040889212,False
vector_thrust,cruise_45,0.692505721612239,0.08550174277689616,7.330085453573529,8.09931703286128,9.584237352738409,False
vector_thrust,cruise_45,0.6941349622124663,0.0856834229854164,7.347712383681479,8.10115817070719,9.609392684496664,False
vector_thrust,cruise_45,0.6911651725381353,0.08535261790944193,7.315584123153946,8.097761843362004,9.626800714199355,False
vector_thrust,cruise_45,0.6909813676765344,0.0853321966669881,7.313595977714777,8.097545764268949,9.633013568068389,False
vector_thrust,cruise_46,0.6867897484097576,0.08486816375571074,7.268267008814452,8.09243087180078,9.633013568068389,False
vector_thrust,cruise_46,0.6991792786819762,0.0862489978741485,7.40230622154736,8.106520607951804,9.639226356815989,False
vector_thrust,cruise_46,0.6963179329797229,0.0859276098578674,7.371334826735839,8.103541273072768,9.656634204052471,False
vector_thrust,cruise_46,0.6949044566039524,0.08576939929659644,7.356038656224699,8.102009134993768,9.681789272139415,False
vector_thrust,cruise_46,0.6944224248388995,0.08571552880816544,7.350822780126794,8.101477462654904,9.709709291335537,False
vector_thrust,cruise_46,0.6927010257880856,0.08552349605274687,7.332198314584923,8.099540567902652,9.734864359422481,False
vector_thrust,cruise_46,0.6916062396272218,0.08540164680586299,7.320355126585896,8.098277556630697,9.752272206658963,False
vector_thrust,cruise_46,0.6911770348223485,0.08535393605420036,7.315712434139082,8.09777576494476,9.758484995406562,False
vector_thrust,cruise_47,0.6950470742061141,0.08578534595837105,7.357581914980469,8.102165544024253,9.758484995406562,False
vector_thrust,cruise_47,0.7080065648591478,0.08724993399714484,7.497911782843705,8.114694561056247,9.764697718710707,False
vector_thrust,cruise_47,0.7064083304741514,0.08706764794366664,7.48059522000269,8.113327362778909,9.782105382578706,False
vector_thrust,cruise_47,0.7056430704598609,0.08698053271232192,7.47230481062104,8.11265519370517,9.807260185690515,False
vector_thrust,cruise_47,0.7066323283728501,0.08709316764771842,7.483022017805978,8.113521961115186,9.835179910786424,False
vector_thrust,cruise_47,0.7042676899146866,0.08682423330484429,7.457406370470555,8.111418472789353,9.860334713898231,False
vector_thrust,cruise_47,0.701119099027874,0.08646773143020703,7.42330821445168,8.108447942730944,9.87774237776623,False
vector_thrust,cruise_47,0.7005660658850895,0.08640530137434367,7.417320217075676,8.107906051388516,9.883955101070375,False
vector_thrust,cruise_48,0.6952777434223961,0.08581114589077922,7.360078024504033,8.102417654547446,9.883955101070375,False
vector_thrust,cruise_48,0.708015667159842,0.08725097350208044,7.498010412918783,8.11470220607865,9.890167758605859,False
vector_thrust,cruise_48,0.7064482721588,0.08707219775709632,7.481027944819562,8.113362133451202,9.907575238194166,False
vector_thrust,cruise_48,0.7057323653004312,0.0869906922624868,7.473272147674013,8.112734212655136,9.932729775014103,False
vector_thrust,cruise_48,0.7066876449647091,0.08709947119393775,7.483621327738575,8.113569867619306,9.96064920454833,False
vector_thrust,cruise_48,0.704333363689717,0.08683168863263523,7.458117714917837,8.111478364420487,9.985803741368267,False
vector_thrust,cruise_48,0.7011781878344652,0.08647440507965394,7.423948022294236,8.10850548423653,10.003211220956572,False
vector_thrust,cruise_48,0.7006347121732676,0.08641304757873217,7.418063469796022,8.107973642925963,10.009423878492056,False
vector_thrust,cruise_49,0.6817830588159981,0.08431807875350966,7.214149011190466,8.085846699722383,10.009423878492056,False
vector_thrust,cruise_49,0.6885852218557841,0.08506654046537743,7.28768122607287,8.094665870843098,10.015636469930437,False
vector_thrust,cruise_49,0.6888460400382177,0.08509540624547215,7.290501714197937,8.094985034222931,10.033043764318773,False
vector_thrust,cruise_49,0.6874081681579622,0.08493642506385314,7.274953499135606,8.093208157056122,10.058198033516998,False
vector_thrust,cruise_49,0.6865610413088095,0.08484293660578582,7.265794283854615,8.092141417721622,10.086117166013539,False
vector_thrust,cruise_49,0.6885649193342459,0.08506429402373934,7.28746167773084,8.094640968184423,10.111271435211766,False
vector_thrust,cruise_49,0.6863441315078493,0.08481901951096835,7.26344916150224,8.091865898297668,10.128678729600102,False
vector_thrust,cruise_49,0.684639287823068,0.08463133583701282,7.245019025106657,8.08966656442219,10.134891321038483,False
vector_thrust,cruise_50,0.6876979589216559,0.08496843613326224,7.278086925411468,8.093569685607589,10.134891321038483,False
vector_thrust,cruise_50,0.6972761050612475,0.08603506565249108,7.381705119505088,8.104557133455948,10.141103846048031,False
vector_thrust,cruise_50,0.6961095258881548,0.0859042599039854,7.369079373962196,8.10331788745042,10.158510954306918,False
vector_thrust,cruise_50,0.6953756647061198,0.08582210114453381,7.361137664817809,8.102524354828263,10.183664954540296,False
vector_thrust,cruise_50,0.6939140718460513,0.08565876265533223,7.345322373534802,8.100911691173668,10.211583788508378,False
vector_thrust,cruise_50,0.6967864365254437,0.08598013000866542,7.376405310068216,8.104040275994219,10.236737788741758,False
vector_thrust,cruise_50,0.6917987935660591,0.0854230621571368,7.322438041853655,8.098501459634946,10.254144897000643,False
vector_thrust,cruise_50,0.6913908654369234,0.08537770144475243,7.318025406405056,8.098026226254401,10.260357422010193,False
vector_thrust,cruise_51,0.6871748885278303,0.08491066744864106,7.272431179056681,8.092915874715905,10.260357422010193,False
vector_thrust,cruise_51,0.6980730492547297,0.08612456807634744,7.3903312291455014,8.1053881005929,10.266569880255847,False
vector_thrust,cruise_51,0.6965051602647506,0.08594859358792564,7.37336110593381,8.103741215407137,10.283976801446464,False
vector_thrust,cruise_51,0.6960491523629844,0.08589749712912446,7.36842600013349,8.103253012327661,10.30913053135836,False
vector_thrust,cruise_51,0.6949969204084582,0.08577973763246705,7.357039200364785,8.102110586841041,10.33704906529223,False
vector_thrust,cruise_51,0.693215750787383,0.08558086020651737,7.337766972322018,8.100125999137731,10.362202795204125,False
vector_thrust,cruise_51,0.6926244859282754,0.08551497009867562,7.3313702776388245,8.099453056336882,10.37960971639474,False
vector_thrust,cruise_51,0.6921401555428731,0.08546104415115616,7.326130760743084,8.098896548919704,10.385822174640396,False
vector_thrust,cruise_52,0.6879086967763375,0.08499172438622159,7.280365632827867,8.093831508233967,10.385822174640396,False
vector_thrust,cruise_52,0.6972395214793558,0.08603095984621448,7.381309156611088,8.104518684037856,10.392034565783712,False
vector_thrust,cruise_52,0.696017164138103,0.08589391421961634,7.368079819105422,8.103218609394185,10.409441298957752,False
vector_thrust,cruise_52,0.6958900119260297,0.08587967411170033,7.366703771481511,8.103081656096096,10.434594757177823,False
vector_thrust,cruise_52,0.6939038138296569,0.08565761766057539,7.345211384217178,8.100900220915573,10.46251298955652,False
vector_thrust,cruise_52,0.6969124177382404,0.08599425958603311,7.377768811652079,8.104173709885986,10.48766644777659,False
vector_thrust,cruise_52,0.6917588753366216,0.08541862200004405,7.322006230686511,8.09845510427767,10.505073180950632,False
vector_thrust,cruise_52,0.6913280676468685,0.08537072115974717,7.31734612728365,8.097952767123092,10.511285572093948,False
vector_thrust,cruise_53,0.6873963553264896,0.08493512051021183,7.27482577226207,8.093193383340678,10.511285572093948,False
vector_thrust,cruise_53,0.6969538836045106,0.08599891087535913,7.378217602897091,8.104217559390111,10.517497895793044,False
vector_thrust,cruise_53,0.6964804911236631,0.08594582839713903,7.373094120336795,8.103714911040958,10.534904439992575,False
vector_thrust,cruise_53,0.6958622351637906,0.08587656371251562,7.366403172376551,8.103051695143408,10.56005762513657,False
vector_thrust,cruise_53,0.6940090026348401,0.08566935969391781,7.346349507847271,8.101017739766204,10.587975554423688,False
vector_thrust,cruise_53,0.6960160771352695,0.08589379247082282,7.368068055429402,8.103217439976218,10.613128739567683,False
vector_thrust,cruise_53,0.6925672131486623,0.08550859104799324,7.330750683465525,8.099387496163356,10.630535283767214,False
vector_thrust,cruise_53,0.692294382419885,0.0854782113258139,7.327799168593023,8.099074274976275,10.63674760746631,False
vector_thrust,cruise_54,0.68588146577837,0.08476803319972065,7.258447219233911,8.091274975819898,10.63674760746631,False
vector_thrust,cruise_54,0.6943923809996513,0.0857121725981678,7.350497696155918,8.10144417007223,10.642959863375815,False
vector_thrust,cruise_54,0.6939891979707424,0.08566714878140579,7.346135224061111,8.100995630677206,10.66036621763313,False
vector_thrust,cruise_54,0.6948958389066352,0.08576843583526081,7.355945405232379,8.101999670850383,10.685519128302671,False
vector_thrust,cruise_54,0.6928581470005957,0.0855410014973407,7.333898131295205,8.099719840457272,10.713436752946128,False
vector_thrust,cruise_54,0.6937554685312322,0.08564106157638891,7.343606336205238,8.100734107696994,10.73858966361567,False
vector_thrust,cruise_54,0.6902956714768438,0.08525606813070438,7.306179400047359,8.09673360045839,10.755996017872985,False
vector_thrust,cruise_54,0.6899960312476378,0.08522282782399765,7.302938616572521,8.096375687892204,10.76220827378249,False
vector_thrust,cruise_55,0.6842693399341315,0.08459067844150228,7.241020140354804,8.089181367747631,10.76220827378249,False
vector_thrust,cruise_55,0.6921202961376622,0.08545883389235934,7.325915926002162,8.09887362855232,10.76842046155349,False
vector_thrust,cruise_55,0.691644862606095,0.08540594181236807,7.320772919943941,8.098322528022686,10.785826624890957,False
vector_thrust,cruise_55,0.6910940483816671,0.08534471508405572,7.314814796472416,8.0976783120198,10.810979259673324,False
vector_thrust,cruise_55,0.6899237285153694,0.08521480943478346,7.302156635324037,8.09628904989081,10.83889657810512,False
vector_thrust,cruise_55,0.6914585243879221,0.08538522287541431,7.318757273248535,8.098105282184836,10.864049212887487,False
vector_thrust,cruise_55,0.6878134710334484,0.08498120016518926,7.279335951266208,8.093713311843723,10.881455376224954,False
vector_thrust,cruise_55,0.6873141058786585,0.08492603797000034,7.273936449955671,8.093090438546637,10.887667563995954,False
vector_thrust,cruise_56,0.685983605461241,0.08477928577214472,7.259551445059959,8.09140580996295,10.887667563995954,False
vector_thrust,cruise_56,0.6962237752534195,0.08591705943339864,7.37031581361085,8.103440455770249,10.893879683275939,False
vector_thrust,cruise_56,0.6950947821709763,0.08579068121099899,7.358098165832078,8.102217774229075,10.911285654705846,False
vector_thrust,cruise_56,0.6957995125802825,0.08586954065211679,7.365724394051448,8.102983983566125,10.936438012173756,False
vector_thrust,cruise_56,0.6933874868218995,0.0856000102817992,7.3396249994104075,8.100320134766758,10.964355022809723,False
vector_thrust,cruise_56,0.6954232382709715,0.08582742421946715,7.361652478804295,8.102576124068715,10.989507380277633,False
vector_thrust,cruise_56,0.6922393224199767,0.08547208203526988,7.3272035330853305,8.099010880936836,11.006913351707542,False
vector_thrust,cruise_56,0.6911768635194037,0.08535391701872311,7.315710581202295,8.097775563923893,11.013125470987525,False
vector_thrust,cruise_57,0.6859373074332322,0.08477418495472178,7.2590509185098515,8.09134653196128,11.013125470987525,False
vector_thrust,cruise_57,0.6949529251028819,0.08577481834283021,7.356563129153439,8.102062336352029,11.019337521420333,False
vector_thrust,cruise_57,0.6946016254264019,0.08573555080180081,7.352761808866645,8.101675663484654,11.036743299944735,False
vector_thrust,cruise_57,0.6931419630913749,0.08557263388195027,7.336968666916304,8.100042404299284,11.061895378656112,False
vector_thrust,cruise_57,0.6935092929236918,0.08561359599042724,7.340942850139643,8.100457467073753,11.08981207989567,False
vector_thrust,cruise_57,0.6943137080690369,0.08570338479189189,7.349646434605001,8.101356903872524,11.114964158607048,False
vector_thrust,cruise_57,0.6904132317829824,0.08526911403458615,7.307450910332224,8.096873523312823,11.13236993713145,False
vector_thrust,cruise_57,0.6900905112212044,0.08523330710759794,7.303960461747453,8.096488739431862,11.138581987564258,False
vector_thrust,cruise_58,0.6820629711396728,0.08434871284310522,7.21717389982572,8.086228564131854,11.138581987564258,False
vector_thrust,cruise_58,0.6914698207145464,0.08538647873336341,7.318879466103708,8.098118472291159,11.144793968790012,False
vector_thrust,cruise_58,0.6893476579745508,0.08515095705288889,7.295926422283175,8.095594950816393,11.16219955340057,False
vector_thrust,cruise_58,0.6887194685409027,0.08508139653271987,7.289132960503537,8.094830322584572,11.187351351898318,False
vector_thrust,cruise_58,0.6884648488778544,0.08505322248202597,7.286379537867659,8.094518100397025,11.215267742124215,False
vector_thrust,cruise_58,0.68819571223296,0.085023454915528,7.283469208297868,8.094186632579119,11.240419540621964,False
vector_thrust,cruise_58,0.6869928151980884,0.08489057065415007,7.270462565205168,8.092686972230917,11.25782512523252,False
vector_thrust,cruise_58,0.6869827383806456,0.08488945857628984,7.27035361367142,8.092674283736383,11.264037106458275,False
vector_thrust,cruise_59,0.687718577786221,0.08497071432999355,7.278309874936591,8.093595342924703,11.264037106458275,False
vector_thrust,cruise_59,0.6985186285731592,0.086174660367316,7.395154483149909,8.105847189832275,11.27024901811334,False
vector_thrust,cruise_59,0.6970159349439022,0.08600587185532421,7.3788891973890705,8.104283113557592,11.287654407791148,False
vector_thrust,cruise_59,0.6962521571522252,0.08592023947013691,7.370622972991074,8.10347086374474,11.312805924602918,False
vector_thrust,cruise_59,0.6950524986262255,0.08578595255840701,7.357640612839224,8.102171484929329,11.340722002180964,False
vector_thrust,cruise_59,0.6953317979294374,0.08581719319356046,7.360662965823341,8.102476579036072,11.365873518992734,False
vector_thrust,cruise_59,0.6938053352889823,0.08564662651054611,7.344145875610371,8.100789996714587,11.383278908670542,False
vector_thrust,cruise_59,0.6933799388176416,0.08559916850011169,7.339543336205596,8.100311614787904,11.389490820325605,False
vector_thrust,cruise_60,0.6839239791543094,0.08455274557046269,7.2372871605696565,8.088725854376378,11.389490820325605,False
vector_thrust,cruise_60,0.6934161166753444,0.08560320328463084,7.3399347514802695,8.10035244089797,11.39570266204251,False
vector_thrust,cruise_60,0.6916741387397146,0.08540919759891634,7.321089607500422,8.098356596063963,11.413107855757946,False
vector_thrust,cruise_60,0.6907399164170146,0.08530538009131179,7.310984350620679,8.097260872381545,11.438259089395885,False
vector_thrust,cruise_60,0.689983547496967,0.08522144330532391,7.302803599699676,8.096360736639422,11.466174852674692,False
vector_thrust,cruise_60,0.6897941110123166,0.08520043720520973,7.300754787747633,8.096133466438808,11.491326086312629,False
vector_thrust,cruise_60,0.6883552302890831,0.08504109664802255,7.285194159282702,8.094383273749672,11.508731280028067,False
vector_thrust,cruise_60,0.6879990087165176,0.08500170706263038,7.281342190382751,8.093943433507645,11.514943121744972,False
vector_thrust,cruise_61,0.6846653889007928,0.0846342052912702,7.245301165637033,8.089700689508502,11.514943121744972,False
vector_thrust,cruise_61,0.6966633585830387,0.08596632885113109,7.375073247942287,8.103909610813542,11.521154893152357,False
vector_thrust,cruise_61,0.6928772124642038,0.08554312595592106,7.334104392988756,8.0997415598447,11.538559889864905,False
vector_thrust,cruise_61,0.6920841143843006,0.08545480721733283,7.325524520763839,8.09883184949629,11.563710838825418,False
vector_thrust,cruise_61,0.6909076745150704,0.08532401087449651,7.312798878075718,8.09745893839109,11.59162628613612,False
vector_thrust,cruise_61,0.6914465636461504,0.0853838931770936,7.318627893540278,8.098091313452178,11.616777235096635,False
vector_thrust,cruise_61,0.6888158352296241,0.08509206272668265,7.290175075518873,8.094948143895792,11.63418223180918,False
vector_thrust,cruise_61,0.6882606081171943,0.08503063144996378,7.284170957567526,8.09426669402309,11.640394003216567,False
vector_thrust,cruise_62,0.7074940215829192,0.08719142489501401,7.492358155664373,8.114261493430151,11.640394003216567,False
vector_thrust,cruise_62,0.705437039300209,0.08695709703695442,7.470072895895836,8.112472280444427,11.646184405025085,False
vector_thrust,cruise_62,0.703719733345607,0.08676205978702112,7.4514713792078195,8.110915474725482,11.662408750357844,False
vector_thrust,cruise_62,0.7035435786427994,0.08674208421623497,7.449563496578317,8.11075252571717,11.685853608643152,False
vector_thrust,cruise_62,0.7027491029384634,0.08665206307554754,7.44095918969878,8.11001005626112,11.711875438165288,False
vector_thrust,cruise_62,0.7032208990171003,0.08670550779302263,7.446068734826999,8.110452460480138,11.735320296450597,False
vector_thrust,cruise_62,0.7014673192345784,0.08650706958299695,7.427078765961779,8.108786052006696,11.751544641783354,False
vector_thrust,cruise_62,0.7030757717569538,0.08668906353515911,7.444496981618252,8.110316839122415,11.757335043591873,False
vector_thrust,cruise_63,0.7036271784533762,0.08675156354819848,7.450468938488479,8.11082993406161,11.757335043591873,False
vector_thrust,cruise_63,0.7137539518520469,0.08790933677968482,7.5602079348461135,8.119205285791555,11.763125355899174,False
vector_thrust,cruise_63,0.712885017630312,0.08780925241395812,7.550787070464132,8.118563796324862,11.779349450455092,False
vector_thrust,cruise_63,0.7111946416118368,0.0876149529628247,7.532462756265368,8.117274706677053,11.802793946357365,False
vector_thrust,cruise_63,0.7105577827744095,0.08754188616111638,7.525559823485594,8.116774882673468,11.828815373664678,False
vector_thrust,cruise_63,0.7086407385234321,0.0873223946423603,7.504783745383881,8.11522337913153,11.852259869566954,False
vector_thrust,cruise_63,0.7077807224297569,0.08722414712129178,7.495464645668115,8.114504363631486,11.868483964122872,False
vector_thrust,cruise_63,0.7065095539016714,0.08707917901656478,7.481691869565006,8.113415421237198,11.87427427643017,False
vector_thrust,cruise_64,0.7022683872326694,0.08659764992819358,7.4357533052875775,8.109554795251228,11.87427427643017,False
vector_thrust,cruise_64,0.7130774148010388,0.08783140082385804,7.5528729383553195,8.118707069594436,11.880064498852065,False
vector_thrust,cruise_64,0.7129599342866868,0.0878178758701583,7.551599271937548,8.118619668515123,11.896288341554676,False
vector_thrust,cruise_64,0.71065639738224,0.08755319532235176,7.526628679631206,8.116852786077747,11.919732473518376,False
vector_thrust,cruise_64,0.707866620870583,0.08723395397088052,7.496395399510751,8.114576820705334,11.945753496884349,False
vector_thrust,cruise_64,0.7075157433607621,0.08719390355243839,7.492593514364849,8.114279950034147,11.969197628848049,False
vector_thrust,cruise_64,0.7065771570784692,0.08708688121893662,7.482424285543715,8.113474121344781,11.98542147155066,False
vector_thrust,cruise_64,0.7069061881919335,0.08712438056683922,7.48598909876273,8.113758555214247,11.991211693972556,False
vector_thrust,cruise_65,0.6964708476634257,0.08594474748143832,7.372989752681619,8.103704625042317,11.991211693972556,False
vector_thrust,cruise_65,0.7041424587631532,0.08681001918048414,7.456049944874636,8.111304033917921,11.997001826121284,False
vector_thrust,cruise_65,0.7033322645617829,0.08671812915649546,7.44727485909073,8.110556251652035,12.013225415884106,False
vector_thrust,cruise_65,0.7021782425860464,0.08658745099683107,7.434777117990519,8.109468918443445,12.03666918233922,False
vector_thrust,cruise_65,0.7008354777825389,0.086435707382408,7.420237246264111,8.108170789670403,12.062689800021266,False
vector_thrust,cruise_65,0.700650374283134,0.08641481504798129,7.418233048623202,8.107989051346141,12.08613356647638,False
vector_thrust,cruise_65,0.6979191291940312,0.08610727272774998,7.388665145515423,8.105228595506443,12.102357156239202,False
vector_thrust,cruise_65,0.6976132991849483,0.08607292075021392,7.385354815487642,8.104910267997552,12.108147288387931,False
vector_thrust,cruise_66,0.6967073165130796,0.08597125768896502,7.375548998937158,8.103956313326176,12.108147288387931,False
vector_thrust,cruise_66,0.7041394788527054,0.08680968098645822,7.456017668564063,8.111301307080565,12.113937329872106,False
vector_thrust,cruise_66,0.7034129623958761,0.08672727628544241,7.4481488511128795,8.110631309125377,12.130160665598494,False
vector_thrust,cruise_66,0.702259462182421,0.08659664008493384,7.435656654425964,8.109546299875447,12.153604064960327,False
vector_thrust,cruise_66,0.7009343270092013,0.0864468669059449,7.421307546543119,8.108267564766983,12.179624275199568,False
vector_thrust,cruise_66,0.7007038779057714,0.08642085327114474,7.418812352078727,8.108041651791131,12.203067674561401,False
vector_thrust,cruise_66,0.6979669594244418,0.08611264674534125,7.389182873510938,8.105278211788354,12.219291010287789,False
vector_thrust,cruise_66,0.6977105870275769,0.08608384663250643,7.38640785596132,8.10501173357316,12.225081051771964,False
vector_thrust,cruise_67,0.6909403062269776,0.0853276354636717,7.313151837163404,8.09749739896573,12.225081051771964,False
vector_thrust,cruise_67,0.6972856348908103,0.08603613523345978,7.381808265991275,8.104567144941132,12.23087100219652,False
vector_thrust,cruise_67,0.6966496101233546,0.08596478736037308,7.374924450585379,8.103894996016555,12.247094082779524,False
vector_thrust,cruise_67,0.6956719694939582,0.0858552618421041,7.364344147491879,8.102846052387148,12.270537113448485,False
vector_thrust,cruise_67,0.695071756604467,0.08578810617581148,7.357849004428612,8.102192571776891,12.296556914469512,False
vector_thrust,cruise_67,0.6942807369984988,0.0856997022423051,7.3492896811101485,8.101320294386877,12.319999945138475,False
vector_thrust,cruise_67,0.6929290044024743,0.08554889744963265,7.334664711482371,8.099800524143982,12.336223025721477,False
vector_thrust,cruise_67,0.6919989357034705,0.08544532860532811,7.324603084655269,8.098733388923026,12.342012976146036,False
vector_thrust,cruise_68,0.6964808808540142,0.08594587208157276,7.373098338248528,8.103715326699714,12.342012976146036,False
vector_thrust,cruise_68,0.703847986994733,0.08677660706105916,7.452860481063523,8.111033731700067,12.347802835112173,False
vector_thrust,cruise_68,0.7032553911195011,0.08670941663468262,7.446442293756522,8.110484632625337,12.364025659434388,False
vector_thrust,cruise_68,0.7021459672567865,0.08658379974035316,7.4344276067829975,8.109438132333953,12.387468319795776,False
vector_thrust,cruise_68,0.7007999569252514,0.08643169771382156,7.419852643190021,8.108135967034052,12.413487709806407,False
vector_thrust,cruise_68,0.7006218105344689,0.08641159166241114,7.417923779707662,8.107960946624225,12.436930370167795,False
vector_thrust,cruise_68,0.6978057399642149,0.08609453442836704,7.3874377985774755,8.10511079010257,12.453153194490007,False
vector_thrust,cruise_68,0.6975600664127232,0.08606694319180089,7.384778630181004,8.104854669442656,12.458943053456148,False
vector_thrust,cruise_69,0.6921893584453633,0.08546652051328618,7.326663028965889,8.098953301108814,12.458943053456148,False
vector_thrust,cruise_69,0.6995765860484314,0.08629374204360216,7.406607431674332,8.10692142305003,12.464732820561284,False
vector_thrust,cruise_69,0.6991669748139874,0.08624761269175263,7.40217302393654,8.10650814548105,12.480955387494687,False
vector_thrust,cruise_69,0.6979648999339153,0.08611241534042527,7.3891605809476495,8.10527607633202,12.504397675918474,False
vector_thrust,cruise_69,0.6972977675171564,0.08603749696348936,7.381939584098775,8.104579888151092,12.530416653109507,False
vector_thrust,cruise_69,0.6956722660251193,0.08585529503616376,7.364347356473504,8.102846373448369,12.55385894153329,False
vector_thrust,cruise_69,0.6956920534060522,0.0858575100959815,7.364561490487343,8.10286779372389,12.570081508466696,False
vector_thrust,cruise_69,0.6955738696684702,0.08584428130913074,7.363282542588449,8.102739740620162,12.575871275571833,False
vector_thrust,cruise_70,0.7008104981289547,0.08643288760280815,7.4199667782184395,8.108146303632065,12.575871275571833,False
vector_thrust,cruise_70,0.7116811359175756,0.08767081881135019,7.537736199110747,8.117651295683334,12.58166095040954,False
vector_thrust,cruise_70,0.7103434836996101,0.087517316438263,7.5232371344797375,8.11660494869841,12.597883258815353,False
vector_thrust,cruise_70,0.7091508925123852,0.08738073852339695,7.510312155335651,8.115643155413522,12.621325173655944,False
vector_thrust,cruise_70,0.7081362577299357,0.08726474667784231,7.49931710879193,8.114803339132834,12.647343736200915,False
vector_thrust,cruise_70,0.7061215740769368,0.08703499172743023,7.4774885791879635,8.113076821886951,12.670785651041506,False
vector_thrust,cruise_70,0.7048551774793089,0.08689095339425856,7.4637699074643535,8.111951244004686,12.68700795944732,False
vector_thrust,cruise_70,0.7047431168180331,0.08687822194144765,7.462556060467802,8.111850139992518,12.692797634285025,False
vector_thrust,cruise_71,0.7027881706154251,0.08665648708357118,7.4413822825012845,8.11004685589965,12.692797634285025,False
vector_thrust,cruise_71,0.7131722170926305,0.08784231680230675,7.553900750225743,8.118777407677644,12.698587216444977,False
vector_thrust,cruise_71,0.7162763370540368,0.08820065655475959,7.5875602623498235,8.120986453307578,12.714809265173491,False
vector_thrust,cruise_71,0.7106504853200712,0.08755251727428995,7.526564600126862,8.116848120924969,12.738250804769512,False
vector_thrust,cruise_71,0.7090788324368804,0.08737249445043549,7.509531240327262,8.115584165210315,12.764268950824432,False
vector_thrust,cruise_71,0.7079391082340992,0.08724223076108742,7.497180844016406,8.11463785437569,12.787710490420451,False
vector_thrust,cruise_71,0.7060138959116393,0.08702273309076955,7.476322047534301,8.112982330435745,12.803932539148967,False
vector_thrust,cruise_71,0.7059772082129232,0.08701855686085311,7.47592459429486,8.112950084219564,12.809722121308917,False
vector_thrust,cruise_72,0.6987051579128155,0.0861956408870285,7.397173670154426,8.106038202425651,12.809722121308917,False
vector_thrust,cruise_72,0.7100995083635283,0.08748935458490459,7.520592862664863,8.116410410530664,12.815511610376833,False
vector_thrust,cruise_72,0.7080727731270747,0.08725749549056694,7.498629199947698,8.114750132882529,12.831733398267252,False
vector_thrust,cruise_72,0.707467308440729,0.08718837679533997,7.4920687155296015,8.11423878324274,12.855174560941306,False
vector_thrust,cruise_72,0.7072166591778548,0.08715978288534419,7.4893529402525045,8.11402502124374,12.881192288644405,False
vector_thrust,cruise_72,0.7058317340431077,0.08700199969615457,7.474348626707909,8.112821963956593,12.90463345131846,False
vector_thrust,cruise_72,0.7026202157346185,0.08663746992501127,7.439563387029067,8.10988843906417,12.920855239208878,False
vector_thrust,cruise_72,0.7021148625904142,0.08658028109977052,7.434090773863063,8.109408443492281,12.926644728276793,False
vector_thrust,cruise_73,0.6988219652462466,0.08620878242799838,7.39843813382436,8.10615746522001,12.926644728276793,False
vector_thrust,cruise_73,0.7112782421851445,0.08762455000540822,7.533368940291048,8.117339742586342,12.932434123834371,False
vector_thrust,cruise_73,0.7091171921570829,0.08737688289654197,7.509946943855029,8.11561557988637,12.94865564971465,False
vector_thrust,cruise_73,0.7086152576313646,0.08731948177015636,7.504507623242907,8.115202280936483,12.972096433773082,False
vector_thrust,cruise_73,0.7087986186935546,0.08734044552675929,7.506494620918958,8.115353825123247,12.998113741244541,False
vector_thrust,cruise_73,0.7048558424059215,0.08689102894488215,7.463777110027279,8.111951843187802,13.021554525302973,False
vector_thrust,cruise_73,0.7034552402651298,0.08673206897420316,7.448606741458511,8.110670581078374,13.03777605118325,False
vector_thrust,cruise_73,0.7031078463899338,0.08669269755455025,7.444844353352656,8.110346848389536,13.043565446740828,False
vector_thrust,cruise_74,0.6990617603914775,0.08623576867248528,7.401034014324249,8.106401452121837,13.043565446740828,False
vector_thrust,cruise_74,0.7099386591819983,0.08747092576295301,7.518849572544784,8.116281530001618,13.049354748365696,False
vector_thrust,cruise_74,0.7088939491754711,0.08735134715054074,7.507527687842182,8.115432357943694,13.065576011052366,False
vector_thrust,cruise_74,0.7082060836901183,0.08727272302882166,7.500073736901835,8.114861770226128,13.089016414785014,False
vector_thrust,cruise_74,0.7059455115819415,0.08701494897270773,7.475581212626897,8.112922203785486,13.1150333001267,False
vector_thrust,cruise_74,0.704876991551517,0.08689343200601556,7.464006200312052,8.111970896749929,13.138473703859347,False
vector_thrust,cruise_74,0.7034603747489704,0.08673265105006012,7.448662350610013,8.11067534812177,13.154694966546016,False
vector_thrust,cruise_74,0.7033247498234659,0.08671727741896162,7.447193471641126,8.110549255662825,13.160484268170883,False
vector_thrust,cruise_75,0.6961394355696043,0.08590761050056567,7.369403063764823,8.10335000023101,13.160484268170883,False
vector_thrust,cruise_75,0.7060880796427813,0.08703117832034532,7.477125715736338,8.113047453451733,13.166273475436526,False
vector_thrust,cruise_75,0.7050021179987528,0.08690765111652396,7.465361596643226,8.112083446525332,13.182494473734526,False
vector_thrust,cruise_75,0.7038847337090651,0.08678077564314207,7.453258484334552,8.111067554910592,13.205934495414477,False
vector_thrust,cruise_75,0.7026220753389228,0.08663768045556525,7.439583525749436,8.10989019609411,13.23195095670966,False
vector_thrust,cruise_75,0.7015255267915351,0.08651364741027455,7.427709054655022,8.108842336338954,13.255390978389611,False
vector_thrust,cruise_75,0.7008692546885397,0.08643952040446687,7.420602967981606,8.108203879533804,13.27161197668761,False
vector_thrust,cruise_75,0.6995340892433255,0.08628895473656811,7.4061473569704,8.10687870051197,13.277401183953254,False
vector_thrust,cruise_76,0.6953923706347904,0.08582397034797679,7.36131844656153,8.102542539284698,13.277401183953254,False
vector_thrust,cruise_76,0.7055520552330837,0.08697017893190936,7.471318845887827,8.112574492751982,13.283190296428959,False
vector_thrust,cruise_76,0.704998081151817,0.08690719233271604,7.465317868378277,8.112079820192532,13.29941102913146,False
vector_thrust,cruise_76,0.7036132096254616,0.0867499795420285,7.450317646177843,8.110817009294811,13.322850667014793,False
vector_thrust,cruise_76,0.7022132142097686,0.0865914074963281,7.435155828844659,8.109502253321681,13.348866702327868,False
vector_thrust,cruise_76,0.701069173318667,0.08646209318420975,7.422767626817111,8.108399270707231,13.372306340211201,False
vector_thrust,cruise_76,0.7000179877623358,0.08634348592768815,7.411386211805892,8.10736305398411,13.388527072913702,False
vector_thrust,cruise_76,0.6992277210695527,0.08625445183827189,7.402830644494228,8.10656964559479,13.394316185389409,False
vector_thrust,cruise_77,0.6897185810438369,0.08519206371124813,7.2999379197328205,8.096042647606053,13.394316185389409,False
vector_thrust,cruise_77,0.6973063923750846,0.08603846500834414,7.382032935794318,8.104588945275335,13.400105202640201,False
vector_thrust,cruise_77,0.697137074277908,0.08601946341168303,7.380200325939528,8.104410869682594,13.416325668528424,False
vector_thrust,cruise_77,0.6964278577632971,0.08593992903824854,7.372524489931004,8.103658748116302,13.439764920853953,False
vector_thrust,cruise_77,0.6959016766636525,0.08588098035310934,7.36683000710312,8.103094233465598,13.465780528230153,False
vector_thrust,cruise_77,0.6938877238175781,0.08565582173997666,7.345037294318444,8.100882225191846,13.489219780555684,False
vector_thrust,cruise_77,0.6932212816986282,0.08558147686788273,7.337826811219502,8.100132260732023,13.505440246443905,False
vector_thrust,cruise_77,0.6923713928897096,0.0854867850736629,7.328632268515395,8.099162838947585,13.511229263694698,False
vector_thrust,cruise_78,0.6940497491171319,0.0856739086912011,7.346790380649751,8.101063202552497,13.511229263694698,False
vector_thrust,cruise_78,0.7037285766236913,0.08676306274612766,7.45156715922632,8.110923639047073,13.517018185281271,False
vector_thrust,cruise_78,0.7022662235708698,0.08659740511486583,7.43572987462383,8.109552735897331,13.533238383124306,False
vector_thrust,cruise_78,0.7012746013008458,0.08648529565019639,7.424991986408578,8.10859922520544,13.556677248113317,False
vector_thrust,cruise_78,0.7001782066323644,0.0863615506577177,7.413120855696439,8.107522402040068,13.582692425578415,False
vector_thrust,cruise_78,0.6987766062772519,0.08620367896957629,7.397947111728101,8.106111184928313,13.606131290567426,False
vector_thrust,cruise_78,0.697556893716103,0.08606658694304675,7.384744289384095,8.1048513539604,13.62235148841046,False
vector_thrust,cruise_78,0.6974159945028052,0.08605076781827303,7.383219228639493,8.104703911249793,13.628140409997034,False
vector_thrust,cruise_79,0.6956461279152875,0.08585236916594158,7.364064497155633,8.102818066333068,13.628140409997034,False
vector_thrust,cruise_79,0.7052939711735524,0.08694082788048105,7.468523081878465,8.112344779407108,13.633929235475684,False
vector_thrust,cruise_79,0.7041611757451067,0.0868121434330859,7.456252674393725,8.111321157366291,13.650149164030303,False
vector_thrust,cruise_79,0.7033735646908954,0.08672281039197077,7.447722156209211,8.110594681050802,13.673587639886279,False
vector_thrust,cruise_79,0.7022303926401453,0.08659335105270999,7.435341856118459,8.109518618960625,13.699602385446294,False
vector_thrust,cruise_79,0.7007405731322202,0.0864249948632533,7.419209666702071,8.108077694895709,13.723040861302268,False
vector_thrust,cruise_79,0.6994580575467187,0.08628039051547465,7.405324235230618,8.106802175649273,13.739260789856887,False
vector_thrust,cruise_79,0.6993537962614048,0.08626864822934471,7.404195509608702,8.106697051774553,13.745049615335539,False
vector_thrust,cruise_80,0.6915719700369053,0.08539783613840767,7.319984426187571,8.09823762883227,13.745049615335539,False
vector_thrust,cruise_80,0.7017360579981557,0.08653744397025001,7.4299887810800165,8.109045354279239,13.750838344258097,False
vector_thrust,cruise_80,0.6994315413920305,0.08627740398083694,7.405037171970437,8.10677546055258,13.767058002268564,False
vector_thrust,cruise_80,0.6984491956774693,0.08616685229216384,7.394402879495196,8.10577591147527,13.790496087176914,False
vector_thrust,cruise_80,0.6975722297646134,0.08606830898045353,7.38491028459984,8.104867378340556,13.8165103988178,False
vector_thrust,cruise_80,0.6961344428997486,0.08590705119128966,7.369349031815063,8.103344641054697,13.839948483726147,False
vector_thrust,cruise_80,0.6948809356596862,0.0857667696794337,7.355784139313314,8.101983300256137,13.856168141736614,False
vector_thrust,cruise_80,0.6945030434489927,0.08572453556094867,7.3516951043117755,8.101566709045779,13.861956870659172,False
vector_thrust,cruise_81,0.691822784820922,0.08542573087555083,7.322697565532518,8.098529304113034,13.861956870659172,False
vector_thrust,cruise_81,0.7012829322651974,0.08648623677039916,7.425082194507105,8.108607316640919,13.867745502572943,False
vector_thrust,cruise_81,0.6997332015439102,0.08631138778713437,7.4083029844489685,8.107078561517612,13.883964888770816,False
vector_thrust,cruise_81,0.6988638576857173,0.08621349619224203,7.3988916319381985,8.106200172271926,13.907402580898587,False
vector_thrust,cruise_81,0.6978969015801406,0.08610477546234135,7.388424548387062,8.105205522373979,13.933416456585922,False
vector_thrust,cruise_81,0.6967821248325715,0.08597964647678133,7.376358644694803,8.10403570362128,13.956854148713694,False
vector_thrust,cruise_81,0.6952978024609876,0.08581338991671966,7.36029508947266,8.102439527628048,13.973073534911569,False
vector_thrust,cruise_81,0.6951910424558042,0.0858014474062973,7.359139812104719,8.102323019841988,13.978862166825337,False
vector_thrust,cruise_82,0.6864483718168237,0.08483051227945332,7.264576150132291,8.09199842570192,13.978862166825337,False
vector_thrust,cruise_82,0.6947381521748638,0.08575080880036456,7.35423911208293,8.101826232243189,13.98465070127301,False
vector_thrust,cruise_82,0.6936460368495814,0.0856288510201727,7.342422336636821,8.10061128446264,14.000869814376948,False
vector_thrust,cruise_82,0.693221399127713,0.085581489960538,7.337828081684477,8.100132393667842,14.024307111872547,False
vector_thrust,cruise_82,0.6928155098179741,0.08553625068929005,7.333436857981459,8.099671241549066,14.050320549551216,False
vector_thrust,cruise_82,0.6913916098685512,0.08537778419631675,7.318033458894008,8.098027096589586,14.073757847046817,False
vector_thrust,cruise_82,0.6897385070257663,0.0851942726685897,7.300153421623649,8.096066618338138,14.089976960150755,False
vector_thrust,cruise_82,0.6892543557142458,0.08514062099249478,7.294917391217099,8.095481894300537,14.095765494598428,False
vector_thrust,cruise_83,0.6983739180033914,0.08615838793860994,7.393588012875396,8.105698524686892,14.095765494598428,False
vector_thrust,cruise_83,0.7101110859793527,0.08749068124004492,7.520718342498131,8.11641966795352,14.10155393111802,False
vector_thrust,cruise_83,0.7095314155049808,0.08742428832078047,7.514435982015696,8.115953004976621,14.117772769833573,False
vector_thrust,cruise_83,0.707792378718131,0.08722547781634468,7.495590947058606,8.114514204306278,14.14120967082647,False
vector_thrust,cruise_83,0.706705542703222,0.08710151083303769,7.483815235816055,8.113585355113816,14.167222668420338,False
vector_thrust,cruise_83,0.7057289822723738,0.08699030733065016,7.473235498935903,8.112731221765868,14.190659569413237,False
vector_thrust,cruise_83,0.703075368810298,0.0866890178829619,7.444492617669951,8.110316461994229,14.206878408128789,False
vector_thrust,cruise_83,0.7028471019060846,0.0866631609687051,7.442020496366685,8.110102309329443,14.21266684464838,False
vector_thrust,cruise_84,0.6981604004388208,0.08613438528737719,7.391276760238127,8.105478411548317,14.21266684464838,False
vector_thrust,cruise_84,0.709905618257513,0.08746714078617929,7.518491477325233,8.116254994466281,14.218455182773155,False
vector_thrust,cruise_84,0.7094043819769257,0.08740974672263588,7.513059268072449,8.115849874590888,14.234673745792563,False
vector_thrust,cruise_84,0.7076138679101671,0.08720510155997738,7.493656715230568,8.11436321100422,14.258110248392986,False
vector_thrust,cruise_84,0.7065327387563143,0.08708182043155535,7.481943054774678,8.113435562726155,14.284122803804568,False
vector_thrust,cruise_84,0.7054500297965945,0.08695857445234953,7.470213619197064,8.112483837728483,14.30755930640499,False
vector_thrust,cruise_84,0.7029037213756585,0.08666957364322322,7.4426336773989465,8.110155523196337,14.323777869424397,False
vector_thrust,cruise_84,0.7026513844221299,0.08664099869549574,7.439900931121382,8.109917879543776,14.329566207549172,False
vector_thrust,cruise_85,0.6912857485300201,0.08536601758554359,7.316888366947152,8.097903218189796,14.329566207549172,False
vector_thrust,cruise_85,0.7015923216833929,0.08652119642637951,7.428432334289938,8.108906842040431,14.335354446807571,False
vector_thrust,cruise_85,0.6993078526743107,0.0862634745263947,7.403698131336418,8.106650659664052,14.351572732809544,False
vector_thrust,cruise_85,0.6983446629932909,0.08615509873363286,7.393271334632333,8.105668419606536,14.375008835108176,False
vector_thrust,cruise_85,0.6973759400664654,0.08604627146381538,7.382785692687334,8.104661924366235,14.40102094621829,False
vector_thrust,cruise_85,0.6959901822059611,0.08589089219589713,7.3677878177666685,8.103189574728942,14.424457048516922,False
vector_thrust,cruise_85,0.6947493474790764,0.08575206011950112,7.354360253070104,8.1018385623727,14.440675334518895,False
vector_thrust,cruise_85,0.6943183625408801,0.08570390466733724,7.349696797007354,8.101362070210238,14.446463573777294,False
vector_thrust,cruise_86,0.6973317370586561,0.08604130974726265,7.382307256064402,8.104615551611142,14.446463573777294,False
vector_thrust,cruise_86,0.709403293166673,0.08740962209876757,7.513047468273836,8.115848989314818,14.452251713692847,False
vector_thrust,cruise_86,0.7089816433243323,0.08736137699004323,7.508478011423077,8.115504445461482,14.468469721342359,False
vector_thrust,cruise_86,0.7068840100499589,0.08712185232062233,7.48574881079808,8.113739449070858,14.491905421410028,False
vector_thrust,cruise_86,0.7058104703206113,0.08699957988803433,7.474118272119639,8.1128032023714,14.517917086077455,False
vector_thrust,cruise_86,0.7047114423602017,0.08687462375606879,7.462212963666601,8.111821518087124,14.541352786145124,False
vector_thrust,cruise_86,0.7022214255825409,0.08659233651892677,7.435244750739127,8.109510076899866,14.557570793794634,False
vector_thrust,cruise_86,0.701929096346191,0.08655927043209047,7.432079131148955,8.10923073683812,14.56335893371019,False
vector_thrust,cruise_87,0.697245264398049,0.08603160436264431,7.381371315069836,8.104524721624268,14.56335893371019,False
vector_thrust,cruise_87,0.7093841336067008,0.08740742915506036,7.512839829977522,8.115833407572906,14.56914697380145,False
vector_thrust,cruise_87,0.7090176386108541,0.08736549428732307,7.508868087553749,8.115533991933635,14.585364701749507,False
vector_thrust,cruise_87,0.7069259480590124,0.08712663321264585,7.486203186524443,8.11377557002176,14.608799997636861,False
vector_thrust,cruise_87,0.7058499861203812,0.08700407684579467,7.474546355892687,8.11283806127182,14.634811213697986,False
vector_thrust,cruise_87,0.7046938018134313,0.08687261988820551,7.462021882276004,8.111805569122774,14.658246509585345,False
vector_thrust,cruise_87,0.7022347510816028,0.08659384417253001,7.435389054254715,8.109522770261439,14.674464237533398,False
vector_thrust,cruise_87,0.7019462069666658,0.08656120542537638,7.43226441858392,8.109247133484146,14.680252277624659,False
vector_thrust,cruise_88,0.6973469208478533,0.08604301406292461,7.382471599403092,8.104631485106653,14.680252277624659,False
vector_thrust,cruise_88,0.7092568158184628,0.08739285847338288,7.511460057013413,8.115729685560979,14.686040217405115,False
vector_thrust,cruise_88,0.7090061254950297,0.08736417734116578,7.508743321287223,8.115524544188066,14.702257664288533,False
vector_thrust,cruise_88,0.7069415475648316,0.08712841162355706,7.48637219927728,8.113788997086395,14.725692554025725,False
vector_thrust,cruise_88,0.7058910216581844,0.08700874705567095,7.4749909052284815,8.112874228685685,14.751703319294174,False
vector_thrust,cruise_88,0.7046118282290977,0.08686330889510954,7.461133953771228,8.111731376477277,14.775138209031365,False
vector_thrust,cruise_88,0.702183634592527,0.08658806100453065,7.434835508422444,8.109474059660325,14.791355655914785,False
vector_thrust,cruise_88,0.701929888645164,0.0865593600298303,7.432087710786331,8.109231496204028,14.79714359569524,False
vector_thrust,cruise_89,0.6864030665663393,0.08482551701397548,7.2640863333279535,8.091940853755723,14.79714359569524,False
vector_thrust,cruise_89,0.6937411695037571,0.08563946594477868,7.343451626663055,8.10071807256586,14.802931434673226,False
vector_thrust,cruise_89,0.6935530607093352,0.08561847831437439,7.341416388815993,8.10050674064474,14.819148599114412,False
vector_thrust,cruise_89,0.6926954248630304,0.08552287211639917,7.332137721453306,8.099534168125825,14.842583080710746,False
vector_thrust,cruise_89,0.6914637174949383,0.08538580021106926,7.318813447294837,8.098111346215365,14.86859339297702,False
vector_thrust,cruise_89,0.6906444865022239,0.08529478417593961,7.309952162801926,8.097147946087944,14.892027874573357,False
vector_thrust,cruise_89,0.6899827936413863,0.08522135969937693,7.302795446448554,8.09635983367713,14.90824503901454,False
vector_thrust,cruise_89,0.6898950770432293,0.08521163224319905,7.301846760474941,8.096254688259318,14.914032877992527,False
vector_thrust,cruise_90,0.6870287375619152,0.08489453519727726,7.2708509622176765,8.092732187830503,14.914032877992527,False
vector_thrust,cruise_90,0.6948968084350261,0.08576854422817068,7.355955896370036,8.102000735682152,14.919820615671156,False
vector_thrust,cruise_90,0.6946973051070752,0.08574624344460967,7.353797119554446,8.10178122328864,14.936037496277846,False
vector_thrust,cruise_90,0.6935574810116244,0.08561897142128556,7.341464213700464,8.10051171485109,14.959471567721456,False
vector_thrust,cruise_90,0.6929214967182111,0.08554806079197755,7.3345834883410195,8.099791980126232,14.98548142475255,False
vector_thrust,cruise_90,0.6920130424398148,0.08544689829977897,7.324755686323438,8.098749705483515,15.008915496196158,False
vector_thrust,cruise_90,0.6913996258364233,0.0853786752635621,7.318120167356283,8.098036467561576,15.02513237680285,False
vector_thrust,cruise_90,0.6913409295733864,0.0853721507680325,7.31748525344966,8.097967819176207,15.030920114481477,False
vector_thrust,cruise_91,0.6917706673631051,0.08541993361243669,7.322133789484525,8.098468801225888,15.030920114481477,False
vector_thrust,cruise_91,0.7020415780286483,0.08657199166103637,7.433297178535219,8.109338419490442,15.036707750358541,False
vector_thrust,cruise_91,0.7019480858967919,0.08656141791171648,7.432284765156994,8.109248933661242,15.052924345723584,False
vector_thrust,cruise_91,0.7006062251810372,0.08640983293653706,7.417755032450692,8.107945604935855,15.07635800498107,False
vector_thrust,cruise_91,0.6989584512253995,0.08622414109901004,7.399915642409419,8.10629647702486,15.10236740452008,False
vector_thrust,cruise_91,0.6977838146050727,0.08609207157504939,7.387200475921295,8.10508798126423,15.125801063777567,False
vector_thrust,cruise_91,0.6969473630492351,0.08599817943393485,7.3781470298285035,8.104210666280919,15.14201765914261,False
vector_thrust,cruise_91,0.6966316093362116,0.08596276914669666,7.37472963129636,8.103875855225185,15.147805295019674,False
vector_thrust,cruise_92,0.6918753545620442,0.08543157894936501,7.3232662371724375,8.09859027622697,15.147805295019674,False
vector_thrust,cruise_92,0.7021165159468886,0.08658046812728315,7.434108678058619,8.109410022069843,15.153592828587561,False
vector_thrust,cruise_92,0.7014235541806608,0.08650212426002526,7.426604867504619,8.108743689024129,15.169809137288658,False
vector_thrust,cruise_92,0.7005153345821735,0.08639957729240692,7.416770938378313,8.107856039750985,15.193242382304737,False
vector_thrust,cruise_92,0.7000466300963532,0.08634671501528257,7.411696312036416,8.107391577924549,15.219251322070477,False
vector_thrust,cruise_92,0.6991061760163655,0.08624076830575474,7.401514838742181,8.106446518864269,15.242684567086556,False
vector_thrust,cruise_92,0.6981315670934953,0.08613114461568787,7.390964653336133,8.105448618017531,15.258900875787655,False
vector_thrust,cruise_92,0.6981254498755382,0.08613045710158673,7.390898437555252,8.10544229496115,15.26468840935554,False
vector_thrust,cruise_93,0.6919503600604164,0.08543992374032999,7.324077612276985,8.098677173020425,15.26468840935554,False
vector_thrust,cruise_93,0.7023006834811851,0.08660130427601007,7.436103047519097,8.109585523595094,15.27047584010114,False
vector_thrust,cruise_93,0.7014926571873468,0.08650993285788046,7.427353132358547,8.108810560976474,15.286691860700595,False
vector_thrust,cruise_93,0.7006226433976481,0.08641168564793042,7.417932797372746,8.107961766331174,15.31012468939774,False
vector_thrust,cruise_93,0.7002384951530464,0.08636834942498842,7.413773589782926,8.107582231396108,15.336133167084324,False
vector_thrust,cruise_93,0.6992273218699809,0.08625440689199157,7.40282632286703,8.106569241680123,15.359565995781468,False
vector_thrust,cruise_93,0.6982227886574508,0.08614139781863989,7.391952085483044,8.105542820740766,15.375782016380924,False
vector_thrust,cruise_93,0.6981472950399051,0.08613291231092988,7.39113490056997,8.105464871774844,15.381569447126523,False
vector_thrust,cruise_94,0.6934522856570363,0.08560723731776236,7.340326072181909,8.100393230575076,15.381569447126523,False
vector_thrust,cruise_94,0.705121562692803,0.0869212272463295,7.466655463688616,8.112190600974042,15.387356774531144,False
vector_thrust,cruise_94,0.7053884752813308,0.08695157410227357,7.469546813853337,8.112429045294151,15.403572505575607,False
vector_thrust,cruise_94,0.7032675296190155,0.08671079229055012,7.446573757357548,8.110495949137565,15.427004915853667,False
vector_thrust,cruise_94,0.7022985830052605,0.08660106659957068,7.436080301028913,8.109583525715399,15.453012929130098,False
vector_thrust,cruise_94,0.7014835915864913,0.08650890840062125,7.427254967428565,8.108801793428405,15.476445339408157,False
vector_thrust,cruise_94,0.6995108124872965,0.08628633272711306,7.405895361322972,8.106855284944738,15.49266107045262,False
vector_thrust,cruise_94,0.699229573171748,0.08625466036869799,7.402850694856837,8.106571519531483,15.49844839785724,False
vector_thrust,cruise_95,0.6918510638529969,0.08542887668861665,7.323003472754876,8.098562110031649,15.49844839785724,False
vector_thrust,cruise_95,0.7022001561596327,0.0865899301532588,7.43501442188458,8.109489809228187,15.504235621396505,False
vector_thrust,cruise_95,0.7018790659286671,0.08655361293676797,7.431537363821093,8.109182760994937,15.520451061416706,False
vector_thrust,cruise_95,0.7005073724508926,0.08639867895708604,7.41668473093955,8.107848185952385,15.543883051152521,False
vector_thrust,cruise_95,0.6997949720377494,0.08631834865404517,7.408971732613089,8.107140404671709,15.56989059766228,False
vector_thrust,cruise_95,0.698891702868367,0.08621662952771088,7.399193065414526,8.106228539631514,15.593322587398097,False
vector_thrust,cruise_95,0.6978133089820369,0.08609538466885366,7.387519726638734,8.105118661888987,15.6095380274183,False
vector_thrust,cruise_95,0.6977130914115139,0.0860841279094419,7.386434963472871,8.105014343009767,15.615325250957563,False
vector_thrust,cruise_96,0.6860889120236846,0.08479088921709187,7.260689919812419,8.09154047514559,15.615325250957563,False
vector_thrust,cruise_96,0.6946654509653398,0.08574268341281999,7.353452437780381,8.101746100256474,15.621112370101315,False
vector_thrust,cruise_96,0.6948195110824291,0.08575990295147126,7.3551194753053935,8.101915780800322,15.637327517611798,False
vector_thrust,cruise_96,0.6934416748025218,0.08560605383316378,7.340211270705453,8.100381266889826,15.660759084658823,False
vector_thrust,cruise_96,0.6923496571007639,0.08548436507022228,7.328397129896311,8.099137854413774,15.686766162019419,False
vector_thrust,cruise_96,0.6921484408579908,0.08546196628916712,7.326220389615741,8.098906108900577,15.710197729066444,False
vector_thrust,cruise_96,0.6908537052616723,0.0853180166290356,7.312215125254286,8.097395281298178,15.726412876576926,False
vector_thrust,cruise_96,0.6906804708559532,0.0852987794492375,7.310341375121261,8.097190549684088,15.732199995720679,False
vector_thrust,cruise_97,0.6912803775859973,0.0853654206532621,7.316830270292207,8.097896927068925,15.732199995720679,False
vector_thrust,cruise_97,0.7046124885707387,0.08686338389527579,7.461141106485849,8.111731974663034,15.737987009932892,False
vector_thrust,cruise_97,0.703292794348154,0.0867136556283796,7.446847382511302,8.110519493748349,15.754201863431733,False
vector_thrust,cruise_97,0.7022888518558985,0.08659996549541668,7.435974920456071,8.109574268745723,15.777633005619627,False
vector_thrust,cruise_97,0.7008503928037219,0.08643739109004633,7.420398739498142,8.10818540408756,15.803639611422161,False
vector_thrust,cruise_97,0.7007927241005156,0.08643088128576956,7.419774329753237,8.108128873330115,15.827070753610055,False
vector_thrust,cruise_97,0.699389122980638,0.08627262663048071,7.404577952907308,8.106732694904863,15.843285607108895,False
vector_thrust,cruise_97,0.6989137709200561,0.08621911288058269,7.399431960124183,8.10625101058605,15.849072621321108,False
vector_thrust,cruise_98,0.6890688283535695,0.08512007290320169,7.29291100676728,8.095256557606298,15.849072621321108,False
vector_thrust,cruise_98,0.7008369999213077,0.0864358792097757,7.420253727296041,8.108172281332502,15.854859530059773,False
vector_thrust,cruise_98,0.6988924794567227,0.08621671691691844,7.3992014722574435,8.106229330562435,15.871074088028303,False
vector_thrust,cruise_98,0.6980215607840418,0.08611878205176379,7.389773897277964,8.105334796356953,15.89450480316252,False
vector_thrust,cruise_98,0.6970826349216971,0.08601335510862745,7.37961110987862,8.1043534930284,15.920510934971235,False
vector_thrust,cruise_98,0.6958663239721324,0.08587702156215339,7.366447421256616,8.103056106440533,15.943941650105454,False
vector_thrust,cruise_98,0.6948527115348911,0.08576361438481328,7.355478730746965,8.101952284999934,15.960156208073982,False
vector_thrust,cruise_98,0.6945593681902184,0.08573082889370481,7.352304563855251,8.101628984030732,15.965943116812648,False
vector_thrust,cruise_99,0.6894451040802999,0.08516175386018865,7.296980277848463,8.095712838560987,15.965943116812648,False
vector_thrust,cruise_99,0.6997247751247196,0.08631043827491085,7.408211757531685,8.107070119328998,15.97172991952968,False
vector_thrust,cruise_99,0.6998057168262513,0.08631955954685921,7.409088059751115,8.107151154384152,15.987944180432187,False
vector_thrust,cruise_99,0.6993725241344657,0.08627075728414457,7.40439825539174,8.106715950469594,16.01137446629357,False
vector_thrust,cruise_99,0.6971774082071563,0.08602398938136221,7.380636876211922,8.104453341688492,16.037380121645384,False
vector_thrust,cruise_99,0.6958900483414172,0.08587967818953199,7.366704165568071,8.10308169536481,16.060810407506768,False
vector_thrust,cruise_99,0.6972294672471743,0.08602983149409313,7.381200334756328,8.10450811234062,16.077024668409276,False
vector_thrust,cruise_99,0.6972027240537397,0.08602683028679084,7.380910880693455,8.104479982924502,16.08281147112631,False
vector_thrust,cruise_100,0.6808644728114296,0.08421764673988241,7.20422285713089,8.08458202251093,16.08281147112631,False
vector_thrust,cruise_100,0.687739693058222,0.08497304745527212,7.278538192546253,8.093621608901723,16.08859816726743,False
vector_thrust,cruise_100,0.6872054756906005,0.08491404417309342,7.272761897255623,8.09295426195652,16.10481212955088,False
vector_thrust,cruise_100,0.6865065439460528,0.08483692676737574,7.265205080243422,8.092072286263566,16.128241983895222,False
vector_thrust,cruise_100,0.6853718025121197,0.08471191266804498,7.252937452027144,8.09061890973754,16.15424716029925,False
vector_thrust,cruise_100,0.6845315399556655,0.08461949174951473,7.243854328582167,8.089525543145218,16.17767701464359,False
vector_thrust,cruise_100,0.6836879642089162,0.08452683518828807,7.234736166996938,8.088413137507922,16.193890976927037,False
vector_thrust,cruise_100,0.6834931510155028,0.08450545565523038,7.232630552936373,8.088154140059935,16.199677673068162,False
vector_thrust,cruise_101,0.6782239824301587,0.08392980308935313,7.175695060974685,8.080848011857118,16.199677673068162,False
vector_thrust,cruise_101,0.6832111380097678,0.08447451866976849,7.229582523990958,8.087777814758637,16.20546426207281,False
vector_thrust,cruise_101,0.6832435450467805,0.08447807300716662,7.229932778554389,8.087821143704572,16.221677924166524,False
vector_thrust,cruise_101,0.6827589151038254,0.08442493963971398,7.224695028002922,8.087170900180917,16.24510734472413,False
vector_thrust,cruise_101,0.6829714399485802,0.08444823498580557,7.226991908041744,8.087456653929795,16.271112039661205,False
vector_thrust,cruise_101,0.6807325224212066,0.084203232713123,7.2027970888944415,8.084398905923656,16.29454146021881,False
vector_thrust,cruise_101,0.681186223639702,0.08425280743554742,7.207699562026324,8.085027008278661,16.310755122312525,False
vector_thrust,cruise_101,0.6811522683342786,0.08424909594047364,7.207332649889338,8.084980150001229,16.31654171131717,False
vector_thrust,cruise_102,0.6914104750188014,0.08537988129389747,7.318237522720783,8.098049148590466,16.31654171131717,False
vector_thrust,cruise_102,0.7030919305748888,0.08669089428724672,7.4446719832129835,8.11033195995444,16.32232819261837,False
vector_thrust,cruise_102,0.7024722857467894,0.0866207244244328,7.437961381027943,8.109748451245295,16.338541552933727,False
vector_thrust,cruise_102,0.7014867094703274,0.0865092607350533,7.4272887287597875,8.108804808987196,16.361970537408972,False
vector_thrust,cruise_102,0.6995888912103629,0.08629512829393969,7.406740648980769,8.106933786892503,16.387974748331143,False
vector_thrust,cruise_102,0.698818026632267,0.08620833926912835,7.398395497258632,8.106153448225829,16.411403732806388,False
vector_thrust,cruise_102,0.6975864285625945,0.08606990335784315,7.385063970612752,8.104882210246222,16.427617093121746,False
vector_thrust,cruise_102,0.697144421750496,0.08602028786756029,7.380279850442329,8.104418609059328,16.433403574422943,False
vector_thrust,cruise_103,0.6836127134400416,0.08451857607047655,7.233922823551715,8.088313187742363,16.433403574422943,False
vector_thrust,cruise_103,0.691569457615582,0.08539755677370758,7.319957248919956,8.098234700650172,16.439189947447204,False
vector_thrust,cruise_103,0.6916924310231077,0.08541123195531564,7.321287480373608,8.098377873591364,16.45540300437732,False
vector_thrust,cruise_103,0.6903926834984866,0.0852668335687132,7.307228662826231,8.09684908660442,16.478831550448188,False
vector_thrust,cruise_103,0.6906220272584375,0.08529229068892227,7.309709240884813,8.097121342153555,16.504835274778213,False
vector_thrust,cruise_103,0.6899769312111523,0.08522070953323871,7.302732041930603,8.096352811308618,16.528263820849077,False
vector_thrust,cruise_103,0.6886279234561902,0.08507126557389219,7.2881429960893565,8.09471822019685,16.544476877779193,False
vector_thrust,cruise_103,0.6879951468737534,0.08500128016153838,7.281300431471002,8.093938650879982,16.550263250803454,False
vector_thrust,cruise_104,0.6905384445975643,0.08528301191854672,7.308805205551955,8.097022244677444,16.550263250803454,False
vector_thrust,cruise_104,0.7014913680461948,0.08650978717770352,7.427339173162193,8.108809314317591,16.55604951497065,False
vector_thrust,cruise_104,0.7011785052031971,0.0864744409258627,7.423951458742629,8.108505793108739,16.572262266890046,False
vector_thrust,cruise_104,0.6997820149662515,0.08631688847427581,7.408831454637316,8.10712743862171,16.595690372207663,False
vector_thrust,cruise_104,0.6986407954472325,0.08618840078152204,7.396476939653114,8.105972371133893,16.62169360733848,False
vector_thrust,cruise_104,0.6972819795889323,0.08603572497848144,7.38176870267515,8.104563305107627,16.645121712656092,False
vector_thrust,cruise_104,0.6967794183527528,0.08597934296216558,7.376329352523684,8.104032833320954,16.66133446457549,False
vector_thrust,cruise_104,0.6964965370004332,0.0859476269842369,7.373267779243666,8.10373202192276,16.667120728742685,False
vector_thrust,cruise_105,0.682903703644382,0.08444080936257878,7.226259836921429,8.087365680166267,16.667120728742685,False
vector_thrust,cruise_105,0.6916872576304648,0.0854106565959005,7.321231518264681,8.09837185660582,16.672906883465938,False
vector_thrust,cruise_105,0.6909934593445627,0.08533353989668137,7.313726767416436,8.097560000220213,16.689119328730225,False
vector_thrust,cruise_105,0.6908131718972744,0.08531351502662797,7.311776702453418,8.097347432955477,16.712546990918362,False
vector_thrust,cruise_105,0.6905001255837013,0.085278758431033,7.308390747268293,8.096976765229591,16.738549734212565,False
vector_thrust,cruise_105,0.6887407654278023,0.08508375359952218,7.289363265403342,8.094856377277532,16.761977396400702,False
vector_thrust,cruise_105,0.6900788748677009,0.08523201636916061,7.303834608599593,8.096474825596069,16.77818984166499,False
vector_thrust,cruise_105,0.6892508942796823,0.08514023756389211,7.294879957207137,8.095477696576136,16.783975996388243,False
vector_thrust,cruise_106,0.6882982854606963,0.08503479836355937,7.284578382273494,8.094313136581249,16.783975996388243,False
vector_thrust,cruise_106,0.6993736015805982,0.08627087862357763,7.404409919710727,8.10671703753184,16.7897620410738,False
vector_thrust,cruise_106,0.698979156393988,0.08622647133471531,7.4001397849545905,8.106317533054083,16.805974178019312,False
vector_thrust,cruise_106,0.6977499345521146,0.08608826603592679,7.386833755321874,8.10505271718362,16.82940139467392,False
vector_thrust,cruise_106,0.6964860371617434,0.08594645004887827,7.373154143132697,8.1037208257659,16.855403643463205,False
vector_thrust,cruise_106,0.6958376055951369,0.08587380584906881,7.366136632808441,8.103025115925758,16.87883086011781,False
vector_thrust,cruise_106,0.6937293151802987,0.08563814314649143,7.3433233679765015,8.100704775833531,16.895042997063324,False
vector_thrust,cruise_106,0.693720077499474,0.08563711235145383,7.343223420347643,8.100694412166234,16.90082904174888,False
vector_thrust,cruise_107,0.6911673632122997,0.08535286133665523,7.3156078190472265,8.09776441455366,16.90082904174888,False
vector_thrust,cruise_107,0.7040126774199094,0.08679529163209451,7.454644253303041,8.111185113635644,16.906614975795993,False
vector_thrust,cruise_107,0.7031916698259136,0.08670219554526781,7.4457521757287095,8.110425179011441,16.92282680273946,False
vector_thrust,cruise_107,0.7015509771837841,0.0865165236628856,7.427984640258457,8.108866924859347,16.946253571428134,False
vector_thrust,cruise_107,0.7008440035039215,0.08643666981803844,7.420329558962958,8.108179144098198,16.972255323012746,False
vector_thrust,cruise_107,0.69936006104958,0.08626935373646509,7.4042633314352955,8.106703374479649,16.99568209170142,False
vector_thrust,cruise_107,0.6976128531729525,0.08607287066495285,7.385349987892677,8.104909802398476,17.01189391864489,False
vector_thrust,cruise_107,0.6970812149436963,0.08601319578893554,7.379595741008057,8.104351995643052,17.017679852691998,False
vector_thrust,cruise_108,0.6878873612166443,0.08498936626564438,7.280134929296936,8.093805042228112,17.017679852691998,False
vector_thrust,cruise_108,0.6997811791322689,0.08631679428214278,7.408822405600672,8.107126602094393,17.023465675492776,False
vector_thrust,cruise_108,0.6983388644851406,0.08615444681322242,7.393208567331307,8.105662450588264,17.039677190730963,False
vector_thrust,cruise_108,0.6980229717131404,0.08611894059867313,7.38978916970094,8.105336257746478,17.06310350899244,False
vector_thrust,cruise_108,0.6960961002956197,0.08590275597103061,7.368934079280505,8.103303467124704,17.08910476064059,False
vector_thrust,cruise_108,0.6956020453551367,0.08584743489695526,7.363587449745741,8.102770294652188,17.112531078902073,False
vector_thrust,cruise_108,0.6938104134675016,0.08564719324074788,7.344200819731488,8.100795685355996,17.128742594140256,False
vector_thrust,cruise_108,0.6933034911211935,0.0855906433521538,7.338716238515663,8.100225257901945,17.134528416941034,False
vector_thrust,cruise_109,0.6877845262987764,0.08497800155853624,7.279022972126564,8.093677348072289,17.134528416941034,False
vector_thrust,cruise_109,0.6999821784495955,0.08633944905844546,7.410998518582948,8.107327369853369,17.140314127880348,False
vector_thrust,cruise_109,0.6977949177161179,0.08609331876525042,7.387320657228537,8.105099532970574,17.156525329689664,False
vector_thrust,cruise_109,0.6964198465076902,0.08593903114884144,7.372437787497229,8.10365019477042,17.179951195033308,False
vector_thrust,cruise_109,0.6950901876474274,0.0857901673805262,7.358048448096548,8.102212746180145,17.20595194398058,False
vector_thrust,cruise_109,0.6959458289691625,0.08588592484445115,7.367307824094418,8.103141815490686,17.229377809324223,False
vector_thrust,cruise_109,0.6933207324823857,0.08559256594824191,7.338902774502932,8.100244744405009,17.24558901113354,False
vector_thrust,cruise_109,0.6928056743150226,0.08553515482463281,7.333330452198714,8.09966002558173,17.251374722072853,False
vector_thrust,cruise_110,0.6908028866273581,0.08531237280050405,7.311665453728612,8.097335286204542,17.251374722072853,False
vector_thrust,cruise_110,0.7037043506080206,0.08676031519024592,7.451304771644375,8.11090126937592,17.257160320528165,False
vector_thrust,cruise_110,0.7027502369383374,0.0866521914852933,7.440971470598673,8.110011124849727,17.273371207164317,False
vector_thrust,cruise_110,0.7011903500553865,0.0864757787931105,7.4240797141285295,8.10851731943292,17.296796617069543,False
vector_thrust,cruise_110,0.6997692327252676,0.08631544802690429,7.408693069626166,8.107114644265664,17.322796860518306,False
vector_thrust,cruise_110,0.6992334167778005,0.08625509312695448,7.40289230471947,8.106575408232816,17.346222270423535,False
vector_thrust,cruise_110,0.6971423095139385,0.08602005085364206,7.380256988892909,8.10441638426934,17.362433157059684,False
vector_thrust,cruise_110,0.6966244223047829,0.08596196336707232,7.374651847446475,8.103868211223576,17.368218755514995,False
vector_thrust,cruise_111,0.6909332547726673,0.0853268522022618,7.31307556540204,8.097489089775099,17.368218755514995,False
vector_thrust,cruise_111,0.7038310966580742,0.0867746910883832,7.452677542523216,8.11101817626981,17.374004240856245,False
vector_thrust,cruise_111,0.7029967393276282,0.08668011005611856,7.443641056877419,8.110242809711398,17.390214810553836,False
vector_thrust,cruise_111,0.7013386655361875,0.08649253309213617,7.425685679174525,8.108661412298868,17.413639762469572,False
vector_thrust,cruise_111,0.7006260170948674,0.0864120663584423,7.417969325435299,8.107965086596005,17.439639497588356,False
vector_thrust,cruise_111,0.699166390696495,0.08624754693187978,7.402166700477751,8.106507553759322,17.46306444950409,False
vector_thrust,cruise_111,0.6974448729739345,0.08605400978446454,7.383531800764537,8.104734163123743,17.47927501920168,False
vector_thrust,cruise_111,0.6968986536761259,0.08599271571968156,7.377619841585053,8.104159147012767,17.485060504542925,False
vector_thrust,cruise_112,0.6909097343762527,0.08532423966922043,7.312821158414136,8.097461366836992,17.485060504542925,False
vector_thrust,cruise_112,0.7040285315159398,0.08679709058448744,7.454815971633736,8.11119965859507,17.49084587613238,False
vector_thrust,cruise_112,0.7030664423651155,0.08668800656110878,7.444395943518094,8.11030810668722,17.50705612710452,False
vector_thrust,cruise_112,0.7014883396442451,0.0865094449525041,7.427306380750094,8.108806385584606,17.530480618448628,False
vector_thrust,cruise_112,0.7000580327498676,0.08634800057266845,7.411819764715615,8.107402928927291,17.556479842371477,False
vector_thrust,cruise_112,0.6994816595915905,0.08628304893993745,7.40557975107475,8.106825943048294,17.57990433371559,False
vector_thrust,cruise_112,0.6974592236165952,0.08605562087859765,7.383687128272002,8.10474919006779,17.596114584687726,False
vector_thrust,cruise_112,0.69688254168199,0.08599090853803965,7.37744545984315,8.104142095134526,17.60189995627718,False
vector_thrust,cruise_113,0.6876820805528543,0.08496668177077504,7.277915234667148,8.093549921227922,17.60189995627718,False
vector_thrust,cruise_113,0.699467603670386,0.08628146573412906,7.405427581532731,8.106811789982238,17.60768521346928,False
vector_thrust,cruise_113,0.697920806872146,0.08610746121802278,7.38868330513616,8.105230336602553,17.623895143907177,False
vector_thrust,cruise_113,0.696636562622676,0.08596332449375746,7.374783239790641,8.103881122853327,17.64731917206588,False
vector_thrust,cruise_113,0.6954731480108696,0.08583300913644451,7.362192576267509,8.10263038670018,17.673317881891712,False
vector_thrust,cruise_113,0.6940801965999505,0.08567730809068479,7.347119820532917,8.10109715241408,17.69674191005042,False
vector_thrust,cruise_113,0.6929051183073741,0.08554623561464221,7.33440629597428,8.099773336943601,17.712951840488312,False
vector_thrust,cruise_113,0.6923808315267086,0.08548783597255946,7.32873437622503,8.099173685352783,17.718737097680414,False
vector_thrust,cruise_114,0.6869307100366048,0.08488371702013522,7.269791079913977,8.092608737594023,17.718737097680414,False
vector_thrust,cruise_114,0.699842234998821,0.08632367515042452,7.4094834202529425,8.107187672203496,17.724522239821653,False
vector_thrust,cruise_114,0.6967184892475401,0.08597251050203757,7.375669920343662,8.103968177491197,17.740731847894192,False
vector_thrust,cruise_114,0.6954654968302321,0.08583215293720307,7.362109778955951,8.10262207146373,17.76415541022146,False
vector_thrust,cruise_114,0.6944618278627787,0.08571993078622703,7.35124913500353,8.101521098922314,17.7901536030134,False
vector_thrust,cruise_114,0.6924190974376689,0.08549209666964672,7.32914834003221,8.099217640120257,17.81357716534067,False
vector_thrust,cruise_114,0.6920628501929943,0.08545244083221676,7.325294490692598,8.09880728336173,17.829786773413204,False
vector_thrust,cruise_114,0.6915524588451535,0.08539566665261678,7.319773370656295,8.098214885520333,17.835571915554446,False
vector_thrust,cruise_115,0.6833509820042347,0.08448985783351914,7.231093963091056,8.087964632994483,17.835571915554446,False
vector_thrust,cruise_115,0.6929211254632536,0.08554801941952636,7.334579471858629,8.09979155759501,17.84135694198319,False
vector_thrust,cruise_115,0.692456215442848,0.08549622980868729,7.329549887255274,8.099260247993852,17.857566225836514,False
vector_thrust,cruise_115,0.6913498224932373,0.08537313923724907,7.317581447376941,8.097978224415522,17.880989319653445,False
vector_thrust,cruise_115,0.6903603830019358,0.08526324898778885,7.306879305906557,8.096810656380303,17.906986992438146,False
vector_thrust,cruise_115,0.6897964621593378,0.08520069787754467,7.300780215858977,8.096136291638746,17.930410086255076,False
vector_thrust,cruise_115,0.6887174260751159,0.08508117048390583,7.289110873269831,8.094827823336015,17.9466193701084,False
vector_thrust,cruise_115,0.6883806189280016,0.08504390490456183,7.285468702313568,8.094414522716445,17.95240439653714,False
vector_thrust,cruise_116,0.6856580658517378,0.08474342817048414,7.256032096265943,8.090988064258537,17.95240439653714,False
vector_thrust,cruise_116,0.6962195591134213,0.08591658705049013,7.370270185065307,8.103435937280397,17.958189306583478,False
vector_thrust,cruise_116,0.695358956141476,0.08582023169710834,7.360956854861544,8.102506161899651,17.974398264340554,False
vector_thrust,cruise_116,0.6944711257886769,0.08572096956166145,7.3513497421555885,8.101531391209063,17.99782088693475,False
vector_thrust,cruise_116,0.6932233863729502,0.08558171152712507,7.337849581688043,8.100134643290389,18.02381803670168,False
vector_thrust,cruise_116,0.6920518137217496,0.08545121267119674,7.325175101433087,8.098794529513112,18.047240659295877,False
vector_thrust,cruise_116,0.6924026305641904,0.08549026314185643,7.32897019982582,8.099198728810402,18.063449617052946,False
vector_thrust,cruise_116,0.6922397804026802,0.08547213301572107,7.327208487498611,8.099011408494452,18.069234527099287,False
vector_thrust,cruise_117,0.6812238812261641,0.08425692385357769,7.208106481507308,8.08507894745837,18.069234527099287,False
vector_thrust,cruise_117,0.690544743590651,0.08528371114500585,7.308873335588873,8.097029717861766,18.07501932008488,False
vector_thrust,cruise_117,0.6893444266825502,0.08515059906265124,7.295891476838064,8.095591038359595,18.091227949845035,False
vector_thrust,cruise_117,0.6880237911778682,0.08500444666378004,7.281610168700399,8.093974117603798,18.11465009846995,False
vector_thrust,cruise_117,0.6865156051626217,0.08483792597922798,7.265303046253691,8.09208378491844,18.14064672217067,False
vector_thrust,cruise_117,0.685689915576955,0.08474693551168533,7.25637641265235,8.091029031750756,18.164068870795585,False
vector_thrust,cruise_117,0.6850639563015252,0.0846780376387092,7.249609586803809,8.090220031130707,18.18027750055574,False
vector_thrust,cruise_117,0.6846131928444803,0.08462846717676298,7.244736951250345,8.089632433192165,18.186062293541333,False
vector_thrust,cruise_118,0.6860671226125152,0.08478848813574699,7.260454352350403,8.091512629805555,18.186062293541333,False
vector_thrust,cruise_118,0.6971526962428427,0.08602121635562712,7.380369408506725,8.104427323611521,18.19184696877924,False
vector_thrust,cruise_118,0.6958292752320021,0.08587287309271541,7.366046482321616,8.103016123388905,18.208055268617716,False
vector_thrust,cruise_118,0.69628334321412,0.08592373386766297,7.3709604811002185,8.103504257467602,18.231476940491994,False
vector_thrust,cruise_118,0.6937993160698767,0.08564595476528988,7.344080749795451,8.100783253233763,18.25747303503942,False
vector_thrust,cruise_118,0.692574958326741,0.08550945367212706,7.330834472920462,8.099396365954037,18.280894706913696,False
vector_thrust,cruise_118,0.6929985689659516,0.08555665022540221,7.3354173103643046,8.099879636944888,18.297103006752174,False
vector_thrust,cruise_118,0.6925949206716027,0.08551167704137196,7.331050431335021,8.099419221266283,18.302887681990082,False
vector_thrust,cruise_119,0.6846828681397481,0.08463612696208583,7.245490108510596,8.089723534330242,18.302887681990082,False
vector_thrust,cruise_119,0.6932998787778598,0.08559024054412127,7.338677156258819,8.100221174404432,18.308672238784602,False
vector_thrust,cruise_119,0.6932957733841644,0.08558978275952767,7.338632739664863,8.100216533228531,18.32488020675207,False
vector_thrust,cruise_119,0.6922001416256524,0.08546772075750067,7.326779679846403,8.098965732216564,18.348301399058847,False
vector_thrust,cruise_119,0.6908905960017977,0.08532211394450648,7.312614149762274,8.097438800580505,18.374296961326504,False
vector_thrust,cruise_119,0.690473079553141,0.08527575642816988,7.308098218501168,8.096944647272,18.39771815363328,False
vector_thrust,cruise_119,0.6891760889972024,0.08513195179628774,7.294070971671562,8.095386919429874,18.41392612160075,False
vector_thrust,cruise_119,0.6887652508293414,0.08508646366213968,7.289628051573731,8.094886321334052,18.41971067839527,False
vector_thrust,cruise_120,0.6857554895837256,0.08475415720273019,7.25708531410987,8.091113311921829,18.41971067839527,False
vector_thrust,cruise_120,0.6968034020874914,0.08598203263313195,7.376588928239793,8.104058263667845,18.42549511604175,False
vector_thrust,cruise_120,0.6955388216679814,0.08584035873395568,7.362903266960684,8.102701711949495,18.441702750163827,False
vector_thrust,cruise_120,0.6961382189156926,0.08590747420316722,7.369389896822529,8.103348694309854,18.465123460050044,False
vector_thrust,cruise_120,0.6935168326055224,0.08561443702176559,7.341024424389693,8.100465957969343,18.49111848687127,False
vector_thrust,cruise_120,0.6923170063515179,0.08548072998664048,7.328043913795116,8.09910030552755,18.514539196757486,False
vector_thrust,cruise_120,0.6925701203169483,0.08550891483442843,7.330782133999396,8.099390825599613,18.530746830879565,False
vector_thrust,cruise_120,0.6921244445468491,0.08545929558493823,7.3259608025573275,8.098878417023046,18.536531268526048,False
vector_thrust,cruise_121,0.6883435002543331,0.08503979921957909,7.2850673154134,8.094368831668792,18.536531268526048,False
vector_thrust,cruise_121,0.7007504759264807,0.08642611258043373,7.419316888674337,8.108087417148573,18.54231558631072,False
vector_thrust,cruise_121,0.6986869143033934,0.08619358859446834,7.396976180677703,8.10601955083505,18.558522884587482,False
vector_thrust,cruise_121,0.6972793545541117,0.08603543035764477,7.381740290507817,8.104560547387955,18.581943109163152,False
vector_thrust,cruise_121,0.69593810980553,0.08588506037155635,7.367224287018475,8.10313349952552,18.607937597330313,False
vector_thrust,cruise_121,0.6966152125873883,0.08596093082622833,7.374552172542654,8.103858414418632,18.63135782190598,False
vector_thrust,cruise_121,0.6940542364086891,0.08567440967754729,7.346838932802188,8.101068207191629,18.64756512018274,False
vector_thrust,cruise_121,0.6935188676976057,0.08561466403261958,7.341046442718333,8.100468249614012,18.653349437967414,False
vector_thrust,cruise_122,0.7138649918756463,0.08792213647980004,7.561411878594884,8.119286228214616,18.653349437967414,False
vector_thrust,cruise_122,0.710018696120425,0.08748009516412683,7.519717012482423,8.116345721713207,18.658523991127087,False
vector_thrust,cruise_122,0.7098912135193923,0.08746549072582141,7.518335360179004,8.116243419301133,18.673022766891098,False
vector_thrust,cruise_122,0.7127257404234346,0.08779092188159732,7.54906030411704,8.118444654046124,18.69397410490357,False
vector_thrust,cruise_122,0.710159317637195,0.0874962082720177,7.521241085672684,8.11645820615877,18.717228335719838,False
vector_thrust,cruise_122,0.7066327926015693,0.0870932205460919,7.483027047329062,8.113522363403723,18.73817967373231,False
vector_thrust,cruise_122,0.7072340208991625,0.0871617631271896,7.489541051522861,8.114039867081866,18.752678449496322,False
vector_thrust,cruise_122,0.7073493936233731,0.08717492370823944,7.4907911039690145,8.11413837298853,18.75785300265599,False
vector_thrust,cruise_123,0.7070954412052075,0.08714595855966566,7.488039573956917,8.113921206352732,18.75785300265599,False
vector_thrust,cruise_123,0.7201726340800023,0.08865296756613847,7.629825684456905,8.123502843181491,18.76411462934448,False
vector_thrust,cruise_123,0.716408982162874,0.08821600878390601,7.588998849333264,8.12107679817832,18.78165931745047,False
vector_thrust,cruise_123,0.7168006876276479,0.08826136342541249,7.593247165077195,8.121341658554805,18.807012126323094,False
vector_thrust,cruise_123,0.7162382633575504,0.08819625053933719,7.5871473423334175,8.120960460083216,18.835151621233333,False
vector_thrust,cruise_123,0.718519185424837,0.08846067968173973,7.611887580594877,8.122469644252071,18.86050443010596,False
vector_thrust,cruise_123,0.714517178381599,0.08799736066144362,7.568483454962506,8.11975692237628,18.87804911821195,False
vector_thrust,cruise_123,0.7164969084511827,0.08822618708906907,7.589952454920579,8.12113650256517,18.88431074490044,False
vector_thrust,cruise_124,0.6866350497287682,0.08485109894005949,7.266594438409302,8.092235201500701,18.88431074490044,False
vector_thrust,cruise_124,0.6899539912211741,0.0852181654599166,7.302483937167706,8.096325325680736,18.89057217774792,False
vector_thrust,cruise_124,0.6920112002487947,0.08544669331217739,7.324735758142106,8.098747574941829,18.908116322723497,False
vector_thrust,cruise_124,0.6896506609498904,0.08518453475843385,7.299203359048209,8.095960879584545,18.933468346749926,False
vector_thrust,cruise_124,0.6904226502716243,0.08527015933204654,7.3075527796061825,8.096884721219785,18.96160697054661,False
vector_thrust,cruise_124,0.689507610223198,0.08516868030805089,7.297656271870972,8.09578835470132,18.986958994573047,False
vector_thrust,cruise_124,0.6890293756228659,0.08511570412159294,7.29248435036689,8.095208548572256,19.004503139548618,False
vector_thrust,cruise_124,0.6877594285400919,0.08497522819431155,7.278751591048567,8.09364615023337,19.010764572396102,False
vector_thrust,cruise_125,0.6938525717586566,0.08565189833309506,7.344656958854384,8.100842891541129,19.010764572396102,False
vector_thrust,cruise_125,0.6984370326027619,0.08616548458454365,7.394271216073925,8.10576341525093,19.017025809861178,False
vector_thrust,cruise_125,0.6979166537811322,0.08610699461142239,7.388638351013353,8.105226026417965,19.03456940738741,False
vector_thrust,cruise_125,0.6992317158169381,0.08625490161249422,7.40287389056496,8.106573687351501,19.05992064032662,False
vector_thrust,cruise_125,0.6993858939310499,0.0862722629740244,7.40454299550202,8.106729437961155,19.088058386082736,False
vector_thrust,cruise_125,0.6976551911183244,0.08607762519927148,7.385808251119888,8.104953981981243,19.11340961902195,False
vector_thrust,cruise_125,0.6984529087042012,0.08616726981821182,7.394443072474217,8.105779725616653,19.130953216548182,False
vector_thrust,cruise_125,0.6949962542852215,0.0857796631479521,7.357031992259237,8.10210985658101,19.13721445401326,False
vector_thrust,cruise_126,0.6961297538251703,0.08590652589675025,7.369298285476462,8.103339607305713,19.13721445401326,False
vector_thrust,cruise_126,0.7009192437595793,0.08644516397591871,7.42114423037451,8.108252810473429,19.14347549453016,False
vector_thrust,cruise_126,0.7022260751240825,0.08659286256667631,7.435295101189952,8.109514506272038,19.161018540219874,False
vector_thrust,cruise_126,0.702005050536298,0.08656786029333216,7.432901626187089,8.109303477729247,19.186368975732208,False
vector_thrust,cruise_126,0.7010756162354652,0.08646282077465203,7.422837389536305,8.108405554598756,19.214505836411266,False
vector_thrust,cruise_126,0.698928566452444,0.08622077789520335,7.399592127466932,8.106266070829857,19.2398562719236,False
vector_thrust,cruise_126,0.6976789133472764,0.08608028933930581,7.386065019897921,8.104978720473511,19.257399317613313,False
vector_thrust,cruise_126,0.6976323579735743,0.08607506100555432,7.385561106363355,8.104930160067582,19.263660358130213,False
vector_thrust,cruise_127,0.7168554700342568,0.08826770881171225,7.593841332334682,8.1213784710716,19.263660358130213,False
vector_thrust,cruise_127,0.7263487627056694,0.08937570700248593,7.696858461892855,8.12691487503944,19.269921200108236,False
vector_thrust,cruise_127,0.7257782587603921,0.08930864865789584,7.690664584135995,8.126629051801531,19.287463689504364,False
vector_thrust,cruise_127,0.7278121035995405,0.08954798844461814,7.712747514948148,8.127620912999774,19.312813321149182,False
vector_thrust,cruise_127,0.7232596751723052,0.08901333194084732,7.663325317870773,8.125296058493106,19.3409492896026,False
vector_thrust,cruise_127,0.7229352089217792,0.08897537233332514,7.659803778717401,8.125115860302037,19.36629892124742,False
vector_thrust,cruise_127,0.7275915498789819,0.0895219967856048,7.710352564231932,8.127516990282093,19.383841410643548,False
vector_thrust,cruise_127,0.72031501131539,0.08866954902401189,7.63137047164043,8.12358943113974,19.39010225262157,False
vector_thrust,cruise_128,0.6915760040002668,0.08539828469096336,7.320028062236052,8.098242330076305,19.39010225262157,False
vector_thrust,cruise_128,0.6962641171952798,0.08592157957169227,7.370752409260077,8.103483672740474,19.396362894444465,False
vector_thrust,cruise_128,0.6961154242649548,0.08590492064971739,7.369143207542351,8.103324221710283,19.413904823018395,False
vector_thrust,cruise_128,0.694617249792931,0.08573729678226458,7.352930873047039,8.101692913843046,19.43925364425165,False
vector_thrust,cruise_128,0.6920035794160169,0.08544584531969637,7.324653318665414,8.098738760519947,19.4673887132161,False
vector_thrust,cruise_128,0.6920816732161097,0.08545453554779313,7.325498112863921,8.098829029724715,19.492737534449354,False
vector_thrust,cruise_128,0.6933442387422423,0.08559518723480844,7.3391570915804465,8.100271301939328,19.51027946302328,False
vector_thrust,cruise_128,0.6908217062095865,0.08531446281554272,7.311869012357309,8.097357510217265,19.516540104846175,False
vector_thrust,cruise_129,0.6944822990726368,0.08572221787521112,7.351470641534489,8.10154375711113,19.516540104846175,False
vector_thrust,cruise_129,0.6961193186260168,0.08590535690583943,7.369185353228105,8.103328403478153,19.52280054487154,False
vector_thrust,cruise_129,0.6962189736064971,0.08591652144963688,7.370263848505632,8.103435309757174,19.540341908021357,False
vector_thrust,cruise_129,0.6962181958320989,0.08591643430701669,7.370255431161038,8.10343447615865,19.5656899121931,False
vector_thrust,cruise_129,0.6960298293889766,0.08589533279577073,7.368216884078485,8.103232233163283,19.59382407428769,False
vector_thrust,cruise_129,0.6942252517665518,0.08569350552632868,7.348689322682474,8.10125863684333,19.61917207845943,False
vector_thrust,cruise_129,0.6934817953362868,0.08561052879593792,7.340645345407706,8.100426490639682,19.636713441609245,False
vector_thrust,cruise_129,0.6936923265680947,0.085634015832056,7.342923168092238,8.100663268303947,19.642973881634614,False
vector_thrust,cruise_130,0.7018414920871675,0.08654936434654698,7.431130487618303,8.109146697796268,19.642973881634614,False
vector_thrust,cruise_130,0.7053718503554585,0.08694968353496565,7.469366720749557,8.112414234052991,19.649234118193256,False
vector_thrust,cruise_130,0.7063947099538004,0.0870660964780895,7.480447656860453,8.113315498548475,19.666774911241976,False
vector_thrust,cruise_130,0.7052927807395285,0.08694069252467726,7.46851018636256,8.112343716831312,19.692122091593767,False
vector_thrust,cruise_130,0.7058556037494237,0.08700471616376285,7.474607213108761,8.112843014404431,19.72025533931719,False
vector_thrust,cruise_130,0.7029967788211803,0.08668011453000457,7.443641484592576,8.110242846735463,19.74560251966898,False
vector_thrust,cruise_130,0.7025203688160112,0.0866261669312049,7.4384820933137545,8.109793999934515,19.763143312717705,False
vector_thrust,cruise_130,0.7028894795612581,0.08666796057171072,7.442479440173805,8.110142143931885,19.76940354927634,False
vector_thrust,cruise_131,0.7005561061559362,0.08640417756737334,7.417212380722328,8.107896236957759,19.76940354927634,False
vector_thrust,cruise_131,0.704800988832519,0.08688479661764173,7.463182931393366,8.11190238419009,19.77566358067161,False
vector_thrust,cruise_131,0.7047831422877424,0.08688276905649912,7.462989616822798,8.111886280114161,19.793203798865324,False
vector_thrust,cruise_131,0.7035618367173757,0.08674415437883765,7.449761243068913,8.110769443260821,19.818550148527567,False
vector_thrust,cruise_131,0.7037425534024938,0.08676464794973592,7.451718539486603,8.110936539616718,19.846682474255154,False
vector_thrust,cruise_131,0.7019811696110181,0.08656515942206357,7.43264302299349,8.109280619335387,19.872028823917397,False
vector_thrust,cruise_131,0.7015187792164695,0.08651288485920393,7.42763598971385,8.108835815129293,19.889569042111116,False
vector_thrust,cruise_131,0.7006802771117878,0.08641818970723644,7.418556817178549,8.108018456363412,19.89582907350638,False
vector_thrust,cruise_132,0.7292758529528248,0.08972071702623557,7.7286435648546234,8.128288283068162,19.89582907350638,False
vector_thrust,cruise_132,0.7398659670310974,0.09098231860166744,7.843727282002335,8.131975293686764,19.902088898013485,False
vector_thrust,cruise_132,0.7380099918019231,0.0907596985792197,7.823548386149186,8.1314724856402,19.919628536519465,False
vector_thrust,cruise_132,0.7375496305389252,0.0907045792887829,7.818543807962263,8.131338421081628,19.944974048508655,False
vector_thrust,cruise_132,0.7342356011777157,0.09030896044202133,7.7825246718916405,8.130263016914004,19.973105444489292,False
vector_thrust,cruise_132,0.7318859417903134,0.09002970999874593,7.756995032873188,8.129382420542154,19.99845095647848,False
vector_thrust,cruise_132,0.7325169292092272,0.09010459975560473,7.763850214528818,8.129628578297556,20.01599059498446,False
vector_thrust,cruise_132,0.7302369445433236,0.08983434711377211,7.739082240576235,8.128705422865751,20.022250419491566,False
vector_thrust,cruise_133,0.7146419999146493,0.08801176672296968,7.569836935598256,8.119846090172157,20.022250419491566,False
vector_thrust,cruise_133,0.7194438437239346,0.08856815043102256,7.6219187125474335,8.12305371877718,20.02851003535689,False
vector_thrust,cruise_133,0.7187866035164553,0.08849174474827523,7.614788555717216,8.122640202892654,20.046049089261597,False
vector_thrust,cruise_133,0.7190353142307274,0.08852064852867259,7.617486666920088,8.12279763176188,20.071393756477466,False
vector_thrust,cruise_133,0.7222870976539164,0.08889960771740643,7.6527699866465655,8.12475011082072,20.09952421483046,False
vector_thrust,cruise_133,0.7158398150938574,0.08815015685430136,7.582826159686139,8.120686798969972,20.12486888204633,False
vector_thrust,cruise_133,0.7145078222518696,0.08799628095584539,7.568382004123923,8.119750226835087,20.14240793595103,False
vector_thrust,cruise_133,0.7131546927601651,0.08784029884388775,7.553710757018379,8.118764418454491,20.14866755181636,False
vector_thrust,cruise_134,0.7095864412421541,0.08743058806963733,7.515032324051877,8.115997580583327,20.14866755181636,False
vector_thrust,cruise_134,0.7163970097111806,0.08821462296920779,7.588869002667385,8.121068657304654,20.154926957256727,False
vector_thrust,cruise_134,0.7139084727403221,0.08792714918497982,7.561883320757408,8.119317859816109,20.172465421563782,False
vector_thrust,cruise_134,0.7138192334833453,0.08791686158610848,7.560915744666194,8.11925290104002,20.19780923678637,False
vector_thrust,cruise_134,0.7131656993625366,0.08784156626733772,7.553830087039146,8.11877257734775,20.225938749498155,False
vector_thrust,cruise_134,0.7106666749244284,0.08755437405795938,7.526740075681955,8.116860894396666,20.251282564720743,False
vector_thrust,cruise_134,0.7101407638009779,0.08749408207323736,7.521039995621072,8.116443386497284,20.268821029027798,False
vector_thrust,cruise_134,0.7095705399937079,0.08742876752113213,7.51485999373723,8.115984705173842,20.275080434468165,False
vector_thrust,cruise_135,0.690639020242867,0.08529417728833873,7.309893039023275,8.0971414720157,20.275080434468165,False
vector_thrust,cruise_135,0.7200647561197575,0.0886404064458109,7.628655228893715,8.123436985365803,20.281339627670064,False
vector_thrust,cruise_135,0.7198752701272784,0.08861834825156015,7.626599374707445,8.123320783228486,20.298877497298164,False
vector_thrust,cruise_135,0.7199710639443804,0.08862949884369456,7.627638697543104,8.12337961217753,20.324220453184758,False
vector_thrust,cruise_135,0.7191720051410135,0.08853653886765822,7.6189695743748205,8.122883662936163,20.352349012105556,False
vector_thrust,cruise_135,0.7209281167022548,0.08874099509998448,7.638022912901459,8.123957995850565,20.37769196799215,False
vector_thrust,cruise_135,0.7192882674804936,0.08855005710627672,7.620230877350603,8.122956562492245,20.39522983762025,False
vector_thrust,cruise_135,0.7198918736090212,0.08862028080823539,7.626779514763774,8.123330991997063,20.401489030822148,False
vector_thrust,cruise_136,0.6750424463325291,0.08358465196665728,7.141331813840576,8.07615310286642,20.401489030822148,False
vector_thrust,cruise_136,0.6864386091431518,0.08482943583526409,7.26447060099169,8.091986023297297,20.407748009940995,False
vector_thrust,cruise_136,0.6860256059666578,0.0847839134528261,7.260005513260953,8.0914595473157,20.42528527972171,False
vector_thrust,cruise_136,0.6860866011094201,0.08479063456210874,7.260664936266868,8.091537522423717,20.45062736880372,False
vector_thrust,cruise_136,0.6842446862680504,0.08458796987732656,7.240753656333006,8.089148932884594,20.478754965644,False
vector_thrust,cruise_136,0.6848846558857465,0.08465831555658909,7.247671369371469,8.089986806174304,20.50409705472601,False
vector_thrust,cruise_136,0.6844388762939723,0.08460930746340556,7.242852694371098,8.089404071650149,20.52163432450672,False
vector_thrust,cruise_136,0.6839976157324624,0.08456083166674916,7.238083082103019,8.088823185042331,20.527893303625568,False
vector_thrust,cruise_137,0.6881131027950128,0.08501432062863779,7.28257592088018,8.094084593122258,20.527893303625568,False
vector_thrust,cruise_137,0.7171714048474102,0.08830431402946864,7.597268014112935,8.12158967236955,20.534152066784877,False
vector_thrust,cruise_137,0.7158907193483385,0.08815604397503904,7.583378207432231,8.120721927483945,20.551688731460402,False
vector_thrust,cruise_137,0.7150474337103767,0.08805857902169276,7.574233311800856,8.120133684353783,20.577029946140087,False
vector_thrust,cruise_137,0.7114444757470739,0.08764363684327875,7.535170844273947,8.117468664830213,20.605156572467006,False
vector_thrust,cruise_137,0.713021412048659,0.08782495318479158,7.552265781839975,8.11866543837943,20.630497787146687,False
vector_thrust,cruise_137,0.7112562557583352,0.0876220259185026,7.533130618788618,8.117322651497192,20.648034451822213,False
vector_thrust,cruise_137,0.7117615705450039,0.0876800596055834,7.538608111155495,8.117713123676749,20.65429321498152,False
vector_thrust,cruise_138,0.680371229217624,0.08416378180200748,7.198893291299825,8.083895645494815,20.65429321498152,False
vector_thrust,cruise_138,0.6997016060059318,0.08630782758150304,7.407960922182468,8.107046899601114,20.660551760272075,False
vector_thrust,cruise_138,0.6987498257260069,0.08620066599510687,7.39765720670336,8.106083841227758,20.67808781449292,False
vector_thrust,cruise_138,0.6979358902348701,0.08610915588513378,7.388846571487864,8.10524598761471,20.703428147040025,False
vector_thrust,cruise_138,0.696429739054657,0.0859401398922373,7.372544850362776,8.103660756521101,20.73155379427365,False
vector_thrust,cruise_138,0.6968896498336844,0.08599170580912507,7.3775223920518425,8.10414961857558,20.75689412682076,False
vector_thrust,cruise_138,0.6966964431070342,0.08597003846186752,7.375431317267166,8.103944764617706,20.774430181041605,False
vector_thrust,cruise_138,0.696720049726072,0.08597268548231551,7.375686809260529,8.103969834342172,20.780688726332155,False
vector_thrust,cruise_139,0.6840459503137903,0.08456613986319769,7.238605523153994,8.088887011046841,20.780688726332155,False
vector_thrust,cruise_139,0.7081703729501496,0.0872686436116488,7.499686777689383,8.114831898861112,20.786947051811154,False
vector_thrust,cruise_139,0.7071379141632941,0.08715080208840743,7.488499755875186,8.113957613906523,20.804482490133704,False
vector_thrust,cruise_139,0.7061116412819299,0.08703386083771764,7.477380971674771,8.113068114932162,20.829821932681995,False
vector_thrust,cruise_139,0.7045884866309203,0.08686065785861712,7.460881121647317,8.111710226484552,20.857946592091462,False
vector_thrust,cruise_139,0.7063206703670816,0.08705766348549898,7.479645524256058,8.1132509429768,20.88328603463975,False
vector_thrust,cruise_139,0.7039515674542582,0.08678835796162801,7.45398236385853,8.111129003794476,20.900821472962303,False
vector_thrust,cruise_139,0.7036036999107882,0.08674890120097387,7.450214649352339,8.110808208172317,20.9070797984413,False
vector_thrust,cruise_140,0.6839943506494824,0.08456047310434167,7.238047790415634,8.088818871737882,20.9070797984413,False
vector_thrust,cruise_140,0.7032649316460324,0.0867104978600593,7.44654562051457,8.1104935273353,20.91333790213146,False
vector_thrust,cruise_140,0.7038999100736139,0.08678249733660731,7.453422859825887,8.11108151616523,20.930872719015504,False
vector_thrust,cruise_140,0.6989609293057865,0.08622441998714536,7.399942468692697,8.106298997546055,20.956211263559126,False
vector_thrust,cruise_140,0.7025673475295826,0.08663148484569802,7.438990848592324,8.109838458626754,20.98433492625861,False
vector_thrust,cruise_140,0.697364733537798,0.0860450135152033,7.382664397255644,8.104650171442888,21.009673470802234,False
vector_thrust,cruise_140,0.6970097920827082,0.08600518271177068,7.378822711737859,8.10427662735859,21.02720828768628,False
vector_thrust,cruise_140,0.6967155600981941,0.0859721820505518,7.375638218434752,8.10396506731124,21.033466391376443,False
vector_thrust,cruise_141,0.6991585133835527,0.0862466601110898,7.4020814233845975,8.106499573235686,21.033466391376443,False
vector_thrust,cruise_141,0.6891999273447004,0.08513459212779481,7.294328772022989,8.095415859984955,21.039724271265083,False
vector_thrust,cruise_141,0.6886415574139855,0.08507277429746068,7.2882904325074644,8.094734926665494,21.05725846107121,False
vector_thrust,cruise_141,0.6882059514998039,0.08502458717764191,7.2835799299267245,8.09419927040557,21.082596099460986,False
vector_thrust,cruise_141,0.6880668648886397,0.08500920855432759,7.282075936014587,8.094027418793232,21.110718756405575,False
vector_thrust,cruise_141,0.6863317789834082,0.08481765774334565,7.263315613623362,8.091850178888656,21.13605639479535,False
vector_thrust,cruise_141,0.6861020746509505,0.08479233971284891,7.260832222519719,8.091557291312517,21.153590584601474,False
vector_thrust,cruise_141,0.6854253667824965,0.08471780857223926,7.253516500693496,8.090688113090547,21.159848464490118,False
vector_thrust,cruise_142,0.6832943905127192,0.08448365001712217,7.230482317572834,8.087889081191888,21.159848464490118,False
vector_thrust,cruise_142,0.7006192148084914,0.0864112987451813,7.417895674991413,8.107958391813446,21.166106118528205,False
vector_thrust,cruise_142,0.6998241305096601,0.08632163474125307,7.409287413544731,8.10716957118995,21.183639675515124,False
vector_thrust,cruise_142,0.7019371036823628,0.08656017595316512,7.432165840925195,8.109238410769382,21.208976399454652,False
vector_thrust,cruise_142,0.698003618508032,0.08611676589969436,7.389579683583658,8.105316208937072,21.23709804143605,False
vector_thrust,cruise_142,0.7001117359001697,0.08635405549054126,7.412401192565271,8.107456354228274,21.26243476537558,False
vector_thrust,cruise_142,0.6969674149798397,0.08600042877830565,7.378364055404914,8.10423186117481,21.2799683223625,False
vector_thrust,cruise_142,0.6964695669598462,0.08594460393127565,7.37297589210143,8.103703258866233,21.286225976400583,False
vector_thrust,cruise_143,0.6843544596738027,0.08460003093123387,7.241940213516843,8.089293256051786,21.286225976400583,False
vector_thrust,cruise_143,0.6815075551838167,0.08428794100827358,7.211171848552828,8.085469250185158,21.29248340250172,False
vector_thrust,cruise_143,0.6817468132934907,0.08431411301795264,7.213757328098675,8.08579713278048,21.3100163208235,False
vector_thrust,cruise_143,0.6811568597104225,0.08424959779005345,7.207382263024171,8.084986487506297,21.335352121865174,False
vector_thrust,cruise_143,0.680377613743918,0.08416447874659111,7.1989622753109455,8.083904562546527,21.363472739507216,False
vector_thrust,cruise_143,0.6794191316372359,0.0840599318933602,7.188606490059947,8.082556294468072,21.388808540548887,False
vector_thrust,cruise_143,0.6790210246594139,0.08401655701762295,7.184305491518561,8.08199060712504,21.40634145887067,False
vector_thrust,cruise_143,0.6788740999150227,0.08400055638923881,7.182718214965487,8.08178099165534,21.41259888497181,False
vector_thrust,cruise_144,0.6793655671260665,0.08405409422129254,7.188027789178574,8.082480376714,21.41259888497181,False
vector_thrust,cruise_144,0.693147558368633,0.08557325764449217,7.337029201729578,8.100048747101154,21.418856081011235,False
vector_thrust,cruise_144,0.6941074450673287,0.08568035046996852,7.347414648143976,8.101127519437698,21.43638835471442,False
vector_thrust,cruise_144,0.691694706427542,0.08541148501620602,7.321312094101634,8.098380519859823,21.461723224255234,False
vector_thrust,cruise_144,0.6921976732530685,0.08546744600830869,7.32675297733836,8.098962886825666,21.48984280800932,False
vector_thrust,cruise_144,0.690417297301539,0.08526956523835508,7.307494882494408,8.096878357144275,21.515177677550135,False
vector_thrust,cruise_144,0.6906022578506374,0.08529009591086194,7.30949541302398,8.097097915945564,21.532709951253324,False
vector_thrust,cruise_144,0.6893120704600963,0.08514701446755679,7.29554155472033,8.095551849592354,21.538967147292745,False
vector_thrust,cruise_145,0.6799561643881575,0.0841184885127331,7.194408662356522,8.083314101456208,21.538967147292745,False
vector_thrust,cruise_145,0.6809138676001529,0.08422304334932024,7.204756589257057,8.084650477138672,21.545224111106247,False
vector_thrust,cruise_145,0.6828968805563387,0.0844400614245174,7.226186095565429,8.087356511065465,21.562755734126874,False
vector_thrust,cruise_145,0.680527702486131,0.08418086478539547,7.200583978205679,8.08411393991994,21.588089663404133,False
vector_thrust,cruise_145,0.6796944830034962,0.08408994895895988,7.191581383332097,8.082945600730728,21.61620820354442,False
vector_thrust,cruise_145,0.6791039081836837,0.0840255850498983,7.185200919911419,8.082108655124511,21.64154213282168,False
vector_thrust,cruise_145,0.6811300554977749,0.08424666807244698,7.207092624473605,8.084949483248938,21.659073755842304,False
vector_thrust,cruise_145,0.6789021671294657,0.08400361270752305,7.183021432552295,8.081821069924839,21.66533071965581,False
vector_thrust,cruise_146,0.6862116760526938,0.08480441879378595,7.262017143514741,8.091697175843107,21.66533071965581,False
vector_thrust,cruise_146,0.6928783061894233,0.08554324783138553,7.334116225580646,8.099742805594161,21.671587449038647,False
vector_thrust,cruise_146,0.692853646211642,0.08554049998551601,7.3338494391025915,8.099714712083262,21.689118415199125,False
vector_thrust,cruise_146,0.6916685853123101,0.08540857999258669,7.321029534557759,8.098350134990486,21.714451395285984,False
vector_thrust,cruise_146,0.6927091884205389,0.08552440537046894,7.3322866213927895,8.099549893622845,21.7425688819044,False
vector_thrust,cruise_146,0.6900118113361124,0.08522457796577829,7.303109284934618,8.096394582478132,21.76790186199126,False
vector_thrust,cruise_146,0.6898544644587703,0.08520712892727252,7.301407523920764,8.096205952997042,21.785432828151738,False
vector_thrust,cruise_146,0.691783188945106,0.08542132640010236,7.322269240328814,8.09848334249557,21.791689557534575,False
vector_thrust,cruise_147,0.6790422404904358,0.08401886781956389,7.184534695078709,8.082020837851854,21.791689557534575,False
vector_thrust,cruise_147,0.684302222940194,0.08459429128999277,7.2413755771963775,8.089224609665177,21.797946050240295,False
vector_thrust,cruise_147,0.6841600479177563,0.08457867196068591,7.239838796723749,8.089037484955657,21.815476353246243,False
vector_thrust,cruise_147,0.6845306131267641,0.08461938987781233,7.2438443101150805,8.089524329059856,21.84080837504703,False
vector_thrust,cruise_147,0.6835353785424781,0.08451008927916355,7.23308696036824,8.088210347104766,21.86892479804816,False
vector_thrust,cruise_147,0.6821681414370797,0.08436022652865485,7.218310450733111,8.08637161738021,21.894256819848945,False
vector_thrust,cruise_147,0.6819060386547731,0.08433153613319169,7.21547798939693,8.08601467400977,21.911787122854893,False
vector_thrust,cruise_147,0.6816922838866649,0.08430814723363678,7.213168064994771,8.085722510275819,21.918043615560617,False
vector_thrust,cruise_148,0.6865564202528348,0.08484242698589922,7.26574432272567,8.09213555815583,21.918043615560617,False
vector_thrust,cruise_148,0.6981760169865497,0.08613614054446869,7.391445802142247,8.105494541238576,21.924299869299897,False
vector_thrust,cruise_148,0.6969672628974629,0.08600041171804405,7.378362409388868,8.104231700453937,21.941829502736766,False
vector_thrust,cruise_148,0.6968832919813658,0.0859909926933765,7.3774535804027,8.104142889317332,21.967160556982204,False
vector_thrust,cruise_148,0.6964010208049246,0.08593692123869731,7.372234045155486,8.103630090151936,21.995275906077904,False
vector_thrust,cruise_148,0.6950663077014441,0.08578749681877215,7.357790041522048,8.1021866061646,22.020606960323338,False
vector_thrust,cruise_148,0.6933450302005482,0.08559527549556284,7.339165654474603,8.100272195940189,22.038136593760207,False
vector_thrust,cruise_148,0.6940480556325984,0.08567371962206333,7.34677205728209,8.101061313717748,22.04439284749949,False
vector_thrust,cruise_149,0.6895736268884498,0.08517599653643224,7.298370236325931,8.095868025371434,22.04439284749949,False
vector_thrust,cruise_149,0.7075185803438392,0.08719422728507109,7.4926242535393035,8.114282359893986,22.0506488599389,False
vector_thrust,cruise_149,0.7040492804403211,0.08679944501906825,7.455040707090806,8.111218686774487,22.068177817268527,False
vector_thrust,cruise_149,0.7022614176847182,0.08659686134303443,7.435677830879607,8.109548161368851,22.093507894510697,False
vector_thrust,cruise_149,0.7006963012932856,0.0864199981705096,7.418730317104066,8.108034206513034,22.121622159214578,False
vector_thrust,cruise_149,0.6996141939425295,0.08629797888563603,7.407014580234429,8.106959200860006,22.146952236456748,False
vector_thrust,cruise_149,0.6986601903482644,0.0861905824256711,7.396686891017951,8.105992217314158,22.16448119378638,False
vector_thrust,cruise_149,0.699661282832017,0.08630328420558489,7.407524373688229,8.107006462990897,22.170737206225784,False
vector_thrust,cruise_150,0.695023698943552,0.08578273201962341,7.357328970741249,8.102139936328449,22.170737206225784,False
vector_thrust,cruise_150,0.7153017425407481,0.08808795759181953,7.576991041750679,8.120312493284281,22.17699297498646,False
vector_thrust,cruise_150,0.7108175702803083,0.08757168255014794,7.528375611763643,8.11697970828936,22.194521249543484,False
vector_thrust,cruise_150,0.709921325120129,0.08746894004823633,7.518661707042391,8.1162676114359,22.21985034015065,False
vector_thrust,cruise_150,0.7080870219924481,0.08725912292603602,7.498783597935299,8.1147620815837,22.2479635097723,False
vector_thrust,cruise_150,0.7068017995126953,0.08711248133787988,7.484858109781082,8.11366854275738,22.273292600379467,False
vector_thrust,cruise_150,0.7064429773786217,0.08707159460438821,7.480970581516086,8.113357525934395,22.290820874936486,False
vector_thrust,cruise_150,0.7082890894904259,0.0872822061047743,7.500973187917049,8.114931107953318,22.297076643697167,False
vector_thrust,cruise_151,0.7119570638688986,0.08770252398034356,7.54072729167074,8.117862879618684,22.297076643697167,False
vector_thrust,cruise_151,0.7389252486650101,0.09086940079946654,7.833498893944973,8.131727976238048,22.30333216635355,False
vector_thrust,cruise_151,0.7382680737950638,0.09079061625077225,7.826354103524919,8.131546015239039,22.32085975134165,False
vector_thrust,cruise_151,0.735241226113429,0.0904287916176307,7.793453080981589,8.130609875031004,22.346187845492857,False
vector_thrust,cruise_151,0.7336216578615125,0.09023589540048599,7.775853379526519,8.1300424249745,22.374299909131825,False
vector_thrust,cruise_151,0.7311480830580518,0.08994223036189058,7.7489793873270125,8.129085526523106,22.399628003283024,False
vector_thrust,cruise_151,0.7293184165199659,0.08972574568143105,7.729105835809575,8.128307109415308,22.417155588271125,False
vector_thrust,cruise_151,0.7280383574030728,0.08957466125845728,7.71520442222071,8.12772660454057,22.42341111092751,False
vector_thrust,cruise_152,0.7119159453402304,0.08769779841510689,7.540281556228573,8.117831441679558,22.42341111092751,False
vector_thrust,cruise_152,0.6899343004019267,0.08521598180001083,7.302270973893042,8.096301724494584,22.429666385005895,False
vector_thrust,cruise_152,0.6896642798857398,0.0851860443523025,7.29935064840672,8.095977282775413,22.44719327349393,False
vector_thrust,cruise_152,0.6893066223763179,0.08514641091847192,7.295482635563938,8.095545248951623,22.472520361173377,False
vector_thrust,cruise_152,0.6886693911302318,0.08507585446057686,7.2885914244989545,8.094769021089915,22.500631307712972,False
vector_thrust,cruise_152,0.6898483245383082,0.08520644812988895,7.301341119108227,8.096198582139012,22.52595839539242,False
vector_thrust,cruise_152,0.6880529667765831,0.08500767205157266,7.281925651866004,8.094010224855394,22.54348528388045,False
vector_thrust,cruise_152,0.6880122609178542,0.08500317202615704,7.281485489326405,8.093959843123738,22.549740557958838,False
vector_thrust,cruise_153,0.7177019102080482,0.08836582162012793,7.603022226720664,8.121940101381577,22.549740557958838,False
vector_thrust,cruise_153,0.697846982321794,0.08609916737860868,7.387884212153118,8.105153668363743,22.55599558093597,False
vector_thrust,cruise_153,0.6977321130353347,0.0860862643381648,7.386640854213664,8.105034158463392,22.573521765853922,False
vector_thrust,cruise_153,0.6977997818649636,0.08609386515243594,7.387373307359613,8.105104592870285,22.598847836845145,False
vector_thrust,cruise_153,0.6968934303929958,0.08599212985147603,7.377563309431592,8.1041536196005,22.626957654945947,False
vector_thrust,cruise_153,0.6998567124210517,0.08632530682566078,7.409640159096703,8.107202142176627,22.652283725937167,False
vector_thrust,cruise_153,0.6956218491066246,0.08584965153550334,7.363801759360584,8.102791760534386,22.669809910855122,False
vector_thrust,cruise_153,0.695657626072539,0.08585365624119339,7.364188926904927,8.10283052032391,22.676064933832254,False
vector_thrust,cruise_154,0.6968310307850009,0.0859851312009874,7.376887954151046,8.10408754458002,22.676064933832254,False
vector_thrust,cruise_154,0.7158020654319789,0.08814579138283637,7.582416773151684,8.120660716778803,22.68231970313381,False
vector_thrust,cruise_154,0.7134117685998389,0.0878699072724825,7.55649792679674,8.118954380907287,22.699845177268596,False
vector_thrust,cruise_154,0.7133174265594078,0.08785904011435874,7.555475078536291,8.11888481402645,22.725170221148385,False
vector_thrust,cruise_154,0.7113975942733302,0.08763825342483117,7.5346626649916955,8.117432359414922,22.753278899241497,False
vector_thrust,cruise_154,0.7098599438658174,0.08746190892372396,7.517996463548122,8.116218278346638,22.778603943121283,False
vector_thrust,cruise_154,0.7094943899323548,0.0874200496762092,7.514034718925886,8.115922978312367,22.796129417256072,False
vector_thrust,cruise_154,0.7114940962436551,0.08764933522621293,7.535708716404906,8.11750704563098,22.802384186557628,False
vector_thrust,cruise_155,0.712746734932995,0.08779333778205356,7.5492879094668455,8.11846038593936,22.802384186557628,False
vector_thrust,cruise_155,0.6967175971261522,0.08597241046648221,7.375660264996454,8.103967230252074,22.808638699556667,False
vector_thrust,cruise_155,0.6970602125110058,0.0860108393862218,7.379368425307458,8.104329843601885,22.82616345554776,False
vector_thrust,cruise_155,0.6956356066642527,0.08585119146429926,7.363950639334027,8.102806668134932,22.851487461679834,False
vector_thrust,cruise_155,0.6951325953925318,0.08579491021485222,7.358507346860123,8.102259139286275,22.87959498795989,False
vector_thrust,cruise_155,0.6945923155977298,0.08573451047494313,7.352661071564761,8.101665382468502,22.90491899409197,False
vector_thrust,cruise_155,0.6943741103901451,0.08571013166115987,7.35030000279757,8.101423914913964,22.92244375008306,False
vector_thrust,cruise_155,0.6942555614082409,0.08569689050595314,7.349017277068776,8.101292325886815,22.928698263082097,False
vector_thrust,cruise_156,0.7116056228359251,0.08766214451836568,7.536917643478753,8.117593138356774,22.928698263082097,False
vector_thrust,cruise_156,0.688480953677408,0.08505500415334696,7.286553690875173,8.094537887931146,22.93495251709743,False
vector_thrust,cruise_156,0.6900720972320336,0.08523126458529981,7.303761305053099,8.096466720160024,22.952476547432298,False
vector_thrust,cruise_156,0.6891849022913156,0.08513292794327668,7.2941662831681375,8.095397620419133,22.97779950496075,False
vector_thrust,cruise_156,0.6873769438516624,0.08493297685312302,7.27461588498348,8.093169100152496,23.005905867378587,False
vector_thrust,cruise_156,0.687720284367528,0.08497090289514475,7.278328328034404,8.093597466137133,23.03122882490704,False
vector_thrust,cruise_156,0.6863468756839778,0.08481932203833153,7.263478829865491,8.0918693900171,23.048752855241908,False
vector_thrust,cruise_156,0.6861680324398967,0.08479960860564355,7.261545302776808,8.091641503098058,23.05500710925724,False
vector_thrust,cruise_157,0.7137151452143004,0.08790486403461145,7.559787179949378,8.119176942623833,23.05500710925724,False
vector_thrust,cruise_157,0.6969257458946096,0.08599575459135843,7.377913064062531,8.104187807948401,23.061261101551732,False
vector_thrust,cruise_157,0.6958717871851247,0.08587763331730537,7.3665065439045305,8.103062000020186,23.07878439856111,False
vector_thrust,cruise_157,0.6956464493291015,0.08585240514388012,7.364067975401432,8.102818414501806,23.10410629640353,False
vector_thrust,cruise_157,0.6952450534325282,0.0858074889842723,7.359724277127655,8.102381990923426,23.1322114826586,False
vector_thrust,cruise_157,0.6944870365384164,0.08572274716629194,7.351521902841617,8.101548999487779,23.15753338050102,False
vector_thrust,cruise_157,0.6933572489846654,0.08559663810754657,7.339297851236532,8.100285996203583,23.175056677510398,False
vector_thrust,cruise_157,0.6932313336156921,0.08558259760686898,7.337935562940629,8.100143639015373,23.181310669804894,False
vector_thrust,cruise_158,0.7155470605718576,0.08811630884150531,7.579651346750213,8.120483823929927,23.181310669804894,False
vector_thrust,cruise_158,0.6882837727118744,0.08503319330025833,7.284421448189097,8.094295251049726,23.187564397583724,False
vector_thrust,cruise_158,0.6881693274616996,0.08502053736505144,7.283183898866893,8.094154057235807,23.205086953436663,False
vector_thrust,cruise_158,0.6875168091116421,0.08494842404915365,7.276128192473234,8.093343894335518,23.230407780277005,False
vector_thrust,cruise_158,0.6870816149734762,0.08490037139711058,7.271422681872072,8.092798696483202,23.258511777809453,False
vector_thrust,cruise_158,0.6865585594022032,0.0848426628953618,7.265767450405692,8.092138270682876,23.28383260464979,False
vector_thrust,cruise_158,0.6862763076385457,0.08481154281000419,7.262715893706759,8.09177954911102,23.301355160502734,False
vector_thrust,cruise_158,0.686169119150302,0.08479972837341715,7.261557051417649,8.09164288980672,23.30760888828156,False
vector_thrust,cruise_159,0.7135664501438768,0.08788772842818679,7.558174993118345,8.119068075891086,23.30760888828156,False
vector_thrust,cruise_159,0.6979389049164231,0.08610949459984843,7.3888792032378685,8.105249115207926,23.313862348690346,False
vector_thrust,cruise_159,0.698627632411635,0.08618692017074456,7.396334448974668,8.105958897563418,23.331384155389078,False
vector_thrust,cruise_159,0.6970801416472643,0.08601307536671088,7.379584124383148,8.104350863811236,23.35670389967022,False
vector_thrust,cruise_159,0.69648916625182,0.08594680078899383,7.373188008175947,8.103724162598626,23.3848066956526,False
vector_thrust,cruise_159,0.6961730197613236,0.08591137292449977,7.369766521200929,8.103386036830434,23.41012643993374,False
vector_thrust,cruise_159,0.69504627861458,0.08578525698970821,7.35757330585663,8.102164672630938,23.427648246632476,False
vector_thrust,cruise_159,0.6949360482717621,0.0857729313711291,7.356380506301741,8.102043816887381,23.433901707041258,False
vector_thrust,cruise_160,0.7138937643068265,0.08792545347952183,7.5617238440210865,8.11930716368833,23.433901707041258,False
vector_thrust,cruise_160,0.688608447897651,0.08506911048176187,7.2879323894713615,8.094694349076132,23.44015489716417,False
vector_thrust,cruise_160,0.6882743423276781,0.0850321503506412,7.284319472545421,8.094283626716352,23.457675946538714,False
vector_thrust,cruise_160,0.6878682415194255,0.08498725312434965,7.279928186533634,8.093781316981342,23.4829945964547,False
vector_thrust,cruise_160,0.6873835791529108,0.08493370959812241,7.274687629373254,8.093177401592106,23.511096177783394,False
vector_thrust,cruise_160,0.6869168896970071,0.08488219196761931,7.269641654025557,8.092591317140476,23.536414827699378,False
vector_thrust,cruise_160,0.6869003540887632,0.08488036733509555,7.269462870854476,8.092570468939877,23.553935877073922,False
vector_thrust,cruise_160,0.6864032911264099,0.08482554177259682,7.264088761149083,8.091941139221285,23.56018906719683,False
vector_thrust,cruise_161,0.7101660873216061,0.08749698406778997,7.521314456915516,8.116463611721649,23.56018906719683,False
vector_thrust,cruise_161,0.6863948278361194,0.08482460866824881,7.263997260704163,8.091930379786684,23.56644198405458,False
vector_thrust,cruise_161,0.6869809080829371,0.0848892565865613,7.270333824325932,8.092671978843693,23.583962267757155,False
vector_thrust,cruise_161,0.6868582749483317,0.08487572430870922,7.2690079120993385,8.092517389896987,23.609279811245084,False
vector_thrust,cruise_161,0.685279010197275,0.08470170010262563,7.251934341797711,8.090498884520409,23.637380164531287,False
vector_thrust,cruise_161,0.6837344388477565,0.08453193650615282,7.235238488446683,8.088474807364546,23.662697708019213,False
vector_thrust,cruise_161,0.6845276997978317,0.08461906966246562,7.24381281877476,8.089520512673124,23.68021799172179,False
vector_thrust,cruise_161,0.6844309972992547,0.08460844158696261,7.242767527970747,8.089393734971232,23.686470908579533,False
vector_thrust,cruise_162,0.7110842454632986,0.08760228185921642,7.53126613538956,8.117188620794895,23.686470908579533,False
vector_thrust,cruise_162,0.6989531058599255,0.08622353952468721,7.3998577765585996,8.106291039696924,23.692723549127283,False
vector_thrust,cruise_162,0.699276353941084,0.08625992768022017,7.4033571322269305,8.106618829236876,23.710243058626453,False
vector_thrust,cruise_162,0.6983175509742886,0.0861520506095731,7.392977854597895,8.105640504588205,23.73555948335804,False
vector_thrust,cruise_162,0.697727560637326,0.08608575302596197,7.3865915788567476,8.105029416736397,23.763658594918383,False
vector_thrust,cruise_162,0.6963589035408536,0.08593220113708223,7.371778229878862,8.103585085991176,23.78897501964997,False
vector_thrust,cruise_162,0.6958681053477398,0.08587722103496104,7.366466699220504,8.103058028210397,23.806494529149138,False
vector_thrust,cruise_162,0.6956992970380355,0.0858583209881281,7.364639879343656,8.102875633151877,23.812747169696888,False
vector_thrust,cruise_163,0.7067259331533398,0.08710383461508966,7.48403615093237,8.113602992065154,23.812747169696888,False
vector_thrust,cruise_163,0.6805778671893743,0.08418634245892667,7.201126011279,8.084183815461737,23.81899953082208,False
vector_thrust,cruise_163,0.679999386681146,0.0841232036235356,7.19487565526282,8.083374828712525,23.836518257396634,False
vector_thrust,cruise_163,0.6800865351697053,0.084132711660945,7.195817252508377,8.083497152813228,23.861833550769383,False
vector_thrust,cruise_163,0.6793575102098943,0.08405321619160436,7.187940744043681,8.08246895230348,23.889931406616146,False
vector_thrust,cruise_163,0.6789793065678668,0.08401201337218286,7.183854794820473,8.081931134776053,23.915246699988888,False
vector_thrust,cruise_163,0.6787594549074107,0.08398807384863116,7.181479683282068,8.081617113052452,23.932765426563446,False
vector_thrust,cruise_163,0.6786489721451183,0.08397604674008763,7.18028613056217,8.081458921799326,23.939017787688634,False
vector_thrust,cruise_164,0.7086122811307118,0.08731914151647163,7.5044753686228765,8.115199815575847,23.939017787688634,False
vector_thrust,cruise_164,0.6872526306943956,0.08491925026683483,7.273271754273948,8.093013404321137,23.945269866208704,False
vector_thrust,cruise_164,0.6911507054570005,0.08535101035262388,7.315427637025918,8.097744860916611,23.962787800941296,False
vector_thrust,cruise_164,0.6864517518053301,0.08483088496509994,7.264612692900416,8.092002719148121,23.98810195006926,False
vector_thrust,cruise_164,0.6858771477796669,0.08476755753412687,7.25840053786784,8.091269440004062,24.016198535900124,False
vector_thrust,cruise_164,0.6855430203261863,0.08473076071169168,7.254788388062755,8.090839909473287,24.041512685028085,False
vector_thrust,cruise_164,0.6863597970629206,0.08482074655371705,7.263618528066801,8.09188582923222,24.05903061976068,False
vector_thrust,cruise_164,0.6850650068542309,0.08467815321104286,7.249620943264752,8.090221395675075,24.065282698280747,False
vector_thrust,cruise_165,0.7107936038792471,0.08756893319740933,7.528115841152484,8.116960866439737,24.065282698280747,False
vector_thrust,cruise_165,0.6913070218477664,0.0853683819757104,7.317118477386661,8.097928130399167,24.071534490940742,False
vector_thrust,cruise_165,0.6908193619066145,0.08531420246467211,7.3118436556041475,8.097354742226852,24.08905162471121,False
vector_thrust,cruise_165,0.6906008199078003,0.08528993627479375,7.3094798601096045,8.097096211712117,24.11436461641536,False
vector_thrust,cruise_165,0.6895502650322981,0.08517340739236248,7.298117579346116,8.0958398418393,24.142459917602718,False
vector_thrust,cruise_165,0.6907756296812753,0.08530934588547892,7.311370634566336,8.09730308574382,24.16777290930687,False
vector_thrust,cruise_165,0.6911753796345353,0.08535375212711316,7.315694530429624,8.097773822587222,24.185290043077337,False
vector_thrust,cruise_165,0.6885784772308954,0.08506579417507644,7.287608290687316,8.094657598960536,24.191541835737333,False
vector_thrust,cruise_166,0.7117667716152487,0.08768065717561502,7.538664491058914,8.117717117352983,24.191541835737333,False
vector_thrust,cruise_166,0.6967420760720462,0.08597515539786538,7.375925198686167,8.103993215804588,24.19779333920743,False
vector_thrust,cruise_166,0.6964628861196234,0.08594385510110525,7.372903587873578,8.10369613162334,24.215309662685808,False
vector_thrust,cruise_166,0.6959884728473044,0.08589070074920736,7.367769318932998,8.103187734834346,24.240621483483963,False
vector_thrust,cruise_166,0.6951517763668574,0.08579705550115711,7.3587149069036615,8.1022801109705,24.268715485063716,False
vector_thrust,cruise_166,0.6950439104030449,0.08578499216025662,7.3575476793609065,8.102162078707424,24.29402730586187,False
vector_thrust,cruise_166,0.6947828805369232,0.08575580830606776,7.354723104944178,8.101875479468402,24.31154362934025,False
vector_thrust,cruise_166,0.694692704187303,0.08574572923251277,7.353747334649416,8.101776151480811,24.317795132810346,False
vector_thrust,cruise_167,0.7004402248049733,0.08639110341939141,7.415957714056772,8.107781902085904,24.317795132810346,False
vector_thrust,cruise_167,0.6781608005750539,0.08392293098021622,7.175012538066298,8.080756864115266,24.32404634368324,False
vector_thrust,cruise_167,0.6778824833489193,0.08389266779708204,7.1720060634718035,8.080354352165417,24.34156184732247,False
vector_thrust,cruise_167,0.6775440387687132,0.08385588543636777,7.1683501859248375,8.079862674431515,24.366872483418735,False
vector_thrust,cruise_167,0.6772361698357086,0.08382244401874298,7.165024693695764,8.079413309450585,24.39496517007859,False
vector_thrust,cruise_167,0.6771763822419185,0.08381595173963682,7.164378900920149,8.07932581074158,24.420275806174853,False
vector_thrust,cruise_167,0.6764828922615711,0.08374069345198881,7.156888483967913,8.078305354008325,24.437791309814084,False
vector_thrust,cruise_167,0.6771016355707428,0.0838078359758716,7.1635715338161905,8.079216312967219,24.444042520686974,False
vector_thrust,cruise_168,0.7131382704999025,0.08783840784250896,7.553532712448914,8.118752240802603,24.444042520686974,False
vector_thrust,cruise_168,0.6904043975257812,0.08526813359188606,7.307355360126648,8.096863018372419,24.450293435475146,False
vector_thrust,cruise_168,0.6909925560246781,0.08533343954847372,7.313716996638273,8.09755893681233,24.467808109503434,False
vector_thrust,cruise_168,0.6894076085523908,0.0851575992364192,7.2965747717329705,8.095667500423767,24.493117546777153,False
vector_thrust,cruise_168,0.688500296073374,0.08505714406173472,7.286762854765057,8.094561646387499,24.52120890284436,False
vector_thrust,cruise_168,0.688003977851244,0.08500225637148805,7.2813959226977465,8.093949586990238,24.54651834011808,False
vector_thrust,cruise_168,0.6876902789184159,0.08496758758259775,7.278003882496945,8.093560126676612,24.564033014146368,False
vector_thrust,cruise_168,0.6876023667185888,0.08495787507456168,7.2770533035023375,8.093450620264779,24.57028392893454,False
vector_thrust,cruise_169,0.7101563172265193,0.08749586443211352,7.5212085666167825,8.11645581006308,24.57028392893454,False
vector_thrust,cruise_169,0.6970289493280516,0.0860073319109188,7.379030055311432,8.104296852854267,24.576534544067414,False
vector_thrust,cruise_169,0.696532234977677,0.08595162854981336,7.37365412699008,8.103770070790468,24.594048378480224,False
vector_thrust,cruise_169,0.696779614914919,0.08597936500532585,7.3763314799113795,8.10403304178576,24.61935660247441,False
vector_thrust,cruise_169,0.6962821172569523,0.08592359649583628,7.370947213277908,8.10350294509254,24.64744661190294,False
vector_thrust,cruise_169,0.694723878078751,0.0857492133923273,7.3540846566267115,8.101810507580863,24.672754835897134,False
vector_thrust,cruise_169,0.693747396275835,0.08564016078705708,7.34351899772436,8.100725055862833,24.690268670309937,False
vector_thrust,cruise_169,0.6933145033423419,0.0855918713262833,7.338835380784194,8.100237704809253,24.696519285442815,False
vector_thrust,cruise_170,0.7099398496520319,0.08747106214005182,7.518862474798911,8.116282485690316,24.696519285442815,False
vector_thrust,cruise_170,0.6976990569884295,0.08608255166451395,7.386283054633187,8.104999718265136,24.702769597263757,False
vector_thrust,cruise_170,0.6977577235005673,0.08608914090229164,7.386918063453773,8.105060826341612,24.720282581815404,False
vector_thrust,cruise_170,0.6972444740560271,0.0860315156637615,7.3813627608037535,8.104523890769054,24.74558957772464,False
vector_thrust,cruise_170,0.6966290623087051,0.0859624835836453,7.374702065304081,8.103873146369185,24.773678224081706,False
vector_thrust,cruise_170,0.6951650137502368,0.08579853606871826,7.3588581507466335,8.102294579868602,24.798985219990943,False
vector_thrust,cruise_170,0.6945942059421558,0.08573472171021232,7.3526815260898495,8.101667470151932,24.81649820454259,False
vector_thrust,cruise_170,0.6944461348611729,0.08571817758103512,7.351079330879519,8.101503723695789,24.822748516363532,False
vector_thrust,cruise_171,0.7106941744723156,0.08755752808830974,7.5270381379172395,8.116882579822443,24.822748516363532,False
vector_thrust,cruise_171,0.6889788065524884,0.08511010479061026,7.291937480277587,8.095146965774854,24.828998521126707,False
vector_thrust,cruise_171,0.6884456185257991,0.08505109509309837,7.286171586343701,8.094494465617577,24.84651064532159,False
vector_thrust,cruise_171,0.6878916739092906,0.08498984292091492,7.280181562831409,8.093810392724107,24.871816397979288,False
vector_thrust,cruise_171,0.6871588966324266,0.08490890206243201,7.272258269972152,8.092895797041054,24.89990366443125,False
vector_thrust,cruise_171,0.6870629494181992,0.08489831117946074,7.271220866331826,8.092775225715194,24.925209417088944,False
vector_thrust,cruise_171,0.6864401705977613,0.08482960800197273,7.264487482650239,8.091988007085899,24.942721541283834,False
vector_thrust,cruise_171,0.6862273761719031,0.08480614926962532,7.262186881482793,8.091717193645607,24.948971546047,False
vector_thrust,cruise_172,0.7091664265375025,0.08738251582741324,7.510480498342731,8.115655858869493,24.948971546047,False
vector_thrust,cruise_172,0.6941592026841659,0.08568612974775419,7.347974666309384,8.101185159461116,24.955221239914067,False
vector_thrust,cruise_172,0.694756350354065,0.08575284285496541,7.354436029124988,8.101846273821067,24.972732492997427,False
vector_thrust,cruise_172,0.693816587368784,0.08564788226112605,7.344267619229631,8.100802600739776,24.9980369868625,False
vector_thrust,cruise_172,0.6921609338357027,0.08546335675474961,7.326355536280404,8.09892052124709,25.026122856160054,False
vector_thrust,cruise_172,0.6915472637816662,0.08539508901550724,7.319717174934981,8.098208828567241,25.051427350025126,False
vector_thrust,cruise_172,0.6914552729614057,0.08538486140559096,7.318722102453101,8.098101485190554,25.06893860310849,False
vector_thrust,cruise_172,0.691725210759496,0.08541487767048143,7.321642069108478,8.098415985890355,25.075188296975554,False
vector_thrust,cruise_173,0.7010477837722812,0.08645967774432134,7.422536025076297,8.108378403230006,25.075188296975554,False
vector_thrust,cruise_173,0.670998492261767,0.0831485742576906,7.09766938814309,8.069873695996716,25.081437676012232,False
vector_thrust,cruise_173,0.671013798567344,0.08315021925585085,7.097834616899812,8.069898126217247,25.098948046960455,False
vector_thrust,cruise_173,0.6712883925981314,0.08317973756424696,7.100798851336178,8.070335543913407,25.124251266103318,False
vector_thrust,cruise_173,0.6704725054024124,0.08309207103558644,7.091991607902909,8.069031100636117,25.152335720565954,False
vector_thrust,cruise_173,0.670346692752633,0.08307856320314785,7.090633563196626,8.068828671404292,25.177638939708817,False
vector_thrust,cruise_173,0.6703388178413506,0.08307771781060438,7.0905485605256775,8.068815989499724,25.19514931065704,False
vector_thrust,cruise_173,0.6699144578146129,0.08303217812587041,7.085968068379656,8.068130608341672,25.20139868969372,False
vector_thrust,cruise_174,0.7095150406970447,0.08742241372064474,7.514258520526928,8.115939728732213,25.20139868969372,False
vector_thrust,cruise_174,0.6972038824866866,0.08602696028715928,7.380923418937202,8.104481201700137,25.207647749866148,False
vector_thrust,cruise_174,0.695806359872162,0.08587030730985115,7.365798494632338,8.102991379330236,25.225157227376588,False
vector_thrust,cruise_174,0.6951879973183114,0.08580110679813965,7.3591068600787946,8.102319693309417,25.250459155464448,False
vector_thrust,cruise_174,0.6945756301705669,0.0857326460013558,7.3524805266034585,8.101646952079173,25.27854217696414,False
vector_thrust,cruise_174,0.6944285633076281,0.08571621455936299,7.350889200450089,8.101484262661877,25.303844105052,False
vector_thrust,cruise_174,0.694256415273752,0.08569698586804753,7.349026516022927,8.101293274686904,25.32135358256244,False
vector_thrust,cruise_174,0.6939936462601216,0.08566764536419237,7.346183353912269,8.101000597247642,25.327602642734867,False
vector_thrust,cruise_175,0.7104767387825116,0.08753259334629013,7.524681418737089,8.116710720220237,25.327602642734867,False
vector_thrust,cruise_175,0.6966445584897327,0.08596422097494061,7.374869777624502,8.103889625112886,25.333851379905774,False
vector_thrust,cruise_175,0.696918954954283,0.08599499285464694,7.377839564786536,8.10418062517024,25.351359952386062,False
vector_thrust,cruise_175,0.6961417951832991,0.08590787484044272,7.369428600117285,8.103352532887676,25.37666057266746,False
vector_thrust,cruise_175,0.6950356196419348,0.08578406503926697,7.35745796480883,8.102152996874045,25.404742142611493,False
vector_thrust,cruise_175,0.6943864859736697,0.08571151408164393,7.350433910203525,8.101437635464432,25.430042762892892,False
vector_thrust,cruise_175,0.6941272940828109,0.08568256676182771,7.347629414426105,8.101149630732705,25.44755133537318,False
vector_thrust,cruise_175,0.6941509137616584,0.0856852041702395,7.34788497984645,8.101175932107465,25.453800072544087,False
vector_thrust,cruise_176,0.7089480413462558,0.08735753366502011,7.508113872603456,8.115476841010386,25.453800072544087,False
vector_thrust,cruise_176,0.6945404550033676,0.08572871560190731,7.352099914100371,8.101608079940897,25.460048482468785,False
vector_thrust,cruise_176,0.6949054059481096,0.08576950543440762,7.356048928960582,8.102010177492975,25.477556138025577,False
vector_thrust,cruise_176,0.6939582516071107,0.08566369419788139,7.345800389469639,8.100961067638307,25.502855433314135,False
vector_thrust,cruise_176,0.6930015990393552,0.08555698793864198,7.3354500919741,8.099883080694099,25.53093553262706,False
vector_thrust,cruise_176,0.6921414005912834,0.08546118272160683,7.326144229421519,8.09889798560314,25.556234827915613,False
vector_thrust,cruise_176,0.6917290345946365,0.0854153029646747,7.321683432815516,8.098420430361474,25.573742483472405,False
vector_thrust,cruise_176,0.6916398555820672,0.08540538499895486,7.320718757757266,8.098316699708468,25.579990893397103,False
vector_thrust,cruise_177,0.7099301597723888,0.0874699521006494,7.5187574564199595,8.116274706032657,25.579990893397103,False
vector_thrust,cruise_177,0.6978800507029219,0.08610288233179253,7.3882421507416876,8.105188023946528,25.58623897171926,False
vector_thrust,cruise_177,0.6981686756848393,0.08613531539675717,7.391366335913517,8.105486959314298,25.60374569814639,False
vector_thrust,cruise_177,0.6972621281606793,0.08603349698427215,7.381553840155021,8.104542446858186,25.629043650803688,False
vector_thrust,cruise_177,0.696668176760053,0.08596686907802496,7.375125394343508,8.103914731706064,25.657122259908338,False
vector_thrust,cruise_177,0.6953057367122876,0.08581427755010405,7.360380948547819,8.102448177184993,25.68242021256563,False
vector_thrust,cruise_177,0.6947061336011047,0.08574723015344507,7.35389264959266,8.101790954155893,25.69992693899276,False
vector_thrust,cruise_177,0.6945186724463364,0.08572628177781619,7.351864216878794,8.101583995517002,25.706175017314926,False
vector_thrust,cruise_178,0.7094328999873692,0.08741301093639775,7.513368327716926,8.115873053538415,25.706175017314926,False
vector_thrust,cruise_178,0.6940386016686272,0.0856726641435474,7.346669766204321,8.101050768139325,25.712422759562127,False
vector_thrust,cruise_178,0.6944958330524849,0.08572372996344553,7.35161708476911,8.101558732321063,25.729928544328143,False
vector_thrust,cruise_178,0.6940627761952837,0.08567536311726709,7.34693133270395,8.101077730424018,25.755225136245706,False
vector_thrust,cruise_178,0.6926595132495338,0.08551887174146511,7.331749215544795,8.099493119408022,25.783302235043198,False
vector_thrust,cruise_178,0.6918118777822938,0.08542451759484593,7.322579579345131,8.098516646748195,25.808598826960758,False
vector_thrust,cruise_178,0.692033980984835,0.08544922825476534,7.324982192481417,8.098773916618043,25.826104611726773,False
vector_thrust,cruise_178,0.6911295863928774,0.08534866370747096,7.315199198786654,8.097720062281182,25.832352353973977,False
vector_thrust,cruise_179,0.7057113841690547,0.08698830499564521,7.47304485683811,8.112715659931341,25.832352353973977,False
vector_thrust,cruise_179,0.6859313302109716,0.0847735264513661,7.2589862991161285,8.091338875757222,25.83859975555301,False
vector_thrust,cruise_179,0.6865850435167922,0.08484558368272149,7.266053787128012,8.092171845788277,25.85610458578804,False
vector_thrust,cruise_179,0.6854697763181161,0.08472269719493014,7.253996585830771,8.090745443821104,25.881399798368353,False
vector_thrust,cruise_179,0.6849464095252079,0.08466510746678091,7.248338915329995,8.090067207367008,25.909475366217002,False
vector_thrust,cruise_179,0.6846078617683048,0.08462788113872911,7.244679325036235,8.089625458612607,25.934770578797316,False
vector_thrust,cruise_179,0.6839567618977301,0.0845563453504716,7.237641501281618,8.088769199553814,25.95227540903234,False
vector_thrust,cruise_179,0.6838537989068199,0.0845450399315322,7.236528603266145,8.0886329873477,25.958522810611377,False
vector_thrust,cruise_180,0.7040383427889102,0.08679820388538148,7.454922239294,8.111208657250614,25.958522810611377,False
vector_thrust,cruise_180,0.6816715301063301,0.08430587680977342,7.212943793516262,8.085694092767033,25.96476986680331,False
vector_thrust,cruise_180,0.6814234602121926,0.08427874447300418,7.210263113242899,8.085353720836022,25.982273729285183,False
vector_thrust,cruise_180,0.6809021264000699,0.08422176052884026,7.204629720255286,8.084634210025888,26.007567543421672,False
vector_thrust,cruise_180,0.680410937516651,0.0841681165398789,7.199322335240831,8.083951090841767,26.035641559114776,False
vector_thrust,cruise_180,0.6799969915288913,0.08412294232804168,7.194849776917988,8.083371464554919,26.060935373251265,False
vector_thrust,cruise_180,0.6797033797394891,0.08409091905346963,7.191677504943428,8.082958152797644,26.078439235733136,False
vector_thrust,cruise_180,0.6798419709809185,0.08410603280322576,7.19317487565655,8.083153470946309,26.084686291925067,False
vector_thrust,cruise_181,0.7064552676536335,0.08707299465391594,7.481103733604029,8.113368220095575,26.084686291925067,False
vector_thrust,cruise_181,0.6926274079586797,0.0855152955708802,7.331401889141347,8.099456399406217,26.090932997880017,False
vector_thrust,cruise_181,0.6918641679446442,0.08543033446196382,7.3231452260081324,8.09857730631598,26.108435879019666,False
vector_thrust,cruise_181,0.6916545294011072,0.08540701683532907,7.320877488076122,8.098333778999299,26.13372827507556,False
vector_thrust,cruise_181,0.6908075781287054,0.08531289381073306,7.3117161984729835,8.097340827064949,26.16180071681794,False
vector_thrust,cruise_181,0.6900082969063056,0.08522418818264585,7.303071274859061,8.09639037484914,26.18709311287383,False
vector_thrust,cruise_181,0.6904589198540012,0.08527418481042623,7.307945068094026,8.096927826269654,26.204595994013477,False
vector_thrust,cruise_181,0.6900134400200909,0.08522475860282488,7.303126899859594,8.096396532324347,26.210842699968428,False
vector_thrust,cruise_182,0.7075503159198088,0.08719784878280332,7.49296811431173,8.114309306898267,26.210842699968428,False
vector_thrust,cruise_182,0.6924788202220865,0.08549874700378199,7.329794429335515,8.09928618242154,26.217089050700054,False
vector_thrust,cruise_182,0.6914896960226768,0.08538868840750974,7.319094458517889,8.09814167331632,26.234590936526057,False
vector_thrust,cruise_182,0.6908212023591055,0.08531440685941812,7.3118635625440245,8.097356915314986,26.259881894312066,False
vector_thrust,cruise_182,0.6900791995323537,0.08523205238158146,7.3038381200127604,8.096475213841957,26.28795273969531,False
vector_thrust,cruise_182,0.6893654172551094,0.08515292461217856,7.296118483733972,8.09561644998998,26.31324369748132,False
vector_thrust,cruise_182,0.6889206677534051,0.08510366786537486,7.291308752212317,8.095076099930333,26.330745583307326,False
vector_thrust,cruise_182,0.6887191690877285,0.0850813633908517,7.289129722215347,8.094829956166198,26.33699193403895,False
vector_thrust,cruise_183,0.7081702458874036,0.08726862909705208,7.4996854008485005,8.114831792531568,26.33699193403895,False
vector_thrust,cruise_183,0.6917972603304782,0.08542289160796995,7.322421456209457,8.09849967975017,26.343237924418617,False
vector_thrust,cruise_183,0.6910568714388289,0.0853405846052436,7.3144126679036825,8.097634608849024,26.360738800560895,False
vector_thrust,cruise_183,0.6905891996712489,0.08528864624505653,7.309354174707781,8.097082437995393,26.38602829931164,False
vector_thrust,cruise_183,0.6898186967837668,0.0852031630863607,7.301020687939868,8.096163003767554,26.414097525287914,False
vector_thrust,cruise_183,0.6894167539880602,0.0851586125562081,7.296673677520593,8.095678561378833,26.439387024038655,False
vector_thrust,cruise_183,0.6892028964440515,0.08513492099199442,7.294360881459445,8.095419463757535,26.45688790018093,False
vector_thrust,cruise_183,0.6890281224839453,0.08511556536041678,7.292470798487966,8.09520702313727,26.463133890560602,False
vector_thrust,cruise_184,0.6833035717000171,0.08448465711009548,7.230581548366582,8.087901342957169,26.463133890560602,False
vector_thrust,cruise_184,0.702449641262919,0.08661816144956916,7.437716155059267,8.109726984587398,26.469166258266114,False
vector_thrust,cruise_184,0.7025028978024761,0.08662418934391086,7.438292891872496,8.109777455041288,26.48606857697643,False
vector_thrust,cruise_184,0.702705104484644,0.08664708104340584,7.440482699939105,8.109968576236561,26.510493135177637,False
vector_thrust,cruise_184,0.7034838291034531,0.08673531003773798,7.448916373945423,8.110697117441234,26.53760234957044,False
vector_thrust,cruise_184,0.7003382730918211,0.08637960289607233,7.414853878455562,8.107681091500657,26.562026907771653,False
vector_thrust,cruise_184,0.7005751827204727,0.08640633008923984,7.417418927316326,8.107915033504185,26.578929226481964,False
vector_thrust,cruise_184,0.6992729434703744,0.08625954366249389,7.40332021120693,8.10661538167193,26.584961594187476,False
vector_thrust,cruise_185,0.710539054954009,0.0875397386499139,7.525356839148471,8.116760067054505,26.584961594187476,False
vector_thrust,cruise_185,0.6913490859868784,0.08537305737226666,7.3175734806494805,8.097977362720787,26.590993919695777,False
vector_thrust,cruise_185,0.6909618350558715,0.08533002689883148,7.313384703184091,8.097522761537224,26.607896120172136,False
vector_thrust,cruise_185,0.6904812013613568,0.08527665790290664,7.30818606356355,8.096954293723815,26.63232050752033,False
vector_thrust,cruise_185,0.6897663550591696,0.0851973599708398,7.300454602189605,8.096100105628315,26.659429532280594,False
vector_thrust,cruise_185,0.6893245653089505,0.08514839869106663,7.295676682346596,8.095566985468995,26.68385391962879,False
vector_thrust,cruise_185,0.6890820441876382,0.08512153641633034,7.293053928062117,8.095272632501961,26.70075612010515,False
vector_thrust,cruise_185,0.6896605865917602,0.08518563496500445,7.299310705258217,8.095972834798769,26.706788445613448,False
vector_thrust,cruise_186,0.7165087299448741,0.08822755564857371,7.5900806657576165,8.121144518599811,26.706788445613448,False
vector_thrust,cruise_186,0.6943833272693745,0.08571116123441262,7.350399732089925,8.101434133768134,26.712820728352398,False
vector_thrust,cruise_186,0.6933983997794824,0.08560122735404047,7.339743068757896,8.100332450978032,26.72972280899171,False
vector_thrust,cruise_186,0.6923951789776823,0.08548943345043972,7.328889587952041,8.099190169263204,26.75414702317035,False
vector_thrust,cruise_186,0.691875464526421,0.08543159118278126,7.323267426712093,8.098590403708512,26.78125585572691,False
vector_thrust,cruise_186,0.6913620908444507,0.08537450291733359,7.317714153190711,8.097992576470784,26.80568006990555,False
vector_thrust,cruise_186,0.6910401712342363,0.0853387292402981,7.3142320287680365,8.097614967858203,26.822582150544864,False
vector_thrust,cruise_186,0.6908856978230627,0.08532156990799283,7.312561169080462,8.097433023889323,26.828614433283814,False
vector_thrust,cruise_187,0.7039163125351459,0.08678435817303798,7.453600515491825,8.111096600283869,26.828614433283814,False
vector_thrust,cruise_187,0.6817500430213288,0.08431446638288813,7.2137922297250245,8.085801550654088,26.83464667266506,False
vector_thrust,cruise_187,0.6817607384514912,0.08431563658474865,7.21390780855627,8.0858161791405,26.851548631818783,False
vector_thrust,cruise_187,0.6808579341333355,0.08421693239210062,7.20415220407526,8.08457295693661,26.87597267044566,False
vector_thrust,cruise_187,0.6810464243981157,0.08423752797528039,7.206188936073464,8.084833930525235,26.903081308154462,False
vector_thrust,cruise_187,0.6803459377965703,0.08416102102453307,7.198620021080938,8.083860313413359,26.92750534678134,False
vector_thrust,cruise_187,0.680173362505869,0.08414218602592469,7.196755388043571,8.083618867428804,26.944407305935062,False
vector_thrust,cruise_187,0.6799405064315667,0.08411678047291146,7.194239487318339,8.083292092361182,26.95043954531631,False
vector_thrust,cruise_188,0.7128285493520639,0.08780275318578598,7.5501748795499095,8.11852161222959,26.95043954531631,False
vector_thrust,cruise_188,0.6928258164793382,0.08553739906899466,7.3335483611259145,8.099682992704786,26.956471740734568,False
vector_thrust,cruise_188,0.6925220576574538,0.0855035620440723,7.330262180339426,8.099335759842349,26.97337357670673,False
vector_thrust,cruise_188,0.6919757537580544,0.0854427491667096,7.3243523110759,8.09870656675527,26.997797437331105,False
vector_thrust,cruise_188,0.6913583499131976,0.08537408709380617,7.31767368780667,8.097988200489409,27.024905877472033,False
vector_thrust,cruise_188,0.6908497263013006,0.08531757471570316,7.312172087370695,8.097390585742307,27.049329738096404,False
vector_thrust,cruise_188,0.6906627955777909,0.08529681696779043,7.310150196407516,8.09716962637184,27.06623157406857,False
vector_thrust,cruise_188,0.6902893675194343,0.08525536863889868,7.3061112180553485,8.096726089393535,27.072263769486828,False
vector_thrust,cruise_189,0.7099015437373095,0.08746667404669095,7.518447318048561,8.116251720722271,27.072263769486828,False
vector_thrust,cruise_189,0.6926097817079707,0.08551333228341097,7.331211202608252,8.099436230744717,27.07829592031914,False
vector_thrust,cruise_189,0.6912351437192277,0.08536039352283928,7.316340983954926,8.09784392025183,27.09519763136426,False
vector_thrust,cruise_189,0.6903741088865366,0.08526477220879489,7.307027762701829,8.096826989650081,27.119621311463817,False
vector_thrust,cruise_189,0.6899758158666341,0.08522058583793501,7.3027199790397095,8.09635147520306,27.146729551237318,False
vector_thrust,cruise_189,0.6895580758038349,0.08517427303225945,7.2982020522734805,8.09584926592408,27.171153231336877,False
vector_thrust,cruise_189,0.6892560375185429,0.0851408072894136,7.294935579252781,8.095483933756933,27.188054942382,False
vector_thrust,cruise_189,0.6897889287602272,0.08519986265100613,7.3006987407071,8.096127238910302,27.19408709321431,False
vector_thrust,cruise_190,0.710145313740673,0.08749460347308335,7.521089308707351,8.116447021319898,27.19408709321431,False
vector_thrust,cruise_190,0.692105274305274,0.08545716208048743,7.325753423366678,8.098856286070182,27.200119198819248,False
vector_thrust,cruise_190,0.6914607740397852,0.0853854729763841,7.318781607819042,8.098107909187659,27.21702078314008,False
vector_thrust,cruise_190,0.6909167767058254,0.0853250218869161,7.312897331294462,8.097469668645605,27.24144428011774,False
vector_thrust,cruise_190,0.6901922694321274,0.08524459547628929,7.305061035520398,8.09661029623988,27.268552316641266,False
vector_thrust,cruise_190,0.6898009343670796,0.08520119371525692,7.3008285836705635,8.096141665249432,27.292975813618924,False
vector_thrust,cruise_190,0.689508360040116,0.08516876340128202,7.297664381048242,8.095789260100224,27.30987739793976,False
vector_thrust,cruise_190,0.6893673309369619,0.08515313663334054,7.296139179667076,8.0956187662857,27.315909503544695,False
vector_thrust,cruise_191,0.7103298323730878,0.08751575157906294,7.523089175832901,8.11659409370856,27.315909503544695,False
vector_thrust,cruise_191,0.6918441056935224,0.08542810263627368,7.322928203079372,8.098554039519989,27.32194156326152,False
vector_thrust,cruise_191,0.6914424580752362,0.08538343675900295,7.318583483491184,8.09808651796075,27.338843019006717,False
vector_thrust,cruise_191,0.6909281766708633,0.08532628814249874,7.313020638359886,8.097483105288514,27.363266330187198,False
vector_thrust,cruise_191,0.6902543271249948,0.08525148066245575,7.305732230907727,8.096684324557177,27.390374160491415,False
vector_thrust,cruise_191,0.6897657465943616,0.08519729251341032,7.300448021544294,8.096099374117907,27.414797471671896,False
vector_thrust,cruise_191,0.6895356506459742,0.08517178776195478,7.297959525999716,8.095822205507133,27.43169892741709,False
vector_thrust,cruise_191,0.6900809629535242,0.08523224798394677,7.303857192310667,8.096477322568083,27.437730987133918,False
vector_thrust,cruise_192,0.7093944471695299,0.08740860960501934,7.512951601313137,8.115841796078561,27.437730987133918,False
vector_thrust,cruise_192,0.6921611359630908,0.08546337925171574,7.3263577228576,8.09892075440248,27.44376300028168,False
vector_thrust,cruise_192,0.6914398775155164,0.0853831498786359,7.318555569530639,8.09808350357574,27.460664325543277,False
vector_thrust,cruise_192,0.6909347344369581,0.08532701655965486,7.313091570124541,8.097490833444335,27.48508744816949,False
vector_thrust,cruise_192,0.690291127108894,0.08525556388352716,7.3061302493207565,8.096728185997842,27.512195069194256,False
vector_thrust,cruise_192,0.6897525936885943,0.08519583433343828,7.300305770841131,8.096083559544123,27.53661819182047,False
vector_thrust,cruise_192,0.6896336395963264,0.08518264807027334,7.2990192726887555,8.095940373060458,27.553519517082062,False
vector_thrust,cruise_192,0.6900456129726324,0.08522832699811683,7.303474864923886,8.096435038410169,27.55955153022983,False
vector_thrust,cruise_193,0.7162295506694999,0.08819524231564177,7.587052851003193,8.120954508024225,27.55955153022983,False
vector_thrust,cruise_193,0.6919173227599829,0.08543624802530894,7.323720229132423,8.098638912081144,27.56558349610643,False
vector_thrust,cruise_193,0.6928725189233766,0.08554260295000438,7.33405361539344,8.099736213642318,27.582484688917177,False
vector_thrust,cruise_193,0.6908588071297765,0.08531858325953748,7.3122703089422965,8.09740130152182,27.60690762014636,False
vector_thrust,cruise_193,0.6900415218417212,0.08522787322849498,7.30343061742518,8.096430143126153,27.634015028736457,False
vector_thrust,cruise_193,0.6893079674901849,0.0851465599322431,7.295497182505743,8.0955468786844,27.658437959965642,False
vector_thrust,cruise_193,0.6887798898060027,0.08508808396712092,7.289786358404107,8.094904217988452,27.675339152776385,False
vector_thrust,cruise_193,0.688481484893223,0.0850550629224682,7.286559435306207,8.094538540531175,27.68137111865299,False
vector_thrust,cruise_194,0.7093046389250692,0.08739833116275217,7.511978325133861,8.115768682175524,27.68137111865299,False
vector_thrust,cruise_194,0.6915174984027456,0.08539177950922795,7.319395199286035,8.098174114383177,27.68740303653416,False
vector_thrust,cruise_194,0.6912358752549904,0.08536047482014811,7.3163488968233725,8.097844777824902,27.704304094864685,False
vector_thrust,cruise_194,0.6910560683081982,0.08534049537760463,7.314403980768122,8.097633664422666,27.72872683176433,False
vector_thrust,cruise_194,0.6902414342716674,0.08525005016657439,7.3055927857388925,8.09666895119674,27.755834024664903,False
vector_thrust,cruise_194,0.6895325864504909,0.08517144817929442,7.297926387015858,8.095818507147557,27.780256761564544,False
vector_thrust,cruise_194,0.6892121988056126,0.08513595135310495,7.2944614822610205,8.095430753420208,27.79715781989507,False
vector_thrust,cruise_194,0.689944826059429,0.08521714905888399,7.302384812601859,8.096314341408977,27.80318973777624,False
vector_thrust,cruise_195,0.7169319688462737,0.08827657051441601,7.594671040518517,8.121429782200195,27.80318973777624,False
vector_thrust,cruise_195,0.6917440593475854,0.08541697407196797,7.321845960763969,8.098437890866485,27.809221606914456,False
vector_thrust,cruise_195,0.6928216726638671,0.08553693735812612,7.333503531031548,8.099678268385514,27.826122528670258,False
vector_thrust,cruise_195,0.690555337589639,0.08528488715946944,7.308987920595824,8.097042284858842,27.85054506821371,False
vector_thrust,cruise_195,0.6897642263625496,0.0851971239732584,7.3004315799931465,8.09609754642718,27.87765204206544,False
vector_thrust,cruise_195,0.6890345713524586,0.08511627945235205,7.292540538807284,8.095214872945416,27.902074581608886,False
vector_thrust,cruise_195,0.68853207790315,0.08506066033036994,7.287106536514238,8.094600667675719,27.918975503364692,False
vector_thrust,cruise_195,0.6882936177080972,0.08503428212097236,7.284527907352649,8.094307384507694,27.925007372502904,False
vector_thrust,cruise_196,0.7092065253111066,0.08738710387852039,7.510915052042022,8.11568862949157,27.925007372502904,False
vector_thrust,cruise_196,0.6918988813771861,0.08543419633190193,7.323520738802907,8.098617545241947,27.93103919212625,False
vector_thrust,cruise_196,0.6916271340950734,0.0854039703079662,7.320581146489062,8.098301889257257,27.947939975144465,False
vector_thrust,cruise_196,0.6910836324914325,0.08534355781952885,7.314702131673773,8.097666070505609,27.972362314206293,False
vector_thrust,cruise_196,0.6903178715896136,0.08525853152931025,7.306419511142948,8.096760045090567,27.99946906554021,False
vector_thrust,cruise_196,0.6897277637387361,0.08519308167877443,7.300037231627895,8.09605369529178,28.023891404602036,False
vector_thrust,cruise_196,0.6896028185911305,0.08517923192931567,7.298685943571136,8.095903226309717,28.040792187620255,False
vector_thrust,cruise_196,0.6899900778197446,0.08522216755157984,7.302874227791726,8.09636855812351,28.046824007243597,False
vector_thrust,cruise_197,0.709288502226707,0.08739648449500498,7.5118034483639295,8.115755528670554,28.046824007243597,False
vector_thrust,cruise_197,0.6923654140870495,0.08548611940150458,7.328567589540851,8.099155967475857,28.052855776554527,False
vector_thrust,cruise_197,0.6919272008206397,0.08543734703301117,7.323827085568467,8.098650354315119,28.069756418600495,False
vector_thrust,cruise_197,0.6913172395727385,0.08536951763832204,7.31722900123677,8.097940092640384,28.094178553951522,False
vector_thrust,cruise_197,0.6909835690534201,0.08533244120982786,7.313619788927542,8.097548356249751,28.1212850791835,False
vector_thrust,cruise_197,0.6900727316656463,0.08523133495711846,7.303768166770297,8.096467478924685,28.14570721453453,False
vector_thrust,cruise_197,0.6896860979002344,0.08518846284511875,7.299586611569821,8.096003553370291,28.162607856580497,False
vector_thrust,cruise_197,0.6895600026593138,0.08517448658047269,7.298222891086031,8.095851590579521,28.168639625891426,False
vector_thrust,cruise_198,0.7111610415360228,0.08761109615893531,7.532098552284108,8.117248530322065,28.168639625891426,False
vector_thrust,cruise_198,0.6935971946133761,0.08562340183271189,7.341893890815365,8.100556387242158,28.174671344065466,False
vector_thrust,cruise_198,0.693710579515339,0.08563605252645785,7.343120656451104,8.100683754672277,28.191571842829045,False
vector_thrust,cruise_198,0.6923122180359479,0.08548019690870126,7.327992113853571,8.099094797071947,28.21599377113103,False
vector_thrust,cruise_198,0.6916852602883958,0.08541043446259322,7.321209912436361,8.098369533424277,28.243100066555908,False
vector_thrust,cruise_198,0.691171044240728,0.0853532703736617,7.315647635686534,8.097768734752657,28.267521994857887,False
vector_thrust,cruise_198,0.6905977953397656,0.08528960049761913,7.309447146127017,8.097092626891174,28.284422493621474,False
vector_thrust,cruise_198,0.690356909103793,0.08526286347966602,7.306841732857807,8.0968065219676,28.290454211795513,False
vector_thrust,cruise_199,0.7084823943674662,0.08730429531664952,7.503067870641916,8.115092067324136,28.290454211795513,False
vector_thrust,cruise_199,0.6919067642724868,0.08543507333471204,7.323606012263458,8.098626679487696,28.296485877979844,False
vector_thrust,cruise_199,0.6924592164681789,0.08549656398780099,7.329582352789662,8.099263691661127,28.313386231071505,False
vector_thrust,cruise_199,0.691282747036766,0.08536568399582717,7.31685590026376,8.097899702538049,28.33780794887146,False
vector_thrust,cruise_199,0.6902897704942845,0.08525541335307164,7.306115576527013,8.096726569555882,28.364914010656722,False
vector_thrust,cruise_199,0.6896960515207553,0.08518956621716169,7.2996942607602815,8.096015535078685,28.38933572845668,False
vector_thrust,cruise_199,0.6893622889489623,0.0851525780214645,7.2960846519881235,8.095612663367561,28.40623608154834,False
vector_thrust,cruise_199,0.6892231079287111,0.08513715970461844,7.2945794595782845,8.095443990849072,28.41226774773267,False
vector_thrust,cruise_200,0.7121589500347006,0.08772573036176029,7.542915818119456,8.118016767690898,28.41226774773267,False
vector_thrust,cruise_200,0.6959861205488214,0.08589043729468598,7.367743862151854,8.103185202805829,28.418299361044642,False
vector_thrust,cruise_200,0.6957099586425439,0.08585951452441071,7.36475525678968,8.10288716977018,28.435199565991233,False
vector_thrust,cruise_200,0.6948191404545251,0.08575986152061804,7.355115464822084,8.101915373166495,28.459621069715364,False
vector_thrust,cruise_200,0.6941863292823209,0.08568915891052951,7.34826817768949,8.101215347523024,28.48672689389438,False
vector_thrust,cruise_200,0.694181659305668,0.0856886374157666,7.348217648210175,8.10121015155668,28.51114839761851,False
vector_thrust,cruise_200,0.6939679098040281,0.08566477233643627,7.345904889465429,8.100971856652667,28.5280486025651,False
vector_thrust,cruise_200,0.6934653929735513,0.08560869927428044,7.340467883675479,8.100408005870616,28.534080215877072,False
vector_thrust,cruise_201,0.7102453160112465,0.08750606418543966,7.522173157806833,8.116526810143359,28.534080215877072,False
vector_thrust,cruise_201,0.6924368346255221,0.08549407169769149,7.329340222957943,8.099238004174028,28.540111775402572,False
vector_thrust,cruise_201,0.6920834147141101,0.08545472935323882,7.325516951919509,8.098831041325852,28.55701182964282,False
vector_thrust,cruise_201,0.6915145716482983,0.0853914541025552,7.319363540287702,8.098170700053764,28.581433115589977,False
vector_thrust,cruise_201,0.6909125643658849,0.08532455400559238,7.312851768798498,8.097464703074811,28.608538698054783,False
vector_thrust,cruise_201,0.6904203513010497,0.08526990418260368,7.307527914199683,8.096881988075527,28.632959984001943,False
vector_thrust,cruise_201,0.6901367781736844,0.08523843941728215,7.3044608641168605,8.096544034495293,28.649860038242192,False
vector_thrust,cruise_201,0.6906773634387136,0.085298434429406,7.310307764760571,8.097186871704267,28.65589159776769,False
vector_thrust,cruise_202,0.7092714304536921,0.08739453087043048,7.511618438321183,8.115741607506823,28.65589159776769,False
vector_thrust,cruise_202,0.693878526471793,0.08565479518005495,7.344937781471533,8.100871936161788,28.661923102559427,False
vector_thrust,cruise_202,0.6941333009186773,0.08568323748439174,7.347694408457072,8.101156320629483,28.678823003439092,False
vector_thrust,cruise_202,0.6929144326708696,0.08554727358267913,7.334507064817423,8.099783939942709,28.703244067773774,False
vector_thrust,cruise_202,0.6923835820204847,0.08548814221589743,7.3287641312411225,8.099176845741871,28.730349404267297,False
vector_thrust,cruise_202,0.6917041396211886,0.0854125341462999,7.32141413583052,8.098391489431688,28.75477046860198,False
vector_thrust,cruise_202,0.6918558268828884,0.08542940655141101,7.323054996714833,8.098567633927468,28.77167036948164,False
vector_thrust,cruise_202,0.6914609290560868,0.08538549021007451,7.31878328463653,8.098108090202219,28.77770187427338,False
vector_thrust,cruise_203,0.7097290846535885,0.08744692152679989,7.516578239851494,8.116112863230727,28.77770187427338,False
vector_thrust,cruise_203,0.6938740727570993,0.08565429808511818,7.3448895934913345,8.100866953197938,28.783733323349026,False
vector_thrust,cruise_203,0.6930875494562599,0.08556656813744973,7.336379972395232,8.09998068805237,28.800633068115673,False
vector_thrust,cruise_203,0.6926241566046452,0.08551493341685235,7.331366714906211,8.099452679549772,28.82505390686051,False
vector_thrust,cruise_203,0.6920765867843478,0.08545396949910064,7.325443089236514,8.098823154044723,28.852158992968196,False
vector_thrust,cruise_203,0.6914082537948838,0.08537963437369075,7.318213495780431,8.098046552515306,28.87657983171303,False
vector_thrust,cruise_203,0.6910236517478836,0.08533689400279786,7.314053344690396,8.097595533828871,28.893479576479674,False
vector_thrust,cruise_203,0.6908838487681709,0.08532136453618636,7.31254116896199,8.097430843070429,28.899511025555327,False
vector_thrust,cruise_204,0.7094605919202237,0.08741618073939478,7.513668435766536,8.115895546103397,28.899511025555327,False
vector_thrust,cruise_204,0.684003328125786,0.08456145899067646,7.238144826350289,8.088830730808494,28.90554241789551,False
vector_thrust,cruise_204,0.6848381150968275,0.08465319727306975,7.247168274405106,8.089926159406755,28.922442003692918,False
vector_thrust,cruise_204,0.6837579292061616,0.08453451508899437,7.235492385042637,8.088505960983275,28.94686261272055,False
vector_thrust,cruise_204,0.6832990562356421,0.0844841618027002,7.230532744959675,8.087895312631286,28.97396744386137,False
vector_thrust,cruise_204,0.6829073249782068,0.08444120633192123,7.2262989749489295,8.087370546245358,28.998388052889002,False
vector_thrust,cruise_204,0.6826175284104986,0.08440944644468765,7.223167006757565,8.086980274865427,29.01528763868641,False
vector_thrust,cruise_204,0.6825422539716391,0.08440119932662998,7.222353495367021,8.086878615672534,29.021319031026593,False
vector_thrust,cruise_205,0.70781942142712,0.08722856513880972,7.495883968185196,8.114537024663232,29.021319031026593,False
vector_thrust,cruise_205,0.6968039597352035,0.08598209517213426,7.376594963662968,8.104058854814102,29.027350365572737,False
vector_thrust,cruise_205,0.6977301193843353,0.08608604041657344,7.386619274844412,8.105032081949572,29.044249789434847,False
vector_thrust,cruise_205,0.6955106181746213,0.08583720235941847,7.362598060886075,8.102671091986103,29.068670164459192,False
vector_thrust,cruise_205,0.6942847081607092,0.0857001457722002,7.349332649805256,8.101324704933283,29.09577473587596,False
vector_thrust,cruise_205,0.6940145473371505,0.08566997869485023,7.346409500854552,8.101023928220831,29.1201951109003,False
vector_thrust,cruise_205,0.6937799085886136,0.0856437889340699,7.343870768009775,8.10076150557395,29.13709453476241,False
vector_thrust,cruise_205,0.6936536715546038,0.08562970284150706,7.342504940137852,8.100619861293865,29.143125869308555,False
vector_thrust,cruise_206,0.7062252628343312,0.08704679820286641,7.478611904120894,8.113167599667962,29.143125869308555,False
vector_thrust,cruise_206,0.6911566682858163,0.08535167292714388,7.315492135149476,8.09775186100672,29.149157144960554,False
vector_thrust,cruise_206,0.6921112358228382,0.08545782554561472,7.3258179136259,8.098863169101007,29.16605640380493,False
vector_thrust,cruise_206,0.6900036761749035,0.08522367570373976,7.303021299674956,8.096384842324102,29.190476540371744,False
vector_thrust,cruise_206,0.6893874901148361,0.0851553701549364,7.296357195773946,8.09564316214616,29.217580847120626,False
vector_thrust,cruise_206,0.6889664538184542,0.0851087370875302,7.291803894292885,8.095131914716179,29.24200098368744,False
vector_thrust,cruise_206,0.6884224706785818,0.08504853441405223,7.2859212726891585,8.09446600604603,29.258900242531816,False
vector_thrust,cruise_206,0.6883037432134154,0.08503540198334485,7.284637399921253,8.09431986160573,29.264931518183815,False
vector_thrust,cruise_207,0.7062374501089054,0.08704818603135484,7.478743937270175,8.113178255713658,29.264931518183815,False
vector_thrust,cruise_207,0.6960039690932118,0.08589243633483898,7.367937020824593,8.10320441231802,29.27096273379751,False
vector_thrust,cruise_207,0.6960892378735999,0.08590198725620961,7.368859812735257,8.103296094855844,29.287861824418297,False
vector_thrust,cruise_207,0.6947061018731904,0.0857472266073773,7.353892306275868,8.10179091918783,29.31228171789498,False
vector_thrust,cruise_207,0.693665634733856,0.0856310376218909,7.342634375588841,8.100633298369912,29.33938575483417,False
vector_thrust,cruise_207,0.6930438112703381,0.08556169282685294,7.335906776655455,8.099931036577518,29.363805648310855,False
vector_thrust,cruise_207,0.6925530502064606,0.08550701366956766,7.3305974650555195,8.09937127359815,29.38070473893164,False
vector_thrust,cruise_207,0.6923926010345202,0.08548914641361059,7.328861699565935,8.09918720774928,29.386735954545333,False
vector_thrust,cruise_208,0.7113807034137047,0.08763631393993015,7.5344795744224635,8.117419268698555,29.386735954545333,False
vector_thrust,cruise_208,0.6933607927238925,0.0855970333026579,7.339336191486001,8.10028999804556,29.392767108929785,False
vector_thrust,cruise_208,0.6929426546243959,0.08555041865908314,7.334812388858355,8.099816055673084,29.409666027990045,False
vector_thrust,cruise_208,0.6923532682008336,0.08548476711428998,7.3284361948824,8.09914200591063,29.434085673554588,False
vector_thrust,cruise_208,0.6921913783302309,0.08546674533914236,7.326684879777609,8.098955629859683,29.461189435332056,False
vector_thrust,cruise_208,0.6911518941297325,0.08535114243442747,7.315440494537735,8.097746256422077,29.485609080896598,False
vector_thrust,cruise_208,0.6908037562130064,0.08531246937121037,7.311674859436835,8.097336313255582,29.502507999956855,False
vector_thrust,cruise_208,0.6906584743130866,0.08529633718756605,7.310103456950893,8.09716451005784,29.508539154341307,False
vector_thrust,cruise_209,0.709955940972138,0.08747290554473913,7.519036871874317,8.116295400854405,29.508539154341307,False
vector_thrust,cruise_209,0.6924948948531493,0.08550053707934184,7.329968327584854,8.099304618525794,29.51457024625584,False
vector_thrust,cruise_209,0.6920566988085549,0.08545175629087873,7.325227946830778,8.098800175069384,29.531468990279265,False
vector_thrust,cruise_209,0.6914224218184991,0.08538120936373156,7.318366751138551,8.098063109799464,29.55588838290825,False
vector_thrust,cruise_209,0.6911476697763841,0.08535067303792597,7.315394800998053,8.097741296887834,29.58299186394844,False
vector_thrust,cruise_209,0.6902363744042859,0.08524948876928572,7.305538059807013,8.096662916915568,29.607411256577425,False
vector_thrust,cruise_209,0.6898713589652304,0.08520900223380662,7.3015902425509305,8.096226230560465,29.624310000600854,False
vector_thrust,cruise_209,0.6897110449058452,0.085191228287812,7.299856415608607,8.096033579604107,29.630341092515383,False
vector_thrust,cruise_210,0.7092610777767079,0.08739334617813332,7.511506244560254,8.115733162694394,29.630341092515383,False
vector_thrust,cruise_210,0.6891814731629508,0.08513254813658022,7.2941291987996735,8.095393457004013,29.63637212066635,False
vector_thrust,cruise_210,0.6890228396004842,0.08511498038521809,7.292413667572979,8.095200591976482,29.653270686028254,False
vector_thrust,cruise_210,0.6887276904990075,0.08508230650122832,7.28922187284002,8.0948403824603,29.677689820483863,False
vector_thrust,cruise_210,0.6878495233127889,0.08498518442081449,7.2797257855091635,8.093758082665541,29.70479301497321,False
vector_thrust,cruise_210,0.6872175361129377,0.08491537565165955,7.272892298687032,8.092969392634455,29.729212149428818,False
vector_thrust,cruise_210,0.686926836188328,0.08488328954363461,7.2697491957396405,8.092603855028619,29.746110714790717,False
vector_thrust,cruise_210,0.6867986873451266,0.08486914994270159,7.268363655553858,8.092442163127718,29.75214174294169,False
vector_thrust,cruise_211,0.7051781301682168,0.08692765764146539,7.4672682282140554,8.11224125095762,29.75214174294169,False
vector_thrust,cruise_211,0.683716595843264,0.08452997791128727,7.235045631932395,8.088451135771177,29.758172705979003,False
vector_thrust,cruise_211,0.6840122042164071,0.08456243375742495,7.238240766511833,8.088842454304928,29.775071088896492,False
vector_thrust,cruise_211,0.683489582404627,0.08450506408658598,7.232591982438052,8.08814938835271,29.799489959712286,False
vector_thrust,cruise_211,0.6830776677438968,0.08445988193009152,7.228139992286048,8.087599131494034,29.826592861583517,False
vector_thrust,cruise_211,0.682619035275447,0.08440961154829996,7.223183291921066,8.086982308701256,29.85101173239931,False
vector_thrust,cruise_211,0.6826898511375881,0.08441737113785414,7.223948624009573,8.087077836417707,29.867910115316803,False
vector_thrust,cruise_211,0.6820089851408636,0.08434280341784468,7.2165904903870075,8.086155042323014,29.873941078354115,False
vector_thrust,cruise_212,0.7051658608788286,0.08692626286114104,7.467135321401623,8.112230270445245,29.873941078354115,False
vector_thrust,cruise_212,0.6948735806671297,0.0857659474196166,7.3557045520747355,8.101975219458678,29.879971974867395,False
vector_thrust,cruise_212,0.6943839629642006,0.0857112322453957,7.350406610494841,8.10143483850685,29.896870171388688,False
vector_thrust,cruise_212,0.6936736567146093,0.08563193268140445,7.3427211693870555,8.100642307063627,29.921288772854172,False
vector_thrust,cruise_212,0.692082229665981,0.08545459747316464,7.325504132388153,8.098829672485627,29.948391375769116,False
vector_thrust,cruise_212,0.6919224859121206,0.08543682246216096,7.323776081786277,8.0986448930561,29.972809977234597,False
vector_thrust,cruise_212,0.6917565297912062,0.08541836111097367,7.321980858055509,8.098452379488892,29.989708173755893,False
vector_thrust,cruise_212,0.6928377874951951,0.08553873291723368,7.333677870323231,8.099696638779735,29.99573907026917,False
vector_thrust,cruise_213,0.7079879396872301,0.08724780700459489,7.497709965801345,8.114678912788536,29.99573907026917,False
vector_thrust,cruise_213,0.6889240156317343,0.08510403851412221,7.2913449569363555,8.095080182562828,30.00176989878359,False
vector_thrust,cruise_213,0.6884841584476803,0.08505535870217792,7.286588346440377,8.094541824912097,30.018667904776304,False
vector_thrust,cruise_213,0.6879067789671314,0.08499151241627112,7.280344895345488,8.09382912964184,30.04308623092002,False
vector_thrust,cruise_213,0.6880033501840656,0.08500218698629525,7.281389135596999,8.093948809752284,30.07018852825085,False
vector_thrust,cruise_213,0.6874897162943354,0.08494543154857784,7.275835246921659,8.093310066959633,30.094606854394563,False
vector_thrust,cruise_213,0.6874381897914998,0.0849397406261589,7.275278110348748,8.093245690696039,30.11150486038728,False
vector_thrust,cruise_213,0.6872913187382506,0.08492352187722957,7.273690065274968,8.093061893168294,30.117535688901697,False
vector_thrust,cruise_214,0.7036219340739,0.08675096885348776,7.4504121381142845,8.110825082106404,30.117535688901697,False
vector_thrust,cruise_214,0.689166143478324,0.08513085026277584,7.293963415816954,8.095374841800064,30.1235664478734,False
vector_thrust,cruise_214,0.6889857155600253,0.0851108697727026,7.2920121963267,8.095155382620728,30.14046425901176,False
vector_thrust,cruise_214,0.6880636020628974,0.08500884783018471,7.2820406541538265,8.094023382570557,30.164882303582775,False
vector_thrust,cruise_214,0.6881403254589687,0.08501733055476136,7.282870289116288,8.094118234113735,30.191984288391485,False
vector_thrust,cruise_214,0.6872561841092452,0.08491964259386064,7.2733101751843146,8.093017859202943,30.216402332962495,False
vector_thrust,cruise_214,0.6872177279445567,0.08491539683020999,7.272894372837719,8.092969633277015,30.233300144100856,False
vector_thrust,cruise_214,0.687118938828173,0.08490449122129248,7.271826235650125,8.092845607392983,30.23933090307256,False
vector_thrust,cruise_215,0.7007706119840236,0.08642838536984437,7.419534911096683,8.108107180127059,30.23933090307256,False
vector_thrust,cruise_215,0.6849846908133703,0.08466931814194578,7.248752731404523,8.090117008678543,30.245361590883657,False
vector_thrust,cruise_215,0.6845854100994067,0.08462541311351687,7.244436634289163,8.08959607891191,30.262259202634432,False
vector_thrust,cruise_215,0.6844263627587341,0.08460793227096722,7.2427174318737615,8.089387654183243,30.286676959082033,False
vector_thrust,cruise_215,0.6835244048242246,0.08450888510266133,7.232968353032452,8.088195744079213,30.313778624097885,False
vector_thrust,cruise_215,0.6838106070859583,0.08454029800705509,7.23606175846834,8.08857578227241,30.338196380545483,False
vector_thrust,cruise_215,0.6826547397240437,0.08441352372021547,7.223569161852137,8.087030485620641,30.355093992296258,False
vector_thrust,cruise_215,0.6825983902984847,0.0844073495630024,7.222960175376175,8.086954439778815,30.36112468010736,False
vector_thrust,cruise_216,0.7076923727459158,0.08721406183411115,7.494507340182956,8.11442969015718,30.36112468010736,False
vector_thrust,cruise_216,0.6903011906683091,0.08525668055023364,7.306239094247633,8.09674017582212,30.367155295060403,False
vector_thrust,cruise_216,0.689398451172572,0.08515658460845174,7.2964757368647435,8.095656423310214,30.38405270266745,False
vector_thrust,cruise_216,0.6892972775863988,0.08514537569743696,7.2953815749442725,8.095533925833015,30.408470164118818,False
vector_thrust,cruise_216,0.6882396659653931,0.08502831547102035,7.283944499867843,8.094240867325677,30.43557150171355,False
vector_thrust,cruise_216,0.6878484905035779,0.08498507027839582,7.279714617696131,8.093756800462833,30.459988963164918,False
vector_thrust,cruise_216,0.6875172876560451,0.08494847690732828,7.276133366820711,8.093344491697824,30.476886370771965,False
vector_thrust,cruise_216,0.6874516140822226,0.08494122324576592,7.27542326184186,8.093262468014787,30.482916985725012,False
vector_thrust,cruise_217,0.70290723564437,0.08666997168578074,7.442671736563622,8.110158824012752,30.482916985725012,False
vector_thrust,cruise_217,0.693759820263594,0.08564154719455686,7.343653420188382,8.100738986972523,30.48894752603692,False
vector_thrust,cruise_217,0.6929544714761162,0.08555173558132476,7.334940231757282,8.099829498109942,30.50584472450415,False
vector_thrust,cruise_217,0.6915057802024485,0.08539047664860679,7.31926844238758,8.09816044297407,30.53026188373973,False
vector_thrust,cruise_217,0.6910321685079699,0.08533784016871826,7.314145466731219,8.097605553899138,30.557362885900236,False
vector_thrust,cruise_217,0.6902088663367072,0.08524643680349353,7.305240541708319,8.096630102296796,30.581780045135815,False
vector_thrust,cruise_217,0.6904575808678372,0.08527403619514447,7.307930585716158,8.096926235410821,30.598677243603046,False
vector_thrust,cruise_217,0.6896505900177771,0.08518452689603684,7.299202591914987,8.095960794141156,30.604707783914954,False
vector_thrust,cruise_218,0.7027613102629369,0.08665344539799885,7.441091391668434,8.110021558117598,30.604707783914954,False
vector_thrust,cruise_218,0.6940328868179605,0.08567202612256633,7.34660793205957,8.101044392542383,30.610738247710287,False
vector_thrust,cruise_218,0.6931060542571029,0.08556863089430272,7.336580173221913,8.10000168301455,30.627635231782833,False
vector_thrust,cruise_218,0.6916094377860678,0.08540200244167936,7.320389721718985,8.098281281617075,30.65205208120911,False
vector_thrust,cruise_218,0.6910989246325935,0.08534525686999925,7.314867541100779,8.097684042187588,30.679152739507245,False
vector_thrust,cruise_218,0.6902888827179671,0.08525531484526651,7.306105974568422,8.096725511726767,30.703569588933526,False
vector_thrust,cruise_218,0.6904006782397811,0.08526772082268583,7.307315132826784,8.096858595241086,30.720466573006068,False
vector_thrust,cruise_218,0.6896926817934388,0.0851891926763994,7.2996578168814885,8.096011478983172,30.7264970368014,False
vector_thrust,cruise_219,0.703327064623055,0.08671753978250835,7.447218541786683,8.110551410787625,30.7264970368014,False
vector_thrust,cruise_219,0.6935614817276924,0.08561941772431858,7.341507498945285,8.100516216553284,30.73252742210491,False
vector_thrust,cruise_219,0.693358201147034,0.08559674429174693,7.339308152823509,8.10028707147786,30.749424186248252,False
vector_thrust,cruise_219,0.6932795488145519,0.08558797361888659,7.338457204888024,8.100198187909507,30.77384071786763,False
vector_thrust,cruise_219,0.6912578547734956,0.08536291750174486,7.316586644927902,8.097870539152623,30.800941023426706,False
vector_thrust,cruise_219,0.6909727457553941,0.08533123889805883,7.3135027186794055,8.097535611557994,30.825357555046082,False
vector_thrust,cruise_219,0.6909553266238339,0.08532930392941956,7.313314304843158,8.097515095111522,30.842254319189422,False
vector_thrust,cruise_219,0.6900620698869183,0.08523015235491417,7.303652854353931,8.09645472664852,30.848284704492933,False
vector_thrust,cruise_220,0.7052749157185165,0.08693866125119423,7.468316661625777,8.112327767283494,30.848284704492933,False
vector_thrust,cruise_220,0.683459711923508,0.08450178661497065,7.232269134854927,8.08810960456573,30.854315009221292,False
vector_thrust,cruise_220,0.6825268610454,0.08439951299367351,7.222187140575266,8.08685781275256,30.871211547598083,False
vector_thrust,cruise_220,0.6817178956075128,0.08431094921437127,7.213444833458627,8.085757567195202,30.89562775297534,False
vector_thrust,cruise_220,0.6812515167213685,0.08425994490217206,7.2084051054854275,8.085117044787044,30.922727696432986,False
vector_thrust,cruise_220,0.680881443189025,0.08421950078245669,7.204406229126123,8.084605546971561,30.947143901810243,False
vector_thrust,cruise_220,0.6806034397027645,0.08418913499347525,7.201402325097947,8.084219415670585,30.964040440187034,False
vector_thrust,cruise_220,0.6801655498441573,0.08414133347351202,7.1966709749434,8.083607922119226,30.970070744915397,False
vector_thrust,cruise_221,0.7002287990872005,0.0863672559497877,7.413668611765109,8.107572614027477,30.970070744915397,False
vector_thrust,cruise_221,0.6823086915879514,0.08437561660647742,7.219829362274156,8.086562433910217,30.976100966867982,False
vector_thrust,cruise_221,0.6820330103060026,0.08434543319969942,7.216850122278105,8.086187768947674,30.992997273312206,False
vector_thrust,cruise_221,0.6820352811399634,0.08434568176938775,7.2168746624505795,8.086190861610888,31.01741314353719,False
vector_thrust,cruise_221,0.6811841751841543,0.08425258352257206,7.207677426916697,8.085024182097142,31.044512715003883,False
vector_thrust,cruise_221,0.680660211581841,0.08419533494119577,7.202015754029707,8.084298400347619,31.06892858522887,False
vector_thrust,cruise_221,0.6803115640126338,0.08415726901401671,7.198248618330715,8.083812271751896,31.085824891673095,False
vector_thrust,cruise_221,0.6801711346108065,0.08414194290697621,7.196731316403366,8.083615746343948,31.09185511362568,False
vector_thrust,cruise_222,0.7043750626542853,0.0868364227359137,7.458569379139977,8.111516348346425,31.09185511362568,False
vector_thrust,cruise_222,0.6910947525376797,0.0853447933204983,7.314822413069632,8.097679139515721,31.097885250474256,False
vector_thrust,cruise_222,0.6916327581807965,0.08540459572991249,7.320641983503422,8.098308437265466,31.114781318462352,False
vector_thrust,cruise_222,0.6905380240725919,0.0852829652379799,7.308800657146897,8.097021745733905,31.139196844108252,False
vector_thrust,cruise_222,0.6894489662812271,0.08516218181886201,7.297022046813796,8.095717506952429,31.166296033121007,False
vector_thrust,cruise_222,0.6888460554877989,0.08509540795570472,7.290501881271951,8.094985053087335,31.190711558766903,False
vector_thrust,cruise_222,0.6891724882512203,0.08513155298722883,7.294032031376789,8.09538254699298,31.207607626754996,False
vector_thrust,cruise_222,0.6882196481347336,0.08502610178665335,7.283728037755421,8.094216172130382,31.213637763603575,False
vector_thrust,cruise_223,0.7039679020213846,0.08679021125026429,7.454159285118223,8.111144008988006,31.213637763603575,False
vector_thrust,cruise_223,0.6911159080823861,0.08534714388510406,7.315051245090823,8.097703995962412,31.21966781288075,False
vector_thrust,cruise_223,0.6914725333164072,0.08538678030765437,7.318908808456815,8.09812163926295,31.236563635499227,False
vector_thrust,cruise_223,0.6905764400335785,0.085287229752111,7.309216165625269,8.09706731055461,31.26097880657575,False
vector_thrust,cruise_223,0.6894975775883622,0.08516756852109408,7.297547770225332,8.095776239256956,31.288077602046197,False
vector_thrust,cruise_223,0.6888536913294487,0.0850962532308507,7.290584456403781,8.094994376082736,31.31249277312272,False
vector_thrust,cruise_223,0.6894380256425355,0.08516096952718921,7.2969037259388525,8.095704281788615,31.329388595741197,False
vector_thrust,cruise_223,0.6881616452450071,0.08501968791188236,7.283100828028594,8.094144569881792,31.335418645018372,False
vector_thrust,cruise_224,0.7043391526583409,0.08683234583791863,7.458180418275009,8.111483639668808,31.335418645018372,False
vector_thrust,cruise_224,0.6931222742678582,0.08557043901363863,7.3367556555410225,8.100020080034707,31.34144860410458,False
vector_thrust,cruise_224,0.6931300798959078,0.08557130916005465,7.336840103783813,8.100028931419764,31.35834417401358,False
vector_thrust,cruise_224,0.6930243882993643,0.08555952794222642,7.335696643632215,8.09990897527304,31.382758979914335,False
vector_thrust,cruise_224,0.6909615115681363,0.0853299909649965,7.313381204183569,8.097522380514233,31.409857370070252,False
vector_thrust,cruise_224,0.6906970797337527,0.08530062358035265,7.31052101978893,8.09721020483655,31.434272175971003,False
vector_thrust,cruise_224,0.6909342176692465,0.08532695915835009,7.313085980529469,8.097490224478856,31.45116774588001,False
vector_thrust,cruise_224,0.6899402097907658,0.08521663712823507,7.302334886008397,8.096308808249908,31.457197704966216,False
vector_thrust,cruise_225,0.7033228410126584,0.08671706107165261,7.447172798510544,8.110547478442754,31.457197704966216,False
vector_thrust,cruise_225,0.6775318747325114,0.08385456382662941,7.168218792334052,8.079844957912117,31.463227571075034,False
vector_thrust,cruise_225,0.6771824400333801,0.08381660952019022,7.164444333683595,8.079334679724267,31.480122880467192,False
vector_thrust,cruise_225,0.6795937336275962,0.08407896430877862,7.19049287860977,8.08280334105686,31.50453730991019,False
vector_thrust,cruise_225,0.6768448442874948,0.08377996205124735,7.160797879750228,8.078839232148084,31.531635282229526,False
vector_thrust,cruise_225,0.6764175745817426,0.08373360957839887,7.156183011390581,8.078208714368394,31.55604971167253,False
vector_thrust,cruise_225,0.6759833299880862,0.08368653418313077,7.151493009593971,8.077563930522391,31.572945021064687,False
vector_thrust,cruise_225,0.6759986727059137,0.08368819686995542,7.151658713152414,8.077586780324113,31.578974887173505,False
vector_thrust,cruise_226,0.7037925166216843,0.08677031491868542,7.452259684957566,8.110982624428935,31.578974887173505,False
vector_thrust,cruise_226,0.6900593856114463,0.08522985461891472,7.3036238226053465,8.096451515691125,31.585004657335013,False
vector_thrust,cruise_226,0.6892506334953125,0.08514020867648167,7.294877136930555,8.095477380309788,31.60189969788878,False
vector_thrust,cruise_226,0.6886411586454599,0.08507273016955433,7.288286120256861,8.094734438085656,31.62631373884905,False
vector_thrust,cruise_226,0.6894207273466886,0.0851590528114807,7.296716648510964,8.095683366428242,31.653411279985082,False
vector_thrust,cruise_226,0.6873573188207744,0.0849308096820853,7.274403689043781,8.093144541936008,31.67782532094536,False
vector_thrust,cruise_226,0.6871390647378144,0.08490671283340775,7.272043842075641,8.092870890974474,31.69472036149912,False
vector_thrust,cruise_226,0.6868084290737275,0.08487022471428232,7.268468982101224,8.09245446663874,31.70075013166063,False
vector_thrust,cruise_227,0.7031772407310845,0.08670056050008021,7.445595905555252,8.11041170524421,31.70075013166063,False
vector_thrust,cruise_227,0.6894097682903987,0.0851578385353214,7.296598128795466,8.095670112674927,31.706779802702442,False
vector_thrust,cruise_227,0.6889557571053155,0.08510755276261839,7.2916882171260164,8.09511887889607,31.72367456552899,False
vector_thrust,cruise_227,0.6887073866328646,0.08508005938500199,7.289002306765564,8.094815537402772,31.748088205161807,False
vector_thrust,cruise_227,0.6881880780504074,0.08502261073704731,7.283386656649403,8.0941772086815,31.775185300857967,False
vector_thrust,cruise_227,0.6876522546701436,0.08496338650509963,7.277592732012869,8.093512781871867,31.79959894049078,False
vector_thrust,cruise_227,0.6871467859108281,0.08490756515982442,7.2721273254694525,8.092880588642345,31.81649370331733,False
vector_thrust,cruise_227,0.687607227227779,0.08495841202519272,7.277105859102235,8.093456678826374,31.822523374359143,False
vector_thrust,cruise_228,0.6924129568815464,0.0854914129347876,7.329081910875689,8.099210588667138,31.822523374359143,False
vector_thrust,cruise_228,0.6716931746120813,0.08322327555357353,7.1051686074698654,8.070977381558246,31.82855294288474,False
vector_thrust,cruise_228,0.6716911920259026,0.08322306223655293,7.105147204369339,8.070974246497803,31.845447418467227,False
vector_thrust,cruise_228,0.6720620140781696,0.0832629732638602,7.109150503761399,8.071559154492434,31.86986064302035,False
vector_thrust,cruise_228,0.671711972927599,0.08322529819973859,7.1053715457599305,8.071007103098717,31.89695727801281,False
vector_thrust,cruise_228,0.6712687351512377,0.08317762397738482,7.100586647113927,8.07030428440405,31.921370502565935,False
vector_thrust,cruise_228,0.6715181387307319,0.08320444523441742,7.103279015662295,8.070700271347512,31.93826497814842,False
vector_thrust,cruise_228,0.6713775201319164,0.08318932151109776,7.101760997664859,8.07047717106759,31.94429454667402,False
vector_thrust,cruise_229,0.6948126480310698,0.08575913576539643,7.35504521175591,8.101908232048961,31.94429454667402,False
vector_thrust,cruise_229,0.6788911373338853,0.08400241162493924,7.1829022746338405,8.08180532203115,31.950324009037836,False
vector_thrust,cruise_229,0.6778023725237541,0.08388395943584842,7.171140695370503,8.08023818954462,31.967218187161635,False
vector_thrust,cruise_229,0.6778508053967239,0.08388922414076916,7.1716638730677325,8.080308434600202,31.991630981874497,False
vector_thrust,cruise_229,0.6770396837964301,0.08380111020699776,7.162902373799302,8.079125468911679,32.01872713978026,False
vector_thrust,cruise_229,0.6765388510118983,0.08374676293740985,7.157492877790565,8.07838807474297,32.04313993449312,False
vector_thrust,cruise_229,0.6762723857313447,0.08371786622422611,7.154614895692005,8.077993578097747,32.06003411261692,False
vector_thrust,cruise_229,0.6769196138304677,0.08378807683297787,7.161605473228211,8.078949170534502,32.06606357498074,False
vector_thrust,cruise_230,0.6899975553135639,0.08522299685348507,7.302955099981091,8.09637751298284,32.06606357498074,False
vector_thrust,cruise_230,0.6721811249607025,0.08327579824203554,7.110436425261546,8.071746403523543,32.072092927259426,False
vector_thrust,cruise_230,0.6730089117041436,0.08336499873490297,7.119373631695613,8.073039308070793,32.088986796931536,False
vector_thrust,cruise_230,0.6716938127719762,0.08322334421675051,7.105175496755329,8.07097839066149,32.113399145918805,False
vector_thrust,cruise_230,0.6722973527634541,0.08328831525289467,7.111691235597781,8.07192882605569,32.14049480910648,False
vector_thrust,cruise_230,0.6708721355266317,0.08313499606541584,7.096305399914284,8.069671826275751,32.16490715809374,False
vector_thrust,cruise_230,0.6710257349991665,0.08315150211642516,7.097963468661291,8.069917174311838,32.18180102776586,False
vector_thrust,cruise_230,0.6706648667833663,0.08311272935193065,7.094068024256887,8.069339943626666,32.187830380044545,False
vector_thrust,cruise_231,0.698952711597801,0.0862234951541263,7.399853508504977,8.106290638629394,32.187830380044545,False
vector_thrust,cruise_231,0.6801534119145617,0.08414000895051615,7.196539828955096,8.083590914692781,32.193859618003565,False
vector_thrust,cruise_231,0.6793578131494551,0.08405324920525524,7.187944016934216,8.082469381885355,32.210753167359094,False
vector_thrust,cruise_231,0.6791762651155615,0.08403346749516563,7.18598263081542,8.082211592121126,32.235165053475484,False
vector_thrust,cruise_231,0.6787580131239849,0.08398791688247133,7.181464107513693,8.081615050338804,32.26226020291524,False
vector_thrust,cruise_231,0.6785168365825605,0.08396166541257202,7.178858678502522,8.08126938941069,32.286672089031626,False
vector_thrust,cruise_231,0.6783165298003119,0.0839398705029629,7.176694813065771,8.080981370782181,32.303565638387155,False
vector_thrust,cruise_231,0.6782187080828372,0.08392922938614131,7.175638084596212,8.080840406177101,32.309594876346175,False
vector_thrust,cruise_232,0.6928420856553209,0.0855392118381257,7.333724370281166,8.09970153765801,32.309594876346175,False
vector_thrust,cruise_232,0.6702658229581138,0.08306988214752832,7.089760648745344,8.068698373349708,32.31562399540083,False
vector_thrust,cruise_232,0.6703352786920024,0.08307733787719715,7.090510358574204,8.068810289550626,32.33251721159369,False
vector_thrust,cruise_232,0.6697997513146152,0.08301987409311648,7.084729972726461,8.067944677479955,32.356928616276086,False
vector_thrust,cruise_232,0.6695659534739413,0.08299480300753337,7.08220649641325,8.067564825874282,32.38402323136443,False
vector_thrust,cruise_232,0.6693709571093462,0.08297390027305887,7.080101864707173,8.067247109109164,32.408434636046834,False
vector_thrust,cruise_232,0.6691731862060877,0.08295270709866712,7.077967328037443,8.066924029497283,32.425327852239704,False
vector_thrust,cruise_232,0.669718709151107,0.08301118250266701,7.08385524474137,8.067813142278633,32.43135697129435,False
vector_thrust,cruise_233,0.653517871970802,0.0812973049070305,6.909129846112658,8.038616688685416,32.43135697129435,False
vector_thrust,cruise_233,0.6934201818746778,0.0856036566763978,7.33997873375321,8.100357026756125,32.4373859664639,False
vector_thrust,cruise_233,0.6928189574648412,0.08553663482779456,7.333474156512714,8.099675172628071,32.454278835538446,False
vector_thrust,cruise_233,0.690706790637823,0.08530170183301199,7.310626054849567,8.097221694239606,32.47868973862033,False
vector_thrust,cruise_233,0.689794953818777,0.08520053064728465,7.300763902862371,8.096134479190134,32.505783796974114,False
vector_thrust,cruise_233,0.6879117771460294,0.08499206485204655,7.280398941213433,8.093835328551439,32.53019470005601,False
vector_thrust,cruise_233,0.6869448935578136,0.08488528218522687,7.269944432750242,8.092626611746919,32.547087569130554,False
vector_thrust,cruise_233,0.6864892368558374,0.08483501829579278,7.265017963613608,8.092050318917448,32.553116564300105,False
vector_thrust,cruise_234,0.6853794577165562,0.0847127552566602,7.253020207296138,8.090628803655529,32.553116564300105,False
vector_thrust,cruise_234,0.6659122169671602,0.08260427339688377,7.042777722821073,8.061474177827241,32.559145430153585,False
vector_thrust,cruise_234,0.6658857263474173,0.08260145069347041,7.042491904486186,8.061428955025061,32.576037936892554,False
vector_thrust,cruise_234,0.6658100057035768,0.08259338298716304,7.041674926976108,8.061299605648305,32.60044831638436,False
vector_thrust,cruise_234,0.6657103263864705,0.0825827641554001,7.040599459833943,8.061129137476803,32.627541793597,False
vector_thrust,cruise_234,0.6655897755080148,0.08256992425724234,7.039298817716815,8.060922684564954,32.6519521730888,False
vector_thrust,cruise_234,0.6655489376566007,0.08256557520028121,7.038858215269535,8.060852674279364,32.66884467982777,False
vector_thrust,cruise_234,0.6654506885497106,0.08255511331432483,7.037798205932974,8.060684091317729,32.67487354568126,False
vector_thrust,cruise_235,0.6947086756575085,0.08574751426676999,7.35392015630979,8.10179375574892,32.67487354568126,False
vector_thrust,cruise_235,0.6770074378117831,0.08379760970908318,7.162554076715787,8.079078152254256,32.68090227627274,False
vector_thrust,cruise_235,0.6773068866330533,0.08383012392287748,7.165788542701046,8.079516705190201,32.697794404016015,False
vector_thrust,cruise_235,0.6769643403660143,0.08379293151205366,7.162088571988237,8.079014878106186,32.72220423584318,False
vector_thrust,cruise_235,0.6765756484016666,0.08375075442134272,7.157890317291271,8.078442434057056,32.74929710519392,False
vector_thrust,cruise_235,0.6761989271411687,0.08370990229148487,7.153821513041963,8.077884558825401,32.77370693702108,False
vector_thrust,cruise_235,0.6759677042968327,0.08368484087418464,7.151324250141794,8.077540654144416,32.79059906476436,False
vector_thrust,cruise_235,0.6758705501958987,0.08367431356603738,7.150274979385218,8.07739581469633,32.79662779535584,False
vector_thrust,cruise_236,0.6918074292511184,0.08542402275391094,7.322531457683796,8.098511483638198,32.79662779535584,False
vector_thrust,cruise_236,0.6712225431617882,0.08317265764553797,7.100088001310642,8.070230796548291,32.80265638414666,False
vector_thrust,cruise_236,0.6708335194262949,0.08313084698341913,7.095888552498296,8.069610063760038,32.8195481145733,False
vector_thrust,cruise_236,0.6700739382183244,0.08304928877658256,7.087689458662848,8.068388641123022,32.8439573722613,False
vector_thrust,cruise_236,0.6705834318816806,0.08310398298004384,7.093188982509712,8.069209294609994,32.87104960436564,False
vector_thrust,cruise_236,0.6703702479523059,0.08308109198264835,7.090887821042804,8.068866597135171,32.89545886205363,False
vector_thrust,cruise_236,0.6702056087139809,0.08306341914790201,7.089110696317534,8.068601263820101,32.912350592480266,False
vector_thrust,cruise_236,0.6703177041239298,0.0830754512522408,7.090320657029133,8.068781980956729,32.91837918127109,False
vector_thrust,cruise_237,0.6988655366363346,0.08621368511553636,7.398909807119091,8.106201883143882,32.91837918127109,False
vector_thrust,cruise_237,0.6814661273358549,0.08428341034361245,7.210724175780996,8.085412355261926,32.92440762103544,False
vector_thrust,cruise_237,0.681187859499593,0.08425298624898217,7.20771723873147,8.085029265153462,32.941298933899205,False
vector_thrust,cruise_237,0.68037484310406,0.08416417629843218,7.19893233888706,8.083900692992753,32.96570758819136,False
vector_thrust,cruise_237,0.6799345453282748,0.0841161302207977,7.194175081163038,8.083283711976577,32.99279915057683,False
vector_thrust,cruise_237,0.6796709139485935,0.08408737907317171,7.1913267402977725,8.082912339997575,33.01720780486898,False
vector_thrust,cruise_237,0.679218005036909,0.0840380150039676,7.186433572241116,8.082270922330112,33.034099117732744,False
vector_thrust,cruise_237,0.6790999014519589,0.08402514859077598,7.185157633196177,8.082102951812077,33.040127557497094,False
vector_thrust,cruise_238,0.6991620893212932,0.08624706268553002,7.4021201352536945,8.106503196178926,33.040127557497094,False
vector_thrust,cruise_238,0.6833023111045703,0.08448451883330402,7.230567923773951,8.087899659496086,33.04615584020635,False
vector_thrust,cruise_238,0.6833942560290934,0.08449460517892496,7.231561674686858,8.088022360503897,33.06304671301152,False
vector_thrust,cruise_238,0.6825051027679493,0.08439712939401965,7.221951994451624,8.086828398885228,33.087454731400584,False
vector_thrust,cruise_238,0.6819526646414166,0.08433663901541066,7.215981856126121,8.0860782763326,33.114545587986875,False
vector_thrust,cruise_238,0.6814841314742416,0.08428537928809209,7.210918729769124,8.085437085652675,33.13895360637593,False
vector_thrust,cruise_238,0.6810802387532712,0.08424122341570534,7.206554321248756,8.084880669317243,33.1558444791811,False
vector_thrust,cruise_238,0.6809845322727315,0.08423076455954852,7.205520156313556,8.0847483200903,33.16187276189036,False
vector_thrust,cruise_239,0.7102703454263473,0.08750893295782655,7.522444434543097,8.116546750360332,33.16187276189036,False
vector_thrust,cruise_239,0.7032731765400762,0.08671143226519315,7.446634915268366,8.110501212680086,33.167760625376125,False
vector_thrust,cruise_239,0.7020306257181427,0.08657075289657126,7.4331785769651715,8.109327945396066,33.18425805226016,False
vector_thrust,cruise_239,0.7013602411255365,0.08649497069116907,7.425919302462647,8.108682337493915,33.208097524820424,False
vector_thrust,cruise_239,0.7002763151333482,0.08637261474312868,7.414183062705037,8.107619726645572,33.2345573431444,False
vector_thrust,cruise_239,0.6997244396145229,0.0863104004689628,7.408208125200289,8.107069783161807,33.25839681570466,False
vector_thrust,cruise_239,0.6994265273567486,0.08627683926070001,7.4049828902329065,8.106770407331608,33.274894242588694,False
vector_thrust,cruise_239,0.7000640978876922,0.08634868437782717,7.411885429974653,8.10740896554362,33.28078210607446,False
vector_thrust,cruise_240,0.7061735264833537,0.0870409070187326,7.478051410448086,8.113122331450128,33.28078210607446,False
vector_thrust,cruise_240,0.6909632936157118,0.08533018891958048,7.313400479677453,8.097524479488857,33.286736099165964,False
vector_thrust,cruise_240,0.6903970642194216,0.08526731973835816,7.30727604408069,8.096854297026075,33.30341881708777,False
vector_thrust,cruise_240,0.6915064571478802,0.08539055191251667,7.319275764967202,8.098161232829767,33.32752604295534,False
vector_thrust,cruise_240,0.6896166892743074,0.08518076930778899,7.298835954855592,8.095919946231906,33.35428304502991,False
vector_thrust,cruise_240,0.6890709286234475,0.0851203054836408,7.292933719909598,8.095259112479095,33.378390270897484,False
vector_thrust,cruise_240,0.6887364149513203,0.08508327209692282,7.289316219235445,8.094851055642811,33.39507298881929,False
vector_thrust,cruise_240,0.6891236137263095,0.08512614000786531,7.293503478872459,8.095323171738285,33.40102698191079,False
vector_thrust,cruise_241,0.7014347103270311,0.08650338483858055,7.426725668716034,8.10875449135247,33.40102698191079,False
vector_thrust,cruise_241,0.6818434123900765,0.08432468275378426,7.214801218353873,8.085929174272254,33.407054913808786,False
vector_thrust,cruise_241,0.6817211074713613,0.0843113006079879,7.213479541939095,8.085761962575786,33.42394480366266,False
vector_thrust,cruise_241,0.6810895600799135,0.08424224214391009,7.206655044209068,8.084893549205585,33.44835140164593,False
vector_thrust,cruise_241,0.6807930748305967,0.08420984695993888,7.203451375647239,8.084482983973004,33.47544068170074,False
vector_thrust,cruise_241,0.6801622183119282,0.08414096992524675,7.196634978913243,8.083603254350454,33.49984727968401,False
vector_thrust,cruise_241,0.6799548255491129,0.08411834246445865,7.194394196975434,8.083312219762352,33.51673716953788,False
vector_thrust,cruise_241,0.6799739101431405,0.08412042435251761,7.194600395153054,8.083339038966578,33.52276510143588,False
vector_thrust,cruise_242,0.6942882562018589,0.08570054204711869,7.349371040268666,8.10132864527432,33.52276510143588,False
vector_thrust,cruise_242,0.6755329509338831,0.08363774562414356,7.146628963699265,8.076890952676255,33.52879283236366,False
vector_thrust,cruise_242,0.6754678512375111,0.08363069654517577,7.145925911915599,8.076793320412389,33.54568215911151,False
vector_thrust,cruise_242,0.6751287330220317,0.08359398874679876,7.142263638634774,8.076283272795568,33.570087943383,False
vector_thrust,cruise_242,0.6747929662617922,0.08355766415348354,7.13863768057117,8.07577585010387,33.59717632028586,False
vector_thrust,cruise_242,0.674409225630649,0.083516174438868,7.134493798787443,8.075192981023116,33.621582104557355,False
vector_thrust,cruise_242,0.6744329913125108,0.08351874319349514,7.1347504315491355,8.075229170414994,33.6384714313052,False
vector_thrust,cruise_242,0.6746405626405889,0.0835411832247745,7.13699190791826,8.07554473852031,33.64449916223298,False
vector_thrust,cruise_243,0.6542007229432009,0.08136859716330043,6.9164888770620045,8.039965610200591,33.64449916223298,False
vector_thrust,cruise_243,0.6897251196975036,0.08519278856628615,7.300008636010145,8.096050514426436,33.65068932413232,False
vector_thrust,cruise_243,0.6886901213987571,0.08507814862621246,7.288815600825754,8.09479440396018,33.66803377234883,False
vector_thrust,cruise_243,0.6871958069499333,0.08491297675683632,7.272657355624006,8.092942129656377,33.69309722619752,False
vector_thrust,cruise_243,0.6853431958995496,0.0847087641060459,7.2526282057376985,8.090581926582905,33.72091556126058,False
vector_thrust,cruise_243,0.6846052380023889,0.08462759271356318,7.244650963476474,8.089622025756475,33.74597901510927,False
vector_thrust,cruise_243,0.6834686677404399,0.08450276925494751,7.232365931447732,8.088121534554606,33.763323463325776,False
vector_thrust,cruise_243,0.6849928193592076,0.084670212259603,7.248840600204095,8.090127579448913,33.76951362522512,False
vector_thrust,cruise_244,0.6952262316401668,0.0858053835494608,7.359520601875289,8.102361447279327,33.76951362522512,False
vector_thrust,cruise_244,0.6716793304253971,0.08322178599846625,7.105019152001451,8.07095548799897,33.77554048507333,False
vector_thrust,cruise_244,0.671593621125934,0.08321256493686244,7.1040938783891425,8.070819853173687,33.79242737111043,False
vector_thrust,cruise_244,0.6714124874539918,0.08319308196229377,7.10213847794343,8.070532688743292,33.81682962845271,False
vector_thrust,cruise_244,0.6710197696008021,0.08315086098574909,7.09789907317656,8.069907655145094,33.84391409075948,False
vector_thrust,cruise_244,0.6707895554130686,0.08312612362480551,7.095413978145661,8.069539708608517,33.86831634810176,False
vector_thrust,cruise_244,0.6706471363465142,0.0831108249441084,7.093876634045594,8.069311510233726,33.885203234138864,False
vector_thrust,cruise_244,0.6709102722320084,0.08313909390232138,7.0967170739832595,8.06973279045173,33.89123009398707,False
vector_thrust,cruise_245,0.6532478518121615,0.08126913666826899,6.9062199919297145,8.038080365965275,33.89123009398707,False
vector_thrust,cruise_245,0.6906993780204144,0.08530087876963593,7.310545878502955,8.09721292421525,33.89742897255737,False
vector_thrust,cruise_245,0.6903650838341622,0.08526377065569005,7.306930149271871,8.096816250620403,33.914797844343184,False
vector_thrust,cruise_245,0.6889449615366443,0.085106357513654,7.291571471036622,8.09510572022911,33.93989659127209,False
vector_thrust,cruise_245,0.6869369909367598,0.08488441011895062,7.269858989247055,8.092616653330547,33.96775409869888,False
vector_thrust,cruise_245,0.6866010135339661,0.08484734498963847,7.266226449582789,8.092192084711826,33.99285284562779,False
vector_thrust,cruise_245,0.6849909237406118,0.08467000374570627,7.248820108742722,8.090125114413363,34.0102217174136,False
vector_thrust,cruise_245,0.6850137344577772,0.08467251291793523,7.249066690742877,8.09015477220682,34.0164205959839,False
vector_thrust,cruise_246,0.6511818949503643,0.08105404734307914,6.883958811201445,8.033922010015036,34.0164205959839,False
vector_thrust,cruise_246,0.6969848501607735,0.08600238464600302,7.378552759805727,8.104250283636363,34.02261882082195,False
vector_thrust,cruise_246,0.6943636199506423,0.0857089598434697,7.350186493331066,8.10141228196864,34.03998586089067,False
vector_thrust,cruise_246,0.693812849673544,0.08564746512563977,7.344227178641712,8.100798414241,34.065081960911684,False
vector_thrust,cruise_246,0.6906097189282083,0.08529092422318782,7.309576112722566,8.097106758053561,34.092936530492366,False
vector_thrust,cruise_246,0.6890438079813102,0.08511730224993225,7.292640427021812,8.095226114639443,34.11803263051338,False
vector_thrust,cruise_246,0.6875231773515742,0.0849491274638554,7.276197050234171,8.093351843361843,34.135399670582096,False
vector_thrust,cruise_246,0.6898719715628895,0.08520907016119358,7.301596867965268,8.096226965718904,34.14159789542014,False
vector_thrust,cruise_247,0.6522245721869896,0.08116250687950574,6.895193364016863,8.03603285880863,34.14159789542014,False
vector_thrust,cruise_247,0.6954782560463596,0.0858335807530134,7.362247852950293,8.102635937414776,34.147795386704274,False
vector_thrust,cruise_247,0.6940391146527667,0.08567272141473928,7.346675316646072,8.10105134040207,34.1651603714006,False
vector_thrust,cruise_247,0.6930947038521688,0.08556736564088505,7.33645737474885,8.099988806024436,34.190253501322466,False
vector_thrust,cruise_247,0.6912905749672347,0.08536655400525488,7.316940573785083,8.097908871016173,34.21810477434179,False
vector_thrust,cruise_247,0.688553207808791,0.0850629981961955,7.287335031304579,8.094626599225455,34.24319790426365,False
vector_thrust,cruise_247,0.6873560751874889,0.0849306723513571,7.27439024225458,8.093142985421164,34.26056288895998,False
vector_thrust,cruise_247,0.6885071927063372,0.08505790707376523,7.286837433349369,8.094570115735852,34.266760380244115,False
vector_thrust,cruise_248,0.6545832142332937,0.08140856699505142,6.920611164272671,8.040716578060929,34.266760380244115,False
vector_thrust,cruise_248,0.68590752811393,0.08477090426740412,7.258728976452064,8.09130838041176,34.27295703593721,False
vector_thrust,cruise_248,0.6852128958853921,0.08469442462605342,7.251219633811852,8.090413258142723,34.2903196793595,False
vector_thrust,cruise_248,0.6859969774210593,0.08478075908063287,7.259696009342121,8.091422922607057,34.31540942604234,False
vector_thrust,cruise_248,0.6823801565422392,0.08438344330750652,7.220601685196355,8.086659299449758,34.34325694394965,False
vector_thrust,cruise_248,0.6812728182186405,0.08426227362704006,7.208635286036117,8.085146399372942,34.36834669063249,False
vector_thrust,cruise_248,0.6804635984674821,0.08417386568781093,7.199891333842551,8.084024571132638,34.38570933405477,False
vector_thrust,cruise_248,0.6802605285272905,0.0841516987186677,7.197697191161137,8.083740897513048,34.391905989747876,False
vector_thrust,cruise_249,0.6536514296155574,0.08131124230663826,6.910569148723565,8.038881353583664,34.391905989747876,False
vector_thrust,cruise_249,0.6881704898341668,0.08502066589411945,7.2831964680643875,8.094155492632584,34.398101674816175,False
vector_thrust,cruise_249,0.6891210623889737,0.08512585745262047,7.293475887561876,8.095320070902384,34.41546159860821,False
vector_thrust,cruise_249,0.68577143258217,0.08475591312930232,7.257257669927772,8.091133789520592,34.44054741531147,False
vector_thrust,cruise_249,0.6845645358582948,0.08462311857084105,7.244210995202616,8.089568754018693,34.468390571270525,False
vector_thrust,cruise_249,0.682668872522789,0.08441507232880119,7.223721900124085,8.087049548020968,34.493476387973786,False
vector_thrust,cruise_249,0.6817741668691848,0.08431710583588803,7.214052921252362,8.085834542235913,34.51083631176582,False
vector_thrust,cruise_249,0.6833354082858067,0.08448814941310065,7.230925640706401,8.087943848132735,34.51703199683412,False
vector_thrust,cruise_250,0.6518463265214044,0.08112313933168026,6.891117745644857,8.035269984514084,34.51703199683412,False
vector_thrust,cruise_250,0.6943578803925312,0.0857083187238485,7.350124389771599,8.101405916381893,34.52322652413875,False
vector_thrust,cruise_250,0.692685841349964,0.08552180453777239,7.3320340431127935,8.099523216257975,34.54058320394906,False
vector_thrust,cruise_250,0.6911050050471976,0.08534593245310257,7.3149333107655465,8.097691186711899,34.56566433296292,False
vector_thrust,cruise_250,0.6893483421139932,0.08515103284796671,7.295933821045688,8.095595779146839,34.59350228597927,False
vector_thrust,cruise_250,0.6871932176752846,0.08491269090720163,7.272629359544995,8.092938880317622,34.618583414993125,False
vector_thrust,cruise_250,0.6862191346384905,0.08480524087766703,7.262097780142465,8.091706686245642,34.63594009480344,False
vector_thrust,cruise_250,0.6858165355768554,0.08476088092314711,7.257745268771937,8.091191692529563,34.64213462210807,False
vector_thrust,cruise_251,0.6527703342450014,0.08121935426439289,6.9010742383550765,8.03712785157146,34.64213462210807,False
vector_thrust,cruise_251,0.6917139080709873,0.08541362057960708,7.321519804231479,8.098402846959251,34.64832771500032,False
vector_thrust,cruise_251,0.6903744791682526,0.08526481330103942,7.307031767607757,8.096827430217765,34.66568037567647,False
vector_thrust,cruise_251,0.6892552285022792,0.085140717672955,7.294926830067544,8.095482952702682,34.69075569687319,False
vector_thrust,cruise_251,0.6873635611704275,0.08493149901045186,7.274471184496703,8.093152354297185,34.71858720369883,False
vector_thrust,cruise_251,0.6854563261865576,0.08472121656031253,7.253851184211486,8.09072808460659,34.74366252489555,False
vector_thrust,cruise_251,0.6845212329694093,0.08461835887362856,7.243742916267118,8.08951204066357,34.761015185571694,False
vector_thrust,cruise_251,0.6836896066380936,0.08452701546388405,7.234753919163658,8.088415317706495,34.767208278463954,False
vector_thrust,cruise_252,0.7238360219777622,0.08908080750597483,7.669580907344168,8.125611366165636,34.767208278463954,False
vector_thrust,cruise_252,0.7264283701588664,0.08938506906067303,7.697722779193067,8.12695428657978,34.78057283641797,False
vector_thrust,cruise_252,0.7314104094610571,0.08997331981651097,7.7518290656343085,8.129192197783462,34.81801949567168,False
vector_thrust,cruise_252,0.7294248108256381,0.08973831707058152,7.730261364003144,8.12835402576055,34.87213148610674,False
vector_thrust,cruise_252,0.7290840480845051,0.089698060509279,7.726560452974582,8.12820303967535,34.93219126437749,False
vector_thrust,cruise_252,0.726325098267514,0.08937292422606488,7.696601532843004,8.126903137132524,34.98630325481255,False
vector_thrust,cruise_252,0.7243174879688172,0.08913722225298568,7.674806975492563,8.12587008728058,35.02374991406625,False
vector_thrust,cruise_252,0.7242414180659948,0.08912830605944083,7.673981257133135,8.125829493303607,35.037114472020264,False
vector_thrust,decel_descend,1.2541377494861312,0.18325001865909465,13.715767052699393,6.843861510427676,35.037114472020264,True
vector_thrust,decel_descend,1.25204262261064,0.18270319219216205,13.690241672623138,6.8528776513865015,35.15595183053736,True
vector_thrust,decel_descend,1.246192119306424,0.1811856986972824,13.61907085312264,6.877982800334095,35.48892670978979,True
vector_thrust,decel_descend,1.23778959700294,0.17903060832024234,13.517129051901156,6.913843440607846,35.97008935127269,True
vector_thrust,decel_descend,1.2285347570275813,0.1766899535505819,13.40521705205356,6.9530538230397045,36.50413959276784,True
vector_thrust,decel_descend,1.2202603277889625,0.174626411904034,13.305485666557967,6.987833710169554,36.985302234250746,True
vector_thrust,decel_descend,1.2145695466298534,0.17322309408068656,13.237071402080938,7.011591341649354,37.31827711350317,True
vector_thrust,decel_descend,1.212545500426622,0.17272708643579457,13.212772882822156,7.020007836914128,37.43711447202027,True
vector_thrust,arrival_terminal_procedure,1.0993039043745594,0.1476508992055618,11.875930675831237,7.445290955147466,37.43711447202027,True
vector_thrust,arrival_terminal_procedure,1.0993039043698596,0.14765089920463131,11.875930675777008,7.445290955162555,37.480498788499624,True
vector_thrust,arrival_terminal_procedure,1.0993039042711816,0.1476508991850959,11.875930674638417,7.445290955479307,37.60205894198523,True
vector_thrust,arrival_terminal_procedure,1.0993039044782695,0.14765089922609342,11.875930677027894,7.445290954814561,37.77771845324181,True
vector_thrust,arrival_terminal_procedure,1.0993039043698036,0.14765089920462024,11.87593067577636,7.445290955162735,37.97268580174248,True
vector_thrust,arrival_terminal_procedure,1.0993039043699153,0.14765089920464236,11.87593067577765,7.445290955162375,38.14834531299906,True
vector_thrust,arrival_terminal_procedure,1.099303904371334,0.14765089920492322,11.87593067579402,7.445290955157821,38.26990546648467,True
vector_thrust,arrival_terminal_procedure,1.0993039043714448,0.14765089920494515,11.8759306757953,7.445290955157466,38.31328978296402,True
vector_thrust,second_descent,1.3726995443316523,0.21709381453381338,15.203778526613746,6.323070729948632,38.31328978296402,True
vector_thrust,second_descent,1.3722334811443218,0.21694834362975174,15.19781684765893,6.325162286033407,38.33804756598841,True
vector_thrust,second_descent,1.3709284529522534,0.2165415250515662,15.181129757249993,6.3310187393655175,38.407417332499335,True
vector_thrust,second_descent,1.3690448503018342,0.21595568595410705,15.157060826618892,6.339471194070673,38.507659549474944,True
vector_thrust,second_descent,1.366957277467924,0.215308254179563,15.130407920362769,6.348838239744898,38.618920016453096,True
vector_thrust,second_descent,1.3650792027809304,0.21472745144593866,15.106449818002266,6.357264493145688,38.719162233428705,True
vector_thrust,second_descent,1.3637810678197695,0.2143269131452537,15.089900928659315,6.363088273918765,38.78853199993963,True
vector_thrust,second_descent,1.3633180723783174,0.21418423723346441,15.084000754865848,6.365165289415195,38.81328978296402,True
vector_thrust,hover_descent,0.0,0.0,90.0,,38.81328978296402,False
vector_thrust,hover_descent,0.0,0.0,90.0,,38.82168633807784,False
vector_thrust,hover_descent,0.0,0.0,90.0,,38.84521296270202,False
vector_thrust,hover_descent,0.0,0.0,90.0,,38.87920992029463,False
vector_thrust,hover_descent,0.0,0.0,90.0,,38.91694369645912,False
vector_thrust,hover_descent,0.0,0.0,90.0,,38.95094065405172,False
vector_thrust,hover_descent,0.0,0.0,90.0,,38.9744672786759,False
vector_thrust,hover_descent,0.0,0.0,90.0,,38.98286383378972,False
