eVTOL_type,mission_segment,CL,CD,AOA_deg,L_D,time_min,fesibility
vector_thrust,hover_climb,0.0,0.0,-90.0,,0.0,True
vector_thrust,hover_climb,0.0,0.0,-90.0,,0.005730614587323545,True
vector_thrust,hover_climb,0.0,0.0,-90.0,,0.02178743984889906,True
vector_thrust,hover_climb,0.0,0.0,-90.0,,0.04499022461763282,True
vector_thrust,hover_climb,0.0,0.0,-90.0,,0.07074337280659643,True
vector_thrust,hover_climb,0.0,0.0,-90.0,,0.09394615757533019,True
vector_thrust,hover_climb,0.0,0.0,-90.0,,0.1100029828369057,True
vector_thrust,hover_climb,0.0,0.0,-90.0,,0.11573359742422926,True
vector_thrust,second_climb,1.001941536619465,0.12968373028317745,10.764423167875263,7.726038836418609,0.11573359742422926,True
vector_thrust,second_climb,1.002287104697189,0.12974338102470342,10.768308424686658,7.725150190947709,0.14049138044862444,True
vector_thrust,second_climb,1.0032560941675954,0.12991079547782927,10.779204219051374,7.722653767744901,0.20986114695954575,True
vector_thrust,second_climb,1.0046582226853689,0.13015343986801545,10.794973981723986,7.71902935261766,0.3101033639351505,True
vector_thrust,second_climb,1.00621709758703,0.13042376240319073,10.812511632099447,7.714982906844999,0.42136383091330754,True
vector_thrust,second_climb,1.007623967904397,0.1306682288051401,10.828343727409342,7.711315727765954,0.5216060478889122,True
vector_thrust,second_climb,1.0085988704890372,0.13083791534920514,10.839317251985795,7.708765978096613,0.5909758143998336,True
vector_thrust,second_climb,1.0089470705169192,0.13089857734545046,10.843237106331035,7.7078535991589705,0.6157335974242287,True
vector_thrust,departure_terminal_procedures,0.9572585565614491,0.12222260227660633,10.260456943955134,7.832091108607253,0.6157335974242287,True
vector_thrust,departure_terminal_procedures,0.9572585565614486,0.12222260227660622,10.260456943955127,7.832091108607257,0.6646251355834295,True
vector_thrust,departure_terminal_procedures,0.9572585565614451,0.12222260227660575,10.260456943955095,7.8320911086072575,0.8016161813132363,True
vector_thrust,departure_terminal_procedures,0.9572585558587493,0.12222260216456307,10.260456936106626,7.832091110037703,0.9995739779219408,True
vector_thrust,departure_terminal_procedures,0.95725855622377,0.12222260222276443,10.26045694018357,7.832091109294652,1.2192905559981373,True
vector_thrust,departure_terminal_procedures,0.9572585565389005,0.12222260227301102,10.260456943703284,7.832091108653155,1.4172483526068418,True
vector_thrust,departure_terminal_procedures,0.9572585565626233,0.12222260227679352,10.260456943968247,7.832091108604865,1.554239398336649,True
vector_thrust,departure_terminal_procedures,0.9572585565626196,0.12222260227679299,10.26045694396821,7.832091108604869,1.6031309364958497,True
vector_thrust,accel_climb,1.0007476394630854,0.1289859505915223,10.739489230880402,7.7585786271583315,1.6031309364958497,False
vector_thrust,accel_climb,0.8369692752247292,0.10396477048690783,8.91914090287754,8.050508564630821,1.7219682950129467,False
vector_thrust,accel_climb,0.839360712362293,0.1043115908494536,8.945426585198906,8.046667733921247,2.054943174265369,False
vector_thrust,accel_climb,0.9218329190998545,0.11637480431398978,9.857891332699205,7.9212414107495785,2.5361058157482717,False
vector_thrust,accel_climb,0.8874798623745277,0.11124045701363569,9.476693222169283,7.978031430289267,3.070156057243426,False
vector_thrust,accel_climb,0.8743869212623112,0.1093505149726138,9.331736903225913,7.996184759452631,3.551318698726328,False
vector_thrust,accel_climb,0.9293841089281396,0.11760026799214238,9.941613875580932,7.9029080868271295,3.884293577978751,False
vector_thrust,accel_climb,0.963510149855652,0.12297729479121361,10.321920268889414,7.834862130375079,4.003130936495848,False
vector_thrust,cruise_0,0.6955787590933321,0.08584482855179737,7.363335454123747,8.102745043909444,4.003130936495848,False
vector_thrust,cruise_0,0.7009811565000597,0.08645215431767059,7.421814601585715,8.10831334433017,4.0093403867511475,False
vector_thrust,cruise_0,0.6990199226009639,0.08623105954255855,7.400581098465337,8.106358965193614,4.0267388797400745,False
vector_thrust,cruise_0,0.7000465555730738,0.08634670661346107,7.411695505198521,8.107391503730376,4.051880430547659,False
vector_thrust,cruise_0,0.6969493193574123,0.08599839888142978,7.378168203276567,8.10421273445254,4.079785446695571,False
vector_thrust,cruise_0,0.6957666844081782,0.08586586516137344,7.365369132194551,8.10294851278302,4.1049269975031555,False
vector_thrust,cruise_0,0.696559565795459,0.0859546923557825,7.373949920622259,8.103799184252432,4.122325490492083,False
vector_thrust,cruise_0,0.6959726642177254,0.0858889302216638,7.367598236671981,8.103170716197603,4.128534940747382,False
vector_thrust,cruise_1,0.6804947076883319,0.08417726220688054,7.200227468631439,8.084067951935708,4.128534940747382,False
vector_thrust,cruise_1,0.6815002583485495,0.0842871429835398,7.211092998208484,8.085459231684219,4.1350801476254935,False
vector_thrust,cruise_1,0.6813392916432489,0.08426954117075722,7.209353590332304,8.085237942172204,4.153419409765923,False
vector_thrust,cruise_1,0.6811402352222655,0.08424778070754134,7.207202623533145,8.084963538526708,4.179920411385468,False
vector_thrust,cruise_1,0.6806553131947002,0.08419479997477561,7.201962826061382,8.084291588062701,4.209334304099922,False
vector_thrust,cruise_1,0.6800466609748353,0.08412836115302962,7.195386430107522,8.083441204064696,4.235835305719467,False
vector_thrust,cruise_1,0.6798407500869905,0.08410589964627915,7.193161684755156,8.083151752090755,4.254174567859897,False
vector_thrust,cruise_1,0.6820664909919509,0.08434909815214099,7.217211937854718,8.086233355592059,4.260719774738008,False
vector_thrust,cruise_2,0.7118206088626445,0.08768684302742596,7.539248091786117,8.117758426312681,4.260719774738008,False
vector_thrust,cruise_2,0.7150054834909811,0.0880537339463183,7.573778410040647,8.120104071076442,4.26707757887355,False
vector_thrust,cruise_2,0.7165805578188191,0.08823587162710697,7.59085968350209,8.121193167866641,4.284891750197784,False
vector_thrust,cruise_2,0.714781623495181,0.08802788454756155,7.571350941163965,8.119945482831453,4.310633973603469,False
vector_thrust,cruise_2,0.7139098215968718,0.08792730469391452,7.561897945797226,8.119318840513506,4.339205686037459,False
vector_thrust,cruise_2,0.7123480875033625,0.08774747812810746,7.544966186452904,8.11816023320198,4.364947909443144,False
vector_thrust,cruise_2,0.7119060989518378,0.08769666686080266,7.540174819132684,8.117823908653419,4.382762080767376,False
vector_thrust,cruise_2,0.7112311739399677,0.08761914658310452,7.532858745524195,8.117303142931016,4.389119884902918,False
vector_thrust,cruise_3,0.6999082995355748,0.08633112125390469,7.4101986654676475,8.10725366901126,4.389119884902918,False
vector_thrust,cruise_3,0.7168522618988266,0.08826733720158736,7.593806536960605,8.121376316832349,4.395477612139265,False
vector_thrust,cruise_3,0.7144719123855616,0.08799213707581885,7.567992625470128,8.119724513224783,4.413291567996741,False
vector_thrust,cruise_3,0.7151892420197348,0.08807495969749399,7.575771074593702,8.120233542838443,4.439033480043942,False
vector_thrust,cruise_3,0.7146925551873617,0.08801760229130712,7.570385128087624,8.119882121100986,4.467604846896084,False
vector_thrust,cruise_3,0.7174966687352387,0.08834201943766956,7.600796002642645,8.121805153452195,4.493346758943284,False
vector_thrust,cruise_3,0.7123356712492283,0.08774605025624979,7.544831585229089,8.118150836065599,4.511160714800759,False
vector_thrust,cruise_3,0.7122439917986255,0.08773550798017127,7.543837718845742,8.118081358343497,4.517518442037106,False
vector_thrust,cruise_4,0.7250491953622451,0.08922304099845077,7.682749813756945,8.126255138230881,4.517518442037106,False
vector_thrust,cruise_4,0.7370612065583935,0.09064614346589586,7.813234443049068,8.131192110072513,4.523876092038674,False
vector_thrust,cruise_4,0.7374614991227909,0.09069403179987262,7.8175857625585,8.131312331004196,4.541689831489105,False
vector_thrust,cruise_4,0.7344076372401245,0.09032944699952428,7.784394149257518,8.130323627952603,4.567431430819063,False
vector_thrust,cruise_4,0.7421467956461207,0.09125678452392047,7.868531132310309,8.132510908836451,4.596002450581255,False
vector_thrust,cruise_4,0.7383263270054528,0.09079759658873837,7.82698740980804,8.13156245037688,4.621744049911214,False
vector_thrust,cruise_4,0.7359895745265959,0.09051808831801078,7.801586390154023,8.1308563647621,4.639557789361645,False
vector_thrust,cruise_4,0.7321004060842726,0.09005515569533284,7.759324964742402,8.129466885394704,4.645915439363212,False
vector_thrust,cruise_5,0.699535340588045,0.08628909569706322,7.406160904125576,8.10687995901495,4.645915439363212,False
vector_thrust,cruise_5,0.7025000091104683,0.08662386237109898,7.438261608964576,8.109774718898347,4.652273011791551,False
vector_thrust,cruise_5,0.7022506682997616,0.08659564509718316,7.435561424088547,8.109537927821325,4.670086533886624,False
vector_thrust,cruise_5,0.7034857490667947,0.08673552770579088,7.448937168213816,8.110698898991384,4.6958278191289935,False
vector_thrust,cruise_5,0.7039052961699528,0.08678310837629641,7.4534811968002295,8.111086469935833,4.72439849028026,False
vector_thrust,cruise_5,0.7003141145019234,0.0863768779983422,7.41459231408194,8.107657173200497,4.750139775522627,False
vector_thrust,cruise_5,0.6997913326562359,0.08631793851573047,7.408932331323996,8.107136763104078,4.767953297617701,False
vector_thrust,cruise_5,0.7007963670347371,0.0864312924923365,7.4198137736296985,8.108132446322886,4.7743108700460395,False
vector_thrust,cruise_6,0.6984984733066596,0.08617239371633359,7.394936303990731,8.105826508730978,4.7743108700460395,False
vector_thrust,cruise_6,0.7001966271310707,0.08636362787617052,7.413320291028078,8.10754068987263,4.7806683645598005,False
vector_thrust,cruise_6,0.7001990102987002,0.08636389662260624,7.41334609317113,8.107543055386168,4.798481668343078,False
vector_thrust,cruise_6,0.6998440354137154,0.0863238780637686,7.409502912311523,8.107189471917971,4.824222638115764,False
vector_thrust,cruise_6,0.6994757285971835,0.08628238089074804,7.405515542043428,8.106819971540535,4.852792959122096,False
vector_thrust,cruise_6,0.7005135095519244,0.08639937138054224,7.4167511784386315,8.107854239662732,4.878533928894781,False
vector_thrust,cruise_6,0.6989707782358626,0.08622552841658773,7.400049087654368,8.106309013948557,4.896347232678059,False
vector_thrust,cruise_6,0.6976649657060834,0.0860787229281168,7.385914050922318,8.104964176672256,4.9027047271918205,False
vector_thrust,cruise_7,0.6935464609460866,0.08561774208428197,7.34134498357829,8.100499313137231,4.9027047271918205,False
vector_thrust,cruise_7,0.6949401864987699,0.0857733940549131,7.356425285698678,8.102048358420575,4.909062143446718,False
vector_thrust,cruise_7,0.696094960817294,0.08590262832834694,7.368921747607597,8.103302243053607,4.926875227953532,False
vector_thrust,cruise_7,0.6949907347864444,0.08577904597219349,7.356972265898041,8.102103805301537,4.952615880862547,False
vector_thrust,cruise_7,0.6945073257376251,0.08572501401360993,7.351741440515132,8.101571445965156,4.981185850176738,False
vector_thrust,cruise_7,0.6961721772913955,0.08591127854040281,7.369757403742278,8.103385133117254,5.006926503085751,False
vector_thrust,cruise_7,0.6951992151424088,0.08580236155523481,7.359228250389592,8.102331946829668,5.024739587592566,False
vector_thrust,cruise_7,0.6944870942704263,0.08572275361639815,7.351522527525605,8.101549063369983,5.031097003847464,False
vector_thrust,cruise_8,0.6958115304273833,0.08587088623726691,7.365854449802712,8.102996963427282,5.031097003847464,False
vector_thrust,cruise_8,0.6981391891007934,0.08613200126263021,7.391047157757123,8.105456495455803,5.037454341496235,False
vector_thrust,cruise_8,0.6989180978694508,0.08621959980950952,7.399478800994171,8.106255415399923,5.055267205753582,False
vector_thrust,cruise_8,0.6982491585848816,0.08614436205282282,7.3922375297589475,8.105570021596103,5.081007540392892,False
vector_thrust,cruise_8,0.6993941266240264,0.08627319014594961,7.404632121931386,8.106737741363814,5.109577156454363,False
vector_thrust,cruise_8,0.6993235596724194,0.08626524324650095,7.403868172636327,8.10666652471052,5.135317491093673,False
vector_thrust,cruise_8,0.6970541722378569,0.08601016170269665,7.379303049690428,8.104323471071934,5.153130355351021,False
vector_thrust,cruise_8,0.6968476753946957,0.08598699796695855,7.377068099487495,8.104105177185824,5.159487692999791,False
vector_thrust,cruise_9,0.6796110095664409,0.08408084776473368,7.190679528523881,8.082827750120433,5.159487692999791,False
vector_thrust,cruise_9,0.6778532311201174,0.0838894878306271,7.171690076089021,8.080311951465282,5.165844951692163,False
vector_thrust,cruise_9,0.6780838999062143,0.08391456768792227,7.174181823286834,8.080645811440082,5.183657594718593,False
vector_thrust,cruise_9,0.6776016507966613,0.08386214528551418,7.168972502190225,8.079946541907818,5.209397609669964,False
vector_thrust,cruise_9,0.6774494574629476,0.08384560998068676,7.167328540964516,8.079724837340837,5.237966870904595,False
vector_thrust,cruise_9,0.6767392199677641,0.08376850030214873,7.159657030928317,8.078683723915315,5.263706885855966,False
vector_thrust,cruise_9,0.6768527667189174,0.08378082182951997,7.160883450456964,8.078850886616989,5.281519528882396,False
vector_thrust,cruise_9,0.6766704360524157,0.08376103734622113,7.158914101959128,8.078582327669126,5.287876787574767,False
vector_thrust,cruise_10,0.7139165009919987,0.08792807476268022,7.561970367480427,8.119323696315139,5.287876787574767,False
vector_thrust,cruise_10,0.7192506099889389,0.08854567826066331,7.619822338277604,8.122932977842106,5.294233966957411,False
vector_thrust,cruise_10,0.7193926374028161,0.08856219470408766,7.621363175802743,8.123021790579134,5.312046387762922,False
vector_thrust,cruise_10,0.71715253878561,0.08830212762877507,7.597063386375008,8.121577113074126,5.3377860815957625,False
vector_thrust,cruise_10,0.7168395715939693,0.08826586725556759,7.593668898280518,8.121367793491576,5.36635498641571,False
vector_thrust,cruise_10,0.7173651173120204,0.08832676730799391,7.599369109643462,8.121718242110918,5.39209468024855,False
vector_thrust,cruise_10,0.7147005356979819,0.08801852352056705,7.5704716644566155,8.119887804423119,5.409907101054061,False
vector_thrust,cruise_10,0.7153228092149305,0.0880903918174765,7.577219492560602,8.120327250866145,5.416264280436704,False
vector_thrust,cruise_11,0.7138311364735599,0.0879182336908205,7.561044802228828,8.119261574156155,5.416264280436704,False
vector_thrust,cruise_11,0.7004564370000188,0.08639293238921801,7.416133245275882,8.107797913888579,5.4226213801532,False
vector_thrust,cruise_11,0.7018034348963785,0.08654506136626433,7.430718378998936,8.109110142360414,5.440433577739125,False
vector_thrust,cruise_11,0.7016890968626684,0.08653213520079385,7.429480260466872,8.109000144679559,5.466172949010318,False
vector_thrust,cruise_11,0.6987941448833264,0.08620565224023835,7.3981369712164975,8.10612908462108,5.494741495813846,False
vector_thrust,cruise_11,0.6990208785332472,0.08623116713571087,7.400591446907833,8.10635993634559,5.52048086708504,False
vector_thrust,cruise_11,0.6982112190350982,0.08614009732162772,7.3918268490383,8.105530882187592,5.538293064670965,False
vector_thrust,cruise_11,0.7012599914960104,0.08648364526181943,7.424833790901213,8.108585032152904,5.544650164387461,False
vector_thrust,cruise_12,0.7261930320480475,0.0893573960536671,7.695167678468449,8.126837442889492,5.544650164387461,False
vector_thrust,cruise_12,0.737787988607654,0.09073311306262871,7.821134961537798,8.131408299618183,5.551007184078256,False
vector_thrust,cruise_12,0.7359847628152346,0.09051751382547113,7.8015340926387475,8.130854811526348,5.56881915743715,False
vector_thrust,cruise_12,0.7396502223150424,0.09095640731179566,7.841381403781337,8.131919940280238,5.594558204690896,False
vector_thrust,cruise_12,0.7343335814481251,0.09032062754057305,7.783589397153871,8.130297601378535,5.623126391862192,False
vector_thrust,cruise_12,0.7343584098075274,0.0903235842874387,7.78385920210883,8.130306338049682,5.648865439115938,False
vector_thrust,cruise_12,0.7337611925724283,0.09025249515695263,7.777369565517191,8.130093149185392,5.666677412474832,False
vector_thrust,cruise_12,0.7350873554546584,0.09041044398913228,7.791780845768888,8.130557964553509,5.673034432165627,False
vector_thrust,cruise_13,0.7349416364283942,0.09039307245113926,7.790197227335849,8.130508417286698,5.673034432165627,False
vector_thrust,cruise_13,0.7485089682817571,0.09202755679098432,7.937753234448038,8.133530807318861,5.679391371467996,False
vector_thrust,cruise_13,0.7499670777135501,0.09220528078675366,7.953624928008048,8.133667305325222,5.697203119583521,False
vector_thrust,cruise_13,0.7547477117435885,0.09279079592872977,8.005681370988512,8.133863969905924,5.722941841351171,False
vector_thrust,cruise_13,0.7448075901517829,0.09157821012430051,7.897475176756377,8.13302191799604,5.751509667260152,False
vector_thrust,cruise_13,0.7450653193252174,0.09160941475727816,7.900279211630964,8.133064939878613,5.7772483890278,False
vector_thrust,cruise_13,0.745029351008479,0.09160505913194217,7.899887879578538,8.133059004256365,5.795060137143326,False
vector_thrust,cruise_13,0.7436360712080008,0.09143652576950978,7.8847303517118785,8.132811969283855,5.801417076445694,False
vector_thrust,cruise_14,0.6986427382583574,0.08618861931640294,7.396497970720822,8.105974359487107,5.801417076445694,False
vector_thrust,cruise_14,0.703038315495952,0.08668482002225789,7.4440913277526874,8.110281769235193,5.807773934993692,False
vector_thrust,cruise_14,0.7013658583513829,0.0864956053364597,7.425980126601364,8.108687783883774,5.825585456840502,False
vector_thrust,cruise_14,0.7017614671244063,0.08654031653932184,7.430263925905372,8.109069797607486,5.85132385164038,False
vector_thrust,cruise_14,0.7013551520764006,0.08649439572531914,7.425864197529067,8.108677402680506,5.879891314642518,False
vector_thrust,cruise_14,0.700077162503224,0.08635015735181306,7.412026876425569,8.107421966249895,5.9056297094423975,False
vector_thrust,cruise_14,0.6998695787430362,0.08632675695433359,7.40977945567007,8.107214998395731,5.923441231289206,False
vector_thrust,cruise_14,0.6999627518793876,0.08633725915305529,7.41078819542033,8.10730800057622,5.929798089837204,False
vector_thrust,cruise_15,0.6933425228194785,0.08559499588129539,7.339138526783028,8.100269363655531,5.929798089837204,False
vector_thrust,cruise_15,0.6953385661812087,0.08581795042363685,7.36073620749711,8.102483952934065,5.9361548672616316,False
vector_thrust,cruise_15,0.6961974695030912,0.0859141121491169,7.370031123881843,8.103412257752668,5.953966161805245,False
vector_thrust,cruise_15,0.695438541141562,0.08582913656759045,7.361818078280681,8.10259276689687,5.9797042281424915,False
vector_thrust,cruise_15,0.6941302179587245,0.08568289324063545,7.34766105079102,8.101152887184842,6.008271326578608,False
vector_thrust,cruise_15,0.6942574894377038,0.08569710583387832,7.3490381386407275,8.101294468257825,6.034009392915854,False
vector_thrust,cruise_15,0.6942893646422706,0.0857006658474878,7.349383033802421,8.101329876220825,6.051820687459468,False
vector_thrust,cruise_15,0.6954940804284546,0.08583535161647798,7.362419096924222,8.10265312986659,6.0581774648838955,False
vector_thrust,cruise_16,0.7252936522623703,0.08925173445832318,7.6854035868701684,8.12638159543053,6.0581774648838955,False
vector_thrust,cruise_16,0.7307807794834776,0.08989872118644557,7.744989470558699,8.12893409204202,6.064534160812248,False
vector_thrust,cruise_16,0.728936752117032,0.08968066616161177,7.724960763459852,8.128137126049324,6.082345227008938,False
vector_thrust,cruise_16,0.7305794088163137,0.08987487838392097,7.74280210578731,8.128850040780891,6.108082963375316,False
vector_thrust,cruise_16,0.7276230685247714,0.08952571061782427,7.710694815623672,8.127531895624005,6.1366496955714025,False
vector_thrust,cruise_16,0.7270269683067937,0.08945550365200439,7.704222145658844,8.127246939831002,6.1623874319377805,False
vector_thrust,cruise_16,0.7265599646249822,0.08940054752267382,7.699151548590613,8.127019182301,6.18019849813447,False
vector_thrust,cruise_16,0.7264512561183359,0.0893877607315135,7.697971258967783,8.126965595438916,6.186555194062823,False
vector_thrust,cruise_17,0.6968187265418688,0.0859837512586972,7.376754784991069,8.104074506418863,6.186555194062823,False
vector_thrust,cruise_17,0.7001270726372476,0.08635578477248468,7.41256723940129,8.107471601141969,6.192911808119253,False
vector_thrust,cruise_17,0.699549044948202,0.08629063947379384,7.406309268709316,8.106893739739322,6.210722644915913,False
vector_thrust,cruise_17,0.6995205837951053,0.08628743340370118,7.406001146050909,8.106865115831575,6.2364600497896445,False
vector_thrust,cruise_17,0.6984481849481339,0.08616673863712321,7.394391938498559,8.105774873173877,6.265026414056649,False
vector_thrust,cruise_17,0.6998862689600216,0.08632863810911066,7.409960151724663,8.107231670624019,6.290763818930381,False
vector_thrust,cruise_17,0.6973416823901143,0.08604242606359624,7.38241490037575,8.104625988517462,6.30857465572704,False
vector_thrust,cruise_17,0.6988460008152761,0.08621148688643657,7.398698325764098,8.106181972430681,6.314931269783471,False
vector_thrust,cruise_18,0.6985128245301662,0.08617400763998717,7.39509165479854,8.10584123519441,6.314931269783471,False
vector_thrust,cruise_18,0.700027044273608,0.08634450692699566,7.411484263290144,8.107372074815151,6.321287801588738,False
vector_thrust,cruise_18,0.6998241927253793,0.08632164175297613,7.409288087117275,8.107169633404839,6.339098407922762,False
vector_thrust,cruise_18,0.7002289138901415,0.08636726889660498,7.413669854720692,8.107572727909506,6.364835479768336,False
vector_thrust,cruise_18,0.7005978398910307,0.08640888671868327,7.417664242535552,8.107937348758226,6.393401474401974,False
vector_thrust,cruise_18,0.6989443196660081,0.0862225507264511,7.399762662348943,8.106282101111491,6.419138546247549,False
vector_thrust,cruise_18,0.6991428127801621,0.08624489258517688,7.401911454236095,8.106483663246227,6.4369491525815725,False
vector_thrust,cruise_18,0.6985500455774072,0.08617819365573291,7.395494570638412,8.10587941037607,6.44330568438684,False
vector_thrust,cruise_19,0.7251350114835644,0.08923311251613636,7.68368140757185,8.126299655326216,6.44330568438684,False
vector_thrust,cruise_19,0.7404342211928034,0.09105060866655817,7.84990640874904,8.132117204228601,6.449662133558269,False
vector_thrust,cruise_19,0.7383406641234737,0.0907993146676794,7.827143278023404,8.131566486220306,6.467472508357423,False
vector_thrust,cruise_19,0.7361869817893685,0.09054166142454095,7.803731993936816,8.130919735804936,6.493209245625416,False
vector_thrust,cruise_19,0.739704111939023,0.09096287872430411,7.841967361784242,8.131933842825749,6.521774868905955,False
vector_thrust,cruise_19,0.7340430136112372,0.09028603311854733,7.780431908462849,8.130194541246755,6.5475116061739485,False
vector_thrust,cruise_19,0.7351264197184294,0.09041510161540886,7.79220538556901,8.130571183178835,6.565321980973102,False
vector_thrust,cruise_19,0.7381595225061814,0.09077761051636582,7.8251739871181965,8.131515230543577,6.571678430144532,False
vector_thrust,cruise_20,0.7441973197939192,0.09150437134284639,7.890835901417074,8.132915497616814,6.571678430144532,False
vector_thrust,cruise_20,0.7501117192192424,0.09222293254415645,7.955199512625606,8.133678885781343,6.578034796295964,False
vector_thrust,cruise_20,0.7509057036197806,0.0923198992263222,7.963843387143337,8.133736170778691,6.595844938478254,False
vector_thrust,cruise_20,0.7527027421660031,0.09253980586861621,7.9834101335903584,8.133826682483601,6.62158133960514,False
vector_thrust,cruise_20,0.7505735215806463,0.09227931643646045,7.960226923079432,8.13371349686426,6.650146589797195,False
vector_thrust,cruise_20,0.7460301662751714,0.09172634498642457,7.91077725762602,8.13321588672898,6.675882990924082,False
vector_thrust,cruise_20,0.7460074432791292,0.09172358915946868,7.910530006125999,8.133212515072175,6.693693133106371,False
vector_thrust,cruise_20,0.7440347964530861,0.09148471888876136,7.889067849224157,8.132886076392467,6.700049499257804,False
vector_thrust,cruise_21,0.7081063287094849,0.08726132810409046,7.498992802211034,8.114778265405425,6.700049499257804,False
vector_thrust,cruise_21,0.7179913151124456,0.08839939761850527,7.606161443033911,8.122129046749787,6.706405781999549,False
vector_thrust,cruise_21,0.7139310467090941,0.08792975176974135,7.562128080341279,8.119334267866934,6.7242156904730885,False
vector_thrust,cruise_21,0.7159363715868436,0.08816132410308056,7.583873300555513,8.12075339011188,6.749951753881047,False
vector_thrust,cruise_21,0.7127197982280411,0.08779023811032324,7.548995883773786,8.11844019983621,6.77851662923337,False
vector_thrust,cruise_21,0.7157860154337339,0.08814393539809534,7.58224271505924,8.120649619295316,6.804252692641328,False
vector_thrust,cruise_21,0.7139846314624958,0.08793593000845315,7.562709078553597,8.119373177651747,6.822062601114868,False
vector_thrust,cruise_21,0.7159332411072972,0.08816096202018786,7.58383935079765,8.120751233900517,6.828418883856613,False
vector_thrust,cruise_22,0.6906531761091936,0.08529574894463596,7.310046150799578,8.09715823654336,6.828418883856613,False
vector_thrust,cruise_22,0.6950899107085293,0.0857901364090712,7.358045451317605,8.102212443096576,6.834775082795402,False
vector_thrust,cruise_22,0.6973255956873579,0.08604062041646038,7.382240784360077,8.104609105700415,6.8525847564582785,False
vector_thrust,cruise_22,0.692312340166022,0.085480210505257,7.3279934350549585,8.099094937575583,6.878320480554996,False
vector_thrust,cruise_22,0.6920808111177142,0.08545443960797136,7.325488786917282,8.098828033893696,6.9068849793002585,False
vector_thrust,cruise_22,0.6917552608948031,0.08541821997526117,7.321967131937043,8.098450905382357,6.932620703396976,False
vector_thrust,cruise_22,0.6911029020211132,0.08534569878918152,7.314910563081747,8.097688715728436,6.950430377059853,False
vector_thrust,cruise_22,0.6908947097181739,0.08532257085483237,7.312658645402561,8.097443651735022,6.956786575998642,False
vector_thrust,cruise_23,0.6886240747139569,0.08507083968107176,7.2881013761671385,8.094713503423613,6.956786575998642,False
vector_thrust,cruise_23,0.6933955690415186,0.08560091165269826,7.339712442456923,8.100329256477746,6.96314269073758,False
vector_thrust,cruise_23,0.6934271176367226,0.08560443022903921,7.340053773308998,8.100364850059997,6.980952128477716,False
vector_thrust,cruise_23,0.6917695759074343,0.08541981221012074,7.322121982790389,8.098467533571466,7.006687511656195,False
vector_thrust,cruise_23,0.6917849192873756,0.0854215188699907,7.322287958130833,8.098485351685843,7.035251632010758,False
vector_thrust,cruise_23,0.6915247180883445,0.08539258222548976,7.319473295394694,8.098182536069553,7.060987015189237,False
vector_thrust,cruise_23,0.692244176456365,0.0854726223654032,7.327256043600652,8.099016472162964,7.078796452929372,False
vector_thrust,cruise_23,0.690678613321946,0.08529857320505552,7.3103212837118505,8.097188351106094,7.08515256766831,False
vector_thrust,cruise_24,0.6811266343997886,0.08424629415360159,7.207055657136795,8.084944759207191,7.08515256766831,False
vector_thrust,cruise_24,0.6808810811155546,0.08421946122477114,7.204402316768269,8.084605045125718,7.091508597806823,False
vector_thrust,cruise_24,0.6814029430646329,0.08427650093412893,7.210041404881578,8.085325511997963,7.109317798501833,False
vector_thrust,cruise_24,0.6802575544025685,0.08415137412075917,7.197665056486174,8.083736736448097,7.135052839140184,False
vector_thrust,cruise_24,0.680284534454462,0.08415431879975582,7.197956569560922,8.083774477138729,7.163616579303885,False
vector_thrust,cruise_24,0.6797398839568807,0.08409489960024054,7.19207190263969,8.08300963777994,7.189351619942236,False
vector_thrust,cruise_24,0.6799914285964987,0.08412233545239203,7.194789672419414,8.083363650564971,7.207160820637246,False
vector_thrust,cruise_24,0.6795331285668161,0.08407235745555613,7.189838101734784,8.082717662889891,7.213516850775759,False
vector_thrust,cruise_25,0.6962111977118355,0.08591565023560371,7.370179695104193,8.103426975209267,7.213516850775759,False
vector_thrust,cruise_25,0.6971223534596667,0.08601781162640618,7.380040997082309,8.10439536043324,7.219872795909543,False
vector_thrust,cruise_25,0.6994081657854927,0.0862747712752245,7.4047841088679665,8.106751898006383,7.2376817584266,False
vector_thrust,cruise_25,0.6968791476542865,0.08599052785722092,7.377408725975245,8.104138502456781,7.263416454887832,False
vector_thrust,cruise_25,0.6987571263637441,0.08620148734813274,7.397736237541756,8.106091296798027,7.2919798130437545,False
vector_thrust,cruise_25,0.6960054846484002,0.08589260607996954,7.367953422325786,8.103206043141718,7.317714509504986,False
vector_thrust,cruise_25,0.6942073464218598,0.08569150593685079,7.348495584934489,8.101238726431609,7.335523472022043,False
vector_thrust,cruise_25,0.6952002747506859,0.08580248007771377,7.359239716629264,8.102333104136653,7.341879417155827,False
vector_thrust,cruise_26,0.7173392035553572,0.08832376323323365,7.599088034435131,8.121701083558941,7.341879417155827,False
vector_thrust,cruise_26,0.7252030755456192,0.08924110159749485,7.684420296638035,8.126334867721724,7.3482352768768,False
vector_thrust,cruise_26,0.7241332398379998,0.08911562828427597,7.6728070233614165,8.125771582152103,7.366044000072477,False
vector_thrust,cruise_26,0.7239443510115351,0.08909349697292915,7.670756739854325,8.125669949081738,7.391778350704297,False
vector_thrust,cruise_26,0.7286280851161231,0.08964422844302197,7.721608608260756,8.127997728032657,7.420341325018529,False
vector_thrust,cruise_26,0.7228344496272054,0.08896358838836385,7.658710230256698,8.125059507174171,7.4460756756503494,False
vector_thrust,cruise_26,0.7225029587247708,0.08892483335132453,7.655112618515522,8.124872788575308,7.463884398846026,False
vector_thrust,cruise_26,0.7206609964012016,0.08870985860833727,7.635124495201849,8.123798275713533,7.470240258566999,False
vector_thrust,cruise_27,0.6800175409370536,0.08412518416821294,7.1950718025339295,8.083400323704744,7.470240258566999,False
vector_thrust,cruise_27,0.6816809749951483,0.08430691005287386,7.213045857715659,8.085707026477733,7.476596032463244,False
vector_thrust,cruise_27,0.6820110860762708,0.08434303338095238,7.216613194465317,8.086157904658583,7.494404515183377,False
vector_thrust,cruise_27,0.6817121911727354,0.08431032512590525,7.213383189446442,8.08574976024226,7.520138518317967,False
vector_thrust,cruise_27,0.682666667859931,0.08441483074936967,7.223698073520188,8.087046574633197,7.548701106939373,False
vector_thrust,cruise_27,0.681420040838676,0.0842783705610882,7.210226163450111,8.085349020182546,7.5744351100739635,False
vector_thrust,cruise_27,0.6806878878348044,0.08419835762294202,7.202314801490457,8.08433688081029,7.592243592794096,False
vector_thrust,cruise_27,0.6806936071245548,0.08419898227653487,7.202376599666229,8.08434483078372,7.598599366690341,False
vector_thrust,cruise_28,0.6948683229322805,0.08576535963117723,7.355647658974983,8.101969442213864,7.598599366690341,False
vector_thrust,cruise_28,0.6957687164617135,0.08586609266738265,7.365391122756788,8.102950709040591,7.604955054346054,False
vector_thrust,cruise_28,0.6965770005333393,0.0859566468747642,7.374138612246864,8.103817748361303,7.622763295425587,False
vector_thrust,cruise_28,0.6961811992660509,0.08591228930242376,7.369855042260833,8.10339481020453,7.648496949379392,False
vector_thrust,cruise_28,0.6967598685490038,0.08597715061490815,7.37611776567501,8.104012095839193,7.677059150439365,False
vector_thrust,cruise_28,0.6947802606482377,0.08575551545835364,7.354694755813553,8.101872596004059,7.70279280439317,False
vector_thrust,cruise_28,0.6953261247010298,0.08581655848082695,7.36060157382863,8.102470397439427,7.720601045472702,False
vector_thrust,cruise_28,0.6960126360746222,0.08589340705928288,7.368030815863975,8.103213737862795,7.726956733128415,False
vector_thrust,cruise_29,0.6994473223713268,0.08627918138901858,7.405208016381477,8.106791361610565,7.726956733128415,False
vector_thrust,cruise_29,0.7032778857913943,0.08671196597668937,7.446685917952077,8.110505601735005,7.73331233412385,False
vector_thrust,cruise_29,0.7057086927511419,0.08698799876764238,7.4730157004569815,8.112713279405273,7.751120332386678,False
vector_thrust,cruise_29,0.7044621815289047,0.08684631441310547,7.459513017571597,8.111595596077459,7.776853635460181,False
vector_thrust,cruise_29,0.7039448757756671,0.08678759875075504,7.453909885735113,8.111122855205657,7.8054154470723995,False
vector_thrust,cruise_29,0.7014061076839301,0.08650015295479638,7.426415953276018,8.108726790928033,7.8311487501459025,False
vector_thrust,cruise_29,0.700399276399693,0.08638648406195562,7.415514362491993,8.107741436697122,7.848956748408731,False
vector_thrust,cruise_29,0.7003748117858153,0.08638372437458317,7.415249483122028,8.10771724484581,7.855312349404166,False
vector_thrust,cruise_30,0.7004930333031024,0.08639706115785979,7.416529478567858,8.107834038743533,7.855312349404166,False
vector_thrust,cruise_30,0.7050821989534677,0.08691675285917841,7.46622905998379,8.11215531827143,7.861667863315579,False
vector_thrust,cruise_30,0.706235371846204,0.08704794936681667,7.478721422005229,8.113176438771184,7.8794756175744,False
vector_thrust,cruise_30,0.7060604507849045,0.08702803287578303,7.476826398234002,8.113023211643537,7.905208568051895,False
vector_thrust,cruise_30,0.7046677789930295,0.08686966394503973,7.461740005226488,8.11178203059304,7.93376998831207,False
vector_thrust,cruise_30,0.7044970441995676,0.08685027319112354,7.459890639151823,8.111627267415091,7.959502938789567,False
vector_thrust,cruise_30,0.7036056302807067,0.08674912009128154,7.450235556593118,8.110809994848818,7.977310693048387,False
vector_thrust,cruise_30,0.703930381794187,0.08678595435022657,7.453752900399682,8.111109534538976,7.9836662069598,False
vector_thrust,cruise_31,0.7216238422548568,0.08882215346691702,7.645572353331258,8.124367785381775,7.9836662069598,False
vector_thrust,cruise_31,0.7338384162743539,0.09026168364490553,7.778208689398562,8.130121072872017,7.990021633359392,False
vector_thrust,cruise_31,0.7291891516034888,0.08971047477565386,7.727701932557504,8.128249832887747,8.007829142415538,False
vector_thrust,cruise_31,0.7315667778381876,0.08999185783162056,7.753527750592234,8.12925519558655,8.033561738564904,False
vector_thrust,cruise_31,0.7274610379146845,0.08950662057074646,7.708935387129886,8.12745507847317,8.062122765550525,False
vector_thrust,cruise_31,0.7240413279676299,0.08910485852785,7.671809365667745,8.125722210100681,8.08785536169989,False
vector_thrust,cruise_31,0.7249060100894889,0.0892062395936469,7.681195457309998,8.12618056081713,8.105662870756039,False
vector_thrust,cruise_31,0.725670926868738,0.0892960393886992,7.6894993408481,8.126574614468005,8.112018297155629,False
vector_thrust,cruise_32,0.7070050231894367,0.08713564857977828,7.487059928430478,8.113843584260788,8.112018297155629,False
vector_thrust,cruise_32,0.7128889833994366,0.08780970887708822,7.550830064792135,8.118566756636262,8.118373635611489,False
vector_thrust,cruise_32,0.7118092919468434,0.08768554267950635,7.539125415096538,8.11774974751004,8.136180898254771,False
vector_thrust,cruise_32,0.7122733031135928,0.08773887833760102,7.544155471987797,8.118103588843622,8.161913138327233,False
vector_thrust,cruise_32,0.711117063180325,0.08760604839269848,7.531621856158308,8.11721423608456,8.190473770097304,False
vector_thrust,cruise_32,0.7097337186051473,0.08744745220264583,7.5166284612740135,8.116116601778748,8.216206010169765,False
vector_thrust,cruise_32,0.709411504900502,0.08741056200900049,7.5131364615964875,8.115855665445272,8.234013272813048,False
vector_thrust,cruise_32,0.708657162219756,0.08732427219602082,7.504961720168473,8.115236971331415,8.240368611268906,False
vector_thrust,cruise_33,0.7036184250199256,0.08675057094157634,7.450374132571776,8.110821835325895,8.240368611268906,False
vector_thrust,cruise_33,0.7093453415916231,0.08740298934849289,7.512419429763472,8.115801837890508,8.246723861344949,False
vector_thrust,cruise_33,0.708094147129443,0.08725993673822183,7.498860804648332,8.114768055055004,8.264530876353488,False
vector_thrust,cruise_33,0.7061153345619551,0.08703428133077667,7.477420983025836,8.11307135263564,8.290262758583376,False
vector_thrust,cruise_33,0.7051270458123423,0.08692185052269387,7.4667148591640355,8.11219551323571,8.318822993178156,False
vector_thrust,cruise_33,0.7070400287938257,0.08713963994091925,7.487439200004971,8.113873654667374,8.344554875408043,False
vector_thrust,cruise_33,0.7044457614498453,0.08684444993306124,7.459335160874302,8.111580670875622,8.362361890416583,False
vector_thrust,cruise_33,0.7066429625386837,0.08709437940965069,7.483137230004348,8.113531175358288,8.368717140492624,False
vector_thrust,cruise_34,0.6925428141262214,0.0855058736628059,7.330486728603375,8.099359546424584,8.368717140492624,False
vector_thrust,cruise_34,0.6957490271710118,0.08586388831233756,7.365178048558983,8.102929425233604,8.375072301748533,False
vector_thrust,cruise_34,0.6953286494835152,0.08581684094917866,7.360628895381124,8.102473148543114,8.39287906788859,False
vector_thrust,cruise_34,0.6950791968139414,0.08578893823167266,7.357929515435407,8.102200716564214,8.4186105904931,False
vector_thrust,cruise_34,0.6947257647261859,0.08574942425976327,7.354105071425767,8.101812586188712,8.447170425933827,False
vector_thrust,cruise_34,0.6938298973101534,0.08564936770224263,7.344411628383022,8.100817506583722,8.47290194853834,False
vector_thrust,cruise_34,0.6934938350097488,0.08561187173388554,7.34077560618007,8.100440055386162,8.490708714678396,False
vector_thrust,cruise_34,0.6930091495742733,0.0855578294818422,7.335531779376099,8.09989166124591,8.497063875934305,False
vector_thrust,cruise_35,0.6879997421799348,0.0850017881424504,7.281350121477603,8.093944341817247,8.497063875934305,False
vector_thrust,cruise_35,0.6889290904215376,0.08510460035577436,7.291399836900713,8.095086370672249,8.503418947925471,False
vector_thrust,cruise_35,0.6886301686905028,0.08507151402751731,7.288167275841244,8.09472097167282,8.521225463951277,False
vector_thrust,cruise_35,0.6871895135334798,0.0849122819810566,7.272589309172783,8.092934231667304,8.546956625130221,False
vector_thrust,cruise_35,0.6876421814298319,0.08496227361551598,7.277483811845486,8.093500234488232,8.575516059418838,False
vector_thrust,cruise_35,0.6871361266746936,0.08490638850874233,7.272012074966277,8.09286720049273,8.601247220597783,False
vector_thrust,cruise_35,0.6880654774116041,0.08500905516052867,7.282060932830191,8.094025702465236,8.619053736623588,False
vector_thrust,cruise_35,0.6862566188203337,0.08480937252981224,7.262503031888166,8.091754464745042,8.625408808614756,False
vector_thrust,cruise_36,0.7237420807376272,0.08906980516441448,7.668561255092155,8.125560389423413,8.625408808614756,False
vector_thrust,cruise_36,0.7304896383159031,0.08986425176545268,7.741827000185767,8.128812335994231,8.631763790892213,False
vector_thrust,cruise_36,0.7264774765614952,0.08939084469854364,7.698255943006875,8.126978540268018,8.64957005554579,False
vector_thrust,cruise_36,0.7284083753313003,0.08961830282064734,7.7192226070558725,8.127897454039722,8.675300853481346,False
vector_thrust,cruise_36,0.7254250542006765,0.08926716253132103,7.686830088280076,8.12644911779455,8.703859884600213,False
vector_thrust,cruise_36,0.7243518132537478,0.0891412458899308,7.675179569488963,8.125888369881634,8.729590682535768,False
vector_thrust,cruise_36,0.7234991896655553,0.08904136550805872,7.665924927629542,8.125427833876545,8.74739694718935,False
vector_thrust,cruise_36,0.723368303224457,0.0890260448062904,7.664504321790734,8.125355953961748,8.753751929466807,False
vector_thrust,cruise_37,0.7078086305921198,0.08722733319035772,7.49576704405039,8.114527920364788,8.753751929466807,False
vector_thrust,cruise_37,0.7112165749215252,0.08761747070256062,7.532700500442336,8.117291782319619,8.760106821577171,False
vector_thrust,cruise_37,0.7098885890321884,0.0874651900953641,7.518306916268538,8.116241309922158,8.777912833588164,False
vector_thrust,cruise_37,0.7100641233206725,0.08748530003880889,7.520209355538044,8.116382100829336,8.803643266444606,False
vector_thrust,cruise_37,0.7083734739482109,0.08729184798621742,7.5018875861849015,8.115001461076373,8.832201892356228,False
vector_thrust,cruise_37,0.7075566662439736,0.08719857347078044,7.49303692137478,8.114314696685609,8.857932325212667,False
vector_thrust,cruise_37,0.7052184994517025,0.08693224704142477,7.467705528819376,8.112277359121446,8.875738337223662,False
vector_thrust,cruise_37,0.7071484380641528,0.08715200226367838,7.488613779543047,8.11396662952935,8.882093229334025,False
vector_thrust,cruise_38,0.7208649118033603,0.08873362651726183,7.637337093715944,8.123920323070832,8.882093229334025,False
vector_thrust,cruise_38,0.7307706499849506,0.08989752164712855,7.744879438928265,8.128929881442314,8.888448030819422,False
vector_thrust,cruise_38,0.7308249651590475,0.08990395389598965,7.745469438696759,8.128952437448332,8.906253788904904,False
vector_thrust,cruise_38,0.7285983706633697,0.08964072162941622,7.7212859122876605,8.127984217658007,8.93198385482835,False
vector_thrust,cruise_38,0.735440186325695,0.0904525223206615,7.795615382949499,8.13067637537514,8.96054207347507,False
vector_thrust,cruise_38,0.7252069008067864,0.08924155061658257,7.684461823028008,8.126336844174364,8.986272139398515,False
vector_thrust,cruise_38,0.7251264055733984,0.0892321024509316,7.683587984023131,8.12629519709168,9.004077897483997,False
vector_thrust,cruise_38,0.7346162469881746,0.09035429628558672,7.786661112785812,8.130396419294124,9.010432698969394,False
vector_thrust,cruise_39,0.7185254212990999,0.0884614039316157,7.611955226954814,8.12247363668962,9.010432698969394,False
vector_thrust,cruise_39,0.7236762282614534,0.08906209353953948,7.667846488720156,8.125524558213696,9.016787409367401,False
vector_thrust,cruise_39,0.7231814204555006,0.0890041750598061,7.662475982226519,8.125252775721599,9.034592912231693,False
vector_thrust,cruise_39,0.7239953308257447,0.08909946941064947,7.6713100933068885,8.125697443706779,9.060322609349832,False
vector_thrust,cruise_39,0.7212544235026919,0.08877904853692609,7.641563654297962,8.12415131034772,9.088880418653542,False
vector_thrust,cruise_39,0.7196626275016054,0.08859360230183916,7.624292329777192,8.12318958483829,9.114610115771681,False
vector_thrust,cruise_39,0.7179459725978966,0.08839413607460414,7.605669599820193,8.122099547326922,9.13241561863597,False
vector_thrust,cruise_39,0.7188085553623317,0.08849429540911011,7.615026695012727,8.12265414441995,9.13877032903398,False
vector_thrust,cruise_40,0.7266591554908769,0.08941221672457164,7.700228513865011,8.127067889719163,9.13877032903398,False
vector_thrust,cruise_40,0.7337566275245342,0.09025195201811301,7.7773199612743875,8.130091495165376,9.145124947877557,False
vector_thrust,cruise_40,0.733092323001891,0.09017295613863166,7.770101834147764,8.129846845376088,9.162930194212036,False
vector_thrust,cruise_40,0.7341930069086694,0.09030388904687908,7.782061815045503,8.130247929051325,9.188659520633852,False
vector_thrust,cruise_40,0.7316615637255761,0.09000309725085301,7.75455745753514,8.129293169615247,9.217216918495689,False
vector_thrust,cruise_40,0.729230129322862,0.08971531540304373,7.728146975765166,8.128268022542356,9.242946244917507,False
vector_thrust,cruise_40,0.726665523458526,0.08941296593978246,7.700297654503477,8.127071010572653,9.260751491251984,False
vector_thrust,cruise_40,0.7284931861826706,0.0896283093840119,7.720143627886398,8.127936264662166,9.267106110095561,False
vector_thrust,cruise_41,0.711016970726774,0.087594561267862,7.530536928868194,8.117136046295176,9.267106110095561,False
vector_thrust,cruise_41,0.7162515389704768,0.08819778680720208,7.587291319921405,8.120969526550397,9.273460636912978,False
vector_thrust,cruise_41,0.7183811876013325,0.0884446541157056,7.610390600825997,8.122381106963543,9.291265625395884,False
vector_thrust,cruise_41,0.7165106864488354,0.08822778215307728,7.590101885173986,8.121145845031812,9.316994579211386,False
vector_thrust,cruise_41,0.7140039654169192,0.08793815931348295,7.562918709767056,8.119387203359917,9.345551563511412,False
vector_thrust,cruise_41,0.7130793962796849,0.0878316289635887,7.5528944207174,8.118708541490191,9.371280517326914,False
vector_thrust,cruise_41,0.711945501866317,0.08770119518053268,7.540601956386728,8.117854042932699,9.38908550580982,False
vector_thrust,cruise_41,0.7118482687563769,0.0876900213324355,7.539547928890089,8.11777962805755,9.395440032627238,False
vector_thrust,cruise_42,0.6917478797016985,0.08541739899210754,7.321887286895529,8.098442329830426,9.395440032627238,False
vector_thrust,cruise_42,0.6940187003751155,0.08567044233646559,7.346454436244683,8.10102856302992,9.401794466942006,False
vector_thrust,cruise_42,0.6936739109208719,0.0856319610448822,7.342723919772176,8.10064259251633,9.41959919623825,False
vector_thrust,cruise_42,0.6937904668717941,0.08564496720618607,7.343985004685549,8.100773337930383,9.445327775518177,False
vector_thrust,cruise_42,0.6933037591934994,0.08559067324466696,7.338719138813848,8.100225560928138,9.473884344115074,False
vector_thrust,cruise_42,0.6928586970632771,0.08554106278972329,7.33390408219965,8.099720467191993,9.499612923394999,False
vector_thrust,cruise_42,0.6918258780713835,0.08542607496749383,7.3227310265940755,8.098532893319,9.517417652691245,False
vector_thrust,cruise_42,0.692713244599914,0.08552485723359904,7.332330502883218,8.099554527262944,9.523772087006014,False
vector_thrust,cruise_43,0.6807034734403065,0.08420005987697096,7.20248320744776,8.084358543627134,9.523772087006014,False
vector_thrust,cruise_43,0.6799758289334638,0.08412063367193998,7.194621126612367,8.083341734981277,9.530126428336816,False
vector_thrust,cruise_43,0.6800615917497339,0.08412999015424025,7.195547750085582,8.083462157821945,9.547930897097777,False
vector_thrust,cruise_43,0.6807738117444448,0.08420774274701304,7.2032432318532935,8.084456245190028,9.573659099893304,False
vector_thrust,cruise_43,0.6793148205345125,0.0840485641356383,7.187479535433676,8.082408397105135,9.602215250624047,False
vector_thrust,cruise_43,0.6791403081980911,0.08402955028938713,7.185594168163005,8.082160452593378,9.627943453419576,False
vector_thrust,cruise_43,0.6781713256573128,0.08392407571316918,7.175126235121305,8.080772053720642,9.645747922180535,False
vector_thrust,cruise_43,0.6795157758534487,0.08407046587392186,7.189650623809542,8.082693116896719,9.652102263511336,False
vector_thrust,cruise_44,0.7176441958162048,0.08835912760173148,7.602396202211235,8.12190223347273,9.652102263511336,False
vector_thrust,cruise_44,0.7225927669926658,0.08893533093902384,7.6560872788130485,8.124923574952371,9.65845651137195,False
vector_thrust,cruise_44,0.7217474519186698,0.0888365822807893,7.64691372333202,8.124439655247137,9.67626071823526,False
vector_thrust,cruise_44,0.7235278160710613,0.08904471675001294,7.666235633556761,8.125443512862386,9.701988542577721,False
vector_thrust,cruise_44,0.7206261809547782,0.08870580137083955,7.634746732633477,8.12377736087587,9.730544273257248,False
vector_thrust,cruise_44,0.7202769847895099,0.0886651200322369,7.6309578830524885,8.123566341844812,9.75627209759971,False
vector_thrust,cruise_44,0.7189245477201903,0.08850777444380287,7.616285019473554,8.122727661361143,9.774076304463021,False
vector_thrust,cruise_44,0.7185414720643312,0.08846326814035005,7.612129344825906,8.122483909641911,9.780430552323633,False
vector_thrust,cruise_45,0.718940365112773,0.08850961271645832,7.61645661314036,8.122737667104111,9.780430552323633,False
vector_thrust,cruise_45,0.7319372404243392,0.0900357956823584,7.7575523342204065,8.129402698972925,9.786784706222857,False
vector_thrust,cruise_45,0.7293693505656853,0.08973176370735664,7.7296590190387615,8.128329595129625,9.804588649812208,False
vector_thrust,cruise_45,0.7305474669089879,0.08987109707567625,7.742455145123121,8.12883664137123,9.830316093712772,False
vector_thrust,cruise_45,0.7302748411205202,0.0898388311659161,7.739493868283773,8.128721529912099,9.858871402133651,False
vector_thrust,cruise_45,0.7269244272862618,0.08944343333579491,7.70310876126108,8.127197270672632,9.884598846034216,False
vector_thrust,cruise_45,0.727688102651871,0.08953337415353682,7.7114010051900355,8.127562593631184,9.902402789623563,False
vector_thrust,cruise_45,0.7274338131823836,0.08950341349968644,7.708639767241396,8.127442124706587,9.90875694352279,False
vector_thrust,cruise_46,0.7002513420506832,0.08636979826220102,7.41391268160198,8.10759497115952,9.90875694352279,False
vector_thrust,cruise_46,0.7050794395855516,0.08691643921874495,7.466199169477704,8.112152843848781,9.915111002964371,False
vector_thrust,cruise_46,0.7052521852878326,0.08693607685975366,7.468070432349198,8.112307465007353,9.932914681889287,False
vector_thrust,cruise_46,0.7016688296348839,0.08652984419619415,7.4292607967184665,8.10898061995754,9.95864174333866,False
vector_thrust,cruise_46,0.7033022729102953,0.08671472989632209,7.446950038579437,8.110528323748202,9.987196627270745,False
vector_thrust,cruise_46,0.7005393091117468,0.08640228231246974,7.417030515389175,8.107879680519083,10.01292368872012,False
vector_thrust,cruise_46,0.7040123375132006,0.08679525306364008,7.454640571720515,8.111184801742603,10.030727367645033,False
vector_thrust,cruise_46,0.700604571336006,0.08640964631135868,7.41773712579478,8.107943976665837,10.037081427086616,False
vector_thrust,cruise_47,0.7105113941400808,0.08753656691435319,7.525057033939655,8.116738172234394,10.037081427086616,False
vector_thrust,cruise_47,0.7140960119101286,0.08794877369720505,7.563916743221501,8.119453880831337,10.043435391569169,False
vector_thrust,cruise_47,0.714839331782449,0.08803454731122842,7.57197670648005,8.119986455490915,10.061238804424793,False
vector_thrust,cruise_47,0.7146322632432636,0.08801064287837354,7.569731357039191,8.119839145259407,10.086965481392905,False
vector_thrust,cruise_47,0.7140284887023355,0.08794098707453912,7.563184607682076,8.119404983447845,10.115519938582985,False
vector_thrust,cruise_47,0.7122213848426182,0.08773290863075936,7.543592645863516,8.118064201429107,10.141246615551097,False
vector_thrust,cruise_47,0.7100224959630562,0.08748053052097982,7.519758195341539,8.116348766229494,10.159050028406723,False
vector_thrust,cruise_47,0.7115415059015632,0.08765478014203801,7.5362226263317735,8.117543672445056,10.165403992889276,False
vector_thrust,cruise_48,0.6731034180205496,0.08337519037544755,7.120394016427508,8.073185980019856,10.165403992889276,False
vector_thrust,cruise_48,0.6722567427528426,0.08328394153119896,7.111252803053431,8.071865120612824,10.1717578619062,False
vector_thrust,cruise_48,0.6743750825651422,0.08351248420502544,7.134125107323566,8.075140968259703,10.189561007273081,False
vector_thrust,cruise_48,0.679238428699688,0.08404024024953921,7.186654222016637,8.08229993968172,10.215287297708759,False
vector_thrust,cruise_48,0.6737222727644491,0.08344196794281483,7.127076027111955,8.07414169840973,10.2438413258802,False
vector_thrust,cruise_48,0.673235369961831,0.08338942287406438,7.121818717539209,8.073390446394603,10.269567616315877,False
vector_thrust,cruise_48,0.6720129904454508,0.0832576955036329,7.108621248844139,8.07148199791487,10.287370761682759,False
vector_thrust,cruise_48,0.6733619540602361,0.08340307933733795,7.12318547887851,8.073586244180614,10.293724630699682,False
vector_thrust,cruise_49,0.7079482411870985,0.08724327365328449,7.4972798055241086,8.114645537036724,10.293724630699682,False
vector_thrust,cruise_49,0.7170989026053584,0.088295912055224,7.596481632354392,8.121541370532018,10.30007840373909,False
vector_thrust,cruise_49,0.7200017407152244,0.08863307004079615,7.627971529954898,8.123398415329865,10.31788128018294,False
vector_thrust,cruise_49,0.715050970273099,0.08805898749479885,7.574271661839609,8.120136179346067,10.34360718201358,False
vector_thrust,cruise_49,0.7133225866223672,0.08785963445398884,7.5555310232263615,8.118888623374898,10.37216077886597,False
vector_thrust,cruise_49,0.7120326165359315,0.0877112077170854,7.5415463071464295,8.117920560763565,10.39788668069661,False
vector_thrust,cruise_49,0.7116647299565175,0.08766893414632912,7.53755835927292,8.117638669687379,10.415689557140462,False
vector_thrust,cruise_49,0.7118464316649934,0.0876898102340927,7.539528014535932,8.117778220350583,10.422043330179866,False
vector_thrust,cruise_50,0.6911562068680006,0.08535162165532723,7.315487144130513,8.097751319348975,10.422043330179866,False
vector_thrust,cruise_50,0.6995444009615343,0.08629011633143378,7.406258992485804,8.106889070292098,10.428397006724488,False
vector_thrust,cruise_50,0.6966915958813914,0.08596949495294791,7.3753788563233575,8.103939615589212,10.446199612795963,False
vector_thrust,cruise_50,0.6966224039307581,0.08596173707719404,7.374630002985546,8.103866064330319,10.4719251239272,False
vector_thrust,cruise_50,0.6981947576942094,0.08613824700742334,7.391648661994601,8.105513891338413,10.500478287135968,False
vector_thrust,cruise_50,0.695715450875836,0.08586012937239582,7.364814692532146,8.1028931118698,10.526203798267204,False
vector_thrust,cruise_50,0.6944970174002503,0.08572386228666903,7.351629899909325,8.101560042614318,10.54400640433868,False
vector_thrust,cruise_50,0.6958065427019204,0.08587032778052109,7.365800473195028,8.102991576791883,10.550360080883301,False
vector_thrust,cruise_51,0.6983784015198717,0.0861588920440362,7.3936365459166975,8.105703136977752,10.550360080883301,False
vector_thrust,cruise_51,0.706186949395657,0.08704243542964576,7.478196829327645,8.113134081208589,10.556713660410415,False
vector_thrust,cruise_51,0.7020493004555769,0.08657286512173687,7.433380804072855,8.109345803311124,10.574515994644868,False
vector_thrust,cruise_51,0.7022440715326191,0.08659489871234657,7.435489986718001,8.109531646492869,10.60024111296023,False
vector_thrust,cruise_51,0.7009453737332055,0.08644811413032792,7.421427156782933,8.108278367720903,10.628793840176268,False
vector_thrust,cruise_51,0.7011552925359853,0.08647181914689481,7.423700113763011,8.108483196645732,10.65451895849163,False
vector_thrust,cruise_51,0.7006668581665166,0.08641667530289687,7.418411525362947,8.108005262996143,10.672321292726085,False
vector_thrust,cruise_51,0.7011510331554034,0.08647133807741894,7.42365399358313,8.108479049181053,10.678674872253199,False
vector_thrust,cruise_52,0.7024813445068897,0.08662174975010087,7.438059482045664,8.109757036004364,10.678674872253199,False
vector_thrust,cruise_52,0.7076705385789039,0.08721156964298751,7.494270759304218,8.114411212593124,10.68502835423453,False
vector_thrust,cruise_52,0.7107365913276217,0.08756239331604113,7.527497887650491,8.116916000255296,10.702830415151784,False
vector_thrust,cruise_52,0.7079688568129504,0.08724562780867276,7.497503189640214,8.11466287302679,10.728555138512343,False
vector_thrust,cruise_52,0.7092476840080904,0.08739181351257902,7.511361094143555,8.11572223416559,10.757107427361625,False
vector_thrust,cruise_52,0.7076692582666493,0.0872114235085637,7.494256886687631,8.114410128819419,10.782832150722186,False
vector_thrust,cruise_52,0.705854948691741,0.08700464161419377,7.4746001166990315,8.112842436863613,10.800634211639437,False
vector_thrust,cruise_52,0.7051559095446344,0.08692513160768452,7.467027523915053,8.11222136225441,10.80698769362077,False
vector_thrust,cruise_53,0.6952474088387002,0.0858077524682025,7.359749765586062,8.102384561305643,10.80698769362077,False
vector_thrust,cruise_53,0.6999368470387785,0.08633433907701407,7.410507735459635,8.107282160513254,10.813341077522416,False
vector_thrust,cruise_53,0.7010468997762824,0.0864595779198282,7.422526453355134,8.108377540616098,10.831142863626498,False
vector_thrust,cruise_53,0.6990214004482965,0.08623122587894387,7.400597096898303,8.106360466562556,10.85686718987052,False
vector_thrust,cruise_53,0.7013850151386611,0.08649776975166419,7.42618755935003,8.108706353381633,10.885419037953696,False
vector_thrust,cruise_53,0.7004594508962176,0.08639327240555732,7.416165877094322,8.10780088995865,10.91114336419772,False
vector_thrust,cruise_53,0.6982075459739545,0.08613968445198707,7.391787089680534,8.105527091443255,10.9289451503018,False
vector_thrust,cruise_53,0.6981641266043596,0.08613480409410362,7.391317094231226,8.105482260592412,10.935298534203447,False
vector_thrust,cruise_54,0.6961521385426779,0.08590903358547819,7.369540538713453,8.103363633464891,10.935298534203447,False
vector_thrust,cruise_54,0.7037245110714587,0.08676260165032657,7.4515231259207795,8.110919885823986,10.94165181948578,False
vector_thrust,cruise_54,0.7005974644357191,0.08640884435163415,7.417660177376178,8.107936979051491,10.959453329264685,False
vector_thrust,cruise_54,0.6999318165118686,0.08633377203426039,7.4104532723141805,8.107277141025532,10.985177256207258,False
vector_thrust,cruise_54,0.7036436978758849,0.08675343682723761,7.450647855833702,8.11084521385745,11.013728661099261,False
vector_thrust,cruise_54,0.70035662469098,0.08638167288262366,7.415052571144761,8.107699252856936,11.039452588041833,False
vector_thrust,cruise_54,0.6993259376997797,0.08626551103329094,7.403893916781825,8.10666892623984,11.057254097820737,False
vector_thrust,cruise_54,0.6983153655274508,0.08615180491210686,7.3929541977822275,8.105638253776352,11.06360738310307,False
vector_thrust,cruise_55,0.6843709996948324,0.08460184841036979,7.242118998223718,8.089314980155303,11.06360738310307,False
vector_thrust,cruise_55,0.6876211690264465,0.0849599522287039,7.277256608800554,8.093474054404332,11.069960569220648,False
vector_thrust,cruise_55,0.6876521296689957,0.08496337269488476,7.2775913803968635,8.093512626181282,11.087761801146073,False
vector_thrust,cruise_55,0.6861887985913769,0.08480189730741622,7.261769809966501,8.091667997755604,11.113485326578738,False
vector_thrust,cruise_55,0.6851888474409634,0.08469177843815315,7.25095966685068,8.090382089937195,11.142036285828365,False
vector_thrust,cruise_55,0.6853962830282151,0.08471460721269583,7.253202094655476,8.090650545157667,11.167759811261028,False
vector_thrust,cruise_55,0.6866469069022197,0.08485240675142935,7.266722634805687,8.092250216469589,11.185561043186455,False
vector_thrust,cruise_55,0.6905709072677917,0.0852866155492315,7.309156322921715,8.097060750044198,11.19191422930403,False
vector_thrust,cruise_56,0.6965059197815258,0.08594867872474876,7.373369325932478,8.103742025076276,11.19191422930403,False
vector_thrust,cruise_56,0.7037203701463529,0.08676213200920632,7.451478276283804,8.110916062685979,11.198267315705495,False
vector_thrust,cruise_56,0.7030722209435358,0.08668866124364225,7.444458525997904,8.110313515714827,11.216068268232588,False
vector_thrust,cruise_56,0.7024358601368194,0.08661660170380353,7.437566914142058,8.109713915340249,11.24179138992296,False
vector_thrust,cruise_56,0.7018189736510126,0.0865468182414636,7.430886642789159,8.109125071391466,11.270341901052452,False
vector_thrust,cruise_56,0.7011745588758106,0.08647399519682628,7.423908728169405,8.10850195229033,11.296065022742825,False
vector_thrust,cruise_56,0.7010766592808025,0.0864629385651574,7.422848683443976,8.108406571822444,11.313865975269918,False
vector_thrust,cruise_56,0.7003792813877215,0.08638422855191648,7.415297875633213,8.107721665498202,11.32021906167138,False
vector_thrust,cruise_57,0.6928249408494116,0.08553730150457914,7.333538888074059,8.099681994437503,11.32021906167138,False
vector_thrust,cruise_57,0.6951916573980887,0.0858015161897216,7.359146466516219,8.102323691587255,11.326572047799377,False
vector_thrust,cruise_57,0.6957113323802904,0.08585966831195103,7.364770123074698,8.102888656086883,11.34437271936645,False
vector_thrust,cruise_57,0.6938777965455593,0.08565471371014416,7.344929883866934,8.100871119523486,11.370095435057834,False
vector_thrust,cruise_57,0.6934672747528215,0.08560890916569244,7.340488243154449,8.100410126832067,11.398645495562445,False
vector_thrust,cruise_57,0.6980399015159702,0.08612084303867845,7.389972424377875,8.105353789935238,11.42436821125383,False
vector_thrust,cruise_57,0.6972809795676783,0.08603561274092711,7.381757878904974,8.104562254555573,11.442168882820903,False
vector_thrust,cruise_57,0.6964823697395505,0.08594603896932178,7.373114451923943,8.103716914611482,11.448521868948898,False
vector_thrust,cruise_58,0.6821967545611698,0.08436335934245318,7.218619668183877,8.086410497144298,11.448521868948898,False
vector_thrust,cruise_58,0.685841322889462,0.084763611237379,7.258013240065579,8.091223496469205,11.454874754239963,False
vector_thrust,cruise_58,0.6824633554303813,0.08439255625093282,7.221500823939417,8.086771935206523,11.472675143268237,False
vector_thrust,cruise_58,0.6844340112004268,0.08460877280377979,7.242800106118068,8.08939768914661,11.498397450679224,False
vector_thrust,cruise_58,0.682684753954284,0.08441681258787247,7.223893536762863,8.087070964017423,11.526947058026783,False
vector_thrust,cruise_58,0.6871412367731868,0.08490695259939568,7.272067326698104,8.092873619139612,11.55266936543777,False
vector_thrust,cruise_58,0.6840538341904966,0.0845670057258322,7.238690739006188,8.088897417134666,11.570469754466044,False
vector_thrust,cruise_58,0.6834826295691501,0.08450430118785457,7.23251683437738,8.088140129692997,11.576822639757108,False
vector_thrust,cruise_59,0.6962173531524944,0.0859163398924771,7.370246311390534,8.10343357298273,11.576822639757108,False
vector_thrust,cruise_59,0.6996560919789848,0.08630269935269175,7.407468176383391,8.107001255194955,11.583175423641578,False
vector_thrust,cruise_59,0.6997609503533296,0.08631451469159722,7.408603401869539,8.107106352316105,11.600975528534889,False
vector_thrust,cruise_59,0.6992538014942646,0.08625738832263652,7.403112984547503,8.10659602721544,11.626697425358959,False
vector_thrust,cruise_59,0.6994293281211094,0.08627715470427007,7.405013211187953,8.106773230045947,11.655246576989418,False
vector_thrust,cruise_59,0.697201785156332,0.08602672492307438,7.380900718583252,8.104478995100349,11.680968473813488,False
vector_thrust,cruise_59,0.6993789264770884,0.08627147830393492,7.404467566501666,8.106722409614594,11.698768578706797,False
vector_thrust,cruise_59,0.6966909148892831,0.08596941859512067,7.3753714860292705,8.103938892158856,11.705121362591267,False
vector_thrust,cruise_60,0.7144549396404438,0.0879901785599563,7.567808586748573,8.119712351232653,11.705121362591267,False
vector_thrust,cruise_60,0.725935822450412,0.08932716300302998,7.692375191273063,8.126708584999932,11.711474044493174,False
vector_thrust,cruise_60,0.727164942059174,0.08947174791779519,7.7057202763953745,8.127313470250725,11.729273863637694,False
vector_thrust,cruise_60,0.7236370282015252,0.08905750341653165,7.667421011571199,8.125503191089873,11.754995347542796,False
vector_thrust,cruise_60,0.7224219714107337,0.08891536811899067,7.65423369738069,8.12482686282033,11.783544040867776,False
vector_thrust,cruise_60,0.7245740218667588,0.0891672986563753,7.6775916327033595,8.126006201657574,11.809265524772877,False
vector_thrust,cruise_60,0.7229963163396596,0.08898251985244948,7.660466988132501,8.125149945613247,11.827065343917395,False
vector_thrust,cruise_60,0.7212754955689011,0.08878150661033055,7.641792310722349,8.124163726288625,11.833418025819304,False
vector_thrust,cruise_61,0.6651750101629239,0.08252576741738626,7.03482396673236,8.060209931750201,11.833418025819304,False
vector_thrust,cruise_61,0.6638915797821389,0.08238932584159267,7.020978341605491,8.05798048473636,11.839770605156271,False
vector_thrust,cruise_61,0.6647775036936446,0.0824834769295002,7.030535489069654,8.059523294123979,11.85757013692021,False
vector_thrust,cruise_61,0.6640261786897589,0.08240362121124215,7.0224303113060875,8.058215997419872,11.883291205548343,False
vector_thrust,cruise_61,0.6647450962980874,0.08248003037333995,7.0301858708940035,8.059467161798636,11.911839437950661,False
vector_thrust,cruise_61,0.6643063028313225,0.08243338280834128,7.025452177989122,8.05870486203197,11.937560506578794,False
vector_thrust,cruise_61,0.6641144806730459,0.08241300127791636,7.023382868749863,8.058370285939388,11.955360038342732,False
vector_thrust,cruise_61,0.6641978767952493,0.08242186149133796,7.0242825117273675,8.058515844913943,11.9617126176797,False
vector_thrust,cruise_62,0.7223597862885772,0.08890810118207523,7.6535588337639044,8.124791517133561,11.9617126176797,False
vector_thrust,cruise_62,0.7326603694778893,0.09012163457086497,7.765408647171988,8.12968354343129,11.967753466350862,False
vector_thrust,cruise_62,0.7338387833965458,0.09026172732972537,7.77821267861848,8.130121205368013,11.984679548198871,False
vector_thrust,cruise_62,0.7318961038571055,0.09003091551078324,7.7571054319255905,8.129386441365737,12.009138445128965,False
vector_thrust,cruise_62,0.7342496802393493,0.09031063680987098,7.782677664554591,8.130267996948678,12.036285772635447,False
vector_thrust,cruise_62,0.7334030649100736,0.0902098977932595,7.77347819301466,8.129962264128334,12.060744669565539,False
vector_thrust,cruise_62,0.7290377444348628,0.08969259202295954,7.7260575751501595,8.128182361462398,12.07767075141355,False
vector_thrust,cruise_62,0.7291063442432291,0.08970069384037543,7.726802599896729,8.128212982841488,12.08371160008471,False
vector_thrust,cruise_63,0.7174655431461378,0.08833841043400323,7.600458392262878,8.121784619184984,12.08371160008471,False
vector_thrust,cruise_63,0.7265392333378182,0.08939810884423999,7.698926460029444,8.127008979615903,12.08975239460113,False
vector_thrust,cruise_63,0.7244122522869827,0.08914833113329876,7.67583562632027,8.125920508863004,12.106678324710927,False
vector_thrust,cruise_63,0.7236774284362903,0.08906223407827088,7.667859515437357,8.125525211957948,12.131137002372949,False
vector_thrust,cruise_63,0.7226608815695877,0.08894329377405949,7.6568265108117295,8.124961994384263,12.158284086510234,False
vector_thrust,cruise_63,0.7242220452578568,0.08912603553417406,7.673770971602841,8.125819138226614,12.182742764172254,False
vector_thrust,cruise_63,0.7210134275463093,0.08875094202312495,7.638948605163084,8.124008727236292,12.199668694282053,False
vector_thrust,cruise_63,0.7228100586066475,0.08896073610670968,7.658445514420575,8.125045837521245,12.205709488798473,False
vector_thrust,cruise_64,0.707406658382377,0.08718145681538522,7.491411567832947,8.114187170333434,12.205709488798473,False
vector_thrust,cruise_64,0.714307636618732,0.0879731832316675,7.5662113659921495,8.1196065707624,12.21175022889005,False
vector_thrust,cruise_64,0.7135387757007793,0.08788453967840262,7.557874943150699,8.119047767808123,12.22867600650483,False
vector_thrust,cruise_64,0.713163063386964,0.08784126272955634,7.553801508632282,8.118770623580788,12.25313446380517,False
vector_thrust,cruise_64,0.7127478384127125,0.08779346476498565,7.549299872508102,8.11846121258191,12.280281303359438,False
vector_thrust,cruise_64,0.710920293509927,0.08758346784621385,7.529489031181635,8.117060342463471,12.304739760659775,False
vector_thrust,cruise_64,0.7110933114456109,0.0876033223543441,7.531364404081145,8.117195699146324,12.321665538274555,False
vector_thrust,cruise_64,0.7131475982474861,0.08783948191410304,7.5536338406824965,8.118759158266244,12.327706278366133,False
vector_thrust,cruise_65,0.7212918365829429,0.08878341285941463,7.64196963008944,8.124173348968718,12.327706278366133,False
vector_thrust,cruise_65,0.7314100555629038,0.08997327786583154,7.75182522114697,8.129192054707454,12.333746963759989,False
vector_thrust,cruise_65,0.7298588737789409,0.08978962716163463,7.734975779425134,8.12854331675848,12.350672588115158,False
vector_thrust,cruise_65,0.734098002642397,0.0902925787905147,7.781029445225663,8.13021416018649,12.37513082394894,False
vector_thrust,cruise_65,0.7298558879520233,0.08978927409038459,7.734943349189641,8.128542026270624,12.402277417693876,False
vector_thrust,cruise_65,0.7300067733981622,0.08980711823498977,7.736582188510585,8.128607038564835,12.426735653527656,False
vector_thrust,cruise_65,0.7277840648269377,0.08954468364843751,7.7124430440461555,8.127607750386385,12.443661277882825,False
vector_thrust,cruise_65,0.7252825529609924,0.08925043142194872,7.685283093629194,8.126375877468632,12.44970196327668,False
vector_thrust,cruise_66,0.709845942491428,0.08746030518587575,7.5178447187528175,8.116207015088982,12.44970196327668,False
vector_thrust,cruise_66,0.7156842051986493,0.08813216340665367,7.58113861631354,8.120579111355589,12.455742593697108,False
vector_thrust,cruise_66,0.7180219483604903,0.08840295251502309,7.606493731994338,8.122148954679659,12.472668064020155,False
vector_thrust,cruise_66,0.7152963043802214,0.0880873292330579,7.576932069442293,8.120308682395391,12.497126077271073,False
vector_thrust,cruise_66,0.717178951514955,0.08830518863632722,7.597349867958512,8.121594694379262,12.524272423967664,False
vector_thrust,cruise_66,0.7143210733552695,0.08797473335112713,7.566357060765268,8.119616236905793,12.54873043721858,False
vector_thrust,cruise_66,0.7122431489039449,0.087735411062389,7.54382858135048,8.118080718827043,12.565655907541629,False
vector_thrust,cruise_66,0.7123434756944864,0.0877469477657894,7.54491619107016,8.118156743136465,12.571696537962056,False
vector_thrust,cruise_67,0.6969120739555975,0.0859942210247239,7.377765090849415,8.104173346197657,12.571696537962056,False
vector_thrust,cruise_67,0.7031577178651574,0.0866983483106612,7.445384469131688,8.110393468461162,12.577737113130482,False
vector_thrust,cruise_67,0.7062046270968134,0.08704444836609208,7.478388343334449,8.113149550062671,12.594662428640857,False
vector_thrust,cruise_67,0.702477665524716,0.0866213333386662,7.438019640831939,8.109753549719866,12.619120218180985,False
vector_thrust,cruise_67,0.7034771378518725,0.08673455144952726,7.448843904010564,8.110690908008458,12.646266316577334,False
vector_thrust,cruise_67,0.7011842793825157,0.08647509311191288,7.4240139812080645,8.10851141235626,12.67072410611746,False
vector_thrust,cruise_67,0.7008135010489561,0.08643322657554754,7.419999292399165,8.108149247863672,12.687649421627835,False
vector_thrust,cruise_67,0.7019319793269645,0.0865595964567449,7.43211035033912,8.1092334999243,12.69368999679626,False
vector_thrust,cruise_68,0.6899252658868088,0.08521497991972493,7.3021732625142945,8.096290893182621,12.69368999679626,False
vector_thrust,cruise_68,0.6944236194334527,0.0857156622602322,7.350835706043609,8.101478786049475,12.699730516431195,False
vector_thrust,cruise_68,0.6957581389685147,0.08586490843357367,7.365276654847559,8.102939275906445,12.716655676340189,False
vector_thrust,cruise_68,0.6926644531009437,0.08551942200237617,7.331802656708135,8.099498767446041,12.741113241029797,False
vector_thrust,cruise_68,0.6937717265502873,0.08564287585759303,7.343782241500252,8.100752334658763,12.768259089860901,False
vector_thrust,cruise_68,0.6933131948976142,0.08559172542029415,7.338821224589101,8.100236226026901,12.79271665455051,False
vector_thrust,cruise_68,0.6923023184876708,0.08547909481605576,7.327885020737529,8.099083407205592,12.809641814459503,False
vector_thrust,cruise_68,0.6938904300711707,0.08565612380087076,7.345066575283957,8.10088525234102,12.815682334094438,False
vector_thrust,cruise_69,0.7256973877483428,0.089299147793718,7.689786610783668,8.126588054621884,12.815682334094438,False
vector_thrust,cruise_69,0.7379913876923765,0.09075747032923076,7.823346136228618,8.13146714000784,12.82172279791143,False
vector_thrust,cruise_69,0.7370622889117648,0.09064627291095154,7.813246208343719,8.131192438941587,12.838647801422026,False
vector_thrust,cruise_69,0.7362135289755424,0.09054483207558583,7.804020536798915,8.130928205388457,12.863105140109408,False
vector_thrust,cruise_69,0.7362357377927331,0.09054748467690979,7.804261926342531,8.13093528130305,12.890250738096961,False
vector_thrust,cruise_69,0.7436430889920257,0.09143737373629246,7.8848066923614555,8.132813297292525,12.914708076784342,False
vector_thrust,cruise_69,0.7338582866712982,0.09026404811110209,7.778424605164741,8.130128240736822,12.931633080294938,False
vector_thrust,cruise_69,0.7347410261244648,0.0903691636839758,7.788017113707994,8.1304395899234,12.93767354411193,False
vector_thrust,cruise_70,0.6975603018963082,0.08606696963333521,7.3847811790208,8.104854915516059,12.93767354411193,False
vector_thrust,cruise_70,0.7061418939817302,0.08703730528894546,7.47770871641168,8.113094628073426,12.943713951823526,False
vector_thrust,cruise_70,0.7039939837588314,0.08679317053563966,7.454441779542566,8.11116795727323,12.960638798130287,False
vector_thrust,cruise_70,0.7036586744344011,0.08675513519096191,7.450810063109674,8.110859061951041,12.985095909651543,False
vector_thrust,cruise_70,0.7019103757268185,0.08655715342989732,7.431876409743299,8.109212790775242,13.01224125550372,False
vector_thrust,cruise_70,0.7013213456898956,0.08649057636648136,7.425498138007477,8.108644607919231,13.036698367024979,False
vector_thrust,cruise_70,0.7007989077472043,0.0864315792839249,7.419841283207135,8.108134938100608,13.053623213331742,False
vector_thrust,cruise_70,0.7023015697705645,0.08660140456309792,7.436112645332428,8.109586366568298,13.059663621043335,False
vector_thrust,cruise_71,0.7065695273239528,0.08708601189949242,7.482341624164468,8.113467500836045,13.059663621043335,False
vector_thrust,cruise_71,0.7133831662568935,0.08786661242584148,7.5561878215710925,8.11893330767681,13.065703972359014,False
vector_thrust,cruise_71,0.7139785379746193,0.08793522741206242,7.562643009114929,8.119368755697106,13.082628660647936,False
vector_thrust,cruise_71,0.7170553205319107,0.08829086198344266,7.596008930656282,8.12151228817294,13.1070855438268,False
vector_thrust,cruise_71,0.7122637606154771,0.08773778107739927,7.544052025180097,8.118096353350245,13.134230636238042,False
vector_thrust,cruise_71,0.7103146150721283,0.08751400725180267,7.522924244769689,8.116581989307738,13.158687519416905,False
vector_thrust,cruise_71,0.7120069824643511,0.08770826131621379,7.5412684247349056,8.117901002476367,13.175612207705827,False
vector_thrust,cruise_71,0.7109623119602364,0.08758828912614555,7.529944473632357,8.11709326730085,13.181652559021508,False
vector_thrust,cruise_72,0.7073273626561775,0.08717241044399529,7.490552399364498,8.114119582715983,13.181652559021508,False
vector_thrust,cruise_72,0.7194995416838347,0.08857462912505731,7.622522982526307,8.12308839213973,13.187692853647654,False
vector_thrust,cruise_72,0.7170921998285947,0.08829513534825029,7.59640893227358,8.121536900082516,13.20461738309603,False
vector_thrust,cruise_72,0.7175319797586358,0.08834611395838476,7.601179012607185,8.121828426959759,13.22907403674365,False
vector_thrust,cruise_72,0.7154874833600546,0.08810942251821469,7.579005266489621,8.12044231945957,13.256218874394436,False
vector_thrust,cruise_72,0.7130319792586314,0.08782616975133381,7.552380346473099,8.118673298374175,13.280675528042059,False
vector_thrust,cruise_72,0.7140660766170219,0.08794532152343482,7.563592162431218,8.119432213648164,13.297600057490435,False
vector_thrust,cruise_72,0.7126321982355429,0.08778015869309855,7.548046202220707,8.118374457798417,13.303640352116581,False
vector_thrust,cruise_73,0.6787211173570912,0.08398390018863502,7.181065518650222,8.081562249819614,13.303640352116581,False
vector_thrust,cruise_73,0.6823926800505337,0.0843848149527002,7.220737027526719,8.0866762631764,13.309680589756413,False
vector_thrust,cruise_73,0.681819983189159,0.08432211900876321,7.214548031673514,8.085897166771872,13.32660495953269,False
vector_thrust,cruise_73,0.6810553084769765,0.08423849886194859,7.206284933960463,8.084846212574382,13.351061382447442,False
vector_thrust,cruise_73,0.6816432715527945,0.08430278550342668,7.212638423995575,8.085655384721392,13.378205964004064,False
vector_thrust,cruise_73,0.6802756205387789,0.08415334589528252,7.197860256724517,8.08376200971605,13.402662386918818,False
vector_thrust,cruise_73,0.6815009584418046,0.08428721954942947,7.211100563484921,8.085460192955406,13.419586756695093,False
vector_thrust,cruise_73,0.6799390668813297,0.08411662344256883,7.1942239338356,8.083290068645734,13.425626994334927,False
vector_thrust,cruise_74,0.7250169817577387,0.08921926071164651,7.682400114886428,8.126238392637749,13.425626994334927,False
vector_thrust,cruise_74,0.7375311959962373,0.09070237293881947,7.818343411795974,8.131332975088938,13.431667174688462,False
vector_thrust,cruise_74,0.7422971169085345,0.091274907928929,7.870166089968859,8.132543036762332,13.448591383952094,False
vector_thrust,cruise_74,0.736518405916587,0.09058125437602768,7.807334322897614,8.131024581080503,13.47304757491936,False
vector_thrust,cruise_74,0.7352638359939926,0.09043148800658357,7.793698803014024,8.130617467451868,13.500191899033693,False
vector_thrust,cruise_74,0.736257077014926,0.09055003350160232,7.804493864748416,8.130942071952935,13.524648090000959,False
vector_thrust,cruise_74,0.7381083849532922,0.09077148439547175,7.824618049692912,8.131500656500377,13.541572299264592,False
vector_thrust,cruise_74,0.7331034496505303,0.09017427858656502,7.770222728470956,8.129851007865504,13.547612479618126,False
vector_thrust,cruise_75,0.7050784622014121,0.08691632812581741,7.466188582088957,8.112151967358333,13.547612479618126,False
vector_thrust,cruise_75,0.7147961873896399,0.08802956597742012,7.571508865776407,8.11995582907892,13.553652602382114,False
vector_thrust,cruise_75,0.7114219170060511,0.0876410463634156,7.534926314851468,8.117451200388944,13.570576650283424,False
vector_thrust,cruise_75,0.7104691842877346,0.08753172718061594,7.524599538851677,8.116704732921908,13.59503260807538,False
vector_thrust,cruise_75,0.7095579453298273,0.08742732557956748,7.514723498850776,8.115974503692895,13.62217667338464,False
vector_thrust,cruise_75,0.7090320283870953,0.08736714031918674,7.5090240280615195,8.115545796700232,13.646632631176596,False
vector_thrust,cruise_75,0.7080722792729733,0.08725743908564504,7.498623848643025,8.114749718679978,13.663556679077907,False
vector_thrust,cruise_75,0.7077864594378935,0.08722480206150063,7.495526808841713,8.114509207356482,13.669596801841895,False
vector_thrust,cruise_76,0.7333671370215564,0.09020562568713617,7.773087813421608,8.129949007450195,13.669596801841895,False
vector_thrust,cruise_76,0.7495251869666045,0.09215137781806906,7.948814614745203,8.133629737434457,13.675636866709773,False
vector_thrust,cruise_76,0.7473534254824459,0.0918869967077037,7.925176896535116,8.133397023082686,13.692560752389795,False
vector_thrust,cruise_76,0.7472780403616237,0.09187783562520876,7.924356501088701,8.13338750610045,13.71701647576519,False
vector_thrust,cruise_76,0.7461562540017225,0.09174163857424372,7.912149244129342,8.133234435287319,13.7441602808917,False
vector_thrust,cruise_76,0.7453907985165888,0.09164884012043775,7.903820468785891,8.133117642700709,13.768616004267098,False
vector_thrust,cruise_76,0.7430236677460231,0.09136256405394813,7.8780687565614125,8.132692809576573,13.785539889947117,False
vector_thrust,cruise_76,0.7433764896063961,0.09140516674210317,7.881906621546603,8.132762250779649,13.791579954814997,False
vector_thrust,cruise_77,0.7183253997091948,0.0884381765177007,7.6097854284506665,8.122345213273633,13.791579954814997,False
vector_thrust,cruise_77,0.7297933985912928,0.08978188516328878,7.734264630226362,8.128514981212497,13.797619961476835,False
vector_thrust,cruise_77,0.7289953978789698,0.08968759122148945,7.72559767533934,8.128163416482748,13.814543684067152,False
vector_thrust,cruise_77,0.7297937428504063,0.08978192586751085,7.734268369333041,8.12851513039881,13.838999171771096,False
vector_thrust,cruise_77,0.7265692051695529,0.08940163453916827,7.6992518773492575,8.127023727415537,13.86614271532203,False
vector_thrust,cruise_77,0.7269935533607479,0.0894515700943791,7.703859326752146,8.127230775197207,13.890598203025975,False
vector_thrust,cruise_77,0.7346333334847437,0.09035633196462883,7.786846794195489,8.130402347146246,13.907521925616292,False
vector_thrust,cruise_77,0.724999311731303,0.08921718720485061,7.682208296196811,8.12622919916361,13.913561932278128,False
vector_thrust,cruise_78,0.6948285151462381,0.08576090948361911,7.355216906353371,8.101925683040417,13.913561932278128,False
vector_thrust,cruise_78,0.6995831596789442,0.08629448259908176,7.406678598644227,8.106928028401995,13.919601880420565,False
vector_thrust,cruise_78,0.6987434033205073,0.08619994345503085,7.397587682951212,8.10607728165194,13.93652543904316,False
vector_thrust,cruise_78,0.697786301083834,0.08609235087426483,7.387227389831547,8.105090568416804,13.960980689806888,False
vector_thrust,cruise_78,0.6979702223407811,0.08611301336909644,7.389218192337696,8.105281594886833,13.98812397037402,False
vector_thrust,cruise_78,0.6969466302412075,0.08599809723188934,7.378139098526708,8.104209891550596,14.012579221137745,False
vector_thrust,cruise_78,0.7000885545912068,0.08635144178168105,7.412150215108325,8.107433299854021,14.029502779760342,False
vector_thrust,cruise_78,0.695108578866621,0.08579222419340993,7.358247461207299,8.102232870190761,14.035542727902778,False
vector_thrust,cruise_79,0.7027758783477102,0.0866550950819448,7.4412491602450554,8.110035280477565,14.035542727902778,False
vector_thrust,cruise_79,0.7117775865793322,0.08768189976246452,7.538781725997736,8.117725420041992,14.04158261720897,False
vector_thrust,cruise_79,0.7100468634148425,0.08748332242010542,7.520022291235875,8.11636828337534,14.058506010976068,False
vector_thrust,cruise_79,0.7089740083109324,0.08736050369469395,7.508395271990454,8.115498175109465,14.0829610235167,False
vector_thrust,cruise_79,0.7075624502050006,0.0871992335328326,7.493099591817499,8.114319605098208,14.110104039676143,False
vector_thrust,cruise_79,0.7072617001840779,0.08716492028351192,7.489840952538883,8.11406352330323,14.134559052216773,False
vector_thrust,cruise_79,0.7068491979986222,0.08711788402639473,7.485371642514219,8.113709439780047,14.151482445983874,False
vector_thrust,cruise_79,0.7066096430058814,0.08709058272231499,7.482776241462391,8.113502297474335,14.157522335290064,False
vector_thrust,cruise_80,0.7222218557765135,0.08889198522079067,7.65206196013892,8.12471286339992,14.157522335290064,False
vector_thrust,cruise_80,0.734585666821085,0.09035065311185803,7.786328794606106,8.130385797119098,14.163562165439622,False
vector_thrust,cruise_80,0.7344948395921373,0.0903398334250258,7.785341771384956,8.130354149941002,14.180485393453518,False
vector_thrust,cruise_80,0.7326602360236949,0.09012161872019861,7.7654071972233005,8.129683492463574,14.204940166473829,False
vector_thrust,cruise_80,0.7317646739695328,0.09001532565187828,7.75567760846069,8.129334295801257,14.232082916785775,False
vector_thrust,cruise_80,0.7312509484362231,0.08995441985870345,7.750096814481501,8.129127502404447,14.256537689806086,False
vector_thrust,cruise_80,0.7303944197839369,0.08985298187746632,7.74079272753577,8.128772184544585,14.273460917819982,False
vector_thrust,cruise_80,0.7289031432681485,0.08967669782127022,7.724595762385037,8.128122031443285,14.279500747969537,False
vector_thrust,cruise_81,0.7156573935422433,0.08812906357942257,7.580847854669277,8.120560510634355,14.279500747969537,False
vector_thrust,cruise_81,0.72518801297071,0.08923933353979716,7.684256780034845,8.126327082522476,14.28554051863847,False
vector_thrust,cruise_81,0.7308567667504883,0.08990772024001084,7.745814885827826,8.128965619408971,14.302463579991356,False
vector_thrust,cruise_81,0.7249980249007529,0.08921703620271002,7.68219432689719,8.126228529419931,14.326918112179532,False
vector_thrust,cruise_81,0.7232111452058416,0.08900765313155395,7.662798598218732,8.1252692297923,14.354060595187974,False
vector_thrust,cruise_81,0.7221057141223891,0.08887841783357808,7.650801564814637,8.12464636211806,14.378515127376149,False
vector_thrust,cruise_81,0.7211389347881625,0.08876557814861022,7.64031047674168,8.124083116778001,14.395438188729036,False
vector_thrust,cruise_81,0.7207085124097492,0.08871539627564567,7.635640066637577,8.123826783915291,14.401477959397969,False
vector_thrust,cruise_82,0.7005111130414671,0.0863991009914641,7.41672523098287,8.107851875804528,14.401477959397969,False
vector_thrust,cruise_82,0.7077485954880873,0.08722047960268886,7.495116535887172,8.114477227275744,14.407517670258619,False
vector_thrust,cruise_82,0.70677837384793,0.08710981132976345,7.4846043084124965,8.11364831422198,14.42444056403242,False
vector_thrust,cruise_82,0.7088290813631275,0.08734392893752471,7.506824734302591,8.115378939160593,14.448894854061804,False
vector_thrust,cruise_82,0.7061141993256387,0.08703415207981996,7.477408684379481,8.113070357462135,14.476037068294263,False
vector_thrust,cruise_82,0.7078295517549472,0.08722972169917029,7.495993735513627,8.11454556964017,14.500491358323645,False
vector_thrust,cruise_82,0.7053299830488875,0.08694492265825282,7.468913185498447,8.11237691039498,14.517414252097447,False
vector_thrust,cruise_82,0.7052289736418045,0.08693343785328636,7.467818990876498,8.112286722538082,14.523453962958095,False
vector_thrust,cruise_83,0.6942871061639249,0.08570041360100947,7.349358596643345,8.101327368106737,14.523453962958095,False
vector_thrust,cruise_83,0.70120763269967,0.08647773090103929,7.424266849903082,8.108534132354794,14.529493613679076,False
vector_thrust,cruise_83,0.6959696587728076,0.08588859362440394,7.367565711536988,8.103167480146727,14.54641633894527,False
vector_thrust,cruise_83,0.7012499267004726,0.08648250832060592,7.424724809063373,8.10857525201299,14.570870385474105,False
vector_thrust,cruise_83,0.6946708993777004,0.08574329231646913,7.353511392935827,8.101752109234925,14.598012329441344,False
vector_thrust,cruise_83,0.6945535882795253,0.0857301830602494,7.352242022406373,8.101622596459492,14.622466375970179,False
vector_thrust,cruise_83,0.6942512345964159,0.08569640727752112,7.34897046032203,8.101287517785169,14.639389101236373,False
vector_thrust,cruise_83,0.6935353790605181,0.08561650587330888,7.341225084739116,8.100486839380924,14.645428751957356,False
vector_thrust,cruise_84,0.7178878002057839,0.08838738630947654,7.605038590787298,8.12206164454503,14.645428751957356,False
vector_thrust,cruise_84,0.7281262357082172,0.08958502370728941,7.716158715936199,8.127767405490687,14.651468342203488,False
vector_thrust,cruise_84,0.7345421140152906,0.09034546474249483,7.7858555032319865,8.130370640174391,14.668390898022922,False
vector_thrust,cruise_84,0.7287819551067407,0.08966239036582771,7.723279637826856,8.128067433103984,14.692844699694094,False
vector_thrust,cruise_84,0.7259525967980238,0.08932913432601985,7.692557305522758,8.12671702547293,14.719986371889831,False
vector_thrust,cruise_84,0.7293542922366603,0.08972998446562389,7.729495473585783,8.128322952246586,14.744440173561005,False
vector_thrust,cruise_84,0.7263130892340984,0.08937151208555777,7.69647114886848,8.126897176572097,14.761362729380439,False
vector_thrust,cruise_84,0.7249037344812704,0.08920597260383856,7.6811707545032,8.126179372546606,14.767402319626571,False
vector_thrust,cruise_85,0.7344951790272057,0.0903398738569561,7.785345460021147,8.130354268483963,14.767402319626571,False
vector_thrust,cruise_85,0.7490858421874536,0.09209782198214284,7.9440322579619815,8.133589112809817,14.773441849058814,False
vector_thrust,cruise_85,0.748035311427429,0.09196991075436542,7.932597994036449,8.13347871376425,14.790364234481524,False
vector_thrust,cruise_85,0.7463140328841805,0.09176078030589654,7.913866096398946,8.133257263029426,14.814817789922293,False
vector_thrust,cruise_85,0.7478513170878738,0.09194752928613747,7.930595490824886,8.133457450070102,14.841959188822898,False
vector_thrust,cruise_85,0.7434655324323471,0.09141592222533498,7.882875220555051,8.132779436384697,14.866412744263666,False
vector_thrust,cruise_85,0.7535859655386703,0.09264811142152171,7.993028446253965,8.133851343284002,14.883335129686374,False
vector_thrust,cruise_85,0.7426569895501072,0.09131831304864618,7.874080330113011,8.132618362698906,14.889374659118618,False
vector_thrust,cruise_86,0.7328585426978493,0.09014517573874664,7.767561776700645,8.129758877189126,14.889374659118618,False
vector_thrust,cruise_86,0.7463375126830707,0.09176362927587711,7.914121591696619,8.133260623762931,14.895414127394007,False
vector_thrust,cruise_86,0.7455513243151312,0.09166829199308132,7.90556705925839,8.133142966942176,14.912336341459019,False
vector_thrust,cruise_86,0.7449815968677309,0.09159927666500464,7.899368321294392,8.133051089390861,14.93678964928074,False
vector_thrust,cruise_86,0.7457296286350372,0.09168990388728362,7.9075071251945905,8.133170578428992,14.96393077334494,False
vector_thrust,cruise_86,0.7396522934435883,0.09095665601615469,7.841403923715896,8.13192047553089,14.98838408116666,False
vector_thrust,cruise_86,0.7415990351125338,0.09119078000036801,7.862573692164348,8.132390523576408,15.005306295231671,False
vector_thrust,cruise_86,0.7434216279654849,0.09141061881820015,7.882397630906925,8.132770979748223,15.011345763507062,False
vector_thrust,cruise_87,0.7113958852581905,0.08763805718559123,7.53464413989498,8.117431035145685,15.011345763507062,False
vector_thrust,cruise_87,0.7211980595884554,0.08877247404598998,7.640952042854705,8.12411805955557,15.017385170278635,False
vector_thrust,cruise_87,0.7197009419354794,0.08859806046465535,7.624708014471818,8.123213286622583,15.03430721201378,False
vector_thrust,cruise_87,0.7242302253518152,0.08912699424625445,7.673859763807395,8.125823511458213,15.05876027081163,False
vector_thrust,cruise_87,0.7175397441679993,0.08834701431823605,7.601263231437029,8.121833541350238,15.085901118480187,False
vector_thrust,cruise_87,0.7192976383846235,0.08855114680391907,7.62033254079343,8.12296242732329,15.110354177278035,False
vector_thrust,cruise_87,0.7148271249735013,0.08803313791150724,7.571844340459696,8.119977793953687,15.127276219013181,False
vector_thrust,cruise_87,0.7179386513692342,0.08839328655515685,7.605590184586556,8.122094780594509,15.133315625784753,False
vector_thrust,cruise_88,0.6986539308957859,0.08618987832083025,7.396619131894701,8.105985813034106,15.133315625784753,False
vector_thrust,cruise_88,0.7031977890027217,0.08670288895653791,7.445818447789732,8.110430891815128,15.13935497070148,False
vector_thrust,cruise_88,0.7046177449493853,0.08686398090617584,7.461198042753058,8.111736735971867,15.156276839123194,False
vector_thrust,cruise_88,0.7035012753220417,0.08673728795682115,7.449105326327924,8.110713303282585,15.180729647475879,False
vector_thrust,cruise_88,0.7023300870496536,0.08660463148091319,7.436421465396803,8.10961348186604,15.207870217171271,False
vector_thrust,cruise_88,0.7034093355914005,0.0867268651601948,7.448109571111799,8.110627938553066,15.232323025523957,False
vector_thrust,cruise_88,0.7010990872915502,0.08646547139562258,7.423091530216288,8.10842843941338,15.249244893945672,False
vector_thrust,cruise_88,0.7014693831799657,0.08650730281144846,7.427101114909006,8.108788048899063,15.255284238862398,False
vector_thrust,cruise_89,0.7304412511559836,0.0898585245399745,7.741301412941606,8.128791952632598,15.255284238862398,False
vector_thrust,cruise_89,0.7479455540564739,0.0919589916761068,7.931621114026978,8.1334684126469,15.261323521569105,False
vector_thrust,cruise_89,0.7501620914384577,0.09222908079629094,7.955747876728587,8.133682835843963,15.27824521568222,False
vector_thrust,cruise_89,0.744306191600236,0.09151753899102313,7.892020309769672,8.132934952208934,15.302697772151685,False
vector_thrust,cruise_89,0.742265983766039,0.09127115402892952,7.8698274704536155,8.132536414854235,15.329838062277796,False
vector_thrust,cruise_89,0.7405178628101036,0.0910606654349449,7.850815950961276,8.132137616972946,15.35429061874726,False
vector_thrust,cruise_89,0.73961727374712,0.09095245090445092,7.8410231458972905,8.131911415164796,15.371212312860377,False
vector_thrust,cruise_89,0.7388971884813677,0.09086603518539937,7.833193813471773,8.131720361450258,15.377251595567087,False
vector_thrust,cruise_90,0.6983251092304888,0.08615290034843683,7.393059670527346,8.105648288173498,15.377251595567087,False
vector_thrust,cruise_90,0.7035149180561655,0.08673883470477378,7.449253085070845,8.110725956264739,15.38329081570439,False
vector_thrust,cruise_90,0.7029751698591112,0.08667766667862536,7.44340745980321,8.110222584388792,15.400212334501935,False
vector_thrust,cruise_90,0.7048129657750162,0.0868861573610626,7.463312666373542,8.111913188266662,15.424664637633057,False
vector_thrust,cruise_90,0.7022760345643962,0.08659851521296551,7.435836119593593,8.109562073175727,15.451804646574823,False
vector_thrust,cruise_90,0.7080397547324921,0.08725372443515128,7.498271419817855,8.11472242951327,15.476256949705947,False
vector_thrust,cruise_90,0.7033761154827176,0.08672309952619654,7.447749782380958,8.110597053444199,15.493178468503492,False
vector_thrust,cruise_90,0.7005823546465153,0.08640713935740757,7.4174965796066505,8.10792209829656,15.499217688640796,False
vector_thrust,cruise_91,0.709704408866817,0.08744409574512016,7.516310811250643,8.116092948521596,15.499217688640796,False
vector_thrust,cruise_91,0.720752606943951,0.08872053556794887,7.6361185158199305,8.123853201854766,15.505256845845022,False
vector_thrust,cruise_91,0.7209400218533811,0.08874238311473184,7.638152092989033,8.123965083530647,15.522178188307999,False
vector_thrust,cruise_91,0.7177447326130509,0.08837078878606128,7.603486721273736,8.121968157947016,15.546630236628287,False
vector_thrust,cruise_91,0.716864660703944,0.08826877341132094,7.593941014224849,8.12138464146826,15.573769962751362,False
vector_thrust,cruise_91,0.7184759829164177,0.0884556622332065,7.6114189238362515,8.122441964452332,15.598222011071648,False
vector_thrust,cruise_91,0.7166329685978297,0.08824194016485737,7.59142811464135,8.12122860466333,15.615143353534625,False
vector_thrust,cruise_91,0.7150121019195504,0.08805449832561038,7.573850179131103,8.120108745331315,15.62118251073885,False
vector_thrust,cruise_92,0.7276654661962892,0.08953070661410559,7.711155200921236,8.127551917273099,15.62118251073885,False
vector_thrust,cruise_92,0.7447233195557372,0.09156800975184562,7.896558349637718,8.133007603572239,15.627221604641953,False
vector_thrust,cruise_92,0.7398966763899576,0.09098600755577033,7.844061201726631,8.131983106703899,15.64414276973912,False
vector_thrust,cruise_92,0.7385254186174444,0.09082145804804162,7.829151887792358,8.13161817141042,15.668594561758393,False
vector_thrust,cruise_92,0.7376623791789586,0.0907180750676937,7.819769472294837,8.131371599634539,15.6957340034088,False
vector_thrust,cruise_92,0.7382536024446619,0.09078888228336582,7.826196777265264,8.131541923166989,15.720185795428073,False
vector_thrust,cruise_92,0.7358590509801336,0.09050250604255755,7.800167766161079,8.130814086342605,15.737106960525242,False
vector_thrust,cruise_92,0.7342577620744768,0.09031159911579373,7.782765487382356,8.130270854057654,15.743146054428342,False
vector_thrust,cruise_93,0.7168493075594882,0.08826699499128102,7.593774494264616,8.121374332844324,15.743146054428342,False
vector_thrust,cruise_93,0.7290171384966385,0.08969015857891116,7.725833786502854,8.128173146836785,15.749185084657826,False
vector_thrust,cruise_93,0.7273086836483071,0.08948867502673899,7.707281058974457,8.127382413819282,15.766106071345487,False
vector_thrust,cruise_93,0.7264065411629509,0.08938250179260052,7.6974857757729005,8.126943491115014,15.790557605555547,False
vector_thrust,cruise_93,0.7273082133373975,0.0894886196363274,7.707275952179245,8.127382188853774,15.817696761059318,False
vector_thrust,cruise_93,0.728913013594511,0.08967786323102489,7.724702956625005,8.128126466580849,15.842148295269377,False
vector_thrust,cruise_93,0.7256785796172072,0.08929693835683103,7.6895824220731015,8.126578502808146,15.859069281957037,False
vector_thrust,cruise_93,0.7263776225841991,0.08937910086828765,7.697171799674459,8.126929176146179,15.865108312186521,False
vector_thrust,cruise_94,0.6875049669984259,0.0849471160281156,7.27600014757329,8.09332911044181,15.865108312186521,False
vector_thrust,cruise_94,0.6907057028053509,0.08530158104440805,7.31061428863302,8.097220407272044,15.871147278365365,False
vector_thrust,cruise_94,0.6912170328726429,0.08535838085245767,7.316145082926898,8.097822685594453,15.888068085587117,False
vector_thrust,cruise_94,0.6894121588947539,0.08515810341519663,7.296623982629637,8.095673004052918,15.912519360461427,False
vector_thrust,cruise_94,0.6905825777227409,0.08528791111520573,7.3092825512535,8.097074587627214,15.93965822812423,False
vector_thrust,cruise_94,0.688450436545973,0.08505162808809458,7.28622368699679,8.094500387845503,15.96410950299854,False
vector_thrust,cruise_94,0.687793559167257,0.08497899974078348,7.279120644348135,8.093688573238975,15.981030310220293,False
vector_thrust,cruise_94,0.6877239622103902,0.08497130927253935,7.278368096202732,8.093602041655792,15.987069276399135,False
vector_thrust,cruise_95,0.7057431785071233,0.08699192263809735,7.473389288492939,8.11274377097224,15.987069276399135,False
vector_thrust,cruise_95,0.7127018931610213,0.08778817780506354,7.548801772167614,8.11842677431577,15.993108178145699,False
vector_thrust,cruise_95,0.7103095290887061,0.08751342426571282,7.522869120950507,8.116577942739703,16.010028804832217,False
vector_thrust,cruise_95,0.7117842069642718,0.0876826604231839,7.538853491483032,8.117730501435277,16.034479818825552,False
vector_thrust,cruise_95,0.7109675443426305,0.08758888952281266,7.530001188124343,8.117097364928437,16.06161839693232,False
vector_thrust,cruise_95,0.7108249663313254,0.08757253102403031,7.528455777321219,8.116985520679671,16.086069410925656,False
vector_thrust,cruise_95,0.714998500950511,0.08805292752358257,7.573702692639279,8.120099138771034,16.102990037612173,False
vector_thrust,cruise_95,0.7080014280022376,0.08724934736228712,7.497856121289845,8.11469024590396,16.109028939358737,False
vector_thrust,cruise_96,0.7205286990580665,0.08869444245921931,7.633689019725418,8.1237186804501,16.109028939358737,False
vector_thrust,cruise_96,0.7335845437057136,0.09023148072530823,7.775450100591199,8.130028874722399,16.115067776286683,False
vector_thrust,cruise_96,0.731725600531596,0.09001069148809937,7.755253127812969,8.12931873352334,16.131988221355467,False
vector_thrust,cruise_96,0.7376088057525767,0.09071166214228235,7.819187086061053,8.131355862442783,16.156438972903572,False
vector_thrust,cruise_96,0.7292627313724438,0.08971916685061687,7.72850105549156,8.128282472647925,16.183577259718113,False
vector_thrust,cruise_96,0.7331607033156434,0.09018108378591533,7.770844808815418,8.129872391599601,16.20802801126622,False
vector_thrust,cruise_96,0.7336055797694153,0.09023398290305651,7.775678676281454,8.130036557929284,16.224948456335003,False
vector_thrust,cruise_96,0.7284455248476436,0.08962268580927998,7.719626038785922,8.127914470202327,16.23098729326295,False
vector_thrust,cruise_97,0.6858258051576699,0.08476190195133695,7.2578454805071155,8.091203587567119,16.23098729326295,False
vector_thrust,cruise_97,0.688774926796111,0.08508753463544744,7.289732688071048,8.094898151029135,16.237026064981148,False
vector_thrust,cruise_97,0.6865465848822774,0.08484134233321063,7.265637986455704,8.092123085298391,16.25394632733628,False
vector_thrust,cruise_97,0.6884114206377505,0.08504731206223524,7.285801781176482,8.09445241648543,16.27839681485551,False
vector_thrust,cruise_97,0.6875149388455337,0.08494821746714998,7.276107969886779,8.093341559655448,16.305534808620106,False
vector_thrust,cruise_97,0.6853208111175821,0.08470630044796823,7.252386219978128,8.09055297531909,16.329985296139338,False
vector_thrust,cruise_97,0.6858264710750539,0.08476197530157784,7.25785267962124,8.091204442026346,16.34690555849447,False
vector_thrust,cruise_97,0.687650261819185,0.08496316633385992,7.2775711836587575,8.093510299711363,16.352944330212672,False
vector_thrust,cruise_98,0.7304138444187499,0.0898552808036879,7.7410037188611645,8.128780388706678,16.352944330212672,False
vector_thrust,cruise_98,0.7445421749421424,0.0915460879768624,7.894587605433234,8.132976420907466,16.358983036325114,False
vector_thrust,cruise_98,0.7425897246377916,0.09131019821242953,7.873348695221138,8.132604453559352,16.375903114857007,False
vector_thrust,cruise_98,0.742263723696585,0.09127088152660065,7.869802888862567,8.132535933492154,16.40035333674396,False
vector_thrust,cruise_98,0.7420277433261502,0.09124243405730723,7.86723628863278,8.132485186224866,16.427491035678976,False
vector_thrust,cruise_98,0.7468345829477913,0.09182396671639784,7.919530619519927,8.133329561490424,16.451941257565927,False
vector_thrust,cruise_98,0.7389095345078595,0.09086751598289902,7.833328043821949,8.131723713531686,16.46886133609782,False
vector_thrust,cruise_98,0.7386846255882887,0.09084054461660479,7.830882784022091,8.131662229744759,16.474900042210265,False
vector_thrust,cruise_99,0.6963637736927839,0.08593274692073692,7.371830937133578,8.103590291778982,16.474900042210265,False
vector_thrust,cruise_99,0.7002831070162744,0.0863733807559664,7.414256597873588,8.107626457216114,16.480938682315976,False
vector_thrust,cruise_99,0.6998144288549245,0.08632054137163778,7.4091823795593035,8.107159868726932,16.49785857590111,False
vector_thrust,cruise_99,0.6989714636239264,0.08622560555296781,7.400056507283024,8.106309710919373,16.52230853053225,False
vector_thrust,cruise_99,0.698276525522702,0.08614743849504047,7.39253376711493,8.10559823624822,16.54944593283569,False
vector_thrust,cruise_99,0.6975291093983451,0.0860634672375124,7.3844435565395425,8.104822310648364,16.573895887466836,False
vector_thrust,cruise_99,0.698373394531882,0.0861583290821844,7.393582346417411,8.105697986154304,16.59081578105197,False
vector_thrust,cruise_99,0.6972788434925529,0.08603537299878675,7.381734759013893,8.104560010478314,16.596854421157676,False
vector_thrust,cruise_100,0.6981229031825947,0.08613017088079435,7.3908708709085955,8.10543966235489,16.596854421157676,False
vector_thrust,cruise_100,0.7070388621873414,0.08713950692008154,7.487426560272619,8.113872652914935,16.602892994850603,False
vector_thrust,cruise_100,0.7011743151062698,0.08647396766368404,7.423906088649439,8.108501715028138,16.61981270235126,False
vector_thrust,cruise_100,0.7034850519554278,0.08673544867354022,7.448929618110393,8.110698252144225,16.64426238808254,False
vector_thrust,cruise_100,0.7026414997724738,0.08663987958321083,7.4397938843033335,8.109908545032564,16.671399491929648,False
vector_thrust,cruise_100,0.6995129026685827,0.08628656817146686,7.40591798973408,8.10685738802968,16.69584917766093,False
vector_thrust,cruise_100,0.7004507842453157,0.08639229467135481,7.4160720422451485,8.10779233159511,16.712768885161587,False
vector_thrust,cruise_100,0.6976185863582579,0.08607351448018857,7.385412043407702,8.104915787060465,16.718807458854513,False
vector_thrust,cruise_101,0.6949007789110968,0.08576898812769312,7.355998860374006,8.102005096253746,16.718807458854513,False
vector_thrust,cruise_101,0.6977152720383017,0.08608437282490775,7.386458566635049,8.10501661500662,16.72484596572345,False
vector_thrust,cruise_101,0.6997792421284831,0.08631657599703924,7.408801434910237,8.107124663430653,16.741765485987436,False
vector_thrust,cruise_101,0.6965886909857735,0.08595795746248333,7.374265135158041,8.103830192682302,16.766214901153887,False
vector_thrust,cruise_101,0.70039130397531,0.08638558473472807,7.4154280446544405,8.107733554458932,16.793351704696697,False
vector_thrust,cruise_101,0.6985345305497834,0.08617644874792008,7.395326621106915,8.105863500979355,16.81780111986315,False
vector_thrust,cruise_101,0.6954951184516581,0.08583546778042268,7.36243032992987,8.102654257454706,16.834720640127138,False
vector_thrust,cruise_101,0.6970196087622083,0.08600628400991488,7.37892896002071,8.104286992353433,16.840759146996074,False
vector_thrust,cruise_102,0.7183166154242325,0.08843715661651816,7.609690139171389,8.122339556200368,16.840759146996074,False
vector_thrust,cruise_102,0.7275291148665659,0.08951464063379708,7.709674604920494,8.127487411169705,16.84679758662454,False
vector_thrust,cruise_102,0.7266550390643886,0.08941173241561612,7.700183819512379,8.127065871922143,16.86371691848491,False
vector_thrust,cruise_102,0.7300643135872955,0.08981392422093393,7.737207167350877,8.12863172297655,16.888166061400263,False
vector_thrust,cruise_102,0.7262934484242058,0.0893692025833972,7.696257905860658,8.126887422391917,16.91530256276714,False
vector_thrust,cruise_102,0.7244785021257075,0.0891560983550641,7.676554763576089,8.125955660828408,16.939751705682486,False
vector_thrust,cruise_102,0.725488217293209,0.08927457973525799,7.687515795070838,8.12648146252416,16.956671037542858,False
vector_thrust,cruise_102,0.7211805476722436,0.08877043151269601,7.64076201976154,8.12410771675814,16.962709477171323,False
vector_thrust,cruise_103,0.726706249515333,0.08941775769119012,7.70073984155764,8.127090952392914,16.962709477171323,False
vector_thrust,cruise_103,0.7406728393787603,0.09107930273484502,7.852501231957225,8.132175117052082,16.968747849137472,False
vector_thrust,cruise_103,0.738958411979494,0.09087337868726197,7.8338594587450565,8.131736958109562,16.985666991412252,False
vector_thrust,cruise_103,0.7383922498724476,0.09080549673025909,7.827704102618111,8.13158097759068,17.01011586036848,False
vector_thrust,cruise_103,0.7386702588713598,0.0908388220638997,7.830726587980894,8.131658272183993,17.03725205766367,False
vector_thrust,cruise_103,0.7382966807874864,0.090794044076321,7.826665107120372,8.131554093646034,17.0617009266199,False
vector_thrust,cruise_103,0.7354081740723551,0.09044870360342061,7.7952674701529645,8.13066572293628,17.078620068894676,False
vector_thrust,cruise_103,0.7356173537242126,0.09047365995294876,7.797540880812673,8.130735001842234,17.084658440860828,False
vector_thrust,cruise_104,0.6905609582228298,0.08528551110079592,7.309048713581442,8.097048951335712,17.084658440860828,False
vector_thrust,cruise_104,0.6945717770022967,0.08573221544540138,7.352438833371886,8.101642695150403,17.090696744737343,False
vector_thrust,cruise_104,0.6948260671001691,0.08576063582382464,7.3551904165616735,8.101922990957394,17.10761569622921,False
vector_thrust,cruise_104,0.6935805648485309,0.08562154659705645,7.341713966619023,8.100537684895956,17.13206428949614,False
vector_thrust,cruise_104,0.6936192268279209,0.08562585984951104,7.342132266789387,8.100581156755318,17.159200180799296,False
vector_thrust,cruise_104,0.693693057457743,0.08563409738477862,7.342931075969518,8.100664088754048,17.183648774066224,False
vector_thrust,cruise_104,0.6924691015695074,0.08549766475465945,7.329689291343756,8.099275033494633,17.200567725558088,False
vector_thrust,cruise_104,0.6923233411359591,0.08548143523768756,7.3281124434579095,8.099107592319923,17.206606029434607,False
vector_thrust,cruise_105,0.6867581047342949,0.0848646727875286,7.267924881746629,8.092390887474421,17.206606029434607,False
vector_thrust,cruise_105,0.693600914800976,0.08562381686801247,7.341934141081813,8.100560570315954,17.212644264788587,False
vector_thrust,cruise_105,0.6927441711481037,0.08552830258584271,7.332665080165171,8.099589845745074,17.22956302428458,False
vector_thrust,cruise_105,0.6924852824382242,0.08549946663237935,7.329864338717164,8.099293594610264,17.25401134010944,False
vector_thrust,cruise_105,0.6947581570517729,0.0857530447972448,7.354455578879508,8.101848263166222,17.281146923475127,False
vector_thrust,cruise_105,0.6916158727552468,0.08540271801700838,7.320459330120554,8.098288775979098,17.30559523929998,False
vector_thrust,cruise_105,0.6969186760718051,0.08599496157270536,7.3778365464044375,8.104180330176527,17.322513998795973,False
vector_thrust,cruise_105,0.6918853160980185,0.08543268716824716,7.323373996143044,8.098601823625796,17.32855223414996,False
vector_thrust,cruise_106,0.6886695981122941,0.08507587736636459,7.288593662792673,8.094769274569538,17.32855223414996,False
vector_thrust,cruise_106,0.6932597805374064,0.08558576939761886,7.338243330882821,8.10017582849111,17.334590400542815,False
vector_thrust,cruise_106,0.6910298002117347,0.0853375770625074,7.314119849906391,8.097602767718312,17.35150896681403,False
vector_thrust,cruise_106,0.6914874864043996,0.08538844274555657,7.319070556921229,8.098139094361024,17.37595700342099,False
vector_thrust,cruise_106,0.6910571153056857,0.08534061169882179,7.314415305711876,8.09763489561707,17.40309227687819,False
vector_thrust,cruise_106,0.6907096981622228,0.08530202467404874,7.310657503229331,8.097225133887777,17.42754031348515,False
vector_thrust,cruise_106,0.6892149231634531,0.08513625311519654,7.294490944967786,8.095434059458631,17.444458879756365,False
vector_thrust,cruise_106,0.6929344006981751,0.08554949882012032,7.334723092251211,8.099806664620745,17.45049704614922,False
vector_thrust,cruise_107,0.6998075972920857,0.08631977146968209,7.409108418397791,8.107153035476673,17.45049704614922,False
vector_thrust,cruise_107,0.7064374342910833,0.08707096317136959,7.480910528101241,8.113352701757776,17.456535143136552,False
vector_thrust,cruise_107,0.7031911816266788,0.08670214022393102,7.445746888423039,8.110424723201794,17.47345351493781,False
vector_thrust,cruise_107,0.7053426852794717,0.08694636703895142,7.469050784521401,8.112388237722257,17.49790127052753,False
vector_thrust,cruise_107,0.7029723063918845,0.08667734231305287,7.443376448528736,8.110219898678444,17.525036232079138,False
vector_thrust,cruise_107,0.7017293354726788,0.08653668399071723,7.429915985779302,8.109038885150177,17.549483987668864,False
vector_thrust,cruise_107,0.7024264008389192,0.08661553112205006,7.4374644760274675,8.109704942513476,17.566402359470118,False
vector_thrust,cruise_107,0.7019685552209002,0.08656373280915004,7.4325064237916205,8.109268540539416,17.572440456457453,False
vector_thrust,cruise_108,0.7008605374015832,0.08643853630358042,7.420508580848175,8.108195341717655,17.572440456457453,False
vector_thrust,cruise_108,0.7049728931112589,0.08690432980348722,7.465045024836675,8.11205718639545,17.57847848358894,False
vector_thrust,cruise_108,0.7056214534158044,0.08697807344615907,7.4720706330898,8.112636040997117,17.595396659658455,False
vector_thrust,cruise_108,0.7068129146509976,0.08711374825330795,7.484978535070782,8.113678137183793,17.61984413240763,False
vector_thrust,cruise_108,0.7028934534798316,0.08666841066615666,7.442522477235389,8.110145877571815,17.6469787800299,False
vector_thrust,cruise_108,0.7034254887946189,0.08672869626441487,7.448284518027658,8.110642948558159,17.671426252779078,False
vector_thrust,cruise_108,0.7019918966406106,0.08656637260860887,7.432759184413802,8.109290888443658,17.688344428848595,False
vector_thrust,cruise_108,0.7011001847216767,0.0864655953324942,7.423103413021896,8.108429509166864,17.69438245598008,False
vector_thrust,cruise_109,0.701882394287147,0.0865539892970077,7.431573405724363,8.109185954198557,17.69438245598008,False
vector_thrust,cruise_109,0.7082431672566533,0.08727695951919759,7.500475573523088,8.114892763889957,17.70042041279935,False
vector_thrust,cruise_109,0.7093125348414554,0.08739923478105618,7.512063894937905,8.115775116548265,17.717338391858416,False
vector_thrust,cruise_109,0.7066617687076208,0.08709652242124756,7.483340979266138,8.11354746507339,17.741785579919238,False
vector_thrust,cruise_109,0.7054615824950666,0.08695988837233577,7.470338767299436,8.112494113084585,17.768919911561287,False
vector_thrust,cruise_109,0.7069468714478295,0.08712901857940876,7.486429880919738,8.113793578468043,17.793367099622113,False
vector_thrust,cruise_109,0.7040087980276395,0.0867948514473855,7.454602235008714,8.111181553832203,17.810285078681183,False
vector_thrust,cruise_109,0.7033588114752324,0.08672113812697962,7.447562372687994,8.110580957152036,17.81632303550045,False
vector_thrust,cruise_110,0.7001714894640907,0.08636079320041942,7.413048130253669,8.107515731579573,17.81632303550045,False
vector_thrust,cruise_110,0.7083856385411248,0.0872932380369886,7.5020194035828505,8.115011591630521,17.822360921544966,False
vector_thrust,cruise_110,0.7103104327205135,0.08751352784509162,7.522878914852909,8.116578661733756,17.83927870229759,False
vector_thrust,cruise_110,0.7038337746899285,0.08677499487018368,7.452706548154198,8.111020643019009,17.8637256037973,False
vector_thrust,cruise_110,0.703534894890897,0.08674109964436505,7.449469446188405,8.110744477247364,17.890859617380496,False
vector_thrust,cruise_110,0.7020153125612095,0.08656902093408088,7.433012752415676,8.109313296909853,17.9153065188802,False
vector_thrust,cruise_110,0.7029306427438731,0.08667262294143688,7.442925233375154,8.110180803214304,17.932224299632825,False
vector_thrust,cruise_110,0.7030151239111898,0.08668219271895394,7.443840162104959,8.110260041419885,17.938262185677342,False
vector_thrust,cruise_111,0.6942945594503152,0.08570124605230238,7.349439242620897,8.101335644835268,17.938262185677342,False
vector_thrust,cruise_111,0.6965588019655088,0.08595460672799662,7.373941653897561,8.103798370804828,17.94430000047828,False
vector_thrust,cruise_111,0.6970008553700103,0.08600418014926361,7.378725987641413,8.104267189807961,17.961217581610818,False
vector_thrust,cruise_111,0.6961400475492623,0.0859076790585663,7.369409686767084,8.103350657101084,17.985664194651147,False
vector_thrust,cruise_111,0.6966628971900252,0.0859662771187348,7.375068254356837,8.103909120407868,18.012797888068594,False
vector_thrust,cruise_111,0.6952955860427095,0.08581314196004516,7.360271104913002,8.10243711116464,18.037244501108926,False
vector_thrust,cruise_111,0.694058456807461,0.08567488086984022,7.346884597215548,8.101072913797159,18.054162082241465,False
vector_thrust,cruise_111,0.6937457069043124,0.08563997227026299,7.343500719429022,8.100723161317553,18.060199897042402,False
vector_thrust,cruise_112,0.708192579955494,0.08727118040181112,7.499927411155771,8.114850477498493,18.060199897042402,False
vector_thrust,cruise_112,0.7140744948601166,0.08794629230856285,7.56368343920053,8.119438308493548,18.066237640124495,False
vector_thrust,cruise_112,0.7156236210730317,0.08812515916755209,7.580481606999765,8.120537061526536,18.083155020305313,False
vector_thrust,cruise_112,0.7127414831856133,0.08779273344028557,7.54923097425704,8.118456451414652,18.10760134296199,False
vector_thrust,cruise_112,0.7117803109817498,0.08768221278647187,7.538811258724723,8.117727511224118,18.1347347140779,False
vector_thrust,cruise_112,0.7115970582747833,0.08766116076166919,7.536824804752777,8.117586535380866,18.159181036734577,False
vector_thrust,cruise_112,0.7127667872613509,0.08779564533885806,7.549505300933809,8.118475403994584,18.176098416915394,False
vector_thrust,cruise_112,0.7091943724728289,0.08738571333482892,7.51078335054104,8.115678700881745,18.182136159997487,False
vector_thrust,cruise_113,0.7032755588970128,0.0867117022632895,7.4466607169455905,8.11050343310759,18.182136159997487,False
vector_thrust,cruise_113,0.7079249821770563,0.08724061773639846,7.497027779155595,8.11462596833145,18.188173830878924,False
vector_thrust,cruise_113,0.7065326662877389,0.08708181217516758,7.481942269647628,8.113435499786432,18.205091008758,False
vector_thrust,cruise_113,0.7090542249614415,0.0873696794374873,7.50926457049541,8.115563998020244,18.229537039080185,False
vector_thrust,cruise_113,0.7081165295234766,0.08726249325017257,7.499103336655464,8.11478681331485,18.25667008572929,False
vector_thrust,cruise_113,0.7057523110651805,0.08699296179862881,7.4734882227393875,8.112751841911706,18.281116116051475,False
vector_thrust,cruise_113,0.7066430399241594,0.08709438822779261,7.483138068411043,8.113531242402862,18.298033293930548,False
vector_thrust,cruise_113,0.7028839383276297,0.0866673329646718,7.442419429308098,8.110136937225775,18.304070964811984,False
vector_thrust,cruise_114,0.7026957194754049,0.08664601840613745,7.440381063452253,8.109959723499891,18.304070964811984,False
vector_thrust,cruise_114,0.7071155337166736,0.08714824982698927,7.4882572701084475,8.113938433881025,18.310108563004253,False
vector_thrust,cruise_114,0.7079231767704685,0.08724041158346982,7.497008216437286,8.114624448936056,18.327025537212787,False
vector_thrust,cruise_114,0.7093745331096645,0.08740633033741627,7.5127357864710795,8.115825597199343,18.351471273222526,False
vector_thrust,cruise_114,0.7046147069754929,0.08686363585744525,7.461165135893571,8.11173398419402,18.378603993209452,False
vector_thrust,cruise_114,0.703879119723444,0.08678013877126035,7.4531976792166255,8.111062389272798,18.403049729219187,False
vector_thrust,cruise_114,0.7040910559999646,0.08680418564047013,7.455493187431193,8.111256972287071,18.419966703427725,False
vector_thrust,cruise_114,0.7028825045095958,0.08666717056956816,7.442403901244177,8.110135589870083,18.42600430161999,False
vector_thrust,cruise_115,0.7042743736194967,0.08682499200699015,7.457478764687928,8.111424571888204,18.42600430161999,False
vector_thrust,cruise_115,0.7120446414476246,0.08771258991189626,7.541676661708774,8.117929731214693,18.432041826627728,False
vector_thrust,cruise_115,0.7127028989165606,0.08778829353405526,7.548812675709413,8.118427528609898,18.448958595777775,False
vector_thrust,cruise_115,0.7117020857208616,0.08767322553077309,7.537963294435162,8.117667411142024,18.473404035469404,False
vector_thrust,cruise_115,0.7098703351034861,0.08746309917458683,7.518109082369333,8.116226635034963,18.500536426568043,False
vector_thrust,cruise_115,0.7100220754415164,0.0874804823407131,7.519753637710047,8.116348429312154,18.524981866259672,False
vector_thrust,cruise_115,0.7098780939825315,0.08746398791830812,7.518193172126831,8.11623287341485,18.54189863540972,False
vector_thrust,cruise_115,0.7098070018930764,0.0874558450627761,7.517422687577841,8.11617566994607,18.547936160417457,False
vector_thrust,cruise_116,0.7004866707902571,0.08639634332611715,7.416460590642613,8.107827760095764,18.547936160417457,False
vector_thrust,cruise_116,0.7093198645557729,0.08740007361277799,7.5121433287483175,8.115781088450587,18.553973611738325,False
vector_thrust,cruise_116,0.7054835236964547,0.08696238387265348,7.470576452423393,8.1125136211716,18.570890174422345,False
vector_thrust,cruise_116,0.704361733789303,0.08683490946883077,7.458425006720056,8.111504210666936,18.595335315761922,False
vector_thrust,cruise_116,0.7041789570031348,0.08681416154681487,7.456445269162454,8.111337418416506,18.622467375714773,False
vector_thrust,cruise_116,0.7038387976735697,0.08677556465448832,7.452760951864395,8.111025269337325,18.646912517054346,False
vector_thrust,cruise_116,0.7033451904651462,0.08671959423201578,7.447414851648511,8.110568282680918,18.66382907973837,False
vector_thrust,cruise_116,0.7026827597342968,0.08664455103893656,7.44024071398863,8.109947495931086,18.669866531059238,False
vector_thrust,cruise_117,0.703563447910589,0.0867443370643413,7.449778693328245,8.110770935844855,18.669866531059238,False
vector_thrust,cruise_117,0.7061975139799058,0.08704363839797488,7.478311282280641,8.113143326466647,18.675903908183752,False
vector_thrust,cruise_117,0.7078770513325486,0.08723514488783296,7.496508419514552,8.114585609306177,18.69282026297422,False
vector_thrust,cruise_117,0.7104370948678809,0.08752804806381581,7.52425173631153,8.116679288334048,18.717265103898907,False
vector_thrust,cruise_117,0.7068066000170943,0.0871130285017524,7.4849101201046775,8.113672686776994,18.744396830416385,False
vector_thrust,cruise_117,0.7062717871053086,0.08705209631091297,7.479115934543745,8.11320826304753,18.76884167134107,False
vector_thrust,cruise_117,0.706899627296315,0.0871236326336525,7.485918015010158,8.113752904091683,18.785758026131536,False
vector_thrust,cruise_117,0.7034218643856044,0.08672828540238162,7.448245263918881,8.110639581101276,18.791795403256053,False
vector_thrust,cruise_118,0.6940652975628165,0.0856756446223897,7.3469586137422604,8.101080541872406,18.791795403256053,False
vector_thrust,cruise_118,0.6981244086228416,0.08613034007588187,7.3908871665272775,8.105441218597136,18.797832705667446,False
vector_thrust,cruise_118,0.6980762405743448,0.08612492671731767,7.3903657733677885,8.105391402718933,18.8147488511164,False
vector_thrust,cruise_118,0.6972665047145442,0.0860339881738077,7.381601209877018,8.104547046057094,18.839193389533833,False
vector_thrust,cruise_118,0.6971612199916007,0.08602217282605691,7.380461664451088,8.104436299247073,18.86632478029359,False
vector_thrust,cruise_118,0.696021938349904,0.08589444895355264,7.368131486218145,8.103223745300204,18.89076931871102,False
vector_thrust,cruise_118,0.6961167620770033,0.08590507051447593,7.369157685655148,8.103325658288123,18.90768546415997,False
vector_thrust,cruise_118,0.6966299903029383,0.08596258762669731,7.374712108807597,8.103874133339684,18.913722766571365,False
vector_thrust,cruise_119,0.7269771824426263,0.08944964301017919,7.703681572092627,8.12722284827786,18.913722766571365,False
vector_thrust,cruise_119,0.7379687553069482,0.0907547596923835,7.823100094484516,8.131460628713244,18.919759993745416,False
vector_thrust,cruise_119,0.7388233957157675,0.09085718498718948,7.832391516408645,8.131700270264139,18.936675928384016,False
vector_thrust,cruise_119,0.7367530582701122,0.09060929911266263,7.809884896867213,8.131097641027344,18.961120162171664,False
vector_thrust,cruise_119,0.7352439078383055,0.09042911142738091,7.793482225680163,8.130610776030272,18.98825121481787,False
vector_thrust,cruise_119,0.7345545335917191,0.09034694422868222,7.7859904673997535,8.13037496578132,19.01269544860552,False
vector_thrust,cruise_119,0.7337221377562753,0.09024784863119295,7.776945193000754,8.13007898675464,19.029611383244116,False
vector_thrust,cruise_119,0.734356132351472,0.09032331306612251,7.783834453405507,8.130305537108407,19.035648610418168,False
vector_thrust,cruise_120,0.7160357138194631,0.0881728153357541,7.584950663718708,8.120821719175733,19.035648610418168,False
vector_thrust,cruise_120,0.7300325071637228,0.08981016200764036,7.736861698031029,8.128618085574962,19.04168576182304,False
vector_thrust,cruise_120,0.7257787280125864,0.08930870378999284,7.69066967857898,8.126629289338211,19.058601484161116,False
vector_thrust,cruise_120,0.7260402650530416,0.08933943795981641,7.693509099914374,8.126761054615141,19.08304541116562,False
vector_thrust,cruise_120,0.7231795839901451,0.08900396018169265,7.66245605028208,8.125251758616656,19.11017612330822,False
vector_thrust,cruise_120,0.7224218413381456,0.0889153529179933,7.654232285764036,8.12482678896226,19.134620050312726,False
vector_thrust,cruise_120,0.7232445770956403,0.08901156516911476,7.663161450702115,8.12528771650666,19.1515357726508,False
vector_thrust,cruise_120,0.7230322988930837,0.08898672892918474,7.6608575151003695,8.125169984262145,19.15757292405567,False
vector_thrust,cruise_121,0.7184644467959378,0.08845432251088492,7.611293781453981,8.12243456737262,19.15757292405567,False
vector_thrust,cruise_121,0.7294515218490387,0.08974147353590878,7.730551469449279,8.128365772344479,19.163609999151742,False
vector_thrust,cruise_121,0.726709303700119,0.08941811705328465,7.7007730027406245,8.127092446680237,19.180525507677313,False
vector_thrust,cruise_121,0.7273555667241838,0.08949419684227064,7.707790132623854,8.12740481939979,19.204969125713795,False
vector_thrust,cruise_121,0.7265369573315438,0.08939784111622359,7.698901748475064,8.127007859026413,19.232099494927766,False
vector_thrust,cruise_121,0.7252284117983295,0.08924407568329767,7.684695343047814,8.126347953582519,19.256543112964252,False
vector_thrust,cruise_121,0.7256905466798932,0.08929834414916199,7.6897123413173265,8.126584581094983,19.27345862148982,False
vector_thrust,cruise_121,0.721206971151372,0.08877351348371845,7.6410487430194785,8.124123320675432,19.279495696585894,False
vector_thrust,cruise_122,0.6875197410150282,0.08494874789658098,7.27615989421018,8.093347554127982,19.279495696585894,False
vector_thrust,cruise_122,0.694299524108308,0.08570180055640385,7.349492961199874,8.10134115736998,19.28658023621784,False
vector_thrust,cruise_122,0.6927088625526947,0.0855243690685398,7.332283096015302,8.099549521348157,19.3064306751534,False
vector_thrust,cruise_122,0.693288120763083,0.08558892943859858,7.338549945374547,8.100207880978898,19.33511539051172,False
vector_thrust,cruise_122,0.6934338879990675,0.08560518534294145,7.340127023420276,8.100372485861854,19.36695302262115,False
vector_thrust,cruise_122,0.6908922735122125,0.08532230026515428,7.312632294399346,8.097440778848453,19.395637737979477,False
vector_thrust,cruise_122,0.691282272949004,0.08536563130527008,7.316850772131458,8.097899147221879,19.41548817691503,False
vector_thrust,cruise_122,0.6903442707793787,0.08526146098823989,7.306705039158648,8.096791478562604,19.42257271654698,False
vector_thrust,cruise_123,0.7333827372990771,0.09020748065214895,7.773257320268594,8.129954766468764,19.42257271654698,False
vector_thrust,cruise_123,0.7439558200909133,0.09147517079812381,7.888208696223734,8.132871615323316,19.42862446068477,False
vector_thrust,cruise_123,0.7441797544252767,0.09150224708457766,7.890644810438985,8.132912339709144,19.445581070951874,False
vector_thrust,cruise_123,0.7418153342132688,0.09121683705882122,7.864926115749146,8.132438682728155,19.47008408272572,False
vector_thrust,cruise_123,0.7423384569155983,0.09127989281027835,7.870615726254717,8.1325518036981,19.49728037401478,False
vector_thrust,cruise_123,0.7395322046612873,0.09094223689717151,7.840098174946727,8.131889316704154,19.521783385788627,False
vector_thrust,cruise_123,0.7384260497288022,0.09080954759298529,7.828071566152816,8.131590447278509,19.53873999605573,False
vector_thrust,cruise_123,0.7421379307302127,0.09125571586258857,7.868434714602022,8.132509001931588,19.544791740193524,False
vector_thrust,cruise_124,0.7555235772442679,0.0928862293471299,8.01413250079641,8.133859911793405,19.544791740193524,False
vector_thrust,cruise_124,0.7705152204041322,0.0947525582396021,8.177577926903574,8.131867199360673,19.55084348415773,False
vector_thrust,cruise_124,0.76913159434087,0.09457853598583296,8.162481208362589,8.132200253724367,19.56780009393848,False
vector_thrust,cruise_124,0.7710800368680226,0.09482369999001894,8.183741318976892,8.131722733337613,19.592303105009513,False
vector_thrust,cruise_124,0.7662599540462997,0.0942185105165734,8.131156459382858,8.132796303455802,19.619499395518506,False
vector_thrust,cruise_124,0.7644279426638576,0.09398963685399597,8.111177716217757,8.13310880061516,19.644002406589543,False
vector_thrust,cruise_124,0.7640189241085235,0.0939386243752143,8.106717797404851,8.133171304029759,19.66095901637029,False
vector_thrust,cruise_124,0.7645387431999089,0.0940034612369256,8.112385916155374,8.1330914111021,19.6670107603345,False
vector_thrust,cruise_125,0.7228950230909249,0.0889706723163867,7.659367637328558,8.125093407412427,19.6670107603345,False
vector_thrust,cruise_125,0.7292808296023238,0.08972130497301248,7.728697614735691,8.12829048598531,19.673062504123838,False
vector_thrust,cruise_125,0.7329407284819076,0.09015494081190836,7.768454729826521,8.12978991368929,19.690019113414618,False
vector_thrust,cruise_125,0.7273364631034839,0.08949194679821729,7.707582698180047,8.127395694536089,19.714522123777627,False
vector_thrust,cruise_125,0.7272153905096533,0.08947768832402328,7.706268055636575,8.127337709890389,19.741718413500777,False
vector_thrust,cruise_125,0.726821715757095,0.0894313449110587,7.701993538073125,8.127147327147256,19.766221423863787,False
vector_thrust,cruise_125,0.7251641430501161,0.08923653175487295,7.683997653024219,8.12631473668313,19.783178033154563,False
vector_thrust,cruise_125,0.7250989813124997,0.0892288837906707,7.683290273883487,8.126280981095409,19.789229776943905,False
vector_thrust,cruise_126,0.7105548493128642,0.08754154977805981,7.5255280286885755,8.116772562449514,19.789229776943905,False
vector_thrust,cruise_126,0.7139904263363439,0.08793659818016214,7.562771910270691,8.11937738225374,19.795281520557072,False
vector_thrust,cruise_126,0.713432834981248,0.08787233411067044,7.556726328097742,8.11896989196529,19.81223812935422,False
vector_thrust,cruise_126,0.7126882061865674,0.08778660290834836,7.54865338980734,8.11841650747818,19.836741139003912,False
vector_thrust,cruise_126,0.7118434534408007,0.08768946801063657,7.539495730134288,8.117775938091624,19.86393742793534,False
vector_thrust,cruise_126,0.7117498034319838,0.0876787076572296,7.538480555082737,8.11770408631583,19.888440437585032,False
vector_thrust,cruise_126,0.7119708528760531,0.08770410875794979,7.5408767684984745,8.117873415041318,19.90539704638218,False
vector_thrust,cruise_126,0.7118235337286736,0.08768717910723667,7.539279797699734,8.117760668958821,19.911448789995347,False
vector_thrust,cruise_127,0.6785004471760937,0.08395988184755379,7.178681626104001,8.08124585511029,19.911448789995347,False
vector_thrust,cruise_127,0.6809505440009165,0.08422705070153284,7.205152895396037,8.084701272681793,19.91750053343101,False
vector_thrust,cruise_127,0.679413843645789,0.08405935556408656,7.188549359459041,8.082548802409105,19.93445714173081,False
vector_thrust,cruise_127,0.6770736509447826,0.08380479775068625,7.1632692628207835,8.079175287303146,19.958960150661813,False
vector_thrust,cruise_127,0.6790166810961427,0.08401608393214245,7.184258566234751,8.081984416752467,19.98615643879555,False
vector_thrust,cruise_127,0.6795634952779507,0.0840756677958266,7.190166183083785,8.082760602368754,20.01065944772655,False
vector_thrust,cruise_127,0.6787013175961719,0.08398174476966361,7.180851620350049,8.081533903083859,20.027616056026346,False
vector_thrust,cruise_127,0.6785815819590175,0.08396871175472023,7.17955811632045,8.081362304821493,20.033667799462016,False
vector_thrust,cruise_128,0.6976537781429899,0.08607746651742221,7.3857929571322485,8.104952508119924,20.033667799462016,False
vector_thrust,cruise_128,0.702470949402061,0.08662057317006672,7.4379469092122665,8.109747184688596,20.03971954271883,False
vector_thrust,cruise_128,0.7019196593809072,0.08655820325444573,7.43197694031009,8.109221691184489,20.0566761505175,False
vector_thrust,cruise_128,0.7000113326417393,0.08634273566231063,7.411314159345766,8.107356424048312,20.081179158724353,False
vector_thrust,cruise_128,0.6989970176384431,0.08622848156776114,7.400333141160102,8.106335690129816,20.108375446054346,False
vector_thrust,cruise_128,0.7020816305062318,0.0865765219961027,7.433730904315489,8.109376703049316,20.1328784542612,False
vector_thrust,cruise_128,0.701609046841294,0.08652308679599915,7.42861344123763,8.108922980239033,20.14983506205987,False
vector_thrust,cruise_128,0.6984572648299433,0.086167759663298,7.394490226927096,8.105784200020716,20.155886805316683,False
vector_thrust,cruise_129,0.6864193901237663,0.08482731677353217,7.264262814880931,8.091961601901605,20.155886805316683,False
vector_thrust,cruise_129,0.6897196262427769,0.08519217957826627,7.2999492236741395,8.096043905170072,20.161938548393277,False
vector_thrust,cruise_129,0.689653823531268,0.08518488531243834,7.299237562479259,8.09596468906166,20.178895155686984,False
vector_thrust,cruise_129,0.6886723437367803,0.0850761812131981,7.288623353843687,8.094772636902803,20.20339816316414,False
vector_thrust,cruise_129,0.6873455322540946,0.0849295081378364,7.274276246819175,8.09312978874865,20.23059444968424,False
vector_thrust,cruise_129,0.6883376859945869,0.08503915612879527,7.2850044424075415,8.09436167207576,20.255097457161398,False
vector_thrust,cruise_129,0.6878180564026093,0.08498170689626586,7.279385532903844,8.093719007576587,20.272054064455105,False
vector_thrust,cruise_129,0.6872351339199735,0.08491731850853648,7.273082572512081,8.092991464996482,20.2781058075317,False
vector_thrust,cruise_130,0.7191072239952175,0.0885290076181865,7.618266785740811,8.12284293411069,20.2781058075317,False
vector_thrust,cruise_130,0.7251631604272948,0.08923641641960839,7.683986985884938,8.12631422823419,20.284157550426684,False
vector_thrust,cruise_130,0.7251763299281063,0.08923796220349492,7.684129951212172,8.126321041200395,20.30111415721153,False
vector_thrust,cruise_130,0.7298490221981246,0.08978846222769338,7.7348687775883205,8.128539058251272,20.325617163953364,False
vector_thrust,cruise_130,0.7197282611002631,0.08860123941415127,7.625004409274813,8.123230169907862,20.352813449657305,False
vector_thrust,cruise_130,0.7238149221994417,0.0890783361698432,7.669351886287138,8.125599930597758,20.37731645639914,False
vector_thrust,cruise_130,0.7226403398340924,0.08894089228178495,7.656603575454001,8.124950417009575,20.394273063183984,False
vector_thrust,cruise_130,0.7262860777409649,0.08936833590604973,7.696177881445084,8.126883760088,20.40032480607897,False
vector_thrust,cruise_131,0.6737451740378437,0.08344444043002278,7.127323308748748,8.074176908200998,20.40032480607897,False
vector_thrust,cruise_131,0.6707531155671126,0.08312220890305538,7.095020625796764,8.069481362669336,20.40637654879093,False
vector_thrust,cruise_131,0.670151573289183,0.08305761989684499,7.088527441328769,8.068514052310801,20.423333155062956,False
vector_thrust,cruise_131,0.6703170179362109,0.08307537759130781,7.090313250260836,8.068780875530395,20.44783616106374,False
vector_thrust,cruise_131,0.6695998984667155,0.08299844245649868,7.082572875094753,8.067620049830063,20.475032445945185,False
vector_thrust,cruise_131,0.6695033277956551,0.08298808907133898,7.081530561532046,8.067462876752478,20.49953545194597,False
vector_thrust,cruise_131,0.6697157148809609,0.08301086139651292,7.083822926242354,8.067808279713791,20.516492058217995,False
vector_thrust,cruise_131,0.6696611408487905,0.08300500914822792,7.083233885931071,8.067719619823535,20.522543800929956,False
vector_thrust,cruise_132,0.6836789942749779,0.08452585064293189,7.234639215676575,8.088401229620132,20.522543800929956,False
vector_thrust,cruise_132,0.6842375615959839,0.08458718714888777,7.240676645140901,8.089139557172057,20.52859554345746,False
vector_thrust,cruise_132,0.6858133233111162,0.0847605271013058,7.257710541579177,8.09118757002811,20.54555214921264,False
vector_thrust,cruise_132,0.6839373726451301,0.08455421624814058,7.237431927417299,8.08874356587949,20.570055154466562,False
vector_thrust,cruise_132,0.6852311853509809,0.08469643719080001,7.251417345851205,8.090436954358841,20.59725143851905,False
vector_thrust,cruise_132,0.6839044051439997,0.08455059629682354,7.237075590405876,8.088699963073982,20.62175444377297,False
vector_thrust,cruise_132,0.6861132603344012,0.08479357237798266,7.26095315240502,8.091571578986288,20.63871104952815,False
vector_thrust,cruise_132,0.6864054982051755,0.08482578511210334,7.264112622885069,8.091943944851693,20.644762792055655,False
vector_thrust,cruise_133,0.6829601480428333,0.08444699704776289,7.226869868587046,8.087441494888845,20.644762792055655,False
vector_thrust,cruise_133,0.6841375894648757,0.08457620501313799,7.2395960436445534,8.089007887722113,20.650814534397238,False
vector_thrust,cruise_133,0.6841709971969179,0.08457987471682095,7.239957147517357,8.089051910842478,20.667771139631483,False
vector_thrust,cruise_133,0.6863610543472557,0.08482088516444841,7.263632121080938,8.091887428627485,20.692274144132636,False
vector_thrust,cruise_133,0.6834722027271958,0.0845031571207511,7.232404138446824,8.088126243029544,20.719470427349613,False
vector_thrust,cruise_133,0.6832169131760263,0.08447515206423428,7.229644941780555,8.087785537888267,20.743973431850765,False
vector_thrust,cruise_133,0.6849312332580392,0.08466343825662667,7.248174862169729,8.09004745569058,20.760930037085014,False
vector_thrust,cruise_133,0.6848748335948861,0.08465723532583525,7.247565192523308,8.089974010595638,20.766981779426594,False
vector_thrust,cruise_134,0.698457545721892,0.08616779124963586,7.3944932675439485,8.105784488526549,20.766981779426594,False
vector_thrust,cruise_134,0.7052086065002127,0.08693112232914804,7.467598363166389,8.112268513341808,20.77303352158077,False
vector_thrust,cruise_134,0.7024790336011066,0.08662148818627334,7.438034456293033,8.109754846170219,20.78999012628993,False
vector_thrust,cruise_134,0.701896816200782,0.08655562010480038,7.4317295769128355,8.109199787962178,20.814493130032304,False
vector_thrust,cruise_134,0.6980568287330434,0.08612274524050582,7.3901556513880635,8.105371313741271,20.841689412407103,False
vector_thrust,cruise_134,0.7020690082069705,0.08657509425631635,7.43359421802804,8.109364641618614,20.86619241614948,False
vector_thrust,cruise_134,0.7003651105186334,0.08638263007069,7.415144447294887,8.107707648464737,20.883149020858635,False
vector_thrust,cruise_134,0.7010802842829185,0.08646334793609495,7.422887934325729,8.10841010691706,20.889200763012816,False
vector_thrust,cruise_135,0.7166448264794051,0.08824331323538034,7.591556722011969,8.121236615037624,20.889200763012816,False
vector_thrust,cruise_135,0.7220661055830335,0.08887379143227811,7.650371727693199,8.124623625776655,20.89511937495419,False
vector_thrust,cruise_135,0.7285215313916726,0.08963165404418058,7.72045145041592,8.127949206789992,20.911702957096328,False
vector_thrust,cruise_135,0.7221981282915051,0.08888921322986629,7.651804462844449,8.124699297584181,20.93566692761168,False
vector_thrust,cruise_135,0.720384432959875,0.08867763533161618,7.632123702304103,8.123631513920587,20.96226492824087,False
vector_thrust,cruise_135,0.7199555174481866,0.0886276890847913,7.627470023829848,8.123370076358366,20.986228898756224,False
vector_thrust,cruise_135,0.7195947471362777,0.08858570459595508,7.62355587973376,8.123147526097966,21.002812480898353,False
vector_thrust,cruise_135,0.7193809987983998,0.08856084110401405,7.6212369091573064,8.123014526854957,21.008731092839735,False
vector_thrust,cruise_136,0.7043580034658149,0.086834485959559,7.458384601528298,8.111500813096908,21.008731092839735,False
vector_thrust,cruise_136,0.706138265854921,0.08703689219608404,7.477669410791144,8.11309144936004,21.01478283676181,False
vector_thrust,cruise_136,0.7064794468671407,0.08707574911565952,7.481365690229495,8.113389250648307,21.031739446424506,False
vector_thrust,cruise_136,0.7055173372489736,0.08696622985758219,7.470942749688307,8.11254366671229,21.056242457324956,False
vector_thrust,cruise_136,0.7028924404221787,0.08666829592482328,7.442511505940794,8.110144925797004,21.08343874764461,False
vector_thrust,cruise_136,0.7040055196242784,0.08679447945750239,7.454566726131057,8.111178545278149,21.107941758545056,False
vector_thrust,cruise_136,0.7030915897266199,0.08669085566952903,7.444668291789488,8.11033164105392,21.124898368207752,False
vector_thrust,cruise_136,0.7054501160251719,0.08695858425927062,7.470214553293661,8.112483914432682,21.13095011212983,False
vector_thrust,cruise_137,0.6746366459043618,0.08354075972406866,7.136949612286889,8.075538792472752,21.13095011212983,False
vector_thrust,cruise_137,0.6746357432361199,0.08354066212262709,7.13693986465216,8.075537422074058,21.137001855858976,False
vector_thrust,cruise_137,0.6752323840172306,0.08360520623229764,7.14338299410837,8.076439428198919,21.15395846498109,False
vector_thrust,cruise_137,0.6756188442713879,0.08364704743476559,7.1475565858025005,8.077019631784223,21.178461475100377,False
vector_thrust,cruise_137,0.676761738838801,0.08377094375280206,7.159900256363422,8.07871689778073,21.205657764553006,False
vector_thrust,cruise_137,0.6753666318679805,0.08361973789934843,7.144832790531355,8.076641338925352,21.23016077467229,False
vector_thrust,cruise_137,0.6753136783158319,0.08361400555066367,7.14426092155864,8.076561741879997,21.247117383794404,False
vector_thrust,cruise_137,0.6764879450902966,0.08374124147658746,7.156943057930161,8.078312826057523,21.25316912752355,False
vector_thrust,cruise_138,0.7308503086215454,0.08990695537196641,7.745744733827709,8.128962943944039,21.25316912752355,False
vector_thrust,cruise_138,0.7047452397031493,0.08687846310556901,7.4625790555382485,8.111852057589797,21.25922087105817,False
vector_thrust,cruise_138,0.7049204849291519,0.08689837417748669,7.464477327817253,8.112010053138372,21.27617747963524,False
vector_thrust,cruise_138,0.701828274901249,0.08654786990005522,7.4309873629363805,8.109134005397413,21.30068048896691,False
vector_thrust,cruise_138,0.6994368543597163,0.08627800237411506,7.40509468996871,8.106780814498316,21.327876777545363,False
vector_thrust,cruise_138,0.7042136048682951,0.08681809413112443,7.456820552844502,8.111369086318533,21.35237978687703,False
vector_thrust,cruise_138,0.7042905730490205,0.08682683092262942,7.457654228217171,8.111439350776344,21.369336395454106,False
vector_thrust,cruise_138,0.704472213288937,0.08684745353163312,7.459621678326844,8.111604711960169,21.375388138988725,False
vector_thrust,cruise_139,0.7042803774452561,0.08682567353951393,7.457543794872476,8.111430049831306,21.375388138988725,False
vector_thrust,cruise_139,0.7065805184452961,0.08708726420995419,7.482460702885696,8.113477037719747,21.3814398823272,False
vector_thrust,cruise_139,0.7075098452412941,0.08719323051342073,7.492529607307774,8.114274939410516,21.39839649035469,False
vector_thrust,cruise_139,0.7041110084954785,0.08680644992966427,7.455709298031574,8.111275245860082,21.422899498892193,False
vector_thrust,cruise_139,0.7022463035380159,0.08659515124954506,7.43551415743021,8.109533771865838,21.45009578658918,False
vector_thrust,cruise_139,0.7030961790681667,0.08669137563844687,7.444717994864229,8.11033593468956,21.47459879512668,False
vector_thrust,cruise_139,0.7017182395260098,0.08653542961531666,7.4297958327172315,8.109028205504009,21.49155540315417,False
vector_thrust,cruise_139,0.7019389289173744,0.08656038236412406,7.4321856060252935,8.10924015982976,21.497607146492648,False
vector_thrust,cruise_140,0.6921592847204932,0.08546317320697244,7.3263376964547415,8.098918618949945,21.497607146492648,False
vector_thrust,cruise_140,0.695090642026769,0.08579021819605925,7.358053364973535,8.102213243452244,21.503658889633336,False
vector_thrust,cruise_140,0.6936158615330049,0.08562548439575912,7.342095856186019,8.100577373987486,21.520615497106622,False
vector_thrust,cruise_140,0.6932345487785305,0.0855829560854952,7.33797034782087,8.100147277993143,21.54511850484328,False
vector_thrust,cruise_140,0.6928266421912737,0.08553749107157703,7.333557294137944,8.09968393404855,21.5723147916514,False
vector_thrust,cruise_140,0.6936559229077013,0.08562995403210126,7.342529298609083,8.100622390240465,21.596817799388063,False
vector_thrust,cruise_140,0.6934823894593727,0.08561059506542414,7.340651773396528,8.100427160089346,21.61377440686135,False
vector_thrust,cruise_140,0.6954718740719518,0.08583286657658876,7.362178790322926,8.10262900227597,21.619826150002034,False
vector_thrust,cruise_141,0.7345345772028996,0.09034456693127232,7.785773600400133,8.130368013847262,21.619826150002034,False
vector_thrust,cruise_141,0.7415862724752301,0.09118924278933138,7.862434890198855,8.132387656606262,21.62587789294325,False
vector_thrust,cruise_141,0.7419587814304193,0.09123412266705452,7.866486249278908,8.13247017388536,21.642834499857642,False
vector_thrust,cruise_141,0.7409932885440798,0.09111785388242535,7.855986025684732,8.132251331338711,21.667337506786673,False
vector_thrust,cruise_141,0.7339994775365103,0.09028085116131601,7.779958827526387,8.130178970344245,21.69453379269839,False
vector_thrust,cruise_141,0.7424953471062588,0.09129881394538111,7.872322168005,8.13258480609016,21.71903679962742,False
vector_thrust,cruise_141,0.7379267375078508,0.09074972755684865,7.822643311212919,8.131448516422145,21.735993406541812,False
vector_thrust,cruise_141,0.7393766869115411,0.09092356782686847,7.838407226333466,8.131848590889224,21.74204514948303,False
vector_thrust,cruise_142,0.7320600220260045,0.0900503635629166,7.758886229642352,8.129451043410025,21.74204514948303,False
vector_thrust,cruise_142,0.7413682774986374,0.09116299085165061,7.860064084229354,8.132338250124603,21.748096892223074,False
vector_thrust,cruise_142,0.7421491128545213,0.09125706386470997,7.868556335038378,8.132511407059612,21.765053498573785,False
vector_thrust,cruise_142,0.7406455511612993,0.09107602075869445,7.85220448615927,8.132168544381585,21.78955650468828,False
vector_thrust,cruise_142,0.7334983762672657,0.09022123222611508,7.774513819713406,8.129997320685563,21.816752789695933,False
vector_thrust,cruise_142,0.7382955167940742,0.0907939045981129,7.826652452637549,8.131553765222906,21.841255795810426,False
vector_thrust,cruise_142,0.7366988078481319,0.09060281439651705,7.809295211276207,8.131080836231199,21.85821240216114,False
vector_thrust,cruise_142,0.7359853569309883,0.09051758475947227,7.801540549960901,8.130855003330948,21.864264144901185,False
vector_thrust,cruise_143,0.8677501157159688,0.10786481000192566,9.244455493156758,8.044793438198031,21.864264144901185,False
vector_thrust,cruise_143,0.7451498750759539,0.09161965509448394,7.9011991769037415,8.13307880615255,21.87031588743832,False
vector_thrust,cruise_143,0.7446320878434658,0.09155696829204091,7.895565798529584,8.13299196919998,21.88727249322049,False
vector_thrust,cruise_143,0.7467291284665021,0.09181116211067977,7.91838305748215,8.13331528868253,21.911775498513418,False
vector_thrust,cruise_143,0.72230832307699,0.08890208774764063,7.653000333067742,8.124762211741864,21.938971782609197,False
vector_thrust,cruise_143,0.7463883856224786,0.09176980240577429,7.914675167643218,8.133267873043984,21.963474787902122,False
vector_thrust,cruise_143,0.7431053952094714,0.09137243043337165,7.878957743855703,8.13270908615417,21.980431393684295,False
vector_thrust,cruise_143,0.7433783384669133,0.09140539005080481,7.881926733168069,8.132762609007301,21.986483136221427,False
vector_thrust,cruise_144,0.6930726696482237,0.0855649095090477,7.336218990130375,8.099963800872573,21.986483136221427,False
vector_thrust,cruise_144,0.6946975145761807,0.08574626685557446,7.353799386145178,8.101781454186044,21.992534878553887,False
vector_thrust,cruise_144,0.6960254042683599,0.08589483715515422,7.368168994833893,8.103227473510543,22.00949148376256,False
vector_thrust,cruise_144,0.6940641266292288,0.08567551389009365,7.346945944313518,8.101079236239993,22.033994488226767,False
vector_thrust,cruise_144,0.693063873937291,0.08556392908419652,7.336123830855606,8.099953816465149,22.061190771402735,False
vector_thrust,cruise_144,0.6954773687860624,0.08583348146348546,7.362238251447565,8.102634973299159,22.08569377586694,False
vector_thrust,cruise_144,0.6926746066710524,0.08552055304484088,7.331912501919032,8.099510375100863,22.102650381075616,False
vector_thrust,cruise_144,0.6956037258980897,0.08584762299774212,7.363605636005833,8.1027721165487,22.108702123408076,False
vector_thrust,cruise_145,0.7067470749192056,0.08710624410096651,7.4842652064899795,8.113621270364977,22.108702123408076,False
vector_thrust,cruise_145,0.7156897731000714,0.08813280715573585,7.581198998073179,8.120582972415772,22.114753865534055,False
vector_thrust,cruise_145,0.7155351927146959,0.08811493702472922,7.579522646401705,8.12047556152577,22.131710470164197,False
vector_thrust,cruise_145,0.7140377693063122,0.08794205724276408,7.5632852343998715,8.119411709180406,22.156213473792395,False
vector_thrust,cruise_145,0.711251070605208,0.08762143066527098,7.53307441449024,8.117318619486026,22.183409756040465,False
vector_thrust,cruise_145,0.7107757779328545,0.08756688832762441,7.527922627049814,8.11694684494834,22.207912759668663,False
vector_thrust,cruise_145,0.7111559679043765,0.08761051379731333,7.5320435573774285,8.117244575800957,22.224869364298804,False
vector_thrust,cruise_145,0.7116528923178721,0.08766757430658997,7.537430040026311,8.117629556272291,22.230921106424784,False
vector_thrust,cruise_146,0.6980449420186146,0.08612140946141578,7.390026984773403,8.10535900868359,22.230921106424784,False
vector_thrust,cruise_146,0.6995372811220968,0.08628931429338256,7.40618191250152,8.106881910588362,22.236972848342457,False
vector_thrust,cruise_146,0.7056667228013318,0.08698322362273225,7.472561037149918,8.112676139274658,22.25392945238893,False
vector_thrust,cruise_146,0.6987804360093602,0.08620410984839122,7.39798856943898,8.106115094028793,22.278432455173704,False
vector_thrust,cruise_146,0.6995351928819774,0.08628907905837142,7.406159305048116,8.106879810465555,22.30562873648564,False
vector_thrust,cruise_146,0.6976224191660895,0.08607394489350274,7.38545352941757,8.104919787622622,22.330131739270417,False
vector_thrust,cruise_146,0.6972543025979986,0.08603261871419182,7.381469140067843,8.104534222238902,22.34708834331689,False
vector_thrust,cruise_146,0.6976610643812932,0.08607828479022987,7.385871823103802,8.104960107900288,22.35314008523456,False
vector_thrust,cruise_147,0.6962030104470166,0.08591473294344402,7.3700910897869525,8.103418198428358,22.35314008523456,False
vector_thrust,cruise_147,0.6988722420470839,0.08621443964453115,7.398982395380637,8.106208715484188,22.35919182694206,False
vector_thrust,cruise_147,0.6969515380478672,0.08599864776231853,7.378192216536773,8.104215079917175,22.376148430399635,False
vector_thrust,cruise_147,0.6962463074235805,0.08591958402795817,7.370559664995568,8.103464597745521,22.40065143233343,False
vector_thrust,cruise_147,0.6944620452709397,0.08571995507514747,7.351251487442762,8.101521339600923,22.427847712700853,False
vector_thrust,cruise_147,0.6949637429815625,0.08577602790001079,7.356680188728589,8.102074204131748,22.452350714634647,False
vector_thrust,cruise_147,0.6947505510068535,0.08575219464131051,7.354373276087041,8.10183988774746,22.469307318092227,False
vector_thrust,cruise_147,0.6950495907402193,0.08578562737574386,7.357609146488763,8.10216830024311,22.47535905979972,False
vector_thrust,cruise_148,0.7118480384140603,0.08768999486399501,7.539545431943609,8.117779451556803,22.47535905979972,False
vector_thrust,cruise_148,0.7169520727143164,0.08827889954723328,7.59488908875087,8.121443248516186,22.481410801295148,False
vector_thrust,cruise_148,0.7174161102370512,0.08833267906998735,7.599922209941046,8.12175196983023,22.498367404158504,False
vector_thrust,cruise_148,0.7155666404567297,0.08811857215572574,7.579863680133968,8.120497449642729,22.522870405233622,False
vector_thrust,cruise_148,0.7135344534401018,0.08788404166460367,7.557828080709831,8.119044594730855,22.550066684647987,False
vector_thrust,cruise_148,0.7138286805925629,0.08791795058957269,7.5610181744512355,8.119259784897954,22.574569685723112,False
vector_thrust,cruise_148,0.7140417678777503,0.08794251833232314,7.563328589703818,8.119414606476028,22.59152628858647,False
vector_thrust,cruise_148,0.7127851884691023,0.08779776295534608,7.54970479266889,8.118489178723435,22.59757803008189,False
vector_thrust,cruise_149,0.7023936976321936,0.08661182997411729,7.437110322107408,8.109673907618555,22.59757803008189,False
vector_thrust,cruise_149,0.7042964533564334,0.08682749845121497,7.457717920626153,8.111444714166797,22.603629771363302,False
vector_thrust,cruise_149,0.7059238809514693,0.08701248695910718,7.475346880433547,8.112903166222898,22.620586373627017,False
vector_thrust,cruise_149,0.7065125633054177,0.08707952186774631,7.48172447347461,8.113418036199683,22.645089373835624,False
vector_thrust,cruise_149,0.702263209009902,0.0865970640256962,7.435697229436299,8.109549866511841,22.672285652288235,False
vector_thrust,cruise_149,0.7070986110933939,0.08714632003573847,7.48807391868491,8.113923924767159,22.69678865249684,False
vector_thrust,cruise_149,0.7036863803650463,0.08675827719265333,7.451110139633604,8.110884668703799,22.713745254760553,False
vector_thrust,cruise_149,0.7015431562452573,0.08651563977409878,7.427899952367162,8.10885937013306,22.719796996041964,False
vector_thrust,cruise_150,0.6867046507029428,0.08485877608770986,7.267346946609922,8.092323297158638,22.719796996041964,False
vector_thrust,cruise_150,0.687305088099418,0.08492504224058015,7.273838945653865,8.093079143280068,22.72584873710739,False
vector_thrust,cruise_150,0.686020984412241,0.08478340422713329,7.259955549460273,8.091453636072485,22.742805338765933,False
vector_thrust,cruise_150,0.6868147215649396,0.0848709189524649,7.26853701591135,8.092462412827363,22.767308338100037,False
vector_thrust,cruise_150,0.685494605910283,0.08472543060413107,7.254265004760239,8.09077747994189,22.794504615582028,False
vector_thrust,cruise_150,0.6858002873855148,0.08475909125077484,7.257569612787881,8.091170838021997,22.819007614916135,False
vector_thrust,cruise_150,0.6850407129463946,0.0846754806656203,7.2493583267494826,8.090189834901437,22.835964216574673,False
vector_thrust,cruise_150,0.6857671955286188,0.08475544646509939,7.257211864161277,8.091128347852006,22.842015957640104,False
vector_thrust,cruise_151,0.6973839150074058,0.08604716667613566,7.382872010662867,8.104670286614079,22.842015957640104,False
vector_thrust,cruise_151,0.6980932183933689,0.08612683471843302,7.390549548808659,8.105408966619805,22.848067698487537,False
vector_thrust,cruise_151,0.6978441898092026,0.0860988536725697,7.387853985510058,8.10515076615392,22.86502429953527,False
vector_thrust,cruise_151,0.6977168983397839,0.08608455548230756,7.386476169768899,8.105018309389788,22.889527297986735,False
vector_thrust,cruise_151,0.6965195510767072,0.08595020672098455,7.373516853038483,8.103756554510456,22.91672357448907,False
vector_thrust,cruise_151,0.6968986263196392,0.08599271265123529,7.377619545502784,8.104159118064851,22.941226572940536,False
vector_thrust,cruise_151,0.6959495724395991,0.08588634408144605,7.367348336094757,8.103145847954943,22.95818317398827,False
vector_thrust,cruise_151,0.6961376679121953,0.0859074124762995,7.369383933721175,8.103348102868873,22.964234914835703,False
vector_thrust,cruise_152,0.6926187850748924,0.0855143351099948,7.331308603926974,8.099446533543123,22.964234914835703,False
vector_thrust,cruise_152,0.6927894250045958,0.08553334437678634,7.333154658618735,8.099641491308484,22.970286655463095,False
vector_thrust,cruise_152,0.6948545045530201,0.08576381482959108,7.355498132671827,8.101954255808995,22.98724325589428,False
vector_thrust,cruise_152,0.6929482998833869,0.08555104778854872,7.334873463166677,8.09982247787432,23.01174625345481,False
vector_thrust,cruise_152,0.6912368782256446,0.0853605862828202,7.3163597457468965,8.097845953581086,23.038942528968274,False
vector_thrust,cruise_152,0.691727156586854,0.0854150940887562,7.321663117773514,8.098418247576584,23.063445526528806,False
vector_thrust,cruise_152,0.6908260171424426,0.08531494157671682,7.311915640843004,8.09736259997598,23.080402126959992,False
vector_thrust,cruise_152,0.691852938307209,0.08542908521159907,7.323023749614701,8.098564283973781,23.086453867587377,False
vector_thrust,cruise_153,0.6900800929008754,0.08523215147581609,7.303847782247802,8.096476282153688,23.086453867587377,False
vector_thrust,cruise_153,0.6909854042674346,0.08533264507765896,7.313639639540452,8.097550517021794,23.092505607992635,False
vector_thrust,cruise_153,0.6906984578595597,0.08530077659985086,7.3105359258640865,8.09721183547545,23.109462207801418,False
vector_thrust,cruise_153,0.6907208860870693,0.08530326695527699,7.310778514204668,8.097238367777898,23.133965204462548,False
vector_thrust,cruise_153,0.6900742150299681,0.08523149949320892,7.303784210099928,8.096469252954442,23.16116147897776,False
vector_thrust,cruise_153,0.6887372414092064,0.08508336356747101,7.289325156571305,8.094852066620975,23.18566447563889,False
vector_thrust,cruise_153,0.6898633409853151,0.08520811317300059,7.301503525902804,8.09621660773857,23.202621075447677,False
vector_thrust,cruise_153,0.6888225143075545,0.08509280205237914,7.290247303838616,8.094956302926159,23.208672815852935,False
vector_thrust,cruise_154,0.6929841554941172,0.08555504381189463,7.335261374740858,8.099863253156002,23.208672815852935,False
vector_thrust,cruise_154,0.6941913737281592,0.08568972222661267,7.348322758979358,8.101220959642276,23.21472455603393,False
vector_thrust,cruise_154,0.6944056957893959,0.08571365997864913,7.350641766324471,8.101458926877806,23.231681155214343,False
vector_thrust,cruise_154,0.6991433946433658,0.08624495808875217,7.401917753275244,8.106484252956536,23.25618415096745,False
vector_thrust,cruise_154,0.6940460038086735,0.08567349054681286,7.346749856715065,8.101059025130297,23.28338042447483,False
vector_thrust,cruise_154,0.6931530558120109,0.08557387050605281,7.337088678120662,8.100054978382483,23.307883420227938,False
vector_thrust,cruise_154,0.6939881409774726,0.08566703078496754,7.346123787549235,8.100994450472427,23.324840019408352,False
vector_thrust,cruise_154,0.6930828115055917,0.08556604000128779,7.336328713237474,8.09997531141047,23.330891759589345,False
vector_thrust,cruise_155,0.7022996584502489,0.08660118828995537,7.436091947245501,8.109584548641887,23.330891759589345,False
vector_thrust,cruise_155,0.7058253917458117,0.08700127793507334,7.474279919150557,8.112816368887705,23.336943499543903,False
vector_thrust,cruise_155,0.7054349981304497,0.08695686489655469,7.470050784352854,8.11247046417378,23.353900098089856,False
vector_thrust,cruise_155,0.7055571674758709,0.08697076045403705,7.471374226382185,8.112579029922925,23.378403092926142,False
vector_thrust,cruise_155,0.704477730060955,0.08684807997566424,7.459681434252298,8.111609724225996,23.405599365415927,False
vector_thrust,cruise_155,0.7033472660372128,0.08671982948882159,7.44743733091849,8.110570214253892,23.430102360252217,False
vector_thrust,cruise_155,0.7027783789801432,0.08665537825644933,7.441276241469463,8.110037635521358,23.44705895879817,False
vector_thrust,cruise_155,0.7025255707449889,0.0866267557612414,7.438538427402679,8.109798924956547,23.453110698752727,False
vector_thrust,cruise_156,0.6811160782071103,0.0842451403971978,7.206941590232671,8.084930181085744,23.453110698752727,False
vector_thrust,cruise_156,0.6829175931363609,0.08444233193673,7.226409949456438,8.087384342346795,23.459162438478636,False
vector_thrust,cruise_156,0.6827476271116824,0.08442370256525693,7.224573033460521,8.087155696398643,23.476119036383917,False
vector_thrust,cruise_156,0.6835578258568706,0.08451255255312595,7.233329578283887,8.08824021055541,23.500622030294405,False
vector_thrust,cruise_156,0.6816871200451561,0.08430758231196912,7.213112262954867,8.085715440429338,23.527818301756636,False
vector_thrust,cruise_156,0.6822440470015686,0.08436853765532237,7.21913075196924,8.086474721048212,23.55232129566713,False
vector_thrust,cruise_156,0.6829441983162141,0.08444524850952514,7.2266974890695455,8.087420078338454,23.569277893572412,False
vector_thrust,cruise_156,0.6814655294779509,0.08428334496248313,7.210717715292401,8.085411533931055,23.575329633298317,False
vector_thrust,cruise_157,0.6913392438429303,0.0853719633967018,7.317467019062344,8.09796584659126,23.575329633298317,False
vector_thrust,cruise_157,0.6925364938166149,0.08550516977050186,7.330418353986329,8.099352304374124,23.581381372793306,False
vector_thrust,cruise_157,0.6940883276312265,0.08567821593238155,7.34720779796407,8.101106215598733,23.59833797005158,False
vector_thrust,cruise_157,0.6922343031783653,0.08547152331972656,7.327149235422786,8.099005098913452,23.62284096302712,False
vector_thrust,cruise_157,0.6914394700206566,0.08538310457761536,7.3185511616521435,8.098083027563387,23.650037233451627,False
vector_thrust,cruise_157,0.6921309039785359,0.08546001448643259,7.326030679270872,8.098885872391431,23.67454022642717,False
vector_thrust,cruise_157,0.6913504248209459,0.08537320618792874,7.317587962705648,8.097978929116273,23.691496823685444,False
vector_thrust,cruise_157,0.6904960947879201,0.08527831102013672,7.30834715029359,8.096971979485776,23.697548563180433,False
vector_thrust,cruise_158,0.7074113555197662,0.08718199271974911,7.491462461499924,8.114191170116696,23.697548563180433,False
vector_thrust,cruise_158,0.7116743168019523,0.08767003544684496,7.537662280183785,8.11764604832909,23.703600302442204,False
vector_thrust,cruise_158,0.711406706125252,0.08763929971072193,7.534761434178501,8.117439418998659,23.720556899047,False
vector_thrust,cruise_158,0.7119577503300389,0.08770260287484224,7.540734733102939,8.117863404191692,23.74505989107824,False
vector_thrust,cruise_158,0.710190806507964,0.08749981692150094,7.521582369029967,8.116483342417736,23.77225616045466,False
vector_thrust,cruise_158,0.7093898923123375,0.08740808827151128,7.512902238873002,8.11583809165115,23.7967591524859,False
vector_thrust,cruise_158,0.7087582978917931,0.08733583509976783,7.506057680018148,8.115320556357482,23.8137157490907,False
vector_thrust,cruise_158,0.7086076639660345,0.08731861371625416,7.504425335093698,8.11519599095661,23.81976748835247,False
vector_thrust,cruise_159,0.6888786577280648,0.08509901704421458,7.290854447215842,8.095024850523792,23.81976748835247,False
vector_thrust,cruise_159,0.69229045712804,0.08547777434323296,7.327756704928858,8.099069757574318,23.82581922737866,False
vector_thrust,cruise_159,0.691477416720898,0.0853873232249284,7.318961632513608,8.098127340277422,23.842775823323382,False
vector_thrust,cruise_159,0.6915509601382205,0.08539550001146534,7.319757158932736,8.098213138225923,23.867278814400784,False
vector_thrust,cruise_159,0.6906674447510465,0.0852973331587531,7.310200482596038,8.09717513050021,23.894475082718525,False
vector_thrust,cruise_159,0.6916207305744906,0.08540325821660374,7.320511878193324,8.0982944329872,23.918978073795927,False
vector_thrust,cruise_159,0.6903917033887182,0.08526672479722769,7.307218062101315,8.09684792081008,23.935934669740647,False
vector_thrust,cruise_159,0.6898842146889695,0.08521042774446264,7.301729280871538,8.096241656688566,23.941986408766837,False
vector_thrust,cruise_160,0.6890527608549268,0.08511829364131114,7.292737246695465,8.095237009315507,23.941986408766837,False
vector_thrust,cruise_160,0.6913441446097538,0.08537250812531828,7.317520030203486,8.09797158114331,23.948038147555046,False
vector_thrust,cruise_160,0.6902420747095385,0.08525012122412153,7.305599712515208,8.096669714930968,23.964994742832953,False
vector_thrust,cruise_160,0.6904084699080525,0.08526858555086708,7.307399406486119,8.096867861097431,23.989497732946774,False
vector_thrust,cruise_160,0.6890279203505862,0.08511554297803864,7.292468612547873,8.095206777079106,24.016694000195024,False
vector_thrust,cruise_160,0.6888649212549123,0.08509749638443753,7.290705898611605,8.09500808511319,24.041196990308848,False
vector_thrust,cruise_160,0.6897263708880459,0.08519292727030846,7.300022167782453,8.096052019666075,24.05815358558676,False
vector_thrust,cruise_160,0.6880870794256504,0.0850114434307204,7.282294521801838,8.094052419971002,24.06420532437496,False
vector_thrust,cruise_161,0.6751025817976984,0.08359115887274156,7.141981226224119,8.076243838483789,24.06420532437496,False
vector_thrust,cruise_161,0.6747123819161887,0.08354894924017445,7.137767465127763,8.075653710217503,24.070257062922728,False
vector_thrust,cruise_161,0.6764177127705578,0.08373362456452552,7.1561845039130265,8.078208918918913,24.087213657526934,False
vector_thrust,cruise_161,0.6748042586201392,0.08355888547579415,7.138759625216251,8.075792954605893,24.111716646667237,False
vector_thrust,cruise_161,0.6739736060738136,0.0834691077796701,7.129789885599961,8.07452749887867,24.138912912834954,False
vector_thrust,cruise_161,0.6742626035338263,0.08350032878821903,7.132910519334571,8.074969444059928,24.163415901975256,False
vector_thrust,cruise_161,0.6747234666323082,0.08355014794377263,7.137887166514163,8.075670519295572,24.180372496579466,False
vector_thrust,cruise_161,0.6755236547608731,0.08363673897578269,7.146528568313361,8.076877016408702,24.18642423512723,False
vector_thrust,cruise_162,0.6823888630974879,0.08438439689548663,7.220695777460479,8.086671093266842,24.18642423512723,False
vector_thrust,cruise_162,0.6823078316072577,0.08437552242871708,7.219820068482692,8.0865612676199,24.19247597343205,False
vector_thrust,cruise_162,0.6843335171110463,0.08459772975556822,7.24171384120223,8.089265741389514,24.209432567355524,False
vector_thrust,cruise_162,0.6836902316644898,0.0845270840678875,7.234760674751179,8.088416147366297,24.233935555512144,False
vector_thrust,cruise_162,0.6830234729001723,0.0844539396862927,7.227554266023389,8.087526472267468,24.261131820588055,False
vector_thrust,cruise_162,0.6818551249383837,0.08432596443899215,7.214927789741436,8.085945170916958,24.285634808744675,False
vector_thrust,cruise_162,0.6818758932901702,0.08432823714717802,7.215152222830777,8.085973528654376,24.302591402668153,False
vector_thrust,cruise_162,0.6815383663324031,0.08429131080258317,7.211504797597679,8.085511541380809,24.30864314097297,False
vector_thrust,cruise_163,0.6861072204300722,0.08479290677618384,7.260887854193091,8.091563864429073,24.30864314097297,False
vector_thrust,cruise_163,0.6881346694554266,0.08501670517678389,7.2828091286942565,8.094111245837134,24.314694879032274,False
vector_thrust,cruise_163,0.6876615540485274,0.08496441391493531,7.277693284647175,8.093524363470577,24.331651472267836,False
vector_thrust,cruise_163,0.6877626423989073,0.08497558332724706,7.278786342338858,8.093650145951738,24.356154459430396,False
vector_thrust,cruise_163,0.6871602643662909,0.08490905304825297,7.272273058302643,8.092897514423868,24.383350723402984,False
vector_thrust,cruise_163,0.6877674025324526,0.08497610932772745,7.278837813439286,8.093656063728917,24.407853710565536,False
vector_thrust,cruise_163,0.6882142549472217,0.08502550539008,7.283669718786244,8.094209517365789,24.424810303801102,False
vector_thrust,cruise_163,0.6923474245239124,0.0854841165060812,7.3283729778219415,8.099135287602346,24.430862041860404,False
vector_thrust,cruise_164,0.6851536219203077,0.08468790256199002,7.250578875316187,8.090336413973501,24.430862041860404,False
vector_thrust,cruise_164,0.6855794850188646,0.08473477551438849,7.255182590761781,8.090886898053432,24.436913779671574,False
vector_thrust,cruise_164,0.6858237863484407,0.08476167958168668,7.257823655523405,8.091200997114472,24.453870372211888,False
vector_thrust,cruise_164,0.6896016298695167,0.08517910017715787,7.298673087569985,8.095901793224677,24.478373358369772,False
vector_thrust,cruise_164,0.6861997180168206,0.08480310080246074,7.261887862339645,8.091681925820676,24.505569621227263,False
vector_thrust,cruise_164,0.6867731386841195,0.08486633132821247,7.268087426607593,8.092409886649744,24.530072607385147,False
vector_thrust,cruise_164,0.686130896676462,0.08479551595344803,7.261143821482368,8.091594100956254,24.54702919992546,False
vector_thrust,cruise_164,0.6844539737238376,0.08461096665434378,7.243015887176401,8.089423874803337,24.55308093773663,False
vector_thrust,cruise_165,0.7002021862193739,0.08636425476829518,7.413380478324028,8.107546207605582,24.55308093773663,False
vector_thrust,cruise_165,0.7069009351879557,0.08712378173089114,7.48593218530418,8.113754030689792,24.55913267529699,False
vector_thrust,cruise_165,0.7049283663906952,0.08689926978857139,7.464562701351497,8.112017144744803,24.576089267134545,False
vector_thrust,cruise_165,0.7052504479609657,0.08693587933406555,7.4680516126360255,8.112305912854735,24.60059225227692,False
vector_thrust,cruise_165,0.7059267595508767,0.08701281459836124,7.475378065277926,8.1129057002619,24.62778851400727,False
vector_thrust,cruise_165,0.702298082499914,0.08660100996570183,7.43607488095327,8.109583049644085,24.652291499149648,False
vector_thrust,cruise_165,0.7025420838574737,0.0866286249885335,7.438717255720116,8.109814555529017,24.669248090987203,False
vector_thrust,cruise_165,0.7034052007463278,0.0867263964477124,7.448064788809968,8.110624095518748,24.675299828547562,False
vector_thrust,cruise_166,0.6895376231045888,0.08517200635620431,7.297980857958263,8.095824586083145,24.675299828547562,False
vector_thrust,cruise_166,0.6909266869510916,0.08532612266994777,7.313004524883566,8.097481349570792,24.68135156585437,False
vector_thrust,cruise_166,0.6927970339393004,0.0855341921347371,7.333236976036635,8.09965017086941,24.6983081569815,False
vector_thrust,cruise_166,0.6910474791384549,0.08533954113005088,7.3143110752766285,8.097623563329826,24.722811141097278,False
vector_thrust,cruise_166,0.6908911499771463,0.0853221754743485,7.312620141785323,8.09743945388333,24.750007401688194,False
vector_thrust,cruise_166,0.6901340414812196,0.08523813583008039,7.304431265226706,8.0965407650043,24.774510385803968,False
vector_thrust,cruise_166,0.6898995420498871,0.08521212736261465,7.3018950508924725,8.096260044231318,24.791466976931094,False
vector_thrust,cruise_166,0.6913330057268443,0.08537127002575268,7.317399541976563,8.09795854645597,24.797518714237906,False
vector_thrust,cruise_167,0.6856477660909064,0.08474229398421176,7.255920749344592,8.090974811451867,24.797518714237906,False
vector_thrust,cruise_167,0.6861353537908863,0.08479600714917407,7.2611920080533245,8.091599791766486,24.803570451288365,False
vector_thrust,cruise_167,0.6853714899847828,0.08471187826919263,7.252934073505563,8.090618505787912,24.820527041697222,False
vector_thrust,cruise_167,0.6849005418130325,0.08466006268780346,7.247843093046645,8.090007496671776,24.84503002477506,False
vector_thrust,cruise_167,0.6857144330401336,0.08474963553818222,7.256641463242377,8.091060553661011,24.87222628421396,False
vector_thrust,cruise_167,0.68423152845738,0.08458652434534392,7.240611432471109,8.08913161703923,24.896729267291796,False
vector_thrust,cruise_167,0.6838963896559667,0.08454971619690656,7.236988953292459,8.088689358379993,24.913685857700653,False
vector_thrust,cruise_167,0.6837502895119899,0.08453367645376672,7.235409810998245,8.088495830249943,24.919737594751112,False
vector_thrust,cruise_168,0.7209487880192169,0.08874340517378676,7.638247212767899,8.123970300749429,24.919737594751112,False
vector_thrust,cruise_168,0.732908848206031,0.09015115274142807,7.76810834788297,8.129777888788215,24.92578933154236,False
vector_thrust,cruise_168,0.7330940771918365,0.09017316462978184,7.770120893929604,8.12984750176678,24.942745921224915,False
vector_thrust,cruise_168,0.7323747294280787,0.09008771605380364,7.762305283901873,8.129573725575172,24.967248903253225,False
vector_thrust,cruise_168,0.7318848428740222,0.09002957963697,7.756983094431539,8.1293819856233,24.994445161527224,False
vector_thrust,cruise_168,0.7314975609830835,0.0899836513694817,7.752775819793132,8.129227363529434,25.01894814355553,False
vector_thrust,cruise_168,0.7307942040517886,0.089900310958767,7.745135295059466,8.128939669485339,25.035904733238084,False
vector_thrust,cruise_168,0.7306219138884312,0.08987991046321062,7.743263807985445,8.128867842914543,25.041956470029334,False
vector_thrust,cruise_169,0.6872482133871399,0.08491876256198475,7.273223992640555,8.093007866023683,25.041956470029334,False
vector_thrust,cruise_169,0.6880357482001215,0.08500576850427607,7.2817394629081535,8.09398891753459,25.04800820655844,False
vector_thrust,cruise_169,0.6925826596641104,0.08551031142431183,7.330917788160787,8.099405184334284,25.06496479550648,False
vector_thrust,cruise_169,0.6874375493156349,0.08493966989086929,7.275271185144026,8.093244890153876,25.089467776473388,False
vector_thrust,cruise_169,0.6876170187175592,0.08495949372460881,7.277211732372513,8.093468882317369,25.11666403356932,False
vector_thrust,cruise_169,0.6879337527874306,0.08499449381665598,7.2806365666105295,8.093862577396978,25.14116701453623,False
vector_thrust,cruise_169,0.6866414016046535,0.08485179953011984,7.266663113070621,8.092243245364719,25.158123603484274,False
vector_thrust,cruise_169,0.6862743636526303,0.08481132852310694,7.262694876663191,8.091777072748648,25.16417534001338,False
vector_thrust,cruise_170,0.6698089712946641,0.08302086299009787,7.0848294889532735,8.067959632924486,25.16417534001338,False
vector_thrust,cruise_170,0.6681725147740077,0.08284558262733033,7.067167739567965,8.065276307847235,25.17022707627734,False
vector_thrust,cruise_170,0.6693060599385624,0.08296694510305337,7.079401426515057,8.067141186254554,25.187183664482465,False
vector_thrust,cruise_170,0.669662967421659,0.08300520501217766,7.0832536008434825,8.067722588281217,25.211686644375824,False
vector_thrust,cruise_170,0.6684425261635922,0.08287447033170675,7.0700816905442,8.065723056667963,25.238882900280213,False
vector_thrust,cruise_170,0.6691482740093747,0.08295003800039287,7.07769845422646,8.06688327262979,25.263385880173573,False
vector_thrust,cruise_170,0.6686362600180605,0.08289520539903873,7.072172505224436,8.06604262332661,25.2803424683787,False
vector_thrust,cruise_170,0.6681052291903896,0.08283838598307319,7.066441608516831,8.065164733254305,25.286394204642658,False
vector_thrust,cruise_171,0.729636314709328,0.08976331431628345,7.732558507543926,8.128446685228608,25.286394204642658,False
vector_thrust,cruise_171,0.7457225313538203,0.091689043526169,7.907429901447184,8.133169489776424,25.2924459406384,False
vector_thrust,cruise_171,0.7455867262278874,0.09167258250835955,7.90595225175529,8.133148492461178,25.309402528092004,False
vector_thrust,cruise_171,0.7452000256279337,0.09162572933968491,7.901744818322198,8.133086972385746,25.333905506899384,False
vector_thrust,cruise_171,0.744376994371295,0.09152610352562363,7.892790575755288,8.13294749473192,25.361101761598423,False
vector_thrust,cruise_171,0.743267350459992,0.09139198585904848,7.880719430102147,8.132740999919996,25.385604740405803,False
vector_thrust,cruise_171,0.742465651335516,0.09129523224659891,7.871999174785368,8.132578592166029,25.402561327859406,False
vector_thrust,cruise_171,0.7422519481815402,0.09126946173830486,7.869674812858157,8.132533424046969,25.408613063855153,False
vector_thrust,cruise_172,0.68913770436961,0.08512770053829913,7.2936558615623515,8.095340294779435,25.408613063855153,False
vector_thrust,cruise_172,0.6902653205662803,0.08525270043748062,7.305851132760673,8.096697430393784,25.414664799579537,False
vector_thrust,cruise_172,0.6899375364953048,0.08521634066938538,7.302305973374479,8.096305603781577,25.431621386272802,False
vector_thrust,cruise_172,0.6899696650424599,0.0852199036957651,7.302653455474906,8.096344106485386,25.456124363981466,False
vector_thrust,cruise_172,0.6905437900941073,0.08528360530063925,7.308863022548102,8.097028586676451,25.48332061746102,False
vector_thrust,cruise_172,0.689578024954345,0.08517648397568085,7.298417801194732,8.095873329911454,25.507823595169683,False
vector_thrust,cruise_172,0.6888727482580234,0.08509836284782443,7.290790541155863,8.095017638469582,25.524780181862948,False
vector_thrust,cruise_172,0.6898638236577971,0.08520816669303158,7.301508746135844,8.096217187057668,25.53083191758733,False
vector_thrust,cruise_173,0.7298782619112112,0.0897919198306596,7.7351863617831285,8.128551692487514,25.53083191758733,False
vector_thrust,cruise_173,0.7460134674282066,0.09172431975401574,7.910595555513753,8.133213409800685,25.536883653037133,False
vector_thrust,cruise_173,0.7458723134531695,0.09170720273131938,7.909059656369891,8.133192281945407,25.553840238961037,False
vector_thrust,cruise_173,0.7454982721188094,0.0916618628035171,7.904989824768114,8.133134646377755,25.578343215557936,False
vector_thrust,cruise_173,0.7446893171898231,0.09156389437943147,7.8961884212991595,8.133001793304098,25.605539467803528,False
vector_thrust,cruise_173,0.7435664794076782,0.09142811741518186,7.883973323547957,8.132798754141328,25.630042444400427,False
vector_thrust,cruise_173,0.7427617413048323,0.09133095199034125,7.875219717389408,8.132639867625418,25.64699903032433,False
vector_thrust,cruise_173,0.7425559422866226,0.0913061230319692,7.8729812494817075,8.132597438472226,25.653050765774132,False
vector_thrust,cruise_174,0.7296004777597206,0.0897590782277102,7.732169278680698,8.128431041914155,25.653050765774132,False
vector_thrust,cruise_174,0.7456360380780177,0.09167855922437743,7.906488794693544,8.133156153262847,25.659102500946048,False
vector_thrust,cruise_174,0.7454098763548108,0.09165115164217419,7.904028042288151,8.133120675505,25.67605908609134,False
vector_thrust,cruise_174,0.745112450488337,0.09161512252939719,7.900791996872127,8.133072684034751,25.700562061563108,False
vector_thrust,cruise_174,0.7443049984565716,0.09151739467255204,7.892007329568352,8.13293474010798,25.727758312559896,False
vector_thrust,cruise_174,0.743150639980389,0.09137789305535052,7.879449895626909,8.132718047353519,25.752261288031665,False
vector_thrust,cruise_174,0.7423420732745155,0.09128032889515711,7.870655059831172,8.132552569208595,25.769217873176956,False
vector_thrust,cruise_174,0.7421322987527679,0.09125503693810191,7.868373459434042,8.132507789747041,25.77526960834887,False
vector_thrust,cruise_175,0.7301244883084225,0.08982104248607081,7.737860765693096,8.128657473794608,25.77526960834887,False
vector_thrust,cruise_175,0.7462928528865915,0.09175821047622107,7.9136356269628,8.133254223391722,25.781321343239515,False
vector_thrust,cruise_175,0.7460417522380474,0.09172775016028198,7.910903326050055,8.13321760246424,25.79827792759671,False
vector_thrust,cruise_175,0.7457772224858329,0.09169567365149187,7.908024983631786,8.133177856572727,25.822780901929647,False
vector_thrust,cruise_175,0.7450135420054191,0.09160314479933584,7.89971587955304,8.133056388374351,25.849977151662426,False
vector_thrust,cruise_175,0.7438150373335198,0.0914581533444977,7.886677194690383,8.132845570714437,25.874480125995362,False
vector_thrust,cruise_175,0.7430244330409554,0.09136265643677238,7.878077080988984,8.132692962525299,25.89143671035255,False
vector_thrust,cruise_175,0.7428190258268026,0.09133786459213511,7.8758428081870875,8.132651547568203,25.8974884452432,False
vector_thrust,cruise_176,0.7192026791689871,0.08854010520356614,7.619302348199712,8.122902920833887,25.8974884452432,False
vector_thrust,cruise_176,0.7317161020340519,0.090009564996232,7.755149939618145,8.129314946302465,25.903540179849113,False
vector_thrust,cruise_176,0.7316076626241075,0.0899967056181385,7.753971901332726,8.12927159498886,25.920496763408483,False
vector_thrust,cruise_176,0.731620211382351,0.0899981936107781,7.754108224824632,8.129276622444706,25.94499973658853,False
vector_thrust,cruise_176,0.7299310006546714,0.08979815660271695,7.735759180922242,8.128574441500133,25.97219598504171,False
vector_thrust,cruise_176,0.7297835477339796,0.08978072043519944,7.734157637022203,8.12851071139167,25.996698958221764,False
vector_thrust,cruise_176,0.7290694597273074,0.08969633757319717,7.726402016777268,8.128196529009296,26.013655541781134,False
vector_thrust,cruise_176,0.7289167744843494,0.08967830729180915,7.724743800870294,8.12812815603764,26.01970727638704,False
vector_thrust,cruise_177,0.7293573456091722,0.0897303452384779,7.72952863562247,8.128324299552693,26.01970727638704,False
vector_thrust,cruise_177,0.7452610983794796,0.09163312712373756,7.902409298219865,8.133096858880632,26.025759010704654,False
vector_thrust,cruise_177,0.7450644369621438,0.0916093079035753,7.900269611580894,8.133064794533457,26.042715593456233,False
vector_thrust,cruise_177,0.7447284514615112,0.09156863089528283,7.896614182270198,8.133008478778905,26.06721856546899,False
vector_thrust,cruise_177,0.7439434697440446,0.09147367777103751,7.888074342319974,8.132869344186275,26.094414812626567,False
vector_thrust,cruise_177,0.742793057456934,0.09133473087686875,7.875560346530111,8.132646259814537,26.118917784639326,False
vector_thrust,cruise_177,0.7420008560659835,0.09123919345838813,7.866943858283905,8.132479342930527,26.135874367390905,False
vector_thrust,cruise_177,0.7417931968520198,0.09121416981756428,7.864685351815899,8.13243379110577,26.141926101708513,False
vector_thrust,cruise_178,0.7100395926305322,0.08748248935904096,7.519943489970615,8.116362461022636,26.141926101708513,False
vector_thrust,cruise_178,0.7213620755484148,0.08879160709880315,7.6427318096894465,8.124214654046263,26.14797783573417,False
vector_thrust,cruise_178,0.7180726480571947,0.08840883644437739,7.6070436907690935,8.122181864806825,26.164934417667727,False
vector_thrust,cruise_178,0.7169191508326604,0.08827508558676048,7.594532015518828,8.121421192257491,26.1894373884984,False
vector_thrust,cruise_178,0.7185854835472314,0.08846838007851784,7.6126067806674165,8.122512053566135,26.21663363434397,False
vector_thrust,cruise_178,0.7153902016034167,0.08809817946751572,7.577950311237501,8.120374404186197,26.241136605174646,False
vector_thrust,cruise_178,0.7142016566424829,0.0879609580964952,7.5650622305884925,8.119530210880459,26.2580931871082,False
vector_thrust,cruise_178,0.7174770219561662,0.08833974137806463,7.600582899506423,8.121792194133825,26.26414492113386,False
vector_thrust,cruise_179,0.7297307118203868,0.0897744736255956,7.733583771832061,8.128487779986642,26.26414492113386,False
vector_thrust,cruise_179,0.7457074101448631,0.09168721050375772,7.907265371550762,8.133167167456806,26.270196654863824,False
vector_thrust,cruise_179,0.7455638783212168,0.09166981344189795,7.905703653647892,8.133144928824025,26.287153235968848,False
vector_thrust,cruise_179,0.7452089147308467,0.0916268060390932,7.901841532691666,8.133088415336646,26.31165620560227,False
vector_thrust,cruise_179,0.7444526964082402,0.09153526173548249,7.893614147890999,8.132960809786624,26.338852450118978,False
vector_thrust,cruise_179,0.743300015188355,0.09139593058769854,7.881074748236822,8.132747381735173,26.3633554197524,False
vector_thrust,cruise_179,0.7424933215307807,0.09129856962918628,7.872300136309792,8.132584382717654,26.380312000857426,False
vector_thrust,cruise_179,0.7422775320339979,0.09127254644799346,7.86995307501041,8.132538873087574,26.38636373458739,False
vector_thrust,cruise_180,0.7160290460100688,0.08817204399186598,7.584878351189896,8.120817138776136,26.38636373458739,False
vector_thrust,cruise_180,0.7292482959416227,0.08971746149458124,7.728344277050089,8.128276076844504,26.392415468017806,False
vector_thrust,cruise_180,0.7257091472680051,0.08930052924651424,7.689914277119286,8.126594023476432,26.409372048283522,False
vector_thrust,cruise_180,0.7282279357153523,0.08959701778198229,7.71726311469774,8.127814448996057,26.433875016704103,False
vector_thrust,cruise_180,0.7242963374685951,0.08913474308372427,7.674577391804998,8.125858811173815,26.461071259874664,False
vector_thrust,cruise_180,0.724944698547006,0.08921077893352675,7.6816154398128615,8.126200748534895,26.485574228295246,False
vector_thrust,cruise_180,0.7216772895584527,0.08882839196128062,7.646152343064288,8.12439889571596,26.50253080856096,False
vector_thrust,cruise_180,0.7211377024262203,0.08876543442155199,7.640297104365577,8.12408238776253,26.508582541991377,False
vector_thrust,cruise_181,0.7405502613275632,0.09106456126962528,7.851168263757641,8.132145491097587,26.508582541991377,False
vector_thrust,cruise_181,0.7571079898083207,0.09308147009590326,8.031393100127188,8.133820716714732,26.514634275118294,False
vector_thrust,cruise_181,0.7568611410174304,0.0930510206762149,8.028703720124424,8.133829543375382,26.531590854533622,False
vector_thrust,cruise_181,0.7556887152556014,0.09290655645382759,8.015931367623125,8.133857760955346,26.556093821725362,False
vector_thrust,cruise_181,0.7527750857683567,0.09254867147284479,7.984197919375625,8.133829192666829,26.583290063532008,False
vector_thrust,cruise_181,0.7528509596450186,0.09255797077157052,7.985024155154856,8.133831731283582,26.607793030723744,False
vector_thrust,cruise_181,0.7530907401692717,0.09258736605808984,7.987635315491418,8.133839121168846,26.624749610139077,False
vector_thrust,cruise_181,0.7534183412142351,0.09262754507691454,7.991202940004688,8.133847664737567,26.630801343265993,False
vector_thrust,cruise_182,0.7182495665523966,0.08842937236439913,7.60896281617309,8.122296329240458,26.630801343265993,False
vector_thrust,cruise_182,0.7319591383978349,0.09003839364270089,7.757790231777186,8.129411340927142,26.636853076085348,False
vector_thrust,cruise_182,0.7276638287858448,0.08953051366105605,7.711137420666823,8.12755114463689,26.653809654638913,False
vector_thrust,cruise_182,0.7260431732838963,0.08933977978815677,7.693540674075106,8.126762512796606,26.67831262058536,False
vector_thrust,cruise_182,0.7230537302058242,0.08898923598169767,7.66109011481896,8.125181908006649,26.705508861009843,False
vector_thrust,cruise_182,0.7242617077082987,0.0891306841139746,7.674201495077765,8.125840331059944,26.73001182695629,False
vector_thrust,cruise_182,0.7244218988855211,0.08914946206296762,7.6759403391324295,8.125925632325757,26.746968405509854,False
vector_thrust,cruise_182,0.7222071140042196,0.08889026298387051,7.651901978230251,8.124704436247049,26.75302013832921,False
vector_thrust,cruise_183,0.695655160273797,0.08585338022375491,7.364162242727981,8.102827849768401,26.75302013832921,False
vector_thrust,cruise_183,0.7098877699181932,0.08746509626753637,7.51829803880065,8.116240651548631,26.75907187083683,False
vector_thrust,cruise_183,0.7019190668023503,0.0865581362433431,7.43197052340951,8.109221123119232,26.77602844851693,False
vector_thrust,cruise_183,0.7031358021131102,0.08669586506004182,7.445147117803876,8.1103729875254,26.800531413201185,False
vector_thrust,cruise_183,0.701672024325664,0.08653020531859698,7.429295390408063,8.108983698145247,26.827727652224738,False
vector_thrust,cruise_183,0.7011925705338773,0.08647602959736561,7.424103757361041,8.108519479891088,26.852230616908994,False
vector_thrust,cruise_183,0.7005627908003242,0.08640493182784353,7.4172847569425855,8.107902824298874,26.869187194589095,False
vector_thrust,cruise_183,0.7002913954433208,0.08637431556584196,7.41434633607526,8.107634669585291,26.875238927096714,False
vector_thrust,cruise_184,0.8503629570989215,0.10539449479257229,9.052827240179177,8.068381168983516,26.875238927096714,False
vector_thrust,cruise_184,0.7910678158161037,0.09737967024834884,8.402109005369008,8.123541739242201,26.880975382422797,False
vector_thrust,cruise_184,0.7917345319837913,0.09746620947762952,8.409401514538459,8.12316941663265,26.89704857307071,False
vector_thrust,cruise_184,0.792169508895899,0.09752271355308093,8.414159569370213,8.12292316358411,26.920275006507882,False
vector_thrust,cruise_184,0.789213128028773,0.09713936695703532,8.381825433238838,8.124544690288557,26.946054402738575,False
vector_thrust,cruise_184,0.7878835629229837,0.09696749432895979,8.367287441190568,8.125233805156483,26.96928083617575,False
vector_thrust,cruise_184,0.7770774502668388,0.09558279624073826,8.249210969142576,8.129888231242616,26.985354026823657,False
vector_thrust,cruise_184,0.7786117333777155,0.09577807280801251,8.265966919244754,8.129331803725531,26.99109048214974,False
vector_thrust,cruise_185,0.6736135616289338,0.08343023246526099,7.12590220188844,8.073974406213187,26.99109048214974,False
vector_thrust,cruise_185,0.6813284350795112,0.08426835416732294,7.209236275206337,8.085222997552178,26.99682693676476,False
vector_thrust,cruise_185,0.682822001509699,0.08443185383462351,7.225376834473295,8.087255822276992,27.012900125420312,False
vector_thrust,cruise_185,0.6799761915879204,0.08412067323372224,7.194625044891965,8.083342244523692,27.03612655597845,False
vector_thrust,cruise_185,0.6808327966476104,0.08421418620457696,7.203880583829421,8.084538096630183,27.061905949013642,False
vector_thrust,cruise_185,0.6712491495387001,0.08317551818334432,7.10037521875992,8.070273130839551,27.085132379571775,False
vector_thrust,cruise_185,0.6788536663181854,0.08399833140668467,7.182497465916787,8.081751803276436,27.10120556822733,False
vector_thrust,cruise_185,0.6792379388530121,0.08404018687776253,7.186648929887199,8.082299243824528,27.10694202284235,False
vector_thrust,cruise_186,0.7697600544375923,0.09465753448449007,8.16933802731622,8.132052653069259,27.10694202284235,False
vector_thrust,cruise_186,0.7414294270639261,0.09117035385676986,7.860729110882937,8.132352192344499,27.112678476737898,False
vector_thrust,cruise_186,0.7433957146991591,0.09140748881484356,7.882115749366496,8.132765972873328,27.128751663377543,False
vector_thrust,cruise_186,0.7391950591588092,0.09090177013676079,7.836432420434289,8.13180049240733,27.1519780910226,False
vector_thrust,cruise_186,0.7385025466273225,0.09081871642419634,7.828903226341076,8.131611805411591,27.17775748082453,False
vector_thrust,cruise_186,0.7360502586860689,0.09052533405344024,7.802245956396215,8.130875918685403,27.200983908469585,False
vector_thrust,cruise_186,0.739735935154085,0.09096670051655756,7.84231338679177,8.131942028824492,27.217057095109226,False
vector_thrust,cruise_186,0.7386407601118025,0.0908352853181861,7.830405876009831,8.131650134905444,27.222793549004777,False
vector_thrust,cruise_187,0.6940005494885445,0.0856684160101418,7.34625804589444,8.101008303998357,27.222793549004777,False
vector_thrust,cruise_187,0.6811280486605935,0.08424644872908903,7.207070939204263,8.084946712126635,27.228530002172224,False
vector_thrust,cruise_187,0.6796975320080259,0.08409028141888875,7.191614325204564,8.082949902642959,27.244603186771783,False
vector_thrust,cruise_187,0.680391890671896,0.08416603726440092,7.19911653589885,8.083924499551985,27.267829611468837,False
vector_thrust,cruise_187,0.6806764734396769,0.08419711097483204,7.202191466562468,8.084321012429307,27.293608997998724,False
vector_thrust,cruise_187,0.6759087369807454,0.08367845116102329,7.1506873979937575,8.077452768336824,27.316835422695775,False
vector_thrust,cruise_187,0.6775438859121106,0.08385586882849293,7.168348534796083,8.079862451820327,27.332908607295334,False
vector_thrust,cruise_187,0.6772729147394663,0.08382643443376445,7.165421593890435,8.07946704776778,27.338645060462785,False
vector_thrust,cruise_188,0.7180789065566834,0.0884095628045756,7.607111579287756,8.122185923981512,27.338645060462785,False
vector_thrust,cruise_188,0.7221699629129616,0.08888592291253128,7.651498805153886,8.124683180975882,27.34438151289328,False
vector_thrust,cruise_188,0.7212439718551976,0.08877782937443177,7.64145024196219,8.124145149046837,27.360454695427933,False
vector_thrust,cruise_188,0.7280775001774962,0.08957927672504054,7.715629482800672,8.127744795398343,27.383681117141112,False
vector_thrust,cruise_188,0.7197615629138484,0.0886051147117577,7.6253657130334656,8.123250731690975,27.409460500359152,False
vector_thrust,cruise_188,0.7212399061565231,0.0887773551247861,7.64140612451377,8.12414275174951,27.432686922072328,False
vector_thrust,cruise_188,0.7258216200457099,0.08931374331658384,7.69113533764176,8.126650984417298,27.448760104606986,False
vector_thrust,cruise_188,0.7207683774973215,0.08872237374007033,7.636289635280439,8.123862641558198,27.45449655703748,False
vector_thrust,cruise_189,0.6924222191453037,0.08549244426625868,7.32918211099687,8.099221224612736,27.45449655703748,False
vector_thrust,cruise_189,0.6841750655071394,0.084580321617995,7.240001121928997,8.08905727028563,27.46023300872192,False
vector_thrust,cruise_189,0.6841609749516107,0.08457877379263475,7.23984881703058,8.089038706437105,27.476306189166177,False
vector_thrust,cruise_189,0.6838726318698495,0.0845471076623828,7.23673216260216,8.08865791838462,27.499532607858644,False
vector_thrust,cruise_189,0.6846025023899592,0.08462729199467026,7.244621392921451,8.089618446411766,27.52531198772395,False
vector_thrust,cruise_189,0.6849045956999014,0.08466050854082824,7.24788691479166,8.090012775786722,27.548538406416416,False
vector_thrust,cruise_189,0.683816051580522,0.0845408957261862,7.236120605932158,8.088582995326755,27.564611586860675,False
vector_thrust,cruise_189,0.6833449374189171,0.08448919474369299,7.23102863254658,8.087956566421507,27.570348038545117,False
vector_thrust,cruise_190,0.7077079757936586,0.08721584284778397,7.494676405028188,8.114442888877505,27.570348038545117,False
vector_thrust,cruise_190,0.7153557547311397,0.08809419879166244,7.577576760710829,8.120350312997495,27.57608448947416,False
vector_thrust,cruise_190,0.7138754498140253,0.08792334209463737,7.561525268804414,8.119293839463435,27.59215766780182,False
vector_thrust,cruise_190,0.7127068218398531,0.08778874493375777,7.548855204701501,8.118430470530546,27.61538408343573,False
vector_thrust,cruise_190,0.7118883271674947,0.0876946245593361,7.539982169221275,8.117810307584081,27.64116345990628,False
vector_thrust,cruise_190,0.7098968878692241,0.08746614071708961,7.518396858200251,8.116247979494087,27.66438987554018,False
vector_thrust,cruise_190,0.7095086341650533,0.08742168030955641,7.51418909001314,8.11593453308966,27.68046305386785,False
vector_thrust,cruise_190,0.7104679006903241,0.08753158000993752,7.524585626503792,8.116703715500899,27.68619950479689,False
vector_thrust,cruise_191,0.7099050657649086,0.08746707749753846,7.5184854894598825,8.116254550575182,27.68619950479689,False
vector_thrust,cruise_191,0.714511444533504,0.08799669896841314,7.56842128141132,8.11975281925043,27.691935954960915,False
vector_thrust,cruise_191,0.71450636562177,0.08799611286090561,7.5683662095311135,8.11974918427569,27.70800913114506,False
vector_thrust,cruise_191,0.7129804535414532,0.08782023796744437,7.551821730531906,8.118634952979296,27.73123554368149,False
vector_thrust,cruise_191,0.7147637519270902,0.08802582129391306,7.57115714989776,8.119932781320333,27.757014916714102,False
vector_thrust,cruise_191,0.7106004919954542,0.08754678385107073,7.52602273540538,8.11680864489876,27.780241329250533,False
vector_thrust,cruise_191,0.711532824629254,0.08765378308218921,7.5361285231166155,8.117536968850278,27.79631450543468,False
vector_thrust,cruise_191,0.7113665680598279,0.08763469089508746,7.534326352753422,8.117408309358286,27.802050955598705,False
vector_thrust,cruise_192,0.6668223257061106,0.08270132630770513,7.052597713677896,8.063018520707617,27.802050955598705,False
vector_thrust,cruise_192,0.7100754180131074,0.08748659420042859,7.520331768544811,8.116391139725367,27.807787404987835,False
vector_thrust,cruise_192,0.6892615490254075,0.08514141781396217,7.2949951840002125,8.095490616934228,27.823860579000772,False
vector_thrust,cruise_192,0.689321334356594,0.0851480407520257,7.295641740657086,8.095563071898338,27.84708698839971,False
vector_thrust,cruise_192,0.6873119914015067,0.08492580449133491,7.273913587265725,8.093087790197313,27.872866357949974,False
vector_thrust,cruise_192,0.7355271689903992,0.09046289938502897,7.796560726689458,8.130705228226681,27.896092767348907,False
vector_thrust,cruise_192,0.6835456760185634,0.08451121926958538,7.2331982587893995,8.088224047958608,27.91216594136184,False
vector_thrust,cruise_192,0.6825112220131689,0.08439779974314428,7.222018126325439,8.086836672168223,27.917902390750974,False
vector_thrust,cruise_193,0.7209794563164719,0.08874698094392594,7.638579988574293,8.123988541897745,27.917902390750974,False
vector_thrust,cruise_193,0.7242352212279503,0.08912757977214983,7.673913992423544,8.125826181743307,27.92363883935504,False
vector_thrust,cruise_193,0.7239967410671196,0.08909963463150922,7.6713254006237275,8.125698203605038,27.93971201116827,False
vector_thrust,cruise_193,0.7239533896390662,0.08909455583995865,7.670854848181362,8.125674827309428,27.962938417388553,False
vector_thrust,cruise_193,0.7190220298906244,0.08851910440666086,7.617342551360805,8.122789252220672,27.98871778341077,False
vector_thrust,cruise_193,0.7197005575170836,0.08859801573343032,7.624703843793671,8.123213048952314,28.011944189631045,False
vector_thrust,cruise_193,0.7200840671922122,0.0886426548346726,7.628864749388149,8.123448790373448,28.028017361444277,False
vector_thrust,cruise_193,0.7225059377609003,0.08892518154350534,7.65514494888516,8.124874475599748,28.033753810048342,False
vector_thrust,cruise_194,0.909662563653088,0.11403756760765316,9.707885209112215,7.976867472154323,28.033753810048342,False
vector_thrust,cruise_194,0.7420341331080146,0.09124320420857754,7.867305785102297,8.132486573046696,28.039490257856876,False
vector_thrust,cruise_194,0.7222386889757848,0.0888939518421622,7.652244639122635,8.124722481211919,28.055563427441086,False
vector_thrust,cruise_194,0.7436439175871368,0.09143747385698883,7.884815705964177,8.132813454035485,28.07878983044033,False
vector_thrust,cruise_194,0.7426120541283723,0.09131289194689438,7.873591570626749,8.132609079561949,28.104569192887464,False
vector_thrust,cruise_194,0.7434916044649784,0.09141907174859928,7.883158831385365,8.132784442501956,28.127795595886703,False
vector_thrust,cruise_194,0.7512824393576577,0.09236595040539369,7.967945074274879,8.133759638268028,28.143868765470913,False
vector_thrust,cruise_194,0.7429343404708827,0.09135178164006469,7.877097112029401,8.132674887481883,28.149605213279443,False
vector_thrust,cruise_195,0.8146251169982079,0.10048714236000403,8.660112603831749,8.106759709413785,28.149605213279443,False
vector_thrust,cruise_195,0.7761308661506681,0.09546253887313558,8.238874765876869,8.130213959447516,28.155341660281675,False
vector_thrust,cruise_195,0.7746430711744312,0.09527386305176941,8.222631090037533,8.13069866552498,28.171414827606657,False
vector_thrust,cruise_195,0.7759282065339418,0.09543681407020393,8.236661974650724,8.130281947207123,28.194641227341222,False
vector_thrust,cruise_195,0.7769140934650056,0.09556203085376203,8.24742711828089,8.129945403252389,28.220420586164845,False
vector_thrust,cruise_195,0.7858102409504838,0.09670013192988094,8.34462131597187,8.12625820945404,28.243646985899414,False
vector_thrust,cruise_195,0.7723612627424489,0.0949852993568133,8.197723798649935,8.131376833809467,28.259720153224396,False
vector_thrust,cruise_195,0.7737278504539511,0.09515800456665341,8.212640130064608,8.130980194230466,28.265456600226624,False
vector_thrust,cruise_196,0.8120140589873492,0.10013768944156273,8.631481950694123,8.108975386946746,28.265456600226624,False
vector_thrust,cruise_196,0.7269941533227794,0.08945164071918213,7.7038658411177625,8.127231065610648,28.27119304641144,False
vector_thrust,cruise_196,0.726929172887609,0.0894439919071709,7.703160288445664,8.127199573583988,28.287266211446088,False
vector_thrust,cruise_196,0.7254071613687464,0.08926506152171293,7.686635842220291,8.126439941928428,28.310492607871026,False
vector_thrust,cruise_196,0.7240980512602814,0.08911150488372058,7.672425067646431,8.12575269832037,28.33627196302123,False
vector_thrust,cruise_196,1.0510157037246046,0.13730608007376174,11.289650742349874,7.654545983397035,28.359498359446167,False
vector_thrust,cruise_196,0.7319512872385463,0.09003746217632569,7.757704937443033,8.129408243483393,28.375571524480815,False
vector_thrust,cruise_196,0.7245267265310228,0.08916175276341526,7.677078239321515,8.12598119794152,28.38130797066563,False
vector_thrust,cruise_197,0.7368067172621415,0.09061571367580434,7.8104681573190655,8.131114211583803,28.38130797066563,False
vector_thrust,cruise_197,0.7203764251072728,0.08867670252276874,7.63203681614225,8.123626664199744,28.387044416021592,False
vector_thrust,cruise_197,0.7191558746434967,0.08853466351475561,7.618794579628341,8.122873528780495,28.403117578733834,False
vector_thrust,cruise_197,0.7183327711868731,0.08843903239563308,7.609865392091626,8.122349959386742,28.4263439718028,False
vector_thrust,cruise_197,0.7176887680530781,0.08836429726973785,7.602879674219292,8.121931483959928,28.452123323228157,False
vector_thrust,cruise_197,0.8775105785651982,0.10927496128880429,9.35218881318032,8.030298690712995,28.475349716297124,False
vector_thrust,cruise_197,0.7153546667359721,0.08809407306666212,7.577564962240763,8.120349551719018,28.491422879009367,False
vector_thrust,cruise_197,0.7137072288657208,0.08790395165244763,7.559701348393709,8.119171157259892,28.497159324365327,False
vector_thrust,cruise_198,0.7585422467498245,0.09325861731710985,8.047020628896176,8.133749658442097,28.497159324365327,False
vector_thrust,cruise_198,0.7561328889361076,0.0929612561344535,8.020769971646882,8.133849738889964,28.502895768880624,False
vector_thrust,cruise_198,0.757056234115076,0.09307508494572655,8.030829223370572,8.133822650352956,28.518968929237392,False
vector_thrust,cruise_198,0.7560136924782438,0.09294657350689409,8.0194714811662,8.133852211584415,28.542195318902596,False
vector_thrust,cruise_198,0.7606900242216044,0.09352461955109426,8.070427451061708,8.133580525350602,28.56797466655006,False
vector_thrust,cruise_198,1.132024876891735,0.15307514109904136,12.219064613134915,7.395223474981493,28.59120105621526,False
vector_thrust,cruise_198,0.757946609173691,0.09318500200029162,8.04053030348813,8.133783258075361,28.60727421657203,False
vector_thrust,cruise_198,0.7553930362298609,0.0928701644953755,8.012710527236981,8.133861292638024,28.61301066108733,False
vector_thrust,cruise_199,0.7206113249553344,0.08870407018706061,7.634585539084583,8.123768429517353,28.61301066108733,False
vector_thrust,cruise_199,0.7338099455294009,0.09025829591403794,7.7778993213382615,8.13011079035086,28.61874710474979,False
vector_thrust,cruise_199,0.7315887162981835,0.08999445907757553,7.7537660781949125,8.129263999104117,28.634820262716953,False
vector_thrust,cruise_199,0.7323093292532232,0.09007995221130297,7.761594751387015,8.129548376484765,28.65804664892908,False
vector_thrust,cruise_199,0.731039475974846,0.08992936261954562,7.747799601824599,8.129041001519996,28.68382599274392,False
vector_thrust,cruise_199,0.728005106290817,0.0895707407233729,7.714843342023799,8.127711129900803,28.707052378956046,False
vector_thrust,cruise_199,0.7348618574982057,0.09038356348397036,7.789330231462823,8.130481131434195,28.72312553692321,False
vector_thrust,cruise_199,0.7303936908951514,0.08985289561407259,7.740784810319261,8.128771876559965,28.728861980585666,False
vector_thrust,cruise_200,0.8535031149854808,0.10583666387311838,9.08740847974355,8.064342579889873,28.728861980585666,False
vector_thrust,cruise_200,0.7442030451334747,0.09150506374621178,7.890898186599062,8.132916525772968,28.734598423382714,False
vector_thrust,cruise_200,0.7443442544271782,0.09152214307766726,7.8924343959127565,8.132941705653844,28.750671578925047,False
vector_thrust,cruise_200,0.7440530335327603,0.09148692388355306,7.8892662443864,8.132889400454761,28.773897961633185,False
vector_thrust,cruise_200,0.7443641507483959,0.09152454984894484,7.8926508490430045,8.132945225919377,28.799677301558898,False
vector_thrust,cruise_200,0.7441687371607587,0.09150091474734706,7.890524955485841,8.13291035631242,28.822903684267036,False
vector_thrust,cruise_200,0.7419540469573382,0.09123355209411085,7.866434756693127,8.132469140212635,28.838976839809366,False
vector_thrust,cruise_200,0.7423859129801349,0.09128561557727966,7.871131886684686,8.132561831186353,28.844713282606413,False
vector_thrust,cruise_201,0.7187645514000446,0.08848918252652291,7.614549329230771,8.122626188626038,28.844713282606413,False
vector_thrust,cruise_201,0.7308393120493523,0.08990565301162848,7.745625282699536,8.1289583865747,28.85044972452506,False
vector_thrust,cruise_201,0.7294393860952979,0.08974003942663364,7.730419664275267,8.128360437056038,28.86652287760616,False
vector_thrust,cruise_201,0.7288903826252777,0.08967519117281042,7.724457178750035,8.128116294958932,28.889749256757728,False
vector_thrust,cruise_201,0.730133002097003,0.08982204966459426,7.737953240060002,8.128661111869555,28.91552859273594,False
vector_thrust,cruise_201,0.8082315216105413,0.09963366480829283,8.590020806603954,8.112032445716778,28.9387549718875,False
vector_thrust,cruise_201,0.7250462328301679,0.0892226933353864,7.682717653562614,8.12625359901133,28.954828124968603,False
vector_thrust,cruise_201,0.7236567026640687,0.08905980715801842,7.667634557808545,8.125513918754482,28.96056456688725,False
vector_thrust,cruise_202,0.6998675887538115,0.0863265326659999,7.4097579111418295,8.10721301018334,28.96056456688725,False
vector_thrust,cruise_202,0.7065637590402988,0.08708535467953324,7.482279130155778,8.113462494817801,28.96630100791407,False
vector_thrust,cruise_202,0.7070642475642743,0.0871424015122871,7.487701601415871,8.113894445112098,28.98237415849633,False
vector_thrust,cruise_202,0.7061357444717615,0.08703660511675346,7.47764209518099,8.113089240148215,29.005600534036965,False
vector_thrust,cruise_202,0.7052130808838679,0.08693163101173987,7.467646832029263,8.112272514346715,29.031379866007345,False
vector_thrust,cruise_202,0.7031799425009961,0.08670086665053654,7.445625166281426,8.110414228444677,29.05460624154798,False
vector_thrust,cruise_202,0.7040575172670166,0.08680037969518847,7.455129921827935,8.111226238173288,29.07067939213024,False
vector_thrust,cruise_202,0.7062981387166807,0.08705509736585477,7.479401421337539,8.113231276376801,29.07641583315706,False
vector_thrust,cruise_203,0.72163064000476,0.08882294688677575,7.645646119730641,8.124371745114873,29.07641583315706,False
vector_thrust,cruise_203,0.7300408501674973,0.08981114883908678,7.736952316458886,8.12862166450515,29.08215227327817,False
vector_thrust,cruise_203,0.7306939746418857,0.08988844234302637,7.744046557375456,8.128897949454496,29.098225421322688,False
vector_thrust,cruise_203,0.7305844872929608,0.08987547959554332,7.7428572695326405,8.128852169476362,29.121451793196176,False
vector_thrust,cruise_203,0.7284030119747502,0.08961767006028126,7.719164362875221,8.12789499531499,29.14723112109633,False
vector_thrust,cruise_203,0.724656183745274,0.0891769340196443,7.678483510577761,8.126049540855973,29.17045749296982,False
vector_thrust,cruise_203,0.7249378350893444,0.0892099736196241,7.681540933426837,8.126197169168034,29.18653064101434,False
vector_thrust,cruise_203,0.7239783010989187,0.08909747427349718,7.671125246112583,8.125688264479484,29.19226708113545,False
vector_thrust,cruise_204,0.7338722007871524,0.09026570385708588,7.77857579905617,8.130133255805143,29.19226708113545,False
vector_thrust,cruise_204,0.7463721832161346,0.09176783628677543,7.914498860155124,8.133265569035691,29.19800352033648,False
vector_thrust,cruise_204,0.7455502054842672,0.09166815640084167,7.905554885781745,8.133142791965453,29.214076665802995,False
vector_thrust,cruise_204,0.744986039794319,0.09159981463323741,7.899416659587003,8.133051827421465,29.237303033951168,False
vector_thrust,cruise_204,0.7469704663450457,0.09184046918624103,7.92100933122501,8.133347673020731,29.26308235771653,False
vector_thrust,cruise_204,0.739889599043165,0.0909851573755466,7.843984245745672,8.131981307557968,29.286308725864696,False
vector_thrust,cruise_204,0.7403796171601863,0.0910440439821214,7.849312633938526,8.13210381236555,29.302381871331214,False
vector_thrust,cruise_204,0.7389461803956563,0.09087191150386054,7.833726471923904,8.131733647577816,29.308118310532244,False
vector_thrust,cruise_205,0.7363498631265729,0.0905611171620524,7.805502373870543,8.130971505231429,29.308118310532244,False
vector_thrust,cruise_205,0.7498078178366974,0.0921858496056101,7.951891236306258,8.133654145886037,29.313854748798317,False
vector_thrust,cruise_205,0.7500061343804427,0.09221004679391423,7.954050100947637,8.133670467131163,29.329927891645145,False
vector_thrust,cruise_205,0.7502361085593007,0.09223811593017359,7.956553650677127,8.133688562407833,29.353154256007755,False
vector_thrust,cruise_205,0.748364077330868,0.09200991845554404,7.936176224149735,8.133515276317206,29.37893357557146,False
vector_thrust,cruise_205,0.7430459247430304,0.09136525085950051,7.878310855361942,8.13269725363826,29.402159939934066,False
vector_thrust,cruise_205,0.7430848786871204,0.09136995350041582,7.878734575410394,8.132705010993998,29.418233082780894,False
vector_thrust,cruise_205,0.7439284083472972,0.09147185704537869,7.887910496371169,8.132866570952402,29.423969521046967,False
vector_thrust,cruise_206,0.7137429193740218,0.08790806517868366,7.560088316751585,8.119197230916798,29.423969521046967,False
vector_thrust,cruise_206,0.7249798955864404,0.08921490886499983,7.681997522776988,8.126219090617257,29.429705958362668,False
vector_thrust,cruise_206,0.7279807280649413,0.08956786649355222,7.714578615039939,8.127699771852296,29.445779098546605,False
vector_thrust,cruise_206,0.7240277221372384,0.08910326440058325,7.671661681989782,8.125714888314452,29.46900545906123,False
vector_thrust,cruise_206,0.7228191007388236,0.08896179347917074,7.658543648632296,8.125050906354112,29.49478477435399,False
vector_thrust,cruise_206,0.7225604039120348,0.08893154788225557,7.655736051589623,8.124905290850185,29.518011134868612,False
vector_thrust,cruise_206,0.7213974201607561,0.08879573082878223,7.643115344626377,8.124235404422423,29.53408427505255,False
vector_thrust,cruise_206,0.7205647840876357,0.08869864700029559,7.634080553698288,8.123740422841337,29.539820712368247,False
vector_thrust,cruise_207,0.7159727803212331,0.08816553540561611,7.584268150714719,8.120778454158017,29.539820712368247,False
vector_thrust,cruise_207,0.7234633354703509,0.08903716833646097,7.665535773925453,8.125408174892403,29.545557148717588,False
vector_thrust,cruise_207,0.7241289030303493,0.0891151200843511,7.6727599492433765,8.125769256046917,29.561630286193843,False
vector_thrust,cruise_207,0.7248484912296631,0.08919949138583574,7.680571064687446,8.126150496691778,29.584856642795742,False
vector_thrust,cruise_207,0.7209998737303284,0.08874936160903318,7.638801534627804,8.124000676270136,29.610635953745717,False
vector_thrust,cruise_207,0.7206370561655134,0.08870706869545919,7.634864733194123,8.123783896405563,29.63386231034762,False
vector_thrust,cruise_207,0.7193425722852052,0.08855637217844839,7.620820022941244,8.122990526708463,29.64993544782387,False
vector_thrust,cruise_207,0.7195027066089424,0.08857499728114021,7.622557319068113,8.12309036064901,29.65567188417321,False
vector_thrust,cruise_208,0.7371105175679191,0.09065204108465241,7.8137704603422735,8.131207072101033,29.65567188417321,False
vector_thrust,cruise_208,0.7498197329238301,0.09218730319081922,7.952020942001298,8.133655145240255,29.661408319539593,False
vector_thrust,cruise_208,0.7502083159801292,0.09223472321972506,7.956251091006515,8.133686422985782,29.677481454261677,False
vector_thrust,cruise_208,0.7512974286863893,0.09236778321644284,7.96810827334526,8.133760522604456,29.700707806883685,False
vector_thrust,cruise_208,0.7478114391924069,0.09194267929528052,7.930161485128064,8.133452765616681,29.72648711341631,False
vector_thrust,cruise_208,0.7464722825632707,0.09177998386843586,7.915588102611173,8.133279731595056,29.749713466038322,False
vector_thrust,cruise_208,0.7445869675724324,0.09155150812034904,7.895074918474257,8.132984184090507,29.765786600760404,False
vector_thrust,cruise_208,0.7431960819844752,0.09138337987787956,7.879944195350169,8.132727012041439,29.77152303612679,False
vector_thrust,cruise_209,0.7349059199432334,0.09038881520388237,7.789809078217992,8.130496215550217,29.77152303612679,False
vector_thrust,cruise_209,0.7488814256358953,0.0920729161673379,7.941807224548278,8.133569097288511,29.777259470492996,False
vector_thrust,cruise_209,0.7483495467702127,0.09200814979281852,7.936018073246743,8.133513699116069,29.79333260241263,False
vector_thrust,cruise_209,0.7490665772454762,0.09209547443288665,7.943822560684432,8.133587256682722,29.816558950984984,False
vector_thrust,cruise_209,0.7444821139942769,0.09153882087966717,7.893934187480723,8.132965957393527,29.84233825302283,False
vector_thrust,cruise_209,0.7425368108323436,0.09130381529108023,7.872773160048541,8.132593456966791,29.865564601595185,False
vector_thrust,cruise_209,0.7419993658687597,0.09123901385568359,7.8669276506750965,8.132479018705856,29.88163773351482,False
vector_thrust,cruise_209,0.7435502609677025,0.09142615797058137,7.883796898221688,8.132795662341604,29.887374167881028,False
vector_thrust,cruise_210,0.7789929518146229,0.09582666078505447,8.270130673491142,8.129188113545515,29.887374167881028,False
vector_thrust,cruise_210,0.7285023901948987,0.08962939541685003,7.7202435812624906,8.127940468713044,29.89311060122914,False
vector_thrust,cruise_210,0.7265516601690923,0.08939957063704082,7.699061383455729,8.127015096290194,29.909183730296153,False
vector_thrust,cruise_210,0.7260072005762158,0.0893355517300101,7.693150125301597,8.126744465298147,29.932410074746343,False
vector_thrust,cruise_210,0.724405176844212,0.08914750164692117,7.675758823203698,8.125916749897279,29.958189372208942,False
vector_thrust,cruise_210,0.7218191138896819,0.08884494859852929,7.647691382916039,8.124481191963126,29.981415716659132,False
vector_thrust,cruise_210,0.7213804489919636,0.08879375073803614,7.642931185224812,8.12422544375017,29.997488845726146,False
vector_thrust,cruise_210,0.720701587680931,0.08871458921958411,7.635564929849791,8.123822631890551,30.003225279074258,False
vector_thrust,cruise_211,0.7300488122676554,0.08981209062840512,7.737038797739344,8.1286250788684,30.003225279074258,False
vector_thrust,cruise_211,0.7463996397197886,0.09177116808973382,7.914797629991814,8.133269470755339,30.008961711385655,False
vector_thrust,cruise_211,0.7438934866804344,0.09146763563737167,7.88753060083392,8.132860125844292,30.02503483754785,False
vector_thrust,cruise_211,0.7417787103226625,0.0912124244440056,7.86452779796263,8.132430585462982,30.04826117780046,False
vector_thrust,cruise_211,0.7429127693824479,0.09134917808694312,7.876862477105087,8.132670538922289,30.07404047060409,False
vector_thrust,cruise_211,0.7389012890228911,0.09086652700618744,7.8332383959833845,8.131721475088142,30.097266810856702,False
vector_thrust,cruise_211,0.7379907457744801,0.09075739344664768,7.823339157786411,8.131466955453197,30.113339937018896,False
vector_thrust,cruise_211,0.735987767003972,0.09051787250899168,7.8015667445537735,8.130855781336022,30.11907636933029,False
vector_thrust,cruise_212,0.7124877549834246,0.0877635418770635,7.546480295811678,8.118265737058058,30.11907636933029,False
vector_thrust,cruise_212,0.7223590403515155,0.08890801401642467,7.65355073851476,8.12479109271374,30.124812800585577,False
vector_thrust,cruise_212,0.7209098758926181,0.08873886846543352,7.637824986348397,8.123947131165352,30.140885923788616,False
vector_thrust,cruise_212,0.720933143017127,0.08874158111194877,7.6380774522807355,8.123960988565885,30.16411225976512,False
vector_thrust,cruise_212,0.7199743231730242,0.08862987825435342,7.627674059000227,8.123381610734185,30.189891547822633,False
vector_thrust,cruise_212,0.7166874697473271,0.08824825128122721,7.592019220700097,8.121265400074686,30.21311788379914,False
vector_thrust,cruise_212,0.7157454215662771,0.08813924142951751,7.581802486375662,8.12062152972622,30.229191007002175,False
vector_thrust,cruise_212,0.7179926343507891,0.08839955070857708,7.606175753225332,8.122129904458044,30.23492743825746,False
vector_thrust,cruise_213,0.7146221373954037,0.08800947413208698,7.569621558603571,8.119831920855244,30.23492743825746,False
vector_thrust,cruise_213,0.7279449565201164,0.08956364917456075,7.714190167502992,8.127683086040207,30.240663868436428,False
vector_thrust,cruise_213,0.7297394677319344,0.08977550880426396,7.733678871930895,8.128491583634164,30.256736988623686,False
vector_thrust,cruise_213,0.7259358455191034,0.08932716571402893,7.692375441722957,8.126708596611103,30.279963320242263,False
vector_thrust,cruise_213,0.7271045375180764,0.08946463578532124,7.7050643959538565,8.127284386009592,30.30574260346284,False
vector_thrust,cruise_213,0.72278966515217,0.08895835138452315,7.658224184724481,8.125034399838484,30.32896893508142,False
vector_thrust,cruise_213,0.7224831616115158,0.08892251949037994,7.654897768085096,8.124861573334947,30.345042055268674,False
vector_thrust,cruise_213,0.721473779600031,0.08880464063576274,7.6439439487256235,8.124280155123836,30.35077848544764,False
vector_thrust,cruise_214,0.7197671667310039,0.08860576684236676,7.625426511057779,8.123254189668025,30.35077848544764,False
vector_thrust,cruise_214,0.7333089657567703,0.09019870918174963,7.772455748563105,8.129927494629207,30.35651491452921,False
vector_thrust,cruise_214,0.7345785454740212,0.0903498047340045,7.786251406274309,8.130383321100323,30.372588031641627,False
vector_thrust,cruise_214,0.7346091997307521,0.0903534566937875,7.786584529331395,8.130393972865702,30.395814358816935,False
vector_thrust,cruise_214,0.7306552595132231,0.0898838584122563,7.743626019179091,8.128881786116038,30.421593637105847,False
vector_thrust,cruise_214,0.7282795734272679,0.08960310845601888,7.7178238728388315,8.12783826338725,30.44481996428115,False
vector_thrust,cruise_214,0.7272508388525807,0.08948186272098743,7.706652962565146,8.127354714555002,30.46089308139357,False
vector_thrust,cruise_214,0.7299236852272333,0.08979729146477791,7.735679724585311,8.12857128896297,30.466629510475137,False
vector_thrust,cruise_215,0.7166438178952068,0.08824319644645617,7.59154578317464,8.12123593380991,30.466629510475137,False
vector_thrust,cruise_215,0.7301924413415891,0.08982908168537135,7.738598854772904,8.128686474822338,30.472365938437303,False
vector_thrust,cruise_215,0.7269815728611079,0.08945015981845258,7.703729243018749,8.127224974629275,30.488439052413213,False
vector_thrust,cruise_215,0.7287044451028862,0.08965324098218058,7.722437874900326,8.128032373617403,30.51166537505614,False
vector_thrust,cruise_215,0.7268184559179034,0.08943096128306308,7.70195814353552,8.127145738905886,30.537444648314494,False
vector_thrust,cruise_215,0.7259112937394208,0.0893242804807349,7.692108890742115,8.126696233461207,30.560670970957418,False
vector_thrust,cruise_215,0.7240061064132063,0.08910073186477901,7.6714270558487465,8.125703249126751,30.576744084933335,False
vector_thrust,cruise_215,0.7241710207963835,0.0891200557163867,7.673217119804166,8.125791831874142,30.582480512895497,False
vector_thrust,cruise_216,0.7043138738372994,0.08682947604986341,7.457906610379012,8.111460599311163,30.582480512895497,False
vector_thrust,cruise_216,0.7140371710852705,0.08794198826001223,7.563278748071166,8.119411275693748,30.588216939715256,False
vector_thrust,cruise_216,0.7146873669671377,0.0880170033960557,7.570328869855089,8.119878425662979,30.604290050490217,False
vector_thrust,cruise_216,0.7154921683102082,0.08810996401158896,7.579056071903112,8.120445585655904,30.62751636850764,False
vector_thrust,cruise_216,0.7131734794295559,0.08784246216486372,7.553914436092691,8.118778343110009,30.65329563663206,False
vector_thrust,cruise_216,0.7110069093678475,0.08759340667669252,7.530427871907594,8.117128176007308,30.676521954649477,False
vector_thrust,cruise_216,0.7143359694244628,0.0879764518644244,7.566518579353864,8.11962694887134,30.69259506542444,False
vector_thrust,cruise_216,0.7110017129287524,0.08759281036666894,7.530371546773307,8.117124110443028,30.698331492244197,False
vector_thrust,cruise_217,0.7183158285230214,0.08843706525389114,7.609681603108322,8.12233904936614,30.698331492244197,False
vector_thrust,cruise_217,0.7309054315977307,0.08991348410808647,7.74634351367373,8.12898575611971,30.704067917897483,False
vector_thrust,cruise_217,0.7321115090115027,0.09005647326607308,7.759445588028428,8.129471235770795,30.720141025404065,False
vector_thrust,cruise_217,0.7289485974399067,0.08968206483966157,7.725089407152461,8.128142441224567,30.743367338698533,False
vector_thrust,cruise_217,0.7291225101458658,0.08970260320363801,7.726978169685508,8.128220186549672,30.769146601580882,False
vector_thrust,cruise_217,0.7274558901427846,0.08950601415308901,7.708879489955698,8.127452630150202,30.79237291487535,False
vector_thrust,cruise_217,0.7249037463399071,0.08920597399517183,7.681170883234311,8.12617937873916,30.808446022381933,False
vector_thrust,cruise_217,0.7281582527332443,0.08958879945384973,7.716506399560045,8.12778223586246,30.814182448035215,False
vector_thrust,cruise_218,0.7140296569825526,0.08794112179079772,7.5631972749775285,8.119405830200243,30.814182448035215,False
vector_thrust,cruise_218,0.7242193892723482,0.08912572425370119,7.6737421417788765,8.125817718022898,30.81991887249682,False
vector_thrust,cruise_218,0.7211483038708567,0.08876667084873369,7.640412140843326,8.124088658228015,30.83599197666439,False
vector_thrust,cruise_218,0.7213759244411316,0.08879322285052077,7.642882087981748,8.124222787312656,30.85921828513384,False
vector_thrust,cruise_218,0.7199912530761551,0.08863184911606448,7.627857742553803,8.123391988960062,30.884997542660823,False
vector_thrust,cruise_218,0.7183260872783175,0.08843825634865571,7.609792886997376,8.122345656006777,30.908223851130277,False
vector_thrust,cruise_218,0.7243888736023811,0.08914559037905859,7.675581853617202,8.1259080849898,30.92429695529784,False
vector_thrust,cruise_218,0.7184555226019963,0.08845328613589021,7.611196973029021,8.122428843381101,30.930033379759447,False
vector_thrust,cruise_219,0.7264029229393929,0.0893820762685486,7.697446491778202,8.126941700894417,30.930033379759447,False
vector_thrust,cruise_219,0.7376888876576314,0.09072124842372989,7.8200576420732375,8.131379367842502,30.935769803002934,False
vector_thrust,cruise_219,0.7367710335479362,0.09061144787331049,7.810080283461665,8.13110319766727,30.951842903757406,False
vector_thrust,cruise_219,0.7362378783446317,0.09054774034740071,7.804285192216857,8.130935962840583,30.9750692072948,False
vector_thrust,cruise_219,0.7341874186989286,0.09030322372387153,7.7820010901111765,8.130245947187012,31.000848459347612,False
vector_thrust,cruise_219,0.7365425223484188,0.09058413620259262,7.8075964554410975,8.13103213460171,31.024074762885004,False
vector_thrust,cruise_219,0.7315318893420489,0.08998772128335372,7.753148741972456,8.129241177677988,31.040147863639476,False
vector_thrust,cruise_219,0.7343088825852757,0.09031768632953524,7.783321000153805,8.13028889940846,31.045884286882963,False
vector_thrust,cruise_220,0.69476908854304,0.08575426666917452,7.354573865469719,8.101860298372578,31.045884286882963,False
vector_thrust,cruise_220,0.6990169964363827,0.08623073019467084,7.400549421284528,8.106355992327927,31.051620708880574,False
vector_thrust,cruise_220,0.6983858211366142,0.08615972627878944,7.393716861622083,8.105710768820547,31.067693806144167,False
vector_thrust,cruise_220,0.7014092986534333,0.08650051350294913,7.426450505719517,8.108729882043065,31.090920104637096,False
vector_thrust,cruise_220,0.6990244301477908,0.08623156688244096,7.40062989491105,8.106363544347595,31.116699351090976,False
vector_thrust,cruise_220,0.7002930444288716,0.08637450154810394,7.414364189532115,8.1076363032771,31.139925649583905,False
vector_thrust,cruise_220,0.6989593633577957,0.08622424375208812,7.3999255166331075,8.106297404793056,31.1559987468475,False
vector_thrust,cruise_220,0.6955303764911469,0.08583941358257619,7.362811876795916,8.102692544865272,31.161735168845105,False
vector_thrust,cruise_221,0.7138886886788739,0.08792486832994287,7.561668811394918,8.11930347168639,31.161735168845105,False
vector_thrust,cruise_221,0.7266694238789209,0.08941342484255743,7.700340003605009,8.127072921750488,31.167471589567644,False
vector_thrust,cruise_221,0.7285730403003434,0.08963773234330324,7.721010827923761,8.12797268799688,31.183544683258567,False
vector_thrust,cruise_221,0.7246799489709433,0.08917972127100254,7.678741486688067,8.126062053600279,31.20677097658884,False
vector_thrust,cruise_221,0.7261192000594401,0.0893487163999705,7.6943660872384605,8.126800577738125,31.232550217312607,False
vector_thrust,cruise_221,0.7216115864349688,0.08882072301364097,7.645439358328481,8.124360644127437,31.255776510642878,False
vector_thrust,cruise_221,0.721097296450118,0.08876072213728536,7.6398586595648075,8.124058469632589,31.271849604333806,False
vector_thrust,cruise_221,0.720450241214872,0.08868530157268797,7.632837732630683,8.123671323645201,31.27758602505634,False
vector_thrust,cruise_222,0.725136118333921,0.08923324242681549,7.683693423261213,8.12630022862433,31.27758602505634,False
vector_thrust,cruise_222,0.7383141253268792,0.09079613443911802,7.8268547575535194,8.131559012811769,31.283322444473068,False
vector_thrust,cruise_222,0.7381791663194086,0.09077996391488122,7.825387543961099,8.131520816769147,31.299395534505205,False
vector_thrust,cruise_222,0.7381107801456076,0.09077177132116762,7.824644088745032,8.131501340147176,31.322621822548367,False
vector_thrust,cruise_222,0.7363860144666372,0.090565436016175,7.805895312195342,8.130982931889363,31.348401057403883,False
vector_thrust,cruise_222,0.7338206692944879,0.09025957191589387,7.778015847517348,8.13011466504938,31.37162734544705,False
vector_thrust,cruise_222,0.7325162393975153,0.0901045178435804,7.763842720005203,8.129628313079134,31.387700435479182,False
vector_thrust,cruise_222,0.7324675347771896,0.09009873461469467,7.763313565571743,8.129609565656738,31.393436854895914,False
vector_thrust,cruise_223,0.7322658164204351,0.09007478712067474,7.76112201418745,8.12953146854964,31.393436854895914,False
vector_thrust,cruise_223,0.7456666682283495,0.09168227190369485,7.906822070886171,8.133160890816654,31.39917327297442,False
vector_thrust,cruise_223,0.7479374214732769,0.09195800241395419,7.931532603040158,8.13346747253593,31.415246359256937,False
vector_thrust,cruise_223,0.7445333073887827,0.09154501500113793,7.894491132839641,8.13297487994871,31.438472641881752,False
vector_thrust,cruise_223,0.7421563170419042,0.09125793234004048,7.868634690214924,8.132512955438445,31.464251870723356,False
vector_thrust,cruise_223,0.7393610630102296,0.09092169251236404,7.838237348876846,8.1318444760549,31.48747815334817,False
vector_thrust,cruise_223,0.7448215241999055,0.0915798968732445,7.897626773933932,8.1330242731198,31.50355123963069,False
vector_thrust,cruise_223,0.737536681527268,0.09070302947143172,7.818403043250299,8.131334596266889,31.509287657709198,False
vector_thrust,cruise_224,0.7286026918303594,0.08964123159079715,7.721332839661541,8.127986183371002,31.509287657709198,False
vector_thrust,cruise_224,0.7405546800167175,0.091065092620401,7.851216314226825,8.13214656359789,31.515024074415248,False
vector_thrust,cruise_224,0.7406484616929462,0.09107637080404424,7.85223613670037,8.132169246032998,31.531097156852226,False
vector_thrust,cruise_224,0.7389739428821579,0.09087524166573105,7.8340283173840275,8.13174115784304,31.55432343392007,False
vector_thrust,cruise_224,0.7368686733981036,0.0906231207764032,7.81114161010822,8.131133281275968,31.5801026565939,False
vector_thrust,cruise_224,0.7379649028575473,0.09075429830156595,7.823058213704269,8.131459519475056,31.603328933661746,False
vector_thrust,cruise_224,0.7335635368095191,0.09022898209951202,7.775221842366276,8.130021194304113,31.61940201609873,False
vector_thrust,cruise_224,0.7360498147125997,0.09052528104016155,7.802241130904654,8.130875775862558,31.625138432804775,False
vector_thrust,cruise_225,0.7167621577600304,0.08825690088547497,7.592829274151697,8.121315733600529,31.625138432804775,False
vector_thrust,cruise_225,0.7343201111031419,0.09031902343932427,7.783443017846113,8.130292856813861,31.630874848102142,False
vector_thrust,cruise_225,0.7261532837908429,0.08935272314128359,7.694736132270239,8.12681760848695,31.64694792659209,False
vector_thrust,cruise_225,0.7264170258804366,0.0893837348698776,7.697599611167123,8.126948677384476,31.67017419795631,False
vector_thrust,cruise_225,0.7221224433986525,0.08888037195284099,7.650983113696137,8.124655956455754,31.69595341429959,False
vector_thrust,cruise_225,0.7225686275139042,0.08893250915527817,7.6558252998624665,8.124909938752353,31.71917968566381,False
vector_thrust,cruise_225,0.7213734330425128,0.0887929321761666,7.642855053086697,8.124221324410104,31.735252764153756,False
vector_thrust,cruise_225,0.7193988934117516,0.08856292230462778,7.62143104700102,8.123025693949577,31.740989179451127,False
vector_thrust,cruise_226,0.7373970371429274,0.09068631796972604,7.816885025207447,8.131293161434714,31.740989179451127,False
vector_thrust,cruise_226,0.7499760810795559,0.09220637942398485,7.9537229389570605,8.133668036470707,31.746725593301424,False
vector_thrust,cruise_226,0.7502168470782614,0.09223576461692809,7.956343963401334,8.133687081080192,31.76279866773677,False
vector_thrust,cruise_226,0.7514157943107899,0.09238225779380829,7.969397010716104,8.133767373253695,31.78602493324192,False
vector_thrust,cruise_226,0.7478876779608071,0.09195195179462726,7.930991221206217,8.133461697813642,31.811804143082128,False
vector_thrust,cruise_226,0.7466651183031463,0.09180339082354641,7.917686501751458,8.13330653263448,31.83503040858728,False
vector_thrust,cruise_226,0.7444846647911386,0.09153912950049148,7.893961938141939,8.132966403041243,31.851103483022623,False
vector_thrust,cruise_226,0.7431566815231652,0.09137862250943612,7.879515612936556,8.132719241269191,31.856839896872923,False
vector_thrust,cruise_227,0.725495898344996,0.08927548176715186,7.68759918189712,8.12648539088518,31.856839896872923,False
vector_thrust,cruise_227,0.7364467771278564,0.09057269563660919,7.80655576095766,8.131002085690238,31.86257630923538,False
vector_thrust,cruise_227,0.7378716881092433,0.09074313523185074,7.82204486227104,8.131432600647583,31.878649379501898,False
vector_thrust,cruise_227,0.7349513240652031,0.0903942272158074,7.790302508054061,8.130511722950832,31.901875638982915,False
vector_thrust,cruise_227,0.7330124676622346,0.09016346568218433,7.769234186691012,8.129816906617341,31.927654842136835,False
vector_thrust,cruise_227,0.7330372293051175,0.09016640836721868,7.769503227067544,8.12982620223369,31.950881101617853,False
vector_thrust,cruise_227,0.7298197727126698,0.08978500362868777,7.734551088279007,8.128526404374734,31.96695417188437,False
vector_thrust,cruise_227,0.7294174639180558,0.08973744890332508,7.730181570209374,8.128350792586755,31.97269058424683,False
vector_thrust,cruise_228,0.7192868037991265,0.08854988690323692,7.620214998114452,8.12295564629155,31.97269058424683,False
vector_thrust,cruise_228,0.7314123111263864,0.08997354523812903,7.751849723920109,8.129192966561332,31.97842699507807,False
vector_thrust,cruise_228,0.731823733473702,0.09002233073191857,7.756319214482283,8.129357766275035,31.994500061054215,False
vector_thrust,cruise_228,0.7293946028077268,0.08973474752261806,7.729933279121028,8.128340725802783,32.017726314335455,False
vector_thrust,cruise_228,0.7278479302629107,0.08955221137538674,7.713136555332534,8.127637710831095,32.04350551060815,False
vector_thrust,cruise_228,0.7261691636672172,0.08935458998713952,7.694908539610357,8.126825536010315,32.06673176388939,False
vector_thrust,cruise_228,0.7251922141937011,0.08923982667863864,7.684302387728621,8.126329254371921,32.08280482986553,False
vector_thrust,cruise_228,0.725311546314839,0.08925383523349131,7.685597843763307,8.126390809060442,32.08854124069677,False
vector_thrust,cruise_229,0.7160545426478774,0.08817499353203684,7.585154863027001,8.120834648972348,32.08854124069677,False
vector_thrust,cruise_229,0.7262793236999457,0.0893675417450829,7.6961045520469105,8.126880403308244,32.09427764995054,False
vector_thrust,cruise_229,0.7253804322205125,0.08926192304632341,7.686345669091304,8.126426223688556,32.11035071150669,False
vector_thrust,cruise_229,0.7247649045529001,0.08918968595504492,7.679663701411076,8.126106699357702,32.13357695840085,False
vector_thrust,cruise_229,0.7229193924531474,0.08897352244974607,7.659632120557813,8.125107026772666,32.15935614758443,False
vector_thrust,cruise_229,0.7216173076243233,0.08882139076591072,7.645501442247019,8.124363978111418,32.1825823944786,False
vector_thrust,cruise_229,0.7256367750719916,0.08929202771095623,7.689128576459775,8.126557248995647,32.19865545603475,False
vector_thrust,cruise_229,0.7204685043078424,0.08868742924861919,7.633035891079962,8.123682357373772,32.204391865288514,False
vector_thrust,cruise_230,0.6863885637195336,0.08482391803808523,7.263929536567777,8.091922415224335,32.204391865288514,False
vector_thrust,cruise_230,0.6944329368893707,0.08571670315265734,7.35093652412049,8.101489107118585,32.21012827291536,False
vector_thrust,cruise_230,0.6880637513485588,0.08500886433453055,7.282042268421794,8.094023567246595,32.226201329912975,False
vector_thrust,cruise_230,0.691268473093287,0.08536409759433419,7.316701501385008,8.097882980949686,32.249427570219865,False
vector_thrust,cruise_230,0.6881656907038848,0.08502013523297891,7.283144573162512,8.094149566077714,32.27520675209212,False
vector_thrust,cruise_230,0.6914608595508464,0.08538548248293959,7.318782532795582,8.098108009040102,32.298432992399015,False
vector_thrust,cruise_230,0.687735193329969,0.08497255025243541,7.278489537332711,8.09361601231049,32.31450604939663,False
vector_thrust,cruise_230,0.6864904834031217,0.08483515575209474,7.265031440722327,8.092051901327132,32.32024245702347,False
vector_thrust,cruise_231,0.7293454058365497,0.08972893449818178,7.729398960326758,8.12831903014884,32.32024245702347,False
vector_thrust,cruise_231,0.7435762964792005,0.09142930349706371,7.884080114497432,8.132800623413704,32.3259788629704,False
vector_thrust,cruise_231,0.7404664217398877,0.09105448018943255,7.850256565439168,8.13212507719992,32.342051915261024,False
vector_thrust,cruise_231,0.7419573137910085,0.09123394579468497,7.8664702870882,8.132469853498684,32.365278148766116,False
vector_thrust,cruise_231,0.737954194647111,0.09075301584120293,7.822941802612274,8.13145643488435,32.39105732308893,False
vector_thrust,cruise_231,0.7357360209896241,0.0904878212897447,7.798830606490673,8.130773959445609,32.41428355659402,False
vector_thrust,cruise_231,0.73567275897511,0.09048027149388713,7.798143046219396,8.130753221986213,32.430356608884644,False
vector_thrust,cruise_231,0.7346465805576197,0.09035791025370563,7.7869907522806,8.13040693941338,32.43609301483158,False
vector_thrust,cruise_232,0.7225028340786185,0.08892481878261616,7.6551112657774825,8.124872717984779,32.43609301483158,False
vector_thrust,cruise_232,0.7354615310702831,0.09045506862552757,7.795847360743639,8.130683467998901,32.44182941904168,False
vector_thrust,cruise_232,0.7352321985973118,0.09042771504890013,7.793354970968008,8.130606841052261,32.45790246646578,False
vector_thrust,cruise_232,0.7345346805030556,0.09034457923667324,7.785774722966462,8.130368049850727,32.48112869293857,False
vector_thrust,cruise_232,0.733658014854355,0.09024022026194017,7.776248432816015,8.130055675005744,32.50690785945611,False
vector_thrust,cruise_232,0.7322117697005703,0.0900683721217293,7.7605348366826306,8.129510420272398,32.5301340859289,False
vector_thrust,cruise_232,0.7298886392986039,0.08979314699750679,7.73529907497655,8.128556172765279,32.54620713335301,False
vector_thrust,cruise_232,0.7301163600137526,0.08982008092397381,7.737772478533423,8.128653999229227,32.55194353756311,False
vector_thrust,cruise_233,0.7128816832800133,0.08780886862987486,7.550750921588617,8.118561307114627,32.55194353756311,False
vector_thrust,cruise_233,0.721973153544312,0.08886293548680438,7.649363007125203,8.12457015502848,32.557679939975024,False
vector_thrust,cruise_233,0.7209869143353299,0.08874785053800821,7.638660914272958,8.12399297520509,32.57375298236073,False
vector_thrust,cruise_233,0.7218843608495351,0.08885256681199735,7.648399433519409,8.124518927820805,32.596979201552806,False
vector_thrust,cruise_233,0.7201286769328985,0.08864784901266956,7.629348756030579,8.123476034144694,32.62275835998938,False
vector_thrust,cruise_233,0.7188379577411182,0.0884977119129422,7.61534566050071,8.122672803656894,32.64598457918146,False
vector_thrust,cruise_233,0.718030486566211,0.08840394337913446,7.606586348928219,8.122154500357777,32.662057621567165,False
vector_thrust,cruise_233,0.7175613036156124,0.08834951440734182,7.601497082363709,8.121847736561904,32.667794023979084,False
vector_thrust,cruise_234,0.7284912497780153,0.08962808089881533,7.720122599006911,8.1279353799892,32.667794023979084,False
vector_thrust,cruise_234,0.7393771654718715,0.09092362526850281,7.838412429687214,8.131848716859311,32.67353042452649,False
vector_thrust,cruise_234,0.7396220012728622,0.09095301856508711,7.8410745493659295,8.131912639530258,32.68960346168796,False
vector_thrust,cruise_234,0.7425060794119549,0.09130010844276934,7.872438900786028,8.13258704810179,32.71282967333081,False
vector_thrust,cruise_234,0.7370853070207717,0.09064902583503037,7.813496417940357,8.131199428024441,32.73860882338837,False
vector_thrust,cruise_234,0.735192764890834,0.09042301259471999,7.7929264111118055,8.130593571196316,32.76183503503122,False
vector_thrust,cruise_234,0.734379339421036,0.09032607683203545,7.784086640730255,8.130313694312667,32.77790807219269,False
vector_thrust,cruise_234,0.7349319414767966,0.09039191683213149,7.790091867237897,8.130505107460575,32.78364447274009,False
vector_thrust,cruise_235,0.7239668772743079,0.0890961359324404,7.671001247726416,8.125682103916109,32.78364447274009,False
vector_thrust,cruise_235,0.7364809909526046,0.09057678363848756,7.806927643917816,8.131012842011115,32.78938087135105,False
vector_thrust,cruise_235,0.7352258694232942,0.09042696027774955,7.793286186287006,8.130604713074755,32.805453903086715,False
vector_thrust,cruise_235,0.7350683369145591,0.09040817651483093,7.791574158114935,8.130551519242017,32.82868010688903,False
vector_thrust,cruise_235,0.7342092831682053,0.09030582690469555,7.782238683137721,8.130253698280784,32.85445924824426,False
vector_thrust,cruise_235,0.7320581005445823,0.09005013555990696,7.758865354589158,8.129450288917907,32.87768545204658,False
vector_thrust,cruise_235,0.7310224200468731,0.0899273420371437,7.7476143266485655,8.129033989961927,32.893758483782236,False
vector_thrust,cruise_235,0.7302030150966715,0.0898303326933623,7.738713704790504,8.128690980019352,32.89949488239319,False
vector_thrust,cruise_236,0.705267545790654,0.08693782329897803,7.468236826205988,8.11232118574269,32.89949488239319,False
vector_thrust,cruise_236,0.7143738850127576,0.08798082625315018,7.566929700541788,8.119654195531941,32.90523127898936,False
vector_thrust,cruise_236,0.713037562004328,0.08782681248196536,7.552440871982399,8.118677450018415,32.9213043050797,False
vector_thrust,cruise_236,0.7127168598666348,0.0877898999940741,7.548964028516942,8.118437997021797,32.9445305007243,False
vector_thrust,cruise_236,0.7098091245475825,0.08745608817717485,7.51744569247912,8.116177379322066,32.97030963302514,False
vector_thrust,cruise_236,0.7181896561428001,0.08842241757890329,7.608312933207925,8.122257633387227,32.99353582866973,False
vector_thrust,cruise_236,0.7089240569709852,0.0873547905087069,7.507853958875365,8.11545712424695,33.00960885476007,False
vector_thrust,cruise_236,0.7080326674137701,0.0872529150133515,7.4981946233395975,8.114716480308154,33.01534525135624,False
vector_thrust,cruise_237,0.7102796039180387,0.08750999415870092,7.522544781194564,8.116554123291724,33.01534525135624,False
vector_thrust,cruise_237,0.7214983890439469,0.08880751235663512,7.6442109962354605,8.124294554570318,33.02108164585195,False
vector_thrust,cruise_237,0.7213302662703814,0.08878789604182405,7.642386638980907,8.12419595944243,33.03715466605696,False
vector_thrust,cruise_237,0.7211095889374934,0.08876215569750157,7.6399920450058,8.124065749315628,33.06038085319701,False
vector_thrust,cruise_237,0.7210963398983624,0.08876061058459042,7.6398482800556025,8.124057903039603,33.08615997605851,False
vector_thrust,cruise_237,0.7204881750445838,0.08868972098619732,7.6332493232036205,8.123694234608232,33.10938616319856,False
vector_thrust,cruise_237,0.7187458253101611,0.08848700682444749,7.614346184701782,8.122614280943036,33.125459183403564,False
vector_thrust,cruise_237,0.7175383239557109,0.08834684962977898,7.6012478267034,8.121832605945588,33.131195577899284,False
vector_thrust,cruise_238,0.7016477042192906,0.08652745626227898,7.429032040576037,8.108960259879602,33.131195577899284,False
vector_thrust,cruise_238,0.7096240628213479,0.0874348955841095,7.5154400503415495,8.116028023830747,33.13693197020046,False
vector_thrust,cruise_238,0.7124823378013512,0.08776291875690947,7.546421568719709,8.118261651880832,33.1530049842565,False
vector_thrust,cruise_238,0.7122164746901237,0.08773234407353644,7.543539416939416,8.118060473719366,33.17623116251103,False
vector_thrust,cruise_238,0.7106263441444557,0.08754974861562498,7.526302939804847,8.11682906440271,33.202010275510354,False
vector_thrust,cruise_238,0.71080864930234,0.08757065915028309,7.528278917656286,8.116972696100143,33.22523645376488,False
vector_thrust,cruise_238,0.7092893555169332,0.08739658214349119,7.511812695640789,8.11575622433831,33.24130946782092,False
vector_thrust,cruise_238,0.7062908428667495,0.08705426646474589,7.479322379837108,8.113224906131098,33.2470458601221,False
vector_thrust,cruise_239,0.7109338684177395,0.08758502542235219,7.529636170827731,8.11707098319007,33.2470458601221,False
vector_thrust,cruise_239,0.7162756578087482,0.08820057794787592,7.587552895727549,8.12098598982024,33.25278225012485,False
vector_thrust,cruise_239,0.717127543648044,0.08829923102675541,7.596792281233392,8.12156046331534,33.26885525774087,False
vector_thrust,cruise_239,0.7209585307600843,0.08874454110975913,7.638352929258599,8.123976097508958,33.292081426689286,False
vector_thrust,cruise_239,0.7165352106555981,0.08823062138104878,7.590367864751504,8.121162465364932,33.3178605293596,False
vector_thrust,cruise_239,0.7264063409028283,0.08938247824078624,7.697483601496231,8.126943392036772,33.34108669830802,False
vector_thrust,cruise_239,0.7159563286848135,0.08816363245775607,7.584089733685221,8.120767131820102,33.35715970592403,False
vector_thrust,cruise_239,0.7149347328902259,0.08804556328365737,7.573011205997347,8.120054051865313,33.36289609592679,False
vector_thrust,cruise_240,0.7050966164489709,0.08691839163023646,7.466385235832875,8.112168244536266,33.36289609592679,False
vector_thrust,cruise_240,0.7142967572452721,0.08797192816499166,7.566093400906252,8.119598741835077,33.36863248351579,False
vector_thrust,cruise_240,0.7127308639322759,0.08779151145144748,7.5491158489740755,8.118448494037457,33.384705484368624,False
vector_thrust,cruise_240,0.712382679611556,0.08775145637786205,7.545341191003139,8.11818639845704,33.407931643543954,False
vector_thrust,cruise_240,0.7098801055772878,0.0874642183389967,7.518214973549715,8.116234490610903,33.43371073536697,False
vector_thrust,cruise_240,0.7181138444102149,0.08841361781809409,7.607490565402086,8.12220857071693,33.4569368945423,False
vector_thrust,cruise_240,0.7088616953199962,0.0873476585376278,7.507178161623976,8.115405806952815,33.47300989539514,False
vector_thrust,cruise_240,0.7078727259134856,0.08723465102282119,7.496461551117092,8.114581965007245,33.47874628298414,False
vector_thrust,cruise_241,0.7390729350704449,0.09088711713984782,7.835104609870098,8.131767827262415,33.47874628298414,False
vector_thrust,cruise_241,0.7576244223808888,0.09314521063739359,8.037019802541023,8.13379901335192,33.48448266803052,False
vector_thrust,cruise_241,0.7583527984863803,0.0932351959831369,8.044956270011488,8.133760973951732,33.50055566175911,False
vector_thrust,cruise_241,0.7580649281979748,0.09319961980286334,8.04181952335995,8.133777045458345,33.5237818106396,False
vector_thrust,cruise_241,0.7525484929517334,0.0925209061577835,7.981730458455389,8.133821037899809,33.54956089103621,False
vector_thrust,cruise_241,0.7520423783128305,0.09245892502068387,7.9762194040881855,8.133799718573323,33.5727870399167,False
vector_thrust,cruise_241,0.7495470925240267,0.0921540490451894,7.949053067474446,8.133631677502015,33.58886003364528,False
vector_thrust,cruise_241,0.7506185877579827,0.09228482096320054,7.960717550211914,8.133716681937315,33.59459641869167,False
vector_thrust,cruise_242,0.7122565319040475,0.08773694988303363,7.543973661376211,8.118090871104947,33.59459641869167,False
vector_thrust,cruise_242,0.7226664547323174,0.08894394533462427,7.656886995321236,8.124965134090992,33.60033280105043,False
vector_thrust,cruise_242,0.7246040623053129,0.08917082144073918,7.677917724639713,8.126022061901354,33.616405787248446,False
vector_thrust,cruise_242,0.7209852058961732,0.08874765133559234,7.638642376283413,8.123991959740136,33.63963192524695,False
vector_thrust,cruise_242,0.7211574701846628,0.0887677399160251,7.6405116047959805,8.124094078173927,33.665410993565466,False
vector_thrust,cruise_242,0.7183368740231882,0.08843950876676829,7.6099098984915505,8.122352600550716,33.68863713156398,False
vector_thrust,cruise_242,0.7179401613263633,0.08839346176236032,7.605606563471314,8.122095763785058,33.70471011776199,False
vector_thrust,cruise_242,0.7170004539774516,0.08828450482234154,7.5954138379109635,8.121475624972927,33.710446500120746,False
vector_thrust,cruise_243,0.7243052882148419,0.08913579224095938,7.674674549977951,8.125863584146297,33.710446500120746,False
vector_thrust,cruise_243,0.7410110141531683,0.09111998689777814,7.856178790331867,8.13225549499324,33.71704097773406,False
vector_thrust,cruise_243,0.7395032995581148,0.0909387666514119,7.839783886754347,8.131881779228346,33.73551829340673,False
vector_thrust,cruise_243,0.7381659954712543,0.0907783859925525,7.825244357618411,8.131517072046353,33.76221878816036,False
vector_thrust,cruise_243,0.7345477889472934,0.09034614076708353,7.785917172983061,8.130372617032876,33.791854101548935,False
vector_thrust,cruise_243,0.7335900559824715,0.09023213638637509,7.7755099963679895,8.130030888787006,33.818554596302576,False
vector_thrust,cruise_243,0.7313581129636321,0.08996712090352674,7.751260956868053,8.129171030691086,33.83703191197524,False
vector_thrust,cruise_243,0.7310018996708594,0.08992491110032769,7.747391418321909,8.12902554727347,33.84362638958856,False
vector_thrust,cruise_244,0.6995284287229041,0.08628831709829843,7.406086075758507,8.106873007223113,33.84362638958856,False
vector_thrust,cruise_244,0.7052015571998667,0.08693032091754084,7.467522001506198,8.11226220904898,33.84936266087867,False
vector_thrust,cruise_244,0.7060408294825143,0.08702579914734015,7.476613831192806,8.113005986732082,33.86543533586926,False
vector_thrust,cruise_244,0.7026324758524809,0.08663885793596429,7.439696158941573,8.109900021671617,33.88866102416001,False
vector_thrust,cruise_244,0.702638580942412,0.08663954912489119,7.439762274557759,8.109905788285628,33.91443959334057,False
vector_thrust,cruise_244,0.7099242882183976,0.08746927948396169,7.518693820895652,8.116269991095203,33.93766528163132,False
vector_thrust,cruise_244,0.7020262722125703,0.0865702604980841,7.433131433288794,8.1093237813245,33.9537379566219,False
vector_thrust,cruise_244,0.7011924467970831,0.08647601562120352,7.424102417544938,8.108519359501503,33.95947422791202,False
vector_thrust,cruise_245,0.7256827844318359,0.08929743230091605,7.689628071211947,8.126580638807365,33.95947422791202,False
vector_thrust,cruise_245,0.7384947510689912,0.09081778200722135,7.828818474139896,8.131609633565704,33.9660884689623,False
vector_thrust,cruise_245,0.7374913133792261,0.09069759978042022,7.81790986171843,8.131321172387139,33.98462116055479,False
vector_thrust,cruise_245,0.7365175223806504,0.09058114879874082,7.807324719354276,8.131024304152882,34.011401675831046,False
vector_thrust,cruise_245,0.7349497142605441,0.09039403532614779,7.790285013440006,8.13051117376048,34.04112580529915,False
vector_thrust,cruise_245,0.7343075724003735,0.09031753031216705,7.783306762689123,8.130288437497851,34.06790632057541,False
vector_thrust,cruise_245,0.7281440678628285,0.08958712661791071,7.716352361138571,8.127775667684539,34.08643901216791,False
vector_thrust,cruise_245,0.7275284488588636,0.08951456216805756,7.709667373007859,8.127487095261417,34.09305325321819,False
vector_thrust,cruise_246,0.7180379297586479,0.08840480717728011,7.606667087935889,8.122159333697212,34.09305325321819,False
vector_thrust,cruise_246,0.7284040340282656,0.08961779064013334,7.719175462017108,8.12789546389538,34.099667123201876,False
vector_thrust,cruise_246,0.728321977491613,0.08960811039178679,7.71828436085526,8.127857783265663,34.118198775088885,False
vector_thrust,cruise_246,0.7305945856328964,0.08987667509418948,7.742966960441779,8.128856400920968,34.1449777879472,False
vector_thrust,cruise_246,0.7251616049292322,0.08923623384353144,7.68397009973919,8.126313423320227,34.17470024985719,False
vector_thrust,cruise_246,0.7278085138866472,0.08954756533413391,7.7127085344760244,8.127619228629321,34.201479262715495,False
vector_thrust,cruise_246,0.7323266502798655,0.09008200836231084,7.76178293314319,8.129555097555548,34.22001091460251,False
vector_thrust,cruise_246,0.7206123760426116,0.08870419266991786,7.634596943794311,8.123769061560852,34.2266247845862,False
vector_thrust,cruise_247,0.6946547262792816,0.08574148485921654,7.353336390212061,8.101734270404481,34.2266247845862,False
vector_thrust,cruise_247,0.701847321907885,0.08655002352541076,7.431193616946533,8.10915229505195,34.23323823084125,False
vector_thrust,cruise_247,0.7047168715000723,0.08687524048761698,7.462271771869664,8.111826425395867,34.251768695467,False
vector_thrust,cruise_247,0.6994609954294954,0.08628072141935979,7.405356040728536,8.106805134716332,34.278545992683085,False
vector_thrust,cruise_247,0.6978068623337789,0.08609466050536421,7.3874499472516835,8.105111957440164,34.308266550373844,False
vector_thrust,cruise_247,0.6974945641728213,0.08605958859398591,7.384069645961554,8.104786178603279,34.33504384758993,False
vector_thrust,cruise_247,0.6963491796471617,0.08593111142177141,7.371672993048167,8.103574690536767,34.35357431221568,False
vector_thrust,cruise_247,0.6963100812449,0.08592673000482876,7.371249851695302,8.103532872783243,34.36018775847073,False
vector_thrust,cruise_248,0.729706707941236,0.08977163581008635,7.733323060296257,8.12847734539387,34.36018775847073,False
vector_thrust,cruise_248,0.7486281000557851,0.09204206229560347,7.939049898406033,8.133543310356101,34.366800712169635,False
vector_thrust,cruise_248,0.7478760338836691,0.0919505355190208,7.930864493731704,8.133460339977729,34.385329796683735,False
vector_thrust,cruise_248,0.7560704791280931,0.09295356815474912,8.020090095675048,8.133851062816511,34.4121050995807,False
vector_thrust,cruise_248,0.7438146296107794,0.09145810406545035,7.886672759324784,8.132845494790509,34.44182344374425,False
vector_thrust,cruise_248,0.7410308351597978,0.0911223721331933,7.8563943427243235,8.132260144376348,34.468598746641206,False
vector_thrust,cruise_248,0.7400860609572638,0.09100876124245641,7.846120509669877,8.13203092596328,34.4871278311553,False
vector_thrust,cruise_248,0.7399437477559976,0.09099166233557918,7.84457303678352,8.131995050569243,34.49374078485421,False
vector_thrust,cruise_249,0.726973848513635,0.089449250566596,7.70364537248755,8.127221233367345,34.49374078485421,False
vector_thrust,cruise_249,0.7404718869820422,0.0910551373034986,7.850315995956395,8.132126411648288,34.500353152470915,False
vector_thrust,cruise_249,0.7410029032735591,0.0911190108658412,7.85609058508676,8.132253590467224,34.51888059481917,False
vector_thrust,cruise_249,0.7385847776462053,0.0908285737645888,7.829797234802309,8.131634650132051,34.54565352471774,False
vector_thrust,cruise_249,0.7367005976744678,0.09060302833104819,7.809314666087098,8.131081391481619,34.57536923505178,False
vector_thrust,cruise_249,0.7351651650912716,0.09041972150247526,7.792626461578357,8.130584267184966,34.60214216495035,False
vector_thrust,cruise_249,0.7324708743171703,0.09009913114041773,7.763349848124022,8.12961085246903,34.62066960729861,False
vector_thrust,cruise_249,0.7325134319064538,0.09010418446761792,7.763812217762912,8.129627233568803,34.62728197491531,False
vector_thrust,cruise_250,0.7230113031064317,0.0889842729075844,7.660629642789389,8.125158294627221,34.62728197491531,False
vector_thrust,cruise_250,0.7405472316587185,0.09106419695173115,7.851135318025723,8.132144755542596,34.6338936225359,False
vector_thrust,cruise_250,0.7429992103759371,0.09135961173266063,7.877802724073406,8.132687916298558,34.652419047499855,False
vector_thrust,cruise_250,0.7350607805837203,0.0904072756345036,7.79149203835346,8.13054895665042,34.67918906219366,False
vector_thrust,cruise_250,0.734044718350878,0.09028623603536831,7.780450432913283,8.130195150269934,34.70890153689449,False
vector_thrust,cruise_250,0.7304242477131879,0.08985651207361586,7.741116720136397,8.128784779836328,34.73567155158829,False
vector_thrust,cruise_250,0.7290539327786438,0.08969450382976177,7.726233387329836,8.128189595232863,34.75419697655224,False
vector_thrust,cruise_250,0.7294860005125957,0.08974554810686541,7.730925939634449,8.128380915830531,34.760808624172824,False
vector_thrust,cruise_251,0.7292659689755553,0.08971954933611914,7.728536218062845,8.128283906593015,34.760808624172824,False
vector_thrust,cruise_251,0.7487126251568069,0.0920523557109234,7.939969904264334,8.133552035409354,34.76741934528855,False
vector_thrust,cruise_251,0.7522126110527966,0.09247976709819997,7.978073023108729,8.133807368416672,34.78594217424357,False
vector_thrust,cruise_251,0.747607991527698,0.0919179404504645,7.927947320706453,8.13342844567532,34.812708437595774,False
vector_thrust,cruise_251,0.7431434252068689,0.09137702195472855,7.879371416475668,8.132716620761057,34.84241674862155,False
vector_thrust,cruise_251,0.7431936561217976,0.09138308696113212,7.879917807733739,8.132726534373909,34.86918301197375,False
vector_thrust,cruise_251,0.739997638633197,0.09099813686798253,7.845159027788401,8.13200867735088,34.88770584092878,False
vector_thrust,cruise_251,0.739545144765138,0.09094379049167042,7.840238874372849,8.131892686316755,34.8943165620445,False
vector_thrust,cruise_252,0.8897484106249186,0.11106660273816674,9.4874292132109,8.010944682646416,34.8943165620445,False
vector_thrust,cruise_252,0.7565602342546696,0.09301391866256806,8.025425490516428,8.133838947257846,34.90797648138834,False
vector_thrust,cruise_252,0.7525454100308239,0.09252052846229236,7.981696887726172,8.133820921024366,34.946250724865905,False
vector_thrust,cruise_252,0.75594276672123,0.09293783814373893,8.018698845722303,8.133853571589201,35.00155860915367,False
vector_thrust,cruise_252,0.7470566625725474,0.09185093916231754,7.921947348589722,8.133358998674588,35.062945729461745,False
vector_thrust,cruise_252,0.7496183889142596,0.09216274376117337,7.949829167775755,8.133637935701968,35.11825361374951,False
vector_thrust,cruise_252,0.7508856438258849,0.09231744792278104,7.963624992357189,8.133734854260306,35.15652785722707,False
vector_thrust,cruise_252,0.750369145641441,0.09225435812527816,7.958001951940846,8.133698622914553,35.17018777657091,False
vector_thrust,decel_descend,0.9815298887157661,0.1262259101153226,10.530750083395056,7.775977909915801,35.17018777657091,True
vector_thrust,decel_descend,0.9798461802438139,0.12594361108028762,10.51190110044407,7.780038795450871,35.28902513508801,True
vector_thrust,decel_descend,0.9751466430585383,0.125158827820171,10.459316730589826,7.7912733767340425,35.622000014340436,True
vector_thrust,decel_descend,0.9684025381294544,0.12404058509621038,10.383921181540988,7.807142616896932,36.10316265582334,True
vector_thrust,decel_descend,0.9609816267592145,0.12282062980046407,10.30104468115593,7.824268840832662,36.63721289731849,True
vector_thrust,decel_descend,0.9543532466827203,0.12173994256831802,10.22709038941689,7.839277944025284,37.118375538801395,True
vector_thrust,decel_descend,0.9497980145136108,0.12100201339267089,10.176303502353711,7.849439756273842,37.45135041805382,True
vector_thrust,decel_descend,0.948178527303978,0.12074057465815358,10.158254569207173,7.853023144775531,37.57018777657092,True
vector_thrust,arrival_terminal_procedure,1.1304492890220703,0.15406662799880555,12.23853171846707,7.337405275273724,37.57018777657092,True
vector_thrust,arrival_terminal_procedure,1.1304492890410103,0.15406662800277618,12.238531718687945,7.337405275207557,37.61145220990487,True
vector_thrust,arrival_terminal_procedure,1.1304492890409026,0.1540666280027536,12.238531718686685,7.337405275207934,37.72707258280987,True
vector_thrust,arrival_terminal_procedure,1.1304492890407316,0.15406662800271784,12.238531718684698,7.337405275208527,37.894148862441256,True
vector_thrust,arrival_terminal_procedure,1.1304492890405367,0.1540666280026769,12.23853171868242,7.337405275209211,38.07958954256194,True
vector_thrust,arrival_terminal_procedure,1.1304492890403297,0.15406662800263343,12.238531718680003,7.337405275209938,38.246665822193336,True
vector_thrust,arrival_terminal_procedure,1.1304492890401987,0.15406662800260612,12.238531718678484,7.337405275210388,38.36228619509833,True
vector_thrust,arrival_terminal_procedure,1.1304492890401405,0.15406662800259385,12.238531718677802,7.337405275210595,38.40355062843228,True
vector_thrust,second_descent,1.1910571920012478,0.16758015569866272,12.954841883006038,7.107388025960358,38.40355062843228,True
vector_thrust,second_descent,1.1906423700068243,0.16748223027037615,12.949903480743579,7.109066843000013,38.42830841145667,True
vector_thrust,second_descent,1.189480905867225,0.16720840678469664,12.93608031636169,7.113762571751802,38.49767817796759,True
vector_thrust,second_descent,1.1878047303557657,0.16681416811444058,12.916141476024467,7.120526654192158,38.5979203949432,True
vector_thrust,second_descent,1.1859473421321964,0.16637859233651087,12.894061025889567,7.128004423390874,38.709180861921354,True
vector_thrust,second_descent,1.1842766166008367,0.16598794302799047,12.874212146412699,7.134714696724283,38.80942307889696,True
vector_thrust,second_descent,1.183121948469888,0.16571859543258166,12.860501161809703,7.139343327051132,38.87879284540789,True
vector_thrust,second_descent,1.1827101510069038,0.16562266197917172,12.855612684693352,7.140992282539441,38.90355062843228,True
vector_thrust,hover_descent,0.0,0.0,90.0,,38.90355062843228,False
vector_thrust,hover_descent,0.0,0.0,90.0,,38.913656616592675,False
vector_thrust,hover_descent,0.0,0.0,90.0,,38.94197296617689,False
vector_thrust,hover_descent,0.0,0.0,90.0,,38.982891276872536,False
vector_thrust,hover_descent,0.0,0.0,90.0,,39.02830717541619,False
vector_thrust,hover_descent,0.0,0.0,90.0,,39.069225486111826,False
vector_thrust,hover_descent,0.0,0.0,90.0,,39.09754183569604,False
vector_thrust,hover_descent,0.0,0.0,90.0,,39.10764782385644,False
