eVTOL_type,mission_segment,propeller_throttle,propeller_rpm,propeller_thrust_N,propeller_torque_N_m,propeller_efficiency,propeller_motor_efficiency,propeller_power_coefficient,propeller_tip_mach,time_min,fesibility
vector_thrust,hover_climb,0.8895560976524316,1935.456652351937,4.673708288516666e-12,113.02754842385147,0.10257615854596829,0.9238821284265857,0.03162073081877168,0.5285987710364329,0.0,True
vector_thrust,hover_climb,0.889517676976266,1935.524713990567,4.673707181414047e-12,113.02726270580581,0.10257278650622402,0.9238839032774978,0.03162071779189136,0.5286218588005304,0.006695940816314803,True
vector_thrust,hover_climb,0.8894185603992122,1935.7154380390139,4.673704079186089e-12,113.02646210502124,0.10256333853317925,0.923888876149213,0.031620681261897536,0.5286865569160338,0.0254575500662631,True
vector_thrust,hover_climb,0.8892975104368595,1935.9910934019385,4.673699596562678e-12,113.02530505401732,0.1025496865184054,0.9238960617818586,0.031620628377805576,0.5287800683347393,0.05256886094185525,True
vector_thrust,hover_climb,0.889193761034149,1936.297118447774,4.673694621015825e-12,113.02402067697683,0.10253453490187116,0.9239040366974232,0.03162056956712263,0.5288838857465428,0.08266014582577255,True
vector_thrust,hover_climb,0.8891277821675063,1936.5729011727637,4.673690137973128e-12,113.02286336452457,0.10252088464752486,0.9239112213649125,0.031620516479442244,0.5289774468455409,0.10977145670136469,True
vector_thrust,hover_climb,0.8890973481069963,1936.763784152166,4.673687035781816e-12,113.02206237008411,0.10251143886407382,0.9239161930506912,0.03162047967296253,0.5290422069422372,0.128533065951313,True
vector_thrust,hover_climb,0.8890894976084951,1936.831916582169,4.6736859289944925e-12,113.02177647819117,0.10250806779578685,0.9239179673750356,0.03162046652143772,0.5290653223070725,0.1352290067676278,True
vector_thrust,second_climb,0.9723671637582594,2180.696412561171,1884.7913873121315,56.677185749216456,0.7202252459009878,0.9283516625271502,0.012508575939701571,0.5956793878125904,0.1352290067676278,True
vector_thrust,second_climb,0.9725633156459226,2180.738555136428,1884.8977471042087,56.673650095828734,0.7202890623692773,0.9283506852441477,0.01251184524038155,0.5957162599465049,0.159986789792023,True
vector_thrust,second_climb,0.9731360579219102,2180.8567235164082,1885.196663414759,56.66376419557869,0.7204679023673679,0.9283479540846965,0.012521015576016713,0.5958196195952042,0.22935655630294433,True
vector_thrust,second_climb,0.9740242142869608,2181.027696242042,1885.6307680267396,56.64953337258685,0.7207263957269208,0.9283440261449214,0.012534293359796368,0.595969095372991,0.329598773278549,True
vector_thrust,second_climb,0.9750943713348964,2181.2177617018397,1886.1155838485477,56.63381410832414,0.7210133853345144,0.9283396924669856,0.012549067000899864,0.5961351635490036,0.4408592402567061,True
vector_thrust,second_climb,0.9761352556430497,2181.3892757283174,1886.555062748129,56.61971988927302,0.7212720244715932,0.9283358115129168,0.012562410504408133,0.596284932558487,0.5411014572323107,True
vector_thrust,second_climb,0.9768985171496994,2181.508119975735,1886.8606924191515,56.6100043161392,0.7214510471775446,0.9283331389465782,0.012571662777935096,0.5963886581012009,0.6104712237432321,True
vector_thrust,second_climb,0.9771794850701745,2181.550567829102,1886.9700988780608,56.60654437881451,0.7215149495652171,0.9283321877522979,0.012574968473706235,0.5964256943002179,0.6352290067676274,True
vector_thrust,departure_terminal_procedures,1.6079564995752997,2255.7601273401856,1057.3404789806557,32.96298446296369,0.4802537277886034,0.9066912193749577,0.006848753319994436,0.6167142398456716,0.6352290067676274,False
vector_thrust,departure_terminal_procedures,1.0011967820982706,2284.1826171099115,756.373907136385,33.403538088122964,0.5097139774902317,0.9076519561015063,0.006768643723659336,0.6244848152541155,0.675612319509676,False
vector_thrust,departure_terminal_procedures,2.180616153148704,2266.2665416953855,1128.8843260583023,28.295209342941153,0.41980131125781167,0.8966436048876653,0.005824541810941898,0.6195866442578424,0.7887638473784302,False
vector_thrust,departure_terminal_procedures,1.8421340038512544,2279.296898024139,1343.1169764184583,33.367645530506564,0.5017810585781843,0.9075596770716428,0.006790388060218598,0.6231490825689056,0.9522725425670626,False
vector_thrust,departure_terminal_procedures,2.02362473068579,2268.0011266668157,1152.4251827699186,29.65130711849716,0.44277636039328994,0.8999430638074166,0.006094360508206782,0.6200608716542476,1.133753502690916,False
vector_thrust,departure_terminal_procedures,2.172996623118717,2263.18723893555,1113.8445449879646,28.383285934259973,0.4179075725450589,0.8968519583926996,0.005858582241860167,0.6187447773244882,1.2972621978795487,False
vector_thrust,departure_terminal_procedures,2.2250145169146514,2260.988331998347,1068.0131504229385,27.625205960769776,0.4024365912800005,0.8948665053004287,0.00571320374494495,0.6181436064801982,1.4104137257483027,False
vector_thrust,departure_terminal_procedures,2.2533991329150984,2271.9849015504924,1422.3793399957967,31.0925443261246,0.4674294029408936,0.9031272775749323,0.006368192898542472,0.6211500170245047,1.4507970384903515,False
vector_thrust,accel_climb,0.9014556737397403,1991.1165964948302,2061.1919977448492,57.63686366736584,0.7551117309697284,0.9265079939445177,0.015370138667859015,0.5443619396266711,1.4507970384903515,True
vector_thrust,accel_climb,0.9017427529440797,1991.3903464430405,2062.4854934249256,57.63894799461146,0.7553913737943873,0.9265122009040068,0.01539326959367144,0.5445482537696695,1.5696343970074484,True
vector_thrust,accel_climb,0.9027094922834974,1992.1633522433026,2066.159402510452,57.645872062650156,0.7561742176349535,0.9265244293735235,0.015458525508521467,0.5450724544165838,1.9026092762598708,True
vector_thrust,accel_climb,0.9045353405802807,1993.2961433160779,2071.5981511399223,57.65870837011616,0.7573034160709327,0.9265432528274634,0.015553989751451579,0.54583563749011,2.383771917742773,True
vector_thrust,accel_climb,0.9084733172340701,1994.575681782129,2077.8155826643024,57.676890366013794,0.758553448983941,0.9265657501118854,0.015661580551035826,0.5466907185338291,2.917822159237928,True
vector_thrust,accel_climb,0.9129259530116722,1995.7489580453412,2083.581500511265,57.69683359465911,0.7596762749916867,0.9265874737871814,0.01576000699014471,0.5474684745284474,3.39898480072083,True
vector_thrust,accel_climb,0.9170122291864351,1996.572451212673,2087.663389055131,57.712619627600176,0.7604511696795334,0.9266033178845784,0.01582895675527108,0.548010848645919,3.7319596799732526,True
vector_thrust,accel_climb,0.9185581042587019,1996.8686715066772,2089.138457176868,57.71864784536487,0.7607272739273065,0.9266091336436649,0.015853731620499415,0.5482052512826124,3.8507970384903496,True
vector_thrust,cruise_0,0.995459691665483,2425.5620061222894,-978.4348196121896,-4.209005546293821,5.631182895170578,-inf,-0.0007835542958666414,0.6658954832841049,3.8507970384903496,False
vector_thrust,cruise_0,1.0297934216171272,2459.1460785971844,-542.0803905436475,6.4015160035244625,-1.930568972424263,0.688524681086357,0.0011593873057140986,0.6751154010247652,3.863215939000949,False
vector_thrust,cruise_0,1.0020486345841255,2456.9757796737476,-558.0702597819613,5.718362423129489,-2.298596448087492,0.6641765569472711,0.0010374908776219244,0.6745195835412934,3.898012924978803,False
vector_thrust,cruise_0,1.0066459134291486,2455.9269045598135,-574.5580319104961,5.325979768668496,-2.497769957658998,0.6483362862082451,0.0009671258670166296,0.6742316332851732,3.9482960265939715,False
vector_thrust,cruise_0,1.0104792305024146,2455.157317082752,-587.8943957421139,5.105489660540286,-2.6742358149125627,0.638744254815969,0.0009276691429352781,0.6740203565486176,4.004106058889797,False
vector_thrust,cruise_0,1.0232133289771248,2453.109203287914,-624.8379777117715,4.426112124204339,-3.2325995382101698,0.605509977511219,0.0008055694878123013,0.6734580828480103,4.054389160504965,False
vector_thrust,cruise_0,1.0139924478294737,2450.4455983221924,-655.7232012992018,3.5051474274456087,-4.222149859557029,0.5490507994780827,0.0006393380013517875,0.6727268368475163,4.089186146482819,False
vector_thrust,cruise_0,1.0138443622302618,2450.1421098753926,-659.8688445092088,3.4047759221599785,-4.367702480044529,0.5418889030642013,0.0006211841224221049,0.6726435194202798,4.101605046993419,False
vector_thrust,cruise_1,0.985635152280111,2404.98395689507,-1193.567245531325,-9.26356530246964,3.0982506188800034,-inf,-0.0017541557869714128,0.6602461409870963,4.101605046993419,False
vector_thrust,cruise_1,0.998170308411332,2444.8294129594005,-688.677725196186,2.576777282996295,-6.239004583644722,0.47267212491232563,0.00047216535745047837,0.671185011712999,4.107209822662371,False
vector_thrust,cruise_1,1.0234989296105423,2455.7525063204253,-543.9241468656979,6.295295093330365,-1.9960412641719159,0.6849768784966762,0.0011433027842007175,0.6741837553090142,4.12291405510993,False
vector_thrust,cruise_1,0.9987327010523996,2447.0666295946717,-657.377364637603,3.267085342340933,-4.650489522357739,0.5316792987218777,0.0005975623828025188,0.6717992002799353,4.145607328500084,False
vector_thrust,cruise_1,0.9990181191087483,2447.113202093077,-656.8458820410267,3.2929182027019173,-4.629364323843071,0.5336294720439717,0.0006022643868217593,0.671811985942085,4.17079496172318,False
vector_thrust,cruise_1,0.9991801443750489,2446.9233156122505,-659.6262161965972,3.21469414150146,-4.740809878895552,0.5276730061241127,0.0005880487090066595,0.6717598559410377,4.1934882351133345,False
vector_thrust,cruise_1,1.073856215394634,2458.195679974386,-522.8276456567601,7.566227574425343,-1.5690206420407549,0.7226002351484604,0.0013713896198498223,0.6748544857611507,4.209192467560893,False
vector_thrust,cruise_1,0.999216959553247,2446.975394598945,-658.6970126846539,3.1237671666304054,-4.70325476833068,0.5205528233467528,0.000571391547349432,0.6717741533129156,4.214797243229845,False
vector_thrust,cruise_2,0.992338327247617,2417.5510784786147,-1046.6908617550203,-5.793475285572706,4.329753393608389,-inf,-0.0010856809103957058,0.6636962236810214,4.214797243229845,False
vector_thrust,cruise_2,1.0000533252548094,2457.175259298096,-526.9187449879087,6.196784633909659,-1.942257038130626,0.6816159199469213,0.0011241091824843268,0.6745743471715471,4.220718389462406,False
vector_thrust,cruise_2,0.9981151363681556,2451.6354422286327,-603.1730534461425,6.065598617818736,-3.0866772310947597,0.6770167219205044,0.0011052900139722436,0.6730534876117977,4.237309072530637,False
vector_thrust,cruise_2,1.008313268928776,2456.103990013955,-546.188439291819,6.050297901811669,-2.1114491821961345,0.6764761584240814,0.0010984938199257038,0.6742802489889856,4.2612833041815,False
vector_thrust,cruise_2,1.0370914949011645,2457.1280199115095,-545.9452458422259,6.4019988683254025,-1.9374382371456418,0.688538633246255,0.0011613801117172546,0.6745613784269503,4.287892693811886,False
vector_thrust,cruise_2,0.9959936145956575,2446.0144235060025,-679.445850507169,5.959015129937815,-5.673589784879519,0.6731775027306226,0.0010908645315017027,0.6715103355631561,4.31186692546275,False
vector_thrust,cruise_2,1.009155022041874,2456.3770119474393,-542.1431596083991,6.169589559463501,-2.0586181726683024,0.6806738940197135,0.0011199034553911417,0.6743552023696396,4.328457608530981,False
vector_thrust,cruise_2,1.0555635051853705,2458.540757770624,-532.3577107027979,6.818849855476115,-1.717593203951644,0.7016887873917749,0.0012355794124920645,0.6749492208144359,4.3343787547635415,False
vector_thrust,cruise_3,0.9937114124919204,2419.8500466399455,-1031.9330577949042,-5.456948094829494,4.54987489541573,-inf,-0.001020674522902116,0.6643273650457774,4.3343787547635415,False
vector_thrust,cruise_3,1.0244424117888065,2459.599207559372,-516.6803758144581,6.884307675303233,-1.7148917341313337,0.7036512682887682,0.0012463670044353136,0.6752397996295029,4.3403326869366525,False
vector_thrust,cruise_3,1.0004466030597532,2458.779972085919,-516.6583347617939,6.606325712936758,-1.8307021313300105,0.6951317177404598,0.0011968370046859876,0.6750148929067961,4.357015234168915,False
vector_thrust,cruise_3,1.011755035932488,2458.018433209767,-533.1997620397333,6.342634613491685,-1.9406732081139026,0.6865689639903885,0.001149777439581924,0.6748058257723775,4.381122213382965,False
vector_thrust,cruise_3,1.0103283785038029,2458.5736261826137,-523.8878541911006,6.560651908526616,-1.8520941307454624,0.693683192238936,0.0011887620144007622,0.6749582442601492,4.40787894169276,False
vector_thrust,cruise_3,1.0001316874576227,2458.764372538188,-515.9581058358698,6.512315917160654,-1.8254938529171496,0.6921350964481704,0.0011798206620042323,0.6750106103247188,4.4319859209068095,False
vector_thrust,cruise_3,1.0204202979773336,2459.252801636231,-518.7038101392798,6.793286791748415,-1.7521378839751045,0.7009162473855481,0.0012302346654220848,0.6751446999622833,4.448668468139073,False
vector_thrust,cruise_3,0.9985527130369806,2455.1302884619126,-565.7379011582118,6.5883569395502946,-2.428355338977647,0.6945599414695283,0.0011971329711667467,0.6740129363150836,4.454622400312184,False
vector_thrust,cruise_4,0.9929896565207483,2417.6548770810164,-1047.2770452586942,-5.810300214816091,4.323147515873238,-inf,-0.0010887403615613708,0.6637247197657787,4.454622400312184,False
vector_thrust,cruise_4,0.9984795906830455,2457.880498870263,-520.2219983974046,7.745289108048162,-1.8711460453707145,0.7271666697568936,0.0014042048413355581,0.6747679583200372,4.460831850567484,False
vector_thrust,cruise_4,0.9979736342939173,2456.4317992543433,-540.4841690404929,7.648394661389639,-2.0960889340054085,0.7247133743456223,0.001388274122554428,0.6743702432633033,4.47823034355641,False
vector_thrust,cruise_4,0.9997230069897638,2440.8427262472474,-763.5644920488425,0.9875400931518912,-20.5985495792948,0.2560602873808596,0.00018154717825552482,0.6700905368374072,4.503371894363994,False
vector_thrust,cruise_4,0.9997480134971944,2459.9672586162774,-493.1772682419052,7.366539835880627,-1.616757203296696,0.7173180453285815,0.0013332735040276857,0.675340841588353,4.531276910511908,False
vector_thrust,cruise_4,1.005079859517213,2460.9956787754395,-479.86000328291306,7.48352831667274,-1.4887488627308025,0.7204401163273328,0.0013533155265231457,0.6756231762955985,4.556418461319492,False
vector_thrust,cruise_4,1.0003231766946725,2460.0506487126963,-492.1255443698613,7.361678093741351,-1.6064393302182522,0.7171868750889561,0.0013323032463706456,0.6753637348759357,4.573816954308418,False
vector_thrust,cruise_4,1.008698671207814,2460.522715390076,-488.1033750588478,7.436435386700737,-1.5398516063787064,0.7191919211994439,0.0013453163233429293,0.6754933324980466,4.580026404563718,False
vector_thrust,cruise_5,0.9927057735935392,2416.552106082036,-1062.2591203862837,-6.1652972711186145,4.135750587868569,-inf,-0.001156314720231825,0.6634219733402228,4.580026404563718,False
vector_thrust,cruise_5,1.0004797701228298,2462.5297136147237,-454.4008910238494,8.06986410184967,-1.3209074628618782,0.735063457091254,0.0014575304029261127,0.6760443186403835,4.5862358548190185,False
vector_thrust,cruise_5,0.999296303925986,2460.517029565066,-482.1712731027835,7.951178609423956,-1.5263131674441641,0.7322312335202619,0.0014384445307489592,0.6754917715545691,4.603634347807945,False
vector_thrust,cruise_5,1.0042257977663447,2452.2225529252846,-604.6463876721795,4.592340033125828,-3.0608537624550847,0.6142045542733338,0.0008364281356650237,0.6732146685505251,4.628775898615529,False
vector_thrust,cruise_5,0.9993991179591835,2459.5182797597604,-499.03587553166415,7.30754568356684,-1.6679722651213216,0.7157161479625955,0.00132307904194902,0.6752175823222982,4.6566809147634425,False
vector_thrust,cruise_5,1.001939267226896,2460.7437007068456,-482.86896884182835,7.3517158699127965,-1.5239548931707478,0.7169182820263151,0.001329750953571031,0.6755540001387573,4.6818224655710265,False
vector_thrust,cruise_5,0.9993164976709928,2460.5492090354,-485.7341515708715,7.212913499131417,-1.5544216308145744,0.7131087917524787,0.0013048511551832871,0.675500605863441,4.699220958559953,False
vector_thrust,cruise_5,1.0006558635926193,2460.199130824223,-489.7433932950011,7.228327376445464,-1.585082865522746,0.7135366649706963,0.0013080117726760297,0.6754044980339851,4.7054304088152525,False
vector_thrust,cruise_6,0.9869033559512593,2404.554235377899,-1192.3854120028857,-9.228766614623316,3.1025400749209306,-inf,-0.001748190957145469,0.6601281684856176,4.7054304088152525,False
vector_thrust,cruise_6,1.0050420921816932,2456.365883847151,-523.2528819627013,6.531632597710932,-1.8799862198227641,0.6927533837221771,0.0011856322242804857,0.6743521473449895,4.711639859070553,False
vector_thrust,cruise_6,1.001161480396285,2456.0986659574355,-525.6087864792829,6.317951411267127,-1.925893575621399,0.6857401894311167,0.0011470940408360847,0.6742787873626985,4.729038352059479,False
vector_thrust,cruise_6,1.003912257323447,2454.0134103494643,-488.3522904770788,7.8523370028688895,-1.5754380967225192,0.7298182229917937,0.0014281026573657774,0.6737063170290867,4.7541799028670635,False
vector_thrust,cruise_6,0.9998313809746134,2454.7445294597933,-543.4455329377022,5.885465459016014,-2.137656687846507,0.6704846656297621,0.0010697506867750704,0.6739070329506266,4.782084919014977,False
vector_thrust,cruise_6,0.9994222428722402,2455.1139770725104,-536.5149353744602,5.834873987598427,-2.055119158275607,0.6686004294204102,0.00106023594557245,0.6740084583093672,4.807226469822561,False
vector_thrust,cruise_6,0.9999426843939048,2453.8227803583814,-556.7149054410775,5.75920995246963,-2.309642120021025,0.665739063736256,0.0010475888890498356,0.6736539829103464,4.8246249628114874,False
vector_thrust,cruise_6,0.9999519245616875,2453.7149777834643,-558.1378706779554,5.7176735965899255,-2.3292450749890943,0.6641471765530402,0.0010401248967193534,0.6736243876051996,4.830834413066787,False
vector_thrust,cruise_7,0.9917450784615176,2413.8697355148606,-1111.1568961233554,-7.334157088820209,3.6549192989644914,-inf,-0.0013785956660376428,0.6626855755731619,4.830834413066787,False
vector_thrust,cruise_7,1.000070010188843,2460.3174809308825,-498.7073394621857,6.915736943941219,-1.6627549167698092,0.7045843261382281,0.0012513261522449713,0.6754369889788762,4.837043863322087,False
vector_thrust,cruise_7,1.0033547819360085,2459.403872131953,-513.1030802652164,6.775305916526609,-1.780378780455192,0.7003699957310688,0.0012268276759063242,0.6751861737157907,4.854442356311014,False
vector_thrust,cruise_7,1.0005534091218877,2450.2211597018013,-640.495807499379,3.7470947425719268,-4.018044958292441,0.5654154799749019,0.0006835943466149225,0.6726652211628973,4.879583907118598,False
vector_thrust,cruise_7,0.9981767643644169,2449.1838947973465,-652.6965533400689,4.876341485673992,-4.44573936432904,0.6281876636842837,0.0008903600839631962,0.6723804582860458,4.907488923266512,False
vector_thrust,cruise_7,1.0035992439214536,2458.347489627855,-527.7502720085938,6.418559120056265,-1.9275301859458502,0.689084981533732,0.00116322938493162,0.6748961624374461,4.932630474074095,False
vector_thrust,cruise_7,1.0023021911785475,2458.1568422234573,-529.7140046047598,6.370290358136601,-1.9560550882376992,0.6874902929025017,0.0011546607663062872,0.6748438235381858,4.950028967063022,False
vector_thrust,cruise_7,1.0035096870078557,2458.060941949138,-531.6632672115003,6.349689841013708,-1.9703841855182744,0.6868045414758772,0.0011510165826378077,0.674817495800798,4.956238417318322,False
vector_thrust,cruise_8,0.9892074433445723,2408.529186437953,-1177.0383641957608,-8.893419903162572,3.196874484745116,-inf,-0.001679110709459385,0.6612194215438714,4.956238417318322,False
vector_thrust,cruise_8,0.9999963379079098,2460.319171272129,-494.00755073544735,6.944672888433663,-1.622869674386503,0.7054373217401202,0.001256560064910851,0.6754374530324021,4.962447867573622,False
vector_thrust,cruise_8,1.0093824943694902,2459.323812871104,-512.8694027099849,6.852259393624964,-1.7498887726706063,0.7026940283530131,0.0012408426868846538,0.6751641948506618,4.979846360562549,False
vector_thrust,cruise_8,0.9996443379637442,2455.798384859868,-502.11450408715245,7.595304482850803,-1.7049775566066976,0.7233498258430241,0.0013793488918696659,0.6741963504569088,5.004987911370133,False
vector_thrust,cruise_8,1.0000460598226601,2457.855299923191,-528.7980177609683,6.359226778759294,-1.9600194787083836,0.6871221498261487,0.001152938257994845,0.6747610403913277,5.032892927518047,False
vector_thrust,cruise_8,1.0052479019943465,2457.6655066552676,-533.9737283206925,6.347035061331156,-1.9867056452031548,0.686715571986436,0.001150905616420236,0.6747089359802472,5.05803447832563,False
vector_thrust,cruise_8,1.0100526732866761,2457.645912688791,-536.3981914909632,6.289693039491498,-1.9853959483227304,0.684789455360479,0.0011405259937701067,0.6747035568006,5.075432971314557,False
vector_thrust,cruise_8,0.999798880902692,2456.570282367348,-546.3038333390103,6.124534432268951,-2.1651220247954344,0.6791019663183038,0.00111155012909671,0.6744082613717781,5.081642421569857,False
vector_thrust,cruise_9,0.990547921808898,2410.8394627236075,-1166.0908128806075,-8.645058587674322,3.2673574569330657,-inf,-0.0016290924004737793,0.6618536673557174,5.081642421569857,False
vector_thrust,cruise_9,1.0161709663820604,2443.3021633194357,-728.3928103974836,1.9044995743420197,-8.655664141815599,0.39871196866745984,0.0003494144661719326,0.6707657321256156,5.4666283373984355,False
vector_thrust,cruise_9,1.0000185611821526,2426.384969449375,-965.0905623575527,-3.9095353142392426,6.003462835296713,-inf,-0.0007273108841405176,0.6661214134236072,6.545334902711916,False
vector_thrust,cruise_9,1.0008926717999256,2430.4960288061666,-903.9990894137608,-2.442118307145583,9.001742526060113,-5.794791637016028,-0.0004527841629175679,0.6672500326262046,8.104111052782125,False
vector_thrust,cruise_9,1.0019223156692365,2431.424939322469,-894.2538883221783,-2.1966100424669355,9.937472693653627,-3.2930527826734983,-0.0004069542526819104,0.6675050487072695,9.834222053952738,False
vector_thrust,cruise_9,0.9982435767669737,2428.8020520824484,-928.598898571849,-1.7130678315194638,7.4191087279774415,-1.4884304858615245,-0.00031805679471558446,0.6667849810438229,11.392998204022946,False
vector_thrust,cruise_9,0.9980026069933329,2430.2296486467744,-911.0630480346595,-2.6348919671766735,8.442685731417663,-11.5256186464654,-0.0004886327189404543,0.667176902628073,12.471704769336426,False
vector_thrust,cruise_9,0.9980514055953703,2430.944722757354,-901.4412623983308,-2.556064792951586,9.15436008447764,-8.313620269861357,-0.00047373563243335924,0.6673732136765008,12.856690685165006,False
vector_thrust,cruise_10,0.9959207976188735,2416.427151060687,-1050.6900163754508,-5.8822284962798665,4.270810076468075,-inf,-0.0011033386645402145,0.6633876691319115,12.856690685165006,False
vector_thrust,cruise_10,1.005824024717108,2452.3984854709506,-583.0013756110911,5.1723269705705315,-2.6543551425468093,0.6417055873445285,0.0009419291843436646,0.6732629677435475,12.862900135420304,False
vector_thrust,cruise_10,1.0087596352618444,2452.317680765482,-585.6441220341306,5.136235429581962,-2.6700403623132387,0.6401114665484609,0.0009354182183513533,0.6732407842296799,12.880298628409234,False
vector_thrust,cruise_10,1.0104358789827295,2451.600750188786,-596.8236268524226,4.84020069102044,-2.847857385818046,0.6264674590896989,0.000882019605286157,0.6730439635210586,12.905440179216816,False
vector_thrust,cruise_10,1.0035206355396706,2450.0080115447504,-615.5324057605122,4.305776595179891,-3.317747483636494,0.5989598903358977,0.0007856531283826152,0.6726067050768554,12.93334519536473,False
vector_thrust,cruise_10,1.0030468163256632,2448.8074434044324,-632.515628204554,3.9933831027686915,-3.7577343390163938,0.5808802776717651,0.0007293669213558955,0.6722771101623594,12.958486746172312,False
vector_thrust,cruise_10,0.9991186834091542,2449.2909420772344,-620.5453682447958,3.6543319207216607,-3.492727764026695,0.5592850867534065,0.000667177818743987,0.6724098462381967,12.975885239161242,False
vector_thrust,cruise_10,1.0031079598167187,2447.8547551587853,-645.7469170379886,3.632048419089391,-4.159307953237405,0.5577855376390188,0.0006638878180449851,0.6720155663229718,12.98209468941654,False
vector_thrust,cruise_11,0.9905492035273675,2406.2976990575476,-1205.984375630805,-9.581326651957244,3.0433739630839556,-inf,-0.0018123467590455875,0.6606068058433175,12.98209468941654,False
vector_thrust,cruise_11,1.1482673304476785,2449.9916882041252,-721.147049960791,4.252487370578793,-3.6766547893512773,0.5959889422183392,0.0007759400543968625,0.6726022237901403,12.98830413967184,False
vector_thrust,cruise_11,0.9998707271270648,2443.9783773727327,-716.489683628421,1.9051802103276934,-8.58918703835332,0.39879762942868774,0.00034934594262477374,0.6709513748272606,13.005702632660768,False
vector_thrust,cruise_11,1.0139664370143038,2444.015778545468,-727.1475651302585,1.800233994567095,-8.658743233300772,0.3853250445241078,0.00033009223483628706,0.6709616426628926,13.030844183468352,False
vector_thrust,cruise_11,1.0001149172050183,2442.476618526789,-737.2809905005187,1.4700123484397432,-11.708447140299816,0.3386624908556159,0.00026988236881061176,0.670539093290045,13.058749199616265,False
vector_thrust,cruise_11,0.9991678522521814,2439.357843204052,-780.1788308371908,1.101063622912351,-37.9479021120299,0.27730861433200094,0.00020266359708901962,0.6696828882556873,13.083890750423848,False
vector_thrust,cruise_11,0.9999601185221939,2440.941108423922,-759.1089267842012,0.9588745780451612,-18.353412587308544,0.2504948865278244,0.00017626316416717637,0.6701175459375323,13.101289243412776,False
vector_thrust,cruise_11,0.9997458137407611,2438.2629174677436,-795.5755920451861,0.07852858797832458,-147.35944518621994,0.026662237664678637,1.4467086420360206e-05,0.6693822956093237,13.107498693668076,False
vector_thrust,cruise_12,0.9961913300261,2416.4825870026593,-1064.1763848482187,-6.212994676322546,4.113820740455222,-inf,-0.0011653275178706282,0.6634028880969505,13.107498693668076,False
vector_thrust,cruise_12,0.9978954564003573,2444.812864744038,-692.2577592883623,4.151652909897628,-6.472560531817017,0.5902396408599194,0.0007607538417053449,0.6711804686908713,13.113708143923374,False
vector_thrust,cruise_12,1.0305541973617587,2451.9691339148712,-609.7882964921891,4.540096661868576,-2.864482071795122,0.6115139664770014,0.0008270837003537752,0.6731450968083942,13.131106636912303,False
vector_thrust,cruise_12,0.9997594853892107,2448.7070301824297,-638.8197972194966,3.814687617167773,-3.9955069906017195,0.5697733379139333,0.0006967864295198552,0.6722495434743816,13.156248187719886,False
vector_thrust,cruise_12,1.0256074717654027,2448.989832604599,-650.790134718954,3.8492861268421166,-3.8664563932976175,0.5719704302095123,0.0007029437772738215,0.672327181916569,13.1841532038678,False
vector_thrust,cruise_12,0.9991975962418691,2444.9576735386304,-690.6267040482966,3.0605189518173286,-6.360621328190645,0.5154695774657595,0.0005607467218060548,0.6712202234042183,13.209294754675382,False
vector_thrust,cruise_12,1.0188273025735295,2447.172532747272,-672.3683090726262,3.2071821986898916,-4.74953054808802,0.5270930145216294,0.0005865550986476535,0.6718282741320174,13.226693247664311,False
vector_thrust,cruise_12,0.9992971894533416,2444.3903546503293,-698.6989369621069,2.772485341646842,-6.945174533887158,0.49087520542175417,0.0005082091691624139,0.6710644759591529,13.23290269791961,False
vector_thrust,cruise_13,0.995467031786145,2414.733292280804,-1086.951920943344,-6.7521217799178395,3.86967950350726,-inf,-0.0012682833389798015,0.6629226499289399,13.23290269791961,False
vector_thrust,cruise_13,1.0948267217641499,2453.003236144606,-629.4238315573486,5.262718757483651,-2.5759910589858306,0.6456357458227898,0.000957917880404011,0.6734289914284024,13.23911214817491,False
vector_thrust,cruise_13,1.0085765206493722,2448.7700375462096,-642.0544518353564,3.8215068004527604,-3.9284957399433025,0.570208187249194,0.0006979960931151121,0.6722668410404091,13.256510641163837,False
vector_thrust,cruise_13,1.105008272921785,2451.4128212399837,-658.5903332050468,4.7578899721183605,-2.9477833248735092,0.6224839874358644,0.0008671532351151235,0.6729923709260764,13.28165219197142,False
vector_thrust,cruise_13,1.067303990553931,2449.0149032978957,-673.2728416677355,4.00589428400028,-3.7616826591017913,0.5816362661244978,0.0007315280582923771,0.6723340646354551,13.309557208119335,False
vector_thrust,cruise_13,1.0187326974918918,2445.9549657499883,-688.0997025050048,2.9152314290102566,-5.466834955601397,0.5033722606181951,0.0005336917440521117,0.6714940124796497,13.334698758926917,False
vector_thrust,cruise_13,0.996461251554366,2435.3987230865373,-820.4897779598291,2.2310146622063654,41.83622562411897,0.43707659803221016,0.00041198047777517776,0.668595981304895,13.352097251915845,False
vector_thrust,cruise_13,1.0217463154342654,2444.9084056127135,-705.5409406863248,2.5484533872309765,-6.355293980984181,0.46992818389533364,0.00046694514864042887,0.6712066977597466,13.358306702171145,False
vector_thrust,cruise_14,0.9888981624060285,2402.838592869561,-1291.5420180888423,-11.642243143818344,2.703918617897012,-inf,-0.0022085225002453344,0.6596571689422752,13.358306702171145,False
vector_thrust,cruise_14,1.000041320655291,2440.774128678127,-796.3994853119666,0.040054080450340354,-137.25997540505082,0.013779689411300696,7.363866110289354e-06,0.6700717045786043,13.364516152426443,False
vector_thrust,cruise_14,1.000057309311673,2440.125502958328,-805.7454553709811,-0.17445463480946494,238.66006249436762,-0.06481006749400714,-3.2090208926641286e-05,0.6698936357697814,13.381914645415373,False
vector_thrust,cruise_14,1.0007087431962935,2439.050037422125,-821.7824902213056,-0.5300456239944084,44.124578978256594,-0.22695043435994178,-9.758570255918393e-05,0.6695983855798553,13.407056196222955,False
vector_thrust,cruise_14,0.9994550044018256,2437.59882295705,-840.9715045830942,-0.9871059647584497,22.09343129075365,-0.5256938949368567,-0.00018195067601417647,0.6691999801154181,13.434961212370869,False
vector_thrust,cruise_14,0.9988710091790175,2436.1428873168707,-860.6157057359906,-1.4182649864502053,14.997733532904336,-0.9808089699176583,-0.0002617376668968952,0.6688002785352068,13.460102763178451,False
vector_thrust,cruise_14,0.9985053521650639,2435.385735537523,-870.6283336838695,-1.681631818355306,12.949915960845198,-1.4222372044648635,-0.00031053443120983304,0.6685924158012279,13.47750125616738,False
vector_thrust,cruise_14,0.9983560614751736,2435.030366138736,-875.4249500668079,-1.807987076854634,12.16831005723378,-1.7122356967617127,-0.0003339649729332859,0.6684948553690673,13.483710706422679,False
vector_thrust,cruise_15,0.9913135786133902,2406.432160787286,-1197.7795497558989,-9.381108754205812,3.082880063388941,-inf,-0.001774276436968324,0.6606437199515868,13.483710706422679,False
vector_thrust,cruise_15,1.010390516487613,2443.210868260073,-719.8876405144522,2.077737394886107,-8.19951489274403,0.4197018579630429,0.0003812265276888206,0.6707406686691786,13.489920156677979,False
vector_thrust,cruise_15,1.0030122883589065,2442.402127328094,-726.2545979765416,1.8090083943855841,-9.595947457215571,0.38647426881287283,0.0003321395580460423,0.670518643038668,13.507318649666907,False
vector_thrust,cruise_15,1.0026646419290144,2440.4134318931897,-754.5002208768761,1.1038735938399087,-15.866195081463868,0.2778192931850674,0.00020300507332571017,0.6699726816060648,13.532460200474489,False
vector_thrust,cruise_15,1.000074961803553,2439.140413277102,-770.809337952303,0.6634458232950765,-26.177447682425978,0.18785617862402781,0.00012213671106111188,0.669623196684859,13.560365216622403,False
vector_thrust,cruise_15,1.0023770535910754,2437.3933914337836,-798.1387111618376,0.0015416177938951177,-182.3537642935841,0.0005374945927507508,2.841660943294667e-07,0.6691435824957647,13.585506767429987,False
vector_thrust,cruise_15,0.9993742010442089,2435.6730395355667,-818.734255788321,0.03558633027566744,45.96279806433823,0.012261521904125132,6.5699099283338665e-06,0.6686712900720747,13.602905260418915,False
vector_thrust,cruise_15,1.0000978390699495,2436.6230503357892,-806.3272345792069,-0.11613710850085857,146.49676987228148,-0.042228215378470345,-2.1424399504637146e-05,0.6689320988658068,13.609114710674215,False
vector_thrust,cruise_16,0.9919684492104371,2407.6693477164245,-1194.2613386752516,-9.30719105416516,3.104542369674909,-inf,-0.0017584875665463129,0.6609833679119407,13.609114710674215,False
vector_thrust,cruise_16,1.0014155965450335,2443.182430173441,-723.9149105804402,1.7913894967026198,-9.395127569814514,0.3841615521721248,0.0003286946163007221,0.6707328614915458,13.615324160929513,False
vector_thrust,cruise_16,1.0057030364279365,2442.6176046327214,-734.9086972070445,1.6092704507285551,-10.561200560560932,0.3591828564940521,0.00029541492400132947,0.6705777985513036,13.632722653918442,False
vector_thrust,cruise_16,1.0003348601734685,2441.2903705828367,-749.8555051837312,1.1582376359690074,-14.818247403581342,0.2875552697583241,0.0002128497561870356,0.6702134297341602,13.657864204726025,False
vector_thrust,cruise_16,1.0011420154871038,2440.1397543658973,-766.6889868311569,0.7557492260950261,-22.12939619537977,0.20852732419924763,0.0001390153221464293,0.6698975482436357,13.685769220873938,False
vector_thrust,cruise_16,1.0035231365437354,2437.77347432421,-802.1542071458387,0.0036786075179131455,-500.1200702378438,0.0012816125310606914,6.779503178281353e-07,0.6692479275833648,13.71091077168152,False
vector_thrust,cruise_16,0.9997566353080696,2437.198316698775,-806.3775388249392,0.02585069162805815,150.36473560258813,0.008937090386542395,4.766553993089529e-06,0.6690900281505792,13.72830926467045,False
vector_thrust,cruise_16,1.0010989105005583,2437.579499648455,-802.2463821975477,-0.03235142028637182,1907.8633581563997,-0.011414704713005389,-5.963347917660647e-06,0.6691946752401428,13.734518714925748,False
vector_thrust,cruise_17,0.9972265938054993,2417.6472374386453,-1081.9202797175817,-6.645016232009723,3.9365409001430005,-inf,-0.0012451582242192594,0.6637226224360316,13.734518714925748,False
vector_thrust,cruise_17,1.0097234692508124,2427.7992689894118,-952.8109449022678,-3.545386572897079,6.7477306466609575,-inf,-0.0006587981992597731,0.6665096845431845,14.262321986626219,False
vector_thrust,cruise_17,0.9986703501702943,2429.8546990325167,-915.4825746046686,-2.728943024036364,8.154471573745155,-20.28235450168441,-0.00050623039812927,0.6670739667913625,15.741193890685024,False
vector_thrust,cruise_17,0.9954976987771695,2426.0074438591428,-967.1807713220597,-3.9506188986084148,5.9366821805273515,-inf,-0.0007351826327868063,0.6660177703978979,17.878225709329666,False
vector_thrust,cruise_17,0.9955945384780216,2435.890152693989,-833.2824364492726,-0.716558040107247,26.418774914957947,-0.3334869062263468,-0.0001322666439045637,0.6687308946796625,20.25015208190228,False
vector_thrust,cruise_17,0.9965615487580649,2437.4198057957087,-813.7589962425484,-0.26167980418365766,66.25598529902004,-0.1004766251993349,-4.8241843263974654e-05,0.6691508340952932,22.38718390054692,False
vector_thrust,cruise_17,0.9908981685177517,2425.271086859946,-979.7267981663445,-4.2302266622151965,5.595209093085348,-inf,-0.0007876937871063053,0.6658156165058878,23.866055804605722,False
vector_thrust,cruise_17,0.989638019657246,2421.1715656789206,-1035.5818156668797,-5.5589358659806445,4.509604704279926,-inf,-0.0010386157262654225,0.6646901649069669,24.393859076306192,False
vector_thrust,cruise_18,0.9981760556683685,2414.607328412511,-1120.3252038068667,-7.565419582812966,3.5874924635999896,-inf,-0.0014211972252953686,0.6628880687594042,24.393859076306192,False
vector_thrust,cruise_18,1.0041818683762067,2439.2703276985485,-788.575885225093,0.3502139921378571,-50.16414732368569,0.1088421379151468,6.446559392297703e-05,0.669658862409436,24.400068526561494,False
vector_thrust,cruise_18,1.0038001466305768,2438.0540225431528,-805.7414314251333,-0.06995285571801517,548.463381379106,-0.02501438198661374,-1.2889412310600614e-05,0.6693249471736149,24.417467019550422,False
vector_thrust,cruise_18,1.0031239236246348,2436.366812369904,-828.5471646867497,-0.5896183255086448,33.891611114351306,-0.25907750405661445,-0.00010879275707628653,0.6688617532289202,24.442608570358004,False
vector_thrust,cruise_18,1.1245917094691276,2442.03750411889,-836.4289662521293,1.24495387924837,-13.163597942954082,0.3025506545364992,0.00022864566108551741,0.67041854213525,24.470513586505916,False
vector_thrust,cruise_18,1.007567350222041,2433.4216397184928,-872.8111430697721,-1.5270805172920783,13.539603642828105,-1.1420965732246728,-0.00028244999099179757,0.6680532077614713,24.495655137313502,False
vector_thrust,cruise_18,1.0007891774072804,2431.0862168298195,-899.9238212077827,-2.3459300572327515,9.337965898717414,-4.531831347061626,-0.0004347390960206914,0.667412058391057,24.513053630302426,False
vector_thrust,cruise_18,1.0009085686266763,2425.7879828506175,-974.5015352216873,-4.106499036147082,5.757786415747979,-inf,-0.0007643291185138565,0.6659575212292661,24.519263080557728,False
vector_thrust,cruise_19,0.9947557544659803,2407.733768819836,-1192.4881584344976,-9.262084534368059,3.1135936424729453,-inf,-0.001749871561673473,0.6610010535953746,24.519263080557728,False
vector_thrust,cruise_19,1.0295919117285812,2439.6358176511444,-771.8355725435862,1.1691733734851992,-15.058891815023363,0.2894816241488995,0.00021515095343713312,0.6697592012620421,24.52547253081303,False
vector_thrust,cruise_19,1.0070769513781144,2437.5388884587246,-786.1829655580312,0.4484915443376534,-40.50651184304049,0.13524435268325294,8.267334552678938e-05,0.6691835261506763,24.542871023801958,False
vector_thrust,cruise_19,1.0053921948579074,2436.2360629234736,-803.3270197076496,0.033117226390448895,-667.1792484892832,0.011420515056544792,6.111243035090869e-06,0.6688258582628874,24.56801257460954,False
vector_thrust,cruise_19,1.0000401198440336,2435.1350005015925,-815.423379523378,-0.5544191070431297,54.79695322822981,-0.23989410055304064,-0.00010240153419918932,0.6685235808971908,24.595917590757452,False
vector_thrust,cruise_19,1.0001350961075572,2433.717977528611,-835.6099947912893,-0.9862833149859023,24.11972999622376,-0.525024836652213,-0.00018237930064983498,0.6681345621068913,24.621059141565034,False
vector_thrust,cruise_19,0.9957023011702049,2421.3879476487905,-1003.2031260302601,-1.492015272816608,5.0407390194541515,-1.0873238289927636,-0.0002787140591443043,0.664749568779569,24.638457634553962,False
vector_thrust,cruise_19,0.9957654742923815,2421.202228331144,-1005.9820496264874,-1.60787123556371,4.986913097940794,-1.2799304827534688,-0.00030040246799556164,0.6646985828000446,24.644667084809264,False
vector_thrust,cruise_20,0.9934087286785834,2405.1309651902798,-1230.6657713517,-10.172505511481441,2.931227028148257,-inf,-0.0019260379266295904,0.6602864995347395,24.644667084809264,False
vector_thrust,cruise_20,1.009878958777297,2436.5308429514853,-809.1826257723523,-0.029499843110501748,993.3373401248149,-0.010398079936555003,-5.442395595312042e-06,0.6689067849465674,24.650876535064565,False
vector_thrust,cruise_20,0.9961789604494476,2425.878522409417,-946.0296813152413,-0.5678409289165929,6.61638831607643,-0.2471386201845003,-0.00010568246969055745,0.6659823772762816,24.66827502805349,False
vector_thrust,cruise_20,1.0064120123663887,2434.430472635632,-836.3188735973375,-0.7468648162583079,27.670579429627722,-0.35257260276571023,-0.0001380262249466111,0.6683301651351503,24.693416578861072,False
vector_thrust,cruise_20,1.0002131700156167,2433.1053144406646,-850.167519266399,-1.3231913392612027,17.46020556804573,-0.8585469562291247,-0.0002448021317132199,0.6679663662075457,24.721321595008988,False
vector_thrust,cruise_20,0.9999068746257114,2431.194705209112,-877.2446698682309,-1.7160509973673859,11.631325892009288,-1.4949012669513975,-0.0003179838533969958,0.6674418419717602,24.74646314581657,False
vector_thrust,cruise_20,1.0193704460123283,2432.1134062756773,-879.8887789689794,-1.7152262627277999,14.001603350997986,-1.4931093987657114,-0.0003175909620453928,0.6676940552275622,24.763861638805498,False
vector_thrust,cruise_20,1.0202661243435842,2431.766901723844,-885.7950506910122,-1.8255801915790912,13.03994630844187,-1.7582138298157741,-0.000338120411679404,0.6675989284835661,24.7700710890608,False
vector_thrust,cruise_21,0.9952384458960801,2408.829197609301,-1203.5742747613017,-9.546197552084239,3.0635068107520516,-inf,-0.0018019086275291598,0.6613017843461545,24.7700710890608,False
vector_thrust,cruise_21,0.9992526298249151,2438.019747257095,-808.2037156699162,0.3449996469773855,120.20537403924494,0.1073959841248694,6.357093107832296e-05,0.6693155374953149,24.776280539316097,False
vector_thrust,cruise_21,0.9974658797831171,2432.5841467746573,-882.1209189557233,0.060286502147237686,11.108348784260764,0.020596433679470554,1.1158316202902743e-05,0.6678232887706663,24.793679032305025,False
vector_thrust,cruise_21,1.0043992275484377,2438.1305860047055,-810.4984446407927,-0.21210012217698151,147.2879699489186,-0.07991525258770965,-3.907881180436483e-05,0.6693459663283937,24.818820583112608,False
vector_thrust,cruise_21,1.0120806599776144,2437.326503011199,-827.7015635382415,-0.49619316656233214,50.52002660333326,-0.20941480872216225,-9.148243528606197e-05,0.66912521945315,24.846725599260523,False
vector_thrust,cruise_21,1.0030857391234462,2435.2308976290224,-850.0706527503235,-1.1153535442203457,18.70506254729739,-0.6376012394541493,-0.00020599022945641106,0.6685499077706554,24.871867150068105,False
vector_thrust,cruise_21,0.9969517882699106,2426.38798306053,-967.2082205389854,-1.5659303906617585,5.942212012597132,-1.2062336858140346,-0.00029131732957978174,0.6661222407576649,24.88926564305703,False
vector_thrust,cruise_21,1.0041638557066068,2433.5725467253037,-873.9120544849156,-1.681847779188311,12.848172471533967,-1.4226794599430008,-0.00031103728446072354,0.6680946366319671,24.89547509331233,False
vector_thrust,cruise_22,0.9980163783742451,2412.4116360090925,-1148.7266084369617,-6.377662483315901,3.379460999451806,-inf,-0.0012002537270058332,0.6622852799416262,24.89547509331233,False
vector_thrust,cruise_22,0.9975087984715184,2431.4190052175795,-880.0919858888018,0.04268096794264366,11.280531403546622,0.014670060511121815,7.907313855153534e-06,0.6675034196029079,24.901684543567633,False
vector_thrust,cruise_22,1.0205637182968441,2437.670417285397,-810.6140238655714,-0.0813390905484276,-124.8098204057634,-0.02920513530782007,-1.4992141704901578e-05,0.6692196350818773,24.91908303655656,False
vector_thrust,cruise_22,1.0251686440090022,2435.898644585517,-839.976905275504,-0.4358904324950012,44.77423208466613,-0.17939047202210107,-8.045874767838808e-05,0.6687332259794599,24.944224587364143,False
vector_thrust,cruise_22,0.9966040607962766,2424.7964846490795,-972.1096356368884,-1.44413579174125,5.782155519679325,-1.0169110756966322,-0.00026901209378439844,0.6656853227975534,24.972129603512055,False
vector_thrust,cruise_22,0.9971452911411725,2424.387107153507,-978.8456810711411,-1.9779361815493077,5.6039539204025015,-2.2328162687118542,-0.00036857230933861804,0.6655729353901929,24.99727115431964,False
vector_thrust,cruise_22,1.0165791428503805,2430.711763044653,-908.7695796000403,-2.1959664145443805,9.77231636130297,-3.288912562286512,-0.00040707377879155206,0.6673092586755223,25.014669647308565,False
vector_thrust,cruise_22,1.0239265920898672,2431.5142682052224,-902.5090897737737,-2.1286490179514996,11.124232706649744,-2.8959591544471155,-0.0003943344996574426,0.6675295723844222,25.020879097563867,False
vector_thrust,cruise_23,1.0168045063834759,2416.278381980416,-1058.820265033355,-5.538698397140486,4.3889838612294385,-inf,-0.0010390301277530942,0.6633468271916293,25.020879097563867,False
vector_thrust,cruise_23,0.990521570221637,2404.9627049485093,-1239.7122482472028,-2.8843425505768643,2.8940214303557887,-inf,-0.0005461909569239115,0.6602403066381125,25.13977812821821,False
vector_thrust,cruise_23,1.0574277035681867,2435.5376931201345,-872.7272307912777,-0.6349326272025849,34.1816171443805,-0.2846662021804162,-0.00011723365207284116,0.6686341330888734,25.472925808959232,False
vector_thrust,cruise_23,0.9880151066792737,2409.875138493899,-1168.2660575858258,0.5868007308924424,3.2509560916413083,0.169847160123492,0.00011066643601059587,0.6615889290611022,25.954338155827994,False
vector_thrust,cruise_23,0.9752049422646671,2425.627626486145,-948.8359072264649,-3.529689494607199,6.510009093645419,-inf,-0.0006570563277553606,0.6659134982034484,26.48866554939217,False
vector_thrust,cruise_23,0.9998898088631797,2440.871204850276,-747.9275363975819,0.9541768766198295,-14.3851110069251,0.24957483017428353,0.00017540966538300408,0.6700983551381057,26.970077896260932,False
vector_thrust,cruise_23,0.9912065661993358,2412.9656558267807,-1107.2484713268432,-7.270146489070315,3.6816456314367962,-inf,-0.001367587872914698,0.6624373763602365,27.303225577001953,False
vector_thrust,cruise_23,0.9885688245615387,2412.4471209479684,-1106.7647336292312,-7.260422010734146,3.682742128460157,-inf,-0.0013663457798340308,0.6622950217088794,27.422124607656297,False
vector_thrust,decel_descend,0.8057403763730078,1836.9035957646943,743.5985987647983,27.77699514830509,0.5975467093481507,0.8927075612316245,0.009016269714729684,0.5042896469192022,27.422124607656297,True
vector_thrust,decel_descend,0.806115027555577,1836.7353685568003,741.6532266983198,27.752119435610236,0.5966382531850879,0.8926426024311583,0.008994036209028567,0.5041394352854215,27.54096196617339,True
vector_thrust,decel_descend,0.8071708328333056,1836.2650861905852,736.2618399384878,27.683564786317238,0.5941023184377933,0.8924629056049929,0.008932386527810497,0.5037192886981171,27.873936845425817,True
vector_thrust,decel_descend,0.8087120416909567,1835.5874883905421,728.624758267677,27.587430638685724,0.5904644293286971,0.8922092203402635,0.00884495987567046,0.5031138462809887,28.355099486908717,True
vector_thrust,decel_descend,0.8104433364288014,1834.8364212193771,720.3591695193479,27.484664737088806,0.5864677344479906,0.8919358031906836,0.008750165983121522,0.5024437091420888,28.889149728403872,True
vector_thrust,decel_descend,0.8120210041662259,1834.1587910182075,713.1004087148785,27.395483159071034,0.5829083708892812,0.8916966187659577,0.008666721627567653,0.5018410929426379,29.370312369886776,True
vector_thrust,decel_descend,0.8130402743380493,1833.6883458022999,708.1808057607708,27.33558317490173,0.5804706620800216,0.8915349509831879,0.008610035039354312,0.5014244386832459,29.703287249139194,True
vector_thrust,decel_descend,0.813386452741148,1833.5200038045732,706.4454235355578,27.314553701513272,0.5796060362072168,0.8914779967098894,0.00859000929469963,0.5012757702750384,29.822124607656292,True
vector_thrust,arrival_terminal_procedure,0.9257815908233474,1976.9990193736808,1339.5138059670317,42.50201757912998,0.6891390173223295,0.917318331006821,0.011496548311279046,0.5405022602497693,29.822124607656292,True
vector_thrust,arrival_terminal_procedure,0.926052497074405,1976.999019373682,1339.513805967054,42.502017579129166,0.6891390173223335,0.9173183310068203,0.011496548311277891,0.5405022602497697,29.859317396393532,True
vector_thrust,arrival_terminal_procedure,0.9268143251871003,1976.999019373671,1339.513805966942,42.50201757913814,0.689139017322317,0.9173183310068286,0.011496548311279515,0.5405022602497667,29.963529274656228,True
vector_thrust,arrival_terminal_procedure,0.9279224468408971,1976.999019373674,1339.513805966975,42.502017579135696,0.6891390173223205,0.9173183310068262,0.011496548311280325,0.5405022602497674,30.11411980187964,True
vector_thrust,arrival_terminal_procedure,0.9291624953162949,1976.9990193736849,1339.5138059670871,42.50201757912427,0.6891390173223345,0.9173183310068157,0.011496548311277598,0.5405022602497704,30.281262677275556,True
vector_thrust,arrival_terminal_procedure,0.9302889597294627,1976.999019373674,1339.513805966975,42.50201757913733,0.6891390173223205,0.9173183310068279,0.011496548311279407,0.5405022602497674,30.431853204498967,True
vector_thrust,arrival_terminal_procedure,0.9310736623279313,1976.999019373678,1339.5138059670076,42.50201757913366,0.6891390173223237,0.9173183310068245,0.011496548311279749,0.5405022602497686,30.536065082761663,True
vector_thrust,arrival_terminal_procedure,0.9313547491965901,1976.999019373885,1339.5138059693684,42.502017579182606,0.6891390173226223,0.9173183310068725,0.011496548311289743,0.5405022602498251,30.573257871498907,True
vector_thrust,second_descent,0.8650340625383999,1929.6724910196417,657.2187517806794,27.32687493695434,0.5425337338190002,0.8921806583697591,0.0077587826815190795,0.5275634093477407,30.573257871498907,True
vector_thrust,second_descent,0.8651494539771439,1929.66021781914,656.9814520281745,27.326455272109328,0.5423585689525386,0.8921794552154053,0.00775594669149981,0.5275375587000926,30.5980156545233,True
vector_thrust,second_descent,0.8654731323725449,1929.6259678128174,656.3187440901313,27.325278177324517,0.5418694566626592,0.8921760815221155,0.007748005737189318,0.5274651814249014,30.667385421034222,True
vector_thrust,second_descent,0.8659426853134885,1929.5769709527335,655.3668484906719,27.323845424476666,0.5411616421730888,0.8921719262880203,0.007736620306062724,0.5273607722054379,30.767627638009824,True
vector_thrust,second_descent,0.8664656432422007,1929.5231551480501,654.3182031023565,27.322396985349158,0.5403791712734258,0.8921676967694537,0.007724043076041017,0.5272451015895799,30.878888104987983,True
vector_thrust,second_descent,0.8669385873730908,1929.4751952268841,653.3804500049074,27.321265840380544,0.5396760705960383,0.8921643541641595,0.007712777818956421,0.5271410837961062,30.979130321963588,True
vector_thrust,second_descent,0.8672668642831175,1929.4422945428496,652.7353850019389,27.32057913579441,0.5391905481188346,0.8921622997057966,0.007705018678248796,0.5270692100070483,31.04850008847451,True
vector_thrust,second_descent,0.8673842214119811,1929.4306090940522,652.505928581871,27.320353002550924,0.5390174724867776,0.892161617507733,0.007702256698574976,0.527043579946174,31.073257871498907,True
vector_thrust,hover_descent,0.0,-2.6611164951523354,0.0,6.001180082024819e-05,8.796399433631579e-16,-inf,0.008894035547139394,-0.0007269110159486097,31.073257871498907,False
vector_thrust,hover_descent,0.0,-2.660983145285222,0.0,-8.348179678510226e-05,8.796840247640732e-16,inf,-0.01237274426070083,-0.0007268684014731582,31.081857124584438,False
vector_thrust,hover_descent,0.0,-2.661001191366651,0.0,-6.406297618177244e-05,8.796780590204569e-16,inf,-0.009492646581865315,-0.000726855991535172,31.105951696304537,False
vector_thrust,hover_descent,0.0,-2.6610376642388505,0.0,-2.481566562855095e-05,8.79666001924289e-16,inf,-0.003675923803507602,-0.0007268408998660127,31.140769361229502,False
vector_thrust,hover_descent,0.0,-2.661085500042391,0.0,2.6658937931221918e-05,8.796501890044842e-16,-inf,0.003947541006402696,-0.0007268261601784446,31.179414053810305,False
vector_thrust,hover_descent,0.0,-2.6610441156078806,0.0,-1.787355033672688e-05,8.796638692818875e-16,inf,-0.0026459442375031854,-0.0007267898078591692,31.21423171873527,False
vector_thrust,hover_descent,0.0,-2.661130933606637,0.0,7.554856734558657e-05,8.79635170710542e-16,-inf,0.011180975482422254,-0.0007267961863087774,31.238326290455365,False
vector_thrust,hover_descent,0.0,-2.6611017785590367,0.0,4.4175737667916154e-05,8.796448079983496e-16,-inf,0.0065375531720354,-0.0007267820377376198,31.2469255435409,False
