eVTOL_type,mission_segment,velocity_kts,equivalent_airspeed_kts,Mach,time_min,fesibility
vector_thrust,hover_climb,4.0549904784481186,4.054990478780396,0.006130191487519692,0.0,True
vector_thrust,hover_climb,4.0549904784481186,4.0548435975109625,0.006130243663544274,0.006029025828755456,True
vector_thrust,hover_climb,4.0549904784481186,4.054432060546156,0.006130389864547067,0.022921980808487407,True
vector_thrust,hover_climb,4.0549904784481186,4.053837411997877,0.006130601149426088,0.04733300802696321,True
vector_thrust,hover_climb,4.0549904784481186,4.053177456704734,0.006130835683293984,0.07442720416196183,True
vector_thrust,hover_climb,4.0549904784481186,4.052582906905759,0.0061310470138458955,0.09883823138043764,True
vector_thrust,hover_climb,4.0549904784481186,4.052171493079321,0.0061311932718018484,0.11573118636016959,True
vector_thrust,hover_climb,4.0549904784481186,4.052024666611615,0.006131245473172973,0.12176021218892505,True
vector_thrust,second_climb,66.8804707072027,66.83155446616378,0.10112491889848976,0.12176021218892505,True
vector_thrust,second_climb,66.8804707072027,66.81944685391174,0.10112922410876321,0.14651799521332026,True
vector_thrust,second_climb,66.8804707072027,66.78552834802076,0.10114128994211062,0.21588776172424157,True
vector_thrust,second_climb,66.8804707072027,66.73653101199706,0.10115873313767362,0.31612997869984627,True
vector_thrust,second_climb,66.8804707072027,66.68217066524129,0.10117810409752932,0.42739044567800333,True
vector_thrust,second_climb,66.8804707072027,66.6332140398925,0.10119556617388775,0.527632662653608,True
vector_thrust,second_climb,66.8804707072027,66.59934629938255,0.10120765555121156,0.5970024291645294,True
vector_thrust,second_climb,66.8804707072027,66.58726127985041,0.10121197123954362,0.6217602121889245,True
vector_thrust,departure_terminal_procedures,78.53450887578155,78.19020719651148,0.11884833299762132,0.6217602121889245,True
vector_thrust,departure_terminal_procedures,78.53450887578155,78.19020719651148,0.11884833299762132,0.6681463231036896,True
vector_thrust,departure_terminal_procedures,78.53450887578155,78.19020719651148,0.11884833299762132,0.7981173176929985,True
vector_thrust,departure_terminal_procedures,78.53450887578155,78.19020719651148,0.11884833299762132,0.9859308464887957,True
vector_thrust,departure_terminal_procedures,78.53450887578155,78.19020719651148,0.11884833299762132,1.1943881367313025,True
vector_thrust,departure_terminal_procedures,78.53450887578155,78.19020719651148,0.11884833299762132,1.3822016655270994,True
vector_thrust,departure_terminal_procedures,78.53450887578155,78.19020719651148,0.11884833299762132,1.5121726601164085,True
vector_thrust,departure_terminal_procedures,78.53450887578155,78.19020719651148,0.11884833299762132,1.5585587710311737,True
vector_thrust,accel_climb,85.00288759582423,84.63022801774832,0.1286371002424806,1.5585587710311737,True
vector_thrust,accel_climb,85.00288759582423,84.55652245004634,0.12866343839576186,1.6773961295482707,True
vector_thrust,accel_climb,85.00288759582423,84.350187567724,0.1287373217211161,2.0103710088006927,True
vector_thrust,accel_climb,85.00288759582423,84.05250282505888,0.12884430933950897,2.4915336502835954,True
vector_thrust,accel_climb,85.00288759582423,83.72275881273615,0.1289633666365665,3.0255838917787496,True
vector_thrust,accel_climb,85.00288759582423,83.42626520419745,0.12907091405282384,3.5067465332616528,True
vector_thrust,accel_climb,85.00288759582423,83.22141564167673,0.129145495441285,3.839721412514075,True
vector_thrust,accel_climb,85.00288759582423,83.14837110341679,0.12917214426422646,3.958558771031172,True
vector_thrust,cruise_0,88.41833261339092,86.4893010157543,0.1343623250805936,3.958558771031172,True
vector_thrust,cruise_0,88.41833261339092,86.4893010157543,0.1343623250805936,3.9652716902260905,True
vector_thrust,cruise_0,88.41833261339092,86.4893010157543,0.1343623250805936,3.9840808718357414,True
vector_thrust,cruise_0,88.41833261339092,86.4893010157543,0.1343623250805936,4.0112609267628585,True
vector_thrust,cruise_0,88.41833261339092,86.4893010157543,0.1343623250805936,4.04142851178763,True
vector_thrust,cruise_0,88.41833261339092,86.4893010157543,0.1343623250805936,4.068608566714748,True
vector_thrust,cruise_0,88.41833261339092,86.4893010157543,0.1343623250805936,4.087417748324398,True
vector_thrust,cruise_0,88.41833261339092,86.4893010157543,0.1343623250805936,4.094130667519318,True
vector_thrust,cruise_1,87.64418686428678,85.7320448818132,0.13318591720536593,4.094130667519318,True
vector_thrust,cruise_1,87.64418686428678,85.7320448818132,0.13318591720536593,4.1008435867142365,True
vector_thrust,cruise_1,87.64418686428678,85.7320448818132,0.13318591720536593,4.119652768323887,True
vector_thrust,cruise_1,87.64418686428678,85.7320448818132,0.13318591720536593,4.146832823251005,True
vector_thrust,cruise_1,87.64418686428678,85.7320448818132,0.13318591720536593,4.1770004082757755,True
vector_thrust,cruise_1,87.64418686428678,85.7320448818132,0.13318591720536593,4.204180463202894,True
vector_thrust,cruise_1,87.64418686428678,85.7320448818132,0.13318591720536593,4.222989644812545,True
vector_thrust,cruise_1,87.64418686428678,85.7320448818132,0.13318591720536593,4.2297025640074635,True
vector_thrust,cruise_2,85.67256956097276,83.80344255021518,0.13018980681499334,4.2297025640074635,True
vector_thrust,cruise_2,85.67256956097276,83.80344255021518,0.13018980681499334,4.236415483202382,True
vector_thrust,cruise_2,85.67256956097276,83.80344255021518,0.13018980681499334,4.255224664812032,True
vector_thrust,cruise_2,85.67256956097276,83.80344255021518,0.13018980681499334,4.282404719739151,True
vector_thrust,cruise_2,85.67256956097276,83.80344255021518,0.13018980681499334,4.312572304763921,True
vector_thrust,cruise_2,85.67256956097276,83.80344255021518,0.13018980681499334,4.339752359691039,True
vector_thrust,cruise_2,85.67256956097276,83.80344255021518,0.13018980681499334,4.35856154130069,True
vector_thrust,cruise_2,85.67256956097276,83.80344255021518,0.13018980681499334,4.365274460495609,True
vector_thrust,cruise_3,86.36710530600818,84.48282553950118,0.13124523768318874,4.365274460495609,True
vector_thrust,cruise_3,86.36710530600818,84.48282553950118,0.13124523768318874,4.371987379690527,True
vector_thrust,cruise_3,86.36710530600818,84.48282553950118,0.13124523768318874,4.390796561300179,True
vector_thrust,cruise_3,86.36710530600818,84.48282553950118,0.13124523768318874,4.417976616227296,True
vector_thrust,cruise_3,86.36710530600818,84.48282553950118,0.13124523768318874,4.448144201252067,True
vector_thrust,cruise_3,86.36710530600818,84.48282553950118,0.13124523768318874,4.475324256179184,True
vector_thrust,cruise_3,86.36710530600818,84.48282553950118,0.13124523768318874,4.494133437788836,True
vector_thrust,cruise_3,86.36710530600818,84.48282553950118,0.13124523768318874,4.500846356983755,True
vector_thrust,cruise_4,86.3664654416323,84.4821996351103,0.13124426533206268,4.500846356983755,True
vector_thrust,cruise_4,86.3664654416323,84.4821996351103,0.13124426533206268,4.5075592761786725,True
vector_thrust,cruise_4,86.3664654416323,84.4821996351103,0.13124426533206268,4.526368457788324,True
vector_thrust,cruise_4,86.3664654416323,84.4821996351103,0.13124426533206268,4.553548512715442,True
vector_thrust,cruise_4,86.3664654416323,84.4821996351103,0.13124426533206268,4.583716097740212,True
vector_thrust,cruise_4,86.3664654416323,84.4821996351103,0.13124426533206268,4.61089615266733,True
vector_thrust,cruise_4,86.3664654416323,84.4821996351103,0.13124426533206268,4.629705334276982,True
vector_thrust,cruise_4,86.3664654416323,84.4821996351103,0.13124426533206268,4.6364182534719,True
vector_thrust,cruise_5,86.36582182732126,84.481570062597,0.1312432872824577,4.6364182534719,True
vector_thrust,cruise_5,86.36582182732126,84.481570062597,0.1312432872824577,4.643131172666818,True
vector_thrust,cruise_5,86.36582182732126,84.481570062597,0.1312432872824577,4.66194035427647,True
vector_thrust,cruise_5,86.36582182732126,84.481570062597,0.1312432872824577,4.689120409203587,True
vector_thrust,cruise_5,86.36582182732126,84.481570062597,0.1312432872824577,4.719287994228358,True
vector_thrust,cruise_5,86.36582182732126,84.481570062597,0.1312432872824577,4.746468049155476,True
vector_thrust,cruise_5,86.36582182732126,84.481570062597,0.1312432872824577,4.765277230765127,True
vector_thrust,cruise_5,86.36582182732126,84.481570062597,0.1312432872824577,4.771990149960046,True
vector_thrust,cruise_6,86.36517441783545,84.48093677770865,0.13124230346562674,4.771990149960046,True
vector_thrust,cruise_6,86.36517441783545,84.48093677770865,0.13124230346562674,4.778703069154964,True
vector_thrust,cruise_6,86.36517441783545,84.48093677770865,0.13124230346562674,4.7975122507646155,True
vector_thrust,cruise_6,86.36517441783545,84.48093677770865,0.13124230346562674,4.824692305691733,True
vector_thrust,cruise_6,86.36517441783545,84.48093677770865,0.13124230346562674,4.8548598907165035,True
vector_thrust,cruise_6,86.36517441783545,84.48093677770865,0.13124230346562674,4.882039945643622,True
vector_thrust,cruise_6,86.36517441783545,84.48093677770865,0.13124230346562674,4.900849127253273,True
vector_thrust,cruise_6,86.36517441783545,84.48093677770865,0.13124230346562674,4.9075620464481915,True
vector_thrust,cruise_7,86.36452316710505,84.48029973538051,0.1312413138115611,4.9075620464481915,True
vector_thrust,cruise_7,86.36452316710505,84.48029973538051,0.1312413138115611,4.914274965643109,True
vector_thrust,cruise_7,86.36452316710505,84.48029973538051,0.1312413138115611,4.933084147252761,True
vector_thrust,cruise_7,86.36452316710505,84.48029973538051,0.1312413138115611,4.960264202179879,True
vector_thrust,cruise_7,86.36452316710505,84.48029973538051,0.1312413138115611,4.990431787204649,True
vector_thrust,cruise_7,86.36452316710505,84.48029973538051,0.1312413138115611,5.0176118421317675,True
vector_thrust,cruise_7,86.36452316710505,84.48029973538051,0.1312413138115611,5.036421023741418,True
vector_thrust,cruise_7,86.36452316710505,84.48029973538051,0.1312413138115611,5.043133942936337,True
vector_thrust,cruise_8,86.36386802820937,84.47965888971557,0.13124031824895915,5.043133942936337,True
vector_thrust,cruise_8,86.36386802820937,84.47965888971557,0.13124031824895915,5.049846862131256,True
vector_thrust,cruise_8,86.36386802820937,84.47965888971557,0.13124031824895915,5.068656043740907,True
vector_thrust,cruise_8,86.36386802820937,84.47965888971557,0.13124031824895915,5.095836098668025,True
vector_thrust,cruise_8,86.36386802820937,84.47965888971557,0.13124031824895915,5.126003683692796,True
vector_thrust,cruise_8,86.36386802820937,84.47965888971557,0.13124031824895915,5.153183738619913,True
vector_thrust,cruise_8,86.36386802820937,84.47965888971557,0.13124031824895915,5.171992920229565,True
vector_thrust,cruise_8,86.36386802820937,84.47965888971557,0.13124031824895915,5.178705839424483,True
vector_thrust,cruise_9,86.36320895335568,84.47901419396383,0.13123931670519415,5.178705839424483,True
vector_thrust,cruise_9,86.36320895335568,84.47901419396383,0.13123931670519415,5.185418758619401,True
vector_thrust,cruise_9,86.36320895335568,84.47901419396383,0.13123931670519415,5.204227940229052,True
vector_thrust,cruise_9,86.36320895335568,84.47901419396383,0.13123931670519415,5.231407995156171,True
vector_thrust,cruise_9,86.36320895335568,84.47901419396383,0.13123931670519415,5.261575580180941,True
vector_thrust,cruise_9,86.36320895335568,84.47901419396383,0.13123931670519415,5.288755635108059,True
vector_thrust,cruise_9,86.36320895335568,84.47901419396383,0.13123931670519415,5.3075648167177105,True
vector_thrust,cruise_9,86.36320895335568,84.47901419396383,0.13123931670519415,5.314277735912628,True
vector_thrust,cruise_10,86.36254589385747,84.47836560050094,0.13123830910628095,5.314277735912628,True
vector_thrust,cruise_10,86.36254589385747,84.47836560050094,0.13123830910628095,5.320990655107547,True
vector_thrust,cruise_10,86.36254589385747,84.47836560050094,0.13123830910628095,5.339799836717198,True
vector_thrust,cruise_10,86.36254589385747,84.47836560050094,0.13123830910628095,5.366979891644316,True
vector_thrust,cruise_10,86.36254589385747,84.47836560050094,0.13123830910628095,5.397147476669087,True
vector_thrust,cruise_10,86.36254589385747,84.47836560050094,0.13123830910628095,5.424327531596204,True
vector_thrust,cruise_10,86.36254589385747,84.47836560050094,0.13123830910628095,5.443136713205856,True
vector_thrust,cruise_10,86.36254589385747,84.47836560050094,0.13123830910628095,5.449849632400774,True
vector_thrust,cruise_11,86.3618788001118,84.47771306080618,0.13123729537684198,5.449849632400774,True
vector_thrust,cruise_11,86.3618788001118,84.47771306080618,0.13123729537684198,5.456562551595693,True
vector_thrust,cruise_11,86.3618788001118,84.47771306080618,0.13123729537684198,5.475371733205344,True
vector_thrust,cruise_11,86.3618788001118,84.47771306080618,0.13123729537684198,5.502551788132462,True
vector_thrust,cruise_11,86.3618788001118,84.47771306080618,0.13123729537684198,5.532719373157232,True
vector_thrust,cruise_11,86.3618788001118,84.47771306080618,0.13123729537684198,5.55989942808435,True
vector_thrust,cruise_11,86.3618788001118,84.47771306080618,0.13123729537684198,5.578708609694002,True
vector_thrust,cruise_11,86.3618788001118,84.47771306080618,0.13123729537684198,5.5854215288889195,True
vector_thrust,cruise_12,86.36120762157618,84.47705652543974,0.13123627544007183,5.5854215288889195,True
vector_thrust,cruise_12,86.36120762157618,84.47705652543974,0.13123627544007183,5.592134448083838,True
vector_thrust,cruise_12,86.36120762157618,84.47705652543974,0.13123627544007183,5.61094362969349,True
vector_thrust,cruise_12,86.36120762157618,84.47705652543974,0.13123627544007183,5.6381236846206075,True
vector_thrust,cruise_12,86.36120762157618,84.47705652543974,0.13123627544007183,5.668291269645378,True
vector_thrust,cruise_12,86.36120762157618,84.47705652543974,0.13123627544007183,5.6954713245724955,True
vector_thrust,cruise_12,86.36120762157618,84.47705652543974,0.13123627544007183,5.714280506182147,True
vector_thrust,cruise_12,86.36120762157618,84.47705652543974,0.13123627544007183,5.720993425377065,True
vector_thrust,cruise_13,86.36053230674447,84.4763959440192,0.13123524921770063,5.720993425377065,True
vector_thrust,cruise_13,86.36053230674447,84.4763959440192,0.13123524921770063,5.727706344571984,True
vector_thrust,cruise_13,86.36053230674447,84.4763959440192,0.13123524921770063,5.746515526181636,True
vector_thrust,cruise_13,86.36053230674447,84.4763959440192,0.13123524921770063,5.773695581108753,True
vector_thrust,cruise_13,86.36053230674447,84.4763959440192,0.13123524921770063,5.803863166133524,True
vector_thrust,cruise_13,86.36053230674447,84.4763959440192,0.13123524921770063,5.831043221060641,True
vector_thrust,cruise_13,86.36053230674447,84.4763959440192,0.13123524921770063,5.849852402670293,True
vector_thrust,cruise_13,86.36053230674447,84.4763959440192,0.13123524921770063,5.856565321865211,True
vector_thrust,cruise_14,86.35985280312228,84.47573126519544,0.1312342166299569,5.856565321865211,True
vector_thrust,cruise_14,86.35985280312228,84.47573126519544,0.1312342166299569,5.863278241060129,True
vector_thrust,cruise_14,86.35985280312228,84.47573126519544,0.1312342166299569,5.882087422669781,True
vector_thrust,cruise_14,86.35985280312228,84.47573126519544,0.1312342166299569,5.909267477596899,True
vector_thrust,cruise_14,86.35985280312228,84.47573126519544,0.1312342166299569,5.939435062621669,True
vector_thrust,cruise_14,86.35985280312228,84.47573126519544,0.1312342166299569,5.966615117548787,True
vector_thrust,cruise_14,86.35985280312228,84.47573126519544,0.1312342166299569,5.9854242991584385,True
vector_thrust,cruise_14,86.35985280312228,84.47573126519544,0.1312342166299569,5.992137218353356,True
vector_thrust,cruise_15,86.35916905720124,84.47506243662745,0.13123317759552816,5.992137218353356,True
vector_thrust,cruise_15,86.35916905720124,84.47506243662745,0.13123317759552816,5.998850137548275,True
vector_thrust,cruise_15,86.35916905720124,84.47506243662745,0.13123317759552816,6.017659319157927,True
vector_thrust,cruise_15,86.35916905720124,84.47506243662745,0.13123317759552816,6.044839374085044,True
vector_thrust,cruise_15,86.35916905720124,84.47506243662745,0.13123317759552816,6.075006959109815,True
vector_thrust,cruise_15,86.35916905720124,84.47506243662745,0.13123317759552816,6.102187014036932,True
vector_thrust,cruise_15,86.35916905720124,84.47506243662745,0.13123317759552816,6.120996195646584,True
vector_thrust,cruise_15,86.35916905720124,84.47506243662745,0.13123317759552816,6.127709114841503,True
vector_thrust,cruise_16,86.35848101443271,84.47438940495677,0.13123213203152123,6.127709114841503,True
vector_thrust,cruise_16,86.35848101443271,84.47438940495677,0.13123213203152123,6.134422034036421,True
vector_thrust,cruise_16,86.35848101443271,84.47438940495677,0.13123213203152123,6.1532312156460724,True
vector_thrust,cruise_16,86.35848101443271,84.47438940495677,0.13123213203152123,6.18041127057319,True
vector_thrust,cruise_16,86.35848101443271,84.47438940495677,0.13123213203152123,6.21057885559796,True
vector_thrust,cruise_16,86.35848101443271,84.47438940495677,0.13123213203152123,6.237758910525078,True
vector_thrust,cruise_16,86.35848101443271,84.47438940495677,0.13123213203152123,6.25656809213473,True
vector_thrust,cruise_16,86.35848101443271,84.47438940495677,0.13123213203152123,6.263281011329648,True
vector_thrust,cruise_17,86.35778861920058,84.4737121157806,0.13123107985342067,6.263281011329648,True
vector_thrust,cruise_17,86.35778861920058,84.4737121157806,0.13123107985342067,6.269993930524566,True
vector_thrust,cruise_17,86.35778861920058,84.4737121157806,0.13123107985342067,6.288803112134218,True
vector_thrust,cruise_17,86.35778861920058,84.4737121157806,0.13123107985342067,6.315983167061336,True
vector_thrust,cruise_17,86.35778861920058,84.4737121157806,0.13123107985342067,6.346150752086106,True
vector_thrust,cruise_17,86.35778861920058,84.4737121157806,0.13123107985342067,6.3733308070132235,True
vector_thrust,cruise_17,86.35778861920058,84.4737121157806,0.13123107985342067,6.392139988622875,True
vector_thrust,cruise_17,86.35778861920058,84.4737121157806,0.13123107985342067,6.398852907817794,True
vector_thrust,cruise_18,86.35709181479294,84.47303051362434,0.1312300209750459,6.398852907817794,True
vector_thrust,cruise_18,86.35709181479294,84.47303051362434,0.1312300209750459,6.405565827012712,True
vector_thrust,cruise_18,86.35709181479294,84.47303051362434,0.1312300209750459,6.424375008622364,True
vector_thrust,cruise_18,86.35709181479294,84.47303051362434,0.1312300209750459,6.451555063549481,True
vector_thrust,cruise_18,86.35709181479294,84.47303051362434,0.1312300209750459,6.481722648574252,True
vector_thrust,cruise_18,86.35709181479294,84.47303051362434,0.1312300209750459,6.508902703501369,True
vector_thrust,cruise_18,86.35709181479294,84.47303051362434,0.1312300209750459,6.527711885111021,True
vector_thrust,cruise_18,86.35709181479294,84.47303051362434,0.1312300209750459,6.53442480430594,True
vector_thrust,cruise_19,86.35639054337317,84.47234454191322,0.13122895530850723,6.53442480430594,True
vector_thrust,cruise_19,86.35639054337317,84.47234454191322,0.13122895530850723,6.541137723500857,True
vector_thrust,cruise_19,86.35639054337317,84.47234454191322,0.13122895530850723,6.559946905110509,True
vector_thrust,cruise_19,86.35639054337317,84.47234454191322,0.13122895530850723,6.587126960037627,True
vector_thrust,cruise_19,86.35639054337317,84.47234454191322,0.13122895530850723,6.617294545062397,True
vector_thrust,cruise_19,86.35639054337317,84.47234454191322,0.13122895530850723,6.644474599989515,True
vector_thrust,cruise_19,86.35639054337317,84.47234454191322,0.13122895530850723,6.663283781599167,True
vector_thrust,cruise_19,86.35639054337317,84.47234454191322,0.13122895530850723,6.669996700794085,True
vector_thrust,cruise_20,86.35568474594977,84.47165414294273,0.1312278827641599,6.669996700794085,True
vector_thrust,cruise_20,86.35568474594977,84.47165414294273,0.1312278827641599,6.676709619989003,True
vector_thrust,cruise_20,86.35568474594977,84.47165414294273,0.1312278827641599,6.695518801598655,True
vector_thrust,cruise_20,86.35568474594977,84.47165414294273,0.1312278827641599,6.722698856525772,True
vector_thrust,cruise_20,86.35568474594977,84.47165414294273,0.1312278827641599,6.752866441550543,True
vector_thrust,cruise_20,86.35568474594977,84.47165414294273,0.1312278827641599,6.78004649647766,True
vector_thrust,cruise_20,86.35568474594977,84.47165414294273,0.1312278827641599,6.798855678087312,True
vector_thrust,cruise_20,86.35568474594977,84.47165414294273,0.1312278827641599,6.805568597282231,True
vector_thrust,cruise_21,86.35497436234526,84.4709592578483,0.13122680325055702,6.805568597282231,True
vector_thrust,cruise_21,86.35497436234526,84.4709592578483,0.13122680325055702,6.812281516477149,True
vector_thrust,cruise_21,86.35497436234526,84.4709592578483,0.13122680325055702,6.8310906980868005,True
vector_thrust,cruise_21,86.35497436234526,84.4709592578483,0.13122680325055702,6.858270753013918,True
vector_thrust,cruise_21,86.35497436234526,84.4709592578483,0.13122680325055702,6.888438338038688,True
vector_thrust,cruise_21,86.35497436234526,84.4709592578483,0.13122680325055702,6.915618392965807,True
vector_thrust,cruise_21,86.35497436234526,84.4709592578483,0.13122680325055702,6.934427574575458,True
vector_thrust,cruise_21,86.35497436234526,84.4709592578483,0.13122680325055702,6.9411404937703765,True
vector_thrust,cruise_22,86.35425933116413,84.47025982657391,0.13122571667440067,6.9411404937703765,True
vector_thrust,cruise_22,86.35425933116413,84.47025982657391,0.13122571667440067,6.947853412965294,True
vector_thrust,cruise_22,86.35425933116413,84.47025982657391,0.13122571667440067,6.966662594574946,True
vector_thrust,cruise_22,86.35425933116413,84.47025982657391,0.13122571667440067,6.993842649502064,True
vector_thrust,cruise_22,86.35425933116413,84.47025982657391,0.13122571667440067,7.024010234526834,True
vector_thrust,cruise_22,86.35425933116413,84.47025982657391,0.13122571667440067,7.051190289453952,True
vector_thrust,cruise_22,86.35425933116413,84.47025982657391,0.13122571667440067,7.069999471063603,True
vector_thrust,cruise_22,86.35425933116413,84.47025982657391,0.13122571667440067,7.076712390258522,True
vector_thrust,cruise_23,86.35353958975955,84.46955578783947,0.13122462294049145,7.076712390258522,True
vector_thrust,cruise_23,86.35353958975955,84.46955578783947,0.13122462294049145,7.08342530945344,True
vector_thrust,cruise_23,86.35353958975955,84.46955578783947,0.13122462294049145,7.102234491063092,True
vector_thrust,cruise_23,86.35353958975955,84.46955578783947,0.13122462294049145,7.129414545990209,True
vector_thrust,cruise_23,86.35353958975955,84.46955578783947,0.13122462294049145,7.15958213101498,True
vector_thrust,cruise_23,86.35353958975955,84.46955578783947,0.13122462294049145,7.186762185942098,True
vector_thrust,cruise_23,86.35353958975955,84.46955578783947,0.13122462294049145,7.205571367551749,True
vector_thrust,cruise_23,86.35353958975955,84.46955578783947,0.13122462294049145,7.212284286746668,True
vector_thrust,cruise_24,86.35281507419897,84.46884707910726,0.1312235219516761,7.212284286746668,True
vector_thrust,cruise_24,86.35281507419897,84.46884707910726,0.1312235219516761,7.218997205941586,True
vector_thrust,cruise_24,86.35281507419897,84.46884707910726,0.1312235219516761,7.237806387551237,True
vector_thrust,cruise_24,86.35281507419897,84.46884707910726,0.1312235219516761,7.264986442478356,True
vector_thrust,cruise_24,86.35281507419897,84.46884707910726,0.1312235219516761,7.295154027503126,True
vector_thrust,cruise_24,86.35281507419897,84.46884707910726,0.1312235219516761,7.322334082430244,True
vector_thrust,cruise_24,86.35281507419897,84.46884707910726,0.1312235219516761,7.3411432640398955,True
vector_thrust,cruise_24,86.35281507419897,84.46884707910726,0.1312235219516761,7.347856183234813,True
vector_thrust,cruise_25,86.35208571922857,84.46813363654714,0.13122241360879366,7.347856183234813,True
vector_thrust,cruise_25,86.35208571922857,84.46813363654714,0.13122241360879366,7.354569102429732,True
vector_thrust,cruise_25,86.35208571922857,84.46813363654714,0.13122241360879366,7.373378284039383,True
vector_thrust,cruise_25,86.35208571922857,84.46813363654714,0.13122241360879366,7.400558338966501,True
vector_thrust,cruise_25,86.35208571922857,84.46813363654714,0.13122241360879366,7.430725923991272,True
vector_thrust,cruise_25,86.35208571922857,84.46813363654714,0.13122241360879366,7.457905978918389,True
vector_thrust,cruise_25,86.35208571922857,84.46813363654714,0.13122241360879366,7.476715160528041,True
vector_thrust,cruise_25,86.35208571922857,84.46813363654714,0.13122241360879366,7.483428079722959,True
vector_thrust,cruise_26,86.3513514582365,84.46741539500049,0.13122129781061928,7.483428079722959,True
vector_thrust,cruise_26,86.3513514582365,84.46741539500049,0.13122129781061928,7.4901409989178775,True
vector_thrust,cruise_26,86.3513514582365,84.46741539500049,0.13122129781061928,7.5089501805275285,True
vector_thrust,cruise_26,86.3513514582365,84.46741539500049,0.13122129781061928,7.536130235454647,True
vector_thrust,cruise_26,86.3513514582365,84.46741539500049,0.13122129781061928,7.566297820479417,True
vector_thrust,cruise_26,86.3513514582365,84.46741539500049,0.13122129781061928,7.593477875406535,True
vector_thrust,cruise_26,86.3513514582365,84.46741539500049,0.13122129781061928,7.612287057016187,True
vector_thrust,cruise_26,86.3513514582365,84.46741539500049,0.13122129781061928,7.6189999762111045,True
vector_thrust,cruise_27,86.35061222321463,84.46669228794295,0.13122017445380646,7.6189999762111045,True
vector_thrust,cruise_27,86.35061222321463,84.46669228794295,0.13122017445380646,7.625712895406023,True
vector_thrust,cruise_27,86.35061222321463,84.46669228794295,0.13122017445380646,7.644522077015675,True
vector_thrust,cruise_27,86.35061222321463,84.46669228794295,0.13122017445380646,7.6717021319427925,True
vector_thrust,cruise_27,86.35061222321463,84.46669228794295,0.13122017445380646,7.701869716967563,True
vector_thrust,cruise_27,86.35061222321463,84.46669228794295,0.13122017445380646,7.7290497718946805,True
vector_thrust,cruise_27,86.35061222321463,84.46669228794295,0.13122017445380646,7.747858953504332,True
vector_thrust,cruise_27,86.35061222321463,84.46669228794295,0.13122017445380646,7.75457187269925,True
vector_thrust,cruise_28,86.34986794471926,84.4659642474459,0.13121904343282711,7.75457187269925,True
vector_thrust,cruise_28,86.34986794471926,84.4659642474459,0.13121904343282711,7.761284791894169,True
vector_thrust,cruise_28,86.34986794471926,84.4659642474459,0.13121904343282711,7.780093973503821,True
vector_thrust,cruise_28,86.34986794471926,84.4659642474459,0.13121904343282711,7.807274028430938,True
vector_thrust,cruise_28,86.34986794471926,84.4659642474459,0.13121904343282711,7.8374416134557086,True
vector_thrust,cruise_28,86.34986794471926,84.4659642474459,0.13121904343282711,7.864621668382826,True
vector_thrust,cruise_28,86.34986794471926,84.4659642474459,0.13121904343282711,7.883430849992478,True
vector_thrust,cruise_28,86.34986794471926,84.4659642474459,0.13121904343282711,7.890143769187396,True
vector_thrust,cruise_29,86.34911855183013,84.46523120413632,0.13121790463990934,7.890143769187396,True
vector_thrust,cruise_29,86.34911855183013,84.46523120413632,0.13121790463990934,7.896856688382314,True
vector_thrust,cruise_29,86.34911855183013,84.46523120413632,0.13121790463990934,7.915665869991966,True
vector_thrust,cruise_29,86.34911855183013,84.46523120413632,0.13121790463990934,7.942845924919084,True
vector_thrust,cruise_29,86.34911855183013,84.46523120413632,0.13121790463990934,7.973013509943854,True
vector_thrust,cruise_29,86.34911855183013,84.46523120413632,0.13121790463990934,8.000193564870973,True
vector_thrust,cruise_29,86.34911855183013,84.46523120413632,0.13121790463990934,8.019002746480624,True
vector_thrust,cruise_29,86.34911855183013,84.46523120413632,0.13121790463990934,8.025715665675541,True
vector_thrust,cruise_30,86.34836397210813,84.4644930871555,0.13121675796497315,8.025715665675541,True
vector_thrust,cruise_30,86.34836397210813,84.4644930871555,0.13121675796497315,8.032428584870459,True
vector_thrust,cruise_30,86.34836397210813,84.4644930871555,0.13121675796497315,8.051237766480112,True
vector_thrust,cruise_30,86.34836397210813,84.4644930871555,0.13121675796497315,8.078417821407228,True
vector_thrust,cruise_30,86.34836397210813,84.4644930871555,0.13121675796497315,8.108585406431999,True
vector_thrust,cruise_30,86.34836397210813,84.4644930871555,0.13121675796497315,8.135765461359117,True
vector_thrust,cruise_30,86.34836397210813,84.4644930871555,0.13121675796497315,8.154574642968768,True
vector_thrust,cruise_30,86.34836397210813,84.4644930871555,0.13121675796497315,8.161287562163688,True
vector_thrust,cruise_31,86.34760413155146,84.46374982411618,0.1312156032955639,8.161287562163688,True
vector_thrust,cruise_31,86.34760413155146,84.46374982411618,0.1312156032955639,8.168000481358606,True
vector_thrust,cruise_31,86.34760413155146,84.46374982411618,0.1312156032955639,8.186809662968257,True
vector_thrust,cruise_31,86.34760413155146,84.46374982411618,0.1312156032955639,8.213989717895375,True
vector_thrust,cruise_31,86.34760413155146,84.46374982411618,0.1312156032955639,8.244157302920145,True
vector_thrust,cruise_31,86.34760413155146,84.46374982411618,0.1312156032955639,8.271337357847264,True
vector_thrust,cruise_31,86.34760413155146,84.46374982411618,0.1312156032955639,8.290146539456915,True
vector_thrust,cruise_31,86.34760413155146,84.46374982411618,0.1312156032955639,8.296859458651832,True
vector_thrust,cruise_32,86.3468389545501,84.4630013410579,0.13121444051678305,8.296859458651832,True
vector_thrust,cruise_32,86.3468389545501,84.4630013410579,0.13121444051678305,8.303572377846752,True
vector_thrust,cruise_32,86.3468389545501,84.4630013410579,0.13121444051678305,8.322381559456403,True
vector_thrust,cruise_32,86.3468389545501,84.4630013410579,0.13121444051678305,8.349561614383521,True
vector_thrust,cruise_32,86.3468389545501,84.4630013410579,0.13121444051678305,8.379729199408292,True
vector_thrust,cruise_32,86.3468389545501,84.4630013410579,0.13121444051678305,8.406909254335408,True
vector_thrust,cruise_32,86.3468389545501,84.4630013410579,0.13121444051678305,8.425718435945061,True
vector_thrust,cruise_32,86.3468389545501,84.4630013410579,0.13121444051678305,8.432431355139979,True
vector_thrust,cruise_33,86.34606836383867,84.46224756240105,0.13121326951121653,8.432431355139979,True
vector_thrust,cruise_33,86.34606836383867,84.46224756240105,0.13121326951121653,8.439144274334897,True
vector_thrust,cruise_33,86.34606836383867,84.46224756240105,0.13121326951121653,8.457953455944548,True
vector_thrust,cruise_33,86.34606836383867,84.46224756240105,0.13121326951121653,8.485133510871666,True
vector_thrust,cruise_33,86.34606836383867,84.46224756240105,0.13121326951121653,8.515301095896437,True
vector_thrust,cruise_33,86.34606836383867,84.46224756240105,0.13121326951121653,8.542481150823555,True
vector_thrust,cruise_33,86.34606836383867,84.46224756240105,0.13121326951121653,8.561290332433206,True
vector_thrust,cruise_33,86.34606836383867,84.46224756240105,0.13121326951121653,8.568003251628124,True
vector_thrust,cruise_34,86.34529228044771,84.46148841089898,0.1312120901588607,8.568003251628124,True
vector_thrust,cruise_34,86.34529228044771,84.46148841089898,0.1312120901588607,8.574716170823043,True
vector_thrust,cruise_34,86.34529228044771,84.46148841089898,0.1312120901588607,8.593525352432694,True
vector_thrust,cruise_34,86.34529228044771,84.46148841089898,0.1312120901588607,8.620705407359813,True
vector_thrust,cruise_34,86.34529228044771,84.46148841089898,0.1312120901588607,8.650872992384583,True
vector_thrust,cruise_34,86.34529228044771,84.46148841089898,0.1312120901588607,8.6780530473117,True
vector_thrust,cruise_34,86.34529228044771,84.46148841089898,0.1312120901588607,8.696862228921352,True
vector_thrust,cruise_34,86.34529228044771,84.46148841089898,0.1312120901588607,8.70357514811627,True
vector_thrust,cruise_35,86.34451062365274,84.4607238075884,0.131210902337045,8.70357514811627,True
vector_thrust,cruise_35,86.34451062365274,84.4607238075884,0.131210902337045,8.710288067311188,True
vector_thrust,cruise_35,86.34451062365274,84.4607238075884,0.131210902337045,8.72909724892084,True
vector_thrust,cruise_35,86.34451062365274,84.4607238075884,0.131210902337045,8.756277303847957,True
vector_thrust,cruise_35,86.34451062365274,84.4607238075884,0.131210902337045,8.786444888872728,True
vector_thrust,cruise_35,86.34451062365274,84.4607238075884,0.131210902337045,8.813624943799846,True
vector_thrust,cruise_35,86.34451062365274,84.4607238075884,0.131210902337045,8.832434125409497,True
vector_thrust,cruise_35,86.34451062365274,84.4607238075884,0.131210902337045,8.839147044604415,True
vector_thrust,cruise_36,86.34372331092182,84.459953671738,0.13120970592035214,8.839147044604415,True
vector_thrust,cruise_36,86.34372331092182,84.459953671738,0.13120970592035214,8.845859963799334,True
vector_thrust,cruise_36,86.34372331092182,84.459953671738,0.13120970592035214,8.864669145408985,True
vector_thrust,cruise_36,86.34372331092182,84.459953671738,0.13120970592035214,8.891849200336104,True
vector_thrust,cruise_36,86.34372331092182,84.459953671738,0.13120970592035214,8.922016785360874,True
vector_thrust,cruise_36,86.34372331092182,84.459953671738,0.13120970592035214,8.949196840287991,True
vector_thrust,cruise_36,86.34372331092182,84.459953671738,0.13120970592035214,8.968006021897644,True
vector_thrust,cruise_36,86.34372331092182,84.459953671738,0.13120970592035214,8.974718941092561,True
vector_thrust,cruise_37,86.34293025786087,84.45917792079493,0.1312085007805352,8.974718941092561,True
vector_thrust,cruise_37,86.34293025786087,84.45917792079493,0.1312085007805352,8.98143186028748,True
vector_thrust,cruise_37,86.34293025786087,84.45917792079493,0.1312085007805352,9.000241041897132,True
vector_thrust,cruise_37,86.34293025786087,84.45917792079493,0.1312085007805352,9.027421096824249,True
vector_thrust,cruise_37,86.34293025786087,84.45917792079493,0.1312085007805352,9.057588681849019,True
vector_thrust,cruise_37,86.34293025786087,84.45917792079493,0.1312085007805352,9.084768736776137,True
vector_thrust,cruise_37,86.34293025786087,84.45917792079493,0.1312085007805352,9.103577918385788,True
vector_thrust,cruise_37,86.34293025786087,84.45917792079493,0.1312085007805352,9.110290837580706,True
vector_thrust,cruise_38,86.34213137815702,84.4583964703294,0.1312072867864313,9.110290837580706,True
vector_thrust,cruise_38,86.34213137815702,84.4583964703294,0.1312072867864313,9.117003756775626,True
vector_thrust,cruise_38,86.34213137815702,84.4583964703294,0.1312072867864313,9.135812938385277,True
vector_thrust,cruise_38,86.34213137815702,84.4583964703294,0.1312072867864313,9.162992993312395,True
vector_thrust,cruise_38,86.34213137815702,84.4583964703294,0.1312072867864313,9.193160578337165,True
vector_thrust,cruise_38,86.34213137815702,84.4583964703294,0.1312072867864313,9.220340633264282,True
vector_thrust,cruise_38,86.34213137815702,84.4583964703294,0.1312072867864313,9.239149814873935,True
vector_thrust,cruise_38,86.34213137815702,84.4583964703294,0.1312072867864313,9.245862734068853,True
vector_thrust,cruise_39,86.34132658351977,84.45760923397717,0.1312060638038724,9.245862734068853,True
vector_thrust,cruise_39,86.34132658351977,84.45760923397717,0.1312060638038724,9.25257565326377,True
vector_thrust,cruise_39,86.34132658351977,84.45760923397717,0.1312060638038724,9.271384834873423,True
vector_thrust,cruise_39,86.34132658351977,84.45760923397717,0.1312060638038724,9.29856488980054,True
vector_thrust,cruise_39,86.34132658351977,84.45760923397717,0.1312060638038724,9.32873247482531,True
vector_thrust,cruise_39,86.34132658351977,84.45760923397717,0.1312060638038724,9.355912529752429,True
vector_thrust,cruise_39,86.34132658351977,84.45760923397717,0.1312060638038724,9.37472171136208,True
vector_thrust,cruise_39,86.34132658351977,84.45760923397717,0.1312060638038724,9.381434630556999,True
vector_thrust,cruise_40,86.34051578361981,84.45681612337965,0.1312048316955922,9.381434630556999,True
vector_thrust,cruise_40,86.34051578361981,84.45681612337965,0.1312048316955922,9.388147549751917,True
vector_thrust,cruise_40,86.34051578361981,84.45681612337965,0.1312048316955922,9.406956731361568,True
vector_thrust,cruise_40,86.34051578361981,84.45681612337965,0.1312048316955922,9.434136786288686,True
vector_thrust,cruise_40,86.34051578361981,84.45681612337965,0.1312048316955922,9.464304371313457,True
vector_thrust,cruise_40,86.34051578361981,84.45681612337965,0.1312048316955922,9.491484426240573,True
vector_thrust,cruise_40,86.34051578361981,84.45681612337965,0.1312048316955922,9.510293607850226,True
vector_thrust,cruise_40,86.34051578361981,84.45681612337965,0.1312048316955922,9.517006527045144,True
vector_thrust,cruise_41,86.33969888602549,84.45601704812175,0.13120359032112966,9.517006527045144,True
vector_thrust,cruise_41,86.33969888602549,84.45601704812175,0.13120359032112966,9.523719446240062,True
vector_thrust,cruise_41,86.33969888602549,84.45601704812175,0.13120359032112966,9.542528627849714,True
vector_thrust,cruise_41,86.33969888602549,84.45601704812175,0.13120359032112966,9.569708682776831,True
vector_thrust,cruise_41,86.33969888602549,84.45601704812175,0.13120359032112966,9.599876267801601,True
vector_thrust,cruise_41,86.33969888602549,84.45601704812175,0.13120359032112966,9.62705632272872,True
vector_thrust,cruise_41,86.33969888602549,84.45601704812175,0.13120359032112966,9.64586550433837,True
vector_thrust,cruise_41,86.33969888602549,84.45601704812175,0.13120359032112966,9.65257842353329,True
vector_thrust,cruise_42,86.33887579613683,84.45521191566746,0.13120233953672875,9.65257842353329,True
vector_thrust,cruise_42,86.33887579613683,84.45521191566746,0.13120233953672875,9.659291342728208,True
vector_thrust,cruise_42,86.33887579613683,84.45521191566746,0.13120233953672875,9.678100524337859,True
vector_thrust,cruise_42,86.33887579613683,84.45521191566746,0.13120233953672875,9.705280579264977,True
vector_thrust,cruise_42,86.33887579613683,84.45521191566746,0.13120233953672875,9.735448164289748,True
vector_thrust,cruise_42,86.33887579613683,84.45521191566746,0.13120233953672875,9.762628219216865,True
vector_thrust,cruise_42,86.33887579613683,84.45521191566746,0.13120233953672875,9.781437400826517,True
vector_thrust,cruise_42,86.33887579613683,84.45521191566746,0.13120233953672875,9.788150320021435,True
vector_thrust,cruise_43,86.33804641711687,84.45440063129244,0.1312010791952339,9.788150320021435,True
vector_thrust,cruise_43,86.33804641711687,84.45440063129244,0.1312010791952339,9.794863239216353,True
vector_thrust,cruise_43,86.33804641711687,84.45440063129244,0.1312010791952339,9.813672420826006,True
vector_thrust,cruise_43,86.33804641711687,84.45440063129244,0.1312010791952339,9.840852475753122,True
vector_thrust,cruise_43,86.33804641711687,84.45440063129244,0.1312010791952339,9.871020060777893,True
vector_thrust,cruise_43,86.33804641711687,84.45440063129244,0.1312010791952339,9.898200115705011,True
vector_thrust,cruise_43,86.33804641711687,84.45440063129244,0.1312010791952339,9.917009297314662,True
vector_thrust,cruise_43,86.33804641711687,84.45440063129244,0.1312010791952339,9.923722216509582,True
vector_thrust,cruise_44,86.33721064982024,84.45358309801443,0.13119980914598187,9.923722216509582,True
vector_thrust,cruise_44,86.33721064982024,84.45358309801443,0.13119980914598187,9.9304351357045,True
vector_thrust,cruise_44,86.33721064982024,84.45358309801443,0.13119980914598187,9.94924431731415,True
vector_thrust,cruise_44,86.33721064982024,84.45358309801443,0.13119980914598187,9.976424372241269,True
vector_thrust,cruise_44,86.33721064982024,84.45358309801443,0.13119980914598187,10.00659195726604,True
vector_thrust,cruise_44,86.33721064982024,84.45358309801443,0.13119980914598187,10.033772012193158,True
vector_thrust,cruise_44,86.33721064982024,84.45358309801443,0.13119980914598187,10.052581193802808,True
vector_thrust,cruise_44,86.33721064982024,84.45358309801443,0.13119980914598187,10.059294112997726,True
vector_thrust,cruise_45,86.33636839271882,84.45275921652038,0.13119852923468842,10.059294112997726,True
vector_thrust,cruise_45,86.33636839271882,84.45275921652038,0.13119852923468842,10.066007032192644,True
vector_thrust,cruise_45,86.33636839271882,84.45275921652038,0.13119852923468842,10.084816213802297,True
vector_thrust,cruise_45,86.33636839271882,84.45275921652038,0.13119852923468842,10.111996268729413,True
vector_thrust,cruise_45,86.33636839271882,84.45275921652038,0.13119852923468842,10.142163853754184,True
vector_thrust,cruise_45,86.33636839271882,84.45275921652038,0.13119852923468842,10.169343908681302,True
vector_thrust,cruise_45,86.33636839271882,84.45275921652038,0.13119852923468842,10.188153090290953,True
vector_thrust,cruise_45,86.33636839271882,84.45275921652038,0.13119852923468842,10.194866009485873,True
vector_thrust,cruise_46,86.33551954182468,84.45192888509101,0.13119723930333127,10.194866009485873,True
vector_thrust,cruise_46,86.33551954182468,84.45192888509101,0.13119723930333127,10.20157892868079,True
vector_thrust,cruise_46,86.33551954182468,84.45192888509101,0.13119723930333127,10.220388110290441,True
vector_thrust,cruise_46,86.33551954182468,84.45192888509101,0.13119723930333127,10.24756816521756,True
vector_thrust,cruise_46,86.33551954182468,84.45192888509101,0.13119723930333127,10.27773575024233,True
vector_thrust,cruise_46,86.33551954182468,84.45192888509101,0.13119723930333127,10.304915805169449,True
vector_thrust,cruise_46,86.33551954182468,84.45192888509101,0.13119723930333127,10.3237249867791,True
vector_thrust,cruise_46,86.33551954182468,84.45192888509101,0.13119723930333127,10.330437905974017,True
vector_thrust,cruise_47,86.33466399060941,84.45109199952208,0.1311959391900277,10.330437905974017,True
vector_thrust,cruise_47,86.33466399060941,84.45109199952208,0.1311959391900277,10.337150825168937,True
vector_thrust,cruise_47,86.33466399060941,84.45109199952208,0.1311959391900277,10.355960006778588,True
vector_thrust,cruise_47,86.33466399060941,84.45109199952208,0.1311959391900277,10.383140061705706,True
vector_thrust,cruise_47,86.33466399060941,84.45109199952208,0.1311959391900277,10.413307646730477,True
vector_thrust,cruise_47,86.33466399060941,84.45109199952208,0.1311959391900277,10.440487701657593,True
vector_thrust,cruise_47,86.33466399060941,84.45109199952208,0.1311959391900277,10.459296883267246,True
vector_thrust,cruise_47,86.33466399060941,84.45109199952208,0.1311959391900277,10.466009802462164,True
vector_thrust,cruise_48,86.33380162992033,84.45024845304233,0.13119462872890705,10.466009802462164,True
vector_thrust,cruise_48,86.33380162992033,84.45024845304233,0.13119462872890705,10.472722721657082,True
vector_thrust,cruise_48,86.33380162992033,84.45024845304233,0.13119462872890705,10.491531903266733,True
vector_thrust,cruise_48,86.33380162992033,84.45024845304233,0.13119462872890705,10.518711958193851,True
vector_thrust,cruise_48,86.33380162992033,84.45024845304233,0.13119462872890705,10.548879543218622,True
vector_thrust,cruise_48,86.33380162992033,84.45024845304233,0.13119462872890705,10.57605959814574,True
vector_thrust,cruise_48,86.33380162992033,84.45024845304233,0.13119462872890705,10.59486877975539,True
vector_thrust,cruise_48,86.33380162992033,84.45024845304233,0.13119462872890705,10.601581698950309,True
vector_thrust,cruise_49,86.33293234789345,84.44939813622827,0.13119330774997845,10.601581698950309,True
vector_thrust,cruise_49,86.33293234789345,84.44939813622827,0.13119330774997845,10.608294618145228,True
vector_thrust,cruise_49,86.33293234789345,84.44939813622827,0.13119330774997845,10.62710379975488,True
vector_thrust,cruise_49,86.33293234789345,84.44939813622827,0.13119330774997845,10.654283854681998,True
vector_thrust,cruise_49,86.33293234789345,84.44939813622827,0.13119330774997845,10.684451439706768,True
vector_thrust,cruise_49,86.33293234789345,84.44939813622827,0.13119330774997845,10.711631494633885,True
vector_thrust,cruise_49,86.33293234789345,84.44939813622827,0.13119330774997845,10.730440676243537,True
vector_thrust,cruise_49,86.33293234789345,84.44939813622827,0.13119330774997845,10.737153595438455,True
vector_thrust,cruise_50,86.33205602986217,84.44854093691507,0.13119197607899225,10.737153595438455,True
vector_thrust,cruise_50,86.33205602986217,84.44854093691507,0.13119197607899225,10.743866514633373,True
vector_thrust,cruise_50,86.33205602986217,84.44854093691507,0.13119197607899225,10.762675696243026,True
vector_thrust,cruise_50,86.33205602986217,84.44854093691507,0.13119197607899225,10.789855751170142,True
vector_thrust,cruise_50,86.33205602986217,84.44854093691507,0.13119197607899225,10.820023336194913,True
vector_thrust,cruise_50,86.33205602986217,84.44854093691507,0.13119197607899225,10.847203391122031,True
vector_thrust,cruise_50,86.33205602986217,84.44854093691507,0.13119197607899225,10.866012572731682,True
vector_thrust,cruise_50,86.33205602986217,84.44854093691507,0.13119197607899225,10.8727254919266,True
vector_thrust,cruise_51,86.33117255826282,84.44767674010387,0.13119063353729615,10.8727254919266,True
vector_thrust,cruise_51,86.33117255826282,84.44767674010387,0.13119063353729615,10.87943841112152,True
vector_thrust,cruise_51,86.33117255826282,84.44767674010387,0.13119063353729615,10.89824759273117,True
vector_thrust,cruise_51,86.33117255826282,84.44767674010387,0.13119063353729615,10.925427647658289,True
vector_thrust,cruise_51,86.33117255826282,84.44767674010387,0.13119063353729615,10.95559523268306,True
vector_thrust,cruise_51,86.33117255826282,84.44767674010387,0.13119063353729615,10.982775287610176,True
vector_thrust,cruise_51,86.33117255826282,84.44767674010387,0.13119063353729615,11.001584469219829,True
vector_thrust,cruise_51,86.33117255826282,84.44767674010387,0.13119063353729615,11.008297388414746,True
vector_thrust,cruise_52,86.33028181253559,84.44680542786519,0.13118927994168506,11.008297388414746,True
vector_thrust,cruise_52,86.33028181253559,84.44680542786519,0.13118927994168506,11.015010307609664,True
vector_thrust,cruise_52,86.33028181253559,84.44680542786519,0.13118927994168506,11.033819489219317,True
vector_thrust,cruise_52,86.33028181253559,84.44680542786519,0.13118927994168506,11.060999544146433,True
vector_thrust,cruise_52,86.33028181253559,84.44680542786519,0.13118927994168506,11.091167129171204,True
vector_thrust,cruise_52,86.33028181253559,84.44680542786519,0.13118927994168506,11.118347184098322,True
vector_thrust,cruise_52,86.33028181253559,84.44680542786519,0.13118927994168506,11.137156365707973,True
vector_thrust,cruise_52,86.33028181253559,84.44680542786519,0.13118927994168506,11.143869284902891,True
vector_thrust,cruise_53,86.32938366902151,84.4459268792379,0.1311879151042442,11.143869284902891,True
vector_thrust,cruise_53,86.32938366902151,84.4459268792379,0.1311879151042442,11.15058220409781,True
vector_thrust,cruise_53,86.32938366902151,84.4459268792379,0.1311879151042442,11.169391385707462,True
vector_thrust,cruise_53,86.32938366902151,84.4459268792379,0.1311879151042442,11.19657144063458,True
vector_thrust,cruise_53,86.32938366902151,84.4459268792379,0.1311879151042442,11.22673902565935,True
vector_thrust,cruise_53,86.32938366902151,84.4459268792379,0.1311879151042442,11.253919080586467,True
vector_thrust,cruise_53,86.32938366902151,84.4459268792379,0.1311879151042442,11.27272826219612,True
vector_thrust,cruise_53,86.32938366902151,84.4459268792379,0.1311879151042442,11.279441181391038,True
vector_thrust,cruise_54,86.32847800085479,84.44504097012405,0.13118653883218573,11.279441181391038,True
vector_thrust,cruise_54,86.32847800085479,84.44504097012405,0.13118653883218573,11.286154100585955,True
vector_thrust,cruise_54,86.32847800085479,84.44504097012405,0.13118653883218573,11.304963282195608,True
vector_thrust,cruise_54,86.32847800085479,84.44504097012405,0.13118653883218573,11.332143337122725,True
vector_thrust,cruise_54,86.32847800085479,84.44504097012405,0.13118653883218573,11.362310922147495,True
vector_thrust,cruise_54,86.32847800085479,84.44504097012405,0.13118653883218573,11.389490977074614,True
vector_thrust,cruise_54,86.32847800085479,84.44504097012405,0.13118653883218573,11.408300158684265,True
vector_thrust,cruise_54,86.32847800085479,84.44504097012405,0.13118653883218573,11.415013077879184,True
vector_thrust,cruise_55,86.32756467785048,84.444147573179,0.1311851509276779,11.415013077879184,True
vector_thrust,cruise_55,86.32756467785048,84.444147573179,0.1311851509276779,11.421725997074102,True
vector_thrust,cruise_55,86.32756467785048,84.444147573179,0.1311851509276779,11.440535178683753,True
vector_thrust,cruise_55,86.32756467785048,84.444147573179,0.1311851509276779,11.467715233610871,True
vector_thrust,cruise_55,86.32756467785048,84.444147573179,0.1311851509276779,11.497882818635642,True
vector_thrust,cruise_55,86.32756467785048,84.444147573179,0.1311851509276779,11.525062873562758,True
vector_thrust,cruise_55,86.32756467785048,84.444147573179,0.1311851509276779,11.543872055172411,True
vector_thrust,cruise_55,86.32756467785048,84.444147573179,0.1311851509276779,11.550584974367329,True
vector_thrust,cruise_56,86.32664356638738,84.44324655769672,0.13118375118766717,11.550584974367329,True
vector_thrust,cruise_56,86.32664356638738,84.44324655769672,0.13118375118766717,11.557297893562247,True
vector_thrust,cruise_56,86.32664356638738,84.44324655769672,0.13118375118766717,11.5761070751719,True
vector_thrust,cruise_56,86.32664356638738,84.44324655769672,0.13118375118766717,11.603287130099016,True
vector_thrust,cruise_56,86.32664356638738,84.44324655769672,0.13118375118766717,11.633454715123786,True
vector_thrust,cruise_56,86.32664356638738,84.44324655769672,0.13118375118766717,11.660634770050905,True
vector_thrust,cruise_56,86.32664356638738,84.44324655769672,0.13118375118766717,11.679443951660556,True
vector_thrust,cruise_56,86.32664356638738,84.44324655769672,0.13118375118766717,11.686156870855475,True
vector_thrust,cruise_57,86.3257145292851,84.44233778948974,0.1311823394036914,11.686156870855475,True
vector_thrust,cruise_57,86.3257145292851,84.44233778948974,0.1311823394036914,11.692869790050393,True
vector_thrust,cruise_57,86.3257145292851,84.44233778948974,0.1311823394036914,11.711678971660044,True
vector_thrust,cruise_57,86.3257145292851,84.44233778948974,0.1311823394036914,11.738859026587162,True
vector_thrust,cruise_57,86.3257145292851,84.44233778948974,0.1311823394036914,11.769026611611933,True
vector_thrust,cruise_57,86.3257145292851,84.44233778948974,0.1311823394036914,11.79620666653905,True
vector_thrust,cruise_57,86.3257145292851,84.44233778948974,0.1311823394036914,11.815015848148702,True
vector_thrust,cruise_57,86.3257145292851,84.44233778948974,0.1311823394036914,11.82172876734362,True
vector_thrust,cruise_58,86.32477742567639,84.4414211307641,0.1311809153616858,11.82172876734362,True
vector_thrust,cruise_58,86.32477742567639,84.4414211307641,0.1311809153616858,11.828441686538538,True
vector_thrust,cruise_58,86.32477742567639,84.4414211307641,0.1311809153616858,11.84725086814819,True
vector_thrust,cruise_58,86.32477742567639,84.4414211307641,0.1311809153616858,11.874430923075307,True
vector_thrust,cruise_58,86.32477742567639,84.4414211307641,0.1311809153616858,11.904598508100078,True
vector_thrust,cruise_58,86.32477742567639,84.4414211307641,0.1311809153616858,11.931778563027196,True
vector_thrust,cruise_58,86.32477742567639,84.4414211307641,0.1311809153616858,11.950587744636847,True
vector_thrust,cruise_58,86.32477742567639,84.4414211307641,0.1311809153616858,11.957300663831766,True
vector_thrust,cruise_59,86.32383211087301,84.44049643998824,0.1311794788417791,11.957300663831766,True
vector_thrust,cruise_59,86.32383211087301,84.44049643998824,0.1311794788417791,11.964013583026684,True
vector_thrust,cruise_59,86.32383211087301,84.44049643998824,0.1311794788417791,11.982822764636335,True
vector_thrust,cruise_59,86.32383211087301,84.44049643998824,0.1311794788417791,12.010002819563454,True
vector_thrust,cruise_59,86.32383211087301,84.44049643998824,0.1311794788417791,12.040170404588224,True
vector_thrust,cruise_59,86.32383211087301,84.44049643998824,0.1311794788417791,12.067350459515342,True
vector_thrust,cruise_59,86.32383211087301,84.44049643998824,0.1311794788417791,12.086159641124993,True
vector_thrust,cruise_59,86.32383211087301,84.44049643998824,0.1311794788417791,12.092872560319911,True
vector_thrust,cruise_60,86.32287843622578,84.4395635717561,0.13117802961808098,12.092872560319911,True
vector_thrust,cruise_60,86.32287843622578,84.4395635717561,0.13117802961808098,12.099585479514829,True
vector_thrust,cruise_60,86.32287843622578,84.4395635717561,0.13117802961808098,12.118394661124482,True
vector_thrust,cruise_60,86.32287843622578,84.4395635717561,0.13117802961808098,12.145574716051598,True
vector_thrust,cruise_60,86.32287843622578,84.4395635717561,0.13117802961808098,12.175742301076369,True
vector_thrust,cruise_60,86.32287843622578,84.4395635717561,0.13117802961808098,12.202922356003487,True
vector_thrust,cruise_60,86.32287843622578,84.4395635717561,0.13117802961808098,12.221731537613138,True
vector_thrust,cruise_60,86.32287843622578,84.4395635717561,0.13117802961808098,12.228444456808058,True
vector_thrust,cruise_61,86.32191624897796,84.43862237664361,0.13117656745845913,12.228444456808058,True
vector_thrust,cruise_61,86.32191624897796,84.43862237664361,0.13117656745845913,12.235157376002975,True
vector_thrust,cruise_61,86.32191624897796,84.43862237664361,0.13117656745845913,12.253966557612626,True
vector_thrust,cruise_61,86.32191624897796,84.43862237664361,0.13117656745845913,12.281146612539745,True
vector_thrust,cruise_61,86.32191624897796,84.43862237664361,0.13117656745845913,12.311314197564515,True
vector_thrust,cruise_61,86.32191624897796,84.43862237664361,0.13117656745845913,12.338494252491634,True
vector_thrust,cruise_61,86.32191624897796,84.43862237664361,0.13117656745845913,12.357303434101285,True
vector_thrust,cruise_61,86.32191624897796,84.43862237664361,0.13117656745845913,12.364016353296202,True
vector_thrust,cruise_62,86.42901728566987,84.54338677931617,0.13133932040666715,12.364016353296202,True
vector_thrust,cruise_62,86.42901728566987,84.54338677931617,0.13133932040666715,12.370729272491122,True
vector_thrust,cruise_62,86.42901728566987,84.54338677931617,0.13133932040666715,12.389538454100773,True
vector_thrust,cruise_62,86.42901728566987,84.54338677931617,0.13133932040666715,12.416718509027891,True
vector_thrust,cruise_62,86.42901728566987,84.54338677931617,0.13133932040666715,12.446886094052662,True
vector_thrust,cruise_62,86.42901728566987,84.54338677931617,0.13133932040666715,12.474066148979778,True
vector_thrust,cruise_62,86.42901728566987,84.54338677931617,0.13133932040666715,12.492875330589431,True
vector_thrust,cruise_62,86.42901728566987,84.54338677931617,0.13133932040666715,12.499588249784349,True
vector_thrust,cruise_63,86.42679378828323,84.54121179219419,0.13133594153409797,12.499588249784349,True
vector_thrust,cruise_63,86.42679378828323,84.54121179219419,0.13133594153409797,12.506301168979267,True
vector_thrust,cruise_63,86.42679378828323,84.54121179219419,0.13133594153409797,12.525110350588918,True
vector_thrust,cruise_63,86.42679378828323,84.54121179219419,0.13133594153409797,12.552290405516036,True
vector_thrust,cruise_63,86.42679378828323,84.54121179219419,0.13133594153409797,12.582457990540806,True
vector_thrust,cruise_63,86.42679378828323,84.54121179219419,0.13133594153409797,12.609638045467925,True
vector_thrust,cruise_63,86.42679378828323,84.54121179219419,0.13133594153409797,12.628447227077576,True
vector_thrust,cruise_63,86.42679378828323,84.54121179219419,0.13133594153409797,12.635160146272494,True
vector_thrust,cruise_64,86.42454980613327,84.53901676722703,0.13133253153245922,12.635160146272494,True
vector_thrust,cruise_64,86.42454980613327,84.53901676722703,0.13133253153245922,12.641873065467413,True
vector_thrust,cruise_64,86.42454980613327,84.53901676722703,0.13133253153245922,12.660682247077064,True
vector_thrust,cruise_64,86.42454980613327,84.53901676722703,0.13133253153245922,12.687862302004183,True
vector_thrust,cruise_64,86.42454980613327,84.53901676722703,0.13133253153245922,12.718029887028953,True
vector_thrust,cruise_64,86.42454980613327,84.53901676722703,0.13133253153245922,12.74520994195607,True
vector_thrust,cruise_64,86.42454980613327,84.53901676722703,0.13133253153245922,12.764019123565722,True
vector_thrust,cruise_64,86.42454980613327,84.53901676722703,0.13133253153245922,12.77073204276064,True
vector_thrust,cruise_65,86.4222849505892,84.53680132426265,0.1313290898111795,12.77073204276064,True
vector_thrust,cruise_65,86.4222849505892,84.53680132426265,0.1313290898111795,12.777444961955558,True
vector_thrust,cruise_65,86.4222849505892,84.53680132426265,0.1313290898111795,12.79625414356521,True
vector_thrust,cruise_65,86.4222849505892,84.53680132426265,0.1313290898111795,12.823434198492327,True
vector_thrust,cruise_65,86.4222849505892,84.53680132426265,0.1313290898111795,12.853601783517098,True
vector_thrust,cruise_65,86.4222849505892,84.53680132426265,0.1313290898111795,12.880781838444216,True
vector_thrust,cruise_65,86.4222849505892,84.53680132426265,0.1313290898111795,12.899591020053867,True
vector_thrust,cruise_65,86.4222849505892,84.53680132426265,0.1313290898111795,12.906303939248785,True
vector_thrust,cruise_66,86.41999882176833,84.53456507214271,0.1313256157625888,12.906303939248785,True
vector_thrust,cruise_66,86.41999882176833,84.53456507214271,0.1313256157625888,12.913016858443704,True
vector_thrust,cruise_66,86.41999882176833,84.53456507214271,0.1313256157625888,12.931826040053355,True
vector_thrust,cruise_66,86.41999882176833,84.53456507214271,0.1313256157625888,12.959006094980474,True
vector_thrust,cruise_66,86.41999882176833,84.53456507214271,0.1313256157625888,12.989173680005244,True
vector_thrust,cruise_66,86.41999882176833,84.53456507214271,0.1313256157625888,13.01635373493236,True
vector_thrust,cruise_66,86.41999882176833,84.53456507214271,0.1313256157625888,13.035162916542014,True
vector_thrust,cruise_66,86.41999882176833,84.53456507214271,0.1313256157625888,13.041875835736931,True
vector_thrust,cruise_67,86.41769100809574,84.53230760827164,0.13132210876124945,13.041875835736931,True
vector_thrust,cruise_67,86.41769100809574,84.53230760827164,0.13132210876124945,13.048588754931849,True
vector_thrust,cruise_67,86.41769100809574,84.53230760827164,0.13132210876124945,13.067397936541502,True
vector_thrust,cruise_67,86.41769100809574,84.53230760827164,0.13132210876124945,13.094577991468618,True
vector_thrust,cruise_67,86.41769100809574,84.53230760827164,0.13132210876124945,13.124745576493389,True
vector_thrust,cruise_67,86.41769100809574,84.53230760827164,0.13132210876124945,13.151925631420507,True
vector_thrust,cruise_67,86.41769100809574,84.53230760827164,0.13132210876124945,13.170734813030158,True
vector_thrust,cruise_67,86.41769100809574,84.53230760827164,0.13132210876124945,13.177447732225076,True
vector_thrust,cruise_68,86.41536108584198,84.53002851816449,0.1313185681632533,13.177447732225076,True
vector_thrust,cruise_68,86.41536108584198,84.53002851816449,0.1313185681632533,13.184160651419996,True
vector_thrust,cruise_68,86.41536108584198,84.53002851816449,0.1313185681632533,13.202969833029647,True
vector_thrust,cruise_68,86.41536108584198,84.53002851816449,0.1313185681632533,13.230149887956765,True
vector_thrust,cruise_68,86.41536108584198,84.53002851816449,0.1313185681632533,13.260317472981535,True
vector_thrust,cruise_68,86.41536108584198,84.53002851816449,0.1313185681632533,13.287497527908652,True
vector_thrust,cruise_68,86.41536108584198,84.53002851816449,0.1313185681632533,13.306306709518305,True
vector_thrust,cruise_68,86.41536108584198,84.53002851816449,0.1313185681632533,13.313019628713223,True
vector_thrust,cruise_69,86.41300861863768,84.52772737497224,0.13131499330548452,13.313019628713223,True
vector_thrust,cruise_69,86.41300861863768,84.52772737497224,0.13131499330548452,13.31973254790814,True
vector_thrust,cruise_69,86.41300861863768,84.52772737497224,0.13131499330548452,13.338541729517793,True
vector_thrust,cruise_69,86.41300861863768,84.52772737497224,0.13131499330548452,13.36572178444491,True
vector_thrust,cruise_69,86.41300861863768,84.52772737497224,0.13131499330548452,13.39588936946968,True
vector_thrust,cruise_69,86.41300861863768,84.52772737497224,0.13131499330548452,13.423069424396799,True
vector_thrust,cruise_69,86.41300861863768,84.52772737497224,0.13131499330548452,13.44187860600645,True
vector_thrust,cruise_69,86.41300861863768,84.52772737497224,0.13131499330548452,13.448591525201367,True
vector_thrust,cruise_70,86.41063315696377,84.52540373898304,0.13131138350484461,13.448591525201367,True
vector_thrust,cruise_70,86.41063315696377,84.52540373898304,0.13131138350484461,13.455304444396287,True
vector_thrust,cruise_70,86.41063315696377,84.52540373898304,0.13131138350484461,13.474113626005938,True
vector_thrust,cruise_70,86.41063315696377,84.52540373898304,0.13131138350484461,13.501293680933056,True
vector_thrust,cruise_70,86.41063315696377,84.52540373898304,0.13131138350484461,13.531461265957827,True
vector_thrust,cruise_70,86.41063315696377,84.52540373898304,0.13131138350484461,13.558641320884943,True
vector_thrust,cruise_70,86.41063315696377,84.52540373898304,0.13131138350484461,13.577450502494596,True
vector_thrust,cruise_70,86.41063315696377,84.52540373898304,0.13131138350484461,13.584163421689514,True
vector_thrust,cruise_71,86.40823423761549,84.52305715709788,0.13130773805743806,13.584163421689514,True
vector_thrust,cruise_71,86.40823423761549,84.52305715709788,0.13130773805743806,13.590876340884432,True
vector_thrust,cruise_71,86.40823423761549,84.52305715709788,0.13130773805743806,13.609685522494084,True
vector_thrust,cruise_71,86.40823423761549,84.52305715709788,0.13130773805743806,13.6368655774212,True
vector_thrust,cruise_71,86.40823423761549,84.52305715709788,0.13130773805743806,13.667033162445971,True
vector_thrust,cruise_71,86.40823423761549,84.52305715709788,0.13130773805743806,13.69421321737309,True
vector_thrust,cruise_71,86.40823423761549,84.52305715709788,0.13130773805743806,13.71302239898274,True
vector_thrust,cruise_71,86.40823423761549,84.52305715709788,0.13130773805743806,13.71973531817766,True
vector_thrust,cruise_72,86.40581138313868,84.5206871622793,0.13130405623771568,13.71973531817766,True
vector_thrust,cruise_72,86.40581138313868,84.5206871622793,0.13130405623771568,13.726448237372578,True
vector_thrust,cruise_72,86.40581138313868,84.5206871622793,0.13130405623771568,13.745257418982229,True
vector_thrust,cruise_72,86.40581138313868,84.5206871622793,0.13130405623771568,13.772437473909347,True
vector_thrust,cruise_72,86.40581138313868,84.5206871622793,0.13130405623771568,13.802605058934118,True
vector_thrust,cruise_72,86.40581138313868,84.5206871622793,0.13130405623771568,13.829785113861234,True
vector_thrust,cruise_72,86.40581138313868,84.5206871622793,0.13130405623771568,13.848594295470887,True
vector_thrust,cruise_72,86.40581138313868,84.5206871622793,0.13130405623771568,13.855307214665805,True
vector_thrust,cruise_73,86.40336410123699,84.51829327297139,0.13130033729757376,13.855307214665805,True
vector_thrust,cruise_73,86.40336410123699,84.51829327297139,0.13130033729757376,13.862020133860723,True
vector_thrust,cruise_73,86.40336410123699,84.51829327297139,0.13130033729757376,13.880829315470375,True
vector_thrust,cruise_73,86.40336410123699,84.51829327297139,0.13130033729757376,13.908009370397492,True
vector_thrust,cruise_73,86.40336410123699,84.51829327297139,0.13130033729757376,13.938176955422263,True
vector_thrust,cruise_73,86.40336410123699,84.51829327297139,0.13130033729757376,13.965357010349381,True
vector_thrust,cruise_73,86.40336410123699,84.51829327297139,0.13130033729757376,13.984166191959032,True
vector_thrust,cruise_73,86.40336410123699,84.51829327297139,0.13130033729757376,13.990879111153951,True
vector_thrust,cruise_74,86.40089188414754,84.5158749924892,0.13129658046540532,13.990879111153951,True
vector_thrust,cruise_74,86.40089188414754,84.5158749924892,0.13129658046540532,13.99759203034887,True
vector_thrust,cruise_74,86.40089188414754,84.5158749924892,0.13129658046540532,14.01640121195852,True
vector_thrust,cruise_74,86.40089188414754,84.5158749924892,0.13129658046540532,14.043581266885639,True
vector_thrust,cruise_74,86.40089188414754,84.5158749924892,0.13129658046540532,14.073748851910409,True
vector_thrust,cruise_74,86.40089188414754,84.5158749924892,0.13129658046540532,14.100928906837526,True
vector_thrust,cruise_74,86.40089188414754,84.5158749924892,0.13129658046540532,14.119738088447178,True
vector_thrust,cruise_74,86.40089188414754,84.5158749924892,0.13129658046540532,14.126451007642096,True
vector_thrust,cruise_75,86.39839420798349,84.5134318083756,0.13129278494510108,14.126451007642096,True
vector_thrust,cruise_75,86.39839420798349,84.5134318083756,0.13129278494510108,14.133163926837014,True
vector_thrust,cruise_75,86.39839420798349,84.5134318083756,0.13129278494510108,14.151973108446667,True
vector_thrust,cruise_75,86.39839420798349,84.5134318083756,0.13129278494510108,14.179153163373783,True
vector_thrust,cruise_75,86.39839420798349,84.5134318083756,0.13129278494510108,14.209320748398554,True
vector_thrust,cruise_75,86.39839420798349,84.5134318083756,0.13129278494510108,14.236500803325672,True
vector_thrust,cruise_75,86.39839420798349,84.5134318083756,0.13129278494510108,14.255309984935323,True
vector_thrust,cruise_75,86.39839420798349,84.5134318083756,0.13129278494510108,14.262022904130243,True
vector_thrust,cruise_76,86.395870532041,84.51096319172332,0.13128894991499634,14.262022904130243,True
vector_thrust,cruise_76,86.395870532041,84.51096319172332,0.13128894991499634,14.26873582332516,True
vector_thrust,cruise_76,86.395870532041,84.51096319172332,0.13128894991499634,14.287545004934811,True
vector_thrust,cruise_76,86.395870532041,84.51096319172332,0.13128894991499634,14.31472505986193,True
vector_thrust,cruise_76,86.395870532041,84.51096319172332,0.13128894991499634,14.3448926448867,True
vector_thrust,cruise_76,86.395870532041,84.51096319172332,0.13128894991499634,14.372072699813819,True
vector_thrust,cruise_76,86.395870532041,84.51096319172332,0.13128894991499634,14.39088188142347,True
vector_thrust,cruise_76,86.395870532041,84.51096319172332,0.13128894991499634,14.397594800618387,True
vector_thrust,cruise_77,86.39332029806876,84.5084685964605,0.1312850745267609,14.397594800618387,True
vector_thrust,cruise_77,86.39332029806876,84.5084685964605,0.1312850745267609,14.404307719813305,True
vector_thrust,cruise_77,86.39332029806876,84.5084685964605,0.1312850745267609,14.423116901422958,True
vector_thrust,cruise_77,86.39332029806876,84.5084685964605,0.1312850745267609,14.450296956350074,True
vector_thrust,cruise_77,86.39332029806876,84.5084685964605,0.1312850745267609,14.480464541374845,True
vector_thrust,cruise_77,86.39332029806876,84.5084685964605,0.1312850745267609,14.507644596301963,True
vector_thrust,cruise_77,86.39332029806876,84.5084685964605,0.1312850745267609,14.526453777911614,True
vector_thrust,cruise_77,86.39332029806876,84.5084685964605,0.1312850745267609,14.533166697106534,True
vector_thrust,cruise_78,86.39074292949716,84.50594745859655,0.1312811579042276,14.533166697106534,True
vector_thrust,cruise_78,86.39074292949716,84.50594745859655,0.1312811579042276,14.539879616301452,True
vector_thrust,cruise_78,86.39074292949716,84.50594745859655,0.1312811579042276,14.558688797911103,True
vector_thrust,cruise_78,86.39074292949716,84.50594745859655,0.1312811579042276,14.585868852838221,True
vector_thrust,cruise_78,86.39074292949716,84.50594745859655,0.1312811579042276,14.616036437862991,True
vector_thrust,cruise_78,86.39074292949716,84.50594745859655,0.1312811579042276,14.64321649279011,True
vector_thrust,cruise_78,86.39074292949716,84.50594745859655,0.1312811579042276,14.66202567439976,True
vector_thrust,cruise_78,86.39074292949716,84.50594745859655,0.1312811579042276,14.668738593594679,True
vector_thrust,cruise_79,86.3881378306244,84.5033991954262,0.1312771991421557,14.668738593594679,True
vector_thrust,cruise_79,86.3881378306244,84.5033991954262,0.1312771991421557,14.675451512789598,True
vector_thrust,cruise_79,86.3881378306244,84.5033991954262,0.1312771991421557,14.694260694399249,True
vector_thrust,cruise_79,86.3881378306244,84.5033991954262,0.1312771991421557,14.721440749326367,True
vector_thrust,cruise_79,86.3881378306244,84.5033991954262,0.1312771991421557,14.751608334351138,True
vector_thrust,cruise_79,86.3881378306244,84.5033991954262,0.1312771991421557,14.778788389278255,True
vector_thrust,cruise_79,86.3881378306244,84.5033991954262,0.1312771991421557,14.797597570887907,True
vector_thrust,cruise_79,86.3881378306244,84.5033991954262,0.1312771991421557,14.804310490082825,True
vector_thrust,cruise_80,86.38550438575702,84.50082320468864,0.13127319730492473,14.804310490082825,True
vector_thrust,cruise_80,86.38550438575702,84.50082320468864,0.13127319730492473,14.811023409277743,True
vector_thrust,cruise_80,86.38550438575702,84.50082320468864,0.13127319730492473,14.829832590887394,True
vector_thrust,cruise_80,86.38550438575702,84.50082320468864,0.13127319730492473,14.857012645814512,True
vector_thrust,cruise_80,86.38550438575702,84.50082320468864,0.13127319730492473,14.887180230839283,True
vector_thrust,cruise_80,86.38550438575702,84.50082320468864,0.13127319730492473,14.914360285766401,True
vector_thrust,cruise_80,86.38550438575702,84.50082320468864,0.13127319730492473,14.933169467376052,True
vector_thrust,cruise_80,86.38550438575702,84.50082320468864,0.13127319730492473,14.93988238657097,True
vector_thrust,cruise_81,86.38284195830147,84.49821886367893,0.13126915142515397,14.93988238657097,True
vector_thrust,cruise_81,86.38284195830147,84.49821886367893,0.13126915142515397,14.94659530576589,True
vector_thrust,cruise_81,86.38284195830147,84.49821886367893,0.13126915142515397,14.96540448737554,True
vector_thrust,cruise_81,86.38284195830147,84.49821886367893,0.13126915142515397,14.992584542302659,True
vector_thrust,cruise_81,86.38284195830147,84.49821886367893,0.13126915142515397,15.02275212732743,True
vector_thrust,cruise_81,86.38284195830147,84.49821886367893,0.13126915142515397,15.049932182254546,True
vector_thrust,cruise_81,86.38284195830147,84.49821886367893,0.13126915142515397,15.068741363864198,True
vector_thrust,cruise_81,86.38284195830147,84.49821886367893,0.13126915142515397,15.075454283059116,True
vector_thrust,cruise_82,86.38014988980305,84.49558552830793,0.13126506050224201,15.075454283059116,True
vector_thrust,cruise_82,86.38014988980305,84.49558552830793,0.13126506050224201,15.082167202254034,True
vector_thrust,cruise_82,86.38014988980305,84.49558552830793,0.13126506050224201,15.100976383863687,True
vector_thrust,cruise_82,86.38014988980305,84.49558552830793,0.13126506050224201,15.128156438790803,True
vector_thrust,cruise_82,86.38014988980305,84.49558552830793,0.13126506050224201,15.158324023815574,True
vector_thrust,cruise_82,86.38014988980305,84.49558552830793,0.13126506050224201,15.185504078742692,True
vector_thrust,cruise_82,86.38014988980305,84.49558552830793,0.13126506050224201,15.204313260352343,True
vector_thrust,cruise_82,86.38014988980305,84.49558552830793,0.13126506050224201,15.211026179547261,True
vector_thrust,cruise_83,86.37742749892914,84.49292253210776,0.13126092350082177,15.211026179547261,True
vector_thrust,cruise_83,86.37742749892914,84.49292253210776,0.13126092350082177,15.21773909874218,True
vector_thrust,cruise_83,86.37742749892914,84.49292253210776,0.13126092350082177,15.236548280351832,True
vector_thrust,cruise_83,86.37742749892914,84.49292253210776,0.13126092350082177,15.26372833527895,True
vector_thrust,cruise_83,86.37742749892914,84.49292253210776,0.13126092350082177,15.29389592030372,True
vector_thrust,cruise_83,86.37742749892914,84.49292253210776,0.13126092350082177,15.321075975230837,True
vector_thrust,cruise_83,86.37742749892914,84.49292253210776,0.13126092350082177,15.33988515684049,True
vector_thrust,cruise_83,86.37742749892914,84.49292253210776,0.13126092350082177,15.346598076035407,True
vector_thrust,cruise_84,86.37467408039242,84.49022918517838,0.13125673934912407,15.346598076035407,True
vector_thrust,cruise_84,86.37467408039242,84.49022918517838,0.13125673934912407,15.353310995230325,True
vector_thrust,cruise_84,86.37467408039242,84.49022918517838,0.13125673934912407,15.372120176839978,True
vector_thrust,cruise_84,86.37467408039242,84.49022918517838,0.13125673934912407,15.399300231767095,True
vector_thrust,cruise_84,86.37467408039242,84.49022918517838,0.13125673934912407,15.429467816791865,True
vector_thrust,cruise_84,86.37467408039242,84.49022918517838,0.13125673934912407,15.456647871718983,True
vector_thrust,cruise_84,86.37467408039242,84.49022918517838,0.13125673934912407,15.475457053328634,True
vector_thrust,cruise_84,86.37467408039242,84.49022918517838,0.13125673934912407,15.482169972523552,True
vector_thrust,cruise_85,86.3718889038097,84.48750477307146,0.1312525069372435,15.482169972523552,True
vector_thrust,cruise_85,86.3718889038097,84.48750477307146,0.1312525069372435,15.488882891718472,True
vector_thrust,cruise_85,86.3718889038097,84.48750477307146,0.1312525069372435,15.507692073328123,True
vector_thrust,cruise_85,86.3718889038097,84.48750477307146,0.1312525069372435,15.534872128255241,True
vector_thrust,cruise_85,86.3718889038097,84.48750477307146,0.1312525069372435,15.565039713280012,True
vector_thrust,cruise_85,86.3718889038097,84.48750477307146,0.1312525069372435,15.592219768207128,True
vector_thrust,cruise_85,86.3718889038097,84.48750477307146,0.1312525069372435,15.611028949816781,True
vector_thrust,cruise_85,86.3718889038097,84.48750477307146,0.1312525069372435,15.617741869011699,True
vector_thrust,cruise_86,86.3690712124917,84.4847485556065,0.13124822511529938,15.617741869011699,True
vector_thrust,cruise_86,86.3690712124917,84.4847485556065,0.13124822511529938,15.624454788206616,True
vector_thrust,cruise_86,86.3690712124917,84.4847485556065,0.13124822511529938,15.64326396981627,True
vector_thrust,cruise_86,86.3690712124917,84.4847485556065,0.13124822511529938,15.670444024743386,True
vector_thrust,cruise_86,86.3690712124917,84.4847485556065,0.13124822511529938,15.700611609768156,True
vector_thrust,cruise_86,86.3690712124917,84.4847485556065,0.13124822511529938,15.727791664695275,True
vector_thrust,cruise_86,86.3690712124917,84.4847485556065,0.13124822511529938,15.746600846304926,True
vector_thrust,cruise_86,86.3690712124917,84.4847485556065,0.13124822511529938,15.753313765499845,True
vector_thrust,cruise_87,86.3662202221592,84.48195976561496,0.13124389269148481,15.753313765499845,True
vector_thrust,cruise_87,86.3662202221592,84.48195976561496,0.13124389269148481,15.760026684694763,True
vector_thrust,cruise_87,86.3662202221592,84.48195976561496,0.13124389269148481,15.778835866304414,True
vector_thrust,cruise_87,86.3662202221592,84.48195976561496,0.13124389269148481,15.806015921231532,True
vector_thrust,cruise_87,86.3662202221592,84.48195976561496,0.13124389269148481,15.836183506256303,True
vector_thrust,cruise_87,86.3662202221592,84.48195976561496,0.13124389269148481,15.86336356118342,True
vector_thrust,cruise_87,86.3662202221592,84.48195976561496,0.13124389269148481,15.882172742793072,True
vector_thrust,cruise_87,86.3662202221592,84.48195976561496,0.13124389269148481,15.88888566198799,True
vector_thrust,cruise_88,86.36333511957913,84.47913760760616,0.13123950842999405,15.88888566198799,True
vector_thrust,cruise_88,86.36333511957913,84.47913760760616,0.13123950842999405,15.895598581182908,True
vector_thrust,cruise_88,86.36333511957913,84.47913760760616,0.13123950842999405,15.91440776279256,True
vector_thrust,cruise_88,86.36333511957913,84.47913760760616,0.13123950842999405,15.941587817719677,True
vector_thrust,cruise_88,86.36333511957913,84.47913760760616,0.13123950842999405,15.971755402744447,True
vector_thrust,cruise_88,86.36333511957913,84.47913760760616,0.13123950842999405,15.998935457671566,True
vector_thrust,cruise_88,86.36333511957913,84.47913760760616,0.13123950842999405,16.01774463928122,True
vector_thrust,cruise_88,86.36333511957913,84.47913760760616,0.13123950842999405,16.024457558476136,True
vector_thrust,cruise_89,86.36041506111555,84.47628125634986,0.13123507104882046,16.024457558476136,True
vector_thrust,cruise_89,86.36041506111555,84.47628125634986,0.13123507104882046,16.031170477671054,True
vector_thrust,cruise_89,86.36041506111555,84.47628125634986,0.13123507104882046,16.049979659280705,True
vector_thrust,cruise_89,86.36041506111555,84.47628125634986,0.13123507104882046,16.077159714207824,True
vector_thrust,cruise_89,86.36041506111555,84.47628125634986,0.13123507104882046,16.107327299232594,True
vector_thrust,cruise_89,86.36041506111555,84.47628125634986,0.13123507104882046,16.134507354159712,True
vector_thrust,cruise_89,86.36041506111555,84.47628125634986,0.13123507104882046,16.153316535769363,True
vector_thrust,cruise_89,86.36041506111555,84.47628125634986,0.13123507104882046,16.16002945496428,True
vector_thrust,cruise_90,86.35745917118834,84.47338985536858,0.13123057921741443,16.16002945496428,True
vector_thrust,cruise_90,86.35745917118834,84.47338985536858,0.13123057921741443,16.1667423741592,True
vector_thrust,cruise_90,86.35745917118834,84.47338985536858,0.13123057921741443,16.18555155576885,True
vector_thrust,cruise_90,86.35745917118834,84.47338985536858,0.13123057921741443,16.21273161069597,True
vector_thrust,cruise_90,86.35745917118834,84.47338985536858,0.13123057921741443,16.24289919572074,True
vector_thrust,cruise_90,86.35745917118834,84.47338985536858,0.13123057921741443,16.270079250647857,True
vector_thrust,cruise_90,86.35745917118834,84.47338985536858,0.13123057921741443,16.288888432257508,True
vector_thrust,cruise_90,86.35745917118834,84.47338985536858,0.13123057921741443,16.295601351452426,True
vector_thrust,cruise_91,86.35446654063283,84.47046251533291,0.13122603155419052,16.295601351452426,True
vector_thrust,cruise_91,86.35446654063283,84.47046251533291,0.13122603155419052,16.302314270647344,True
vector_thrust,cruise_91,86.35446654063283,84.47046251533291,0.13122603155419052,16.321123452256998,True
vector_thrust,cruise_91,86.35446654063283,84.47046251533291,0.13122603155419052,16.348303507184113,True
vector_thrust,cruise_91,86.35446654063283,84.47046251533291,0.13122603155419052,16.378471092208883,True
vector_thrust,cruise_91,86.35446654063283,84.47046251533291,0.13122603155419052,16.405651147136002,True
vector_thrust,cruise_91,86.35446654063283,84.47046251533291,0.13122603155419052,16.424460328745653,True
vector_thrust,cruise_91,86.35446654063283,84.47046251533291,0.13122603155419052,16.431173247940574,True
vector_thrust,cruise_92,86.35143622495231,84.4674983123524,0.131221426623872,16.431173247940574,True
vector_thrust,cruise_92,86.35143622495231,84.4674983123524,0.131221426623872,16.437886167135492,True
vector_thrust,cruise_92,86.35143622495231,84.4674983123524,0.131221426623872,16.456695348745143,True
vector_thrust,cruise_92,86.35143622495231,84.4674983123524,0.131221426623872,16.48387540367226,True
vector_thrust,cruise_92,86.35143622495231,84.4674983123524,0.131221426623872,16.51404298869703,True
vector_thrust,cruise_92,86.35143622495231,84.4674983123524,0.131221426623872,16.54122304362415,True
vector_thrust,cruise_92,86.35143622495231,84.4674983123524,0.131221426623872,16.5600322252338,True
vector_thrust,cruise_92,86.35143622495231,84.4674983123524,0.131221426623872,16.56674514442872,True
vector_thrust,cruise_93,86.3483672424553,84.46449628615318,0.13121676293466028,16.56674514442872,True
vector_thrust,cruise_93,86.3483672424553,84.46449628615318,0.13121676293466028,16.573458063623637,True
vector_thrust,cruise_93,86.3483672424553,84.46449628615318,0.13121676293466028,16.592267245233288,True
vector_thrust,cruise_93,86.3483672424553,84.46449628615318,0.13121676293466028,16.619447300160406,True
vector_thrust,cruise_93,86.3483672424553,84.46449628615318,0.13121676293466028,16.649614885185176,True
vector_thrust,cruise_93,86.3483672424553,84.46449628615318,0.13121676293466028,16.676794940112295,True
vector_thrust,cruise_93,86.3483672424553,84.46449628615318,0.13121676293466028,16.695604121721946,True
vector_thrust,cruise_93,86.3483672424553,84.46449628615318,0.13121676293466028,16.702317040916864,True
vector_thrust,cruise_94,86.34525857226785,84.46145543813384,0.13121203893521413,16.702317040916864,True
vector_thrust,cruise_94,86.34525857226785,84.46145543813384,0.13121203893521413,16.70902996011178,True
vector_thrust,cruise_94,86.34525857226785,84.46145543813384,0.13121203893521413,16.727839141721432,True
vector_thrust,cruise_94,86.34525857226785,84.46145543813384,0.13121203893521413,16.75501919664855,True
vector_thrust,cruise_94,86.34525857226785,84.46145543813384,0.13121203893521413,16.78518678167332,True
vector_thrust,cruise_94,86.34525857226785,84.46145543813384,0.13121203893521413,16.81236683660044,True
vector_thrust,cruise_94,86.34525857226785,84.46145543813384,0.13121203893521413,16.83117601821009,True
vector_thrust,cruise_94,86.34525857226785,84.46145543813384,0.13121203893521413,16.83788893740501,True
vector_thrust,cruise_95,86.34210915221097,84.45837472928903,0.13120725301142447,16.83788893740501,True
vector_thrust,cruise_95,86.34210915221097,84.45837472928903,0.13120725301142447,16.84460185659993,True
vector_thrust,cruise_95,86.34210915221097,84.45837472928903,0.13120725301142447,16.86341103820958,True
vector_thrust,cruise_95,86.34210915221097,84.45837472928903,0.13120725301142447,16.8905910931367,True
vector_thrust,cruise_95,86.34210915221097,84.45837472928903,0.13120725301142447,16.92075867816147,True
vector_thrust,cruise_95,86.34210915221097,84.45837472928903,0.13120725301142447,16.947938733088584,True
vector_thrust,cruise_95,86.34210915221097,84.45837472928903,0.13120725301142447,16.96674791469824,True
vector_thrust,cruise_95,86.34210915221097,84.45837472928903,0.13120725301142447,16.973460833893157,True
vector_thrust,cruise_96,86.33891787653212,84.45525307799056,0.13120240348296686,16.973460833893157,True
vector_thrust,cruise_96,86.33891787653212,84.45525307799056,0.13120240348296686,16.980173753088074,True
vector_thrust,cruise_96,86.33891787653212,84.45525307799056,0.13120240348296686,16.998982934697725,True
vector_thrust,cruise_96,86.33891787653212,84.45525307799056,0.13120240348296686,17.026162989624844,True
vector_thrust,cruise_96,86.33891787653212,84.45525307799056,0.13120240348296686,17.056330574649614,True
vector_thrust,cruise_96,86.33891787653212,84.45525307799056,0.13120240348296686,17.083510629576732,True
vector_thrust,cruise_96,86.33891787653212,84.45525307799056,0.13120240348296686,17.10231981118638,True
vector_thrust,cruise_96,86.33891787653212,84.45525307799056,0.13120240348296686,17.109032730381298,True
vector_thrust,cruise_97,86.33568359347821,84.45208935761322,0.1311974885996135,17.109032730381298,True
vector_thrust,cruise_97,86.33568359347821,84.45208935761322,0.1311974885996135,17.11574564957622,True
vector_thrust,cruise_97,86.33568359347821,84.45208935761322,0.1311974885996135,17.13455483118587,True
vector_thrust,cruise_97,86.33568359347821,84.45208935761322,0.1311974885996135,17.161734886112985,True
vector_thrust,cruise_97,86.33568359347821,84.45208935761322,0.1311974885996135,17.19190247113776,True
vector_thrust,cruise_97,86.33568359347821,84.45208935761322,0.1311974885996135,17.219082526064877,True
vector_thrust,cruise_97,86.33568359347821,84.45208935761322,0.1311974885996135,17.237891707674525,True
vector_thrust,cruise_97,86.33568359347821,84.45208935761322,0.1311974885996135,17.244604626869442,True
vector_thrust,cruise_98,86.33240510269664,84.44888239399262,0.13119250653728382,17.244604626869442,True
vector_thrust,cruise_98,86.33240510269664,84.44888239399262,0.13119250653728382,17.25131754606436,True
vector_thrust,cruise_98,86.33240510269664,84.44888239399262,0.13119250653728382,17.27012672767401,True
vector_thrust,cruise_98,86.33240510269664,84.44888239399262,0.13119250653728382,17.29730678260113,True
vector_thrust,cruise_98,86.33240510269664,84.44888239399262,0.13119250653728382,17.3274743676259,True
vector_thrust,cruise_98,86.33240510269664,84.44888239399262,0.13119250653728382,17.354654422553022,True
vector_thrust,cruise_98,86.33240510269664,84.44888239399262,0.13119250653728382,17.37346360416267,True
vector_thrust,cruise_98,86.33240510269664,84.44888239399262,0.13119250653728382,17.380176523357587,True
vector_thrust,cruise_99,86.32908115244992,84.44563096270058,0.13118745539381163,17.380176523357587,True
vector_thrust,cruise_99,86.32908115244992,84.44563096270058,0.13118745539381163,17.386889442552505,True
vector_thrust,cruise_99,86.32908115244992,84.44563096270058,0.13118745539381163,17.405698624162156,True
vector_thrust,cruise_99,86.32908115244992,84.44563096270058,0.13118745539381163,17.43287867908927,True
vector_thrust,cruise_99,86.32908115244992,84.44563096270058,0.13118745539381163,17.463046264114045,True
vector_thrust,cruise_99,86.32908115244992,84.44563096270058,0.13118745539381163,17.490226319041163,True
vector_thrust,cruise_99,86.32908115244992,84.44563096270058,0.13118745539381163,17.50903550065081,True
vector_thrust,cruise_99,86.32908115244992,84.44563096270058,0.13118745539381163,17.515748419845732,True
vector_thrust,cruise_100,86.3257104366271,84.44233378612168,0.13118233318440378,17.515748419845732,True
vector_thrust,cruise_100,86.3257104366271,84.44233378612168,0.13118233318440378,17.52246133904065,True
vector_thrust,cruise_100,86.3257104366271,84.44233378612168,0.13118233318440378,17.5412705206503,True
vector_thrust,cruise_100,86.3257104366271,84.44233378612168,0.13118233318440378,17.568450575577415,True
vector_thrust,cruise_100,86.3257104366271,84.44233378612168,0.13118233318440378,17.59861816060219,True
vector_thrust,cruise_100,86.3257104366271,84.44233378612168,0.13118233318440378,17.625798215529308,True
vector_thrust,cruise_100,86.3257104366271,84.44233378612168,0.13118233318440378,17.644607397138955,True
vector_thrust,cruise_100,86.3257104366271,84.44233378612168,0.13118233318440378,17.651320316333873,True
vector_thrust,cruise_101,86.3222915915342,84.43898953031378,0.13117713783676266,17.651320316333873,True
vector_thrust,cruise_101,86.3222915915342,84.43898953031378,0.13117713783676266,17.65803323552879,True
vector_thrust,cruise_101,86.3222915915342,84.43898953031378,0.13117713783676266,17.676842417138445,True
vector_thrust,cruise_101,86.3222915915342,84.43898953031378,0.13117713783676266,17.70402247206556,True
vector_thrust,cruise_101,86.3222915915342,84.43898953031378,0.13117713783676266,17.73419005709033,True
vector_thrust,cruise_101,86.3222915915342,84.43898953031378,0.13117713783676266,17.761370112017453,True
vector_thrust,cruise_101,86.3222915915342,84.43898953031378,0.13117713783676266,17.7801792936271,True
vector_thrust,cruise_101,86.3222915915342,84.43898953031378,0.13117713783676266,17.786892212822018,True
vector_thrust,cruise_102,86.3188231924435,84.43559680163261,0.13117186718584267,17.786892212822018,True
vector_thrust,cruise_102,86.3188231924435,84.43559680163261,0.13117186718584267,17.793605132016935,True
vector_thrust,cruise_102,86.3188231924435,84.43559680163261,0.13117186718584267,17.812414313626586,True
vector_thrust,cruise_102,86.3188231924435,84.43559680163261,0.13117186718584267,17.839594368553705,True
vector_thrust,cruise_102,86.3188231924435,84.43559680163261,0.13117186718584267,17.869761953578475,True
vector_thrust,cruise_102,86.3188231924435,84.43559680163261,0.13117186718584267,17.896942008505597,True
vector_thrust,cruise_102,86.3188231924435,84.43559680163261,0.13117186718584267,17.915751190115245,True
vector_thrust,cruise_102,86.3188231924435,84.43559680163261,0.13117186718584267,17.922464109310162,True
vector_thrust,cruise_103,86.31530374987976,84.43215414309897,0.1311665189682064,17.922464109310162,True
vector_thrust,cruise_103,86.31530374987976,84.43215414309897,0.1311665189682064,17.92917702850508,True
vector_thrust,cruise_103,86.31530374987976,84.43215414309897,0.1311665189682064,17.94798621011473,True
vector_thrust,cruise_103,86.31530374987976,84.43215414309897,0.1311665189682064,17.975166265041846,True
vector_thrust,cruise_103,86.31530374987976,84.43215414309897,0.1311665189682064,18.00533385006662,True
vector_thrust,cruise_103,86.31530374987976,84.43215414309897,0.1311665189682064,18.03251390499374,True
vector_thrust,cruise_103,86.31530374987976,84.43215414309897,0.1311665189682064,18.051323086603386,True
vector_thrust,cruise_103,86.31530374987976,84.43215414309897,0.1311665189682064,18.058036005798307,True
vector_thrust,cruise_104,86.31173170561894,84.42866003048472,0.13116109081594446,18.058036005798307,True
vector_thrust,cruise_104,86.31173170561894,84.42866003048472,0.13116109081594446,18.064748924993225,True
vector_thrust,cruise_104,86.31173170561894,84.42866003048472,0.13116109081594446,18.083558106602876,True
vector_thrust,cruise_104,86.31173170561894,84.42866003048472,0.13116109081594446,18.11073816152999,True
vector_thrust,cruise_104,86.31173170561894,84.42866003048472,0.13116109081594446,18.140905746554765,True
vector_thrust,cruise_104,86.31173170561894,84.42866003048472,0.13116109081594446,18.168085801481883,True
vector_thrust,cruise_104,86.31173170561894,84.42866003048472,0.13116109081594446,18.18689498309153,True
vector_thrust,cruise_104,86.31173170561894,84.42866003048472,0.13116109081594446,18.19360790228645,True
vector_thrust,cruise_105,86.30810542837168,84.42511286809048,0.13115558025011573,18.19360790228645,True
vector_thrust,cruise_105,86.30810542837168,84.42511286809048,0.13115558025011573,18.200320821481366,True
vector_thrust,cruise_105,86.30810542837168,84.42511286809048,0.13115558025011573,18.21913000309102,True
vector_thrust,cruise_105,86.30810542837168,84.42511286809048,0.13115558025011573,18.246310058018135,True
vector_thrust,cruise_105,86.30810542837168,84.42511286809048,0.13115558025011573,18.276477643042906,True
vector_thrust,cruise_105,86.30810542837168,84.42511286809048,0.13115558025011573,18.303657697970028,True
vector_thrust,cruise_105,86.30810542837168,84.42511286809048,0.13115558025011573,18.322466879579675,True
vector_thrust,cruise_105,86.30810542837168,84.42511286809048,0.13115558025011573,18.329179798774593,True
vector_thrust,cruise_106,86.30442320912195,84.42151098418609,0.1311499846736643,18.329179798774593,True
vector_thrust,cruise_106,86.30442320912195,84.42151098418609,0.1311499846736643,18.33589271796951,True
vector_thrust,cruise_106,86.30442320912195,84.42151098418609,0.1311499846736643,18.35470189957916,True
vector_thrust,cruise_106,86.30442320912195,84.42151098418609,0.1311499846736643,18.38188195450628,True
vector_thrust,cruise_106,86.30442320912195,84.42151098418609,0.1311499846736643,18.41204953953105,True
vector_thrust,cruise_106,86.30442320912195,84.42151098418609,0.1311499846736643,18.43922959445817,True
vector_thrust,cruise_106,86.30442320912195,84.42151098418609,0.1311499846736643,18.45803877606782,True
vector_thrust,cruise_106,86.30442320912195,84.42151098418609,0.1311499846736643,18.464751695262738,True
vector_thrust,cruise_107,86.3006832560871,84.4178526260803,0.13114430136376007,18.464751695262738,True
vector_thrust,cruise_107,86.3006832560871,84.4178526260803,0.13114430136376007,18.471464614457656,True
vector_thrust,cruise_107,86.3006832560871,84.4178526260803,0.13114430136376007,18.490273796067306,True
vector_thrust,cruise_107,86.3006832560871,84.4178526260803,0.13114430136376007,18.51745385099442,True
vector_thrust,cruise_107,86.3006832560871,84.4178526260803,0.13114430136376007,18.547621436019195,True
vector_thrust,cruise_107,86.3006832560871,84.4178526260803,0.13114430136376007,18.574801490946314,True
vector_thrust,cruise_107,86.3006832560871,84.4178526260803,0.13114430136376007,18.59361067255596,True
vector_thrust,cruise_107,86.3006832560871,84.4178526260803,0.13114430136376007,18.60032359175088,True
vector_thrust,cruise_108,86.29688368926091,84.4141359547832,0.13113852746350685,18.60032359175088,True
vector_thrust,cruise_108,86.29688368926091,84.4141359547832,0.13113852746350685,18.6070365109458,True
vector_thrust,cruise_108,86.29688368926091,84.4141359547832,0.13113852746350685,18.62584569255545,True
vector_thrust,cruise_108,86.29688368926091,84.4141359547832,0.13113852746350685,18.653025747482566,True
vector_thrust,cruise_108,86.29688368926091,84.4141359547832,0.13113852746350685,18.68319333250734,True
vector_thrust,cruise_108,86.29688368926091,84.4141359547832,0.13113852746350685,18.71037338743446,True
vector_thrust,cruise_108,86.29688368926091,84.4141359547832,0.13113852746350685,18.729182569044106,True
vector_thrust,cruise_108,86.29688368926091,84.4141359547832,0.13113852746350685,18.735895488239024,True
vector_thrust,cruise_109,86.29302253449845,84.41035903922003,0.13113265997295317,18.735895488239024,True
vector_thrust,cruise_109,86.29302253449845,84.41035903922003,0.13113265997295317,18.74260840743394,True
vector_thrust,cruise_109,86.29302253449845,84.41035903922003,0.13113265997295317,18.761417589043596,True
vector_thrust,cruise_109,86.29302253449845,84.41035903922003,0.13113265997295317,18.78859764397071,True
vector_thrust,cruise_109,86.29302253449845,84.41035903922003,0.13113265997295317,18.81876522899548,True
vector_thrust,cruise_109,86.29302253449845,84.41035903922003,0.13113265997295317,18.845945283922603,True
vector_thrust,cruise_109,86.29302253449845,84.41035903922003,0.13113265997295317,18.86475446553225,True
vector_thrust,cruise_109,86.29302253449845,84.41035903922003,0.13113265997295317,18.87146738472717,True
vector_thrust,cruise_110,86.28909771709534,84.40651984995039,0.13112669573933544,18.87146738472717,True
vector_thrust,cruise_110,86.28909771709534,84.40651984995039,0.13112669573933544,18.878180303922086,True
vector_thrust,cruise_110,86.28909771709534,84.40651984995039,0.13112669573933544,18.896989485531737,True
vector_thrust,cruise_110,86.28909771709534,84.40651984995039,0.13112669573933544,18.924169540458855,True
vector_thrust,cruise_110,86.28909771709534,84.40651984995039,0.13112669573933544,18.954337125483626,True
vector_thrust,cruise_110,86.28909771709534,84.40651984995039,0.13112669573933544,18.981517180410744,True
vector_thrust,cruise_110,86.28909771709534,84.40651984995039,0.13112669573933544,19.000326362020395,True
vector_thrust,cruise_110,86.28909771709534,84.40651984995039,0.13112669573933544,19.007039281215313,True
vector_thrust,cruise_111,86.28510705480838,84.40261625234128,0.13112063144647174,19.007039281215313,True
vector_thrust,cruise_111,86.28510705480838,84.40261625234128,0.13112063144647174,19.01375220041023,True
vector_thrust,cruise_111,86.28510705480838,84.40261625234128,0.13112063144647174,19.032561382019882,True
vector_thrust,cruise_111,86.28510705480838,84.40261625234128,0.13112063144647174,19.059741436946997,True
vector_thrust,cruise_111,86.28510705480838,84.40261625234128,0.13112063144647174,19.08990902197177,True
vector_thrust,cruise_111,86.28510705480838,84.40261625234128,0.13112063144647174,19.11708907689889,True
vector_thrust,cruise_111,86.28510705480838,84.40261625234128,0.13112063144647174,19.135898258508536,True
vector_thrust,cruise_111,86.28510705480838,84.40261625234128,0.13112063144647174,19.142611177703454,True
vector_thrust,cruise_112,86.28104825025812,84.39864599913547,0.13111446360321682,19.142611177703454,True
vector_thrust,cruise_112,86.28104825025812,84.39864599913547,0.13111446360321682,19.149324096898376,True
vector_thrust,cruise_112,86.28104825025812,84.39864599913547,0.13111446360321682,19.168133278508027,True
vector_thrust,cruise_112,86.28104825025812,84.39864599913547,0.13111446360321682,19.19531333343514,True
vector_thrust,cruise_112,86.28104825025812,84.39864599913547,0.13111446360321682,19.225480918459915,True
vector_thrust,cruise_112,86.28104825025812,84.39864599913547,0.13111446360321682,19.252660973387034,True
vector_thrust,cruise_112,86.28104825025812,84.39864599913547,0.13111446360321682,19.27147015499668,True
vector_thrust,cruise_112,86.28104825025812,84.39864599913547,0.13111446360321682,19.2781830741916,True
vector_thrust,cruise_113,86.2769188826468,84.39460672234995,0.13110818853087639,19.2781830741916,True
vector_thrust,cruise_113,86.2769188826468,84.39460672234995,0.13110818853087639,19.284895993386517,True
vector_thrust,cruise_113,86.2769188826468,84.39460672234995,0.13110818853087639,19.303705174996168,True
vector_thrust,cruise_113,86.2769188826468,84.39460672234995,0.13110818853087639,19.330885229923286,True
vector_thrust,cruise_113,86.2769188826468,84.39460672234995,0.13110818853087639,19.361052814948057,True
vector_thrust,cruise_113,86.2769188826468,84.39460672234995,0.13110818853087639,19.38823286987518,True
vector_thrust,cruise_113,86.2769188826468,84.39460672234995,0.13110818853087639,19.407042051484826,True
vector_thrust,cruise_113,86.2769188826468,84.39460672234995,0.13110818853087639,19.413754970679744,True
vector_thrust,cruise_114,86.2727163987153,84.39049592443031,0.1311018023494651,19.413754970679744,True
vector_thrust,cruise_114,86.2727163987153,84.39049592443031,0.1311018023494651,19.42046788987466,True
vector_thrust,cruise_114,86.2727163987153,84.39049592443031,0.1311018023494651,19.439277071484312,True
vector_thrust,cruise_114,86.2727163987153,84.39049592443031,0.1311018023494651,19.466457126411427,True
vector_thrust,cruise_114,86.2727163987153,84.39049592443031,0.1311018023494651,19.4966247114362,True
vector_thrust,cruise_114,86.2727163987153,84.39049592443031,0.1311018023494651,19.52380476636332,True
vector_thrust,cruise_114,86.2727163987153,84.39049592443031,0.1311018023494651,19.542613947972967,True
vector_thrust,cruise_114,86.2727163987153,84.39049592443031,0.1311018023494651,19.54932686716789,True
vector_thrust,cruise_115,86.2684381028545,84.38631096857782,0.13109530096267974,19.54932686716789,True
vector_thrust,cruise_115,86.2684381028545,84.38631096857782,0.13109530096267974,19.556039786362806,True
vector_thrust,cruise_115,86.2684381028545,84.38631096857782,0.13109530096267974,19.574848967972457,True
vector_thrust,cruise_115,86.2684381028545,84.38631096857782,0.13109530096267974,19.602029022899572,True
vector_thrust,cruise_115,86.2684381028545,84.38631096857782,0.13109530096267974,19.632196607924346,True
vector_thrust,cruise_115,86.2684381028545,84.38631096857782,0.13109530096267974,19.659376662851464,True
vector_thrust,cruise_115,86.2684381028545,84.38631096857782,0.13109530096267974,19.67818584446111,True
vector_thrust,cruise_115,86.2684381028545,84.38631096857782,0.13109530096267974,19.68489876365603,True
vector_thrust,cruise_116,86.26408114627296,84.38204906815335,0.13108868004143784,19.68489876365603,True
vector_thrust,cruise_116,86.26408114627296,84.38204906815335,0.13108868004143784,19.691611682850947,True
vector_thrust,cruise_116,86.26408114627296,84.38204906815335,0.13108868004143784,19.710420864460602,True
vector_thrust,cruise_116,86.26408114627296,84.38204906815335,0.13108868004143784,19.737600919387717,True
vector_thrust,cruise_116,86.26408114627296,84.38204906815335,0.13108868004143784,19.767768504412487,True
vector_thrust,cruise_116,86.26408114627296,84.38204906815335,0.13108868004143784,19.79494855933961,True
vector_thrust,cruise_116,86.26408114627296,84.38204906815335,0.13108868004143784,19.813757740949256,True
vector_thrust,cruise_116,86.26408114627296,84.38204906815335,0.13108868004143784,19.820470660144174,True
vector_thrust,cruise_117,86.25964251511172,84.37770727505169,0.13108193500581716,19.820470660144174,True
vector_thrust,cruise_117,86.25964251511172,84.37770727505169,0.13108193500581716,19.827183579339092,True
vector_thrust,cruise_117,86.25964251511172,84.37770727505169,0.13108193500581716,19.845992760948743,True
vector_thrust,cruise_117,86.25964251511172,84.37770727505169,0.13108193500581716,19.87317281587586,True
vector_thrust,cruise_117,86.25964251511172,84.37770727505169,0.13108193500581716,19.903340400900632,True
vector_thrust,cruise_117,86.25964251511172,84.37770727505169,0.13108193500581716,19.930520455827754,True
vector_thrust,cruise_117,86.25964251511172,84.37770727505169,0.13108193500581716,19.9493296374374,True
vector_thrust,cruise_117,86.25964251511172,84.37770727505169,0.13108193500581716,19.95604255663232,True
vector_thrust,cruise_118,86.25511901737987,84.37328246692185,0.1310750610052023,19.95604255663232,True
vector_thrust,cruise_118,86.25511901737987,84.37328246692185,0.1310750610052023,19.962755475827237,True
vector_thrust,cruise_118,86.25511901737987,84.37328246692185,0.1310750610052023,19.981564657436888,True
vector_thrust,cruise_118,86.25511901737987,84.37328246692185,0.1310750610052023,20.008744712364003,True
vector_thrust,cruise_118,86.25511901737987,84.37328246692185,0.1310750610052023,20.038912297388777,True
vector_thrust,cruise_118,86.25511901737987,84.37328246692185,0.1310750610052023,20.066092352315895,True
vector_thrust,cruise_118,86.25511901737987,84.37328246692185,0.1310750610052023,20.084901533925542,True
vector_thrust,cruise_118,86.25511901737987,84.37328246692185,0.1310750610052023,20.091614453120464,True
vector_thrust,cruise_119,86.25050726856766,84.3687713330943,0.13106805289642237,20.091614453120464,True
vector_thrust,cruise_119,86.25050726856766,84.3687713330943,0.13106805289642237,20.09832737231538,True
vector_thrust,cruise_119,86.25050726856766,84.3687713330943,0.13106805289642237,20.117136553925032,True
vector_thrust,cruise_119,86.25050726856766,84.3687713330943,0.13106805289642237,20.144316608852147,True
vector_thrust,cruise_119,86.25050726856766,84.3687713330943,0.13106805289642237,20.17448419387692,True
vector_thrust,cruise_119,86.25050726856766,84.3687713330943,0.13106805289642237,20.20166424880404,True
vector_thrust,cruise_119,86.25050726856766,84.3687713330943,0.13106805289642237,20.220473430413687,True
vector_thrust,cruise_119,86.25050726856766,84.3687713330943,0.13106805289642237,20.227186349608605,True
vector_thrust,cruise_120,86.24580367577286,84.36417035905349,0.13106090521962885,20.227186349608605,True
vector_thrust,cruise_120,86.24580367577286,84.36417035905349,0.13106090521962885,20.233899268803523,True
vector_thrust,cruise_120,86.24580367577286,84.36417035905349,0.13106090521962885,20.252708450413177,True
vector_thrust,cruise_120,86.24580367577286,84.36417035905349,0.13106090521962885,20.279888505340292,True
vector_thrust,cruise_120,86.24580367577286,84.36417035905349,0.13106090521962885,20.310056090365062,True
vector_thrust,cruise_120,86.24580367577286,84.36417035905349,0.13106090521962885,20.337236145292184,True
vector_thrust,cruise_120,86.24580367577286,84.36417035905349,0.13106090521962885,20.35604532690183,True
vector_thrust,cruise_120,86.24580367577286,84.36417035905349,0.13106090521962885,20.36275824609675,True
vector_thrust,cruise_121,86.24100442015185,84.35947580927193,0.13105361217162811,20.36275824609675,True
vector_thrust,cruise_121,86.24100442015185,84.35947580927193,0.13105361217162811,20.369471165291667,True
vector_thrust,cruise_121,86.24100442015185,84.35947580927193,0.13105361217162811,20.38828034690132,True
vector_thrust,cruise_121,86.24100442015185,84.35947580927193,0.13105361217162811,20.415460401828437,True
vector_thrust,cruise_121,86.24100442015185,84.35947580927193,0.13105361217162811,20.445627986853207,True
vector_thrust,cruise_121,86.24100442015185,84.35947580927193,0.13105361217162811,20.472808041780326,True
vector_thrust,cruise_121,86.24100442015185,84.35947580927193,0.13105361217162811,20.491617223389976,True
vector_thrust,cruise_121,86.24100442015185,84.35947580927193,0.13105361217162811,20.498330142584894,True
vector_thrust,cruise_122,88.4254615293388,86.4962743994306,0.13437315832856095,20.498330142584894,True
vector_thrust,cruise_122,88.4254615293388,86.4962743994306,0.13437315832856095,20.505043061779812,True
vector_thrust,cruise_122,88.4254615293388,86.4962743994306,0.13437315832856095,20.523852243389463,True
vector_thrust,cruise_122,88.4254615293388,86.4962743994306,0.13437315832856095,20.551032298316578,True
vector_thrust,cruise_122,88.4254615293388,86.4962743994306,0.13437315832856095,20.581199883341352,True
vector_thrust,cruise_122,88.4254615293388,86.4962743994306,0.13437315832856095,20.60837993826847,True
vector_thrust,cruise_122,88.4254615293388,86.4962743994306,0.13437315832856095,20.627189119878118,True
vector_thrust,cruise_122,88.4254615293388,86.4962743994306,0.13437315832856095,20.633902039073035,True
vector_thrust,cruise_123,90.12607718492757,88.15978755333106,0.1369574490157929,20.633902039073035,True
vector_thrust,cruise_123,90.12607718492757,88.15978755333106,0.1369574490157929,20.640614958267957,True
vector_thrust,cruise_123,90.12607718492757,88.15978755333106,0.1369574490157929,20.659424139877608,True
vector_thrust,cruise_123,90.12607718492757,88.15978755333106,0.1369574490157929,20.686604194804723,True
vector_thrust,cruise_123,90.12607718492757,88.15978755333106,0.1369574490157929,20.716771779829497,True
vector_thrust,cruise_123,90.12607718492757,88.15978755333106,0.1369574490157929,20.743951834756615,True
vector_thrust,cruise_123,90.12607718492757,88.15978755333106,0.1369574490157929,20.762761016366262,True
vector_thrust,cruise_123,90.12607718492757,88.15978755333106,0.1369574490157929,20.76947393556118,True
vector_thrust,cruise_124,90.12494704021276,88.15868206509641,0.13695573162453398,20.76947393556118,True
vector_thrust,cruise_124,90.12494704021276,88.15868206509641,0.13695573162453398,20.776186854756098,True
vector_thrust,cruise_124,90.12494704021276,88.15868206509641,0.13695573162453398,20.794996036365752,True
vector_thrust,cruise_124,90.12494704021276,88.15868206509641,0.13695573162453398,20.822176091292867,True
vector_thrust,cruise_124,90.12494704021276,88.15868206509641,0.13695573162453398,20.852343676317638,True
vector_thrust,cruise_124,90.12494704021276,88.15868206509641,0.13695573162453398,20.87952373124476,True
vector_thrust,cruise_124,90.12494704021276,88.15868206509641,0.13695573162453398,20.898332912854407,True
vector_thrust,cruise_124,90.12494704021276,88.15868206509641,0.13695573162453398,20.905045832049325,True
vector_thrust,cruise_125,90.12378806285925,88.15754837326764,0.13695397041860158,20.905045832049325,True
vector_thrust,cruise_125,90.12378806285925,88.15754837326764,0.13695397041860158,20.911758751244243,True
vector_thrust,cruise_125,90.12378806285925,88.15754837326764,0.13695397041860158,20.930567932853894,True
vector_thrust,cruise_125,90.12378806285925,88.15754837326764,0.13695397041860158,20.957747987781012,True
vector_thrust,cruise_125,90.12378806285925,88.15754837326764,0.13695397041860158,20.987915572805782,True
vector_thrust,cruise_125,90.12378806285925,88.15754837326764,0.13695397041860158,21.0150956277329,True
vector_thrust,cruise_125,90.12378806285925,88.15754837326764,0.13695397041860158,21.033904809342552,True
vector_thrust,cruise_125,90.12378806285925,88.15754837326764,0.13695397041860158,21.04061772853747,True
vector_thrust,cruise_126,90.12259877328866,88.15638503054646,0.1369521631495978,21.04061772853747,True
vector_thrust,cruise_126,90.12259877328866,88.15638503054646,0.1369521631495978,21.047330647732387,True
vector_thrust,cruise_126,90.12259877328866,88.15638503054646,0.1369521631495978,21.06613982934204,True
vector_thrust,cruise_126,90.12259877328866,88.15638503054646,0.1369521631495978,21.093319884269153,True
vector_thrust,cruise_126,90.12259877328866,88.15638503054646,0.1369521631495978,21.123487469293927,True
vector_thrust,cruise_126,90.12259877328866,88.15638503054646,0.1369521631495978,21.150667524221046,True
vector_thrust,cruise_126,90.12259877328866,88.15638503054646,0.1369521631495978,21.169476705830693,True
vector_thrust,cruise_126,90.12259877328866,88.15638503054646,0.1369521631495978,21.17618962502561,True
vector_thrust,cruise_127,90.12137757582764,88.15519047607246,0.13695030739270445,21.17618962502561,True
vector_thrust,cruise_127,90.12137757582764,88.15519047607246,0.13695030739270445,21.182902544220532,True
vector_thrust,cruise_127,90.12137757582764,88.15519047607246,0.13695030739270445,21.201711725830183,True
vector_thrust,cruise_127,90.12137757582764,88.15519047607246,0.13695030739270445,21.228891780757298,True
vector_thrust,cruise_127,90.12137757582764,88.15519047607246,0.13695030739270445,21.259059365782072,True
vector_thrust,cruise_127,90.12137757582764,88.15519047607246,0.13695030739270445,21.28623942070919,True
vector_thrust,cruise_127,90.12137757582764,88.15519047607246,0.13695030739270445,21.305048602318838,True
vector_thrust,cruise_127,90.12137757582764,88.15519047607246,0.13695030739270445,21.311761521513755,True
vector_thrust,cruise_128,90.12012274627946,88.15396302326593,0.13694840052779658,21.311761521513755,True
vector_thrust,cruise_128,90.12012274627946,88.15396302326593,0.13694840052779658,21.318474440708673,True
vector_thrust,cruise_128,90.12012274627946,88.15396302326593,0.13694840052779658,21.337283622318324,True
vector_thrust,cruise_128,90.12012274627946,88.15396302326593,0.13694840052779658,21.364463677245443,True
vector_thrust,cruise_128,90.12012274627946,88.15396302326593,0.13694840052779658,21.394631262270213,True
vector_thrust,cruise_128,90.12012274627946,88.15396302326593,0.13694840052779658,21.421811317197335,True
vector_thrust,cruise_128,90.12012274627946,88.15396302326593,0.13694840052779658,21.440620498806982,True
vector_thrust,cruise_128,90.12012274627946,88.15396302326593,0.13694840052779658,21.4473334180019,True
vector_thrust,cruise_129,90.11883241778943,88.1527008460015,0.13694643971796322,21.4473334180019,True
vector_thrust,cruise_129,90.11883241778943,88.1527008460015,0.13694643971796322,21.454046337196818,True
vector_thrust,cruise_129,90.11883241778943,88.1527008460015,0.13694643971796322,21.47285551880647,True
vector_thrust,cruise_129,90.11883241778943,88.1527008460015,0.13694643971796322,21.500035573733584,True
vector_thrust,cruise_129,90.11883241778943,88.1527008460015,0.13694643971796322,21.530203158758358,True
vector_thrust,cruise_129,90.11883241778943,88.1527008460015,0.13694643971796322,21.557383213685476,True
vector_thrust,cruise_129,90.11883241778943,88.1527008460015,0.13694643971796322,21.576192395295124,True
vector_thrust,cruise_129,90.11883241778943,88.1527008460015,0.13694643971796322,21.582905314490045,True
vector_thrust,cruise_130,90.11750456471724,88.15140196283247,0.13694442188499947,21.582905314490045,True
vector_thrust,cruise_130,90.11750456471724,88.15140196283247,0.13694442188499947,21.589618233684963,True
vector_thrust,cruise_130,90.11750456471724,88.15140196283247,0.13694442188499947,21.608427415294614,True
vector_thrust,cruise_130,90.11750456471724,88.15140196283247,0.13694442188499947,21.63560747022173,True
vector_thrust,cruise_130,90.11750456471724,88.15140196283247,0.13694442188499947,21.665775055246502,True
vector_thrust,cruise_130,90.11750456471724,88.15140196283247,0.13694442188499947,21.69295511017362,True
vector_thrust,cruise_130,90.11750456471724,88.15140196283247,0.13694442188499947,21.71176429178327,True
vector_thrust,cruise_130,90.11750456471724,88.15140196283247,0.13694442188499947,21.718477210978186,True
vector_thrust,cruise_131,90.11613698416862,88.15006421892532,0.13694234368134173,21.718477210978186,True
vector_thrust,cruise_131,90.11613698416862,88.15006421892532,0.13694234368134173,21.725190130173104,True
vector_thrust,cruise_131,90.11613698416862,88.15006421892532,0.13694234368134173,21.74399931178276,True
vector_thrust,cruise_131,90.11613698416862,88.15006421892532,0.13694234368134173,21.771179366709873,True
vector_thrust,cruise_131,90.11613698416862,88.15006421892532,0.13694234368134173,21.801346951734644,True
vector_thrust,cruise_131,90.11613698416862,88.15006421892532,0.13694234368134173,21.828527006661766,True
vector_thrust,cruise_131,90.11613698416862,88.15006421892532,0.13694234368134173,21.847336188271413,True
vector_thrust,cruise_131,90.11613698416862,88.15006421892532,0.13694234368134173,21.85404910746633,True
vector_thrust,cruise_132,90.11472727476752,88.14868526529509,0.13694020145780936,21.85404910746633,True
vector_thrust,cruise_132,90.11472727476752,88.14868526529509,0.13694020145780936,21.86076202666125,True
vector_thrust,cruise_132,90.11472727476752,88.14868526529509,0.13694020145780936,21.8795712082709,True
vector_thrust,cruise_132,90.11472727476752,88.14868526529509,0.13694020145780936,21.906751263198018,True
vector_thrust,cruise_132,90.11472727476752,88.14868526529509,0.13694020145780936,21.93691884822279,True
vector_thrust,cruise_132,90.11472727476752,88.14868526529509,0.13694020145780936,21.96409890314991,True
vector_thrust,cruise_132,90.11472727476752,88.14868526529509,0.13694020145780936,21.982908084759558,True
vector_thrust,cruise_132,90.11472727476752,88.14868526529509,0.13694020145780936,21.989621003954475,True
vector_thrust,cruise_133,90.11327281215952,88.14726253484314,0.1369379912263791,21.989621003954475,True
vector_thrust,cruise_133,90.11327281215952,88.14726253484314,0.1369379912263791,21.996333923149393,True
vector_thrust,cruise_133,90.11327281215952,88.14726253484314,0.1369379912263791,22.015143104759044,True
vector_thrust,cruise_133,90.11327281215952,88.14726253484314,0.1369379912263791,22.04232315968616,True
vector_thrust,cruise_133,90.11327281215952,88.14726253484314,0.1369379912263791,22.072490744710933,True
vector_thrust,cruise_133,90.11327281215952,88.14726253484314,0.1369379912263791,22.09967079963805,True
vector_thrust,cruise_133,90.11327281215952,88.14726253484314,0.1369379912263791,22.1184799812477,True
vector_thrust,cruise_133,90.11327281215952,88.14726253484314,0.1369379912263791,22.12519290044262,True
vector_thrust,cruise_134,90.11177072062384,88.14579321458858,0.13693570861704624,22.12519290044262,True
vector_thrust,cruise_134,90.11177072062384,88.14579321458858,0.13693570861704624,22.131905819637538,True
vector_thrust,cruise_134,90.11177072062384,88.14579321458858,0.13693570861704624,22.15071500124719,True
vector_thrust,cruise_134,90.11177072062384,88.14579321458858,0.13693570861704624,22.177895056174304,True
vector_thrust,cruise_134,90.11177072062384,88.14579321458858,0.13693570861704624,22.208062641199078,True
vector_thrust,cruise_134,90.11177072062384,88.14579321458858,0.13693570861704624,22.235242696126196,True
vector_thrust,cruise_134,90.11177072062384,88.14579321458858,0.13693570861704624,22.254051877735844,True
vector_thrust,cruise_134,90.11177072062384,88.14579321458858,0.13693570861704624,22.26076479693076,True
vector_thrust,cruise_135,90.11021784002968,88.14427421334551,0.13693334882761074,22.26076479693076,True
vector_thrust,cruise_135,90.11021784002968,88.14427421334551,0.13693334882761074,22.26747771612568,True
vector_thrust,cruise_135,90.11021784002968,88.14427421334551,0.13693334882761074,22.286286897735334,True
vector_thrust,cruise_135,90.11021784002968,88.14427421334551,0.13693334882761074,22.31346695266245,True
vector_thrust,cruise_135,90.11021784002968,88.14427421334551,0.13693334882761074,22.34363453768722,True
vector_thrust,cruise_135,90.11021784002968,88.14427421334551,0.13693334882761074,22.37081459261434,True
vector_thrust,cruise_135,90.11021784002968,88.14427421334551,0.13693334882761074,22.38962377422399,True
vector_thrust,cruise_135,90.11021784002968,88.14427421334551,0.13693334882761074,22.396336693418906,True
vector_thrust,cruise_136,90.10861068718998,88.14270212391992,0.13693090656494963,22.396336693418906,True
vector_thrust,cruise_136,90.10861068718998,88.14270212391992,0.13693090656494963,22.403049612613824,True
vector_thrust,cruise_136,90.10861068718998,88.14270212391992,0.13693090656494963,22.421858794223475,True
vector_thrust,cruise_136,90.10861068718998,88.14270212391992,0.13693090656494963,22.449038849150593,True
vector_thrust,cruise_136,90.10861068718998,88.14270212391992,0.13693090656494963,22.479206434175364,True
vector_thrust,cruise_136,90.10861068718998,88.14270212391992,0.13693090656494963,22.506386489102482,True
vector_thrust,cruise_136,90.10861068718998,88.14270212391992,0.13693090656494963,22.525195670712133,True
vector_thrust,cruise_136,90.10861068718998,88.14270212391992,0.13693090656494963,22.53190858990705,True
vector_thrust,cruise_137,90.1069454104355,88.14107317867479,0.13692837597598667,22.53190858990705,True
vector_thrust,cruise_137,90.1069454104355,88.14107317867479,0.13692837597598667,22.53862150910197,True
vector_thrust,cruise_137,90.1069454104355,88.14107317867479,0.13692837597598667,22.55743069071162,True
vector_thrust,cruise_137,90.1069454104355,88.14107317867479,0.13692837597598667,22.584610745638734,True
vector_thrust,cruise_137,90.1069454104355,88.14107317867479,0.13692837597598667,22.61477833066351,True
vector_thrust,cruise_137,90.1069454104355,88.14107317867479,0.13692837597598667,22.641958385590627,True
vector_thrust,cruise_137,90.1069454104355,88.14107317867479,0.13692837597598667,22.660767567200274,True
vector_thrust,cruise_137,90.1069454104355,88.14107317867479,0.13692837597598667,22.667480486395192,True
vector_thrust,cruise_138,90.10521773593128,88.13938319701784,0.13692575056611397,22.667480486395192,True
vector_thrust,cruise_138,90.10521773593128,88.13938319701784,0.13692575056611397,22.674193405590113,True
vector_thrust,cruise_138,90.10521773593128,88.13938319701784,0.13692575056611397,22.693002587199764,True
vector_thrust,cruise_138,90.10521773593128,88.13938319701784,0.13692575056611397,22.72018264212688,True
vector_thrust,cruise_138,90.10521773593128,88.13938319701784,0.13692575056611397,22.750350227151653,True
vector_thrust,cruise_138,90.10521773593128,88.13938319701784,0.13692575056611397,22.77753028207877,True
vector_thrust,cruise_138,90.10521773593128,88.13938319701784,0.13692575056611397,22.79633946368842,True
vector_thrust,cruise_138,90.10521773593128,88.13938319701784,0.13692575056611397,22.803052382883337,True
vector_thrust,cruise_139,90.10342290386977,88.13762752298678,0.13692302310222967,22.803052382883337,True
vector_thrust,cruise_139,90.10342290386977,88.13762752298678,0.13692302310222967,22.809765302078254,True
vector_thrust,cruise_139,90.10342290386977,88.13762752298678,0.13692302310222967,22.82857448368791,True
vector_thrust,cruise_139,90.10342290386977,88.13762752298678,0.13692302310222967,22.855754538615024,True
vector_thrust,cruise_139,90.10342290386977,88.13762752298678,0.13692302310222967,22.885922123639794,True
vector_thrust,cruise_139,90.10342290386977,88.13762752298678,0.13692302310222967,22.913102178566916,True
vector_thrust,cruise_139,90.10342290386977,88.13762752298678,0.13692302310222967,22.931911360176564,True
vector_thrust,cruise_139,90.10342290386977,88.13762752298678,0.13692302310222967,22.93862427937148,True
vector_thrust,cruise_140,90.10155559216359,88.13580095060668,0.1369201854967798,22.93862427937148,True
vector_thrust,cruise_140,90.10155559216359,88.13580095060668,0.1369201854967798,22.9453371985664,True
vector_thrust,cruise_140,90.10155559216359,88.13580095060668,0.1369201854967798,22.96414638017605,True
vector_thrust,cruise_140,90.10155559216359,88.13580095060668,0.1369201854967798,22.99132643510317,True
vector_thrust,cruise_140,90.10155559216359,88.13580095060668,0.1369201854967798,23.02149402012794,True
vector_thrust,cruise_140,90.10155559216359,88.13580095060668,0.1369201854967798,23.048674075055057,True
vector_thrust,cruise_140,90.10155559216359,88.13580095060668,0.1369201854967798,23.06748325666471,True
vector_thrust,cruise_140,90.10155559216359,88.13580095060668,0.1369201854967798,23.074196175859626,True
vector_thrust,cruise_141,90.0996098245834,88.1338976340322,0.13691722866816275,23.074196175859626,True
vector_thrust,cruise_141,90.0996098245834,88.1338976340322,0.13691722866816275,23.080909095054544,True
vector_thrust,cruise_141,90.0996098245834,88.1338976340322,0.13691722866816275,23.099718276664195,True
vector_thrust,cruise_141,90.0996098245834,88.1338976340322,0.13691722866816275,23.12689833159131,True
vector_thrust,cruise_141,90.0996098245834,88.1338976340322,0.13691722866816275,23.157065916616084,True
vector_thrust,cruise_141,90.0996098245834,88.1338976340322,0.13691722866816275,23.184245971543202,True
vector_thrust,cruise_141,90.0996098245834,88.1338976340322,0.13691722866816275,23.20305515315285,True
vector_thrust,cruise_141,90.0996098245834,88.1338976340322,0.13691722866816275,23.209768072347767,True
vector_thrust,cruise_142,90.0975788593811,88.13191097860066,0.1369141423714789,23.209768072347767,True
vector_thrust,cruise_142,90.0975788593811,88.13191097860066,0.1369141423714789,23.21648099154269,True
vector_thrust,cruise_142,90.0975788593811,88.13191097860066,0.1369141423714789,23.23529017315234,True
vector_thrust,cruise_142,90.0975788593811,88.13191097860066,0.1369141423714789,23.262470228079454,True
vector_thrust,cruise_142,90.0975788593811,88.13191097860066,0.1369141423714789,23.29263781310423,True
vector_thrust,cruise_142,90.0975788593811,88.13191097860066,0.1369141423714789,23.319817868031347,True
vector_thrust,cruise_142,90.0975788593811,88.13191097860066,0.1369141423714789,23.338627049640994,True
vector_thrust,cruise_142,90.0975788593811,88.13191097860066,0.1369141423714789,23.345339968835912,True
vector_thrust,cruise_143,90.09545505321053,88.12983350772154,0.13691091499174143,23.345339968835912,True
vector_thrust,cruise_143,90.09545505321053,88.12983350772154,0.13691091499174143,23.35205288803083,True
vector_thrust,cruise_143,90.09545505321053,88.12983350772154,0.13691091499174143,23.37086206964048,True
vector_thrust,cruise_143,90.09545505321053,88.12983350772154,0.13691091499174143,23.3980421245676,True
vector_thrust,cruise_143,90.09545505321053,88.12983350772154,0.13691091499174143,23.42820970959237,True
vector_thrust,cruise_143,90.09545505321053,88.12983350772154,0.13691091499174143,23.45538976451949,True
vector_thrust,cruise_143,90.09545505321053,88.12983350772154,0.13691091499174143,23.47419894612914,True
vector_thrust,cruise_143,90.09545505321053,88.12983350772154,0.13691091499174143,23.480911865324057,True
vector_thrust,cruise_144,90.09322969347646,88.12765669888314,0.1369075332891106,23.480911865324057,True
vector_thrust,cruise_144,90.09322969347646,88.12765669888314,0.1369075332891106,23.487624784518975,True
vector_thrust,cruise_144,90.09322969347646,88.12765669888314,0.1369075332891106,23.506433966128625,True
vector_thrust,cruise_144,90.09322969347646,88.12765669888314,0.1369075332891106,23.53361402105574,True
vector_thrust,cruise_144,90.09322969347646,88.12765669888314,0.1369075332891106,23.563781606080514,True
vector_thrust,cruise_144,90.09322969347646,88.12765669888314,0.1369075332891106,23.590961661007633,True
vector_thrust,cruise_144,90.09322969347646,88.12765669888314,0.1369075332891106,23.60977084261728,True
vector_thrust,cruise_144,90.09322969347646,88.12765669888314,0.1369075332891106,23.6164837618122,True
vector_thrust,cruise_145,90.09089278990928,88.1253707797746,0.13690398208216634,23.6164837618122,True
vector_thrust,cruise_145,90.09089278990928,88.1253707797746,0.13690398208216634,23.62319668100712,True
vector_thrust,cruise_145,90.09089278990928,88.1253707797746,0.13690398208216634,23.64200586261677,True
vector_thrust,cruise_145,90.09089278990928,88.1253707797746,0.13690398208216634,23.669185917543885,True
vector_thrust,cruise_145,90.09089278990928,88.1253707797746,0.13690398208216634,23.69935350256866,True
vector_thrust,cruise_145,90.09089278990928,88.1253707797746,0.13690398208216634,23.726533557495777,True
vector_thrust,cruise_145,90.09089278990928,88.1253707797746,0.13690398208216634,23.745342739105425,True
vector_thrust,cruise_145,90.09089278990928,88.1253707797746,0.13690398208216634,23.752055658300343,True
vector_thrust,cruise_146,90.08843281287656,88.12296447230662,0.13690024385024102,23.752055658300343,True
vector_thrust,cruise_146,90.08843281287656,88.12296447230662,0.13690024385024102,23.75876857749526,True
vector_thrust,cruise_146,90.08843281287656,88.12296447230662,0.13690024385024102,23.777577759104915,True
vector_thrust,cruise_146,90.08843281287656,88.12296447230662,0.13690024385024102,23.80475781403203,True
vector_thrust,cruise_146,90.08843281287656,88.12296447230662,0.13690024385024102,23.8349253990568,True
vector_thrust,cruise_146,90.08843281287656,88.12296447230662,0.13690024385024102,23.862105453983922,True
vector_thrust,cruise_146,90.08843281287656,88.12296447230662,0.13690024385024102,23.88091463559357,True
vector_thrust,cruise_146,90.08843281287656,88.12296447230662,0.13690024385024102,23.887627554788487,True
vector_thrust,cruise_147,90.08583636124543,88.12042466772017,0.13689629822869617,23.887627554788487,True
vector_thrust,cruise_147,90.08583636124543,88.12042466772017,0.13689629822869617,23.894340473983405,True
vector_thrust,cruise_147,90.08583636124543,88.12042466772017,0.13689629822869617,23.913149655593056,True
vector_thrust,cruise_147,90.08583636124543,88.12042466772017,0.13689629822869617,23.940329710520174,True
vector_thrust,cruise_147,90.08583636124543,88.12042466772017,0.13689629822869617,23.970497295544945,True
vector_thrust,cruise_147,90.08583636124543,88.12042466772017,0.13689629822869617,23.997677350472067,True
vector_thrust,cruise_147,90.08583636124543,88.12042466772017,0.13689629822869617,24.016486532081714,True
vector_thrust,cruise_147,90.08583636124543,88.12042466772017,0.13689629822869617,24.023199451276632,True
vector_thrust,cruise_148,90.08308773578156,88.11773600929268,0.136892121360651,24.023199451276632,True
vector_thrust,cruise_148,90.08308773578156,88.11773600929268,0.136892121360651,24.02991237047155,True
vector_thrust,cruise_148,90.08308773578156,88.11773600929268,0.136892121360651,24.0487215520812,True
vector_thrust,cruise_148,90.08308773578156,88.11773600929268,0.136892121360651,24.075901607008316,True
vector_thrust,cruise_148,90.08308773578156,88.11773600929268,0.136892121360651,24.10606919203309,True
vector_thrust,cruise_148,90.08308773578156,88.11773600929268,0.136892121360651,24.133249246960208,True
vector_thrust,cruise_148,90.08308773578156,88.11773600929268,0.136892121360651,24.152058428569855,True
vector_thrust,cruise_148,90.08308773578156,88.11773600929268,0.136892121360651,24.158771347764777,True
vector_thrust,cruise_149,90.08016838395712,88.11488034925871,0.13688768505330084,24.158771347764777,True
vector_thrust,cruise_149,90.08016838395712,88.11488034925871,0.13688768505330084,24.165484266959695,True
vector_thrust,cruise_149,90.08016838395712,88.11488034925871,0.13688768505330084,24.184293448569345,True
vector_thrust,cruise_149,90.08016838395712,88.11488034925871,0.13688768505330084,24.21147350349646,True
vector_thrust,cruise_149,90.08016838395712,88.11488034925871,0.13688768505330084,24.241641088521234,True
vector_thrust,cruise_149,90.08016838395712,88.11488034925871,0.13688768505330084,24.268821143448353,True
vector_thrust,cruise_149,90.08016838395712,88.11488034925871,0.13688768505330084,24.287630325058,True
vector_thrust,cruise_149,90.08016838395712,88.11488034925871,0.13688768505330084,24.294343244252918,True
vector_thrust,cruise_150,90.07705616675231,88.11183603160764,0.13688295566373385,24.294343244252918,True
vector_thrust,cruise_150,90.07705616675231,88.11183603160764,0.13688295566373385,24.301056163447836,True
vector_thrust,cruise_150,90.07705616675231,88.11183603160764,0.13688295566373385,24.31986534505749,True
vector_thrust,cruise_150,90.07705616675231,88.11183603160764,0.13688295566373385,24.347045399984605,True
vector_thrust,cruise_150,90.07705616675231,88.11183603160764,0.13688295566373385,24.377212985009376,True
vector_thrust,cruise_150,90.07705616675231,88.11183603160764,0.13688295566373385,24.404393039936497,True
vector_thrust,cruise_150,90.07705616675231,88.11183603160764,0.13688295566373385,24.423202221546145,True
vector_thrust,cruise_150,90.07705616675231,88.11183603160764,0.13688295566373385,24.429915140741063,True
vector_thrust,cruise_151,90.07372437439683,88.1085769292989,0.13687789260323116,24.429915140741063,True
vector_thrust,cruise_151,90.07372437439683,88.1085769292989,0.13687789260323116,24.43662805993598,True
vector_thrust,cruise_151,90.07372437439683,88.1085769292989,0.13687789260323116,24.45543724154563,True
vector_thrust,cruise_151,90.07372437439683,88.1085769292989,0.13687789260323116,24.48261729647275,True
vector_thrust,cruise_151,90.07372437439683,88.1085769292989,0.13687789260323116,24.51278488149752,True
vector_thrust,cruise_151,90.07372437439683,88.1085769292989,0.13687789260323116,24.53996493642464,True
vector_thrust,cruise_151,90.07372437439683,88.1085769292989,0.13687789260323116,24.55877411803429,True
vector_thrust,cruise_151,90.07372437439683,88.1085769292989,0.13687789260323116,24.565487037229207,True
vector_thrust,cruise_152,90.07014038049712,88.10507112775223,0.13687244629205103,24.565487037229207,True
vector_thrust,cruise_152,90.07014038049712,88.10507112775223,0.13687244629205103,24.572199956424125,True
vector_thrust,cruise_152,90.07014038049712,88.10507112775223,0.13687244629205103,24.591009138033776,True
vector_thrust,cruise_152,90.07014038049712,88.10507112775223,0.13687244629205103,24.61818919296089,True
vector_thrust,cruise_152,90.07014038049712,88.10507112775223,0.13687244629205103,24.648356777985665,True
vector_thrust,cruise_152,90.07014038049712,88.10507112775223,0.13687244629205103,24.675536832912783,True
vector_thrust,cruise_152,90.07014038049712,88.10507112775223,0.13687244629205103,24.69434601452243,True
vector_thrust,cruise_152,90.07014038049712,88.10507112775223,0.13687244629205103,24.70105893371735,True
vector_thrust,cruise_153,90.0662637627864,88.10127908659749,0.13686655530368172,24.70105893371735,True
vector_thrust,cruise_153,90.0662637627864,88.10127908659749,0.13686655530368172,24.70777185291227,True
vector_thrust,cruise_153,90.0662637627864,88.10127908659749,0.13686655530368172,24.72658103452192,True
vector_thrust,cruise_153,90.0662637627864,88.10127908659749,0.13686655530368172,24.753761089449036,True
vector_thrust,cruise_153,90.0662637627864,88.10127908659749,0.13686655530368172,24.78392867447381,True
vector_thrust,cruise_153,90.0662637627864,88.10127908659749,0.13686655530368172,24.811108729400928,True
vector_thrust,cruise_153,90.0662637627864,88.10127908659749,0.13686655530368172,24.829917911010575,True
vector_thrust,cruise_153,90.0662637627864,88.10127908659749,0.13686655530368172,24.836630830205493,True
vector_thrust,cruise_154,90.06204361550583,88.09715101069179,0.13686014228068025,24.836630830205493,True
vector_thrust,cruise_154,90.06204361550583,88.09715101069179,0.13686014228068025,24.84334374940041,True
vector_thrust,cruise_154,90.06204361550583,88.09715101069179,0.13686014228068025,24.862152931010066,True
vector_thrust,cruise_154,90.06204361550583,88.09715101069179,0.13686014228068025,24.88933298593718,True
vector_thrust,cruise_154,90.06204361550583,88.09715101069179,0.13686014228068025,24.91950057096195,True
vector_thrust,cruise_154,90.06204361550583,88.09715101069179,0.13686014228068025,24.946680625889073,True
vector_thrust,cruise_154,90.06204361550583,88.09715101069179,0.13686014228068025,24.96548980749872,True
vector_thrust,cruise_154,90.06204361550583,88.09715101069179,0.13686014228068025,24.972202726693638,True
vector_thrust,cruise_155,90.05741459772906,88.09262298465842,0.13685310792962496,24.972202726693638,True
vector_thrust,cruise_155,90.05741459772906,88.09262298465842,0.13685310792962496,24.978915645888556,True
vector_thrust,cruise_155,90.05741459772906,88.09262298465842,0.13685310792962496,24.997724827498207,True
vector_thrust,cruise_155,90.05741459772906,88.09262298465842,0.13685310792962496,25.024904882425325,True
vector_thrust,cruise_155,90.05741459772906,88.09262298465842,0.13685310792962496,25.055072467450096,True
vector_thrust,cruise_155,90.05741459772906,88.09262298465842,0.13685310792962496,25.082252522377214,True
vector_thrust,cruise_155,90.05741459772906,88.09262298465842,0.13685310792962496,25.101061703986865,True
vector_thrust,cruise_155,90.05741459772906,88.09262298465842,0.13685310792962496,25.107774623181783,True
vector_thrust,cruise_156,87.95975269155022,86.040725977891,0.1336654575564885,25.107774623181783,True
vector_thrust,cruise_156,87.95975269155022,86.040725977891,0.1336654575564885,25.1144875423767,True
vector_thrust,cruise_156,87.95975269155022,86.040725977891,0.1336654575564885,25.13329672398635,True
vector_thrust,cruise_156,87.95975269155022,86.040725977891,0.1336654575564885,25.160476778913466,True
vector_thrust,cruise_156,87.95975269155022,86.040725977891,0.1336654575564885,25.19064436393824,True
vector_thrust,cruise_156,87.95975269155022,86.040725977891,0.1336654575564885,25.21782441886536,True
vector_thrust,cruise_156,87.95975269155022,86.040725977891,0.1336654575564885,25.236633600475006,True
vector_thrust,cruise_156,87.95975269155022,86.040725977891,0.1336654575564885,25.243346519669924,True
vector_thrust,cruise_157,89.85095844017238,87.89067110172084,0.13653937288694085,25.243346519669924,True
vector_thrust,cruise_157,89.85095844017238,87.89067110172084,0.13653937288694085,25.250059438864845,True
vector_thrust,cruise_157,89.85095844017238,87.89067110172084,0.13653937288694085,25.268868620474496,True
vector_thrust,cruise_157,89.85095844017238,87.89067110172084,0.13653937288694085,25.29604867540161,True
vector_thrust,cruise_157,89.85095844017238,87.89067110172084,0.13653937288694085,25.326216260426385,True
vector_thrust,cruise_157,89.85095844017238,87.89067110172084,0.13653937288694085,25.353396315353503,True
vector_thrust,cruise_157,89.85095844017238,87.89067110172084,0.13653937288694085,25.37220549696315,True
vector_thrust,cruise_157,89.85095844017238,87.89067110172084,0.13653937288694085,25.37891841615807,True
vector_thrust,cruise_158,89.69275870776252,87.73592282868073,0.13629896930495228,25.37891841615807,True
vector_thrust,cruise_158,89.69275870776252,87.73592282868073,0.13629896930495228,25.385631335352986,True
vector_thrust,cruise_158,89.69275870776252,87.73592282868073,0.13629896930495228,25.404440516962637,True
vector_thrust,cruise_158,89.69275870776252,87.73592282868073,0.13629896930495228,25.431620571889756,True
vector_thrust,cruise_158,89.69275870776252,87.73592282868073,0.13629896930495228,25.461788156914526,True
vector_thrust,cruise_158,89.69275870776252,87.73592282868073,0.13629896930495228,25.488968211841648,True
vector_thrust,cruise_158,89.69275870776252,87.73592282868073,0.13629896930495228,25.507777393451295,True
vector_thrust,cruise_158,89.69275870776252,87.73592282868073,0.13629896930495228,25.514490312646213,True
vector_thrust,cruise_159,87.38224825563755,85.47582101396252,0.13278786988365976,25.514490312646213,True
vector_thrust,cruise_159,87.38224825563755,85.47582101396252,0.13278786988365976,25.52120323184113,True
vector_thrust,cruise_159,87.38224825563755,85.47582101396252,0.13278786988365976,25.540012413450782,True
vector_thrust,cruise_159,87.38224825563755,85.47582101396252,0.13278786988365976,25.567192468377897,True
vector_thrust,cruise_159,87.38224825563755,85.47582101396252,0.13278786988365976,25.59736005340267,True
vector_thrust,cruise_159,87.38224825563755,85.47582101396252,0.13278786988365976,25.62454010832979,True
vector_thrust,cruise_159,87.38224825563755,85.47582101396252,0.13278786988365976,25.643349289939437,True
vector_thrust,cruise_159,87.38224825563755,85.47582101396252,0.13278786988365976,25.650062209134358,True
vector_thrust,cruise_160,85.5819379516175,83.71478825973739,0.13005208114884656,25.650062209134358,True
vector_thrust,cruise_160,85.5819379516175,83.71478825973739,0.13005208114884656,25.656775128329276,True
vector_thrust,cruise_160,85.5819379516175,83.71478825973739,0.13005208114884656,25.675584309938927,True
vector_thrust,cruise_160,85.5819379516175,83.71478825973739,0.13005208114884656,25.70276436486604,True
vector_thrust,cruise_160,85.5819379516175,83.71478825973739,0.13005208114884656,25.732931949890816,True
vector_thrust,cruise_160,85.5819379516175,83.71478825973739,0.13005208114884656,25.760112004817934,True
vector_thrust,cruise_160,85.5819379516175,83.71478825973739,0.13005208114884656,25.77892118642758,True
vector_thrust,cruise_160,85.5819379516175,83.71478825973739,0.13005208114884656,25.7856341056225,True
vector_thrust,cruise_161,89.35398371685113,87.40453892559741,0.13578415982921785,25.7856341056225,True
vector_thrust,cruise_161,89.35398371685113,87.40453892559741,0.13578415982921785,25.792347024817417,True
vector_thrust,cruise_161,89.35398371685113,87.40453892559741,0.13578415982921785,25.81115620642707,True
vector_thrust,cruise_161,89.35398371685113,87.40453892559741,0.13578415982921785,25.838336261354186,True
vector_thrust,cruise_161,89.35398371685113,87.40453892559741,0.13578415982921785,25.868503846378957,True
vector_thrust,cruise_161,89.35398371685113,87.40453892559741,0.13578415982921785,25.89568390130608,True
vector_thrust,cruise_161,89.35398371685113,87.40453892559741,0.13578415982921785,25.914493082915726,True
vector_thrust,cruise_161,89.35398371685113,87.40453892559741,0.13578415982921785,25.921206002110644,True
vector_thrust,cruise_162,89.17913064597404,87.23350064163945,0.13551844949001418,25.921206002110644,True
vector_thrust,cruise_162,89.17913064597404,87.23350064163945,0.13551844949001418,25.92791892130556,True
vector_thrust,cruise_162,89.17913064597404,87.23350064163945,0.13551844949001418,25.946728102915213,True
vector_thrust,cruise_162,89.17913064597404,87.23350064163945,0.13551844949001418,25.97390815784233,True
vector_thrust,cruise_162,89.17913064597404,87.23350064163945,0.13551844949001418,26.0040757428671,True
vector_thrust,cruise_162,89.17913064597404,87.23350064163945,0.13551844949001418,26.03125579779422,True
vector_thrust,cruise_162,89.17913064597404,87.23350064163945,0.13551844949001418,26.05006497940387,True
vector_thrust,cruise_162,89.17913064597404,87.23350064163945,0.13551844949001418,26.05677789859879,True
vector_thrust,cruise_163,84.13245774833979,82.29693151089074,0.12784942108374156,26.05677789859879,True
vector_thrust,cruise_163,84.13245774833979,82.29693151089074,0.12784942108374156,26.07078841761569,True
vector_thrust,cruise_163,84.13245774833979,82.29693151089074,0.12784942108374156,26.110045019547357,True
vector_thrust,cruise_163,84.13245774833979,82.29693151089074,0.12784942108374156,26.1667724529306,True
vector_thrust,cruise_163,84.13245774833979,82.29693151089074,0.12784942108374156,26.229735153867548,True
vector_thrust,cruise_163,84.13245774833979,82.29693151089074,0.12784942108374156,26.286462587250792,True
vector_thrust,cruise_163,84.13245774833979,82.29693151089074,0.12784942108374156,26.32571918918246,True
vector_thrust,cruise_163,84.13245774833979,82.29693151089074,0.12784942108374156,26.33972970819936,True
vector_thrust,decel_descend,85.31527457252034,83.45394270222775,0.1296468539683476,26.33972970819936,False
vector_thrust,decel_descend,85.31527457252034,83.52725568033856,0.12962010721055395,26.45856706671646,False
vector_thrust,decel_descend,85.31527457252034,83.73285806829054,0.12954525173429274,26.791541945968884,False
vector_thrust,decel_descend,85.31527457252034,84.03044129560105,0.12943730907955392,27.27270458745178,False
vector_thrust,decel_descend,85.31527457252034,84.36139712246333,0.12931781424501815,27.806754828946936,False
vector_thrust,decel_descend,85.31527457252034,84.6601758613373,0.12921043344540992,28.28791747042984,False
vector_thrust,decel_descend,85.31527457252034,84.867269027665,0.12913627859764873,28.62089234968226,False
vector_thrust,decel_descend,85.31527457252034,84.9412454645117,0.1291098436512313,28.73972970819936,False
vector_thrust,arrival_terminal_procedure,70.71240680959325,70.40239786246556,0.10701094069184972,28.73972970819936,False
vector_thrust,arrival_terminal_procedure,70.71240680959325,70.40239786246556,0.10701094069184972,28.77737162655432,False
vector_thrust,arrival_terminal_procedure,70.71240680959325,70.40239786246556,0.10701094069184972,28.882841938041167,False
vector_thrust,arrival_terminal_procedure,70.71240680959325,70.40239786246556,0.10701094069184972,29.03525095396145,False
vector_thrust,arrival_terminal_procedure,70.71240680959325,70.40239786246556,0.10701094069184972,29.20441219953824,False
vector_thrust,arrival_terminal_procedure,70.71240680959325,70.40239786246556,0.10701094069184972,29.356821215458524,False
vector_thrust,arrival_terminal_procedure,70.71240680959325,70.40239786246556,0.10701094069184972,29.46229152694537,False
vector_thrust,arrival_terminal_procedure,70.71240680959325,70.40239786246556,0.10701094069184972,29.499933445300332,False
vector_thrust,second_descent,72.65528860122384,72.33676190217975,0.10995115468760992,29.499933445300332,False
vector_thrust,second_descent,72.65528860122384,72.34989040699698,0.10994646635964268,29.52469122832473,False
vector_thrust,second_descent,72.65528860122384,72.38668246953785,0.10993333312075872,29.594060994835647,False
vector_thrust,second_descent,72.65528860122384,72.43986627201481,0.10991436327524204,29.694303211811253,False
vector_thrust,second_descent,72.65528860122384,72.49892038213457,0.10989331972300748,29.805563678789408,False
vector_thrust,second_descent,72.65528860122384,72.55214841046407,0.1098743703885552,29.905805895765017,False
vector_thrust,second_descent,72.65528860122384,72.58899562174072,0.10986126272656058,29.975175662275937,False
vector_thrust,second_descent,72.65528860122384,72.60214867005426,0.10985658578138363,29.999933445300332,False
vector_thrust,hover_descent,2.6760360393761116,2.6740787920280176,0.004046232399231623,29.999933445300332,False
vector_thrust,hover_descent,2.6760360393761116,2.6741756881665415,0.004046197949643843,30.009069212521023,False
vector_thrust,hover_descent,2.6760360393761116,2.6744471951484927,0.0040461014286869495,30.03466706344221,False
vector_thrust,hover_descent,2.6760360393761116,2.6748395602348523,0.004045961963951793,30.071657029751908,False
vector_thrust,hover_descent,2.6760360393761116,2.675275088791137,0.004045807186502554,30.112712794970314,False
vector_thrust,hover_descent,2.6760360393761116,2.6756675190457617,0.004045667751908603,30.14970276128001,False
vector_thrust,hover_descent,2.6760360393761116,2.675939107291211,0.0040455712685371755,30.175300612201195,False
vector_thrust,hover_descent,2.6760360393761116,2.676036039595394,0.0040455368356765034,30.184436379421886,False
