eVTOL_type,mission_segment,altitude_ft,air_speed_mph,pitch_angle_deg,range_nmi,time_min,fesibility
lift_and_cruse,hover_climb,0.0,5.615861777241331,0.0,0.0,0.0,True
lift_and_cruse,hover_climb,2.475778302439521,5.615861777241331,0.0,0.0,0.005009710969012452,True
lift_and_cruse,hover_climb,9.412754953531659,5.615861777241331,0.0,0.0,0.019046609178563864,True
lift_and_cruse,hover_climb,19.436976651092134,5.615861777241331,0.0,0.0,0.039330514786993474,True
lift_and_cruse,hover_climb,30.563023348907855,5.615861777241331,0.0,0.0,0.061843951522774776,True
lift_and_cruse,hover_climb,40.587245046468325,5.615861777241331,0.0,0.0,0.08212785713120438,True
lift_and_cruse,hover_climb,47.52422169756047,5.615861777241331,0.0,0.0,0.0961647553407558,True
lift_and_cruse,hover_climb,49.99999999999999,5.615861777241331,0.0,0.0,0.10117446630976826,True
lift_and_cruse,dep_transition,49.99999999999999,70.23853930339561,5.0,0.0,0.10117446630976826,True
lift_and_cruse,dep_transition,50.4951556604879,70.28959542213916,5.09903113209758,0.0007699760455167838,0.10193527055387208,True
lift_and_cruse,dep_transition,51.88255099070633,70.43265148789044,5.376510198141267,0.0029303810444990443,0.10406699667498708,True
lift_and_cruse,dep_transition,53.887395330218425,70.63937349235988,5.777479066043686,0.006060016428415246,0.10714743017092122,True
lift_and_cruse,dep_transition,56.11260466978156,70.86881760728333,6.222520933956314,0.009544389412082691,0.11056645340876721,True
lift_and_cruse,dep_transition,58.117449009293665,71.07553961175279,6.623489801858734,0.012693377193055763,0.11364688690470136,True
lift_and_cruse,dep_transition,59.50484433951209,71.21859567750407,6.900968867902419,0.01487791423645098,0.11577861302581634,True
lift_and_cruse,dep_transition,59.99999999999999,71.2696517962476,7.0,0.01565863005208986,0.11653941726992018,True
lift_and_cruse,second_climb,59.99999999999999,81.20157102552237,15.103502103519661,0.01565863005208986,0.11653941726992018,True
lift_and_cruse,second_climb,71.8837358517097,81.20157102552237,15.107339249602553,0.04354155276181047,0.14030688897333957,True
lift_and_cruse,second_climb,105.18122377695195,81.20157102552237,15.118099822262689,0.12166776608670622,0.20690186482382403,True
lift_and_cruse,second_climb,153.29748792524222,81.20157102552237,15.133673115099853,0.2345634153226542,0.3031343931204045,True
lift_and_cruse,second_climb,206.70251207475772,81.20157102552237,15.150991219131509,0.35986813256419947,0.4099444414194353,True
lift_and_cruse,second_climb,254.818776223048,81.20157102552237,15.166624164153355,0.47276378180014744,0.5061769697160158,True
lift_and_cruse,second_climb,288.11626414829027,81.20157102552237,15.177459122273362,0.5508899951250429,0.5727719455665004,True
lift_and_cruse,second_climb,299.99999999999994,81.20157102552237,15.181329373143532,0.5787729178347634,0.5965394172699197,True
lift_and_cruse,departure_terminal_procedures,299.99999999999994,93.05188695192567,8.612094502813717,0.5787729178347634,0.5965394172699197,True
lift_and_cruse,departure_terminal_procedures,299.99999999999994,93.05188695192567,8.612094502813587,0.6315434658035161,0.6356964493641243,True
lift_and_cruse,departure_terminal_procedures,299.99999999999994,93.05188695192567,8.612094502813587,0.779403255496263,0.7454120152109974,True
lift_and_cruse,departure_terminal_procedures,299.99999999999994,93.05188695192567,8.612094502813585,0.9930668421830391,0.9039556014214543,True
lift_and_cruse,departure_terminal_procedures,299.99999999999994,93.05188695192567,8.612094502813585,1.2302155321086017,1.0799257063370304,True
lift_and_cruse,departure_terminal_procedures,299.99999999999994,93.05188695192567,8.612094502813587,1.4438791187953772,1.238469292547487,True
lift_and_cruse,departure_terminal_procedures,299.99999999999994,93.05188695192567,8.61209450281358,1.5917389084881235,1.3481848583943605,True
lift_and_cruse,departure_terminal_procedures,299.99999999999994,93.05188695192567,8.612094502813834,1.6445094564568763,1.387341890488565,True
lift_and_cruse,accel_climb,299.99999999999994,88.6502248415743,13.040698757888535,1.6445094564568763,1.387341890488565,True
lift_and_cruse,accel_climb,359.4186792585485,89.70737104355817,12.794800003066342,1.7976844905811582,1.506179249005662,True
lift_and_cruse,accel_climb,525.9061188847598,92.66942887915945,12.14610093985856,2.236581841351348,1.8391541282580843,True
lift_and_cruse,accel_climb,766.4874396262113,96.94972646678205,11.302827773772249,2.896088756213235,2.320316769740987,True
lift_and_cruse,accel_climb,1033.5125603737886,101.70049837479225,10.478481844896693,3.663072140219842,2.8543670112361412,True
lift_and_cruse,accel_climb,1274.09388111524,105.98079596241483,9.820692926696172,4.385616890892577,3.335529652719044,True
lift_and_cruse,accel_climb,1440.5813207414515,108.94285379801615,9.40615599704126,4.903121712666035,3.6685045319714664,True
lift_and_cruse,accel_climb,1500.0,110.00000000000003,9.265504067684308,5.09128056942994,3.7873418904885634,True
lift_and_cruse,cruise_0,1500.0,109.60987831066572,6.402544328566593,5.09128056942994,3.7873418904885634,True
lift_and_cruse,cruise_0,1500.0,109.60987831066572,6.402544328566595,5.097830954787367,3.791468187659296,True
lift_and_cruse,cruise_0,1500.0,109.60987831066572,6.402544328566593,5.116184726704403,3.803029815411116,True
lift_and_cruse,cruise_0,1500.0,109.60987831066572,6.40254432856632,5.14270669555864,3.819736851573717,True
lift_and_cruse,cruise_0,1500.0,109.60987831066572,6.4025443285665915,5.172143860147893,3.838280262736743,True
lift_and_cruse,cruise_0,1500.0,109.60987831066572,6.402544328565319,5.198665829002129,3.8549872988993443,True
lift_and_cruse,cruise_0,1500.0,109.60987831066572,6.402544328565546,5.217019600919166,3.866548926651164,True
lift_and_cruse,cruise_0,1500.0,109.60987831066572,6.4025443285664245,5.223569986276592,3.870675223821897,True
lift_and_cruse,cruise_1,1500.0,126.97946169305115,4.753270437253461,5.223569986276592,3.870675223821897,True
lift_and_cruse,cruise_1,1500.0,126.97946169305115,4.75327043718095,5.231158393629902,3.874801520992629,True
lift_and_cruse,cruise_1,1500.0,126.97946169305115,4.7532704371810155,5.252420638547799,3.8863631487444494,True
lift_and_cruse,cruise_1,1500.0,126.97946169305115,4.753270437180902,5.2831454726599745,3.9030701849070506,True
lift_and_cruse,cruise_1,1500.0,126.97946169305115,4.753270437180903,5.317247465755147,3.921613596070076,True
lift_and_cruse,cruise_1,1500.0,126.97946169305115,4.753270437180905,5.3479722998673225,3.9383206322326774,True
lift_and_cruse,cruise_1,1500.0,126.97946169305115,4.753270437180904,5.369234544785219,3.9498822599844976,True
lift_and_cruse,cruise_1,1500.0,126.97946169305115,4.753270437180903,5.37682295213853,3.95400855715523,True
lift_and_cruse,cruise_2,1500.0,113.99835844080395,5.9133891723121454,5.37682295213853,3.95400855715523,True
lift_and_cruse,cruise_2,1500.0,113.99835844080395,5.913389172320131,5.383635597033407,3.9581348543259627,True
lift_and_cruse,cruise_2,1500.0,113.99835844080395,5.913389172320055,5.402724203845002,3.9696964820777825,True
lift_and_cruse,cruise_2,1500.0,113.99835844080395,5.913389172320056,5.430308039887879,3.9864035182403836,True
lift_and_cruse,cruise_2,1500.0,113.99835844080395,5.913389172319983,5.460923788140198,4.00494692940341,True
lift_and_cruse,cruise_2,1500.0,113.99835844080395,5.913389172319916,5.488507624183075,4.021653965566011,True
lift_and_cruse,cruise_2,1500.0,113.99835844080395,5.913389172319812,5.50759623099467,4.033215593317831,True
lift_and_cruse,cruise_2,1500.0,113.99835844080395,5.913389172319738,5.514408875889548,4.037341890488563,True
lift_and_cruse,cruise_3,1500.0,113.9978963387753,5.913437700475835,5.514408875889548,4.037341890488563,True
lift_and_cruse,cruise_3,1500.0,113.9978963387753,5.9134377004758365,5.52122149316879,4.041468187659296,True
lift_and_cruse,cruise_3,1500.0,113.9978963387753,5.913437700475834,5.540310022603096,4.053029815411116,True
lift_and_cruse,cruise_3,1500.0,113.9978963387753,5.913437700475518,5.567893746832551,4.069736851573717,True
lift_and_cruse,cruise_3,1500.0,113.9978963387753,5.913437700473564,5.598509370981334,4.088280262736743,True
lift_and_cruse,cruise_3,1500.0,113.9978963387753,5.913437700448781,5.626093095210789,4.104987298899344,True
lift_and_cruse,cruise_3,1500.0,113.9978963387753,5.913437700454674,5.645181624645095,4.116548926651165,True
lift_and_cruse,cruise_3,1500.0,113.9978963387753,5.913437700457193,5.651994241924337,4.120675223821896,True
lift_and_cruse,cruise_4,1500.0,113.99743239062596,5.913486423102358,5.651994241924337,4.120675223821896,True
lift_and_cruse,cruise_4,1500.0,113.99743239062596,5.913486423099473,5.658806831477619,4.124801520992629,True
lift_and_cruse,cruise_4,1500.0,113.99743239062596,5.913486423095335,5.67789528322551,4.136363148744449,True
lift_and_cruse,cruise_4,1500.0,113.99743239062596,5.913486423091261,5.705478895194842,4.15307018490705,True
lift_and_cruse,cruise_4,1500.0,113.99743239062596,5.9134864230492905,5.73609439474429,4.171613596070077,True
lift_and_cruse,cruise_4,1500.0,113.99743239062596,5.913486422972093,5.763678006713621,4.188320632232678,True
lift_and_cruse,cruise_4,1500.0,113.99743239062596,5.91348642294314,5.782766458461513,4.199882259984498,True
lift_and_cruse,cruise_4,1500.0,113.99743239062596,5.913486422962589,5.789579048014794,4.20400855715523,True
lift_and_cruse,cruise_5,1500.0,113.99696658210098,5.913535341703904,5.789579048014794,4.20400855715523,True
lift_and_cruse,cruise_5,1500.0,113.99696658210098,5.9135353417039,5.796391609730938,4.208134854325962,True
lift_and_cruse,cruise_5,1500.0,113.99696658210098,5.913535341705363,5.815479983480901,4.219696482077783,True
lift_and_cruse,cruise_5,1500.0,113.99696658210098,5.913535341704341,5.843063482739961,4.236403518240384,True
lift_and_cruse,cruise_5,1500.0,113.99696658210098,5.913535341697289,5.873678857190443,4.25494692940341,True
lift_and_cruse,cruise_5,1500.0,113.99696658210098,5.913535341690719,5.901262356449504,4.27165396556601,True
lift_and_cruse,cruise_5,1500.0,113.99696658210098,5.913535341682297,5.920350730199466,4.2832155933178315,True
lift_and_cruse,cruise_5,1500.0,113.99696658210098,5.9135353416678695,5.927163291915611,4.287341890488563,True
lift_and_cruse,cruise_6,1500.0,113.9964988987817,5.913584457801986,5.927163291915611,4.287341890488563,True
lift_and_cruse,cruise_6,1500.0,113.9964988987817,5.913584457804835,5.933975825682577,4.291468187659295,True
lift_and_cruse,cruise_6,1500.0,113.9964988987817,5.913584457802146,5.953064121120684,4.303029815411117,True
lift_and_cruse,cruise_6,1500.0,113.9964988987817,5.913584457800006,5.980647507215833,4.319736851573717,True
lift_and_cruse,cruise_6,1500.0,113.9964988987817,5.913584457795251,6.011262756063852,4.338280262736744,True
lift_and_cruse,cruise_6,1500.0,113.9964988987817,5.913584457773172,6.038846142159003,4.354987298899344,True
lift_and_cruse,cruise_6,1500.0,113.9964988987817,5.91358445770743,6.05793443759711,4.366548926651165,True
lift_and_cruse,cruise_6,1500.0,113.9964988987817,5.913584457737663,6.064746971364075,4.370675223821896,True
lift_and_cruse,cruise_7,1500.0,113.9960293260834,5.913633772935657,6.064746971364075,4.370675223821896,True
lift_and_cruse,cruise_7,1500.0,113.9960293260834,5.913633772935658,6.071559477068953,4.374801520992629,True
lift_and_cruse,cruise_7,1500.0,113.9960293260834,5.913633772935209,6.090647693878834,4.38636314874445,True
lift_and_cruse,cruise_7,1500.0,113.9960293260834,5.913633772922949,6.118230966352907,4.40307018490705,True
lift_and_cruse,cruise_7,1500.0,113.9960293260834,5.913633772881551,6.148846089091044,4.421613596070077,True
lift_and_cruse,cruise_7,1500.0,113.9960293260834,5.913633772855534,6.176429361565116,4.438320632232677,True
lift_and_cruse,cruise_7,1500.0,113.9960293260834,5.913633772906866,6.195517578374997,4.449882259984498,True
lift_and_cruse,cruise_7,1500.0,113.9960293260834,5.913633772838253,6.202330084079875,4.45400855715523,True
lift_and_cruse,cruise_8,1500.0,113.99555784925259,5.913683288661802,6.202330084079875,4.45400855715523,True
lift_and_cruse,cruise_8,1500.0,113.99555784925259,5.913683288661801,6.209142561608871,4.458134854325962,True
lift_and_cruse,cruise_8,1500.0,113.99555784925259,5.913683288661803,6.228230699471688,4.469696482077783,True
lift_and_cruse,cruise_8,1500.0,113.99555784925259,5.913683288661822,6.255813857863946,4.486403518240383,True
lift_and_cruse,cruise_8,1500.0,113.99555784925259,5.913683288657417,6.28642885398082,4.50494692940341,True
lift_and_cruse,cruise_8,1500.0,113.99555784925259,5.913683288658041,6.3140120123730785,4.52165396556601,True
lift_and_cruse,cruise_8,1500.0,113.99555784925259,5.91368328864243,6.333100150235896,4.5332155933178315,True
lift_and_cruse,cruise_8,1500.0,113.99555784925259,5.913683288638175,6.339912627764891,4.537341890488563,True
lift_and_cruse,cruise_9,1500.0,113.99508445336457,5.913733006556695,6.339912627764891,4.537341890488563,True
lift_and_cruse,cruise_9,1500.0,113.99508445336457,5.913733006555397,6.34672507700332,4.541468187659295,True
lift_and_cruse,cruise_9,1500.0,113.99508445336457,5.913733006555398,6.365813135597732,4.553029815411117,True
lift_and_cruse,cruise_9,1500.0,113.99508445336457,5.913733006557083,6.393396179443827,4.569736851573717,True
lift_and_cruse,cruise_9,1500.0,113.99508445336457,5.913733006555287,6.424011048424053,4.588280262736744,True
lift_and_cruse,cruise_9,1500.0,113.99508445336457,5.913733006552105,6.451594092270148,4.604987298899344,True
lift_and_cruse,cruise_9,1500.0,113.99508445336457,5.913733006541063,6.47068215086456,4.616548926651165,True
lift_and_cruse,cruise_9,1500.0,113.99508445336457,5.913733006555399,6.47749460010299,4.620675223821896,True
lift_and_cruse,cruise_10,1500.0,113.99460912332079,5.913782928211307,6.47749460010299,4.620675223821896,True
lift_and_cruse,cruise_10,1500.0,113.99460912332079,5.913782928209784,6.484307020935267,4.624801520992629,True
lift_and_cruse,cruise_10,1500.0,113.99460912332079,5.913782928209784,6.503394999937407,4.63636314874445,True
lift_and_cruse,cruise_10,1500.0,113.99460912332079,5.913782928209781,6.530977928769337,4.65307018490705,True
lift_and_cruse,cruise_10,1500.0,113.99460912332079,5.913782928208334,6.5615926700934715,4.671613596070077,True
lift_and_cruse,cruise_10,1500.0,113.99460912332079,5.913782928207408,6.589175598925401,4.688320632232677,True
lift_and_cruse,cruise_10,1500.0,113.99460912332079,5.913782928209784,6.608263577927541,4.699882259984498,True
lift_and_cruse,cruise_10,1500.0,113.99460912332079,5.913782928208956,6.615075998759818,4.70400855715523,True
lift_and_cruse,cruise_11,1500.0,113.99413184384596,5.913833055236969,6.615075998759818,4.70400855715523,True
lift_and_cruse,cruise_11,1500.0,113.99413184384596,5.9138330552369665,6.621888391069443,4.708134854325962,True
lift_and_cruse,cruise_11,1500.0,113.99413184384596,5.913833055236968,6.640976290152887,4.719696482077783,True
lift_and_cruse,cruise_11,1500.0,113.99413184384596,5.9138330552399445,6.6685591034989535,4.736403518240383,True
lift_and_cruse,cruise_11,1500.0,113.99413184384596,5.913833055237523,6.6991737166434495,4.75494692940341,True
lift_and_cruse,cruise_11,1500.0,113.99413184384596,5.913833055235262,6.726756529989517,4.77165396556601,True
lift_and_cruse,cruise_11,1500.0,113.99413184384596,5.9138330552323035,6.74584442907296,4.7832155933178315,True
lift_and_cruse,cruise_11,1500.0,113.99413184384596,5.913833055235091,6.752656821382585,4.787341890488563,True
lift_and_cruse,cruise_12,1500.0,113.99365259948549,5.913883389267928,6.752656821382585,4.787341890488563,True
lift_and_cruse,cruise_12,1500.0,113.99365259948549,5.913883389267928,6.759469185052134,4.791468187659295,True
lift_and_cruse,cruise_12,1500.0,113.99365259948549,5.913883389267928,6.778557003887868,4.803029815411117,True
lift_and_cruse,cruise_12,1500.0,113.99365259948549,5.91388338926793,6.806139701272635,4.819736851573717,True
lift_and_cruse,cruise_12,1500.0,113.99365259948549,5.913883389267927,6.836754185709798,4.838280262736744,True
lift_and_cruse,cruise_12,1500.0,113.99365259948549,5.913883389266834,6.864336883094564,4.854987298899344,True
lift_and_cruse,cruise_12,1500.0,113.99365259948549,5.91388338926559,6.8834247019302985,4.866548926651165,True
lift_and_cruse,cruise_12,1500.0,113.99365259948549,5.913883389267379,6.890237065599847,4.870675223821896,True
lift_and_cruse,cruise_13,1500.0,113.99317137460264,5.913933931953136,6.890237065599847,4.870675223821896,True
lift_and_cruse,cruise_13,1500.0,113.99317137460264,5.9139339319558175,6.897049400510962,4.874801520992629,True
lift_and_cruse,cruise_13,1500.0,113.99317137460264,5.913933931952857,6.916137138767355,4.88636314874445,True
lift_and_cruse,cruise_13,1500.0,113.99317137460264,5.913933931952858,6.943719719711601,4.90307018490705,True
lift_and_cruse,cruise_13,1500.0,113.99317137460264,5.913933931953235,6.974334074909535,4.921613596070077,True
lift_and_cruse,cruise_13,1500.0,113.99317137460264,5.913933931952788,7.0019166558537815,4.938320632232677,True
lift_and_cruse,cruise_13,1500.0,113.99317137460264,5.91393393195204,7.021004394110174,4.949882259984498,True
lift_and_cruse,cruise_13,1500.0,113.99317137460264,5.913933931952459,7.027816729021289,4.95400855715523,True
lift_and_cruse,cruise_14,1500.0,113.99268815337564,5.9139846849617,7.027816729021289,4.95400855715523,True
lift_and_cruse,cruise_14,1500.0,113.99268815337564,5.913984684961521,7.034629035054667,4.958134854325962,True
lift_and_cruse,cruise_14,1500.0,113.99268815337564,5.913984684968811,7.053716692397439,4.969696482077783,True
lift_and_cruse,cruise_14,1500.0,113.99268815337564,5.913984684961519,7.0812991564181145,4.986403518240383,True
lift_and_cruse,cruise_14,1500.0,113.99268815337564,5.913984684963549,7.111913381840677,5.00494692940341,True
lift_and_cruse,cruise_14,1500.0,113.99268815337564,5.913984684961193,7.139495845861352,5.02165396556601,True
lift_and_cruse,cruise_14,1500.0,113.99268815337564,5.913984684961519,7.158583503204124,5.0332155933178315,True
lift_and_cruse,cruise_14,1500.0,113.99268815337564,5.9139846849597495,7.165395809237502,5.037341890488563,True
lift_and_cruse,cruise_15,1500.0,113.99220291979483,5.9140356499835205,7.165395809237502,5.037341890488563,True
lift_and_cruse,cruise_15,1500.0,113.99220291979483,5.914035649983525,7.1722080862728825,5.041468187659295,True
lift_and_cruse,cruise_15,1500.0,113.99220291979483,5.914035649983524,7.1912956623650715,5.053029815411117,True
lift_and_cruse,cruise_15,1500.0,113.99220291979483,5.914035649984286,7.218878008975254,5.069736851573717,True
lift_and_cruse,cruise_15,1500.0,113.99220291979483,5.914035649983524,7.249492104081999,5.088280262736744,True
lift_and_cruse,cruise_15,1500.0,113.99220291979483,5.914035649983521,7.277074450692181,5.104987298899344,True
lift_and_cruse,cruise_15,1500.0,113.99220291979483,5.914035649982689,7.29616202678437,5.116548926651165,True
lift_and_cruse,cruise_15,1500.0,113.99220291979483,5.914035649983524,7.302974303819751,5.120675223821896,True
lift_and_cruse,cruise_16,1500.0,113.99171565765955,5.91408682872862,7.302974303819751,5.120675223821896,True
lift_and_cruse,cruise_16,1500.0,113.99171565765955,5.914086828728302,7.309786551735907,5.124801520992629,True
lift_and_cruse,cruise_16,1500.0,113.99171565765955,5.914086828728327,7.328874046237839,5.13636314874445,True
lift_and_cruse,cruise_16,1500.0,113.99171565765955,5.914086828728353,7.356456274946684,5.15307018490705,True
lift_and_cruse,cruise_16,1500.0,113.99171565765955,5.914086828728386,7.387070239192819,5.171613596070077,True
lift_and_cruse,cruise_16,1500.0,113.99171565765955,5.914086828728406,7.414652467901663,5.188320632232677,True
lift_and_cruse,cruise_16,1500.0,113.99171565765955,5.914086828728424,7.433739962403597,5.199882259984498,True
lift_and_cruse,cruise_16,1500.0,113.99171565765955,5.914086828728431,7.440552210319751,5.20400855715523,True
lift_and_cruse,cruise_17,1500.0,113.99122635057532,5.914138222927148,7.440552210319751,5.20400855715523,True
lift_and_cruse,cruise_17,1500.0,113.99122635057532,5.914138222926781,7.447364428994472,5.208134854325962,True
lift_and_cruse,cruise_17,1500.0,113.99122635057532,5.9141382229268045,7.46645184156373,5.219696482077783,True
lift_and_cruse,cruise_17,1500.0,113.99122635057532,5.914138222926842,7.494033951876428,5.236403518240383,True
lift_and_cruse,cruise_17,1500.0,113.99122635057532,5.914138222926871,7.524647784712754,5.25494692940341,True
lift_and_cruse,cruise_17,1500.0,113.99122635057532,5.914138222926903,7.552229895025452,5.27165396556601,True
lift_and_cruse,cruise_17,1500.0,113.99122635057532,5.914138222926922,7.5713173075947084,5.2832155933178315,True
lift_and_cruse,cruise_17,1500.0,113.99122635057532,5.914138222926932,7.57812952626943,5.287341890488563,True
lift_and_cruse,cruise_18,1500.0,113.99073498195067,5.914189834330183,7.57812952626943,5.287341890488563,True
lift_and_cruse,cruise_18,1500.0,113.99073498195067,5.91418983432982,7.584941715579519,5.291468187659295,True
lift_and_cruse,cruise_18,1500.0,113.99073498195067,5.914189834329844,7.604029045870903,5.303029815411117,True
lift_and_cruse,cruise_18,1500.0,113.99073498195067,5.914189834329876,7.6316110372886286,5.319736851573717,True
lift_and_cruse,cruise_18,1500.0,113.99073498195067,5.914189834329916,7.662224738161492,5.338280262736744,True
lift_and_cruse,cruise_18,1500.0,113.99073498195067,5.914189834329938,7.689806729579218,5.354987298899344,True
lift_and_cruse,cruise_18,1500.0,113.99073498195067,5.914189834329955,7.708894059870603,5.366548926651165,True
lift_and_cruse,cruise_18,1500.0,113.99073498195067,5.914189834329961,7.715706249180691,5.370675223821896,True
lift_and_cruse,cruise_19,1500.0,113.99024153499384,5.914241664709987,7.715706249180691,5.370675223821896,True
lift_and_cruse,cruise_19,1500.0,113.99024153499384,5.914241664709547,7.722518409001943,5.374801520992629,True
lift_and_cruse,cruise_19,1500.0,113.99024153499384,5.914241664709712,7.741605656667446,5.38636314874445,True
lift_and_cruse,cruise_19,1500.0,113.99024153499384,5.914241664709918,7.769187528687313,5.40307018490705,True
lift_and_cruse,cruise_19,1500.0,113.99024153499384,5.91424166471012,7.79980109703855,5.421613596070077,True
lift_and_cruse,cruise_19,1500.0,113.99024153499384,5.914241664710275,7.827382969058417,5.438320632232677,True
lift_and_cruse,cruise_19,1500.0,113.99024153499384,5.914241664710373,7.846470216723919,5.449882259984498,True
lift_and_cruse,cruise_19,1500.0,113.99024153499384,5.9142416647104,7.853282376545172,5.45400855715523,True
lift_and_cruse,cruise_20,1500.0,113.98974599270983,5.914293715860268,7.853282376545172,5.45400855715523,True
lift_and_cruse,cruise_20,1500.0,113.98974599270983,5.914293715859888,7.86009450675237,5.458134854325962,True
lift_and_cruse,cruise_20,1500.0,113.98974599270983,5.914293715860017,7.879181671441135,5.469696482077783,True
lift_and_cruse,cruise_20,1500.0,113.98974599270983,5.914293715860201,7.906763423556143,5.486403518240383,True
lift_and_cruse,cruise_20,1500.0,113.98974599270983,5.914293715860374,7.937376858823026,5.50494692940341,True
lift_and_cruse,cruise_20,1500.0,113.98974599270983,5.914293715860516,7.964958610938035,5.52165396556601,True
lift_and_cruse,cruise_20,1500.0,113.98974599270983,5.914293715860606,7.984045775626798,5.5332155933178315,True
lift_and_cruse,cruise_20,1500.0,113.98974599270983,5.914293715860634,7.990857905833997,5.537341890488563,True
lift_and_cruse,cruise_21,1500.0,113.98924833789692,5.914345989596603,7.990857905833997,5.537341890488563,True
lift_and_cruse,cruise_21,1500.0,113.98924833789692,5.914345989596273,7.997670006300894,5.541468187659295,True
lift_and_cruse,cruise_21,1500.0,113.98924833789692,5.914345989596391,8.016757087659187,5.553029815411117,True
lift_and_cruse,cruise_21,1500.0,113.98924833789692,5.914345989596545,8.044338719358173,5.569736851573717,True
lift_and_cruse,cruise_21,1500.0,113.98924833789692,5.914345989596697,8.074952020973356,5.588280262736744,True
lift_and_cruse,cruise_21,1500.0,113.98924833789692,5.91434598959682,8.102533652672344,5.604987298899344,True
lift_and_cruse,cruise_21,1500.0,113.98924833789692,5.914345989596888,8.121620734030635,5.616548926651165,True
lift_and_cruse,cruise_21,1500.0,113.98924833789692,5.914345989596919,8.128432834497533,5.620675223821896,True
lift_and_cruse,cruise_22,1500.0,113.98874855314342,5.914398487756756,8.128432834497533,5.620675223821896,True
lift_and_cruse,cruise_22,1500.0,113.98874855314342,5.914398487756473,8.13524490509684,5.624801520992629,True
lift_and_cruse,cruise_22,1500.0,113.98874855314342,5.9143984877565785,8.15433190276801,5.63636314874445,True
lift_and_cruse,cruise_22,1500.0,113.98874855314342,5.914398487756705,8.1819134135356,5.65307018490705,True
lift_and_cruse,cruise_22,1500.0,113.98874855314342,5.914398487756834,8.21252658092706,5.671613596070077,True
lift_and_cruse,cruise_22,1500.0,113.98874855314342,5.914398487756941,8.24010809169465,5.688320632232677,True
lift_and_cruse,cruise_22,1500.0,113.98874855314342,5.914398487757005,8.259195089365818,5.699882259984498,True
lift_and_cruse,cruise_22,1500.0,113.98874855314342,5.91439848775703,8.266007159965127,5.70400855715523,True
lift_and_cruse,cruise_23,1500.0,113.98824662082427,5.914451212201015,8.266007159965127,5.70400855715523,True
lift_and_cruse,cruise_23,1500.0,113.98824662082427,5.914451212200647,8.272819200568506,5.708134854325962,True
lift_and_cruse,cruise_23,1500.0,113.98824662082427,5.914451212200784,8.291906114192951,5.719696482077783,True
lift_and_cruse,cruise_23,1500.0,113.98824662082427,5.914451212200956,8.319487503509505,5.736403518240383,True
lift_and_cruse,cruise_23,1500.0,113.98824662082427,5.914451212201132,8.350100536100483,5.75494692940341,True
lift_and_cruse,cruise_23,1500.0,113.98824662082427,5.914451212201262,8.377681925417036,5.77165396556601,True
lift_and_cruse,cruise_23,1500.0,113.98824662082427,5.914451212201346,8.396768839041481,5.7832155933178315,True
lift_and_cruse,cruise_23,1500.0,113.98824662082427,5.914451212201373,8.40358087964486,5.787341890488563,True
lift_and_cruse,cruise_24,1500.0,113.98774252309745,5.914504164812666,8.40358087964486,5.787341890488563,True
lift_and_cruse,cruise_24,1500.0,113.98774252309745,5.914504164812366,8.410392890122905,5.791468187659295,True
lift_and_cruse,cruise_24,1500.0,113.98774252309745,5.91450416481247,8.429479719338033,5.803029815411117,True
lift_and_cruse,cruise_24,1500.0,113.98774252309745,5.914504164812615,8.457060986679593,5.819736851573717,True
lift_and_cruse,cruise_24,1500.0,113.98774252309745,5.91450416481276,8.487673883888542,5.838280262736744,True
lift_and_cruse,cruise_24,1500.0,113.98774252309745,5.91450416481287,8.515255151230104,5.854987298899344,True
lift_and_cruse,cruise_24,1500.0,113.98774252309745,5.914504164812935,8.534341980445232,5.866548926651165,True
lift_and_cruse,cruise_24,1500.0,113.98774252309745,5.914504164812963,8.541153990923277,5.870675223821896,True
lift_and_cruse,cruise_25,1500.0,113.98723624190055,5.914557347498257,8.541153990923277,5.870675223821896,True
lift_and_cruse,cruise_25,1500.0,113.98723624190055,5.9145573474982545,8.5479659711455,5.874801520992629,True
lift_and_cruse,cruise_25,1500.0,113.98723624190055,5.914557347498257,8.5670527155857,5.88636314874445,True
lift_and_cruse,cruise_25,1500.0,113.98723624190055,5.914557347498255,8.594633860423938,5.90307018490705,True
lift_and_cruse,cruise_25,1500.0,113.98723624190055,5.914557347496776,8.62524662166446,5.921613596070077,True
lift_and_cruse,cruise_25,1500.0,113.98723624190055,5.914557347497078,8.652827766502698,5.938320632232677,True
lift_and_cruse,cruise_25,1500.0,113.98723624190055,5.914557347498073,8.6719145109429,5.949882259984498,True
lift_and_cruse,cruise_25,1500.0,113.98723624190055,5.91455734749819,8.67872649116512,5.95400855715523,True
lift_and_cruse,cruise_26,1500.0,113.9867277589472,5.914610762187898,8.67872649116512,5.95400855715523,True
lift_and_cruse,cruise_26,1500.0,113.9867277589472,5.914610762187897,8.685538440999942,5.958134854325962,True
lift_and_cruse,cruise_26,1500.0,113.9867277589472,5.914610762187897,8.70462510029654,5.969696482077783,True
lift_and_cruse,cruise_26,1500.0,113.9867277589472,5.914610762187898,8.732206122098704,5.986403518240383,True
lift_and_cruse,cruise_26,1500.0,113.9867277589472,5.91461076218588,8.762818746779486,6.00494692940341,True
lift_and_cruse,cruise_26,1500.0,113.9867277589472,5.914610762187062,8.79039976858165,6.02165396556601,True
lift_and_cruse,cruise_26,1500.0,113.9867277589472,5.91461076218789,8.809486427878246,6.0332155933178315,True
lift_and_cruse,cruise_26,1500.0,113.9867277589472,5.914610762187894,8.816298377713068,6.037341890488563,True
lift_and_cruse,cruise_27,1500.0,113.98621705572312,5.9146644109184985,8.816298377713068,6.037341890488563,True
lift_and_cruse,cruise_27,1500.0,113.98621705572312,5.914664411595858,8.823110297027803,6.041468187659295,True
lift_and_cruse,cruise_27,1500.0,113.98621705572312,5.9146644116329306,8.842196870809019,6.053029815411117,True
lift_and_cruse,cruise_27,1500.0,113.98621705572312,5.914664411634594,8.86977776903788,6.069736851573717,True
lift_and_cruse,cruise_27,1500.0,113.98621705572312,5.9146644117457985,8.900390256562638,6.088280262736744,True
lift_and_cruse,cruise_27,1500.0,113.98621705572312,5.91466441176522,8.927971154791498,6.104987298899344,True
lift_and_cruse,cruise_27,1500.0,113.98621705572312,5.914664411798033,8.947057728572714,6.116548926651165,True
lift_and_cruse,cruise_27,1500.0,113.98621705572312,5.914664411821029,8.953869647887448,6.120675223821896,True
lift_and_cruse,cruise_28,1500.0,113.9857041134826,5.914718295351182,8.953869647887448,6.120675223821896,True
lift_and_cruse,cruise_28,1500.0,113.9857041134826,5.914718295473711,8.960681536548291,6.124801520992629,True
lift_and_cruse,cruise_28,1500.0,113.9857041134826,5.91471829546229,8.979768024439212,6.13636314874445,True
lift_and_cruse,cruise_28,1500.0,113.9857041134826,5.914718295438687,9.007348798552997,6.15307018490705,True
lift_and_cruse,cruise_28,1500.0,113.9857041134826,5.914718295410159,9.037961148320418,6.171613596070077,True
lift_and_cruse,cruise_28,1500.0,113.9857041134826,5.9147182953672734,9.065541922434203,6.188320632232677,True
lift_and_cruse,cruise_28,1500.0,113.9857041134826,5.9147182953837705,9.084628410325122,6.199882259984498,True
lift_and_cruse,cruise_28,1500.0,113.9857041134826,5.914718295365573,9.091440298985965,6.20400855715523,True
lift_and_cruse,cruise_29,1500.0,113.98518891324453,5.91477241795688,9.091440298985965,6.20400855715523,True
lift_and_cruse,cruise_29,1500.0,113.98518891324453,5.9147724179282655,9.098252156857978,6.208134854325962,True
lift_and_cruse,cruise_29,1500.0,113.98518891324453,5.914772417932746,9.117338558480506,6.219696482077783,True
lift_and_cruse,cruise_29,1500.0,113.98518891324453,5.914772417949799,9.144919207932858,6.236403518240383,True
lift_and_cruse,cruise_29,1500.0,113.98518891324453,5.914772417949788,9.175531419336524,6.25494692940341,True
lift_and_cruse,cruise_29,1500.0,113.98518891324453,5.914772417948912,9.203112068788878,6.27165396556601,True
lift_and_cruse,cruise_29,1500.0,113.98518891324453,5.914772417949257,9.222198470411406,6.2832155933178315,True
lift_and_cruse,cruise_29,1500.0,113.98518891324453,5.914772417949092,9.229010328283419,6.287341890488563,True
lift_and_cruse,cruise_30,1500.0,113.98467143578856,5.914826780316928,9.229010328283419,6.287341890488563,True
lift_and_cruse,cruise_30,1500.0,113.98467143578856,5.914826780109028,9.23582215523051,6.291468187659295,True
lift_and_cruse,cruise_30,1500.0,113.98467143578856,5.91482678010911,9.254908470203338,6.303029815411117,True
lift_and_cruse,cruise_30,1500.0,113.98467143578856,5.914826780094339,9.282488994443245,6.319736851573717,True
lift_and_cruse,cruise_30,1500.0,113.98467143578856,5.914826780273584,9.313101066871582,6.338280262736744,True
lift_and_cruse,cruise_30,1500.0,113.98467143578856,5.914826780494288,9.340681591111485,6.354987298899344,True
lift_and_cruse,cruise_30,1500.0,113.98467143578856,5.914826780777836,9.359767906084315,6.366548926651165,True
lift_and_cruse,cruise_30,1500.0,113.98467143578856,5.9148267804558925,9.366579733031406,6.370675223821896,True
lift_and_cruse,cruise_31,1500.0,113.98415166165088,5.914881384962688,9.366579733031406,6.370675223821896,True
lift_and_cruse,cruise_31,1500.0,113.98415166165088,5.914881384962389,9.373391528916326,6.374801520992629,True
lift_and_cruse,cruise_31,1500.0,113.98415166165088,5.914881384962385,9.392477756854882,6.38636314874445,True
lift_and_cruse,cruise_31,1500.0,113.98415166165088,5.914881384962383,9.42005815532662,6.40307018490705,True
lift_and_cruse,cruise_31,1500.0,113.98415166165088,5.914881387113952,9.450670088162822,6.421613596070077,True
lift_and_cruse,cruise_31,1500.0,113.98415166165088,5.9148813849654935,9.478250486634561,6.438320632232677,True
lift_and_cruse,cruise_31,1500.0,113.98415166165088,5.914881388568466,9.497336714573118,6.449882259984498,True
lift_and_cruse,cruise_31,1500.0,113.98415166165088,5.914881386410083,9.504148510458037,6.45400855715523,True
lift_and_cruse,cruise_32,1500.0,113.9836295711204,5.914936230419772,9.504148510458037,6.45400855715523,True
lift_and_cruse,cruise_32,1500.0,113.9836295711204,5.9149362334324245,9.510960275142356,6.458134854325962,True
lift_and_cruse,cruise_32,1500.0,113.9836295711204,5.914936233405573,9.530046415658768,6.469696482077783,True
lift_and_cruse,cruise_32,1500.0,113.9836295711204,5.914936233386871,9.557626687801848,6.486403518240383,True
lift_and_cruse,cruise_32,1500.0,113.9836295711204,5.914936233404743,9.58823848042382,6.50494692940341,True
lift_and_cruse,cruise_32,1500.0,113.9836295711204,5.914936233596019,9.615818752566899,6.52165396556601,True
lift_and_cruse,cruise_32,1500.0,113.9836295711204,5.91493623343494,9.634904893083313,6.5332155933178315,True
lift_and_cruse,cruise_32,1500.0,113.9836295711204,5.914936233411065,9.641716657767631,6.537341890488563,True
lift_and_cruse,cruise_33,1500.0,113.98310514423436,5.914991328436305,9.641716657767631,6.537341890488563,True
lift_and_cruse,cruise_33,1500.0,113.98310514423436,5.914991328357666,9.648528391111725,6.541468187659295,True
lift_and_cruse,cruise_33,1500.0,113.98310514423436,5.914991328317814,9.66761444381478,6.553029815411116,True
lift_and_cruse,cruise_33,1500.0,113.98310514423436,5.91499132842275,9.695194589063885,6.569736851573716,True
lift_and_cruse,cruise_33,1500.0,113.98310514423436,5.914991328251012,9.725806240844163,6.588280262736744,True
lift_and_cruse,cruise_33,1500.0,113.98310514423436,5.914991327997127,9.753386386093265,6.604987298899344,True
lift_and_cruse,cruise_33,1500.0,113.98310514423436,5.914991328027322,9.77247243879632,6.616548926651165,True
lift_and_cruse,cruise_33,1500.0,113.98310514423436,5.914991328041406,9.779284172140414,6.620675223821896,True
lift_and_cruse,cruise_34,1500.0,113.98257836077414,5.915046647507464,9.779284172140414,6.620675223821896,True
lift_and_cruse,cruise_34,1500.0,113.98257836077414,5.915046643176473,9.786095874003452,6.624801520992629,True
lift_and_cruse,cruise_34,1500.0,113.98257836077414,5.915046647872104,9.805181838498552,6.63636314874445,True
lift_and_cruse,cruise_34,1500.0,113.98257836077414,5.915046644356884,9.832761856283462,6.65307018490705,True
lift_and_cruse,cruise_34,1500.0,113.98257836077414,5.915046663766362,9.863373366589162,6.671613596070077,True
lift_and_cruse,cruise_34,1500.0,113.98257836077414,5.915046663451995,9.890953384374072,6.688320632232677,True
lift_and_cruse,cruise_34,1500.0,113.98257836077414,5.9150466817181,9.910039348869171,6.699882259984498,True
lift_and_cruse,cruise_34,1500.0,113.98257836077414,5.9150467352648874,9.916851050732209,6.70400855715523,True
lift_and_cruse,cruise_35,1500.0,113.98204920026087,5.915102266740979,9.916851050732209,6.70400855715523,True
lift_and_cruse,cruise_35,1500.0,113.98204920026087,5.915102264773976,9.923662720972136,6.708134854325962,True
lift_and_cruse,cruise_35,1500.0,113.98204920026087,5.915102264588863,9.942748596861248,6.719696482077783,True
lift_and_cruse,cruise_35,1500.0,113.98204920026087,5.915102265068751,9.9703284866068,6.736403518240383,True
lift_and_cruse,cruise_35,1500.0,113.98204920026087,5.915102265298582,10.000939854799531,6.75494692940341,True
lift_and_cruse,cruise_35,1500.0,113.98204920026087,5.915102265307552,10.028519744545083,6.77165396556601,True
lift_and_cruse,cruise_35,1500.0,113.98204920026087,5.915102265301175,10.047605620434195,6.7832155933178315,True
lift_and_cruse,cruise_35,1500.0,113.98204920026087,5.91510226530122,10.054417290674122,6.787341890488563,True
lift_and_cruse,cruise_36,1500.0,113.981517641951,5.9151581116934855,10.054417290674122,6.787341890488563,True
lift_and_cruse,cruise_36,1500.0,113.981517641951,5.915158111693495,10.061228929147646,6.791468187659295,True
lift_and_cruse,cruise_36,1500.0,113.981517641951,5.915158111693488,10.08031471602927,6.803029815411116,True
lift_and_cruse,cruise_36,1500.0,113.981517641951,5.915158111693486,10.107894477155272,6.819736851573716,True
lift_and_cruse,cruise_36,1500.0,113.981517641951,5.9151581116934935,10.138505702591077,6.838280262736744,True
lift_and_cruse,cruise_36,1500.0,113.981517641951,5.915158111693494,10.166085463717081,6.854987298899344,True
lift_and_cruse,cruise_36,1500.0,113.981517641951,5.9151581116934935,10.185171250598703,6.866548926651165,True
lift_and_cruse,cruise_36,1500.0,113.981517641951,5.915158111693486,10.191982889072225,6.870675223821896,True
lift_and_cruse,cruise_37,1500.0,113.9809836648317,5.915214213002188,10.191982889072225,6.870675223821896,True
lift_and_cruse,cruise_37,1500.0,113.9809836648317,5.915214213002188,10.198794495634793,6.874801520992629,True
lift_and_cruse,cruise_37,1500.0,113.9809836648317,5.91521421300219,10.217880193103907,6.88636314874445,True
lift_and_cruse,cruise_37,1500.0,113.9809836648317,5.91521421300219,10.245459825025092,6.90307018490705,True
lift_and_cruse,cruise_37,1500.0,113.9809836648317,5.915214213002186,10.276070907054365,6.921613596070077,True
lift_and_cruse,cruise_37,1500.0,113.9809836648317,5.915214213002184,10.303650538975551,6.938320632232677,True
lift_and_cruse,cruise_37,1500.0,113.9809836648317,5.915214213002187,10.322736236444664,6.949882259984498,True
lift_and_cruse,cruise_37,1500.0,113.9809836648317,5.915214213002186,10.329547843007232,6.95400855715523,True
lift_and_cruse,cruise_38,1500.0,113.98044724761623,5.915270571475232,10.329547843007232,6.95400855715523,True
lift_and_cruse,cruise_38,1500.0,113.98044724761623,5.915270571475232,10.336359417513021,6.958134854325962,True
lift_and_cruse,cruise_38,1500.0,113.98044724761623,5.915270571475231,10.355445025161043,6.969696482077783,True
lift_and_cruse,cruise_38,1500.0,113.98044724761623,5.915270571475232,10.383024527286983,6.986403518240383,True
lift_and_cruse,cruise_38,1500.0,113.98044724761623,5.915270571475232,10.413635465254407,7.00494692940341,True
lift_and_cruse,cruise_38,1500.0,113.98044724761623,5.915270571475232,10.44121496738035,7.02165396556601,True
lift_and_cruse,cruise_38,1500.0,113.98044724761623,5.915270571475232,10.46030057502837,7.0332155933178315,True
lift_and_cruse,cruise_38,1500.0,113.98044724761623,5.915270571475232,10.467112149534161,7.037341890488563,True
lift_and_cruse,cruise_39,1500.0,113.97990836873934,5.915327189389894,10.467112149534161,7.037341890488563,True
lift_and_cruse,cruise_39,1500.0,113.97990836873934,5.915327189389385,10.473923691836061,7.041468187659295,True
lift_and_cruse,cruise_39,1500.0,113.97990836873934,5.915327189389362,10.493009209250792,7.053029815411116,True
lift_and_cruse,cruise_39,1500.0,113.97990836873934,5.915327189389385,10.520588580985851,7.069736851573716,True
lift_and_cruse,cruise_39,1500.0,113.97990836873934,5.915327189389385,10.551199374230313,7.088280262736744,True
lift_and_cruse,cruise_39,1500.0,113.97990836873934,5.915327189389383,10.578778745965373,7.104987298899344,True
lift_and_cruse,cruise_39,1500.0,113.97990836873934,5.91532718938937,10.597864263380103,7.116548926651165,True
lift_and_cruse,cruise_39,1500.0,113.97990836873934,5.9153271893893855,10.604675805682003,7.120675223821896,True
lift_and_cruse,cruise_40,1500.0,113.97936700635204,5.915384069051373,10.604675805682003,7.120675223821896,True
lift_and_cruse,cruise_40,1500.0,113.97936700635204,5.91538406905139,10.611487315631601,7.124801520992629,True
lift_and_cruse,cruise_40,1500.0,113.97936700635204,5.91538406905139,10.630572742397183,7.13636314874445,True
lift_and_cruse,cruise_40,1500.0,113.97936700635204,5.91538406905139,10.658151983140433,7.15307018490705,True
lift_and_cruse,cruise_40,1500.0,113.97936700635204,5.915384069049961,10.688762630994956,7.171613596070077,True
lift_and_cruse,cruise_40,1500.0,113.97936700635204,5.915384069050681,10.716341871738205,7.188320632232677,True
lift_and_cruse,cruise_40,1500.0,113.97936700635204,5.915384069048327,10.735427298503788,7.199882259984498,True
lift_and_cruse,cruise_40,1500.0,113.97936700635204,5.915384069051303,10.742238808453385,7.20400855715523,True
lift_and_cruse,cruise_41,1500.0,113.97882313831715,5.9154412127984575,10.742238808453385,7.20400855715523,True
lift_and_cruse,cruise_41,1500.0,113.97882313831715,5.91544121279846,10.749050285900935,7.208134854325962,True
lift_and_cruse,cruise_41,1500.0,113.97882313831715,5.915441212788106,10.768135621597814,7.219696482077783,True
lift_and_cruse,cruise_41,1500.0,113.97882313831715,5.915441212792693,10.795714730742969,7.236403518240383,True
lift_and_cruse,cruise_41,1500.0,113.97882313831715,5.9154412127908245,10.826325232534625,7.25494692940341,True
lift_and_cruse,cruise_41,1500.0,113.97882313831715,5.91544121279701,10.85390434167978,7.27165396556601,True
lift_and_cruse,cruise_41,1500.0,113.97882313831715,5.9154412127961296,10.872989677376658,7.2832155933178315,True
lift_and_cruse,cruise_41,1500.0,113.97882313831715,5.9154412127984575,10.879801154824209,7.287341890488563,True
lift_and_cruse,cruise_42,1500.0,113.9782767422037,5.91549862299885,10.879801154824209,7.287341890488563,True
lift_and_cruse,cruise_42,1500.0,113.9782767422037,5.915498622998851,10.886612599618635,7.291468187659295,True
lift_and_cruse,cruise_42,1500.0,113.9782767422037,5.9154986229988475,10.905697843823488,7.303029815411116,True
lift_and_cruse,cruise_42,1500.0,113.9782767422037,5.915498622998852,10.933276820758836,7.319736851573716,True
lift_and_cruse,cruise_42,1500.0,113.9782767422037,5.915498622998851,10.963887175808681,7.338280262736744,True
lift_and_cruse,cruise_42,1500.0,113.9782767422037,5.915498622998854,10.991466152744032,7.354987298899344,True
lift_and_cruse,cruise_42,1500.0,113.9782767422037,5.915498622998852,11.010551396948884,7.366548926651165,True
lift_and_cruse,cruise_42,1500.0,113.9782767422037,5.915498622998852,11.017362841743308,7.370675223821896,True
lift_and_cruse,cruise_43,1500.0,113.9777277952822,5.9155563020524005,11.017362841743308,7.370675223821896,True
lift_and_cruse,cruise_43,1500.0,113.9777277952822,5.9155563020463235,11.02417425373217,7.374801520992629,True
lift_and_cruse,cruise_43,1500.0,113.9777277952822,5.915556302046804,11.043259406017876,7.38636314874445,True
lift_and_cruse,cruise_43,1500.0,113.9777277952822,5.915556302041681,11.07083825012621,7.40307018490705,True
lift_and_cruse,cruise_43,1500.0,113.9777277952822,5.915556302042705,11.101448457749187,7.421613596070077,True
lift_and_cruse,cruise_43,1500.0,113.9777277952822,5.915556302050904,11.12902730185752,7.438320632232677,True
lift_and_cruse,cruise_43,1500.0,113.9777277952822,5.915556302050747,11.148112454143224,7.449882259984498,True
lift_and_cruse,cruise_43,1500.0,113.9777277952822,5.915556302048066,11.154923866132085,7.45400855715523,True
lift_and_cruse,cruise_44,1500.0,113.97717627451907,5.915614252410444,11.154923866132085,7.45400855715523,True
lift_and_cruse,cruise_44,1500.0,113.97717627451907,5.915614253539281,11.161735245161568,7.458134854325962,True
lift_and_cruse,cruise_44,1500.0,113.97717627451907,5.915614253546433,11.180820305097146,7.469696482077783,True
lift_and_cruse,cruise_44,1500.0,113.97717627451907,5.9156142535455984,11.208399015755676,7.486403518240383,True
lift_and_cruse,cruise_44,1500.0,113.97717627451907,5.915614253559278,11.239009075260547,7.50494692940341,True
lift_and_cruse,cruise_44,1500.0,113.97717627451907,5.91561425356785,11.26658778591908,7.52165396556601,True
lift_and_cruse,cruise_44,1500.0,113.97717627451907,5.9156142535684575,11.285672845854657,7.5332155933178315,True
lift_and_cruse,cruise_44,1500.0,113.97717627451907,5.915614253569214,11.29248422488414,7.537341890488563,True
lift_and_cruse,cruise_45,1500.0,113.97662215657132,5.915672476501101,11.29248422488414,7.537341890488563,True
lift_and_cruse,cruise_45,1500.0,113.97662215657132,5.915672477424202,11.299295570799034,7.541468187659295,True
lift_and_cruse,cruise_45,1500.0,113.97662215657132,5.9156724774276075,11.318380537949594,7.553029815411116,True
lift_and_cruse,cruise_45,1500.0,113.97662215657132,5.915672477435565,11.34595911452989,7.569736851573716,True
lift_and_cruse,cruise_45,1500.0,113.97662215657132,5.915672477438769,11.37656902521915,7.588280262736744,True
lift_and_cruse,cruise_45,1500.0,113.97662215657132,5.915672477443115,11.404147601799448,7.604987298899344,True
lift_and_cruse,cruise_45,1500.0,113.97662215657132,5.915672477445153,11.423232568950006,7.616548926651165,True
lift_and_cruse,cruise_45,1500.0,113.97662215657132,5.915672477449455,11.430043914864902,7.620675223821896,True
lift_and_cruse,cruise_46,1500.0,113.97606541778106,5.915730976815893,11.430043914864902,7.620675223821896,True
lift_and_cruse,cruise_46,1500.0,113.97606541778106,5.915730976815751,11.436855227508582,7.624801520992629,True
lift_and_cruse,cruise_46,1500.0,113.97606541778106,5.915730976815785,11.455940101435274,7.63636314874445,True
lift_and_cruse,cruise_46,1500.0,113.97606541778106,5.915730976815753,11.483518543303179,7.65307018490705,True
lift_and_cruse,cruise_46,1500.0,113.97606541778106,5.9157309768161355,11.514128304472965,7.671613596070077,True
lift_and_cruse,cruise_46,1500.0,113.97606541778106,5.91573097681653,11.541706746340868,7.688320632232677,True
lift_and_cruse,cruise_46,1500.0,113.97606541778106,5.915730976815821,11.560791620267562,7.699882259984498,True
lift_and_cruse,cruise_46,1500.0,113.97606541778106,5.915730976815753,11.567602932911242,7.70400855715523,True
lift_and_cruse,cruise_47,1500.0,113.97550603416978,5.91578975593195,11.567602932911242,7.70400855715523,True
lift_and_cruse,cruise_47,1500.0,113.97550603416978,5.915789755931757,11.574414212125653,7.708134854325962,True
lift_and_cruse,cruise_47,1500.0,113.97550603416978,5.915789755931647,11.593498992385612,7.719696482077783,True
lift_and_cruse,cruise_47,1500.0,113.97550603416978,5.9157897559317325,11.621077298901167,7.736403518240383,True
lift_and_cruse,cruise_47,1500.0,113.97550603416978,5.9157897559315975,11.651686909841176,7.75494692940341,True
lift_and_cruse,cruise_47,1500.0,113.97550603416978,5.915789755931598,11.67926521635673,7.77165396556601,True
lift_and_cruse,cruise_47,1500.0,113.97550603416978,5.915789755932098,11.69834999661669,7.7832155933178315,True
lift_and_cruse,cruise_47,1500.0,113.97550603416978,5.915789755931599,11.7051612758311,7.787341890488563,True
lift_and_cruse,cruise_48,1500.0,113.97494398143252,5.915848816393439,11.7051612758311,7.787341890488563,True
lift_and_cruse,cruise_48,1500.0,113.97494398143252,5.915848816393446,11.711972521456731,7.791468187659295,True
lift_and_cruse,cruise_48,1500.0,113.97494398143252,5.915848816393449,11.731057207603023,7.803029815411116,True
lift_and_cruse,cruise_48,1500.0,113.97494398143252,5.915848816393446,11.758635378120387,7.819736851573716,True
lift_and_cruse,cruise_48,1500.0,113.97494398143252,5.915848816393446,11.789244838113792,7.838280262736744,True
lift_and_cruse,cruise_48,1500.0,113.97494398143252,5.915848816393444,11.816823008631154,7.854987298899344,True
lift_and_cruse,cruise_48,1500.0,113.97494398143252,5.915848816393447,11.835907694777445,7.866548926651165,True
lift_and_cruse,cruise_48,1500.0,113.97494398143252,5.915848816393446,11.842718940403078,7.870675223821896,True
lift_and_cruse,cruise_49,1500.0,113.9743792349322,5.915908160802775,11.842718940403078,7.870675223821896,True
lift_and_cruse,cruise_49,1500.0,113.9743792349322,5.9159081608027755,11.849530152278946,7.874801520992629,True
lift_and_cruse,cruise_49,1500.0,113.9743792349322,5.9159081608027755,11.868614743860508,7.88636314874445,True
lift_and_cruse,cruise_49,1500.0,113.9743792349322,5.915908160802773,11.896192777727878,7.90307018490705,True
lift_and_cruse,cruise_49,1500.0,113.9743792349322,5.915908160802775,11.926802086051234,7.921613596070077,True
lift_and_cruse,cruise_49,1500.0,113.9743792349322,5.915908160802778,11.954380119918605,7.938320632232677,True
lift_and_cruse,cruise_49,1500.0,113.9743792349322,5.915908160802775,11.973464711500165,7.949882259984498,True
lift_and_cruse,cruise_49,1500.0,113.9743792349322,5.915908160802775,11.980275923376036,7.95400855715523,True
lift_and_cruse,cruise_50,1500.0,113.97381176969321,5.915967791796856,11.980275923376036,7.95400855715523,True
lift_and_cruse,cruise_50,1500.0,113.97381176969321,5.915967791796829,11.98708710133967,7.958134854325962,True
lift_and_cruse,cruise_50,1500.0,113.97381176969321,5.915967791796798,12.006171597901261,7.969696482077783,True
lift_and_cruse,cruise_50,1500.0,113.97381176969321,5.915967791796866,12.03374949446079,7.986403518240383,True
lift_and_cruse,cruise_50,1500.0,113.97381176969321,5.915967791796859,12.064358650383944,8.00494692940341,True
lift_and_cruse,cruise_50,1500.0,113.97381176969321,5.9159677917968585,12.091936546943478,8.02165396556601,True
lift_and_cruse,cruise_50,1500.0,113.97381176969321,5.915967791796857,12.111021043505067,8.03321559331783,True
lift_and_cruse,cruise_50,1500.0,113.97381176969321,5.915967791796859,12.117832221468703,8.037341890488563,True
lift_and_cruse,cruise_51,1500.0,113.97324156039551,5.916027712049394,12.117832221468703,8.037341890488563,True
lift_and_cruse,cruise_51,1500.0,113.97324156039551,5.916027712049397,12.124643365356114,8.041468187659296,True
lift_and_cruse,cruise_51,1500.0,113.97324156039551,5.916027712049413,12.14372776643825,8.053029815411117,True
lift_and_cruse,cruise_51,1500.0,113.97324156039551,5.916027712049398,12.171305525025973,8.069736851573717,True
lift_and_cruse,cruise_51,1500.0,113.97324156039551,5.916027712049397,12.201914527811969,8.088280262736744,True
lift_and_cruse,cruise_51,1500.0,113.97324156039551,5.916027712049393,12.229492286399692,8.104987298899344,True
lift_and_cruse,cruise_51,1500.0,113.97324156039551,5.916027712049294,12.24857668748183,8.116548926651165,True
lift_and_cruse,cruise_51,1500.0,113.97324156039551,5.916027712049393,12.255387831369239,8.120675223821896,True
lift_and_cruse,cruise_52,1500.0,113.97266858136824,5.916087924271159,12.255387831369239,8.120675223821896,True
lift_and_cruse,cruise_52,1500.0,113.97266858136824,5.916087924271158,12.262198941014907,8.124801520992628,True
lift_and_cruse,cruise_52,1500.0,113.97266858136824,5.916087924271159,12.281283246153807,8.136363148744449,True
lift_and_cruse,cruise_52,1500.0,113.97266858136824,5.916087924271163,12.308860866099536,8.15307018490705,True
lift_and_cruse,cruise_52,1500.0,113.97266858136824,5.916087924271159,12.339469715004533,8.171613596070078,True
lift_and_cruse,cruise_52,1500.0,113.97266858136824,5.916087924271159,12.367047334950264,8.188320632232678,True
lift_and_cruse,cruise_52,1500.0,113.97266858136824,5.916087924271161,12.386131640089163,8.199882259984498,True
lift_and_cruse,cruise_52,1500.0,113.97266858136824,5.916087924271159,12.39294274973483,8.20400855715523,True
lift_and_cruse,cruise_53,1500.0,113.97209280658313,5.916148431210318,12.39294274973483,8.20400855715523,True
lift_and_cruse,cruise_53,1500.0,113.97209280658313,5.916148431210649,12.399753824971677,8.208134854325962,True
lift_and_cruse,cruise_53,1500.0,113.97209280658313,5.916148431210665,12.4188380336992,8.219696482077783,True
lift_and_cruse,cruise_53,1500.0,113.97209280658313,5.916148431210724,12.446415514326457,8.236403518240383,True
lift_and_cruse,cruise_53,1500.0,113.97209280658313,5.916148431210893,12.477024208599612,8.25494692940341,True
lift_and_cruse,cruise_53,1500.0,113.97209280658313,5.9161484312107255,12.50460168922687,8.27165396556601,True
lift_and_cruse,cruise_53,1500.0,113.97209280658313,5.916148431211204,12.523685897954396,8.28321559331783,True
lift_and_cruse,cruise_53,1500.0,113.97209280658313,5.916148431210862,12.530496973191243,8.287341890488563,True
lift_and_cruse,cruise_54,1500.0,113.97151420964806,5.916209235655311,12.530496973191243,8.287341890488563,True
lift_and_cruse,cruise_54,1500.0,113.97151420964806,5.916209235655126,12.537308013850613,8.291468187659296,True
lift_and_cruse,cruise_54,1500.0,113.97151420964806,5.916209235655128,12.556392125694204,8.303029815411117,True
lift_and_cruse,cruise_54,1500.0,113.97151420964806,5.916209235655128,12.58396946632012,8.319736851573717,True
lift_and_cruse,cruise_54,1500.0,113.97151420964806,5.916209235655128,12.614578005203512,8.338280262736744,True
lift_and_cruse,cruise_54,1500.0,113.97151420964806,5.916209235655145,12.642155345829428,8.354987298899344,True
lift_and_cruse,cruise_54,1500.0,113.97151420964806,5.916209235655127,12.66123945767302,8.366548926651165,True
lift_and_cruse,cruise_54,1500.0,113.97151420964806,5.916209235655126,12.66805049833239,8.370675223821896,True
lift_and_cruse,cruise_55,1500.0,113.97093276380016,5.916270340430604,12.66805049833239,8.370675223821896,True
lift_and_cruse,cruise_55,1500.0,113.97093276380016,5.916270340430594,12.67486150424403,8.374801520992628,True
lift_and_cruse,cruise_55,1500.0,113.97093276380016,5.916270340430603,12.693945518726649,8.386363148744449,True
lift_and_cruse,cruise_55,1500.0,113.97093276380016,5.916270340430603,12.721522718661882,8.40307018490705,True
lift_and_cruse,cruise_55,1500.0,113.97093276380016,5.916270340430601,12.752131101390395,8.421613596070078,True
lift_and_cruse,cruise_55,1500.0,113.97093276380016,5.916270340431171,12.77970830132563,8.438320632232678,True
lift_and_cruse,cruise_55,1500.0,113.97093276380016,5.916270340430603,12.798792315808246,8.449882259984498,True
lift_and_cruse,cruise_55,1500.0,113.97093276380016,5.916270340430628,12.805603321719888,8.45400855715523,True
lift_and_cruse,cruise_56,1500.0,113.97034844189893,5.916331748403315,12.805603321719888,8.45400855715523,True
lift_and_cruse,cruise_56,1500.0,113.97034844189893,5.916331748403248,12.812414292711924,8.458134854325962,True
lift_and_cruse,cruise_56,1500.0,113.97034844189893,5.916331748403234,12.831498209351983,8.469696482077783,True
lift_and_cruse,cruise_56,1500.0,113.97034844189893,5.916331748403272,12.859075267900623,8.486403518240383,True
lift_and_cruse,cruise_56,1500.0,113.97034844189893,5.916331748403322,12.889683493701856,8.50494692940341,True
lift_and_cruse,cruise_56,1500.0,113.97034844189893,5.916331748403322,12.917260552250497,8.52165396556601,True
lift_and_cruse,cruise_56,1500.0,113.97034844189893,5.916331748403322,12.936344468890555,8.53321559331783,True
lift_and_cruse,cruise_56,1500.0,113.97034844189893,5.91633174840332,12.943155439882592,8.537341890488563,True
lift_and_cruse,cruise_57,1500.0,113.96976121641912,5.916393462480132,12.943155439882592,8.537341890488563,True
lift_and_cruse,cruise_57,1500.0,113.96976121641912,5.916393462480131,12.949966375781504,8.541468187659294,True
lift_and_cruse,cruise_57,1500.0,113.96976121641912,5.916393462480285,12.969050194092812,8.553029815411115,True
lift_and_cruse,cruise_57,1500.0,113.96976121641912,5.916393462480973,12.996627110552287,8.569736851573715,True
lift_and_cruse,cruise_57,1500.0,113.96976121641912,5.9163934624801335,13.027235178646448,8.588280262736742,True
lift_and_cruse,cruise_57,1500.0,113.96976121641912,5.916393462480463,13.054812095105925,8.604987298899344,True
lift_and_cruse,cruise_57,1500.0,113.96976121641912,5.916393462480131,13.073895913417234,8.616548926651163,True
lift_and_cruse,cruise_57,1500.0,113.96976121641912,5.916393462480897,13.080706849316144,8.620675223821896,True
lift_and_cruse,cruise_58,1500.0,113.96917105944343,5.916455485609334,13.080706849316144,8.620675223821896,True
lift_and_cruse,cruise_58,1500.0,113.96917105944343,5.916455485609336,13.087517749946741,8.624801520992628,True
lift_and_cruse,cruise_58,1500.0,113.96917105944343,5.916455485609335,13.106601469438429,8.636363148744447,True
lift_and_cruse,cruise_58,1500.0,113.96917105944343,5.916455485609336,13.134178243099417,8.65307018490705,True
lift_and_cruse,cruise_58,1500.0,113.96917105944343,5.916455485609335,13.164786152699214,8.671613596070076,True
lift_and_cruse,cruise_58,1500.0,113.96917105944343,5.916455485609336,13.192362926360202,8.688320632232678,True
lift_and_cruse,cruise_58,1500.0,113.96917105944343,5.916455485609336,13.21144664585189,8.699882259984497,True
lift_and_cruse,cruise_58,1500.0,113.96917105944343,5.916455485609334,13.218257546482489,8.704008557155229,True
lift_and_cruse,cruise_59,1500.0,113.9685779426553,5.91651782078145,13.218257546482489,8.704008557155229,True
lift_and_cruse,cruise_59,1500.0,113.9685779426553,5.916517820781368,13.225068411667891,8.70813485432596,True
lift_and_cruse,cruise_59,1500.0,113.9685779426553,5.916517820781373,13.244152031844347,8.719696482077781,True
lift_and_cruse,cruise_59,1500.0,113.9685779426553,5.916517820781348,13.271728661990673,8.736403518240383,True
lift_and_cruse,cruise_59,1500.0,113.9685779426553,5.91651782078133,13.302336412301209,8.75494692940341,True
lift_and_cruse,cruise_59,1500.0,113.9685779426553,5.9165178207813085,13.329913042447531,8.77165396556601,True
lift_and_cruse,cruise_59,1500.0,113.9685779426553,5.916517820781284,13.348996662623989,8.78321559331783,True
lift_and_cruse,cruise_59,1500.0,113.9685779426553,5.916517820781285,13.355807527809391,8.787341890488563,True
lift_and_cruse,cruise_60,1500.0,113.96798183733094,5.916580471030061,13.355807527809391,8.787341890488563,True
lift_and_cruse,cruise_60,1500.0,113.96798183733094,5.916580471030062,13.362618357371,8.791468187659294,True
lift_and_cruse,cruise_60,1500.0,113.96798183733094,5.916580471030062,13.381701877731809,8.803029815411115,True
lift_and_cruse,cruise_60,1500.0,113.96798183733094,5.916580471030064,13.40927836364034,8.819736851573715,True
lift_and_cruse,cruise_60,1500.0,113.96798183733094,5.916580471030061,13.439885953859005,8.838280262736742,True
lift_and_cruse,cruise_60,1500.0,113.96798183733094,5.916580471030059,13.467462439767536,8.854987298899344,True
lift_and_cruse,cruise_60,1500.0,113.96798183733094,5.916580471030059,13.486545960128343,8.866548926651163,True
lift_and_cruse,cruise_60,1500.0,113.96798183733094,5.91658047103006,13.493356789689953,8.870675223821896,True
lift_and_cruse,cruise_61,1500.0,113.96738271433189,5.916643439435247,13.493356789689953,8.870675223821896,True
lift_and_cruse,cruise_61,1500.0,113.96738271433189,5.916643439433379,13.50016758344743,8.874801520992628,True
lift_and_cruse,cruise_61,1500.0,113.96738271433189,5.91664343943259,13.519251003487291,8.886363148744447,True
lift_and_cruse,cruise_61,1500.0,113.96738271433189,5.916643439432589,13.546827344427854,8.90307018490705,True
lift_and_cruse,cruise_61,1500.0,113.96738271433189,5.9166434394325895,13.57743477374421,8.921613596070076,True
lift_and_cruse,cruise_61,1500.0,113.96738271433189,5.916643439433706,13.605011114684771,8.938320632232678,True
lift_and_cruse,cruise_61,1500.0,113.96738271433189,5.916643439432592,13.624094534724634,8.949882259984497,True
lift_and_cruse,cruise_61,1500.0,113.96738271433189,5.91664343943259,13.63090532848211,8.954008557155229,True
lift_and_cruse,cruise_62,1500.0,111.46946208564167,6.188145610117654,13.63090532848211,8.954008557155229,True
lift_and_cruse,cruise_62,1500.0,111.46946208564167,6.18814561011767,13.637566844246013,8.95813485432596,True
lift_and_cruse,cruise_62,1500.0,111.46946208564167,6.188145610117686,13.656231996642552,8.969696482077781,True
lift_and_cruse,cruise_62,1500.0,111.46946208564167,6.188145610117711,13.683203923326518,8.986403518240383,True
lift_and_cruse,cruise_62,1500.0,111.46946208564167,6.188145610117735,13.713140503429184,9.00494692940341,True
lift_and_cruse,cruise_62,1500.0,111.46946208564167,6.188145610117749,13.740112430113152,9.02165396556601,True
lift_and_cruse,cruise_62,1500.0,111.46946208564167,6.188145610117757,13.75877758250969,9.03321559331783,True
lift_and_cruse,cruise_62,1500.0,111.46946208564167,6.18814561011776,13.765439098273593,9.037341890488563,True
lift_and_cruse,cruise_63,1500.0,111.46882952523652,6.188216704435638,13.765439098273593,9.037341890488563,True
lift_and_cruse,cruise_63,1500.0,111.46882952523652,6.188216704435263,13.772100576235113,9.041468187659294,True
lift_and_cruse,cruise_63,1500.0,111.46882952523652,6.188216704435362,13.790765622711733,9.053029815411115,True
lift_and_cruse,cruise_63,1500.0,111.46882952523652,6.188216704435461,13.817737396336984,9.069736851573715,True
lift_and_cruse,cruise_63,1500.0,111.46882952523652,6.188216704435544,13.847673806557289,9.088280262736742,True
lift_and_cruse,cruise_63,1500.0,111.46882952523652,6.188216704435635,13.87464558018254,9.104987298899344,True
lift_and_cruse,cruise_63,1500.0,111.46882952523652,6.188216704435529,13.893310626659158,9.116548926651163,True
lift_and_cruse,cruise_63,1500.0,111.46882952523652,6.188216704435401,13.899972104620682,9.120675223821896,True
lift_and_cruse,cruise_64,1500.0,111.468193916202,6.1882881426233,13.899972104620682,9.120675223821896,True
lift_and_cruse,cruise_64,1500.0,111.468193916202,6.188288142623302,13.906633544597634,9.124801520992628,True
lift_and_cruse,cruise_64,1500.0,111.468193916202,6.188288142623297,13.925298484643852,9.136363148744447,True
lift_and_cruse,cruise_64,1500.0,111.468193916202,6.1882881426233,13.952270104472717,9.15307018490705,True
lift_and_cruse,cruise_64,1500.0,111.468193916202,6.188288142623301,13.982206343991914,9.171613596070076,True
lift_and_cruse,cruise_64,1500.0,111.468193916202,6.188288142623298,14.00917796382078,9.188320632232678,True
lift_and_cruse,cruise_64,1500.0,111.468193916202,6.188288142623301,14.027842903866999,9.199882259984497,True
lift_and_cruse,cruise_64,1500.0,111.468193916202,6.188288142623302,14.034504343843953,9.204008557155229,True
lift_and_cruse,cruise_65,1500.0,111.46755522954248,6.188359924648807,14.034504343843953,9.204008557155229,True
lift_and_cruse,cruise_65,1500.0,111.46755522954248,6.188359931772473,14.04116574565241,9.20813485432596,True
lift_and_cruse,cruise_65,1500.0,111.46755522954248,6.188359929281293,14.059830578752894,9.219696482077781,True
lift_and_cruse,cruise_65,1500.0,111.46755522954248,6.188359927957416,14.08680204404069,9.236403518240383,True
lift_and_cruse,cruise_65,1500.0,111.46755522954248,6.188359927957415,14.116738112032243,9.25494692940341,True
lift_and_cruse,cruise_65,1500.0,111.46755522954248,6.188359927957412,14.143709577320038,9.27165396556601,True
lift_and_cruse,cruise_65,1500.0,111.46755522954248,6.188359927957418,14.162374410420522,9.28321559331783,True
lift_and_cruse,cruise_65,1500.0,111.46755522954248,6.188359927957423,14.16903581222898,9.287341890488563,True
lift_and_cruse,cruise_66,1500.0,111.4669134358492,6.188432063761489,14.16903581222898,9.287341890488563,True
lift_and_cruse,cruise_66,1500.0,111.4669134358492,6.188432063761484,14.175697175683268,9.291468187659294,True
lift_and_cruse,cruise_66,1500.0,111.4669134358492,6.18843206376149,14.194361901317752,9.303029815411115,True
lift_and_cruse,cruise_66,1500.0,111.4669134358492,6.188432063761493,14.221333211312682,9.319736851573715,True
lift_and_cruse,cruise_66,1500.0,111.4669134358492,6.188432063759943,14.251269106942154,9.338280262736742,True
lift_and_cruse,cruise_66,1500.0,111.4669134358492,6.188432056226948,14.278240416937082,9.354987298899344,True
lift_and_cruse,cruise_66,1500.0,111.4669134358492,6.188432064596696,14.296905142571566,9.366548926651163,True
lift_and_cruse,cruise_66,1500.0,111.4669134358492,6.1884320637615,14.303566506025854,9.370675223821896,True
lift_and_cruse,cruise_67,1500.0,111.46626850529213,6.188504553406724,14.303566506025854,9.370675223821896,True
lift_and_cruse,cruise_67,1500.0,111.46626850529213,6.188504553407353,14.31022783093851,9.374801520992628,True
lift_and_cruse,cruise_67,1500.0,111.46626850529213,6.188504553406725,14.328892448581737,9.386363148744447,True
lift_and_cruse,cruise_67,1500.0,111.46626850529213,6.188504553406725,14.355863602524781,9.40307018490705,True
lift_and_cruse,cruise_67,1500.0,111.46626850529213,6.188504553406769,14.385799324949728,9.421613596070076,True
lift_and_cruse,cruise_67,1500.0,111.46626850529213,6.188504553406725,14.412770478892773,9.438320632232678,True
lift_and_cruse,cruise_67,1500.0,111.46626850529213,6.188504553406329,14.431435096536,9.449882259984497,True
lift_and_cruse,cruise_67,1500.0,111.46626850529213,6.188504553406725,14.438096421448655,9.454008557155229,True
lift_and_cruse,cruise_68,1500.0,111.46562040761225,6.188577400312849,14.438096421448655,9.454008557155229,True
lift_and_cruse,cruise_68,1500.0,111.46562040761225,6.188577400312842,14.44475770763041,9.45813485432596,True
lift_and_cruse,cruise_68,1500.0,111.46562040761225,6.188577400312845,14.463422216752058,9.469696482077781,True
lift_and_cruse,cruise_68,1500.0,111.46562040761225,6.188577400312849,14.490393213876878,9.486403518240383,True
lift_and_cruse,cruise_68,1500.0,111.46562040761225,6.188577400312857,14.520328762246725,9.50494692940341,True
lift_and_cruse,cruise_68,1500.0,111.46562040761225,6.188577400312861,14.547299759371548,9.52165396556601,True
lift_and_cruse,cruise_68,1500.0,111.46562040761225,6.188577400312865,14.565964268493197,9.53321559331783,True
lift_and_cruse,cruise_68,1500.0,111.46562040761225,6.1885774003128615,14.572625554674948,9.537341890488563,True
lift_and_cruse,cruise_69,1500.0,111.46496911211307,6.188650607967564,14.572625554674948,9.537341890488563,True
lift_and_cruse,cruise_69,1500.0,111.46496911211307,6.18865060794924,14.579286801934693,9.541468187659294,True
lift_and_cruse,cruise_69,1500.0,111.46496911211307,6.188650607949239,14.597951201999301,9.553029815411115,True
lift_and_cruse,cruise_69,1500.0,111.46496911211307,6.188650607949228,14.62492204153213,9.569736851573715,True
lift_and_cruse,cruise_69,1500.0,111.46496911211307,6.188650607949216,14.654857414988065,9.588280262736742,True
lift_and_cruse,cruise_69,1500.0,111.46496911211307,6.188650607949204,14.681828254520894,9.604987298899344,True
lift_and_cruse,cruise_69,1500.0,111.46496911211307,6.188650607949195,14.700492654585503,9.616548926651163,True
lift_and_cruse,cruise_69,1500.0,111.46496911211307,6.1886506079491905,14.707153901845247,9.620675223821896,True
lift_and_cruse,cruise_70,1500.0,111.46431458765217,6.188724179835199,14.707153901845247,9.620675223821896,True
lift_and_cruse,cruise_70,1500.0,111.46431458765217,6.188724179835301,14.713815109990021,9.624801520992628,True
lift_and_cruse,cruise_70,1500.0,111.46431458765217,6.188724179835102,14.732479400456908,9.636363148744447,True
lift_and_cruse,cruise_70,1500.0,111.46431458765217,6.1887241798352015,14.759450081616444,9.65307018490705,True
lift_and_cruse,cruise_70,1500.0,111.46431458765217,6.188724179835183,14.789385279291286,9.671613596070076,True
lift_and_cruse,cruise_70,1500.0,111.46431458765217,6.188724179835183,14.816355960450823,9.688320632232678,True
lift_and_cruse,cruise_70,1500.0,111.46431458765217,6.188724179835178,14.835020250917712,9.699882259984497,True
lift_and_cruse,cruise_70,1500.0,111.46431458765217,6.188724179835183,14.841681459062483,9.704008557155229,True
lift_and_cruse,cruise_71,1500.0,111.46365680263276,6.188798119542214,14.841681459062483,9.704008557155229,True
lift_and_cruse,cruise_71,1500.0,111.46365680263276,6.188798119542212,14.84834262789743,9.70813485432596,True
lift_and_cruse,cruise_71,1500.0,111.46365680263276,6.188798119542217,14.86700680822063,9.719696482077781,True
lift_and_cruse,cruise_71,1500.0,111.46365680263276,6.188798119542212,14.893977330217925,9.736403518240383,True
lift_and_cruse,cruise_71,1500.0,111.46365680263276,6.18879811954221,14.923912351236007,9.75494692940341,True
lift_and_cruse,cruise_71,1500.0,111.46365680263276,6.188798119542209,14.950882873233304,9.77165396556601,True
lift_and_cruse,cruise_71,1500.0,111.46365680263276,6.18879811954221,14.969547053556504,9.78321559331783,True
lift_and_cruse,cruise_71,1500.0,111.46365680263276,6.188798119542209,14.976208222391449,9.787341890488563,True
lift_and_cruse,cruise_72,1500.0,111.46299572499454,6.1888724306937695,14.976208222391449,9.787341890488563,True
lift_and_cruse,cruise_72,1500.0,111.46299572499454,6.188872430693764,14.982869351719799,9.791468187659294,True
lift_and_cruse,cruise_72,1500.0,111.46299572499454,6.188872430693766,15.001533421347974,9.803029815411115,True
lift_and_cruse,cruise_72,1500.0,111.46299572499454,6.188872430693768,15.028503783386325,9.819736851573715,True
lift_and_cruse,cruise_72,1500.0,111.46299572499454,6.188872430693771,15.05843862686337,9.838280262736742,True
lift_and_cruse,cruise_72,1500.0,111.46299572499454,6.188872430693777,15.085408988901722,9.854987298899344,True
lift_and_cruse,cruise_72,1500.0,111.46299572499454,6.188872430693781,15.104073058529897,9.866548926651163,True
lift_and_cruse,cruise_72,1500.0,111.46299572499454,6.18887243069378,15.110734187858247,9.870675223821896,True
lift_and_cruse,cruise_73,1500.0,111.46233132220482,6.18894711701377,15.110734187858247,9.870675223821896,True
lift_and_cruse,cruise_73,1500.0,111.46233132220482,6.1889471169670065,15.117395277481284,9.874801520992628,True
lift_and_cruse,cruise_73,1500.0,111.46233132220482,6.188947116967002,15.136059235857651,9.886363148744447,True
lift_and_cruse,cruise_73,1500.0,111.46233132220482,6.188947116966996,15.16302943713248,9.90307018490705,True
lift_and_cruse,cruise_73,1500.0,111.46233132220482,6.188947116966983,15.192964102175479,9.921613596070076,True
lift_and_cruse,cruise_73,1500.0,111.46233132220482,6.188947116966976,15.219934303450305,9.938320632232678,True
lift_and_cruse,cruise_73,1500.0,111.46233132220482,6.188947116966973,15.238598261826672,9.949882259984497,True
lift_and_cruse,cruise_73,1500.0,111.46233132220482,6.1889471169669665,15.245259351449711,9.954008557155229,True
lift_and_cruse,cruise_74,1500.0,111.46166356124921,6.189022182091708,15.245259351449711,9.954008557155229,True
lift_and_cruse,cruise_74,1500.0,111.46166356124921,6.1890221820930185,15.25192040116675,9.95813485432596,True
lift_and_cruse,cruise_74,1500.0,111.46166356124921,6.18902218209311,15.270584247728994,9.969696482077781,True
lift_and_cruse,cruise_74,1500.0,111.46166356124921,6.1890221820931215,15.297554287427737,9.986403518240383,True
lift_and_cruse,cruise_74,1500.0,111.46166356124921,6.189022182093126,15.327488773134808,10.00494692940341,True
lift_and_cruse,cruise_74,1500.0,111.46166356124921,6.189022182093217,15.354458812833547,10.02165396556601,True
lift_and_cruse,cruise_74,1500.0,111.46166356124921,6.189022182093125,15.373122659395793,10.03321559331783,True
lift_and_cruse,cruise_74,1500.0,111.46166356124921,6.1890221820931215,15.379783709112834,10.037341890488563,True
lift_and_cruse,cruise_75,1500.0,111.460992408622,6.189097629981339,15.379783709112834,10.037341890488563,True
lift_and_cruse,cruise_75,1500.0,111.460992408622,6.189097629865104,15.386444718721185,10.041468187659294,True
lift_and_cruse,cruise_75,1500.0,111.460992408622,6.189097629865168,15.405108452901386,10.053029815411115,True
lift_and_cruse,cruise_75,1500.0,111.460992408622,6.1890976298651,15.432078330203367,10.069736851573715,True
lift_and_cruse,cruise_75,1500.0,111.460992408622,6.189097629865233,15.462012635663635,10.088280262736742,True
lift_and_cruse,cruise_75,1500.0,111.460992408622,6.189097629865365,15.488982512965617,10.104987298899344,True
lift_and_cruse,cruise_75,1500.0,111.460992408622,6.18909762980199,15.507646247145818,10.116548926651163,True
lift_and_cruse,cruise_75,1500.0,111.460992408622,6.189097629865393,15.514307256754169,10.120675223821896,True
lift_and_cruse,cruise_76,1500.0,111.46031783031633,6.189173464291833,15.514307256754169,10.120675223821896,True
lift_and_cruse,cruise_76,1500.0,111.46031783031633,6.189173464125905,15.520968226049112,10.124801520992628,True
lift_and_cruse,cruise_76,1500.0,111.46031783031633,6.189173464126195,15.53963184727365,10.136363148744447,True
lift_and_cruse,cruise_76,1500.0,111.46031783031633,6.189173464126308,15.566601561349971,10.15307018490705,True
lift_and_cruse,cruise_76,1500.0,111.46031783031633,6.189173464126546,15.596535685643422,10.171613596070076,True
lift_and_cruse,cruise_76,1500.0,111.46031783031633,6.189173464126578,15.623505399719742,10.188320632232678,True
lift_and_cruse,cruise_76,1500.0,111.46031783031633,6.189173464126622,15.64216902094428,10.199882259984497,True
lift_and_cruse,cruise_76,1500.0,111.46031783031633,6.189173463971753,15.648829990239223,10.204008557155229,True
lift_and_cruse,cruise_77,1500.0,111.45963979181442,6.189249689010954,15.648829990239223,10.204008557155229,True
lift_and_cruse,cruise_77,1500.0,111.45963979181442,6.189249688731857,15.655490919013973,10.20813485432596,True
lift_and_cruse,cruise_77,1500.0,111.45963979181442,6.1892496887317705,15.674154426703453,10.219696482077781,True
lift_and_cruse,cruise_77,1500.0,111.45963979181442,6.1892496887318424,15.701123976716861,10.236403518240383,True
lift_and_cruse,cruise_77,1500.0,111.45963979181442,6.189249688731879,15.731057918914214,10.25494692940341,True
lift_and_cruse,cruise_77,1500.0,111.45963979181442,6.1892496887319925,15.75802746892762,10.27165396556601,True
lift_and_cruse,cruise_77,1500.0,111.45963979181442,6.18924968873207,15.7766909766171,10.28321559331783,True
lift_and_cruse,cruise_77,1500.0,111.45963979181442,6.189249688731996,15.78335190539185,10.287341890488563,True
lift_and_cruse,cruise_78,1500.0,111.45895825807712,6.1893263081389165,15.78335190539185,10.287341890488563,True
lift_and_cruse,cruise_78,1500.0,111.45895825807712,6.189326307696104,15.790012793437528,10.291468187659294,True
lift_and_cruse,cruise_78,1500.0,111.45895825807712,6.189326307695866,15.808676187006682,10.303029815411115,True
lift_and_cruse,cruise_78,1500.0,111.45895825807712,6.189326307695929,15.835645572111446,10.319736851573715,True
lift_and_cruse,cruise_78,1500.0,111.45895825807712,6.189326307695932,15.865579331274013,10.338280262736742,True
lift_and_cruse,cruise_78,1500.0,111.45895825807712,6.189326307696174,15.892548716378773,10.354987298899344,True
lift_and_cruse,cruise_78,1500.0,111.45895825807712,6.189326307696116,15.911212109947929,10.366548926651163,True
lift_and_cruse,cruise_78,1500.0,111.45895825807712,6.189326307696185,15.917872997993607,10.370675223821896,True
lift_and_cruse,cruise_79,1500.0,111.45827319353339,6.1894033250484,15.917872997993607,10.370675223821896,True
lift_and_cruse,cruise_79,1500.0,111.45827319353339,6.189403325067465,15.924533845099209,10.374801520992628,True
lift_and_cruse,cruise_79,1500.0,111.45827319353339,6.189403325075073,15.94319712395682,10.386363148744447,True
lift_and_cruse,cruise_79,1500.0,111.45827319353339,6.189403325086394,15.970166343298597,10.40307018490705,True
lift_and_cruse,cruise_79,1500.0,111.45827319353339,6.1894033250974205,16.00009991847813,10.421613596070076,True
lift_and_cruse,cruise_79,1500.0,111.45827319353339,6.189403325097946,16.02706913781991,10.438320632232678,True
lift_and_cruse,cruise_79,1500.0,111.45827319353339,6.189403325098224,16.045732416677524,10.449882259984497,True
lift_and_cruse,cruise_79,1500.0,111.45827319353339,6.189403325098427,16.052393263783124,10.454008557155229,True
lift_and_cruse,cruise_80,1500.0,111.45758456206954,6.189480744829834,16.052393263783124,10.454008557155229,True
lift_and_cruse,cruise_80,1500.0,111.45758456206954,6.189480744906632,16.059054069735488,10.45813485432596,True
lift_and_cruse,cruise_80,1500.0,111.45758456206954,6.189480744906644,16.07771723328429,10.469696482077781,True
lift_and_cruse,cruise_80,1500.0,111.45758456206954,6.189480744906662,16.104686286000007,10.486403518240383,True
lift_and_cruse,cruise_80,1500.0,111.45758456206954,6.189480744906668,16.134619676238565,10.50494692940341,True
lift_and_cruse,cruise_80,1500.0,111.45758456206954,6.18948074490668,16.161588728954282,10.52165396556601,True
lift_and_cruse,cruise_80,1500.0,111.45758456206954,6.189480744906686,16.180251892503083,10.53321559331783,True
lift_and_cruse,cruise_80,1500.0,111.45758456206954,6.189480744906693,16.186912698455448,10.537341890488563,True
lift_and_cruse,cruise_81,1500.0,111.45689232701825,6.189558571283969,16.186912698455448,10.537341890488563,True
lift_and_cruse,cruise_81,1500.0,111.45689232701825,6.189558571276191,16.19357346303922,10.541468187659294,True
lift_and_cruse,cruise_81,1500.0,111.45689232701825,6.189558571276194,16.212236510675798,10.553029815411115,True
lift_and_cruse,cruise_81,1500.0,111.45689232701825,6.189558571276196,16.239205395893507,10.569736851573715,True
lift_and_cruse,cruise_81,1500.0,111.45689232701825,6.18955857127726,16.2691386002233,10.588280262736742,True
lift_and_cruse,cruise_81,1500.0,111.45689232701825,6.189558571278363,16.296107485441006,10.604987298899344,True
lift_and_cruse,cruise_81,1500.0,111.45689232701825,6.189558571279128,16.31477053307759,10.616548926651163,True
lift_and_cruse,cruise_81,1500.0,111.45689232701825,6.189558571279394,16.32143129766136,10.620675223821896,True
lift_and_cruse,cruise_82,1500.0,111.45619645114711,6.189636808479611,16.32143129766136,10.620675223821896,True
lift_and_cruse,cruise_82,1500.0,111.45619645114711,6.189636808475616,16.32809202065896,10.624801520992628,True
lift_and_cruse,cruise_82,1500.0,111.45619645114711,6.189636808476005,16.34675495177368,10.636363148744447,True
lift_and_cruse,cruise_82,1500.0,111.45619645114711,6.189636808476577,16.373723668612417,10.65307018490705,True
lift_and_cruse,cruise_82,1500.0,111.45619645114711,6.189636808477181,16.40365668605566,10.671613596070076,True
lift_and_cruse,cruise_82,1500.0,111.45619645114711,6.189636808477771,16.4306254028944,10.688320632232678,True
lift_and_cruse,cruise_82,1500.0,111.45619645114711,6.189636808478157,16.44928833400912,10.699882259984497,True
lift_and_cruse,cruise_82,1500.0,111.45619645114711,6.189636808478321,16.45594905700672,10.704008557155229,True
lift_and_cruse,cruise_83,1500.0,111.45549689664703,6.1897154607532245,16.45594905700672,10.704008557155229,True
lift_and_cruse,cruise_83,1500.0,111.45549689664703,6.189715460752696,16.46260973819831,10.70813485432596,True
lift_and_cruse,cruise_83,1500.0,111.45549689664703,6.189715460752821,16.481272552175195,10.719696482077781,True
lift_and_cruse,cruise_83,1500.0,111.45549689664703,6.189715460753007,16.50824109974486,10.736403518240383,True
lift_and_cruse,cruise_83,1500.0,111.45549689664703,6.18971546075322,16.5381739293136,10.75494692940341,True
lift_and_cruse,cruise_83,1500.0,111.45549689664703,6.1897154607534075,16.565142476883267,10.77165396556601,True
lift_and_cruse,cruise_83,1500.0,111.45549689664703,6.189715460753545,16.583805290860152,10.78321559331783,True
lift_and_cruse,cruise_83,1500.0,111.45549689664703,6.189715460753576,16.590465972051746,10.787341890488563,True
lift_and_cruse,cruise_84,1500.0,111.45479362512036,6.18979453242415,16.590465972051746,10.787341890488563,True
lift_and_cruse,cruise_84,1500.0,111.45479362512036,6.189794532311115,16.597126611215195,10.791468187659294,True
lift_and_cruse,cruise_84,1500.0,111.45479362512036,6.189794532314795,16.615789307431843,10.803029815411115,True
lift_and_cruse,cruise_84,1500.0,111.45479362512036,6.189794532319511,16.642757684833036,10.819736851573715,True
lift_and_cruse,cruise_84,1500.0,111.45479362512036,6.189794532325204,16.67269032552902,10.838280262736742,True
lift_and_cruse,cruise_84,1500.0,111.45479362512036,6.18979453233026,16.699658702930215,10.854987298899344,True
lift_and_cruse,cruise_84,1500.0,111.45479362512036,6.189794532334133,16.718321399146863,10.866548926651163,True
lift_and_cruse,cruise_84,1500.0,111.45479362512036,6.189794532335476,16.724982038310312,10.870675223821896,True
lift_and_cruse,cruise_85,1500.0,111.45408659756845,6.189874027973636,16.724982038310312,10.870675223821896,True
lift_and_cruse,cruise_85,1500.0,111.45408659756845,6.189874027972387,16.731642635221156,10.874801520992628,True
lift_and_cruse,cruise_85,1500.0,111.45408659756845,6.189874027972227,16.750305213048637,10.886363148744447,True
lift_and_cruse,cruise_85,1500.0,111.45408659756845,6.189874027971923,16.777273419372523,10.90307018490705,True
lift_and_cruse,cruise_85,1500.0,111.45408659756845,6.189874027971612,16.807205870187023,10.921613596070076,True
lift_and_cruse,cruise_85,1500.0,111.45408659756845,6.1898740279713005,16.834174076510912,10.938320632232678,True
lift_and_cruse,cruise_85,1500.0,111.45408659756845,6.189874027971069,16.852836654338393,10.949882259984497,True
lift_and_cruse,cruise_85,1500.0,111.45408659756845,6.189874027970997,16.859497251249234,10.954008557155229,True
lift_and_cruse,cruise_86,1500.0,111.4533757743793,6.189953951800614,16.859497251249234,10.954008557155229,True
lift_and_cruse,cruise_86,1500.0,111.4533757743793,6.189953951801456,16.866157805680643,10.95813485432596,True
lift_and_cruse,cruise_86,1500.0,111.4533757743793,6.189953951801456,16.884820264483388,10.969696482077781,True
lift_and_cruse,cruise_86,1500.0,111.4533757743793,6.189953951801463,16.911788298811548,10.986403518240383,True
lift_and_cruse,cruise_86,1500.0,111.4533757743793,6.18995395180147,16.941720558725198,11.00494692940341,True
lift_and_cruse,cruise_86,1500.0,111.4533757743793,6.189953951801477,16.96868859305336,11.02165396556601,True
lift_and_cruse,cruise_86,1500.0,111.4533757743793,6.189953951801481,16.987351051856105,11.03321559331783,True
lift_and_cruse,cruise_86,1500.0,111.4533757743793,6.189953951801482,16.994011606287515,11.037341890488563,True
lift_and_cruse,cruise_87,1500.0,111.45266111531468,6.190034308471229,16.994011606287515,11.037341890488563,True
lift_and_cruse,cruise_87,1500.0,111.45266111531468,6.190034308469048,17.00067211801025,11.041468187659294,True
lift_and_cruse,cruise_87,1500.0,111.45266111531468,6.1900343084687215,17.019334457145955,11.053029815411115,True
lift_and_cruse,cruise_87,1500.0,111.45266111531468,6.190034308467879,17.04630231855024,11.069736851573715,True
lift_and_cruse,cruise_87,1500.0,111.45266111531468,6.190034308467128,17.07623438653286,11.088280262736742,True
lift_and_cruse,cruise_87,1500.0,111.45266111531468,6.190034308466756,17.10320224793714,11.104987298899344,True
lift_and_cruse,cruise_87,1500.0,111.45266111531468,6.1900343084663465,17.12186458707285,11.116548926651163,True
lift_and_cruse,cruise_87,1500.0,111.45266111531468,6.190034308466304,17.12852509879559,11.120675223821896,True
lift_and_cruse,cruise_88,1500.0,111.45194257949652,6.190115102647265,17.12852509879559,11.120675223821896,True
lift_and_cruse,cruise_88,1500.0,111.45194257949652,6.190115102653634,17.135185567577974,11.124801520992628,True
lift_and_cruse,cruise_88,1500.0,111.45194257949652,6.190115102653627,17.153847786397495,11.136363148744447,True
lift_and_cruse,cruise_88,1500.0,111.45194257949652,6.1901151026536105,17.18081547393985,11.15307018490705,True
lift_and_cruse,cruise_88,1500.0,111.45194257949652,6.190115102653649,17.210747348950292,11.171613596070076,True
lift_and_cruse,cruise_88,1500.0,111.45194257949652,6.190115102653658,17.23771503649265,11.188320632232678,True
lift_and_cruse,cruise_88,1500.0,111.45194257949652,6.190115102653661,17.256377255312167,11.199882259984497,True
lift_and_cruse,cruise_88,1500.0,111.45194257949652,6.190115102653672,17.263037724094556,11.204008557155229,True
lift_and_cruse,cruise_89,1500.0,111.45122012539386,6.190196338981552,17.263037724094556,11.204008557155229,True
lift_and_cruse,cruise_89,1500.0,111.45122012539386,6.190196338986711,17.269698149702432,11.20813485432596,True
lift_and_cruse,cruise_89,1500.0,111.45122012539386,6.190196338986728,17.288360247549665,11.219696482077781,True
lift_and_cruse,cruise_89,1500.0,111.45122012539386,6.190196338986751,17.315327760282,11.236403518240383,True
lift_and_cruse,cruise_89,1500.0,111.45122012539386,6.1901963389867465,17.345259441267956,11.25494692940341,True
lift_and_cruse,cruise_89,1500.0,111.45122012539386,6.190196338986747,17.372226954000286,11.27165396556601,True
lift_and_cruse,cruise_89,1500.0,111.45122012539386,6.190196338986736,17.39088905184752,11.28321559331783,True
lift_and_cruse,cruise_89,1500.0,111.45122012539386,6.190196338986783,17.3975494774554,11.287341890488563,True
lift_and_cruse,cruise_90,1500.0,111.45049371080852,6.190278022259419,17.3975494774554,11.287341890488563,True
lift_and_cruse,cruise_90,1500.0,111.45049371080852,6.190278022263137,17.404209859652084,11.291468187659294,True
lift_and_cruse,cruise_90,1500.0,111.45049371080852,6.19027802226312,17.42287183586386,11.303029815411115,True
lift_and_cruse,cruise_90,1500.0,111.45049371080852,6.190278022263119,17.449839172827865,11.319736851573715,True
lift_and_cruse,cruise_90,1500.0,111.45049371080852,6.190278022263173,17.479770658725695,11.338280262736742,True
lift_and_cruse,cruise_90,1500.0,111.45049371080852,6.1902780222631515,17.5067379956897,11.354987298899344,True
lift_and_cruse,cruise_90,1500.0,111.45049371080852,6.190278022263154,17.525399971901475,11.366548926651163,True
lift_and_cruse,cruise_90,1500.0,111.45049371080852,6.1902780222631595,17.532060354098164,11.370675223821896,True
lift_and_cruse,cruise_91,1500.0,111.44976329286085,6.190360157329098,17.532060354098164,11.370675223821896,True
lift_and_cruse,cruise_91,1500.0,111.44976329286085,6.190360158451922,17.53872069264441,11.374801520992628,True
lift_and_cruse,cruise_91,1500.0,111.44976329286085,6.190360158442891,17.557382546550382,11.386363148744447,True
lift_and_cruse,cruise_91,1500.0,111.44976329286085,6.190360158453892,17.584349706777378,11.40307018490705,True
lift_and_cruse,cruise_91,1500.0,111.44976329286085,6.190360158468826,17.61428099651193,11.421613596070076,True
lift_and_cruse,cruise_91,1500.0,111.44976329286085,6.190360158446164,17.641248156738925,11.438320632232678,True
lift_and_cruse,cruise_91,1500.0,111.44976329286085,6.190360158466679,17.659910010644893,11.449882259984497,True
lift_and_cruse,cruise_91,1500.0,111.44976329286085,6.190360158453397,17.666570349191144,11.454008557155229,True
lift_and_cruse,cruise_92,1500.0,111.44902882797518,6.1904427491176355,17.666570349191144,11.454008557155229,True
lift_and_cruse,cruise_92,1500.0,111.44902882797518,6.19044274989036,17.67323064384511,11.45813485432596,True
lift_and_cruse,cruise_92,1500.0,111.44902882797518,6.1904427498970325,17.69189237476763,11.469696482077781,True
lift_and_cruse,cruise_92,1500.0,111.44902882797518,6.190442749892749,17.71885935727839,11.486403518240383,True
lift_and_cruse,cruise_92,1500.0,111.44902882797518,6.1904427499051105,17.748790449762804,11.50494692940341,True
lift_and_cruse,cruise_92,1500.0,111.44902882797518,6.190442749901607,17.775757432273565,11.52165396556601,True
lift_and_cruse,cruise_92,1500.0,111.44902882797518,6.190442749903937,17.794419163196086,11.53321559331783,True
lift_and_cruse,cruise_92,1500.0,111.44902882797518,6.190442749903762,17.80107945785005,11.537341890488563,True
lift_and_cruse,cruise_93,1500.0,111.44829027186448,6.190525802635257,17.80107945785005,11.537341890488563,True
lift_and_cruse,cruise_93,1500.0,111.44829027186448,6.190525802766743,17.807739708367233,11.541468187659294,True
lift_and_cruse,cruise_93,1500.0,111.44829027186448,6.190525802766189,17.82640131562124,11.553029815411115,True
lift_and_cruse,cruise_93,1500.0,111.44829027186448,6.190525802766455,17.853368119425827,11.569736851573715,True
lift_and_cruse,cruise_93,1500.0,111.44829027186448,6.190525802766385,17.88329901356135,11.588280262736742,True
lift_and_cruse,cruise_93,1500.0,111.44829027186448,6.190525802765706,17.910265817365936,11.604987298899344,True
lift_and_cruse,cruise_93,1500.0,111.44829027186448,6.1905258027661505,17.928927424619946,11.616548926651163,True
lift_and_cruse,cruise_93,1500.0,111.44829027186448,6.190525802765806,17.93558767513713,11.620675223821896,True
lift_and_cruse,cruise_94,1500.0,111.44754757951497,6.190609322738403,17.93558767513713,11.620675223821896,True
lift_and_cruse,cruise_94,1500.0,111.44754757951497,6.190609322993645,17.942247881270347,11.624801520992628,True
lift_and_cruse,cruise_94,1500.0,111.44754757951497,6.190609322993634,17.960909364163246,11.636363148744447,True
lift_and_cruse,cruise_94,1500.0,111.44754757951497,6.190609322993604,17.98787598826083,11.65307018490705,True
lift_and_cruse,cruise_94,1500.0,111.44754757951497,6.190609322993582,18.017806682936616,11.671613596070076,True
lift_and_cruse,cruise_94,1500.0,111.44754757951497,6.190609322993562,18.04477330703419,11.688320632232678,True
lift_and_cruse,cruise_94,1500.0,111.44754757951497,6.190609322993541,18.063434789927094,11.699882259984497,True
lift_and_cruse,cruise_94,1500.0,111.44754757951497,6.190609322993551,18.07009499606031,11.704008557155229,True
lift_and_cruse,cruise_95,1500.0,111.4468007051702,6.190693315265496,18.07009499606031,11.704008557155229,True
lift_and_cruse,cruise_95,1500.0,111.4468007051702,6.1906933159306305,18.076755157559642,11.70813485432596,True
lift_and_cruse,cruise_95,1500.0,111.4468007051702,6.190693315624039,18.095416515391175,11.719696482077781,True
lift_and_cruse,cruise_95,1500.0,111.4468007051702,6.190693315273767,18.122382958769837,11.736403518240383,True
lift_and_cruse,cruise_95,1500.0,111.4468007051702,6.190693315265682,18.152313452862767,11.75494692940341,True
lift_and_cruse,cruise_95,1500.0,111.4468007051702,6.190693315927382,18.179279896241432,11.77165396556601,True
lift_and_cruse,cruise_95,1500.0,111.4468007051702,6.190693315265699,18.197941254072962,11.78321559331783,True
lift_and_cruse,cruise_95,1500.0,111.4468007051702,6.190693315265714,18.204601415572295,11.787341890488563,True
lift_and_cruse,cruise_96,1500.0,111.44604960231457,6.1907777847772225,18.204601415572295,11.787341890488563,True
lift_and_cruse,cruise_96,1500.0,111.44604960231457,6.190777784839304,18.21126153218504,11.791468187659294,True
lift_and_cruse,cruise_96,1500.0,111.44604960231457,6.190777784883416,18.229922764247156,11.803029815411115,True
lift_and_cruse,cruise_96,1500.0,111.44604960231457,6.190777784848474,18.256889025883748,11.819736851573715,True
lift_and_cruse,cruise_96,1500.0,111.44604960231457,6.190777784938827,18.286819318258193,11.838280262736742,True
lift_and_cruse,cruise_96,1500.0,111.44604960231457,6.190777784852518,18.313785579894784,11.854987298899344,True
lift_and_cruse,cruise_96,1500.0,111.44604960231457,6.190777784865127,18.3324468119569,11.866548926651163,True
lift_and_cruse,cruise_96,1500.0,111.44604960231457,6.1907777848646,18.339106928569645,11.870675223821896,True
lift_and_cruse,cruise_97,1500.0,111.4452942236566,6.190862737021052,18.339106928569645,11.870675223821896,True
lift_and_cruse,cruise_97,1500.0,111.4452942236566,6.19086273647686,18.34576700004028,11.874801520992628,True
lift_and_cruse,cruise_97,1500.0,111.4452942236566,6.190862736468866,18.36442810561701,11.886363148744447,True
lift_and_cruse,cruise_97,1500.0,111.4452942236566,6.190862736465237,18.391394184476926,11.90307018490705,True
lift_and_cruse,cruise_97,1500.0,111.4452942236566,6.190862736459816,18.421324273984563,11.921613596070076,True
lift_and_cruse,cruise_97,1500.0,111.4452942236566,6.190862736462579,18.448290352844477,11.938320632232678,True
lift_and_cruse,cruise_97,1500.0,111.4452942236566,6.190862736470688,18.46695145842121,11.949882259984497,True
lift_and_cruse,cruise_97,1500.0,111.4452942236566,6.190862736453159,18.473611529891844,11.954008557155229,True
lift_and_cruse,cruise_98,1500.0,111.44453452111158,6.190948177229929,18.473611529891844,11.954008557155229,True
lift_and_cruse,cruise_98,1500.0,111.44453452111158,6.190948177231646,18.480271555961973,11.95813485432596,True
lift_and_cruse,cruise_98,1500.0,111.44453452111158,6.190948177231669,18.4989325343293,11.969696482077781,True
lift_and_cruse,cruise_98,1500.0,111.44453452111158,6.190948177231698,18.5258984293663,11.986403518240383,True
lift_and_cruse,cruise_98,1500.0,111.44453452111158,6.190948177231713,18.555828314845893,12.00494692940341,True
lift_and_cruse,cruise_98,1500.0,111.44453452111158,6.190948177231719,18.582794209882895,12.02165396556601,True
lift_and_cruse,cruise_98,1500.0,111.44453452111158,6.190948177232217,18.601455188250224,12.03321559331783,True
lift_and_cruse,cruise_98,1500.0,111.44453452111158,6.190948177232159,18.60811521432035,12.037341890488563,True
lift_and_cruse,cruise_99,1500.0,111.44377044578364,6.191034111001634,18.60811521432035,12.037341890488563,True
lift_and_cruse,cruise_99,1500.0,111.44377044578364,6.191034111001634,18.614775194728644,12.041468187659294,True
lift_and_cruse,cruise_99,1500.0,111.44377044578364,6.191034111001635,18.63343604515436,12.053029815411115,True
lift_and_cruse,cruise_99,1500.0,111.44377044578364,6.191034111001634,18.660401755310378,12.069736851573715,True
lift_and_cruse,cruise_99,1500.0,111.44377044578364,6.191034111021948,18.690331435587563,12.088280262736742,True
lift_and_cruse,cruise_99,1500.0,111.44377044578364,6.191034111001631,18.717297145743583,12.104987298899344,True
lift_and_cruse,cruise_99,1500.0,111.44377044578364,6.191034111001634,18.7359579961693,12.116548926651163,True
lift_and_cruse,cruise_99,1500.0,111.44377044578364,6.191034111001632,18.742617976577595,12.120675223821896,True
lift_and_cruse,cruise_100,1500.0,111.44300194794776,6.191120543959725,18.742617976577595,12.120675223821896,True
lift_and_cruse,cruise_100,1500.0,111.44300194794776,6.191120543959722,18.74927791105976,12.124801520992628,True
lift_and_cruse,cruise_100,1500.0,111.44300194794776,6.1911205439597214,18.767938632803336,12.136363148744447,True
lift_and_cruse,cruise_100,1500.0,111.44300194794776,6.191120543959725,18.794904157008272,12.15307018490705,True
lift_and_cruse,cruise_100,1500.0,111.44300194794776,6.191120543959765,18.824833630895327,12.171613596070076,True
lift_and_cruse,cruise_100,1500.0,111.44300194794776,6.191120543959727,18.85179915510026,12.188320632232678,True
lift_and_cruse,cruise_100,1500.0,111.44300194794776,6.1911205439597214,18.870459876843835,12.199882259984497,True
lift_and_cruse,cruise_100,1500.0,111.44300194794776,6.191120543959722,18.877119811326,12.204008557155229,True
lift_and_cruse,cruise_101,1500.0,111.44222897703065,6.191207481825359,18.877119811326,12.204008557155229,True
lift_and_cruse,cruise_101,1500.0,111.44222897703065,6.191207481824905,18.883779699614728,12.20813485432596,True
lift_and_cruse,cruise_101,1500.0,111.44222897703065,6.191207481824861,18.902440291927164,12.219696482077781,True
lift_and_cruse,cruise_101,1500.0,111.44222897703065,6.191207481824845,18.929405629098675,12.236403518240383,True
lift_and_cruse,cruise_101,1500.0,111.44222897703065,6.191207481824842,18.95933489539429,12.25494692940341,True
lift_and_cruse,cruise_101,1500.0,111.44222897703065,6.191207481824851,18.986300232565803,12.27165396556601,True
lift_and_cruse,cruise_101,1500.0,111.44222897703065,6.191207481824873,19.004960824878232,12.28321559331783,True
lift_and_cruse,cruise_101,1500.0,111.44222897703065,6.191207481824885,19.01162071316696,12.287341890488563,True
lift_and_cruse,cruise_102,1500.0,111.44145148159164,6.191294930416096,19.01162071316696,12.287341890488563,True
lift_and_cruse,cruise_102,1500.0,111.44145148159164,6.191294930416098,19.018280554991858,12.291468187659294,True
lift_and_cruse,cruise_102,1500.0,111.44145148159164,6.191294930416099,19.03694101711553,12.303029815411115,True
lift_and_cruse,cruise_102,1500.0,111.44145148159164,6.191294930416095,19.063906166158837,12.319736851573715,True
lift_and_cruse,cruise_102,1500.0,111.44145148159164,6.191294930416097,19.093835223647897,12.338280262736742,True
lift_and_cruse,cruise_102,1500.0,111.44145148159164,6.191294930416097,19.120800372691203,12.354987298899344,True
lift_and_cruse,cruise_102,1500.0,111.44145148159164,6.191294930416095,19.139460834814876,12.366548926651163,True
lift_and_cruse,cruise_102,1500.0,111.44145148159164,6.191294930416096,19.146120676639775,12.370675223821896,True
lift_and_cruse,cruise_103,1500.0,111.44066940930266,6.191382895650021,19.146120676639775,12.370675223821896,True
lift_and_cruse,cruise_103,1500.0,111.44066940930266,6.191382895650022,19.152780471727326,12.374801520992628,True
lift_and_cruse,cruise_103,1500.0,111.44066940930266,6.191382895654775,19.171440802895862,12.386363148744447,True
lift_and_cruse,cruise_103,1500.0,111.44066940930266,6.191382895650021,19.198405762703516,12.40307018490705,True
lift_and_cruse,cruise_103,1500.0,111.44066940930266,6.191382895650021,19.22833461015685,12.421613596070076,True
lift_and_cruse,cruise_103,1500.0,111.44066940930266,6.191382895651602,19.255299569964503,12.438320632232678,True
lift_and_cruse,cruise_103,1500.0,111.44066940930266,6.19138289565485,19.27395990113304,12.449882259984497,True
lift_and_cruse,cruise_103,1500.0,111.44066940930266,6.191382895652241,19.28061969622059,12.454008557155229,True
lift_and_cruse,cruise_104,1500.0,111.43988270692775,6.1914713835480075,19.28061969622059,12.454008557155229,True
lift_and_cruse,cruise_104,1500.0,111.43988270692775,6.191471383546661,19.2872794442941,12.45813485432596,True
lift_and_cruse,cruise_104,1500.0,111.43988270692775,6.191471383546609,19.30593964373221,12.469696482077781,True
lift_and_cruse,cruise_104,1500.0,111.43988270692775,6.191471383546531,19.332904413183883,12.486403518240383,True
lift_and_cruse,cruise_104,1500.0,111.43988270692775,6.191471383546367,19.362833049358017,12.50494692940341,True
lift_and_cruse,cruise_104,1500.0,111.43988270692775,6.191471383546317,19.389797818809686,12.52165396556601,True
lift_and_cruse,cruise_104,1500.0,111.43988270692775,6.191471383546081,19.4084580182478,12.53321559331783,True
lift_and_cruse,cruise_104,1500.0,111.43988270692775,6.1914713835460535,19.415117766321305,12.537341890488563,True
lift_and_cruse,cruise_105,1500.0,111.43909132030214,6.191560400289158,19.415117766321305,12.537341890488563,True
lift_and_cruse,cruise_105,1500.0,111.43909132030214,6.19156040023611,19.421777467100835,12.541468187659294,True
lift_and_cruse,cruise_105,1500.0,111.43909132030214,6.19156040023611,19.44043753402416,12.553029815411115,True
lift_and_cruse,cruise_105,1500.0,111.43909132030214,6.191560400236114,19.467402111986413,12.569736851573715,True
lift_and_cruse,cruise_105,1500.0,111.43909132030214,6.191560400236106,19.49733053562333,12.588280262736742,True
lift_and_cruse,cruise_105,1500.0,111.43909132030214,6.191560400546797,19.52429511358559,12.604987298899344,True
lift_and_cruse,cruise_105,1500.0,111.43909132030214,6.191560400236125,19.542955180508915,12.616548926651163,True
lift_and_cruse,cruise_105,1500.0,111.43909132030214,6.191560400236125,19.549614881288445,12.620675223821896,True
lift_and_cruse,cruise_106,1500.0,111.43829519431038,6.191649951948084,19.549614881288445,12.620675223821896,True
lift_and_cruse,cruise_106,1500.0,111.43829519431038,6.191649951948076,19.55627453449076,12.624801520992628,True
lift_and_cruse,cruise_106,1500.0,111.43829519431038,6.191649951948077,19.574934468105713,12.636363148744447,True
lift_and_cruse,cruise_106,1500.0,111.43829519431038,6.191649951948046,19.601898853431784,12.65307018490705,True
lift_and_cruse,cruise_106,1500.0,111.43829519431038,6.191649951948084,19.63182706325867,12.671613596070076,True
lift_and_cruse,cruise_106,1500.0,111.43829519431038,6.191649951948081,19.65879144858474,12.688320632232678,True
lift_and_cruse,cruise_106,1500.0,111.43829519431038,6.191649951948084,19.677451382199692,12.699882259984497,True
lift_and_cruse,cruise_106,1500.0,111.43829519431038,6.191649951948083,19.68411103540201,12.704008557155229,True
lift_and_cruse,cruise_107,1500.0,111.43749427286421,6.1917400450285,19.68411103540201,12.704008557155229,True
lift_and_cruse,cruise_107,1500.0,111.43749427286421,6.191740045027484,19.690770640740542,12.70813485432596,True
lift_and_cruse,cruise_107,1500.0,111.43749427286421,6.191740045027474,19.709430440244134,12.719696482077781,True
lift_and_cruse,cruise_107,1500.0,111.43749427286421,6.191740045027527,19.736394631773678,12.736403518240383,True
lift_and_cruse,cruise_107,1500.0,111.43749427286421,6.191740045027598,19.766322626502646,12.75494692940341,True
lift_and_cruse,cruise_107,1500.0,111.43749427286421,6.191740045027696,19.793286818032193,12.77165396556601,True
lift_and_cruse,cruise_107,1500.0,111.43749427286421,6.191740045027801,19.811946617535785,12.78321559331783,True
lift_and_cruse,cruise_107,1500.0,111.43749427286421,6.1917400450277995,19.818606222874315,12.787341890488563,True
lift_and_cruse,cruise_108,1500.0,111.43668849887936,6.191830685931974,19.818606222874315,12.787341890488563,True
lift_and_cruse,cruise_108,1500.0,111.43668849887936,6.1918306859319765,19.825265780059063,12.791468187659294,True
lift_and_cruse,cruise_108,1500.0,111.43668849887936,6.191830685931886,19.84392544463876,12.803029815411115,True
lift_and_cruse,cruise_108,1500.0,111.43668849887936,6.191830685931711,19.870889441197626,12.819736851573715,True
lift_and_cruse,cruise_108,1500.0,111.43668849887936,6.191830685931405,19.90081721952546,12.838280262736742,True
lift_and_cruse,cruise_108,1500.0,111.43668849887936,6.191830685931096,19.92778121608433,12.854987298899344,True
lift_and_cruse,cruise_108,1500.0,111.43668849887936,6.1918306859307926,19.946440880664024,12.866548926651163,True
lift_and_cruse,cruise_108,1500.0,111.43668849887936,6.191830685930689,19.95310043784877,12.870675223821896,True
lift_and_cruse,cruise_109,1500.0,111.43587781425235,6.191921881232741,19.95310043784877,12.870675223821896,True
lift_and_cruse,cruise_109,1500.0,111.43587781425235,6.19192188123274,19.959759946586274,12.874801520992628,True
lift_and_cruse,cruise_109,1500.0,111.43587781425235,6.191921881232741,19.978419475419802,12.886363148744447,True
lift_and_cruse,cruise_109,1500.0,111.43587781425235,6.191921881232738,20.005383275819774,12.90307018490705,True
lift_and_cruse,cruise_109,1500.0,111.43587781425235,6.191921881232742,20.035310836427666,12.921613596070076,True
lift_and_cruse,cruise_109,1500.0,111.43587781425235,6.1919218812327665,20.062274636827638,12.938320632232676,True
lift_and_cruse,cruise_109,1500.0,111.43587781425235,6.191921881232814,20.08093416566117,12.949882259984497,True
lift_and_cruse,cruise_109,1500.0,111.43587781425235,6.191921881232817,20.087593674398672,12.954008557155229,True
lift_and_cruse,cruise_110,1500.0,111.43506215983544,6.19201363764603,20.087593674398672,12.954008557155229,True
lift_and_cruse,cruise_110,1500.0,111.43506215983544,6.1920136376205,20.09425313439193,12.95813485432596,True
lift_and_cruse,cruise_110,1500.0,111.43506215983544,6.19201363762128,20.11291252664712,12.969696482077781,True
lift_and_cruse,cruise_110,1500.0,111.43506215983544,6.192013637620498,20.139876129685675,12.986403518240381,True
lift_and_cruse,cruise_110,1500.0,111.43506215983544,6.192013637622124,20.169803471238918,13.00494692940341,True
lift_and_cruse,cruise_110,1500.0,111.43506215983544,6.192013637620667,20.19676707427747,13.02165396556601,True
lift_and_cruse,cruise_110,1500.0,111.43506215983544,6.192013637621296,20.215426466532666,13.03321559331783,True
lift_and_cruse,cruise_110,1500.0,111.43506215983544,6.192013637625763,20.222085926525917,13.037341890488563,True
lift_and_cruse,cruise_111,1500.0,111.43424147541224,6.192105961948768,20.222085926525917,13.037341890488563,True
lift_and_cruse,cruise_111,1500.0,111.43424147541224,6.192105961906693,20.228745337474333,13.041468187659294,True
lift_and_cruse,cruise_111,1500.0,111.43424147541224,6.192105961906693,20.24740459230893,13.053029815411115,True
lift_and_cruse,cruise_111,1500.0,111.43424147541224,6.192105961909122,20.27436799676897,13.069736851573715,True
lift_and_cruse,cruise_111,1500.0,111.43424147541224,6.192105961906692,20.30429511791669,13.088280262736742,True
lift_and_cruse,cruise_111,1500.0,111.43424147541224,6.192105961906693,20.331258522376732,13.104987298899344,True
lift_and_cruse,cruise_111,1500.0,111.43424147541224,6.192105961908341,20.349917777211328,13.116548926651163,True
lift_and_cruse,cruise_111,1500.0,111.43424147541224,6.192105961913073,20.35657718815974,13.120675223821896,True
lift_and_cruse,cruise_112,1500.0,111.43341569967141,6.192198861071707,20.35657718815974,13.120675223821896,True
lift_and_cruse,cruise_112,1500.0,111.43341569967141,6.19219886102841,20.363236549759055,13.124801520992628,True
lift_and_cruse,cruise_112,1500.0,111.43341569967141,6.192198861026794,20.381895666320528,13.136363148744447,True
lift_and_cruse,cruise_112,1500.0,111.43341569967141,6.192198861026793,20.408858870970125,13.15307018490705,True
lift_and_cruse,cruise_112,1500.0,111.43341569967141,6.192198861027346,20.438785770344985,13.171613596070076,True
lift_and_cruse,cruise_112,1500.0,111.43341569967141,6.192198861026793,20.465748974994582,13.188320632232676,True
lift_and_cruse,cruise_112,1500.0,111.43341569967141,6.19219886103294,20.484408091556062,13.199882259984497,True
lift_and_cruse,cruise_112,1500.0,111.43341569967141,6.192198861026795,20.49106745315537,13.204008557155229,True
lift_and_cruse,cruise_113,1500.0,111.43258477018026,6.192292342096057,20.49106745315537,13.204008557155229,True
lift_and_cruse,cruise_113,1500.0,111.43258477018026,6.192292342044629,20.497726765097582,13.20813485432596,True
lift_and_cruse,cruise_113,1500.0,111.43258477018026,6.192292342043265,20.516385742522967,13.219696482077781,True
lift_and_cruse,cruise_113,1500.0,111.43258477018026,6.192292342043268,20.543348746115083,13.236403518240381,True
lift_and_cruse,cruise_113,1500.0,111.43258477018026,6.192292342043269,20.573275422332973,13.25494692940341,True
lift_and_cruse,cruise_113,1500.0,111.43258477018026,6.192292342043265,20.600238425925088,13.27165396556601,True
lift_and_cruse,cruise_113,1500.0,111.43258477018026,6.192292342047152,20.618897403350473,13.28321559331783,True
lift_and_cruse,cruise_113,1500.0,111.43258477018026,6.192292342046292,20.625556715292685,13.287341890488563,True
lift_and_cruse,cruise_114,1500.0,111.4317486233572,6.192386412148727,20.625556715292685,13.287341890488563,True
lift_and_cruse,cruise_114,1500.0,111.4317486233572,6.192386412148726,20.63221597726601,13.291468187659294,True
lift_and_cruse,cruise_114,1500.0,111.4317486233572,6.192386412148723,20.650874814681675,13.303029815411115,True
lift_and_cruse,cruise_114,1500.0,111.4317486233572,6.192386412148725,20.677837615953887,13.319736851573715,True
lift_and_cruse,cruise_114,1500.0,111.4317486233572,6.192386412148724,20.707764067613628,13.338280262736742,True
lift_and_cruse,cruise_114,1500.0,111.4317486233572,6.192386412153108,20.734726868885836,13.354987298899344,True
lift_and_cruse,cruise_114,1500.0,111.4317486233572,6.192386412148726,20.753385706301504,13.366548926651163,True
lift_and_cruse,cruise_114,1500.0,111.4317486233572,6.192386412148722,20.760044968274826,13.370675223821896,True
lift_and_cruse,cruise_115,1500.0,111.43090719444356,6.192481078669103,20.760044968274826,13.370675223821896,True
lift_and_cruse,cruise_115,1500.0,111.43090719444356,6.192481078669105,20.766704179963597,13.374801520992628,True
lift_and_cruse,cruise_115,1500.0,111.43090719444356,6.192481078669101,20.78536287648508,13.386363148744447,True
lift_and_cruse,cruise_115,1500.0,111.43090719444356,6.192481078669105,20.812325474159298,13.40307018490705,True
lift_and_cruse,cruise_115,1500.0,111.43090719444356,6.192481078669103,20.84225169984231,13.421613596070076,True
lift_and_cruse,cruise_115,1500.0,111.43090719444356,6.192481078669106,20.86921429751653,13.438320632232676,True
lift_and_cruse,cruise_115,1500.0,111.43090719444356,6.192481078669104,20.88787299403801,13.449882259984497,True
lift_and_cruse,cruise_115,1500.0,111.43090719444356,6.192481078669106,20.894532205726783,13.454008557155229,True
lift_and_cruse,cruise_116,1500.0,111.43006041747422,6.192576342941136,20.894532205726783,13.454008557155229,True
lift_and_cruse,cruise_116,1500.0,111.43006041747422,6.192576376031697,20.901191366811396,13.45813485432596,True
lift_and_cruse,cruise_116,1500.0,111.43006041747422,6.192576365607505,20.919849921543182,13.469696482077781,True
lift_and_cruse,cruise_116,1500.0,111.43006041747422,6.192576350420123,20.946812314325353,13.486403518240381,True
lift_and_cruse,cruise_116,1500.0,111.43006041747422,6.192576334412893,20.976738312595348,13.50494692940341,True
lift_and_cruse,cruise_116,1500.0,111.43006041747422,6.192576324671348,21.00370070537752,13.52165396556601,True
lift_and_cruse,cruise_116,1500.0,111.43006041747422,6.192576315033325,21.022359260109305,13.53321559331783,True
lift_and_cruse,cruise_116,1500.0,111.43006041747422,6.192576310451536,21.02901842119392,13.537341890488563,True
lift_and_cruse,cruise_117,1500.0,111.4292082252479,6.192672230945089,21.02901842119392,13.537341890488563,True
lift_and_cruse,cruise_117,1500.0,111.4292082252479,6.192672230945091,21.035677531350757,13.541468187659294,True
lift_and_cruse,cruise_117,1500.0,111.4292082252479,6.192672230945008,21.054335943386082,13.553029815411115,True
lift_and_cruse,cruise_117,1500.0,111.4292082252479,6.192672230945088,21.08129812996589,13.569736851573715,True
lift_and_cruse,cruise_117,1500.0,111.4292082252479,6.192672230944894,21.111223899368532,13.588280262736742,True
lift_and_cruse,cruise_117,1500.0,111.4292082252479,6.1926722309450914,21.13818608594834,13.604987298899344,True
lift_and_cruse,cruise_117,1500.0,111.4292082252479,6.192672230944264,21.156844497983666,13.616548926651163,True
lift_and_cruse,cruise_117,1500.0,111.4292082252479,6.1926722309450515,21.163503608140505,13.620675223821896,True
lift_and_cruse,cruise_118,1500.0,111.42835054929574,6.192768732053905,21.163503608140505,13.620675223821896,True
lift_and_cruse,cruise_118,1500.0,111.42835054929574,6.192768732049546,21.170162667041854,13.624801520992628,True
lift_and_cruse,cruise_118,1500.0,111.42835054929574,6.192768732048089,21.188820935462488,13.636363148744447,True
lift_and_cruse,cruise_118,1500.0,111.42835054929574,6.19276873204888,21.215782914513056,13.65307018490705,True
lift_and_cruse,cruise_118,1500.0,111.42835054929574,6.192768732049547,21.245708453575617,13.671613596070076,True
lift_and_cruse,cruise_118,1500.0,111.42835054929574,6.192768732049546,21.272670432626185,13.688320632232676,True
lift_and_cruse,cruise_118,1500.0,111.42835054929574,6.192768732049547,21.29132870104682,13.699882259984497,True
lift_and_cruse,cruise_118,1500.0,111.42835054929574,6.192768732049089,21.297987759948168,13.704008557155229,True
lift_and_cruse,cruise_119,1500.0,111.4274873198497,6.192865860273789,21.297987759948168,13.704008557155229,True
lift_and_cruse,cruise_119,1500.0,111.4274873198497,6.192865860265784,21.304646767262142,13.70813485432596,True
lift_and_cruse,cruise_119,1500.0,111.4274873198497,6.192865860269609,21.323304891138175,13.719696482077781,True
lift_and_cruse,cruise_119,1500.0,111.4274873198497,6.192865860262227,21.350266661315736,13.736403518240381,True
lift_and_cruse,cruise_119,1500.0,111.4274873198497,6.1928658602737885,21.380191968546754,13.75494692940341,True
lift_and_cruse,cruise_119,1500.0,111.4274873198497,6.192865860265849,21.407153738724322,13.77165396556601,True
lift_and_cruse,cruise_119,1500.0,111.4274873198497,6.192865860270508,21.425811862600348,13.78321559331783,True
lift_and_cruse,cruise_119,1500.0,111.4274873198497,6.192865860271311,21.432470869914326,13.787341890488563,True
lift_and_cruse,cruise_120,1500.0,111.42661846580936,6.19296362366216,21.432470869914326,13.787341890488563,True
lift_and_cruse,cruise_120,1500.0,111.42661846580936,6.192963623630588,21.4391298253048,13.791468187659294,True
lift_and_cruse,cruise_120,1500.0,111.42661846580936,6.192963623626458,21.45778780369441,13.803029815411115,True
lift_and_cruse,cruise_120,1500.0,111.42661846580936,6.1929636236345145,21.484749363638002,13.819736851573715,True
lift_and_cruse,cruise_120,1500.0,111.42661846580936,6.192963623635104,21.514674437526917,13.838280262736742,True
lift_and_cruse,cruise_120,1500.0,111.42661846580936,6.192963623629177,21.541635997470514,13.854987298899344,True
lift_and_cruse,cruise_120,1500.0,111.42661846580936,6.192963623622255,21.560293975860123,13.866548926651163,True
lift_and_cruse,cruise_120,1500.0,111.42661846580936,6.1929636236431564,21.566952931250597,13.870675223821896,True
lift_and_cruse,cruise_121,1500.0,111.42574391470782,6.193062030413799,21.566952931250597,13.870675223821896,True
lift_and_cruse,cruise_121,1500.0,111.42574391470782,6.1930620304138015,21.573611834377107,13.874801520992628,True
lift_and_cruse,cruise_121,1500.0,111.42574391470782,6.193062030384411,21.592269666326345,13.886363148744447,True
lift_and_cruse,cruise_121,1500.0,111.42574391470782,6.193062030333889,21.61923101465747,13.90307018490705,True
lift_and_cruse,cruise_121,1500.0,111.42574391470782,6.193062030386666,21.649155853674266,13.921613596070076,True
lift_and_cruse,cruise_121,1500.0,111.42574391470782,6.193062030386647,21.67611720200539,13.938320632232676,True
lift_and_cruse,cruise_121,1500.0,111.42574391470782,6.1930620303968755,21.694775033954627,13.949882259984497,True
lift_and_cruse,cruise_121,1500.0,111.42574391470782,6.1930620303446,21.701433937081138,13.954008557155229,True
lift_and_cruse,cruise_122,1500.0,106.7229212044034,6.758097210567767,21.701433937081138,13.954008557155229,True
lift_and_cruse,cruise_122,1500.0,106.7229212044034,6.758097207008164,21.707811795273606,13.95813485432596,True
lift_and_cruse,cruise_122,1500.0,106.7229212044034,6.75809720700834,21.725682156816696,13.969696482077781,True
lift_and_cruse,cruise_122,1500.0,106.7229212044034,6.758097207009276,21.75150557744119,13.986403518240381,True
lift_and_cruse,cruise_122,1500.0,106.7229212044034,6.758097207009576,21.780167411988945,14.00494692940341,True
lift_and_cruse,cruise_122,1500.0,106.7229212044034,6.758097207010623,21.805990832613443,14.02165396556601,True
lift_and_cruse,cruise_122,1500.0,106.7229212044034,6.758097207010799,21.82386119415653,14.03321559331783,True
lift_and_cruse,cruise_122,1500.0,106.7229212044034,6.758097207011176,21.830239052349,14.037341890488563,True
lift_and_cruse,cruise_123,1500.0,116.93074783946346,5.617014963102585,21.830239052349,14.037341890488563,True
lift_and_cruse,cruise_123,1500.0,116.93074783946346,5.617014963102573,21.837226939483678,14.041468187659294,True
lift_and_cruse,cruise_123,1500.0,116.93074783946346,5.6170149631025765,21.856806564139873,14.053029815411115,True
lift_and_cruse,cruise_123,1500.0,116.93074783946346,5.617014963102585,21.885099941526086,14.069736851573715,True
lift_and_cruse,cruise_123,1500.0,116.93074783946346,5.617014963102486,21.916503221255482,14.088280262736742,True
lift_and_cruse,cruise_123,1500.0,116.93074783946346,5.617014963102611,21.944796598641695,14.104987298899344,True
lift_and_cruse,cruise_123,1500.0,116.93074783946346,5.617014963102585,21.96437622329789,14.116548926651163,True
lift_and_cruse,cruise_123,1500.0,116.93074783946346,5.6170149631025845,21.971364110432567,14.120675223821896,True
lift_and_cruse,cruise_124,1500.0,116.92702506576467,5.61737704208516,21.971364110432567,14.120675223821896,True
lift_and_cruse,cruise_124,1500.0,116.92702506576467,5.61737704388031,21.97835177509093,14.124801520992628,True
lift_and_cruse,cruise_124,1500.0,116.92702506576467,5.617377043877634,21.997930776382326,14.136363148744447,True
lift_and_cruse,cruise_124,1500.0,116.92702506576467,5.6173770438835255,22.026223252980316,14.15307018490705,True
lift_and_cruse,cruise_124,1500.0,116.92702506576467,5.617377037364695,22.0576255329102,14.171613596070076,True
lift_and_cruse,cruise_124,1500.0,116.92702506576467,5.617377043884424,22.085918009508188,14.188320632232676,True
lift_and_cruse,cruise_124,1500.0,116.92702506576467,5.617377044013899,22.10549701079959,14.199882259984497,True
lift_and_cruse,cruise_124,1500.0,116.92702506576467,5.617377043891464,22.112484675457946,14.204008557155229,True
lift_and_cruse,cruise_125,1500.0,117.6431421128024,5.5483623491327725,22.112484675457946,14.204008557155229,True
lift_and_cruse,cruise_125,1500.0,117.6431421128024,5.548362349132773,22.119515135918025,14.20813485432596,True
lift_and_cruse,cruise_125,1500.0,117.6431421128024,5.548362349132769,22.13921404838121,14.219696482077781,True
lift_and_cruse,cruise_125,1500.0,117.6431421128024,5.548362349132755,22.16767980164285,14.236403518240381,True
lift_and_cruse,cruise_125,1500.0,117.6431421128024,5.548362349132771,22.199274404159937,14.25494692940341,True
lift_and_cruse,cruise_125,1500.0,117.6431421128024,5.548362349132773,22.22774015742158,14.27165396556601,True
lift_and_cruse,cruise_125,1500.0,117.6431421128024,5.548362349132769,22.24743906988476,14.28321559331783,True
lift_and_cruse,cruise_125,1500.0,117.6431421128024,5.5483623491327725,22.254469530344842,14.287341890488563,True
lift_and_cruse,cruise_126,1500.0,117.56016381574577,5.5562942730002804,22.254469530344842,14.287341890488563,True
lift_and_cruse,cruise_126,1500.0,117.56016381574577,5.556294273000074,22.26149503194692,14.291468187659294,True
lift_and_cruse,cruise_126,1500.0,117.56016381574577,5.556294273000004,22.281180049998746,14.303029815411115,True
lift_and_cruse,cruise_126,1500.0,117.56016381574577,5.556294273000075,22.309625725254246,14.319736851573715,True
lift_and_cruse,cruise_126,1500.0,117.56016381574577,5.5562942730000735,22.341198042865763,14.338280262736742,True
lift_and_cruse,cruise_126,1500.0,117.56016381574577,5.556294273000045,22.36964371812126,14.354987298899344,True
lift_and_cruse,cruise_126,1500.0,117.56016381574577,5.556294273000049,22.389328736173088,14.366548926651163,True
lift_and_cruse,cruise_126,1500.0,117.56016381574577,5.556294273000076,22.396354237775167,14.370675223821896,True
lift_and_cruse,cruise_127,1500.0,116.90643767005238,5.619380025469265,22.396354237775167,14.370675223821896,True
lift_and_cruse,cruise_127,1500.0,116.90643767005238,5.619380028421027,22.403340672112154,14.374801520992628,True
lift_and_cruse,cruise_127,1500.0,116.90643767005238,5.619380028456421,22.422916226119685,14.386363148744447,True
lift_and_cruse,cruise_127,1500.0,116.90643767005238,5.619380028423051,22.451203721248152,14.40307018490705,True
lift_and_cruse,cruise_127,1500.0,116.90643767005238,5.619380028413323,22.482600472164005,14.421613596070076,True
lift_and_cruse,cruise_127,1500.0,116.90643767005238,5.619380025653559,22.510887967292472,14.438320632232676,True
lift_and_cruse,cruise_127,1500.0,116.90643767005238,5.619380028430513,22.530463521300003,14.449882259984497,True
lift_and_cruse,cruise_127,1500.0,116.90643767005238,5.619380025676235,22.53744995563699,14.454008557155229,True
lift_and_cruse,cruise_128,1500.0,116.90259014658372,5.619754475453094,22.53744995563699,14.454008557155229,True
lift_and_cruse,cruise_128,1500.0,116.90259014658372,5.619754475453135,22.5444361600425,14.45813485432596,True
lift_and_cruse,cruise_128,1500.0,116.90259014658372,5.619754475453184,22.564011069796347,14.469696482077781,True
lift_and_cruse,cruise_128,1500.0,116.90259014658372,5.619754475453078,22.59229763395126,14.486403518240381,True
lift_and_cruse,cruise_128,1500.0,116.90259014658372,5.619754475453055,22.623693351564427,14.50494692940341,True
lift_and_cruse,cruise_128,1500.0,116.90259014658372,5.619754475453076,22.651979915719345,14.52165396556601,True
lift_and_cruse,cruise_128,1500.0,116.90259014658372,5.619754475453024,22.671554825473187,14.53321559331783,True
lift_and_cruse,cruise_128,1500.0,116.90259014658372,5.619754475453022,22.678541029878698,14.537341890488563,True
lift_and_cruse,cruise_129,1500.0,116.89871225507541,5.620131918809842,22.678541029878698,14.537341890488563,True
lift_and_cruse,cruise_129,1500.0,116.89871225507541,5.6201319183087,22.685527002537906,14.541468187659294,True
lift_and_cruse,cruise_129,1500.0,116.89871225507541,5.620131918294407,22.70510126295305,14.553029815411115,True
lift_and_cruse,cruise_129,1500.0,116.89871225507541,5.620131918170838,22.733386888786352,14.569736851573715,True
lift_and_cruse,cruise_129,1500.0,116.89871225507541,5.620131918230681,22.7647815649411,14.588280262736742,True
lift_and_cruse,cruise_129,1500.0,116.89871225507541,5.620131918240201,22.793067190774405,14.604987298899344,True
lift_and_cruse,cruise_129,1500.0,116.89871225507541,5.620131918219937,22.812641451189545,14.616548926651163,True
lift_and_cruse,cruise_129,1500.0,116.89871225507541,5.620131918147993,22.819627423848754,14.620675223821896,True
lift_and_cruse,cruise_130,1500.0,116.89480354234516,5.620512399961465,22.819627423848754,14.620675223821896,True
lift_and_cruse,cruise_130,1500.0,116.89480354234516,5.620512399961461,22.82661316291976,14.624801520992628,True
lift_and_cruse,cruise_130,1500.0,116.89480354234516,5.620512399961459,22.846186768835295,14.636363148744447,True
lift_and_cruse,cruise_130,1500.0,116.89480354234516,5.6205123984920355,22.87447144888927,14.65307018490705,True
lift_and_cruse,cruise_130,1500.0,116.89480354234516,5.620512399961457,22.905865075308157,14.671613596070076,True
lift_and_cruse,cruise_130,1500.0,116.89480354234516,5.62051239981456,22.93414975536213,14.688320632232676,True
lift_and_cruse,cruise_130,1500.0,116.89480354234516,5.620512399961461,22.953723361277667,14.699882259984497,True
lift_and_cruse,cruise_130,1500.0,116.89480354234516,5.620512399961466,22.960709100348673,14.704008557155229,True
lift_and_cruse,cruise_131,1500.0,116.89086354520784,5.62089596574767,22.960709100348673,14.704008557155229,True
lift_and_cruse,cruise_131,1500.0,116.89086354520784,5.620895964716118,22.967694603961892,14.70813485432596,True
lift_and_cruse,cruise_131,1500.0,116.89086354520784,5.620895964652047,22.987267550139364,14.719696482077781,True
lift_and_cruse,cruise_131,1500.0,116.89086354520784,5.620895964648826,23.015551276844214,14.736403518240381,True
lift_and_cruse,cruise_131,1500.0,116.89086354520784,5.62089596466183,23.046943845125405,14.75494692940341,True
lift_and_cruse,cruise_131,1500.0,116.89086354520784,5.6208959646014645,23.075227571830254,14.77165396556601,True
lift_and_cruse,cruise_131,1500.0,116.89086354520784,5.620895964595399,23.094800518007727,14.78321559331783,True
lift_and_cruse,cruise_131,1500.0,116.89086354520784,5.62089596460465,23.101786021620946,14.787341890488563,True
lift_and_cruse,cruise_132,1500.0,116.88689179018202,5.632517884737383,23.101786021620946,14.787341890488563,False
lift_and_cruse,cruise_132,1500.0,116.88689179018202,5.592137037593201,23.108771287878493,14.791468187659294,False
lift_and_cruse,cruise_132,1500.0,116.88689179018202,5.5932034536639526,23.12834356900016,14.803029815411115,False
lift_and_cruse,cruise_132,1500.0,116.88689179018202,5.463756627549681,23.156626334671532,14.819736851573715,False
lift_and_cruse,cruise_132,1500.0,116.88689179018202,5.593745227632901,23.188017836286026,14.838280262736742,False
lift_and_cruse,cruise_132,1500.0,116.88689179018202,5.593724734379177,23.216300601957393,14.854987298899344,False
lift_and_cruse,cruise_132,1500.0,116.88689179018202,5.593298201919944,23.235872883079065,14.866548926651163,False
lift_and_cruse,cruise_132,1500.0,116.88689179018202,5.593575369747719,23.242858149336612,14.870675223821896,False
lift_and_cruse,cruise_133,1500.0,116.88288779318577,5.621672538239765,23.242858149336612,14.870675223821896,True
lift_and_cruse,cruise_133,1500.0,116.88288779318577,5.62167253824083,23.249843176311682,14.874801520992628,True
lift_and_cruse,cruise_133,1500.0,116.88288779318577,5.621672538199823,23.269414786978743,14.886363148744447,True
lift_and_cruse,cruise_133,1500.0,116.88288779318577,5.621672538202192,23.297696583815142,14.90307018490705,True
lift_and_cruse,cruise_133,1500.0,116.88288779318577,5.62167253824084,23.32908701010394,14.921613596070076,True
lift_and_cruse,cruise_133,1500.0,116.88288779318577,5.62167253824085,23.357368806940332,14.938320632232676,True
lift_and_cruse,cruise_133,1500.0,116.88288779318577,5.621672538240843,23.376940417607397,14.949882259984497,True
lift_and_cruse,cruise_133,1500.0,116.88288779318577,5.621672538240852,23.38392544458247,14.954008557155229,True
lift_and_cruse,cruise_134,1500.0,116.87885105922132,5.622065642647115,23.38392544458247,14.954008557155229,True
lift_and_cruse,cruise_134,1500.0,116.87885105922132,5.622065642871783,23.390910230318674,14.95813485432596,True
lift_and_cruse,cruise_134,1500.0,116.87885105922132,5.622065642871317,23.410481165049447,14.969696482077781,True
lift_and_cruse,cruise_134,1500.0,116.87885105922132,5.6220656428707105,23.438761985129602,14.986403518240381,True
lift_and_cruse,cruise_134,1500.0,116.87885105922132,5.622065642870655,23.470151327300766,15.00494692940341,True
lift_and_cruse,cruise_134,1500.0,116.87885105922132,5.622065642870715,23.49843214738092,15.02165396556601,True
lift_and_cruse,cruise_134,1500.0,116.87885105922132,5.622065642870516,23.518003082111697,15.03321559331783,True
lift_and_cruse,cruise_134,1500.0,116.87885105922132,5.622065642869295,23.524987867847898,15.037341890488563,True
lift_and_cruse,cruise_135,1500.0,116.8747810820479,5.622462026108976,23.524987867847898,15.037341890488563,True
lift_and_cruse,cruise_135,1500.0,116.8747810820479,5.622462026108971,23.531972410358584,15.041468187659294,True
lift_and_cruse,cruise_135,1500.0,116.8747810820479,5.622462026108971,23.551542663586616,15.053029815411115,True
lift_and_cruse,cruise_135,1500.0,116.8747810820479,5.622462026108969,23.579822498866776,15.069736851573715,True
lift_and_cruse,cruise_135,1500.0,116.8747810820479,5.62246202610897,23.611210747992406,15.088280262736742,True
lift_and_cruse,cruise_135,1500.0,116.8747810820479,5.62246202610897,23.639490583272565,15.104987298899344,True
lift_and_cruse,cruise_135,1500.0,116.8747810820479,5.622462026108971,23.659060836500597,15.116548926651163,True
lift_and_cruse,cruise_135,1500.0,116.8747810820479,5.622462026108972,23.666045379011283,15.120675223821896,True
lift_and_cruse,cruise_136,1500.0,116.87067734384219,5.622861739719059,23.666045379011283,15.120675223821896,True
lift_and_cruse,cruise_136,1500.0,116.87067734384219,5.6228617397190614,23.67302967627887,15.124801520992628,True
lift_and_cruse,cruise_136,1500.0,116.87067734384219,5.622861739719058,23.692599242350997,15.136363148744447,True
lift_and_cruse,cruise_136,1500.0,116.87067734384219,5.622861739719066,23.720878084662104,15.15307018490705,True
lift_and_cruse,cruise_136,1500.0,116.87067734384219,5.62286173971906,23.752265231675235,15.171613596070076,True
lift_and_cruse,cruise_136,1500.0,116.87067734384219,5.62286173971892,23.78054407398634,15.188320632232676,True
lift_and_cruse,cruise_136,1500.0,116.87067734384219,5.622861739718976,23.80011364005847,15.199882259984497,True
lift_and_cruse,cruise_136,1500.0,116.87067734384219,5.622861739718949,23.807097937326056,15.204008557155229,True
lift_and_cruse,cruise_137,1500.0,116.86653931484618,5.623264836262229,23.807097937326056,15.204008557155229,True
lift_and_cruse,cruise_137,1500.0,116.86653931484618,5.623264836262227,23.81408198730129,15.20813485432596,True
lift_and_cruse,cruise_137,1500.0,116.86653931484618,5.623264836262231,23.833650860475647,15.219696482077781,True
lift_and_cruse,cruise_137,1500.0,116.86653931484618,5.623264836262231,23.861928701520462,15.236403518240381,True
lift_and_cruse,cruise_137,1500.0,116.86653931484618,5.623264836262224,23.893314737211856,15.25494692940341,True
lift_and_cruse,cruise_137,1500.0,116.86653931484618,5.623264836262236,23.921592578256675,15.27165396556601,True
lift_and_cruse,cruise_137,1500.0,116.86653931484618,5.62326483626223,23.94116145143103,15.28321559331783,True
lift_and_cruse,cruise_137,1500.0,116.86653931484618,5.6232648362622335,23.948145501406263,15.287341890488563,True
lift_and_cruse,cruise_138,1500.0,116.86236645300143,5.623671369628342,23.948145501406263,15.287341890488563,True
lift_and_cruse,cruise_138,1500.0,116.86236645300143,5.623671369628343,23.955129302007503,15.291468187659294,True
lift_and_cruse,cruise_138,1500.0,116.86236645300143,5.623671369628343,23.974697476451457,15.303029815411115,True
lift_and_cruse,cruise_138,1500.0,116.86236645300143,5.623671369628342,24.002974307801583,15.319736851573715,True
lift_and_cruse,cruise_138,1500.0,116.86236645300143,5.623671369628343,24.034359222816416,15.338280262736742,True
lift_and_cruse,cruise_138,1500.0,116.86236645300143,5.623671369628345,24.062636054166546,15.354987298899344,True
lift_and_cruse,cruise_138,1500.0,116.86236645300143,5.623671369628343,24.082204228610504,15.366548926651163,True
lift_and_cruse,cruise_138,1500.0,116.86236645300143,5.623671369628344,24.08918802921174,15.370675223821896,True
lift_and_cruse,cruise_139,1500.0,116.85815820356942,5.624081394975035,24.08918802921174,15.370675223821896,True
lift_and_cruse,cruise_139,1500.0,116.85815820356942,5.624081394975,24.096171578324192,15.374801520992628,True
lift_and_cruse,cruise_139,1500.0,116.85815820356942,5.624081394975208,24.11573904811222,15.386363148744447,True
lift_and_cruse,cruise_139,1500.0,116.85815820356942,5.624081394974996,24.144014861205036,15.40307018490705,True
lift_and_cruse,cruise_139,1500.0,116.85815820356942,5.6240813949749935,24.175398646039515,15.421613596070076,True
lift_and_cruse,cruise_139,1500.0,116.85815820356942,5.624081394974996,24.203674459132333,15.438320632232676,True
lift_and_cruse,cruise_139,1500.0,116.85815820356942,5.624081394974996,24.22324192892036,15.449882259984497,True
lift_and_cruse,cruise_139,1500.0,116.85815820356942,5.6240813949750175,24.23022547803281,15.454008557155229,True
lift_and_cruse,cruise_140,1500.0,116.8539139987372,5.624494968767067,24.23022547803281,15.454008557155229,True
lift_and_cruse,cruise_140,1500.0,116.8539139987372,5.6244949687670625,24.23720877350775,15.45813485432596,True
lift_and_cruse,cruise_140,1500.0,116.8539139987372,5.624494968767078,24.25677553261925,15.469696482077781,True
lift_and_cruse,cruise_140,1500.0,116.8539139987372,5.624494968767057,24.285050318754728,15.486403518240381,True
lift_and_cruse,cruise_140,1500.0,116.8539139987372,5.624494968767065,24.316432963752565,15.50494692940341,True
lift_and_cruse,cruise_140,1500.0,116.8539139987372,5.624494968767068,24.34470774988804,15.52165396556601,True
lift_and_cruse,cruise_140,1500.0,116.8539139987372,5.624494968767067,24.364274508999543,15.53321559331783,True
lift_and_cruse,cruise_140,1500.0,116.8539139987372,5.624494968767065,24.37125780447448,15.537341890488563,True
lift_and_cruse,cruise_141,1500.0,116.84963325720756,5.624912148817904,24.37125780447448,15.537341890488563,True
lift_and_cruse,cruise_141,1500.0,116.84963325720756,5.624912148817981,24.37824084412844,15.541468187659294,True
lift_and_cruse,cruise_141,1500.0,116.84963325720756,5.624912148817944,24.39780688644548,15.553029815411115,True
lift_and_cruse,cruise_141,1500.0,116.84963325720756,5.624912148817904,24.426080636782952,15.569736851573715,True
lift_and_cruse,cruise_141,1500.0,116.84963325720756,5.624912148817902,24.45746213213173,15.588280262736742,True
lift_and_cruse,cruise_141,1500.0,116.84963325720756,5.624912148817905,24.485735882469204,15.604987298899344,True
lift_and_cruse,cruise_141,1500.0,116.84963325720756,5.6249121488178675,24.505301924786245,15.616548926651163,True
lift_and_cruse,cruise_141,1500.0,116.84963325720756,5.624912148817906,24.512284964440198,15.620675223821896,True
lift_and_cruse,cruise_142,1500.0,116.84531538377348,5.625332994510452,24.512284964440198,15.620675223821896,True
lift_and_cruse,cruise_142,1500.0,116.84531538377348,5.62533299459076,24.51926774605414,15.624801520992628,True
lift_and_cruse,cruise_142,1500.0,116.84531538377348,5.625332994533882,24.538833065359114,15.636363148744447,True
lift_and_cruse,cruise_142,1500.0,116.84531538377348,5.625332994538905,24.567105770913887,15.65307018490705,True
lift_and_cruse,cruise_142,1500.0,116.84531538377348,5.625332994440741,24.598486106641353,15.671613596070076,True
lift_and_cruse,cruise_142,1500.0,116.84531538377348,5.62533299433662,24.626758812196126,15.688320632232676,True
lift_and_cruse,cruise_142,1500.0,116.84531538377348,5.625332994357554,24.646324131501107,15.699882259984497,True
lift_and_cruse,cruise_142,1500.0,116.84531538377348,5.6253329943189,24.653306913115042,15.704008557155229,True
lift_and_cruse,cruise_143,1500.0,116.84095976887524,5.625757565949909,24.653306913115042,15.704008557155229,True
lift_and_cruse,cruise_143,1500.0,116.84095976887524,5.625757565949972,24.6602894344335,15.70813485432596,True
lift_and_cruse,cruise_143,1500.0,116.84095976887524,5.625757565949848,24.679854024406747,15.719696482077781,True
lift_and_cruse,cruise_143,1500.0,116.84095976887524,5.625757565949847,24.70812567604663,15.736403518240381,True
lift_and_cruse,cruise_143,1500.0,116.84095976887524,5.625757565949848,24.739504842016817,15.75494692940341,True
lift_and_cruse,cruise_143,1500.0,116.84095976887524,5.62575756594985,24.767776493656704,15.77165396556601,True
lift_and_cruse,cruise_143,1500.0,116.84095976887524,5.625757565949846,24.787341083629947,15.78321559331783,True
lift_and_cruse,cruise_143,1500.0,116.84095976887524,5.625757565949721,24.794323604948406,15.787341890488563,True
lift_and_cruse,cruise_144,1500.0,116.83656578814035,5.626185925793406,24.794323604948406,15.787341890488563,True
lift_and_cruse,cruise_144,1500.0,116.83656578814035,5.626185925793403,24.801305863678603,15.791468187659294,True
lift_and_cruse,cruise_144,1500.0,116.83656578814035,5.626185925793423,24.8208697178959,15.803029815411115,True
lift_and_cruse,cruise_144,1500.0,116.83656578814035,5.626185925793242,24.849140306337627,15.819736851573715,True
lift_and_cruse,cruise_144,1500.0,116.83656578814035,5.626185925792992,24.880518292246897,15.838280262736742,True
lift_and_cruse,cruise_144,1500.0,116.83656578814035,5.626185925793161,24.90878888068863,15.854987298899344,True
lift_and_cruse,cruise_144,1500.0,116.83656578814035,5.626185925793262,24.928352734905925,15.866548926651163,True
lift_and_cruse,cruise_144,1500.0,116.83656578814035,5.626185925793089,24.935334993636122,15.870675223821896,True
lift_and_cruse,cruise_145,1500.0,116.83213280190473,5.626618137618889,24.935334993636122,15.870675223821896,True
lift_and_cruse,cruise_145,1500.0,116.83213280190473,5.626618137797966,24.942316987447057,15.874801520992628,True
lift_and_cruse,cruise_145,1500.0,116.83213280190473,5.626618137800259,24.961880099377073,15.886363148744447,True
lift_and_cruse,cruise_145,1500.0,116.83213280190473,5.626618138025948,24.99014961518261,15.90307018490705,True
lift_and_cruse,cruise_145,1500.0,116.83213280190473,5.62661813796054,25.021526410555516,15.921613596070076,True
lift_and_cruse,cruise_145,1500.0,116.83213280190473,5.62661813779716,25.049795926361053,15.938320632232676,True
lift_and_cruse,cruise_145,1500.0,116.83213280190473,5.626618137517121,25.06935903829107,15.949882259984497,True
lift_and_cruse,cruise_145,1500.0,116.83213280190473,5.6266181375080135,25.076341032102007,15.954008557155229,True
lift_and_cruse,cruise_146,1500.0,116.82766015471464,5.627054266531328,25.076341032102007,15.954008557155229,True
lift_and_cruse,cruise_146,1500.0,116.82766015471464,5.627054266347192,25.083322758623506,15.95813485432596,True
lift_and_cruse,cruise_146,1500.0,116.82766015471464,5.627054266426444,25.102885121625164,15.969696482077781,True
lift_and_cruse,cruise_146,1500.0,116.82766015471464,5.627054266175032,25.131153555197862,15.986403518240381,True
lift_and_cruse,cruise_146,1500.0,116.82766015471464,5.6270542663471925,25.16252914938294,16.00494692940341,True
lift_and_cruse,cruise_146,1500.0,116.82766015471464,5.627054266347194,25.190797582955643,16.02165396556601,True
lift_and_cruse,cruise_146,1500.0,116.82766015471464,5.627054266493689,25.2103599459573,16.03321559331783,True
lift_and_cruse,cruise_146,1500.0,116.82766015471464,5.627054266347192,25.217341672478796,16.037341890488563,True
lift_and_cruse,cruise_147,1500.0,116.82314717480824,5.62749437952606,25.217341672478796,16.037341890488563,True
lift_and_cruse,cruise_147,1500.0,116.82314717480824,5.627494379156472,25.224323129300537,16.041468187659294,True
lift_and_cruse,cruise_147,1500.0,116.82314717480824,5.627494379156166,25.24388473662027,16.053029815411115,True
lift_and_cruse,cruise_147,1500.0,116.82314717480824,5.627494379154332,25.272152078200946,16.069736851573715,True
lift_and_cruse,cruise_147,1500.0,116.82314717480824,5.627494379796042,25.303526460366328,16.088280262736742,True
lift_and_cruse,cruise_147,1500.0,116.82314717480824,5.627494379206552,25.331793801947,16.104987298899342,True
lift_and_cruse,cruise_147,1500.0,116.82314717480824,5.6274943793046175,25.351355409266734,16.116548926651163,True
lift_and_cruse,cruise_147,1500.0,116.82314717480824,5.627494379500354,25.35833686608848,16.120675223821895,True
lift_and_cruse,cruise_148,1500.0,116.81859317357589,5.627938544484256,25.35833686608848,16.120675223821895,True
lift_and_cruse,cruise_148,1500.0,116.81859317357589,5.62793854489907,25.365318050758994,16.124801520992627,True
lift_and_cruse,cruise_148,1500.0,116.81859317357589,5.627938544921111,25.38487889552793,16.136363148744447,True
lift_and_cruse,cruise_148,1500.0,116.81859317357589,5.627938544829248,25.413145135190785,16.153070184907047,True
lift_and_cruse,cruise_148,1500.0,116.81859317357589,5.627938544489713,25.444518294319643,16.171613596070074,True
lift_and_cruse,cruise_148,1500.0,116.81859317357589,5.627938544810788,25.47278453398249,16.188320632232678,True
lift_and_cruse,cruise_148,1500.0,116.81859317357589,5.627938544857591,25.49234537875143,16.1998822599845,True
lift_and_cruse,cruise_148,1500.0,116.81859317357589,5.627938544925427,25.499326563421945,16.20400855715523,True
lift_and_cruse,cruise_149,1500.0,116.81399744499794,5.628386832641627,25.499326563421945,16.20400855715523,True
lift_and_cruse,cruise_149,1500.0,116.81399744499794,5.628386832879743,25.506307473447567,16.208134854325962,True
lift_and_cruse,cruise_149,1500.0,116.81399744499794,5.6283868341556245,25.525867548678615,16.21969648207778,True
lift_and_cruse,cruise_149,1500.0,116.81399744499794,5.628386833053659,25.554132676327004,16.236403518240383,True
lift_and_cruse,cruise_149,1500.0,116.81399744499794,5.6283868349734245,25.58550460121292,16.25494692940341,True
lift_and_cruse,cruise_149,1500.0,116.81399744499794,5.628386832641394,25.61376972886131,16.27165396556601,True
lift_and_cruse,cruise_149,1500.0,116.81399744499794,5.628386832638757,25.63332980409236,16.28321559331783,True
lift_and_cruse,cruise_149,1500.0,116.81399744499794,5.628386833063346,25.64031071411798,16.287341890488563,True
lift_and_cruse,cruise_150,1500.0,116.80935926505921,5.628839316392516,25.64031071411798,16.287341890488563,True
lift_and_cruse,cruise_150,1500.0,116.80935926505921,5.628839315699632,25.64729134696178,16.291468187659294,True
lift_and_cruse,cruise_150,1500.0,116.80935926505921,5.628839315693658,25.666850645546617,16.303029815411115,True
lift_and_cruse,cruise_150,1500.0,116.80935926505921,5.628839316102947,25.69511465090871,16.319736851573715,True
lift_and_cruse,cruise_150,1500.0,116.80935926505921,5.628839315705839,25.726485330150826,16.338280262736742,True
lift_and_cruse,cruise_150,1500.0,116.80935926505921,5.628839315710854,25.75474933551292,16.354987298899342,True
lift_and_cruse,cruise_150,1500.0,116.80935926505921,5.628839315758568,25.774308634097757,16.366548926651163,True
lift_and_cruse,cruise_150,1500.0,116.80935926505921,5.62883931571279,25.781289266941556,16.370675223821895,True
lift_and_cruse,cruise_151,1500.0,116.80467789113871,5.629296068496011,25.781289266941556,16.370675223821895,True
lift_and_cruse,cruise_151,1500.0,116.80467789113871,5.629296067678907,25.78826962002222,16.374801520992627,True
lift_and_cruse,cruise_151,1500.0,116.80467789113871,5.629296067694552,25.807828134728172,16.386363148744447,True
lift_and_cruse,cruise_151,1500.0,116.80467789113871,5.629296067670788,25.836091007352458,16.403070184907047,True
lift_and_cruse,cruise_151,1500.0,116.80467789113871,5.629296067654492,25.867460429350455,16.421613596070074,True
lift_and_cruse,cruise_151,1500.0,116.80467789113871,5.6292960677006825,25.89572330197474,16.438320632232678,True
lift_and_cruse,cruise_151,1500.0,116.80467789113871,5.629296090545965,25.915281816680693,16.4498822599845,True
lift_and_cruse,cruise_151,1500.0,116.80467789113871,5.629296068081488,25.922262169761353,16.45400855715523,True
lift_and_cruse,cruise_152,1500.0,116.79995256137333,5.629757164363504,25.922262169761353,16.45400855715523,True
lift_and_cruse,cruise_152,1500.0,116.79995256137333,5.629757164363727,25.929242240452044,16.458134854325962,True
lift_and_cruse,cruise_152,1500.0,116.79995256137333,5.6297571643631255,25.948799963918866,16.46969648207778,True
lift_and_cruse,cruise_152,1500.0,116.79995256137333,5.629757164360256,25.97706169316948,16.486403518240383,True
lift_and_cruse,cruise_152,1500.0,116.79995256137333,5.629757164363986,26.008429846118442,16.50494692940341,True
lift_and_cruse,cruise_152,1500.0,116.79995256137333,5.629757164363658,26.036691575369062,16.52165396556601,True
lift_and_cruse,cruise_152,1500.0,116.79995256137333,5.629757164334723,26.056249298835883,16.53321559331783,True
lift_and_cruse,cruise_152,1500.0,116.79995256137333,5.629757164348969,26.06322936952657,16.537341890488563,True
lift_and_cruse,cruise_153,1500.0,116.79518249399456,5.630222683713706,26.06322936952657,16.537341890488563,True
lift_and_cruse,cruise_153,1500.0,116.79518249399456,5.630222683713705,26.070209155153723,16.541468187659294,True
lift_and_cruse,cruise_153,1500.0,116.79518249399456,5.630222683713705,26.089766079890264,16.553029815411115,True
lift_and_cruse,cruise_153,1500.0,116.79518249399456,5.6302226837137095,26.118026654942188,16.569736851573715,True
lift_and_cruse,cruise_153,1500.0,116.79518249399456,5.630222683713709,26.14939352682725,16.588280262736742,True
lift_and_cruse,cruise_153,1500.0,116.79518249399456,5.630222683713708,26.177654101879167,16.604987298899342,True
lift_and_cruse,cruise_153,1500.0,116.79518249399456,5.630222683713709,26.19721102661571,16.616548926651163,True
lift_and_cruse,cruise_153,1500.0,116.79518249399456,5.630222683713705,26.204190812242864,16.620675223821895,True
lift_and_cruse,cruise_154,1500.0,116.79036688663618,5.6306927054621125,26.204190812242864,16.620675223821895,True
lift_and_cruse,cruise_154,1500.0,116.79036688663618,5.630692704714574,26.211170310084967,16.624801520992627,True
lift_and_cruse,cruise_154,1500.0,116.79036688663618,5.63069270470059,26.23072642846573,16.636363148744447,True
lift_and_cruse,cruise_154,1500.0,116.79036688663618,5.6306927046998885,26.25898583829979,16.653070184907047,True
lift_and_cruse,cruise_154,1500.0,116.79036688663618,5.63069270469905,26.290351416890587,16.671613596070074,True
lift_and_cruse,cruise_154,1500.0,116.79036688663618,5.6306927047010715,26.318610826724644,16.688320632232678,True
lift_and_cruse,cruise_154,1500.0,116.79036688663618,5.630692704694364,26.338166945105407,16.6998822599845,True
lift_and_cruse,cruise_154,1500.0,116.79036688663618,5.630692704685696,26.34514644294751,16.70400855715523,True
lift_and_cruse,cruise_155,1500.0,116.78550491561214,5.6311673121087455,26.34514644294751,16.70400855715523,True
lift_and_cruse,cruise_155,1500.0,116.78550491561214,5.631167311494397,26.352125650233834,16.708134854325962,True
lift_and_cruse,cruise_155,1500.0,116.78550491561214,5.631167311462167,26.37168095449539,16.71969648207778,True
lift_and_cruse,cruise_155,1500.0,116.78550491561214,5.6311673114655525,26.399939187893107,16.736403518240383,True
lift_and_cruse,cruise_155,1500.0,116.78550491561214,5.631167311487806,26.43130346073808,16.75494692940341,True
lift_and_cruse,cruise_155,1500.0,116.78550491561214,5.631167311517494,26.459561694135797,16.77165396556601,True
lift_and_cruse,cruise_155,1500.0,116.78550491561214,5.631167311452835,26.47911699839735,16.78321559331783,True
lift_and_cruse,cruise_155,1500.0,116.78550491561214,5.631167311486658,26.486096205683676,16.787341890488563,True
lift_and_cruse,cruise_156,1500.0,116.78059573516246,5.631646587822855,26.486096205683676,16.787341890488563,True
lift_and_cruse,cruise_156,1500.0,116.78059573516246,5.631646587792676,26.49307511959294,16.791468187659294,True
lift_and_cruse,cruise_156,1500.0,116.78059573516246,5.631646587783954,26.51262960183024,16.803029815411115,True
lift_and_cruse,cruise_156,1500.0,116.78059573516246,5.631646587807826,26.5408866473685,16.819736851573715,True
lift_and_cruse,cruise_156,1500.0,116.78059573516246,5.631646587790183,26.572249601788936,16.838280262736742,True
lift_and_cruse,cruise_156,1500.0,116.78059573516246,5.6316465878076745,26.600506647327194,16.854987298899342,True
lift_and_cruse,cruise_156,1500.0,116.78059573516246,5.631646587807757,26.620061129564494,16.866548926651163,True
lift_and_cruse,cruise_156,1500.0,116.78059573516246,5.631646587789486,26.62704004347376,16.870675223821895,True
lift_and_cruse,cruise_157,1500.0,116.77563847666593,5.632130618931258,26.62704004347376,16.870675223821895,True
lift_and_cruse,cruise_157,1500.0,116.77563847666593,5.632130618935362,26.634018661132778,16.874801520992627,True
lift_and_cruse,cruise_157,1500.0,116.77563847666593,5.63213061994178,26.653572313295335,16.886363148744447,True
lift_and_cruse,cruise_157,1500.0,116.77563847666593,5.632130618934895,26.68182815934083,16.903070184907047,True
lift_and_cruse,cruise_157,1500.0,116.77563847666593,5.632130619160076,26.713189782424745,16.921613596070074,True
lift_and_cruse,cruise_157,1500.0,116.77563847666593,5.632130618932825,26.74144562847024,16.938320632232678,True
lift_and_cruse,cruise_157,1500.0,116.77563847666593,5.6321306199672705,26.7609992806328,16.9498822599845,True
lift_and_cruse,cruise_157,1500.0,116.77563847666593,5.632130620324866,26.767977898291818,16.95400855715523,True
lift_and_cruse,cruise_158,1500.0,116.77063224781718,5.632619494548149,26.767977898291818,16.95400855715523,True
lift_and_cruse,cruise_158,1500.0,116.77063224781718,5.632619494548146,26.774956216774076,16.958134854325962,True
lift_and_cruse,cruise_158,1500.0,116.77063224781718,5.632619494548139,26.794509030661985,16.96969648207778,True
lift_and_cruse,cruise_158,1500.0,116.77063224781718,5.632619494548203,26.82276366536551,16.986403518240383,True
lift_and_cruse,cruise_158,1500.0,116.77063224781718,5.632619494548135,26.854123943961277,17.00494692940341,True
lift_and_cruse,cruise_158,1500.0,116.77063224781718,5.632619494548136,26.882378578664806,17.02165396556601,True
lift_and_cruse,cruise_158,1500.0,116.77063224781718,5.632619494548157,26.90193139255271,17.03321559331783,True
lift_and_cruse,cruise_158,1500.0,116.77063224781718,5.632619494548148,26.908909711034973,17.037341890488563,True
lift_and_cruse,cruise_159,1500.0,116.7655761317674,5.633113309733784,26.908909711034973,17.037341890488563,True
lift_and_cruse,cruise_159,1500.0,116.7655761317674,5.633113306075628,26.91588772735917,17.041468187659294,True
lift_and_cruse,cruise_159,1500.0,116.7655761317674,5.633113304367828,26.935439694618992,17.053029815411115,True
lift_and_cruse,cruise_159,1500.0,116.7655761317674,5.633113303673217,26.9636931059095,17.06973685157372,True
lift_and_cruse,cruise_159,1500.0,116.7655761317674,5.633113302551392,26.995052026619256,17.088280262736742,True
lift_and_cruse,cruise_159,1500.0,116.7655761317674,5.633113301385425,27.023305437909762,17.104987298899342,True
lift_and_cruse,cruise_159,1500.0,116.7655761317674,5.6331133007029,27.042857405169592,17.116548926651163,True
lift_and_cruse,cruise_159,1500.0,116.7655761317674,5.633113301754336,27.049835421493786,17.120675223821895,True
lift_and_cruse,cruise_160,1500.0,116.76046918622511,5.633612147522648,27.049835421493786,17.120675223821895,True
lift_and_cruse,cruise_160,1500.0,116.76046918622511,5.633612147522645,27.056813132622302,17.124801520992627,True
lift_and_cruse,cruise_160,1500.0,116.76046918622511,5.633612147522646,27.076364244742837,17.13636314874445,True
lift_and_cruse,cruise_160,1500.0,116.76046918622511,5.633612147522646,27.104616420321268,17.15307018490705,True
lift_and_cruse,cruise_160,1500.0,116.76046918622511,5.633612147522643,27.135973969494085,17.171613596070074,True
lift_and_cruse,cruise_160,1500.0,116.76046918622511,5.633612147522643,27.164226145072515,17.188320632232674,True
lift_and_cruse,cruise_160,1500.0,116.76046918622511,5.633612147522643,27.18377725719305,17.1998822599845,True
lift_and_cruse,cruise_160,1500.0,116.76046918622511,5.633612147522645,27.190754968321567,17.20400855715523,True
lift_and_cruse,cruise_161,1500.0,116.7553104425162,5.634116115470878,27.190754968321567,17.20400855715523,True
lift_and_cruse,cruise_161,1500.0,116.7553104425162,5.63411611547088,27.197732371158896,17.208134854325962,True
lift_and_cruse,cruise_161,1500.0,116.7553104425162,5.6341161154708805,27.21728261946673,17.219696482077783,True
lift_and_cruse,cruise_161,1500.0,116.7553104425162,5.634116115470879,27.245533546799635,17.236403518240383,True
lift_and_cruse,cruise_161,1500.0,116.7553104425162,5.634116115470885,27.276889710524443,17.254946929403406,True
lift_and_cruse,cruise_161,1500.0,116.7553104425162,5.6341161154708805,27.30514063785735,17.27165396556601,True
lift_and_cruse,cruise_161,1500.0,116.7553104425162,5.634116115470879,27.32469088616518,17.28321559331783,True
lift_and_cruse,cruise_161,1500.0,116.7553104425162,5.634116115470927,27.33166828900251,17.287341890488563,True
lift_and_cruse,cruise_162,1500.0,116.75009890460032,5.634625309295323,27.33166828900251,17.287341890488563,True
lift_and_cruse,cruise_162,1500.0,116.75009890460032,5.63462530929531,27.338645380393626,17.291468187659294,True
lift_and_cruse,cruise_162,1500.0,116.75009890460032,5.634625309295317,27.358194756048558,17.303029815411115,True
lift_and_cruse,cruise_162,1500.0,116.75009890460032,5.634625309295313,27.386444422361485,17.31973685157372,True
lift_and_cruse,cruise_162,1500.0,116.75009890460032,5.634625309295308,27.417799186459714,17.338280262736742,True
lift_and_cruse,cruise_162,1500.0,116.75009890460032,5.634625309295312,27.44604885277264,17.354987298899342,True
lift_and_cruse,cruise_162,1500.0,116.75009890460032,5.634625309295325,27.46559822842757,17.366548926651163,True
lift_and_cruse,cruise_162,1500.0,116.75009890460032,5.634625309295316,27.472575319818688,17.370675223821895,True
lift_and_cruse,cruise_163,1500.0,116.74483354804113,5.635139831206154,27.472575319818688,17.370675223821895,True
lift_and_cruse,cruise_163,1500.0,116.74483354804113,5.635139831208029,27.47955209654734,17.374801520992627,True
lift_and_cruse,cruise_163,1500.0,116.74483354804113,5.635139831210407,27.499100590537637,17.38636314874445,True
lift_and_cruse,cruise_163,1500.0,116.74483354804113,5.635139831209273,27.527348982808256,17.40307018490705,True
lift_and_cruse,cruise_163,1500.0,116.74483354804113,5.635139831690967,27.5587023328262,17.421613596070074,True
lift_and_cruse,cruise_163,1500.0,116.74483354804113,5.635139832641224,27.586950725096813,17.438320632232674,True
lift_and_cruse,cruise_163,1500.0,116.74483354804113,5.635139833003326,27.60649921908711,17.4498822599845,True
lift_and_cruse,cruise_163,1500.0,116.74483354804113,5.635139831806377,27.61347599581576,17.45400855715523,True
lift_and_cruse,cruise_164,1500.0,116.73951331892809,5.635659786878481,27.61347599581576,17.45400855715523,True
lift_and_cruse,cruise_164,1500.0,116.73951331892809,5.635659787070826,27.620452454602717,17.458134854325962,True
lift_and_cruse,cruise_164,1500.0,116.73951331892809,5.6356597863736555,27.64000005774017,17.469696482077783,True
lift_and_cruse,cruise_164,1500.0,116.73951331892809,5.635659786382296,27.66824716269113,17.486403518240383,True
lift_and_cruse,cruise_164,1500.0,116.73951331892809,5.635659786380241,27.699599083892053,17.504946929403406,True
lift_and_cruse,cruise_164,1500.0,116.73951331892809,5.6356597863824565,27.72784618884301,17.52165396556601,True
lift_and_cruse,cruise_164,1500.0,116.73951331892809,5.635659786378876,27.747393791980464,17.53321559331783,True
lift_and_cruse,cruise_164,1500.0,116.73951331892809,5.635659786378877,27.75437025076742,17.537341890488563,True
lift_and_cruse,cruise_165,1500.0,116.73413713274702,5.636185280420304,27.75437025076742,17.537341890488563,True
lift_and_cruse,cruise_165,1500.0,116.73413713274702,5.636185284883121,27.76134638826863,17.541468187659294,True
lift_and_cruse,cruise_165,1500.0,116.73413713274702,5.636185284741638,27.780893091183433,17.553029815411115,True
lift_and_cruse,cruise_165,1500.0,116.73413713274702,5.636185283800594,27.809138895274977,17.56973685157372,True
lift_and_cruse,cruise_165,1500.0,116.73413713274702,5.636185283410395,27.840489372630874,17.588280262736742,True
lift_and_cruse,cruise_165,1500.0,116.73413713274702,5.636185282986003,27.868735176722417,17.604987298899342,True
lift_and_cruse,cruise_165,1500.0,116.73413713274702,5.6361852827401835,27.888281879637223,17.616548926651163,True
lift_and_cruse,cruise_165,1500.0,116.73413713274702,5.636185281782104,27.895258017138428,17.620675223821895,True
lift_and_cruse,cruise_166,1500.0,116.72870387319614,5.636716432651836,27.895258017138428,17.620675223821895,True
lift_and_cruse,cruise_166,1500.0,116.72870387319614,5.63671643265233,27.902233829943142,17.624801520992627,True
lift_and_cruse,cruise_166,1500.0,116.72870387319614,5.636716432654479,27.92177962307857,17.63636314874445,True
lift_and_cruse,cruise_166,1500.0,116.72870387319614,5.636716432654698,27.950024112500824,17.65307018490705,True
lift_and_cruse,cruise_166,1500.0,116.72870387319614,5.636716433026136,27.9813731306839,17.671613596070074,True
lift_and_cruse,cruise_166,1500.0,116.72870387319614,5.636716433240983,28.009617620106155,17.688320632232674,True
lift_and_cruse,cruise_166,1500.0,116.72870387319614,5.63671643407484,28.029163413241584,17.6998822599845,True
lift_and_cruse,cruise_166,1500.0,116.72870387319614,5.6367164331166055,28.036139226046295,17.70400855715523,True
lift_and_cruse,cruise_167,1500.0,116.72321239094477,5.63725334992907,28.036139226046295,17.70400855715523,True
lift_and_cruse,cruise_167,1500.0,116.72321239094477,5.637253356414665,28.043114710675066,17.708134854325962,True
lift_and_cruse,cruise_167,1500.0,116.72321239094477,5.637253352981874,28.062659584281946,17.719696482077783,True
lift_and_cruse,cruise_167,1500.0,116.72321239094477,5.637253353397263,28.09090274494694,17.736403518240383,True
lift_and_cruse,cruise_167,1500.0,116.72321239094477,5.63725335360903,28.122250288320725,17.754946929403406,True
lift_and_cruse,cruise_167,1500.0,116.72321239094477,5.6372533539459555,28.15049344898572,17.77165396556601,True
lift_and_cruse,cruise_167,1500.0,116.72321239094477,5.637253354003932,28.170038322592603,17.78321559331783,True
lift_and_cruse,cruise_167,1500.0,116.72321239094477,5.637253354040886,28.17701380722137,17.787341890488563,True
lift_and_cruse,cruise_168,1500.0,116.71766150233128,5.637796153096693,28.17701380722137,17.787341890488563,True
lift_and_cruse,cruise_168,1500.0,116.71766150233128,5.63779615309671,28.183988960124026,17.791468187659294,True
lift_and_cruse,cruise_168,1500.0,116.71766150233128,5.637796153096528,28.20353290425497,17.803029815411115,True
lift_and_cruse,cruise_168,1500.0,116.71766150233128,5.637796153095796,28.231774721788337,17.81973685157372,True
lift_and_cruse,cruise_168,1500.0,116.71766150233128,5.6377961530966765,28.263120774398473,17.838280262736742,True
lift_and_cruse,cruise_168,1500.0,116.71766150233128,5.637796153096677,28.29136259193184,17.854987298899342,True
lift_and_cruse,cruise_168,1500.0,116.71766150233128,5.637796153096677,28.310906536062785,17.866548926651163,True
lift_and_cruse,cruise_168,1500.0,116.71766150233128,5.63779615309667,28.317881688965436,17.870675223821895,True
lift_and_cruse,cruise_169,1500.0,116.71204998799672,5.6383449639165075,28.317881688965436,17.870675223821895,True
lift_and_cruse,cruise_169,1500.0,116.71204998799672,5.6383449639165075,28.32485650651892,17.874801520992627,True
lift_and_cruse,cruise_169,1500.0,116.71204998799672,5.6383449639165075,28.344399511022388,17.88636314874445,True
lift_and_cruse,cruise_169,1500.0,116.71204998799672,5.638344963916595,28.372639970754694,17.90307018490705,True
lift_and_cruse,cruise_169,1500.0,116.71204998799672,5.6383449639165075,28.40398451631936,17.921613596070074,True
lift_and_cruse,cruise_169,1500.0,116.71204998799672,5.638344963917722,28.43222497605167,17.938320632232674,True
lift_and_cruse,cruise_169,1500.0,116.71204998799672,5.638344963916552,28.451767980555132,17.9498822599845,True
lift_and_cruse,cruise_169,1500.0,116.71204998799672,5.638344963916796,28.458742798108617,17.95400855715523,True
lift_and_cruse,cruise_170,1500.0,116.70637659144987,5.638899907907036,28.458742798108617,17.95400855715523,True
lift_and_cruse,cruise_170,1500.0,116.70637659144987,5.638899907776519,28.4657172766148,17.958134854325962,True
lift_and_cruse,cruise_170,1500.0,116.70637659144987,5.638899907792477,28.48525933112883,17.969696482077783,True
lift_and_cruse,cruise_170,1500.0,116.70637659144987,5.638899907758846,28.513498418086634,17.986403518240383,True
lift_and_cruse,cruise_170,1500.0,116.70637659144987,5.638899907789217,28.544841439986545,18.004946929403406,True
lift_and_cruse,cruise_170,1500.0,116.70637659144987,5.638899907799202,28.573080526944352,18.02165396556601,True
lift_and_cruse,cruise_170,1500.0,116.70637659144987,5.63889990775552,28.59262258145838,18.03321559331783,True
lift_and_cruse,cruise_170,1500.0,116.70637659144987,5.638899907666981,28.59959705996456,18.037341890488563,True
lift_and_cruse,cruise_171,1500.0,116.70064001756033,5.639461114560826,28.59959705996456,18.037341890488563,True
lift_and_cruse,cruise_171,1500.0,116.70064001756033,5.639461114512617,28.606571195647906,18.041468187659294,True
lift_and_cruse,cruise_171,1500.0,116.70064001756033,5.639461114462614,28.626112289593685,18.053029815411115,True
lift_and_cruse,cruise_171,1500.0,116.70064001756033,5.6394611144632725,28.654349988490154,18.06973685157372,True
lift_and_cruse,cruise_171,1500.0,116.70064001756033,5.6394611144626134,28.685691469758215,18.088280262736742,True
lift_and_cruse,cruise_171,1500.0,116.70064001756033,5.639461114462613,28.713929168654683,18.104987298899342,True
lift_and_cruse,cruise_171,1500.0,116.70064001756033,5.6394611144644236,28.733470262600466,18.116548926651163,True
lift_and_cruse,cruise_171,1500.0,116.70064001756033,5.639461117461963,28.740444398283806,18.120675223821895,True
lift_and_cruse,cruise_172,1500.0,116.69483893097471,5.640028726280037,28.740444398283806,18.120675223821895,True
lift_and_cruse,cruise_172,1500.0,116.69483893097471,5.640028717028141,28.747418187288975,18.124801520992627,True
lift_and_cruse,cruise_172,1500.0,116.69483893097471,5.64002871702723,28.766958309864094,18.13636314874445,True
lift_and_cruse,cruise_172,1500.0,116.69483893097471,5.640028717071378,28.79519460508929,18.15307018490705,True
lift_and_cruse,cruise_172,1500.0,116.69483893097471,5.640028724630665,28.82653452839977,18.171613596070074,True
lift_and_cruse,cruise_172,1500.0,116.69483893097471,5.640028725448249,28.854770823624964,18.188320632232674,True
lift_and_cruse,cruise_172,1500.0,116.69483893097471,5.640028717024189,28.874310946200083,18.1998822599845,True
lift_and_cruse,cruise_172,1500.0,116.69483893097471,5.640028717030007,28.88128473520525,18.20400855715523,True
lift_and_cruse,cruise_173,1500.0,116.68897195445128,5.640602853219762,28.88128473520525,18.20400855715523,True
lift_and_cruse,cruise_173,1500.0,116.68897195445128,5.640602853225755,28.8882581735946,18.208134854325962,True
lift_and_cruse,cruise_173,1500.0,116.68897195445128,5.640602853181636,28.90779731376603,18.219696482077783,True
lift_and_cruse,cruise_173,1500.0,116.68897195445128,5.640602853210251,28.93603218937676,18.236403518240383,True
lift_and_cruse,cruise_173,1500.0,116.68897195445128,5.640602853194748,28.96737053703406,18.254946929403406,True
lift_and_cruse,cruise_173,1500.0,116.68897195445128,5.640602853210267,28.995605412644785,18.27165396556601,True
lift_and_cruse,cruise_173,1500.0,116.68897195445128,5.640602853210783,29.01514455281622,18.28321559331783,True
lift_and_cruse,cruise_173,1500.0,116.68897195445128,5.640602853210978,29.02211799120557,18.287341890488563,True
lift_and_cruse,cruise_174,1500.0,116.68303766710807,5.641183665106183,29.02211799120557,18.287341890488563,True
lift_and_cruse,cruise_174,1500.0,116.68303766710807,5.641183665157606,29.029091074956543,18.291468187659294,True
lift_and_cruse,cruise_174,1500.0,116.68303766710807,5.64118366517784,29.048629221453336,18.303029815411115,True
lift_and_cruse,cruise_174,1500.0,116.68303766710807,5.641183665054298,29.076862661162608,18.31973685157372,True
lift_and_cruse,cruise_174,1500.0,116.68303766710807,5.641183665212851,29.108199415089523,18.338280262736742,True
lift_and_cruse,cruise_174,1500.0,116.68303766710807,5.641183665217301,29.136432854798795,18.354987298899342,True
lift_and_cruse,cruise_174,1500.0,116.68303766710807,5.641183665216736,29.155971001295583,18.366548926651163,True
lift_and_cruse,cruise_174,1500.0,116.68303766710807,5.641183665217499,29.16294408504656,18.370675223821895,True
lift_and_cruse,cruise_175,1500.0,116.67703460257924,5.641771299283109,29.16294408504656,18.370675223821895,True
lift_and_cruse,cruise_175,1500.0,116.67703460257924,5.641771299055381,29.169916810048978,18.374801520992627,True
lift_and_cruse,cruise_175,1500.0,116.67703460257924,5.641771299064679,29.18945395135464,18.38636314874445,True
lift_and_cruse,cruise_175,1500.0,116.67703460257924,5.641771299066081,29.21768593852065,18.40307018490705,True
lift_and_cruse,cruise_175,1500.0,116.67703460257924,5.641771299304296,29.249021080246173,18.421613596070074,True
lift_and_cruse,cruise_175,1500.0,116.67703460257924,5.641771299304327,29.27725306741218,18.438320632232674,True
lift_and_cruse,cruise_175,1500.0,116.67703460257924,5.641771299304358,29.29679020871784,18.4498822599845,True
lift_and_cruse,cruise_175,1500.0,116.67703460257924,5.64177129930438,29.303762933720254,18.45400855715523,True
lift_and_cruse,cruise_176,1500.0,116.67096124707335,5.6423659071218815,29.303762933720254,18.45400855715523,True
lift_and_cruse,cruise_176,1500.0,116.67096124707335,5.642365907121852,29.31073529577346,18.458134854325962,True
lift_and_cruse,cruise_176,1500.0,116.67096124707335,5.642365907121823,29.330271420118027,18.469696482077783,True
lift_and_cruse,cruise_176,1500.0,116.67096124707335,5.642365907122445,29.358501937732676,18.486403518240383,True
lift_and_cruse,cruise_176,1500.0,116.67096124707335,5.642365907122444,29.389835448379248,18.504946929403406,True
lift_and_cruse,cruise_176,1500.0,116.67096124707335,5.642365907122415,29.418065965993897,18.52165396556601,True
lift_and_cruse,cruise_176,1500.0,116.67096124707335,5.642365907122423,29.437602090338466,18.53321559331783,True
lift_and_cruse,cruise_176,1500.0,116.67096124707335,5.642365907122398,29.44457445239167,18.537341890488563,True
lift_and_cruse,cruise_177,1500.0,116.66481603732781,5.642967650680195,29.44457445239167,18.537341890488563,True
lift_and_cruse,cruise_177,1500.0,116.66481603732781,5.642967651579353,29.451546447201586,18.541468187659294,True
lift_and_cruse,cruise_177,1500.0,116.66481603732781,5.642967652148019,29.471081542553335,18.553029815411115,True
lift_and_cruse,cruise_177,1500.0,116.66481603732781,5.642967651947943,29.49931057323027,18.56973685157372,True
lift_and_cruse,cruise_177,1500.0,116.66481603732781,5.642967650791455,29.530642433500496,18.588280262736742,True
lift_and_cruse,cruise_177,1500.0,116.66481603732781,5.642967649407994,29.558871464177432,18.604987298899342,True
lift_and_cruse,cruise_177,1500.0,116.66481603732781,5.642967648173125,29.578406559529178,18.616548926651163,True
lift_and_cruse,cruise_177,1500.0,116.66481603732781,5.642967648228489,29.585378554339098,18.620675223821895,True
lift_and_cruse,cruise_178,1500.0,116.6585973584524,5.643576674399482,29.585378554339098,18.620675223821895,True
lift_and_cruse,cruise_178,1500.0,116.6585973584524,5.643576674399483,29.592350177515147,18.624801520992627,True
lift_and_cruse,cruise_178,1500.0,116.6585973584524,5.643576674399481,29.61188423157193,18.63636314874445,True
lift_and_cruse,cruise_178,1500.0,116.6585973584524,5.64357667431539,29.64011175753406,18.65307018490705,True
lift_and_cruse,cruise_178,1500.0,116.6585973584524,5.643576674399482,29.67144194769684,18.671613596070074,True
lift_and_cruse,cruise_178,1500.0,116.6585973584524,5.643576674399481,29.699669473658965,18.688320632232674,True
lift_and_cruse,cruise_178,1500.0,116.6585973584524,5.643576674399482,29.719203527715752,18.6998822599845,True
lift_and_cruse,cruise_178,1500.0,116.6585973584524,5.643576674399483,29.726175150891805,18.70400855715523,True
lift_and_cruse,cruise_179,1500.0,116.65230354165465,5.644193162352141,29.726175150891805,18.70400855715523,True
lift_and_cruse,cruise_179,1500.0,116.65230354165465,5.64419316235612,29.733146397943678,18.708134854325962,True
lift_and_cruse,cruise_179,1500.0,116.65230354165465,5.644193162356069,29.752679398123938,18.719696482077783,True
lift_and_cruse,cruise_179,1500.0,116.65230354165465,5.6441931623560695,29.78090540119036,18.736403518240383,True
lift_and_cruse,cruise_179,1500.0,116.65230354165465,5.644193162356068,29.81223390106642,18.754946929403406,True
lift_and_cruse,cruise_179,1500.0,116.65230354165465,5.644193162356067,29.840459904132842,18.77165396556601,True
lift_and_cruse,cruise_179,1500.0,116.65230354165465,5.644193162356069,29.859992904313103,18.78321559331783,True
lift_and_cruse,cruise_179,1500.0,116.65230354165465,5.644193162356069,29.866964151364975,18.787341890488563,True
lift_and_cruse,cruise_180,1500.0,116.64593286183978,5.64481728148588,29.866964151364975,18.787341890488563,True
lift_and_cruse,cruise_180,1500.0,116.64593286183978,5.644817281485781,29.873935017699264,18.791468187659294,True
lift_and_cruse,cruise_180,1500.0,116.64593286183978,5.644817281485782,29.893466951132563,18.803029815411115,True
lift_and_cruse,cruise_180,1500.0,116.64593286183978,5.644817281485779,29.921691412704966,18.81973685157372,True
lift_and_cruse,cruise_180,1500.0,116.64593286183978,5.644817281485785,29.95301820165175,18.838280262736742,True
lift_and_cruse,cruise_180,1500.0,116.64593286183978,5.644817281485783,29.981242663224155,18.854987298899342,True
lift_and_cruse,cruise_180,1500.0,116.64593286183978,5.644817281485783,30.000774596657454,18.866548926651163,True
lift_and_cruse,cruise_180,1500.0,116.64593286183978,5.644817281485784,30.007745462991746,18.870675223821895,True
lift_and_cruse,cruise_181,1500.0,116.63948353507581,5.64544921034452,30.007745462991746,18.870675223821895,True
lift_and_cruse,cruise_181,1500.0,116.63948353507581,5.645449210327717,30.014715943908442,18.874801520992627,True
lift_and_cruse,cruise_181,1500.0,116.63948353507581,5.645449210350562,30.03424679742564,18.88636314874445,True
lift_and_cruse,cruise_181,1500.0,116.63948353507581,5.64544921058379,30.062469698474064,18.90307018490705,True
lift_and_cruse,cruise_181,1500.0,116.63948353507581,5.645449210562825,30.093794755369903,18.921613596070074,True
lift_and_cruse,cruise_181,1500.0,116.63948353507581,5.645449211136809,30.122017656418326,18.938320632232674,True
lift_and_cruse,cruise_181,1500.0,116.63948353507581,5.645449211044235,30.141548509935525,18.9498822599845,True
lift_and_cruse,cruise_181,1500.0,116.63948353507581,5.645449210487144,30.14851899085222,18.95400855715523,True
lift_and_cruse,cruise_182,1500.0,116.63295371591585,5.646089133701719,30.14851899085222,18.95400855715523,True
lift_and_cruse,cruise_182,1500.0,116.63295371591585,5.6460891336734695,30.155489081541024,18.958134854325962,True
lift_and_cruse,cruise_182,1500.0,116.63295371591585,5.646089133702719,30.175018841663967,18.969696482077783,True
lift_and_cruse,cruise_182,1500.0,116.63295371591585,5.646089133705592,30.20324016271191,18.986403518240383,True
lift_and_cruse,cruise_182,1500.0,116.63295371591585,5.646089133716901,30.234563465939516,19.004946929403406,True
lift_and_cruse,cruise_182,1500.0,116.63295371591585,5.646089133704603,30.26278478698746,19.02165396556601,True
lift_and_cruse,cruise_182,1500.0,116.63295371591585,5.646089133718846,30.2823145471104,19.03321559331783,True
lift_and_cruse,cruise_182,1500.0,116.63295371591585,5.646089133718234,30.289284637799206,19.037341890488563,True
lift_and_cruse,cruise_183,1500.0,116.62634149456683,5.6467372427779345,30.289284637799206,19.037341890488563,True
lift_and_cruse,cruise_183,1500.0,116.62634149456683,5.646737242775911,30.296254333335686,19.041468187659294,True
lift_and_cruse,cruise_183,1500.0,116.62634149456683,5.646737242930204,30.315782986266427,19.053029815411115,True
lift_and_cruse,cruise_183,1500.0,116.62634149456683,5.646737243679035,30.34400270737528,19.06973685157372,True
lift_and_cruse,cruise_183,1500.0,116.62634149456683,5.6467372427681,30.375324234804477,19.088280262736742,True
lift_and_cruse,cruise_183,1500.0,116.62634149456683,5.646737243034532,30.40354395591333,19.104987298899342,True
lift_and_cruse,cruise_183,1500.0,116.62634149456683,5.646737242752898,30.42307260884407,19.116548926651163,True
lift_and_cruse,cruise_183,1500.0,116.62634149456683,5.646737244092512,30.430042304380553,19.120675223821895,True
lift_and_cruse,cruise_184,1500.0,105.97545105823559,6.854976057559111,30.430042304380553,19.120675223821895,True
lift_and_cruse,cruise_184,1500.0,105.97545105823559,6.854976057493712,30.436375493081766,19.124801520992627,True
lift_and_cruse,cruise_184,1500.0,105.97545105823559,6.854976057494266,30.454120693491667,19.13636314874445,True
lift_and_cruse,cruise_184,1500.0,105.97545105823559,6.854976057494866,30.47976325103848,19.15307018490705,True
lift_and_cruse,cruise_184,1500.0,105.97545105823559,6.854976057494988,30.508224342714723,19.171613596070074,True
lift_and_cruse,cruise_184,1500.0,105.97545105823559,6.854976057494625,30.533866900261536,19.188320632232674,True
lift_and_cruse,cruise_184,1500.0,105.97545105823559,6.854976057494082,30.551612100671438,19.1998822599845,True
lift_and_cruse,cruise_184,1500.0,105.97545105823559,6.854976057494068,30.55794528937265,19.20400855715523,True
lift_and_cruse,cruise_185,1500.0,105.9707797729916,6.85558802717546,30.55794528937265,19.20400855715523,True
lift_and_cruse,cruise_185,1500.0,105.9707797729916,6.855588027178015,30.56427819891364,19.208134854325962,True
lift_and_cruse,cruise_185,1500.0,105.9707797729916,6.85558802717799,30.58202261713397,19.219696482077783,True
lift_and_cruse,cruise_185,1500.0,105.9707797729916,6.855588027177968,30.607664044384098,19.236403518240383,True
lift_and_cruse,cruise_185,1500.0,105.9707797729916,6.855588027177939,30.636123881525673,19.254946929403406,True
lift_and_cruse,cruise_185,1500.0,105.9707797729916,6.8555880271779035,30.661765308775802,19.27165396556601,True
lift_and_cruse,cruise_185,1500.0,105.9707797729916,6.855588027177885,30.67950972699613,19.28321559331783,True
lift_and_cruse,cruise_185,1500.0,105.9707797729916,6.8555880271778795,30.685842636537117,19.287341890488563,True
lift_and_cruse,cruise_186,1500.0,105.96606250356922,6.856206104205533,30.685842636537117,19.287341890488563,True
lift_and_cruse,cruise_186,1500.0,105.96606250356922,6.856206104205943,30.692175264169823,19.291468187659294,True
lift_and_cruse,cruise_186,1500.0,105.96606250356922,6.856206104205943,30.709918892500696,19.303029815411115,True
lift_and_cruse,cruise_186,1500.0,105.96606250356922,6.856206104205939,30.73555917832749,19.31973685157372,True
lift_and_cruse,cruise_186,1500.0,105.96606250356922,6.85620610420594,30.764017748584738,19.338280262736742,True
lift_and_cruse,cruise_186,1500.0,105.96606250356922,6.856206104205946,30.789658034411538,19.354987298899342,True
lift_and_cruse,cruise_186,1500.0,105.96606250356922,6.8562061042059455,30.80740166274241,19.366548926651163,True
lift_and_cruse,cruise_186,1500.0,105.96606250356922,6.856206104205952,30.813734290375116,19.370675223821895,True
lift_and_cruse,cruise_187,1500.0,105.96129830792631,6.856830415434575,30.813734290375116,19.370675223821895,True
lift_and_cruse,cruise_187,1500.0,105.96129830792631,6.8568304145082415,30.820066633295184,19.374801520992627,True
lift_and_cruse,cruise_187,1500.0,105.96129830792631,6.856830414509764,30.837809463878983,19.38636314874445,True
lift_and_cruse,cruise_187,1500.0,105.96129830792631,6.856830414511714,30.86344859692785,19.40307018490705,True
lift_and_cruse,cruise_187,1500.0,105.96129830792631,6.8568304145126815,30.89190588769813,19.421613596070074,True
lift_and_cruse,cruise_187,1500.0,105.96129830792631,6.856830414512923,30.917545020746992,19.438320632232674,True
lift_and_cruse,cruise_187,1500.0,105.96129830792631,6.856830414512626,30.935287851330788,19.4498822599845,True
lift_and_cruse,cruise_187,1500.0,105.96129830792631,6.8568304145122285,30.94162019425086,19.45400855715523,True
lift_and_cruse,cruise_188,1500.0,105.95648621442857,6.857461087905594,30.94162019425086,19.45400855715523,True
lift_and_cruse,cruise_188,1500.0,105.95648621442857,6.857461087905857,30.947952249595872,19.458134854325962,True
lift_and_cruse,cruise_188,1500.0,105.95648621442857,6.857461087905862,30.96569427441227,19.469696482077783,True
lift_and_cruse,cruise_188,1500.0,105.95648621442857,6.857461087905858,30.991332243093513,19.486403518240383,True
lift_and_cruse,cruise_188,1500.0,105.95648621442857,6.857461087905858,31.019788241513222,19.504946929403406,True
lift_and_cruse,cruise_188,1500.0,105.95648621442857,6.857461087905859,31.04542621019446,19.52165396556601,True
lift_and_cruse,cruise_188,1500.0,105.95648621442857,6.857461087905859,31.06316823501086,19.53321559331783,True
lift_and_cruse,cruise_188,1500.0,105.95648621442857,6.857461087905859,31.069500290355876,19.537341890488563,True
lift_and_cruse,cruise_189,1500.0,105.95162522058858,6.8580982584887025,31.069500290355876,19.537341890488563,True
lift_and_cruse,cruise_189,1500.0,105.95162522058858,6.858098258489102,31.075832055203502,19.541468187659294,True
lift_and_cruse,cruise_189,1500.0,105.95162522058858,6.858098258489101,31.093573266064322,19.553029815411115,True
lift_and_cruse,cruise_189,1500.0,105.95162522058858,6.858098258489105,31.11921005854567,19.56973685157372,True
lift_and_cruse,cruise_189,1500.0,105.95162522058858,6.858098258489106,31.147664751481987,19.588280262736742,True
lift_and_cruse,cruise_189,1500.0,105.95162522058858,6.858098258489103,31.173301543963333,19.604987298899342,True
lift_and_cruse,cruise_189,1500.0,105.95162522058858,6.858098258489105,31.191042754824153,19.616548926651163,True
lift_and_cruse,cruise_189,1500.0,105.95162522058858,6.858098258489105,31.19737451967178,19.620675223821895,True
lift_and_cruse,cruise_190,1500.0,105.94671429173759,6.858742064582005,31.19737451967178,19.620675223821895,True
lift_and_cruse,cruise_190,1500.0,105.94671429173759,6.858742064582237,31.203705991037864,19.624801520992627,True
lift_and_cruse,cruise_190,1500.0,105.94671429173759,6.858742064582235,31.221446379581668,19.63636314874445,True
lift_and_cruse,cruise_190,1500.0,105.94671429173759,6.858742064582238,31.247081983780497,19.65307018490705,True
lift_and_cruse,cruise_190,1500.0,105.94671429173759,6.858742064582235,31.275535357822722,19.671613596070074,True
lift_and_cruse,cruise_190,1500.0,105.94671429173759,6.858742064582238,31.30117096202155,19.688320632232674,True
lift_and_cruse,cruise_190,1500.0,105.94671429173759,6.858742064582239,31.318911350565354,19.6998822599845,True
lift_and_cruse,cruise_190,1500.0,105.94671429173759,6.858742064582241,31.325242821931443,19.70400855715523,True
lift_and_cruse,cruise_191,1500.0,105.94175235962412,6.859392649039286,31.325242821931443,19.70400855715523,True
lift_and_cruse,cruise_191,1500.0,105.94175235962412,6.859392649039592,31.331573996767982,19.708134854325962,True
lift_and_cruse,cruise_191,1500.0,105.94175235962412,6.859392649039593,31.349313554454458,19.719696482077783,True
lift_and_cruse,cruise_191,1500.0,105.94175235962412,6.859392649039591,31.374947958029665,19.736403518240383,True
lift_and_cruse,cruise_191,1500.0,105.94175235962412,6.859392649039593,31.40339999948021,19.754946929403406,True
lift_and_cruse,cruise_191,1500.0,105.94175235962412,6.859392649039591,31.42903440305542,19.77165396556601,True
lift_and_cruse,cruise_191,1500.0,105.94175235962412,6.859392649039591,31.446773960741897,19.78321559331783,True
lift_and_cruse,cruise_191,1500.0,105.94175235962412,6.859392649039587,31.453105135578433,19.787341890488563,True
lift_and_cruse,cruise_192,1500.0,105.9367383209355,6.860050159564,31.453105135578433,19.787341890488563,True
lift_and_cruse,cruise_192,1500.0,105.9367383209355,6.860050159423258,31.45943601077149,19.791468187659294,True
lift_and_cruse,cruise_192,1500.0,105.9367383209355,6.860050159425982,31.47717472887559,19.803029815411115,True
lift_and_cruse,cruise_192,1500.0,105.9367383209355,6.8600501594288525,31.502807919219105,19.81973685157372,True
lift_and_cruse,cruise_192,1500.0,105.9367383209355,6.860050159429707,31.531258614084063,19.838280262736742,True
lift_and_cruse,cruise_192,1500.0,105.9367383209355,6.860050159428475,31.556891804427586,19.854987298899342,True
lift_and_cruse,cruise_192,1500.0,105.9367383209355,6.860050159426287,31.57463052253168,19.866548926651163,True
lift_and_cruse,cruise_192,1500.0,105.9367383209355,6.860050159426233,31.580961397724735,19.870675223821895,True
lift_and_cruse,cruise_193,1500.0,105.93167103573657,6.8607147482130575,31.580961397724735,19.870675223821895,True
lift_and_cruse,cruise_193,1500.0,105.93167103573657,6.860714748213018,31.587291970092252,19.874801520992627,True
lift_and_cruse,cruise_193,1500.0,105.93167103573657,6.860714748213022,31.605029839698037,19.88636314874445,True
lift_and_cruse,cruise_193,1500.0,105.93167103573657,6.860714748213018,31.63066180392597,19.90307018490705,True
lift_and_cruse,cruise_193,1500.0,105.93167103573657,6.86071474821302,31.659111137905295,19.921613596070074,True
lift_and_cruse,cruise_193,1500.0,105.93167103573657,6.860714748213022,31.68474310213323,19.938320632232674,True
lift_and_cruse,cruise_193,1500.0,105.93167103573657,6.860714748213023,31.702480971739014,19.9498822599845,True
lift_and_cruse,cruise_193,1500.0,105.93167103573657,6.860714748213023,31.70881154410653,19.95400855715523,True
lift_and_cruse,cruise_194,1500.0,105.92654932582042,6.8613865730295664,31.70881154410653,19.95400855715523,True
lift_and_cruse,cruise_194,1500.0,105.92654932582042,6.861386573029104,31.715141810396034,19.958134854325962,True
lift_and_cruse,cruise_194,1500.0,105.92654932582042,6.861386573029099,31.732878822390287,19.969696482077783,True
lift_and_cruse,cruise_194,1500.0,105.92654932582042,6.861386573029107,31.75850954733365,19.986403518240383,True
lift_and_cruse,cruise_194,1500.0,105.92654932582042,6.861386573029107,31.78695750581088,20.004946929403406,True
lift_and_cruse,cruise_194,1500.0,105.92654932582042,6.861386573029096,31.81258823075424,20.02165396556601,True
lift_and_cruse,cruise_194,1500.0,105.92654932582042,6.8613865730290815,31.830325242748494,20.03321559331783,True
lift_and_cruse,cruise_194,1500.0,105.92654932582042,6.861386573029069,31.836655509037996,20.037341890488563,True
lift_and_cruse,cruise_195,1500.0,105.92137197296452,6.862065796866349,31.836655509037996,20.037341890488563,True
lift_and_cruse,cruise_195,1500.0,105.92137197296452,6.86206579686645,31.842985465924215,20.041468187659294,True
lift_and_cruse,cruise_195,1500.0,105.92137197296452,6.862065796866459,31.860721610989728,20.053029815411115,True
lift_and_cruse,cruise_195,1500.0,105.92137197296452,6.8620657968664585,31.886351083184767,20.06973685157372,True
lift_and_cruse,cruise_195,1500.0,105.92137197296452,6.862065796866455,31.91479765121626,20.088280262736742,True
lift_and_cruse,cruise_195,1500.0,105.92137197296452,6.862065796866456,31.9404271234113,20.104987298899342,True
lift_and_cruse,cruise_195,1500.0,105.92137197296452,6.862065796866455,31.958163268476813,20.116548926651163,True
lift_and_cruse,cruise_195,1500.0,105.92137197296452,6.862065796866451,31.964493225363032,20.120675223821895,True
lift_and_cruse,cruise_196,1500.0,105.91613771708627,6.862752588343483,31.964493225363032,20.120675223821895,True
lift_and_cruse,cruise_196,1500.0,105.91613771708627,6.8627525883435485,31.970822869445392,20.124801520992627,True
lift_and_cruse,cruise_196,1500.0,105.91613771708627,6.862752588343547,31.988558138053968,20.13636314874445,True
lift_and_cruse,cruise_196,1500.0,105.91613771708627,6.862752588343546,32.014186343732035,20.15307018490705,True
lift_and_cruse,cruise_196,1500.0,105.91613771708627,6.862752588343549,32.04263150603573,20.171613596070074,True
lift_and_cruse,cruise_196,1500.0,105.91613771708627,6.862752588343548,32.0682597117138,20.188320632232674,True
lift_and_cruse,cruise_196,1500.0,105.91613771708627,6.862752588343546,32.085994980322376,20.1998822599845,True
lift_and_cruse,cruise_196,1500.0,105.91613771708627,6.862752588343547,32.09232462440473,20.20400855715523,True
lift_and_cruse,cruise_197,1500.0,105.91084525429044,6.863447126300434,32.09232462440473,20.20400855715523,True
lift_and_cruse,cruise_197,1500.0,105.91084525429044,6.863447121967473,32.098653952204735,20.208134854325962,True
lift_and_cruse,cruise_197,1500.0,105.91084525429044,6.8634471219674795,32.11638833460983,20.219696482077783,True
lift_and_cruse,cruise_197,1500.0,105.91084525429044,6.863447121967488,32.14201525968677,20.236403518240383,True
lift_and_cruse,cruise_197,1500.0,105.91084525429044,6.863447121967498,32.170459000630466,20.254946929403406,True
lift_and_cruse,cruise_197,1500.0,105.91084525429044,6.863447121967507,32.19608592570741,20.27165396556601,True
lift_and_cruse,cruise_197,1500.0,105.91084525429044,6.8634471219675115,32.2138203081125,20.28321559331783,True
lift_and_cruse,cruise_197,1500.0,105.91084525429044,6.863447121967509,32.220149635912506,20.287341890488563,True
lift_and_cruse,cruise_198,1500.0,105.90549323480103,6.86414957840251,32.220149635912506,20.287341890488563,True
lift_and_cruse,cruise_198,1500.0,105.90549323480103,6.864149578402242,32.22647864387098,20.291468187659294,True
lift_and_cruse,cruise_198,1500.0,105.90549323480103,6.864149578402249,32.24421213010006,20.303029815411115,True
lift_and_cruse,cruise_198,1500.0,105.90549323480103,6.864149578402249,32.269837760165125,20.31973685157372,True
lift_and_cruse,cruise_198,1500.0,105.90549323480103,6.864149578402244,32.29828006375406,20.338280262736742,True
lift_and_cruse,cruise_198,1500.0,105.90549323480103,6.864149578402241,32.32390569381913,20.354987298899342,True
lift_and_cruse,cruise_198,1500.0,105.90549323480103,6.8641495784022455,32.341639180048205,20.366548926651163,True
lift_and_cruse,cruise_198,1500.0,105.90549323480103,6.864149578402248,32.34796818800669,20.370675223821895,True
lift_and_cruse,cruise_199,1500.0,105.900080260769,6.864860151370751,32.34796818800669,20.370675223821895,True
lift_and_cruse,cruise_199,1500.0,105.900080260769,6.864860144952421,32.354296872480944,20.374801520992627,True
lift_and_cruse,cruise_199,1500.0,105.900080260769,6.864860144935599,32.37202945232738,20.38636314874445,True
lift_and_cruse,cruise_199,1500.0,105.900080260769,6.864860144914962,32.397653772631585,20.40307018490705,True
lift_and_cruse,cruise_199,1500.0,105.900080260769,6.86486014488356,32.42609462249565,20.421613596070074,True
lift_and_cruse,cruise_199,1500.0,105.900080260769,6.8648601448501845,32.45171894279985,20.438320632232674,True
lift_and_cruse,cruise_199,1500.0,105.900080260769,6.86486014482816,32.46945152264629,20.4498822599845,True
lift_and_cruse,cruise_199,1500.0,105.900080260769,6.8648601448246795,32.47578020712055,20.45400855715523,True
lift_and_cruse,cruise_200,1500.0,105.8946048839473,6.865579015018952,32.47578020712055,20.45400855715523,True
lift_and_cruse,cruise_200,1500.0,105.8946048839473,6.865579015018751,32.48210856438134,20.458134854325962,True
lift_and_cruse,cruise_200,1500.0,105.8946048839473,6.865579015018753,32.49984022739602,20.469696482077783,True
lift_and_cruse,cruise_200,1500.0,105.8946048839473,6.865579015018751,32.52546322283995,20.486403518240383,True
lift_and_cruse,cruise_200,1500.0,105.8946048839473,6.865579015018751,32.55390260222004,20.504946929403406,True
lift_and_cruse,cruise_200,1500.0,105.8946048839473,6.865579015018751,32.579525597663974,20.52165396556601,True
lift_and_cruse,cruise_200,1500.0,105.8946048839473,6.865579015018749,32.59725726067865,20.53321559331783,True
lift_and_cruse,cruise_200,1500.0,105.8946048839473,6.865579015018748,32.603585617939444,20.537341890488563,True
lift_and_cruse,cruise_201,1500.0,105.88906560322255,6.86630639011519,32.603585617939444,20.537341890488563,True
lift_and_cruse,cruise_201,1500.0,105.88906560322255,6.866306390115219,32.60991364416782,20.541468187659294,True
lift_and_cruse,cruise_201,1500.0,105.88906560322255,6.866306390115222,32.62764437965026,20.553029815411115,True
lift_and_cruse,cruise_201,1500.0,105.88906560322255,6.866306390115217,32.653266034771285,20.56973685157372,True
lift_and_cruse,cruise_201,1500.0,105.88906560322255,6.866306390104039,32.681703926505186,20.588280262736742,True
lift_and_cruse,cruise_201,1500.0,105.88906560322255,6.866306390108102,32.7073255816262,20.604987298899342,True
lift_and_cruse,cruise_201,1500.0,105.88906560322255,6.866306390110036,32.725056317108645,20.616548926651163,True
lift_and_cruse,cruise_201,1500.0,105.88906560322255,6.86630639011097,32.73138434333703,20.620675223821895,True
lift_and_cruse,cruise_202,1500.0,105.88346086199341,6.867042478566016,32.73138434333703,20.620675223821895,True
lift_and_cruse,cruise_202,1500.0,105.88346086199341,6.867042478548037,32.737712034621,20.624801520992627,True
lift_and_cruse,cruise_202,1500.0,105.88346086199341,6.867042478547814,32.7554418316101,20.63636314874445,True
lift_and_cruse,cruise_202,1500.0,105.88346086199341,6.867042478547579,32.78106213056893,20.65307018490705,True
lift_and_cruse,cruise_202,1500.0,105.88346086199341,6.867042478547387,32.80949851707636,20.671613596070074,True
lift_and_cruse,cruise_202,1500.0,105.88346086199341,6.867042478547277,32.83511881603519,20.688320632232674,True
lift_and_cruse,cruise_202,1500.0,105.88346086199341,6.86704247854725,32.852848613024285,20.6998822599845,True
lift_and_cruse,cruise_202,1500.0,105.88346086199341,6.867042478547244,32.85917630430826,20.70400855715523,True
lift_and_cruse,cruise_203,1500.0,105.87778904538375,6.867787496620734,32.85917630430826,20.70400855715523,True
lift_and_cruse,cruise_203,1500.0,105.87778904538375,6.867787496572659,32.865503656639355,20.708134854325962,True
lift_and_cruse,cruise_203,1500.0,105.87778904538375,6.867787496620974,32.883232503903564,20.719696482077783,True
lift_and_cruse,cruise_203,1500.0,105.87778904538375,6.867787496620977,32.908851430470186,20.736403518240383,True
lift_and_cruse,cruise_203,1500.0,105.87778904538375,6.867787496620975,32.93728629373717,20.754946929403406,True
lift_and_cruse,cruise_203,1500.0,105.87778904538375,6.867787496620977,32.962905220303796,20.77165396556601,True
lift_and_cruse,cruise_203,1500.0,105.87778904538375,6.867787496620977,32.98063406756801,20.78321559331783,True
lift_and_cruse,cruise_203,1500.0,105.87778904538375,6.867787496620976,32.9869614198991,20.787341890488563,True
lift_and_cruse,cruise_204,1500.0,105.87204847727783,6.868541669078964,32.9869614198991,20.787341890488563,True
lift_and_cruse,cruise_204,1500.0,105.87204847727783,6.868541668889154,32.99328842916866,20.791468187659294,True
lift_and_cruse,cruise_204,1500.0,105.87204847727783,6.868541668892892,33.01101631519581,20.803029815411115,True
lift_and_cruse,cruise_204,1500.0,105.87204847727783,6.868541668898615,33.036633852734624,20.81973685157372,True
lift_and_cruse,cruise_204,1500.0,105.87204847727783,6.868541668904727,33.06506717429706,20.838280262736742,True
lift_and_cruse,cruise_204,1500.0,105.87204847727783,6.868541668910063,33.090684711835884,20.854987298899342,True
lift_and_cruse,cruise_204,1500.0,105.87204847727783,6.868541668913397,33.10841259786303,20.866548926651163,True
lift_and_cruse,cruise_204,1500.0,105.87204847727783,6.868541668915019,33.114739607132584,20.870675223821895,True
lift_and_cruse,cruise_205,1500.0,105.86623741716369,6.869305228570276,33.114739607132584,20.870675223821895,True
lift_and_cruse,cruise_205,1500.0,105.86623741716369,6.869305228539168,33.12106626912794,20.874801520992627,True
lift_and_cruse,cruise_205,1500.0,105.86623741716369,6.869305228538872,33.1387931821144,20.88636314874445,True
lift_and_cruse,cruise_205,1500.0,105.86623741716369,6.869305228538637,33.16440931356867,20.90307018490705,True
lift_and_cruse,cruise_205,1500.0,105.86623741716369,6.869305228538618,33.192841074495014,20.921613596070074,True
lift_and_cruse,cruise_205,1500.0,105.86623741716369,6.869305228538854,33.218457205949285,20.938320632232674,True
lift_and_cruse,cruise_205,1500.0,105.86623741716369,6.869305228539169,33.236184118935746,20.9498822599845,True
lift_and_cruse,cruise_205,1500.0,105.86623741716369,6.869305228539297,33.2425107809311,20.95400855715523,True
lift_and_cruse,cruise_206,1500.0,105.8603540567697,6.8700784181182835,33.2425107809311,20.95400855715523,True
lift_and_cruse,cruise_206,1500.0,105.8603540567697,6.870078417912466,33.24883709133152,20.958134854325962,True
lift_and_cruse,cruise_206,1500.0,105.8603540567697,6.8700784179124055,33.26656301917087,20.969696482077783,True
lift_and_cruse,cruise_206,1500.0,105.8603540567697,6.870078417912292,33.29217772704632,20.986403518240383,True
lift_and_cruse,cruise_206,1500.0,105.8603540567697,6.87007841791219,33.320607907919374,21.004946929403406,True
lift_and_cruse,cruise_206,1500.0,105.8603540567697,6.870078417912084,33.34622261579484,21.02165396556601,True
lift_and_cruse,cruise_206,1500.0,105.8603540567697,6.870078417912022,33.36394854363418,21.03321559331783,True
lift_and_cruse,cruise_206,1500.0,105.8603540567697,6.87007841791199,33.370274854034605,21.037341890488563,True
lift_and_cruse,cruise_207,1500.0,105.85439651647772,6.8708614889093385,33.370274854034605,21.037341890488563,True
lift_and_cruse,cruise_207,1500.0,105.85439651647772,6.870861488909336,33.376600808407034,21.041468187659294,True
lift_and_cruse,cruise_207,1500.0,105.85439651647772,6.870861488909332,33.39432573867812,21.053029815411115,True
lift_and_cruse,cruise_207,1500.0,105.85439651647772,6.87086148890945,33.419939005025675,21.06973685157372,True
lift_and_cruse,cruise_207,1500.0,105.85439651647772,6.870861488909462,33.448367585923464,21.088280262736742,True
lift_and_cruse,cruise_207,1500.0,105.85439651647772,6.870861488909461,33.47398085227101,21.104987298899342,True
lift_and_cruse,cruise_207,1500.0,105.85439651647772,6.870861488909459,33.491705782542105,21.116548926651163,True
lift_and_cruse,cruise_207,1500.0,105.85439651647772,6.8708614889094735,33.498031736914534,21.120675223821895,True
lift_and_cruse,cruise_208,1500.0,105.84836284149466,6.871654703584249,33.498031736914534,21.120675223821895,True
lift_and_cruse,cruise_208,1500.0,105.84836284149466,6.871654703584253,33.50435733070909,21.124801520992627,True
lift_and_cruse,cruise_208,1500.0,105.84836284149466,6.871654703584267,33.52208125066344,21.13636314874445,True
lift_and_cruse,cruise_208,1500.0,105.84836284149466,6.871654703584255,33.54769305706102,21.15307018490705,True
lift_and_cruse,cruise_208,1500.0,105.84836284149466,6.87165470358429,33.576120017536574,21.171613596070074,True
lift_and_cruse,cruise_208,1500.0,105.84836284149466,6.871654703584273,33.601731823934145,21.188320632232674,True
lift_and_cruse,cruise_208,1500.0,105.84836284149466,6.8716547035842845,33.619455743888494,21.1998822599845,True
lift_and_cruse,cruise_208,1500.0,105.84836284149466,6.87165470358428,33.62578133768306,21.20400855715523,True
lift_and_cruse,cruise_209,1500.0,105.84225099776272,6.872458334635038,33.62578133768306,21.20400855715523,True
lift_and_cruse,cruise_209,1500.0,105.84225099776272,6.872458334635048,33.632106566228316,21.208134854325962,True
lift_and_cruse,cruise_209,1500.0,105.84225099776272,6.872458334635046,33.64982946277686,21.219696482077783,True
lift_and_cruse,cruise_209,1500.0,105.84225099776272,6.872458334635046,33.67543979031019,21.236403518240383,True
lift_and_cruse,cruise_209,1500.0,105.84225099776272,6.872458334635052,33.703865109370284,21.254946929403406,True
lift_and_cruse,cruise_209,1500.0,105.84225099776272,6.8724583346350485,33.72947543690361,21.27165396556601,True
lift_and_cruse,cruise_209,1500.0,105.84225099776272,6.87245833463504,33.74719833345216,21.28321559331783,True
lift_and_cruse,cruise_209,1500.0,105.84225099776272,6.8724583346350485,33.75352356199742,21.287341890488563,True
lift_and_cruse,cruise_210,1500.0,105.83605886758656,6.873272666024451,33.75352356199742,21.287341890488563,True
lift_and_cruse,cruise_210,1500.0,105.83605886758656,6.873272666024452,33.75984842049538,21.291468187659294,True
lift_and_cruse,cruise_210,1500.0,105.83605886758656,6.873272666024446,33.77757028019445,21.303029815411115,True
lift_and_cruse,cruise_210,1500.0,105.83605886758656,6.873272666024454,33.803179109436876,21.31973685157372,True
lift_and_cruse,cruise_210,1500.0,105.83605886758656,6.873272666024454,33.83160276551953,21.338280262736742,True
lift_and_cruse,cruise_210,1500.0,105.83605886758656,6.873272666024451,33.85721159476196,21.354987298899342,True
lift_and_cruse,cruise_210,1500.0,105.83605886758656,6.873272666024457,33.87493345446102,21.366548926651163,True
lift_and_cruse,cruise_210,1500.0,105.83605886758656,6.873272666024449,33.881258312958984,21.370675223821895,True
lift_and_cruse,cruise_211,1500.0,105.82978424495342,6.874097993605156,33.881258312958984,21.370675223821895,True
lift_and_cruse,cruise_211,1500.0,105.82978424495342,6.8740979936051625,33.88758279647983,21.374801520992627,True
lift_and_cruse,cruise_211,1500.0,105.82978424495342,6.874097993605156,33.905303605516366,21.38636314874445,True
lift_and_cruse,cruise_211,1500.0,105.82978424495342,6.874097993605159,33.93091091650744,21.40307018490705,True
lift_and_cruse,cruise_211,1500.0,105.82978424495342,6.8740979936051625,33.95933288745822,21.421613596070074,True
lift_and_cruse,cruise_211,1500.0,105.82978424495342,6.874097993605161,33.984940198449294,21.438320632232674,True
lift_and_cruse,cruise_211,1500.0,105.82978424495342,6.874097993605156,34.002661007485834,21.4498822599845,True
lift_and_cruse,cruise_211,1500.0,105.82978424495342,6.87409799360516,34.008985491006676,21.45400855715523,True
lift_and_cruse,cruise_212,1500.0,105.82342483051964,6.874934625796766,34.008985491006676,21.45400855715523,True
lift_and_cruse,cruise_212,1500.0,105.82342483051964,6.874934625796755,34.01530959448317,21.458134854325962,True
lift_and_cruse,cruise_212,1500.0,105.82342483051964,6.874934625796754,34.03302933865909,21.469696482077783,True
lift_and_cruse,cruise_212,1500.0,105.82342483051964,6.874934625796758,34.058635110882,21.486403518240383,True
lift_and_cruse,cruise_212,1500.0,105.82342483051964,6.8749346257967545,34.08705537392896,21.504946929403406,True
lift_and_cruse,cruise_212,1500.0,105.82342483051964,6.874934625796754,34.11266114615187,21.52165396556601,True
lift_and_cruse,cruise_212,1500.0,105.82342483051964,6.874934625796755,34.13038089032779,21.53321559331783,True
lift_and_cruse,cruise_212,1500.0,105.82342483051964,6.874934625796753,34.13670499380429,21.537341890488563,True
lift_and_cruse,cruise_213,1500.0,105.81697822623536,6.875782884314905,34.13670499380429,21.537341890488563,True
lift_and_cruse,cruise_213,1500.0,105.81697822623536,6.875782884304802,34.14302871202589,21.541468187659294,True
lift_and_cruse,cruise_213,1500.0,105.81697822623536,6.87578288430453,34.160747376741575,21.553029815411115,True
lift_and_cruse,cruise_213,1500.0,105.81697822623536,6.8757828843041535,34.18635158909926,21.56973685157372,True
lift_and_cruse,cruise_213,1500.0,105.81697822623536,6.875782884303816,34.21477012082643,21.588280262736742,True
lift_and_cruse,cruise_213,1500.0,105.81697822623536,6.875782884303622,34.24037433318411,21.604987298899342,True
lift_and_cruse,cruise_213,1500.0,105.81697822623536,6.8757828843035425,34.2580929978998,21.616548926651163,True
lift_and_cruse,cruise_213,1500.0,105.81697822623536,6.875782884303523,34.264416716121396,21.620675223821895,True
lift_and_cruse,cruise_214,1500.0,105.81044192957425,6.876643105134286,34.264416716121396,21.620675223821895,True
lift_and_cruse,cruise_214,1500.0,105.81044192957425,6.876643104997877,34.270740043728,21.624801520992627,True
lift_and_cruse,cruise_214,1500.0,105.81044192957425,6.8766431049959,34.2884576139648,21.63636314874445,True
lift_and_cruse,cruise_214,1500.0,105.81044192957425,6.876643104993249,34.31406024475466,21.65307018490705,True
lift_and_cruse,cruise_214,1500.0,105.81044192957425,6.876643104990391,34.34247702107398,21.671613596070074,True
lift_and_cruse,cruise_214,1500.0,105.81044192957425,6.876643104987912,34.36807965186384,21.688320632232674,True
lift_and_cruse,cruise_214,1500.0,105.81044192957425,6.876643104986242,34.385797222100635,21.6998822599845,True
lift_and_cruse,cruise_214,1500.0,105.81044192957425,6.876643104985639,34.39212054970724,21.70400855715523,True
lift_and_cruse,cruise_215,1500.0,105.80381332733405,6.877515636951504,34.39212054970724,21.70400855715523,True
lift_and_cruse,cruise_215,1500.0,105.80381332733405,6.877515636996081,34.39844348118259,21.708134854325962,True
lift_and_cruse,cruise_215,1500.0,105.80381332733405,6.87751563693198,34.41615994148427,21.719696482077783,True
lift_and_cruse,cruise_215,1500.0,105.80381332733405,6.877515636858801,34.441760968371405,21.736403518240383,True
lift_and_cruse,cruise_215,1500.0,105.80381332733405,6.877515636775308,34.47017596449301,21.754946929403406,True
lift_and_cruse,cruise_215,1500.0,105.80381332733405,6.877515636712268,34.49577699138015,21.77165396556601,True
lift_and_cruse,cruise_215,1500.0,105.80381332733405,6.877515636672309,34.51349345168182,21.78321559331783,True
lift_and_cruse,cruise_215,1500.0,105.80381332733405,6.877515636645656,34.51981638315716,21.787341890488563,True
lift_and_cruse,cruise_216,1500.0,105.7970896889681,6.87840085109073,34.51981638315716,21.787341890488563,True
lift_and_cruse,cruise_216,1500.0,105.7970896889681,6.87840085109083,34.52613891282181,21.791468187659294,True
lift_and_cruse,cruise_216,1500.0,105.7970896889681,6.878400851090731,34.543854247274915,21.803029815411115,True
lift_and_cruse,cruise_216,1500.0,105.7970896889681,6.878400851090789,34.56945364726372,21.81973685157372,True
lift_and_cruse,cruise_216,1500.0,105.7970896889681,6.8784008510907775,34.59786683766442,21.838280262736742,True
lift_and_cruse,cruise_216,1500.0,105.7970896889681,6.878400851090741,34.62346623765323,21.854987298899342,True
lift_and_cruse,cruise_216,1500.0,105.7970896889681,6.8784008510907295,34.64118157210634,21.866548926651163,True
lift_and_cruse,cruise_216,1500.0,105.7970896889681,6.878400851090729,34.64750410177098,21.870675223821895,True
lift_and_cruse,cruise_217,1500.0,105.79026815940507,6.879299126414692,34.64750410177098,21.870675223821895,True
lift_and_cruse,cruise_217,1500.0,105.79026815940507,6.879299126414694,34.65382622377485,21.874801520992627,True
lift_and_cruse,cruise_217,1500.0,105.79026815940507,6.879299126414706,34.67154041598786,21.88636314874445,True
lift_and_cruse,cruise_217,1500.0,105.79026815940507,6.8792991264147085,34.69713816539192,21.90307018490705,True
lift_and_cruse,cruise_217,1500.0,105.79026815940507,6.8792991264147165,34.72554952378174,21.921613596070074,True
lift_and_cruse,cruise_217,1500.0,105.79026815940507,6.879299126414706,34.75114727318579,21.938320632232674,True
lift_and_cruse,cruise_217,1500.0,105.79026815940507,6.879299126414699,34.76886146539881,21.9498822599845,True
lift_and_cruse,cruise_217,1500.0,105.79026815940507,6.8792991264146925,34.77518358740268,21.95400855715523,True
lift_and_cruse,cruise_218,1500.0,105.78334575130813,6.880210865443626,34.77518358740268,21.95400855715523,True
lift_and_cruse,cruise_218,1500.0,105.78334575130813,6.880210865443645,34.78150529571719,21.958134854325962,True
lift_and_cruse,cruise_218,1500.0,105.78334575130813,6.880210865443646,34.79921832879836,21.969696482077783,True
lift_and_cruse,cruise_218,1500.0,105.78334575130813,6.8802108654436465,34.824814403208386,21.986403518240383,True
lift_and_cruse,cruise_218,1500.0,105.78334575130813,6.880210865443643,34.85322390249509,22.004946929403406,True
lift_and_cruse,cruise_218,1500.0,105.78334575130813,6.880210865443646,34.87881997690511,22.02165396556601,True
lift_and_cruse,cruise_218,1500.0,105.78334575130813,6.880210865443645,34.89653300998629,22.03321559331783,True
lift_and_cruse,cruise_218,1500.0,105.78334575130813,6.880210865443643,34.9028547183008,22.037341890488563,True
lift_and_cruse,cruise_219,1500.0,105.92550462974184,6.861523620486648,34.9028547183008,22.037341890488563,True
lift_and_cruse,cruise_219,1500.0,105.92550462974184,6.861523620513902,34.90918492215832,22.041468187659294,True
lift_and_cruse,cruise_219,1500.0,105.92550462974184,6.861523620064537,34.92692175922205,22.053029815411115,True
lift_and_cruse,cruise_219,1500.0,105.92550462974184,6.8615236193650935,34.95255223138348,22.06973685157372,True
lift_and_cruse,cruise_219,1500.0,105.92550462974184,6.861523619309861,34.98099990929393,22.088280262736742,True
lift_and_cruse,cruise_219,1500.0,105.92550462974184,6.86152361936548,35.00663038145536,22.104987298899342,True
lift_and_cruse,cruise_219,1500.0,105.92550462974184,6.861523619365466,35.02436721851909,22.116548926651163,True
lift_and_cruse,cruise_219,1500.0,105.92550462974184,6.861523619359088,35.03069742237661,22.120675223821895,True
lift_and_cruse,cruise_220,1500.0,105.88107750548787,6.867355528198102,35.03069742237661,22.120675223821895,True
lift_and_cruse,cruise_220,1500.0,105.88107750548787,6.867355528153037,35.037024971229044,22.124801520992627,True
lift_and_cruse,cruise_220,1500.0,105.88107750548787,6.867355528153407,35.05475436913384,22.13636314874445,True
lift_and_cruse,cruise_220,1500.0,105.88107750548787,6.867355528153837,35.08037409139915,22.15307018490705,True
lift_and_cruse,cruise_220,1500.0,105.88107750548787,6.867355528154252,35.108809837825056,22.171613596070074,True
lift_and_cruse,cruise_220,1500.0,105.88107750548787,6.8673555281545555,35.13442956009037,22.188320632232674,True
lift_and_cruse,cruise_220,1500.0,105.88107750548787,6.867355528154731,35.152158957995155,22.1998822599845,True
lift_and_cruse,cruise_220,1500.0,105.88107750548787,6.867355528154774,35.158486506847595,22.20400855715523,True
lift_and_cruse,cruise_221,1500.0,105.83709541846737,6.873136338410741,35.158486506847595,22.20400855715523,True
lift_and_cruse,cruise_221,1500.0,105.83709541846737,6.873136338410748,35.16481142729078,22.208134854325962,True
lift_and_cruse,cruise_221,1500.0,105.83709541846737,6.873136338410744,35.182533460556485,22.219696482077783,True
lift_and_cruse,cruise_221,1500.0,105.83709541846737,6.8731363384107445,35.208142540609984,22.236403518240383,True
lift_and_cruse,cruise_221,1500.0,105.83709541846737,6.873136338410735,35.23656647507191,22.254946929403406,True
lift_and_cruse,cruise_221,1500.0,105.83709541846737,6.873136338410741,35.2621755551254,22.27165396556601,True
lift_and_cruse,cruise_221,1500.0,105.83709541846737,6.873136338410741,35.27989758839111,22.28321559331783,True
lift_and_cruse,cruise_221,1500.0,105.83709541846737,6.873136338410741,35.28622250883429,22.287341890488563,True
lift_and_cruse,cruise_222,1500.0,105.79482030384835,6.878699669631976,35.28622250883429,22.287341890488563,True
lift_and_cruse,cruise_222,1500.0,105.79482030384835,6.878699669631944,35.292544902878426,22.291468187659294,True
lift_and_cruse,cruise_222,1500.0,105.79482030384835,6.878699669631996,35.310259857331324,22.303029815411115,True
lift_and_cruse,cruise_222,1500.0,105.79482030384835,6.8786996696320175,35.335858708203915,22.31973685157372,True
lift_and_cruse,cruise_222,1500.0,105.79482030384835,6.878699669632012,35.364271289131594,22.338280262736742,True
lift_and_cruse,cruise_222,1500.0,105.79482030384835,6.878699669632011,35.38987014000419,22.354987298899342,True
lift_and_cruse,cruise_222,1500.0,105.79482030384835,6.878699669632001,35.40758509445708,22.366548926651163,True
lift_and_cruse,cruise_222,1500.0,105.79482030384835,6.878699669631977,35.41390748850122,22.370675223821895,True
lift_and_cruse,cruise_223,1500.0,105.73127192819506,6.887075233449231,35.41390748850122,22.370675223821895,True
lift_and_cruse,cruise_223,1500.0,105.73127192819506,6.887075233449443,35.42022608483702,22.374801520992627,True
lift_and_cruse,cruise_223,1500.0,105.73127192819506,6.887075233449451,35.43793039834759,22.38636314874445,True
lift_and_cruse,cruise_223,1500.0,105.73127192819506,6.88707523344923,35.46351387261303,22.40307018490705,True
lift_and_cruse,cruise_223,1500.0,105.73127192819506,6.887075233449244,35.49190938679433,22.421613596070074,True
lift_and_cruse,cruise_223,1500.0,105.73127192819506,6.887075233449245,35.517492861059765,22.438320632232674,True
lift_and_cruse,cruise_223,1500.0,105.73127192819506,6.887075233449264,35.53519717457034,22.4498822599845,True
lift_and_cruse,cruise_223,1500.0,105.73127192819506,6.887075233449255,35.54151577090614,22.45400855715523,True
lift_and_cruse,cruise_224,1500.0,105.72369444383104,6.888074952521702,35.54151577090614,22.45400855715523,True
lift_and_cruse,cruise_224,1500.0,105.72369444383104,6.888074952522039,35.54783391440462,22.458134854325962,True
lift_and_cruse,cruise_224,1500.0,105.72369444383104,6.888074952522036,35.56553695909324,22.469696482077783,True
lift_and_cruse,cruise_224,1500.0,105.72369444383104,6.8880749525220395,35.591118599857836,22.486403518240383,True
lift_and_cruse,cruise_224,1500.0,105.72369444383104,6.8880749525220555,35.61951207900673,22.504946929403406,True
lift_and_cruse,cruise_224,1500.0,105.72369444383104,6.888074952522076,35.645093719771324,22.52165396556601,True
lift_and_cruse,cruise_224,1500.0,105.72369444383104,6.88807495252208,35.662796764459955,22.53321559331783,True
lift_and_cruse,cruise_224,1500.0,105.72369444383104,6.88807495252208,35.66911490795843,22.537341890488563,True
lift_and_cruse,cruise_225,1500.0,105.71599110604168,6.8890914988004015,35.66911490795843,22.537341890488563,True
lift_and_cruse,cruise_225,1500.0,105.71599110604168,6.889091498852591,35.675432591098485,22.541468187659294,True
lift_and_cruse,cruise_225,1500.0,105.71599110604168,6.889091498847769,35.693134345891465,22.553029815411115,True
lift_and_cruse,cruise_225,1500.0,105.71599110604168,6.889091498877652,35.71871412270284,22.56973685157372,True
lift_and_cruse,cruise_225,1500.0,105.71599110604168,6.889091498894074,35.74710553301975,22.588280262736742,True
lift_and_cruse,cruise_225,1500.0,105.71599110604168,6.889091498871351,35.772685309831125,22.604987298899342,True
lift_and_cruse,cruise_225,1500.0,105.71599110604168,6.889091498832807,35.790387064624106,22.616548926651163,True
lift_and_cruse,cruise_225,1500.0,105.71599110604168,6.889091498903029,35.79670474776417,22.620675223821895,True
lift_and_cruse,cruise_226,1500.0,105.70815751981077,6.8901254635417875,35.79670474776417,22.620675223821895,True
lift_and_cruse,cruise_226,1500.0,105.70815751981077,6.8901254635427085,35.80302196276203,22.624801520992627,True
lift_and_cruse,cruise_226,1500.0,105.70815751981077,6.890125463542711,35.820722405849736,22.63636314874445,True
lift_and_cruse,cruise_226,1500.0,105.70815751981077,6.890125463542721,35.846300287192086,22.65307018490705,True
lift_and_cruse,cruise_226,1500.0,105.70815751981077,6.890125463542725,35.874689593697084,22.671613596070074,True
lift_and_cruse,cruise_226,1500.0,105.70815751981077,6.890125463542718,35.900267475039435,22.688320632232674,True
lift_and_cruse,cruise_226,1500.0,105.70815751981077,6.890125463542729,35.91796791812714,22.6998822599845,True
lift_and_cruse,cruise_226,1500.0,105.70815751981077,6.890125463542726,35.924285133125004,22.70400855715523,True
lift_and_cruse,cruise_227,1500.0,105.70018905276146,6.891177470062584,35.924285133125004,22.70400855715523,True
lift_and_cruse,cruise_227,1500.0,105.70018905276146,6.891177470063818,35.93060187192008,22.708134854325962,True
lift_and_cruse,cruise_227,1500.0,105.70018905276146,6.891177470063775,35.94830098071722,22.719696482077783,True
lift_and_cruse,cruise_227,1500.0,105.70018905276146,6.891177470063791,35.97387693395384,22.736403518240383,True
lift_and_cruse,cruise_227,1500.0,105.70018905276146,6.891177470063801,36.00226410042292,22.754946929403406,True
lift_and_cruse,cruise_227,1500.0,105.70018905276146,6.891177470063779,36.02784005365953,22.77165396556601,True
lift_and_cruse,cruise_227,1500.0,105.70018905276146,6.891177470063787,36.04553916245668,22.78321559331783,True
lift_and_cruse,cruise_227,1500.0,105.70018905276146,6.891177470063766,36.05185590125175,22.787341890488563,True
lift_and_cruse,cruise_228,1500.0,105.69208081762943,6.892248176156988,36.05185590125175,22.787341890488563,True
lift_and_cruse,cruise_228,1500.0,105.69208081762943,6.892248176195721,36.05817215549137,22.791468187659294,True
lift_and_cruse,cruise_228,1500.0,105.69208081762943,6.892248176195564,36.075869906594285,22.803029815411115,True
lift_and_cruse,cruise_228,1500.0,105.69208081762943,6.892248176195324,36.10144389790592,22.81973685157372,True
lift_and_cruse,cruise_228,1500.0,105.69208081762943,6.8922481761948795,36.12982888680254,22.838280262736742,True
lift_and_cruse,cruise_228,1500.0,105.69208081762943,6.892248176194603,36.15540287811416,22.854987298899342,True
lift_and_cruse,cruise_228,1500.0,105.69208081762943,6.892248176194361,36.17310062921708,22.866548926651163,True
lift_and_cruse,cruise_228,1500.0,105.69208081762943,6.892248176194283,36.1794168834567,22.870675223821895,True
lift_and_cruse,cruise_229,1500.0,105.68382765308031,6.893338276523168,36.1794168834567,22.870675223821895,True
lift_and_cruse,cruise_229,1500.0,105.68382765308031,6.893338276586089,36.18573264447975,22.874801520992627,True
lift_and_cruse,cruise_229,1500.0,105.68382765308031,6.893338276585837,36.20342901362056,22.88636314874445,True
lift_and_cruse,cruise_229,1500.0,105.68382765308031,6.893338276585443,36.229001007939054,22.90307018490705,True
lift_and_cruse,cruise_229,1500.0,105.68382765308031,6.893338276584975,36.25738378034053,22.921613596070074,True
lift_and_cruse,cruise_229,1500.0,105.68382765308031,6.893338276584606,36.28295577465903,22.938320632232674,True
lift_and_cruse,cruise_229,1500.0,105.68382765308031,6.893338276584372,36.30065214379984,22.9498822599845,True
lift_and_cruse,cruise_229,1500.0,105.68382765308031,6.89333827658415,36.306967904822876,22.95400855715523,True
lift_and_cruse,cruise_230,1500.0,105.67542410267997,6.8944485058545695,36.306967904822876,22.95400855715523,True
lift_and_cruse,cruise_230,1500.0,105.67542410267997,6.894448505954191,36.31328316364216,22.958134854325962,True
lift_and_cruse,cruise_230,1500.0,105.67542410267997,6.894448505953713,36.330978125639284,22.969696482077783,True
lift_and_cruse,cruise_230,1500.0,105.67542410267997,6.894448505953165,36.35654808657626,22.986403518240383,True
lift_and_cruse,cruise_230,1500.0,105.67542410267997,6.8944485059525515,36.38492860209451,23.004946929403406,True
lift_and_cruse,cruise_230,1500.0,105.67542410267997,6.894448505952097,36.410498563031474,23.02165396556601,True
lift_and_cruse,cruise_230,1500.0,105.67542410267997,6.894448505951782,36.4281935250286,23.03321559331783,True
lift_and_cruse,cruise_230,1500.0,105.67542410267997,6.894448505951623,36.43450878384789,23.037341890488563,True
lift_and_cruse,cruise_231,1500.0,105.66686439179898,6.8955796418137,36.43450878384789,23.037341890488563,True
lift_and_cruse,cruise_231,1500.0,105.66686439179898,6.895579641992461,36.44082353113112,23.041468187659294,True
lift_and_cruse,cruise_231,1500.0,105.66686439179898,6.895579641991941,36.45851705983606,23.053029815411115,True
lift_and_cruse,cruise_231,1500.0,105.66686439179898,6.8955796419912625,36.48408494960583,23.06973685157372,True
lift_and_cruse,cruise_231,1500.0,105.66686439179898,6.895579641990204,36.51246316630191,23.088280262736742,True
lift_and_cruse,cruise_231,1500.0,105.66686439179898,6.895579641989625,36.538031056071674,23.104987298899342,True
lift_and_cruse,cruise_231,1500.0,105.66686439179898,6.89557964198913,36.55572458477662,23.116548926651163,True
lift_and_cruse,cruise_231,1500.0,105.66686439179898,6.895579641988952,36.56203933205985,23.120675223821895,True
lift_and_cruse,cruise_232,1500.0,105.65814240220247,6.896732508544303,36.56203933205985,23.120675223821895,True
lift_and_cruse,cruise_232,1500.0,105.65814240220247,6.896732508773119,36.568353558109095,23.124801520992627,True
lift_and_cruse,cruise_232,1500.0,105.65814240220247,6.896732508772184,36.58604562634889,23.13636314874445,True
lift_and_cruse,cruise_232,1500.0,105.65814240220247,6.896732508771346,36.61161140568536,23.15307018490705,True
lift_and_cruse,cruise_232,1500.0,105.65814240220247,6.89673250877054,36.639987279977206,23.171613596070074,True
lift_and_cruse,cruise_232,1500.0,105.65814240220247,6.896732508769819,36.66555305931368,23.188320632232674,True
lift_and_cruse,cruise_232,1500.0,105.65814240220247,6.896732508768846,36.68324512755348,23.1998822599845,True
lift_and_cruse,cruise_232,1500.0,105.65814240220247,6.896732508768734,36.689559353602725,23.20400855715523,True
lift_and_cruse,cruise_233,1500.0,105.64925164404019,6.897907980393404,36.689559353602725,23.20400855715523,True
lift_and_cruse,cruise_233,1500.0,105.64925164404019,6.897907980775393,36.69587304833223,23.208134854325962,True
lift_and_cruse,cruise_233,1500.0,105.64925164404019,6.897907980774716,36.7135636278472,23.219696482077783,True
lift_and_cruse,cruise_233,1500.0,105.64925164404019,6.89790798077341,36.73912725591396,23.236403518240383,True
lift_and_cruse,cruise_233,1500.0,105.64925164404019,6.897907980772302,36.76750074247657,23.254946929403406,True
lift_and_cruse,cruise_233,1500.0,105.64925164404019,6.897907980770804,36.79306437054333,23.27165396556601,True
lift_and_cruse,cruise_233,1500.0,105.64925164404019,6.897907980770011,36.81075495005829,23.28321559331783,True
lift_and_cruse,cruise_233,1500.0,105.64925164404019,6.897907980769836,36.817068644787796,23.287341890488563,True
lift_and_cruse,cruise_234,1500.0,105.6401852249098,6.899106986210467,36.817068644787796,23.287341890488563,True
lift_and_cruse,cruise_234,1500.0,105.6401852249098,6.899106986758251,36.82338179769991,23.291468187659294,True
lift_and_cruse,cruise_234,1500.0,105.6401852249098,6.899106986757156,36.841070859076254,23.303029815411115,True
lift_and_cruse,cruise_234,1500.0,105.6401852249098,6.899106986755735,36.866632293369165,23.31973685157372,True
lift_and_cruse,cruise_234,1500.0,105.6401852249098,6.8991069867540356,36.89500334502648,23.338280262736742,True
lift_and_cruse,cruise_234,1500.0,105.6401852249098,6.899106986752484,36.92056477931938,23.354987298899342,True
lift_and_cruse,cruise_234,1500.0,105.6401852249098,6.899106986751253,36.93825384069573,23.366548926651163,True
lift_and_cruse,cruise_234,1500.0,105.6401852249098,6.899106986750935,36.944566993607836,23.370675223821895,True
lift_and_cruse,cruise_235,1500.0,105.63093581561773,6.900330513917219,36.944566993607836,23.370675223821895,True
lift_and_cruse,cruise_235,1500.0,105.63093581561773,6.900330514614735,36.95087959376689,23.374801520992627,True
lift_and_cruse,cruise_235,1500.0,105.63093581561773,6.900330514613685,36.9685671063636,23.38636314874445,True
lift_and_cruse,cruise_235,1500.0,105.63093581561773,6.900330514611627,36.99412630260506,23.40307018490705,True
lift_and_cruse,cruise_235,1500.0,105.63093581561773,6.900330514610189,37.0224948702127,23.421613596070074,True
lift_and_cruse,cruise_235,1500.0,105.63093581561773,6.900330514608288,37.04805406645417,23.438320632232674,True
lift_and_cruse,cruise_235,1500.0,105.63093581561773,6.900330514606965,37.06574157905088,23.4498822599845,True
lift_and_cruse,cruise_235,1500.0,105.63093581561773,6.900330514606443,37.07205417920993,23.45400855715523,True
lift_and_cruse,cruise_236,1500.0,105.6214956122036,6.901579615653185,37.07205417920993,23.45400855715523,True
lift_and_cruse,cruise_236,1500.0,105.6214956122036,6.901579616643886,37.0783662152139,23.458134854325962,True
lift_and_cruse,cruise_236,1500.0,105.6214956122036,6.901579616641502,37.096052147083185,23.469696482077783,True
lift_and_cruse,cruise_236,1500.0,105.6214956122036,6.901579616639569,37.12160905910734,23.486403518240383,True
lift_and_cruse,cruise_236,1500.0,105.6214956122036,6.901579616636549,37.14997509142504,23.504946929403406,True
lift_and_cruse,cruise_236,1500.0,105.6214956122036,6.901579616633789,37.175532003449206,23.52165396556601,True
lift_and_cruse,cruise_236,1500.0,105.6214956122036,6.901579616631728,37.193217935318486,23.53321559331783,True
lift_and_cruse,cruise_236,1500.0,105.6214956122036,6.901579616629882,37.199529971322455,23.537341890488563,True
lift_and_cruse,cruise_237,1500.0,105.61185629372699,6.902855413567543,37.199529971322455,23.537341890488563,True
lift_and_cruse,cruise_237,1500.0,105.61185629372699,6.90285541493562,37.20584143127205,23.541468187659294,True
lift_and_cruse,cruise_237,1500.0,105.61185629372699,6.902855414933629,37.22352574907281,23.553029815411115,True
lift_and_cruse,cruise_237,1500.0,105.61185629372699,6.902855414928511,37.24908032870041,23.56973685157372,True
lift_and_cruse,cruise_237,1500.0,105.61185629372699,6.902855414924798,37.277443772253214,23.588280262736742,True
lift_and_cruse,cruise_237,1500.0,105.61185629372699,6.9028554149205625,37.30299835188081,23.604987298899342,True
lift_and_cruse,cruise_237,1500.0,105.61185629372699,6.902855414917945,37.32068266968158,23.616548926651163,True
lift_and_cruse,cruise_237,1500.0,105.61185629372699,6.902855414915891,37.326994129631174,23.620675223821895,True
lift_and_cruse,cruise_238,1500.0,105.6020089752333,6.90415910614987,37.326994129631174,23.620675223821895,True
lift_and_cruse,cruise_238,1500.0,105.6020089752333,6.904159108165316,37.33330500109611,23.624801520992627,True
lift_and_cruse,cruise_238,1500.0,105.6020089752333,6.9041591081617995,37.35098766999954,23.63636314874445,True
lift_and_cruse,cruise_238,1500.0,105.6020089752333,6.904159108156638,37.376539866901425,23.65307018490705,True
lift_and_cruse,cruise_238,1500.0,105.6020089752333,6.904159108151446,37.40490066582822,23.671613596070074,True
lift_and_cruse,cruise_238,1500.0,105.6020089752333,6.904159108145173,37.43045286273011,23.688320632232674,True
lift_and_cruse,cruise_238,1500.0,105.6020089752333,6.904159108141771,37.44813553163354,23.6998822599845,True
lift_and_cruse,cruise_238,1500.0,105.6020089752333,6.9041591081410365,37.45444640309847,23.70400855715523,True
lift_and_cruse,cruise_239,1500.0,105.59194415522163,6.905491974716154,37.45444640309847,23.70400855715523,True
lift_and_cruse,cruise_239,1500.0,105.59194415522163,6.905491974714178,37.460756673080674,23.708134854325962,True
lift_and_cruse,cruise_239,1500.0,105.59194415522163,6.9054919747141845,37.47843765666692,23.719696482077783,True
lift_and_cruse,cruise_239,1500.0,105.59194415522163,6.905491974714182,37.503987418214926,23.736403518240383,True
lift_and_cruse,cruise_239,1500.0,105.59194415522163,6.905491974714188,37.532345514102836,23.754946929403406,True
lift_and_cruse,cruise_239,1500.0,105.59194415522163,6.905491974714195,37.55789527565084,23.77165396556601,True
lift_and_cruse,cruise_239,1500.0,105.59194415522163,6.9054919747142,37.57557625923709,23.78321559331783,True
lift_and_cruse,cruise_239,1500.0,105.59194415522163,6.905491974714201,37.58188652921929,23.787341890488563,True
lift_and_cruse,cruise_240,1500.0,105.58165165682146,6.906855393910273,37.58188652921929,23.787341890488563,True
lift_and_cruse,cruise_240,1500.0,105.58165165682146,6.906855393907106,37.58819618411248,23.791468187659294,True
lift_and_cruse,cruise_240,1500.0,105.58165165682146,6.9068553939071,37.60587544425764,23.803029815411115,True
lift_and_cruse,cruise_240,1500.0,105.58165165682146,6.906855393907107,37.63142271536112,23.81973685157372,True
lift_and_cruse,cruise_240,1500.0,105.58165165682146,6.9068553939071125,37.65977804706414,23.838280262736742,True
lift_and_cruse,cruise_240,1500.0,105.58165165682146,6.906855393907114,37.685325318167614,23.854987298899342,True
lift_and_cruse,cruise_240,1500.0,105.58165165682146,6.906855393907121,37.70300457831277,23.866548926651163,True
lift_and_cruse,cruise_240,1500.0,105.58165165682146,6.906855393907119,37.709314233205966,23.870675223821895,True
lift_and_cruse,cruise_241,1500.0,105.57112056174944,6.9082508371001285,37.709314233205966,23.870675223821895,True
lift_and_cruse,cruise_241,1500.0,105.57112056174944,6.908250837095632,37.715623258751414,23.874801520992627,True
lift_and_cruse,cruise_241,1500.0,105.57112056174944,6.908250837095639,37.73330075550334,23.88636314874445,True
lift_and_cruse,cruise_241,1500.0,105.57112056174944,6.9082508370956335,37.75884547842977,23.90307018490705,True
lift_and_cruse,cruise_241,1500.0,105.57112056174944,6.9082508370956415,37.78719798186965,23.921613596070074,True
lift_and_cruse,cruise_241,1500.0,105.57112056174944,6.908250837095653,37.81274270479609,23.938320632232674,True
lift_and_cruse,cruise_241,1500.0,105.57112056174944,6.908250837095653,37.83042020154801,23.9498822599845,True
lift_and_cruse,cruise_241,1500.0,105.57112056174944,6.908250837095656,37.83672922709345,23.95400855715523,True
lift_and_cruse,cruise_242,1500.0,105.56033913595229,6.909679888744527,37.83672922709345,23.95400855715523,True
lift_and_cruse,cruise_242,1500.0,105.56033913595229,6.909679888737522,37.843037608331144,23.958134854325962,True
lift_and_cruse,cruise_242,1500.0,105.56033913595229,6.909679888737525,37.86071329977289,23.969696482077783,True
lift_and_cruse,cruise_242,1500.0,105.56033913595229,6.909679888737523,37.88625541395051,23.986403518240383,True
lift_and_cruse,cruise_242,1500.0,105.56033913595229,6.909679888737533,37.914605021897664,24.004946929403406,True
lift_and_cruse,cruise_242,1500.0,105.56033913595229,6.909679888737538,37.94014713607528,24.02165396556601,True
lift_and_cruse,cruise_242,1500.0,105.56033913595229,6.909679888737538,37.957822827517035,24.03321559331783,True
lift_and_cruse,cruise_242,1500.0,105.56033913595229,6.909679888737536,37.96413120875472,24.037341890488563,True
lift_and_cruse,cruise_243,1500.0,110.99527809058391,6.241784456842154,37.96413120875472,24.037341890488563,True
lift_and_cruse,cruise_243,1500.0,110.99527809058391,6.241784456842153,37.97076438685466,24.041468187659294,True
lift_and_cruse,cruise_243,1500.0,110.99527809058391,6.241784456842146,37.989350138881214,24.053029815411115,True
lift_and_cruse,cruise_243,1500.0,110.99527809058391,6.241784456842152,38.01620732870622,24.06973685157372,True
lift_and_cruse,cruise_243,1500.0,110.99527809058391,6.2417844568421454,38.046016560503034,24.088280262736742,True
lift_and_cruse,cruise_243,1500.0,110.99527809058391,6.241784456842154,38.07287375032805,24.104987298899342,True
lift_and_cruse,cruise_243,1500.0,110.99527809058391,6.241784456842148,38.0914595023546,24.116548926651163,True
lift_and_cruse,cruise_243,1500.0,110.99527809058391,6.241784456842146,38.09809268045454,24.120675223821895,True
lift_and_cruse,cruise_244,1500.0,105.52995886039719,6.913709104746629,38.09809268045454,24.120675223821895,True
lift_and_cruse,cruise_244,1500.0,105.52995886039719,6.91370910474707,38.10439924613952,24.124801520992627,True
lift_and_cruse,cruise_244,1500.0,105.52995886039719,6.9137091047466805,38.1220698505156,24.13636314874445,True
lift_and_cruse,cruise_244,1500.0,105.52995886039719,6.913709104746942,38.14760461367036,24.15307018490705,True
lift_and_cruse,cruise_244,1500.0,105.52995886039719,6.91370910474684,38.175946062597674,24.171613596070074,True
lift_and_cruse,cruise_244,1500.0,105.52995886039719,6.913709104746966,38.20148082575243,24.188320632232674,True
lift_and_cruse,cruise_244,1500.0,105.52995886039719,6.913709104746904,38.2191514301285,24.1998822599845,True
lift_and_cruse,cruise_244,1500.0,105.52995886039719,6.91370910474725,38.22545799581348,24.20400855715523,True
lift_and_cruse,cruise_245,1500.0,112.37397021943586,6.0877224749443455,38.22545799581348,24.20400855715523,True
lift_and_cruse,cruise_245,1500.0,112.37397021943586,6.087722474981918,38.23217356580066,24.208134854325962,True
lift_and_cruse,cruise_245,1500.0,112.37397021943586,6.087722474981918,38.250990174765164,24.219696482077783,True
lift_and_cruse,cruise_245,1500.0,112.37397021943586,6.087722474981913,38.278180962531025,24.236403518240383,True
lift_and_cruse,cruise_245,1500.0,112.37397021943586,6.087722474981916,38.30836046010807,24.254946929403406,True
lift_and_cruse,cruise_245,1500.0,112.37397021943586,6.0877224749819145,38.33555124787393,24.27165396556601,True
lift_and_cruse,cruise_245,1500.0,112.37397021943586,6.087722474981914,38.35436785683844,24.28321559331783,True
lift_and_cruse,cruise_245,1500.0,112.37397021943586,6.087722474981914,38.36108342682562,24.287341890488563,True
lift_and_cruse,cruise_246,1500.0,112.34610124361299,6.090780146122082,38.36108342682562,24.287341890488563,True
lift_and_cruse,cruise_246,1500.0,112.34610124361299,6.09078014616023,38.36779733133762,24.291468187659294,True
lift_and_cruse,cruise_246,1500.0,112.34610124361299,6.090780146160227,38.3866092737444,24.303029815411115,True
lift_and_cruse,cruise_246,1500.0,112.34610124361299,6.090780146160225,38.41379331813894,24.31973685157372,True
lift_and_cruse,cruise_246,1500.0,112.34610124361299,6.090780146160226,38.4439653311385,24.338280262736742,True
lift_and_cruse,cruise_246,1500.0,112.34610124361299,6.090780146160226,38.47114937553305,24.354987298899342,True
lift_and_cruse,cruise_246,1500.0,112.34610124361299,6.090780146160225,38.48996131793982,24.366548926651163,True
lift_and_cruse,cruise_246,1500.0,112.34610124361299,6.090780146160222,38.49667522245182,24.370675223821895,True
lift_and_cruse,cruise_247,1500.0,112.31730996084248,6.09394142033191,38.49667522245182,24.370675223821895,True
lift_and_cruse,cruise_247,1500.0,112.31730996084248,6.093941420391228,38.50338740637075,24.374801520992627,True
lift_and_cruse,cruise_247,1500.0,112.31730996084248,6.093941420391226,38.52219452778287,24.38636314874445,True
lift_and_cruse,cruise_247,1500.0,112.31730996084248,6.093941420391225,38.5493716056383,24.40307018490705,True
lift_and_cruse,cruise_247,1500.0,112.31730996084248,6.093941420391225,38.579535886362784,24.421613596070074,True
lift_and_cruse,cruise_247,1500.0,112.31730996084248,6.093941420391225,38.60671296421822,24.438320632232674,True
lift_and_cruse,cruise_247,1500.0,112.31730996084248,6.093941420391221,38.625520085630335,24.4498822599845,True
lift_and_cruse,cruise_247,1500.0,112.31730996084248,6.093941420391223,38.63223226954927,24.45400855715523,True
lift_and_cruse,cruise_248,1500.0,112.28753554456883,6.097213222458106,38.63223226954927,24.45400855715523,True
lift_and_cruse,cruise_248,1500.0,112.28753554456883,6.097213222545833,38.63894267412219,24.458134854325962,True
lift_and_cruse,cruise_248,1500.0,112.28753554456883,6.097213222545831,38.65774480991756,24.469696482077783,True
lift_and_cruse,cruise_248,1500.0,112.28753554456883,6.097213222545831,38.68491468334805,24.486403518240383,True
lift_and_cruse,cruise_248,1500.0,112.28753554456883,6.09721322254583,38.71507096776411,24.504946929403406,True
lift_and_cruse,cruise_248,1500.0,112.28753554456883,6.097213222545826,38.74224084119461,24.52165396556601,True
lift_and_cruse,cruise_248,1500.0,112.28753554456883,6.097213222545831,38.76104297698998,24.53321559331783,True
lift_and_cruse,cruise_248,1500.0,112.28753554456883,6.097213222545826,38.76775338156288,24.537341890488563,True
lift_and_cruse,cruise_249,1500.0,112.25671101219787,6.100603184874855,38.76775338156288,24.537341890488563,True
lift_and_cruse,cruise_249,1500.0,112.25671101219787,6.100603185017488,38.774461944033895,24.541468187659294,True
lift_and_cruse,cruise_249,1500.0,112.25671101219787,6.100603185017485,38.79325891837443,24.553029815411115,True
lift_and_cruse,cruise_249,1500.0,112.25671101219787,6.100603185017486,38.82042133328658,24.56973685157372,True
lift_and_cruse,cruise_249,1500.0,112.25671101219787,6.100603185017486,38.850569339371845,24.588280262736742,True
lift_and_cruse,cruise_249,1500.0,112.25671101219787,6.100603185017485,38.87773175428399,24.604987298899342,True
lift_and_cruse,cruise_249,1500.0,112.25671101219787,6.100603185017482,38.896528728624524,24.616548926651163,True
lift_and_cruse,cruise_249,1500.0,112.25671101219787,6.100603185017483,38.903237291095536,24.620675223821895,True
lift_and_cruse,cruise_250,1500.0,112.22476236954837,6.104119746521457,38.903237291095536,24.620675223821895,True
lift_and_cruse,cruise_250,1500.0,112.22476236954837,6.104119746783546,38.9099439442868,24.624801520992627,True
lift_and_cruse,cruise_250,1500.0,112.22476236954837,6.10411974678355,38.928735568944354,24.63636314874445,True
lift_and_cruse,cruise_250,1500.0,112.22476236954837,6.104119746783547,38.95589025334062,24.65307018490705,True
lift_and_cruse,cruise_250,1500.0,112.22476236954837,6.104119746783542,38.98602967920057,24.671613596070074,True
lift_and_cruse,cruise_250,1500.0,112.22476236954837,6.104119746783541,39.013184363596835,24.688320632232674,True
lift_and_cruse,cruise_250,1500.0,112.22476236954837,6.10411974678354,39.03197598825439,24.6998822599845,True
lift_and_cruse,cruise_250,1500.0,112.22476236954837,6.10411974678354,39.03868264144565,24.70400855715523,True
lift_and_cruse,cruise_251,1500.0,112.19160760174022,6.107772270356688,39.03868264144565,24.70400855715523,True
lift_and_cruse,cruise_251,1500.0,112.19160760174022,6.10777227035669,39.04538731327803,24.708134854325962,True
lift_and_cruse,cruise_251,1500.0,112.19160760174022,6.107772270356689,39.06417338629137,24.719696482077783,True
lift_and_cruse,cruise_251,1500.0,112.19160760174022,6.10777227035669,39.09132004832932,24.736403518240383,True
lift_and_cruse,cruise_251,1500.0,112.19160760174022,6.107772270356687,39.12145057004329,24.754946929403406,True
lift_and_cruse,cruise_251,1500.0,112.19160760174022,6.107772270356689,39.14859723208124,24.77165396556601,True
lift_and_cruse,cruise_251,1500.0,112.19160760174022,6.107772270354873,39.16738330509458,24.78321559331783,True
lift_and_cruse,cruise_251,1500.0,112.19160760174022,6.107772270352386,39.17408797692696,24.787341890488563,True
lift_and_cruse,cruise_252,1500.0,112.15715547627002,6.111571180538584,39.17408797692696,24.787341890488563,True
lift_and_cruse,cruise_252,1500.0,112.15715547627002,6.111571180637409,39.180790589869204,24.791468187659294,True
lift_and_cruse,cruise_252,1500.0,112.15715547627002,6.1115711806374104,39.19957089400056,24.803029815411115,True
lift_and_cruse,cruise_252,1500.0,112.15715547627002,6.11157118063741,39.2267092197625,24.81973685157372,True
lift_and_cruse,cruise_252,1500.0,112.15715547627002,6.1115711806374104,39.25683048890815,24.838280262736742,True
lift_and_cruse,cruise_252,1500.0,112.15715547627002,6.111571180637411,39.28396881467009,24.854987298899342,True
lift_and_cruse,cruise_252,1500.0,112.15715547627002,6.111571180637414,39.302749118801444,24.866548926651163,True
lift_and_cruse,cruise_252,1500.0,112.15715547627002,6.111571180637412,39.30945173174368,24.870675223821895,True
lift_and_cruse,cruise_253,1500.0,112.12130411477854,6.115528130571603,39.30945173174368,24.870675223821895,True
lift_and_cruse,cruise_253,1500.0,112.12130411477854,6.115528130766997,39.31615220217616,24.874801520992627,True
lift_and_cruse,cruise_253,1500.0,112.12130411477854,6.115528130767002,39.33492650312859,24.88636314874445,True
lift_and_cruse,cruise_253,1500.0,112.12130411477854,6.115528130767001,39.36205615404564,24.90307018490705,True
lift_and_cruse,cruise_253,1500.0,112.12130411477854,6.115528130767006,39.39216779483986,24.921613596070074,True
lift_and_cruse,cruise_253,1500.0,112.12130411477854,6.115528130767006,39.41929744575691,24.938320632232674,True
lift_and_cruse,cruise_253,1500.0,112.12130411477854,6.1155281307670055,39.43807174670933,24.9498822599845,True
lift_and_cruse,cruise_253,1500.0,112.12130411477854,6.115528130767009,39.44477221714182,24.95400855715523,True
lift_and_cruse,cruise_254,1500.0,112.0839392778049,6.11965620151772,39.44477221714182,24.95400855715523,True
lift_and_cruse,cruise_254,1500.0,112.0839392778049,6.119656201517729,39.45147045461788,24.958134854325962,True
lift_and_cruse,cruise_254,1500.0,112.0839392778049,6.119656201517726,39.47023849896547,24.969696482077783,True
lift_and_cruse,cruise_254,1500.0,112.0839392778049,6.11965620151772,39.49735910882657,24.986403518240383,True
lift_and_cruse,cruise_254,1500.0,112.0839392778049,6.119656201517719,39.52746071480574,25.004946929403406,True
lift_and_cruse,cruise_254,1500.0,112.0839392778049,6.11965620151772,39.554581324666835,25.02165396556601,True
lift_and_cruse,cruise_254,1500.0,112.0839392778049,6.11965620151772,39.57334936901442,25.03321559331783,True
lift_and_cruse,cruise_254,1500.0,112.0839392778049,6.119656201517719,39.58004760649049,25.037341890488563,True
lift_and_cruse,cruise_255,1500.0,112.0449322905351,6.12397014269587,39.58004760649049,25.037341890488563,True
lift_and_cruse,cruise_255,1500.0,112.0449322905351,6.123970142731054,39.58674351287376,25.041468187659294,True
lift_and_cruse,cruise_255,1500.0,112.0449322905351,6.123970142730537,39.60550502564446,25.053029815411115,True
lift_and_cruse,cruise_255,1500.0,112.0449322905351,6.123970142729793,39.6326161971035,25.06973685157372,True
lift_and_cruse,cruise_255,1500.0,112.0449322905351,6.123970142728962,39.662707327246714,25.088280262736742,True
lift_and_cruse,cruise_255,1500.0,112.0449322905351,6.123970142728225,39.68981849870575,25.104987298899342,True
lift_and_cruse,cruise_255,1500.0,112.0449322905351,6.123970142727711,39.70858001147644,25.116548926651163,True
lift_and_cruse,cruise_255,1500.0,112.0449322905351,6.123970142727545,39.715275917859714,25.120675223821895,True
lift_and_cruse,cruise_256,1500.0,112.00413751558894,6.128486667479155,39.715275917859714,25.120675223821895,True
lift_and_cruse,cruise_256,1500.0,112.00413751558894,6.128486667478735,39.72196938631038,25.124801520992627,True
lift_and_cruse,cruise_256,1500.0,112.00413751558894,6.128486667478731,39.7407240681457,25.13636314874445,True
lift_and_cruse,cruise_256,1500.0,112.00413751558894,6.128486667478671,39.767825368617125,25.15307018490705,True
lift_and_cruse,cruise_256,1500.0,112.00413751558894,6.128486667478607,39.79790554279066,25.171613596070074,True
lift_and_cruse,cruise_256,1500.0,112.00413751558894,6.128486667478551,39.82500684326209,25.188320632232674,True
lift_and_cruse,cruise_256,1500.0,112.00413751558894,6.128486667478505,39.843761525097406,25.1998822599845,True
lift_and_cruse,cruise_256,1500.0,112.00413751558894,6.12848666747849,39.85045499354807,25.20400855715523,True
lift_and_cruse,cruise_257,1500.0,111.96138924892851,6.1332248146653265,39.85045499354807,25.20400855715523,True
lift_and_cruse,cruise_257,1500.0,111.96138924892851,6.133224814665187,39.85714590732369,25.208134854325962,True
lift_and_cruse,cruise_257,1500.0,111.96138924892851,6.133224814665186,39.875893431118634,25.219696482077783,True
lift_and_cruse,cruise_257,1500.0,111.96138924892851,6.133224814665198,39.902984387922004,25.236403518240383,True
lift_and_cruse,cruise_257,1500.0,111.96138924892851,6.133224814665206,39.93305308149012,25.254946929403406,True
lift_and_cruse,cruise_257,1500.0,111.96138924892851,6.133224814665214,39.96014403829349,25.27165396556601,True
lift_and_cruse,cruise_257,1500.0,111.96138924892851,6.133224814665212,39.978891562088435,25.28321559331783,True
lift_and_cruse,cruise_257,1500.0,111.96138924892851,6.13322481466522,39.98558247586406,25.287341890488563,True
lift_and_cruse,cruise_258,1500.0,111.91649787357412,6.138206397230259,39.98558247586406,25.287341890488563,True
lift_and_cruse,cruise_258,1500.0,111.91649787357412,6.138206397677908,39.99227070689053,25.291468187659294,True
lift_and_cruse,cruise_258,1500.0,111.91649787357412,6.138206397677911,40.01101071378939,25.303029815411115,True
lift_and_cruse,cruise_258,1500.0,111.91649787357412,6.138206397677913,40.038090808363215,25.31973685157372,True
lift_and_cruse,cruise_258,1500.0,111.91649787357412,6.138206397677919,40.068147445766094,25.338280262736742,True
lift_and_cruse,cruise_258,1500.0,111.91649787357412,6.13820639767792,40.09522754033991,25.354987298899342,True
lift_and_cruse,cruise_258,1500.0,111.91649787357412,6.138206397677924,40.11396754723878,25.366548926651163,True
lift_and_cruse,cruise_258,1500.0,111.91649787357412,6.138206397677922,40.12065577826525,25.370675223821895,True
lift_and_cruse,cruise_259,1500.0,111.8692450478377,6.143456567336171,40.12065577826525,25.370675223821895,True
lift_and_cruse,cruise_259,1500.0,111.8692450478377,6.143456567351172,40.127341185420164,25.374801520992627,True
lift_and_cruse,cruise_259,1500.0,111.8692450478377,6.143456567350905,40.14607328000675,25.38636314874445,True
lift_and_cruse,cruise_259,1500.0,111.8692450478377,6.143456567350525,40.173141940958054,25.40307018490705,True
lift_and_cruse,cruise_259,1500.0,111.8692450478377,6.143456567350093,40.20318588799734,25.421613596070074,True
lift_and_cruse,cruise_259,1500.0,111.8692450478377,6.1434565673497,40.23025454894866,25.438320632232674,True
lift_and_cruse,cruise_259,1500.0,111.8692450478377,6.1434565673494435,40.24898664353524,25.4498822599845,True
lift_and_cruse,cruise_259,1500.0,111.8692450478377,6.143456567349353,40.25567205069016,25.45400855715523,True
lift_and_cruse,cruise_260,1500.0,112.88302628520165,6.0322721628242535,40.25567205069016,25.45400855715523,True
lift_and_cruse,cruise_260,1500.0,112.88302628520165,6.03227216282281,40.262418042327745,25.458134854325962,True
lift_and_cruse,cruise_260,1500.0,112.88302628520165,6.032272162822815,40.28131989086253,25.469696482077783,True
lift_and_cruse,cruise_260,1500.0,112.88302628520165,6.032272162822825,40.308633853376215,25.486403518240383,True
lift_and_cruse,cruise_260,1500.0,112.88302628520165,6.032272162822837,40.33895006460922,25.504946929403406,True
lift_and_cruse,cruise_260,1500.0,112.88302628520165,6.032272162822841,40.36626402712292,25.52165396556601,True
lift_and_cruse,cruise_260,1500.0,112.88302628520165,6.032272162822851,40.38516587565769,25.53321559331783,True
lift_and_cruse,cruise_260,1500.0,112.88302628520165,6.032272162822853,40.39191186729528,25.537341890488563,True
lift_and_cruse,cruise_261,1500.0,112.75481727554892,6.046166346827536,40.39191186729528,25.537341890488563,True
lift_and_cruse,cruise_261,1500.0,112.75481727554892,6.046166346827264,40.398650197046614,25.541468187659294,True
lift_and_cruse,cruise_261,1500.0,112.75481727554892,6.046166346828056,40.41753057745317,25.553029815411115,True
lift_and_cruse,cruise_261,1500.0,112.75481727554892,6.0461663468280085,40.44481351762278,25.56973685157372,True
lift_and_cruse,cruise_261,1500.0,112.75481727554892,6.046166346827606,40.475095296651524,25.588280262736742,True
lift_and_cruse,cruise_261,1500.0,112.75481727554892,6.046166346827606,40.50237823682112,25.604987298899342,True
lift_and_cruse,cruise_261,1500.0,112.75481727554892,6.046166346827604,40.521258617227694,25.616548926651163,True
lift_and_cruse,cruise_261,1500.0,112.75481727554892,6.046166346827606,40.52799694697903,25.620675223821895,True
lift_and_cruse,cruise_262,1500.0,112.60544272459333,6.062414672331878,40.52799694697903,25.620675223821895,True
lift_and_cruse,cruise_262,1500.0,112.60544272459333,6.062414672331858,40.534726349972246,25.624801520992627,True
lift_and_cruse,cruise_262,1500.0,112.60544272459333,6.062414672331856,40.55358171815837,25.63636314874445,True
lift_and_cruse,cruise_262,1500.0,112.60544272459333,6.062414672331867,40.580828514622226,25.65307018490705,True
lift_and_cruse,cruise_262,1500.0,112.60544272459333,6.062414672331857,40.61107017716412,25.671613596070074,True
lift_and_cruse,cruise_262,1500.0,112.60544272459333,6.0624146723318555,40.63831697362799,25.688320632232674,True
lift_and_cruse,cruise_262,1500.0,112.60544272459333,6.062414672331871,40.65717234181411,25.699882259984495,True
lift_and_cruse,cruise_262,1500.0,112.60544272459333,6.06241467233186,40.66390174480733,25.70400855715523,True
lift_and_cruse,cruise_263,1500.0,112.33610130254203,6.091877858154358,40.66390174480733,25.70400855715523,True
lift_and_cruse,cruise_263,1500.0,112.33610130254203,6.091877860824484,40.670615051713824,25.708134854325962,True
lift_and_cruse,cruise_263,1500.0,112.33610130254203,6.091877859188907,40.68942531966715,25.719696482077783,True
lift_and_cruse,cruise_263,1500.0,112.33610130254203,6.091877858852706,40.71660694440637,25.736403518240383,True
lift_and_cruse,cruise_263,1500.0,112.33610130254203,6.091877858854126,40.74677627179114,25.754946929403406,True
lift_and_cruse,cruise_263,1500.0,112.33610130254203,6.091877858855918,40.77395789653036,25.771653965566006,True
lift_and_cruse,cruise_263,1500.0,112.33610130254203,6.091877858856614,40.7927681644837,25.78321559331783,True
lift_and_cruse,cruise_263,1500.0,112.33610130254203,6.091877858856625,40.79948147139018,25.787341890488563,True
lift_and_cruse,cruise_264,1500.0,112.01641423368734,6.127126947679505,40.79948147139018,25.787341890488563,True
lift_and_cruse,cruise_264,1500.0,112.01641423368734,6.127126947688438,40.80617567350861,25.791468187659294,True
lift_and_cruse,cruise_264,1500.0,112.01641423368734,6.12712694768844,40.824932411035334,25.803029815411115,True
lift_and_cruse,cruise_264,1500.0,112.01641423368734,6.127126947688443,40.852036682066895,25.81973685157372,True
lift_and_cruse,cruise_264,1500.0,112.01641423368734,6.127126947688442,40.88212015331343,25.838280262736742,True
lift_and_cruse,cruise_264,1500.0,112.01641423368734,6.12712694768845,40.909224424345,25.854987298899342,True
lift_and_cruse,cruise_264,1500.0,112.01641423368734,6.127126947676371,40.92798116187173,25.866548926651163,True
lift_and_cruse,cruise_264,1500.0,112.01641423368734,6.127126947670396,40.934675363990145,25.870675223821895,True
lift_and_cruse,cruise_265,1500.0,111.64767816995713,6.168164199223045,40.934675363990145,25.870675223821895,True
lift_and_cruse,cruise_265,1500.0,111.64767816995713,6.168164199220695,40.94134753010826,25.874801520992627,True
lift_and_cruse,cruise_265,1500.0,111.64767816995713,6.168164199220858,40.96004252413417,25.88636314874445,True
lift_and_cruse,cruise_265,1500.0,111.64767816995713,6.168164199221045,40.987057573221975,25.90307018490705,True
lift_and_cruse,cruise_265,1500.0,111.64767816995713,6.168164199221222,41.01704201558202,25.921613596070074,True
lift_and_cruse,cruise_265,1500.0,111.64767816995713,6.168164199221336,41.04405706466983,25.938320632232674,True
lift_and_cruse,cruise_265,1500.0,111.64767816995713,6.168164199221398,41.06275205869573,25.949882259984495,True
lift_and_cruse,cruise_265,1500.0,111.64767816995713,6.168164199221416,41.069424224813844,25.95400855715523,True
lift_and_cruse,cruise_266,1500.0,111.07546629274289,6.232664983063902,41.069424224813844,25.95400855715523,True
lift_and_cruse,cruise_266,1500.0,111.07546629274289,6.232664983060622,41.0760621950332,25.958134854325962,True
lift_and_cruse,cruise_266,1500.0,111.07546629274289,6.232664983062158,41.09466137427996,25.969696482077783,True
lift_and_cruse,cruise_266,1500.0,111.07546629274289,6.232664983062265,41.121537967000336,25.986403518240383,True
lift_and_cruse,cruise_266,1500.0,111.07546629274289,6.232664983062265,41.15136873438629,26.004946929403406,True
lift_and_cruse,cruise_266,1500.0,111.07546629274289,6.232664983062266,41.17824532710666,26.021653965566006,True
lift_and_cruse,cruise_266,1500.0,111.07546629274289,6.232664983062267,41.19684450635342,26.03321559331783,True
lift_and_cruse,cruise_266,1500.0,111.07546629274289,6.2326649830620156,41.20348247657278,26.037341890488563,True
lift_and_cruse,cruise_267,1500.0,110.9942540187161,6.241901049332172,41.20348247657278,26.037341890488563,True
lift_and_cruse,cruise_267,1500.0,110.9942540187161,6.241901049332164,41.21011559347326,26.041468187659294,True
lift_and_cruse,cruise_267,1500.0,110.9942540187161,6.241901049332171,41.22870117402274,26.053029815411115,True
lift_and_cruse,cruise_267,1500.0,110.9942540187161,6.241901049332169,41.25555811605619,26.06973685157372,True
lift_and_cruse,cruise_267,1500.0,110.9942540187161,6.2419010493321645,41.285367072825125,26.088280262736742,True
lift_and_cruse,cruise_267,1500.0,110.9942540187161,6.241901049332826,41.31222401485858,26.104987298899342,True
lift_and_cruse,cruise_267,1500.0,110.9942540187161,6.241901049332169,41.33080959540805,26.116548926651163,True
lift_and_cruse,cruise_267,1500.0,110.9942540187161,6.241901049332173,41.33744271230854,26.120675223821895,True
lift_and_cruse,cruise_268,1500.0,110.90545213657659,6.252023709063155,41.33744271230854,26.120675223821895,True
lift_and_cruse,cruise_268,1500.0,110.90545213657659,6.252023709063149,41.344070522328316,26.124801520992627,True
lift_and_cruse,cruise_268,1500.0,110.90545213657659,6.2520237090631525,41.36264123332848,26.13636314874445,True
lift_and_cruse,cruise_268,1500.0,110.90545213657659,6.252023709063122,41.38947668824062,26.15307018490705,True
lift_and_cruse,cruise_268,1500.0,110.90545213657659,6.252023709063158,41.41926179610414,26.171613596070074,True
lift_and_cruse,cruise_268,1500.0,110.90545213657659,6.252023709063153,41.44609725101628,26.188320632232674,True
lift_and_cruse,cruise_268,1500.0,110.90545213657659,6.252023709063149,41.46466796201645,26.199882259984495,True
lift_and_cruse,cruise_268,1500.0,110.90545213657659,6.252023709063159,41.47129577203622,26.20400855715523,True
lift_and_cruse,cruise_269,1500.0,110.80754179561382,6.263213139535136,41.47129577203622,26.20400855715523,True
lift_and_cruse,cruise_269,1500.0,110.80754179561382,6.263213139535176,41.47791773084557,26.208134854325962,True
lift_and_cruse,cruise_269,1500.0,110.80754179561382,6.263213139535134,41.49647204711841,26.219696482077783,True
lift_and_cruse,cruise_269,1500.0,110.80754179561382,6.263213139535138,41.523283810963164,26.236403518240383,True
lift_and_cruse,cruise_269,1500.0,110.80754179561382,6.263213139535136,41.553042623725666,26.254946929403406,True
lift_and_cruse,cruise_269,1500.0,110.80754179561382,6.263213139535157,41.57985438757042,26.271653965566006,True
lift_and_cruse,cruise_269,1500.0,110.80754179561382,6.263213139535153,41.59840870384327,26.28321559331783,True
lift_and_cruse,cruise_269,1500.0,110.80754179561382,6.263213139535134,41.60503066265261,26.287341890488563,True
lift_and_cruse,cruise_270,1500.0,110.69850137984045,6.275709829894764,41.60503066265261,26.287341890488563,True
lift_and_cruse,cruise_270,1500.0,110.69850137984045,6.275709829889489,41.61164610510819,26.291468187659294,True
lift_and_cruse,cruise_270,1500.0,110.69850137984045,6.275709829893694,41.63018216296353,26.303029815411115,True
lift_and_cruse,cruise_270,1500.0,110.69850137984045,6.275709829896379,41.65696754263055,26.31973685157372,True
lift_and_cruse,cruise_270,1500.0,110.69850137984045,6.275709829897808,41.686697071165064,26.338280262736742,True
lift_and_cruse,cruise_270,1500.0,110.69850137984045,6.2757098298982905,41.71348245083208,26.354987298899342,True
lift_and_cruse,cruise_270,1500.0,110.69850137984045,6.2757098298983225,41.732018508687425,26.366548926651163,True
lift_and_cruse,cruise_270,1500.0,110.69850137984045,6.275709829898265,41.73863395114301,26.370675223821895,True
lift_and_cruse,cruise_271,1500.0,110.57555787011162,6.2898446824055645,41.73863395114301,26.370675223821895,True
lift_and_cruse,cruise_271,1500.0,110.57555787011162,6.289844679985382,41.74524204638337,26.374801520992627,True
lift_and_cruse,cruise_271,1500.0,110.57555787011162,6.289844679985381,41.76375751779914,26.38636314874445,True
lift_and_cruse,cruise_271,1500.0,110.57555787011162,6.289844679985729,41.790513149199064,26.40307018490705,True
lift_and_cruse,cruise_271,1500.0,110.57555787011162,6.289844679985373,41.82020965964811,26.421613596070074,True
lift_and_cruse,cruise_271,1500.0,110.57555787011162,6.28984467998536,41.846965291048036,26.438320632232674,True
lift_and_cruse,cruise_271,1500.0,110.57555787011162,6.28984467998535,41.865480762463804,26.449882259984495,True
lift_and_cruse,cruise_271,1500.0,110.57555787011162,6.289844679985344,41.87208885770417,26.45400855715523,True
lift_and_cruse,cruise_272,1500.0,110.43476309541583,6.306090466511734,41.87208885770417,26.45400855715523,True
lift_and_cruse,cruise_272,1500.0,110.43476309541583,6.306090465946002,41.878688538921594,26.458134854325962,True
lift_and_cruse,cruise_272,1500.0,110.43476309541583,6.306090465945928,41.89718043476898,26.469696482077783,True
lift_and_cruse,cruise_272,1500.0,110.43476309541583,6.306090465945923,41.923901998485526,26.486403518240383,True
lift_and_cruse,cruise_272,1500.0,110.43476309541583,6.306090465945913,41.953560696658705,26.504946929403406,True
lift_and_cruse,cruise_272,1500.0,110.43476309541583,6.306090465945914,41.980282260375255,26.521653965566006,True
lift_and_cruse,cruise_272,1500.0,110.43476309541583,6.3060904659459,41.99877415622264,26.53321559331783,True
lift_and_cruse,cruise_272,1500.0,110.43476309541583,6.306090465945895,42.00537383744006,26.537341890488563,True
lift_and_cruse,cruise_273,1500.0,110.27022276688749,6.3251558268780155,42.00537383744006,26.537341890488563,True
lift_and_cruse,cruise_273,1500.0,110.27022276688749,6.325155826877883,42.01196368557879,26.541468187659294,True
lift_and_cruse,cruise_273,1500.0,110.27022276688749,6.325155826877889,42.03042802975193,26.553029815411115,True
lift_and_cruse,cruise_273,1500.0,110.27022276688749,6.3251558268778565,42.05710978014567,26.56973685157372,True
lift_and_cruse,cruise_273,1500.0,110.27022276688749,6.325155826877844,42.08672428886433,26.588280262736742,True
lift_and_cruse,cruise_273,1500.0,110.27022276688749,6.3251558268778005,42.113406039258074,26.604987298899342,True
lift_and_cruse,cruise_273,1500.0,110.27022276688749,6.325155826877798,42.13187038343121,26.616548926651163,True
lift_and_cruse,cruise_273,1500.0,110.27022276688749,6.325155826877807,42.138460231569944,26.620675223821895,True
lift_and_cruse,cruise_274,1500.0,110.07257030232903,6.3481721269825515,42.138460231569944,26.620675223821895,True
lift_and_cruse,cruise_274,1500.0,110.07257030232903,6.34817212701496,42.16504859684318,26.637353681077293,True
lift_and_cruse,cruise_274,1500.0,110.07257030232903,6.348172127014265,42.23954754083563,26.684085679836198,True
lift_and_cruse,cruise_274,1500.0,110.07257030232903,6.348172127013208,42.347201634019996,26.751615374614058,True
lift_and_cruse,cruise_274,1500.0,110.07257030232903,6.348172127011996,42.46668866295031,26.826567681162764,True
lift_and_cruse,cruise_274,1500.0,110.07257030232903,6.3481721270107965,42.574342756134676,26.89409737594062,True
lift_and_cruse,cruise_274,1500.0,110.07257030232903,6.348172127009992,42.64884170012712,26.94082937469953,True
lift_and_cruse,cruise_274,1500.0,110.07257030232903,6.3481721270096925,42.67543006540036,26.957507831954924,True
lift_and_cruse,decel_descend,1500.0,96.95683226234863,4.905607626163153,42.67543006540036,26.957507831954924,True
lift_and_cruse,decel_descend,1440.5813207414515,96.95683226234863,4.890936225891653,42.8420170484997,27.076345190472022,True
lift_and_cruse,decel_descend,1274.0938811152403,96.95683226234863,4.85000155353159,43.30878340273961,27.409320069724448,True
lift_and_cruse,decel_descend,1033.5125603737888,96.95683226234863,4.7912984299269405,43.9832803271492,27.890482711207344,True
lift_and_cruse,decel_descend,766.4874396262114,96.95683226234863,4.7267585434889865,44.73191543368726,28.424532952702503,True
lift_and_cruse,decel_descend,525.90611888476,96.95683226234863,4.669158839125026,45.40641235809685,28.905695594185403,True
lift_and_cruse,decel_descend,359.41867925854854,96.95683226234863,4.629600171835249,45.87317871233676,29.238670473437825,True
lift_and_cruse,decel_descend,299.99999999999994,96.95683226234863,4.615541170276192,46.039765695436095,29.357507831954923,True
lift_and_cruse,arrival_terminal_procedure,299.99999999999994,98.22234666472903,7.717730342621742,46.039765695436095,29.357507831954923,True
lift_and_cruse,arrival_terminal_procedure,299.99999999999994,98.22234666472903,7.717730342623294,46.0890877798352,29.3921794782681,True
lift_and_cruse,arrival_terminal_procedure,299.99999999999994,98.22234666472903,7.717730342623306,46.2272851893216,29.48932727243549,True
lift_and_cruse,arrival_terminal_procedure,299.99999999999994,98.22234666472903,7.717730342623321,46.426986232066504,29.629709902382714,True
lift_and_cruse,arrival_terminal_procedure,299.99999999999994,98.22234666472903,7.7177303426233355,46.64863766738174,29.785522866568765,True
lift_and_cruse,arrival_terminal_procedure,299.99999999999994,98.22234666472903,7.7177303426233435,46.848338710126654,29.92590549651599,True
lift_and_cruse,arrival_terminal_procedure,299.99999999999994,98.22234666472903,7.717730342623344,46.98653611961305,30.02305329068337,True
lift_and_cruse,arrival_terminal_procedure,299.99999999999994,98.22234666472903,7.7177303426233435,47.03585820401215,30.057724936996554,True
lift_and_cruse,second_descent,299.99999999999994,87.87831192623491,6.053238979994489,47.03585820401215,30.057724936996554,True
lift_and_cruse,second_descent,288.11626414829027,87.87831192623491,6.049783392336697,47.066044629734996,30.081492408699972,True
lift_and_cruse,second_descent,254.818776223048,87.87831192623491,6.040109147963414,47.15062511507692,30.14808738455046,True
lift_and_cruse,second_descent,206.70251207475772,87.87831192623491,6.026150510562116,47.27284745760437,30.244319912847036,True
lift_and_cruse,second_descent,153.29748792524225,87.87831192623491,6.010686671682322,47.408504023421116,30.35112996114607,True
lift_and_cruse,second_descent,105.18122377695198,87.87831192623491,5.996780379415749,47.53072636594857,30.44736248944265,True
lift_and_cruse,second_descent,71.88373585170969,87.87831192623491,5.987171408420407,47.615306851290484,30.513957465293135,True
lift_and_cruse,second_descent,59.999999999999986,87.87831192623491,5.983744870838739,47.64549327701334,30.537724936996554,True
lift_and_cruse,app_transition,59.99999999999999,66.60243072378707,11.563565138145341,47.64549327701334,30.537724936996554,True
lift_and_cruse,app_transition,59.50484433951209,66.60243072378707,11.563283402488953,47.646268622943914,30.538533165999567,True
lift_and_cruse,app_transition,58.117449009293665,66.60243072378707,11.562494022202767,47.648441093965104,30.540797773342277,True
lift_and_cruse,app_transition,56.112604669781575,66.60243072378707,11.561353420271333,47.65158040554755,30.544070225766873,True
lift_and_cruse,app_transition,53.887395330218425,66.60243072378707,11.560087566103139,47.65506477853122,30.547702373936673,True
lift_and_cruse,app_transition,51.88255099070633,66.60243072378707,11.55894717768243,47.65820409011366,30.550974826361273,True
lift_and_cruse,app_transition,50.4951556604879,66.60243072378707,11.558158063774497,47.660376561134846,30.553239433703983,True
lift_and_cruse,app_transition,49.99999999999999,66.60243072378707,11.557876443935855,47.661151907065424,30.554047662706992,True
lift_and_cruse,hover_descent,49.99999999999999,3.159404332456028,0.0,47.661151907065424,30.554047662706992,True
lift_and_cruse,hover_descent,47.52422169756048,3.159404332456028,0.0,47.661151907065424,30.562952456581232,True
lift_and_cruse,hover_descent,40.58724504646833,3.159404332456028,0.0,47.661151907065424,30.58790313456703,True
lift_and_cruse,hover_descent,30.56302334890786,3.159404332456028,0.0,47.661151907065424,30.623957908889313,True
lift_and_cruse,hover_descent,19.43697665109214,3.159404332456028,0.0,47.661151907065424,30.66397568931077,True
lift_and_cruse,hover_descent,9.412754953531667,3.159404332456028,0.0,47.661151907065424,30.700030463633055,True
lift_and_cruse,hover_descent,2.475778302439526,3.159404332456028,0.0,47.661151907065424,30.724981141618855,True
lift_and_cruse,hover_descent,-0.0,3.159404332456028,0.0,47.661151907065424,30.733885935493095,True
