eVTOL_type,mission_segment,SOC,battery_energy_kw_h,battery_power_kw,voltage_v,voltage_oc_v,current_a,C_Rating_instant,C_Rating_nominal,specific_power,time_min,fesibility
vector_thrust,hover_climb,1.0,37.50000000000001,189.43569382079994,344.36687006446965,415.2368700644696,617.9844856154812,5.675023548261453,5.675023548261453,947.1784691039996,0.0,True
vector_thrust,hover_climb,0.9994895920517959,37.48085970194236,189.43547716743143,344.3981878868961,415.26671235307424,617.9634917233209,5.67824506754154,5.67483075890322,947.1773858371572,0.00515469444083179,True
vector_thrust,hover_climb,0.9980594881313015,37.42723080492381,189.43601470585708,344.48416932858987,415.34858205429896,617.9084031883934,5.687293941220624,5.674324874467237,947.1800735292854,0.0195978273111418,True
vector_thrust,hover_climb,0.9959929751957264,37.34973656983975,189.43976736907493,344.60381538803176,415.46234529979665,617.8385064847989,5.700428602225571,5.673683004892712,947.1988368453746,0.04046875901256487,True
vector_thrust,hover_climb,0.9936993358362738,37.26372509386027,189.4480430996041,344.73025620275286,415.58233798323573,617.7743323360922,5.715088959176407,5.673093686206601,947.2402154980205,0.06363374555645457,True
vector_thrust,hover_climb,0.9916328053233793,37.18623019962673,189.45919544843989,344.83845927647565,415.68480463119187,617.7285623032111,5.728372156364749,5.67267337466084,947.2959772421995,0.08450467725787764,True
vector_thrust,hover_climb,0.9902026795823283,37.132600484337324,189.46896108966382,344.91017090214456,415.7525870650357,617.7035619908702,5.737606263881269,5.672443793879201,947.3448054483191,0.09894781012818764,True
vector_thrust,hover_climb,0.9896922619580387,37.11345982342645,189.47285163060607,344.9351378284341,415.776159701282,617.6959596111532,5.74091022443698,5.672373980340316,947.3642581530304,0.10410250456901944,True
vector_thrust,second_climb,0.9896922619580387,37.11345982342645,68.51680000127068,344.7367326971873,415.5728344271557,312.6418944599573,2.904044670401574,2.904044670401574,342.5840000063534,0.10410250456901944,True
vector_thrust,second_climb,0.9888439101259984,37.08164662972494,68.51990946246084,344.73838201301237,415.5720983213597,312.64911871404144,2.9066171844934696,2.904111774513155,342.5995473123042,0.1288602875934146,True
vector_thrust,second_climb,0.9864666621644291,36.99249983116611,68.5294900744086,344.7392602283558,415.566360372758,312.67324767652593,2.9138540133583932,2.9043359018170993,342.647450372043,0.19823005410433595,True
vector_thrust,second_climb,0.9830308044185045,36.86365516569393,68.54559680723294,344.7307835716648,415.54849910765665,312.7182433877764,2.9243873022268008,2.904753854617934,342.7279840361647,0.2984722710799407,True
vector_thrust,second_climb,0.9792162405201826,36.72060901950685,68.56660790748087,344.70789796169464,415.5154407442225,312.7822122105237,2.936184931835488,2.9053480434392758,342.8330395374043,0.4097327380580977,True
vector_thrust,second_climb,0.9757783360242374,36.59168760090891,68.58836668691241,344.6751403167539,415.47373685198835,312.8525027836433,2.946911918124307,2.9060009532631494,342.94183343456206,0.5099749550337024,True
vector_thrust,second_climb,0.973398524779144,36.50244467921791,68.60556413693064,344.64574065430736,415.438267667237,312.9140234016415,2.9544455530064146,2.9065724013831336,343.0278206846532,0.5793447215446238,True
vector_thrust,second_climb,0.9725490220652802,36.47058832744801,68.61219506167926,344.63391671893044,415.42430158227853,312.9392414670423,2.9571630573524272,2.9068066450648753,343.0609753083963,0.6041025045690189,True
vector_thrust,departure_terminal_procedures,0.9725490220652802,36.47058832744801,47.77989156778834,346.66972958420536,413.47663604280854,226.5119896449702,2.1531007257896033,2.1531007257896033,238.89945783894171,0.6041025045690189,True
vector_thrust,departure_terminal_procedures,0.9714140270389582,36.42802601396094,47.78983495418453,346.61121063068384,413.4293086493207,226.5591424230982,2.155701179213608,2.1535489346502885,238.94917477092267,0.6529263402624909,True
vector_thrust,departure_terminal_procedures,0.9682323860328008,36.30871447623004,47.8186731758066,346.4408737606354,413.2918097038049,226.69589749981446,2.1630268639558206,2.1548488546032885,239.093365879033,0.789727687898765,True
vector_thrust,departure_terminal_procedures,0.9636310515833395,36.13616443437524,47.86290405797367,346.1781314578205,413.0803911028542,226.90564683051946,2.173716388181346,2.1568426185399465,239.31452028986837,0.9874113628200516,True
vector_thrust,departure_terminal_procedures,0.9585183297746086,35.944437366547824,47.915557431246505,345.8635391901164,412.8281490096137,227.15533684939854,2.1857275980559203,2.1592160371025293,239.57778715623252,1.2068236887770203,True
vector_thrust,departure_terminal_procedures,0.9539066118684849,35.77149794506819,47.966225834630514,345.55940234832826,412.58506902319476,227.39561386558591,2.196684425815518,2.1614999807416915,239.8311291731526,1.4045073636983068,True
vector_thrust,departure_terminal_procedures,0.9507118587241319,35.65169470215495,48.008765859172165,345.2951750768803,412.3737472676458,227.59734488576646,2.204334624368182,2.16341752694596,240.0438292958608,1.541308711334581,True
vector_thrust,departure_terminal_procedures,0.9495708769212974,35.60890788454866,48.02622713849776,345.1841442571585,412.28482298624624,227.6801488334249,2.207076319055282,2.1642046165833833,240.13113569248878,1.590132547028053,True
vector_thrust,accel_climb,0.9495708769212974,35.60890788454866,65.55136669581151,342.82104612668195,413.5480077799428,307.3235608468856,2.958725523694665,2.958725523694665,327.75683347905755,1.590132547028053,True
vector_thrust,accel_climb,0.9456689705621733,35.462586396081505,65.62938194693152,342.5576772560155,413.2769181198633,307.6613069362328,2.971913596727152,2.96197713893798,328.1469097346576,1.70896990554515,True
vector_thrust,accel_climb,0.9347059349683721,35.05147256131396,65.84737826749421,341.83111870550323,412.5301186589069,308.60160351445523,3.009563469241703,2.9710297461580804,329.23689133747104,2.0419447847975722,True
vector_thrust,accel_climb,0.9188152590935866,34.4555722160095,65.99142128588075,341.3742591246025,412.0477139989429,309.150864195499,3.06296312714936,2.9763176960688775,329.9571064294037,2.523107426280475,True
vector_thrust,accel_climb,0.9011528542348728,33.79323203380774,66.05745998240904,341.5630845713907,412.21340575860114,309.31033919625116,3.126335872224365,2.9778530250030353,330.2872999120452,3.0571576677756287,True
vector_thrust,accel_climb,0.885221152916782,33.19579323437934,66.15056210793045,341.6220421913753,412.25624553357324,309.61314475776436,3.186267430172435,2.9807682539594387,330.7528105396523,3.538320309258532,True
vector_thrust,accel_climb,0.8741802434565575,32.781759129620916,66.23333911794154,341.6012563217988,412.22693251692425,309.90881326142147,3.229394723349111,2.9836147716358323,331.1666955897077,3.8712951885109543,True
vector_thrust,accel_climb,0.8702361420124007,32.633855325465035,66.26590844949044,341.58162101783176,412.2047755374817,310.0273953985129,3.2450857927755807,2.9847564087908225,331.3295422474522,3.990132547028051,True
vector_thrust,cruise_0,0.8702361420124007,32.633855325465035,61.976181914054855,340.9934560394882,411.6114212118639,264.003149121659,2.7585875259444244,2.7585875259444244,309.8809095702743,3.990132547028051,True
vector_thrust,cruise_0,0.8700329698733772,32.626236370251654,61.97712959093081,340.98944174391136,411.6073185982313,264.00718679753874,2.7592414344351446,2.7586297159044784,309.8856479546541,3.99684546622297,True
vector_thrust,cruise_0,0.8694636763160265,32.604887861851005,61.979799954703694,340.9781195769679,411.5957530677669,264.01856416004085,2.761075392197071,2.7587485987677356,309.8989997735185,4.015654647832621,True
vector_thrust,cruise_0,0.8686409763827747,32.57403661435406,61.98369789868117,340.96156492331914,411.578857415922,264.03517175566014,2.7637300965314346,2.758922132705735,309.91848949340584,4.042834702759738,True
vector_thrust,cruise_0,0.8677277826922932,32.539791850961,61.988078514683934,340.94292258062677,411.55985136701406,264.05383582563115,2.7666829252430176,2.7591171548892834,309.9403925734197,4.073002287784509,True
vector_thrust,cruise_0,0.8669049637224356,32.50893613959134,61.99207419862601,340.92588484675525,411.5424992577562,264.0708598525319,2.7693490543920225,2.759295040147115,309.96037099313,4.100182342711627,True
vector_thrust,cruise_0,0.8663355217284231,32.48758206481587,61.99486644257408,340.9139602875733,411.53036453319334,264.0827564982011,2.7711972587508376,2.759419349036811,309.9743322128704,4.118991524321278,True
vector_thrust,cruise_0,0.866132283528712,32.47996063232671,61.99586836139952,340.909677901853,411.52600860399366,264.08702527754076,2.7718575076048557,2.7594639538132184,309.97934180699764,4.125704443516197,True
vector_thrust,cruise_1,0.866132283528712,32.47996063232671,51.71670227390911,341.24063291379093,411.2468475127767,237.92691707107767,2.4997053625660604,2.4997053625660604,258.58351136954553,4.125704443516197,True
vector_thrust,cruise_1,0.8659631338597962,32.47361751974236,51.717525928006566,341.2361881507974,411.24345901097627,237.93070733787295,2.5002008959007678,2.4997451838286158,258.58762964003284,4.132417362711116,True
vector_thrust,cruise_1,0.8654891715438792,32.455843932895476,51.719843312285754,341.22367601081817,411.23392223029737,237.94137148311097,2.5015904568801486,2.499857223363137,258.59921656142876,4.1512265443207665,True
vector_thrust,cruise_1,0.864804235621351,32.43015883580067,51.723217368203315,341.2054436118395,411.22003100090416,237.95689822271385,2.5036013369428156,2.500020350237247,258.61608684101657,4.178406599247884,True
vector_thrust,cruise_1,0.8640439575311553,32.401648407418335,51.72699736746626,341.18499705159695,411.2044604386601,237.9742930335812,2.5058372785882446,2.500203103422726,258.6349868373313,4.2085741842726545,True
vector_thrust,cruise_1,0.8633589192015452,32.37595947005795,51.73043464617189,341.1663860404925,411.1902945211721,237.9901107117279,2.507855436994454,2.500369286952414,258.65217323085943,4.235754239199773,True
vector_thrust,cruise_1,0.862884829185922,32.35818109447208,51.73283086783466,341.1534017792328,411.1804152102464,238.00113765083145,2.509254073949773,2.5004851380681647,258.6641543391733,4.254563420809424,True
vector_thrust,cruise_1,0.8627156226852352,32.351835850696325,51.73368954654749,341.1487469463795,411.1768742368944,238.00508912068938,2.509753644123938,2.5005266529607018,258.66844773273743,4.2612763400043425,True
vector_thrust,cruise_2,0.8627156226852352,32.351835850696325,61.83423651012598,340.78688095744474,411.40187588003414,263.7001082265078,2.7777569657988352,2.7777569657988352,309.1711825506299,4.2612763400043425,True
vector_thrust,cruise_2,0.8625129171512514,32.34423439317194,61.835283072426684,340.7823353765462,411.397273457176,263.70457229025897,2.7784197610662544,2.777803989231112,309.1764153621334,4.26798925919926,True
vector_thrust,cruise_2,0.8619449291149541,32.322934841810785,61.83823022931207,340.7695249164161,411.38430781090915,263.7171433472328,2.7802786501461276,2.7779364098861943,309.19115114656034,4.286798440808912,True
vector_thrust,cruise_2,0.8611241108274681,32.29215415603006,61.84252801247904,340.7508204847234,411.36538975778893,263.73547548236854,2.7829694862510204,2.778129516428371,309.2126400623952,4.31397849573603,True
vector_thrust,cruise_2,0.8602129988450603,32.25798745668977,61.847352229026384,340.72979325984846,411.34414014475976,263.75605311228554,2.7859625641135657,2.7783462765018725,309.23676114513194,4.3441460807608,True
vector_thrust,cruise_2,0.8593920493401052,32.22720185025395,61.85174741816424,340.7106078850169,411.324767664486,263.7748007320278,2.788665088571759,2.7785437596643994,309.25873709082117,4.3713261356879185,True
vector_thrust,cruise_2,0.8588238976777994,32.20589616291748,61.85481603843712,340.6971976975535,411.3112353558179,263.78788989051236,2.7905385528668676,2.7786816378829617,309.27408019218564,4.3901353172975695,True
vector_thrust,cruise_2,0.8586211193232124,32.198291974620474,61.855916577397494,340.69238521250816,411.3063807441061,263.79258422466523,2.7912078315120623,2.7787310869312787,309.2795828869875,4.396848236492488,True
vector_thrust,cruise_3,0.8586211193232124,32.198291974620474,61.855914044820274,340.66737992205594,411.281293723167,263.79257677157597,2.7910028905413653,2.7910028905413653,309.27957022410135,4.396848236492488,True
vector_thrust,cruise_3,0.8584183394512567,32.19068772942213,61.85701664253078,340.6625395889792,411.276413562064,263.79728021176294,2.791672305014713,2.7910526543190954,309.28508321265394,4.403561155687406,True
vector_thrust,cruise_3,0.8578501331706313,32.16937999389868,61.8601232719643,340.6489032805481,411.262669742122,263.81053148265084,2.7935498987070266,2.7911928566545976,309.3006163598215,4.422370337297058,True
vector_thrust,cruise_3,0.8570290015397999,32.138587557742504,61.86515784697069,340.6290051743206,411.24262691824373,263.8320062714787,2.796290710285076,2.7914200662236683,309.32578923485346,4.449550392224175,True
vector_thrust,cruise_3,0.8561174978874408,32.104406170779036,61.87428709918567,340.58707560769005,411.20055145086434,263.8709469707023,2.799336442746063,2.791832070251313,309.3714354959283,4.479717977248946,True
vector_thrust,cruise_3,0.855296133987826,32.07360502454348,61.882559168601915,340.5484302691356,411.1617879276732,263.90623137268534,2.8020814237575875,2.792205389580958,309.4127958430096,4.506898032176064,True
vector_thrust,cruise_3,0.8547276633336859,32.05228737501323,61.888309690348166,340.5215636627306,411.13484690079594,263.93076014031647,2.803984442362643,2.7924649111421704,309.4415484517408,4.525707213785715,True
vector_thrust,cruise_3,0.8545247645564092,32.04467867086536,61.89036719248175,340.5119506694018,411.12520880635094,263.9395363867143,2.804664303765684,2.79255776640506,309.4518359624087,4.532420132980634,True
vector_thrust,cruise_4,0.8545247645564092,32.04467867086536,61.890366645117176,340.47764264551796,411.0908530016304,263.9395366093262,2.8043817243016522,2.8043817243016522,309.45183322558586,4.532420132980634,True
vector_thrust,cruise_4,0.8543218585866011,32.03706969699755,61.89242681574616,340.4680040818134,411.0811916378906,263.94832426237036,2.8050617610252466,2.804475093919229,309.4621340787308,4.539133052175552,True
vector_thrust,cruise_4,0.8537532896644978,32.01574836241868,61.898213931213334,340.4409289912215,411.05405675331593,263.97300912319406,2.806969102743136,2.8047373728238987,309.49106965606666,4.557942233785203,True
vector_thrust,cruise_4,0.8529315817881747,31.984934317056563,61.906614321168604,340.4016260879855,411.014678098656,264.0088408701377,2.8097302887339284,2.8051180884134213,309.533071605843,4.585122288712322,True
vector_thrust,cruise_4,0.852019413000022,31.950727987500834,61.91599038850215,340.35775629711816,410.97073898034955,264.04883435542183,2.812801913284682,2.805543022853569,309.5799519425107,4.615289873737092,True
vector_thrust,cruise_4,0.8511974488061738,31.91990433023152,61.92448515687199,340.318008433122,410.9309419496435,264.0850686721949,2.815575626344421,2.8059280157843602,309.62242578435996,4.64246992866421,True
vector_thrust,cruise_4,0.8506285602603472,31.898571009763025,61.930389960741714,340.2903784845769,410.90328535775046,264.11025553128275,2.8174985891653646,2.8061956284665146,309.65194980370853,4.6612791102738615,True
vector_thrust,cruise_4,0.8504255120442441,31.890956701659164,61.932502563112976,340.2804929855093,410.89339181208186,264.11926680742727,2.818185580225217,2.8062913740999917,309.66251281556487,4.667992029468779,True
vector_thrust,cruise_5,0.8504255120442441,31.890956701659164,61.932500695340835,340.24588534480813,410.8587704105685,264.1192619735333,2.817898909947935,2.817898909947935,309.66250347670416,4.667992029468779,True
vector_thrust,cruise_5,0.8502224564234832,31.883342115880623,61.934616044038634,340.2359742063651,410.84885353117687,264.1282849631827,2.81858608245288,2.817995176583346,309.6730802201932,4.674704948663698,True
vector_thrust,cruise_5,0.8496534671368534,31.86200501763201,61.940557704851514,340.2081351730277,410.82100251094954,264.15362903533804,2.820513444887375,2.8182655734970985,309.7027885242576,4.693514130273349,True
vector_thrust,cruise_5,0.8488311490746072,31.83116809029778,61.94918168652922,340.167727803398,410.78058849562933,264.1904145101055,2.8233036486880536,2.818658039190341,309.7459084326461,4.720694185200467,True
vector_thrust,cruise_5,0.8479182992314138,31.796936221178026,61.95880629411956,340.12263139874824,410.7354994964426,264.2314681408868,2.826407601578142,2.8190960420098388,309.7940314705978,4.750861770225238,True
vector_thrust,cruise_5,0.8470957179993824,31.766089424976848,61.96752532720477,340.0817777143312,410.6946658077029,264.2686590561205,2.829210551026253,2.8194928333635394,309.83762663602386,4.778041825152355,True
vector_thrust,cruise_5,0.8465264005443652,31.744740020413705,61.97358551564532,340.05338213458504,410.66629146234783,264.2945087062349,2.8311538071302325,2.819768624308644,309.8679275782266,4.796851006762007,True
vector_thrust,cruise_5,0.8463231988745634,31.73711995779614,61.97575361164192,340.04322330934156,410.6561416810306,264.3037566897718,2.8318480529132093,2.8198672914127885,309.87876805820963,4.803563925956925,True
vector_thrust,cruise_6,0.8463231988745634,31.73711995779614,61.97575173333872,340.0083125484396,410.6212512914458,264.3037518434915,2.8315572674530562,2.8315572674530562,309.87875866669356,4.803563925956925,True
vector_thrust,cruise_6,0.8461199904808868,31.72949964303326,61.977922653448594,339.99812802341563,410.61107812072913,264.3130118463377,2.8322516979783905,2.8316564723571593,309.88961326724296,4.810276845151844,True
vector_thrust,cruise_6,0.8455505687387976,31.70814632770492,61.98401996918495,339.9695227217386,410.58250874109257,264.3390198627266,2.834199435396893,2.8319351032403928,309.92009984592477,4.829086026761495,True
vector_thrust,cruise_6,0.844727625096456,31.67728594111711,61.992869144051085,339.92800753247553,410.5410561597263,264.3767658963756,2.8370191637025526,2.832339486663446,309.9643457202554,4.856266081688613,True
vector_thrust,cruise_6,0.8438140754739638,31.643027830273653,62.00274255385134,339.88168074255634,410.49481367354383,264.4188814255924,2.8401559522384003,2.8327906816691724,310.0137127692567,4.886433666713383,True
vector_thrust,cruise_6,0.8429908585953629,31.612157197326116,62.0123750439128,339.8359552134434,410.4491774527241,264.45996804439176,2.842988705107553,2.8332308536805226,310.061875219564,4.913613721640501,True
vector_thrust,cruise_6,0.8424210848591503,31.590790682218145,62.020592540580346,339.79582054997246,410.4091120076439,264.49501966341614,2.8449526047633915,2.833606371114128,310.1029627029017,4.932422903250153,True
vector_thrust,cruise_6,0.8422177147673686,31.583164303776332,62.02353021327468,339.7814751290595,410.3947927599216,264.5075502658928,2.845654246283764,2.833740614832807,310.1176510663734,4.9391358224450705,True
vector_thrust,cruise_7,0.8422177147673686,31.583164303776332,62.02352839932519,339.7462681298547,410.35964038353376,264.5075456968789,2.845359340132888,2.845359340132888,310.11764199662593,4.9391358224450705,True
vector_thrust,cruise_7,0.8420143343916269,31.575537539686014,62.02646847964253,339.7319006165642,410.34530135927986,264.52008663519615,2.846061184893039,2.845494245456216,310.13234239821264,4.945848741639989,True
vector_thrust,cruise_7,0.8414444194653162,31.554165729949368,62.034720541331666,339.6915834256292,410.3050681122836,264.5552856912557,2.84802978691291,2.8458728885783207,310.1736027066583,4.964657923249641,True
vector_thrust,cruise_7,0.8406207229638016,31.52327711114257,62.046680805455374,339.6331662531218,410.2467829728105,264.60630203398495,2.8508798705628875,2.84642168134301,310.2334040272769,4.991837978176759,True
vector_thrust,cruise_7,0.8397062866692502,31.488985750096887,62.06000518419388,339.5681103983608,410.18188852328353,264.6631369889208,2.854050684028584,2.847033066055861,310.3000259209694,5.022005563201529,True
vector_thrust,cruise_7,0.8388822252302047,31.458083446132687,62.072054712690246,339.5093007789934,410.12323772121204,264.71453408761965,2.8569142340797415,2.847585954686895,310.36027356345124,5.0491856181286465,True
vector_thrust,cruise_7,0.8383118552329031,31.436694571233872,62.080418085693374,339.46849421396524,410.08254849958814,264.7502079405695,2.8588996285461508,2.847969705291899,310.40209042846686,5.067994799738298,True
vector_thrust,cruise_7,0.8381082723310413,31.429060212414058,62.083407865277884,339.4539089084062,410.06800654723963,264.7629608044225,2.859608953363646,2.8481068903396145,310.41703932638944,5.074707718933216,True
vector_thrust,cruise_8,0.8381082723310413,31.429060212414058,62.083405880091696,339.4184234458041,410.0326101164477,264.76295560161293,2.859309962493096,2.859309962493096,310.4170294004585,5.074707718933216,True
vector_thrust,cruise_8,0.8379046788902845,31.421425458385674,62.08639832031532,339.4038159531469,410.01804829934224,264.77571979132694,2.860019504459952,2.8594478094767477,310.4319916015766,5.081420638128135,True
vector_thrust,cruise_8,0.8373341659688468,31.40003122383176,62.09479659185448,339.3628260647588,409.9771905229331,264.81154250392154,2.8620096839423548,2.8598346771893115,310.4739829592724,5.100229819737787,True
vector_thrust,cruise_8,0.8365096027313682,31.369110102426315,62.106968491072934,339.3034360582936,409.91800218697267,264.8634615738645,2.8648910442427535,2.8603953776603954,310.5348424553647,5.127409874664904,True
vector_thrust,cruise_8,0.835594200815874,31.334782530595284,62.12052826173452,339.2372993856119,409.8521042566586,264.92130059050226,2.868096706089971,2.8610200106499963,310.6026413086726,5.157577459689675,True
vector_thrust,cruise_8,0.834769266116882,31.30384747938308,62.13279031906655,339.1775150289701,409.7925484367449,264.9736042286508,2.8709917747246436,2.861584864268936,310.6639515953328,5.184757514616792,True
vector_thrust,cruise_8,0.8341982899891439,31.282435874592903,62.141301016398955,339.1360333930767,409.7512324145009,265.0099064919354,2.872999048342642,2.861976910893566,310.70650508199475,5.203566696226444,True
vector_thrust,cruise_8,0.8339944904017013,31.274793390063806,62.144343425069465,339.1212070518776,409.7364666585133,265.02288384458495,2.8737161951739387,2.8621170599322916,310.7217171253473,5.210279615421362,True
vector_thrust,cruise_9,0.8339944904017013,31.274793390063806,62.144341403193906,339.0854358945693,409.70081911702783,265.02287853107657,2.873413012451567,2.873413012451567,310.7217070159695,5.210279615421362,True
vector_thrust,cruise_9,0.8337906800861734,31.267150503231512,62.14738650406424,339.07058727134074,409.686033408193,265.035867341849,2.8741303809658674,2.8735538388515236,310.73693252032115,5.21699253461628,True
vector_thrust,cruise_9,0.8332195584843628,31.245733443163612,62.15593245156705,339.02892145290906,409.64454801670615,265.0723199647034,2.8761425270468806,2.8739490629975615,310.77966225783524,5.235801716225932,True
vector_thrust,cruise_9,0.8323941130427372,31.21477923910265,62.168318113533545,338.96855392302365,409.5844520079176,265.12515083738685,2.879055728684886,2.874521862288963,310.8415905676677,5.26298177115305,True
vector_thrust,cruise_9,0.8314777282995847,31.180414811234435,62.182115650242714,338.9013312021924,409.5175456042552,265.1840040425869,2.882296868968507,2.8751599565040116,310.91057825121356,5.29314935617782,True
vector_thrust,cruise_9,0.8306519048032088,31.149446430120342,62.19459238681925,338.8405673731095,409.45708024647604,265.2372233927844,2.8852240268377716,2.875736967719871,310.97296193409625,5.320329411104938,True
vector_thrust,cruise_9,0.8300803117734301,31.128011691503637,62.2032519029668,338.79840737676744,409.4151342834759,265.27416044115364,2.8872535761801674,2.8761374440712486,311.01625951483396,5.33913859271459,True
vector_thrust,cruise_9,0.8298762916522172,31.120360936958154,62.206347475360445,338.7833388233595,409.40014360072917,265.287364563103,2.8879786868925237,2.876280604903391,311.03173737680225,5.345851511909507,True
vector_thrust,cruise_10,0.8298762916522172,31.120360936958154,62.20634529405996,338.74727946233395,409.3642426119327,265.28735866760945,2.8876712325556007,2.8876712325556007,311.0317264702998,5.345851511909507,True
vector_thrust,cruise_10,0.8296722606116333,31.112709772936256,62.20944371783186,338.7321885297923,409.34923188622247,265.30057487117983,2.888396574910283,2.887815091844809,311.0472185891593,5.352564431104426,True
vector_thrust,cruise_10,0.8291005195303609,31.091269482388544,62.21813884480007,338.68984347144453,409.30711572027155,265.33766381748336,2.89043108633203,2.8882188075884625,311.09069422400034,5.371373612714078,True
vector_thrust,cruise_10,0.828274176251157,31.06028160941839,62.23074045141577,338.62849361667486,409.2461074554688,265.39141579981,2.89337670795088,2.8888039016307756,311.15370225707886,5.398553667641195,True
vector_thrust,cruise_10,0.8273567912891904,31.025879673344647,62.244778188790846,338.56017949269904,409.1781874668702,265.4512935784413,2.8966539723190374,2.889455675389207,311.22389094395425,5.428721252665966,True
vector_thrust,cruise_10,0.8265300632908891,30.994877373408347,62.25747180981805,338.4984313431858,409.1168079435664,265.5054380470001,2.8996138042185144,2.8900450416712813,311.28735904909024,5.455901307593083,True
vector_thrust,cruise_10,0.8259578424713063,30.973419092673993,62.266281677352595,338.45558961850594,409.07422882496587,265.54301641764204,2.901666035699858,2.890454084832682,311.331408386763,5.474710489202735,True
vector_thrust,cruise_10,0.8257535979265739,30.96575992224653,62.26943096173601,338.44027764832725,409.05901206563277,265.5564496475233,2.9023992556838083,2.8906003064682824,311.34715480868005,5.481423408397653,True
vector_thrust,cruise_11,0.8257535979265739,30.96575992224653,62.269427781213054,338.40392752350834,409.0228552464982,265.55643993698635,2.9020874178280844,2.9020874178280844,311.34713890606525,5.481423408397653,True
vector_thrust,cruise_11,0.8255493422693332,30.9581003351,62.27258083446126,338.3885930748979,409.00761835204025,265.569888792258,2.9028209114491523,2.9022343913064055,311.3629041723063,5.488136327592572,True
vector_thrust,cruise_11,0.8249769707934586,30.936636404754704,62.28142668227936,338.3455653881395,408.96486817722973,265.60762063692925,2.9048781968419966,2.9026467372156137,311.4071334113968,5.5069455092022235,True
vector_thrust,cruise_11,0.8241497138747984,30.905614270304948,62.29424647008664,338.28322829307274,408.90294296451094,265.6623032692007,2.907856831437501,2.903244326862193,311.4712323504332,5.534125564129341,True
vector_thrust,cruise_11,0.8232313111148679,30.871174166807553,62.30852690347212,338.21381728401514,408.83400415827174,265.7232162656065,2.911170881566454,2.903910003960791,311.5426345173606,5.564293149154111,True
vector_thrust,cruise_11,0.8224036627397884,30.840137352742072,62.321439669131586,338.15107985128634,408.77170573225203,265.7782954937445,2.9141639868297515,2.904511927736396,311.60719834565793,5.591473204081229,True
vector_thrust,cruise_11,0.8218308031242597,30.818655117159746,62.33040145880948,338.107552950701,408.72849016717964,265.81652188700946,2.9162393169791923,2.9049296782339904,311.6520072940474,5.610282385690881,True
vector_thrust,cruise_11,0.8216263302239063,30.81098738339649,62.33360501708808,338.0919963307055,408.7130461542536,265.83018662174015,2.9169807952451485,2.9050790109134743,311.66802508544043,5.6169953048857995,True
vector_thrust,cruise_12,0.8216263302239063,30.81098738339649,62.33360309407141,338.0553528298121,408.6766310742933,265.8301817908494,2.916664590455337,2.916664590455337,311.66801547035703,5.6169953048857995,True
vector_thrust,cruise_12,0.821421846014748,30.803319225553057,62.33680935557183,338.0397736297765,408.6611668319228,265.8438580561951,2.917406300929868,2.9168146451955272,311.6840467778591,5.623708224080717,True
vector_thrust,cruise_12,0.8208488331064968,30.781831241493638,62.345807505908304,337.99605984584065,408.6177793372539,265.88223954554235,2.919486779208936,2.917235763407741,311.72903752954153,5.642517405690369,True
vector_thrust,cruise_12,0.820020646568494,30.750774246318535,62.358847770915986,337.9327304787144,408.5549323736827,265.9378626207037,2.9224990347632214,2.917846054732234,311.79423885457993,5.669697460617487,True
vector_thrust,cruise_12,0.8191012082327511,30.71629530872817,62.3733734627534,337.86221697300596,408.48496939338327,265.99982176404666,2.925850549108633,2.9185258648208623,311.866867313767,5.699865045642257,True
vector_thrust,cruise_12,0.8182726234259973,30.685223378474905,62.38650769403384,337.79848517703425,408.4217472155616,266.0558456510815,2.9288775422920508,2.919140553816797,311.9325384701692,5.7270451005693745,True
vector_thrust,cruise_12,0.817699113883217,30.663716770620645,62.39562301889603,337.75426957159135,408.3778918354711,266.09472694679374,2.9309763982322115,2.9195671558590144,311.9781150944802,5.745854282179026,True
vector_thrust,cruise_12,0.8174944086503576,30.656040324388414,62.398881428141316,337.73846703963756,408.3622193641757,266.1086256476445,2.931726287584508,2.919719651141347,311.9944071407066,5.752567201373945,True
vector_thrust,cruise_13,0.8174944086503576,30.656040324388414,62.39887937604754,337.70152749655165,408.3255435439058,266.10862035294815,2.9314055769198024,2.9314055769198024,311.9943968802377,5.752567201373945,True
vector_thrust,cruise_13,0.8172896919111616,30.64836344666857,62.402140516997505,337.6857022807186,408.3098507467685,266.12253070602947,2.9321557032095273,2.9315588109132946,312.01070258498754,5.759280120568863,True
vector_thrust,cruise_13,0.8167160264123748,30.626850990464064,62.41129259052444,337.64129884940047,408.26582254352786,266.16156875318484,2.934259803778072,2.931988847148091,312.0564629526222,5.778089302178515,True
vector_thrust,cruise_13,0.8158868941004187,30.59575852876571,62.42455568430607,337.5769720604114,408.2020489135201,266.21814230222265,2.937306303468121,2.932612051375506,312.12277842153037,5.805269357105632,True
vector_thrust,cruise_13,0.8149664022160403,30.56124008310152,62.43932925826487,337.505350314969,408.1310562772316,266.2811587842427,2.940695977433357,2.933306229815071,312.1966462913244,5.835436942130403,True
vector_thrust,cruise_13,0.8141368647461096,30.530132427979115,62.45268733154766,337.44061895678493,408.0669053850055,266.3381374670714,2.94375748846481,2.9339338969247954,312.2634366577383,5.86261699705752,True
vector_thrust,cruise_13,0.8135626940220324,30.508601025826223,62.46195784308854,337.395711034969,408.0224067425512,266.37768070999033,2.9458803080125557,2.9343694983069235,312.30978921544266,5.881426178667172,True
vector_thrust,cruise_13,0.8133577524358729,30.50091571634524,62.465271694092245,337.3796612993988,408.00650457993856,266.3918158971006,2.9466387650824557,2.9345252090323823,312.32635847046123,5.888139097862091,True
vector_thrust,cruise_14,0.8133577524358729,30.50091571634524,62.46526961452877,337.3424229934224,407.9695654902281,266.3918105315255,2.946313470259233,2.946313470259233,312.32634807264384,5.888139097862091,True
vector_thrust,cruise_14,0.8131527991431622,30.49322996786859,62.46858622676108,337.3263504677734,407.9536429031724,266.4059574968054,2.9470721691327455,2.946469936759777,312.34293113380545,5.8948520170570085,True
vector_thrust,cruise_14,0.8125784697682814,30.47169261631056,62.47789388567484,337.2812537556574,407.90897052321884,266.44565919186874,2.9492003323072047,2.9469090404947,312.3894694283742,5.91366119866666,True
vector_thrust,cruise_14,0.8117483753428483,30.440564075356818,62.49138222040521,337.21592427438316,407.84426519605177,266.50319350391624,2.952281715181865,2.947545374315358,312.456911102026,5.940841253593778,True
vector_thrust,cruise_14,0.8108268117306343,30.40600543989879,62.506406368008314,337.1431884117219,407.7722372935444,266.56727880530616,2.9557102619184588,2.948254162571101,312.53203184004155,5.971008838618548,True
vector_thrust,cruise_14,0.8099963051790512,30.374861444214424,62.519990721164845,337.0774521707874,407.7071526082574,266.6252226826713,2.958806936828417,2.9488950262149918,312.5999536058242,5.998188893545666,True
vector_thrust,cruise_14,0.8094214618896666,30.353304820862505,62.5294181136224,337.0318482366897,407.6620071755259,266.6654350995697,2.9609541690062064,2.9493397785718423,312.647090568112,6.016998075155318,True
vector_thrust,cruise_14,0.809216279882914,30.345610495609282,62.53278801248676,337.0155499756722,407.6458740598428,266.67980935826864,2.961721354437354,2.949498758954704,312.66394006243377,6.023710994350236,True
vector_thrust,cruise_15,0.809216279882914,30.345610495609282,62.545448814498144,336.97801012980995,407.60866912029906,266.7124761899516,2.961754205481825,2.961754205481825,312.72724407249075,6.023710994350236,True
vector_thrust,cruise_15,0.8090110436457846,30.33791413671693,62.54882249896992,336.96168576415454,407.59251230737254,266.7268655954841,2.9625218749257614,2.961913995091067,312.74411249484956,6.030423913545154,True
vector_thrust,cruise_15,0.8084359203716689,30.31634701393759,62.55829127538233,336.9158830422098,407.5471832877768,266.76725130284706,2.964675262429256,2.9623624650701705,312.79145637691164,6.049233095154806,True
vector_thrust,cruise_15,0.807604675842717,30.285175344101894,62.5720128807451,336.84953238153463,407.48152816621024,266.8257759436735,2.9677932134367153,2.9630123619312703,312.86006440372546,6.076413150081923,True
vector_thrust,cruise_15,0.8066818317087566,30.250568689078378,62.58729656368285,336.77566175335124,407.4084447893208,266.8909630723269,2.971262511739924,2.9637362435253767,312.9364828184142,6.106580735106694,True
vector_thrust,cruise_15,0.8058501678312365,30.219381293671375,62.6011153155762,336.7089019095722,407.3424079941182,266.94990205718165,2.9743960510986804,2.964390741540446,313.005576577881,6.133760790033811,True
vector_thrust,cruise_15,0.805274521636366,30.197794561363732,62.61070523224743,336.6625889436406,407.29660303432337,266.9908044453024,2.976568877109466,2.964844949089194,313.0535261612372,6.152569971643463,True
vector_thrust,cruise_15,0.8050690526770204,30.190089475388273,62.61413319798325,336.64603749769054,407.2802344077392,267.0054252172808,2.9773452133376788,2.965007307946616,313.0706659899162,6.159282890838382,True
vector_thrust,cruise_16,0.8050690526770204,30.190089475388273,62.60130095709321,336.60818398689145,407.24275179241266,266.9723164406225,2.9766412810770873,2.9766412810770873,313.00650478546606,6.159282890838382,True
vector_thrust,cruise_16,0.8048636144845128,30.18238554316924,62.604730383444014,336.59161282167895,407.2263657908772,266.9869446074408,2.9774176119782814,2.9768043796552415,313.0236519172201,6.1659958100333,True
vector_thrust,cruise_16,0.8042879242775768,30.160797160409132,62.61435435743928,336.54511826106625,407.18039429077,267.02799558124406,2.979595263147422,2.9772620826293936,313.07177178719644,6.1848049916429515,True
vector_thrust,cruise_16,0.8034558577260356,30.12959466472634,62.628300639302445,336.4777670243492,407.11380995270656,267.0874833200635,2.9827483903359817,2.9779253486243427,313.14150319651225,6.211985046570069,True
vector_thrust,cruise_16,0.8025320973586979,30.09495365095118,62.6438342638507,336.40278467245764,407.03969410381393,267.15374185471455,2.9862568900401816,2.978664106455475,313.2191713192535,6.2421526315948395,True
vector_thrust,cruise_16,0.8016996045000168,30.063735168750636,62.65787872118936,336.33502214258846,406.9727260698378,267.2136483601401,2.989425892476169,2.9793320415411504,313.2893936059468,6.269332686521958,True
vector_thrust,cruise_16,0.801123382695087,30.042126851065767,62.667625118547214,336.2880147067828,406.9262761077756,267.2552215296931,2.9916233399118854,2.9797955668022205,313.33812559273605,6.288141868131609,True
vector_thrust,cruise_16,0.8009177079186137,30.034414046948022,62.67110898873274,336.27121529027175,406.90967717028866,267.2700819463799,2.992408479364772,2.979961254879373,313.3555449436637,6.2948547873265275,True
vector_thrust,cruise_17,0.8009177079186137,30.034414046948022,62.663528834310576,336.23306384324275,406.87193262633093,267.2505237787526,2.9918500252204008,2.9918500252204008,313.3176441715529,6.2948547873265275,True
vector_thrust,cruise_17,0.8007120461533159,30.026701730749355,62.66701477323902,336.21624328472683,406.8553149116424,267.2653937024856,2.9926352696487335,2.9920164929266804,313.3350738661951,6.301567706521445,True
vector_thrust,cruise_17,0.8001357284197771,30.00508981574165,62.67679720991141,336.1690495984866,406.80869383901546,267.30712259267733,2.9948379393199747,2.9924836447938024,313.38398604955705,6.320376888131097,True
vector_thrust,cruise_17,0.7993027522246303,29.973853208423645,62.690972907553686,336.1006872050531,406.7411699882324,267.3675917937727,2.998027337806299,2.9931605930678944,313.45486453776846,6.347556943058215,True
vector_thrust,cruise_17,0.7983779782878218,29.93917418579332,62.70676176311505,336.02458131543716,406.66601017283494,267.4349422343764,3.0015762604456504,2.9939145763139132,313.53380881557524,6.377724528082985,True
vector_thrust,cruise_17,0.7975445686749951,29.907921325312323,62.72103671796752,335.9558053918643,406.5981004837719,267.4958348364558,3.004781832008921,2.9945962645309874,313.6051835898376,6.4049045830101035,True
vector_thrust,cruise_17,0.7969677104767215,29.886289142877068,62.73094292692881,335.9080960409333,406.55099827768163,267.5380917014805,3.0070046693397403,2.995069327037666,313.65471463464405,6.423713764619754,True
vector_thrust,cruise_17,0.796761808181372,29.878567806801456,62.73448389331326,335.8910459896684,406.53416643810186,267.55319638372055,3.007798886891414,2.9952384228482254,313.67241946656634,6.430426683814673,True
vector_thrust,cruise_18,0.796761808181372,29.878567806801456,62.7419672849468,335.85258995971856,406.49615355348107,267.57250471820515,3.0076715621945462,3.0076715621945462,313.709836424734,6.430426683814673,True
vector_thrust,cruise_18,0.796555868329747,29.870845062365518,62.74551205446012,335.83551468797555,406.4792989168049,267.5876248752655,3.008466199616822,3.007841521609674,313.7275602723006,6.437139603009591,True
vector_thrust,cruise_18,0.7959787702804856,29.849203885518218,62.75545946900281,335.7876069282982,406.4320136375137,267.6300555099717,3.0106952341660693,3.00831846677826,313.77729734501406,6.455948784619243,True
vector_thrust,cruise_18,0.7951446635359599,29.8179248825985,62.76987403872573,335.7182116691683,406.36352902454644,267.69154076724993,3.0139228567777425,3.009009597057153,313.84937019362866,6.48312883954636,True
vector_thrust,cruise_18,0.7942186306771198,29.783198650392002,62.78592867882537,335.64095799583765,406.28730151534745,267.76002173450314,3.0175143799328645,3.009779363210727,313.92964339412686,6.513296424571131,True
vector_thrust,cruise_18,0.7933840831050668,29.751903116440012,62.80044369185525,335.5711466974762,406.2184286652619,267.8219354320954,3.02075849171559,3.010475309409514,314.00221845927626,6.540476479498249,True
vector_thrust,cruise_18,0.7928064353510962,29.730241325666114,62.81051635772353,335.5227201442992,406.17065926118414,267.8649003255676,3.0230080880920114,3.0109582599593288,314.05258178861766,6.5592856611079,True
vector_thrust,cruise_18,0.7926002508572276,29.722509407146045,62.81411679775829,335.50541398734873,406.15358916834515,267.88025798009244,3.0238118734026003,3.0111308889849644,314.07058398879144,6.565998580302819,True
vector_thrust,cruise_19,0.7926002508572276,29.722509407146045,62.81411503239137,335.46663920210926,406.11529412044706,267.88025400668187,3.0234623627917205,3.0234623627917205,314.07057516195687,6.565998580302819,True
vector_thrust,cruise_19,0.7923940536181413,29.714777010680304,62.817718086249975,335.44930968753107,406.09820307601984,267.8956229347752,3.0242664028567794,3.0236358260274447,314.0885904312499,6.5727114994977365,True
vector_thrust,cruise_19,0.791816233252343,29.693108746962867,62.827830051097116,335.400689180555,406.0502550384008,267.9387554578219,3.0265218776705423,3.0241226463812914,314.13915025548556,6.591520681107388,True
vector_thrust,cruise_19,0.7909810797755792,29.661790491584227,62.842482871741275,335.3302629932141,405.98081177561784,268.00125697294675,3.0297878345795812,3.024828077169007,314.2124143587064,6.618700736034506,True
vector_thrust,cruise_19,0.7900538810329144,29.627020538734296,62.85880260237384,335.25186371587864,405.9035189440829,268.0708686822103,3.0334220822558953,3.025613758008934,314.2940130118692,6.648868321059276,True
vector_thrust,cruise_19,0.7892182793335986,29.59568547500995,62.87355704418263,335.18101903292086,405.8336850938165,268.1338036617212,3.036704847549357,3.0263240811440224,314.36778522091316,6.676048375986395,True
vector_thrust,cruise_19,0.7886399000415997,29.573996251559993,62.8837957291457,335.1318766693606,405.7852500005321,268.1774767085536,3.0389812822489466,3.026817002183895,314.41897864572854,6.694857557596046,True
vector_thrust,cruise_19,0.7884334540563035,29.56625452711139,62.887455486130335,335.1143149063658,405.7679421955703,268.1930873791367,3.039794663787036,3.026993193874996,314.43727743065165,6.701570476790964,True
vector_thrust,cruise_20,0.7884334540563035,29.56625452711139,62.88745342518315,335.0752238063295,405.72936758491903,268.1930823069809,3.0394400141187154,3.0394400141187154,314.43726712591575,6.701570476790964,True
vector_thrust,cruise_20,0.788226995436174,29.558512328856533,62.891115908582854,335.0576385874126,405.7120387382933,268.20870469718466,3.040253658391874,3.0396170631219674,314.4555795429143,6.708283395985883,True
vector_thrust,cruise_20,0.7876484402895326,29.53681651085748,62.90139435988697,335.0083011407231,405.66342393962475,268.25254736789583,3.042536088388397,3.0401139333862526,314.5069717994349,6.727092577595534,True
vector_thrust,cruise_20,0.7868122229547106,29.505458360801658,62.916288225918784,334.93683800957854,405.5930162854469,268.31607706166875,3.0458411233347134,3.04083391725637,314.58144112959394,6.754272632522652,True
vector_thrust,cruise_20,0.7858838381655725,29.47064393120898,62.93287618182023,334.8572863418204,405.5146516519133,268.38683288600924,3.0495189300873173,3.0416357950747037,314.6643809091011,6.784440217547423,True
vector_thrust,cruise_20,0.7850471679625226,29.439268798594604,62.94735180694884,334.786890828345,405.4453396285629,268.44857857528547,3.0528293886429316,3.0423355607698928,314.7367590347442,6.81162027247454,True
vector_thrust,cruise_20,0.7844680525410465,29.41755197028925,62.95727773146873,334.73932149686283,405.39852787160027,268.4909175451813,3.0551307484019867,3.0428153895490357,314.78638865734365,6.830429454084192,True
vector_thrust,cruise_20,0.7842613445951596,29.40980042231849,62.960819511277386,334.7223516516145,405.3818299423202,268.50602498513945,3.0559530097133463,3.042986602606154,314.8040975563869,6.83714237327911,True
vector_thrust,cruise_21,0.7842613445951596,29.40980042231849,62.96081734744428,334.68458483641695,405.3446165940309,268.50601955816103,3.055608143933728,3.055608143933728,314.8040867372214,6.83714237327911,True
vector_thrust,cruise_21,0.7840546241176041,29.40204840441016,62.96435858553372,334.6676237656634,405.32792986178646,268.52112474791755,3.0564308144186816,3.0557800415355456,314.8217929276686,6.843855292474029,True
vector_thrust,cruise_21,0.7834753388920717,29.380325208452696,62.974279248521995,334.6201208095632,405.2811999049038,268.56344127546896,3.058738476413286,3.0562616051385585,314.87139624261,6.8626644740836795,True
vector_thrust,cruise_21,0.7826380722443658,29.34892770916372,62.988609571984405,334.5515315371381,405.21373890173277,268.62456718291145,3.0620798568897567,3.0569572201601285,314.943047859922,6.889844529010798,True
vector_thrust,cruise_21,0.7817085339230223,29.314070022113345,63.00450745406154,334.47547869374796,405.1389539270153,268.69237950208344,3.065797829763199,3.057728926787272,315.0225372703077,6.920012114035568,True
vector_thrust,cruise_21,0.7808708304857883,29.28265614321707,63.018824090117334,334.40702556968273,405.0716571637107,268.75344702598403,3.069156035299635,3.058423877402039,315.0941204505867,6.947192168962686,True
vector_thrust,cruise_21,0.7802910005930727,29.260912522240233,63.02872768515956,334.3596923878344,405.0251320106119,268.79569075032003,3.0714846779348366,3.058904612501846,315.1436384257978,6.966001350572338,True
vector_thrust,cruise_21,0.7800840377159766,29.25315141434913,63.032261477475245,334.3428068737396,405.008536424633,268.81076411992103,3.072316692335721,3.0590761479891513,315.1613073873762,6.9727142697672555,True
vector_thrust,cruise_22,0.7800840377159766,29.25315141434913,63.03225918225572,334.3050540500992,404.9713742255055,268.81075822771055,3.071969709714176,3.071969709714176,315.1612959112786,6.9727142697672555,True
vector_thrust,cruise_22,0.7798770623291067,29.245389837341506,63.03579248634822,334.2881773572953,404.95478989156345,268.8258295517068,3.0728021437642092,3.072141944825252,315.17896243174107,6.979427188962174,True
vector_thrust,cruise_22,0.7792970630016475,29.223639862561782,63.04569069221895,334.2409109618073,404.9083470019194,268.8680502891675,3.075137199877145,3.0726244434702323,315.2284534610947,6.998236370571825,True
vector_thrust,cruise_22,0.778458764807524,29.192203680282155,63.05998843250021,334.1726638909852,404.84130122285853,268.9290372141136,3.07851828343401,3.0733214021312554,315.29994216250105,7.0254164254989435,True
vector_thrust,cruise_22,0.7775280820576909,29.157303077163416,63.07584996745492,334.096991363334,404.76697766575893,268.99669449579415,3.0822804866378566,3.0740945896380896,315.37924983727464,7.055584010523714,True
vector_thrust,cruise_22,0.7766893479803371,29.125850549262648,63.09013369122487,334.0288813430713,404.7000971242632,269.05762163336385,3.0856786901042144,3.0747908650488944,315.4506684561244,7.0827640654508315,True
vector_thrust,cruise_22,0.776108805115831,29.10408019184367,63.10001441876413,333.9817858468586,404.6538602825115,269.0997678170619,3.0880350945330464,3.075272511693374,315.5000720938207,7.101573247060483,True
vector_thrust,cruise_22,0.7759015878323798,29.096309543714252,63.103540031622266,333.96498521139563,404.6373676485152,269.11480629743363,3.088877033366107,3.0754443714674644,315.5177001581113,7.108286166255401,True
vector_thrust,cruise_23,0.7759015878323798,29.096309543714252,63.1035377229545,333.9272478284603,404.60025823903794,269.1148003975451,3.088527928658615,3.088527928658615,315.5176886147725,7.108286166255401,True
vector_thrust,cruise_23,0.7756943580647192,29.08853842742698,63.107062873635634,333.9104560612777,404.5837769122325,269.12983692853703,3.089370296576091,3.0887004971901493,315.5353143681782,7.11499908545032,True
vector_thrust,cruise_23,0.7751136461196707,29.06676172948766,63.11693808359944,333.86342776113406,404.5376227958989,269.1719595777074,3.091733228425884,3.0891839227698634,315.58469041799725,7.133808267059972,True
vector_thrust,cruise_23,0.7742743185330442,29.035286944989167,63.131202461182106,333.79552511015913,404.470994706697,269.23280419515334,3.095154713761531,3.0898822132392567,315.6560123059105,7.160988321987089,True
vector_thrust,cruise_23,0.7733424937578339,29.00034351591878,63.14702678257065,333.7202353609877,404.39713530454253,269.3003027435696,3.098961926607442,3.090656868336708,315.73513391285326,7.19115590701186,True
vector_thrust,cruise_23,0.7725027312167188,28.968852420626963,63.161276812276064,333.6524706639834,404.33067345159327,269.36108616018595,3.102400833596261,3.091354456427521,315.8063840613803,7.218335961938977,True
vector_thrust,cruise_23,0.7719214768927486,28.94705538347808,63.17113413065551,333.6056143896493,404.28472662849344,269.4031324928648,3.1047854900320973,3.0918370061519678,315.85567065327757,7.237145143548629,True
vector_thrust,cruise_23,0.7717140057439216,28.939275215397068,63.17465137062701,333.5888991811621,404.2683375558622,269.4181352589517,3.105637528636426,3.0920091871765636,315.87325685313505,7.243858062743547,True
vector_thrust,cruise_24,0.7717140057439216,28.939275215397068,63.174648973501256,333.5511779663793,404.23128186533756,269.4181290641259,3.105286281220509,3.105286281220509,315.8732448675063,7.243858062743547,True
vector_thrust,cruise_24,0.7715065221371884,28.931494580144573,63.178165793304224,333.53447167324936,404.21490415513205,269.4331300383253,3.1061387592563725,3.1054591809416534,315.8908289665211,7.250570981938465,True
vector_thrust,cruise_24,0.7709250990958824,28.909691216095595,63.18801746428149,333.4876830053026,404.1690405199341,269.47515228297556,3.1085300597163403,3.105943525110592,315.9400873214074,7.269380163548117,True
vector_thrust,cruise_24,0.7700847443241862,28.87817791215699,63.20224769352456,333.42012699546245,404.10283258884925,269.53585124217386,3.1119926618764695,3.1066431352145503,316.01123846762283,7.296560218475235,True
vector_thrust,cruise_24,0.7691517799861983,28.843191749482443,63.218033928058226,333.3452224908613,404.02944008171784,269.60318733279377,3.1158456819297093,3.1074192442282955,316.09016964029115,7.326727803500005,True
vector_thrust,cruise_24,0.7683109912113545,28.811662170425798,63.2322494757409,333.2778053395632,403.9633993864999,269.6638236678822,3.1193260145802455,3.1081181325330567,316.1612473787045,7.353907858427123,True
vector_thrust,cruise_24,0.7677290269774322,28.789838511653713,63.24208283906,333.2311898254067,403.9177442910328,269.70576782132446,3.1217394247451224,3.1086015766305795,316.2104141953,7.3727170400367745,True
vector_thrust,cruise_24,0.7675213025174892,28.78204884440585,63.245591511173664,333.2145605929704,403.9014593897444,269.72073404160324,3.1226017425772854,3.108774075781527,316.22795755586833,7.379429959231692,True
vector_thrust,cruise_25,0.7675213025174892,28.78204884440585,63.24558908509316,333.17685627703054,403.8644583506242,269.72072778192927,3.122248337529392,3.122248337529392,316.2279454254658,7.379429959231692,True
vector_thrust,cruise_25,0.7673135656264479,28.774258710991802,63.249097327706174,333.16023600709815,403.8481848670592,269.7356921703945,3.123111103074151,3.122421563137197,316.24548663853085,7.386142878426611,True
vector_thrust,cruise_25,0.7667314330467823,28.75242873925434,63.25892491431475,333.11368851019154,403.8026134224291,269.77761168394767,3.1255312766959156,3.1229068173947314,316.2946245715737,7.404952060036263,True
vector_thrust,cruise_25,0.7658900533503182,28.72087700063694,63.2731202062775,333.0464813656279,403.736828120015,269.83816161929934,3.1290357276863197,3.12360773473447,316.3656010313875,7.43213211496338,True
vector_thrust,cruise_25,0.764955951970871,28.685848198907667,63.28886747714561,332.9719645748229,403.66390525049445,269.9053315116521,3.132935371458734,3.1243852837439774,316.44433738572803,7.462299699988151,True
vector_thrust,cruise_25,0.7641141392452676,28.654280221697544,63.303047751788085,332.9048971944746,403.59828818441997,269.9658173907118,3.136457869090837,3.125085459577296,316.5152387589404,7.489479754915268,True
vector_thrust,cruise_25,0.763531466687557,28.632430000783394,63.312856612072686,332.8585239807134,403.5529265270888,270.0076570272403,3.138900546657022,3.125569789189886,316.56428306036344,7.50828893652492,True
vector_thrust,cruise_25,0.763323489483842,28.62463085564408,63.31635652065967,332.8419812740846,403.5367464076604,270.0225858669718,3.13977332745213,3.125742603290664,316.58178260329834,7.515001855719838,True
vector_thrust,cruise_26,0.763323489483842,28.62463085564408,63.31635405679117,332.80429459079306,403.4998009554055,270.02257950981624,3.139417746574419,3.139417746574419,316.58177028395585,7.515001855719838,True
vector_thrust,cruise_26,0.7631154998764007,28.61683124536503,63.319853526064534,332.78776089388765,403.4836323090634,270.03750647593097,3.1402909835465764,3.13959129495844,316.5992676303227,7.521714774914757,True
vector_thrust,cruise_26,0.7625326593531246,28.594974725742176,63.32965647870982,332.741456108774,403.43835476594177,270.0793209141255,3.1427405468183194,3.140077450559091,316.64828239354915,7.540523956524408,True
vector_thrust,cruise_26,0.7616902570455101,28.56338463920664,63.34381603843446,332.6746000563669,403.37299456490604,270.13971843474053,3.1462875959826384,3.140779662383051,316.71908019217227,7.567704011451526,True
vector_thrust,cruise_26,0.7607550212051832,28.528313295194376,63.35952346223216,332.60047345159353,403.30054407794,270.20671836062127,3.1502346993533217,3.141558637077356,316.7976173111608,7.597871596476296,True
vector_thrust,cruise_26,0.7599121868652619,28.496707007447323,63.373667666729354,332.53375807012435,403.2353531145121,270.2670503836146,3.1538001188384204,3.1422600873931628,316.86833833364676,7.625051651403414,True
vector_thrust,cruise_26,0.7593288076069751,28.47483028526157,63.383451471773746,332.4876286988198,403.1902866072494,270.3087831478019,3.1562725896840425,3.1427452934109,316.9172573588687,7.643860833013066,True
vector_thrust,cruise_26,0.7591205782400634,28.467021684002383,63.386942419619665,332.4711730684101,403.1742118807048,270.32367376577565,3.157156021543926,3.14291841919323,316.9347120980983,7.6505737522079835,True
vector_thrust,cruise_27,0.7591205782400634,28.467021684002383,63.3869399219427,332.4335047546538,403.13732295373705,270.3236673278602,3.1567982469494846,3.1567982469494846,316.9346996097135,7.6505737522079835,True
vector_thrust,cruise_27,0.7589123364973278,28.4592126186498,63.39043041822396,332.4170581812562,403.12125975570285,270.3385560209589,3.157682143551847,3.156972114819575,316.9521520911198,7.657286671402902,True
vector_thrust,cruise_27,0.7583287896621826,28.437329612331855,63.40020818410024,332.3709976505054,403.0762778264282,270.38026302570455,3.1601616252986298,3.1574591628119615,317.00104092050117,7.676095853012554,True
vector_thrust,cruise_27,0.757485367110543,28.40570126664537,63.414331211701,332.30449491973764,403.01134520147195,270.4405047196246,3.1637520398843155,3.158162656056337,317.07165605850497,7.7032759079396715,True
vector_thrust,cruise_27,0.7565489994493767,28.37058747935163,63.429997899088995,332.2307609760899,402.9393698441801,270.50733088565744,3.167747458707429,3.1589430417542235,317.14998949544497,7.733443492964442,True
vector_thrust,cruise_27,0.7557051458852361,28.338942970696362,63.44410522912463,332.1643998239772,402.8746074588301,270.56750562274954,3.171356574942949,3.1596457530870516,317.2205261456231,7.7606235478915595,True
vector_thrust,cruise_27,0.7551210615867738,28.31703980950402,63.453863421816294,332.1185158389397,402.8298378148853,270.60912913887756,3.1738593774871746,3.160131826112191,317.26931710908144,7.779432729501211,True
vector_thrust,cruise_27,0.7549125806505236,28.309221774394643,63.4573452099808,332.1021478357822,402.81386909271504,270.6239806867438,3.1747536530031906,3.1603052602059645,317.286726049904,7.78614564869613,True
vector_thrust,cruise_28,0.7549125806505236,28.309221774394643,63.457342811198195,332.0644986314773,402.7770376323513,270.62397468055127,3.174393672355782,3.174393672355782,317.28671405599096,7.78614564869613,True
vector_thrust,cruise_28,0.7547040873666094,28.301403276247857,63.46082408201242,332.0481397326708,402.7610804941574,270.63882404617254,3.175288418980592,3.1745678540125337,317.30412041006207,7.792858567891048,True
vector_thrust,cruise_28,0.7541198358878122,28.279493845792963,63.47057610732279,332.002325000531,402.71639589231125,270.6804212541624,3.1777983608385614,3.1750557853349033,317.35288053661395,7.8116677495007,True
vector_thrust,cruise_28,0.7532753955119774,28.24782733169916,63.484661801891264,331.93617782328533,402.6518933199019,270.74050370345725,3.1814329267167345,3.175760546792517,317.4233090094563,7.838847804427817,True
vector_thrust,cruise_28,0.7523378987285249,28.212671202319687,63.500286863400426,331.86283901848554,402.5803958413232,270.8071523134998,3.1854775376916513,3.1765423286957652,317.5014343170021,7.869015389452588,True
vector_thrust,cruise_28,0.7514930283829259,28.180988564359726,63.514356521007244,331.7968343285387,402.51606451117095,270.8671663570909,3.189131144763528,3.1772462877609335,317.5717826050362,7.896195444379705,True
vector_thrust,cruise_28,0.7509082407410712,28.159059027790175,63.52408854852214,331.75119727517057,402.4715934449375,270.9086782644258,3.1916648307658404,3.1777332185146734,317.6204427426107,7.915004625989357,True
vector_thrust,cruise_28,0.750699508842315,28.151231581586817,63.52756097961912,331.7349174508621,402.4557313390352,270.92348989926995,3.192570147304645,3.1779069575929717,317.6378048980956,7.921717545184276,True
vector_thrust,cruise_29,0.750699508842315,28.151231581586817,63.5275583185191,331.69728809882656,402.41895828934753,270.9234829330372,3.192207925636755,3.192207925636755,317.6377915925955,7.921717545184276,True
vector_thrust,cruise_29,0.7504907646254761,28.143403673455364,63.53103027307621,331.6810174263331,402.4031078230019,270.93829254060665,3.1931137247049453,3.192382422679784,317.6551513653811,7.928430464379193,True
vector_thrust,cruise_29,0.7499058102109157,28.121467882909343,63.540755992380944,331.63545003883644,402.3587222634909,270.97977754220835,3.1956546810008413,3.1928712276717848,317.70377996190473,7.947239645988845,True
vector_thrust,cruise_29,0.7490603544882559,28.089763293309606,63.554803535805746,331.5696606495594,402.2946522219921,271.0396972605516,3.1993342024582034,3.193577243251263,317.7740176790287,7.974419700915963,True
vector_thrust,cruise_29,0.7481217313452111,28.054564925445423,63.57038606160639,331.4967194641561,402.2236353732447,271.1061644376747,3.203428902798155,3.194360405520218,317.85193030803197,8.004587285940733,True
vector_thrust,cruise_29,0.7472758467190282,28.02284425196357,63.58441722354288,331.4310734717182,402.15973757726397,271.16601428086005,3.207127813082546,3.19506559778224,317.9220861177144,8.031767340867852,True
vector_thrust,cruise_29,0.7466903574709933,28.000888405162257,63.59412251542114,331.38568489717005,402.1155668044101,271.2074121493774,3.209692947018825,3.1955533761119543,317.9706125771057,8.050576522477503,True
vector_thrust,cruise_29,0.7464813752310342,27.99305157116379,63.59758538570614,331.3694938039304,402.0998119271227,271.22218300331105,3.210609506495747,3.195727416532833,317.98792692853067,8.05728944167242,True
vector_thrust,cruise_30,0.7464813752310342,27.99305157116379,63.597582859547515,331.3318850501994,402.06309823523105,271.22217661438646,3.2102450430103904,3.2102450430103904,317.9879142977376,8.05728944167242,True
vector_thrust,cruise_30,0.746272380702,27.985214276325006,63.60104521710497,331.3157031562302,402.0473550530644,271.23694529593854,3.2111620931448814,3.2104198483575646,318.00522608552484,8.06400236086734,True
vector_thrust,cruise_30,0.7456867250944975,27.96325219104366,63.61074406891727,331.27038466076857,402.00327025168633,271.27831569481225,3.21373463202285,3.210909517453099,318.05372034458634,8.08281154247699,True
vector_thrust,cruise_30,0.7448402565527856,27.931509620729468,63.62475264897962,331.20495529584235,401.9396352207169,271.3380692157514,3.2174599334211025,3.2116167732047924,318.1237632448981,8.10999159740411,True
vector_thrust,cruise_30,0.743900509868681,27.89626912007554,63.64029173652137,331.1324142124915,401.8691017542649,271.4043511078989,3.2216056427939237,3.2124013001869294,318.20145868260687,8.14015918242888,True
vector_thrust,cruise_30,0.7430536135129769,27.86451050673664,63.654283588573016,331.0671291547652,401.805639972599,271.4640332756064,3.2253506891355816,3.2131077113861566,318.27141794286507,8.167339237355996,True
vector_thrust,cruise_30,0.7424674244306256,27.84252841614847,63.66396158084465,331.02199060745204,401.76177120957664,271.5053146982279,3.227947849728464,3.213596327339296,318.31980790422324,8.186148418965649,True
vector_thrust,cruise_30,0.7422581924831172,27.8346822181169,63.66741468890777,331.00588879794793,401.74612417352625,271.5200439116105,3.228875859158301,3.213770665532578,318.3370734445388,8.192861338160567,True
vector_thrust,cruise_31,0.7422581924831172,27.8346822181169,63.66741192980215,330.9683013911745,401.70947078899763,271.520036682986,3.2285091178855527,3.2285091178855527,318.3370596490107,8.192861338160567,True
vector_thrust,cruise_31,0.7420489482771639,27.82683556039365,63.67086454984271,330.95220882853124,401.69383550375437,271.53476381498655,3.2294376291283937,3.2286842308552064,318.35432274921357,8.199574257355485,True
vector_thrust,cruise_31,0.7414625932603286,27.80484724726233,63.680535968570105,330.90714077413855,401.6500531774525,271.5760171992693,3.2320423325859755,3.229174754239512,318.40267984285055,8.218383438965137,True
vector_thrust,cruise_31,0.7406151144863443,27.773066793237916,63.69450476729413,330.84207367228737,401.5868556382502,271.6356010347231,3.2358142584176828,3.229883235861683,318.47252383647066,8.245563493892254,True
vector_thrust,cruise_31,0.739674247145297,27.73778426794864,63.70999950783742,330.76993517620036,401.51680830830543,271.7016937667753,3.2400119189890337,3.2306691115217756,318.54999753918713,8.275731078917024,True
vector_thrust,cruise_31,0.7388263416703018,27.705987812636327,63.72395123053308,330.7050132926508,401.453785022626,271.76120476453684,3.243803954648864,3.2313767270673344,318.6197561526654,8.302911133844143,True
vector_thrust,cruise_31,0.7382394545664854,27.683979546243208,63.73360135565569,330.6601263225305,401.41021998691923,271.80236732112513,3.24643373482633,3.2318661704648983,318.6680067782785,8.321720315453794,True
vector_thrust,cruise_31,0.7380299735597182,27.676124008489438,63.73704449894868,330.6441143499745,401.3946814050904,271.81705403021704,3.24737340631484,3.2320408027859386,318.6852224947434,8.328433234648712,True
vector_thrust,cruise_32,0.7380299735597182,27.676124008489438,63.73704178294775,330.6065490420481,401.3580892805277,271.8170470220794,3.2470043803534248,3.2470043803534248,318.6852089147388,8.328433234648712,True
vector_thrust,cruise_32,0.7378204803248265,27.668268012181,63.74048442794441,330.59054636395604,401.34256250519604,271.831731605799,3.2479445634637534,3.2471797957962147,318.70242213972205,8.335146153843631,True
vector_thrust,cruise_32,0.7372334277179008,27.646253539421288,63.750127842797575,330.54573030084805,401.2990843715898,271.87286554055964,3.2505820277219994,3.2476711633090773,318.7506392139879,8.353955335453282,True
vector_thrust,cruise_32,0.7363849413500012,27.61443530062505,63.76405603536384,330.48102770248886,401.2363268063511,271.93227617155617,3.254401443169064,3.24838085602776,318.8202801768192,8.3811353903804,True
vector_thrust,cruise_32,0.7354429562934953,27.57911086100608,63.77950551191132,330.40929428073616,401.1667683681627,271.9981758313886,3.258652020184027,3.2491680637709237,318.8975275595566,8.411302975405171,True
vector_thrust,cruise_32,0.7345940443612438,27.547276663546644,63.79341627791776,330.34473781248636,401.1041860610541,272.05751212961326,3.2624919193302038,3.249876868543693,318.96708138958877,8.438483030332288,True
vector_thrust,cruise_32,0.7340064610847299,27.52524229067738,63.803037962849494,330.30010397065513,401.0609264707663,272.09855337538414,3.265154926559685,3.250367128835508,319.01518981424744,8.45729221194194,True
vector_thrust,cruise_32,0.7337967316798267,27.517377437993506,63.806470936597535,330.28418238866453,401.0454969563631,272.1131967066009,3.266106477404154,3.2505420514944237,319.03235468298766,8.464005131136858,True
vector_thrust,cruise_33,0.7337967316798267,27.517377437993506,63.80646817415599,330.24663993405727,401.00896704674994,272.1131895789218,3.2657351429174106,3.2657351429174106,319.03234087077993,8.464005131136858,True
vector_thrust,cruise_33,0.7335869900779864,27.5095121279245,63.809900639283455,330.230727694213,400.9935493946008,272.1278307408155,3.2666872154438,3.265910857137671,319.0495031964173,8.470718050331776,True
vector_thrust,cruise_33,0.732999241739475,27.487471565230315,63.81951547709809,330.1861651739151,400.9503771720889,272.16884278117533,3.2693580515209346,3.266403058422339,319.09757738549047,8.489527231941429,True
vector_thrust,cruise_33,0.7321497504728103,27.45561564273039,63.833402233765476,330.1218293213291,400.888062064103,272.2280766686783,3.2732258431905232,3.2671139471093937,319.1670111688274,8.516707286868545,True
vector_thrust,cruise_33,0.7312066507054389,27.420249401453965,63.848805525161275,330.05050346301084,400.8189952740882,272.29377932698145,3.2775303258894057,3.2679024700050894,319.2440276258064,8.546874871893317,True
vector_thrust,cruise_33,0.7303567350348815,27.388377563808064,63.86267450335491,329.98631465297575,400.7568564291445,272.35293738049234,3.2814189844477046,3.2686124485792116,319.31337251677456,8.574054926820434,True
vector_thrust,cruise_33,0.7297684574738599,27.366317155269755,63.872267172346746,329.94193549174963,400.7139040030545,272.39385485959406,3.2841158413282043,3.269103514997818,319.3613358617337,8.592864108430085,True
vector_thrust,cruise_33,0.7295584803460192,27.358443012975727,63.875689770908224,329.9261048543727,400.6985841695167,272.40845393579445,3.285079494246517,3.269278724131471,319.37844885454115,8.599577027625003,True
vector_thrust,cruise_34,0.7295584803460192,27.358443012975727,63.8756869591568,329.8885860105304,400.66211743258447,272.40844667944947,3.284705831022149,3.284705831022149,319.378434795784,8.599577027625003,True
vector_thrust,cruise_34,0.7293484910529849,27.35056841448694,63.87910904013886,329.8727647630431,400.6468095171063,272.42304354761063,3.2856700160064642,3.284881840314622,319.3955452006943,8.60628994681992,True
vector_thrust,cruise_34,0.7287600488799924,27.32850183299972,63.88869472473305,329.8284573382268,400.60394492468606,272.4639312357322,3.2883748501454564,3.2853748647756,319.4434736236652,8.625099128429573,True
vector_thrust,cruise_34,0.7279095554655326,27.29660832995748,63.90253921231245,329.7644904753247,400.5420747580762,272.52298482549486,3.2922919268019535,3.28608693399739,319.5126960615622,8.65227918335669,True
vector_thrust,cruise_34,0.7269653440539292,27.26120040202235,63.91789539118679,329.69357467131374,400.4735023735353,272.5884865268929,3.2966513290672106,3.286876754662449,319.58947695593395,8.68244676838146,True
vector_thrust,cruise_34,0.726114427419999,27.229291028249968,63.9317217455237,329.6297557639738,400.411809475109,272.64746276964047,3.3005896653417146,3.287587891232574,319.6586087276185,8.709626823308579,True
vector_thrust,cruise_34,0.7255254575014417,27.20720465630407,63.94128481957505,329.5856328367338,400.36916593249947,272.6882540123744,3.303321010046802,3.288079752753375,319.7064240978753,8.72843600491823,True
vector_thrust,cruise_34,0.7253152333397118,27.1993212502392,63.94469683638845,329.56989369839573,400.3539563934428,272.70280795240006,3.30429699334266,3.2882552444176363,319.72348418194224,8.735148924113147,True
vector_thrust,cruise_35,0.7253152333397118,27.1993212502392,63.94469366374548,329.5323992256136,400.3175537895324,272.7027993692234,3.3039209664429037,3.3039209664429037,319.72346831872744,8.735148924113147,True
vector_thrust,cruise_35,0.7251049970464712,27.191437389242676,63.94810507225216,329.5166695250519,400.3023562244683,272.7173507468187,3.304897488624083,3.3040972631352696,319.7405253612608,8.741861843308067,True
vector_thrust,cruise_35,0.7245158629788562,27.169344861707113,63.957661014974,329.47261874966773,400.2598009818398,272.7581115756615,3.3076369622996036,3.3045910994924133,319.78830507487,8.760671024917718,True
vector_thrust,cruise_35,0.7236643702296003,27.137413883610016,63.97146238003889,329.4090231221911,400.19837824172276,272.81698123381983,3.3116042547316886,3.305304332720406,319.8573119001945,8.787851079844836,True
vector_thrust,cruise_35,0.7227190503095696,27.101964386608866,63.9867704988843,329.33851986536723,400.1303030210265,272.8822779435561,3.3160196151621317,3.306095432660841,319.9338524944215,8.818018664869607,True
vector_thrust,cruise_35,0.7218671355498044,27.07001758311767,64.0005533743225,329.2750731069876,400.06905855440505,272.9410687347008,3.320008569834377,3.3068077103783633,320.0027668716125,8.845198719796723,True
vector_thrust,cruise_35,0.7212774752441752,27.04790532165658,64.01008626061054,329.2312079683371,400.026725615189,272.98173121702456,3.322775056074637,3.307300355221789,320.0504313030527,8.864007901406376,True
vector_thrust,cruise_35,0.7210670047531607,27.040012678243528,64.01348748385276,329.2155608838966,400.0116269844508,272.9962391190662,3.323763603598126,3.307476125187647,320.0674374192638,8.870720820601294,True
vector_thrust,cruise_36,0.7210670047531607,27.040012678243528,64.01348503109456,329.1780915457551,399.97528947691853,272.9962333735348,3.323385242839952,3.323385242839952,320.0674251554728,8.870720820601294,True
vector_thrust,cruise_36,0.7208565221605142,27.03211958101929,64.01688571957351,329.1624539467706,399.96020287589585,273.01073899278384,3.3243743440593905,3.3235618304813084,320.08442859786754,8.877433739796212,True
vector_thrust,cruise_36,0.7202666981654804,27.01000118120552,64.02641135561414,329.1186613749839,399.91795870241583,273.0513705453997,3.3271491162702618,3.3240564684500766,320.1320567780707,8.896242921405864,True
vector_thrust,cruise_36,0.7194142089334995,26.97803283500624,64.04016878341169,329.05543922893355,399.85698587335753,273.11005278447584,3.331167580914991,3.3247708507877096,320.2008439170584,8.923422976332981,True
vector_thrust,cruise_36,0.7184677836835676,26.94254188813379,64.05542793812458,328.9853510123909,399.7894105741885,273.1751406320317,3.3356399667794374,3.325563213339318,320.27713969062296,8.953590561357752,True
vector_thrust,cruise_36,0.7176148736734137,26.91055776275302,64.06916651928083,328.9222786493639,399.72861702396966,273.2337424808078,3.339680506550994,3.3262766170263176,320.34583259640414,8.98077061628487,True
vector_thrust,cruise_36,0.7170245249770748,26.88841968664031,64.07866865382266,328.8786728539579,399.68659640754424,273.27427378787195,3.3424828061999863,3.326770034631775,320.3933432691133,8.999579797894521,True
vector_thrust,cruise_36,0.7168138088705545,26.880517832645797,64.0820588820706,328.86311837828464,399.6716092987702,273.28873478948964,3.3434841583065364,3.3269460791096748,320.410294410353,9.00629271708944,True
vector_thrust,cruise_37,0.7168138088705545,26.880517832645797,64.08205591767396,328.82567493986807,399.63533785224456,273.2887271415576,3.343103384959417,3.343103384959417,320.4102795883698,9.00629271708944,True
vector_thrust,cruise_37,0.7166030820916038,26.872615578435152,64.08544557643081,328.81013007575467,399.62036290385265,273.3031857143155,3.3441052949440966,3.3432802546899545,320.42722788215406,9.013005636284358,True
vector_thrust,cruise_37,0.7160125684367452,26.850471316377952,64.09494033311296,328.7665971652414,399.57843142609875,273.34368555277814,3.3469160483964018,3.3437756836396626,320.4747016655648,9.03181481789401,True
vector_thrust,cruise_37,0.715159093243485,26.818465996630692,64.10762959007305,328.7090100682233,399.5231702943449,273.3978115155948,3.3509867413520356,3.3444377990931584,320.5381479503652,9.058994872821128,True
vector_thrust,cruise_37,0.7142115955632284,26.78293483362107,64.12088131177221,328.6486372560218,399.4653954695451,273.4543366684207,3.355509605504847,3.3451292635078236,320.604406558861,9.089162457845898,True
vector_thrust,cruise_37,0.7133577597869876,26.75091599201204,64.13125545852894,328.60044524640756,399.41955886196115,273.4985875398777,3.3595768334326777,3.3456705783278773,320.6562772926447,9.116342512773015,True
vector_thrust,cruise_37,0.7127667998121677,26.728754992956297,64.13845304427248,328.56822127061804,399.3889730168284,273.5292888063306,3.3624099555776934,3.346046142694819,320.6922652213624,9.135151694382667,True
vector_thrust,cruise_37,0.7125558710364794,26.72084516386799,64.14102549412299,328.55670563853323,399.3780436406928,273.54026157848807,3.3634223263737897,3.346180371106381,320.7051274706149,9.141864613577585,True
vector_thrust,cruise_38,0.7125558710364794,26.72084516386799,64.14102247636185,328.5232197655068,399.3457700089096,273.54025379445966,3.3630794370810024,3.3630794370810024,320.70511238180933,9.141864613577585,True
vector_thrust,cruise_38,0.7123449331438021,26.712934992892585,64.14359685463297,328.51168836904554,399.33482742060227,273.55123479250034,3.364092265452354,3.3632144445184706,320.71798427316486,9.148577532772503,True
vector_thrust,cruise_38,0.7117538491438312,26.690769342893677,64.15082037226688,328.47933598629595,399.3041293652875,273.5820466717831,3.3669336343969287,3.3635932655373013,320.7541018613344,9.167386714382156,True
vector_thrust,cruise_38,0.7108995797575519,26.658734240908206,64.16128542638035,328.43247568939495,399.25967142407296,273.62668530934087,3.3710486348945357,3.3641420815963183,320.8064271319017,9.194566769309272,True
vector_thrust,cruise_38,0.7099512342430705,26.62317128411515,64.17293786756517,328.38031267841836,399.2101911438561,273.67638874047725,3.375628588654262,3.3647531674781526,320.8646893378258,9.224734354334043,True
vector_thrust,cruise_38,0.709096643546472,26.591124132992704,64.18346984403492,328.3331783694335,399.16548860155257,273.72131283477825,3.3797664281138498,3.365305493125575,320.91734922017463,9.251914409261161,True
vector_thrust,cruise_38,0.7085051588782179,26.568943457933177,64.1907768120371,328.30048429876655,399.13448553326225,273.7524806711838,3.3826362769989378,3.365688690509725,320.95388406018554,9.270723590870812,True
vector_thrust,cruise_38,0.7082940426710673,26.561026600165032,64.19338832945925,328.28880083672027,399.1234072012655,273.7636200860197,3.38366178023407,3.3658256456249456,320.9669416472963,9.277436510065732,True
vector_thrust,cruise_39,0.7082940426710673,26.561026600165032,64.19338509375548,328.2551011467579,399.090959736786,273.7636115342867,3.38331433296071,3.38331433296071,320.9669254687774,9.277436510065732,True
vector_thrust,cruise_39,0.7080829171777522,26.553109394165713,64.19599869692553,328.24340186547084,399.0798681444589,273.7747597873189,3.3843403107146792,3.383452108920268,320.97999348462764,9.28414942926065,True
vector_thrust,cruise_39,0.707491306769824,26.530924003868403,64.20333180890573,328.21057891676674,399.0487524391317,273.8060391414246,3.387218575742433,3.383838675588053,321.01665904452864,9.3029586108703,True
vector_thrust,cruise_39,0.7066362747138497,26.498860301769373,64.21395545443602,328.16303820642935,399.0036905844246,273.8513542506592,3.391387078705452,3.3843987034811462,321.0697772721801,9.330138665797419,True
vector_thrust,cruise_39,0.7056870799435685,26.46326549788382,64.22578422749028,328.110119401659,398.9535394664362,273.90180982559184,3.39602667453841,3.385022259946122,321.1289211374514,9.36030625082219,True
vector_thrust,cruise_39,0.7048317216059691,26.431189560223846,64.23647535320484,328.0623036103985,398.9082320275431,273.94741277123705,3.4002184841914316,3.385585845072582,321.18237676602416,9.387486305749306,True
vector_thrust,cruise_39,0.7042397043306213,26.408988912398303,64.24389261186946,328.0291376409494,398.8768100833319,273.9790510526236,3.4031258124495927,3.385976847552004,321.2194630593473,9.406295487358959,True
vector_thrust,cruise_39,0.7040283977639527,26.401064916148233,64.24654352253658,328.0172857009106,398.8655822017324,273.9903584994063,3.404164717924822,3.386116590911447,321.23271761268296,9.413008406553876,True
vector_thrust,cruise_40,0.7040283977639527,26.401064916148233,64.24653749698822,327.98337241892887,398.83296125073804,273.9903392810603,3.403812526995573,3.403812526995573,321.23268748494115,9.413008406553876,True
vector_thrust,cruise_40,0.7038170817655168,26.393140566206885,64.24919274379049,327.9715046048355,398.82172006065974,274.00166423664757,3.4048520242787177,3.403953218181243,321.24596371895245,9.419721325748794,True
vector_thrust,cruise_40,0.7032249368045425,26.370935130170345,64.25663636721077,327.9382092710187,398.79018503841934,274.03341497639553,3.4077679439197275,3.404347661160434,321.28318183605387,9.438530507358447,True
vector_thrust,cruise_40,0.7023691302908511,26.338842385906926,64.26741993406377,327.8899855092047,398.74451685286186,274.0794122286021,3.411991050604909,3.4049190901519775,321.3370996703188,9.465710562285564,True
vector_thrust,cruise_40,0.7014190731559968,26.303215243349886,64.27942652280785,327.83630796975467,398.6936922020769,274.130626274595,3.4166915180463056,3.4055553279542523,321.39713261403926,9.495878147310334,True
vector_thrust,cruise_40,0.7005629353441186,26.271110075404454,64.29027814132442,327.78780803492657,398.64777742764784,274.17691380052406,3.420938412214056,3.4061303630486077,321.45139070662213,9.523058202237452,True
vector_thrust,cruise_40,0.699970377260155,26.248889147255817,64.29780662406289,327.75416831854227,398.615934913694,274.2090265068767,3.423883994633512,3.406529302779277,321.48903312031445,9.541867383847103,True
vector_thrust,cruise_40,0.6997588774043685,26.24095790266382,64.30049726183546,327.7421472396265,398.6045568767793,274.2205034091372,3.424936579594853,3.406671881615407,321.5024863091773,9.548580303042023,True
vector_thrust,cruise_41,0.6997588774043685,26.24095790266382,64.30049462595552,327.7080186620775,398.57176092987993,274.2204973207839,3.424579856682792,3.424579856682792,321.5024731297776,9.548580303042023,True
vector_thrust,cruise_41,0.6995473679645782,26.23302629867169,64.30318713637442,327.69598165295116,398.560369535132,274.23198225449335,3.425632925548937,3.4247232853215,321.5159356818721,9.55529322223694,True
vector_thrust,cruise_41,0.6989546802164053,26.210800508115206,64.3107422027336,327.6622120748807,398.5284134920657,274.26420835584514,3.428587279317109,3.425125738305967,321.553711013668,9.574102403846592,True
vector_thrust,cruise_41,0.6980980873279976,26.178678274799918,64.32168704118845,327.61330256559813,398.48213650465067,274.3108935148475,3.4328661214583867,3.425708762028437,321.60843520594227,9.60128245877371,True
vector_thrust,cruise_41,0.697147154576287,26.14301829661077,64.3338729501898,327.55886328601724,398.4306355662659,274.3628724548277,3.437628724026897,3.426357896694033,321.669364750949,9.63145004379848,True
vector_thrust,cruise_41,0.6962902253272487,26.11088344977183,64.34488642279206,327.5096764879386,398.38411096328764,274.4098503725829,3.441931847825456,3.426944576509821,321.7244321139603,9.658630098725599,True
vector_thrust,cruise_41,0.6956971181433,26.088641930373758,64.35252707456065,327.4755611359355,398.35184614823703,274.4424415383389,3.4449164805949004,3.4273515885707146,321.7626353728033,9.67743928033525,True
vector_thrust,cruise_41,0.6954854220366985,26.080703326376202,64.35525777768783,327.4633702427684,398.3403173368762,274.45408934009794,3.445983029964011,3.4274970511735043,321.7762888884391,9.684152199530168,True
vector_thrust,cruise_42,0.6954854220366985,26.080703326376202,64.35525460690181,327.42902463405954,398.3073448570383,274.4540812692096,3.445621500779536,3.445621500779536,321.7762730345091,9.684152199530168,True
vector_thrust,cruise_42,0.6952737161971306,26.072764357392405,64.35798730459258,327.41681775353067,398.29580263760494,274.4657375787947,3.4466885501132247,3.445767839397422,321.7899365229629,9.690865118725085,True
vector_thrust,cruise_42,0.6946804773652164,26.050517901195626,64.36565477521174,327.3825720323843,398.2634238330511,274.4984431398841,3.4496821397126975,3.446178439902846,321.8282738760587,9.709674300334738,True
vector_thrust,cruise_42,0.6938230860943907,26.018365728539656,64.37676228042116,327.332974022163,398.21653551953926,274.5458221528892,3.4540178813801736,3.4467732576047396,321.88381140210583,9.736854355261855,True
vector_thrust,cruise_42,0.6928712643720643,25.982672413952415,64.38912906648771,327.2777699330124,398.16435547948913,274.5985726226684,3.4588439188601727,3.44743551102071,321.9456453324386,9.767021940286625,True
vector_thrust,cruise_42,0.6920135316308195,25.950507436155736,64.40030580253044,327.22789349417513,398.117218501392,274.64624693943466,3.463204450362984,3.4480340361004798,322.0015290126522,9.794201995213744,True
vector_thrust,cruise_42,0.691419866991312,25.928245012174205,64.40805960261189,327.19330057775664,398.0845296167379,274.67932073849636,3.4662289526609413,3.448449259633074,322.04029801305944,9.813011176823395,True
vector_thrust,cruise_42,0.6912079716492006,25.920298936845025,64.41083072066066,327.18093918062885,398.0728493985225,274.69114092994306,3.4673097595454094,3.448597655698469,322.0541536033033,9.819724096018314,True
vector_thrust,cruise_43,0.6912079716492006,25.920298936845025,64.41082739791031,327.14637477513804,398.0396988230544,274.69113235674934,3.4669433540231496,3.4669433540231496,322.0541369895515,9.819724096018314,True
vector_thrust,cruise_43,0.6909960664226676,25.91235249085004,64.41360052727599,327.1339973322579,398.02800514541553,274.7029611276992,3.4680246721884624,3.46709264780806,322.06800263637996,9.826437015213232,True
vector_thrust,cruise_43,0.6904022681297751,25.890085054866574,64.42138137796086,327.0992735283013,397.9952018008172,274.73615031162086,3.471058321687561,3.467511536541873,322.1069068898043,9.845246196822883,True
vector_thrust,cruise_43,0.6895440663519504,25.85790248819815,64.43265296492812,327.0489842043869,397.94769958205285,274.78422921559854,3.4754521594071166,3.4681183520410994,322.16326482464063,9.872426251750001,True
vector_thrust,cruise_43,0.6885913421751778,25.822175331569174,64.44520220545552,326.99301217020053,397.8948375651048,274.8377579451433,3.4803429678023803,3.4687939511095967,322.22601102727754,9.902593836774772,True
vector_thrust,cruise_43,0.6877327937691837,25.789979766344395,64.45654363260752,326.94244325340287,397.8470856100149,274.8861347521178,3.484762117945642,3.4694045265147437,322.28271816303754,9.92977389170189,True
vector_thrust,cruise_43,0.6871385632370685,25.767696121390074,64.46441157284336,326.9073708023486,397.81397084887055,274.91969541613065,3.4878273318220674,3.4698281037888177,322.3220578642168,9.948583073311541,True
vector_thrust,cruise_43,0.6869264656456397,25.759742461711497,64.46722346079383,326.8948381967436,397.8021385776729,274.93168951165455,3.4889226975640497,3.4699794841752443,322.33611730396916,9.955295992506459,True
vector_thrust,cruise_44,0.6869264656456397,25.759742461711497,64.46722007016284,326.860053196795,397.7688083163365,274.93168076333075,3.4885513290110706,3.4885513290110706,322.3361003508142,9.955295992506459,True
vector_thrust,cruise_44,0.6867143580165133,25.751788425619257,64.47003398549305,326.847504485817,397.75696253326214,274.94368350754763,3.4896472176347206,3.488703629354099,322.35016992746523,9.962008911701378,True
vector_thrust,cruise_44,0.686119991805553,25.729499692708245,64.47792921580677,326.81230061778956,397.7237328315863,274.9773605778264,3.492721774676209,3.4891309507451878,322.3896460790338,9.98081809331103,True
vector_thrust,cruise_44,0.6852609672803177,25.69728627301192,64.4893663342603,326.7613171072546,397.6756140726579,275.026145556453,3.4971749392596423,3.489749973265805,322.44683167130154,10.007998148238148,True
vector_thrust,cruise_44,0.6843073270360964,25.66152476385362,64.50209964547282,326.70457392554727,397.62206714147624,275.08045943973354,3.502131892922096,3.490439150915962,322.5104982273641,10.038165733262918,True
vector_thrust,cruise_44,0.6834479506758703,25.62929815034514,64.5136072271952,326.65330963299556,397.5736975513693,275.1295449790447,3.506610907486547,3.4910619871890445,322.568036135976,10.065345788190035,True
vector_thrust,cruise_44,0.682853145732863,25.606992964982368,64.52159032345338,326.6177556350373,397.5401550678804,275.16359684126576,3.509717699210543,3.491494064237702,322.6079516172669,10.084154969799688,True
vector_thrust,cruise_44,0.6826408428492572,25.599031606847152,64.52444334467597,326.6050511014088,397.5281700836434,275.17576639082944,3.510827933815551,3.491648481139334,322.62221672337984,10.090867888994605,True
vector_thrust,cruise_45,0.6826408428492572,25.599031606847152,64.52443918656085,326.57004367689484,397.4946585183468,275.1757547760647,3.5104514747349023,3.5104514747349023,322.6221959328043,10.090867888994605,True
vector_thrust,cruise_45,0.6824285297731207,25.59106986649203,64.52729495166214,326.5573229770315,397.48265996866706,275.1879357416855,3.5115622785683342,3.5106068688348007,322.6364747583107,10.097580808189523,True
vector_thrust,cruise_45,0.6818335871061786,25.568759516481702,64.53530558219617,326.5216370214641,397.44900205376206,275.2221050519669,3.514678615054973,3.511042770994006,322.6765279109809,10.116389989799174,True
vector_thrust,cruise_45,0.6809737274759465,25.536514780348,64.54690971248968,326.4699563902198,397.4002640630715,275.2716024201024,3.519192372590951,3.511674215101821,322.7345485624484,10.143570044726292,True
vector_thrust,cruise_45,0.680019157420664,25.500718403274906,64.55982874566405,326.4124387903887,397.34602921718243,275.326708500849,3.524216885370221,3.512377210256976,322.79914372832025,10.173737629751063,True
vector_thrust,cruise_45,0.6791589406985604,25.46846027619602,64.57150397565313,326.3604761627059,397.29703927694874,275.3765091444288,3.5287570459215383,3.513012523287514,322.85751987826563,10.200917684678181,True
vector_thrust,cruise_45,0.6785635527443314,25.446133227912437,64.57960326631698,326.3244385628403,397.2630671856452,275.4110566341123,3.5319063067523837,3.51345324992859,322.89801633158487,10.219726866287832,True
vector_thrust,cruise_45,0.6783510414963498,25.438164056113127,64.58249779214131,326.3115613663667,397.25092881415134,275.4234032216353,3.5330317291704203,3.5136107568877812,322.9124889607065,10.22643978548275,True
vector_thrust,cruise_46,0.6783510414963498,25.438164056113127,64.58249423011382,326.2763296542508,397.2172342985276,275.42339399651047,3.5326501510042156,3.5326501510042156,322.9124711505691,10.22643978548275,True
vector_thrust,cruise_46,0.6781385198994356,25.43019449622884,64.58539084863997,326.26343622941715,397.2050823068919,275.4357494994658,3.5337761221388657,3.532808625811848,322.9269542431999,10.23315270467767,True
vector_thrust,cruise_46,0.677542992156204,25.407862205857654,64.5935179235189,326.227266119912,397.1709942828094,275.47041550334995,3.5369351352140095,3.5332532607503655,322.9675896175945,10.25196188628732,True
vector_thrust,cruise_46,0.6766822849438878,25.375585685395794,64.60529058000871,326.1748853716627,397.12163431108706,275.52063172033877,3.5415107884832207,3.5338973466573553,323.0264529000436,10.279141941214439,True
vector_thrust,cruise_46,0.6757267712007126,25.339753920026727,64.61839702339189,326.11659001382003,397.0667084857795,275.57653719973894,3.546604315220623,3.5346144044837775,323.09198511695945,10.30930952623921,True
vector_thrust,cruise_46,0.6748657015885191,25.307463809569477,64.6302414301841,326.06392602898717,397.01709542222784,275.627059467342,3.5512069406087012,3.5352624158733956,323.15120715092047,10.336489581166326,True
vector_thrust,cruise_46,0.674269721939005,25.285114572712693,64.63845797651167,326.02740272874007,396.98269179733154,275.662107111316,3.554399587701457,3.535711945824285,323.1922898825584,10.355298762775979,True
vector_thrust,cruise_46,0.6740569992245079,25.27713747091905,64.64139438648441,326.0143521190608,396.97039934995433,275.67463235576577,3.555540526158223,3.5358725977792798,323.20697193242205,10.362011681970897,True
vector_thrust,cruise_47,0.6740569992245079,25.27713747091905,64.64139065234184,325.978894222801,396.93652020886594,275.67462256517797,3.555153693034743,3.555153693034743,323.20695326170915,10.362011681970897,True
vector_thrust,cruise_47,0.6738442660030739,25.269159975115276,64.64432926933057,325.96582732135016,396.92421408549353,275.68715717319924,3.5562951977165214,3.5553153417842105,323.2216463466528,10.368724601165814,True
vector_thrust,cruise_47,0.6732481444790964,25.246805417966122,64.65257385533131,325.92917094783826,396.8896940157893,275.72232442105883,3.5594978106186943,3.5557688654707165,323.26286927665655,10.387533782775467,True
vector_thrust,cruise_47,0.6723865770855972,25.214496640709903,64.66451658524815,325.8760870230047,396.8397092550809,275.7732660866637,3.56413670034484,3.5564258191246987,323.3225829262408,10.414713837702584,True
vector_thrust,cruise_47,0.671430105641693,25.178628961563497,64.67781216406675,325.81701049677696,396.78408932027617,275.8299783237248,3.5693007383371924,3.557157191193524,323.3890608203337,10.444881422727354,True
vector_thrust,cruise_47,0.6705681704881384,25.146306393305196,64.68982730922473,325.7636420690479,396.73385030111217,275.88122887624456,3.5739671859377733,3.5578181283133983,323.4491365461236,10.472061477654472,True
vector_thrust,cruise_47,0.6699715903738238,25.123934639018398,64.69816219583997,325.7266309257202,396.699013175827,275.91678130100564,3.5772041632948905,3.5582766193163406,323.49081097919986,10.490870659264123,True
vector_thrust,cruise_47,0.6697586530601153,25.115949489754325,64.70114087785566,325.71340613666655,396.6865659492778,275.9294868569582,3.578360955630411,3.5584404726436674,323.5057043892783,10.497583578459041,True
vector_thrust,cruise_48,0.6697586530601153,25.115949489754325,64.70113613342632,325.6777201256215,396.6525004783055,275.92947327647266,3.5779687249651424,3.5779687249651424,323.50568066713157,10.497583578459041,True
vector_thrust,cruise_48,0.6695457050798457,25.107963940494216,64.7041179690376,325.66447898007493,396.64003951873167,275.94219185019256,3.5791261430234464,3.578133646307019,323.52058984518794,10.50429649765396,True
vector_thrust,cruise_48,0.6689489809848408,25.085586786931533,64.71248115563078,325.62733418805936,396.60508542575366,275.97786498953076,3.582373306024047,3.5785962187729385,323.5624057781539,10.523105679263612,True
vector_thrust,cruise_48,0.6680865406866241,25.05324527574841,64.72459553886611,325.57354396268164,396.55447300838716,276.0295388434135,3.5870768122254857,3.579266271996668,323.62297769433053,10.55028573419073,True
vector_thrust,cruise_48,0.6671290973904705,25.01734115214265,64.73808201447947,325.5136827859886,396.4981557674898,276.08706535204016,3.5923129027091445,3.580012216408762,323.6904100723974,10.5804533192155,True
vector_thrust,cruise_48,0.6662662839188189,24.984985646955717,64.75026949211419,325.45960676478376,396.44728790027443,276.13905098995855,3.597044569787172,3.580686312526189,323.75134746057097,10.607633374142617,True
vector_thrust,cruise_48,0.6656690944830808,24.962591043115534,64.75872382591068,325.42210559068445,396.41201526606415,276.1751129176657,3.600326849171297,3.5811539263985526,323.7936191295534,10.62644255575227,True
vector_thrust,cruise_48,0.6654559394063208,24.95459772773703,64.76174517576294,325.4087058400054,396.3994125421338,276.1880004736548,3.601499843164207,3.5813210389281522,323.8087258788147,10.633155474947188,True
vector_thrust,cruise_49,0.6654559394063208,24.95459772773703,64.76174063300556,325.37278974883924,396.3651590070655,276.18798777619367,3.60110217196467,3.60110217196467,323.8087031650278,10.633155474947188,True
vector_thrust,cruise_49,0.6652427735016626,24.946604006312356,64.76476488478828,325.3593735756093,396.3525424918808,276.20088738871465,3.6022757918905817,3.6012703647345323,323.82382442394135,10.639868394142106,True
vector_thrust,cruise_49,0.6646454379576395,24.92420392341149,64.7732477874235,325.321738165384,396.3171523560336,276.2370711770275,3.6055684834376494,3.601742150345965,323.8662389371175,10.658677575751758,True
vector_thrust,cruise_49,0.6637821119039525,24.891829196398227,64.78553544221134,325.2672384499859,396.26590935355085,276.2894841209513,3.610338027138506,3.602425541277347,323.92767721105673,10.685857630678875,True
vector_thrust,cruise_49,0.6628236824621512,24.855888092330677,64.79921461934148,325.20658906776805,396.2088915422511,276.347832598137,3.6156477572507364,3.603186323198445,323.99607309670745,10.716025215703645,True
vector_thrust,cruise_49,0.6619599777672266,24.823499166271006,64.8115760629743,325.1518022365207,396.1573918733153,276.40056028828724,3.620446082759948,3.6038738179770973,324.05788031487145,10.743205270630764,True
vector_thrust,cruise_49,0.66136217006421,24.801081377407886,64.82015097925698,325.1138087981617,396.1216816791466,276.4371365606292,3.6237746650173266,3.604350721027203,324.1007548962849,10.762014452240415,True
vector_thrust,cruise_49,0.6611487940286411,24.793079776074045,64.82321540289122,325.1002332872349,396.1089227244341,276.4502078479054,3.6249642188619644,3.604521152193959,324.1160770144561,10.768727371435332,True
vector_thrust,cruise_50,0.6611487940286411,24.793079776074045,64.8232109888654,325.0640851152808,396.0744793607148,276.4501957572739,3.624560997480418,3.624560997480418,324.116054944327,10.768727371435332,True
vector_thrust,cruise_50,0.6609354070022098,24.785077762582873,64.82627811395898,325.05049311438927,396.0617065552999,276.46327833722603,3.625751180300962,3.624732524250045,324.13139056979486,10.775440290630252,True
vector_thrust,cruise_50,0.6603374510418315,24.762654414068688,64.83488187131266,325.01236484025065,396.025878314303,276.4999776316309,3.6290904079037754,3.6252136916833706,324.17440935656333,10.794249472239903,True
vector_thrust,cruise_50,0.659473226252386,24.730245984464485,64.84734444908587,324.95715237869933,395.97400173638636,276.5531367099504,3.6339274523641034,3.62591066468211,324.23672224542935,10.821429527167021,True
vector_thrust,cruise_50,0.6585137962271904,24.694267358519646,64.86121816916585,324.895711161652,395.916280021469,276.61231501051265,3.6393124564760884,3.626686556193156,324.30609084582926,10.851597112191792,True
vector_thrust,cruise_50,0.657649187273237,24.661844522746392,64.87375524575413,324.8402102366649,395.86414553483735,276.6657918633667,3.6441789222739396,3.627387695559658,324.3687762287706,10.878777167118908,True
vector_thrust,cruise_50,0.6570507522664367,24.639403209991382,64.88245190193902,324.8017222539707,395.827995686435,276.7028874175305,3.647554838074015,3.6278740583869076,324.4122595096951,10.897586348728561,True
vector_thrust,cruise_50,0.6568371520438927,24.63139320164598,64.88555981357854,324.78797016752077,395.81507975208166,276.716144202915,3.6487613206646365,3.6280478691781246,324.4277990678927,10.904299267923479,True
vector_thrust,cruise_51,0.6568371520438927,24.63139320164598,64.88555548351123,324.75158787818367,395.78044476430443,276.7161325517489,3.648352437964625,3.648352437964625,324.4277774175561,10.904299267923479,True
vector_thrust,cruise_51,0.656623540657359,24.623382774650967,64.88866593886043,324.73781923257536,395.7675149181914,276.72940003074734,3.6495595550761073,3.6485273624943346,324.4433296943022,10.911012187118397,True
vector_thrust,cruise_51,0.6560249552449284,24.600935821684825,64.89738901851572,324.69919580308203,395.73124646730327,276.76660940978246,3.6529462192770974,3.649017948017723,324.48694509257865,10.92982136872805,True
vector_thrust,cruise_51,0.6551598186245409,24.56849319842029,64.91003090290639,324.64326727222783,395.67873326142154,276.8205322060296,3.6578524086768485,3.6497288909010885,324.55015451453187,10.957001423655166,True
vector_thrust,cruise_51,0.6541993734282348,24.53247650355881,64.92410104807738,324.5810305153667,395.62030423941786,276.8805483583749,3.663314370352463,3.6505201713866424,324.6205052403869,10.987169008679937,True
vector_thrust,cruise_51,0.6533338470468482,24.500019264256814,64.93681546108108,324.5248121446571,395.5675318557214,276.93478164020036,3.668250502938282,3.6512352078543113,324.6840773054054,11.014349063607055,True
vector_thrust,cruise_51,0.6527347756068411,24.47755408525655,64.94563504048652,324.4858272901227,395.53094021477716,276.97240152368556,3.671674814072959,3.651731205656693,324.72817520243257,11.033158245216706,True
vector_thrust,cruise_51,0.6525209479360432,24.469535547601627,64.94878686314465,324.4718977959252,395.51786653618876,276.98584561163847,3.672898605426389,3.651908458679879,324.7439343157232,11.039871164411625,True
vector_thrust,cruise_52,0.6525209479360432,24.469535547601627,64.9487825844017,324.4352793164599,395.48303809794004,276.98583427968924,3.672483947904015,3.672483947904015,324.7439129220085,11.039871164411625,True
vector_thrust,cruise_52,0.6523071089432324,24.46151658537122,64.95193682311206,324.4213331932914,395.46995044599583,276.9992885782107,3.6737083811016955,3.672662334988246,324.7596841155603,11.046584083606543,True
vector_thrust,cruise_52,0.6517078848812587,24.43904568304721,64.96078580688169,324.38221226613365,395.43323963326765,277.0370338867299,3.6771438253893494,3.673162790327436,324.80392903440844,11.065393265216194,True
vector_thrust,cruise_52,0.6508418231474535,24.40656836802951,64.97360333159176,324.32556427130703,395.3800866805012,277.09170699239104,3.682120438649052,3.6738876869758323,324.86801665795883,11.092573320143313,True
vector_thrust,cruise_52,0.6498803480492112,24.37051305184543,64.98787182539476,324.26252819306967,395.3209468768358,277.1525692015175,3.687661092456297,3.674694643355505,324.9393591269738,11.122740905168083,True
vector_thrust,cruise_52,0.6490138909333375,24.338020910000164,65.00076531594667,324.20558895497777,395.2675334520064,277.20756633923503,3.692668464709079,3.67542383626161,325.00382657973336,11.1499209600952,True
vector_thrust,cruise_52,0.6484141738368261,24.315531518880988,65.00970902790615,324.1661048528547,395.23049783541205,277.24571571053906,3.6961422652529943,3.675929648965357,325.0485451395308,11.168730141704852,True
vector_thrust,cruise_52,0.6482001154225886,24.307504328347076,65.01290519409993,324.15199710142343,395.2172656319642,277.25934894598265,3.697383756960631,3.6761104085282237,325.0645259704997,11.17544306089977,True
vector_thrust,cruise_53,0.6482001154225886,24.307504328347076,65.01290087697896,324.115140320575,395.1822418836413,277.25933759356025,3.696963205084298,3.696963205084298,325.0645043848948,11.17544306089977,True
vector_thrust,cruise_53,0.64798604551815,24.29947670693063,65.0160994181966,324.10101586853125,395.1689956435874,277.2729808904607,3.698205350811661,3.6971451241751927,325.080497090983,11.182155980094688,True
vector_thrust,cruise_53,0.6473861735827862,24.276981509354485,65.02507282559566,324.0613950561191,395.1318402749999,277.31125692849025,3.7016905396737654,3.697655495098891,325.1253641279783,11.20096516170434,True
vector_thrust,cruise_53,0.64651917336755,24.244469001283132,65.03807044955545,324.00402413482925,395.0780443934283,277.3666982482538,3.7067393139717306,3.698394747096627,325.19035224777724,11.228145216631457,True
vector_thrust,cruise_53,0.6455566534755267,24.208374505332255,65.05253925800093,323.94018487501415,395.01819026049355,277.42841490032475,3.712360447521913,3.699217674085589,325.26269629000467,11.258312801656228,True
vector_thrust,cruise_53,0.6446892521815651,24.175846956808698,65.06561360554004,323.8825212772047,394.96413258481977,277.48418348427145,3.7174406804441404,3.6999612898088325,325.3280680277002,11.285492856583346,True
vector_thrust,cruise_53,0.6440888801080235,24.153333004050886,65.07468268613506,323.8425355025782,394.92665076380086,277.5228676159587,3.720965098010499,3.7004771022345193,325.3734134306753,11.304302038192997,True
vector_thrust,cruise_53,0.6438745876207318,24.14529703577745,65.07792363787783,323.8282486268675,394.91325923855936,277.5366918843377,3.7222246936713153,3.700661434390752,325.3896181893891,11.311014957387917,True
vector_thrust,cruise_54,0.6438745876207318,24.14529703577745,65.0779193836387,323.7911513967695,394.8780382892358,277.536680907764,3.721798134552094,3.721798134552094,325.38959691819355,11.311014957387917,True
vector_thrust,cruise_54,0.6436602835209778,24.13726063203667,65.0811625636907,323.7768477495502,394.86463266484617,277.5505146813452,3.7230583911215174,3.7219836470131495,325.40581281845346,11.317727876582834,True
vector_thrust,cruise_54,0.6430597542757243,24.114740785339666,65.0902616384201,323.73672460955635,394.8270304955953,277.5893267539386,3.7265944606182577,3.7225041212758807,325.4513081921005,11.336537058192485,True
vector_thrust,cruise_54,0.6421918029998087,24.082192612492832,65.10328782600752,323.67920861130716,394.7731698167906,277.64488991319155,3.7317149517131445,3.7232492294964628,325.51643913003755,11.363717113119604,True
vector_thrust,cruise_54,0.6412282279764332,24.04605854911625,65.11766828313763,323.61585118942526,394.7138866740819,277.7062297046169,3.737416580056052,3.724071803004778,325.58834141568815,11.393884698144374,True
vector_thrust,cruise_54,0.6403598777306532,24.013495414899502,65.13059371500393,323.55893373095904,394.66065550000326,277.7613630906808,3.7425692894969393,3.7248111479185138,325.65296857501966,11.42106475307149,True
vector_thrust,cruise_54,0.6397588504111265,23.990956890417245,65.13952119477989,323.5196376217179,394.62391897630346,277.7994432255755,3.7461438330436727,3.7253218068143075,325.6976059738994,11.439873934681144,True
vector_thrust,cruise_54,0.6395443244292863,23.982912166098245,65.1427039636888,323.5056312356602,394.61082779910055,277.8130193156283,3.747421312172053,3.7255038637102387,325.713519818444,11.446586853876061,True
vector_thrust,cruise_55,0.6395443244292863,23.982912166098245,65.14269908221422,323.46899193345405,394.57610826586244,277.8130060632658,3.746996711446782,3.746996711446782,325.7134954110711,11.446586853876061,True
vector_thrust,cruise_55,0.6393297869956726,23.974867012337725,65.14588040460936,323.45500574803026,394.5630399689544,277.82657583861806,3.74827508484575,3.7471797334886245,325.7294020230468,11.45329977307098,True
vector_thrust,cruise_55,0.6387286054438802,23.952322704145512,65.15478381522895,323.41586846251033,394.5264793247573,277.8645532644193,3.7518618515191533,3.7476919531705,325.77391907614475,11.472108954680632,True
vector_thrust,cruise_55,0.6378597142703476,23.91973928513804,65.16762451414688,323.35944668587695,394.4737933394296,277.91932521020374,3.7570576398013262,3.748430688565368,325.8381225707344,11.499289009607748,True
vector_thrust,cruise_55,0.6368950986890382,23.88356620083894,65.18184192730962,323.2970078268895,394.4155181160893,277.97996953494334,3.762842266968502,3.749248627540174,325.9092096365481,11.529456594632519,True
vector_thrust,cruise_55,0.6360258131041043,23.850967991403916,65.19462004977454,323.240918846272,394.3631959635003,278.03447457503256,3.768070086923291,3.749983763050443,325.9731002488727,11.556636649559637,True
vector_thrust,cruise_55,0.6354241397301199,23.8284052398795,65.20344536265,323.2021965502433,394.3270890109272,278.0721189199787,3.771696793367615,3.750491490311728,326.01722681325,11.575445831169288,True
vector_thrust,cruise_55,0.6352093834151813,23.820351878069303,65.2065916235236,323.18839505238526,394.31422262564496,278.08553928652685,3.772992925937169,3.750672497205663,326.03295811761797,11.582158750364208,True
vector_thrust,cruise_56,0.6352093834151813,23.820351878069303,65.2065869453787,323.15189807839783,394.27968907060267,278.08552696473754,3.7725666827584283,3.7725666827584283,326.03293472689353,11.582158750364208,True
vector_thrust,cruise_56,0.6349946157704934,23.812298091393508,65.20973155597851,323.13811687370537,394.2668456654989,278.098940222117,3.7738637196225833,3.772748649826076,326.04865777989255,11.588871669559126,True
vector_thrust,cruise_56,0.6343927898605658,23.78972961977122,65.2185323933621,323.0995542018596,394.2309154355857,278.13648016399435,3.77750290501726,3.773257924564481,326.09266196681045,11.607680851168777,True
vector_thrust,cruise_56,0.6335229693318329,23.757111349943738,65.23122466525061,323.0439634692292,394.1791411571081,278.19061900727064,3.782774717022986,3.773992383486585,326.156123326253,11.634860906095895,True
vector_thrust,cruise_56,0.6325573246980557,23.720899676177098,65.24527691894984,322.98244797090285,394.1218788629059,278.250558848284,3.788644101738984,3.774805539962742,326.2263845947492,11.665028491120665,True
vector_thrust,cruise_56,0.6316871141857744,23.688266781966544,65.2579058508229,322.92719178289195,394.07047023673687,278.3044275146008,3.7939486271935032,3.7755363336074503,326.2895292541145,11.692208546047784,True
vector_thrust,cruise_56,0.6310848019754783,23.66568007408044,65.2666277024395,322.88904628101903,394.0349959674205,278.3416305434189,3.7976286058603965,3.77604103771251,326.3331385121975,11.711017727657435,True
vector_thrust,cruise_56,0.63086981790718,23.657618171519257,65.26973699551394,322.8754507343077,394.0223554837391,278.35489322270337,3.7989437889219633,3.7762209620060863,326.3486849775697,11.717730646852353,True
vector_thrust,cruise_57,0.63086981790718,23.657618171519257,65.26973184892653,322.8390980115928,393.98800999258646,278.35487925154905,3.798515873118642,3.798515873118642,326.34865924463264,11.717730646852353,True
vector_thrust,cruise_57,0.6306548226331047,23.649555848741432,65.27283986450703,322.8255228498461,393.97539258814146,278.36813624801795,3.7998320012333737,3.7986967821497766,326.3641993225352,11.72444356604727,True
vector_thrust,cruise_57,0.6300523596069102,23.626963485259136,65.28153691661257,322.78753776519596,393.94009587648,278.4052334974876,3.803524726216541,3.7992030225696976,326.40768458306286,11.743252747656923,True
vector_thrust,cruise_57,0.6291816202106607,23.59431075789978,65.29407889747588,322.7327823663598,393.88923778252155,278.4587312789524,3.808874183356831,3.7999330696686284,326.4703944873794,11.77043280258404,True
vector_thrust,cruise_57,0.6282149581974177,23.55806093240317,65.30796389956636,322.6721949802061,393.8329933766292,278.51795771340295,3.8148301345623636,3.800741291719463,326.5398194978318,11.80060038760881,True
vector_thrust,cruise_57,0.6273438333043199,23.525393748912,65.32044174568534,322.617775856895,393.78250273528334,278.5711819283096,3.8202130043283162,3.8014676056454157,326.6022087284267,11.827780442535929,True
vector_thrust,cruise_57,0.6267408895725814,23.502783358971808,65.32905882316702,322.5802101006119,393.74766422915076,278.60793804626286,3.8239473945690787,3.8019691908802606,326.6452941158351,11.84658962414558,True
vector_thrust,cruise_57,0.626525680364828,23.494713013681057,65.33213067950282,322.5668215574186,393.7352507452132,278.62104104017874,3.825282035793144,3.8021479983454243,326.6606533975141,11.853302543340499,True
vector_thrust,cruise_58,0.626525680364828,23.494713013681057,65.33212578961708,322.5306149827738,393.70109537563565,278.62102822113474,3.8248524903014283,3.8248524903014283,326.66062894808545,11.853302543340499,True
vector_thrust,cruise_58,0.626310460077191,23.48664225289467,65.33519593872735,322.51724691559247,393.68870506914726,278.6341238674335,3.8261880757087487,3.825032264655424,326.67597969363675,11.860015462535417,True
vector_thrust,cruise_58,0.6257073672731047,23.464026272741435,65.34378791283734,322.47984236193565,393.6540449472788,278.6707729080799,3.8299354882105177,3.8255353751897525,326.7189395641867,11.878824644145068,True
vector_thrust,cruise_58,0.6248357196370328,23.431339486388733,65.35617773449908,322.4259265435541,393.6041074684595,278.72362165644313,3.83536425710352,3.8262608719983637,326.78088867249545,11.906004699072186,True
vector_thrust,cruise_58,0.6238680520725963,23.395051952722365,65.36989341422624,322.3662719729218,393.54888585752366,278.7821258485387,3.8414086356419324,3.82706400558185,326.84946707113124,11.936172284096957,True
vector_thrust,cruise_58,0.6229960234847658,23.362350880678722,65.38221831167446,322.31269414273805,393.4993176117965,278.8346976628575,3.846871536310924,3.8277857006965386,326.91109155837233,11.963352339024075,True
vector_thrust,cruise_58,0.6223924556427648,23.339717086603688,65.39072932670902,322.275711053106,393.46511791566803,278.8710013728023,3.8506615108499425,3.8282840706016255,326.9536466335451,11.982161520633726,True
vector_thrust,cruise_58,0.6221770239437804,23.33163839789177,65.39376328651498,322.2625305549317,393.45293251777014,278.883942719555,3.852016029875611,3.8284617267630106,326.96881643257495,11.988874439828644,True
vector_thrust,cruise_59,0.6221770239437804,23.33163839789177,65.3937584597844,322.22647202270383,393.4189693219181,278.883930316075,3.8515848495960947,3.8515848495960947,326.9687922989219,11.988874439828644,True
vector_thrust,cruise_59,0.621961581292361,23.323559298463543,65.39679049067743,322.21331209079636,393.4068071987956,278.8968634518252,3.8529403233265103,3.8517634653724024,326.9839524533872,11.995587359023563,True
vector_thrust,cruise_59,0.6213578661439014,23.30091998039631,65.40527609576819,322.1764909812797,393.3727867048688,278.9330587767878,3.8567436037283906,3.852263348478231,327.02638047884096,12.014396540633214,True
vector_thrust,cruise_59,0.6204853210331822,23.268199538744334,65.41751189451865,322.1234189455148,393.323774223338,278.98525054240116,3.8622533982678315,3.852984153773403,327.0875594725933,12.041576595560333,True
vector_thrust,cruise_59,0.6195166598983958,23.231874746189845,65.43105618604784,322.06470184407743,393.26958025990706,279.04302368029096,3.8683881178380535,3.85378204177777,327.1552809302392,12.071744180585103,True
vector_thrust,cruise_59,0.6186437384393655,23.199140191476214,65.44322627590134,322.0119694904343,393.2209387715823,279.09493516477994,3.8739327839501754,3.8544989761918513,327.2161313795067,12.09892423551222,True
vector_thrust,cruise_59,0.6180395539933926,23.176483274752226,65.4516299434038,321.97557195722095,393.1873808982111,279.13078098519253,3.877779548913637,3.8549940323919913,327.258149717019,12.117733417121872,True
vector_thrust,cruise_59,0.6178239024853427,23.168396343200353,65.45462554831455,321.9626005343692,393.17542466046007,279.14355872962665,3.8791543773544728,3.855170502104028,327.2731277415728,12.12444633631679,True
vector_thrust,cruise_60,0.6178239024853427,23.168396343200353,65.45462054324067,321.9266919359935,393.14165568442627,279.1435458213093,3.8787215545849145,3.8787215545849145,327.27310271620337,12.12444633631679,True
vector_thrust,cruise_60,0.6176082401539508,23.160309005773158,65.45761423049746,321.91374116885197,393.12972281786926,279.1563153881809,3.880097361184639,3.8788989887223284,327.2880711524873,12.131159255511708,True
vector_thrust,cruise_60,0.6170039101899464,23.137646632122994,65.46599218343863,321.87750638511335,393.0963449557368,279.19205152429265,3.8839577237911076,3.8793955451481863,327.32996091719315,12.149968437121359,True
vector_thrust,cruise_60,0.6161304785073854,23.104892944026957,65.47807210714114,321.8252822883833,393.04826180386266,279.243578406896,3.8895503071893716,3.880111515240227,327.3903605357057,12.177148492048477,True
vector_thrust,cruise_60,0.6151608359357116,23.06853134758919,65.49144295738061,321.7675072587478,392.99510028492375,279.30061173322923,3.8957773366286066,3.8809039978015822,327.4572147869031,12.207316077073248,True
vector_thrust,cruise_60,0.6142870325663967,23.03576372123988,65.50345639258288,321.71562451878447,392.9473898654493,279.35185500931215,3.901405552789917,3.8816160271586844,327.51728196291435,12.234496132000366,True
vector_thrust,cruise_60,0.6136822391177443,23.013083966915417,65.51175143437267,321.67981539958714,392.9144767926007,279.3872374887662,3.905310349086306,3.882107669497429,327.55875717186336,12.253305313610017,True
vector_thrust,cruise_60,0.6134663705166937,23.00498889437602,65.51470822649095,321.66705407085107,392.90275077658646,279.3998496788386,3.906705930903617,3.8822829168718243,327.57354113245475,12.260018232804935,True
vector_thrust,cruise_61,0.6134663705166937,23.00498889437602,65.51470307988258,321.6312972945328,392.86917806001713,279.3998364179079,3.9062714728343457,3.9062714728343457,327.5735153994129,12.260018232804935,True
vector_thrust,cruise_61,0.6132504912230154,22.996893420863085,65.51765792831105,321.6185567101127,392.85747551068033,279.4124403206094,3.907668054905141,3.9064476872022578,327.58828964155526,12.266731151999855,True
vector_thrust,cruise_61,0.6126455540671989,22.974208277519963,65.52592695414252,321.5829111013848,392.82474324895963,279.44771182952326,3.9115867491586904,3.9069408159414887,327.62963477071264,12.285540333609505,True
vector_thrust,cruise_61,0.6117712468526262,22.941421756973487,65.53784916250844,321.53153905306914,392.7775937079731,279.49856597936196,3.9172639357084766,3.9076518045996678,327.6892458125422,12.312720388536624,True
vector_thrust,cruise_61,0.6108006351294792,22.905023817355474,65.55104453196086,321.47471064534216,392.7254693734503,279.55485079461744,3.9235853009943495,3.9084387190481693,327.7552226598043,12.342887973561394,True
vector_thrust,cruise_61,0.6099259609475718,22.872223535533948,65.56289947457134,321.423681608633,392.6786942825864,279.60541802388826,3.9292989035078065,3.9091456962880033,327.8144973728567,12.370068028488511,True
vector_thrust,cruise_61,0.6093205661921567,22.849521232205884,65.57108461829112,321.38846372798866,392.64642895210517,279.6403317369432,3.9332630080076725,3.9096338227059206,327.8554230914556,12.388877210098164,True
vector_thrust,cruise_61,0.6091044832479211,22.841418121797044,65.57400214771359,321.3759135003333,392.63493420656744,279.652776452515,3.9346798003564905,3.909807811488623,327.87001073856794,12.395590129293081,True
vector_thrust,cruise_62,0.6091044832479211,22.841418121797044,65.67486744421862,321.34031043070337,392.60155978225004,279.9129948418946,3.937904738508666,3.937904738508666,328.37433722109307,12.395590129293081,True
vector_thrust,cruise_62,0.6088880508695204,22.83330190760702,65.67779180115586,321.3277632408944,392.5900724322137,279.92546110775515,3.9393261060488323,3.93808011788836,328.3889590057793,12.402303048488,True
vector_thrust,cruise_62,0.6082815645645516,22.810558671170693,65.68597521084308,321.29265994750034,392.5579436056478,279.96034622593714,3.943314392927934,3.9385708927888605,328.4298760542154,12.421112230097652,True
vector_thrust,cruise_62,0.6074050202266722,22.77768825850021,65.69777325292364,321.24207270135065,392.5116672510906,280.010640187504,3.9490925247296675,3.9392784441824085,328.4888662646182,12.448292285024769,True
vector_thrust,cruise_62,0.6064319275160459,22.74119728185173,65.71083018907879,321.18611692623904,392.4605137361426,280.0663006980112,3.955526460995817,3.9400614938875425,328.5541509453939,12.478459870049539,True
vector_thrust,cruise_62,0.6055550198811549,22.708313245543312,65.7225598406196,321.1358755156911,392.4146148138154,280.11630312245444,3.961341966563835,3.940764943844423,328.61279920309795,12.505639924976657,True
vector_thrust,cruise_62,0.6049480805534617,22.68555302075482,65.73065797457099,321.1012034718335,392.3829566371037,280.1508247222941,3.9653768585519886,3.9412506046536553,328.65328987285494,12.524449106586308,True
vector_thrust,cruise_62,0.6047314465613832,22.677429246051872,65.73354438931966,321.08884820597797,392.37167874580007,280.16312924279316,3.9668189679838823,3.941423708548334,328.6677219465983,12.531162025781226,True
vector_thrust,cruise_63,0.6047314465613832,22.677429246051872,65.71052880467815,321.05333537231,392.33844356597876,280.1037575014407,3.965539683551684,3.965539683551684,328.55264402339077,12.531162025781226,True
vector_thrust,cruise_63,0.6045148794305825,22.66930797864685,65.71340926840097,321.0410050718155,392.327193006568,280.1160391696188,3.966981913892476,3.965713559985812,328.56704634200486,12.537874944976146,True
vector_thrust,cruise_63,0.6039080163415452,22.646550612807953,65.72147509502803,321.0065096979904,392.29572786770564,280.150427818743,3.9710290790877765,3.966200413693104,328.60737547514015,12.556684126585797,True
vector_thrust,cruise_63,0.6030309295775752,22.61365985915908,65.73310294717268,320.95680146463036,392.2504111285038,280.2000031629543,3.976892610292644,3.966902271449491,328.6655147358634,12.583864181512915,True
vector_thrust,cruise_63,0.6020572376524512,22.577146411966925,65.74597060146071,320.9018220700694,392.2003234771633,280.2548644047968,3.9834217748541607,3.967678963749359,328.7298530073035,12.614031766537686,True
vector_thrust,cruise_63,0.6011797927008746,22.544242226282805,65.75752947623256,320.85246102128383,392.15538555675147,280.30414562642807,3.9893234847280503,3.968376657496047,328.7876473811628,12.641211821464802,True
vector_thrust,cruise_63,0.600572482959536,22.521468110982607,65.76550926067401,320.81839857909966,392.1243927967223,280.3381674002364,3.99341825687133,3.968858317204382,328.82754630337,12.660021003074455,True
vector_thrust,cruise_63,0.6003557170501626,22.513339389381102,65.76835340019615,320.80626095116236,392.11335246550885,280.3502933755114,3.9948817818106757,3.969029989432501,328.8417670009808,12.666733922269373,True
vector_thrust,cruise_64,0.6003557170501626,22.513339389381102,65.74459077422615,320.7709210320461,392.08033423102165,280.2889939822831,3.9935683107611246,3.9935683107611246,328.72295387113076,12.666733922269373,True
vector_thrust,cruise_64,0.6001390206572473,22.50521327464678,65.74742998114186,320.75880847705633,392.0693213245819,280.301101034116,3.995031999265564,3.9937408124988836,328.7371499057093,12.67344684146429,True
vector_thrust,cruise_64,0.5995317961751037,22.48244235656639,65.75537709924886,320.7249234163633,392.0385222838489,280.33498839413255,3.9991392508730415,3.9942236409010077,328.7768854962443,12.692256023073943,True
vector_thrust,cruise_64,0.5986541892467933,22.44953209675475,65.76683314113023,320.676097641356,391.99416862892434,280.3838381799062,4.005089936027454,3.994919654517816,328.8341657056512,12.71943607800106,True
vector_thrust,cruise_64,0.597679922844095,22.41299710665357,65.7795097275394,320.6220984332307,391.9451506716095,280.4378924980128,4.011716288769493,3.9956898225104407,328.897548637697,12.74960366302583,True
vector_thrust,cruise_64,0.5968019628901646,22.380073608381174,65.79089602655498,320.5736211586136,391.90117718635736,280.48644489304314,4.017705969099032,3.9963815988925595,328.95448013277485,12.776783717952949,True
vector_thrust,cruise_64,0.5961942981933978,22.35728618225242,65.7987561768048,320.5401706703707,391.87085220899024,280.5199614132797,4.021861847402427,3.996859143555309,328.99378088402403,12.7955928995626,True
vector_thrust,cruise_64,0.5959774058869453,22.34915272076045,65.80155758158594,320.52825151804285,391.8600502803112,280.53190690255286,4.023347226535847,3.9970293433435353,329.0077879079297,12.802305818757517,True
vector_thrust,cruise_65,0.5959774058869453,22.34915272076045,65.77699584593104,320.4930866461353,391.82725117646623,280.4685408948476,4.0219971424254055,4.0219971424254055,328.88497922965524,12.802305818757517,True
vector_thrust,cruise_65,0.5957605859301142,22.341021972379288,65.779793205313,320.4811926751375,391.8164767647241,280.4804708852182,4.02348271903185,4.022168221816437,328.89896602656495,12.809018737952437,True
vector_thrust,cruise_65,0.5951530160297924,22.31823810111722,65.787620387953,320.44792027242437,391.7863461756434,280.51385174813186,4.027651286496322,4.022646912705697,328.938101939765,12.827827919562088,True
vector_thrust,cruise_65,0.5942749120440706,22.28530920165265,65.79890285077596,320.39998033055593,391.74295899127463,280.5619684667703,4.033690911122245,4.023336919878156,328.9945142538798,12.855007974489206,True
vector_thrust,cruise_65,0.5933000968420402,22.248753631576513,65.81138640979133,320.3469650357014,391.6950144661284,280.615207542863,4.040416446143633,4.024100383085927,329.05693204895664,12.885175559513977,True
vector_thrust,cruise_65,0.5924216450485362,22.215811689320113,65.82259846406029,320.2993748759169,391.6520087655851,280.66302398763776,4.046495909813683,4.024786084247388,329.1129923203015,12.912355614441093,True
vector_thrust,cruise_65,0.5918136414401247,22.193011554004684,65.83033785048467,320.2665386438934,391.6223538785854,280.6960304229783,4.050714156386155,4.025259405740765,329.1516892524233,12.931164796050746,True
vector_thrust,cruise_65,0.5915966284654285,22.184873567453575,65.83309611883278,320.2548387869565,391.61179117401633,280.70779370767445,4.05222184146133,4.025428094525904,329.1654805941639,12.937877715245664,True
vector_thrust,cruise_66,0.5915966284654285,22.184873567453575,65.80768174963319,320.2198511100162,391.5792133927031,280.64222276117306,4.050832677252981,4.050832677252981,329.038408748166,12.937877715245664,True
vector_thrust,cruise_66,0.591379690614367,22.176738398038772,65.81042971749083,320.2081765391033,391.5686782931145,280.65394644689275,4.05234019616745,4.051001898722023,329.05214858745416,12.944590634440582,True
vector_thrust,cruise_66,0.5907717860630723,22.153941977365218,65.81968683657216,320.16798493383124,391.5316843233098,280.69343072852973,4.056571520875919,4.051571820869587,329.0984341828608,12.963399816050234,True
vector_thrust,cruise_66,0.5898931574253089,22.120993403449088,65.83487387164472,320.10111156768664,391.46944460090174,280.7582093179435,4.062702485613252,4.052506844916224,329.17436935822354,12.990579870977351,True
vector_thrust,cruise_66,0.5889176919754102,22.08441344907789,65.85174295824056,320.0268695988162,391.40036354120156,280.83016250128185,4.069530667021842,4.053545428146616,329.2587147912028,13.020747456002121,True
vector_thrust,cruise_66,0.5880385934564106,22.051447254615407,65.86695295902425,319.9599636200902,391.3381235623354,280.8950390364306,4.075703759187467,4.054481865956942,329.3347647951212,13.04792751092924,True
vector_thrust,cruise_66,0.587430107935353,22.02862904757574,65.87748499021609,319.9136541918032,391.2950520930481,280.939962218409,4.079987443961669,4.055130294022162,329.38742495108045,13.06673669253889,True
vector_thrust,cruise_66,0.5872129161401385,22.020484355255203,65.88124509375902,319.89712475593984,391.2796800520062,280.95600051186284,4.08151861224724,4.055361793197771,329.40622546879507,13.073449611733809,True
vector_thrust,cruise_67,0.5872129161401385,22.020484355255203,65.85492239387655,319.86210945400956,391.24711940572394,280.8880943606235,4.080085475561496,4.080085475561496,329.27461196938276,13.073449611733809,True
vector_thrust,cruise_67,0.5869957991734498,22.012342469004373,65.85867420202091,319.8455856807844,391.2317553453531,280.90410223866974,4.081616358057963,4.080318000584886,329.2933710101045,13.080162530928728,True
vector_thrust,cruise_67,0.5863873785658883,21.989526696220814,65.86920666428443,319.7992820741753,391.1887061706477,280.94903436676947,4.085913295503859,4.080970669483734,329.34603332142217,13.098971712538379,True
vector_thrust,cruise_67,0.5855079967355696,21.956549877583864,65.88443573599022,319.7323583390031,391.12649822160773,281.014002517603,4.092139714671918,4.081914374873573,329.4221786799511,13.126151767465497,True
vector_thrust,cruise_67,0.5845316953455071,21.91993857545652,65.90135150850702,319.6580604745745,391.0574524832989,281.0861662374472,4.099074384556065,4.08296260066566,329.5067575425351,13.156319352490268,True
vector_thrust,cruise_67,0.5836518426667163,21.886944100001866,65.91660362058012,319.5911040720111,390.9952443105473,281.15123268009864,4.105343918863116,4.083907733809209,329.5830181029006,13.183499407417385,True
vector_thrust,cruise_67,0.5830428349204867,21.864106309518256,65.92716481435338,319.5447597298173,390.9521948568771,281.19628737840037,4.109694620727785,4.084562183121363,329.63582407176693,13.202308589027037,True
vector_thrust,cruise_67,0.5828254566524291,21.855954624466097,65.93093533041544,319.52821782754654,390.936830672355,281.2123726303407,4.111249762435107,4.084795832051775,329.65467665207717,13.209021508221955,True
vector_thrust,cruise_68,0.5828254566524291,21.855954624466097,65.90361911793453,319.49313792944855,390.9042512096249,281.14188870110905,4.109768059455025,4.109768059455025,329.5180955896726,13.209021508221955,True
vector_thrust,cruise_68,0.5826081564972465,21.847805868646752,65.90738720977149,319.47660193519806,390.8888952330904,281.1579662179631,4.111323223684874,4.110003082651132,329.53693604885746,13.215734427416873,True
vector_thrust,cruise_68,0.5819992223815085,21.82497083930657,65.91794855721325,319.43026407226296,390.8458687087695,281.20302894725336,4.1156874140132995,4.110661815386992,329.58974278606627,13.234543609026526,True
vector_thrust,cruise_68,0.58111909792295,21.791966172110627,65.93321941309281,319.3632907993717,390.78369349042674,281.2681860163043,4.122011422645152,4.111614289749566,329.66609706546404,13.261723663953642,True
vector_thrust,cruise_68,0.580141971463771,21.755323929891414,65.95018162447987,319.288937902486,390.71468408037026,281.34055969249624,4.129054974432479,4.112672257397621,329.7509081223993,13.291891248978413,True
vector_thrust,cruise_68,0.5792613746891119,21.722301550841703,65.96547563204909,319.2219318725219,390.65250863816766,281.4058155442382,4.135423121161555,4.1136261757781964,329.8273781602454,13.319071303905531,True
vector_thrust,cruise_68,0.5786518516046048,21.69944443517268,65.97606584920014,319.175553162171,390.60948183469736,281.4510014536342,4.139842351512066,4.114286709176585,329.8803292460007,13.337880485515182,True
vector_thrust,cruise_68,0.5784342893335807,21.69128585000928,65.97984672958009,319.1589989891052,390.5941257339294,281.4671335608281,4.141422007749173,4.114522530381256,329.8992336479005,13.344593404710102,True
vector_thrust,cruise_69,0.5784342893335807,21.69128585000928,65.95146935014759,319.1238545879666,390.56152772798544,281.39390527387656,4.13988863221413,4.13988863221413,329.75734675073795,13.344593404710102,True
vector_thrust,cruise_69,0.5782168087048903,21.683130326433396,65.9552477555919,319.107306586569,390.54618007883744,281.4100295070791,4.141468284815771,4.140125853164859,329.7762387779595,13.35130632390502,True
vector_thrust,cruise_69,0.5776073686894195,21.660276325853236,65.96583780163735,319.0609350666706,390.50317688731803,281.45522237351656,4.145901237774466,4.140790734068514,329.82918900818675,13.37011550551467,True
vector_thrust,cruise_69,0.5767265126003135,21.62724422251176,65.98115017274375,318.99391312239567,390.4410353858056,281.5205676930067,4.152325029896983,4.14175209940108,329.90575086371877,13.397295560441789,True
vector_thrust,cruise_69,0.5757485732829368,21.590571498110137,65.99815852431898,318.9195061549326,390.37206339854316,281.59315058431434,4.159479915981935,4.142819944443159,329.9907926215949,13.42746314546656,True
vector_thrust,cruise_69,0.5748672434180423,21.55752162817659,66.0134941585053,318.8524513644799,390.3099216730525,281.65859517865755,4.165948900322958,4.143782770314947,330.06747079252654,13.454643200393676,True
vector_thrust,cruise_69,0.5742572126136014,21.534645473010055,66.02411321315232,318.80603888605344,390.26691820223584,281.7039118388774,4.170438207799538,4.1444494724821865,330.1205660657616,13.473452382003329,True
vector_thrust,cruise_69,0.5740394690590038,21.52648008971265,66.02790439166225,318.7894726563909,390.2515704287885,281.7200906376572,4.172042933020372,4.144687496205857,330.1395219583112,13.480165301198246,True
vector_thrust,cruise_70,0.5740394690590038,21.52648008971265,65.99838430660449,318.75426404441293,390.2189543366373,281.6439089283128,4.170454089051881,4.170454089051881,329.9919215330225,13.480165301198246,True
vector_thrust,cruise_70,0.5738218086232441,21.518317823371657,66.00217277797725,318.7377041087522,390.2036151268657,281.6600790340729,4.172058785789574,4.170693528576578,330.01086388988625,13.486878220393164,True
vector_thrust,cruise_70,0.5732118735464474,21.495445257991786,66.01279127285831,318.69129975962915,390.16063615938805,281.7054013206411,4.176562030637857,4.171364640251113,330.0639563642915,13.505687402002817,True
vector_thrust,cruise_70,0.5723302952140505,21.4623860705269,66.02814490739709,318.6242299039835,390.09852925847537,281.77093432060656,4.183087875793911,4.172335022918765,330.14072453698543,13.532867456929933,True
vector_thrust,cruise_70,0.5713515588549636,21.42568345706114,66.045489219442,318.54977008463356,390.02959602193954,281.8449640102621,4.190375007868979,4.173431220678234,330.2274460972101,13.563035041954704,True
vector_thrust,cruise_70,0.5704694815557773,21.39260555834165,66.06419229482383,318.47141690695355,389.95623863265286,281.924793228231,4.197010416320449,4.1746132951984,330.3209614741191,13.590215096881822,True
vector_thrust,cruise_70,0.5698589027369985,21.369708852637448,66.07714487566791,318.41492582485,389.9032139872467,281.98007795436484,4.201585815936048,4.175431926118005,330.3857243783396,13.609024278491473,True
vector_thrust,cruise_70,0.5696409580856592,21.361535928212223,66.08176949936754,318.39476172722806,389.88428887537833,281.9998169590135,4.203221380219426,4.175724212263884,330.4088474968377,13.615737197686393,True
vector_thrust,cruise_71,0.5696409580856592,21.361535928212223,66.05101025081622,318.35186171738485,389.8440277774691,281.92043214423575,4.201471969567237,4.201471969567237,330.25505125408114,13.615737197686393,True
vector_thrust,cruise_71,0.5694230999918117,21.353366249692947,66.05563153188507,318.331705591037,389.8251128860002,281.9401605148705,4.203107422118985,4.201765982298407,330.27815765942535,13.62245011688131,True
vector_thrust,cruise_71,0.5688125860681704,21.330471977556396,66.06858541140663,318.27522186704107,389.77211215158434,281.9954609678299,4.20769723236647,4.202590127257486,330.34292705703314,13.641259298490962,True
vector_thrust,cruise_71,0.5679301357145838,21.297380089296897,66.08731822174919,318.1935809470558,389.6955176541022,282.07543182871507,4.214348965667968,4.203781936335798,330.4365911087459,13.66843935341808,True
vector_thrust,cruise_71,0.5669503680909161,21.260638803409357,66.10812935437241,318.1029392487113,389.61049556319944,282.16427510217176,4.221758625925639,4.20510597134906,330.540646771862,13.69860693844285,True
vector_thrust,cruise_71,0.5660673379041679,21.2275251714063,66.12689693611155,318.02124944974463,389.53388553919496,282.2443944030603,4.228458769143519,4.20629999263494,330.6344846805577,13.725786993369967,True
vector_thrust,cruise_71,0.5654561009399917,21.20460378524969,66.13989417488223,317.9647047746242,389.4808654435109,282.2998799577991,4.233108946422903,4.207126896173565,330.69947087441113,13.74459617497962,True
vector_thrust,cruise_71,0.565237921062688,21.196422039850805,66.14453475271951,317.94452152246276,389.46194193546324,282.3196907068222,4.234771265140467,4.207422136593295,330.7226737635976,13.751309094174538,True
vector_thrust,cruise_72,0.565237921062688,21.196422039850805,66.11242617339606,317.90152656206664,389.42163344588005,282.2368178048562,4.232955687686203,4.232955687686203,330.5621308669803,13.751309094174538,True
vector_thrust,cruise_72,0.5650198322750862,21.188243710315735,66.11706321180787,317.8813516922875,389.40272054344575,282.25661724720504,4.234617849470505,4.233252637470272,330.58531605903937,13.758022013369455,True
vector_thrust,cruise_72,0.5644086716244232,21.165325185915872,66.13006127431484,317.82481542474176,389.3497253741328,282.3121169792417,4.239282679710595,4.234085016138006,330.6503063715742,13.776831194979108,True
vector_thrust,cruise_72,0.5635252858435953,21.13219821913483,66.14885801418224,317.74309851034496,389.2731388974812,282.3923761736629,4.246043297089238,4.235288734406079,330.7442900709112,13.804011249906225,True
vector_thrust,cruise_72,0.5625444787548707,21.095417953307653,66.1697402188135,317.65237237200387,389.1881256799508,282.4815399825252,4.253574474104072,4.236626003068597,330.8487010940675,13.834178834930995,True
vector_thrust,cruise_72,0.5616605109423392,21.06226916033772,66.18857193838032,317.57060641169926,389.1115236243353,282.56194853492576,4.260384703186887,4.237831961390654,330.9428596919016,13.861358889858113,True
vector_thrust,cruise_72,0.5610486245096029,21.03932341911011,66.20161362013879,317.5140089848751,389.0585090283606,282.61763451440174,4.265111399113868,4.238667133376295,331.00806810069395,13.880168071467764,True
vector_thrust,cruise_72,0.5608302127184439,21.031132976941652,66.20627007072453,317.49380689664497,389.0395874802445,282.6375168438096,4.2668010940229,4.238965326291046,331.0313503536226,13.886880990662684,True
vector_thrust,cruise_73,0.5608302127184439,21.031132976941652,66.17269228123713,317.45071363193534,388.9992286865074,282.5508456991608,4.264913721141286,4.264913721141286,330.86346140618565,13.886880990662684,True
vector_thrust,cruise_73,0.5606118969203756,21.02294613451409,66.17734036227684,317.4305203709913,388.98031816015754,282.57069818993284,4.266602939193513,4.265213381048809,330.88670181138417,13.893593909857602,True
vector_thrust,cruise_73,0.5600000998677056,21.000003745038963,66.19038190102788,317.3739325473299,388.9273296407198,282.62639491717505,4.271344495246999,4.266054085438315,330.9519095051394,13.912403091467253,True
vector_thrust,cruise_73,0.5591157935921953,20.96684225970733,66.2092415278265,317.292141066487,388.85075275319804,282.70693906315273,4.278216475262055,4.267269844791247,331.04620763913255,13.939583146394371,True
vector_thrust,cruise_73,0.5581339636297987,20.930023636117458,66.23019363581712,317.2013320745869,388.7657501507867,282.796419610241,4.285871940034386,4.268620493068756,331.1509681790856,13.969750731419142,True
vector_thrust,cruise_73,0.5572490731557883,20.896840243342066,66.24908842144052,317.11949138365884,388.6891576337962,282.87711392091603,4.292794769259881,4.26983851905613,331.2454421072026,13.99693078634626,True
vector_thrust,cruise_73,0.5566365476191424,20.873870535717845,66.26217379366098,317.06284219599706,388.63614962472224,282.9329978663015,4.297599733648943,4.270682049376756,331.3108689683049,14.015739967955911,True
vector_thrust,cruise_73,0.556417907615034,20.865671535563777,66.26684584774975,317.04262162549026,388.61723042466247,282.95295089604707,4.299317431305836,4.270983226852016,331.3342292387487,14.022452887150829,True
vector_thrust,cruise_74,0.556417907615034,20.865671535563777,66.23166996405327,316.9994305530766,388.57682202613813,282.86215784243115,4.297352366936048,4.297352366936048,331.1583498202663,14.022452887150829,True
vector_thrust,cruise_74,0.556199368909235,20.85747633409632,66.236338202302,316.97921929137493,388.557914297301,282.88209869614457,4.299069808825679,4.297655316173082,331.18169101151,14.029165806345747,True
vector_thrust,cruise_74,0.555586946946696,20.8345105105011,66.24942374711112,316.92258100519734,388.5049336081589,282.9379949299913,4.303889912482115,4.298504513586607,331.24711873555566,14.0479749879554,True
vector_thrust,cruise_74,0.5547017367734421,20.801315129004085,66.26834706855678,316.84071653737595,388.4283680144448,283.0188278197267,4.310875905867001,4.299732558414804,331.34173534278386,14.075155042882516,True
vector_thrust,cruise_74,0.5537189023448001,20.76445883793001,66.28936999819487,316.74982644381186,388.343377917677,283.10862939912863,4.3186586237014115,4.3010968590789185,331.4468499909744,14.105322627907286,True
vector_thrust,cruise_74,0.5528331057810039,20.731241466787647,66.30832871453953,316.6679125995624,388.26679664120843,283.1896134817707,4.325696746855019,4.302327200888797,331.54164357269764,14.132502682834405,True
vector_thrust,cruise_74,0.5522199526010045,20.708248222537673,66.3214583961268,316.6112127419538,388.2137963959802,283.2456982503487,4.330581856237514,4.303179262595588,331.60729198063405,14.151311864444056,True
vector_thrust,cruise_74,0.5520010884726734,20.700040817725256,66.32614627661346,316.59097407837595,388.19487996386187,283.2657230080296,4.332328228712278,4.303483486534462,331.63073138306726,14.158024783638975,True
vector_thrust,cruise_75,0.5520010884726734,20.700040817725256,66.28920044548823,316.5476857859738,388.1544227431287,283.1703440408163,4.330277310979171,4.330277310979171,331.4460022274412,14.158024783638975,True
vector_thrust,cruise_75,0.5517823315471126,20.691837433016733,66.29388385656735,316.52745696660384,388.13551828101123,283.1903542136726,4.332023337555142,4.330583309115388,331.4694192828367,14.164737702833893,True
vector_thrust,cruise_75,0.5511692978156827,20.668848668088106,66.30701257596249,316.4707694598962,388.08254673715845,283.24644724391504,4.336923770914398,4.331441090946271,331.5350628798125,14.183546884443544,True
vector_thrust,cruise_75,0.5502832027488193,20.63562010308073,66.32599836893968,316.3888338010892,388.00599433829245,283.3275648782867,4.344026367405398,4.332681552241148,331.6299918446984,14.210726939370662,True
vector_thrust,cruise_75,0.5492993849677282,20.59872693628981,66.34709075109583,316.29786460103924,387.9210188583141,283.41768300745014,4.35193923404556,4.334059650259661,331.73545375547917,14.240894524395433,True
vector_thrust,cruise_75,0.5484127013559886,20.56547630084958,66.36611214524439,316.2158794026814,387.84445072549727,283.49895274939183,4.3590952789984625,4.335302437603058,331.83056072622196,14.268074579322551,True
vector_thrust,cruise_75,0.5477989337206867,20.542460014525755,66.37928525862908,316.15913012113174,387.7914595617175,283.55523545490644,4.364062362507928,4.336163119972591,331.8964262931454,14.286883760932202,True
vector_thrust,cruise_75,0.5475798501770276,20.534244381638537,66.38398865112521,316.13887380935915,387.772546367907,283.57533090592506,4.3658380647733335,4.336470422193431,331.91994325562604,14.29359668012712,True
vector_thrust,cruise_76,0.5475798501770276,20.534244381638537,66.34509938030759,316.0954890353716,387.7320412459029,283.47492627045125,4.363693339933559,4.363693339933559,331.7254969015379,14.29359668012712,True
vector_thrust,cruise_76,0.5473608803418192,20.52603301281822,66.3497939013779,316.07524315763277,387.7131405705211,283.4949902727609,4.365468375134937,4.364002196714662,331.74896950688947,14.30030959932204,True
vector_thrust,cruise_76,0.5467472497078223,20.50302186404334,66.36296657887695,316.0185078283395,387.66017962785077,283.55128365347394,4.370451055808895,4.364868753251889,331.8148328943847,14.31911878093169,True
vector_thrust,cruise_76,0.5458602912254431,20.46976092095412,66.38201535368464,315.9365029982445,387.5836425268554,283.6326887694385,4.377673006140272,4.366121869240117,331.91007676842315,14.346298835858809,True
vector_thrust,cruise_76,0.5448755139147132,20.432831771801748,66.40317834038078,315.8454569320008,387.4986839959288,283.7231287470223,4.385719132917727,4.367514064073848,332.0158917019039,14.37646642088358,True
vector_thrust,cruise_76,0.5439879647111986,20.399548676669955,66.42226235741278,315.76340239730774,387.42213110689653,283.80468470652437,4.392995858860156,4.3687695020838095,332.11131178706387,14.403646475810696,True
vector_thrust,cruise_76,0.5433735974700992,20.37650990512872,66.43547887346689,315.7066050882652,387.36915047769764,283.8611657700803,4.398046838193471,4.369638947731486,332.1773943673345,14.422455657420349,True
vector_thrust,cruise_76,0.5431542998108332,20.368286242906247,66.44019777106442,315.6863316266815,387.35024104074904,283.88133207830384,4.399852558646509,4.369949379366637,332.20098885532207,14.429168576615266,True
vector_thrust,cruise_77,0.5431542998108332,20.368286242906247,66.39915391172379,315.64285125351086,387.3096890698174,283.775354001101,4.397604235534416,4.397604235534416,331.9957695586189,14.429168576615266,True
vector_thrust,cruise_77,0.5429351230416319,20.360067114061202,66.40386828566933,315.6225888770817,387.29079275560633,283.7955057743675,4.399409478484757,4.397916523131704,332.01934142834665,14.435881495810184,True
vector_thrust,cruise_77,0.5423209122836599,20.33703421063725,66.41708182240662,315.565807296399,387.2378440262626,283.8519881174221,4.404476132321725,4.398791817576932,332.08540911203306,14.454690677419835,True
vector_thrust,cruise_77,0.5414331146678638,20.3037418000449,66.43619034424108,315.48373556855466,387.16132455512377,283.93366905578176,4.411820020642978,4.40005760911037,332.1809517212054,14.481870732346954,True
vector_thrust,cruise_77,0.5404474048490541,20.26677768183953,66.45741916711306,315.3926151655692,387.0763855664511,284.02441339603075,4.4200022281840186,4.401463854189102,332.28709583556525,14.512038317371724,True
vector_thrust,cruise_77,0.5395590144488489,20.233463041831836,66.47656369401632,315.31049357771474,386.99985026088194,284.1062482428112,4.427402327359739,4.4027320308074795,332.38281847008165,14.539218372298842,True
vector_thrust,cruise_77,0.5389440645003718,20.210402418763948,66.48982213031447,315.2536498225818,386.9468817863136,284.16292251416917,4.432539076197285,4.403610299523405,332.4491106515723,14.558027553908493,True
vector_thrust,cruise_77,0.5387245587603082,20.202170953511562,66.49455599605223,315.23335977590807,386.92797668464755,284.183157811093,4.434375485420113,4.403923881468436,332.4727799802611,14.564740473103411,True
vector_thrust,cruise_78,0.5387245587603082,20.202170953511562,66.45111351112722,315.1897848555677,386.8873790716871,284.070977435323,4.432012305389734,4.432012305389734,332.2555675556361,14.564740473103411,True
vector_thrust,cruise_78,0.5385051819375284,20.19394432265732,66.45584218314295,315.16950662159553,386.86848776684377,284.09119576290124,4.433848116718514,4.432327747246661,332.2792109157147,14.57145339229833,True
vector_thrust,cruise_78,0.5378904103230467,20.17089038711426,66.46909718603503,315.1126805850172,386.81555306589877,284.1478700235881,4.439000722687766,4.433211966476061,332.34548593017513,14.590262573907982,True
vector_thrust,cruise_78,0.5370018014151615,20.13756755306856,66.48826570756685,315.03054455386666,386.73905384673895,284.22982864669234,4.446469389167881,4.434490666712919,332.4413285378343,14.6174426288351,True
vector_thrust,cruise_78,0.5360151899783574,20.100569624188406,66.50956124094537,314.9393526927176,386.65413730883176,284.32088170944826,4.454790889848319,4.435911256377589,332.5478062047269,14.64761021385987,True
vector_thrust,cruise_78,0.5351259862091301,20.067224482842384,66.52876597307186,314.8571666448761,386.5776222061185,284.4029951577682,4.46231721368613,4.4371923721630795,332.6438298653593,14.674790268786987,True
vector_thrust,cruise_78,0.5345104728142676,20.044142730535036,66.54206612990254,314.8002782384708,386.5246676986946,284.45986248262176,4.467541718348968,4.438079603536735,332.7103306495127,14.69359945039664,True
vector_thrust,cruise_78,0.5342907658680114,20.03590372005043,66.54681489732927,314.7799722473024,386.5057675791347,284.4801667319125,4.46940952801474,4.438396385925139,332.73407448664636,14.700312369591558,True
vector_thrust,cruise_79,0.5342907658680114,20.03590372005043,66.50068222680382,314.7363040421238,386.46512572264163,284.36102878168356,4.466918011928727,4.466918011928727,332.50341113401913,14.700312369591558,True
vector_thrust,cruise_79,0.534071196848714,20.027669881826778,66.50542539866535,314.71601068007914,386.44624015510226,284.38131467987466,4.468785105611242,4.4672366752997466,332.52712699332676,14.707025288786475,True
vector_thrust,cruise_79,0.5334558863984118,20.00459573994045,66.5187210596544,314.65914223200656,386.3933215223448,284.4381784058945,4.474025588856996,4.468129925697213,332.593605298272,14.725834470396128,True
vector_thrust,cruise_79,0.5325664980340369,19.97124367627639,66.53794841316045,314.5769448530149,386.316845503149,284.5204111706144,4.48162183313079,4.469421688564551,332.68974206580225,14.753014525323245,True
vector_thrust,cruise_79,0.5315790203346271,19.93421326254852,66.55930935512893,314.4856848157143,386.2319546885875,284.61176900176343,4.490085758703696,4.470856793590154,332.7965467756447,14.783182110348015,True
vector_thrust,cruise_79,0.5306890350690519,19.900838815089447,66.5785731177099,314.4034372664069,386.15546273773487,284.69415748312235,4.497741151216651,4.472151002550272,332.89286558854945,14.810362165275134,True
vector_thrust,cruise_79,0.5300729802947055,19.877736761051462,66.59191418012668,314.34650625694,386.10252423851443,284.7512153848489,4.50305539230362,4.473047303179219,332.9595709006334,14.829171346884785,True
vector_thrust,cruise_79,0.5298530800198947,19.869490500746053,66.59667755754843,314.3261850524437,386.083629829563,284.77158769946107,4.504955311739778,4.473367324032554,332.9833877877422,14.835884266079702,True
vector_thrust,cruise_80,0.5298530800198947,19.869490500746053,66.547506671192,314.28242506376426,386.0429453452707,284.6445907253723,4.50231938514446,4.50231938514446,332.73753335595995,14.835884266079702,True
vector_thrust,cruise_80,0.5296333278567934,19.86124979462976,66.55226401132663,314.26211741111007,386.02406634055467,284.66494317421876,4.504218451491005,4.502641306684382,332.7613200566331,14.842597185274622,True
vector_thrust,cruise_80,0.5290175039424735,19.838156397842763,66.56559938211254,314.20520889860916,385.97116608921556,284.72199343364076,4.509548751948225,4.503543689857266,332.8279969105627,14.861406366884273,True
vector_thrust,cruise_80,0.5281273728023794,19.804776480089235,66.58488419640086,314.12295356481945,385.89471661316577,284.8044961006652,4.517275395338264,4.504848662335835,332.9244209820043,14.888586421811391,True
vector_thrust,cruise_80,0.527139069577098,19.76771510914118,66.60630902294884,314.0316291193446,385.8098552332455,284.8961539878701,4.525884902361557,4.5062984460162925,333.0315451147442,14.918754006836162,True
vector_thrust,cruise_80,0.5262483395395428,19.734312732732857,66.62563044002421,313.9493234651942,385.73338977859896,284.97881324644925,4.5336722303096275,4.507605895356237,333.12815220012106,14.945934061763278,True
vector_thrust,cruise_80,0.5256317688118809,19.711191330445537,66.6390114570702,313.892352204196,385.68046960226354,285.03605878523945,4.539078204619607,4.508511367328675,333.19505728535097,14.964743243372931,True
vector_thrust,cruise_80,0.5254116842854164,19.70293816070312,66.64378910173187,313.87201662582055,385.661581730085,285.0564981030834,4.541010948831821,4.508834662904795,333.2189455086594,14.971456162567849,True
vector_thrust,cruise_81,0.5254116842854164,19.70293816070312,66.59116021599411,313.828166644523,385.6208564967158,284.9205554012048,4.538211246038262,4.538211246038262,332.95580107997057,14.971456162567849,True
vector_thrust,cruise_81,0.5251917594728448,19.694690980231684,66.59593124217878,313.8078456689407,385.6019849980297,284.9409728223671,4.54014297121748,4.538536454481729,332.9796562108939,14.978169081762767,True
vector_thrust,cruise_81,0.5245754515070631,19.671579431514868,66.6093051921597,313.7508998040583,385.5491057711356,284.99820605204576,4.545565032166095,4.539448064689035,333.0465259607985,14.99697826337242,True
vector_thrust,cruise_81,0.5236846201143548,19.63817325428831,66.62864583939715,313.6685904361908,385.4726866580637,285.0809734974792,4.553424901555182,4.540766383583728,333.14322919698577,15.024158318299536,True
vector_thrust,cruise_81,0.5226955385891136,19.601082697091762,66.65013273779357,313.577205936575,385.3878589532439,285.1729257326392,4.562183152937125,4.54223099770086,333.25066368896785,15.054325903324306,True
vector_thrust,cruise_81,0.5218041063546216,19.567653988298318,66.66951017629549,313.49484610255666,385.31142381601194,285.25585062927746,4.570105289390193,4.543551824476486,333.34755088147745,15.081505958251425,True
vector_thrust,cruise_81,0.5211870491509607,19.544514343161033,66.68293001267045,313.43783730737886,385.2585246073046,285.3132802293401,4.575604997903205,4.54446656246895,333.4146500633522,15.100315139861076,True
vector_thrust,cruise_81,0.5209667908960358,19.536254658601344,66.68772152559026,313.41748832517,385.23964421587254,285.333785298339,4.577571284020167,4.544793166966126,333.4386076279513,15.107028059055994,True
vector_thrust,cruise_82,0.5209667908960358,19.536254658601344,66.63112100722319,313.37355049107333,385.19888042880194,285.1875669412712,4.574584124237408,4.574584124237408,333.15560503611596,15.107028059055994,True
vector_thrust,cruise_82,0.5207467056953687,19.528001463576334,66.63590535249149,313.35321731984646,385.1800175236502,285.2080482427788,4.57654920238937,4.57491265692109,333.17952676245744,15.113740978250913,True
vector_thrust,cruise_82,0.5201299480251839,19.5048730509444,66.64931655371002,313.29623726039097,385.1271623671341,285.26546021214307,4.582064957376941,4.575833580250294,333.2465827685501,15.132550159860564,True
vector_thrust,cruise_82,0.5192384660495897,19.471442476859618,66.66871106633154,313.2138784246685,385.05077802014597,285.3484861329041,4.59006086223506,4.577165367126865,333.3435553316577,15.159730214787682,True
vector_thrust,cruise_82,0.5182486613782064,19.43432480168274,66.69025765419042,313.1224389410083,384.96598887762974,285.44072495232734,4.598970989844905,4.578644934569084,333.4512882709521,15.189897799812453,True
vector_thrust,cruise_82,0.5173565766924827,19.400871625968104,66.7096875780229,313.0400294996133,384.8895884636581,285.52390311830436,4.6070306931655,4.579979163552636,333.5484378901144,15.21707785473957,True
vector_thrust,cruise_82,0.5167390674522856,19.377715029460713,66.72314667309003,312.98298633568055,384.83671327174255,285.58151937543164,4.612626237949746,4.580903363783309,333.6157333654501,15.235887036349222,True
vector_thrust,cruise_82,0.5165186477597353,19.36944929099008,66.72795156868493,312.96262507931147,384.81784144907164,285.60208863955523,4.614626778797827,4.5812333074415,333.63975784342466,15.24259995554414,True
vector_thrust,cruise_83,0.5165186477597353,19.36944929099008,66.66674179279816,312.91860195902314,384.777041690745,285.44394352827146,4.611422782581929,4.611422782581929,333.3337089639908,15.24259995554414,True
vector_thrust,cruise_83,0.5162984166051451,19.361190622692945,66.67153886118669,312.8982579157922,384.7581886441973,285.4644867646276,4.613421888465143,4.611754664025935,333.3576943059335,15.249312874739058,True
vector_thrust,cruise_83,0.5156812497216957,19.338046864563594,66.68498565201725,312.8412473745479,384.70536110587216,285.52207206051617,4.619033235463886,4.612684969787969,333.42492826008623,15.26812205634871,True
vector_thrust,cruise_83,0.5147891756810911,19.30459408804092,66.70443169503767,312.75884443653547,384.6290166506304,285.6053488925352,4.6271679413274756,4.614030329145351,333.52215847518835,15.295302111275827,True
vector_thrust,cruise_83,0.513798712875164,19.267451732818657,66.7260357808937,312.6673559292786,384.5442717621707,285.69786744897607,4.6362330654110275,4.615524991017344,333.6301789044685,15.325469696300598,True
vector_thrust,cruise_83,0.5129060343040422,19.233976286401585,66.74551898080844,312.5849022498817,384.4679111969575,285.7813034054918,4.6444333433543,4.616872921073268,333.7275949040422,15.352649751227716,True
vector_thrust,cruise_83,0.5122881135829448,19.210804259360433,66.75901211488161,312.52782843513154,384.41506356981495,285.8390871625663,4.650126459399529,4.617806433028515,333.79506057440807,15.371458932837367,True
vector_thrust,cruise_83,0.5120675469388581,19.202533010207183,66.76382980594795,312.5074562325266,384.3962015828956,285.85971871471594,4.65216195631045,4.6181397412376395,333.8191490297398,15.378171852032287,True
vector_thrust,cruise_84,0.5120675469388581,19.202533010207183,66.69720567341813,312.4633509200132,384.3553689138091,285.6875619310016,4.648704046996269,4.648704046996269,333.4860283670906,15.378171852032287,True
vector_thrust,cruise_84,0.5118471870379563,19.194269513923366,66.70201468056806,312.44299757893737,384.33652721766254,285.70816448100817,4.65073782977093,4.6490392914043435,333.5100734028403,15.384884771227204,True
vector_thrust,cruise_84,0.5112296591519383,19.171112218197692,66.71549510588343,312.38596096620415,384.2837314763942,285.76591669771403,4.65644661003377,4.64997903467391,333.5774755294172,15.403693952836855,True
vector_thrust,cruise_84,0.5103370627609877,19.137639853537042,66.73498982587624,312.3035203029552,384.207432953435,285.8494350763504,4.664722794146215,4.6513380445731904,333.6749491293812,15.430874007763974,True
vector_thrust,cruise_84,0.5093460192384366,19.100475721441377,66.75664802769171,312.21198985336343,384.1227390240618,285.9422221466586,4.673945898597957,4.652847874494854,333.78324013845855,15.461041592788744,True
vector_thrust,cruise_84,0.5084528166012249,19.066980622545938,66.77618008099995,312.1294983216211,384.04642435163396,286.0259004668386,4.682289376962898,4.654209486960715,333.88090040499975,15.48822164771586,True
vector_thrust,cruise_84,0.5078345327378564,19.043794977669624,66.78970709377818,312.07239827686203,383.9936084722798,286.08385225727534,4.688082075389807,4.655152477691264,333.9485354688909,15.507030829325513,True
vector_thrust,cruise_84,0.5076138363951416,19.035518864817817,66.79453688432523,312.0520167058589,383.97475781383037,286.1045438194137,4.690153208934465,4.655489170503514,333.9726844216261,15.513743748520431,True
vector_thrust,cruise_85,0.5076138363951416,19.035518864817817,66.7214612108442,312.0078329629797,383.93389589985935,285.9156890656168,4.686393640698587,4.686393640698587,333.607306054221,15.513743748520431,True
vector_thrust,cruise_85,0.5073933685009913,19.027251318787172,66.72628139837927,311.98747221862624,383.9150673360247,285.93634847280026,4.688462725426359,4.686732265398623,333.63140699189637,15.520456667715349,True
vector_thrust,cruise_85,0.506775537778575,19.004082666696565,66.73979303070288,311.93041484428534,383.86230838509005,285.99425955785404,4.694270678126493,4.687681475781617,333.69896515351445,15.539265849325002,True
vector_thrust,cruise_85,0.5058825031345793,18.970593867546725,66.75933292916926,311.8479441324574,383.786063011097,286.07800788407,4.702690872148915,4.689054179828325,333.7966646458463,15.566445904252118,True
vector_thrust,cruise_85,0.5048909722979481,18.93341146117306,66.7810414206985,311.75638026600717,383.70142805233866,286.1710508155204,4.712074795507492,4.690579230110407,333.9052071034925,15.596613489276889,True
vector_thrust,cruise_85,0.5039973298026069,18.899899867597764,66.80061882202246,311.67385856761143,383.6251664922582,286.2549598764846,4.720564050806299,4.6919545687320285,334.0030941101123,15.623793544204007,True
vector_thrust,cruise_85,0.5033787411023767,18.876702791339127,66.81417718722257,311.6167376140977,383.5723873576573,286.31307126908183,4.726458120963751,4.692907062320645,334.0708859361128,15.642602725813658,True
vector_thrust,cruise_85,0.5031579358763674,18.86842259536378,66.819018196468,311.59634857435117,383.5535498112541,286.3338199129088,4.728565533619694,4.693247149682767,334.09509098233997,15.649315645008578,True
vector_thrust,cruise_86,0.5031579358763674,18.86842259536378,66.73812309611485,311.5520910190134,383.51266309412784,286.1247243377018,4.7244413627641215,4.7244413627641215,333.69061548057425,15.649315645008578,True
vector_thrust,cruise_86,0.5029373855859948,18.860151959474805,66.7429529715944,311.5317252027328,383.49384984054166,286.1454353881754,4.72654628323831,4.724783340004117,333.71476485797206,15.656028564203496,True
vector_thrust,cruise_86,0.5023193231128921,18.83697461673346,66.75649285621016,311.474653545494,383.4411337318372,286.20349548767155,4.732454994197503,4.7257420182037055,333.7824642810508,15.674837745813146,True
vector_thrust,cruise_86,0.5014259535626008,18.80347325859753,66.77607360486087,311.3921621995912,383.3649502978224,286.28745929143423,4.741021498175932,4.727128413833757,333.88036802430435,15.702017800740265,True
vector_thrust,cruise_86,0.500434049280064,18.766276848002402,66.7978274913705,311.30057529481616,383.2803839978469,286.3807416827528,4.750568818805783,4.728668676350333,333.98913745685246,15.732185385765035,True
vector_thrust,cruise_86,0.49954007468589867,18.7327528007212,66.81664661144151,311.2189094617111,383.20506092321443,286.46143956274744,4.759162615978032,4.73000114561882,334.08323305720756,15.759365440692152,True
vector_thrust,cruise_86,0.4989212659943913,18.709547474789677,66.82915714746579,311.1662979099653,383.15684831933044,286.5150857338307,4.765152051020124,4.730886941805102,334.145785737329,15.778174622301805,True
vector_thrust,cruise_86,0.4987003849008056,18.701264433780214,66.83362386451108,311.147518685367,383.139640963458,286.53423937091287,4.76729356532804,4.7312032033078015,334.1681193225554,15.784887541496722,True
vector_thrust,cruise_87,0.4987003849008056,18.701264433780214,66.74305408108748,311.1067022414296,383.1022440501744,286.30009540066624,4.7627730652597196,4.7627730652597196,333.7152704054374,15.784887541496722,True
vector_thrust,cruise_87,0.4984797925342519,18.69299222003445,66.74750950681118,311.0879472117909,383.08506170391274,286.3192109197271,4.7649116055831495,4.763091063335075,333.7375475340559,15.79160046069164,True
vector_thrust,cruise_87,0.49786162003144874,18.66981075117933,66.75999824943901,311.03539011661644,383.0369164911938,286.37279251030515,4.770914629201645,4.763982425093239,333.79999124719507,15.810409642301293,True
vector_thrust,cruise_87,0.4969681097071451,18.636304114017946,66.77805781982437,310.9594255366417,382.96734113004254,286.450275130876,4.779617914289655,4.765271394759017,333.8902890991219,15.83758969722841,True
vector_thrust,cruise_87,0.4959760761488016,18.599102855580067,66.79812018998535,310.8750871444639,382.89011343866844,286.53635054583526,4.789317723422799,4.7667033106910575,333.9906009499267,15.86775728225318,True
vector_thrust,cruise_87,0.495082003505097,18.565575131441143,66.81621178507793,310.7990791741115,382.8205293042194,286.6139705649231,4.798093110466396,4.767994566063219,334.08105892538964,15.894937337180298,True
vector_thrust,cruise_87,0.4944631298011418,18.542367367542823,66.82874046189818,310.7464679719957,382.77237315137086,286.6677234888051,4.804186045394032,4.768888778053215,334.1437023094909,15.91374651878995,True
vector_thrust,cruise_87,0.4942422253706006,18.534083451397528,66.83321366028622,310.7276888624936,382.75518593629135,286.68691525943666,4.80636460061721,4.769208044618987,334.1660683014311,15.920459437984869,True
vector_thrust,cruise_88,0.4942422253706006,18.534083451397528,66.730366442716,310.68682349868504,382.7177878031286,286.4209792327438,4.801274606028284,4.801274606028284,333.65183221358006,15.920459437984869,True
vector_thrust,cruise_88,0.49402165105054907,18.525811914395597,66.73482667688991,310.6680720338908,382.7006287308651,286.4401271053711,4.803449503436864,4.801595581799163,333.67413338444953,15.927172357179787,True
vector_thrust,cruise_88,0.49340352897620215,18.502632336607586,66.74732890441645,310.6155249185367,382.6525487278312,286.4937994128857,4.809554676956601,4.8024952906396505,333.73664452208226,15.945981538789438,True
vector_thrust,cruise_88,0.4925100912299182,18.469128421121937,66.76540799115755,310.5395747422395,382.58306759515466,286.57141328640154,4.818406304082418,4.8037963319285435,333.8270399557877,15.973161593716556,True
vector_thrust,cruise_88,0.49151813776624714,18.431930166234274,66.78549453311076,310.45525230825365,382.505944482434,286.6576441723175,4.828271941407229,4.805241820188211,333.9274726655538,16.003329178741325,True
vector_thrust,cruise_88,0.4906241369138394,18.39840513426898,66.80360081400208,310.3792586933289,382.43645456690797,286.7353768449229,4.837197194908685,4.806544852906132,334.0180040700104,16.030509233668443,True
vector_thrust,cruise_88,0.49000531273366,18.375199227512255,66.81613828819971,310.3266574168888,382.3883636173398,286.7892024693148,4.843394266566923,4.807447131797289,334.0806914409986,16.049318415278094,True
vector_thrust,cruise_88,0.4897844259445469,18.366915972920513,66.82061580139428,310.3078818479409,382.37119967323036,286.80842474544784,4.845610167222473,4.807769354794065,334.10307900697137,16.056031334473015,True
vector_thrust,cruise_89,0.4897844259445469,18.366915972920513,66.70166032906015,310.2669786712989,382.3338105744389,286.5007787529026,4.839774469578669,4.839774469578669,333.5083016453007,16.056031334473015,True
vector_thrust,cruise_89,0.4895639235446396,18.35864713292399,66.70612302914316,310.24823527206485,382.3166788805519,286.51995088229825,4.8419858221499466,4.840098338793895,333.5306151457158,16.062744253667933,True
vector_thrust,cruise_89,0.4889460029289133,18.335475109834253,66.71863271184363,310.1957107533793,382.26867559074435,286.5736932908864,4.848193457823684,4.841006193697993,333.59316355921817,16.081553435277584,True
vector_thrust,cruise_89,0.48805285608683807,18.30198210325643,66.73672259412932,310.11979321864266,382.19930530921647,286.65140859896997,4.857193885285686,4.842319015832702,333.68361297064655,16.108733490204703,True
vector_thrust,cruise_89,0.48706122526349854,18.264795947381202,66.75681868093382,310.0355070023146,382.1223052322179,286.7377426918371,4.867225546251407,4.843777432596284,333.78409340466914,16.138901075229473,True
vector_thrust,cruise_89,0.4861675148402768,18.231281806510385,66.77494071955465,309.95954600427893,382.05292616506125,286.8155961456193,4.876301782384614,4.845092588386169,333.87470359777325,16.16608113015659,True
vector_thrust,cruise_89,0.4855488914500288,18.20808342937608,66.78749050058401,309.90696728772014,382.0049119197473,286.86951081922695,4.882603951707881,4.8460033533132245,333.93745250292005,16.184890311766242,True
vector_thrust,cruise_89,0.485328076285919,18.199802860721967,66.79197123812696,309.88819976815415,381.98777535019906,286.8887603584484,4.884857388926148,4.846328530190162,333.9598561906348,16.19160323096116,True
vector_thrust,cruise_90,0.485328076285919,18.199802860721967,66.65090448860397,309.847270386026,381.95040595061676,286.52382307436994,4.877999237659898,4.877999237659898,333.2545224430199,16.19160323096116,True
vector_thrust,cruise_90,0.48510772003529284,18.191539501323486,66.65536706433058,309.8285412488737,381.9333072683337,286.5430107388766,4.880246832096182,4.878325903037428,333.2768353216529,16.198316150156078,True
vector_thrust,cruise_90,0.48449020890427796,18.168382833910425,66.66787586390268,309.77605669212545,381.8853964753072,286.59679462162376,4.886556261506354,4.879241560717212,333.3393793195134,16.21712533176573,True
vector_thrust,cruise_90,0.48359765374187436,18.134912015320293,66.68596447875828,309.7001969052852,381.8161598563387,286.67456994569477,4.89570452202448,4.880565666920515,333.4298223937914,16.244305386692847,True
vector_thrust,cruise_90,0.4826066795741088,18.09775048402908,66.70605917093155,309.6159747859677,381.73930813474624,286.76097076788733,4.905901292717101,4.8820366201566765,333.53029585465777,16.274472971717618,True
vector_thrust,cruise_90,0.48171356072370736,18.06425852713903,66.72417996395089,309.5400715388446,381.6700627322324,286.8388844478865,4.9151272209002865,4.8833630818364115,333.6208998197544,16.301653026644736,True
vector_thrust,cruise_90,0.4810953466849307,18.041075500684908,66.73672888909238,309.48753278798426,381.6221409862977,286.89284085789285,4.9215335021614575,4.884281676751325,333.6836444454619,16.320462208254387,True
vector_thrust,cruise_90,0.480874677610805,18.03280041040519,66.74120932237527,309.4687795321739,381.60503742950976,286.9121053042491,4.923824200387601,4.884609649321394,333.7060466118764,16.327175127449305,True
vector_thrust,cruise_91,0.480874677610805,18.03280041040519,66.5679229817093,309.42784003052213,381.56770242662753,286.46367789902513,4.915478188753649,4.915478188753649,332.8396149085465,16.327175127449305,True
vector_thrust,cruise_91,0.48065457605008616,18.024546601878235,66.57238089133958,309.4091342113367,381.5506449699699,286.4828653717638,4.917761167530487,4.915807429809395,332.86190445669786,16.333888046644223,True
vector_thrust,cruise_91,0.4800377786143351,18.00141669803757,66.58487658567466,309.35671499708,381.5028496902647,286.5366486167674,4.924170015575448,4.916730305511035,332.9243829283733,16.352697228253874,True
vector_thrust,cruise_91,0.4791462549539527,17.967984560773232,66.60294625064566,309.28094965110984,381.43377999727295,286.6144230247184,4.9334626617118555,4.918064849592611,333.0147312532283,16.379877283180992,True
vector_thrust,cruise_91,0.4781564259200556,17.93086597200209,66.62301989985795,309.1968323785017,381.3571135556188,286.7008228641528,4.9438206949024455,4.919547398896475,333.1150994992898,16.410044868205762,True
vector_thrust,cruise_91,0.47726433902793985,17.89741271354775,66.64112172159643,309.12102361776107,381.2880350900403,286.77873567762225,4.95319282978647,4.9208843179015025,333.20560860798213,16.43722492313288,True
vector_thrust,cruise_91,0.47664683925341356,17.87425647200301,66.6536575073699,309.06855026614784,381.2402288710944,286.83269148278777,4.959700800107638,4.92181015459184,333.2682875368495,16.456034104742532,True
vector_thrust,cruise_91,0.47642642512242467,17.865990942090928,66.65813325158794,309.0498203535635,381.2231665460148,286.8519557218403,4.962027892617293,4.922140712893611,333.29066625793973,16.46274702393745,True
vector_thrust,cruise_92,0.47642642512242467,17.865990942090928,66.43340273922855,309.0088943535948,381.185887428537,286.27012203015096,4.951307441145091,4.951307441145091,332.16701369614276,16.46274702393745,True
vector_thrust,cruise_92,0.47593698244325183,17.84763684162195,66.44331001531161,308.96730127059806,381.1480050323321,286.31282186134285,4.95647130623874,4.952045974354274,332.21655007655806,16.47770305885685,True
vector_thrust,cruise_92,0.4745651656787136,17.796193712951766,66.47109402841039,308.8507269887705,381.04185424078645,286.43256947503716,4.971001594079271,4.954117120468089,332.3554701420519,16.519608937475528,True
vector_thrust,cruise_92,0.47258171488708695,17.721814308265763,66.51130686616166,308.68218610043436,380.88844449541176,286.6058846596913,4.992159915857964,4.957114767436469,332.5565343308083,16.580164686591182,True
vector_thrust,cruise_92,0.4703787001377275,17.63920125516478,66.55602827917262,308.49500035449176,380.71814838428344,286.7986315631046,5.015870201028623,4.960448504014915,332.7801413958631,16.64737649742393,True
vector_thrust,cruise_92,0.4683924525978468,17.56471697241926,66.59640090650117,308.3262439736734,380.5646950933707,286.97263543230787,5.037439256493919,4.963458062421724,332.98200453250587,16.707932246539585,True
vector_thrust,cruise_92,0.46701714833733254,17.513143062649974,66.62438417502176,308.2094009764812,380.4584900012747,287.0932418262386,5.052481771611367,4.9655440619367415,333.1219208751088,16.749838125158263,True
vector_thrust,cruise_92,0.46652615357360033,17.494730759010018,66.634380128512,308.1676883036702,380.420583438997,287.1363238523233,5.057873617404083,4.966289205561301,333.17190064256005,16.764794160077663,True
vector_thrust,decel_descend,0.46652615357360033,17.494730759010018,43.67575667791788,320.8256696787199,368.1254713516918,157.09602152345815,2.880892367158561,2.880892367158561,218.37878338958942,16.764794160077663,True
vector_thrust,decel_descend,0.4641042486811493,17.403909325543104,43.65918229496357,320.62286936937176,367.9227805585657,157.05304012428397,2.89330376445521,2.8801041563330427,218.29591147481784,16.883631518594758,True
vector_thrust,decel_descend,0.4573236818949858,17.149638071061972,43.614472574208,320.05395317274093,367.35634361721316,156.93865515021196,2.928856969360434,2.878006516968748,218.07236287104,17.21660639784718,True
vector_thrust,decel_descend,0.44753697763252775,16.782636661219797,43.554277467539606,319.2298730187551,366.5414488926736,156.78886485977927,2.9823495813144913,2.875259600145539,217.77138733769803,17.697769039330083,True
vector_thrust,decel_descend,0.4366900661857481,16.37587748196556,43.493284389096786,318.3125839275102,365.6418699257531,156.64322653028592,3.0448145601058116,2.872588823713811,217.46642194548392,18.23181928082524,True
vector_thrust,decel_descend,0.42692973258320366,16.00986497187014,43.439085191720025,317.4868485182218,364.834052813093,156.51462176497546,3.1037946977374795,2.870230415886737,217.19542595860014,18.71298192230814,True
vector_thrust,decel_descend,0.420183554625993,15.75688329847474,43.38983042175714,317.02831521142065,364.3757504905876,156.38331805883738,3.1464306051034896,2.8678225137570426,216.9491521087857,19.045956801560564,True
vector_thrust,decel_descend,0.41777777906988056,15.666666715120524,43.37273437066212,316.8658442425196,364.2140134643032,156.33821386008364,3.1620153171658174,2.866995374147418,216.86367185331062,19.16479416007766,True
vector_thrust,arrival_terminal_procedure,0.41777777906988056,15.666666715120524,110.2087952800026,303.5977788563649,376.30603501763363,362.98541289906564,7.034142432292692,7.034142432292692,551.0439764000131,19.16479416007766,False
vector_thrust,arrival_terminal_procedure,0.41395580599626963,15.523342724860115,155.9724007340211,303.33773624581823,376.07627757838515,497.33681609389595,9.718333648849118,9.6376820580396,779.8620036701054,19.20597435021171,False
vector_thrust,arrival_terminal_procedure,0.4050628526416486,15.189856974061824,167.4298312540678,302.6657798781913,375.4835850125781,534.9627293297079,10.659409891405,10.366818886795258,837.1491562703391,19.32135867891594,False
vector_thrust,arrival_terminal_procedure,0.38971112333237606,14.614167124964105,176.50266670048555,301.5723819519492,374.5222652540542,566.184893506309,11.683575635879944,10.97186014205834,882.5133335024277,19.488093864794532,False
vector_thrust,arrival_terminal_procedure,0.3727668582511855,13.978757184419461,191.63205891754927,300.33539156401946,373.43932989982636,618.2467764997659,13.283111313372556,11.980745588292962,958.1602945877463,19.673155959411382,False
vector_thrust,arrival_terminal_procedure,0.3539299124914582,13.272371718429687,231.52672389651346,299.02704456733375,372.29927517100907,752.0133584182435,16.942889847690918,14.572952207232666,1157.6336194825674,19.83989114528998,False
vector_thrust,arrival_terminal_procedure,0.33672084245238376,12.627031591964393,341.1186742929135,297.94261377714076,371.36847726969944,1114.9505252281585,26.307946669752045,21.60615969875136,1705.5933714645676,19.955275473994202,False
vector_thrust,arrival_terminal_procedure,0.3267576973724718,12.253413651467694,462.60530477599207,297.4052247804893,370.91323748406575,1515.705960306601,36.78802370081731,29.37223158671743,2313.02652387996,19.996455664128256,False
vector_thrust,second_descent,0.3267576973724718,12.253413651467694,50.21396333566715,307.2653110086166,359.7685519631943,171.00572258119772,4.288121500482543,4.288121500482543,251.06981667833577,19.996455664128256,True
vector_thrust,second_descent,0.32617654987677014,12.231620620378882,50.22027746002347,307.22349033770513,359.73828341529054,171.0282437683425,4.295742618872238,4.28868623940095,251.10138730011735,20.021213447152654,True
vector_thrust,second_descent,0.32454779708193354,12.17054239057251,50.23809263942089,307.10621214057664,359.6535334642444,171.09175095082847,4.317255375874514,4.29027873882461,251.19046319710446,20.090583213663574,True
vector_thrust,second_descent,0.3221930937662712,12.082241016235173,50.264156449245434,306.9364819117714,359.531223648407,171.18457038540433,4.348761932581142,4.292606269196457,251.32078224622717,20.190825430639176,True
vector_thrust,second_descent,0.31957804516411503,11.984176693654318,50.2935264403107,306.74773802351723,359.3956871573552,171.28903873199764,4.3843249747047235,4.295225906459964,251.4676322015535,20.30208589761733,True
vector_thrust,second_descent,0.31722057362445033,11.895771510916891,50.32038381105026,306.57736349838837,359.2737679670874,171.3844596226881,4.416913667810512,4.297618670671528,251.6019190552513,20.40232811459294,True
vector_thrust,second_descent,0.3155883689892257,11.834563837095965,50.33918855894138,306.45928187303406,359.1895051317249,171.4512108099642,4.439776206739957,4.2992925164178635,251.6959427947069,20.47169788110386,True
vector_thrust,second_descent,0.31500568530803785,11.812713199051423,50.34594313005325,306.4171036143631,359.1594533918949,171.4751758719045,4.447998173413011,4.2998934617886695,251.72971565026626,20.496455664128256,True
vector_thrust,hover_descent,0.31500568530803785,11.812713199051423,0.03,326.03379574859446,326.0568664313135,0.075,0.002070018485093514,0.002070018485093514,0.15,20.496455664128256,False
vector_thrust,hover_descent,0.31500555064453545,11.812708149170083,0.03,326.03375392841764,326.05682461164275,0.075,0.002070019104497157,0.002070018485093514,0.15,20.506546751590886,False
vector_thrust,hover_descent,0.31500517332578704,11.812693999717016,0.03,326.03363676372186,326.05670744836493,0.075,0.0020700208401119103,0.002070018485093514,0.15,20.534821350347737,False
vector_thrust,hover_descent,0.3150046280843993,11.812673553164975,0.03,326.03346748920364,326.0565381758958,0.075,0.002070023348367119,0.002070018485093514,0.15,20.57567932934982,False
vector_thrust,hover_descent,0.31500402291211693,11.812650859204389,0.03,326.03327965457584,326.0563503435422,0.075,0.0020700261326220323,0.002070018485093514,0.15,20.621028264765542,False
vector_thrust,hover_descent,0.31500347767073245,11.81263041265247,0.03,326.033110463079,326.0561811540945,0.075,0.0020700286414226544,0.002070018485093514,0.15,20.661886243767626,False
vector_thrust,hover_descent,0.31500310035198803,11.812616263199555,0.03,326.03299340190057,326.05606409433403,0.075,0.0020700303777174737,0.002070018485093514,0.15,20.690160842524474,False
vector_thrust,hover_descent,0.3150029656884875,11.812611213318283,0.03,326.032951627798,326.0560223207375,0.075,0.0020700309974238033,0.002070018485093514,0.15,20.700251929987104,False
