eVTOL_type,mission_segment,propeller_throttle,lift_throttle,propeller_rpm,propeller_thrust_N,propeller_torque_N_m,propeller_efficiency,propeller_motor_efficiency,propeller_power_coefficient,lift_rotor_rpm,lift_thrust_N,lift_torque_N_m,lift_efficiency,lift_motor_efficiency,lift_power_coefficient,propeller_tip_mach,lift_tip_mach,time_min,fesibility
lift_and_cruse,hover_climb,0.0,0.7487478692358661,0.0,5.089149020339855e-12,-5.991188445325284,0.0,,0.0,2361.0914431739234,10898.1429468243,56.966338912113116,0.12673246947311734,0.8459627629627539,0.013023389416456765,0.0,0.6200977272621806,0.0,True
lift_and_cruse,hover_climb,0.0,0.7487730930146466,0.0,5.089147826226761e-12,-5.991188445325284,0.0,,0.0,2361.1602412866528,10898.140389694385,56.96627520926505,0.1267288879115997,0.8459645900514031,0.013023559399691959,0.0,0.6201210738395794,0.006398808168727426,True
lift_and_cruse,hover_climb,0.0,0.7488437838827228,0.0,5.089144446651445e-12,-5.991188445325284,0.0,,0.0,2361.3530504126147,10898.133152512935,56.96609746954285,0.1267188514287294,0.8459697101847651,0.013024035614520832,0.0,0.6201865026392459,0.02432787024086105,True
lift_and_cruse,hover_climb,0.0,0.7489459808251054,0.0,5.089139563098401e-12,-5.991188445325284,0.0,,0.0,2361.631799499034,10898.122694642878,56.965840657951915,0.1267043440539038,0.8459771111001846,0.013024722874642198,0.0,0.6202810907377845,0.050236115587498506,True
lift_and_cruse,hover_climb,0.0,0.7490594740637261,0.0,5.089134142873496e-12,-5.991188445325284,0.0,,0.0,2361.9413699739453,10898.111087518466,56.96555565831476,0.12668823623391967,0.8459853284085,0.013025484445149962,0.0,0.6203861319710828,0.07899209847396099,True
lift_and_cruse,hover_climb,0.0,0.7491617848381827,0.0,5.089129259505404e-12,-5.991188445325284,0.0,,0.0,2362.2204474791233,10898.100630044475,56.9652989164146,0.1266737183355976,0.8459927345646555,0.01302616948908049,0.0,0.6204808216066293,0.10490034382059844,True
lift_and_cruse,hover_climb,0.0,0.7492326176523412,0.0,5.089125880157749e-12,-5.991188445325284,0.0,,0.0,2362.413666136137,10898.093393350546,56.96512126352928,0.12666366873013782,0.8459978612330816,0.013026642940355406,0.0,0.6205463770207543,0.12282940589273207,True
lift_and_cruse,hover_climb,0.0,0.7492579038401026,0.0,5.089124674092627e-12,-5.991188445325284,0.0,,0.0,2362.4826430979115,10898.090810626,56.96505786342705,0.1266600814925283,0.8459996912065064,0.013026811791681902,0.0,0.6205697790514653,0.1292282140614595,True
lift_and_cruse,dep_transition,0.7631159860494416,0.7804846497987685,1088.5428481323456,1843.6039349929413,683.7771065761572,0.7352720363536218,0.9552232893066251,0.24134609832715154,2399.4019357153056,11579.609847016727,58.2466832235103,0.03577671487262494,0.8472889374621321,0.012913145337566637,0.35741891941888554,0.6302676269189398,0.1292282140614595,True
lift_and_cruse,dep_transition,0.7667391622157147,0.777058148467528,1092.872975427967,1864.340074425064,690.4797561741085,0.7339716321402739,0.9551050546898252,0.24178795097894734,2387.894364206908,11507.325065576613,57.814613798039524,0.03245175015745178,0.8468855457174419,0.012941378853797857,0.3588413113510541,0.6272459210068747,0.12999645400839663,True
lift_and_cruse,dep_transition,0.7767191203443042,0.7676266190322445,1104.7427178903718,1921.6166511736724,708.9579169222721,0.7304463878560683,0.9547774250554348,0.24296229281625603,2356.309530893418,11303.469601660356,56.597941779965765,0.022883613724501,0.8457377630237479,0.013011481214367595,0.3627404336628877,0.6189522517695145,0.13214901450587252,True
lift_and_cruse,dep_transition,0.7907016791683904,0.7543325042816138,1121.2324418740916,2002.2066589403896,734.8716144544691,0.7256468094618197,0.9543148531753488,0.24450422315720893,2312.0398687630263,11005.48093001267,54.823272331047065,0.008391535718713898,0.8440177484317946,0.013091535409566153,0.36815734543200623,0.6073277431709165,0.13525955454794,True
lift_and_cruse,dep_transition,0.8061253262600397,0.7403339477694958,1138.6570363985259,2088.5838554828333,762.5403185129398,0.7207019528564071,0.9538186385164211,0.24602057812089703,2264.274219785867,10670.066660936985,52.830700011194004,-0.008649289869954398,0.8419942603216517,0.013154455562001205,0.3738815826836812,0.594785191229153,0.13871199353099747,True
lift_and_cruse,dep_transition,0.8196202009364212,0.7279492216266682,1153.5980985321003,2163.58625746245,786.4822676727283,0.716568288036758,0.9533885959667711,0.24722925019979508,2222.073706016952,10363.708366087865,51.01620593501394,-0.024912540720351345,0.8400397718845486,0.013190500687552825,0.3787901386633333,0.5837038797434437,0.14182253357306496,True
lift_and_cruse,dep_transition,0.8286795928637026,0.7193999895528038,1163.5300662974669,2213.899195365797,802.5030214096399,0.7138758776866893,0.9531009388260279,0.24798709068043548,2193.174919672614,10149.41837308126,49.750917293152106,-0.03670266901036754,0.838600067521073,0.013205116399968147,0.3820531766390976,0.5761153711497824,0.14397509407054085,True
lift_and_cruse,dep_transition,0.8318575766783816,0.7163471997949853,1166.9955317661445,2231.5373473328887,808.1123077417384,0.7129469974416222,0.9530002905245071,0.24824313527053227,2182.9027976628417,10072.490449439705,49.29761017934161,-0.04102143249800781,0.8380669729974267,0.013208425448854642,0.38319173883848123,0.5734180095691614,0.14474333401747796,True
lift_and_cruse,second_climb,0.856082579313872,0.0,1220.8374031007722,1885.7987565980147,751.4780941355333,0.7992407117217187,0.9566975409916564,0.21093302713131118,0.0,-4.618874822207635e-13,-5.336658663347744,0.0,,0.0,0.40087112126748625,0.0,0.14474333401747796,True
lift_and_cruse,second_climb,0.8562873783430254,0.0,1220.9525004040145,1885.8372892001157,751.4566510682187,0.7991981865199241,0.9567015085945323,0.21096062165916352,0.0,-4.618969199863287e-13,-5.336658663347744,0.0,,0.0,0.400925300652642,0.0,0.16851080572089736,True
lift_and_cruse,second_climb,0.8568620168925337,0.0,1221.2753481593045,1885.9460703178497,751.396815370396,0.799078909435395,0.9567126227123828,0.2110379570934715,0.0,-4.619235636758568e-13,-5.336658663347744,0.0,,0.0,0.4010772506709203,0.0,0.23510578157138182,True
lift_and_cruse,second_climb,0.8576944930998391,0.0,1221.7427937855623,1886.1053730557255,751.3109927354886,0.7989062268150642,0.9567286755917592,0.2111497556138104,0.0,-4.619625815934638e-13,-5.336658663347744,0.0,,0.0,0.401297196595099,0.0,0.33133830986796226,True
lift_and_cruse,second_climb,0.8586213905255954,0.0,1222.2628929302741,1886.2851063551082,751.2166226401266,0.7987141178470489,0.9567464827959845,0.21127390385070693,0.0,-4.620066035554216e-13,-5.336658663347744,0.0,,0.0,0.40154183440817237,0.0,0.4381483581669931,True
lift_and_cruse,second_climb,0.8594591387165381,0.0,1222.732638007551,1886.449673004155,751.1323922534061,0.7985406323413239,0.9567625176281577,0.2113858106624364,0.0,-4.620469107594219e-13,-5.336658663347744,0.0,,0.0,0.4017627123107576,0.0,0.5343808864635735,True
lift_and_cruse,second_climb,0.8600403511500668,0.0,1223.0583526679168,1886.565015378973,751.0745443438421,0.7984203542386412,0.9567736091482247,0.21146328193579814,0.0,-4.620751614934472e-13,-5.336658663347744,0.0,,0.0,0.4019158243359663,0.0,0.6009758623140581,True
lift_and_cruse,second_climb,0.8602480762710176,0.0,1223.1747265424854,1886.6064718884868,751.0539839735034,0.7983773833126259,0.9567775667810449,0.2114909361331297,0.0,-4.620853154097832e-13,-5.336658663347744,0.0,,0.0,0.4019705210861605,0.0,0.6247433340174775,True
lift_and_cruse,departure_terminal_procedures,0.7393582363069874,0.0,1083.9596641083538,1228.0953449656108,515.7470241178713,0.8344592960680703,0.9609383887288665,0.18493030705999214,0.0,-3.0079660665198e-13,-5.336658663347744,0.0,,0.0,0.35622043324068,0.0,0.6247433340174775,True
lift_and_cruse,departure_terminal_procedures,0.7394607569834117,0.0,1083.9596641187097,1228.0953450137204,515.7470241349748,0.8344592960652042,0.9609383887286096,0.1849303070625907,0.0,-3.0079660666376343e-13,-5.336658663347744,0.0,,0.0,0.35622043324408326,0.0,0.6603228902581376,True
lift_and_cruse,departure_terminal_procedures,0.7397482162365837,0.0,1083.9596641278542,1228.0953450562022,515.7470241500514,0.8344592960626734,0.9609383887283837,0.1849303070648766,0.0,-3.0079660667416846e-13,-5.336658663347744,0.0,,0.0,0.3562204332470884,0.0,0.7600145915120333,True
lift_and_cruse,departure_terminal_procedures,0.7401641356511083,0.0,1083.9596641494977,1228.0953451567477,515.747024185699,0.8344592960566836,0.96093838872785,0.18493030707026675,0.0,-3.00796606698795e-13,-5.336658663347744,0.0,,0.0,0.3562204332542011,0.0,0.9040732737073507,True
lift_and_cruse,departure_terminal_procedures,0.7406265049722401,0.0,1083.9596641470393,1228.0953451453279,515.7470241816086,0.8344592960573638,0.9609383887279118,0.18493030706964478,0.0,-3.00796606695998e-13,-5.336658663347744,0.0,,0.0,0.35622043325339314,0.0,1.0639663480715138,True
lift_and_cruse,departure_terminal_procedures,0.7410437481344612,0.0,1083.9596641629632,1228.095345219304,515.7470242078323,0.8344592960529565,0.9609383887275192,0.18493030707361832,0.0,-3.0079660671411684e-13,-5.336658663347744,0.0,,0.0,0.3562204332586263,0.0,1.2080250302668312,True
lift_and_cruse,departure_terminal_procedures,0.7413328580825932,0.0,1083.9596641652781,1228.0953452300573,515.7470242116918,0.8344592960523156,0.9609383887274607,0.18493030707420752,0.0,-3.007966067167507e-13,-5.336658663347744,0.0,,0.0,0.356220433259387,0.0,1.307716731520727,True
lift_and_cruse,departure_terminal_procedures,0.7414361133720797,0.0,1083.9596641506748,1228.0953451622163,515.7470241876501,0.834459296056357,0.9609383887278206,0.1849303070705587,0.0,-3.0079660670013443e-13,-5.336658663347744,0.0,,0.0,0.35622043325458796,0.0,1.343296287761387,True
lift_and_cruse,accel_climb,0.8993731503399538,0.0,1272.400387743846,1865.93574439461,760.5044349351731,0.8182423858172279,0.9577813590076706,0.1979027225669913,0.0,-4.570224473574986e-13,-5.336658663347744,0.0,,0.0,0.4181474942156281,0.0,1.343296287761387,True
lift_and_cruse,accel_climb,0.902503202039456,0.0,1275.736330572454,1863.9073418492308,760.6015707960787,0.8191549438166188,0.9578649646985531,0.19723762719943702,0.0,-4.565256320205824e-13,-5.336658663347744,0.0,,0.0,0.41932962052771133,0.0,1.462133646278484,True
lift_and_cruse,accel_climb,0.9115333948183205,0.0,1285.155893309461,1858.7616352015682,761.0701950143907,0.8216088101704305,0.9580923668321519,0.19542927025337356,0.0,-4.552652973855001e-13,-5.336658663347744,0.0,,0.0,0.4226683671175708,0.0,1.7951085255309063,True
lift_and_cruse,accel_climb,0.9249505492802952,0.0,1298.9346918732533,1852.6599047516027,762.2489936570211,0.8248946654047515,0.9584032387145662,0.1929610053048071,0.0,-4.537708044525381e-13,-5.336658663347744,0.0,,0.0,0.4275550320168971,0.0,2.276271167013809,True
lift_and_cruse,accel_climb,0.9402991418239369,0.0,1314.446406128624,1847.6107344020056,764.2041380689232,0.8282112158418645,0.958725622537441,0.19040799608407868,0.0,-4.5253411439114136e-13,-5.336658663347744,0.0,,0.0,0.4330606362093537,0.0,2.810321408508963,True
lift_and_cruse,accel_climb,0.9545610909490118,0.0,1328.624765885187,1844.501564992132,766.4862140385294,0.8309379861420142,0.9589984051619264,0.18825333688657667,0.0,-4.5177258751797965e-13,-5.336658663347744,0.0,,0.0,0.43809691342449447,0.0,3.2914840499918654,True
lift_and_cruse,accel_climb,0.9646850636267384,0.0,1338.5536535261585,1843.097482929184,768.3239954625084,0.8326976986379127,0.9591786918033264,0.186831997230561,0.0,-4.5142868659715374e-13,-5.336658663347744,0.0,,0.0,0.44162587479199317,0.0,3.624458929244288,True
lift_and_cruse,accel_climb,0.9683508014648928,0.0,1342.121056815448,1842.737827052036,769.0272007937697,0.8333028124977775,0.9592415213331162,0.1863371526572229,0.0,-4.5134059631340496e-13,-5.336658663347744,0.0,,0.0,0.442894230981696,0.0,3.743296287761385,True
lift_and_cruse,cruise_0,0.8578301192570675,0.0,1227.0505846146555,1247.3668084655278,550.2713531748279,0.8590235769988432,0.9631940388495531,0.15951190616226354,0.0,-3.0551675386999164e-13,-5.336658663347744,0.0,,0.0,0.4049214653840852,0.0,3.743296287761385,True
lift_and_cruse,cruise_0,0.8578473253946356,0.0,1227.0505846146577,1247.36680846554,550.2713531747854,0.8590235769988427,0.9631940388495543,0.15951190616224517,0.0,-3.0551675386999467e-13,-5.336658663347744,0.0,,0.0,0.40492146538408597,0.0,3.7474225849321177,True
lift_and_cruse,cruise_0,0.8578955413266013,0.0,1227.0505846162182,1247.3668084735132,550.2713531778852,0.8590235769984613,0.9631940388495038,0.1595119061627422,0.0,-3.055167538719475e-13,-5.336658663347744,0.0,,0.0,0.40492146538460094,0.0,3.7589842126839375,True
lift_and_cruse,cruise_0,0.8579652294398176,0.0,1227.050584614662,1247.3668084655615,550.2713531747186,0.8590235769988414,0.9631940388495562,0.1595119061622403,0.0,-3.0551675386999987e-13,-5.336658663347744,0.0,,0.0,0.40492146538408735,0.0,3.7756912488465386,True
lift_and_cruse,cruise_0,0.8580425969018544,0.0,1227.0505846146561,1247.366808465531,550.2713531748128,0.8590235769988429,0.9631940388495537,0.1595119061622606,0.0,-3.055167538699924e-13,-5.336658663347744,0.0,,0.0,0.40492146538408547,0.0,3.7942346600095647,True
lift_and_cruse,cruise_0,0.858112320144505,0.0,1227.0505846146582,1247.366808465543,550.2713531747733,0.8590235769988422,0.9631940388495548,0.1595119061622613,0.0,-3.055167538699954e-13,-5.336658663347744,0.0,,0.0,0.40492146538408613,0.0,3.810941696172166,True
lift_and_cruse,cruise_0,0.858160579879215,0.0,1227.050584614953,1247.3668084670478,550.2713531753172,0.8590235769987703,0.9631940388495464,0.15951190616233568,0.0,-3.0551675387036394e-13,-5.336658663347744,0.0,,0.0,0.4049214653841835,0.0,3.8225033239239856,True
lift_and_cruse,cruise_0,0.8581778055110894,0.0,1227.0505846146598,1247.3668084655478,550.271353174752,0.8590235769988418,0.9631940388495553,0.15951190616224536,0.0,-3.0551675386999654e-13,-5.336658663347744,0.0,,0.0,0.40492146538408663,0.0,3.8266296210947184,True
lift_and_cruse,cruise_1,0.8917112307140532,0.0,1271.184322257822,1280.735876342652,569.9167187291479,0.8636088350073664,0.9635676970727434,0.15393432630733878,0.0,-3.1368981830324184e-13,-5.336658663347744,0.0,,0.0,0.41948541078570034,0.0,3.8266296210947184,True
lift_and_cruse,cruise_1,0.8936338030410684,0.0,1271.1843222598445,1280.735876353399,569.9167187333144,0.8636088350068948,0.9635676970726736,0.15393432630796774,0.0,-3.136898183058741e-13,-5.336658663347744,0.0,,0.0,0.4194854107863678,0.0,4.825193536411992,True
lift_and_cruse,cruise_1,0.8985355191918757,0.0,1271.1843222588482,1280.7358763481038,569.9167187311962,0.8636088350071269,0.9635676970727097,0.1539343263076374,0.0,-3.136898183045771e-13,-5.336658663347744,0.0,,0.0,0.41948541078603896,0.0,7.623107452352488,True
lift_and_cruse,cruise_1,0.9110462155948776,0.0,1271.1843222569753,1280.7358763381485,569.9167187274643,0.8636088350075637,0.963567697072771,0.15393432630708073,0.0,-3.136898183021388e-13,-5.336658663347744,0.0,,0.0,0.41948541078542095,0.0,11.66621020370188,True
lift_and_cruse,cruise_1,0.9267911907606496,0.0,1271.1843222588584,1280.735876348162,569.9167187311779,0.8636088350071243,0.9635676970727104,0.1539343263076403,0.0,-3.136898183045914e-13,-5.336658663347744,0.0,,0.0,0.4194854107860424,0.0,16.153715705154223,True
lift_and_cruse,cruise_1,0.9409794523723635,0.0,1271.1843222588523,1280.7358763481259,569.9167187312872,0.8636088350071263,0.9635676970727074,0.15393432630765805,0.0,-3.136898183045825e-13,-5.336658663347744,0.0,,0.0,0.4194854107860403,0.0,20.19681845650361,True
lift_and_cruse,cruise_1,0.9508947257040143,0.0,1271.1843222588552,1280.7358763481416,569.9167187312356,0.8636088350071254,0.9635676970727088,0.15393432630764578,0.0,-3.136898183045864e-13,-5.336658663347744,0.0,,0.0,0.4194854107860413,0.0,22.994732372444112,True
lift_and_cruse,cruise_1,0.9546187772496759,0.0,1271.1843222588575,1280.7358763481534,569.9167187312113,0.8636088350071247,0.9635676970727095,0.1539343263076377,0.0,-3.136898183045893e-13,-5.336658663347744,0.0,,0.0,0.41948541078604207,0.0,23.993296287761385,True
lift_and_cruse,cruise_2,0.8441197083128217,0.0,1134.3811494666315,1216.513883091974,520.5093779055331,0.8434279635126112,0.9619982048114412,0.17654348298953976,0.0,-2.979599666093807e-13,-5.336658663347744,0.0,,0.0,0.37434094657993394,0.0,23.993296287761385,True
lift_and_cruse,cruise_2,0.8441303580818722,0.0,1134.3811494659967,1216.5138830890253,520.5093779044573,0.8434279635127724,0.9619982048114569,0.17654348298937098,0.0,-2.9795996660865846e-13,-5.336658663347744,0.0,,0.0,0.37434094657972444,0.0,23.997422584932117,True
lift_and_cruse,cruise_2,0.8441602002313334,0.0,1134.3811494667998,1216.513883092755,520.5093779058036,0.8434279635125688,0.9619982048114373,0.17654348298957173,0.0,-2.979599666095719e-13,-5.336658663347744,0.0,,0.0,0.3743409465799894,0.0,24.008984212683938,True
lift_and_cruse,cruise_2,0.8442033290036322,0.0,1134.381149466896,1216.5138830931994,520.5093779060132,0.8434279635125443,0.9619982048114335,0.17654348298961026,0.0,-2.979599666096808e-13,-5.336658663347744,0.0,,0.0,0.37434094658002126,0.0,24.02569124884654,True
lift_and_cruse,cruise_2,0.8442512061061255,0.0,1134.3811494667693,1216.513883092614,520.5093779058066,0.8434279635125767,0.9619982048114366,0.17654348298957956,0.0,-2.9795996660953744e-13,-5.336658663347744,0.0,,0.0,0.3743409465799794,0.0,24.044234660009565,True
lift_and_cruse,cruise_2,0.8442943488925396,0.0,1134.381149466,1216.5138830890405,520.5093779044937,0.8434279635127714,0.9619982048114559,0.17654348298938227,0.0,-2.979599666086622e-13,-5.336658663347744,0.0,,0.0,0.37434094657972544,0.0,24.060941696172165,True
lift_and_cruse,cruise_2,0.8443242085184326,0.0,1134.3811494668962,1216.5138830932015,520.5093779060103,0.8434279635125447,0.9619982048114336,0.17654348298961023,0.0,-2.9795996660968133e-13,-5.336658663347744,0.0,,0.0,0.37434094658002126,0.0,24.072503323923986,True
lift_and_cruse,cruise_2,0.8443348660653739,0.0,1134.3811494664615,1216.5138830911828,520.5093779052079,0.8434279635126546,0.9619982048114464,0.17654348298948852,0.0,-2.979599666091869e-13,-5.336658663347744,0.0,,0.0,0.3743409465798778,0.0,24.076629621094717,True
lift_and_cruse,cruise_3,0.9204137997305907,0.0,1229.5349012041775,1248.9999372293057,551.2887578319683,0.8593180098624414,0.9632181337220701,0.15916169230952495,0.0,-3.0591675505262286e-13,-5.336658663347744,0.0,,0.0,0.40574127927482484,0.0,24.076629621094717,True
lift_and_cruse,cruise_3,0.9204275432224487,0.0,1229.5349012041763,1248.9999372292978,551.2887578319865,0.8593180098624418,0.9632181337220697,0.1591616923095322,0.0,-3.059167550526209e-13,-5.336658663347744,0.0,,0.0,0.40574127927482445,0.0,24.08075591826545,True
lift_and_cruse,cruise_3,0.9204660548248738,0.0,1229.5349012041431,1248.999937229129,551.2887578319167,0.8593180098624498,0.9632181337220708,0.15916169230951321,0.0,-3.059167550525796e-13,-5.336658663347744,0.0,,0.0,0.4057412792748135,0.0,24.092317546017274,True
lift_and_cruse,cruise_3,0.9205217140207316,0.0,1229.5349012041488,1248.9999372291577,551.288757831871,0.8593180098624483,0.9632181337220721,0.15916169230951582,0.0,-3.059167550525866e-13,-5.336658663347744,0.0,,0.0,0.40574127927481535,0.0,24.109024582179874,True
lift_and_cruse,cruise_3,0.9205835025820414,0.0,1229.5349012041456,1248.9999372291416,551.2887578319044,0.8593180098624491,0.9632181337220711,0.15916169230951382,0.0,-3.0591675505258267e-13,-5.336658663347744,0.0,,0.0,0.40574127927481435,0.0,24.127567993342897,True
lift_and_cruse,cruise_3,0.920639182528714,0.0,1229.534901204155,1248.9999372291886,551.2887578319957,0.8593180098624471,0.9632181337220689,0.15916169230952834,0.0,-3.059167550525942e-13,-5.336658663347744,0.0,,0.0,0.4057412792748174,0.0,24.144275029505497,True
lift_and_cruse,cruise_3,0.920677720006988,0.0,1229.5349012041452,1248.9999372291388,551.2887578318862,0.8593180098624494,0.9632181337220717,0.15916169230951058,0.0,-3.0591675505258197e-13,-5.336658663347744,0.0,,0.0,0.4057412792748142,0.0,24.15583665725732,True
lift_and_cruse,cruise_3,0.9206914750146843,0.0,1229.534901204153,1248.9999372291782,551.288757831947,0.8593180098624476,0.9632181337220702,0.1591616923095229,0.0,-3.059167550525916e-13,-5.336658663347744,0.0,,0.0,0.40574127927481674,0.0,24.159962954428053,True
lift_and_cruse,cruise_4,0.8667668926171495,0.0,1162.5982180164633,1218.0922237456205,527.6282410865495,0.849390003163742,0.9624330304180441,0.17037656614893595,0.0,-2.983465485752711e-13,-5.336658663347744,0.0,,0.0,0.3836524589896927,0.0,24.159962954428053,True
lift_and_cruse,cruise_4,0.867466936353721,0.0,1162.598218016406,1218.092223745346,527.6282410865465,0.8493900031637568,0.962433030418043,0.1703765661489388,0.0,-2.9834654857520393e-13,-5.336658663347744,0.0,,0.0,0.3836524589896738,0.0,24.411667081842737,True
lift_and_cruse,cruise_4,0.8694374461272734,0.0,1162.5982180163242,1218.0922237449545,527.6282410863854,0.8493900031637773,0.9624330304180455,0.17037656614891467,0.0,-2.98346548575108e-13,-5.336658663347744,0.0,,0.0,0.3836524589896468,0.0,25.116926374703773,True
lift_and_cruse,cruise_4,0.8723086435866618,0.0,1162.5982180164076,1218.0922237453528,527.6282410864584,0.8493900031637563,0.9624330304180454,0.17037656614891547,0.0,-2.983465485752056e-13,-5.336658663347744,0.0,,0.0,0.3836524589896743,0.0,26.136055580622422,True
lift_and_cruse,cruise_4,0.8755286524293937,0.0,1162.598218016389,1218.0922237452635,527.6282410864493,0.8493900031637608,0.9624330304180452,0.17037656614892827,0.0,-2.983465485751837e-13,-5.336658663347744,0.0,,0.0,0.38365245898966815,0.0,27.267203661567017,True
lift_and_cruse,cruise_4,0.8784977875157591,0.0,1162.5982180164076,1218.0922237453528,527.628241086434,0.8493900031637563,0.9624330304180462,0.17037656614890948,0.0,-2.983465485752056e-13,-5.336658663347744,0.0,,0.0,0.3836524589896743,0.0,28.286332867485665,True
lift_and_cruse,cruise_4,0.8808626939744924,0.0,1162.5982180164085,1218.092223745357,527.628241086434,0.8493900031637557,0.9624330304180462,0.17037656614891383,0.0,-2.983465485752066e-13,-5.336658663347744,0.0,,0.0,0.38365245898967454,0.0,28.9915921603467,True
lift_and_cruse,cruise_4,0.8817068319982744,0.0,1162.5982180164046,1218.0922237453394,527.6282410865981,0.8493900031637567,0.9624330304180415,0.17037656614896063,0.0,-2.983465485752023e-13,-5.336658663347744,0.0,,0.0,0.3836524589896733,0.0,29.243296287761385,True
lift_and_cruse,cruise_5,0.9126482914361576,0.0,1200.4500903115077,1231.954623605116,539.9908831778513,0.8555626187143617,0.9629137578691241,0.16354578070811818,0.0,-3.0174185729855755e-13,-5.336658663347744,0.0,,0.0,0.3961434155887264,0.0,29.243296287761385,True
lift_and_cruse,cruise_5,0.9135665475712403,0.0,1200.450091323155,1231.9546286516397,539.9908850923235,0.855562618461116,0.9629137578388636,0.16354578101228517,0.0,-3.0174185853459934e-13,-5.336658663347744,0.0,,0.0,0.39614341592256563,0.0,29.49500041517607,True
lift_and_cruse,cruise_5,0.9161401845338273,0.0,1200.45009127513,1231.9546284120709,539.9908849970077,0.8555626184731379,0.9629137578404198,0.16354578099650854,0.0,-3.017418584759219e-13,-5.336658663347744,0.0,,0.0,0.3961434159067177,0.0,30.200259708037105,True
lift_and_cruse,cruise_5,0.9198612062431679,0.0,1200.450091200911,1231.954628041835,539.9908848594192,0.8555626184917171,0.9629137578425624,0.16354578097505448,0.0,-3.0174185838524023e-13,-5.336658663347744,0.0,,0.0,0.3961434158822257,0.0,31.219388913955754,True
lift_and_cruse,cruise_5,0.9239941947864978,0.0,1200.4500911367586,1231.9546277218176,539.9908847354,0.8555626185077765,0.962913757844552,0.16354578095497316,0.0,-3.017418583068586e-13,-5.336658663347744,0.0,,0.0,0.3961434158610557,0.0,32.35053699490035,True
lift_and_cruse,cruise_5,0.9277207567503688,0.0,1200.4500912540477,1231.9546283069033,539.9908849594758,0.8555626184784155,0.9629137578409865,0.16354578099088551,0.0,-3.0174185845016325e-13,-5.336658663347744,0.0,,0.0,0.3961434158997606,0.0,33.369666200819,True
lift_and_cruse,cruise_5,0.9301887104799469,0.0,1200.4500913235256,1231.9546286534894,539.9908850941196,0.8555626184610231,0.9629137578388228,0.1635457810127341,0.0,-3.017418585350524e-13,-5.336658663347744,0.0,,0.0,0.396143415922688,0.0,34.074925493680034,True
lift_and_cruse,cruise_5,0.9310600066081902,0.0,1200.4500913235609,1231.954628653666,539.9908850941773,0.8555626184610143,0.9629137578388222,0.16354578101273903,0.0,-3.017418585350957e-13,-5.336658663347744,0.0,,0.0,0.39614341592269964,0.0,34.326629621094725,True
lift_and_cruse,cruise_6,1.0239134848700522,0.0,1276.9189023683193,1351.388149926191,584.8200106226784,0.8616411574341981,0.9632842722162827,0.156544108063603,0.0,-3.3099463444255465e-13,-5.336658663347744,0.0,,0.0,0.4213777977914359,0.0,34.326629621094725,False
lift_and_cruse,cruise_6,0.9978441896443979,0.0,1276.7456692800288,1318.879585220443,584.4527597824327,0.8616834990167597,0.9632907031635561,0.15648825973169372,0.0,-3.2303233250020087e-13,-5.336658663347744,0.0,,0.0,0.42132063161031585,0.0,34.36170918707185,False
lift_and_cruse,cruise_6,0.998497399559644,0.0,1277.1194159301663,1320.8791475710163,585.2268910196832,0.8615953542448436,0.963277316565987,0.15660383483842694,0.0,-3.235220840266659e-13,-5.336658663347744,0.0,,0.0,0.4214439664126081,0.0,34.459999946738826,False
lift_and_cruse,cruise_6,1.0000042935628541,0.0,1278.2874740111029,1327.132146529056,587.6466132396773,0.8613201734789442,0.9632353567588683,0.156964089432606,0.0,-3.250536270584729e-13,-5.336658663347744,0.0,,0.0,0.4218294206031011,0.0,34.602034209686536,False
lift_and_cruse,cruise_6,0.9992192595849149,0.0,1277.236011826894,1321.4984735469577,585.4675232094486,0.8615681906878278,0.9632731603549245,0.15663962437920806,0.0,-3.23673775141479e-13,-5.336658663347744,0.0,,0.0,0.4214824425618009,0.0,34.75968034820229,False
lift_and_cruse,cruise_6,0.9987761294602593,0.0,1276.3937439187944,1317.01270227425,583.7292756497789,0.8617653442499169,0.9633031446246122,0.15638074405125177,0.0,-3.225750780553132e-13,-5.336658663347744,0.0,,0.0,0.4212044977403975,0.0,34.90171461114999,False
lift_and_cruse,cruise_6,0.9989579995878106,0.0,1275.9958829727343,1314.885965189129,582.9051763024237,0.8618590897069257,0.9633173581290014,0.15625736616783345,0.0,-3.22054177702529e-13,-5.336658663347744,0.0,,0.0,0.4210732053231836,0.0,35.00000537081697,False
lift_and_cruse,cruise_6,0.9989736115478972,0.0,1275.8396425035571,1314.0511152934291,582.5816918150135,0.8618958868266244,0.9633229304179579,0.15620890274330684,0.0,-3.218496984520215e-13,-5.336658663347744,0.0,,0.0,0.4210216466339781,0.0,35.0350849367941,False
lift_and_cruse,decel_descend,0.7780933138959673,0.0,1026.0822434558322,605.5798484232419,286.3657593184635,0.8800941146191459,0.96314447019446,0.11871289005925968,0.0,-1.4832428459993248e-13,-5.336658663347744,0.0,,0.0,0.33860276897647545,0.0,35.0350849367941,True
lift_and_cruse,decel_descend,0.7780872256515834,0.0,1025.8751793538777,605.6726799884482,286.4654407837552,0.8801279901482616,0.9631426038430592,0.11859369994522176,0.0,-1.4834702177577045e-13,-5.336658663347744,0.0,,0.0,0.3384645974526828,0.0,35.1539222953112,True
lift_and_cruse,decel_descend,0.7780756414921165,0.0,1025.3016984574192,605.953870191528,286.75329495742534,0.880221595184848,0.9631375531695591,0.11826278043081713,0.0,-1.4841589351220111e-13,-5.336658663347744,0.0,,0.0,0.3380800365585712,0.0,35.48689717456362,True
lift_and_cruse,decel_descend,0.7780730286644464,0.0,1024.4902007377864,606.4148103686061,287.19143111997613,0.8803535986110214,0.9631307063229116,0.11779244172922078,0.0,-1.4852879129469253e-13,-5.336658663347744,0.0,,0.0,0.33753097581853003,0.0,35.96805981604653,True
lift_and_cruse,decel_descend,0.7780894289033768,0.0,1023.6128502358397,607.0014384769091,287.7082315364194,0.8804959088388732,0.9631237040507101,0.11728113344883756,0.0,-1.4867247374171715e-13,-5.336658663347744,0.0,,0.0,0.3369305844963887,0.0,36.50211005754168,True
lift_and_cruse,decel_descend,0.7781213464272588,0.0,1022.8429542207839,607.5970134984334,288.20115429351137,0.8806206438164295,0.9631179049162171,0.11682998479687541,0.0,-1.4881834755046953e-13,-5.336658663347744,0.0,,0.0,0.33639760244565836,0.0,36.98327269902458,True
lift_and_cruse,decel_descend,0.778152826350851,0.0,1022.3213586449866,608.0461028741872,288.55732801383755,0.8807051801944749,0.9631141602999457,0.1165229947051136,0.0,-1.4892834272377913e-13,-5.336658663347744,0.0,,0.0,0.3360330948524551,0.0,37.316247578277,True
lift_and_cruse,decel_descend,0.778165905371688,0.0,1022.1373888218693,608.2136608301281,288.6874155464707,0.8807350179716171,0.9631128750542336,0.11641445428070285,0.0,-1.4896938258666207e-13,-5.336658663347744,0.0,,0.0,0.3359038491318135,0.0,37.4350849367941,True
lift_and_cruse,arrival_terminal_procedure,0.8624561784398543,0.0,1109.147068953703,1217.01894022134,519.3112834149041,0.8420181236524271,0.9614441706816395,0.1778472239450252,0.0,-2.980836699287536e-13,-5.336658663347744,0.0,,0.0,0.36449774148683056,0.0,37.4350849367941,True
lift_and_cruse,arrival_terminal_procedure,0.8625635290176514,0.0,1109.1470689537368,1217.0189402214983,519.3112834150105,0.8420181236524181,0.9614441706816371,0.1778472239450523,0.0,-2.980836699287924e-13,-5.336658663347744,0.0,,0.0,0.36449774148684166,0.0,37.47313602448704,True
lift_and_cruse,arrival_terminal_procedure,0.8628645032961164,0.0,1109.14706895374,1217.0189402215137,519.3112834149435,0.8420181236524175,0.9614441706816392,0.177847223945032,0.0,-2.9808366992879616e-13,-5.336658663347744,0.0,,0.0,0.3644977414868428,0.0,37.57975280298229,True
lift_and_cruse,arrival_terminal_procedure,0.8632999052376795,0.0,1109.147068953739,1217.0189402215105,519.3112834149648,0.842018123652418,0.9614441706816386,0.17784722394504127,0.0,-2.9808366992879536e-13,-5.336658663347744,0.0,,0.0,0.3644977414868425,0.0,37.73381851172991,True
lift_and_cruse,arrival_terminal_procedure,0.8637838328036483,0.0,1109.1470689537355,1217.0189402214921,519.311283414977,0.8420181236524185,0.961444170681638,0.17784722394503777,0.0,-2.9808366992879086e-13,-5.336658663347744,0.0,,0.0,0.3644977414868413,0.0,37.90481854762049,True
lift_and_cruse,arrival_terminal_procedure,0.864220439651498,0.0,1109.147068953735,1217.0189402214914,519.3112834149588,0.8420181236524189,0.9614441706816387,0.1778472239450541,0.0,-2.980836699287907e-13,-5.336658663347744,0.0,,0.0,0.36449774148684116,0.0,38.0588842563681,True
lift_and_cruse,arrival_terminal_procedure,0.864522916428611,0.0,1109.1470689537177,1217.0189402214096,519.3112834149648,0.842018123652423,0.961444170681638,0.17784722394503397,0.0,-2.9808366992877067e-13,-5.336658663347744,0.0,,0.0,0.36449774148683545,0.0,38.16550103486337,True
lift_and_cruse,arrival_terminal_procedure,0.8646309356829948,0.0,1109.1470689537146,1217.0189402213941,519.3112834148889,0.8420181236524239,0.9614441706816401,0.17784722394503097,0.0,-2.980836699287669e-13,-5.336658663347744,0.0,,0.0,0.3644977414868344,0.0,38.2035521225563,True
lift_and_cruse,second_descent,0.7145246758276559,0.0,936.7489039210578,548.9463703882267,257.73031172575116,0.8777484072230987,0.9611479240317853,0.12374188151556031,0.0,-1.3445308307989985e-13,-5.336658663347744,0.0,,0.0,0.3078427283241929,0.0,38.2035521225563,True
lift_and_cruse,second_descent,0.7145040868929825,0.0,936.6928215203325,548.8909039282677,257.7187881329327,0.8777591781180555,0.9611466910485863,0.12370805468452971,0.0,-1.3443949771537008e-13,-5.336658663347744,0.0,,0.0,0.30781169736481545,0.0,38.227319594259725,True
lift_and_cruse,second_descent,0.714446632255908,0.0,936.5360010732222,548.7363115267159,257.68681606564945,0.8777892381587938,0.9611432488670062,0.12361341272362847,0.0,-1.344016334974235e-13,-5.336658663347744,0.0,,0.0,0.3077248715475318,0.0,38.29391457011021,True
lift_and_cruse,second_descent,0.7143642182232343,0.0,936.3102190619802,548.51506138503,257.64144356621716,0.8778323667124116,0.9611383076203264,0.12347701415776985,0.0,-1.343474428418582e-13,-5.336658663347744,0.0,,0.0,0.30759971943181036,0.0,38.39014709840679,True
lift_and_cruse,second_descent,0.7142735889649561,0.0,936.0607659698377,548.2724574244122,257.5922324464618,0.8778798103793939,0.9611328687775369,0.12332612613011004,0.0,-1.3428802200909199e-13,-5.336658663347744,0.0,,0.0,0.30746124563783445,0.0,38.49695714670582,True
lift_and_cruse,second_descent,0.7141926928913729,0.0,935.837045751883,548.0565486707646,257.5489268689025,0.8779221753274781,0.9611280095075396,0.12319063227562156,0.0,-1.342351396162795e-13,-5.336658663347744,0.0,,0.0,0.3073368753016059,0.0,38.5931896750024,True
lift_and_cruse,second_descent,0.7141371311939934,0.0,935.6827964163685,547.9086172475879,257.51953229059654,0.8779512831525821,0.9611246695511673,0.12309711848057528,0.0,-1.3419890686750216e-13,-5.336658663347744,0.0,,0.0,0.30725102438023055,0.0,38.659784650852885,True
lift_and_cruse,second_descent,0.7141173846750776,0.0,935.6278582311385,547.856115054246,257.509155930482,0.8779616302788297,0.9611234820648059,0.12306379380574337,0.0,-1.3418604753889728e-13,-5.336658663347744,0.0,,0.0,0.307220427278516,0.0,38.68355212255631,True
lift_and_cruse,app_transition,0.6073405724673024,0.0,790.9965708326517,725.9031773853092,297.49836388815004,0.8182492812061599,0.9583348995705541,0.1989203858883193,0.0,-1.7779500053516243e-13,-5.336658663347744,0.0,,0.0,0.25972965889074107,0.0,38.68355212255631,True
lift_and_cruse,app_transition,0.6073325967078697,0.0,790.9857310031236,725.8712804484701,297.48781221639587,0.8182549542707682,0.9583346800286506,0.19891589921797267,0.0,-1.7778718803884194e-13,-5.336658663347744,0.0,,0.0,0.25972565725575536,0.0,38.68437476000872,True
lift_and_cruse,app_transition,0.6073102500617044,0.0,790.9553600566996,725.7819145550064,297.45824706601525,0.8182708473175457,0.9583340647451561,0.19890332669195315,0.0,-1.7776529970776528e-13,-5.336658663347744,0.0,,0.0,0.2597144455193006,0.0,38.68667973892951,True
lift_and_cruse,app_transition,0.6072779599129974,0.0,790.9114755899805,725.6527916325483,297.4155291969278,0.8182938074083451,0.9583331751974875,0.19888515990006034,0.0,-1.777336737130283e-13,-5.336658663347744,0.0,,0.0,0.25969824521663176,0.0,38.690010529974735,True
lift_and_cruse,app_transition,0.6072421229015268,0.0,790.8627713989692,725.509496098377,297.36812332563665,0.8183192828404804,0.95833218726529,0.1988649980230841,0.0,-1.776985764295773e-13,-5.336658663347744,0.0,,0.0,0.2596802657909002,0.0,38.69370742912838,True
lift_and_cruse,app_transition,0.6072098369605765,0.0,790.8188939455814,725.3804094210041,297.3254181800274,0.8183422278816095,0.9583312966246913,0.19884683397663655,0.0,-1.7766695931232585e-13,-5.336658663347744,0.0,,0.0,0.25966406828770056,0.0,38.69703822017359,True
lift_and_cruse,app_transition,0.607187495533372,0.0,790.788531741829,725.2910887161809,297.2958683164503,0.8183581021625251,0.958330679982295,0.19883426448820624,0.0,-1.77645082049274e-13,-5.336658663347744,0.0,,0.0,0.2596528600412044,0.0,38.69934319909439,True
lift_and_cruse,app_transition,0.6071795222209035,0.0,790.7776959787134,725.2592125110104,297.2853232809764,0.8183637668001574,0.9583304598415896,0.19882977896984672,0.0,-1.776372746307478e-13,-5.336658663347744,0.0,,0.0,0.25964886001704207,0.0,38.7001658365468,True
lift_and_cruse,hover_descent,0.0,0.8141536152657113,0.0,5.089124678169671e-12,-5.991188445325284,0.0,,0.0,2258.4986579722067,10898.090819356772,52.35071282986767,-0.08935185461564951,0.841637512247917,0.013099350858811148,0.0,0.5932555810560326,38.7001658365468,True
lift_and_cruse,hover_descent,0.0,0.8141338382909487,0.0,5.08912588375019e-12,-5.991188445325284,0.0,,0.0,2258.4211459715284,10898.093401043567,52.35066780337979,-0.08935501941383228,0.8416353968216912,0.013099289449439912,0.0,0.5932301696391099,38.7104903600166,True
lift_and_cruse,hover_descent,0.0,0.8140784332178719,0.0,5.089129261597378e-12,-5.991188445325284,0.0,,0.0,2258.2039970752303,10898.100634524324,52.35054149740261,-0.08936388670264651,0.8416294697165383,0.013099117193866947,0.0,0.5931589801264712,38.73941903193084,True
lift_and_cruse,hover_descent,0.0,0.8139983939307459,0.0,5.0891341427554905e-12,-5.991188445325284,0.0,,0.0,2257.890298798778,10898.111087265765,52.35035906531183,-0.08937669957554165,0.8416209054904139,0.013098867896062997,0.0,0.5930561387737826,38.78122217403,True
lift_and_cruse,hover_descent,0.0,0.8139095893691807,0.0,5.089139560471431e-12,-5.991188445325284,0.0,,0.0,2257.542245897886,10898.122689017358,52.3501566995792,-0.08939091977640111,0.8416114008721306,0.013098590668223256,0.0,0.5929420356590779,38.82762016133948,True
lift_and_cruse,hover_descent,0.0,0.8138296083752431,0.0,5.089144441702694e-12,-5.991188445325284,0.0,,0.0,2257.228774530037,10898.133141915447,52.349974481743835,-0.08940373081617982,0.8416028383699349,0.013098340418289733,0.0,0.5928392703021856,38.86942330343866,True
lift_and_cruse,hover_descent,0.0,0.8137742759927888,0.0,5.089147819641125e-12,-5.991188445325284,0.0,,0.0,2257.0119085842193,10898.140375591594,52.34984844311313,-0.08941259581912762,0.8415969134145633,0.013098166975473379,0.0,0.5927681755547763,38.89835197535289,True
lift_and_cruse,hover_descent,0.0,0.8137545312998932,0.0,5.089149025218023e-12,-5.991188445325284,0.0,,0.0,2256.934522497403,10898.142957270637,52.34980347229034,-0.0894157596004421,0.8415947989176493,0.01309810502201342,0.0,0.5927428063094727,38.908676498822686,True
