eVTOL_type,mission_segment,propeller_throttle,lift_throttle,propeller_rpm,propeller_thrust_N,propeller_torque_N_m,propeller_efficiency,propeller_motor_efficiency,propeller_power_coefficient,lift_rotor_rpm,lift_thrust_N,lift_torque_N_m,lift_efficiency,lift_motor_efficiency,lift_power_coefficient,propeller_tip_mach,lift_tip_mach,time_min,fesibility
lift_and_cruse,hover_climb,0.0,0.7488950051796278,0.0,5.089149020318411e-12,-5.991188445325284,0.0,,0.0,2361.5417783891075,10898.142946778378,56.98303520145797,0.12742689034368032,0.8459791085198943,0.013022238463760704,0.0,0.6202159996163704,0.0,True
lift_and_cruse,hover_climb,0.0,0.7489201873441859,0.0,5.089147826247261e-12,-5.991188445325284,0.0,,0.0,2361.610527105696,10898.140389738288,56.98297127616124,0.12742329298656557,0.8459809340764107,0.013022409074879485,0.0,0.6202393342273147,0.0063608595794373566,True
lift_and_cruse,hover_climb,0.0,0.7489907616139133,0.0,5.08914444666824e-12,-5.991188445325284,0.0,,0.0,2361.803197898287,10898.1331525489,56.98279291273205,0.127413212233332,0.8459860499190145,0.01302288704803173,0.0,0.6203047295154694,0.02418359206721858,True
lift_and_cruse,hover_climb,0.0,0.7490927901037686,0.0,5.0891395631112824e-12,-5.991188445325284,0.0,,0.0,2362.081747378748,10898.122694670463,56.98253519943223,0.12739864084374883,0.845993444643695,0.013023576845719146,0.0,0.6203992692623383,0.04993818671266906,True
lift_and_cruse,hover_climb,0.0,0.7492060964243433,0.0,5.089134142877834e-12,-5.991188445325284,0.0,,0.0,2362.391096708437,10898.111087527757,56.982249198225986,0.12738246191454924,0.846001655093955,0.013024341228161814,0.0,0.6205042569308308,0.07852363018688228,True
lift_and_cruse,hover_climb,0.0,0.7493082388367553,0.0,5.089129259502591e-12,-5.991188445325284,0.0,,0.0,2362.669975329854,10898.10063003845,56.98199155336075,0.1273678798967121,0.846009055083085,0.013025028801476131,0.0,0.6205988983976646,0.10427822483233275,True
lift_and_cruse,hover_climb,0.0,0.7493789551660925,0.0,5.089125880153708e-12,-5.991188445325284,0.0,,0.0,2362.8630565559524,10898.093393341893,56.98181327536123,0.12735778589016752,0.8460141774904149,0.013025504000885665,0.0,0.6206644205289178,0.12210095732011399,True
lift_and_cruse,hover_climb,0.0,0.7494041997850636,0.0,5.0891246740808665e-12,-5.991188445325284,0.0,,0.0,2362.9319845066516,10898.090810600812,56.98174965192539,0.1273541828003705,0.8460160059442722,0.013025673475651459,0.0,0.6206878106905781,0.12846181689955136,True
lift_and_cruse,dep_transition,0.7020971641601689,0.7640118831593251,1010.1946505111546,1746.5868325947151,620.2970934150793,0.6929049627134364,0.9551264483647756,0.25421806051453777,2368.2693429130577,11366.135531041225,57.07279226131496,0.030407530297542448,0.8461819447914652,0.012987745899639844,0.3316935856111907,0.6220898118170874,0.12846181689955136,True
lift_and_cruse,dep_transition,0.7057276634282431,0.7616942013241931,1014.6956492830268,1766.886153963109,626.6400936063292,0.6915327199212479,0.9550266839567378,0.2545479830812197,2360.168426608715,11314.981932569493,56.75744415620035,0.027547861079594484,0.8458836001356949,0.013004988766481712,0.3331720388349286,0.6199629433654689,0.12937633261769607,True
lift_and_cruse,dep_transition,0.715735001305317,0.7552439308030304,1027.0439273469221,1823.1856579297848,644.205289484332,0.6878325576276875,0.9547460744087828,0.2554388580746358,2337.678726316827,11170.349786920255,55.8670492658063,0.019361275774046175,0.845032622314254,0.013048989008418865,0.33722816504107306,0.6140583368174385,0.13193874871835246,True
lift_and_cruse,dep_transition,0.729837365500098,0.7460074057926774,1044.3115925523257,1903.007425159021,669.034226207147,0.6827964027554364,0.9543429719105587,0.2565986343200136,2305.623644708985,10957.967399585104,54.562694478217644,0.007067147137375827,0.8437575432970285,0.013101929019049281,0.3429003383770349,0.6056423263547677,0.13564154726681438,True
lift_and_cruse,dep_transition,0.7450043369924014,0.7358183917685589,1062.7064193821932,1989.4241017313557,695.8258017738855,0.6776066148125363,0.9539012705251706,0.2577320406680133,2270.4889793968428,10717.579193525693,53.090923671371584,-0.007247534578700312,0.8422671217117067,0.01314698118716044,0.34894296114256784,0.5964176997616253,0.13975134359871486,True
lift_and_cruse,dep_transition,0.758241243551618,0.7266493535599299,1078.6093275960186,2065.2658085465214,719.2721368100324,0.673264119877715,0.9535103556998759,0.25863355721073705,2239.090754376726,10496.819505694686,51.74403199476534,-0.020779510329844795,0.840843998633842,0.013176101082947839,0.3541671725044818,0.5881739912084621,0.14345414214717678,True
lift_and_cruse,dep_transition,0.7671679216614324,0.7202905172422983,1089.2537096522617,2116.604873402911,735.112236527403,0.6704319182037656,0.9532445032947929,0.2591989121125379,2217.4435203847142,10341.743016558405,50.80089740722955,-0.030514698633359337,0.8398081164110781,0.01319027752553376,0.35766401917127144,0.582490381998723,0.14601655824783316,True
lift_and_cruse,dep_transition,0.7703080249832421,0.7180159024379863,1092.9826096057477,2134.697314032666,740.6889580779513,0.6694538483397287,0.9531506340977305,0.25939002996896976,2209.7260794628464,10285.941877329256,50.46219053531775,-0.034065377745700245,0.8394273798866588,0.013194203993678181,0.3588890405271711,0.58046411023674,0.14693107396597788,True
lift_and_cruse,second_climb,0.8567325729789803,0.0,1221.771699636512,1883.998844222208,751.2624155945672,0.7998399630562141,0.9567311802345726,0.210550100403629,0.0,-4.614466308348079e-13,-5.336658663347744,0.0,,0.0,0.4011779045450358,0.0,0.14693107396597788,True
lift_and_cruse,second_climb,0.8569371030874227,0.0,1221.8863084602674,1884.0355700146072,751.2404109907193,0.7997976892224802,0.956735147431981,0.21057768443649277,0.0,-4.614556260596295e-13,-5.336658663347744,0.0,,0.0,0.4012319360668625,0.0,0.17069854566939724,True
lift_and_cruse,second_climb,0.857510986017178,0.0,1222.2077849200132,1884.1392901124395,751.1790048278102,0.7996791158816523,0.9567462602432558,0.21065499207177976,0.0,-4.61481030156793e-13,-5.336658663347744,0.0,,0.0,0.40138347086358467,0.0,0.23729352151988173,True
lift_and_cruse,second_climb,0.8583423647735812,0.0,1222.6732421321806,1884.2912834835593,751.0909209436168,0.7995074486960392,0.9567623107717425,0.21076675477151527,0.0,-4.615182577958797e-13,-5.336658663347744,0.0,,0.0,0.4016028143691294,0.0,0.3335260498164622,True
lift_and_cruse,second_climb,0.8592680364055838,0.0,1223.1911248292677,1884.4629096660988,750.9940523795669,0.7993164646774005,0.9567801147242775,0.2108908693055137,0.0,-4.615602940868992e-13,-5.336658663347744,0.0,,0.0,0.4018467802112676,0.0,0.440336098115493,True
lift_and_cruse,second_climb,0.8601046731527867,0.0,1223.6588643271168,1884.6201771963538,750.9075810780885,0.7991439908044998,0.9567961460490034,0.2110027512283643,0.0,-4.615988135224064e-13,-5.336658663347744,0.0,,0.0,0.4020670496505777,0.0,0.5365686264120735,True
lift_and_cruse,second_climb,0.8606851125182988,0.0,1223.9831862834553,1884.7304711950214,750.8481882096643,0.7990244117148437,0.9568072348150916,0.21108020837621705,0.0,-4.616258277608931e-13,-5.336658663347744,0.0,,0.0,0.4022197389154726,0.0,0.6031636022625579,True
lift_and_cruse,second_climb,0.8608925609621313,0.0,1224.0990621721096,1884.7701266143786,750.8270774633078,0.7989816900472068,0.9568111914054366,0.2111078581043605,0.0,-4.6163554053737e-13,-5.336658663347744,0.0,,0.0,0.4022742844542516,0.0,0.6269310739659774,True
lift_and_cruse,departure_terminal_procedures,0.7155777769042703,0.0,1048.8813554118512,1270.1286523845552,518.4562779945036,0.8176278380530688,0.9599566588404174,0.19854411096970787,0.0,-3.1109179772961734e-13,-5.336658663347744,0.0,,0.0,0.34469268849614,0.0,0.6269310739659774,True
lift_and_cruse,departure_terminal_procedures,0.7157054085978943,0.0,1048.8813556297048,1270.1286534303567,518.4562783637261,0.8176278379745113,0.959956658834434,0.19854411102863664,0.0,-3.1109179798576484e-13,-5.336658663347744,0.0,,0.0,0.34469268856773294,0.0,0.6738929368105621,True
lift_and_cruse,departure_terminal_procedures,0.7160633453954832,0.0,1048.8813556612577,1270.1286535818256,518.4562784172098,0.8176278379631332,0.9599566588335671,0.1985441110371699,0.0,-3.11091798022864e-13,-5.336658663347744,0.0,,0.0,0.3446926885781021,0.0,0.8054771524584952,True
lift_and_cruse,departure_terminal_procedures,0.7165814172488096,0.0,1048.8813556729394,1270.1286536379043,518.4562784370729,0.8176278379589208,0.9599566588332441,0.1985441110403484,0.0,-3.1109179803659934e-13,-5.336658663347744,0.0,,0.0,0.3446926885819411,0.0,0.9956218532262026,True
lift_and_cruse,departure_terminal_procedures,0.7171575974002032,0.0,1048.8813556890036,1270.1286537150202,518.4562784642599,0.8176278379531281,0.9599566588328043,0.19854411104469002,0.0,-3.1109179805548727e-13,-5.336658663347744,0.0,,0.0,0.3446926885872203,0.0,1.2066665491549207,True
lift_and_cruse,departure_terminal_procedures,0.7176777699374494,0.0,1048.8813556770028,1270.1286536574098,518.4562784439441,0.8176278379574553,0.9599566588331332,0.1985441110414414,0.0,-3.1109179804137683e-13,-5.336658663347744,0.0,,0.0,0.34469268858327645,0.0,1.396811249922628,True
lift_and_cruse,departure_terminal_procedures,0.7180383262848233,0.0,1048.8813557012716,1270.128653773911,518.4562784850528,0.8176278379487044,0.9599566588324673,0.19854411104800956,0.0,-3.110917980699114e-13,-5.336658663347744,0.0,,0.0,0.34469268859125185,0.0,1.528395465570561,True
lift_and_cruse,departure_terminal_procedures,0.7181671236069181,0.0,1048.8813556885543,1270.1286537128603,518.4562784635609,0.8176278379532902,0.9599566588328146,0.19854411104457093,0.0,-3.1109179805495827e-13,-5.336658663347744,0.0,,0.0,0.34469268858707264,0.0,1.5753573284151456,True
lift_and_cruse,accel_climb,0.8632343484995212,0.0,1217.985990300352,2009.658299206887,783.191441951592,0.7794046238560648,0.9554937485006502,0.22242364360202355,0.0,-4.922243207007256e-13,-5.336658663347744,0.0,,0.0,0.4002653525883412,0.0,1.5753573284151456,True
lift_and_cruse,accel_climb,0.8672892642180563,0.0,1222.9599091877722,1996.300556818981,781.2571739839111,0.7831101739614552,0.9557071498102466,0.22045704210956443,0.0,-4.889526174088889e-13,-5.336658663347744,0.0,,0.0,0.4019822139973049,0.0,1.6941946869322426,True
lift_and_cruse,accel_climb,0.8796851173126518,0.0,1238.1134140669174,1963.5017524267055,776.7745834494193,0.7928508273924918,0.9562966260301483,0.21490705314019257,0.0,-4.809192272459167e-13,-5.336658663347744,0.0,,0.0,0.40719680604850433,0.0,2.027169566184665,True
lift_and_cruse,accel_climb,0.9002605616049849,0.0,1262.7765222068485,1927.414911802201,773.0493477174994,0.805212953586569,0.9571026655110988,0.2070625442324681,0.0,-4.720805004734887e-13,-5.336658663347744,0.0,,0.0,0.41565327322477713,0.0,2.5083322076675674,True
lift_and_cruse,accel_climb,0.9261804647016635,0.0,1292.924421595293,1901.4408469863345,773.1706718435571,0.8166478942106363,0.957891116431957,0.199108893275807,0.0,-4.657186894059693e-13,-5.336658663347744,0.0,,0.0,0.425969952046777,0.0,3.0423824491627216,True
lift_and_cruse,accel_climb,0.9516681008611266,0.0,1321.6661724313708,1888.8566067803786,777.1472598821623,0.8250607821616206,0.9584858129878435,0.1928869265181215,0.0,-4.626364395083843e-13,-5.336658663347744,0.0,,0.0,0.435802406809708,0.0,3.5235450906456247,True
lift_and_cruse,accel_climb,0.9703822863749597,0.0,1342.2100032420474,1885.3371685685613,781.9053995434837,0.829937084196893,0.9588354953766255,0.1891000732116247,0.0,-4.617744257602045e-13,-5.336658663347744,0.0,,0.0,0.4428322056981702,0.0,3.856519969898047,True
lift_and_cruse,accel_climb,0.9772800434629201,0.0,1349.6727610346843,1885.0152007342701,783.9522159073178,0.8315202710774416,0.9589500639957843,0.18783380656876777,0.0,-4.616955663846658e-13,-5.336658663347744,0.0,,0.0,0.4453862612019176,0.0,3.9753573284151438,True
lift_and_cruse,cruise_0,0.8585065382136865,0.0,1227.0505846146543,1247.3668084655237,550.2713531747854,0.8590235769988432,0.9631940388495543,0.1595119061622585,0.0,-3.0551675386999063e-13,-5.336658663347744,0.0,,0.0,0.40492146538408486,0.0,3.9753573284151438,True
lift_and_cruse,cruise_0,0.8585237810783998,0.0,1227.0505846162227,1247.3668084735368,550.2713531778123,0.8590235769984602,0.9631940388495059,0.15951190616273395,0.0,-3.0551675387195327e-13,-5.336658663347744,0.0,,0.0,0.40492146538460244,0.0,3.9794836255858765,True
lift_and_cruse,cruise_0,0.8585720999306482,0.0,1227.0505846146575,1247.3668084655387,550.2713531747825,0.859023576998842,0.9631940388495545,0.15951190616225233,0.0,-3.055167538699943e-13,-5.336658663347744,0.0,,0.0,0.40492146538408597,0.0,3.9910452533376963,True
lift_and_cruse,cruise_0,0.8586183098788889,0.0,1227.0505846128003,1247.3668084560495,550.2713531711173,0.8590235769992957,0.9631940388496141,0.15951190616167643,0.0,-3.0551675386767015e-13,-5.336658663347744,0.0,,0.0,0.404921465383473,0.0,4.0077522895002975,True
lift_and_cruse,cruise_0,0.8586465337662497,0.0,1227.0505846146666,1247.366808465585,550.271353174837,0.8590235769988401,0.9631940388495532,0.15951190616226113,0.0,-3.055167538700057e-13,-5.336658663347744,0.0,,0.0,0.4049214653840889,0.0,4.026295700663323,True
lift_and_cruse,cruise_0,0.8586719735791928,0.0,1227.0505846158262,1247.3668084715116,550.2713531770708,0.859023576998557,0.9631940388495175,0.15951190616260852,0.0,-3.0551675387145723e-13,-5.336658663347744,0.0,,0.0,0.40492146538447155,0.0,4.043002736825924,True
lift_and_cruse,cruise_0,0.8586895845560774,0.0,1227.0505846146568,1247.3668084655349,550.2713531747946,0.8590235769988425,0.963194038849554,0.1595119061622491,0.0,-3.0551675386999336e-13,-5.336658663347744,0.0,,0.0,0.4049214653840857,0.0,4.054564364577745,True
lift_and_cruse,cruise_0,0.8586958710468591,0.0,1227.0505846146564,1247.366808465534,550.2713531748067,0.8590235769988424,0.9631940388495537,0.15951190616225533,0.0,-3.0551675386999316e-13,-5.336658663347744,0.0,,0.0,0.4049214653840855,0.0,4.058690661748477,True
lift_and_cruse,cruise_1,0.8104249700825968,0.0,1162.0474452130152,1217.9775331462954,527.4701289136709,0.8492866868558788,0.9624252400219552,0.17048700590695903,0.0,-2.983184574802e-13,-5.336658663347744,0.0,,0.0,0.38347070631098307,0.0,4.058690661748477,True
lift_and_cruse,cruise_1,0.8111155105863601,0.0,1162.0474452129774,1217.9775331461146,527.4701289135919,0.849286686855888,0.9624252400219565,0.1704870059069455,0.0,-2.983184574801557e-13,-5.336658663347744,0.0,,0.0,0.3834707063109706,0.0,4.562098916577847,True
lift_and_cruse,cruise_1,0.8130837615132178,0.0,1162.0474452129765,1217.9775331461092,527.4701289136771,0.8492866868558888,0.9624252400219541,0.17048700590696572,0.0,-2.983184574801544e-13,-5.336658663347744,0.0,,0.0,0.3834707063109703,0.0,5.972617502299914,True
lift_and_cruse,cruise_1,0.8160160975881996,0.0,1162.0474452129797,1217.977533146127,527.4701289135768,0.8492866868558876,0.962425240021957,0.17048700590694568,0.0,-2.9831845748015874e-13,-5.336658663347744,0.0,,0.0,0.3834707063109713,0.0,8.010875914137213,True
lift_and_cruse,cruise_1,0.8202153771042546,0.0,1162.0474452129795,1217.9775331461253,527.4701289136162,0.8492866868558879,0.962425240021956,0.17048700590695726,0.0,-2.9831845748015833e-13,-5.336658663347744,0.0,,0.0,0.38347070631097124,0.0,10.273172076026409,True
lift_and_cruse,cruise_1,0.8258567535656623,0.0,1162.0474452129974,1217.9775331462108,527.4701289137439,0.8492866868558834,0.9624252400219527,0.17048700590699079,0.0,-2.983184574801793e-13,-5.336658663347744,0.0,,0.0,0.3834707063109772,0.0,12.311430487863705,True
lift_and_cruse,cruise_1,0.8298336480826178,0.0,1162.0474452129715,1217.977533146087,527.470128913747,0.8492866868558899,0.9624252400219522,0.17048700590698657,0.0,-2.9831845748014894e-13,-5.336658663347744,0.0,,0.0,0.38347070631096863,0.0,13.721949073585773,True
lift_and_cruse,cruise_1,0.8312676606207912,0.0,1162.0474452129781,1217.977533146118,527.4701289135646,0.8492866868558882,0.9624252400219573,0.1704870059069449,0.0,-2.9831845748015656e-13,-5.336658663347744,0.0,,0.0,0.3834707063109708,0.0,14.225357328415143,True
lift_and_cruse,cruise_2,0.8798662112654415,0.0,1226.254348282265,1246.8499181726731,549.9472501344773,0.8589282532512299,0.9631862443670438,0.15962505062815688,0.0,-3.0539015226146066e-13,-5.336658663347744,0.0,,0.0,0.4046587107865599,0.0,14.225357328415143,True
lift_and_cruse,cruise_2,0.8820369508841672,0.0,1226.2543482832139,1246.8499181775167,549.9472501364465,0.8589282532509985,0.9631862443670108,0.15962505062848273,0.0,-3.05390152262647e-13,-5.336658663347744,0.0,,0.0,0.4046587107868731,0.0,14.88556487573235,True
lift_and_cruse,cruise_2,0.887584307800993,0.0,1226.2543482857805,1246.8499181906259,549.9472501413728,0.8589282532503713,0.9631862443669321,0.15962505062922647,0.0,-3.0539015226585784e-13,-5.336658663347744,0.0,,0.0,0.40465871078772003,0.0,16.735425316023587,True
lift_and_cruse,cruise_2,0.8957375636131678,0.0,1226.2543482822655,1246.8499181726752,549.9472501343921,0.8589282532512303,0.963186244367046,0.15962505062811874,0.0,-3.0539015226146117e-13,-5.336658663347744,0.0,,0.0,0.4046587107865601,0.0,19.408551102039716,True
lift_and_cruse,cruise_2,0.9047715824520228,0.0,1226.254348282273,1246.8499181727132,549.9472501343496,0.8589282532512282,0.9631862443670474,0.15962505062812105,0.0,-3.053901522614705e-13,-5.336658663347744,0.0,,0.0,0.4046587107865625,0.0,22.375496888123905,True
lift_and_cruse,cruise_2,0.9130315358965746,0.0,1226.2543482801113,1246.8499181616753,549.9472501302682,0.8589282532517565,0.9631862443671118,0.15962505062748936,0.0,-3.0539015225876697e-13,-5.336658663347744,0.0,,0.0,0.40465871078584925,0.0,25.04862267414003,True
lift_and_cruse,cruise_2,0.9190631930535028,0.0,1226.2543482821666,1246.8499181721686,549.9472501340791,0.8589282532512541,0.9631862443670526,0.15962505062806445,0.0,-3.053901522613371e-13,-5.336658663347744,0.0,,0.0,0.40465871078652743,0.0,26.89848311443127,True
lift_and_cruse,cruise_2,0.9212534466559819,0.0,1226.254348281862,1246.8499181706147,549.9472501336841,0.8589282532513285,0.9631862443670567,0.15962505062801938,0.0,-3.053901522609565e-13,-5.336658663347744,0.0,,0.0,0.40465871078642696,0.0,27.558690661748475,True
lift_and_cruse,cruise_3,0.8764467455412516,0.0,1171.0002281134582,1220.1879368385194,530.1224365860946,0.8509125686087589,0.9625488601470609,0.16873429453194766,0.0,-2.988598502415011e-13,-5.336658663347744,0.0,,0.0,0.3864250865270614,0.0,27.558690661748475,True
lift_and_cruse,cruise_3,0.8764585503437867,0.0,1171.000228113496,1220.1879368387026,530.1224365860369,0.8509125686087486,0.9625488601470633,0.16873429453194222,0.0,-2.98859850241546e-13,-5.336658663347744,0.0,,0.0,0.38642508652707386,0.0,27.562816958919207,True
lift_and_cruse,cruise_3,0.8764916292001401,0.0,1171.0002281134662,1220.187936838558,530.1224365860095,0.8509125686087564,0.9625488601470633,0.16873429453192806,0.0,-2.9885985024151055e-13,-5.336658663347744,0.0,,0.0,0.3864250865270641,0.0,27.574378586671028,True
lift_and_cruse,cruise_3,0.8765394361337575,0.0,1171.000228113529,1220.1879368388595,530.1224365861219,0.8509125686087408,0.9625488601470615,0.16873429453195693,0.0,-2.988598502415844e-13,-5.336658663347744,0.0,,0.0,0.38642508652708474,0.0,27.59108562283363,True
lift_and_cruse,cruise_3,0.8765925069648566,0.0,1171.000228113499,1220.1879368387158,530.1224365860186,0.8509125686087485,0.9625488601470639,0.16873429453193234,0.0,-2.988598502415492e-13,-5.336658663347744,0.0,,0.0,0.38642508652707486,0.0,27.609629033996654,True
lift_and_cruse,cruise_3,0.8766403303663309,0.0,1171.000228113464,1220.187936838548,530.1224365860307,0.8509125686087573,0.9625488601470628,0.16873429453193792,0.0,-2.9885985024150813e-13,-5.336658663347744,0.0,,0.0,0.38642508652706337,0.0,27.626336070159255,True
lift_and_cruse,cruise_3,0.8766734297579094,0.0,1171.0002281134662,1220.187936838558,530.1224365859974,0.8509125686087564,0.9625488601470638,0.16873429453192113,0.0,-2.9885985024151055e-13,-5.336658663347744,0.0,,0.0,0.3864250865270641,0.0,27.637897697911075,True
lift_and_cruse,cruise_3,0.8766852436994391,0.0,1171.000228113465,1220.1879368385535,530.1224365860612,0.850912568608757,0.962548860147062,0.16873429453193922,0.0,-2.9885985024150944e-13,-5.336658663347744,0.0,,0.0,0.3864250865270637,0.0,27.642023995081807,True
lift_and_cruse,cruise_4,0.8488686673898533,0.0,1135.9019640743666,1216.344257855003,520.8358219257751,0.8437894733014903,0.9620237098578719,0.17618149034478975,0.0,-2.9791842040867843e-13,-5.336658663347744,0.0,,0.0,0.3748428089214404,0.0,27.642023995081807,True
lift_and_cruse,cruise_4,0.8488794592614265,0.0,1135.901964074366,1216.3442578550003,520.8358219257873,0.84378947330149,0.9620237098578716,0.1761814903447924,0.0,-2.9791842040867777e-13,-5.336658663347744,0.0,,0.0,0.37484280892144023,0.0,27.64615029225254,True
lift_and_cruse,cruise_4,0.8489096996191423,0.0,1135.9019640742742,1216.3442578545753,520.835821925602,0.8437894733015134,0.9620237098578746,0.17618149034476863,0.0,-2.9791842040857367e-13,-5.336658663347744,0.0,,0.0,0.3748428089214099,0.0,27.657711920004363,True
lift_and_cruse,cruise_4,0.8489534039462413,0.0,1135.9019640743666,1216.344257855003,520.8358219257782,0.8437894733014903,0.9620237098578718,0.17618149034480673,0.0,-2.9791842040867843e-13,-5.336658663347744,0.0,,0.0,0.3748428089214404,0.0,27.674418956166964,True
lift_and_cruse,cruise_4,0.8490019200405937,0.0,1135.901964074052,1216.3442578535412,520.835821925222,0.84378947330157,0.9620237098578803,0.17618149034469513,0.0,-2.9791842040832043e-13,-5.336658663347744,0.0,,0.0,0.37484280892133665,0.0,27.692962367329987,True
lift_and_cruse,cruise_4,0.849045638697153,0.0,1135.9019640743675,1216.344257855008,520.835821925766,0.8437894733014901,0.9620237098578721,0.17618149034479116,0.0,-2.979184204086797e-13,-5.336658663347744,0.0,,0.0,0.37484280892144073,0.0,27.709669403492587,True
lift_and_cruse,cruise_4,0.8490758969231718,0.0,1135.901964074299,1216.3442578546906,520.8358219256262,0.8437894733015074,0.9620237098578744,0.17618149034477043,0.0,-2.9791842040860194e-13,-5.336658663347744,0.0,,0.0,0.3748428089214181,0.0,27.72123103124441,True
lift_and_cruse,cruise_4,0.8490866967467997,0.0,1135.901964074216,1216.344257854303,520.8358219255168,0.8437894733015285,0.9620237098578758,0.176181490344755,0.0,-2.97918420408507e-13,-5.336658663347744,0.0,,0.0,0.3748428089213907,0.0,27.725357328415143,True
lift_and_cruse,cruise_5,0.9257514708193324,0.0,1231.107068204934,1250.0499445223618,551.9385131125621,0.859501797431187,0.9632331780276362,0.15894255271425342,0.0,-3.061739326667274e-13,-5.336658663347744,0.0,,0.0,0.4062600876872545,0.0,27.725357328415143,True
lift_and_cruse,cruise_5,0.9257653984614367,0.0,1231.1070477834778,1250.0498393888938,551.9384726417228,0.8595018024432951,0.9632331786871772,0.15894254633285373,0.0,-3.0617390691645436e-13,-5.336658663347744,0.0,,0.0,0.406260080948261,0.0,27.729483625585875,True
lift_and_cruse,cruise_5,0.9258044860164756,0.0,1231.1070486598744,1250.049843900743,551.9384743761909,0.8595018022281979,0.9632331786589357,0.15894254660603582,0.0,-3.0617390802153873e-13,-5.336658663347744,0.0,,0.0,0.4062600812374681,0.0,27.741045253337695,True
lift_and_cruse,cruise_5,0.9258609775241013,0.0,1231.107049769663,1250.0498496141367,551.9384765729545,0.8595018019558193,0.9632331786231627,0.15894254695208526,0.0,-3.061739094209166e-13,-5.336658663347744,0.0,,0.0,0.4062600816036936,0.0,27.757752289500296,True
lift_and_cruse,cruise_5,0.9259236897914163,0.0,1231.1070506486446,1250.0498541392972,551.938478313142,0.859501801740088,0.9632331785948216,0.15894254722623052,0.0,-3.061739105292612e-13,-5.336658663347744,0.0,,0.0,0.4062600818937538,0.0,27.77629570066332,True
lift_and_cruse,cruise_5,0.925980202043024,0.0,1231.1070512740262,1250.049857358877,551.9384795513445,0.8595018015865985,0.9632331785746551,0.15894254742131592,0.0,-3.0617391131783085e-13,-5.336658663347744,0.0,,0.0,0.40626008210012704,0.0,27.793002736825922,True
lift_and_cruse,cruise_5,0.9260193155296348,0.0,1231.107051608607,1250.0498590813613,551.9384802138536,0.8595018015044811,0.9632331785638643,0.15894254752570858,0.0,-3.061739117397178e-13,-5.336658663347744,0.0,,0.0,0.40626008221053733,0.0,27.804564364577743,True
lift_and_cruse,cruise_5,0.9260332761270954,0.0,1231.107051716099,1250.0498596347509,551.9384804267004,0.8595018014780992,0.9632331785603974,0.15894254755924206,0.0,-3.0617391187525915e-13,-5.336658663347744,0.0,,0.0,0.4062600822460092,0.0,27.808690661748475,True
lift_and_cruse,cruise_6,0.1707109851582079,0.0,237.75549872045087,-39.09885003938021,-20.64131705870233,1.1050117846844432,-inf,-0.15937397291054464,0.0,9.576456310213867e-15,-5.336658663347744,0.0,,0.0,0.07845830168056393,0.0,27.808690661748475,False
lift_and_cruse,cruise_6,-0.0674137257915171,0.0,-0.3572243943428841,0.0,-9.833141320480997e-05,-32.72265918396147,inf,-0.3363187581137009,0.0,-0.0,-5.336658663347744,0.0,,0.0,-0.00011788252826894528,0.0,27.82464423387738,False
lift_and_cruse,cruise_6,-0.8151866868990538,0.0,-0.3572243959973268,0.0,-9.830366617645354e-05,-32.72259343157976,inf,-0.3362239537489318,0.0,-0.0,-5.336658663347744,0.0,,0.0,-0.00011788252881490434,0.0,27.869345149646232,False
lift_and_cruse,cruise_6,-0.4124548770129123,0.0,-0.3572243983542037,0.0,-9.82641384673236e-05,-32.722499903173706,inf,-0.3360886794943415,0.0,-0.0,-5.336658663347744,0.0,,0.0,-0.00011788252959266366,0.0,27.933939844466263,False
lift_and_cruse,cruise_6,-0.5007954849677112,0.0,-0.35722440097822317,0.0,-9.822013045142758e-05,-32.722397783083146,inf,-0.33593813798856853,0.0,-0.0,-5.336658663347744,0.0,,0.0,-0.0001178825304585789,0.0,28.00563454682642,False
lift_and_cruse,cruise_6,-0.05725739959009705,0.0,-0.35722440334555533,0.0,-9.818042739399533e-05,-32.722305724753625,inf,-0.33580238760648096,0.0,-0.0,-5.336658663347744,0.0,,0.0,-0.00011788253123978843,0.0,28.070229241646455,False
lift_and_cruse,cruise_6,-0.28847267361298434,0.0,-0.35722440495409263,0.0,-9.815345025590009e-05,-32.72224212986663,inf,-0.3357101388971331,0.0,-0.0,-5.336658663347744,0.0,,0.0,-0.00011788253177059889,0.0,28.11493015741531,False
lift_and_cruse,cruise_6,-0.38057169821849557,0.0,-0.35724691053886903,0.0,0.00027929273930131005,-32.72001696465388,-inf,0.9551329124614504,0.0,-0.0,-5.336658663347744,0.0,,0.0,-0.00011788995851769575,0.0,28.130883729544212,False
lift_and_cruse,decel_descend,0.6670038171129891,0.0,910.1231560833673,546.352138974185,252.71604456916705,0.873764998955459,0.9605612832808211,0.13315994930573677,0.0,-1.338176796404091e-13,-5.336658663347744,0.0,,0.0,0.300336764157933,0.0,28.130883729544212,True
lift_and_cruse,decel_descend,0.6668246343088473,0.0,909.7617478197709,545.8107360342891,252.5524070419883,0.8738615775691211,0.9605506406529498,0.13294579166905302,0.0,-1.3368507416493062e-13,-5.336658663347744,0.0,,0.0,0.30015556468342,0.0,28.249721088061307,True
lift_and_cruse,decel_descend,0.6663291322124811,0.0,908.7587180099638,544.3159661430261,252.10190132009504,0.8741279752360622,0.9605211197477851,0.132349395702876,0.0,-1.333189611323712e-13,-5.336658663347744,0.0,,0.0,0.2996514889909629,0.0,28.582695967313732,True
lift_and_cruse,decel_descend,0.6656296458186473,0.0,907.3335676450674,542.2117105233276,251.4709387730503,0.8745023201275726,0.9604792185878704,0.1314968684925569,0.0,-1.328035671505209e-13,-5.336658663347744,0.0,,0.0,0.2989322731048083,0.0,29.063858608796632,True
lift_and_cruse,decel_descend,0.6648751000823141,0.0,905.7838630860493,539.9492169818468,250.79681646397492,0.8749038093470985,0.9604337178442466,0.1305630198126879,0.0,-1.3224941605578768e-13,-5.336658663347744,0.0,,0.0,0.2981462047361605,0.0,29.597908850291788,True
lift_and_cruse,decel_descend,0.664214209281284,0.0,904.4154675300323,537.9740511171815,250.21212711070012,0.8752535048502542,0.9603936084898003,0.12973253750271047,0.0,-1.3176563994499817e-13,-5.336658663347744,0.0,,0.0,0.2974485903592588,0.0,30.07907149177469,True
lift_and_cruse,decel_descend,0.6637672477984934,0.0,903.4837384421149,536.642239799845,249.82012903554818,0.8754890455853789,0.9603663513903182,0.12916389900354472,0.0,-1.314394402516293e-13,-5.336658663347744,0.0,,0.0,0.2969716265930025,0.0,30.412046371027113,True
lift_and_cruse,decel_descend,0.6636097741218951,0.0,903.1541988821481,536.1738709899796,249.68273707880982,0.8755718601670283,0.9603567236905155,0.1289621631651068,0.0,-1.313247229788649e-13,-5.336658663347744,0.0,,0.0,0.29680253856455163,0.0,30.53088372954421,True
lift_and_cruse,arrival_terminal_procedure,0.811011435989592,0.0,1083.0491909688985,1228.7424914363878,515.6810815347075,0.8341355185119016,0.9609178321075506,0.1852176790905247,0.0,-3.009551118227833e-13,-5.336658663347744,0.0,,0.0,0.3559212254869879,0.0,30.53088372954421,True
lift_and_cruse,arrival_terminal_procedure,0.811120244642767,0.0,1083.0491909689038,1228.7424914364115,515.6810815346679,0.8341355185119004,0.9609178321075519,0.185217679090516,0.0,-3.0095511182278906e-13,-5.336658663347744,0.0,,0.0,0.35592122548698957,0.0,30.577230267298656,True
lift_and_cruse,arrival_terminal_procedure,0.8114253561501072,0.0,1083.0491909688965,1228.7424914363778,515.6810815347105,0.8341355185119023,0.9609178321075503,0.18521767909052037,0.0,-3.0095511182278083e-13,-5.336658663347744,0.0,,0.0,0.3559212254869872,0.0,30.707090380356735,True
lift_and_cruse,arrival_terminal_procedure,0.8118668715901056,0.0,1083.0491909688935,1228.7424914363637,515.6810815346254,0.834135518511903,0.9609178321075528,0.18521767909049955,0.0,-3.009551118227774e-13,-5.336658663347744,0.0,,0.0,0.35592122548698624,0.0,30.894743680697534,True
lift_and_cruse,arrival_terminal_procedure,0.8123577718512476,0.0,1083.0491909688858,1228.7424914363278,515.6810815346436,0.8341355185119053,0.9609178321075521,0.185217679090504,0.0,-3.0095511182276856e-13,-5.336658663347744,0.0,,0.0,0.3559212254869837,0.0,31.103023130771856,True
lift_and_cruse,arrival_terminal_procedure,0.812800829900292,0.0,1083.049190968882,1228.74249143631,515.6810815346041,0.8341355185119063,0.9609178321075532,0.1852176790904953,0.0,-3.009551118227642e-13,-5.336658663347744,0.0,,0.0,0.3559212254869824,0.0,31.290676431112647,True
lift_and_cruse,arrival_terminal_procedure,0.8131078650146168,0.0,1083.049190968883,1228.7424914363144,515.6810815345159,0.834135518511906,0.9609178321075559,0.18521767909047224,0.0,-3.009551118227653e-13,-5.336658663347744,0.0,,0.0,0.35592122548698274,0.0,31.42053654417073,True
lift_and_cruse,arrival_terminal_procedure,0.8132175297552079,0.0,1083.0491909688837,1228.7424914363198,515.6810815344946,0.8341355185119057,0.9609178321075565,0.18521767909046272,0.0,-3.0095511182276664e-13,-5.336658663347744,0.0,,0.0,0.35592122548698296,0.0,31.466883081925175,True
lift_and_cruse,second_descent,0.6439773418618752,0.0,873.9948128292107,532.1133068799977,245.36441815587284,0.8724961337945387,0.9597073734918901,0.135329188130402,0.0,-1.303301716108605e-13,-5.336658663347744,0.0,,0.0,0.2872199226455784,0.0,31.466883081925175,True
lift_and_cruse,second_descent,0.643934880211627,0.0,873.9166853386093,531.9764354790095,245.32004552583163,0.872518532278575,0.9597046459908268,0.13528176326088856,0.0,-1.3029664778623748e-13,-5.336658663347744,0.0,,0.0,0.2871824915161598,0.0,31.490650553628594,True
lift_and_cruse,second_descent,0.6438162562078825,0.0,873.6982800194343,531.5942049061404,245.19617909843916,0.8725810627040383,0.9596970199373052,0.13514907795835027,0.0,-1.302030282967174e-13,-5.336658663347744,0.0,,0.0,0.28707779592261445,0.0,31.55724552947908,True
lift_and_cruse,second_descent,0.6436457458902958,0.0,873.3839745629023,531.0451536136022,245.01838676859936,0.8726708305673992,0.9596860421212116,0.13495785289473586,0.0,-1.3006854951512248e-13,-5.336658663347744,0.0,,0.0,0.286926982171498,0.0,31.653478057775658,True
lift_and_cruse,second_descent,0.6434577369932425,0.0,873.0369046244837,530.4402614589135,244.82269439319327,0.8727696545063524,0.9596739156385237,0.13474630987387742,0.0,-1.299203936669087e-13,-5.336658663347744,0.0,,0.0,0.28676024457187044,0.0,31.760288106074693,True
lift_and_cruse,second_descent,0.6432894571374557,0.0,872.7257973496114,529.8992973640944,244.6478513100259,0.8728579683439291,0.9596630421861799,0.13455634573639214,0.0,-1.2978789567747395e-13,-5.336658663347744,0.0,,0.0,0.2866106025296685,0.0,31.856520634371268,True
lift_and_cruse,second_descent,0.6431736147298551,0.0,872.5113803708833,529.5271521692049,244.52766411668813,0.8729186855468801,0.9596555463157032,0.1344252335663761,0.0,-1.2969674639312605e-13,-5.336658663347744,0.0,,0.0,0.2865073681263562,0.0,31.923115610221757,True
lift_and_cruse,second_descent,0.6431323912286836,0.0,872.4350282192926,529.3947704648905,244.48492808596473,0.8729402769749659,0.9596528767316082,0.13437850824594766,0.0,-1.2966432222703517e-13,-5.336658663347744,0.0,,0.0,0.2864705874074785,0.0,31.946883081925176,True
lift_and_cruse,app_transition,0.5610615656158952,0.0,759.7322391574984,540.5962679605924,235.50474850790033,0.8477107266165742,0.9570520668096659,0.17069565603769338,0.0,-1.3240789783778887e-13,-5.336658663347744,0.0,,0.0,0.24946378100850616,0.0,31.946883081925176,True
lift_and_cruse,app_transition,0.5610543988528554,0.0,759.7223574055595,540.5702211476346,235.49566415897758,0.8477147535875271,0.957051589018695,0.1706910378091705,0.0,-1.3240151820856552e-13,-5.336658663347744,0.0,,0.0,0.24946011144703137,0.0,31.947668473009703,True
lift_and_cruse,app_transition,0.5610343194612484,0.0,759.6946714940359,540.4972447029074,235.47021122720315,0.8477260364411128,0.9570502500426463,0.1706780971373041,0.0,-1.3238364413467586e-13,-5.336658663347744,0.0,,0.0,0.2494498303379562,0.0,31.949869089926818,True
lift_and_cruse,app_transition,0.5610053076392949,0.0,759.6546697876827,540.3918040215387,235.43343283436377,0.8477423394100199,0.9570483145518798,0.1706593955023279,0.0,-1.3235781861608826e-13,-5.336658663347744,0.0,,0.0,0.24943497572508894,0.0,31.95304907350728,True
lift_and_cruse,app_transition,0.5609731121245696,0.0,759.6102789922583,540.2747921565483,235.3926148512341,0.8477604326375754,0.9570461654677905,0.17063863570391408,0.0,-1.3232915897490368e-13,-5.336658663347744,0.0,,0.0,0.2494184911464231,0.0,31.956578589003044,True
lift_and_cruse,app_transition,0.5609441096371423,0.0,759.5702912508089,540.16938473436,235.35584183124402,0.8477767325348556,0.957044228443932,0.17061992951148902,0.0,-1.3230334160246585e-13,-5.336658663347744,0.0,,0.0,0.24940364157540074,0.0,31.95975857258351,True
lift_and_cruse,app_transition,0.5609240418831379,0.0,759.5426227506217,540.0964497548187,235.33039558849802,0.8477880115591264,0.9570428875557937,0.17060698314979367,0.0,-1.3228547768461758e-13,-5.336658663347744,0.0,,0.0,0.24939336675254495,0.0,31.961959189500618,True
lift_and_cruse,app_transition,0.5609168802988962,0.0,759.5327487475714,540.070421396009,235.3213142047714,0.847792036825827,0.9570424089135453,0.17060236238057763,0.0,-1.3227910257535694e-13,-5.336658663347744,0.0,,0.0,0.24938969998873875,0.0,31.962744580585152,True
lift_and_cruse,hover_descent,0.0,0.784685495024596,0.0,5.089124677952219e-12,-5.991188445325284,0.0,,0.0,2254.763294701242,10898.090818891109,52.1633983131512,-0.09937425745138746,0.8414554564357152,0.013095763181993283,0.0,0.5922743871554078,31.962744580585152,True
lift_and_cruse,hover_descent,0.0,0.7846651967277661,0.0,5.089125883527219e-12,-5.991188445325284,0.0,,0.0,2254.68557989577,10898.093400566086,52.16334726016675,-0.09937780350255881,0.8414533326108936,0.013095704081106064,0.0,0.5922489308206665,31.972076592697913,True
lift_and_cruse,hover_descent,0.0,0.7846083311924532,0.0,5.08912926146049e-12,-5.991188445325284,0.0,,0.0,2254.467862496165,10898.100634231185,52.16320424271379,-0.0993877390316435,0.8414473820385974,0.013095538341059563,0.0,0.5921776153873227,31.998224309587634,True
lift_and_cruse,hover_descent,0.0,0.7845261816353835,0.0,5.089134142716797e-12,-5.991188445325284,0.0,,0.0,2254.1533419668554,10898.111087182904,52.16299766090747,-0.09940209554127923,0.8414387838743016,0.013095298468614956,0.0,0.592074591888762,32.036008855243615,True
lift_and_cruse,hover_descent,0.0,0.7844350350696574,0.0,5.089139560503953e-12,-5.991188445325284,0.0,,0.0,2253.8043754056557,10898.122689087002,52.16276848977851,-0.099418029028369,0.8414292415498491,0.013095031716222994,0.0,0.591960286350634,32.07794653700164,True
lift_and_cruse,hover_descent,0.0,0.7843529441983703,0.0,5.0891444417625574e-12,-5.991188445325284,0.0,,0.0,2253.4900799294865,10898.133142043642,52.16256212003809,-0.09943238366624156,0.8414206450415955,0.013094790917069742,0.0,0.5918573383846578,32.11573108265762,True
lift_and_cruse,hover_descent,0.0,0.7842961518430596,0.0,5.089147819698782e-12,-5.991188445325284,0.0,,0.0,2253.272643166639,10898.140375715067,52.16241936702834,-0.09944231686126782,0.8414146965343536,0.013094624021435136,0.0,0.5917861171389285,32.14187879954734,True
lift_and_cruse,hover_descent,0.0,0.7842758861131488,0.0,5.089149025270331e-12,-5.991188445325284,0.0,,0.0,2253.195053255121,10898.142957382654,52.16236843084857,-0.09944586187373565,0.8414125736281508,0.013094564406054523,0.0,0.5917607027213165,32.1512108116601,True
