eVTOL_type,mission_segment,SOC,battery_energy_kw_h,battery_power_kw,voltage_v,voltage_oc_v,current_a,C_Rating_instant,C_Rating_nominal,specific_power,time_min,fesibility
vector_thrust,hover_climb,1.0,28.169014084507044,164.57172507458432,395.29604384689117,400.0,534.5404719441859,7.5012115511633315,7.5012115511633315,822.8586253729217,0.0,True
vector_thrust,hover_climb,0.9994448649467521,28.153376477373303,164.5809482131758,395.2988879196311,400.0,534.5528046024641,7.505605210923847,7.501384615474807,822.904741065879,0.0056152523411635595,True
vector_thrust,hover_climb,0.9978892941254643,28.109557580999,164.60679176516942,395.306863896242,400.0,534.5873534356128,7.517942947208549,7.501869439580552,823.0339588258471,0.0213488397719362,True
vector_thrust,hover_climb,0.9956407828121645,28.046219234145482,164.69278882391728,395.2016123051561,399.8845864780089,534.7952442811469,7.53584435137425,7.504786773802653,823.4639441195864,0.044084532341866565,True
vector_thrust,hover_climb,0.993143459491111,27.97587209834116,164.82995680419498,394.984946496699,399.65778531831353,535.1613573093706,7.555820935300761,7.509924441426499,824.149784020975,0.06931924730250912,True
vector_thrust,hover_climb,0.9908917226367361,27.91244289117567,164.9533666868212,394.7904993746502,399.4541599338619,535.4905387124688,7.573918843754474,7.514543847202019,824.7668334341059,0.09205493987243948,True
vector_thrust,hover_climb,0.9893325326164119,27.86852204553273,165.0386714099685,394.6563616033802,399.3136452701213,535.7179619226421,7.586498535965923,7.517735279283766,825.1933570498425,0.10778852730321213,True
vector_thrust,hover_climb,0.9887758765732069,27.852841593611465,165.0690970214923,394.60857211359416,399.2635749326591,535.799053693111,7.590999245339076,7.518873240873714,825.3454851074614,0.11340377964437569,True
vector_thrust,second_climb,0.9887758765732069,27.852841593611465,50.21584158349761,397.0162774637105,399.2635749326591,258.71874536470335,3.687794397909322,3.687794397909322,251.07920791748802,0.11340377964437569,True
vector_thrust,second_climb,0.9880316364179761,27.831877082196513,50.23560713432427,396.95061479334925,399.1967102545502,258.80321415209676,3.6911665952234776,3.6889984216862173,251.17803567162133,0.1381615626687709,True
vector_thrust,second_climb,0.9859447882906697,27.77309262790619,50.29104542072226,396.76698557808203,399.0097005516919,259.0400960807472,3.7006522623463156,3.6923749526299328,251.45522710361132,0.20753132917969222,True
vector_thrust,second_climb,0.9829252069024673,27.688033997252607,50.37130491119597,396.5025541448792,398.74035202066153,259.3829422738037,3.7144565455020024,3.6972619053256714,251.85652455597986,0.3077735461552969,True
vector_thrust,second_climb,0.979568179596204,27.593469847780394,50.46059550776191,396.21033136160247,398.44262814087654,259.76423352921387,3.7299141286061004,3.7026968565260234,252.30297753880953,0.419034013133454,True
vector_thrust,second_climb,0.9765385958658435,27.508129461009677,50.54123483008454,395.94819550995413,398.1754977063287,260.10845861912816,3.7439650330676892,3.707603464110319,252.7061741504227,0.5192762301090587,True
vector_thrust,second_climb,0.9744392748563542,27.44899365792547,50.597146220123676,395.76742882034824,397.99125389067075,260.34705757491275,3.7537582201166084,3.7110044696742914,252.9857311006184,0.58864599661998,True
vector_thrust,second_climb,0.9736894836870951,27.42787277991817,50.61712212937353,395.7030400874183,397.9256201360571,260.43228964360765,3.757267272449776,3.7122193733141966,253.08561064686765,0.6134037796443752,True
vector_thrust,departure_terminal_procedures,0.9736894836870951,27.42787277991817,39.38282863906838,396.28791378366753,397.9256201360571,191.93878007331801,2.7732015289617475,2.7732015289617475,196.9141431953419,0.6134037796443752,True
vector_thrust,departure_terminal_procedures,0.9725547045672662,27.39590717090891,39.392498827281,396.19055743543794,397.82645654119347,191.98592686033376,2.776437038862667,2.7738827229434317,196.962494136405,0.6617122489616561,True
vector_thrust,departure_terminal_procedures,0.9693736954037027,27.306301278977543,39.419521712526794,395.91875319157754,397.5495737157936,192.11767633217076,2.7855471930229947,2.7757862873851704,197.09760856263398,0.7970695721007158,True
vector_thrust,departure_terminal_procedures,0.964773298698375,27.176712639390846,39.458382087363006,395.5285372785487,397.15198200699683,192.3071392082383,2.7988286327540775,2.778523716149651,197.29191043681502,0.9926665711652362,True
vector_thrust,departure_terminal_procedures,0.9596621452042969,27.032736484628085,39.50125179196558,395.0989532971513,396.7141632012357,192.51614946938108,2.813733977372319,2.781543572666132,197.5062589598279,1.209762861650719,True
vector_thrust,departure_terminal_procedures,0.9550525914697718,26.902889900556954,39.53963927646863,394.71507554985385,396.3228255491569,192.70330675985494,2.82731336921719,2.7842476894886947,197.69819638234313,1.405359860715239,True
vector_thrust,departure_terminal_procedures,0.9518601636905096,26.812962357479147,39.56607250960211,394.45117469634516,396.0537412253357,192.83218137002814,2.8367951085214376,2.7861097168801376,197.83036254801053,1.5407171838542988,True
vector_thrust,departure_terminal_procedures,0.9507203028132953,26.780853600374517,39.57548028718457,394.3573356260556,395.9580482260934,192.8780487689447,2.8401960052613764,2.7867724257957422,197.87740143592285,1.5890256531715798,True
vector_thrust,accel_climb,0.9507203028132953,26.780853600374517,65.2242993698294,393.5951239667243,395.9580482260934,284.78406037770725,4.185438568191989,4.185438568191989,326.121496849147,1.5890256531715798,True
vector_thrust,accel_climb,0.9460849475140778,26.650280211664164,65.28334800485165,393.2194763890437,395.5709771829569,285.0217742110424,4.2054384390933865,4.188932221049225,326.4167400242583,1.7078630116886768,True
vector_thrust,accel_climb,0.9330759879694689,26.283830647027294,65.44732122013993,392.183031752697,394.5023232342312,285.6796185332421,4.262647268235706,4.198600483361198,327.23660610069965,2.0408378909410994,True
vector_thrust,accel_climb,0.9142236129570127,25.75277782977501,65.68043703075087,390.7267778423181,392.99914284581206,286.60888426115724,4.348492678675907,4.212257794843297,328.4021851537543,2.522000532424002,True
vector_thrust,accel_climb,0.8932259566039089,25.161294552222788,65.93391187273353,389.1668768819036,391.3869069688917,287.61089117807,4.448444893989073,4.226984175210511,329.66955936366764,3.056050773919156,True
vector_thrust,accel_climb,0.8742433059443041,24.626571998431103,66.15759543207986,387.8112982840323,389.9842230270893,288.4873943131881,4.543006267145201,4.2398660409371205,330.7879771603993,3.5372134154020585,True
vector_thrust,accel_climb,0.8610718585938769,24.255545312503575,66.30982035479835,386.9003588448793,389.0408440054372,289.07951432666476,4.611109187062254,4.248568360646015,331.5491017739917,3.870188294654481,True
vector_thrust,accel_climb,0.8563641763176614,24.122934544159477,66.36364533031728,386.5805538945852,388.70951053134155,289.28800288618964,4.635966498440713,4.251632493016713,331.81822665158643,3.9890256531715775,True
vector_thrust,cruise_0,0.8563641763176614,24.122934544159477,54.787484139363784,387.0001801200207,388.70951053134155,232.54750257958514,3.730720456916788,3.730720456916788,273.9374206968189,3.9890256531715775,True
vector_thrust,cruise_0,0.8561449879835641,24.11676022488913,54.789596907374545,386.9852501443168,388.6941581226077,232.55647223345971,3.731675554292202,3.7308643555647207,273.9479845368727,3.9957385723664967,True
vector_thrust,cruise_0,0.8555307929925536,24.099458957536726,54.79551304234128,386.9434491854251,388.651173790081,232.5815889223754,3.734354468007913,3.7312672983790205,273.9775652117064,4.014547753976148,True
vector_thrust,cruise_0,0.8546431438388853,24.074454756024938,54.804052824206856,386.8831280630304,388.5891433344017,232.6178440996102,3.7382329145383,3.731848934087332,274.02026412103424,4.041727808903265,True
vector_thrust,cruise_0,0.8536577732328804,24.046697837545928,54.813518466703826,386.81629146331727,388.520410496161,232.658029827147,3.7425478078067513,3.7324936269528095,274.06759233351914,4.071895393928036,True
vector_thrust,cruise_0,0.8527698461025495,24.02168580570562,54.822034884525124,386.7561771053381,388.4585885797182,232.6941856835245,3.7464445425484603,3.7330736692733186,274.1101744226256,4.099075448855154,True
vector_thrust,cruise_0,0.8521553044852176,24.004374774231483,54.827921460721825,386.71463398950317,388.4158642915036,232.7191768941077,3.7491462352751315,3.7334745990598424,274.1396073036091,4.117884630464805,True
vector_thrust,cruise_0,0.8519359618898522,23.998196109573303,54.830020808314146,386.69981877227013,388.4006276134392,232.72808968648917,3.7501114539638687,3.7336175854884086,274.1501040415707,4.124597549659724,True
vector_thrust,cruise_1,0.8519359618898522,23.998196109573303,49.22335299996878,386.80372326912254,388.4006276134392,218.51957864247663,3.522105838296388,3.522105838296388,246.1167649998439,4.124597549659724,True
vector_thrust,cruise_1,0.8517390668424616,23.99264977021019,49.22504665431851,386.7904066473125,388.38695585837183,218.52709936610228,3.5229199957821873,3.5222270575699866,246.12523327159255,4.131310468854642,True
vector_thrust,cruise_1,0.8511873447484222,23.97710830277246,49.22978953334497,386.7531198998632,388.3486742684666,218.5481602645455,3.5252033632810837,3.522566517831751,246.14894766672487,4.150119650464293,True
vector_thrust,cruise_1,0.8503899936409529,23.954647708195857,49.2366363308714,386.6993056069773,388.2934229632532,218.57856367702954,3.528508530958635,3.5230565610456335,246.18318165435699,4.177299705391411,True
vector_thrust,cruise_1,0.8495048768355284,23.929714840437423,49.244226207233055,386.6396683806051,388.23219158546016,218.612266753652,3.532184770490116,3.5235997883558725,246.22113103616527,4.207467290416181,True
vector_thrust,cruise_1,0.8487073027131767,23.90724796375146,49.251055895014076,386.58602003468246,388.1771077040326,218.6425941897684,3.5355039787949503,3.5240886069801336,246.25527947507038,4.2346473453433,True
vector_thrust,cruise_1,0.8481553025240675,23.89169866264979,49.25577743854682,386.5489402195981,388.1390348880368,218.66356034728344,3.53780485474749,3.5244265402044657,246.27888719273412,4.2534565269529505,True
vector_thrust,cruise_1,0.8479582837127061,23.88614883697764,49.257461597757406,386.5357156913124,388.1254560460512,218.67103890742843,3.5386268042588602,3.5245470798856804,246.28730798878703,4.260169446147869,True
vector_thrust,cruise_2,0.8479582837127061,23.88614883697764,55.698827356083136,386.4168319190147,388.1254560460512,235.032297645182,3.8022218012014126,3.8022218012014126,278.49413678041566,4.260169446147869,True
vector_thrust,cruise_2,0.8345744162803073,23.50913848676922,55.826535903588436,385.53239112824514,387.2152953335469,235.5713076555079,3.863194288159411,3.8109416053851795,279.1326795179422,4.662944597842982,True
vector_thrust,cruise_2,0.7969216227133136,22.44849641445954,56.17070189936476,383.1689162373324,384.78145588779074,237.023903590244,4.045713823510986,3.8344408945753323,280.8535094968238,5.791495494422038,True
vector_thrust,cruise_2,0.7421374609696687,20.905280590694897,56.63290013437283,380.0401013466947,381.5574461349782,238.97466945745427,4.344354872726677,3.8659992998824357,283.1645006718642,7.422298790049109,True
vector_thrust,cruise_2,0.6808550840383168,19.17901645178357,57.098699171985785,376.9381853046014,378.3623817888455,240.94063296559906,4.735369260697884,3.8978035641726114,285.49349585992894,9.232353891535364,True
vector_thrust,cruise_2,0.6252513089382025,17.612712927836693,57.47788917903311,374.4501705979856,375.8044162417872,242.54105215136738,5.156476388799548,3.923694255708018,287.3894458951656,10.863157187162436,True
vector_thrust,cruise_2,0.586573897771037,16.523208387916537,57.71913604774753,372.88427903960763,374.1987499460553,243.55926494711994,5.496476155299238,3.9401663360521297,288.59568023873766,11.991708083741491,True
vector_thrust,cruise_2,0.5727331204097138,16.133327335484896,57.8012512840838,372.3542666195998,373.65631559195236,243.90584264493373,5.629302578057447,3.9457730773027606,289.006256420419,12.394483235436606,True
vector_thrust,cruise_3,0.5727331204097138,16.133327335484896,52.73780108720694,372.4244334884219,373.65631559195236,231.06366733245324,5.33391244202755,5.33391244202755,263.68900543603473,12.394483235436606,True
vector_thrust,cruise_3,0.5687310315377073,16.020592437681895,52.75912553753243,372.2738194534083,373.50250250996095,231.15712041268944,5.371445809174761,5.336069728602165,263.79562768766215,12.522028700140059,True
vector_thrust,cruise_3,0.5575091680849504,15.704483608026775,52.818060446123766,371.8581966144303,373.07831137426774,231.41539899224793,5.479563358204465,5.342031874641482,264.0903022306188,12.879403150723427,True
vector_thrust,cruise_3,0.5412719698838812,15.24709774320792,52.901140072253625,371.27387329951415,372.48263242851857,231.77949029788033,5.643937657093808,5.350436619392428,264.5057003612681,13.395824194338665,True
vector_thrust,cruise_3,0.5232215115408146,14.738634127910274,52.99054554196838,370.6471064414373,371.84466908335827,232.17130422023257,5.8386429408004465,5.359481317676332,264.9527277098419,13.969008309809313,True
vector_thrust,cruise_3,0.5069336098525944,14.27981999584773,53.06864947850155,370.1012969600927,371.2900194902671,232.5135898747503,6.02623710932734,5.3673826971205205,265.34324739250775,14.485429353424552,True
vector_thrust,cruise_3,0.49564849756927476,13.961929508993657,53.12138213022006,369.73369638388476,370.9169795998256,232.74468744827533,6.163442778344561,5.372717392258783,265.6069106511003,14.842803804007922,True
vector_thrust,cruise_3,0.4916182522514392,13.848401471871526,53.139947146917336,369.604452941436,370.7859268488792,232.82604748202607,6.213969466793733,5.374595520920536,265.6997357345867,14.970349268711372,True
vector_thrust,cruise_4,0.4916182522514392,13.848401471871526,49.59300650563844,369.64998125153267,370.7859268488792,223.8979589140039,5.976420923593642,5.976420923593642,247.9650325281922,14.970349268711372,True
vector_thrust,cruise_4,0.4906282898721828,13.820515207667125,49.59724422936545,369.6183779264301,370.753908180079,223.9170961883122,5.988479636215441,5.976931747395482,247.98622114682726,15.003913864685964,True
vector_thrust,cruise_4,0.4878540369838769,13.74236723898245,49.6090784532741,369.53015145834127,370.6645390294775,223.97053874180028,6.0225335027207425,5.97835826863947,248.0453922663705,15.09795977273422,True
vector_thrust,cruise_4,0.4838439845804655,13.629408016351142,49.62607685179172,369.4034988439973,370.53628978639995,224.0473023502739,6.072446968750122,5.980407289711736,248.13038425895863,15.233860047369808,True
vector_thrust,cruise_4,0.4793915926745659,13.503988526044111,49.64480291704003,369.26407423775834,370.3951679824696,224.13186797481188,6.128844568793736,5.982664566956947,248.22401458520017,15.384697972493663,True
vector_thrust,cruise_4,0.4753787214122349,13.390949898936196,49.66154911687237,369.13948128892883,370.26911275745033,224.207492566461,6.180580028430225,5.984683184697199,248.30774558436187,15.520598247129252,True
vector_thrust,cruise_4,0.47260095337655994,13.312702912015775,49.67306862212666,369.05382317590175,370.1824794635305,224.25951385630177,6.216906628145089,5.9860717687047735,248.3653431106333,15.614644155177507,True
vector_thrust,cruise_4,0.4716094265836327,13.284772579820642,49.6771662864124,369.02336287266354,370.1516783517173,224.27801862422922,6.229977077428324,5.986565709260392,248.385831432062,15.648208751152099,True
vector_thrust,cruise_5,0.4716094265836327,13.284772579820642,53.13212898545656,368.9796706381427,370.1516783517173,232.97202327029302,6.4707122306895375,6.4707122306895375,265.6606449272828,15.648208751152099,True
vector_thrust,cruise_5,0.47054880458581194,13.25489590382569,53.13680703339171,368.947168123525,370.1188019846496,232.99254040343848,6.485297100744781,6.471282086513939,265.68403516695855,15.681773347126693,True
vector_thrust,cruise_5,0.46757652052087584,13.171169592137348,53.14986848382118,368.85644905550447,370.0270592568955,233.04982573212197,6.526522232609503,6.4728731654415625,265.7493424191059,15.775819255174948,True
vector_thrust,cruise_5,0.46328018233861534,13.050145981369447,53.16862346009097,368.7262632494555,369.8954558399988,233.13208191026663,6.587046729520031,6.4751578005256345,265.8431173004548,15.911719529810536,True
vector_thrust,cruise_5,0.45850986924218917,12.91577096456871,53.18927632893646,368.5830096946346,369.75071313786054,233.22266192612827,6.655577192994696,6.477673627139768,265.9463816446823,16.062557454934392,True
vector_thrust,cruise_5,0.4542104110776211,12.794659466975245,53.20773816532094,368.455047901157,369.62148456221956,233.30363244068442,6.718576706814719,6.4799225533906935,266.0386908266047,16.19845772956998,True
vector_thrust,cruise_5,0.45123423635014526,12.710823559159023,53.220434081896926,368.3671021192083,369.53270316169545,233.3593145991961,6.762889443893592,6.481469104856638,266.10217040948464,16.292503637618236,True
vector_thrust,cruise_5,0.45017188280596276,12.68089810721022,53.22494945545157,368.3358338285959,369.50114469088396,233.379118269672,6.778848895344814,6.48201914451789,266.1247472772578,16.326068233592828,True
vector_thrust,cruise_6,0.45017188280596276,12.68089810721022,42.24492094763287,368.47009496408003,369.50114469088396,206.49745758581696,6.000216795624608,6.000216795624608,211.22460473816435,16.326068233592828,True
vector_thrust,cruise_6,0.45000324723119384,12.676147809329406,42.24548952917907,368.46513215989444,369.49614154472096,206.500237837855,6.00246530495451,6.000297581679651,211.22744764589532,16.332781152787746,True
vector_thrust,cruise_6,0.4495307289412547,12.66283743496492,42.24708177577118,368.45123512447185,369.48213197259554,206.50802361019035,6.0087746331001535,6.000523813626908,211.23540887885588,16.351590334397397,True
vector_thrust,cruise_6,0.44884788923885843,12.643602513770661,42.24938036918112,368.4311752564863,369.46191078228895,206.51926326231174,6.017915763641456,6.000850405296482,211.2469018459056,16.378770389324515,True
vector_thrust,cruise_6,0.4480899514983349,12.622252154882675,42.25192841799572,368.40894078110125,369.43949904359806,206.53172271029595,6.028094849298586,6.001212440693592,211.2596420899786,16.408937974349286,True
vector_thrust,cruise_6,0.44740703462729,12.603015059923662,42.25422127270737,368.388935453365,369.4193356170103,206.5429343096498,6.037295943388887,6.001538217231159,211.27110636353686,16.436118029276404,True
vector_thrust,cruise_6,0.4469344201095018,12.589701974915545,42.25580639231787,368.37510642787794,369.405398075029,206.55068522698355,6.043680049364441,6.001763436393231,211.27903196158934,16.454927210886055,True
vector_thrust,cruise_6,0.4467657417093961,12.584950470687216,42.25637180065245,368.37017389099066,369.4004269852871,206.55344996097594,6.045961838080548,6.001843771538906,211.28185900326224,16.461640130080973,True
vector_thrust,cruise_7,0.4467657417093961,12.584950470687216,52.36810352611121,368.24712638319386,369.4004269852871,231.2242006389564,6.765830952920482,6.765830952920482,261.84051763055606,16.461640130080973,True
vector_thrust,cruise_7,0.44655668465033127,12.579061539445952,52.36897127933392,368.2410210352297,369.39426830049143,231.22803303734835,6.768998363719853,6.7659430923920105,261.8448563966696,16.46835304927589,True
vector_thrust,cruise_7,0.44597090160374075,12.562560608556078,52.37140101286942,368.223926965511,369.3770256316924,231.23876386110123,6.7778893450745255,6.766257086079942,261.8570050643471,16.487162230885545,True
vector_thrust,cruise_7,0.4451243732671928,12.538714739920927,52.37490777123163,368.1992584277363,369.3521445640813,231.2542513231531,6.790779247441697,6.766710263341851,261.87453885615815,16.51434228581266,True
vector_thrust,cruise_7,0.4441847323005491,12.512245980297159,52.37879402892054,368.1719241361657,369.32457742094357,231.27141482923614,6.805144490401957,6.767212483180416,261.8939701446027,16.54450987083743,True
vector_thrust,cruise_7,0.44333808620049514,12.488396794380145,52.38229007741077,368.1473378783648,369.29978409990974,231.2868549915547,6.818140178707102,6.767664276408998,261.91145038705383,16.57168992576455,True
vector_thrust,cruise_7,0.44275215630505266,12.471891726902893,52.38470645597078,368.1303464100729,369.28265084922225,231.29752683357725,6.827163075298953,6.767976544237718,261.9235322798539,16.5904991073742,True
vector_thrust,cruise_7,0.44254303389204264,12.466000954705427,52.38556826568056,368.1242867240315,369.27654086003866,231.30133298267506,6.830389194734103,6.7680879156309635,261.9278413284028,16.59721202656912,True
vector_thrust,cruise_8,0.44254303389204264,12.466000954705427,38.71909047321523,368.2812638435349,369.27654086003866,199.79127331006208,5.902404701145593,5.902404701145593,193.59545236607616,16.59721202656912,True
vector_thrust,cruise_8,0.4422338808305054,12.457292417760716,38.720032178594565,368.2722999728315,369.26751304621195,199.7961344708338,5.906530849540857,5.902548313715435,193.6001608929728,16.610637864958957,True
vector_thrust,cruise_8,0.4413676137134507,12.432890527139458,38.72266810896933,368.2472114950947,369.24224697614335,199.809741360651,5.9181233780673255,5.902950300093991,193.61334054484666,16.64825622817826,True
vector_thrust,cruise_8,0.4401157187674655,12.397625880773678,38.726470202932596,368.21102962910254,369.20581256299346,199.82936808301218,5.93495706997307,5.903530129515033,193.63235101466296,16.702616338032495,True
vector_thrust,cruise_8,0.438726078330173,12.358481079723186,38.730680639722706,368.17097014597266,369.16547839617454,199.8511027046935,5.953755473093907,5.904172232300926,193.65340319861352,16.762951508082036,True
vector_thrust,cruise_8,0.43747392798809737,12.323209239101336,38.73446552103397,368.1349669767132,369.12923278488296,199.87064057392539,5.970796262537719,5.904749436746816,193.67232760516984,16.81731161793627,True
vector_thrust,cruise_8,0.4366073423965446,12.298798377367454,38.73707998764248,368.11010133000315,369.1042021464852,199.8841366660096,5.982647047681302,5.905148149843966,193.68539993821238,16.854929981155575,True
vector_thrust,cruise_8,0.4362980476002427,12.290085847894163,38.738012140758656,368.1012366283814,369.0952791094679,199.88894851721147,5.986888134726888,5.9052903056683155,193.69006070379328,16.86835581954541,True
vector_thrust,cruise_9,0.4362980476002427,12.290085847894163,58.96313437912117,367.86171002643204,369.0952791094679,248.0567400185897,7.424730607756963,7.424730607756963,294.8156718956059,16.86835581954541,True
vector_thrust,cruise_9,0.4360626397215611,12.283454640043976,58.964213040644786,367.85497720738385,369.08849144804157,248.0612788582024,7.4287387998277215,7.42486646240616,294.8210652032239,16.875068738740328,True
vector_thrust,cruise_9,0.43540301886197424,12.264873770759838,58.96723306105505,367.83612783019765,369.0694895082838,248.0739866492068,7.439992972613464,7.425246826692251,294.83616530527524,16.89387792034998,True
vector_thrust,cruise_9,0.43444978020304437,12.238021977550547,58.97159119295649,367.80893013799863,369.0420742218929,248.09232500744707,7.456317107766925,7.425795722762208,294.85795596478243,16.921057975277098,True
vector_thrust,cruise_9,0.43339168370115744,12.208216442286126,58.97642015351257,367.7787988101692,369.0117053328499,248.11264454406927,7.474521017170349,7.426403918634987,294.88210076756286,16.951225560301868,True
vector_thrust,cruise_9,0.4324382984542867,12.181360519839064,58.980763532027325,367.75170157787704,368.98439760930586,248.1309208257055,7.490999728570899,7.426950956653991,294.9038176601366,16.978405615228986,True
vector_thrust,cruise_9,0.4317784948022704,12.162774501472406,58.983765167487505,367.7329774718792,368.96552979808774,248.14355125495587,7.50244666070099,7.427329005380413,294.9188258374375,16.997214796838637,True
vector_thrust,cruise_9,0.43154300557324765,12.156141002063315,58.984835632914496,367.7263004040085,368.9588018294295,248.14805561200404,7.506540638773608,7.427463827911909,294.9241781645725,17.003927716033555,True
vector_thrust,cruise_10,0.43154300557324765,12.156141002063315,49.06751142964165,367.8508402659569,368.9588018294295,223.07496876389982,6.750358908157986,6.750358908157986,245.33755714820825,17.003927716033555,True
vector_thrust,cruise_10,0.4313471355867715,12.150623537655537,49.06825219675561,367.8452845709795,368.9532082331138,223.07833736400877,6.753424154322695,6.750460843663702,245.34126098377806,17.010640635228476,True
vector_thrust,cruise_10,0.43079830451308426,12.135163507410825,49.07032646419119,367.82972855118356,368.9375466881759,223.08776999240024,6.7620278729068,6.750746279665072,245.35163232095593,17.029449816838127,True
vector_thrust,cruise_10,0.43000518013320027,12.112821975583106,49.0733204544215,367.80727724785635,368.9149446427342,223.10138502245016,6.774500041422661,6.751158277209626,245.36660227210749,17.056629871765246,True
vector_thrust,cruise_10,0.42912482249181405,12.088023168783497,49.076638832438086,367.7823965664917,368.8898990592724,223.1164751949381,6.7883979716859395,6.7516149132940955,245.38319416219042,17.086797456790016,True
vector_thrust,cruise_10,0.42833159728357584,12.065678796720448,49.0796239768101,367.7600143530588,368.8673704288585,223.13005019483575,6.800969248788196,6.75202569950644,245.39811988405052,17.11397751171713,True
vector_thrust,cruise_10,0.42778264048247183,12.050215224858363,49.08168734181771,367.7445444844467,368.85180043099774,223.13943342650265,6.809696571449515,6.752309640738488,245.40843670908856,17.132786693326786,True
vector_thrust,cruise_10,0.42758671454193536,12.044696184279871,49.082423286423825,367.7390271297476,368.8462475769383,223.1427801628812,6.81281683096527,6.752410914636907,245.41211643211912,17.139499612521703,True
vector_thrust,cruise_11,0.42758671454193536,12.044696184279871,58.8410235056345,367.6166490985741,368.8462475769383,247.8073221303186,7.563337089609223,7.563337089609223,294.20511752817254,17.139499612521703,True
vector_thrust,cruise_11,0.42735179683366975,12.038078784047036,58.842080669528535,367.61004111091654,368.83959252315475,247.81177526767914,7.567494658254331,7.563473003990907,294.2104033476427,17.14621253171662,True
vector_thrust,cruise_11,0.42669354981699087,12.019536614563123,58.845040551968175,367.59154102061797,368.8209616100546,247.82424331490637,7.579168683759294,7.563853541753948,294.22520275984084,17.165021713326272,True
vector_thrust,cruise_11,0.4257422974998133,11.992740774642629,58.84931197540745,367.56484680672656,368.79408108823617,247.84223601994185,7.596102944835071,7.56440269781668,294.24655987703727,17.192201768253387,True
vector_thrust,cruise_11,0.4246864071641393,11.962997384905334,58.854044955753594,367.5352725604676,368.764303826908,247.86217296569725,7.614988816542167,7.5650111941274,294.27022477876795,17.22236935327816,True
vector_thrust,cruise_11,0.4237350109463768,11.936197491447233,58.858302096820545,367.5086756768979,368.73752741508923,247.88010551268007,7.6320862962338065,7.565558514103825,294.29151048410273,17.24954940820528,True
vector_thrust,cruise_11,0.4230765844883234,11.917650267276716,58.861244185361585,367.49029695517953,368.7190263248898,247.8924986047015,7.643963858827001,7.565936764156062,294.3062209268079,17.268358589814927,True
vector_thrust,cruise_11,0.4228415869210924,11.911030617495562,58.862293424743754,367.48374298171075,368.7124290476822,247.89691836299016,7.6482120111297025,7.566071659773772,294.3114671237188,17.275071509009845,True
vector_thrust,cruise_12,0.4228415869210924,11.911030617495562,49.41928047470984,367.60208260140354,368.7124290476822,224.02222526846296,6.913846433802809,6.913846433802809,247.0964023735492,17.275071509009845,True
vector_thrust,cruise_12,0.4226443134841457,11.905473619271712,49.420020019172995,367.59657947877986,368.70689322685826,224.0255785282918,6.917073525697541,6.91394992319312,247.10010009586497,17.281784428204766,True
vector_thrust,cruise_12,0.42209155003242566,11.889902817814807,49.422090860925955,367.5811706166165,368.69139340226485,224.03496819551603,6.926131956686518,6.914239710142495,247.1104543046298,17.300593609814417,True
vector_thrust,cruise_12,0.4212927432066765,11.86740121708948,49.42507993731495,367.5589315781416,368.66902462370217,224.04852134669244,6.939264428783641,6.914657991881352,247.12539968657475,17.32777366474153,True
vector_thrust,cruise_12,0.420406078533821,11.842424747431577,49.42839287408955,367.53428596022036,368.6442373549902,224.06354296543307,6.953899731672616,6.915121593941529,247.14196437044774,17.357941249766306,True
vector_thrust,cruise_12,0.41960717089239996,11.81992030682817,49.43137318085646,367.512115048531,368.6219409220929,224.07705653471703,6.967139442839584,6.915538654091208,247.1568659042823,17.385121304693424,True
vector_thrust,cruise_12,0.4190542817290702,11.804345964199161,49.43343312314858,367.49679113842524,368.60653131109353,224.08639698983745,6.976331605435409,6.915826922240705,247.16716561574293,17.40393048630307,True
vector_thrust,cruise_12,0.41885695234556025,11.798787390015782,49.43416784897723,367.4913258223809,368.6010356390805,224.0897284781293,6.9796182183341235,6.915929739710794,247.17083924488617,17.41064340549799,True
vector_thrust,cruise_13,0.41885695234556025,11.798787390015782,58.86824109973746,367.3732163819262,368.6010356390805,247.94127114594778,7.720029121957784,7.720029121957784,294.3412054986873,17.41064340549799,True
vector_thrust,cruise_13,0.4186219276598602,11.792166976334093,58.86928261771765,367.36671351033186,368.59449296048473,247.94565871897848,7.724363296037917,7.720165735726904,294.3464130885883,17.417356324692907,True
vector_thrust,cruise_13,0.4179633811935687,11.773616371649823,58.872198728474004,367.3485075420339,368.5761764645827,247.95794333698547,7.7365337499331055,7.720548236019525,294.36099364237003,17.436165506302558,True
vector_thrust,cruise_13,0.4170116969254061,11.746808364095946,58.876407021578395,367.32223728868473,368.5497491135694,247.9756714996403,7.754189531755591,7.721100229365939,294.38203510789197,17.463345561229676,True
vector_thrust,cruise_13,0.41595532821827325,11.71705149910629,58.88107015004455,367.29313213740505,368.5204732059959,247.99531573350797,7.773882045164044,7.721711882507976,294.40535075022274,17.493513146254447,True
vector_thrust,cruise_13,0.41500350195333074,11.690239491643121,58.885264537648524,367.2669565731192,368.4941470302553,248.01298531702508,7.791711570418373,7.722262051903714,294.42632268824264,17.52069320118157,True
vector_thrust,cruise_13,0.4143447784197238,11.671683899147151,58.88816330143302,367.2488686802284,368.4759566976967,248.02519686102676,7.804098683486341,7.722642276925879,294.4408165071651,17.539502382791216,True
vector_thrust,cruise_13,0.4141096749315283,11.665061265676853,58.88919709859708,367.2424183571249,368.4694701670131,248.0295519104536,7.808529281851466,7.722777878023055,294.44598549298536,17.546215301986134,True
vector_thrust,cruise_14,0.4141096749315283,11.665061265676853,49.56102968870351,367.35911231190715,368.4694701670131,224.44277382452591,7.068209611517703,7.068209611517703,247.80514844351757,17.546215301986134,True
vector_thrust,cruise_14,0.41391183664117426,11.659488356089415,49.56176180062477,367.3536836932403,368.4640141232783,224.446090098465,7.071588003701225,7.0683140484703,247.80880900312386,17.552928221181052,True
vector_thrust,cruise_14,0.4133574906388635,11.643872975742635,49.56381186129646,367.33848334489124,368.4487375624383,224.45537633121828,7.081071537956886,7.068606492902718,247.8190593064823,17.571737402790703,True
vector_thrust,cruise_14,0.41255639730720767,11.621306966400216,49.566770958963744,367.3165449892208,368.42669071413496,224.4687802673354,7.094821353925741,7.06902861310949,247.83385479481873,17.598917457717818,True
vector_thrust,cruise_14,0.4116671952827585,11.596259022049537,49.570050713991435,367.29223223294787,368.40225979731963,224.48363670708588,7.110146114289122,7.069496475934601,247.85025356995718,17.62908504274259,True
vector_thrust,cruise_14,0.41086600199564877,11.57369019706053,49.57300126328864,367.27036043230567,368.38028355650476,224.4970020739854,7.124010878451326,7.069917381509644,247.86500631644319,17.65626509766971,True
vector_thrust,cruise_14,0.4103115313541225,11.558071305749932,49.57504060540681,367.25524307794996,368.3650950417692,224.50623997295423,7.133637745664879,7.070208303802079,247.87520302703408,17.675074279279357,True
vector_thrust,cruise_14,0.4101136375946917,11.55249683365329,49.575767988080756,367.2498513942688,368.3596781822243,224.50953490203662,7.1370799331606944,7.070312068556954,247.87883994040376,17.68178719847428,True
vector_thrust,cruise_15,0.4101136375946917,11.55249683365329,58.36882763557311,367.1400717159638,368.3596781822243,246.71806470316545,7.840736879050889,7.840736879050889,291.84413817786555,17.68178719847428,True
vector_thrust,cruise_15,0.4098806105609076,11.545932691856553,58.369835631430405,367.13372826290765,368.3533023353697,246.72232627679242,7.8451944861573,7.840872312496105,291.84917815715204,17.688500117669196,True
vector_thrust,cruise_15,0.40922766206383165,11.527539776445963,58.37265794230031,367.115968318505,368.3354525654356,246.73425835061371,7.857711873336109,7.841251515581078,291.8632897115015,17.707309299278847,True
vector_thrust,cruise_15,0.40828406884526236,11.500959685782039,58.376730980462426,367.09034088023697,368.30969776355107,246.75147821342117,7.8758718163359855,7.84179876538838,291.8836549023121,17.734489354205962,True
vector_thrust,cruise_15,0.4072366829422226,11.471455857527399,58.38124439043738,367.06194683900424,368.2811657170318,246.77055986473115,7.896127854343959,7.842405183111863,291.9062219521869,17.764656939230736,True
vector_thrust,cruise_15,0.4062929520762536,11.444871889471933,58.38530424850916,367.03640983895446,368.2555073863505,246.78772400528112,7.914468688334484,7.842950662057514,291.9265212425458,17.791836994157855,True
vector_thrust,cruise_15,0.40563983193545977,11.426474139027038,58.38811011584423,367.0187626692459,368.23777791386743,246.79958656314707,7.927211647756862,7.843327655915062,291.9405505792211,17.810646175767502,True
vector_thrust,cruise_15,0.4054067285129064,11.419907845433983,58.38911079840282,367.01246940553216,368.2314556043524,246.8038172174651,7.931769646627233,7.843462106740031,291.9455539920141,17.81735909496242,True
vector_thrust,cruise_16,0.4054067285129064,11.419907845433983,51.35766160809219,367.10049690699054,368.2314556043524,228.9821751821078,7.36078359212021,7.36078359212021,256.78830804046095,17.81735909496242,True
vector_thrust,cruise_16,0.4052017155007959,11.414132831008338,51.35843535778795,367.0949624088443,368.2258975479088,228.98562593356095,7.36450775444676,7.360894518809839,256.79217678893974,17.824072014157338,True
vector_thrust,cruise_16,0.40462726547621247,11.397951140175001,51.3606016690775,367.07946582476023,368.210335604919,228.9952873467921,7.374962984299764,7.361205091333364,256.8030083453875,17.842881195766992,True
vector_thrust,cruise_16,0.40379711865229806,11.374566722599946,51.36372853530239,367.05710049873136,368.18787753607216,229.009232671643,7.390124563151597,7.361653373031569,256.81864267651196,17.870061250694107,True
vector_thrust,cruise_16,0.40287566645229705,11.348610322599917,51.367194213360925,367.0323153567839,368.1629918042733,229.02468901727335,7.407026895308849,7.362150227492924,256.83597106680463,17.900228835718877,True
vector_thrust,cruise_16,0.4020454138508091,11.325222925374904,51.370312295428846,367.0100193010796,368.14060722359716,229.03859511931606,7.422322701223974,7.3625972483479964,256.85156147714423,17.927408890646,True
vector_thrust,cruise_16,0.40147083192362465,11.309037518975343,51.372467635586396,366.9946090959657,368.12513691874744,229.0482075527691,7.432945310678953,7.362906246384133,256.862338177932,17.946218072255647,True
vector_thrust,cruise_16,0.4012657602093048,11.303260850966335,51.373236387286134,366.98911304233076,368.119619645074,229.05163604603726,7.436743950418838,7.363016457569671,256.8661819364307,17.952930991450565,True
vector_thrust,cruise_17,0.4012657602093048,11.303260850966335,59.63162326278459,366.8855753753766,368.119619645074,250.03023184050565,8.11557714888977,8.11557714888977,298.15811631392296,17.952930991450565,True
vector_thrust,cruise_17,0.401027687150352,11.29655456761555,59.63265903457068,366.8791996780971,368.1132172477172,250.03457562316174,8.120394979496913,8.115718141053014,298.1632951728534,17.959643910645482,True
vector_thrust,cruise_17,0.4003605993865061,11.277763363000172,59.63555908705961,366.8613495514538,368.09529324947647,250.04673776089084,8.133925204252176,8.116112904383469,298.1777954352981,17.978453092255133,True
vector_thrust,cruise_17,0.39939657272666074,11.250607682441148,59.639744292456,366.83559221743036,368.0694316069054,250.06428952872338,8.153557952684398,8.116682606394686,298.19872146228,18.00563314718225,True
vector_thrust,cruise_17,0.39832650519183793,11.220464934981353,59.64438194019425,366.80705457644615,368.0407815483988,250.08373873537644,8.17546154589372,8.117313896202786,298.22190970097125,18.035800732207022,True
vector_thrust,cruise_17,0.3973623368825497,11.193305264297177,59.648553512379515,366.78138870418206,368.0150173958185,250.1012333310019,8.195298485280201,8.117881742496579,298.24276756189755,18.062980787134144,True
vector_thrust,cruise_17,0.39669507248443575,11.174509084068614,59.65143656575209,366.76365262835304,367.99721496538945,250.11332418079223,8.209083339361083,8.11827419193578,298.25718282876045,18.08178996874379,True
vector_thrust,cruise_17,0.39645692081573725,11.167800586358798,59.652464771527484,366.75732768843443,367.9908666707209,250.1176362347078,8.214014493170518,8.118414154235396,298.2623238576374,18.08850288793871,True
vector_thrust,cruise_18,0.39645692081573725,11.167800586358798,51.83013878181244,366.8554446558179,367.9908666707209,230.22388854866492,7.562714462064845,7.562714462064845,259.15069390906217,18.08850288793871,True
vector_thrust,cruise_18,0.39625002154870476,11.161972437991684,51.83091459228386,366.84995033516014,367.98535381298353,230.22733548831744,7.566663245128184,7.562827691932189,259.15457296141926,18.095215807133627,True
vector_thrust,cruise_18,0.39567028628512085,11.145641867186503,51.833086999526834,366.8345661771675,367.9699183486235,230.23698752950514,7.577749800751845,7.563144755604161,259.1654349976342,18.114024988743278,True
vector_thrust,cruise_18,0.3948325018873262,11.122042306685247,51.836222652413795,366.8123629396158,367.9476426140999,230.2509192880651,7.59382867320216,7.563602405384153,259.18111326206895,18.141205043670393,True
vector_thrust,cruise_18,0.39390257236835235,11.095847108967673,51.83969804424162,366.78775718446775,367.9229586551997,230.26636051252666,7.611756100997463,7.5641096401992876,259.19849022120815,18.171372628695167,True
vector_thrust,cruise_18,0.393064681740658,11.072244556074875,51.84282484453984,366.765622280863,367.90075531817416,230.2802529386547,7.6279818279213485,7.564565997932858,259.2141242226992,18.198552683622285,True
vector_thrust,cruise_18,0.3924848140103909,11.055910253813831,51.844986210055026,366.7503233338835,367.8854101318825,230.28985592221704,7.639251511728918,7.564881450091726,259.22493105027513,18.217361865231933,True
vector_thrust,cruise_18,0.39227785579008023,11.050080444790995,51.84575710888411,366.74486693561875,367.8799374516169,230.2932810387062,7.643281796244412,7.564993963081452,259.22878554442053,18.224074784426854,True
vector_thrust,cruise_19,0.39227785579008023,11.050080444790995,47.36389632305437,366.48427169081515,367.8799374516169,283.1660209998176,9.391415156857446,9.391415156857446,236.81948161527183,18.224074784426854,True
vector_thrust,cruise_19,0.39208816440630956,11.044737025529848,47.364541610359915,366.4792755866118,367.87492326082327,283.1698802882018,9.395958668467197,9.391543153074288,236.82270805179957,18.230787703621772,True
vector_thrust,cruise_19,0.39155664730676465,11.02976471286661,47.36634864142827,366.4652854669359,367.8608830952487,283.18068765067005,9.408713081392186,9.391901587420795,236.83174320714133,18.249596885231423,True
vector_thrust,cruise_19,0.3907885473162814,11.008128093416378,47.36895721529868,366.4450916516158,367.84061860034546,283.1962888226601,9.427205891170752,9.39241901208416,236.8447860764934,18.276776940158538,True
vector_thrust,cruise_19,0.3899359715180127,10.984111873746837,47.37184883884217,366.4227092621248,367.81816001907947,283.2135828371298,9.447817858724601,9.392992581148134,236.85924419421085,18.30694452518331,True
vector_thrust,cruise_19,0.389167783051013,10.962472762000369,47.37445079929804,366.4025713279608,367.7979554600386,283.22914445478915,9.466467014903376,9.393508693962216,236.87225399649017,18.33412458011043,True
vector_thrust,cruise_19,0.38863615562297016,10.947497341492118,47.3762495835802,366.38865089089273,367.78399003316,283.2399024938621,9.479416392262829,9.39386549246103,236.881247917901,18.352933761720077,True
vector_thrust,cruise_19,0.3884464151383675,10.942152539108944,47.3768912007594,366.3836857983471,367.77900910417867,283.2437398314552,9.484046672521297,9.39399276066329,236.88445600379703,18.359646680914995,True
vector_thrust,cruise_20,0.3884464151383675,10.942152539108944,45.22927874893223,366.72483539144787,367.77900910417867,213.99295305792927,7.171946306232864,7.171946306232864,226.14639374466114,18.359646680914995,True
vector_thrust,cruise_20,0.38797194701151816,10.928787239761075,45.23080973711181,366.7124175343455,367.76656153260905,214.00019865361588,7.18071717194609,7.1721891414406524,226.15404868555908,18.37728845304553,True
vector_thrust,cruise_20,0.38664243192766123,10.891336110638346,45.23509283983983,366.6776777056084,367.7317413448757,214.0204692264027,7.205408761625522,7.172868507081185,226.17546419919915,18.426719600104544,True
vector_thrust,cruise_20,0.38472100563536843,10.837211426348407,45.241264190895905,366.6276177890123,367.6815727699587,214.0496773918029,7.2413945085415685,7.1738474149889475,226.20632095447954,18.49814967718376,True
vector_thrust,cruise_20,0.38258807824281105,10.777128964586227,45.24808845482523,366.57224882854695,367.62609337908697,214.08197750114772,7.281764204931838,7.174929949000447,226.24044227412614,18.577431081485248,True
vector_thrust,cruise_20,0.38066610261799,10.722988806140563,45.2542280587041,366.52253576865803,367.5762901338553,214.11103149193244,7.318530273343769,7.1759036897657955,226.27114029352052,18.648861158564465,True
vector_thrust,cruise_20,0.37933590226126185,10.685518373556674,45.258460349920725,366.48822868561905,367.54192549328286,214.13106258556724,7.344193429844159,7.176575029293341,226.2923017496036,18.69829230562348,True
vector_thrust,cruise_20,0.3788611292370954,10.672144485551984,45.25996912630822,366.47600341111234,367.5296806596708,214.13820328261698,7.3533967819580965,7.176814348836802,226.2998456315411,18.715934077754014,True
vector_thrust,decel_descend,0.3788611292370954,10.672144485551984,38.60303733239921,366.8524160005996,367.5296806596708,137.64081098934517,4.731369980989488,4.731369980989488,193.01518666199604,18.715934077754014,True
vector_thrust,decel_descend,0.3761414109079244,10.595532701631676,38.57203542893211,366.7831491710762,367.4597435839504,137.54420467944627,4.761336495595868,4.7280491621760525,192.86017714466055,18.83477143627111,True
vector_thrust,decel_descend,0.3685324976013674,10.381197115531476,38.486463237379866,366.5911275284389,367.26592615396373,137.277892557601,4.8476930798401865,4.718894746637409,192.43231618689933,19.167746315523534,True
vector_thrust,decel_descend,0.35756680412452213,10.072304341535835,38.366085332096354,366.31883615020615,366.99124083173996,136.90420291934572,4.9790580761819365,4.706049254635879,191.83042666048175,19.648908957006434,True
vector_thrust,decel_descend,0.3454354483577806,9.730576010078329,38.236806747511125,366.02344781543985,366.6934472169687,136.50428823537553,5.134718661028428,4.692302282955801,191.1840337375556,20.18295919850159,True
vector_thrust,decel_descend,0.3345400638854501,9.423663771421133,38.12400481503671,365.7631202934734,366.43115258790795,136.1567112438314,5.2846859524499985,4.680354406943927,190.62002407518358,20.664121839984492,True
vector_thrust,decel_descend,0.3270188872800932,9.211799641692767,38.04785792416972,365.5860160589983,366.25278439759603,135.92289082069667,5.394332278076918,4.672316885782797,190.2392896208486,20.997096719236918,True
vector_thrust,decel_descend,0.324338237839931,9.13628838985721,38.02104264457147,365.5233875520062,366.1897221761079,135.8407188485021,5.434697067588972,4.669492243878077,190.10521322285737,21.115934077754012,True
vector_thrust,arrival_terminal_procedure,0.324338237839931,9.13628838985721,85.41765394095044,364.9518742742348,366.1897221761079,252.35142332125287,10.080255896815165,10.080255896815165,427.08826970475224,21.115934077754012,True
vector_thrust,arrival_terminal_procedure,0.3220378799045432,9.071489574775866,85.43030004788936,364.89782403464403,366.13581466644985,252.38878646709983,10.152259806225333,10.081748379267971,427.1515002394468,21.161281553177385,True
vector_thrust,arrival_terminal_procedure,0.31559060655237486,8.88987624091197,85.46553660796444,364.74730354288096,365.98572626987453,252.49289359473713,10.359660765420536,10.08590697078077,427.3276830398222,21.28834235578961,True
vector_thrust,arrival_terminal_procedure,0.30626933889173596,8.627305320893973,85.51596327224328,364.53210825390613,365.77122616288335,252.64188034659162,10.674952821355697,10.091858292806865,427.57981636121644,21.471950535334862,True
vector_thrust,arrival_terminal_procedure,0.2959170878350475,8.33569261507176,85.57131023723582,364.29625333292176,365.5362142661152,252.80540185971157,11.048399331964058,10.098390210381133,427.8565511861791,21.675740240047645,True
vector_thrust,arrival_terminal_procedure,0.2865843032436979,8.072797274470364,85.62065865156185,364.08621762309747,365.32697476601624,252.95120078174676,11.40819505366423,10.104214193556071,428.1032932578093,21.859348419592898,True
vector_thrust,arrival_terminal_procedure,0.2801226642457997,7.890779274529569,85.65455267951299,363.9420985200345,365.1834128175234,253.05134003399422,11.671348610973437,10.108214287055386,428.2727633975649,21.986409222205122,True
vector_thrust,arrival_terminal_procedure,0.2778159111862906,7.825800315106778,85.66660348492758,363.89088529193754,365.13239766722535,253.0869439099859,11.768257349661129,10.109636494928006,428.3330174246379,22.031756697628495,True
vector_thrust,second_descent,0.2778159111862906,7.825800315106778,48.98754990197822,364.3620394836354,365.13239766722535,157.04018288303584,7.311645967466179,7.311645967466179,244.93774950989112,22.031756697628495,True
vector_thrust,second_descent,0.27709651181105427,7.805535543973361,48.99301710799035,364.34606108936396,365.1165116111903,157.05810001653506,7.331143363684516,7.312480172664448,244.96508553995173,22.05651448065289,True
vector_thrust,second_descent,0.27508036999945223,7.748742816885979,49.008383997526764,364.30133910630826,365.0720487768228,157.10845184713497,7.386336176767243,7.314824507422607,245.0419199876338,22.12588424716381,True
vector_thrust,second_descent,0.2721658373402357,7.666643305358752,49.030715104904004,364.2368342123234,365.0079191704773,157.18160093047283,7.467587370254106,7.318230261226456,245.15357552452002,22.226126464139412,True
vector_thrust,second_descent,0.26892938575889336,7.575475655180096,49.05567431753663,364.16539296791314,364.9368949888872,157.2633288845953,7.559903109653556,7.322035439335768,245.27837158768315,22.337386931117575,True
vector_thrust,second_descent,0.2660120245345726,7.49329646576261,49.07831840394737,364.1011516859221,364.8730293431883,157.33744967341806,7.645066078883231,7.325486434850114,245.39159201973686,22.437629148093176,True
vector_thrust,second_descent,0.26399235555117556,7.436404381723256,49.09407570416804,364.0567575137096,364.82889474905943,157.38901362351328,7.705139611407117,7.327887204773192,245.4703785208402,22.506998914604097,True
vector_thrust,second_descent,0.26327138643361425,7.416095392496176,49.09971670646015,364.04092468425745,364.8131544470267,157.40747035173572,7.7268101374527,7.32874653300373,245.49858353230076,22.531756697628495,True
vector_thrust,hover_descent,0.26327138643361425,7.416095392496176,152.86250160469132,362.2601650609796,364.8131544470267,520.3885837311565,25.41985293622898,25.41985293622898,764.3125080234566,22.531756697628495,True
vector_thrust,hover_descent,0.2623954225359874,7.3914203531264056,152.86007630016672,362.2409968299054,364.7940400979079,520.3981565760934,25.503832549157337,25.420320548928576,764.3003815008336,22.54135851152834,True
vector_thrust,hover_descent,0.25994109820048655,7.322284456351735,152.85325856082042,362.18735041086757,364.7405383606406,520.4249016469704,25.74214609374336,25.421626987597136,764.2662928041021,22.568262196226488,True
vector_thrust,hover_descent,0.2563946851007737,7.222385495796442,152.84335545402567,362.1099754998803,364.66335445149986,520.4633701490176,26.09456090691031,25.423506090435453,764.2167772701283,22.607139147016433,True
vector_thrust,hover_descent,0.252458725859105,7.111513404481832,152.83230572399393,362.0242673253378,364.5778298589671,520.5058621301192,26.497278801083798,25.42558173149358,764.1615286199697,22.650289306999714,True
vector_thrust,hover_descent,0.24891278690274782,7.011627800077403,152.8223123264518,361.9471671204468,364.50086604561614,520.5440105730422,26.87099705810805,25.42744520013829,764.1115616322589,22.68916625778966,True
vector_thrust,hover_descent,0.24645905353549058,6.94250855029551,152.81538363436286,361.89385988651117,364.4476353899702,520.5703621585477,27.13589999050947,25.428732417900417,764.0769181718143,22.71606994248781,True
vector_thrust,hover_descent,0.24558335254412852,6.917840916736015,152.81290944667612,361.8748414029507,364.4286404759605,520.5797615815487,27.23172170729719,25.429191559314813,764.0645472333806,22.72567175638765,True
