eVTOL_type,mission_segment,propeller_throttle,lift_throttle,propeller_rpm,propeller_thrust_N,propeller_torque_N_m,propeller_efficiency,propeller_motor_efficiency,propeller_power_coefficient,lift_rotor_rpm,lift_thrust_N,lift_torque_N_m,lift_efficiency,lift_motor_efficiency,lift_power_coefficient,propeller_tip_mach,lift_tip_mach,time_min,fesibility
lift_and_cruse,hover_climb,0.0,0.7465875909467181,0.0,5.089149024831253e-12,-5.991188445325284,0.0,,0.0,2354.489142244481,10898.14295644239,56.71806442278216,0.11634592706995278,0.845721081719093,0.013039452285467492,0.0,0.6183637529966415,0.0,True
lift_and_cruse,hover_climb,0.0,0.7466134673575944,0.0,5.0891478204782094e-12,-5.991188445325284,0.0,,0.0,2354.558649215955,10898.140377384167,56.71800446646388,0.11634258791464885,0.8457229309320704,0.013039613293692768,0.0,0.6183872709860717,0.007020189305090682,True
lift_and_cruse,hover_climb,0.0,0.746685988576773,0.0,5.089144442364421e-12,-5.991188445325284,0.0,,0.0,2354.7534514754284,10898.1331433325,56.717836523607225,0.11633323045339755,0.8457281130527459,0.013040064124257225,0.0,0.6184531819132495,0.026690322631517813,True
lift_and_cruse,hover_climb,0.0,0.7467908300402671,0.0,5.0891395608511455e-12,-5.991188445325284,0.0,,0.0,2355.0350765866015,10898.1226898305,56.71759387420849,0.1163197048888613,0.8457356034055358,0.013040714749847523,0.0,0.6185484656586818,0.05511448883562853,True
lift_and_cruse,hover_climb,0.0,0.7469072579085384,0.0,5.089134142782416e-12,-5.991188445325284,0.0,,0.0,2355.34783349507,10898.111087323423,56.717324600702256,0.11630468761826017,0.8457439197927509,0.013041435723717944,0.0,0.6186542775549909,0.08666293320117706,True
lift_and_cruse,hover_climb,0.0,0.7470122121879424,0.0,5.0891292612722714e-12,-5.991188445325284,0.0,,0.0,2355.6297767481956,10898.100633828126,56.717082034500514,0.11629115300927846,0.8457514150461838,0.01304208424946645,0.0,0.6187496602349508,0.11508709940528776,True
lift_and_cruse,hover_climb,0.0,0.7470848740866154,0.0,5.08912588316488e-12,-5.991188445325284,0.0,,0.0,2355.8249757252474,10898.093399790157,56.71691419544288,0.11628178426972079,0.8457566032779059,0.013042532461572007,0.0,0.6188156945317403,0.1347572327317149,True
lift_and_cruse,hover_climb,0.0,0.7471108130123609,0.0,5.089124677532884e-12,-5.991188445325284,0.0,,0.0,2355.894658893573,10898.090817993127,56.716854298627595,0.11627844011111119,0.8457584552044364,0.013042692311510427,0.0,0.6188392673315062,0.1417774220368056,True
lift_and_cruse,dep_transition,0.7083352365712616,0.7656335880684696,1018.2704644862018,1756.230854352614,626.9433584849708,0.6981019426872083,0.9551348913859112,0.2528825113160746,2371.3174322872214,11387.18364355138,57.18957129242695,0.03099407753900175,0.8462928446983418,0.012980884980482906,0.33434524852858694,0.6228904746939048,0.1417774220368056,True
lift_and_cruse,dep_transition,0.7119543310134427,0.7632096099960376,1022.7386259870375,1776.5731416022336,633.3267714208986,0.6967402031322042,0.9550324190490017,0.25323376276411824,2362.8891771225126,11333.946638626658,56.86262669643278,0.02808231328253385,0.845983993977852,0.01299910209492308,0.3358129242557644,0.6206776230797132,0.14267368077659667,True
lift_and_cruse,dep_transition,0.7219523209826381,0.7564715315651533,1035.028981351423,1832.9686736578153,650.9902847899234,0.6930496583169365,0.9547460923869353,0.254161755888741,2339.5166743502805,11183.4753235205,55.939783719604776,0.019742802589244053,0.8451032226421069,0.01304545628878312,0.33985004424019133,0.6145411265609022,0.14518494196066217,True
lift_and_cruse,dep_transition,0.7360351195518786,0.7468385053691997,1052.2071453061203,1912.8656877769538,675.9361530646858,0.6880259406958198,0.9543358224506424,0.25536971109172396,2306.2600549953804,10962.652247981185,54.58862627665385,0.007209441676150524,0.8437834988264389,0.013100922553257038,0.34549284786391415,0.605809498914458,0.14881381951290065,True
lift_and_cruse,dep_transition,0.7511716457669828,0.7362289576356581,1070.4946444844252,1999.277837998158,702.823125372215,0.6828484826235629,0.9538875810244093,0.2565497151113394,2269.870220258343,10712.894449638228,53.06502910106545,-0.007396875526068622,0.8422400888017375,0.013147734005733193,0.3515002491006077,0.5962551625701044,0.15284156972882879,True
lift_and_cruse,dep_transition,0.7643726895906038,0.7266931055361362,1086.2933085266868,2075.036148544927,726.3251307219281,0.6785161924033298,0.9534919344772756,0.2574879097783204,2237.393267210084,10483.694848639469,51.67160705963271,-0.021216581972704884,0.840764951460218,0.013177631529763463,0.3566902489605871,0.5877280879774843,0.1564704472810673,True
lift_and_cruse,dep_transition,0.7732695548762696,0.7200849470380905,1096.8611268234456,2126.2735567164464,742.18735886983,0.6756907271706881,0.9532233943929291,0.2580761554714623,2215.0211088739334,10322.780175807133,50.69640764661814,-0.031165733092539474,0.8396901167222837,0.013191954064694918,0.3601619674241416,0.5818540494863946,0.15898170846513276,True
lift_and_cruse,dep_transition,0.7763979899624791,0.7177219927537116,1100.5617983362883,2144.3210265141574,747.7687826996339,0.6747150178776752,0.9531286750947674,0.2582750032171948,2207.0483594471666,10264.896091134107,50.346291089795145,-0.0347958768702373,0.8392948105397071,0.01319586190120807,0.36137772401359836,0.579760710670246,0.15987796720492387,True
lift_and_cruse,second_climb,0.8344061410367463,0.0,1188.1914781434434,1990.5108279493504,767.0964352234272,0.7695642736201604,0.9551934296155705,0.22731129226027244,0.0,-4.87534542823264e-13,-5.336658663347744,0.0,,0.0,0.39015158686493623,0.0,0.15987796720492387,True
lift_and_cruse,second_climb,0.8346268355824495,0.0,1188.3310414386146,1990.626545838074,767.093810156383,0.769512424301426,0.9551977150200913,0.22733619966141635,0.0,-4.875628855316699e-13,-5.336658663347744,0.0,,0.0,0.3902133620316858,0.0,0.18364543890834323,True
lift_and_cruse,second_climb,0.8352461317609812,0.0,1188.7225468043323,1990.9517585977273,767.0866962701473,0.7693670106480492,0.9552097221953948,0.2274059669956411,0.0,-4.876425396847001e-13,-5.336658663347744,0.0,,0.0,0.39038663279447916,0.0,0.2502404147588277,True
lift_and_cruse,second_climb,0.8361434547024429,0.0,1189.2894830642447,1991.4242658859198,767.0770477110053,0.7691565289908177,0.9552270723425352,0.22750672741435787,0.0,-4.877582705923119e-13,-5.336658663347744,0.0,,0.0,0.39063748762939976,0.0,0.3464729430554082,True
lift_and_cruse,second_climb,0.8371427670632604,0.0,1189.9203948670474,1991.952286788447,767.0672232017655,0.7689224211139962,0.9552463283006974,0.2276184864801079,0.0,-4.878875984139445e-13,-5.336658663347744,0.0,,0.0,0.3909165703371051,0.0,0.453282991354439,True
lift_and_cruse,second_climb,0.8380461608398685,0.0,1190.4903290552884,1992.4312729911824,767.0591800838762,0.768711052416278,0.9552636759185352,0.22771911048559138,0.0,-4.880049161979475e-13,-5.336658663347744,0.0,,0.0,0.39116860768545647,0.0,0.5495155196510194,True
lift_and_cruse,second_climb,0.8386730273244759,0.0,1190.8855727392793,1992.764564616004,767.0540680717436,0.7685645326450578,0.9552756799418755,0.22778870771371057,0.0,-4.880865491022517e-13,-5.336658663347744,0.0,,0.0,0.39134335300784723,0.0,0.6161104955015039,True
lift_and_cruse,second_climb,0.8388970911102649,0.0,1191.0267998908944,1992.8838787521302,767.0523341429376,0.7685121910032151,0.9552799639401218,0.22781353942165838,0.0,-4.881157726372316e-13,-5.336658663347744,0.0,,0.0,0.39140578446467433,0.0,0.6398779672049233,True
lift_and_cruse,departure_terminal_procedures,0.7248094059708493,0.0,1062.7021331272335,1248.7472425885921,515.832135482018,0.8255398085323049,0.9603997821981994,0.1924344811549916,0.0,-3.0585486271604054e-13,-5.336658663347744,0.0,,0.0,0.34923459497893,0.0,0.6398779672049233,True
lift_and_cruse,departure_terminal_procedures,0.7249266649984397,0.0,1062.702133004632,1248.7472420111571,515.83213527827,0.8255398085715385,0.9603997822013591,0.19243448112339281,0.0,-3.0585486257460977e-13,-5.336658663347744,0.0,,0.0,0.3492345949386396,0.0,0.6821641169793418,True
lift_and_cruse,departure_terminal_procedures,0.7252554862385846,0.0,1062.7021330046286,1248.7472420111408,515.8321352782851,0.8255398085715393,0.9603997822013586,0.19243448112338232,0.0,-3.058548625746058e-13,-5.336658663347744,0.0,,0.0,0.3492345949386385,0.0,0.8006472757341798,True
lift_and_cruse,departure_terminal_procedures,0.7257313471135993,0.0,1062.7021330046282,1248.7472420111392,515.8321352783308,0.8255398085715399,0.9603997822013571,0.19243448112339567,0.0,-3.0585486257460537e-13,-5.336658663347744,0.0,,0.0,0.34923459493863834,0.0,0.9718604007774596,True
lift_and_cruse,departure_terminal_procedures,0.7262604850829109,0.0,1062.7021330927698,1248.7472424262724,515.8321354246807,0.8255398085433336,0.9603997821990896,0.19243448114608308,0.0,-3.0585486267628366e-13,-5.336658663347744,0.0,,0.0,0.34923459496760423,0.0,1.1618926329031798,True
lift_and_cruse,departure_terminal_procedures,0.7267381004570148,0.0,1062.7021330046318,1248.7472420111558,515.8321352782609,0.8255398085715383,0.9603997822013595,0.19243448112338063,0.0,-3.058548625746094e-13,-5.336658663347744,0.0,,0.0,0.34923459493863956,0.0,1.3331057579464596,True
lift_and_cruse,departure_terminal_procedures,0.7270691096887603,0.0,1062.7021330783364,1248.747242358295,515.8321354007303,0.8255398085479523,0.9603997821994604,0.19243448114237316,0.0,-3.05854862659634e-13,-5.336658663347744,0.0,,0.0,0.34923459496286097,0.0,1.4515889167012976,True
lift_and_cruse,departure_terminal_procedures,0.7271873425301071,0.0,1062.7021330617818,1248.7472422803241,515.8321353732606,0.8255398085532498,0.9603997821998858,0.1924344811381205,0.0,-3.058548626405367e-13,-5.336658663347744,0.0,,0.0,0.34923459495742065,0.0,1.493875066475716,True
lift_and_cruse,accel_climb,0.8872700094126936,0.0,1254.5864571749473,1895.6910637386266,763.7984461502957,0.8090274040801998,0.957197735144938,0.20444438326460704,0.0,-4.6431039867595e-13,-5.336658663347744,0.0,,0.0,0.4122933224460611,0.0,1.493875066475716,True
lift_and_cruse,accel_climb,0.890947381142806,0.0,1258.7503722959111,1891.706211391968,763.5687058292447,0.8105546865905493,0.957317312703018,0.2033870491397508,0.0,-4.63334391341668e-13,-5.336658663347744,0.0,,0.0,0.4137464014347768,0.0,1.6127124249928129,True
lift_and_cruse,accel_climb,0.9015039699779044,0.0,1270.616409653642,1881.7773657479254,763.3329743995045,0.8146244836444518,0.957639776270317,0.20052181357491425,0.0,-4.60902525534227e-13,-5.336658663347744,0.0,,0.0,0.41788655049319823,0.0,1.9456873042452354,True
lift_and_cruse,accel_climb,0.9176259547186618,0.0,1288.1928500972645,1870.4432274730198,764.0451416879504,0.8199786218410569,0.9580717332410169,0.1966548109359044,0.0,-4.581264623023357e-13,-5.336658663347744,0.0,,0.0,0.4240192664905872,0.0,2.426849945728138,True
lift_and_cruse,accel_climb,0.9363455076426109,0.0,1308.2068151063663,1861.663133658988,766.2500115118696,0.8252063323759695,0.9585048429462776,0.1927432792408178,0.0,-4.559759595452221e-13,-5.336658663347744,0.0,,0.0,0.43100492572531546,0.0,2.9609001872232916,True
lift_and_cruse,accel_climb,0.9539388770993167,0.0,1326.628762799864,1856.849929300482,769.4172578531774,0.8293369723311339,0.9588563177979761,0.18954229164529746,0.0,-4.547970644829648e-13,-5.336658663347744,0.0,,0.0,0.4374387571012657,0.0,3.4420628287061947,True
lift_and_cruse,accel_climb,0.9665379141638111,0.0,1339.6016851372883,1855.0940736517823,772.1837777181747,0.8319220747585768,0.9590815314292926,0.18747688563391515,0.0,-4.5436700388297593e-13,-5.336658663347744,0.0,,0.0,0.44197164940913725,0.0,3.7750377079586173,True
lift_and_cruse,accel_climb,0.9711222070758113,0.0,1344.2780652071676,1854.7614673992357,773.2740168305187,0.8327970577825798,0.9591588138426368,0.18676535900255853,0.0,-4.5428553884646437e-13,-5.336658663347744,0.0,,0.0,0.4436060345615746,0.0,3.8938750664757142,True
lift_and_cruse,cruise_0,0.858216439682014,0.0,1227.050584614657,1247.366808465536,550.2713531748007,0.8590235769988424,0.9631940388495539,0.15951190616224814,0.0,-3.0551675386999366e-13,-5.336658663347744,0.0,,0.0,0.4049214653840858,0.0,3.8938750664757142,True
lift_and_cruse,cruise_0,0.8582508932626076,0.0,1227.0505846146536,1247.3668084655196,550.2713531748462,0.8590235769988431,0.9631940388495526,0.15951190616226282,0.0,-3.055167538699896e-13,-5.336658663347744,0.0,,0.0,0.40492146538408463,0.0,3.9021276608171793,True
lift_and_cruse,cruise_0,0.8583474515799848,0.0,1227.0505846331648,1247.3668085601068,550.271353211053,0.8590235769943242,0.9631940388489678,0.15951190616795438,0.0,-3.0551675389315684e-13,-5.336658663347744,0.0,,0.0,0.40492146539019325,0.0,3.92525091632082,True
lift_and_cruse,cruise_0,0.8584870388984698,0.0,1227.0505846146577,1247.3668084655396,550.2713531747825,0.8590235769988425,0.9631940388495545,0.1595119061622542,0.0,-3.055167538699945e-13,-5.336658663347744,0.0,,0.0,0.40492146538408597,0.0,3.9586649886460212,True
lift_and_cruse,cruise_0,0.8586162044948743,0.0,1227.0505846118333,1247.3668084511075,550.2713531691936,0.8590235769995318,0.9631940388496455,0.15951190616138153,0.0,-3.055167538664597e-13,-5.336658663347744,0.0,,0.0,0.4049214653831539,0.0,3.9957518109720738,True
lift_and_cruse,cruise_0,0.8586670784245141,0.0,1227.0505846146577,1247.3668084655396,550.2713531747825,0.8590235769988425,0.9631940388495545,0.15951190616224992,0.0,-3.055167538699945e-13,-5.336658663347744,0.0,,0.0,0.40492146538408597,0.0,4.029165883297275,True
lift_and_cruse,cruise_0,0.8587023086630409,0.0,1227.0505846146589,1247.366808465546,550.2713531747611,0.859023576998842,0.9631940388495551,0.15951190616225122,0.0,-3.055167538699961e-13,-5.336658663347744,0.0,,0.0,0.40492146538408635,0.0,4.052289138800916,True
lift_and_cruse,cruise_0,0.858714887008026,0.0,1227.0505846175904,1247.3668084805258,550.2713531804897,0.8590235769981264,0.9631940388494626,0.15951190616314517,0.0,-3.055167538736651e-13,-5.336658663347744,0.0,,0.0,0.4049214653850537,0.0,4.060541733142381,True
lift_and_cruse,cruise_1,0.8352024209237506,0.0,1195.6150634438757,1229.601350306666,538.2503403075407,0.8548657603413836,0.962858155914881,0.16433977611700062,0.0,-3.011654715760644e-13,-5.336658663347744,0.0,,0.0,0.3945478773208172,0.0,4.060541733142381,True
lift_and_cruse,cruise_1,0.8355615285924259,0.0,1195.6150634438104,1229.6013503063384,538.2503403072428,0.8548657603413999,0.9628581559148878,0.1643397761169193,0.0,-3.0116547157598413e-13,-5.336658663347744,0.0,,0.0,0.3945478773207957,0.0,4.308119563386333,True
lift_and_cruse,cruise_1,0.8365776178382304,0.0,1195.615063443965,1229.6013503071065,538.2503403075802,0.8548657603413609,0.9628581559148819,0.16433977611699277,0.0,-3.0116547157617225e-13,-5.336658663347744,0.0,,0.0,0.3945478773208467,0.0,5.001817228495546,True
lift_and_cruse,cruise_1,0.8380719349987211,0.0,1195.6150634439382,1229.6013503069744,538.2503403074829,0.8548657603413681,0.9628581559148839,0.1643397761169725,0.0,-3.011654715761399e-13,-5.336658663347744,0.0,,0.0,0.39454787732083785,0.0,6.004239398251595,True
lift_and_cruse,cruise_1,0.8397670781231102,0.0,1195.6150634439196,1229.601350306883,538.2503403074586,0.8548657603413727,0.9628581559148842,0.16433977611697023,0.0,-3.011654715761175e-13,-5.336658663347744,0.0,,0.0,0.39454787732083174,0.0,7.116844068033166,True
lift_and_cruse,cruise_1,0.8413278825560309,0.0,1195.615063443882,1229.6013503066958,538.2503403074161,0.8548657603413822,0.9628581559148846,0.16433977611695533,0.0,-3.011654715760717e-13,-5.336658663347744,0.0,,0.0,0.3945478773208193,0.0,8.119266237789214,True
lift_and_cruse,cruise_1,0.8424269038711515,0.0,1195.6150634439016,1229.601350306792,538.2503403074192,0.854865760341377,0.9628581559148849,0.1643397761169614,0.0,-3.0116547157609526e-13,-5.336658663347744,0.0,,0.0,0.3945478773208258,0.0,8.812963902898428,True
lift_and_cruse,cruise_1,0.8428229282937044,0.0,1195.615063443854,1229.6013503065574,538.2503403073492,0.8548657603413888,0.9628581559148858,0.16433977611695524,0.0,-3.0116547157603775e-13,-5.336658663347744,0.0,,0.0,0.39454787732081015,0.0,9.06054173314238,True
lift_and_cruse,cruise_2,0.8720913583718877,0.0,1234.4756560881633,1252.349978161086,553.358892177205,0.8598863095973397,0.9632645416571409,0.15848310346807615,0.0,-3.0673727843344634e-13,-5.336658663347744,0.0,,0.0,0.4073717073377032,0.0,9.06054173314238,True
lift_and_cruse,cruise_2,0.8725267663566447,0.0,1234.4756556906707,1252.3499761088776,553.3588913858051,0.8598863096945173,0.9632645416700781,0.15848310334348076,0.0,-3.067372779308002e-13,-5.336658663347744,0.0,,0.0,0.40737170720653243,0.0,9.308119563386331,True
lift_and_cruse,cruise_2,0.8747426152830011,0.0,1234.475655565633,1252.3499754633194,553.3588911370372,0.8598863097250864,0.963264541674143,0.15848310330431986,0.0,-3.0673727777268407e-13,-5.336658663347744,0.0,,0.0,0.40737170716527044,0.0,10.001817228495547,True
lift_and_cruse,cruise_2,0.8779765546020597,0.0,1234.4756556694101,1252.3499759991103,553.3588913435931,0.8598863096997148,0.963264541670767,0.15848310333683974,0.0,-3.06737277903915e-13,-5.336658663347744,0.0,,0.0,0.4073717071995165,0.0,11.004239398251594,True
lift_and_cruse,cruise_2,0.8816106154318151,0.0,1234.475655878909,1252.3499770807284,553.3588917606588,0.8598863096484971,0.9632645416639496,0.1584831034024933,0.0,-3.0673727816883503e-13,-5.336658663347744,0.0,,0.0,0.40737170726865024,0.0,12.116844068033167,True
lift_and_cruse,cruise_2,0.8849254734181475,0.0,1234.475656447475,1252.3499800161721,553.3588928925292,0.8598863095094961,0.9632645416454481,0.15848310358068413,0.0,-3.067372788878114e-13,-5.336658663347744,0.0,,0.0,0.40737170745627466,0.0,13.119266237789214,True
lift_and_cruse,cruise_2,0.8872422249156139,0.0,1234.4756562387029,1252.349978938305,553.3588924768248,0.8598863095605361,0.9632645416522441,0.15848310351523323,0.0,-3.0673727862381006e-13,-5.336658663347744,0.0,,0.0,0.4073717073873807,0.0,13.812963902898426,True
lift_and_cruse,cruise_2,0.8880736115024369,0.0,1234.4756577539777,1252.3499867614928,553.3588954935916,0.8598863091900872,0.9632645416029296,0.15848310399017895,0.0,-3.0673728053993846e-13,-5.336658663347744,0.0,,0.0,0.4073717078874149,0.0,14.06054173314238,True
lift_and_cruse,cruise_3,0.826599152014798,0.0,1153.36898986093,1216.5697666078654,525.0716228881467,0.8475969079608703,0.9622990935520345,0.17227534991490803,0.0,-2.97973654123153e-13,-5.336658663347744,0.0,,0.0,0.38060685301715963,0.0,14.06054173314238,True
lift_and_cruse,cruise_3,0.8266108352289009,0.0,1153.3689898609596,1216.5697666080046,525.0716228881437,0.8475969079608628,0.9622990935520352,0.1722753499149092,0.0,-2.9797365412318706e-13,-5.336658663347744,0.0,,0.0,0.3806068530171693,0.0,14.064668030313111,True
lift_and_cruse,cruise_3,0.8266435735991673,0.0,1153.368989860962,1216.5697666080155,525.071622888162,0.8475969079608624,0.9622990935520347,0.17227534991490934,0.0,-2.9797365412318973e-13,-5.336658663347744,0.0,,0.0,0.3806068530171701,0.0,14.076229658064932,True
lift_and_cruse,cruise_3,0.8266908890291707,0.0,1153.3689898609603,1216.5697666080073,525.0716228881558,0.847596907960863,0.9622990935520349,0.17227534991490961,0.0,-2.979736541231877e-13,-5.336658663347744,0.0,,0.0,0.38060685301716957,0.0,14.092936694227532,True
lift_and_cruse,cruise_3,0.8267434150427029,0.0,1153.3689898609694,1216.5697666080516,525.0716228881346,0.8475969079608604,0.9622990935520357,0.17227534991490925,0.0,-2.9797365412319857e-13,-5.336658663347744,0.0,,0.0,0.38060685301717256,0.0,14.11148010539056,True
lift_and_cruse,cruise_3,0.8267907482203262,0.0,1153.3689898609737,1216.5697666080707,525.0716228882044,0.8475969079608595,0.9622990935520338,0.1722753499149142,0.0,-2.9797365412320326e-13,-5.336658663347744,0.0,,0.0,0.380606853017174,0.0,14.12818714155316,True
lift_and_cruse,cruise_3,0.8268235087214997,0.0,1153.3689898609728,1216.5697666080673,525.0716228882227,0.8475969079608596,0.9622990935520334,0.17227534991492696,0.0,-2.9797365412320246e-13,-5.336658663347744,0.0,,0.0,0.3806068530171737,0.0,14.139748769304981,True
lift_and_cruse,cruise_3,0.8268352017847697,0.0,1153.3689898609864,1216.5697666081303,525.0716228881802,0.8475969079608564,0.9622990935520348,0.17227534991492088,0.0,-2.9797365412321785e-13,-5.336658663347744,0.0,,0.0,0.38060685301717817,0.0,14.143875066475713,True
lift_and_cruse,cruise_4,0.8919359403124746,0.0,1239.158766044892,1255.6387178173036,555.362506057381,0.8604077120197476,0.9633071071412665,0.1578569774864443,0.0,-3.075427873320895e-13,-5.336658663347744,0.0,,0.0,0.4089171136722179,0.0,14.143875066475713,True
lift_and_cruse,cruise_4,0.8935129445219758,0.0,1239.158766033258,1255.6387177570023,555.3625060342328,0.8604077120225764,0.9633071071416449,0.15785697748281574,0.0,-3.075427873173199e-13,-5.336658663347744,0.0,,0.0,0.4089171136683787,0.0,14.639030726963618,True
lift_and_cruse,cruise_4,0.8977777970573027,0.0,1239.158766068642,1255.6387179404032,555.3625061048018,0.8604077120139741,0.9633071071404898,0.1578569774938737,0.0,-3.075427873622402e-13,-5.336658663347744,0.0,,0.0,0.40891711368005534,0.0,16.026426057182046,True
lift_and_cruse,cruise_4,0.9041460379180315,0.0,1239.1587660478513,1255.6387178326418,555.3625060631491,0.8604077120190283,0.9633071071411735,0.1578569774873172,0.0,-3.0754278733584626e-13,-5.336658663347744,0.0,,0.0,0.40891711367319444,0.0,18.03127039669414,True
lift_and_cruse,cruise_4,0.9112533708006939,0.0,1239.1587660752423,1255.6387179746093,555.3625061180063,0.8604077120123695,0.9633071071402732,0.15785697749593214,0.0,-3.075427873706183e-13,-5.336658663347744,0.0,,0.0,0.4089171136822333,0.0,20.256479736257287,True
lift_and_cruse,cruise_4,0.9175841333337112,0.0,1239.1587659538566,1255.6387173454605,555.3625058752768,0.8604077120418794,0.963307107144253,0.1578569774578729,0.0,-3.0754278721652127e-13,-5.336658663347744,0.0,,0.0,0.4089171136421766,0.0,22.26132407576938,True
lift_and_cruse,cruise_4,0.9220463505773013,0.0,1239.158765953866,1255.6387173455082,555.3625058753134,0.8604077120418774,0.9633071071442523,0.1578569774578788,0.0,-3.07542787216533e-13,-5.336658663347744,0.0,,0.0,0.4089171136421797,0.0,23.648719405987805,True
lift_and_cruse,cruise_4,0.9236551649146034,0.0,1239.1587659538664,1255.6387173455105,555.3625058753589,0.8604077120418775,0.963307107144251,0.1578569774578839,0.0,-3.0754278721653354e-13,-5.336658663347744,0.0,,0.0,0.40891711364217975,0.0,24.14387506647571,True
lift_and_cruse,cruise_5,0.9447328420580801,0.0,1264.8025069316093,1275.3937082420373,566.9026244184195,0.8630173395449052,0.9635198367629525,0.15466931639659426,0.0,-3.1238136449025684e-13,-5.336658663347744,0.0,,0.0,0.4173794389161607,0.0,24.14387506647571,True
lift_and_cruse,cruise_5,0.9447473319732794,0.0,1264.8025068827303,1275.3937079837133,566.9026243169831,0.8630173395563818,0.9635198367646567,0.15466931638088374,0.0,-3.123813644269857e-13,-5.336658663347744,0.0,,0.0,0.4173794389000308,0.0,24.148001363646443,True
lift_and_cruse,cruise_5,0.9447879354641349,0.0,1264.802506881674,1275.3937079778507,566.9026243157887,0.8630173395566498,0.9635198367646671,0.15466931638081402,0.0,-3.123813644255498e-13,-5.336658663347744,0.0,,0.0,0.41737943889968226,0.0,24.159562991398268,True
lift_and_cruse,cruise_5,0.9448466183334207,0.0,1264.8025068820562,1275.393707979915,566.9026243164847,0.8630173395565574,0.9635198367646564,0.1546693163809016,0.0,-3.1238136442605543e-13,-5.336658663347744,0.0,,0.0,0.41737943889980833,0.0,24.176270027560868,True
lift_and_cruse,cruise_5,0.9449117290645368,0.0,1264.8024731599453,1275.393529606542,566.9025549271424,0.8630173474855701,0.9635198379247183,0.15466930569683193,0.0,-3.1238132073717933e-13,-5.336658663347744,0.0,,0.0,0.4173794277716555,0.0,24.19481343872389,True
lift_and_cruse,cruise_5,0.9449704188279359,0.0,1264.8024578748182,1275.393448757969,566.9025234760765,0.8630173510793671,0.9635198384505139,0.15466930085431282,0.0,-3.1238130093499013e-13,-5.336658663347744,0.0,,0.0,0.4173794227276286,0.0,24.21152047488649,True
lift_and_cruse,cruise_5,0.9450111015244984,0.0,1264.8025068812783,1275.3937079755092,566.9026243159012,0.863017339556762,0.9635198367646562,0.15466931638094367,0.0,-3.1238136442497627e-13,-5.336658663347744,0.0,,0.0,0.4173794388995516,0.0,24.223082102638315,True
lift_and_cruse,cruise_5,0.9450256041246193,0.0,1264.802506881834,1275.3937079786206,566.9026243163297,0.8630173395566181,0.9635198367646561,0.15466931638093567,0.0,-3.1238136442573837e-13,-5.336658663347744,0.0,,0.0,0.41737943889973506,0.0,24.227208399809047,True
lift_and_cruse,cruise_6,0.8946833830664789,0.0,1203.037584034678,1233.2746640543814,540.9392606957475,0.8559262772145099,0.9629428983468861,0.16312902725544845,0.0,-3.0206517396074514e-13,-5.336658663347744,0.0,,0.0,0.39699727749400987,0.0,24.227208399809047,True
lift_and_cruse,cruise_6,0.8946955234192906,0.0,1203.0375833070802,1233.274660415921,540.9392593118271,0.8559262773962761,0.9629428983688354,0.16312902703540944,0.0,-3.0206517306957935e-13,-5.336658663347744,0.0,,0.0,0.3969972772539057,0.0,24.23133469697978,True
lift_and_cruse,cruise_6,0.894729544976454,0.0,1203.0375835546113,1233.2746616537352,540.939259782647,0.8559262773344387,0.962942898361368,0.16312902711026686,0.0,-3.0206517337275634e-13,-5.336658663347744,0.0,,0.0,0.39699727733558987,0.0,24.2428963247316,True
lift_and_cruse,cruise_6,0.894778714787284,0.0,1203.0375839023877,1233.2746633928455,540.9392604441592,0.8559262772475584,0.962942898350876,0.16312902721544162,0.0,-3.0206517379871553e-13,-5.336658663347744,0.0,,0.0,0.3969972774503546,0.0,24.2596033608942,True
lift_and_cruse,cruise_6,0.8948332989433508,0.0,1203.0375840396239,1233.2746640791133,540.9392607051684,0.8559262772132746,0.9629428983467366,0.16312902725693332,0.0,-3.020651739668027e-13,-5.336658663347744,0.0,,0.0,0.39699727749564195,0.0,24.278146772057223,True
lift_and_cruse,cruise_6,0.894882625422205,0.0,1203.0375840396127,1233.2746640790594,540.9392607051442,0.8559262772132769,0.962942898346737,0.1631290272569358,0.0,-3.020651739667895e-13,-5.336658663347744,0.0,,0.0,0.3969972774956383,0.0,24.294853808219827,True
lift_and_cruse,cruise_6,0.8949178623370563,0.0,1203.0375840396118,1233.2746640790551,540.9392607050925,0.855926277213277,0.9629428983467383,0.16312902725692627,0.0,-3.0206517396678844e-13,-5.336658663347744,0.0,,0.0,0.39699727749563796,0.0,24.306415435971648,True
lift_and_cruse,cruise_6,0.8949304392492835,0.0,1203.0375840396105,1233.274664079047,540.9392607050834,0.8559262772132774,0.9629428983467385,0.16312902725692544,0.0,-3.020651739667864e-13,-5.336658663347744,0.0,,0.0,0.3969972774956375,0.0,24.31054173314238,True
lift_and_cruse,cruise_7,0.9669605812032603,0.0,1290.8136742177512,1298.133256994278,579.5200188467043,0.8653031237098083,0.9637030491141355,0.15180373664863664,0.0,-3.1795094760895423e-13,-5.336658663347744,0.0,,0.0,0.4259630133065863,0.0,24.31054173314238,True
lift_and_cruse,cruise_7,0.9675945383148753,0.0,1290.8136779267265,1298.1332769933974,579.5200266731977,0.8653031228696506,0.9637030489810019,0.1518037378264032,0.0,-3.179509525073257e-13,-5.336658663347744,0.0,,0.0,0.42596301453053237,0.0,24.472119677203107,True
lift_and_cruse,cruise_7,0.9693771473954822,0.0,1290.8136834534077,1298.1333067937417,579.5200383355343,0.865303121617746,0.9637030487826163,0.15180373958140927,0.0,-3.1795095980630494e-13,-5.336658663347744,0.0,,0.0,0.4259630163543136,0.0,24.92485101594061,True
lift_and_cruse,cruise_7,0.9719695668195935,0.0,1290.8136647313154,1298.1332058425926,579.5199988286108,0.8653031258586767,0.9637030494546587,0.15180373363620897,0.0,-3.1795093508040463e-13,-5.336658663347744,0.0,,0.0,0.42596301017610294,0.0,25.579066755332445,True
lift_and_cruse,cruise_7,0.9748699773375882,0.0,1290.8136742298543,1298.1332570595391,579.520018872159,0.8653031237070669,0.9637030491137033,0.15180373665246266,0.0,-3.1795094762493855e-13,-5.336658663347744,0.0,,0.0,0.4259630133105803,0.0,26.305191444762546,True
lift_and_cruse,cruise_7,0.9775040471543828,0.0,1290.8136742298504,1298.1332570595196,579.5200188721468,0.8653031237070673,0.9637030491137036,0.15180373665246577,0.0,-3.179509476249338e-13,-5.336658663347744,0.0,,0.0,0.42596301331057906,0.0,26.959407184154376,True
lift_and_cruse,cruise_7,0.9793385623371196,0.0,1290.8136742298548,1298.1332570595425,579.5200188722198,0.8653031237070665,0.9637030491137017,0.1518037366524879,0.0,-3.179509476249394e-13,-5.336658663347744,0.0,,0.0,0.4259630133105805,0.0,27.412138522891883,True
lift_and_cruse,cruise_7,0.9799956185636779,0.0,1290.8136742298564,1298.1332570595512,579.5200188721894,0.8653031237070663,0.9637030491137026,0.1518037366524678,0.0,-3.1795094762494153e-13,-5.336658663347744,0.0,,0.0,0.4259630133105809,0.0,27.573716466952607,True
lift_and_cruse,decel_descend,0.7565704682063932,0.0,1028.6505325173073,607.6260628378104,287.4000665959794,0.880168905580195,0.9631988983324021,0.11854746947392797,0.0,-1.488254625865666e-13,-5.336658663347744,0.0,,0.0,0.339450293425216,0.0,27.573716466952607,True
lift_and_cruse,decel_descend,0.7565563664668417,0.0,1028.4459902870292,607.731518041405,287.5051260717903,0.8802023331342073,0.9631971136735117,0.11842981229923019,0.0,-1.488512916620737e-13,-5.336658663347744,0.0,,0.0,0.3393127790883513,0.0,27.692553825469705,True
lift_and_cruse,decel_descend,0.7565221563557436,0.0,1027.8795039776767,608.0479952017181,287.8080256084601,0.8802947355439238,0.9631922845561136,0.11810315777388697,0.0,-1.4892880621034985e-13,-5.336658663347744,0.0,,0.0,0.33893003474529104,0.0,28.02552870472213,True
lift_and_cruse,decel_descend,0.7564864045252676,0.0,1027.0779336858886,608.559728602051,288.2678425085048,0.8804251356128999,0.9631857386501171,0.11763890256198863,0.0,-1.4905414474449675e-13,-5.336658663347744,0.0,,0.0,0.33838353646430464,0.0,28.506691346205027,True
lift_and_cruse,decel_descend,0.7564654150183235,0.0,1026.2113564022168,609.2024626399316,288.80862484170103,0.8805658486853507,0.9631790434857482,0.11713423658776029,0.0,-1.4921156918093545e-13,-5.336658663347744,0.0,,0.0,0.3377859041626601,0.0,29.040741587700182,True
lift_and_cruse,decel_descend,0.7564631047168208,0.0,1025.45095143752,609.8483564398616,289.32308083471383,0.880689305200061,0.9631734965251081,0.11668897267483709,0.0,-1.4936976753587013e-13,-5.336658663347744,0.0,,0.0,0.3372553333487991,0.0,29.521904229183086,True
lift_and_cruse,decel_descend,0.7564706005691878,0.0,1024.9358056864148,610.3321386660891,289.69411583841566,0.8807730441785724,0.9631699126714105,0.11638599986938736,0.0,-1.4948826000683692e-13,-5.336658663347744,0.0,,0.0,0.3368924535298708,0.0,29.85487910843551,True
lift_and_cruse,decel_descend,0.7564750612575986,0.0,1024.7541146943618,610.512053376337,289.8294993068341,0.8808026144040909,0.9631686820615333,0.11627888224214146,0.0,-1.4953232640164185e-13,-5.336658663347744,0.0,,0.0,0.33676378078318,0.0,29.97371646695261,True
lift_and_cruse,arrival_terminal_procedure,0.8553181302159819,0.0,1134.5602423549565,1216.324034883857,525.3411937092005,0.8478075512027241,0.9618653159412462,0.1719427777017304,0.0,-2.979134672093018e-13,-5.336658663347744,0.0,,0.0,0.3728492437970772,0.0,29.97371646695261,True
lift_and_cruse,arrival_terminal_procedure,0.8554401606517277,0.0,1134.5602419558545,1216.3240329557689,525.3411929974624,0.8478075513056034,0.961865315952362,0.1719427775897418,0.0,-2.979134667370564e-13,-5.336658663347744,0.0,,0.0,0.37284924366592076,0.0,30.018797387921357,True
lift_and_cruse,arrival_terminal_procedure,0.8557823607171138,0.0,1134.560242354955,1216.3240348838501,525.3411937092278,0.8478075512027246,0.9618653159412456,0.17194277770174451,0.0,-2.9791346720930015e-13,-5.336658663347744,0.0,,0.0,0.37284924379707673,0.0,30.14511132154853,True
lift_and_cruse,arrival_terminal_procedure,0.8562775757573797,0.0,1134.5602423549592,1216.3240348838708,525.3411937091579,0.8478075512027231,0.9618653159412476,0.171942777701726,0.0,-2.979134672093052e-13,-5.336658663347744,0.0,,0.0,0.3728492437970781,0.0,30.327640244140532,True
lift_and_cruse,arrival_terminal_procedure,0.8568841231409176,0.0,1134.5602423192797,1216.3240347114995,525.3411936455848,0.8478075512119208,0.9618653159422398,0.1719427776917261,0.0,-2.979134671670864e-13,-5.336658663347744,0.0,,0.0,0.3728492437853528,0.0,30.530232064007688,True
lift_and_cruse,arrival_terminal_procedure,0.8574693854110139,0.0,1134.560242329685,1216.324034761769,525.3411936641259,0.8478075512092383,0.9618653159419505,0.17194277769463423,0.0,-2.979134671793989e-13,-5.336658663347744,0.0,,0.0,0.37284924378877227,0.0,30.712760986599687,True
lift_and_cruse,arrival_terminal_procedure,0.85787440789513,0.0,1134.5602423398059,1216.3240348106624,525.3411936821562,0.8478075512066293,0.961865315941669,0.17194277769746627,0.0,-2.979134671913743e-13,-5.336658663347744,0.0,,0.0,0.37284924379209833,0.0,30.83907492022686,True
lift_and_cruse,arrival_terminal_procedure,0.8580189604042806,0.0,1134.5602423549556,1216.3240348838522,525.3411937092218,0.8478075512027246,0.9618653159412458,0.17194277770173952,0.0,-2.979134672093006e-13,-5.336658663347744,0.0,,0.0,0.37284924379707685,0.0,30.884155841195607,True
lift_and_cruse,second_descent,0.6161184421924645,0.0,830.7059950646573,578.377961089667,257.79142348151134,0.8587558726800958,0.9591276263655186,0.15738791374756814,0.0,-1.416617437491666e-13,-5.336658663347744,0.0,,0.0,0.272993967631606,0.0,30.884155841195607,True
lift_and_cruse,second_descent,0.6160320514672517,0.0,830.5673320971207,578.0469370563536,257.6759163931978,0.85880898645967,0.9591226913556964,0.15731510318065853,0.0,-1.41580666244599e-13,-5.336658663347744,0.0,,0.0,0.2729372259452419,0.0,30.907923312899026,True
lift_and_cruse,second_descent,0.6157907016940936,0.0,830.179871373235,577.121863106968,257.35300276948794,0.8589573793948435,0.9591088618332084,0.157111216673414,0.0,-1.4135408847438106e-13,-5.336658663347744,0.0,,0.0,0.27277861607767684,0.0,30.97451828874951,True
lift_and_cruse,second_descent,0.6154437909029243,0.0,829.6227390185381,575.7914263939872,256.88828389550355,0.8591706947902145,0.9590888730022507,0.15681692204592274,0.0,-1.4102822546197706e-13,-5.336658663347744,0.0,,0.0,0.27255039682468707,0.0,31.07075081704609,True
lift_and_cruse,second_descent,0.615061302149707,0.0,829.0081816010281,574.3235060112426,256.37512716060183,0.8594059037796247,0.9590666815716316,0.15649074839378477,0.0,-1.4066868866235077e-13,-5.336658663347744,0.0,,0.0,0.2722984419659154,0.0,31.177560865345125,True
lift_and_cruse,second_descent,0.6147189851784224,0.0,828.4579064149409,573.0088281869387,255.9151752768469,0.8596164155297064,0.9590466836929745,0.1561973103187218,0.0,-1.4034668546446203e-13,-5.336658663347744,0.0,,0.0,0.27207264922058244,0.0,31.273793393641704,True
lift_and_cruse,second_descent,0.6144833639057322,0.0,828.0789966050093,572.1034053249041,255.5982058863591,0.859761312596887,0.9590328429031564,0.1559944917534983,0.0,-1.4012492082248893e-13,-5.336658663347744,0.0,,0.0,0.27191706521600384,0.0,31.34038836949219,True
lift_and_cruse,second_descent,0.6143995226155645,0.0,827.9441391850487,571.7811267824015,255.4853440859919,0.8598128706560714,0.9590279028818995,0.15592215635246512,0.0,-1.40045985345387e-13,-5.336658663347744,0.0,,0.0,0.27186167017734963,0.0,31.364155841195608,True
lift_and_cruse,app_transition,0.7025760886203634,0.0,929.4390068854426,1522.2816795985555,532.7478904651892,0.6776260104290669,0.9558438232544431,0.25800246862101256,0.0,-3.7285147726420555e-13,-5.336658663347744,0.0,,0.0,0.3051882715041225,0.0,31.364155841195608,True
lift_and_cruse,app_transition,0.7025649489780516,0.0,929.423300106175,1522.2291792911797,532.7338479112566,0.6776343154150775,0.9558438357658615,0.25800064833531006,0.0,-3.7283861839752914e-13,-5.336658663347744,0.0,,0.0,0.3051825943595134,0.0,31.365100056328764,True
lift_and_cruse,app_transition,0.7025337379757206,0.0,929.3792932114638,1522.0820861428767,532.6945035834067,0.6776575847389766,0.9558438708037116,0.2579955475579341,0.0,-3.7280259096687997e-13,-5.336658663347744,0.0,,0.0,0.30516668828975635,0.0,31.367745688341078,True
lift_and_cruse,app_transition,0.702488640042065,0.0,929.3157068877676,1521.8695500662664,532.6376527479051,0.6776912084689479,0.9558439214255855,0.25798817521744627,0.0,-3.727505346416951e-13,-5.336658663347744,0.0,,0.0,0.30514370543299824,0.0,31.37156873736596,True
lift_and_cruse,app_transition,0.7024385896498087,0.0,929.245138988708,1521.633680096961,532.5745578739975,0.677728526027958,0.9558439775937506,0.2579799905158747,0.0,-3.7269276316111015e-13,-5.336658663347744,0.0,,0.0,0.3051181992681723,0.0,31.37581200165741,True
lift_and_cruse,app_transition,0.7023934998798055,0.0,929.1815663398846,1521.421193118722,532.5177154987555,0.6777621462210037,0.9558440281899101,0.25797261445480907,0.0,-3.72640718861558e-13,-5.336658663347744,0.0,,0.0,0.3050952215999473,0.0,31.37963505068229,True
lift_and_cruse,app_transition,0.7023622990247573,0.0,929.1375764671652,1521.2741610585822,532.4783812901591,0.677785411147801,0.9558440632115808,0.2579675088462274,0.0,-3.7260470639319357e-13,-5.336658663347744,0.0,,0.0,0.3050793219902377,0.0,31.382280682694603,True
lift_and_cruse,app_transition,0.7023511640355631,0.0,929.1218774318827,1521.221688698456,532.4643437830726,0.6777937141021251,0.9558440757002237,0.2579656865800785,0.0,-3.7259185437161913e-13,-5.336658663347744,0.0,,0.0,0.3050736477759436,0.0,31.38322489782776,True
lift_and_cruse,hover_descent,0.0,0.7889221875678819,0.0,5.089124676905845e-12,-5.991188445325284,0.0,,0.0,2255.573440324815,10898.090816650356,52.20411730710454,-0.09718564490758747,0.8414951129456523,0.013096572801776908,0.0,0.5924871937519298,31.38322489782776,True
lift_and_cruse,hover_descent,0.0,0.7889032738168065,0.0,5.089125877939084e-12,-5.991188445325284,0.0,,0.0,2255.4957677986417,10898.093388599393,52.20406760020951,-0.09718910733382848,0.8414929909178013,0.013096513229668452,0.0,0.5924617467110586,31.392756198558406,True
lift_and_cruse,hover_descent,0.0,0.7888502881554916,0.0,5.089129257325466e-12,-5.991188445325284,0.0,,0.0,2255.2781724286574,10898.100625376253,52.20392825996122,-0.0971988083982162,0.8414870454363852,0.013096346104039031,0.0,0.5923904582543826,31.419462309746905,True
lift_and_cruse,hover_descent,0.0,0.7887737436723483,0.0,5.089134140729516e-12,-5.991188445325284,0.0,,0.0,2254.963828405565,10898.111082927247,52.20372699264116,-0.09721282609842907,0.8414784546349324,0.013096104227222925,0.0,0.5922874737803778,31.45805375854342,True
lift_and_cruse,hover_descent,0.0,0.7886888161851078,0.0,5.089139560970208e-12,-5.991188445325284,0.0,,0.0,2254.615057985581,10898.122690085464,52.20350372127305,-0.09722838353806133,0.8414689204914101,0.013095835247176307,0.0,0.5921732116148624,31.500887035220735,True
lift_and_cruse,hover_descent,0.0,0.7886123266327322,0.0,5.089144444504383e-12,-5.991188445325284,0.0,,0.0,2254.300939438314,10898.133147915116,52.2033026680789,-0.09724239937129302,0.84146033136188,0.013095592438296914,0.0,0.5920703027792974,31.53947848401725,True
lift_and_cruse,hover_descent,0.0,0.7885594094689307,0.0,5.089147824052533e-12,-5.991188445325284,0.0,,0.0,2254.083625232033,10898.140385038392,52.20316359482446,-0.09725209810759093,0.8414543879653091,0.01309542415040001,0.0,0.5919991086422,31.56618459520575,True
lift_and_cruse,hover_descent,0.0,0.7885405265724627,0.0,5.089149030205037e-12,-5.991188445325284,0.0,,0.0,2254.0060790834173,10898.142967950065,52.203113972034245,-0.09725555944299918,0.8414522668839445,0.013095364037831939,0.0,0.5919737039052949,31.575715895936398,True
