eVTOL_type,mission_segment,propeller_throttle,propeller_rpm,propeller_thrust_N,propeller_torque_N_m,propeller_efficiency,propeller_motor_efficiency,propeller_power_coefficient,propeller_tip_mach,time_min,fesibility
vector_thrust,hover_climb,0.8898968212661036,1936.182826622672,4.6737082885171766e-12,113.08824777763758,0.10400698479871609,0.9238871487096709,0.031613984858808494,0.5287970988194926,0.0,True
vector_thrust,hover_climb,0.8898591477789324,1936.250884452419,4.673707181301731e-12,113.08795971523112,0.10400356931179959,0.9238889235999399,0.031613972180496074,0.5288201872313562,0.0065978045955756345,True
vector_thrust,hover_climb,0.8897619062380764,1936.4415979861922,4.673704079529136e-12,113.0871525738227,0.10399399959678535,0.9238938965797577,0.03161393662976208,0.5288848872050317,0.025084442265385587,True
vector_thrust,hover_climb,0.8896429984390227,1936.717238179366,4.673699597662031e-12,113.08598604559175,0.10398017166429552,0.9239010823748599,0.03161388515243471,0.5289784013158866,0.051798407695191735,True
vector_thrust,hover_climb,0.8895408447705654,1937.0232461434532,4.6736946217130285e-12,113.08469115422757,0.1039648248141859,0.9239090574635958,0.03161382791197009,0.5290822216494268,0.0814486724063354,True
vector_thrust,hover_climb,0.889475602271133,1937.2990137095153,4.673690139424285e-12,113.08352433971281,0.10395099865606394,0.9239162422992494,0.03161377622295637,0.5291757854444032,0.10816263783614152,True
vector_thrust,hover_climb,0.8894452895339244,1937.489885714132,4.6736870353421874e-12,113.08271676747236,0.1039414311718034,0.9239212140897073,0.03161374039937558,0.5292405472746774,0.12664927550595148,True
vector_thrust,hover_climb,0.8894374056513823,1937.5580142891001,4.673685928182929e-12,113.08242854616292,0.10393801666663104,0.9239229884490039,0.03161372760166442,0.529263663275153,0.13324708010152714,True
vector_thrust,second_climb,0.9071776970056492,2030.2792147763578,2007.9038191968384,57.20597904140111,0.7465960130480802,0.926846559012496,0.014565315480802598,0.554591401526728,0.13324708010152714,True
vector_thrust,second_climb,0.9073435004896387,2030.3305199229314,2008.1155103371043,57.20509440124988,0.7466559380383829,0.9268468677393334,0.014569632718340695,0.5546290273700711,0.15800486312592232,True
vector_thrust,second_climb,0.9078249656620948,2030.474487587389,2008.7105269704966,57.202657961133305,0.7468238447593553,0.926847750211685,0.014581746313285996,0.5547345333357857,0.22737462963684366,True
vector_thrust,second_climb,0.9085648966773212,2030.6830911938937,2009.575301435789,57.19924790588239,0.7470664811706608,0.9268490711791253,0.014599295277818884,0.55488720612457,0.32761684661244833,True
vector_thrust,second_climb,0.9094477570176456,2030.9154066409437,2010.5419736297595,57.195617016617106,0.7473357883748261,0.9268506010226761,0.014618834825567651,0.5550569545827796,0.43887731359060544,True
vector_thrust,second_climb,0.9102991618673585,2031.1254299292514,2011.4191620154413,57.19248552528231,0.7475784272242897,0.9268520372876962,0.014636495227305943,0.5552101605518448,0.53911953056621,True
vector_thrust,second_climb,0.9109196741858308,2031.271169607385,2012.0296793886637,57.19039654200235,0.7477463381963564,0.9268530635871814,0.014648747782753442,0.5553163318481161,0.6084892970771314,True
vector_thrust,second_climb,0.9111473738241616,2031.3232629172885,2012.248263235043,57.18966651853186,0.7478062647240474,0.9268534363113973,0.014653126866398017,0.5553542536670352,0.6332470801015266,True
vector_thrust,departure_terminal_procedures,1.0128987484462455,2247.749358323102,1236.5972094822391,43.31407433990376,0.6284995242921281,0.9204174358994645,0.00906367037282168,0.6145241331649692,0.6332470801015266,True
vector_thrust,departure_terminal_procedures,1.0231651628070262,2246.8205248744753,1236.5972094789383,43.039064305066084,0.6264277087601123,0.9201484587904464,0.009013571035729842,0.6142701944561187,0.6820948696293837,True
vector_thrust,departure_terminal_procedures,1.0541394913310558,2244.1246937886467,1236.5972094747046,42.241243356335126,0.620249105243624,0.9193430962340904,0.008867752300458647,0.6135331668800487,0.8189633344181391,True
vector_thrust,departure_terminal_procedures,1.1055658865914146,2239.973330346134,1236.5972094782749,41.01372728546732,0.6102266793716553,0.9180273400302745,0.008642002230984958,0.6123982035837556,1.0167439964348157,True
vector_thrust,departure_terminal_procedures,1.1842300119748732,2234.302943725054,1236.5972094252552,39.33915574297216,0.5954492485275411,0.9160691843962837,0.00833128036733213,0.6108479464742934,1.2362639699463729,True
vector_thrust,departure_terminal_procedures,1.2404057283405068,2230.682986291865,1236.597209481437,38.271397605287994,0.5852911636855229,0.9147125966918181,0.008131477082444024,0.609858267088784,1.4340446319630498,True
vector_thrust,departure_terminal_procedures,1.2461042992724942,2230.333558136167,1236.5972094822903,38.168382073677634,0.5842785508674532,0.9145769527427375,0.008112130769221943,0.6097627350697498,1.570913096751805,True
vector_thrust,departure_terminal_procedures,1.248426928174992,2230.1920305409003,1236.5972094822573,38.126660751056214,0.5838667588923846,0.9145217712760967,0.00810429200895631,0.6097240420889339,1.619760886279662,True
vector_thrust,accel_climb,0.9041464018772444,1994.6812130313356,2056.475306794552,57.59014030595747,0.7544607071576428,0.9265375037415959,0.015302837690241095,0.5453364890705628,1.619760886279662,True
vector_thrust,accel_climb,0.9043597404214614,1994.9527806024907,2057.746781665546,57.59172647931996,0.7547412303178547,0.9265415016734753,0.015325776280015338,0.5455224059765249,1.738598244796759,True
vector_thrust,accel_climb,0.9051222074451056,1995.7196224919044,2061.3588585479697,57.597254272185715,0.7555266156919933,0.9265531455383442,0.015390490892194785,0.54604547952057,2.0715731240491815,True
vector_thrust,accel_climb,0.9066555135837858,1996.8433797580765,2066.7079262687403,57.608071968764406,0.7566596828017594,0.926571127404713,0.015485166769142219,0.5468069974514178,2.552735765532084,True
vector_thrust,accel_climb,0.909741419514104,1998.1127188355172,2072.8253977293684,57.62401252055043,0.7579142836991157,0.9265926956941211,0.015591874055306496,0.54766018053312,3.086786007027238,True
vector_thrust,accel_climb,0.9139275491142137,1999.2766491254677,2078.5008647382174,57.64193549074871,0.7590414724704929,0.9266135875050502,0.015689496849909758,0.5484361812364774,3.5679486485101406,True
vector_thrust,accel_climb,0.9171402320675808,2000.0935869946209,2082.5199363277247,57.65632303947516,0.7598195233899012,0.9266288590405358,0.015757886255077826,0.5489773152556785,3.9009235277625636,True
vector_thrust,accel_climb,0.9184259091901968,2000.3874520282993,2083.9725619203373,57.66185223226941,0.7600967822891144,0.926634471185526,0.015782460314552826,0.5491712707247467,4.01976088627966,True
vector_thrust,cruise_0,0.9918229846525497,2421.575769318568,-990.6648930696028,-4.466398282246231,5.294599287626356,-inf,-0.0008342105608116948,0.6648011319229774,4.01976088627966,False
vector_thrust,cruise_0,1.0034319912156773,2459.5055890098083,-493.49284409970676,7.211706594798389,-1.606418450186932,0.7130740560996277,0.0013057402215837276,0.6752140982996052,4.02597033653496,False
vector_thrust,cruise_0,0.998477748265684,2455.507682351677,-546.7458578183175,7.103245219495037,-2.1747730482272782,0.7100175498750328,0.0012902936909418123,0.6741165431847406,4.043368829523887,False
vector_thrust,cruise_0,1.0101966339855613,2459.7099105044585,-493.3994146337629,7.2682814273955945,-1.5780487597286939,0.7146400552287193,0.001315764950177178,0.6752701911803819,4.068510380331471,False
vector_thrust,cruise_0,1.011657537820556,2459.516706549284,-496.28572054684895,7.231876466843413,-1.5961259927953482,0.7136343326877997,0.0013093803093744865,0.6752171504249699,4.096415396479384,False
vector_thrust,cruise_0,1.0076815747688412,2459.605214302634,-492.7914940076161,7.2684717851581535,-1.5833227335181324,0.7146451776843769,0.0013159114300383555,0.6752414486754547,4.121556947286968,False
vector_thrust,cruise_0,1.003841128781346,2460.192815553223,-481.9036280168146,7.409820737340944,-1.5106097729296382,0.7184813034932683,0.001340861033568915,0.675402764287157,4.138955440275896,False
vector_thrust,cruise_0,0.9999878350453396,2460.033839382607,-482.0622372328561,7.424536303633098,-1.5265411147309627,0.7188742868362218,0.0013436975747206001,0.6753591201693419,4.145164890531195,False
vector_thrust,cruise_1,0.9918469936873061,2421.013489714296,-1001.2317475347737,-4.719918385984714,5.0737903018615755,-inf,-0.0008819712550549147,0.6646467679249092,4.145164890531195,False
vector_thrust,cruise_1,1.0002796540756145,2459.4838032430807,-494.187575509629,6.97504449591179,-1.6252875320653792,0.7063262832877427,0.001262912928344823,0.6752081173996625,4.151191682355554,False
vector_thrust,cruise_1,1.0134137132203944,2460.305510079782,-488.0298709800537,7.098178958230568,-1.522089975254373,0.7098785383463941,0.0012843495161368559,0.6754337025917795,4.168078377794064,False
vector_thrust,cruise_1,1.0018291965234152,2458.364851610156,-510.9393963769048,6.927554939091755,-1.7703368978224592,0.7049312589184304,0.0012554564814249915,0.6749009288650065,4.192480359713401,False
vector_thrust,cruise_1,1.0002309746329592,2459.2532669338025,-496.68446877248203,6.9047414750743865,-1.6473203814034372,0.7042577319457739,0.0012504181502189125,0.6751448277015661,4.2195645163237705,False
vector_thrust,cruise_1,1.0000887776569432,2459.4509501059943,-493.4853498557092,6.979967143085063,-1.620246106945288,0.7064699513109721,0.001263837994664542,0.6751990981474058,4.243966498243108,False
vector_thrust,cruise_1,0.999394662004645,2458.394666111002,-507.4291658682181,7.12930898831249,-1.746258788369173,0.7107602572943154,0.0012919883219777667,0.6749091139130076,4.260853193681618,False
vector_thrust,cruise_1,0.9986496401426512,2456.8023555780046,-529.451815464829,7.235088729567126,-1.9708596914870298,0.7137203538901479,0.0013128580829289778,0.674471972999177,4.266879985505978,False
vector_thrust,cruise_2,0.9921128866742408,2421.0172943668654,-1008.4225385044105,-4.894579786199693,4.940466449915353,-inf,-0.0009146058799907604,0.6646478124255053,4.266879985505978,False
vector_thrust,cruise_2,1.0127461895703986,2459.5202727774695,-506.7113875019864,6.989190293315221,-1.679327128168111,0.7067388778499007,0.0012654366611051617,0.6752181294703354,4.2729212188206915,False
vector_thrust,cruise_2,1.0038776932628475,2458.9903428228527,-509.86128510995496,6.846966437004354,-1.7488740304149653,0.7025350187851838,0.0012402205214507229,0.6750726465008852,4.289848378415994,False
vector_thrust,cruise_2,0.9999697951283395,2459.359621732889,-502.2855076288843,6.801814134539889,-1.6970103440575295,0.7011747700016033,0.0012316719299511176,0.6751740255452653,4.314308832736042,False
vector_thrust,cruise_2,1.0217450618989228,2459.562301901025,-509.62344273031414,7.0680761574689885,-1.6656091310457222,0.709017766215245,0.001279675705264125,0.6752296678286503,4.3414578888149675,False
vector_thrust,cruise_2,1.0117477412944027,2459.4589105765194,-506.3938462638987,7.003129931662325,-1.6810692970701204,0.7071441834853336,0.001268023790586047,0.6752012835548924,4.365918343135017,False
vector_thrust,cruise_2,0.9980432105808024,2454.574756010267,-567.4568779757286,6.974597218184917,-2.455852797551451,0.7063079874931266,0.0012678882171544292,0.6738604246293649,4.3828455027303175,False
vector_thrust,cruise_2,1.014458329251072,2460.677655805462,-488.5865109513832,7.335914520875478,-1.5216730917308745,0.7164898586842645,0.0013269640933772477,0.6755358686700856,4.388886736045032,False
vector_thrust,cruise_3,0.9940973871080095,2424.6186024862973,-988.231158481539,-4.436980930300877,5.387485918507155,-inf,-0.0008266374122022535,0.6656364883713649,4.388886736045032,False
vector_thrust,cruise_3,1.001748557248332,2461.534522984895,-496.5665081493584,7.126756641588386,-1.6341630821954378,0.710691416323413,0.0012882330215496704,0.6757711065172809,4.394927928905605,False
vector_thrust,cruise_3,1.0025821538818536,2461.6344013860553,-495.5516539469821,7.159948400637355,-1.6218800423206599,0.7116282199893524,0.00129412774387549,0.6757985263795818,4.41185497515092,False
vector_thrust,cruise_3,0.9994100174646512,2460.0796482369146,-515.7349012234954,7.11311231826337,-1.8200611158186264,0.7103029560626805,0.0012872879101346979,0.6753716961864055,4.436315265675493,False
vector_thrust,cruise_3,1.0035003918439855,2461.5835532125943,-496.6346739183332,7.143066303781512,-1.627289566064131,0.7111525265932562,0.0012911297218000102,0.6757845669058783,4.463464139955156,False
vector_thrust,cruise_3,0.998994110538129,2459.2038912923567,-527.4714623251908,7.1771670666989005,-1.941681282535205,0.7121090134948336,0.0012998054134098077,0.6751312724856863,4.487924430479729,False
vector_thrust,cruise_3,1.0027637189686993,2462.2176139682,-486.99347680235627,7.375053156847796,-1.5499279346762616,0.7175501216645309,0.001332375529328478,0.6759586371593782,4.504851476725043,False
vector_thrust,cruise_3,1.0071741810667674,2462.8803608751955,-478.53374738546165,7.595714811393815,-1.4673605005456616,0.7233686128081581,0.0013715017922364759,0.6761405826923371,4.510892669585617,False
vector_thrust,cruise_4,0.9904610484268703,2416.289079024713,-1051.4267687334625,-5.896587230239861,4.26071353812035,-inf,-0.0011061583601752099,0.6633497638774217,4.510892669585617,False
vector_thrust,cruise_4,1.029311439674493,2457.7039486913923,-523.6088527212244,6.81394783169213,-1.759965462511657,0.7015399519802678,0.0012355320915586126,0.674719489566657,4.516933821583533,False
vector_thrust,cruise_4,0.9966722687754844,2447.3685784910303,-652.5717971803437,6.0267924773016395,-4.4667179461207915,0.67562756959055,0.001102051368511295,0.6718820950506154,4.533860753334225,False
vector_thrust,cruise_4,0.9981439379561763,2450.834434584698,-605.214279512711,6.001521020440118,-3.134467839236267,0.6747221264928625,0.0010943285880293972,0.6728335850198105,4.558320878409275,False
vector_thrust,cruise_4,1.0285669815875356,2456.4554204881397,-541.241583946845,6.369387592575438,-1.9374407718578222,0.6874586542400777,0.0011560969727418535,0.6743767280585198,4.585469569053821,False
vector_thrust,cruise_4,1.0008730620854875,2454.7924249181897,-551.4016004124948,5.845534365582482,-2.229920371268697,0.6689990874446542,0.0010624512934782906,0.6739201818082255,4.60992969412887,False
vector_thrust,cruise_4,1.0707897339357388,2458.691467494463,-523.4904117515441,7.089596199786366,-1.584245632548674,0.7096321399262454,0.001284481318245398,0.6749905955243537,4.626856625879563,False
vector_thrust,cruise_4,0.9963934980722112,2447.2312184230127,-652.4028741097588,6.21408043352577,-4.462555485065154,0.6822021100624132,0.0011364261602156537,0.6718443852544338,4.632897777877478,False
vector_thrust,cruise_5,0.9909371015423344,2417.2794957486713,-1076.6501513451583,-6.523945148346919,3.9867631693721775,-inf,-0.0012228436282428518,0.6636216654084435,4.632897777877478,False
vector_thrust,cruise_5,1.0047852082628779,2457.416947814762,-548.019321105499,5.959427456439937,-2.1509066241962014,0.6732029509450493,0.0010808394797614895,0.6746406985124748,4.638938888595643,False
vector_thrust,cruise_5,1.0149113683916775,2457.236386185517,-556.0631402284774,5.877887408390415,-2.181976183184486,0.6702060228976907,0.0010662075365593991,0.6745911284857902,4.655865704683044,False
vector_thrust,cruise_5,1.0586525046586628,2459.0180838672304,-551.2384679569291,6.433356309941811,-1.8724014961039852,0.6895710948338389,0.0011652752454679447,0.6750802623177994,4.680325662619796,False
vector_thrust,cruise_5,1.0190435540521081,2457.4700551602605,-554.4168710876432,5.991673071929549,-2.1344067614740956,0.6743727094582791,0.0010866407812735006,0.6746552782022157,4.707474167754827,False
vector_thrust,cruise_5,1.0086570297676107,2457.3757340159855,-550.2189224617698,5.955696576026438,-2.152123102060125,0.6730670179217746,0.0010801990558120763,0.6746293839872699,4.73193412569158,False
vector_thrust,cruise_5,1.0174261320776297,2457.951163829967,-546.4317394288036,6.190970149224812,-2.051160829370623,0.6814158841198507,0.0011223455031912372,0.6747873581446445,4.7488609417789815,False
vector_thrust,cruise_5,1.0455122494521625,2459.0909997985646,-543.369139065278,6.58237466964763,-1.8623078919098146,0.6943743084884936,0.0011921962696376863,0.6751002801071664,4.754902052497146,False
vector_thrust,cruise_6,0.9909243383797487,2415.8797525877694,-1049.9701282777223,-5.85909115675632,4.275362618062373,-inf,-0.00109949684449407,0.6632373904873119,4.754902052497146,False
vector_thrust,cruise_6,1.0021702915317459,2455.4622554702014,-537.1614560710444,6.192850916362444,-2.0479760179664597,0.6814784972490442,0.001124963573631428,0.6741040720316149,4.760943121509615,False
vector_thrust,cruise_6,1.0042141821773722,2455.659326149416,-535.1904144318354,6.265159164410255,-2.0130082223340966,0.6839559943425181,0.0011379160816697316,0.6741581743282559,4.7778698207402535,False
vector_thrust,cruise_6,0.9958634564064022,2443.858481018207,-695.4754734202293,5.832712955351334,-6.7236068513657195,0.6685093346279956,0.0010696282342331472,0.6709184593871526,4.802329609814091,False
vector_thrust,cruise_6,1.0008392367273793,2454.5678870770585,-548.6260116652877,5.907584744263857,-2.1961475888853292,0.6713015647509643,0.0010739256728695104,0.6738585388842936,4.829477927525426,False
vector_thrust,cruise_6,0.9960241956363686,2445.317343093644,-673.5478354395199,5.947780132939215,-5.385095408963483,0.672767262350313,0.0010894286952063095,0.6713189643688087,4.853937716599263,False
vector_thrust,cruise_6,0.9995122606995464,2453.4639116895005,-562.76968802537,6.0829596739333684,-2.394215562856465,0.6776342049794112,0.0011068020357647786,0.6735554618149893,4.870864415829901,False
vector_thrust,cruise_6,1.0287346470091214,2457.690592762673,-515.1066888576875,6.562562589374611,-1.6875143877865935,0.693743179658189,0.001189962853931746,0.6747158229308066,4.8769054848423705,False
vector_thrust,cruise_7,0.9923228143622882,2418.1016351553303,-1028.9087957190984,-5.3649649947393225,4.5780874983228275,-inf,-0.001004921531674824,0.6638473693550515,4.8769054848423705,False
vector_thrust,cruise_7,0.9924284698393601,2438.4159345772273,-773.6084242389215,6.350023572329155,-29.319907411380804,0.6867964671572261,0.0011696990104798262,0.6694243037714788,4.882946511714058,False
vector_thrust,cruise_7,1.0257749625865538,2458.0679545775242,-517.2322980297876,6.764780397267675,-1.7179743244029133,0.7000478053087418,0.0012262535939084403,0.6748194209948589,4.899873092868852,False
vector_thrust,cruise_7,1.0478796743176806,2457.9851892550873,-528.7027548192993,6.886926679632149,-1.7210030806343515,0.703727493331519,0.0012484791573134854,0.674796699228009,4.924332711318149,False
vector_thrust,cruise_7,1.005338989891355,2456.484209725477,-529.9522620492589,6.403979448210648,-1.9471709901801841,0.6886033060046927,0.001162348437834465,0.6743846316384164,4.951480839650532,False
vector_thrust,cruise_7,0.9996023867760987,2455.778059984887,-536.0652495195179,6.439015265903463,-2.047594421854364,0.6897531490720762,0.0011693797934835158,0.6741907706191582,4.9759404580998305,False
vector_thrust,cruise_7,1.0070540783852362,2457.1266195942712,-520.4591999341645,6.547093384078668,-1.839481557150843,0.69324906595739,0.0011877029141885843,0.6745609939944262,4.992867039254623,False
vector_thrust,cruise_7,1.0007239876688934,2457.0217612233387,-518.7367898047719,6.5441934239314286,-1.8551528892130216,0.6931562544695381,0.001187278167274906,0.6745322069688164,4.998908066126311,False
vector_thrust,cruise_8,0.9925333870521695,2417.9399574200656,-1033.7300923766195,-5.485222466074556,4.506984138549526,-inf,-0.001027584588361279,0.6638029835700711,4.998908066126311,False
vector_thrust,cruise_8,1.0204198328396126,2457.649680276405,-523.070188517243,6.5597292548935435,-1.7970125449016507,0.6936528629373131,0.0011894886987129042,0.6747045911256632,5.004949050412692,False
vector_thrust,cruise_8,0.9974243198599211,2450.153986977502,-616.3620189488755,6.163956260210379,-3.3851679477430046,0.6804723162963978,0.0011245716976020874,0.672646780070236,5.021875512246107,False
vector_thrust,cruise_8,1.0122426255823498,2457.1323369709685,-525.9612043525765,6.197504870759098,-1.8672112181077742,0.6816407304046452,0.0011242791127349075,0.6745625635998659,5.046334958271016,False
vector_thrust,cruise_8,1.0031120563423956,2455.8693478997525,-539.9683641547028,6.189426027029812,-2.072739997107845,0.6813605525386509,0.0011239687069985692,0.674215832114199,5.073482895226767,False
vector_thrust,cruise_8,0.9964808947606644,2446.9316643278557,-660.2572701892266,6.018262129695869,-4.765903343977813,0.675321036773529,0.0011008845539968106,0.671762147934398,5.097942341251677,False
vector_thrust,cruise_8,1.0076925298097092,2456.799727719301,-527.8514566951374,6.196745415648678,-1.9113573866490872,0.6816142108522594,0.001124445741390241,0.6744712515666855,5.114868803085091,False
vector_thrust,cruise_8,1.0133321827286081,2457.652923141587,-517.8204793022849,6.385189820304594,-1.7818135975594118,0.6879837835418378,0.0011578360618044715,0.6747054813973907,5.120909787371473,False
vector_thrust,cruise_9,0.9920783424188029,2416.4801313629014,-1051.7874189272302,-5.907686566581618,4.2578068863086305,-inf,-0.0011080652847011716,0.6634022139441482,5.120909787371473,False
vector_thrust,cruise_9,1.0079499976721906,2455.7780366353086,-543.6201243061678,6.060009934532416,-2.0851080013381504,0.6768218315431082,0.0011005492311798068,0.6741907642089412,5.126950728618267,False
vector_thrust,cruise_9,1.0004770222550696,2455.3532524378497,-545.5851105260185,5.940326026202845,-2.1580044429121066,0.672504087855503,0.0010791869266734888,0.6740741471619459,5.14387706985744,False
vector_thrust,cruise_9,1.000436623013649,2454.528416633839,-557.2064330404177,5.647353537906615,-2.309834403652957,0.6614172498590047,0.0010266518832146865,0.6738477029667632,5.168336341618619,False
vector_thrust,cruise_9,1.068203379386201,2457.3770761588526,-548.9034323770742,6.656602878495584,-1.809868771672614,0.696708325199026,0.0012073228039837314,0.6746297524490411,5.195484085156223,False
vector_thrust,cruise_9,1.000161648127831,2454.8372269884726,-551.8509133162152,5.786442294783538,-2.2404711439825924,0.6667752068469172,0.001051672664408686,0.673932481430403,5.219943356917403,False
vector_thrust,cruise_9,1.0003551103614994,2454.790080274854,-552.4234505924054,5.802442100532434,-2.24664487830991,0.6673803392023695,0.0010546211014981197,0.6739195381275432,5.2368696981565765,False
vector_thrust,cruise_9,1.022301481274742,2455.8973950629356,-547.396500675891,6.147395743031049,-2.0402583645947057,0.6799010198133572,0.0011163107206325332,0.6742235319706592,5.2429106394033695,False
vector_thrust,cruise_10,0.9941725767000597,2420.288076425603,-1025.9516321019291,-5.315815388269563,4.642937522955328,-inf,-0.0009939170208122365,0.6644476184365696,5.2429106394033695,False
vector_thrust,cruise_10,1.0154850782292713,2458.2972018549012,-532.3443724825611,6.487540600960651,-1.9107202112715935,0.6913347595162044,0.0011757789361194905,0.6748823568118675,5.248951537146215,False
vector_thrust,cruise_10,0.9980276937435091,2453.2448641702863,-593.2025104630972,6.359369192587572,-2.8834970511570384,0.687122403195941,0.0011573017302547043,0.6734953261625913,5.265877756490033,False
vector_thrust,cruise_10,1.0161533116088597,2458.895677675548,-523.713973768092,6.710736314506431,-1.8202181603056635,0.6983901887505688,0.0012156381690289065,0.6750466578459444,5.2903368521073215,False
vector_thrust,cruise_10,0.9999318993054499,2457.4507021709787,-535.7150986513805,6.214060788790021,-2.0376135832676603,0.6822111807209583,0.001126990432220924,0.6746499651786284,5.317484400139955,False
vector_thrust,cruise_10,0.9976202922435673,2451.864502287232,-612.1226269864967,6.249410614543255,-3.2745668150957634,0.6834161927193663,0.0011385719730979463,0.6731163720311765,5.341943495757245,False
vector_thrust,cruise_10,1.0363088299489425,2459.887273143761,-519.3762163494896,7.0149086358885855,-1.6858085171224904,0.7074862684698293,0.0012697141758272997,0.6753188829805158,5.358869715101061,False
vector_thrust,cruise_10,1.0219522017585263,2459.12858306336,-522.4378294391176,6.619594013056532,-1.779543375121818,0.695550162444951,0.0011989007708787186,0.6751105979329779,5.364910612843906,False
vector_thrust,cruise_11,0.9911134025529359,2413.360653787828,-1085.2808159297508,-6.69476244206171,3.87686988992982,-inf,-0.0012589401249905366,0.6625458161187353,5.364910612843906,False
vector_thrust,cruise_11,1.001132864343653,2461.2674387120987,-455.8081514864266,8.081998372049354,-1.3305407789085695,0.7353477081686848,0.001461219659256286,0.6756977832171704,5.370951466608018,False
vector_thrust,cruise_11,0.9976301151793256,2455.3635693246547,-536.7498570235441,7.9448591618426,-2.0568903573142765,0.732072545664128,0.0014433409971189059,0.6740769794821702,5.387877562726159,False
vector_thrust,cruise_11,0.9968705402281345,2436.748762179841,-804.0175948277022,-0.05437554747871462,241.587215214286,-0.019336156733097364,-1.0029897505360116e-05,0.6689666108465099,5.412336480277186,False
vector_thrust,cruise_11,0.9987686279676958,2456.645679822149,-522.4798737536844,7.477323936495992,-1.8980066373765037,0.7202714384876503,0.0013569864471156322,0.6744289604198652,5.439483830671179,False
vector_thrust,cruise_11,1.0021246413450984,2459.5649902336627,-483.259427733353,7.44708646827356,-1.528944674320996,0.71947403022823,0.0013482926023508505,0.6752304058631994,5.463942748222206,False
vector_thrust,cruise_11,0.998762854603606,2454.9094665518146,-547.9984914775076,7.178743332638786,-2.1926744513815377,0.7121484763757996,0.0013046434107235145,0.673952313534807,5.480868844340347,False
vector_thrust,cruise_11,0.9944712891430735,2445.0637039485846,-681.4504197206968,7.0606658558584785,-5.804469914069484,0.7087895593453943,0.0012935394017007315,0.6712493321925738,5.486909698104457,False
vector_thrust,cruise_12,0.991734548211914,2414.1028988529984,-1082.224994701745,-6.628944442242306,3.9107561030795543,-inf,-0.0012457967240472893,0.6627495864759305,5.486909698104457,False
vector_thrust,cruise_12,0.9989323704204501,2457.342628251859,-519.2840544134547,7.39738678123167,-1.8633880745428189,0.718144991960964,0.0013417180373441237,0.6746202953806926,5.492950507404263,False
vector_thrust,cruise_12,1.0033465033801043,2459.7985585517145,-487.0622787561378,7.362652795664993,-1.553780456427916,0.7172129186920132,0.0013327527760357237,0.6752945279460967,5.509876478936192,False
vector_thrust,cruise_12,0.9993226917627818,2442.4643534728702,-732.5076017962695,1.7123736684626014,-10.86308188469429,0.3735688013431122,0.0003143811028677926,0.6705357261347275,5.534335216454927,False
vector_thrust,cruise_12,0.998065150339955,2453.0860778402175,-578.561084816469,6.649611215907212,-2.6333203174451874,0.6964855247425209,0.0012102777218717955,0.6734517341621672,5.561482367028152,False
vector_thrust,cruise_12,1.0100971884397072,2458.240840545734,-512.4967413901226,6.8357189452423475,-1.7461745925156247,0.7021965013537563,0.001238938358587844,0.6748668838035042,5.585941104546887,False
vector_thrust,cruise_12,1.001336439129263,2457.7644779056645,-514.8490971394202,6.690485427347941,-1.8116760488373715,0.6977626951447277,0.0012130856445507444,0.6747361068002254,5.602867076078816,False
vector_thrust,cruise_12,1.0147197469880096,2458.1889470727,-515.1416857035607,6.777190430122283,-1.7490470988378508,0.7004261032056873,0.0012283822326400625,0.6748526373611466,5.608907885378623,False
vector_thrust,cruise_13,0.993573273017681,2417.38539818339,-1058.9904110134926,-6.093708971009904,4.179192795921598,-inf,-0.0011421003914648528,0.6636507390634437,5.608907885378623,False
vector_thrust,cruise_13,1.0153435957974322,2462.465220432791,-467.6593213500489,7.997513236475476,-1.3642109840133405,0.7333458092748028,0.0014445384873943254,0.6760266131690563,5.614948649717397,False
vector_thrust,cruise_13,0.9996021447382236,2462.5920387438373,-460.2338524913366,7.768030043180819,-1.3615181356722734,0.7277410601788992,0.0014029439312315858,0.6760614289108556,5.631874495271315,False
vector_thrust,cruise_13,0.9999621132672871,2455.8705385518238,-558.2633644220479,5.675725802369296,-2.3212843941804633,0.6625256212841549,0.0010306823246483904,0.6742161589868307,5.656333050746549,False
vector_thrust,cruise_13,1.0136464278506574,2461.24407681486,-486.9626194965341,7.484884287437946,-1.5109790656357196,0.7204761532969625,0.0013532875401151981,0.6756913696182548,5.68347999926673,False
vector_thrust,cruise_13,1.0046854810553676,2460.7839182850075,-489.69883007813536,7.351785807342751,-1.5673840873759393,0.7169202199612761,0.0013297201382369884,0.6755650411690749,5.707938554741964,False
vector_thrust,cruise_13,1.0094447634273793,2460.5900228620253,-494.46688374967283,7.321620519378691,-1.5875783104165835,0.716101112605438,0.0013244728450085771,0.6755118105833106,5.724864400295882,False
vector_thrust,cruise_13,0.9992499316122435,2458.455728586641,-519.9879119239714,7.152641597867423,-1.8670032585800749,0.7114190916889087,0.0012961523170271281,0.6749258775441263,5.730905164634656,False
vector_thrust,cruise_14,0.9879672770408165,2406.20105920361,-1202.9577371941793,-9.50507514224507,3.057238914270612,-inf,-0.0017980678993171184,0.6605802750673243,5.730905164634656,False
vector_thrust,cruise_14,0.9975342388058849,2440.9412352023096,-730.5740424439357,3.5429992508609365,-10.653500186308435,0.5516878281584533,0.0006512845455157588,0.6701175807423138,5.736945883504121,False
vector_thrust,cruise_14,1.0153036613419413,2447.0077379809736,-657.4235627476892,3.618170371683764,-4.294627329982212,0.5568464206116356,0.0006618090292006076,0.6717830326208667,5.75387160165586,False
vector_thrust,cruise_14,0.9998719737171978,2446.6112646062766,-652.8684305278803,3.0985832280195966,-4.488197848154313,0.5185419818183717,0.0005669536874656427,0.6716741878134419,5.778329973029614,False
vector_thrust,cruise_14,1.0146668850463088,2445.452630466393,-679.5527132177059,3.0343673966480824,-5.200119026274733,0.5133364150043637,0.0005557302204927323,0.6713561051428775,5.805476717212569,False
vector_thrust,cruise_14,1.0035318465386758,2443.6858040985085,-697.6123424000604,2.474712083004506,-6.70595856250743,0.4626466548785122,0.00045388758871534913,0.6708710539691073,5.829935088586322,False
vector_thrust,cruise_14,1.0116532094232653,2443.3356950884613,-707.965838196046,2.357941119135305,-7.064927442556085,0.4506945390292116,0.0004325945433034912,0.6707749376843622,5.846860806738062,False
vector_thrust,cruise_14,1.010806340650917,2443.085980810331,-711.0275734840416,2.256335227911342,-7.366882107628861,0.43984945236853934,0.00041403826618891237,0.6707063830114663,5.852901525607526,False
vector_thrust,cruise_15,0.9971119534113594,2422.7730213873774,-966.9115144038074,-3.8996613685972354,5.890920324774833,-inf,-0.0007276387158411504,0.6651298164682335,5.852901525607526,False
vector_thrust,cruise_15,1.000073299813694,2459.8348052237548,-483.86487750187337,7.265753181736433,-1.540901482097994,0.7145705997928673,0.0013151737036261283,0.6753044788338227,5.858942198487438,False
vector_thrust,cruise_15,0.9998298196492058,2458.736186488202,-499.3650107117349,7.183032763994611,-1.6728698992024325,0.712272807545382,0.0013013626613333383,0.6750028723393239,5.875867787779315,False
vector_thrust,cruise_15,1.0006926117829176,2458.658610195754,-500.92459683099895,7.021869507742939,-1.6837274726422866,0.7076864569837004,0.0012722447117964628,0.6749815751295967,5.900325972945172,False
vector_thrust,cruise_15,1.0219428147556757,2458.47305488195,-513.438345384138,6.991977352184087,-1.7005130931431736,0.7068189027161306,0.0012670199928630135,0.674930634174449,5.927472510452954,False
vector_thrust,cruise_15,0.9993822982402383,2455.421055166509,-545.5257329077319,6.4496870814487375,-2.160181371212194,0.6901015069199454,0.0011716585169272032,0.6740927612112486,5.9519306956188105,False
vector_thrust,cruise_15,1.002777618524044,2456.6154007220616,-530.6128701758889,6.350955056057958,-1.9681675332110513,0.6868453386024286,0.0011526011790753605,0.6744206478242954,5.968856284910688,False
vector_thrust,cruise_15,0.9986755609229789,2454.7818194830706,-553.2745977066768,6.215908011753295,-2.260199114053684,0.6822721264458264,0.00112977807637476,0.6739172702721253,5.9748969577906,False
vector_thrust,cruise_16,0.9970000440730703,2421.809562966213,-968.7175575952492,-3.930255895757601,5.825834945599292,-inf,-0.0007339309608466018,0.6648653158661602,5.9748969577906,False
vector_thrust,cruise_16,1.0100263123148754,2458.3145689600083,-499.64145022244116,7.120177710630502,-1.6335503213617648,0.7105015103472383,0.001290417617731575,0.6748871246458044,5.9809375841483225,False
vector_thrust,cruise_16,0.9980802911641194,2452.7256698125507,-571.7166971939973,6.821592748870618,-2.528424618018216,0.7017654451939509,0.0012419445215474437,0.6733527904628691,5.997863043087923,False
vector_thrust,cruise_16,0.9972986973107218,2450.2671011535867,-605.9149607225013,6.670214989552078,-3.1533520551500516,0.69712539711564,0.0012168227885407102,0.6726778335822717,6.022321039889284,False
vector_thrust,cruise_16,1.0020431460087635,2456.11943945127,-527.0168053581273,6.434366445883965,-1.9357322947737472,0.6896013279961242,0.0011682107181348416,0.6742844903608827,6.049467368328248,False
vector_thrust,cruise_16,1.0620682062637468,2458.0201148634333,-525.5572395216299,6.923794512085003,-1.6356612793504444,0.7048199394983362,0.0012551269809185197,0.6748062874408807,6.0739253651296075,False
vector_thrust,cruise_16,0.9974762293815052,2448.464882976415,-630.817122697069,5.9133693041570945,-3.767403049366853,0.6715090093392008,0.0010803428548119543,0.6721830662083427,6.090850824069208,False
vector_thrust,cruise_16,1.039340064604154,2455.7388574981437,-550.7185887242741,6.30599857870008,-1.979041253925186,0.6853377920042824,0.0011452593988255642,0.6741800082643762,6.096891450426931,False
vector_thrust,cruise_17,0.9991462363256007,2425.5654727321876,-934.1778174081651,-3.130039133988757,7.081392036071593,-inf,-0.0005826907501717685,0.6658964349810178,6.096891450426931,False
vector_thrust,cruise_17,0.9999460184574198,2459.93223759739,-481.52407502326685,7.46202562654682,-1.5225617060333387,0.7198706565375935,0.0013505939769772504,0.6753312271821914,6.102932029716982,False
vector_thrust,cruise_17,1.0029733928740314,2459.8255507535505,-484.91004210766334,7.472880599321125,-1.5380999174459695,0.7201576970968663,0.0013526760076495547,0.6753019381814322,6.1198573567758965,False
vector_thrust,cruise_17,0.99999878500211,2459.9012099309602,-481.9431142005836,7.209950626233278,-1.5259055903673595,0.7130256072782172,0.0013050024256157967,0.6753227090808688,6.1443151630041415,False
vector_thrust,cruise_17,1.000257652607853,2458.408349248877,-503.715395812882,6.938627309320658,-1.7111903365564636,0.7052575053532929,0.001257418591007074,0.6749128703783897,6.171461279922907,False
vector_thrust,cruise_17,1.0056028447221297,2457.634584276654,-517.2260575019947,6.791444497879411,-1.8138246618978213,0.7008586804390932,0.001231521211763646,0.674700446783847,6.195919086151152,False
vector_thrust,cruise_17,1.0033762922055893,2457.2308990554375,-521.6765984160967,6.583096320806857,-1.870137805727288,0.6943953258158022,0.001194132818634691,0.6745896220905189,6.212844413210067,False
vector_thrust,cruise_17,1.003439696409157,2457.281019458175,-520.7674954077385,6.50913527585998,-1.8605564403983739,0.6920311737444065,0.0011806685791366613,0.6746033817675418,6.218884992500118,False
vector_thrust,cruise_18,0.9990527496237679,2424.4734736272935,-928.8558382199188,-2.9886723055167774,7.29190896958532,-inf,-0.0005568750828667847,0.6655966457899505,6.218884992500118,False
vector_thrust,cruise_18,1.0038020068451181,2460.17694475714,-465.1071330273371,7.985344257160034,-1.3876428830795162,0.7330518583902906,0.0014450248502071836,0.6753984072386044,6.22492552416369,False
vector_thrust,cruise_18,0.9991911177384013,2460.2670357138477,-460.9129227624864,7.772402872618207,-1.3705508224606597,0.7278474076155869,0.0014063880535765641,0.675423140129788,6.241850717776178,False
vector_thrust,cruise_18,1.0000576024084724,2459.552688864904,-473.9048879721034,7.546326562912013,-1.4650362054880457,0.7220843958278211,0.0013662736561007756,0.67522702873828,6.2663083311687515,False
vector_thrust,cruise_18,1.002799733869864,2458.490884435883,-491.49682157982573,7.270350289359,-1.5949386963837577,0.7146956259480117,0.001317444994130632,0.6749355289655956,6.293454234056067,False
vector_thrust,cruise_18,1.0103028000018288,2457.85562335386,-503.7584996474978,7.100447819390927,-1.6686508684219692,0.7099404881561886,0.0012873225110751787,0.674761129183542,6.31791184744864,False
vector_thrust,cruise_18,0.999018489532092,2456.817399081528,-510.963733198864,6.790744135787419,-1.7838022962409796,0.7008365802684355,0.0012322135196755689,0.6744761029290753,6.334837041061128,False
vector_thrust,cruise_18,1.0086042603985088,2456.9278721292435,-516.1598520290278,6.837391000515355,-1.7910248026524291,0.7022453879754508,0.0012405662510236745,0.6745064313656656,6.3408775727247,False
vector_thrust,cruise_19,0.9999668342791949,2426.5826291479843,-956.6996166295066,-3.6889151615913165,6.262979376060407,-inf,-0.0006861559901467496,0.6661756774251866,6.3408775727247,False
vector_thrust,cruise_19,1.0025988881027184,2461.9165822199657,-488.5391098726429,7.315891966175409,-1.5635993459390072,0.7159465224001506,0.001322010720630471,0.6758759941756209,6.3469180561891685,False
vector_thrust,cruise_19,1.0442935672358755,2463.093811179262,-486.424058174804,7.805915586145616,-1.3992039551107684,0.7286838433931067,0.0014092119097242914,0.67619918172754,6.3638431147507655,False
vector_thrust,cruise_19,1.0104820750108328,2461.14500804204,-503.478218777334,7.064249296971734,-1.6570278205272482,0.7089097667036727,0.0012773384114879293,0.6756641720252069,6.388300532989147,False
vector_thrust,cruise_19,1.0334055752802513,2461.356235403559,-509.8685502432607,7.068788524981914,-1.6151073604783301,0.7090401100179151,0.0012779398150355036,0.675722160790543,6.415446219271649,False
vector_thrust,cruise_19,1.003444420955553,2458.89099110915,-531.63544327691,6.344006923676393,-1.9676462781117585,0.6866156519025435,0.0011492101607467075,0.6750453712313831,6.439903637510031,False
vector_thrust,cruise_19,1.013332778816673,2458.868049226179,-536.8198542707751,6.326591348201862,-1.967145461120938,0.6860328247747842,0.0011460767337139641,0.675039072940014,6.456828696071628,False
vector_thrust,cruise_19,1.003722404071085,2458.304491646609,-539.2778077137749,6.1561378675747465,-2.0522107924558055,0.6802080000632716,0.0011157100586498285,0.6748843580962545,6.462869179536096,False
vector_thrust,cruise_20,0.9969243491639681,2419.451799575281,-1003.3101213955429,-4.751800717971561,5.0164894974119205,-inf,-0.0008890754745822104,0.664218033302898,6.462869179536096,False
vector_thrust,cruise_20,0.9995821732144403,2457.267379805975,-510.0242242428617,6.547003914080679,-1.773630351063924,0.6932463474607192,0.00118755061835579,0.6745996372403887,6.4689096142144855,False
vector_thrust,cruise_20,0.9963191638570832,2446.7711490004262,-655.7024422426315,6.266762701543985,-4.590988094637733,0.6840019269272711,0.0011464916830485547,0.67171808126809,6.485834536080531,False
vector_thrust,cruise_20,1.03091358381257,2456.083507142541,-543.3371769168606,6.457990169160744,-1.9475113217020092,0.6903729125819907,0.0011725341015527012,0.6742746257760869,6.5102917567881144,False
vector_thrust,cruise_20,1.0159390208312027,2454.8190463856795,-553.9668723305009,5.992842646740976,-2.1595154584897216,0.6744125430382816,0.0010892015899802078,0.6739274902649522,6.537437223827975,False
vector_thrust,cruise_20,1.0003938296738712,2452.846054499851,-573.8433601185918,5.3436991177344115,-2.556849381410746,0.6490819975595336,0.000972782554340524,0.6733858399661707,6.561894444535559,False
vector_thrust,cruise_20,0.9999260374214614,2451.8213342933545,-587.9028766833494,5.065410460479148,-2.797496641086728,0.6369404108671275,0.0009228930254769489,0.6731045210160002,6.578819366401604,False
vector_thrust,cruise_20,0.9983153101175889,2447.8127849113876,-642.8485161709468,4.957825462616942,-4.131075047650868,0.6320102425635886,0.0009062524559277567,0.6720040441280725,6.584859801079994,False
vector_thrust,cruise_21,1.0065808362101978,2424.947263946672,-958.6804458322503,-3.3463670904581924,6.372953666316203,-inf,-0.0006232802196362029,0.6657267166077244,6.584859801079994,False
vector_thrust,cruise_21,0.9975075374804311,2456.1631328929766,-557.4262217273458,7.616807534837158,-2.308779542249225,0.723903914937367,0.0013828431591619557,0.6742964856285395,6.590900186370437,False
vector_thrust,cruise_21,1.024201928743215,2463.629455317621,-463.6564880857536,8.145050845994842,-1.3092049433319317,0.7368254121495483,0.0014697970940563234,0.67634623342586,6.607824969854529,False
vector_thrust,cruise_21,1.009404814972089,2461.4641885917,-488.8745224809697,7.399110246147262,-1.5410791616951083,0.7181958595143798,0.0013375401128925954,0.6757517974439075,6.632281990594397,False
vector_thrust,cruise_21,1.0054492221234026,2460.5006644662585,-501.103704141853,7.010175710311154,-1.659819232926706,0.7073497500147095,0.001268224944048983,0.6754872788038779,6.659427235686836,False
vector_thrust,cruise_21,0.999623236811132,2459.8250502362594,-506.75747416302346,6.704995651436533,-1.7361259415596353,0.6982138592598663,0.001213680630852533,0.6753018007731934,6.683884256426705,False
vector_thrust,cruise_21,1.014203572436885,2459.275744830881,-522.3225573813565,6.701903887744206,-1.815391273833163,0.6981177299612007,0.0012136629738638855,0.6751509986137508,6.700809039910796,False
vector_thrust,cruise_21,1.0014617341039282,2458.7153051359087,-524.1199086002064,6.479373798485081,-1.900389937199083,0.691070566986791,0.0011738994698368,0.6749971397304928,6.706849425201239,False
vector_thrust,cruise_22,0.9958991326730977,2416.696599864954,-1054.213347806802,-5.972123508860296,4.230199801042389,-inf,-0.0011199506317602203,0.6634616415726426,6.706849425201239,False
vector_thrust,cruise_22,1.0001318084180841,2451.8986132678842,-594.6357415627147,4.7768022282225235,-2.917341500266366,0.6234072344557389,0.0008702551562809373,0.6731257366023107,6.712889760486387,False
vector_thrust,cruise_22,1.0001130145368198,2451.806874026699,-596.8344648113607,4.738249960915042,-2.9595957685014014,0.6215209727517429,0.0008632961646527,0.673100551203549,6.729814403858758,False
vector_thrust,cruise_22,0.9998294309267304,2450.5433007649153,-615.2485100183168,4.532560651819601,-3.356058885745531,0.6111217263273581,0.0008266719905026915,0.6727536593386136,6.754271222131325,False
vector_thrust,cruise_22,1.003100844491431,2450.0340025025675,-622.1702893089057,4.214694321637936,-3.478733639082333,0.5938546662756489,0.0007690174934051179,0.6726138404382163,6.781416242502012,False
vector_thrust,cruise_22,0.9996887378669859,2448.971628979889,-634.5490783121551,3.9028173393900882,-3.86688182036717,0.5753249928349924,0.0007127300640994614,0.6723221844308551,6.805873060774579,False
vector_thrust,cruise_22,1.005696041749785,2448.337030161267,-647.5675318709618,3.6534944712257054,-4.158280542561536,0.5592284105116371,0.0006675447928893978,0.6721479664615964,6.822797704146951,False
vector_thrust,cruise_22,1.0120213073734436,2448.306675113546,-651.93291274784,3.6699443018146263,-4.167976596748144,0.560328463016553,0.0006705670357204224,0.6721396330159367,6.8288380394320995,False
vector_thrust,cruise_23,0.9966589151680918,2417.782107930253,-1043.7122212799886,-5.724765132225558,4.370019103184685,-inf,-0.0010725998092573415,0.6637596487626988,6.8288380394320995,False
vector_thrust,cruise_23,1.0000708899419724,2452.703047317484,-583.8929378008838,4.942766002997579,-2.7225494059818764,0.6313133630348369,0.0008999004520806367,0.6733465798538443,6.834878324078519,False
vector_thrust,cruise_23,1.0420218970788406,2453.355009452914,-597.635368644936,5.312037062240136,-2.5528947431611915,0.6477431326335129,0.0009666175219881369,0.6735255646170287,6.851802825564326,False
vector_thrust,cruise_23,0.9957333296010891,2439.9220785511916,-759.4559031380227,4.279168552210944,-18.723342071990235,0.597475365907249,0.0007872666237297725,0.6698377891686392,6.876259438804868,False
vector_thrust,cruise_23,1.0010240587851806,2449.476393841141,-630.6411074648654,3.980797512807139,-3.7345392159801256,0.5801175268900833,0.0007266711710526116,0.6724607587655371,6.903404231607176,False
vector_thrust,cruise_23,1.0659041884671192,2451.096338259703,-643.4614881000479,4.450141791412559,-3.1008715657007877,0.6067901814424492,0.0008112737928889643,0.6729054860777101,6.927860844847718,False
vector_thrust,cruise_23,0.9968096053130665,2439.3910271215777,-767.5422488054894,3.2166565715769795,-23.535651653004397,0.527820564091289,0.0005920470371318037,0.6696919983179088,6.944785346333525,False
vector_thrust,cruise_23,0.9984855073925162,2443.221830913513,-715.6366533038986,3.137942245997415,-8.531243473167335,0.5216752714504493,0.0005757494158095967,0.6707436782733,6.950825630979946,False
vector_thrust,cruise_24,0.9969664306342431,2417.958877612175,-1042.3845561031546,-5.69434505347329,4.388903146331707,-inf,-0.0010667442717651203,0.6638081777767896,6.950825630979946,False
vector_thrust,cruise_24,1.0640233955010459,2453.7369830953994,-602.9056344936286,5.459851512593953,-2.4479322048325596,0.6539078702180093,0.00099320563459616,0.6736304287774264,6.9568658643374715,False
vector_thrust,cruise_24,1.036838930082531,2451.9271980951435,-613.7722557644506,4.839569496902618,-2.869400276166046,0.6264374823998513,0.0008816697674046388,0.6731335840650076,6.973790222114991,False
vector_thrust,cruise_24,0.9943246422600236,2435.8641245198673,-812.7083517685012,4.054164730409005,67.7264949004728,0.5845184710021863,0.0007483583921825971,0.6687237491012186,6.998246627691041,False
vector_thrust,cruise_24,1.0368490723663448,2449.223509677626,-654.1014666301324,4.056732732803285,-3.760586052935763,0.5846795003563569,0.0007406856277995971,0.6723913338562362,7.025391190003152,False
vector_thrust,cruise_24,0.9963581535831626,2438.575003289555,-776.9459274664507,3.341334910449165,-33.37533808567166,0.5372361219936787,0.0006154065768185247,0.6694679732949967,7.049847595579201,False
vector_thrust,cruise_24,1.0095742304659767,2447.358676281113,-663.7513001739347,3.3303798829842974,-4.649119754098859,0.5364285761580715,0.0006089938257700236,0.6718793765726535,7.066771953356721,False
vector_thrust,cruise_24,1.0142922203949902,2447.305108475424,-667.5113508175173,3.317138566722381,-4.67505991985655,0.5354431097823174,0.0006065990706728019,0.6718646704716479,7.0728121867142475,False
vector_thrust,cruise_25,0.99564593417205,2415.0100454018793,-1077.5343648690546,-6.523840810967185,3.96281447422625,-inf,-0.0012251233929687043,0.6629986276416695,7.0728121867142475,False
vector_thrust,cruise_25,1.0935204963535858,2452.522253437589,-629.3960004293491,5.24655739407014,-2.5889003640967005,0.6449392482355452,0.0009553508077211471,0.6732969460668193,7.078852368115305,False
vector_thrust,cruise_25,1.0100547489620306,2448.7351800335646,-637.5593858837019,3.945421546521083,-3.775502041517402,0.577956751280531,0.0007206495689297552,0.672257271522017,7.095776580314033,False
vector_thrust,cruise_25,1.0345251793950996,2449.0555754813595,-646.9649792892345,3.9409120449665176,-3.6163320664991914,0.5776799378868278,0.000719637558725996,0.6723452304696805,7.120232775522633,False
vector_thrust,cruise_25,1.006168632498569,2446.4154502326446,-667.9550299171784,3.127516055829886,-4.922886620264602,0.520850408970912,0.0005723391927859137,0.6716204304134519,7.14737710434449,False
vector_thrust,cruise_25,1.0116156390129314,2445.695937752776,-681.3870704352129,2.870265290220585,-5.37835135387433,0.4995031063586294,0.0005255710986395097,0.6714229008886236,7.17183329955309,False
vector_thrust,cruise_25,1.0041977316920487,2444.105270364335,-699.5830321838534,2.4076323918586247,-6.801934074292104,0.4558458939946401,0.0004414329253843,0.6709862110712961,7.1887575117518185,False
vector_thrust,cruise_25,1.0203884328636517,2444.647470786193,-702.555796169473,2.5923620157753233,-6.233664317632902,0.47416967653488173,0.0004750917931024532,0.6711350626821964,7.194797693152876,False
vector_thrust,cruise_26,0.9943940264077167,2412.9705791322485,-1143.3041163628739,-8.111489669597285,3.4170821995036187,-inf,-0.0015258467834561402,0.6624387279673549,7.194797693152876,False
vector_thrust,cruise_26,0.9984395278811625,2443.531633789888,-737.9894216309023,2.6458632437606067,-11.77185669298038,0.479245728046152,0.00048533970526344795,0.6708287292163664,7.200837821911763,False
vector_thrust,cruise_26,1.032455361848385,2447.603851150828,-703.8836062804521,2.8883363682234573,-5.764031479087618,0.5010661568326529,0.0005280558683654534,0.67194668503063,7.217761886610408,False
vector_thrust,cruise_26,1.0440421322212352,2447.4921864083267,-713.3702073586518,2.7083768813082543,-5.851352737143779,0.48505503729485583,0.0004952002217018527,0.6719160294351489,7.242217868675213,False
vector_thrust,cruise_26,1.0276468946551098,2445.6478398381328,-728.7837855252194,2.1017403052836654,-7.778656525287607,0.42249501294665814,0.0003848624772619631,0.6714096964502149,7.269361960925306,False
vector_thrust,cruise_26,1.036930478570334,2444.9716703456297,-744.8732937234283,1.8842652635002235,-8.749260723737782,0.3961606003905746,0.00034523016806327583,0.671224065981954,7.29381794299011,False
vector_thrust,cruise_26,0.9963441108566331,2433.257669727111,-878.7551922513742,0.9596009922925458,11.575387727286522,0.2506358024392088,0.00017751246175654368,0.6680081926778,7.310742007688757,False
vector_thrust,cruise_26,0.9981102731432113,2437.074777906403,-827.6094948215364,0.7956732232248969,32.31304204089267,0.21714415702015047,0.00014672745779422498,0.6690561127430805,7.316782136447643,False
vector_thrust,cruise_27,0.9932817362795643,2410.3198485926227,-1163.1633818312753,-8.571807251052618,3.2822336128444096,-inf,-0.0016159852892686287,0.661711016414616,7.316782136447643,False
vector_thrust,cruise_27,1.0012664602636197,2444.6703244108166,-708.1278711819474,2.158664857518412,-7.6389910501915255,0.4290099252714078,0.000395602457128751,0.671141336743785,7.322822211859778,False
vector_thrust,cruise_27,1.0006464781208726,2443.6219604222365,-722.4201442755248,1.8463614275544098,-9.250948004305496,0.391320766816367,0.00033865932643323927,0.6708535268081613,7.339746127084146,False
vector_thrust,cruise_27,1.0000665851832065,2442.5035659993546,-737.8119502579707,1.4386135127856237,-11.815781756341607,0.3338517240908142,0.00026411196891118705,0.6705464912457444,7.364201893152361,False
vector_thrust,cruise_27,1.0006270869996292,2441.2624342684385,-755.5296399602333,1.052125230118206,-16.640064329255566,0.26830036689434117,0.00019335386549847153,0.6702057603092885,7.391345745664326,False
vector_thrust,cruise_27,1.008258620041139,2439.956039825332,-779.6445781599177,0.6138421616035127,-28.190894341770306,0.17629358669949294,0.0001129294131651247,0.6698471126404776,7.415801511732542,False
vector_thrust,cruise_27,0.9995942719445385,2440.0727931858532,-770.3711038202268,0.4767112065557463,-25.48050804922077,0.14253824958248468,8.769284434649966e-05,0.6698791652267372,7.432725426956909,False
vector_thrust,cruise_27,1.0000739614668177,2437.9005434786645,-802.7366205702396,-0.08167894781942102,527.8296905617575,-0.029330752132788934,-1.505194070361637e-05,0.66928281218982,7.438765502369044,False
vector_thrust,cruise_28,0.9939070320743848,2410.983498514824,-1138.6772178563474,-7.979341188632336,3.4387328502625354,-inf,-0.0015034636070911725,0.6618932098545529,7.438765502369044,False
vector_thrust,cruise_28,1.0009134488146743,2439.273866006182,-772.4861653579616,0.6198470810423528,-27.057557717538398,0.17771082357721882,0.00011409793775883868,0.669659833789704,7.444805523710166,False
vector_thrust,cruise_28,1.0026996463964073,2438.820252027202,-780.3229876460282,0.4527770779019169,-35.08608244209608,0.13636009634490293,8.337564507652359e-05,0.6695353020321175,7.461729287430918,False
vector_thrust,cruise_28,0.9996714845857614,2436.6734711804397,-808.210834073579,0.04359684274713368,110.00270083510037,0.01498016944991543,8.04219733996562e-06,0.6689459410238846,7.486184834570068,False
vector_thrust,cruise_28,1.0045540168938023,2437.1129536502835,-805.524300408305,-0.10874383335433783,718.4763566141455,-0.039433750351198005,-2.0052460402411942e-05,0.6690665932236275,7.513328444089102,False
vector_thrust,cruise_28,1.0039117138537648,2435.7377866635225,-824.4020967875065,-0.5550759822133806,40.8189024419301,-0.24024678392068816,-0.00010247212194542631,0.6686890652598262,7.537783991228252,False
vector_thrust,cruise_28,1.0007628101028616,2434.6628592821803,-837.2286884235236,-0.9491288966324137,23.735735051621695,-0.4954336797693934,-0.0001753726622340537,0.6683939628108732,7.554707754949004,False
vector_thrust,cruise_28,1.0017143303115432,2434.512933420933,-840.1051904909665,-1.0323120784120783,22.491799660336824,-0.5633502390667062,-0.00019076609814077639,0.6683528032966738,7.560747776290126,False
vector_thrust,cruise_29,0.9937890757210049,2409.702736037554,-1104.5931216823958,-7.1282759274661815,3.6853128635293544,-inf,-0.0013445344097724298,0.6615415989921544,7.560747776290126,False
vector_thrust,cruise_29,0.9970961541209133,2457.529410581669,-482.8615704449934,7.0397797373718065,-1.538476210579275,0.7082023891382419,0.0012766621522012562,0.674671573191552,7.566787742815446,False
vector_thrust,cruise_29,0.9951801780482544,2444.715737041985,-665.6511599205496,6.8699525357073075,-5.02930645966984,0.7032077304897392,0.001258958344329885,0.671153803984739,7.58371135294574,False
vector_thrust,cruise_29,1.0032120848045214,2456.088959729296,-510.92070619598235,6.817807825244765,-1.770031930104106,0.7016547931502778,0.00123785829171079,0.6742761226880948,7.608166678140244,False
vector_thrust,cruise_29,1.0392935232538896,2456.894092448216,-515.8788384079486,7.036659576491365,-1.6516247978941851,0.7081117505434193,0.0012767563581797153,0.6744971577470293,7.635310041319308,False
vector_thrust,cruise_29,0.999418181552776,2453.3631501884756,-546.8920464055237,6.390978174955691,-2.1851947472525115,0.6881710623834754,0.001162941902915111,0.6735277995131178,7.659765366513812,False
vector_thrust,cruise_29,0.9998673401785207,2455.2943605731366,-519.4111890060916,6.241873759932691,-1.8710282120586261,0.6831622202597648,0.0011340239030291617,0.6740579794339654,7.676688976644106,False
vector_thrust,cruise_29,0.9991146546807815,2454.3298552253264,-531.8222251132448,6.1921435717149755,-2.0052468931682257,0.6814529919188604,0.0011258732928039789,0.6737931914165537,7.682728943169427,False
vector_thrust,cruise_30,0.9947312413566846,2410.6949256277026,-1078.4405128092715,-6.502763404584941,3.925757692430862,-inf,-0.0012255408899940544,0.6618139872324771,7.682728943169427,False
vector_thrust,cruise_30,1.0202930771261731,2457.1264574175575,-490.2672295680042,7.3506503630932905,-1.5209469885436182,0.7168853847675246,0.0013334757117037315,0.6745609494716555,7.688768854112743,False
vector_thrust,cruise_30,0.9989686982149215,2457.1682673271566,-477.6053937982447,7.048023090320512,-1.4983299467902504,0.7084393839181304,0.0012785328249070578,0.6745724276486257,7.70569230850572,False
vector_thrust,cruise_30,1.0246146725571879,2457.0333206784603,-492.2258608895588,7.28442115104142,-1.520255801882541,0.7150805217498646,0.0013215613073104474,0.6745353804143666,7.7301474086532815,False
vector_thrust,cruise_30,1.0005666380681897,2455.133812194868,-510.2180804334679,6.80733058478771,-1.7788398375718095,0.7013372991185718,0.0012369178796638675,0.6740139036941296,7.7572905220490815,False
vector_thrust,cruise_30,1.0204907568692112,2455.4869635331884,-513.4440968664716,6.964970947093295,-1.7150028132309738,0.7060275076203311,0.0012651977302670068,0.6741108551967131,7.781745622196643,False
vector_thrust,cruise_30,1.0073488225725942,2454.646814838396,-517.7944124388503,6.611743984993519,-1.8195180004915148,0.6952984163181435,0.0012018557999887182,0.6738802071160881,7.798669076589619,False
vector_thrust,cruise_30,0.9987837239032923,2453.7388739885396,-523.9185879851451,6.402588371813535,-1.9222933837489293,0.6885547518313135,0.0011646978001838293,0.6736309478889553,7.804708987532935,False
vector_thrust,cruise_31,0.9967735482349146,2414.5060958449385,-1059.348291942137,-6.074311839287741,4.1537718893640685,-inf,-0.0011411817868927645,0.6628602771344786,7.804708987532935,False
vector_thrust,cruise_31,0.9985042548734112,2445.1237529381133,-664.5088037442788,4.33130612585242,-4.972542699002777,0.6003642304327654,0.0007934718993690952,0.6712658175888663,7.810748842105677,False
vector_thrust,cruise_31,1.0200231685346235,2449.8587710897814,-610.0529018471005,4.5496332005837035,-2.9981694148427027,0.6120064483368787,0.0008302495463405839,0.6725657337289219,7.827672138551814,False
vector_thrust,cruise_31,0.9992986522264776,2446.4369221178026,-646.6961415431476,4.139331565436734,-4.274450699008361,0.5895271458625888,0.000757489348901286,0.671626325142718,7.852127010459579,False
vector_thrust,cruise_31,0.9958057936535827,2437.6949198989373,-765.9989369155342,4.126607602325814,-23.000218790248898,0.5887820438865075,0.0007605868803457907,0.6692263618444355,7.879269870528318,False
vector_thrust,cruise_31,1.0042261520815363,2446.3377597355525,-651.4159800292524,3.53773030850586,-4.343230173282392,0.551324877925844,0.0006474500148318,0.6715991018508436,7.903724742436083,False
vector_thrust,cruise_31,1.0003001800539484,2445.952317240259,-653.9989957126925,3.1906151892432315,-4.531952614694311,0.5258078998003585,0.0005841075448242477,0.6714932853777815,7.92064803888222,False
vector_thrust,cruise_31,1.0396961180611481,2446.517175416109,-670.1380259267501,3.7037997000764213,-4.202208387904542,0.562574052809183,0.0006777434274246739,0.6716483572774258,7.926687893454961,False
vector_thrust,cruise_32,0.9790159958185244,2381.822661714384,-1544.7118779062155,-17.666779358881428,2.1412393832295593,-inf,-0.003410773653097516,0.6538876138462112,7.926687893454961,False
vector_thrust,cruise_32,1.0052294040182101,2427.89496135112,-928.2527018795824,-3.1174438830686557,7.651942968059714,-inf,-0.0005792328944284424,0.6665359552018135,7.93272769084519,False
vector_thrust,cruise_32,1.0075701952538632,2427.7417484676434,-932.4500434723144,-3.1847076272635606,7.544762507219945,-inf,-0.0005918054428538158,0.6664938932933442,7.949650827069488,False
vector_thrust,cruise_32,1.0000066075666896,2426.407649260827,-944.7557735874615,-3.4487688687652134,6.6751871050173115,-inf,-0.0006415801477094044,0.6661276397678398,7.974105467449986,False
vector_thrust,cruise_32,0.9989853093524619,2424.539139054863,-968.7588033924399,-3.3972943112717573,5.868634224978462,-inf,-0.0006329787549635211,0.6656146730807457,8.001248070542847,False
vector_thrust,cruise_32,1.0064553566478007,2425.354176410007,-965.2809935094383,-3.964955227332425,6.165105919477606,-inf,-0.0007382480561935409,0.6658384272837421,8.025702710923344,False
vector_thrust,cruise_32,1.004225014568062,2425.1538575183686,-965.8675709818332,-3.975469493841569,6.078768360496824,-inf,-0.0007403280298161048,0.6657834332473821,8.042625847147642,False
vector_thrust,cruise_32,1.0003079354586435,2424.8216763867135,-966.8013823803059,-4.093053676783494,5.936201050973478,-inf,-0.0007624338843352154,0.6656922387470382,8.04866564453787,False
vector_thrust,cruise_33,0.9790218055455163,2381.8419003830295,-1545.0504099986258,-17.675104212485437,2.1408077999862165,-inf,-0.00341232573632419,0.6538928954850739,8.04866564453787,False
vector_thrust,cruise_33,1.0067412560361482,2427.94455699254,-929.8528882349276,-3.0912404506721325,7.642900246859078,-inf,-0.0005743407324885162,0.6665495708148257,8.054705383909216,False
vector_thrust,cruise_33,1.0053411902209928,2427.492450683634,-934.9824664246421,-3.2302141016199695,7.3172140423438,-inf,-0.0006003850828677878,0.6664254529616004,8.071628357568212,False
vector_thrust,cruise_33,1.0000125387013206,2426.4612713775578,-944.9148893041883,-3.4543091726641704,6.6705794682769985,-inf,-0.0006425824178900954,0.666142360778989,8.096082763035044,False
vector_thrust,cruise_33,0.9985110709627639,2423.533763526297,-983.1499518420254,-3.4111593675075267,5.488728682080494,-inf,-0.000636089492177336,0.6653386648724269,8.123225105393406,False
vector_thrust,cruise_33,1.0039570914519618,2425.1040706808535,-967.4428940081057,-4.0164223574385325,6.02376365484007,-inf,-0.0007479851489110328,0.6657697651448372,8.147679510860238,False
vector_thrust,cruise_33,1.0043478186331256,2425.139684526894,-967.1010204029805,-3.9756998982617557,6.045445999017178,-inf,-0.0007403795904257369,0.6657795423012904,8.164602484519234,False
vector_thrust,cruise_33,1.0050599464328123,2425.162663406175,-967.226692224968,-3.9872910661007337,6.062386120516168,-inf,-0.00074252409856475,0.6657858507493473,8.170642223890578,False
vector_thrust,cruise_34,0.9807157303867949,2385.1233976428193,-1508.291265041177,-16.79999477961661,2.197388930625559,-inf,-0.0032344601265404563,0.6547937729716884,8.170642223890578,False
vector_thrust,cruise_34,1.0033209386225745,2429.38763803833,-916.5775750546749,-2.6803615931660247,8.256564002090908,-14.635989211111573,-0.0004974095419939768,0.666945743391729,8.176681904381102,False
vector_thrust,cruise_34,0.999748550724311,2429.3419445060017,-913.2363799380641,-2.852368767956081,8.273994406914378,-256.62279378822467,-0.0005293497783465123,0.666933199034291,8.193604713059706,False
vector_thrust,cruise_34,0.9996000931869414,2427.5664668920513,-938.3991259589176,-2.9709140429110437,6.951205678655099,-inf,-0.0005521564980492891,0.6664457728127318,8.218058880122964,False
vector_thrust,cruise_34,0.9999924508817418,2428.83043375522,-920.6286582761654,-2.8626667648419786,7.828048750006215,-3503.957114122626,-0.000531484696808969,0.6667927727340205,8.245200957873319,False
vector_thrust,cruise_34,0.9998961987002152,2426.36953597357,-955.9142199179922,-3.614494428925965,6.284589103204283,-inf,-0.0006724314708936945,0.6661171764336625,8.269655124936577,False
vector_thrust,cruise_34,0.9991376729959325,2424.5993345004727,-979.5759405045127,-3.5840861097731227,5.589160560632817,-inf,-0.0006677483637263606,0.6656311986839851,8.286577933615183,False
vector_thrust,cruise_34,0.9990223760244521,2424.2463388893493,-984.2882664542838,-3.605399904309968,5.472133434729281,-inf,-0.0006719149535771448,0.6655342899335707,8.292617614105705,False
vector_thrust,cruise_35,0.9809002056977785,2385.617114124722,-1510.3985051261034,-16.855620546965405,2.19492583755106,-inf,-0.003243826541455204,0.6549293141677048,8.292617614105705,False
vector_thrust,cruise_35,1.0087834756298855,2431.0182080868312,-910.4355593326671,-2.44803360026876,9.075109810689215,-5.891548974457383,-0.00045368593062334705,0.6673933877841356,8.298657234826706,False
vector_thrust,cruise_35,1.0000297461617245,2429.9446046931653,-917.8899407871371,-2.793215436142757,8.017661839995753,-39.74964521966553,-0.0005181148590016664,0.6670986488127648,8.315579876034828,False
vector_thrust,cruise_35,0.9991207639403881,2427.519070150323,-950.5106791645535,-2.8847475311825588,6.489301797431899,-inf,-0.0005361630365545761,0.6664327608690422,8.340033801096226,False
vector_thrust,cruise_35,1.0328994090830979,2431.653431243952,-921.5582441156896,-2.169429695578204,9.980416874281593,-3.124907075324204,-0.00040184316492476155,0.667567777154573,8.367175610244784,False
vector_thrust,cruise_35,1.0034892750858502,2427.9789384435903,-948.0147884654808,-3.433128468083183,6.71025739891222,-inf,-0.0006378441625354363,0.6665590096388613,8.391629535306183,False
vector_thrust,cruise_35,1.003444567206767,2428.0315819536513,-947.0740376805195,-3.4115247351013736,6.745619306288773,-inf,-0.0006338029001098673,0.6665734619907225,8.408552176514304,False
vector_thrust,cruise_35,1.0056009014773633,2428.0920110890534,-948.143749626676,-3.388885179656979,6.784118020658929,-inf,-0.0006295655204725233,0.6665900517493933,8.414591797235305,False
vector_thrust,cruise_36,0.9803400126053627,2384.4299478780604,-1518.892423339099,-17.05432657922345,2.1808055571952587,-inf,-0.003285336055651173,0.6546033985079263,8.414591797235305,False
vector_thrust,cruise_36,0.9999077325225046,2428.919058027976,-921.924896200331,-2.9267148722391108,7.760762515975982,-inf,-0.000543336261101941,0.6668171029728635,8.420631357270034,False
vector_thrust,cruise_36,0.9981087574758785,2424.067967147778,-987.501045754527,-2.9803985894835114,5.396572068493239,-inf,-0.0005555192647795201,0.6654853211021171,8.437553828439,False
vector_thrust,cruise_36,1.0062915634712066,2428.5293155584395,-932.5748447299377,-2.9575523727574793,7.502052441827888,-inf,-0.0005492374013239313,0.6667101060173317,8.4620075077867,False
vector_thrust,cruise_36,1.007171815228952,2428.952043804166,-927.2029936957617,-2.8632191413653474,7.8332687263300524,-10820.755887012527,-0.0005315340229206706,0.6668261586388584,8.489149044213626,False
vector_thrust,cruise_36,0.9996875074949797,2426.45955346506,-955.1317925031531,-3.784233261676585,6.311833934449556,-inf,-0.0007039570231715114,0.6661418891562598,8.513602723561325,False
vector_thrust,cruise_36,0.999789856079948,2425.957649461049,-962.6084247420429,-3.690129969168766,6.068706321366156,-inf,-0.0006867356497270631,0.666004100219729,8.530525194730291,False
vector_thrust,cruise_36,1.0000795740597268,2426.416728025309,-956.4777239428084,-3.7072331204187323,6.26968806494273,-inf,-0.0006896575168193568,0.6661301321833076,8.536564754765019,False
vector_thrust,cruise_37,0.9792647457506767,2382.4667420006504,-1547.6184596575022,-17.7432223405993,2.1381565035978056,-inf,-0.0034236799659564036,0.654064434786024,8.536564754765019,False
vector_thrust,cruise_37,0.9995826391889976,2428.3326431320843,-934.0202837226111,-3.2836048854714233,7.156872699832782,-inf,-0.0006098863279027958,0.6666561130540244,8.542604253167319,False
vector_thrust,cruise_37,1.0066922483251264,2428.253939354115,-941.9581027884999,-3.2237833106909006,7.0817324282083165,-inf,-0.0005988140741128168,0.6666345063129331,8.559526551646055,False
vector_thrust,cruise_37,0.9979196307817325,2422.3391768312067,-1015.8808669109105,-3.4972222157176662,4.8250336054187715,-inf,-0.0006527812667073835,0.6650107120587514,8.583979981449144,False
vector_thrust,cruise_37,1.0006350124758894,2427.7925764702877,-942.686345487328,-3.3739689482598325,6.807761623569432,-inf,-0.000626949100298135,0.6665078472295041,8.611121240902447,False
vector_thrust,cruise_37,0.9994867869240269,2424.3233529508807,-989.9994109368099,-4.106456573444079,5.34473056233477,-inf,-0.0007652450075649804,0.6655554327926663,8.635574670705536,False
vector_thrust,cruise_37,0.9982401295215279,2421.215035505394,-1031.5982723388527,-4.117882676998228,4.567291180994667,-inf,-0.0007693458314958635,0.6647020987849855,8.652496969184273,False
vector_thrust,cruise_37,0.9983825677989919,2421.495975920065,-1027.8113186727319,-4.139114302460272,4.626215892240871,-inf,-0.0007731331173951759,0.6647792260456901,8.658536467586572,False
vector_thrust,cruise_38,0.9799865795425867,2383.851896054683,-1531.450052134183,-17.35770665667232,2.1621129199182856,-inf,-0.0033454008651958075,0.6544447045238848,8.658536467586572,False
vector_thrust,cruise_38,1.0114181251371712,2429.968296784533,-924.7366193489653,-2.7704411685049704,8.229998783262541,-29.77499845125269,-0.0005138804285192675,0.6671051530606841,8.664575903379424,False
vector_thrust,cruise_38,1.0054381370400594,2429.1750278133163,-930.224045787873,-2.9703731809994824,7.597895090595141,-inf,-0.0005513250934178582,0.6668873749854878,8.681498026430386,False
vector_thrust,cruise_38,1.0002676854277404,2428.5364549399437,-934.5812951867917,-3.186140174066035,7.14822590995122,-inf,-0.0005916842172206567,0.6667120660092368,8.705951202732999,False
vector_thrust,cruise_38,1.0039613897179207,2428.8687814620257,-932.7818321901933,-3.061822049989533,7.396821464289828,-inf,-0.0005684420552803701,0.666803300423971,8.733092180822002,False
vector_thrust,cruise_38,0.9999525072431592,2426.4494022917984,-963.3053226569887,-3.8188194510879505,6.056489342399434,-inf,-0.0007103968175646263,0.6661391023297809,8.757545357124611,False
vector_thrust,cruise_38,1.001147798548353,2426.758703182736,-959.8434172738284,-3.7622964678468285,6.201392994252259,-inf,-0.0006997037212281034,0.6662240154615546,8.774467480175577,False
vector_thrust,cruise_38,1.0038175825054512,2426.8698878918194,-960.7860672510919,-3.726623787142599,6.254613742431507,-inf,-0.0006930058904253915,0.6662545392722847,8.780506915968429,False
vector_thrust,cruise_39,0.9808366925310791,2385.362201075098,-1507.1594048420404,-16.773811435130952,2.199418613889809,-inf,-0.0032287725390496218,0.6548593322633272,8.780506915968429,False
vector_thrust,cruise_39,1.0056314944308908,2429.893883044824,-914.2165256409068,-2.571004736178545,8.560031346683902,-8.789407434334374,-0.00047691680037492375,0.6670847240743125,8.786546288142404,False
vector_thrust,cruise_39,1.0009703667060978,2429.420247927936,-916.5895104897318,-2.7519708722478597,8.127115406476634,-24.67745116337525,-0.0005106847623905039,0.6669546958646587,8.803468232937236,False
vector_thrust,cruise_39,0.9998170854169058,2429.230251330284,-917.7495303051801,-2.915975068370787,8.001406233980502,-inf,-0.0005412037601600289,0.6669025356329694,8.827921151652275,False
vector_thrust,cruise_39,1.0010131433008793,2429.2886729456577,-917.9421411601784,-2.784915702747705,8.045764008563705,-35.44484370771783,-0.0005168543359728832,0.6669185742622461,8.85506184384064,False
vector_thrust,cruise_39,0.99931270828556,2425.2944563600036,-972.8122290145883,-3.5496780971206174,5.771317894420276,-inf,-0.0006609587907682005,0.6658220321920238,8.879514762555678,False
vector_thrust,cruise_39,0.9993441638539968,2425.493691816182,-969.9531083430206,-3.5052505139247865,5.851248808703678,-inf,-0.0006525790437306387,0.6658767287901913,8.896436707350508,False
vector_thrust,cruise_39,0.9993157781063183,2425.3592799840753,-971.7274858022322,-3.524986361245847,5.801159027496963,-inf,-0.0006563260436159917,0.6658398283804414,8.902476079524485,False
vector_thrust,cruise_40,0.9802943332395405,2384.324909627928,-1519.8213891525363,-17.07710264621591,2.1793160295386014,-inf,-0.0032900134797724644,0.6545745620996387,8.902476079524485,False
vector_thrust,cruise_40,0.9987347773315709,2425.642866538714,-965.8464527230865,-2.865122021541622,5.968608641929057,-inf,-0.0005333395193319391,0.6659176820924377,8.908515387036086,False
vector_thrust,cruise_40,0.9988297096844886,2426.612355082245,-951.8201984121517,-2.9207288700557203,6.425836047820829,-inf,-0.0005432563294328806,0.666183838158786,8.925437150650971,False
vector_thrust,cruise_40,1.004715631022786,2429.0542729775443,-923.2231384613947,-2.9439227598907,7.93114382004318,-inf,-0.0005464700120102721,0.6668542238644187,8.9498898075534,False
vector_thrust,cruise_40,1.0057851197693475,2428.721514111247,-929.1517260352331,-2.919727988135225,7.655969831273841,-inf,-0.000542127344849621,0.6667628707571674,8.977030209151692,False
vector_thrust,cruise_40,1.0171159686379172,2428.220919184766,-945.8070785641734,-3.3462781949012648,7.34217724282073,-inf,-0.0006215842640633759,0.6666254412048999,9.001482866054124,False
vector_thrust,cruise_40,1.0013105341400514,2426.7597049789797,-952.3125906803471,-3.5863102075525166,6.454729458706594,-inf,-0.0006669736283130192,0.6662242904871332,9.01840462966901,False
vector_thrust,cruise_40,0.9995221409118062,2425.349809697876,-970.1816308666673,-3.6508099603231225,5.842714673108802,-inf,-0.0006797587632867498,0.6658372284795567,9.02444393718061,False
vector_thrust,cruise_41,0.9811027625608977,2385.729408363836,-1495.364901399383,-16.48702954942616,2.217960157987918,-inf,-0.0031725933433229586,0.6549601425804339,9.02444393718061,False
vector_thrust,cruise_41,1.0037131447111733,2429.371762445557,-908.795235616384,-2.4405708852267702,8.793146090058778,-5.769926499695545,-0.0004529161720292074,0.6669413850263295,9.0304831789505,False
vector_thrust,cruise_41,0.9979800396622059,2423.9611840236335,-978.8679979758631,-2.665479206349312,5.5972144334488485,-13.460685745277901,-0.0004968649221224423,0.6654560056692899,9.047404758361203,False
vector_thrust,cruise_41,0.999982010359617,2429.084990466819,-909.0860168234065,-2.817603699719962,8.531139012842576,-61.411321294569,-0.0005230086219318251,0.6668626568120467,9.071857149080877,False
vector_thrust,cruise_41,1.0129249490287957,2429.399440948603,-915.2994868573217,-2.3694018770862586,8.925500052635341,-4.794659138639608,-0.00043969875321645235,0.6669489836736185,9.0989972552386,False
vector_thrust,cruise_41,1.0038847150210324,2426.785795898695,-945.839229830168,-3.339454868441367,6.7817493117765,-inf,-0.0006210506923685817,0.6662314532912789,9.123449645958274,False
vector_thrust,cruise_41,1.0007866133733971,2426.8218341342813,-942.4173133481416,-3.3299861847606294,6.802206728044765,-inf,-0.0006192713737101323,0.6662413469564342,9.140371225368977,False
vector_thrust,cruise_41,1.0008435398830429,2426.7628144977084,-943.2182618333661,-3.3470004266251627,6.77174160966289,-inf,-0.0006224657568500772,0.6662251441509319,9.14641046713887,False
vector_thrust,cruise_42,0.9802544869029736,2384.312768886589,-1524.366375842736,-17.187708441579833,2.1727580296571483,-inf,-0.0033113561185607104,0.6545712290721585,9.14641046713887,False
vector_thrust,cruise_42,0.9984098396768902,2425.3545050014577,-975.8618566638047,-2.9303742227480645,5.693050065984213,-inf,-0.0005456158679375701,0.6658385174927586,9.152449642049971,False
vector_thrust,cruise_42,1.0038256488684658,2429.457016756041,-923.5197236301927,-2.932521276865519,7.881713110581742,-inf,-0.0005441731291511699,0.6669647901011692,9.16937103412652,False
vector_thrust,cruise_42,1.002033999457497,2428.706248089501,-932.4484562299862,-3.095064535045994,7.323837030502402,-inf,-0.0005746905941349798,0.6667586797387961,9.193823154140496,False
vector_thrust,cruise_42,0.9993582816087474,2427.318919454188,-948.8031602200554,-3.0713377261910813,6.545723389272971,-inf,-0.000570937084336491,0.666377813007806,9.220962959837559,False
vector_thrust,cruise_42,1.0104604679691198,2427.2906583719914,-959.8422076666044,-3.557164780481489,6.505961236481279,-inf,-0.00066126384066589,0.6663700544236346,9.245415079851536,False
vector_thrust,cruise_42,1.0100414020612791,2427.709598872059,-952.9474317285209,-3.541673135224902,6.7519955826869476,-inf,-0.0006581567908571346,0.6664850671860606,9.262336471928084,False
vector_thrust,cruise_42,1.0080485126866123,2427.478333879051,-954.3815300713635,-3.5997865658846604,6.623162531727372,-inf,-0.0006690836040627757,0.6664215774406338,9.268375646839187,False
vector_thrust,cruise_43,0.979893510974573,2383.4455616957825,-1525.0428223494855,-17.196808254564015,2.1706310046343154,-inf,-0.0033155206356964566,0.6543331525562945,9.268375646839187,False
vector_thrust,cruise_43,1.0036688782215963,2428.624658460836,-918.9732554773019,-2.855945646417626,8.106183797184869,-378.8670464225163,-0.0005303267061194919,0.6667362807380393,9.274414753734657,False
vector_thrust,cruise_43,0.9986615710894555,2424.7773292273155,-967.7948062955309,-2.956629187408268,5.899206841172936,-inf,-0.0005507664718691374,0.6656800640126611,9.291335955235635,False
vector_thrust,cruise_43,1.0080924993069402,2428.134392442218,-929.4287688081077,-2.918698008800255,7.735206747709931,-inf,-0.000542198212440148,0.6666016868061665,9.315787799859933,False
vector_thrust,cruise_43,1.0025626737258042,2427.8765173507604,-928.030888349317,-2.95033785496876,7.53780859447524,-inf,-0.0005481922896483288,0.6665308917251833,9.342927299897518,False
vector_thrust,cruise_43,0.9984105771237958,2421.703349471204,-1010.6098663008295,-3.7279203950993085,4.909167358028923,-inf,-0.0006962081541360504,0.664836156815016,9.367379144521815,False
vector_thrust,cruise_43,0.9985437128891504,2422.1355609001976,-1004.3062175518317,-3.688541589856184,5.028553744156817,-inf,-0.0006886081419130948,0.6649548128780908,9.384300346022794,False
vector_thrust,cruise_43,1.0075838790315237,2426.135726947256,-956.9761055185229,-3.5500038192613603,6.487283541864852,-inf,-0.0006605610991646811,0.6660529882685361,9.390339452918264,False
vector_thrust,cruise_44,0.9809487614957854,2385.59442955531,-1506.7209801957556,-16.76539719220434,2.2004014694289076,-inf,-0.0032265246193053953,0.6549230865172577,9.390339452918264,False
vector_thrust,cruise_44,1.0032434333788331,2430.3443520317546,-909.1347449825796,-2.4766883201384617,8.77679807172844,-6.402149311839781,-0.00045925097970359247,0.6672083924295223,9.396378490599297,False
vector_thrust,cruise_44,1.0085246791713809,2429.8222932955064,-921.5169990811423,-2.683614809901041,8.260008452254295,-14.918808508690772,-0.0004978351026113126,0.6670650703649454,9.413299498165733,False
vector_thrust,cruise_44,0.9982958969129012,2425.3476446857117,-973.7829886948399,-2.786214859572141,5.746640990554748,-36.057623075379,-0.0005187773039732245,0.6658366341134603,9.437751062546495,False
vector_thrust,cruise_44,0.9990703902057663,2429.105914875092,-922.9069471389082,-2.792616426864909,7.714191189391333,-39.405197797279094,-0.0005183615093318824,0.6668684012411416,9.464890251537222,False
vector_thrust,cruise_44,1.0054239270388874,2427.8619335514923,-945.4292830302451,-3.2784484753805567,6.879330028648877,-inf,-0.0006091647315849969,0.666526887999021,9.489341815917987,False
vector_thrust,cruise_44,1.0004206839428613,2427.841555414146,-941.0431861044397,-3.3359031324414317,6.866063249080592,-inf,-0.000619850720509117,0.6665212935390228,9.50626282348442,False
vector_thrust,cruise_44,1.0059564919349393,2428.237096214821,-940.2200733360241,-3.247684183645409,7.126664217225241,-inf,-0.0006032620028149332,0.6666298823246154,9.512301861165453,False
vector_thrust,cruise_45,0.9791296193704578,2381.932184464115,-1540.7384431872424,-17.570105378368673,2.1467662348216843,-inf,-0.0033917977008327094,0.6539176813951663,9.512301861165453,False
vector_thrust,cruise_45,0.9982310314413454,2421.7904953921516,-1003.8126245164867,-3.140031722813613,5.0338749110647925,-inf,-0.0005863747425011613,0.6648600811983131,9.518340828388942,False
vector_thrust,cruise_45,1.0133829015224405,2428.6605364743045,-920.2189827992275,-2.9845289260340917,8.583773448065832,-inf,-0.0005541872385144375,0.6667461304170241,9.535261638537719,False
vector_thrust,cruise_45,0.9989840621816057,2423.851615112658,-975.2981079885486,-3.3599822784341766,5.684784193185697,-inf,-0.000626382027826636,0.6654259254475752,9.559712917641702,False
vector_thrust,cruise_45,0.9983984216354732,2422.89246378014,-987.4974984749749,-3.316195539456224,5.38096520441369,-inf,-0.0006187086859470117,0.665162607281106,9.586851789999091,False
vector_thrust,cruise_45,0.9994929946939457,2423.1700272005683,-985.9281009175388,-3.999949032375293,5.419885417916684,-inf,-0.0007461068737151192,0.6652388074473031,9.611303069103077,False
vector_thrust,cruise_45,1.0038161301519921,2425.1629641115314,-961.5298928818087,-3.8814111217540854,6.199600176176106,-inf,-0.000722806670474356,0.6657859333027258,9.628223879251854,False
vector_thrust,cruise_45,1.000397280783006,2424.6240028028715,-966.05116691097,-3.9626714777322047,5.956684367962246,-inf,-0.0007382672937926922,0.6656379709335118,9.63426284647534,False
vector_thrust,cruise_46,0.9797222489607788,2383.252892937927,-1535.4664059880504,-17.451562859508698,2.1557276505763663,-inf,-0.0033651810031678393,0.6542802587299146,9.63426284647534,False
vector_thrust,cruise_46,0.9996898696738329,2428.8644496292436,-924.0442195733666,-3.023281180852673,7.6478514999398515,-inf,-0.0005612887588073252,0.6668021111952986,9.640301741951339,False
vector_thrust,cruise_46,1.0009511447927133,2428.3971845006167,-931.948288788065,-3.1070470835051225,7.292215810653362,-inf,-0.0005770623680366174,0.6666738317541369,9.657222351068123,False
vector_thrust,cruise_46,0.9992388453285926,2426.096461038263,-962.2800365557341,-3.252549758731264,6.080951365441379,-inf,-0.0006052324166466039,0.6660422085022883,9.68167333967246,False
vector_thrust,cruise_46,1.0002616147098318,2428.093773069275,-935.6245545666314,-3.172047090592362,7.09148767637482,-inf,-0.0005892818650775604,0.6665905354701427,9.708811889599565,False
vector_thrust,cruise_46,1.0021788747114457,2426.1093352917374,-964.9468045819775,-3.8578580884274536,6.06417118942692,-inf,-0.0007178601917613907,0.6660457429026531,9.733262878203902,False
vector_thrust,cruise_46,1.0075854594382927,2426.6869920693316,-961.5074535150351,-3.685849758761805,6.344667743805602,-inf,-0.0006855268426578973,0.6662043284338074,9.750183487320687,False
vector_thrust,cruise_46,0.9995624052006021,2426.1061643851735,-961.6388068739648,-3.902916159872132,6.100429145841625,-inf,-0.0007262463788296416,0.6660448723859015,9.756222382796686,False
vector_thrust,cruise_47,0.9809669143763532,2385.8115725689786,-1514.9170251976002,-16.96809154709717,2.1885017339723842,-inf,-0.003264939043666934,0.6549826993210796,9.756222382796686,False
vector_thrust,cruise_47,1.0000222260922087,2431.070484174008,-912.5841987816398,-2.6829809283628125,8.37602187654957,-14.862902730367113,-0.0004972065541920593,0.667407739266492,9.762261205185698,False
vector_thrust,cruise_47,1.0030820950150208,2430.89930112634,-917.3830869240047,-2.7526337630556745,8.245118246272375,-24.83101083566992,-0.0005101863740529563,0.6673607439647972,9.779181609517293,False
vector_thrust,cruise_47,1.0041489194631819,2430.638194529279,-921.8674908325519,-2.832690083284948,8.028533439214794,-91.9883025175794,-0.000525137202832811,0.6672890617306595,9.80363230219846,False
vector_thrust,cruise_47,1.0007425843248599,2430.5980515047604,-919.2701423102639,-2.8148680834653,7.996827220248374,-57.899360694781095,-0.0005218505150156106,0.6672780411677363,9.830770523675628,False
vector_thrust,cruise_47,1.007042675822141,2428.701571243233,-951.3053258814873,-3.4327834339259247,6.7284858193535655,-inf,-0.0006374005862185818,0.6667573957927259,9.855221216356796,False
vector_thrust,cruise_47,1.0011008708771207,2428.524941739762,-947.9846025905085,-3.487876973033412,6.638608312121366,-inf,-0.0006477245856545122,0.6667089052621689,9.87214162068839,False
vector_thrust,cruise_47,1.0018193003671847,2428.608693212737,-947.3050407077541,-3.4938401164490127,6.69109283615061,-inf,-0.0006487872358708761,0.6667318977593433,9.878180443077405,False
vector_thrust,cruise_48,0.9803933294893757,2384.5406779195882,-1520.7294522786653,-17.100359450607865,2.178294089787612,-inf,-0.003293897866214514,0.6546337974976577,9.878180443077405,False
vector_thrust,cruise_48,0.9997767520259676,2429.2731007815946,-921.9669285965076,-2.7918532581061006,7.769062882088285,-38.97469990705774,-0.0005181485242820504,0.666914299197874,9.88421919098743,False
vector_thrust,cruise_48,1.0000906820564415,2429.433798456452,-919.3234937865086,-2.868708736864331,7.923322589566391,-inf,-0.0005323419342373411,0.6669584159244684,9.901139386633545,False
vector_thrust,cruise_48,1.00239300755245,2429.0617464641286,-926.4141003416403,-2.9498546064904465,7.64536979785313,-inf,-0.0005475677503757584,0.6668562755790104,9.925589777755457,False
vector_thrust,cruise_48,1.0033987394452082,2429.3663585127847,-922.704697209492,-2.839511148314691,7.902283162388671,-118.44711962125209,-0.0005269530374932116,0.6669399014714189,9.952727664527098,False
vector_thrust,cruise_48,1.026339898755891,2428.0918316112584,-961.4174106455708,-3.121103967901584,7.032985173528243,-inf,-0.0005798189169220089,0.6665900024769144,9.97717805564901,False
vector_thrust,cruise_48,1.0010916281423514,2427.1131628952407,-952.2469955801253,-3.5706354719166398,6.456839515215112,-inf,-0.0006638650792588057,0.6663213261553104,9.994098251295126,False
vector_thrust,cruise_48,0.998708066699958,2423.7953282231606,-995.8929636545868,-3.629356325173702,5.213263304543575,-inf,-0.0006766312957836954,0.6654104728698264,10.000136999205152,False
vector_thrust,cruise_49,0.980961437341269,2385.683337132328,-1510.3428354548425,-16.855049269846802,2.1951004055803027,-inf,-0.0032435365214859933,0.6549474945323144,10.000136999205152,False
vector_thrust,cruise_49,0.9998358289825422,2430.035637794709,-917.7005210889156,-2.655200448772982,8.02992182163806,-12.74700857107712,-0.000492477493315138,0.6671236403532798,10.006175671188515,False
vector_thrust,cruise_49,0.9999088372976532,2429.89547262924,-919.4079839706968,-2.741902023560618,7.928286376023411,-22.55087760318341,-0.000508617277393733,0.6670851604668188,10.023095654092847,False
vector_thrust,cruise_49,0.9995887197575933,2428.8729484365867,-933.0698638373117,-2.864733994936119,7.212885579639273,-inf,-0.0005318498808108844,0.6668044443937117,10.047545737793971,False
vector_thrust,cruise_49,0.9993738082476976,2428.544932132889,-937.0765724139862,-2.7803283137006907,7.029749426082587,-33.434254130128714,-0.0005163190591956175,0.666714393273796,10.074683283354284,False
vector_thrust,cruise_49,0.9998427126942384,2427.434971709345,-953.1425899482206,-3.520224320466916,6.396930950144372,-inf,-0.0006543189383979499,0.6664096731178913,10.099133367055408,False
vector_thrust,cruise_49,1.00360197221619,2427.8837288108075,-950.3799500085039,-3.3646476412410573,6.62406901654502,-inf,-0.0006251700746852006,0.6665328715049874,10.11605334995974,False
vector_thrust,cruise_49,0.9993016348578211,2426.170321597114,-969.9873187572784,-3.471746682983579,5.861181962499456,-inf,-0.0006459811093188479,0.6660624856225629,10.122092021943102,False
vector_thrust,cruise_50,0.9803553815688214,2384.292098246956,-1514.3824950133196,-16.942646526679717,2.18720676973855,-inf,-0.003264199483535692,0.6545655543107904,10.122092021943102,False
vector_thrust,cruise_50,0.999954840184094,2429.1133411568953,-910.1035467685822,-2.755595767827549,8.465159399596569,-25.540213935270014,-0.0005114866595466068,0.6668704399964889,10.128130616493,False
vector_thrust,cruise_50,0.9998704289037997,2428.013148854957,-925.2945993634805,-2.81905532564842,7.559889966324005,-63.450543284074335,-0.0005237401774512803,0.6665684015069532,10.145050382433585,False
vector_thrust,cruise_50,0.9976231966039204,2422.1886700100445,-1003.5558869945493,-2.97084021001617,5.043277130971293,-inf,-0.000554597256866847,0.6649693930522026,10.16950015261301,False
vector_thrust,cruise_50,0.9976891211226911,2422.543485317303,-998.009187399005,-2.8604305633375295,5.155134051888803,-936.8674644260416,-0.0005338295461180136,0.6650668013682577,10.196637350190489,False
vector_thrust,cruise_50,1.0001340982672855,2426.114352941819,-952.4924811372869,-3.5932634944905906,6.397495663851477,-inf,-0.0006686223527333598,0.6660471204104298,10.221087120369914,False
vector_thrust,cruise_50,0.9949330844110429,2413.6888332022368,-1118.834051858416,-3.610777193608327,3.5940709378215177,-inf,-0.0006788166540601415,0.6626359120178341,10.2380068863105,False
vector_thrust,cruise_50,0.9949405475099717,2413.6459314944746,-1119.3639485293572,-3.6287344761063576,3.589815092596056,-inf,-0.0006822168278274297,0.6626241341068378,10.244045480860397,False
vector_thrust,cruise_51,0.981591265048439,2386.6870849995294,-1487.687556593968,-16.307436735411493,2.2314144246453402,-inf,-0.00313551654496359,0.655223055894769,10.244045480860397,False
vector_thrust,cruise_51,1.0237885580839372,2432.248762029123,-891.9617456981442,-1.7623383784594082,12.582767144963153,-1.5997862640081133,-0.0003262779141943031,0.6677312147743512,10.25008399640717,False
vector_thrust,cruise_51,1.0028871524592422,2430.6261187785726,-897.4092349230419,-2.2982600767339214,9.689720929890003,-4.065228771674585,-0.000426066327321594,0.6672857465452169,10.267003540985918,False
vector_thrust,cruise_51,1.0036215967411504,2430.2894227517763,-902.6798918016714,-2.4116955600279018,9.286043086373622,-5.3371891297143685,-0.00044721962262399815,0.6671933125596426,10.291452991288223,False
vector_thrust,cruise_51,1.0159208385050513,2431.3925798649266,-896.5360504014852,-2.0748087285784,10.989735964827625,-2.6299596647006815,-0.00038439900319155217,0.667496164986068,10.318589833828884,False
vector_thrust,cruise_51,1.0001935504340982,2427.8859778556234,-933.6938163786682,-3.11590942723167,7.168172215706159,-inf,-0.0005789520710729514,0.6665334889407737,10.343039284131189,False
vector_thrust,cruise_51,0.9970870931049752,2420.9554280091184,-1026.2768251599432,-3.108950811738053,4.644422941378787,-inf,-0.0005809712264988348,0.664630828102661,10.359958828709939,False
vector_thrust,cruise_51,0.9967830622894964,2420.1384877513415,-1037.2027832482834,-3.129679071807615,4.477775747646503,-inf,-0.0005852396332502779,0.6644065514911401,10.36599734425671,False
vector_thrust,cruise_52,0.9797974559980345,2383.1053087227447,-1523.7225567369496,-17.16171974089043,2.1720602041716752,-inf,-0.003309700516033827,0.6542397420735495,10.36599734425671,False
vector_thrust,cruise_52,0.9996636238524738,2427.7315902285386,-918.9181391930093,-2.832359708787304,7.888541770258641,-91.0012403945487,-0.0005263340046670729,0.666491104527062,10.372035779163783,False
vector_thrust,cruise_52,0.999594365515989,2427.9021181548887,-915.7651811087633,-2.933340208532619,8.073756027703281,-inf,-0.0005450225203988482,0.6665379199766955,10.38895509779511,False
vector_thrust,cruise_52,1.001491614823613,2427.2405029082925,-927.4947458306765,-2.987387821688858,7.497557899096498,-inf,-0.0005553673520943097,0.66635628512124,10.413404221593932,False
vector_thrust,cruise_52,1.001845047108508,2426.945196985498,-931.420426530395,-2.8815019576580543,7.317318436571065,-inf,-0.0005358131157892357,0.6662752140623763,10.440540701743066,False
vector_thrust,cruise_52,0.9989507752205543,2422.660112135919,-989.8543271390688,-3.6903935156053644,5.32618505033364,-inf,-0.0006886555645545673,0.6650988192146579,10.464989825541888,False
vector_thrust,cruise_52,0.9999658282062042,2425.3964461842534,-952.6577724055944,-3.6211431548438116,6.373628072184198,-inf,-0.0006742090546458808,0.6658500317084813,10.481909144173216,False
vector_thrust,cruise_52,0.9999679574000983,2425.341170394927,-953.3490105832855,-3.6386566858743876,6.349426884898968,-inf,-0.0006775007236222504,0.6658348567105408,10.487947579080288,False
vector_thrust,cruise_53,0.981887451087546,2387.3912568548044,-1488.6503421746615,-16.33715312385624,2.230907385872583,-inf,-0.0031393775042209047,0.6554163739203235,10.487947579080288,False
vector_thrust,cruise_53,1.0003285323024376,2432.1861121052616,-888.8992932717086,-2.1120388069812335,10.363723161378623,-2.809830059265856,-0.0003910413157846214,0.6677140153371808,10.493985931639747,False
vector_thrust,cruise_53,1.003272557115113,2431.825110059585,-896.4396403891451,-2.1902475644689177,9.866649044558027,-3.2524755467064312,-0.00040564197587109166,0.6676149085606623,10.510905019538196,False
vector_thrust,cruise_53,1.000043016825922,2431.231029720658,-901.7724649644733,-2.4374373161191034,9.143730509341598,-5.720128775097862,-0.0004516430755499742,0.6674518142289566,10.535353809918345,False
vector_thrust,cruise_53,0.9998741527858988,2431.695769673898,-895.3372892246342,-2.307296352672778,9.695600429779352,-4.147533830753736,-0.0004273653047276494,0.6675794004275297,10.562489920000672,False
vector_thrust,cruise_53,0.9998173553461781,2428.87985239131,-934.181980100438,-3.0426960017002513,7.163389630997592,-inf,-0.0005648860624289112,0.6668063397533254,10.586938710380823,False
vector_thrust,cruise_53,1.001595045115651,2429.6379269117942,-925.1659795762276,-2.947651504308082,7.688539550792868,-inf,-0.0005468993158565373,0.6670144558096905,10.60385779827927,False
vector_thrust,cruise_53,1.001337455288354,2429.5675230886513,-925.8733128481811,-2.968246649266847,7.6375541235087345,-inf,-0.0005507524014535538,0.6669951276755433,10.609896150838729,False
vector_thrust,cruise_54,0.9814352648196657,2386.5202617205514,-1500.0788690106806,-16.61039124860357,2.2118016743331963,-inf,-0.0031942137200395232,0.6551772574910599,10.609896150838729,False
vector_thrust,cruise_54,1.0082597972767637,2431.944469175581,-899.7233882510062,-2.2070165192261695,9.981285189160284,-3.3611167963797657,-0.0004087075270664266,0.6676476765113599,10.615934419266518,False
vector_thrust,cruise_54,1.005465056187317,2431.3782722617048,-904.8880162703464,-2.3401150022485395,9.289610579856676,-4.4703605444854855,-0.0004335572955246855,0.6674922370846835,10.632853271433255,False
vector_thrust,cruise_54,1.0064958242575774,2430.4331503976746,-919.4815223912587,-2.4870686255236674,8.292059723327,-6.606298701863203,-0.0004611420956789217,0.6672327704625884,10.657301721171216,False
vector_thrust,cruise_54,1.009164625531359,2431.363430067019,-908.6304478634903,-2.3889205030939986,9.256145335418658,-5.03302205063406,-0.0004426049817358648,0.6674881624205941,10.684437453169236,False
vector_thrust,cruise_54,0.9998035835521757,2428.2833816179605,-943.0794567522007,-3.2418070352745176,6.779931967787467,-inf,-0.000602147358388144,0.6666425891697979,10.708885902907197,False
vector_thrust,cruise_54,1.000278494868746,2428.914069956597,-934.5732204672132,-3.1879128470928295,7.158444229135546,-inf,-0.0005918293502886973,0.6668157335854006,10.725804755073936,False
vector_thrust,cruise_54,1.0002941775349534,2428.8616872401417,-935.2707452997296,-3.2039849179751183,7.127103433958959,-inf,-0.0005948387532931955,0.6668013528298472,10.731843023501723,False
vector_thrust,cruise_55,0.9820491908784015,2387.5464051610234,-1480.7964363284964,-16.145785453163903,2.2437595186000783,-inf,-0.0031022007236300476,0.6554589671651426,10.731843023501723,False
vector_thrust,cruise_55,0.998933449002609,2428.7562968941834,-927.4810762435799,-2.141204223964975,7.472087032481965,-2.963690055381495,-0.0003975617308535537,0.6667724197598295,10.737881205932363,False
vector_thrust,cruise_55,0.9994290035691802,2429.8447396628167,-911.9667186138283,-2.192015796905134,8.371061124037459,-3.26367478957465,-0.0004066314746385654,0.6670712326211856,10.754799817140446,False
vector_thrust,cruise_55,0.9990581346062898,2428.5498500520407,-929.3738162186575,-2.2654637428482913,7.3753205849955,-3.7874074876419863,-0.0004207047654061131,0.666715743402196,10.779247918683062,False
vector_thrust,cruise_55,1.005587370799519,2431.316745854473,-896.431733885981,-2.0766654779260554,10.034992342907127,-2.638526851536352,-0.0003847670034828993,0.6674753460892874,10.806383264213405,False
vector_thrust,cruise_55,0.9991907781065054,2426.99543341708,-951.0386678242849,-2.9633513047262987,6.4603842563555,-inf,-0.0005510101286985027,0.6662890055930825,10.830831365756021,False
vector_thrust,cruise_55,1.0034311194964851,2429.092134388545,-925.7239203946559,-2.7831719926672895,7.732189340897663,-34.65353919926769,-0.0005166143083993361,0.66686461805039,10.847749976964105,False
vector_thrust,cruise_55,0.9995306640794934,2427.933136041175,-938.0804838616111,-2.904368176256401,6.973034773083953,-inf,-0.0005396256505254951,0.6665464353930515,10.853788159394744,False
vector_thrust,cruise_56,0.9836923671382932,2390.7465172854545,-1447.3767407362773,-15.353286202578213,2.3059607433108815,-inf,-0.0029420404707595944,0.656337501791049,10.853788159394744,False
vector_thrust,cruise_56,0.9981435221815758,2429.5408185255715,-927.7102286218906,-1.5267592639786478,7.4823999380107376,-1.1415808180603195,-0.000283293444084011,0.6669877964063803,10.859826253875584,False
vector_thrust,cruise_56,1.0124742735036563,2434.860588896148,-865.7387733973882,-1.313272685528997,16.22297869188854,-0.8466564067302311,-0.00024261691243184397,0.6684482460064871,10.876744618653802,False
vector_thrust,cruise_56,0.9992940121191072,2431.66932621213,-899.2701440509554,-1.736946521654332,9.359247007511593,-1.541182131255694,-0.00032173015983745734,0.6675721408391497,10.901192364094952,False
vector_thrust,cruise_56,1.0140531850250405,2434.581763757292,-871.3301761448585,-1.4131400358384105,15.126343768344888,-0.9738092603690301,-0.0002611264303067746,0.6683716994576372,10.928327314382484,False
vector_thrust,cruise_56,1.0034609700707333,2431.7106154426497,-902.20800770916,-2.2975961856689975,9.37535176612672,-4.059285933801292,-0.00042556341047290475,0.6675834760728161,10.952775059823631,False
vector_thrust,cruise_56,1.0094321029868758,2432.5662659047184,-895.1466169173174,-2.066457006698534,10.57727018943198,-2.591918048106996,-0.0003824823287692127,0.6678183798916109,10.969693424601852,False
vector_thrust,cruise_56,1.0003738948729837,2431.728096880557,-898.9344596774157,-2.2888579134756846,9.417262558299697,-3.982339924175523,-0.0004239388022419562,0.6675882752948169,10.975731519082693,False
vector_thrust,cruise_57,0.980585472229048,2384.6018847711016,-1513.2393833045526,-16.917077939557995,2.1893148142392387,-inf,-0.0032584266181522447,0.6546506007646391,10.975731519082693,False
vector_thrust,cruise_57,0.9988389713213911,2426.634411020435,-947.9127933347659,-2.6425389450912626,6.563602875653315,-11.95916519605911,-0.0004915039962641308,0.6661898932295627,10.981769523567584,False
vector_thrust,cruise_57,0.997893723270728,2423.96619130735,-983.9163107956047,-2.7065564115314964,5.476885993534564,-17.246157912699204,-0.0005045199307946376,0.665457380331163,10.99868763618276,False
vector_thrust,cruise_57,1.0112040707353944,2429.1892662939586,-923.345965793083,-2.5831062255845967,8.276273428056312,-9.211969589053401,-0.0004794396190539467,0.6668912839104811,11.023135017237749,False
vector_thrust,cruise_57,1.004986400009298,2429.119079196846,-918.4597421192626,-2.6494459975265023,8.225443104227374,-12.377391789254663,-0.0004917810864783222,0.6668720152746622,11.050269563087161,False
vector_thrust,cruise_57,1.0080832867990146,2427.2411532456317,-948.4020922464204,-3.3385252132692225,6.846417922189456,-inf,-0.0006206448659349657,0.6663564636599439,11.074716944142152,False
vector_thrust,cruise_57,1.0146353641698995,2427.6626174653875,-947.5816901585139,-3.080586162407034,7.1448846348639306,-inf,-0.0005724941576338342,0.6664721692653223,11.091635056757328,False
vector_thrust,cruise_57,1.005426894016387,2426.7854060428176,-951.8710991347602,-3.2729518386414402,6.609623513164438,-inf,-0.0006086830751080609,0.6662313462631891,11.097673061242219,False
vector_thrust,cruise_58,0.9803904396167611,2384.1331605448036,-1514.137537782429,-16.93521675233875,2.1873492831440373,-inf,-0.0032632030883017102,0.6545219207538171,11.097673061242219,False
vector_thrust,cruise_58,0.9979716605745058,2423.463103067662,-983.2188845685637,-2.6520243528651357,5.486137990112387,-12.540513289191331,-0.0004945600642526126,0.6653192662835089,11.103710973584564,False
vector_thrust,cruise_58,0.9987366493624344,2425.408982162354,-956.8648085877219,-2.728281939045445,6.2360970245067096,-20.17828518662584,-0.0005079648314506843,0.6658534732412784,11.120628828022062,False
vector_thrust,cruise_58,1.0024805058365096,2428.267061376515,-920.5421918131824,-2.8322745286766837,7.941754575717089,-90.75013637933142,-0.0005260860784331975,0.6666381087339083,11.145075835999497,False
vector_thrust,cruise_58,0.9993887268457748,2426.7887648812934,-937.7689142746165,-2.8064635999812766,6.9590222715771635,-49.21773325258951,-0.0005219270706537142,0.6662322683733494,11.17220996776406,False
vector_thrust,cruise_58,1.0089441330359474,2426.6320501334544,-949.8513256649078,-3.3529797814870306,6.8076063361877805,-inf,-0.0006236449880216874,0.6661892450894726,11.196656975741496,False
vector_thrust,cruise_58,1.0090766555725825,2426.988045931278,-944.2216203507393,-3.2171184719270967,7.049608728561539,-inf,-0.0005981996302693877,0.6662869774884962,11.213574830178993,False
vector_thrust,cruise_58,1.0019120362208733,2426.365970267891,-946.5225977960122,-3.3546499607725364,6.6755414909002555,-inf,-0.0006240924925702683,0.666116197531742,11.219612742521338,False
vector_thrust,cruise_59,0.9804203444959407,2384.1587364758334,-1512.3932413193393,-16.89254039863413,2.189955381204276,-inf,-0.0032549100572924743,0.6545289421768564,11.219612742521338,False
vector_thrust,cruise_59,0.9925680474616451,2410.2746010097494,-1157.260313556875,-2.7301701594103416,3.317157189239457,-20.478256645938814,-0.0005147199808419939,0.6616985944847751,11.225650560466425,False
vector_thrust,cruise_59,0.9924968160928065,2409.6962077739845,-1165.2410239258834,-2.8293560149384667,3.2675732318091306,-82.90380620703662,-0.000533675627934058,0.6615398067719538,11.242568150408689,False
vector_thrust,cruise_59,0.9958520579629512,2417.713625675344,-1057.9812034287506,-2.883417054888993,4.1934660666304575,-inf,-0.0005402715604538918,0.663740848161389,11.267014776179435,False
vector_thrust,cruise_59,0.9943021573374936,2413.9906526523923,-1107.2981385273831,-2.850814501519207,3.6868945203814287,-225.01741682624757,-0.0005358116492436812,0.6627187712513308,11.294148483726582,False
vector_thrust,cruise_59,1.007309194858653,2426.4689795680333,-948.4359604458999,-3.3553510677863048,6.799131474160511,-inf,-0.0006241699268064909,0.6661444769274152,11.318595109497329,False
vector_thrust,cruise_59,1.0311347048810569,2428.309646056391,-942.1936062073138,-2.8457822931366166,8.207836197497851,-160.76437827748106,-0.0005285765636153578,0.6666497996104619,11.335512699439592,False
vector_thrust,cruise_59,0.9978351381540199,2420.9714072310867,-1014.9777136745365,-3.4093983054490207,4.826059740541398,-inf,-0.0006371075928221238,0.6646352149176377,11.34155051738468,False
vector_thrust,cruise_60,0.9848089566256248,2392.4037288613986,-1405.7976103613814,-14.34821409284912,2.3890420059634305,-inf,-0.0027456379399856427,0.6567924601472904,11.34155051738468,False
vector_thrust,cruise_60,0.9997972350814659,2438.1085838592953,-794.439376515634,-0.07262353588742326,-123.86481450213046,-0.02599426637543183,-1.338090954375147e-05,0.6693399260254808,11.347588238561226,False
vector_thrust,cruise_60,1.0086395450747712,2437.261224692471,-813.2653767517508,-0.16057401437416843,153.30129533943602,-0.059346672049373564,-2.9606390500122927e-05,0.6691072984362939,11.364505557364057,False
vector_thrust,cruise_60,1.0060248289845592,2435.468497425624,-836.222585220404,-0.733411247902281,27.921756052873118,-0.344033187719903,-0.00013542439171196566,0.6686151366252411,11.388951791326974,False
vector_thrust,cruise_60,1.0103529310100312,2433.5846516837105,-865.9345356620167,-1.377992337313883,15.532383921423726,-0.9271080868717023,-0.00025484038211625985,0.6680979598358712,11.416085064000239,False
vector_thrust,cruise_60,1.0094774309064858,2434.4381315587084,-853.2506642053065,-1.0903306426160035,19.401948045125245,-0.6144946671178663,-0.0002015000202463362,0.6683322677580766,11.440531297963155,False
vector_thrust,cruise_60,0.9999645737875752,2431.827879085687,-881.8112534572705,-1.9177204233020688,11.097229683781109,-2.0269633319140063,-0.0003551681292750241,0.6676156687481858,11.457448616765987,False
vector_thrust,cruise_60,1.003419559556417,2431.2707351991016,-892.8894721538406,-2.112411179469696,10.188936720756262,-2.8117188798013104,-0.00039140482266103135,0.6674627146712832,11.463486337942532,False
vector_thrust,cruise_61,0.9901021419663428,2398.199478996402,-1021.1626597434815,-6.966335907034918,4.509501343570689,-inf,-0.0013266249582088493,0.6583835816388873,11.463486337942532,False
vector_thrust,cruise_61,0.9825613196128086,2409.0733026872017,-1158.2525793505874,5.1162581784288435,3.3060319493711794,0.639188286555987,0.0009655322463752467,0.6613687991115617,11.469523959853294,False
vector_thrust,cruise_61,1.0229898807791196,2453.488833963592,-569.2754887777994,5.697246498346272,-2.3080105292693354,0.6633584324294908,0.0010365999867827178,0.6735623037879871,11.48644100051958,False
vector_thrust,cruise_61,0.9917124995786468,2431.546248948407,-855.995115817698,5.06190873392895,15.53446022565052,0.6367662625181367,0.0009376993223380986,0.6675383521362427,11.510886832563541,False
vector_thrust,cruise_61,1.0312752553372313,2453.2658139373625,-575.7949705069138,5.645355244795207,-2.3339078819428867,0.6613378940958539,0.001027345261954061,0.6735010775535007,11.538019659140419,False
vector_thrust,cruise_61,0.9991239980436661,2447.8926531728257,-635.3752922589752,3.650946903587843,-3.9025790563612324,0.5590572939444001,0.0006673215342755046,0.672025970557665,11.562465491184382,False
vector_thrust,cruise_61,0.9906031651215069,2424.8943885259855,-948.0403256840888,3.754844315456249,6.5230803696957205,0.5659049592537878,0.0006993919644646673,0.6657122005888707,11.579382531850666,False
vector_thrust,cruise_61,0.9899936791289032,2423.2350939266635,-970.2781518735829,3.717449399094085,5.806350579475689,0.5634597557716188,0.0006933752353435955,0.6652566703751152,11.585420153761428,False
vector_thrust,cruise_62,0.996776738352478,2414.112462243728,-1110.9527832240633,-7.330038479732138,3.657933421348215,-inf,-0.0013775444424179316,0.6627522119370302,11.585420153761428,False
vector_thrust,cruise_62,1.0090044404970293,2443.652387718405,-725.1274694698873,1.8807233930995806,-8.850133188721763,0.3957112856019949,0.0003449534022521562,0.6708618800883644,11.591712007276332,False
vector_thrust,cruise_62,1.003304803409663,2442.3610043260164,-739.3302031304545,1.4568217936328973,-11.659491079039553,0.3366500124755183,0.00026748601188766955,0.6705073534401035,11.609341389067897,False
vector_thrust,cruise_62,1.00718400950847,2441.1210668284,-759.3995944806903,1.0701320729883714,-16.272776612486695,0.2716411594066478,0.00019668584387927428,0.670166950359443,11.634816583862124,False
vector_thrust,cruise_62,0.9996511178349182,2438.779775108852,-786.3740622127666,0.5153532418517137,-54.612743899909525,0.15232772940238723,9.49017459416882e-05,0.6695241898045026,11.663091916897258,False
vector_thrust,cruise_62,1.0021862043912713,2438.4556810869126,-793.2587013902393,0.1699494111208169,-84.71191181337535,0.05596074079694935,3.130432103669709e-05,0.6694352154782127,11.688567111691484,False
vector_thrust,cruise_62,1.0255360436512306,2438.3131152840288,-813.441766384663,0.133225932169686,-103.01641237675263,0.04440668560805957,2.4542803451057512e-05,0.6693960765388777,11.70619649348305,False
vector_thrust,cruise_62,1.0258822235957248,2438.2386439798183,-814.7345655542432,0.11406272611074442,-118.16746226218562,0.03826419794501367,2.1013852451586777e-05,0.6693756317491822,11.712488346997954,False
vector_thrust,cruise_63,0.9958558644277534,2412.197701840818,-1137.928193874552,-7.971032136490584,3.44946859235861,-inf,-0.001500386409908552,0.6622265480699961,11.712488346997954,False
vector_thrust,cruise_63,1.0018379656234933,2441.8561394034273,-745.1231839607354,1.3066392946932008,-13.181560816441376,0.31283702527614327,0.0002400103259407854,0.6703687516353373,11.718779982480442,False
vector_thrust,cruise_63,0.997330708416068,2434.34521678009,-846.0428250691394,0.965707977523768,19.06804785039837,0.2518281782242853,0.00017848258502588244,0.668306759636142,11.736408753358754,False
vector_thrust,cruise_63,0.9977406943885218,2433.236391348511,-862.5497448492504,0.25824314803887566,14.245906463438937,0.08262594093355911,4.777212508784839e-05,0.6680023510723635,11.761883065357752,False
vector_thrust,cruise_63,0.9958517528570725,2427.5867673313974,-938.8425618247934,-0.06422755268340996,6.93342186372072,-0.02291994602903686,-1.1936752492787109e-05,0.6664513459421078,11.790157418564103,False
vector_thrust,cruise_63,0.9996855849421045,2436.730852582318,-814.9685253017246,-0.5478897368563723,59.279636538311806,-0.23639995381142048,-0.00010106305014745248,0.6689616940808005,11.815631730563103,False
vector_thrust,cruise_63,1.011185109724397,2435.59442453298,-840.7494308740894,-0.6737128278511321,27.775146172961346,-0.30740676831742353,-0.0001243882146873396,0.6686497077027069,11.833260501441414,False
vector_thrust,cruise_63,1.0036958728451912,2435.1549663062683,-840.9521764954713,-0.8631376371885335,23.130692730898037,-0.4311650056015755,-0.00015941941362754847,0.6685290621584903,11.839552136923903,False
vector_thrust,cruise_64,0.9972154990265165,2414.6699118773527,-1111.2319081435567,-7.3430925190111855,3.6587174268952776,-inf,-0.0013793606086031007,0.662905249951417,11.839552136923903,False
vector_thrust,cruise_64,1.0304650120462495,2446.0889667729602,-710.8284352123002,2.543430698172054,-6.277818959687951,0.46943904599270403,0.00046557512840117996,0.6715308001089608,11.845843547404431,False
vector_thrust,cruise_64,0.998462977546485,2439.6991286221178,-778.8690398666403,1.6593137214580225,-35.45562988836327,0.36624677758245,0.0003053305941472246,0.6697765821780967,11.863471687841265,False
vector_thrust,cruise_64,1.030748108414972,2443.8314855344247,-743.4618396048706,1.7928327062649139,-9.156049679168737,0.38435185126667903,0.00032878471185961806,0.6709110482508162,11.888945088825933,False
vector_thrust,cruise_64,1.0191633670486009,2441.700053485275,-765.9424390444412,1.2101654772245412,-15.359868206528095,0.296611721370372,0.00022231793224365492,0.670325900985616,11.917218430882661,False
vector_thrust,cruise_64,1.0044912303987832,2439.917159947805,-780.8606840484478,0.4865324746865398,-33.08542018287632,0.14504779834330767,8.951092195419458e-05,0.6698364388523945,11.94269183186733,False
vector_thrust,cruise_64,1.010010159609178,2439.157962497796,-795.857160065294,0.257371772485029,-60.36392764597398,0.0823703984285485,4.7380039727827904e-05,0.6696280145154343,11.960319972304163,False
vector_thrust,cruise_64,1.0168635081939024,2438.8514713584505,-804.9832618849,0.25302092155413913,-83.99252332461184,0.08109110572379014,4.6590791411686984e-05,0.6695438727516528,11.966611382784693,False
vector_thrust,cruise_65,0.9961211127588407,2412.4544001798718,-1145.3427766982827,-8.155707135041627,3.4014434024324594,-inf,-0.0015348210835796723,0.6622970200942573,11.966611382784693,False
vector_thrust,cruise_65,1.0049973176520333,2443.0427759165395,-740.9688994502803,1.4924569762159556,-11.676423175674358,0.34205886321601053,0.0002738760391136071,0.6706945218660663,11.972902560840476,False
vector_thrust,cruise_65,1.005712505360651,2441.6060361860377,-761.2069012516573,0.9926631327830818,-17.283656378832138,0.2570463120435746,0.0001823749025851046,0.6703000901859932,11.99053005003764,False
vector_thrust,cruise_65,1.0001472305935202,2439.9986576778383,-779.4889696235069,0.47946026070715414,-36.042529660675726,0.14324217907571926,8.820390283405679e-05,0.6698588126239946,12.016002509953717,False
vector_thrust,cruise_65,1.0025100050318059,2438.4607875087654,-802.2219517399506,-0.0021331574562181415,-740.6663501826321,-0.0007446951260845657,-3.9290596027555104e-07,0.6694366173567212,12.04427480750311,False
vector_thrust,cruise_65,1.0056322333283099,2437.4785339926357,-818.7134458629657,-0.30217922427067,64.58188487243909,-0.11786354414847004,-5.5705408347369606e-05,0.669166956891155,12.069747267419189,False
vector_thrust,cruise_65,1.030771355327108,2438.221315488,-827.6469317076093,-0.10657891792707895,494.6961085037402,-0.03861832450925621,-1.9635384491602003e-05,0.6693708745158465,12.08737475661635,False
vector_thrust,cruise_65,1.0238045132192344,2436.7569864811035,-843.3577572295218,-0.572243682310069,37.301038164399074,-0.24953477992389014,-0.00010555308399954636,0.6689688686840957,12.093665934672131,False
vector_thrust,cruise_66,0.9946157750104293,2409.175783189905,-1173.368598846478,-8.808134348661856,3.219536530518249,-inf,-0.0016621159327814647,0.6613969333351776,12.093665934672131,False
vector_thrust,cruise_66,1.0151281769403155,2440.6677545342877,-763.8306507094336,1.1011142039400263,-15.811120829909383,0.2773180344382562,0.00020245541553864444,0.6700425014241427,12.099956872381657,False
vector_thrust,cruise_66,1.0098744712406427,2439.9504375124206,-770.1117213839926,0.8627908722611873,-20.281393979417917,0.2312143344493043,0.0001587295893674272,0.6698455746237814,12.117583688143577,False
vector_thrust,cruise_66,1.0128793999370855,2436.727930598727,-817.5465305685675,0.001110582143575072,127.834590598453,0.00038726955529525773,2.0479588149409096e-07,0.6689608919014826,12.14305517491753,False
vector_thrust,cruise_66,1.0079162328910367,2436.470470884212,-818.154301363683,-0.29439136573678865,75.25836451538319,-0.1144774623143883,-5.431466710316164e-05,0.6688902108549497,12.171326392360653,False
vector_thrust,cruise_66,1.021595188503441,2435.751545115239,-838.9791374364138,-0.5192696323785696,40.72970295911514,-0.22131323996023405,-9.586085808122521e-05,0.6686928424013017,12.196797879134607,False
vector_thrust,cruise_66,1.0131494116245097,2434.0925524173645,-855.8220356788285,-1.0444274818954673,19.54282734410487,-0.573760502316814,-0.00019307163574708094,0.6682373950692905,12.214424694896525,False
vector_thrust,cruise_66,1.071789278088584,2436.9285172758287,-859.9992923862794,-0.06141173425195714,472.4142289003342,-0.02189314988302415,-1.1326092134022577e-05,0.6690159594536423,12.220715632606051,False
vector_thrust,cruise_67,0.9899238144155443,2400.4914962106627,-1303.0818483852702,-11.90311654193429,2.662369620321435,-inf,-0.0022624276642389525,0.6590128147431054,12.220715632606051,False
vector_thrust,cruise_67,1.0011749144442685,2431.7315298748285,-877.354530416938,-1.8752641419049771,11.793868095107298,-1.8969024646476145,-0.00034733260846727803,0.6675892177631494,12.227006321497342,False
vector_thrust,cruise_67,0.9997123599065512,2429.546717124229,-907.1500553205515,-2.251232993460106,8.679467568860927,-3.676117828423499,-0.0004177190644430384,0.666989415763129,12.24463244008606,False
vector_thrust,cruise_67,1.0040473850457257,2429.052798965114,-918.2529477537836,-2.66102284842278,8.183809319093092,-13.142373582711258,-0.0004939568974440453,0.6668538192001731,12.270102919415548,False
vector_thrust,cruise_67,1.0160288792952377,2428.7634534988515,-933.0291814733977,-2.9383642625946473,7.954757034277329,-inf,-0.0005455688368101199,0.6667743844800519,12.298373018679676,False
vector_thrust,cruise_67,1.0079123442917366,2426.5129700330276,-958.6056546752483,-3.5757118713638336,6.449326694975701,-inf,-0.0006651378200941945,0.6661565537376032,12.323843498009163,False
vector_thrust,cruise_67,0.9980846727908868,2420.2632689075626,-1036.797110374692,-4.075095725378445,4.48451535820115,-inf,-0.0007619508463265338,0.6644408079678318,12.341469616597882,False
vector_thrust,cruise_67,0.9998509535610075,2424.173370950328,-984.8492428744737,-4.2273139009303,5.458176691193131,-inf,-0.0007878644516602314,0.6655142578664058,12.347760305489173,False
vector_thrust,cruise_68,0.9898497357887631,2400.3450011559903,-1305.5271668648593,-11.96174484729638,2.65466469678186,-inf,-0.0022738486819285316,0.658972597096645,12.347760305489173,False
vector_thrust,cruise_68,1.0011875801912848,2431.6207114162403,-879.496538719503,-1.9064686516185514,11.502208042320163,-1.9913704909796146,-0.00035314443039666986,0.6675587945000656,12.35405073648063,False
vector_thrust,cruise_68,1.0003541035605295,2430.3234548440523,-897.414382301888,-2.2783119564735927,9.479234902742359,-3.8925360398733604,-0.00042247342273803406,0.6672026554733574,12.371676132450075,False
vector_thrust,cruise_68,1.003771030148294,2428.7942695908782,-922.2906035217463,-2.722272661047505,7.926649035002296,-19.27699649315989,-0.0005054340813770974,0.6667828444973349,12.397145567564461,False
vector_thrust,cruise_68,1.01615437824425,2428.84842003806,-932.3852589030774,-2.975159115275439,7.999984910423819,-inf,-0.0005523619237072689,0.6667977105523379,12.42541450783726,False
vector_thrust,cruise_68,1.00811809677209,2426.476496696786,-959.8115999871255,-3.6069592683676555,6.414193217613958,-inf,-0.0006709704909488536,0.6661465406231983,12.450883942951647,False
vector_thrust,cruise_68,0.9980347765148329,2419.9728218259047,-1041.33466891732,-4.138029167636217,4.419924770638979,-inf,-0.0007739037140394856,0.6643610708185358,12.468509338921091,False
vector_thrust,cruise_68,0.9998371207073218,2424.2291624715344,-984.4918529198005,-4.2736490092673245,5.467186421541646,-inf,-0.000796463483499801,0.6655295744494837,12.47479976991255,False
vector_thrust,cruise_69,0.9897888264509066,2400.2082914756734,-1306.9320022113652,-11.994856667446632,2.6501468718272605,-inf,-0.0022804027697672044,0.6589350658529932,12.47479976991255,False
vector_thrust,cruise_69,1.0010312592845811,2431.642400039878,-878.5814335725552,-1.8958102765630716,11.605512570756026,-1.958418298725367,-0.0003511638635751966,0.6675647487310779,12.481089933245045,False
vector_thrust,cruise_69,1.0005169893070838,2430.3344264401,-896.9547294418469,-2.2538114206448734,9.531123710293109,-3.6958970068570256,-0.00041792645001713363,0.667205667532515,12.498714579250734,False
vector_thrust,cruise_69,1.0033878015365498,2428.8243201629334,-921.0408938584056,-2.709181754443913,7.978164704224349,-17.556622541549057,-0.000502991095454908,0.6667910943545439,12.524182930636096,False
vector_thrust,cruise_69,1.0159175087092633,2428.8020644083126,-932.3986720110252,-2.9627246408505714,7.985522221076384,-inf,-0.0005500743613802189,0.6667849844276725,12.552450668060425,False
vector_thrust,cruise_69,1.007693494864989,2426.481166822549,-958.8993516008237,-3.5936687188889627,6.431539118494765,-inf,-0.000668495595223929,0.6661478227242718,12.577919019445785,False
vector_thrust,cruise_69,0.9980166591941539,2419.870271824051,-1042.3378343941436,-4.138601603947945,4.405649044125896,-inf,-0.0007740763763272781,0.6643329175151477,12.595543665451478,False
vector_thrust,cruise_69,0.9998252755685663,2424.2196270651166,-984.1789958784501,-4.253077071530525,5.474296543095293,-inf,-0.0007926358062379026,0.6655269566709858,12.601833828783972,False
vector_thrust,cruise_70,0.9900882711566386,2400.9644342849388,-1308.9516915526629,-12.052403990018618,2.6459507843018164,-inf,-0.002289900370049027,0.6591426515919423,12.601833828783972,False
vector_thrust,cruise_70,1.0082786134544144,2432.7858870820287,-885.5493760286498,-1.787352247685743,11.60597527572739,-1.660222580890953,-0.0003307628579040715,0.6678786730317718,12.608123713942465,False
vector_thrust,cruise_70,1.0141891885443195,2431.80981925288,-904.4609733229876,-2.072240567622619,10.026303439101433,-2.6181763439565673,-0.00038379146859826926,0.6676107107380155,12.625747580521926,False
vector_thrust,cruise_70,1.0020940949381796,2429.7908398361765,-921.9205293149051,-2.796550862274563,7.892338838360846,-41.78034967341325,-0.0005187992050872954,0.6670564353696543,12.651214805603754,False
vector_thrust,cruise_70,1.0080654939256353,2428.8574429650835,-940.4561467458027,-3.173253488189988,7.218723300548458,-inf,-0.0005891353405036507,0.6668001876386116,12.679481292925471,False
vector_thrust,cruise_70,0.9963691288878045,2417.7264833818417,-1083.7942858457182,-3.9051759458030886,3.918748839952048,-inf,-0.0007317127634299018,0.6637443780190717,12.7049485180073,False
vector_thrust,cruise_70,0.9967556106189542,2417.7125063366025,-1084.7838158911,-4.270301593810174,3.9090894790250577,-inf,-0.0008001356023538094,0.6637405408665805,12.72257238458676,False
vector_thrust,cruise_70,0.9962797740542401,2415.44089128786,-1116.3009055888465,-4.4047755057323155,3.6227791100276407,-inf,-0.0008268853754940358,0.6631169088188736,12.728862269745255,False
vector_thrust,cruise_71,0.989715954538109,2400.192884570217,-1315.887279136919,-12.214561905971365,2.6239182747121172,-inf,-0.0023222018543431187,0.6589308361574716,12.728862269745255,False
vector_thrust,cruise_71,1.0226295424046428,2432.7353579171477,-893.6197577796977,-1.6882005031709486,12.222835073035162,-1.4357755199690967,-0.0003124270665431376,0.6678648011362758,12.735151865367902,False
vector_thrust,cruise_71,1.0151195808583402,2431.082391962023,-910.7256776097693,-2.2074506871405983,9.508581034343141,-3.364003111311926,-0.0004090778976549012,0.667411008340725,12.75277492068595,False
vector_thrust,cruise_71,0.9999190537968928,2428.6722335905306,-931.0956546563335,-2.9349580602921947,7.297850886633823,-inf,-0.000544977339989801,0.6667493416550145,12.778240973461072,False
vector_thrust,cruise_71,1.0137084667035088,2428.5159173862235,-945.9789746500994,-3.154685206347893,7.198603564572353,-inf,-0.0005858527609191386,0.6667064277842706,12.806506159620511,False
vector_thrust,cruise_71,0.9971407661111437,2418.998833732526,-1063.0492348469593,-3.99212776329596,4.144743152655288,-inf,-0.0007472182566799619,0.6640936794797381,12.831972212395632,False
vector_thrust,cruise_71,1.0000436799617411,2424.724466511033,-987.642535156507,-4.314389693712931,5.40316582756581,-inf,-0.000803727708475214,0.6656655514815785,12.84959526771368,False
vector_thrust,cruise_71,0.9998366701831674,2424.4104601814265,-991.8366481174016,-4.460756797956996,5.306107946076258,-inf,-0.000831209710570254,0.6655793465541926,12.855884863336327,False
vector_thrust,cruise_72,0.9891753616329563,2399.121482064282,-1327.5199661989293,-12.489669297748616,2.5887979928713905,-inf,-0.0023766258729082082,0.6586367014012046,12.855884863336327,False
vector_thrust,cruise_72,1.0112722304423158,2431.34834391351,-899.1927865244727,-2.1095680008827564,10.260715172229888,-2.7973421361868014,-0.0003908530620116677,0.6674840207818906,12.86217415710842,False
vector_thrust,cruise_72,1.0017070937076558,2429.7646554983194,-913.3446975540528,-2.7239120201338656,8.379618893335461,-19.51517479346617,-0.0005053345776363486,0.6670492469191971,12.879796366660004,False
vector_thrust,cruise_72,1.008486147434287,2428.884908572845,-931.6903067016698,-2.953463377864292,7.6584676406854735,-inf,-0.0005483174628733301,0.6668077278392363,12.905261197267178,False
vector_thrust,cruise_72,1.0267757813183294,2428.297822325201,-956.7157091644774,-3.1265942050181548,7.2572849558544394,-inf,-0.0005807403182973091,0.6666465536125551,12.933525026922531,False
vector_thrust,cruise_72,0.9991297105557221,2423.128699130863,-1004.615286491998,-4.1790803722828755,5.034101003960786,-inf,-0.0007795466711572867,0.6652274615510201,12.958989857529703,False
vector_thrust,cruise_72,0.9997189384846894,2424.3252516915736,-989.1040246575562,-4.577459499311911,5.364397517382668,-inf,-0.0008530158494308933,0.6655559540586031,12.97661206708129,False
vector_thrust,cruise_72,0.9995096345705341,2423.8520104698405,-995.523532468386,-4.720520424958459,5.221560925491092,-inf,-0.0008800189842213751,0.6654260339859517,12.982901360853383,False
vector_thrust,cruise_73,0.9901789305909408,2401.0418159660617,-1305.1173286618603,-11.958416941956749,2.657561331699213,-inf,-0.002271896824471351,0.6591638953745454,12.982901360853383,False
vector_thrust,cruise_73,1.0046196473527844,2432.6809347562876,-880.1949141666275,-1.8078200542415834,11.88778221981858,-1.7118058672253873,-0.0003345794455040673,0.6678498602125181,12.989190339382853,False
vector_thrust,cruise_73,1.0275296719639078,2432.7439917690035,-898.0861506968956,-1.7536926761265077,12.196971197380192,-1.579531118912225,-0.00032454508124193416,0.6678671714087898,13.006811665644246,False
vector_thrust,cruise_73,1.0041038864230585,2430.0433614200483,-916.030171703434,-2.6900487734745466,8.357725540562006,-15.509388511165163,-0.0004989378696667537,0.6671257607390769,13.032275219860106,False
vector_thrust,cruise_73,1.015709443882017,2429.2571836566976,-938.035551462749,-2.934591192064026,7.686071417423497,-inf,-0.0005446468281625571,0.6669099294305586,13.060537632827984,False
vector_thrust,cruise_73,1.0171274482840387,2427.91332799699,-958.3184891819495,-3.3752074936461294,6.80680145536523,-inf,-0.0006271168625489282,0.666540997442126,13.086001187043843,False
vector_thrust,cruise_73,0.9971369903320582,2418.5224575497796,-1070.1673189709063,-4.168629220302251,4.063006452112406,-inf,-0.0007805619554376134,0.6639628987585552,13.103622513305234,False
vector_thrust,cruise_73,0.9964765114957974,2416.5272318126413,-1097.2917476944333,-4.300015326777239,3.786478944534494,-inf,-0.0008064936956695904,0.6634151445460719,13.109911491834707,False
vector_thrust,cruise_74,0.9890915072204416,2398.905510088082,-1328.7342829755517,-12.51738076395502,2.5849911491966413,-inf,-0.0023823279150215516,0.6585774100851695,13.109911491834707,False
vector_thrust,cruise_74,1.0135358167887858,2431.181757350289,-900.5901687514178,-2.103270771164732,10.31315217582485,-2.7658825008055916,-0.00038973973932594135,0.6674382873643386,13.11620014050503,False
vector_thrust,cruise_74,1.000548897180137,2429.202618426148,-917.1006029863935,-2.761030000142245,8.067193092811957,-26.947982941511977,-0.0005124576784417265,0.6668949495040609,13.133820542521633,False
vector_thrust,cruise_74,1.011211216298382,2428.55564880928,-935.7772457651014,-2.9799693439335027,7.569744081944021,-inf,-0.0005533883827382518,0.6667173353492352,13.159282761165075,False
vector_thrust,cruise_74,1.0277096399443404,2428.0651412005545,-958.02715213863,-3.1407598405622137,7.231776583705783,-inf,-0.0005834832880144484,0.666582675093038,13.187543691759405,False
vector_thrust,cruise_74,1.0564815704838522,2428.719527609737,-973.4326862017763,-3.0522684142738603,7.78342222812926,-inf,-0.0005667380265294163,0.6667623253980384,13.213005910402847,False
vector_thrust,cruise_74,0.999836009236532,2424.1163201049885,-988.9349605222019,-4.596512576439716,5.36536527114256,-inf,-0.0008567140756420752,0.6654985955579871,13.23062631241945,False
vector_thrust,cruise_74,0.9996066289531044,2423.5902869195684,-996.0812819402145,-4.754472455392521,5.206870513589027,-inf,-0.0008865399063770556,0.6653541823781365,13.236914961089775,False
vector_thrust,cruise_75,0.9890853311256732,2398.8851566934277,-1328.9665535679399,-12.522888763264191,2.5843116470501117,-inf,-0.0023834166500427342,0.6585718224178432,13.236914961089775,False
vector_thrust,cruise_75,1.0135894877936327,2431.2142850079335,-900.254750202157,-2.095689895138429,10.353606033121338,-2.728694722984546,-0.00038832459863126555,0.6674472172619262,13.243203263884872,False
vector_thrust,cruise_75,1.000755432484162,2429.274880488876,-916.3431964055018,-2.736972768258147,8.12527632125463,-21.633224016929415,-0.0005079623432467032,0.6669147877852766,13.26082269678062,False
vector_thrust,cruise_75,1.0113730133083954,2428.6151934994205,-935.1491579797871,-2.9618769074764986,7.61045589952878,-inf,-0.0005500015974122799,0.6667336822989806,13.286283515003852,False
vector_thrust,cruise_75,1.0278432606125065,2428.1298592909566,-957.2758305931507,-3.120514916554082,7.272317948142664,-inf,-0.0005796913288153856,0.6666004423090386,13.314542891249015,False
vector_thrust,cruise_75,1.0564969041181662,2428.768276248223,-972.784036743608,-3.0372959966874924,7.818813382625217,-inf,-0.0005639353446699396,0.6667757084812588,13.34000370947225,False
vector_thrust,cruise_75,0.9998267814603384,2424.1277809770977,-988.8227395670953,-4.593384343808711,5.3679928171527,-inf,-0.0008561229294456655,0.6655017419393011,13.357623142367997,False
vector_thrust,cruise_75,0.9996237020800658,2423.667642992589,-995.0720033575527,-4.730975913018295,5.228584076705676,-inf,-0.0008821023267184532,0.6653754191304847,13.363911445163092,False
vector_thrust,cruise_76,0.9890482651895426,2398.809000496882,-1330.0617403336278,-12.54903651710402,2.581159722612673,-inf,-0.0023885448702409585,0.6585509150705249,13.363911445163092,False
vector_thrust,cruise_76,1.0136164030998724,2431.170072760145,-900.8405860607949,-2.108340634813935,10.29458157514923,-2.7911692553876377,-0.00039068294926871425,0.667435079565164,13.37019938445726,False
vector_thrust,cruise_76,1.0007679238477665,2429.2152862260104,-917.133970211839,-2.7576313664940346,8.07738992742069,-26.05061618163407,-0.0005118215409907851,0.6668984272262096,13.387817798846042,False
vector_thrust,cruise_76,1.01137498711696,2428.556999357607,-935.9216953619025,-2.9797958274518463,7.570136400205461,-inf,-0.0005533555447882737,0.6667177061185782,13.413277145284065,False
vector_thrust,cruise_76,1.0278250901144044,2428.0673592431363,-958.111452092155,-3.1401799041251834,7.2328619100620015,-inf,-0.000583374482877899,0.6665832840177051,13.441534887970885,False
vector_thrust,cruise_76,1.0564677363675201,2428.70011188308,-973.723735536575,-3.058708369241802,7.767410176975235,-inf,-0.0005679428627244913,0.6667569951510057,13.46699423440891,False
vector_thrust,cruise_76,0.9998236028290216,2424.064054435837,-989.6650284366757,-4.612202033852512,5.348641288310933,-inf,-0.0008596754015618489,0.6654842469357168,13.48461264879769,False
vector_thrust,cruise_76,0.9996190449587441,2423.6083941096094,-995.8498278675975,-4.749627489656936,5.211834612603987,-inf,-0.000885623259264392,0.6653591533894043,13.49090058809186,False
vector_thrust,cruise_77,0.9890481721051748,2398.800349068509,-1330.157660095059,-12.551314675887687,2.5808799081234786,-inf,-0.0023889957199919915,0.6585485399726866,13.49090058809186,False
vector_thrust,cruise_77,1.0137399347321139,2431.21376288562,-900.3971705666643,-2.096110071550007,10.352685814754375,-2.730736652056371,-0.0003884026228265763,0.6674470739224077,13.497188144395583,False
vector_thrust,cruise_77,1.0009658270202908,2429.258974067333,-916.7653035022614,-2.7445528263016103,8.111166004318301,-23.075815587515493,-0.000509375817716684,0.6669104209563791,13.514805485668981,False
vector_thrust,cruise_77,1.011538693588012,2428.598922964659,-935.5406044425871,-2.9675003668890603,7.597989550295853,-inf,-0.0005510532214169404,0.6667292155091887,13.540263281410349,False
vector_thrust,cruise_77,1.02797010300482,2428.108880922648,-957.7030602513194,-3.127615865947167,7.258000158018337,-inf,-0.0005810204965365159,0.6665946830661629,13.56851930295373,False
vector_thrust,cruise_77,1.0564964461949613,2428.748358979031,-973.0859193261117,-3.0439467455916938,7.802694707447474,-inf,-0.0005651794600722636,0.6667702405445245,13.593977098695097,False
vector_thrust,cruise_77,0.9998323708028947,2424.120243643458,-988.9408783464341,-4.5965721138322735,5.365286607790745,-inf,-0.0008567223991383019,0.6654996726966207,13.611594439968497,False
vector_thrust,cruise_77,0.9996040082426507,2423.60831556851,-995.8908029589845,-4.750599268160513,5.210993614109147,-inf,-0.0008858045160650515,0.6653591318273239,13.61788199627222,False
vector_thrust,cruise_78,0.9894548878620721,2399.6674190710314,-1325.2196702891488,-12.438484804595166,2.596368230410441,-inf,-0.002365809276493135,0.6587865788259146,13.61788199627222,False
vector_thrust,cruise_78,0.9989003849585596,2428.7283536531468,-930.9881674376724,-2.2546891140076415,7.304294347810186,-3.7026673728843944,-0.0004186423335798558,0.6667647484333709,13.624169147921604,False
vector_thrust,cruise_78,0.9997026200406255,2430.062993044704,-913.1043530776376,-2.7643647367678805,8.306942716086848,-27.888292939084113,-0.0005127133684692876,0.6671311502571164,13.64178535537874,False
vector_thrust,cruise_78,1.0118182123464405,2429.5345390559983,-931.8406527182949,-2.875249124917422,7.83152688798603,-inf,-0.0005335113773121226,0.6669860724882056,13.667241512708134,False
vector_thrust,cruise_78,1.0321473032362767,2429.125151737485,-955.5467923632614,-2.9893744748356053,7.5664996977276395,-inf,-0.0005548746712712184,0.6668736823841293,13.69549571575142,False
vector_thrust,cruise_78,0.9951506593369253,2413.6072607890274,-1136.9383973123145,-4.207306834301995,3.4628593890626482,-inf,-0.0007910161289683442,0.6626135177432786,13.720951873080816,False
vector_thrust,cruise_78,1.0001197235901482,2424.4211242675738,-993.4125395123712,-4.521912488638062,5.2752334568463635,-inf,-0.0008425979436774143,0.6655822741919034,13.738568080537952,False
vector_thrust,cruise_78,0.9999076247732889,2424.2452055425065,-995.7068088499723,-4.6694018960973045,5.222670637422354,-inf,-0.000870206904943872,0.6655339787930838,13.744855232187334,False
vector_thrust,cruise_79,0.9892464741985542,2399.242643034101,-1329.2452377562172,-12.533079643657771,2.584344997704059,-inf,-0.0023846454460212203,0.658669964019249,13.744855232187334,False
vector_thrust,cruise_79,1.0028118516132436,2431.325091367709,-896.4876017709216,-2.236799250021633,9.800012534454124,-3.568404206203137,-0.0004144339305625026,0.6674776372034933,13.751141954960685,False
vector_thrust,cruise_79,1.0102702784508202,2430.1215697388807,-920.2473540987851,-2.651700517428823,8.449911807997726,-12.519809992288454,-0.0004917935553828177,0.6671472314605569,13.76875696073388,False
vector_thrust,cruise_79,1.01588506969849,2429.3908622448944,-935.5294725241487,-2.8741684576204833,7.830205026739923,-inf,-0.0005333739391680137,0.6669466285410606,13.794211381579672,False
vector_thrust,cruise_79,1.007596127707463,2427.369440893525,-956.4625916102071,-3.537836257747102,6.53073630899943,-inf,-0.0006576280494908323,0.6663916827823896,13.822463657271562,False
vector_thrust,cruise_79,0.9969825679741648,2417.899651643223,-1077.8871310072693,-4.232735760010145,3.978407022182712,-inf,-0.0007929740446594902,0.6637919183263534,13.847918078117354,False
vector_thrust,cruise_79,0.9999706486336927,2424.553352829534,-989.5158654467286,-4.581785315083472,5.358342352197587,-inf,-0.0008536613241411238,0.6656185752231483,13.865533083890549,False
vector_thrust,cruise_79,0.9997394331653161,2424.030733754859,-996.599765386617,-4.739891434984935,5.201710064926029,-inf,-0.0008834999132603945,0.6654750993274894,13.8718198066639,False
vector_thrust,cruise_80,0.9892102503786435,2399.1517037203444,-1329.5930201904175,-12.540828563467933,2.583194747794053,-inf,-0.0023863007124969335,0.6586449982265252,13.8718198066639,False
vector_thrust,cruise_80,1.0013228492229618,2431.0688586904357,-896.8480505272249,-2.280033587866324,9.637044817737378,-3.90697500196203,-0.0004225334394136057,0.6674072930185021,13.878106073302774,False
vector_thrust,cruise_80,0.9972049155959165,2422.4973783317996,-1012.3487329686345,-2.8856080262094523,4.887228196898741,-inf,-0.0005385488046532479,0.6650541435045061,13.895719801015563,False
vector_thrust,cruise_80,1.0147212487077863,2429.154904497897,-935.9173858588831,-2.9063328975747917,7.745674052094305,-inf,-0.0005394476405758028,0.6668818504823777,13.921172375010554,False
vector_thrust,cruise_80,1.0065755267324175,2427.11146114763,-957.3550792490522,-3.579832279796376,6.460534355187885,-inf,-0.0006655759153858439,0.6663208589703673,13.949422600852708,False
vector_thrust,cruise_80,0.9960277923896215,2415.317010454788,-1110.8947536953754,-4.272877073764195,3.6649418267527043,-inf,-0.0008022070590216607,0.6630828995101031,13.974875174847702,False
vector_thrust,cruise_80,0.9999350953778688,2423.918104436096,-996.8531481512741,-4.6007910899317075,5.195164083997502,-inf,-0.000857651771511684,0.665444178924523,13.99248890256049,False
vector_thrust,cruise_80,0.9997198711683707,2423.4645063895778,-1002.9805682273038,-4.753409589467859,5.068945191117949,-inf,-0.0008864337263469389,0.6653196515409143,13.99877516919936,False
vector_thrust,cruise_81,0.9891143747152904,2398.9665412144477,-1332.0452285394306,-12.599202762135464,2.5761348768355012,-inf,-0.0023977784020445007,0.6585941651098954,13.99877516919936,False
vector_thrust,cruise_81,1.0088135279796433,2431.0312869993318,-903.2066049308171,-2.266081784740027,9.665772955538046,-3.79236184230969,-0.0004199608866033501,0.6673969783700445,14.005060948802395,False
vector_thrust,cruise_81,0.9954599051368276,2417.9808572613397,-1071.7867536420076,-2.905788302123514,4.042027635420867,-inf,-0.0005443429654721164,0.663814211903753,14.022673311871085,False
vector_thrust,cruise_81,1.029048880299052,2429.7904990887046,-938.3690377355587,-2.671758803914742,8.374680914985593,-13.934352404793279,-0.0004956486760523832,0.6670563418234156,14.048123913898221,False
vector_thrust,cruise_81,1.0224682602642094,2427.8455239770105,-960.9441426311602,-3.320107273294527,6.899213036817414,-inf,-0.000616913644021821,0.6665223830383141,14.07637195102118,False
vector_thrust,cruise_81,1.0440829622866448,2427.7870853204968,-980.6855730972579,-3.3804791560582856,6.920191529500065,-inf,-0.0006281616651575196,0.6665063397306917,14.101822553048317,False
vector_thrust,cruise_81,1.0000099570472352,2424.162151959409,-992.6757315354178,-4.688660614225312,5.285231159060791,-inf,-0.0008738559052621536,0.665511177889328,14.119434916117006,False
vector_thrust,cruise_81,0.9998045715826216,2423.7170028700516,-998.714068835726,-4.828035241762036,5.155236911334938,-inf,-0.0009001626166262131,0.6653889700186396,14.125720695720041,False
vector_thrust,cruise_82,0.9892371522101583,2399.1814051137876,-1328.8758242167096,-12.523480999192067,2.5852177026506586,-inf,-0.0023829407721378815,0.6586531522228738,14.125720695720041,False
vector_thrust,cruise_82,0.9960931906150196,2421.1538229453345,-1028.2197897800302,-2.3632571696477047,4.616837119628958,-4.723466567272027,-0.0004415507023587866,0.6646852939508229,14.132005952964422,False
vector_thrust,cruise_82,1.0032654915141672,2429.762250261172,-915.558649537799,-2.6892536349082836,8.329497526074238,-15.434039668843354,-0.0004989058127179521,0.6670485866035472,14.149616852416697,False
vector_thrust,cruise_82,1.0108238830452878,2428.879341849319,-935.245592537809,-2.973631226257971,7.587559422926011,-inf,-0.0005520642021928306,0.6668061995929812,14.175065339456832,False
vector_thrust,cruise_82,1.0066488115049521,2427.1046371438288,-956.4009559649755,-3.563308413392243,6.495918440873658,-inf,-0.0006625074612147377,0.6663189855598761,14.20331102912132,False
vector_thrust,cruise_82,1.0328355648111995,2427.323225517164,-977.0719868168533,-3.536104494337684,6.647699863422837,-inf,-0.0006573311719263501,0.6663789951618302,14.228759516161457,False
vector_thrust,cruise_82,1.0001038351493143,2424.188553948877,-992.2342983165775,-4.59398755306376,5.296951162248113,-inf,-0.0008561924265233544,0.6655184260922155,14.24637041561373,False
vector_thrust,cruise_82,0.9998682524313276,2423.908348297555,-995.9721554133289,-4.755187115021777,5.2130376473503715,-inf,-0.0008864404845506064,0.6654415005478943,14.252655672858111,False
vector_thrust,cruise_83,0.9888521809108005,2398.4387165598455,-1337.7765347479176,-12.734933690334332,2.559682908265067,-inf,-0.0024246764602968286,0.6584492601136188,14.252655672858111,False
vector_thrust,cruise_83,1.0142095368025554,2430.9920084563523,-906.7185193525595,-2.2446585022385137,9.77999319466645,-3.62643193886484,-0.0004160040663689129,0.6673861951353575,14.258940366982822,False
vector_thrust,cruise_83,1.000806103607591,2429.006487834407,-922.8900934815925,-2.8992177647883577,7.751525805450447,-inf,-0.0005381927560311403,0.6668411052919382,14.276549688608839,False
vector_thrust,cruise_83,1.0340452836787504,2429.64194472637,-943.2061293295473,-2.654893355732094,8.352243972685535,-12.726768270169059,-0.0004925801288269505,0.6670155588301748,14.301995895623973,False
vector_thrust,cruise_83,1.0276654679343502,2427.8063503501253,-964.5791163707719,-3.291443541255545,6.9480390261965255,-inf,-0.0006116073335951395,0.6665116286064996,14.330239054651628,False
vector_thrust,cruise_83,1.0054157373810404,2424.6770660697807,-988.7038452200372,-4.2448923052752585,5.4993216507268174,-inf,-0.0007908119576757659,0.6656525385222496,14.355685261666762,False
vector_thrust,cruise_83,0.9997165989984622,2423.060621669298,-1006.3228098911281,-4.755177509527381,5.001518146491351,-inf,-0.0008870590573971464,0.6652087720786194,14.37329458329278,False
vector_thrust,cruise_83,0.9994973964505154,2422.61206915416,-1012.3753389349715,-4.9128324758313795,4.887990989404933,-inf,-0.0009168083555696294,0.6650856298571085,14.37957927741749,False
vector_thrust,cruise_84,0.9903759968129113,2401.4531232293625,-1307.8484843393317,-12.029610837839979,2.6503827477671122,-inf,-0.002284639658408362,0.6592768125657708,14.37957927741749,False
vector_thrust,cruise_84,1.0008465972420382,2432.9083427092924,-882.7819729145199,-1.9369007953976003,11.139431074746891,-2.0896299765276756,-0.0003584018499086498,0.6679122910752981,14.385863360869818,False
vector_thrust,cruise_84,1.0202596481271426,2432.8415290030007,-900.7936469375318,-1.9787054099516252,11.031117581832614,-2.235629884864125,-0.0003661574376344315,0.6678939485447306,14.403470971429844,False
vector_thrust,cruise_84,1.028058749198607,2431.8133588618953,-921.5416444316231,-2.3038974613083285,9.608771380598592,-4.1162640266090795,-0.0004266944822393399,0.6676116824755549,14.428914705882983,False
vector_thrust,cruise_84,1.0081103104631914,2429.19181078771,-940.6316171209901,-3.1687358470066274,7.221246927230431,-inf,-0.0005881346689221548,0.666891982456588,14.457155120573866,False
vector_thrust,cruise_84,1.0178362460649497,2428.1035479624734,-964.7485329050805,-3.4562557071957816,6.59667716226772,-inf,-0.000642075086729452,0.6665932189955336,14.482598855027002,False
vector_thrust,cruise_84,0.9997581316044875,2426.192778401533,-974.6476650177352,-4.246616187284936,5.737090611520934,-inf,-0.0007901449338260236,0.6660686507441282,14.500206465587029,False
vector_thrust,cruise_84,1.00001852634712,2425.580759736007,-983.9166122380074,-4.36112423807092,5.499741923105195,-inf,-0.0008118603678816699,0.6659006317596493,14.506490549039357,False
vector_thrust,cruise_85,0.988838402317099,2398.3754104680943,-1338.3874263722719,-12.749303074793058,2.557935167306566,-inf,-0.0024275404758847463,0.6584318805370691,14.506490549039357,False
vector_thrust,cruise_85,1.000125055418574,2430.563087268269,-897.8464675007751,-2.465787206085421,9.436636988451374,-6.199230012288064,-0.0004571473001850752,0.6672684423501851,14.512773965632983,False
vector_thrust,cruise_85,1.0067938337850795,2429.1066384225537,-924.3750983293448,-2.7883292678736127,7.975335932124764,-37.100239146511946,-0.0005175654246323742,0.6668685998783997,14.53037970769644,False
vector_thrust,cruise_85,1.0044908565423931,2427.827805886839,-940.4777952071522,-3.280126323725467,7.046644681370506,-inf,-0.0006094936254408411,0.6665175188475873,14.55582074209381,False
vector_thrust,cruise_85,1.00626741225583,2426.3055311712174,-964.0146405747762,-3.7470310621405605,6.216210029956106,-inf,-0.0006971250316596171,0.6660996050383787,14.584058159948876,False
vector_thrust,cruise_85,0.999417948110082,2422.934959566169,-1005.2582335161655,-4.396413085493695,5.019858199653871,-inf,-0.0008202180830490219,0.6651742737534136,14.609499194346244,False
vector_thrust,cruise_85,0.9999236275709199,2423.291081355908,-1001.6013800784733,-4.792728860188894,5.093442756503774,-inf,-0.0008938940630245282,0.6652720407413067,14.627104936409703,False
vector_thrust,cruise_85,0.999709703375582,2422.819382074579,-1007.9988294532557,-4.943504172947721,4.968115584532594,-inf,-0.0009223742856033407,0.6651425439813343,14.633388353003326,False
vector_thrust,cruise_86,0.9888546696538518,2398.4046720165306,-1338.2436935031492,-12.746053787753976,2.5583770458185637,-inf,-0.0024268625744110674,0.6584399137816898,14.633388353003326,False
vector_thrust,cruise_86,1.0000250401432746,2430.580290364495,-898.0931041185476,-2.5371345957695484,9.409419729289876,-7.773325167958804,-0.00047036816869359466,0.6672731651583617,14.639671035346192,False
vector_thrust,cruise_86,1.00662339571587,2429.159568268291,-923.9464158990484,-2.78281799983931,7.992435132830246,-34.497073023633575,-0.0005165199214137184,0.6668831308386962,14.657274720084736,False
vector_thrust,cruise_86,1.004692042300885,2427.854646907357,-940.7405649166776,-3.271752137991458,7.044135506799965,-inf,-0.0006079241419399008,0.6665248875787451,14.68271278156147,False
vector_thrust,cruise_86,1.0061702448099095,2426.365803278219,-963.4991479388359,-3.737066811833439,6.230635452040786,-inf,-0.0006952366684260507,0.666116151687658,14.710946899723575,False
vector_thrust,cruise_86,0.9995091234072958,2423.22839404047,-1001.6781233489633,-4.384411610626339,5.091222653195937,-inf,-0.0008177809343591402,0.665254831038935,14.736384961200308,False
vector_thrust,cruise_86,0.9999428336601982,2423.3658841674696,-1000.9866503633101,-4.777549385538677,5.106256659091879,-inf,-0.0008910079236139821,0.6652925765405278,14.753988645938854,False
vector_thrust,cruise_86,0.9997350440763958,2422.906416414967,-1007.2175194141848,-4.924668183253839,4.98333278257735,-inf,-0.0009187937960515637,0.6651664377321469,14.760271328281718,False
vector_thrust,cruise_87,0.9894523750518079,2399.623180839261,-1328.1508563874072,-12.510223027767804,2.588185823555018,-inf,-0.00237954167475515,0.6587744339957061,14.760271328281718,False
vector_thrust,cruise_87,0.9983563681340465,2427.2448255025693,-951.7937319279474,-2.35770910354847,6.439249901015864,-4.660677779846923,-0.0004383059971609714,0.6663574718136427,14.76655319407278,False
vector_thrust,cruise_87,0.9995872336531761,2428.7917401975724,-931.729147843007,-2.789723274576077,7.271752969760562,-37.820318958136596,-0.0005179584608100098,0.6667821500967904,14.784154590884015,False
vector_thrust,cruise_87,1.0000548782631753,2428.6430912542532,-934.3091851614906,-3.187225091317964,7.154117073453794,-inf,-0.0005918337168492828,0.6667413411380001,14.809589346209995,False
vector_thrust,cruise_87,1.0071339787276317,2427.766815582174,-952.7322358359755,-3.5672889695728656,6.658096357285467,-inf,-0.0006628857904312629,0.666500775029743,14.837819794821602,False
vector_thrust,cruise_87,1.0256565273284144,2427.2404626557745,-977.525235436576,-3.714575041931051,6.395500751540849,-inf,-0.0006905543895808347,0.6663562740706176,14.863254550147582,False
vector_thrust,cruise_87,0.9993208208339762,2422.7905475377343,-1015.8365628140928,-4.621853538616517,4.830473232229738,-inf,-0.0008623802428819707,0.6651346279652527,14.880855946958816,False
vector_thrust,cruise_87,0.9982632192972505,2419.7558709432687,-1056.9998968592918,-4.77987626204504,4.220459660912474,-inf,-0.0008941037368944097,0.6643015107609173,14.887137812749877,False
vector_thrust,cruise_88,0.9887515017687051,2398.255929066834,-1343.33530492638,-12.869707866306587,2.5447644111826855,-inf,-0.0024507104103512994,0.6583990790150982,14.887137812749877,False
vector_thrust,cruise_88,0.9998923266922661,2430.7185845806735,-900.903417452148,-2.5758954427133043,9.186816336587684,-8.955900593163209,-0.00047749983757037313,0.6673111314085276,14.893418759247417,False
vector_thrust,cruise_88,0.9988670767974407,2426.1280078418545,-964.0985896786733,-3.010719611824902,6.027534845190738,-inf,-0.0005602182454953934,0.6660508691236086,14.911017580255447,False
vector_thrust,cruise_88,1.005112014597417,2427.9306659606323,-945.0723384979749,-3.328536106131169,6.883458178862062,-inf,-0.0006184364403308053,0.666545757275785,14.936448613437946,False
vector_thrust,cruise_88,1.0012730485286594,2426.1869930662183,-966.5027980143976,-3.911216891402856,5.99426741309408,-inf,-0.0007277424693166573,0.6660670624818428,14.964674930781973,False
vector_thrust,cruise_88,1.0017057561008493,2424.708072141329,-987.707963781586,-4.430446108178252,5.438528644645869,-inf,-0.0008253590203537825,0.6656610506950764,14.990105963964474,False
vector_thrust,cruise_88,0.9998883036631458,2423.581431872498,-1002.2174153934677,-4.875708160086304,5.084952054560836,-inf,-0.0009091526941464386,0.665351751380358,15.007704784972502,False
vector_thrust,cruise_88,0.9996849746699571,2423.1231344272005,-1008.4325213026186,-5.015523939633421,4.963614813288544,-inf,-0.0009355773521629155,0.665225933859283,15.01398573147004,False
vector_thrust,cruise_89,0.9902250445845903,2401.1384263439695,-1312.705843023905,-12.145970428938607,2.6353337233035106,-inf,-0.002307343128467302,0.6591904180584122,15.01398573147004,False
vector_thrust,cruise_89,1.0096713027209643,2433.4819760175433,-883.2094808670956,-1.8180757170790214,12.147660097678893,-1.7384123095046158,-0.00033625601269211136,0.6680697720335509,15.020265626846676,False
vector_thrust,cruise_89,1.0188217871681606,2432.707571852674,-902.4546608850246,-2.07187436080994,10.694479118416288,-2.6165026033847254,-0.00038344048271787357,0.6678571729598842,15.037861502679377,False
vector_thrust,cruise_89,1.0076970089072999,2430.576236636584,-922.0585195342019,-2.7625940363686077,8.20667253961601,-27.38126112066675,-0.000512168583507407,0.6672720522785014,15.06328827996022,False
vector_thrust,cruise_89,0.9981317119121028,2423.9637255360676,-1004.9832888803553,-3.4278093465891173,5.036739038690104,-inf,-0.0006389675254348511,0.6654567033969284,15.09150987360978,False
vector_thrust,cruise_89,1.0064526228044546,2427.459548822463,-964.5061280712247,-3.757604955006759,6.227519154891727,-inf,-0.000698427735068411,0.6664164203330012,15.116936650890624,False
vector_thrust,cruise_89,0.9985254430813137,2422.2233638810458,-1029.6189905517838,-4.30957240620436,4.605865363805742,-inf,-0.0008044891005209605,0.6649789176456532,15.134532526723326,False
vector_thrust,cruise_89,1.020891496087991,2426.9064837026463,-985.3293603954462,-3.989763587598016,6.009618539632791,-inf,-0.0007419171991312705,0.6662645860099378,15.140812422099962,False
vector_thrust,cruise_90,0.9892223369067541,2399.1601571332944,-1333.9820389414235,-12.648891709092789,2.571349201128158,-inf,-0.002406846281252044,0.6586473189627041,15.140812422099962,False
vector_thrust,cruise_90,1.0053227272109218,2431.0454958389037,-905.2329694170404,-2.3863366736300833,9.237482969579432,-5.000348174581692,-0.0004422419160488988,0.6674008791576022,15.147091091140663,False
vector_thrust,cruise_90,1.0003169821245899,2429.6513591891635,-919.9713510137119,-2.862343924847929,7.9055030139607245,-2511.2215536191206,-0.0005310657054504607,0.667018143405723,15.164683530856433,False
vector_thrust,cruise_90,1.0064178288551129,2428.606734219014,-939.9625421194199,-3.180302431081956,7.166018603779305,-inf,-0.0005905659341668097,0.6667313599519944,15.190105342804452,False
vector_thrust,cruise_90,1.0418731249688669,2429.2558483810417,-962.9900978881317,-2.9555285704749115,7.6465859879059845,-inf,-0.0005485333137508826,0.6669095628540596,15.218321425350348,False
vector_thrust,cruise_90,1.0033642491854835,2425.3849622810085,-982.6451900290813,-4.252797207693309,5.606086178224905,-inf,-0.0007918221994685149,0.6658468790043731,15.243743237298364,False
vector_thrust,cruise_90,0.9983436323451905,2419.87659926693,-1054.5847785815195,-4.739474668075004,4.250319998756333,-inf,-0.0008864579251887071,0.6643346546035515,15.261335677014136,False
vector_thrust,cruise_90,1.000064452019908,2423.852017440749,-1001.4709724388922,-4.8801235858527425,5.103826706167131,-inf,-0.0009097728617962335,0.6654260358996922,15.267614346054838,False
vector_thrust,cruise_91,0.9900404476825375,2400.6863433215162,-1313.9328981741842,-12.17155956625841,2.630708370690876,-inf,-0.002313075163459855,0.6590663065980737,15.267614346054838,False
vector_thrust,cruise_91,1.0114470180314674,2432.545556342872,-888.5874649360416,-1.8710418954036603,11.555989949743754,-1.8845766827232087,-0.00034631867217174044,0.667812694444832,15.27389154467792,False
vector_thrust,cruise_91,1.0114951055538537,2431.5991555498545,-901.5053511626587,-2.2547390443510342,10.067932161980584,-3.7030541639018932,-0.0004176636486188581,0.6675528767152271,15.291479864375074,False
vector_thrust,cruise_91,0.9981431069970165,2424.6146014580822,-987.1771915859081,-2.9651777100615204,5.411178653935156,-inf,-0.0005524330523337112,0.6656353899592814,15.316895722723693,False
vector_thrust,cruise_91,1.0052258172835447,2428.003661204144,-947.2983132751286,-3.342804094247944,6.801273474917769,-inf,-0.0006210500646024996,0.6665657968389185,15.345105197272785,False
vector_thrust,cruise_91,1.0061124524702845,2426.5548444397646,-968.6057189611765,-3.8275761487978297,6.075734568999032,-inf,-0.0007119639058185056,0.6661680496211309,15.370521055621404,False
vector_thrust,cruise_91,1.0038908310867405,2425.3758486380416,-983.3012287648122,-4.270975194880862,5.602524167295335,-inf,-0.0007952127089706079,0.6658443770136292,15.388109375318558,False
vector_thrust,cruise_91,1.0061858632614118,2425.125043409669,-989.1482055773471,-4.364033675945343,5.512905446252034,-inf,-0.0008127073375184186,0.665775522839489,15.39438657394164,False
vector_thrust,cruise_92,0.9890485203362033,2398.765626245823,-1336.3672329995616,-12.70352862691201,2.5641234138922377,-inf,-0.002418037864577542,0.6585390074310591,15.39438657394164,False
vector_thrust,cruise_92,1.0056049020559785,2430.562193177402,-906.8493430629112,-2.430370805852617,9.110811655619566,-5.610472892799752,-0.00045058156964472904,0.6672681968932278,15.400661939005893,False
vector_thrust,cruise_92,1.0022227725089152,2429.149314154273,-923.3429276815114,-2.8753422587985624,7.801502838260261,-inf,-0.0005336978905412631,0.666880315751639,15.418245121185375,False
vector_thrust,cruise_92,0.9998470578076115,2428.112694165342,-935.3742592740425,-3.3874327389702663,7.092192625595021,-inf,-0.0006292849744064452,0.6665957299250269,15.443653555605863,False
vector_thrust,cruise_92,1.0416129702392292,2428.7131437640496,-965.0373036841593,-3.0066287121093973,7.5200538994917405,-inf,-0.0005582666886784454,0.6667605728252333,15.471854790216378,False
vector_thrust,cruise_92,0.9984358468756906,2420.8039444287906,-1036.5667269397409,-4.385169857461742,4.492488934919142,-inf,-0.0008195614913020274,0.6645892409440242,15.497263224636864,False
vector_thrust,cruise_92,0.9982517345501111,2419.158634173271,-1059.9013669506253,-4.790699553832066,4.181943870793368,-inf,-0.0008965708198973952,0.6641375498864523,15.514846406816346,False
vector_thrust,cruise_92,0.9980263798756559,2418.2196883929196,-1072.9648873834117,-4.932594111734794,4.0312632609847565,-inf,-0.0009238431332256913,0.6638797787997489,15.5211217718806,False
vector_thrust,cruise_93,0.9924285559155458,2404.905607817529,-1245.3273385261227,-10.529903088689409,2.8718141789941822,-inf,-0.0019940803988391675,0.6602246316227831,15.5211217718806,False
vector_thrust,cruise_93,1.0083604695452066,2434.5272031042896,-842.2181343543,-0.97509111319862,24.550988216304226,-0.5159884231238757,-0.0001801898382232797,0.6683567207878247,15.534706851203026,False
vector_thrust,cruise_93,0.9997667898809954,2432.0206995981057,-870.641752117012,-1.4997375480262483,12.658245697816925,-1.0991461863679537,-0.0002777122845424672,0.6676686042361181,15.572771397600436,False
vector_thrust,cruise_93,1.0007671066493475,2430.8143859304605,-888.7286660052483,-2.0210579246836606,10.34569541569649,-2.398320632187632,-0.0003746187629771734,0.6673374319879211,15.627776260827797,False
vector_thrust,cruise_93,1.0035314237231885,2424.9917979347065,-973.5210102684536,-4.034162882541113,5.839346143694621,-inf,-0.0007513585652713144,0.665738942632625,15.68882705313255,False
vector_thrust,cruise_93,1.005803846224787,2425.959757386079,-963.0435632716992,-3.754139304354985,6.22646615270811,-inf,-0.0006986466156188868,0.6660046789135547,15.74383191635991,False
vector_thrust,cruise_93,0.9980761194075957,2419.2200710465586,-1050.37628341851,-4.430265905020787,4.29682602245,-inf,-0.0008290741988521116,0.6641544163018752,15.78189646275732,False
vector_thrust,cruise_93,0.9998748372309072,2423.4128870932777,-994.3140340960065,-4.6220681012899885,5.241116886458362,-inf,-0.0008619773903606699,0.6653054803689674,15.795481542079747,False
vector_thrust,decel_descend,0.8352646894120395,1906.2289700974893,694.4954403736131,27.41066138033918,0.569267986999601,0.8922462163355059,0.008261972479822528,0.5233217118710229,15.795481542079747,True
vector_thrust,decel_descend,0.8357098208800278,1906.060028453031,693.008089680006,27.395167761729706,0.5684727217761268,0.8922039809514524,0.00824427500259949,0.5231673777368705,15.914318900596843,True
vector_thrust,decel_descend,0.8370740492971618,1905.7602027316004,688.8962953404625,27.36288987214392,0.5659999762450768,0.8921161906655313,0.00819675027682497,0.5227830017400367,16.247293779849265,True
vector_thrust,decel_descend,0.8391350285530383,1905.4321217076865,683.098741493932,27.3251337309316,0.5623132862510567,0.8920133857265398,0.00813036648024958,0.5222574732301376,16.72845642133217,True
vector_thrust,decel_descend,0.8414675272654251,1905.0850030889742,676.8618670591129,27.288062825946305,0.5582587568558406,0.8919119940286893,0.008058691708006731,0.5216802784778312,17.262506662827324,True
vector_thrust,decel_descend,0.8436104218715914,1904.787151246784,671.4193859095811,27.25898800571609,0.5546413633184453,0.8918321019445293,0.007995885553224858,0.5211655994485217,17.743669304310224,True
vector_thrust,decel_descend,0.8451167994692146,1904.5890750425922,667.7503833334542,27.241251969742567,0.5521587539075012,0.8917831706371967,0.007953386916123855,0.5208123343651545,18.076644183562646,True
vector_thrust,decel_descend,0.8456591319466025,1904.519945817457,666.460099942829,27.235392128781232,0.5512769485147767,0.8917669649892298,0.007938407921683864,0.5206868214488137,18.195481542079744,True
vector_thrust,arrival_terminal_procedure,1.5296920798883025,2149.8637712175027,1250.0091699217617,33.4013518701553,0.5519797472746538,0.9068242961968835,0.007640345396033691,0.5877626727100149,18.195481542079744,True
vector_thrust,arrival_terminal_procedure,1.5523698792480631,2148.91122685249,1250.0091700286,33.13037551545607,0.5486079622367784,0.9063373949699992,0.007585081274438074,0.587502251547823,18.243337298772367,True
vector_thrust,arrival_terminal_procedure,1.6176659369450817,2146.3146421746833,1250.0091700286919,32.392072026261324,0.539114718442995,0.904965010628789,0.007434003866578172,0.5867923574742645,18.37742614932492,True
vector_thrust,arrival_terminal_procedure,1.7257291880693153,2142.4406630065337,1250.0091700280627,31.291566821057387,0.5240749366578465,0.9027872828509,0.007207431679334073,0.5857332297377172,18.57119015239364,True
vector_thrust,arrival_terminal_procedure,1.8703363519584948,2137.944342976413,1250.0091700283488,30.01580671011014,0.5051682151411712,0.9000459466725841,0.006942694570745126,0.5845039569281351,18.78625197081122,True
vector_thrust,arrival_terminal_procedure,2.031332639543578,2133.6790120814885,1250.0091700279331,28.80713738226426,0.48561479673796537,0.8972094569012766,0.006689794283398316,0.5833378354648325,18.980015973879937,True
vector_thrust,arrival_terminal_procedure,2.1663587054820623,2130.5828842038086,1250.0091700276453,27.930744482414667,0.47031716884120617,0.8949910723107053,0.0065051373988300335,0.5824913686231653,19.114104824432495,True
vector_thrust,arrival_terminal_procedure,2.2205441388410603,2129.4446688987136,1250.0091700281412,27.608764801796273,0.46443976856049446,0.8941391968564427,0.006437023387451514,0.5821801858967067,19.16196058112512,True
vector_thrust,second_descent,0.9319841342169223,2050.4688798853467,637.1453903839553,28.303337844177456,0.5101727812163753,0.8954750689281273,0.0071170844734166966,0.5605885755577917,19.16196058112512,True
vector_thrust,second_descent,0.9321525132682993,2050.4616113615266,637.0080586777801,28.305592695421705,0.5100304242699435,0.8954806763024699,0.007115119033119213,0.5605626849106246,19.186718364149513,True
vector_thrust,second_descent,0.9326252107478431,2050.4412915686953,636.624433827431,28.311941834278315,0.509631986229899,0.8954964610695568,0.007109623309925336,0.5604901705817554,19.256088130660434,True
vector_thrust,second_descent,0.9333106594501824,2050.412046418826,636.0731079323568,28.32119735245375,0.509057362276271,0.8955194600347256,0.007101711065731691,0.5603854608634067,19.35633034763604,True
vector_thrust,second_descent,0.9340747699396716,2050.3797451870973,635.4653376667093,28.331581076420356,0.5084211443663992,0.8955452462124855,0.007092969375941783,0.5602693464258739,19.467590814614194,True
vector_thrust,second_descent,0.9347662254452956,2050.350780941526,634.9214639051726,28.341035502560256,0.5078493379616325,0.8955687095751199,0.007085129319666557,0.5601648238347092,19.5678330315898,True
vector_thrust,second_descent,0.9352464136266989,2050.3308114512083,634.5471319219602,28.347632678788862,0.5074544133460854,0.8955850734460888,0.007079723615460807,0.5600925428561444,19.63720279810072,True
vector_thrust,second_descent,0.9354181264960728,2050.323698844397,634.4139360904377,28.349997920276323,0.5073136200508238,0.8955909385546654,0.007077798238596112,0.5600667560647975,19.66196058112512,True
vector_thrust,hover_descent,0.0,-2.6610990201074096,0.0,4.1207454636903835e-05,7.894461708498765e-16,-inf,0.006107220433105376,-0.000726906242462487,19.66196058112512,False
vector_thrust,hover_descent,0.0,-2.6610029968365354,0.0,-6.212016682873195e-05,7.894746583038142e-16,inf,-0.009206623733420719,-0.0007268738240799852,19.671542356868322,False
vector_thrust,hover_descent,0.0,-2.6610232348446368,0.0,-4.03426828788527e-05,7.894686540737671e-16,inf,-0.00597775111835144,-0.0007268620127403109,19.698389895899226,False
vector_thrust,hover_descent,0.0,-2.661121202626376,0.0,6.507736556605e-05,7.894395901993047e-16,-inf,0.009639257386501933,-0.0007268637177004156,19.737185713849307,False
vector_thrust,hover_descent,0.0,-2.6610822012647097,0.0,2.3109227028452907e-05,7.89451160385e-16,-inf,0.0034219209984505047,-0.0007268252591784897,19.780245823174056,False
vector_thrust,hover_descent,0.0,-2.6610433432964835,0.0,-1.8704610338733928e-05,7.894626883688272e-16,inf,-0.0027689738906762863,-0.0007267895969239018,19.81904164112413,False
vector_thrust,hover_descent,0.0,-2.661112771558899,0.0,5.6004959045244446e-05,7.894420913377365e-16,-inf,0.00828868968820126,-0.0007267912259714768,19.84588918015504,False
vector_thrust,hover_descent,0.0,-2.6610926604325544,0.0,3.436400856288876e-05,7.894480575217524e-16,-inf,0.005085554207990107,-0.0007267795474568652,19.855470955898245,False
