eVTOL_type,mission_segment,CL,CD,AOA_deg,L_D,time_min,fesibility
vector_thrust,hover_climb,0.0,0.0,-90.0,,0.0,True
vector_thrust,hover_climb,0.0,0.0,-90.0,,0.00499298003804959,True
vector_thrust,hover_climb,0.0,0.0,-90.0,,0.018982999220781012,True
vector_thrust,hover_climb,0.0,0.0,-90.0,,0.039199162672728737,True
vector_thrust,hover_climb,0.0,0.0,-90.0,,0.061637411287260524,True
vector_thrust,hover_climb,0.0,0.0,-90.0,,0.08185357473920825,True
vector_thrust,hover_climb,0.0,0.0,-90.0,,0.09584359392193968,True
vector_thrust,hover_climb,0.0,0.0,-90.0,,0.10083657395998927,True
vector_thrust,second_climb,1.1395272149201154,0.1560417034643005,12.346177457698184,7.302709401533921,0.10083657395998927,True
vector_thrust,second_climb,1.1399130743099672,0.15612522539756746,12.350688594616543,7.301274162501404,0.12559435698438445,True
vector_thrust,second_climb,1.1409949757846873,0.15635971225937684,12.363340458839225,7.2972440233962015,0.19496412349530576,True
vector_thrust,second_climb,1.1425603188228117,0.15669976629136978,12.381654098542846,7.2913977210299015,0.2952063404709105,True
vector_thrust,second_climb,1.1443004195199198,0.15707887935083698,12.402023930831687,7.284877663050519,0.40646680744906755,True
vector_thrust,second_climb,1.1458706321258365,0.1574219694899453,12.420415557993527,7.2789753287836,0.5067090244246722,True
vector_thrust,second_climb,1.1469586061276051,0.15766024239671783,12.433164674557064,7.274875318544369,0.5760787909355936,True
vector_thrust,second_climb,1.1473471677347713,0.15774544922011877,12.43771908931858,7.2734089852174275,0.6008365739599888,True
vector_thrust,departure_terminal_procedures,1.1972089393002578,0.16906947270254163,13.029126140692872,7.081165630690822,0.6008365739599888,True
vector_thrust,departure_terminal_procedures,1.1972089392844236,0.16906947269881153,13.02912614050375,7.081165630753395,0.6367692184506241,True
vector_thrust,departure_terminal_procedures,1.1972089392262408,0.16906947268510603,13.029126139808874,7.081165630983289,0.7374502509961948,True
vector_thrust,departure_terminal_procedures,1.1972089394033663,0.16906947272682973,13.029126141924296,7.081165630283417,0.8829385583292184,True
vector_thrust,departure_terminal_procedures,1.197208939609963,0.1690694727754958,13.029126144391693,7.081165629467091,1.0444183968853948,True
vector_thrust,departure_terminal_procedures,1.1972089425498051,0.16906947346800644,13.029126179502427,7.0811656178509175,1.1899067042184184,True
vector_thrust,departure_terminal_procedures,1.1972089450982475,0.16906947406831865,13.02912620993864,7.081165607781283,1.290587736763989,True
vector_thrust,departure_terminal_procedures,1.1972089460899538,0.1690694743019256,13.029126221782665,7.081165603862757,1.3265203812546242,True
vector_thrust,accel_climb,0.7850441730056739,0.09696275602270563,8.34776170826948,8.096347558663052,1.3265203812546242,True
vector_thrust,accel_climb,0.7863705322919029,0.09713920693843997,8.36226307165386,8.095294959431257,1.4453577397717212,True
vector_thrust,accel_climb,0.790101116010896,0.09763722422085888,8.40306187532903,8.092211984884567,1.7783326190241435,True
vector_thrust,accel_climb,0.7955291756576289,0.09836637820190552,8.462455201744989,8.087409440090763,2.259495260507046,True
vector_thrust,accel_climb,0.8016058009016641,0.09918900744906034,8.52898776259277,8.081599176333507,2.7935455020022006,True
vector_thrust,accel_climb,0.8071278786346182,0.09994236592476333,8.589487658200705,8.075933275806424,3.2747081434851024,True
vector_thrust,accel_climb,0.8109757046897856,0.10047056796908871,8.63166638623523,8.071773864553991,3.6076830227375254,True
vector_thrust,accel_climb,0.8123542430464495,0.1006604531710821,8.646781893432516,8.070242259547307,3.7265203812546224,True
vector_thrust,cruise_0,0.7663075084778074,0.09454873919444928,8.139433496482964,8.104893994427748,3.7265203812546224,True
vector_thrust,cruise_0,0.7663075083829138,0.09454873918256743,8.139433495446966,8.104893994442635,3.7399462196444593,True
vector_thrust,cruise_0,0.7663075090735181,0.09454873926903959,8.139433502986623,8.104893994334295,3.777564582863761,True
vector_thrust,cruise_0,0.7663075099140736,0.09454873937428757,8.139433512163379,8.104893994202424,3.831924692717997,True
vector_thrust,cruise_0,0.7663075100060831,0.09454873938580827,8.139433513167887,8.104893994187993,3.892259862767539,True
vector_thrust,cruise_0,0.7663075094434756,0.0945487393153629,8.139433507025633,8.104893994276251,3.9466199726217748,True
vector_thrust,cruise_0,0.7663075093392884,0.09454873930231736,8.139433505888169,8.104893994292597,3.9842383358410767,True
vector_thrust,cruise_0,0.7663075093392885,0.09454873930231736,8.13943350588817,8.104893994292597,3.9976641742309136,True
vector_thrust,cruise_1,0.8628160975777481,0.10775309635373723,9.204810386455003,8.007343888710654,3.9976641742309136,True
vector_thrust,cruise_1,0.8628160975777484,0.10775309635373725,9.204810386455005,8.007343888710654,4.011090012620751,True
vector_thrust,cruise_1,0.8628160975777486,0.10775309635373728,9.204810386455007,8.007343888710654,4.048708375840053,True
vector_thrust,cruise_1,0.8628160975777485,0.10775309635373728,9.204810386455009,8.007343888710654,4.103068485694289,True
vector_thrust,cruise_1,0.8628160975777486,0.10775309635373728,9.204810386455007,8.007343888710654,4.1634036557438305,True
vector_thrust,cruise_1,0.8628160975777484,0.10775309635373725,9.204810386455005,8.007343888710654,4.217763765598066,True
vector_thrust,cruise_1,0.8628160975777485,0.10775309635373728,9.204810386455009,8.007343888710654,4.255382128817368,True
vector_thrust,cruise_1,0.8628160975777486,0.10775309635373728,9.204810386455007,8.007343888710654,4.268807967207205,True
vector_thrust,cruise_2,0.7663075113351069,0.09454873955221846,8.139433527677483,8.104893993979495,4.268807967207205,True
vector_thrust,cruise_2,0.7663075111974084,0.09454873953497692,8.139433526174164,8.104893994001095,4.282233805597042,True
vector_thrust,cruise_2,0.7663075108366556,0.09454873948980622,8.139433522235654,8.10489399405769,4.319852168816343,True
vector_thrust,cruise_2,0.7663075103784941,0.09454873943243874,8.139433517233682,8.104893994129567,4.374212278670579,True
vector_thrust,cruise_2,0.7663075099135764,0.09454873937422525,8.139433512157945,8.104893994202508,4.434547448720121,True
vector_thrust,cruise_2,0.7663075094283475,0.0945487393134686,8.139433506860469,8.10489399427863,4.488907558574357,True
vector_thrust,cruise_2,0.7663075093392838,0.09454873930231675,8.13943350588812,8.1048939942926,4.526525921793659,True
vector_thrust,cruise_2,0.766307509339284,0.0945487393023168,8.139433505888125,8.104893994292599,4.539951760183496,True
vector_thrust,cruise_3,0.872211582263051,0.1091277043738626,9.30914660217749,7.992577020358875,4.539951760183496,True
vector_thrust,cruise_3,0.8722115822590015,0.1091277043732771,9.309146602132719,7.992577020364651,4.553377598573333,True
vector_thrust,cruise_3,0.8722115822474164,0.10912770437160205,9.30914660200463,7.99257702038117,4.590995961792634,True
vector_thrust,cruise_3,0.8722115822304599,0.10912770436915034,9.309146601817151,7.992577020405354,4.64535607164687,True
vector_thrust,cruise_3,0.8722115822111666,0.10912770436636077,9.309146601603839,7.992577020432868,4.705691241696412,True
vector_thrust,cruise_3,0.8722115821934421,0.10912770436379801,9.309146601407868,7.992577020458145,4.760051351550648,True
vector_thrust,cruise_3,0.8722115821810061,0.10912770436199995,9.30914660127037,7.992577020475879,4.79766971476995,True
vector_thrust,cruise_3,0.8722115821765158,0.10912770436135069,9.309146601220725,7.992577020482284,4.811095553159787,True
vector_thrust,cruise_4,0.8038676646625654,0.0994865755250458,8.552681769932848,8.080162176857632,4.811095553159787,True
vector_thrust,cruise_4,0.8038676646626131,0.09948657552505216,8.552681769933374,8.080162176857595,4.837947229939461,True
vector_thrust,cruise_4,0.8038676646627401,0.09948657552506893,8.552681769934765,8.080162176857511,4.913183956378065,True
vector_thrust,cruise_4,0.803867664662841,0.09948657552508228,8.552681769935871,8.08016217685744,5.021904176086537,True
vector_thrust,cruise_4,0.8038676646628625,0.09948657552508514,8.55268176993611,8.080162176857424,5.14257451618562,True
vector_thrust,cruise_4,0.803867664662841,0.09948657552508228,8.552681769935871,8.08016217685744,5.251294735894091,True
vector_thrust,cruise_4,0.8038676646628151,0.09948657552507884,8.552681769935587,8.08016217685746,5.326531462332695,True
vector_thrust,cruise_4,0.8038676646628052,0.09948657552507748,8.552681769935475,8.08016217685747,5.35338313911237,True
vector_thrust,cruise_5,0.8407315164684146,0.10458327660118219,8.959990314807973,8.038871450494515,5.35338313911237,True
vector_thrust,cruise_5,0.8407315164684146,0.10458327660118219,8.959990314807973,8.038871450494515,5.366808977502207,True
vector_thrust,cruise_5,0.840731516468415,0.10458327660118222,8.959990314807976,8.038871450494518,5.404427340721509,True
vector_thrust,cruise_5,0.8407315164684155,0.10458327660118227,8.959990314807982,8.038871450494518,5.458787450575744,True
vector_thrust,cruise_5,0.8407315164684156,0.1045832766011823,8.959990314807984,8.038871450494517,5.519122620625286,True
vector_thrust,cruise_5,0.8407315164684156,0.1045832766011823,8.959990314807984,8.038871450494517,5.5734827304795225,True
vector_thrust,cruise_5,0.8407315164684155,0.10458327660118227,8.959990314807982,8.038871450494518,5.6111010936988235,True
vector_thrust,cruise_5,0.8407315164684159,0.10458327660118233,8.959990314807985,8.038871450494518,5.624526932088661,True
vector_thrust,cruise_6,0.8923835420641072,0.11213091069903702,9.53351933674283,7.958408047351844,5.624526932088661,True
vector_thrust,cruise_6,0.8923835420623912,0.11213091069878284,9.533519336723812,7.958408047354581,5.637952770478498,True
vector_thrust,cruise_6,0.892383542057761,0.11213091069809697,9.533519336672498,7.958408047361967,5.6755711336978,True
vector_thrust,cruise_6,0.8923835420515471,0.1121309106971766,9.533519336603637,7.958408047371874,5.729931243552035,True
vector_thrust,cruise_6,0.8923835420452385,0.11213091069624212,9.533519336533724,7.958408047381936,5.790266413601577,True
vector_thrust,cruise_6,0.8923835420400534,0.1121309106954741,9.533519336476262,7.958408047390205,5.844626523455814,True
vector_thrust,cruise_6,0.8923835420367113,0.11213091069497902,9.533519336439225,7.958408047395537,5.882244886675115,True
vector_thrust,cruise_6,0.8923835420355615,0.11213091069480874,9.533519336426481,7.958408047397368,5.895670725064952,True
vector_thrust,cruise_7,0.7663075092862341,0.09454873929567431,8.139433505308952,8.10489399430092,5.895670725064952,True
vector_thrust,cruise_7,0.7663075092961262,0.09454873929691288,8.139433505416946,8.104893994299372,5.922522401844627,True
vector_thrust,cruise_7,0.7663075093392847,0.09454873930231689,8.13943350588813,8.104893994292599,5.9977591282832305,True
vector_thrust,cruise_7,0.7663075093392852,0.09454873930231694,8.139433505888134,8.104893994292599,6.1064793479917014,True
vector_thrust,cruise_7,0.7663075093392845,0.09454873930231686,8.139433505888128,8.104893994292599,6.227149688090786,True
vector_thrust,cruise_7,0.7663075093392842,0.09454873930231683,8.139433505888126,8.104893994292597,6.335869907799257,True
vector_thrust,cruise_7,0.7663075093392836,0.09454873930231675,8.139433505888118,8.104893994292599,6.411106634237861,True
vector_thrust,cruise_7,0.7663075093392836,0.09454873930231672,8.139433505888116,8.1048939942926,6.437958311017535,True
vector_thrust,cruise_8,0.8892980825854412,0.1116669837684999,9.499167660169277,7.963840811076899,6.437958311017535,True
vector_thrust,cruise_8,0.8892980825828967,0.1116669837681244,9.499167660141092,7.9638408110808925,6.451384149407373,True
vector_thrust,cruise_8,0.8892980825759057,0.11166698376709261,9.499167660063641,7.963840811091872,6.489002512626674,True
vector_thrust,cruise_8,0.8892980825661907,0.11166698376565881,9.49916765995602,7.9638408111071275,6.54336262248091,True
vector_thrust,cruise_8,0.8892980825559076,0.11166698376414116,9.4991676598421,7.9638408111232755,6.603697792530451,True
vector_thrust,cruise_8,0.8892980825470419,0.11166698376283271,9.499167659743883,7.963840811137198,6.658057902384687,True
vector_thrust,cruise_8,0.8892980825411112,0.11166698376195744,9.499167659678182,7.963840811146509,6.695676265603989,True
vector_thrust,cruise_8,0.8892980825390387,0.11166698376165157,9.499167659655223,7.963840811149764,6.709102103993827,True
vector_thrust,cruise_9,0.7663075093392889,0.09454873930231741,8.139433505888176,8.104893994292597,6.709102103993827,True
vector_thrust,cruise_9,0.7663075093392889,0.09454873930231741,8.139433505888174,8.104893994292597,6.7762312959430115,True
vector_thrust,cruise_9,0.7663075093392889,0.09454873930231744,8.139433505888178,8.104893994292595,6.964323112039521,True
vector_thrust,cruise_9,0.7663075093392895,0.09454873930231747,8.139433505888181,8.104893994292599,7.2361236613107,True
vector_thrust,cruise_9,0.7663075093392877,0.09454873930231728,8.139433505888162,8.104893994292597,7.537799511558409,True
vector_thrust,cruise_9,0.7663075093392829,0.09454873930231666,8.139433505888109,8.104893994292599,7.809600060829587,True
vector_thrust,cruise_9,0.7663075093392736,0.09454873930231553,8.139433505888011,8.104893994292597,7.997691876926097,True
vector_thrust,cruise_9,0.7663075093392727,0.09454873930231542,8.139433505888002,8.104893994292597,8.064821068875283,True
vector_thrust,cruise_10,0.8781216653012527,0.11000028435788453,9.37483305464929,7.982903593633403,8.064821068875283,True
vector_thrust,cruise_10,0.8781216652963613,0.11000028435717224,9.374833054595177,7.9829035936406285,8.07824690726512,True
vector_thrust,cruise_10,0.8781216652825927,0.11000028435516712,9.37483305444284,7.982903593660975,8.11586527048442,True
vector_thrust,cruise_10,0.8781216652625309,0.11000028435224554,9.374833054220877,7.982903593690619,8.170225380338657,True
vector_thrust,cruise_10,0.8781216652400967,0.11000028434897846,9.374833053972665,7.98290359372377,8.230560550388198,True
vector_thrust,cruise_10,0.8781216652196308,0.11000028434599801,9.374833053746228,7.9829035937540125,8.284920660242435,True
vector_thrust,cruise_10,0.878121665205248,0.11000028434390352,9.374833053587102,7.982903593775261,8.322539023461736,True
vector_thrust,cruise_10,0.8781216652001367,0.11000028434315912,9.374833053530548,7.982903593782817,8.335964861851574,True
vector_thrust,cruise_11,0.8238813011328606,0.1022231891376302,8.77360217086761,8.059632144949145,8.335964861851574,True
vector_thrust,cruise_11,0.8238813011323297,0.1022231891375581,8.773602170861775,8.059632144949637,8.349390700241411,True
vector_thrust,cruise_11,0.8238813011317134,0.10222318913747433,8.773602170855,8.059632144950212,8.387009063460713,True
vector_thrust,cruise_11,0.8238813011317164,0.10222318913747475,8.773602170855034,8.059632144950209,8.441369173314948,True
vector_thrust,cruise_11,0.8238813011317134,0.10222318913747433,8.773602170855,8.059632144950212,8.501704343364489,True
vector_thrust,cruise_11,0.8238813011317135,0.10222318913747436,8.773602170855002,8.05963214495021,8.556064453218724,True
vector_thrust,cruise_11,0.8238813011317129,0.10222318913747425,8.773602170854994,8.059632144950212,8.593682816438028,True
vector_thrust,cruise_11,0.8238813011317129,0.10222318913747425,8.773602170854994,8.059632144950212,8.607108654827865,True
vector_thrust,cruise_12,0.7663075093392859,0.09454873930231703,8.139433505888142,8.104893994292599,8.607108654827865,True
vector_thrust,cruise_12,0.7663075093392853,0.09454873930231697,8.139433505888135,8.104893994292597,8.6205344932177,True
vector_thrust,cruise_12,0.766307509339286,0.09454873930231705,8.139433505888144,8.104893994292599,8.658152856437004,True
vector_thrust,cruise_12,0.7663075093392862,0.09454873930231705,8.139433505888146,8.104893994292599,8.71251296629124,True
vector_thrust,cruise_12,0.7663075093392895,0.09454873930231747,8.139433505888181,8.104893994292599,8.77284813634078,True
vector_thrust,cruise_12,0.7663075093392908,0.09454873930231766,8.139433505888197,8.104893994292597,8.827208246195017,True
vector_thrust,cruise_12,0.7663075093392917,0.09454873930231777,8.139433505888208,8.104893994292597,8.864826609414319,True
vector_thrust,cruise_12,0.7663075093392923,0.09454873930231783,8.139433505888212,8.104893994292597,8.878252447804156,True
vector_thrust,cruise_13,0.8892980825185266,0.11166698375862424,9.499167659427986,7.963840811181976,8.878252447804156,True
vector_thrust,cruise_13,0.8892980825251479,0.11166698375960146,9.499167659501339,7.963840811171577,8.918529962973668,True
vector_thrust,cruise_13,0.8892980825407958,0.11166698376191089,9.49916765967469,7.963840811147004,9.031385052631574,True
vector_thrust,cruise_13,0.889298082557249,0.11166698376433914,9.49916765985696,7.963840811121168,9.194465382194279,True
vector_thrust,cruise_13,0.8892980825687736,0.11166698376604,9.499167659984632,7.963840811103072,9.375470892342907,True
vector_thrust,cruise_13,0.8892980825745965,0.1116669837668994,9.49916766004914,7.963840811093927,9.538551221905612,True
vector_thrust,cruise_13,0.889298082576714,0.11166698376721193,9.499167660072597,7.963840811090601,9.651406311563518,True
vector_thrust,cruise_13,0.8892980825771749,0.11166698376727993,9.499167660077703,7.963840811089878,9.69168382673303,True
vector_thrust,cruise_14,0.7663075093392856,0.094548739302317,8.139433505888139,8.104893994292599,9.69168382673303,True
vector_thrust,cruise_14,0.7663075093392853,0.09454873930231697,8.139433505888135,8.104893994292597,9.772238857072052,True
vector_thrust,cruise_14,0.7663075093392856,0.094548739302317,8.139433505888139,8.104893994292599,9.997949036387864,True
vector_thrust,cruise_14,0.7663075093392849,0.09454873930231691,8.13943350588813,8.104893994292599,10.324109695513277,True
vector_thrust,cruise_14,0.766307509339285,0.09454873930231691,8.139433505888132,8.104893994292599,10.686120715810528,True
vector_thrust,cruise_14,0.766307509339285,0.09454873930231691,8.139433505888132,8.104893994292599,11.012281374935943,True
vector_thrust,cruise_14,0.7663075093392857,0.094548739302317,8.13943350588814,8.104893994292599,11.237991554251755,True
vector_thrust,cruise_14,0.7663075093392853,0.09454873930231697,8.139433505888135,8.104893994292597,11.318546584590775,True
vector_thrust,cruise_15,0.8892980825476652,0.11166698376292464,9.499167659750787,7.963840811136223,11.318546584590775,True
vector_thrust,cruise_15,0.8892980825510791,0.11166698376342851,9.49916765978861,7.9638408111308605,11.331972422980613,True
vector_thrust,cruise_15,0.8892980825602379,0.11166698376478021,9.499167659890071,7.963840811116479,11.369590786199916,True
vector_thrust,cruise_15,0.889298082572734,0.11166698376662446,9.499167660028505,7.963840811096857,11.423950896054151,True
vector_thrust,cruise_15,0.8892980825855988,0.11166698376852313,9.499167660171024,7.963840811076654,11.484286066103692,True
vector_thrust,cruise_15,0.8892980825752658,0.1116669837669981,9.49916766005655,7.963840811092881,11.538646175957927,True
vector_thrust,cruise_15,0.8892980825849792,0.11166698376843168,9.499167660164158,7.9638408110776275,11.576264539177231,True
vector_thrust,cruise_15,0.889298082584822,0.11166698376840847,9.499167660162419,7.9638408110778744,11.589690377567067,True
vector_thrust,cruise_16,0.8407315164913824,0.10458327660437394,8.95999031506098,8.038871450468791,11.589690377567067,True
vector_thrust,cruise_16,0.8407315164902247,0.10458327660421304,8.959990315048227,8.03887145047009,11.603116215956904,True
vector_thrust,cruise_16,0.8407315164871039,0.10458327660377939,8.959990315013853,8.038871450473582,11.640734579176208,True
vector_thrust,cruise_16,0.8407315164829251,0.10458327660319863,8.959990314967815,8.038871450478267,11.695094689030443,True
vector_thrust,cruise_16,0.8407315164787437,0.10458327660261757,8.959990314921754,8.038871450482947,11.755429859079984,True
vector_thrust,cruise_16,0.8407315164749822,0.10458327660209485,8.95999031488032,8.03887145048716,11.809789968934219,True
vector_thrust,cruise_16,0.8407315164733541,0.10458327660186861,8.959990314862386,8.038871450488983,11.847408332153522,True
vector_thrust,cruise_16,0.8407315164733191,0.10458327660186376,8.959990314862,8.038871450489022,11.86083417054336,True
vector_thrust,cruise_17,0.7698157039135152,0.09499888640484863,8.17795619382738,8.103418187797038,11.86083417054336,True
vector_thrust,cruise_17,0.7698157039135397,0.09499888640485171,8.177956193827647,8.103418187797034,11.874260008933195,True
vector_thrust,cruise_17,0.7698157039136019,0.09499888640485954,8.177956193828324,8.10341818779702,11.911878372152499,True
vector_thrust,cruise_17,0.7698157039136588,0.0949988864048667,8.177956193828948,8.10341818779701,11.966238482006734,True
vector_thrust,cruise_17,0.7698157039136967,0.0949988864048715,8.177956193829363,8.103418187796997,12.026573652056275,True
vector_thrust,cruise_17,0.7698157039137165,0.09499888640487394,8.177956193829576,8.103418187796997,12.08093376191051,True
vector_thrust,cruise_17,0.7698157039137146,0.09499888640487372,8.177956193829557,8.103418187796997,12.118552125129813,True
vector_thrust,cruise_17,0.7698157039136939,0.09499888640487114,8.177956193829333,8.103418187796999,12.13197796351965,True
vector_thrust,cruise_18,0.8883620273886482,0.11152656390623308,9.488748464184471,7.965474737799204,12.13197796351965,True
vector_thrust,cruise_18,0.8883620273920659,0.11152656390673696,9.488748464222331,7.965474737793862,12.145403801909486,True
vector_thrust,cruise_18,0.8883620274013906,0.11152656390811158,9.488748464325619,7.965474737779292,12.18302216512879,True
vector_thrust,cruise_18,0.8883620274141371,0.11152656390999074,9.488748464466813,7.9654747377593695,12.237382274983025,True
vector_thrust,cruise_18,0.8883620274240369,0.11152656391145022,9.488748464576476,7.9654747377438975,12.297717445032566,True
vector_thrust,cruise_18,0.8883620274056184,0.11152656390873494,9.488748464372454,7.965474737772679,12.352077554886801,True
vector_thrust,cruise_18,0.8883620274209678,0.11152656391099777,9.488748464542478,7.965474737748693,12.389695918106105,True
vector_thrust,cruise_18,0.8883620274263051,0.11152656391178459,9.4887484646016,7.965474737740354,12.403121756495942,True
vector_thrust,cruise_19,0.7663075095015688,0.0945487393226368,8.139433507659861,8.104893994267144,12.403121756495942,True
vector_thrust,cruise_19,0.7663075094742551,0.09454873931921684,8.139433507361666,8.104893994271425,12.416547594885778,True
vector_thrust,cruise_19,0.7663075094319562,0.0945487393139205,8.139433506899866,8.104893994278061,12.454165958105081,True
vector_thrust,cruise_19,0.7663075093791533,0.09454873930730892,8.139433506323392,8.104893994286344,12.508526067959316,True
vector_thrust,cruise_19,0.766307509342027,0.09454873930266025,8.139433505918069,8.10489399429217,12.568861238008857,True
vector_thrust,cruise_19,0.7663075093378305,0.09454873930213478,8.139433505872251,8.104893994292828,12.623221347863092,True
vector_thrust,cruise_19,0.7663075093392845,0.09454873930231686,8.139433505888128,8.104893994292599,12.660839711082396,True
vector_thrust,cruise_19,0.7663075093392842,0.09454873930231683,8.139433505888125,8.104893994292597,12.674265549472233,True
vector_thrust,cruise_20,0.8742650635478183,0.10943019549490507,9.331964773331444,7.989248850318676,12.674265549472233,True
vector_thrust,cruise_20,0.8742650635606611,0.10943019549676666,9.331964773473477,7.989248850300126,12.701117226251908,True
vector_thrust,cruise_20,0.8742650635946343,0.10943019550169106,9.331964773849185,7.989248850251062,12.77635395269051,True
vector_thrust,cruise_20,0.8742650636387519,0.10943019550808591,9.331964774337083,7.989248850187346,12.885074172398982,True
vector_thrust,cruise_20,0.8742650636817811,0.10943019551432301,9.331964774812947,7.989248850125202,13.005744512498065,True
vector_thrust,cruise_20,0.8742650636872776,0.10943019551511973,9.331964774873732,7.989248850117264,13.114464732206537,True
vector_thrust,cruise_20,0.874265063703315,0.10943019551744435,9.33196477505109,7.989248850094103,13.18970145864514,True
vector_thrust,cruise_20,0.8742650637025212,0.1094301955173293,9.331964775042312,7.989248850095247,13.216553135424816,True
vector_thrust,cruise_21,0.7956881202235236,0.09838912161997879,8.462536399018095,8.087155440789626,13.216553135424816,True
vector_thrust,cruise_21,0.795688120222794,0.09838912161988339,8.4625363990101,8.08715544079005,13.229978973814651,True
vector_thrust,cruise_21,0.7956881202227934,0.09838912161988334,8.462536399010096,8.08715544079005,13.267597337033955,True
vector_thrust,cruise_21,0.7956881202227934,0.09838912161988334,8.462536399010096,8.08715544079005,13.32195744688819,True
vector_thrust,cruise_21,0.7956881202227934,0.09838912161988334,8.462536399010096,8.08715544079005,13.38229261693773,True
vector_thrust,cruise_21,0.795688120222794,0.09838912161988339,8.4625363990101,8.08715544079005,13.436652726791968,True
vector_thrust,cruise_21,0.795688120222794,0.09838912161988339,8.462536399010098,8.08715544079005,13.47427109001127,True
vector_thrust,cruise_21,0.7956881202227937,0.09838912161988336,8.462536399010098,8.08715544079005,13.487696928401107,True
vector_thrust,cruise_22,0.8892980825485411,0.111666983763054,9.499167659760495,7.963840811134841,13.487696928401107,True
vector_thrust,cruise_22,0.8892980825518785,0.11166698376354653,9.499167659797465,7.963840811129602,13.501122766790942,True
vector_thrust,cruise_22,0.8892980825610322,0.11166698376489748,9.49916765989887,7.963840811115229,13.538741130010246,True
vector_thrust,cruise_22,0.8892980825736854,0.11166698376676493,9.499167660039046,7.963840811095358,13.593101239864481,True
vector_thrust,cruise_22,0.8892980825591764,0.11166698376462358,9.49916765987831,7.963840811118144,13.653436409914022,True
vector_thrust,cruise_22,0.8892980825591771,0.11166698376462367,9.499167659878317,7.963840811118144,13.707796519768259,True
vector_thrust,cruise_22,0.8892980825666108,0.11166698376572082,9.499167659960673,7.963840811106468,13.74541488298756,True
vector_thrust,cruise_22,0.889298082571585,0.11166698376645495,9.499167660015777,7.963840811098656,13.758840721377398,True
vector_thrust,cruise_23,0.7663075093392853,0.09454873930231697,8.139433505888135,8.104893994292597,13.758840721377398,True
vector_thrust,cruise_23,0.7663075093392853,0.09454873930231697,8.139433505888135,8.104893994292597,13.785692398157073,True
vector_thrust,cruise_23,0.7663075093392856,0.094548739302317,8.139433505888139,8.104893994292599,13.860929124595676,True
vector_thrust,cruise_23,0.7663075093392853,0.09454873930231697,8.139433505888135,8.104893994292597,13.969649344304147,True
vector_thrust,cruise_23,0.7663075093392853,0.09454873930231697,8.139433505888135,8.104893994292597,14.09031968440323,True
vector_thrust,cruise_23,0.7663075093392856,0.094548739302317,8.139433505888139,8.104893994292599,14.199039904111702,True
vector_thrust,cruise_23,0.7663075093392853,0.09454873930231697,8.139433505888135,8.104893994292597,14.274276630550306,True
vector_thrust,cruise_23,0.7663075093392849,0.09454873930231691,8.13943350588813,8.104893994292599,14.30112830732998,True
vector_thrust,cruise_24,0.8743820409119599,0.1094474491657936,9.333264774663398,7.989058197120932,14.30112830732998,True
vector_thrust,cruise_24,0.8743820409168507,0.10944744916650262,9.333264774717486,7.989058197113864,14.314554145719818,True
vector_thrust,cruise_24,0.8743820409297813,0.1094474491683772,9.333264774860488,7.989058197095175,14.35217250893912,True
vector_thrust,cruise_24,0.8743820409477601,0.10944744917098362,9.333264775059321,7.9890581970691885,14.406532618793356,True
vector_thrust,cruise_24,0.8743820409664661,0.10944744917369542,9.333264775266192,7.989058197042156,14.466867788842897,True
vector_thrust,cruise_24,0.8743820409298099,0.10944744916838134,9.333264774860805,7.989058197095133,14.521227898697132,True
vector_thrust,cruise_24,0.8743820409298101,0.10944744916838137,9.333264774860808,7.989058197095133,14.558846261916436,True
vector_thrust,cruise_24,0.8743820409298102,0.10944744916838137,9.333264774860806,7.989058197095134,14.572272100306272,True
vector_thrust,cruise_25,0.7663075093392958,0.09454873930231827,8.139433505888253,8.104893994292597,14.572272100306272,True
vector_thrust,cruise_25,0.7663075093392959,0.0945487393023183,8.139433505888253,8.104893994292595,14.612549615475784,True
vector_thrust,cruise_25,0.7663075093392955,0.09454873930231825,8.139433505888249,8.104893994292595,14.72540470513369,True
vector_thrust,cruise_25,0.7663075093392956,0.09454873930231827,8.13943350588825,8.104893994292595,14.888485034696396,True
vector_thrust,cruise_25,0.7663075093392956,0.09454873930231827,8.13943350588825,8.104893994292595,15.069490544845022,True
vector_thrust,cruise_25,0.7663075093392959,0.0945487393023183,8.139433505888253,8.104893994292595,15.232570874407728,True
vector_thrust,cruise_25,0.7663075093392958,0.09454873930231827,8.139433505888253,8.104893994292597,15.345425964065635,True
vector_thrust,cruise_25,0.7663075093392959,0.0945487393023183,8.139433505888253,8.104893994292595,15.385703479235145,True
vector_thrust,cruise_26,0.8892980829010235,0.11166698381507556,9.499167663665364,7.963840810581329,15.385703479235145,True
vector_thrust,cruise_26,0.889298082871785,0.11166698381076032,9.499167663341451,7.9638408106272465,15.399129317624983,True
vector_thrust,cruise_26,0.8892980827921548,0.11166698379900802,9.499167662459294,7.96384081075229,15.436747680844286,True
vector_thrust,cruise_26,0.8892980826796314,0.11166698378240109,9.499167661212736,7.96384081092899,15.491107790698521,True
vector_thrust,cruise_26,0.8892980825575585,0.1116669837643848,9.499167659860392,7.963840811120684,15.551442960748062,True
vector_thrust,cruise_26,0.8892980825575592,0.11166698376438491,9.4991676598604,7.963840811120682,15.605803070602297,True
vector_thrust,cruise_26,0.889298082557561,0.11166698376438514,9.499167659860417,7.963840811120683,15.6434214338216,True
vector_thrust,cruise_26,0.8892980825575602,0.11166698376438502,9.499167659860406,7.963840811120683,15.656847272211436,True
vector_thrust,cruise_27,0.766307509339301,0.09454873930231897,8.139433505888311,8.104893994292592,15.656847272211436,True
vector_thrust,cruise_27,0.766307509339301,0.09454873930231897,8.139433505888311,8.104893994292592,15.683698948991113,True
vector_thrust,cruise_27,0.766307509339301,0.09454873930231897,8.139433505888311,8.104893994292592,15.758935675429715,True
vector_thrust,cruise_27,0.766307509339301,0.09454873930231897,8.139433505888311,8.104893994292592,15.867655895138185,True
vector_thrust,cruise_27,0.766307509339301,0.09454873930231897,8.139433505888311,8.104893994292592,15.988326235237269,True
vector_thrust,cruise_27,0.7663075093393015,0.09454873930231902,8.139433505888313,8.104893994292592,16.09704645494574,True
vector_thrust,cruise_27,0.766307509339301,0.09454873930231897,8.139433505888311,8.104893994292592,16.172283181384344,True
vector_thrust,cruise_27,0.766307509339301,0.09454873930231897,8.139433505888311,8.104893994292592,16.19913485816402,True
vector_thrust,cruise_28,0.8892980828893408,0.1116669838133513,9.499167663535937,7.963840810599678,16.19913485816402,True
vector_thrust,cruise_28,0.8892980828610043,0.1116669838091692,9.499167663222018,7.963840810644178,16.212560696553858,True
vector_thrust,cruise_28,0.8892980827837729,0.11166698379777087,9.499167662366432,7.963840810765458,16.25017905977316,True
vector_thrust,cruise_28,0.8892980826763379,0.11166698378191495,9.499167661176248,7.963840810934166,16.304539169627397,True
vector_thrust,cruise_28,0.8892980825575891,0.11166698376438927,9.499167659860728,7.963840811120639,16.364874339676938,True
vector_thrust,cruise_28,0.8892980825575892,0.1116669837643893,9.499167659860728,7.9638408111206385,16.41923444953117,True
vector_thrust,cruise_28,0.8892980825575887,0.11166698376438919,9.499167659860722,7.963840811120641,16.456852812750476,True
vector_thrust,cruise_28,0.8892980825575902,0.11166698376438941,9.499167659860738,7.963840811120639,16.470278651140312,True
vector_thrust,cruise_29,0.7663075093598405,0.09454873930489074,8.139433506112548,8.104893994289371,16.470278651140312,True
vector_thrust,cruise_29,0.7663075093567703,0.0945487393045063,8.139433506079028,8.104893994289855,16.497130327919987,True
vector_thrust,cruise_29,0.7663075093495518,0.09454873930360247,8.139433506000222,8.104893994290986,16.57236705435859,True
vector_thrust,cruise_29,0.7663075093436792,0.09454873930286714,8.139433505936106,8.104893994291908,16.68108727406706,True
vector_thrust,cruise_29,0.7663075093408099,0.09454873930250787,8.139433505904782,8.10489399429236,16.801757614166142,True
vector_thrust,cruise_29,0.7663075093396569,0.09454873930236349,8.139433505892192,8.10489399429254,16.910477833874616,True
vector_thrust,cruise_29,0.7663075093388532,0.09454873930226285,8.139433505883419,8.104893994292667,16.98571456031322,True
vector_thrust,cruise_29,0.7663075093380994,0.09454873930216848,8.139433505875191,8.104893994292784,17.012566237092894,True
vector_thrust,cruise_30,0.8892980839298569,0.11166698396691732,9.499167675062976,7.9638408089657196,17.012566237092894,True
vector_thrust,cruise_30,0.889298083810119,0.11166698394924568,9.4991676737365,7.963840809153745,17.02599207548273,True
vector_thrust,cruise_30,0.8892980834841294,0.11166698390113405,9.499167670125123,7.963840809665658,17.063610438702035,True
vector_thrust,cruise_30,0.8892980830337781,0.11166698383466833,9.499167665136044,7.96384081037286,17.11797054855627,True
vector_thrust,cruise_30,0.889298082553165,0.11166698376373638,9.499167659811718,7.963840811127583,17.178305718605813,True
vector_thrust,cruise_30,0.8892980825534702,0.11166698376378142,9.499167659815098,7.9638408111271035,17.232665828460046,True
vector_thrust,cruise_30,0.8892980825534891,0.1116669837637842,9.499167659815306,7.963840811127075,17.270284191679348,True
vector_thrust,cruise_30,0.8892980825534955,0.11166698376378514,9.499167659815377,7.963840811127065,17.283710030069184,True
vector_thrust,cruise_31,0.7663075091301763,0.09454873927613391,8.139433503605193,8.104893994325405,17.283710030069184,True
vector_thrust,cruise_31,0.7663075091412564,0.09454873927752128,8.139433503726158,8.104893994323668,17.44482009074723,True
vector_thrust,cruise_31,0.7663075091527689,0.09454873927896279,8.139433503851848,8.104893994321861,17.89624044937885,True
vector_thrust,cruise_31,0.7663075092146645,0.0945487392867129,8.139433504527592,8.10489399431215,18.54856176762968,True
vector_thrust,cruise_31,0.7663075089715072,0.09454873925626658,8.139433501872926,8.104893994350297,19.27258380822418,True
vector_thrust,cruise_31,0.7663075068644242,0.09454873899243374,8.13943347886888,8.10489399468086,19.924905126475007,True
vector_thrust,cruise_31,0.7663075128785405,0.0945487397454754,8.139433544527895,8.104893993737361,20.376325485106634,True
vector_thrust,cruise_31,0.7663075123753289,0.09454873968246713,8.139433539034094,8.104893993816303,20.537435545784675,True
vector_thrust,cruise_32,0.8247473495027153,0.10234324700261602,8.783173331840146,8.058639662679784,20.537435545784675,True
vector_thrust,cruise_32,0.8247473495027153,0.10234324700261602,8.783173331840146,8.058639662679784,20.56428722256435,True
vector_thrust,cruise_32,0.8247473495027153,0.10234324700261602,8.783173331840146,8.058639662679784,20.639523949002957,True
vector_thrust,cruise_32,0.8247473495027152,0.10234324700261602,8.783173331840148,8.058639662679782,20.748244168711427,True
vector_thrust,cruise_32,0.8247473495027153,0.10234324700261602,8.783173331840146,8.058639662679784,20.86891450881051,True
vector_thrust,cruise_32,0.8247473495027153,0.10234324700261602,8.783173331840146,8.058639662679784,20.97763472851898,True
vector_thrust,cruise_32,0.8247473495027153,0.10234324700261602,8.783173331840146,8.058639662679784,21.052871454957586,True
vector_thrust,cruise_32,0.8247473495027153,0.10234324700261602,8.783173331840146,8.058639662679784,21.079723131737257,True
vector_thrust,cruise_33,0.766307509229676,0.09454873928859248,8.139433504691477,8.104893994309798,21.079723131737257,True
vector_thrust,cruise_33,0.7663075092271455,0.09454873928827562,8.139433504663849,8.104893994310196,21.106574808516932,True
vector_thrust,cruise_33,0.7663075092194811,0.09454873928731594,8.139433504580174,8.104893994311398,21.18181153495554,True
vector_thrust,cruise_33,0.7663075092085595,0.09454873928594842,8.139433504460937,8.10489399431311,21.29053175466401,True
vector_thrust,cruise_33,0.7663075091971904,0.09454873928452487,8.139433504336814,8.104893994314894,21.41120209476309,True
vector_thrust,cruise_33,0.7663075091869327,0.09454873928324048,8.139433504224828,8.104893994316503,21.51992231447156,True
vector_thrust,cruise_33,0.7663075091795434,0.09454873928231525,8.139433504144156,8.104893994317663,21.59515904091017,True
vector_thrust,cruise_33,0.7663075091767638,0.09454873928196716,8.139433504113804,8.104893994318104,21.62201071768984,True
vector_thrust,cruise_34,0.8892980825298052,0.1116669837602888,9.499167659552931,7.963840811164266,21.62201071768984,True
vector_thrust,cruise_34,0.8892980825360899,0.11166698376121639,9.499167659622561,7.963840811154392,21.66228823285935,True
vector_thrust,cruise_34,0.8892980825530242,0.11166698376371562,9.499167659810158,7.963840811127803,21.775143322517255,True
vector_thrust,cruise_34,0.8892980825761271,0.11166698376712525,9.499167660066094,7.963840811091527,21.938223652079966,True
vector_thrust,cruise_34,0.8892980826029153,0.11166698377107886,9.499167660362861,7.963840811049457,22.11922916222859,True
vector_thrust,cruise_34,0.8892980825591594,0.11166698376462109,9.499167659878125,7.963840811118169,22.2823094917913,True
vector_thrust,cruise_34,0.889298082564986,0.11166698376548101,9.499167659942675,7.963840811109019,22.3951645814492,True
vector_thrust,cruise_34,0.8892980825921342,0.11166698376948772,9.499167660243428,7.963840811066387,22.435442096618715,True
vector_thrust,cruise_35,0.7663075092179338,0.09454873928712221,8.13943350456328,8.10489399431164,22.435442096618715,True
vector_thrust,cruise_35,0.7663075092166513,0.09454873928696164,8.13943350454928,8.104893994311839,22.44886793500855,True
vector_thrust,cruise_35,0.7663075092131237,0.09454873928651997,8.13943350451077,8.104893994312391,22.486486298227856,True
vector_thrust,cruise_35,0.7663075092076759,0.09454873928583785,8.139433504451294,8.104893994313244,22.54084640808209,True
vector_thrust,cruise_35,0.7663075092018,0.09454873928510207,8.13943350438714,8.10489399431417,22.60118157813163,True
vector_thrust,cruise_35,0.766307509196553,0.0945487392844451,8.139433504329858,8.104893994314992,22.655541687985867,True
vector_thrust,cruise_35,0.7663075091926873,0.0945487392839611,8.139433504287657,8.104893994315596,22.69316005120517,True
vector_thrust,cruise_35,0.7663075091915382,0.09454873928381721,8.139433504275111,8.104893994315777,22.706585889595004,True
vector_thrust,cruise_36,0.8522554871741459,0.10622654917634794,9.08766499136947,8.022998899825943,22.706585889595004,True
vector_thrust,cruise_36,0.8522554871741381,0.1062265491763468,9.08766499136938,8.022998899825955,22.73343756637468,True
vector_thrust,cruise_36,0.8522554871741146,0.10622654917634353,9.087664991369124,8.02299889982598,22.808674292813286,True
vector_thrust,cruise_36,0.8522554871740808,0.10622654917633878,9.087664991368754,8.022998899826021,22.917394512521756,True
vector_thrust,cruise_36,0.8522554871740401,0.10622654917633301,9.087664991368301,8.022998899826074,23.03806485262084,True
vector_thrust,cruise_36,0.852255487173996,0.10622654917632676,9.087664991367813,8.022998899826131,23.14678507232931,True
vector_thrust,cruise_36,0.8522554871739585,0.10622654917632154,9.087664991367403,8.022998899826172,23.222021798767916,True
vector_thrust,cruise_36,0.8522554871739434,0.10622654917631935,9.087664991367236,8.022998899826195,23.24887347554759,True
vector_thrust,cruise_37,0.889298083543618,0.11166698390991373,9.49916767078415,7.963840809572243,23.24887347554759,True
vector_thrust,cruise_37,0.8892980834803573,0.1116669839005773,9.499167670083335,7.963840809671584,23.262299313937426,True
vector_thrust,cruise_37,0.8892980833067514,0.11166698387495547,9.499167668160096,7.963840809944202,23.299917677156728,True
vector_thrust,cruise_37,0.8892980830508832,0.11166698383719276,9.499167665325533,7.963840810346003,23.354277787010965,True
vector_thrust,cruise_37,0.8892980827433971,0.111666983791812,9.499167661919143,7.9638408108288585,23.414612957060505,True
vector_thrust,cruise_37,0.8892980825542928,0.11166698376390277,9.499167659824208,7.963840811125816,23.46897306691474,True
vector_thrust,cruise_37,0.8892980825543028,0.11166698376390427,9.499167659824321,7.963840811125799,23.506591430134044,True
vector_thrust,cruise_37,0.8892980825543066,0.11166698376390488,9.499167659824366,7.96384081112579,23.52001726852388,True
vector_thrust,cruise_38,0.8186584451328772,0.10150202864184829,8.715901436185462,8.065439243796083,23.52001726852388,True
vector_thrust,cruise_38,0.8186584451328772,0.10150202864184829,8.715901436185462,8.065439243796083,23.533443106913715,True
vector_thrust,cruise_38,0.8186584451328771,0.10150202864184826,8.715901436185458,8.065439243796083,23.57106147013302,True
vector_thrust,cruise_38,0.8186584451328771,0.10150202864184826,8.715901436185458,8.065439243796083,23.625421579987254,True
vector_thrust,cruise_38,0.8186584451328771,0.10150202864184826,8.715901436185458,8.065439243796083,23.685756750036795,True
vector_thrust,cruise_38,0.8186584451328771,0.10150202864184826,8.715901436185458,8.065439243796083,23.74011685989103,True
vector_thrust,cruise_38,0.8186584451328772,0.10150202864184829,8.715901436185462,8.065439243796083,23.777735223110334,True
vector_thrust,cruise_38,0.8186584451328768,0.10150202864184824,8.71590143618546,8.065439243796083,23.791161061500173,True
vector_thrust,cruise_39,0.8752755794435803,0.10957932105850579,9.34319546401488,7.9875981251632275,23.791161061500173,True
vector_thrust,cruise_39,0.8752755794436525,0.10957932105851634,9.343195464015682,7.987598125163118,23.858290253449358,True
vector_thrust,cruise_39,0.8752755794439099,0.10957932105855367,9.34319546401853,7.987598125162746,24.046382069545867,True
vector_thrust,cruise_39,0.8752755794442141,0.1095793210585978,9.343195464021893,7.987598125162305,24.318182618817044,True
vector_thrust,cruise_39,0.8752755794424095,0.10957932105833593,9.343195464001935,7.987598125164926,24.619858469064756,True
vector_thrust,cruise_39,0.8752755793733282,0.10957932104831028,9.34319546323787,7.987598125265306,24.891659018335933,True
vector_thrust,cruise_39,0.8752755794218227,0.1095793210553482,9.343195463774236,7.987598125194839,25.079750834432442,True
vector_thrust,cruise_39,0.8752755792932229,0.10957932103668472,9.34319546235188,7.987598125381705,25.146880026381627,True
vector_thrust,cruise_40,0.7663075093393029,0.09454873930231919,8.139433505888329,8.104893994292594,25.146880026381627,True
vector_thrust,cruise_40,0.7663075093393026,0.09454873930231916,8.139433505888327,8.104893994292592,25.187157541551137,True
vector_thrust,cruise_40,0.766307509339306,0.09454873930231963,8.139433505888366,8.104893994292588,25.300012631209043,True
vector_thrust,cruise_40,0.7663075093393059,0.0945487393023196,8.139433505888363,8.10489399429259,25.463092960771753,True
vector_thrust,cruise_40,0.7663075093393055,0.09454873930231955,8.139433505888357,8.10489399429259,25.644098470920376,True
vector_thrust,cruise_40,0.766307509339307,0.09454873930231972,8.139433505888373,8.104893994292592,25.807178800483086,True
vector_thrust,cruise_40,0.7663075093393026,0.09454873930231916,8.139433505888327,8.104893994292592,25.92003389014099,True
vector_thrust,cruise_40,0.7663075093386074,0.09454873930223212,8.139433505880737,8.1048939942927,25.960311405310502,True
vector_thrust,cruise_41,0.8892980820113588,0.11166698368377315,9.499167653809481,7.963840811978401,25.960311405310502,True
vector_thrust,cruise_41,0.8892980820198879,0.11166698368503195,9.49916765390397,7.963840811965007,25.973737243700338,True
vector_thrust,cruise_41,0.8892980820560626,0.11166698369037081,9.499167654304717,7.963840811908202,26.01135560691964,True
vector_thrust,cruise_41,0.8892980821422679,0.11166698370309355,9.499167655259718,7.96384081177283,26.065715716773877,True
vector_thrust,cruise_41,0.8892980823052197,0.11166698372714298,9.49916765706493,7.963840811516944,26.126050886823418,True
vector_thrust,cruise_41,0.8892980825591011,0.11166698376461245,9.499167659877479,7.963840811118263,26.180410996677654,True
vector_thrust,cruise_41,0.8892980826743837,0.1116669837816266,9.499167661154601,7.9638408109372305,26.218029359896956,True
vector_thrust,cruise_41,0.889298082783539,0.11166698379773637,9.499167662363842,7.963840810765824,26.231455198286792,True
vector_thrust,cruise_42,0.7663075093521107,0.0945487393039228,8.139433506028153,8.104893994290592,26.231455198286792,True
vector_thrust,cruise_42,0.7663075093495556,0.09454873930360289,8.139433506000262,8.104893994290991,26.271732713456302,True
vector_thrust,cruise_42,0.7663075093487624,0.09454873930350358,8.1394335059916,8.104893994291114,26.384587803114208,True
vector_thrust,cruise_42,0.7663075093423343,0.09454873930269869,8.13943350592142,8.104893994292123,26.547668132676918,True
vector_thrust,cruise_42,0.7663075093390879,0.09454873930229218,8.139433505885977,8.104893994292635,26.72867364282554,True
vector_thrust,cruise_42,0.7663075095321307,0.09454873932646354,8.13943350799352,8.104893994262348,26.89175397238825,True
vector_thrust,cruise_42,0.7663075097717187,0.09454873935646294,8.13943351060922,8.10489399422476,27.004609062046153,True
vector_thrust,cruise_42,0.7663075093392775,0.09454873930231594,8.139433505888048,8.104893994292603,27.044886577215667,True
vector_thrust,cruise_43,0.8892980829762003,0.11166698382617071,9.499167664498186,7.96384081046327,27.044886577215667,True
vector_thrust,cruise_43,0.8892980829598996,0.111666983823765,9.499167664317607,7.963840810488866,27.07173825399534,True
vector_thrust,cruise_43,0.8892980829523068,0.11166698382264442,9.499167664233493,7.963840810500787,27.146974980433946,True
vector_thrust,cruise_43,0.8892980828905781,0.11166698381353404,9.499167663549647,7.963840810597726,27.255695200142416,True
vector_thrust,cruise_43,0.889298082756057,0.11166698379368062,9.499167662059397,7.963840810808965,27.376365540241498,True
vector_thrust,cruise_43,0.8892980826334247,0.11166698377558174,9.499167660700852,7.96384081100154,27.48508575994997,True
vector_thrust,cruise_43,0.8892980825778466,0.11166698376737913,9.499167660085144,7.963840811088819,27.560322486388575,True
vector_thrust,cruise_43,0.8892980825635836,0.11166698376527409,9.499167659927135,7.9638408111112176,27.58717416316825,True
vector_thrust,cruise_44,0.7663075093393179,0.09454873930232105,8.13943350588849,8.104893994292592,27.58717416316825,True
vector_thrust,cruise_44,0.766307509339305,0.09454873930231944,8.13943350588835,8.104893994292594,27.600600001558085,True
vector_thrust,cruise_44,0.766307509347059,0.09454873930329033,8.139433505973006,8.104893994291379,27.63821836477739,True
vector_thrust,cruise_44,0.7663075093395794,0.09454873930235375,8.139433505891345,8.104893994292555,27.692578474631624,True
vector_thrust,cruise_44,0.7663075093392939,0.09454873930231805,8.13943350588823,8.104893994292595,27.752913644681165,True
vector_thrust,cruise_44,0.7663075093392892,0.09454873930231744,8.139433505888176,8.104893994292597,27.8072737545354,True
vector_thrust,cruise_44,0.7663075093392976,0.0945487393023185,8.139433505888269,8.104893994292597,27.844892117754704,True
vector_thrust,cruise_44,0.7663075093392914,0.09454873930231772,8.139433505888203,8.104893994292597,27.858317956144543,True
vector_thrust,cruise_45,0.8892980825591669,0.11166698376462211,9.499167659878205,7.963840811118162,27.858317956144543,True
vector_thrust,cruise_45,0.8892980825591649,0.11166698376462186,9.499167659878186,7.963840811118162,27.885169632924214,True
vector_thrust,cruise_45,0.8892980825591565,0.11166698376462059,9.49916765987809,7.963840811118179,27.96040635936282,True
vector_thrust,cruise_45,0.8892980825591572,0.1116669837646207,9.499167659878099,7.963840811118177,28.06912657907129,True
vector_thrust,cruise_45,0.8892980825591058,0.11166698376461312,9.49916765987753,7.963840811118257,28.189796919170373,True
vector_thrust,cruise_45,0.8892980825543698,0.11166698376391418,9.499167659825066,7.963840811125692,28.298517138878843,True
vector_thrust,cruise_45,0.8892980825475651,0.1116669837629099,9.499167659749679,7.963840811136378,28.37375386531745,True
vector_thrust,cruise_45,0.8892980825421568,0.11166698376211165,9.499167659689762,7.963840811144875,28.400605542097125,True
vector_thrust,cruise_46,0.803476561012059,0.09943382245239793,8.54836957014156,8.080515675606339,28.400605542097125,True
vector_thrust,cruise_46,0.8034765610120642,0.09943382245239862,8.548369570141618,8.080515675606335,28.427457218876796,True
vector_thrust,cruise_46,0.8034765610120149,0.09943382245239207,8.548369570141075,8.080515675606371,28.502693945315404,True
vector_thrust,cruise_46,0.8034765610119516,0.09943382245238369,8.54836957014038,8.080515675606415,28.611414165023874,True
vector_thrust,cruise_46,0.8034765610122595,0.09943382245242444,8.548369570143759,8.0805156756062,28.732084505122955,True
vector_thrust,cruise_46,0.8034765610118866,0.09943382245237514,8.54836957013967,8.080515675606456,28.840804724831425,True
vector_thrust,cruise_46,0.8034765610136967,0.09943382245261437,8.54836957015952,8.08051567560522,28.916041451270033,True
vector_thrust,cruise_46,0.8034765610104634,0.09943382245218702,8.548369570124061,8.080515675607431,28.942893128049707,True
vector_thrust,cruise_47,0.7663075093433878,0.09454873930283067,8.139433505932926,8.104893994291952,28.942893128049707,True
vector_thrust,cruise_47,0.7663075093474586,0.09454873930334032,8.139433505977365,8.10489399429132,29.050299835168403,True
vector_thrust,cruise_47,0.766307509405288,0.09454873931058133,8.139433506608718,8.104893994282243,29.351246740922818,True
vector_thrust,cruise_47,0.7663075093160647,0.09454873929940946,8.139433505634624,8.10489399429624,29.786127619756705,True
vector_thrust,cruise_47,0.7663075093666233,0.09454873930574004,8.139433506186599,8.104893994288307,30.26880898015304,True
vector_thrust,cruise_47,0.7663075093666222,0.0945487393057399,8.139433506186588,8.104893994288307,30.703689858986927,True
vector_thrust,cruise_47,0.7663075093666222,0.0945487393057399,8.139433506186588,8.104893994288307,31.004636764741342,True
vector_thrust,cruise_47,0.7663075093666217,0.09454873930573984,8.139433506186583,8.104893994288307,31.112043471860037,True
vector_thrust,cruise_48,0.868588565194612,0.1085958067440444,9.268900424533552,7.998361918723414,31.112043471860037,True
vector_thrust,cruise_48,0.86858856519464,0.10859580674404842,9.268900424533863,7.998361918723376,31.13889514863971,True
vector_thrust,cruise_48,0.8685885651946187,0.10859580674404534,9.268900424533625,7.998361918723406,31.214131875078316,True
vector_thrust,cruise_48,0.8685885651946218,0.10859580674404581,9.268900424533662,7.9983619187234,31.322852094786786,True
vector_thrust,cruise_48,0.86858856519464,0.10859580674404842,9.268900424533863,7.998361918723376,31.443522434885868,True
vector_thrust,cruise_48,0.8685885651948356,0.10859580674407654,9.268900424536021,7.998361918723106,31.55224265459434,True
vector_thrust,cruise_48,0.8685885651946259,0.1085958067440464,9.268900424533705,7.998361918723394,31.627479381032945,True
vector_thrust,cruise_48,0.8685885651946187,0.10859580674404534,9.268900424533625,7.998361918723406,31.65433105781262,True
vector_thrust,cruise_49,0.7663075096950578,0.09454873934686403,8.139433509772276,8.104893994236788,31.65433105781262,True
vector_thrust,cruise_49,0.766307509694952,0.09454873934685074,8.139433509771118,8.104893994236809,31.667756896202455,True
vector_thrust,cruise_49,0.7663075096949927,0.09454873934685587,8.139433509771564,8.1048939942368,31.70537525942176,True
vector_thrust,cruise_49,0.7663075096950909,0.09454873934686811,8.139433509772633,8.104893994236788,31.759735369275994,True
vector_thrust,cruise_49,0.7663075096953225,0.09454873934689714,8.139433509775165,8.104893994236749,31.820070539325535,True
vector_thrust,cruise_49,0.7663075096950975,0.09454873934686897,8.139433509772708,8.104893994236786,31.87443064917977,True
vector_thrust,cruise_49,0.7663075096949754,0.09454873934685368,8.139433509771376,8.104893994236804,31.912049012399073,True
vector_thrust,cruise_49,0.7663075096951545,0.09454873934687613,8.139433509773331,8.104893994236773,31.925474850788913,True
vector_thrust,cruise_50,0.8732701473459233,0.10928354599289561,9.32090867491345,7.990865774090946,31.925474850788913,True
vector_thrust,cruise_50,0.8732701473458218,0.10928354599288093,9.320908674912326,7.990865774091091,31.938900689178748,True
vector_thrust,cruise_50,0.8732701473459162,0.10928354599289458,9.320908674913372,7.990865774090957,31.97651905239805,True
vector_thrust,cruise_50,0.8732701473459542,0.1092835459929001,9.320908674913792,7.9908657740909,32.03087916225228,True
vector_thrust,cruise_50,0.8732701473462169,0.1092835459929381,9.320908674916696,7.990865774090525,32.091214332301824,True
vector_thrust,cruise_50,0.8732701473456781,0.10928354599286011,9.32090867491074,7.990865774091298,32.14557444215606,True
vector_thrust,cruise_50,0.8732701473460812,0.10928354599291848,9.320908674915197,7.990865774090719,32.18319280537536,True
vector_thrust,cruise_50,0.873270147345933,0.10928354599289702,9.320908674913557,7.990865774090931,32.196618643765206,True
vector_thrust,cruise_51,0.7663075096950683,0.09454873934686531,8.13943350977239,8.10489399423679,32.196618643765206,True
vector_thrust,cruise_51,0.7663075096951149,0.09454873934687114,8.139433509772896,8.104893994236782,32.23689615893471,True
vector_thrust,cruise_51,0.7663075096951054,0.09454873934686994,8.139433509772793,8.104893994236786,32.34975124859262,True
vector_thrust,cruise_51,0.7663075096949291,0.0945487393468479,8.139433509770871,8.104893994236809,32.51283157815533,True
vector_thrust,cruise_51,0.7663075096950179,0.09454873934685898,8.13943350977184,8.1048939942368,32.69383708830395,True
vector_thrust,cruise_51,0.7663075096951978,0.09454873934688149,8.139433509773802,8.104893994236772,32.85691741786666,True
vector_thrust,cruise_51,0.7663075096950686,0.09454873934686536,8.139433509772394,8.104893994236788,32.96977250752456,True
vector_thrust,cruise_51,0.766307509695165,0.09454873934687741,8.139433509773443,8.104893994236775,33.010050022694074,True
vector_thrust,cruise_52,0.8125289021299588,0.10066196941156144,8.64822730103873,8.071855804925633,33.010050022694074,True
vector_thrust,cruise_52,0.8125289021301004,0.1006619694115804,8.648227301040285,8.071855804925521,33.02347586108391,True
vector_thrust,cruise_52,0.8125289021300841,0.10066196941157823,8.648227301040107,8.071855804925532,33.06109422430322,True
vector_thrust,cruise_52,0.8125289021300521,0.10066196941157396,8.648227301039755,8.071855804925557,33.11545433415745,True
vector_thrust,cruise_52,0.812528902129959,0.10066196941156147,8.648227301038732,8.071855804925633,33.17578950420699,True
vector_thrust,cruise_52,0.8125289021300489,0.10066196941157352,8.64822730103972,8.07185580492556,33.230149614061226,True
vector_thrust,cruise_52,0.8125289021300637,0.10066196941157551,8.648227301039883,8.071855804925548,33.26776797728053,True
vector_thrust,cruise_52,0.8125289021299064,0.10066196941155447,8.648227301038157,8.071855804925672,33.28119381567037,True
vector_thrust,cruise_53,0.7663075096948373,0.09454873934683647,8.13943350976987,8.104893994236818,33.28119381567037,True
vector_thrust,cruise_53,0.7663075096951308,0.09454873934687319,8.139433509773072,8.104893994236775,33.294619654060206,True
vector_thrust,cruise_53,0.7663075096952184,0.09454873934688418,8.13943350977403,8.10489399423676,33.33223801727951,True
vector_thrust,cruise_53,0.7663075096952325,0.09454873934688596,8.139433509774184,8.104893994236757,33.386598127133745,True
vector_thrust,cruise_53,0.7663075096951626,0.09454873934687719,8.13943350977342,8.104893994236768,33.446933297183286,True
vector_thrust,cruise_53,0.7663075096949484,0.09454873934685037,8.13943350977108,8.104893994236802,33.50129340703752,True
vector_thrust,cruise_53,0.7663075096952048,0.09454873934688246,8.13943350977388,8.104893994236763,33.538911770256824,True
vector_thrust,cruise_53,0.7663075096951304,0.09454873934687316,8.139433509773069,8.104893994236773,33.55233760864666,True
vector_thrust,cruise_54,0.8092934837008229,0.10022130163218698,8.61252512693764,8.075064587276433,33.55233760864666,True
vector_thrust,cruise_54,0.8092934837017052,0.10022130163230453,8.612525126947322,8.075064587275765,33.565763447036495,True
vector_thrust,cruise_54,0.8092934837008229,0.10022130163218698,8.61252512693764,8.075064587276433,33.6033818102558,True
vector_thrust,cruise_54,0.8092934837015429,0.10022130163228296,8.612525126945545,8.075064587275884,33.657741920110034,True
vector_thrust,cruise_54,0.809293483703592,0.10022130163255591,8.612525126968029,8.075064587274337,33.718077090159575,True
vector_thrust,cruise_54,0.8092934837019312,0.10022130163233464,8.612525126949803,8.075064587275595,33.77243720001381,True
vector_thrust,cruise_54,0.8092934837034028,0.10022130163253071,8.612525126965954,8.07506458727448,33.810055563233114,True
vector_thrust,cruise_54,0.8092934837008174,0.10022130163218626,8.61252512693758,8.075064587276437,33.82348140162295,True
vector_thrust,cruise_55,0.7663075096950683,0.09454873934686531,8.13943350977239,8.10489399423679,33.82348140162295,True
vector_thrust,cruise_55,0.7663075096951149,0.09454873934687114,8.139433509772896,8.104893994236782,34.01144313908067,True
vector_thrust,cruise_55,0.7663075096951054,0.09454873934686994,8.139433509772793,8.104893994236786,34.538100224150895,True
vector_thrust,cruise_55,0.7663075096949291,0.0945487393468479,8.139433509770871,8.104893994236809,35.29914176211019,True
vector_thrust,cruise_55,0.7663075096950179,0.09454873934685898,8.13943350977184,8.1048939942368,36.14383414280378,True
vector_thrust,cruise_55,0.7663075096951978,0.09454873934688149,8.139433509773802,8.104893994236772,36.904875680763084,True
vector_thrust,cruise_55,0.7663075096950686,0.09454873934686536,8.139433509772394,8.104893994236788,37.4315327658333,True
vector_thrust,cruise_55,0.766307509695165,0.09454873934687741,8.139433509773443,8.104893994236775,37.61949450329102,True
vector_thrust,cruise_56,0.8915513846447877,0.1120056267066066,9.524253450372834,7.9598803279782,37.61949450329102,True
vector_thrust,cruise_56,0.8915513846447867,0.11200562670660649,9.524253450372825,7.959880327978199,37.6463461800707,True
vector_thrust,cruise_56,0.8915513846448416,0.11200562670661462,9.524253450373434,7.959880327978112,37.721582906509305,True
vector_thrust,cruise_56,0.8915513846448412,0.11200562670661454,9.524253450373429,7.959880327978114,37.83030312621778,True
vector_thrust,cruise_56,0.891551384644992,0.11200562670663686,9.524253450375097,7.959880327977874,37.95097346631686,True
vector_thrust,cruise_56,0.8915513846447527,0.11200562670660144,9.524253450372447,7.959880327978255,38.05969368602533,True
vector_thrust,cruise_56,0.8915513846447225,0.112005626706597,9.524253450372115,7.9598803279783015,38.13493041246394,True
vector_thrust,cruise_56,0.8915513846448412,0.11200562670661454,9.524253450373429,7.959880327978114,38.16178208924361,True
vector_thrust,cruise_57,0.7663075096951074,0.09454873934687028,8.139433509772818,8.104893994236777,38.16178208924361,True
vector_thrust,cruise_57,0.7663075096950979,0.09454873934686908,8.139433509772713,8.104893994236779,38.24233711958263,True
vector_thrust,cruise_57,0.7663075096951387,0.09454873934687422,8.139433509773161,8.104893994236772,38.46804729889844,True
vector_thrust,cruise_57,0.766307509695128,0.09454873934687283,8.13943350977304,8.104893994236775,38.79420795802386,True
vector_thrust,cruise_57,0.7663075096949503,0.09454873934685062,8.139433509771104,8.1048939942368,39.15621897832111,True
vector_thrust,cruise_57,0.7663075096950922,0.09454873934686836,8.13943350977265,8.10489399423678,39.48237963744653,True
vector_thrust,cruise_57,0.7663075096951436,0.0945487393468748,8.139433509773212,8.104893994236773,39.70808981676233,True
vector_thrust,cruise_57,0.766307509695176,0.09454873934687885,8.139433509773566,8.104893994236768,39.78864484710135,True
vector_thrust,cruise_58,0.8396462709769427,0.10442974246151485,8.947975286603,8.040298206101339,39.78864484710135,True
vector_thrust,cruise_58,0.8396462709769428,0.10442974246151487,8.947975286603002,8.040298206101339,39.802070685491195,True
vector_thrust,cruise_58,0.8396462709769427,0.10442974246151485,8.947975286603,8.040298206101339,39.8396890487105,True
vector_thrust,cruise_58,0.8396462709769427,0.10442974246151485,8.947975286603,8.040298206101339,39.89404915856473,True
vector_thrust,cruise_58,0.8396462709769427,0.10442974246151485,8.947975286603,8.040298206101339,39.954384328614275,True
vector_thrust,cruise_58,0.8396462709769427,0.10442974246151485,8.947975286603,8.040298206101339,40.00874443846851,True
vector_thrust,cruise_58,0.8396462709769427,0.10442974246151485,8.947975286603,8.040298206101339,40.046362801687806,True
vector_thrust,cruise_58,0.8396462709769428,0.10442974246151487,8.947975286603002,8.040298206101339,40.05978864007764,True
vector_thrust,cruise_59,0.7663075096948373,0.09454873934683647,8.13943350976987,8.104893994236818,40.05978864007764,True
vector_thrust,cruise_59,0.7663075096951308,0.09454873934687319,8.139433509773072,8.104893994236775,40.27460205431503,True
vector_thrust,cruise_59,0.7663075096952184,0.09454873934688418,8.13943350977403,8.10489399423676,40.87649586582386,True
vector_thrust,cruise_59,0.7663075096952325,0.09454873934688596,8.139433509774184,8.104893994236757,41.74625762349164,True
vector_thrust,cruise_59,0.7663075096951626,0.09454873934687719,8.13943350977342,8.104893994236768,42.711620344284306,True
vector_thrust,cruise_59,0.7663075096949484,0.09454873934685037,8.13943350977108,8.104893994236802,43.58138210195208,True
vector_thrust,cruise_59,0.7663075096952048,0.09454873934688246,8.13943350977388,8.104893994236763,44.1832759134609,True
vector_thrust,cruise_59,0.7663075096951304,0.09454873934687316,8.139433509773069,8.104893994236773,44.3980893276983,True
vector_thrust,cruise_60,1.1385222960618318,0.15582596778447713,12.331110244620405,7.30637076893706,44.3980893276983,True
vector_thrust,cruise_60,1.1385222960618318,0.15582596778447713,12.331110244620405,7.30637076893706,44.41530171842097,True
vector_thrust,cruise_60,1.1385222960618318,0.15582596778447708,12.331110244620405,7.306370768937063,44.46352976551021,True
vector_thrust,cruise_60,1.1385222960618318,0.15582596778447713,12.331110244620405,7.30637076893706,44.533221312761825,True
vector_thrust,cruise_60,1.1385222960618318,0.15582596778447708,12.331110244620405,7.306370768937063,44.610573094531894,True
vector_thrust,cruise_60,1.138522296061832,0.1558259677844772,12.33111024462041,7.306370768937059,44.68026464178351,True
vector_thrust,cruise_60,1.1385222960618315,0.15582596778447705,12.331110244620403,7.306370768937063,44.72849268887275,True
vector_thrust,cruise_60,1.1385222960618318,0.15582596778447713,12.331110244620405,7.30637076893706,44.7457050795954,True
vector_thrust,decel_descend,1.106746874581306,0.14915832069799353,11.959607593102206,7.419947270807494,44.7457050795954,False
vector_thrust,decel_descend,1.1045127153231653,0.14870498577959398,11.933801612488963,7.427543263144119,44.8645424381125,False
vector_thrust,decel_descend,1.0994441166024878,0.14768009656846431,11.875336088544616,7.444768402442009,45.19751731736493,False
vector_thrust,decel_descend,1.0920776020959047,0.14620717955535287,11.790531804461624,7.469384235556317,45.67867995884783,False
vector_thrust,decel_descend,1.083741034344318,0.14456374498277058,11.694790124860162,7.496630877081114,46.21273020034298,False
vector_thrust,decel_descend,1.0763491319748333,0.14312589760403485,11.610096608325275,7.520296116867741,46.693892841825885,False
vector_thrust,decel_descend,1.071331363452968,0.1421598290884682,11.552708237190915,7.536104751408096,47.026867721078304,False
vector_thrust,decel_descend,1.0694975393334665,0.14180894228041713,11.531754405530467,7.541820157001178,47.1457050795954,False
vector_thrust,arrival_terminal_procedure,0.9554830534675133,0.12193550389018715,10.24054206930354,7.835970845111721,47.1457050795954,False
vector_thrust,arrival_terminal_procedure,0.9554824950855172,0.12193541504709349,10.24053583421665,7.835971975135312,47.19277663007513,False
vector_thrust,arrival_terminal_procedure,0.9554825924374898,0.1219354305365758,10.240536921282485,7.835971778119756,47.32466818364709,False
vector_thrust,arrival_terminal_procedure,0.9554825731217255,0.12193542746328212,10.240536705595973,7.835971817209939,47.515257000582636,False
vector_thrust,arrival_terminal_procedure,0.9554821394126085,0.12193535845668654,10.240531862649924,7.835972694925989,47.72679462826921,False
vector_thrust,arrival_terminal_procedure,0.9554825790239609,0.12193542840237531,10.240536771502379,7.835971805265319,47.91738344520475,False
vector_thrust,arrival_terminal_procedure,0.9554825718703981,0.12193542726418585,10.240536691623216,7.835971819742307,48.04927499877672,False
vector_thrust,arrival_terminal_procedure,0.9554820633772821,0.12193534635886058,10.240531013613193,7.835972848801859,48.09634654925644,False
vector_thrust,second_descent,1.143899444227571,0.15690327322017047,12.395410895042557,7.290475340322719,48.09634654925644,False
vector_thrust,second_descent,1.1435521209620703,0.15682746008547088,12.391346032947697,7.291784999507325,48.12110433228084,False
vector_thrust,second_descent,1.141731505754839,0.15643385953329417,12.370036879207943,7.298493492144785,48.19047409879175,False
vector_thrust,second_descent,1.1399642075997398,0.1560513415870141,12.349369855291638,7.305058681370559,48.29071631576736,False
vector_thrust,second_descent,1.1368464126648137,0.15538272990242893,12.312930072789563,7.316427078985453,48.401976782745514,False
vector_thrust,second_descent,1.1356760872469809,0.15512977108694073,12.29927110078525,7.320813273233698,48.50221899972112,False
vector_thrust,second_descent,1.134580039535192,0.1548945738944021,12.286480080903965,7.324853356765622,48.57158876623205,False
vector_thrust,second_descent,1.1346642970519685,0.15491112687485353,12.287467996224981,7.324614570576445,48.59634654925644,False
vector_thrust,hover_descent,0.0,0.0,90.0,,48.59634654925644,True
vector_thrust,hover_descent,0.0,0.0,90.0,,48.60652495482053,True
vector_thrust,hover_descent,0.0,0.0,90.0,,48.63504421346087,True
vector_thrust,hover_descent,0.0,0.0,90.0,,48.67625573623799,True
vector_thrust,hover_descent,0.0,0.0,90.0,,48.72199707563973,True
vector_thrust,hover_descent,0.0,0.0,90.0,,48.76320859841685,True
vector_thrust,hover_descent,0.0,0.0,90.0,,48.79172785705719,True
vector_thrust,hover_descent,0.0,0.0,90.0,,48.80190626262128,True
