eVTOL_type,mission_segment,CL,CD,AOA_deg,L_D,time_min,fesibility
vector_thrust,hover_climb,0.0,0.0,-90.0,,0.0,True
vector_thrust,hover_climb,0.0,0.0,-90.0,,0.005510220156420979,True
vector_thrust,hover_climb,0.0,0.0,-90.0,,0.02094951394528936,True
vector_thrust,hover_climb,0.0,0.0,-90.0,,0.043259939881207576,True
vector_thrust,hover_climb,0.0,0.0,-90.0,,0.0680226444881492,True
vector_thrust,hover_climb,0.0,0.0,-90.0,,0.09033307042406742,True
vector_thrust,hover_climb,0.0,0.0,-90.0,,0.1057723642129358,True
vector_thrust,hover_climb,0.0,0.0,-90.0,,0.11128258436935679,True
vector_thrust,second_climb,1.2786710836662396,0.18982676188380776,14.021816322467728,6.735989546347049,0.11128258436935679,True
vector_thrust,second_climb,1.2790933160309288,0.18994157157761937,14.02701466279229,6.734140954015583,0.13604036739375197,True
vector_thrust,second_climb,1.2802771346619062,0.19026386110189383,14.041593869602309,6.7289559207266745,0.2054101339046733,True
vector_thrust,second_climb,1.2819897552602102,0.1907311487314501,14.06269737332193,6.721449347873716,0.305652350880278,True
vector_thrust,second_climb,1.2838933254672198,0.19125197343059852,14.086170352577867,6.7130984451416325,0.4169128178584351,True
vector_thrust,second_climb,1.28561082022373,0.19172318664629026,14.107363797189372,6.705557333529778,0.5171550348340398,True
vector_thrust,second_climb,1.2868007167695974,0.19205037130729977,14.12205515819907,6.700329231389966,0.5865248013449611,True
vector_thrust,second_climb,1.2872256540554174,0.1921673595502897,14.127303411948159,6.69846147164526,0.6112825843693562,True
vector_thrust,departure_terminal_procedures,0.8084083454815376,0.10006300407031793,8.60471990916626,8.078993360157762,0.6112825843693562,True
vector_thrust,departure_terminal_procedures,0.8084083451099802,0.10006300402086996,8.604719905087997,8.07899336043691,0.6530223254985392,True
vector_thrust,departure_terminal_procedures,0.8084083442071369,0.10006300390071701,8.60471989517828,8.078993361115199,0.7699744812511224,True
vector_thrust,departure_terminal_procedures,0.8084083432873495,0.10006300377830898,8.604719885082575,8.078993361806225,0.9389752428562438,True
vector_thrust,departure_terminal_procedures,0.8084083428375334,0.10006300371844618,8.60471988014534,8.078993362144164,1.1265519368196866,True
vector_thrust,departure_terminal_procedures,0.8084083427744138,0.100063003710046,8.60471987945253,8.078993362191586,1.295552698424808,True
vector_thrust,departure_terminal_procedures,0.8084083427550404,0.10006300370746771,8.604719879239884,8.078993362206143,1.4125048541773912,True
vector_thrust,departure_terminal_procedures,0.8084083427665831,0.1000630037090039,8.60471987936658,8.078993362197469,1.4542445953065741,True
vector_thrust,accel_climb,0.8440405159852,0.1050387397703389,8.999097311766766,8.035516399288925,1.4542445953065741,True
vector_thrust,accel_climb,0.8454603344054508,0.10524269931875699,9.014731672368807,8.033434526842925,1.573081953823671,True
vector_thrust,accel_climb,0.8494536395030808,0.10581825061891525,9.058717038827789,8.027477628242316,1.9060568330760934,True
vector_thrust,accel_climb,0.8552635765679266,0.10666064046601917,9.122746415929223,8.018549043312783,2.387219474558996,True
vector_thrust,accel_climb,0.8617671627154715,0.10761062162499166,9.194468277608992,8.008197979922581,2.9212697160541503,True
vector_thrust,accel_climb,0.8676767369373323,0.10848023868832143,9.259683225154093,7.998477394857936,3.4024323575370525,True
vector_thrust,accel_climb,0.8717942912343881,0.10908974394099882,9.305147029554126,7.991533023543423,3.7354072367894755,True
vector_thrust,accel_climb,0.873269407069694,0.10930881519395796,9.321439376844667,7.989011732678298,3.854244595306572,True
vector_thrust,cruise_0,0.7663075093392896,0.09454873930231747,8.13943350588818,8.1048939942926,3.854244595306572,True
vector_thrust,cruise_0,0.7663075093392892,0.09454873930231744,8.139433505888176,8.104893994292597,3.9885029792049433,True
vector_thrust,cruise_0,0.7663075093392889,0.09454873930231741,8.139433505888176,8.104893994292597,4.364686611397961,True
vector_thrust,cruise_0,0.7663075093392883,0.09454873930231733,8.139433505888167,8.104893994292597,4.9082877099403195,True
vector_thrust,cruise_0,0.7663075094063131,0.09454873931070965,8.139433506619907,8.104893994282085,5.511639410435738,True
vector_thrust,cruise_0,0.7663075095156158,0.09454873932439567,8.139433507813218,8.10489399426494,6.055240508978094,True
vector_thrust,cruise_0,0.7663075096492982,0.09454873934113439,8.139433509272694,8.104893994243964,6.431424141171112,True
vector_thrust,cruise_0,0.7663075096971527,0.09454873934712638,8.139433509795147,8.104893994236456,6.565682525069484,True
vector_thrust,cruise_1,0.8407315164684078,0.10458327660118119,8.959990314807897,8.038871450494527,6.565682525069484,True
vector_thrust,cruise_1,0.8407315164684078,0.10458327660118116,8.959990314807895,8.03887145049453,6.579108363459322,True
vector_thrust,cruise_1,0.8407315164684078,0.10458327660118119,8.959990314807897,8.038871450494527,6.616726726678623,True
vector_thrust,cruise_1,0.8407315164684077,0.10458327660118116,8.959990314807895,8.03887145049453,6.671086836532858,True
vector_thrust,cruise_1,0.8407315164684077,0.10458327660118116,8.959990314807895,8.03887145049453,6.7314220065824,True
vector_thrust,cruise_1,0.8407315164684078,0.10458327660118119,8.959990314807897,8.038871450494527,6.7857821164366365,True
vector_thrust,cruise_1,0.8407315164684077,0.10458327660118116,8.959990314807895,8.03887145049453,6.8234004796559375,True
vector_thrust,cruise_1,0.8407315164684078,0.10458327660118119,8.959990314807897,8.038871450494527,6.836826318045776,True
vector_thrust,cruise_2,0.8920385638877093,0.1120789586483269,9.529677980009403,7.95901902235443,6.836826318045776,True
vector_thrust,cruise_2,0.8920385638902364,0.11207895864870102,9.529677980037404,7.95901902235041,6.877103833215287,True
vector_thrust,cruise_2,0.8920385638999055,0.1120789586501327,9.529677980144555,7.9590190223350135,6.989958922873192,True
vector_thrust,cruise_2,0.8920385639514905,0.11207895865777057,9.529677980716203,7.959019022252884,7.153039252435899,True
vector_thrust,cruise_2,0.8920385640021139,0.11207895866526607,9.529677981277196,7.959019022172285,7.334044762584525,True
vector_thrust,cruise_2,0.8920385640332671,0.11207895866987874,9.529677981622426,7.959019022122685,7.497125092147232,True
vector_thrust,cruise_2,0.8920385640482702,0.11207895867210016,9.529677981788687,7.959019022098798,7.609980181805138,True
vector_thrust,cruise_2,0.8920385640525464,0.11207895867273329,9.529677981836073,7.959019022091991,7.6502576969746485,True
vector_thrust,cruise_3,0.7781085745238898,0.09607207240173216,8.269080375008883,8.099217130137195,7.6502576969746485,True
vector_thrust,cruise_3,0.7781085745238863,0.09607207240173171,8.269080375008846,8.099217130137195,7.7173868889238335,True
vector_thrust,cruise_3,0.7781085745238814,0.0960720724017311,8.269080375008793,8.099217130137195,7.905478705020343,True
vector_thrust,cruise_3,0.7781085745238804,0.09607207240173102,8.269080375008784,8.099217130137191,8.177279254291522,True
vector_thrust,cruise_3,0.7781085745944577,0.09607207241072505,8.269080375780426,8.099217130113592,8.478955104539232,True
vector_thrust,cruise_3,0.7781085749840249,0.09607207246036983,8.26908038003968,8.099217129983307,8.75075565381041,True
vector_thrust,cruise_3,0.7781085754072506,0.09607207251430386,8.269080384666927,8.099217129841772,8.938847469906918,True
vector_thrust,cruise_3,0.7781085755817051,0.0960720725365356,8.269080386574291,8.099217129783428,9.005976661856105,True
vector_thrust,cruise_4,0.8930127888372833,0.1122257249916849,9.540526416863276,7.957291333189863,9.005976661856105,True
vector_thrust,cruise_4,0.8930127888418233,0.11222572499235789,9.540526416913591,7.9572913331826,9.046254177025617,True
vector_thrust,cruise_4,0.8930127888524938,0.1122257249939396,9.540526417031852,7.95729133316553,9.159109266683522,True
vector_thrust,cruise_4,0.8930127888632232,0.11222572499553007,9.540526417150765,7.957291333148365,9.32218959624623,True
vector_thrust,cruise_4,0.8930127888701108,0.11222572499655104,9.540526417227099,7.957291333137347,9.503195106394855,True
vector_thrust,cruise_4,0.8930127888729378,0.11222572499697009,9.540526417258432,7.957291333132824,9.666275435957562,True
vector_thrust,cruise_4,0.893012788873552,0.11222572499706113,9.540526417265237,7.957291333131842,9.779130525615468,True
vector_thrust,cruise_4,0.8930127888718253,0.11222572499680519,9.540526417246102,7.957291333134603,9.819408040784978,True
vector_thrust,cruise_5,0.7663075093392618,0.09454873930231397,8.13943350588788,8.104893994292606,9.819408040784978,True
vector_thrust,cruise_5,0.7663075093392616,0.09454873930231394,8.139433505887876,8.104893994292606,9.967092263073187,True
vector_thrust,cruise_5,0.7663075093392618,0.09454873930231397,8.13943350588788,8.104893994292606,10.380894258485508,True
vector_thrust,cruise_5,0.7663075093392618,0.09454873930231397,8.139433505887878,8.104893994292606,10.9788554668821,True
vector_thrust,cruise_5,0.7663075093392618,0.09454873930231397,8.13943350588788,8.104893994292606,11.64254233742706,True
vector_thrust,cruise_5,0.7663075093392618,0.09454873930231397,8.139433505887878,8.104893994292606,12.240503545823653,True
vector_thrust,cruise_5,0.7663075093392618,0.09454873930231397,8.139433505887878,8.104893994292606,12.654305541235974,True
vector_thrust,cruise_5,0.7663075093392618,0.09454873930231397,8.13943350588788,8.104893994292606,12.801989763524181,True
vector_thrust,cruise_6,0.8892980825483591,0.11166698376302706,9.499167659758475,7.963840811135133,12.801989763524181,True
vector_thrust,cruise_6,0.8892980825517749,0.11166698376353121,9.499167659796317,7.963840811129767,12.815415601914019,True
vector_thrust,cruise_6,0.8892980825609756,0.1116669837648891,9.499167659898243,7.96384081111532,12.85303396513332,True
vector_thrust,cruise_6,0.8892980825736522,0.11166698376675999,9.49916766003868,7.963840811095413,12.907394074987558,True
vector_thrust,cruise_6,0.8892980825591476,0.11166698376461928,9.499167659877992,7.9638408111181915,12.967729245037098,True
vector_thrust,cruise_6,0.8892980825591501,0.11166698376461964,9.499167659878019,7.963840811118189,13.022089354891333,True
vector_thrust,cruise_6,0.8892980825712075,0.11166698376639916,9.499167660011594,7.963840811099253,13.059707718110637,True
vector_thrust,cruise_6,0.889298082576451,0.11166698376717307,9.499167660069686,7.963840811091017,13.073133556500473,True
vector_thrust,cruise_7,0.8032122335062615,0.09939818508936693,8.545455277472001,8.080753514605014,13.073133556500473,True
vector_thrust,cruise_7,0.8032122334989149,0.09939818508839637,8.545455277391435,8.080753514610006,13.08655939489031,True
vector_thrust,cruise_7,0.8032122334926424,0.09939818508756765,8.545455277322642,8.080753514614274,13.124177758109612,True
vector_thrust,cruise_7,0.8032122334926417,0.09939818508756759,8.545455277322636,8.08075351461427,13.178537867963849,True
vector_thrust,cruise_7,0.8032122334926416,0.09939818508756754,8.545455277322633,8.080753514614274,13.23887303801339,True
vector_thrust,cruise_7,0.8032122334926409,0.09939818508756745,8.54545527732263,8.080753514614274,13.293233147867625,True
vector_thrust,cruise_7,0.8032122334926408,0.09939818508756745,8.545455277322626,8.080753514614274,13.330851511086928,True
vector_thrust,cruise_7,0.8032122334926408,0.09939818508756745,8.545455277322628,8.080753514614274,13.344277349476764,True
vector_thrust,cruise_8,0.8751215072746414,0.10955657256002257,9.341483053163076,7.987850357359346,13.344277349476764,True
vector_thrust,cruise_8,0.8751215072893402,0.10955657256215537,9.341483053325648,7.987850357338009,13.371129026256439,True
vector_thrust,cruise_8,0.8751215073282884,0.10955657256780682,9.341483053756422,7.987850357281465,13.446365752695042,True
vector_thrust,cruise_8,0.8751215073793422,0.10955657257521476,9.341483054321081,7.987850357207351,13.555085972403512,True
vector_thrust,cruise_8,0.8751215074294767,0.10955657258248933,9.341483054875578,7.987850357134569,13.675756312502596,True
vector_thrust,cruise_8,0.8751215074130717,0.10955657258010895,9.341483054694136,7.987850357158384,13.78447653221107,True
vector_thrust,cruise_8,0.87512150744261,0.10955657258439497,9.34148305502083,7.987850357115504,13.859713258649672,True
vector_thrust,cruise_8,0.8751215074495395,0.10955657258540044,9.341483055097472,7.9878503571054456,13.886564935429346,True
vector_thrust,cruise_9,0.7663075093392876,0.09454873930231728,8.139433505888162,8.104893994292595,13.886564935429346,True
vector_thrust,cruise_9,0.7663075093392876,0.09454873930231728,8.139433505888162,8.104893994292595,13.913416612209021,True
vector_thrust,cruise_9,0.7663075093392876,0.09454873930231728,8.139433505888162,8.104893994292595,13.988653338647625,True
vector_thrust,cruise_9,0.766307509339288,0.0945487393023173,8.139433505888165,8.104893994292597,14.097373558356095,True
vector_thrust,cruise_9,0.7663075093392875,0.09454873930231722,8.13943350588816,8.104893994292599,14.218043898455178,True
vector_thrust,cruise_9,0.7663075093392876,0.09454873930231728,8.139433505888162,8.104893994292595,14.326764118163652,True
vector_thrust,cruise_9,0.7663075093392879,0.09454873930231728,8.139433505888164,8.104893994292599,14.402000844602254,True
vector_thrust,cruise_9,0.7663075093392876,0.09454873930231728,8.139433505888162,8.104893994292595,14.428852521381929,True
vector_thrust,cruise_10,0.8407315164697923,0.10458327660137359,8.959990314823147,8.038871450492977,14.428852521381929,True
vector_thrust,cruise_10,0.8407315164697298,0.10458327660136493,8.959990314822461,8.038871450493044,14.442278359771766,True
vector_thrust,cruise_10,0.8407315164695743,0.10458327660134331,8.959990314820747,8.03887145049322,14.47989672299107,True
vector_thrust,cruise_10,0.8407315164693915,0.10458327660131789,8.959990314818732,8.038871450493426,14.534256832845305,True
vector_thrust,cruise_10,0.8407315164691548,0.10458327660128502,8.959990314816125,8.038871450493689,14.594592002894846,True
vector_thrust,cruise_10,0.8407315164686989,0.10458327660122169,8.959990314811105,8.038871450494199,14.64895211274908,True
vector_thrust,cruise_10,0.840731516468415,0.10458327660118222,8.959990314807976,8.038871450494518,14.686570475968384,True
vector_thrust,cruise_10,0.8407315164684084,0.1045832766011813,8.959990314807905,8.038871450494524,14.699996314358222,True
vector_thrust,cruise_11,0.7663075093392495,0.09454873930231242,8.139433505887745,8.10489399429261,14.699996314358222,True
vector_thrust,cruise_11,0.7663075093392488,0.0945487393023123,8.139433505887736,8.104893994292611,14.928235566985451,True
vector_thrust,cruise_11,0.7663075093392444,0.09454873930231175,8.139433505887688,8.104893994292613,15.567747741713584,True
vector_thrust,cruise_11,0.7663075093392481,0.09454873930231222,8.139433505887729,8.104893994292611,16.49186960923559,True
vector_thrust,cruise_11,0.7663075093392481,0.0945487393023122,8.139433505887725,8.104893994292613,17.517567500077803,True
vector_thrust,cruise_11,0.766307509339257,0.09454873930231333,8.139433505887826,8.10489399429261,18.441689367599807,True
vector_thrust,cruise_11,0.7663075093392503,0.09454873930231247,8.139433505887752,8.104893994292613,19.081201542327943,True
vector_thrust,cruise_11,0.7663075093392488,0.0945487393023123,8.139433505887736,8.104893994292611,19.30944079495517,True
vector_thrust,cruise_12,0.8892980836707682,0.11166698392867919,9.499167672192739,7.963840809372588,19.30944079495517,True
vector_thrust,cruise_12,0.8892980835790543,0.11166698391514349,9.499167671176716,7.963840809516607,19.322866633345008,True
vector_thrust,cruise_12,0.889298083329426,0.11166698387830176,9.499167668411285,7.963840809908606,19.36048499656431,True
vector_thrust,cruise_12,0.8892980829808709,0.11166698382685974,9.499167664549923,7.963840810455956,19.414845106418547,True
vector_thrust,cruise_12,0.8892980826117686,0.11166698377238526,9.499167660460932,7.9638408110355705,19.475180276468087,True
vector_thrust,cruise_12,0.8892980825542086,0.1116669837638902,9.499167659823273,7.963840811125959,19.52954038632232,True
vector_thrust,cruise_12,0.8892980825542195,0.11166698376389181,9.499167659823394,7.963840811125942,19.567158749541626,True
vector_thrust,cruise_12,0.8892980825542229,0.11166698376389234,9.499167659823433,7.963840811125935,19.58058458793146,True
vector_thrust,cruise_13,0.766307509311238,0.09454873929880508,8.13943350558193,8.104893994296999,19.58058458793146,True
vector_thrust,cruise_13,0.7663075093119047,0.09454873929888857,8.13943350558921,8.104893994296894,19.607436264711133,True
vector_thrust,cruise_13,0.7663075093141224,0.09454873929916627,8.13943350561342,8.104893994296544,19.68267299114974,True
vector_thrust,cruise_13,0.7663075093175001,0.09454873929958918,8.139433505650297,8.104893994296017,19.79139321085821,True
vector_thrust,cruise_13,0.7663075093207666,0.09454873929999816,8.139433505685956,8.104893994295507,19.912063550957292,True
vector_thrust,cruise_13,0.7663075093237548,0.09454873930037239,8.139433505718586,8.104893994295033,20.020783770665766,True
vector_thrust,cruise_13,0.7663075093256035,0.09454873930060381,8.139433505738763,8.104893994294747,20.09602049710437,True
vector_thrust,cruise_13,0.7663075093264314,0.09454873930070748,8.139433505747801,8.104893994294617,20.122872173884044,True
vector_thrust,cruise_14,0.8892980836074454,0.11166698391933372,9.499167671491241,7.963840809472018,20.122872173884044,True
vector_thrust,cruise_14,0.8892980835235457,0.11166698390695123,9.499167670561784,7.96384080960377,20.13629801227388,True
vector_thrust,cruise_14,0.8892980832957045,0.11166698387332502,9.499167668037718,7.963840809961553,20.173916375493185,True
vector_thrust,cruise_14,0.8892980829746928,0.11166698382594809,9.499167664481487,7.963840810465648,20.22827648534742,True
vector_thrust,cruise_14,0.8892980826327622,0.11166698377548373,9.49916766069351,7.963840811002597,20.28861165539696,True
vector_thrust,cruise_14,0.889298082554417,0.11166698376392103,9.499167659825586,7.963840811125626,20.342971765251196,True
vector_thrust,cruise_14,0.8892980825544265,0.11166698376392245,9.499167659825691,7.9638408111256105,20.380590128470498,True
vector_thrust,cruise_14,0.8892980825544292,0.1116669837639229,9.499167659825723,7.9638408111256025,20.394015966860334,True
vector_thrust,cruise_15,0.7663075093392485,0.09454873930231228,8.139433505887732,8.104893994292611,20.394015966860334,True
vector_thrust,cruise_15,0.7663075093395944,0.09454873930235555,8.139433505891505,8.10489399429256,20.42086764364001,True
vector_thrust,cruise_15,0.7663075093395707,0.09454873930235258,8.139433505891246,8.104893994292564,20.496104370078616,True
vector_thrust,cruise_15,0.7663075093394858,0.09454873930234198,8.13943350589032,8.104893994292574,20.604824589787086,True
vector_thrust,cruise_15,0.7663075093392813,0.09454873930231633,8.139433505888086,8.10489399429261,20.725494929886167,True
vector_thrust,cruise_15,0.7663075093392485,0.09454873930231228,8.139433505887732,8.104893994292611,20.834215149594637,True
vector_thrust,cruise_15,0.7663075093392481,0.09454873930231222,8.139433505887729,8.104893994292611,20.909451876033245,True
vector_thrust,cruise_15,0.7663075093392344,0.0945487393023105,8.139433505887578,8.104893994292613,20.936303552812916,True
vector_thrust,cruise_16,0.876404398840768,0.10974611549796495,9.355742434448535,7.985744141049069,20.936303552812916,True
vector_thrust,cruise_16,0.8764043987244919,0.10974611548106689,9.355742433162314,7.9857441412191665,20.949729391202755,True
vector_thrust,cruise_16,0.8764043984073157,0.10974611543497262,9.35574242965378,7.985744141683153,20.987347754422057,True
vector_thrust,cruise_16,0.8764043979587367,0.10974611536978202,9.355742424691703,7.985744142339363,21.041707864276294,True
vector_thrust,cruise_16,0.8764043974825415,0.10974611530057807,9.355742419424143,7.985744143035969,21.102043034325835,True
vector_thrust,cruise_16,0.876404397318926,0.10974611527680031,9.355742417614263,7.985744143275318,21.156403144180068,True
vector_thrust,cruise_16,0.8764043973189423,0.10974611527680267,9.355742417614444,7.985744143275294,21.194021507399373,True
vector_thrust,cruise_16,0.876404397318948,0.10974611527680356,9.35574241761451,7.985744143275283,21.20744734578921,True
vector_thrust,cruise_17,0.8007194711331742,0.09906273177774921,8.517976113537555,8.082953667476252,21.20744734578921,True
vector_thrust,cruise_17,0.8007194711331762,0.09906273177774946,8.517976113537577,8.082953667476252,21.26115069934856,True
vector_thrust,cruise_17,0.8007194711331748,0.09906273177774927,8.51797611353756,8.082953667476252,21.411624152225766,True
vector_thrust,cruise_17,0.8007194711331974,0.09906273177775227,8.517976113537811,8.082953667476236,21.629064591642706,True
vector_thrust,cruise_17,0.8007194711333007,0.09906273177776581,8.517976113538941,8.082953667476174,21.870405271840873,True
vector_thrust,cruise_17,0.8007194711335607,0.09906273177780006,8.517976113541792,8.082953667476003,22.08784571125782,True
vector_thrust,cruise_17,0.8007194711332166,0.09906273177775482,8.51797611353802,8.082953667476222,22.238319164135024,True
vector_thrust,cruise_17,0.8007194711324356,0.09906273177765196,8.517976113529457,8.082953667476731,22.292022517694374,True
vector_thrust,cruise_18,0.8793519739825856,0.11018269501364894,9.388512444986905,7.98085374362694,22.292022517694374,True
vector_thrust,cruise_18,0.8793519738880103,0.11018269499985556,9.388512443940378,7.980853743767686,22.30544835608421,True
vector_thrust,cruise_18,0.8793519736262452,0.11018269496167832,9.388512441043805,7.980853744157237,22.343066719303515,True
vector_thrust,cruise_18,0.8793519732492557,0.11018269490669619,9.388512436872215,7.980853744718259,22.397426829157748,True
vector_thrust,cruise_18,0.8793519728351742,0.1101826948463043,9.38851243229018,7.980853745334484,22.45776199920729,True
vector_thrust,cruise_18,0.879351972673509,0.11018269482272619,9.388512430501267,7.980853745575068,22.512122109061526,True
vector_thrust,cruise_18,0.879351972673522,0.11018269482272813,9.388512430501414,7.980853745575046,22.549740472280828,True
vector_thrust,cruise_18,0.8793519726735266,0.11018269482272877,9.388512430501462,7.9808537455750415,22.563166310670667,True
vector_thrust,cruise_19,0.7945696472596803,0.09824000795390136,8.450216435426126,8.088045428829037,22.563166310670667,True
vector_thrust,cruise_19,0.7945696472596807,0.09824000795390142,8.450216435426132,8.088045428829037,22.590017987450338,True
vector_thrust,cruise_19,0.7945696472596799,0.09824000795390134,8.450216435426123,8.088045428829037,22.665254713888945,True
vector_thrust,cruise_19,0.7945696472596805,0.09824000795390139,8.450216435426128,8.088045428829037,22.773974933597415,True
vector_thrust,cruise_19,0.7945696472596806,0.09824000795390142,8.45021643542613,8.088045428829037,22.894645273696497,True
vector_thrust,cruise_19,0.7945696472596807,0.09824000795390142,8.450216435426132,8.088045428829037,23.003365493404967,True
vector_thrust,cruise_19,0.7945696472596805,0.09824000795390139,8.450216435426128,8.088045428829037,23.078602219843575,True
vector_thrust,cruise_19,0.7945696472596807,0.09824000795390142,8.450216435426132,8.088045428829037,23.10545389662325,True
vector_thrust,cruise_20,0.8892980835674446,0.11166698391343013,9.499167671048104,7.963840809534832,23.10545389662325,True
vector_thrust,cruise_20,0.8892980835051566,0.11166698390423727,9.499167670358064,7.9638408096326465,23.118879735013085,True
vector_thrust,cruise_20,0.8892980833327165,0.11166698387878743,9.499167668447736,7.963840809903437,23.156498098232387,True
vector_thrust,cruise_20,0.889298083073704,0.11166698384056073,9.499167665578348,7.963840810310171,23.210858208086623,True
vector_thrust,cruise_20,0.8892980827564338,0.11166698379373599,9.499167662063567,7.9638408108083905,23.271193378136164,True
vector_thrust,cruise_20,0.8892980825541011,0.11166698376387443,9.499167659822087,7.963840811126121,23.3255534879904,True
vector_thrust,cruise_20,0.8892980825541127,0.11166698376387613,9.499167659822213,7.963840811126103,23.363171851209703,True
vector_thrust,cruise_20,0.8892980825541172,0.11166698376387676,9.499167659822259,7.963840811126099,23.37659768959954,True
vector_thrust,cruise_21,0.8056852603644304,0.09973210382417541,8.572724591461034,8.078494581692857,23.37659768959954,True
vector_thrust,cruise_21,0.8056852603644308,0.09973210382417547,8.572724591461037,8.078494581692855,23.390023527989378,True
vector_thrust,cruise_21,0.8056852603644306,0.09973210382417544,8.572724591461036,8.078494581692855,23.42764189120868,True
vector_thrust,cruise_21,0.8056852603644302,0.09973210382417541,8.572724591461032,8.078494581692855,23.482002001062916,True
vector_thrust,cruise_21,0.8056852603644306,0.09973210382417544,8.572724591461036,8.078494581692855,23.542337171112457,True
vector_thrust,cruise_21,0.8056852603644302,0.09973210382417541,8.572724591461032,8.078494581692855,23.59669728096669,True
vector_thrust,cruise_21,0.8056852603644306,0.09973210382417544,8.572724591461036,8.078494581692855,23.634315644185996,True
vector_thrust,cruise_21,0.8056852603644304,0.09973210382417541,8.572724591461034,8.078494581692857,23.64774148257583,True
vector_thrust,cruise_22,0.873796692060722,0.10936113656332605,9.326759800872237,7.990011072669733,23.64774148257583,True
vector_thrust,cruise_22,0.8737966919571218,0.10936113654831778,9.326759799726581,7.990011072818929,23.661167320965667,True
vector_thrust,cruise_22,0.8737966916589476,0.10936113650512205,9.326759796429238,7.990011073248332,23.69878568418497,True
vector_thrust,cruise_22,0.8737966911973261,0.10936113643824813,9.326759791324426,7.990011073913119,23.753145794039206,True
vector_thrust,cruise_22,0.8737966906104189,0.10936113635322442,9.32675978483415,7.990011074758329,23.813480964088747,True
vector_thrust,cruise_22,0.8737966902820301,0.10936113630565156,9.32675978120268,7.990011075231249,23.867841073942984,True
vector_thrust,cruise_22,0.8737966902820614,0.10936113630565611,9.326759781203027,7.990011075231202,23.905459437162285,True
vector_thrust,cruise_22,0.8737966902820727,0.10936113630565777,9.326759781203155,7.990011075231184,23.91888527555212,True
vector_thrust,cruise_23,0.766307509339625,0.09454873930235941,8.13943350589184,8.104893994292553,23.91888527555212,True
vector_thrust,cruise_23,0.7663075093392641,0.09454873930231425,8.139433505887903,8.104893994292606,23.95916279072163,True
vector_thrust,cruise_23,0.7663075093395075,0.09454873930234473,8.13943350589056,8.104893994292569,24.072017880379537,True
vector_thrust,cruise_23,0.7663075093393662,0.09454873930232702,8.139433505889016,8.104893994292592,24.235098209942247,True
vector_thrust,cruise_23,0.766307509339286,0.09454873930231697,8.13943350588814,8.104893994292606,24.41610372009087,True
vector_thrust,cruise_23,0.7663075093391765,0.09454873930230329,8.139433505886947,8.10489399429262,24.57918404965358,True
vector_thrust,cruise_23,0.7663075093392645,0.09454873930231428,8.139433505887906,8.104893994292608,24.692039139311483,True
vector_thrust,cruise_23,0.7663075093389092,0.09454873930226981,8.13943350588403,8.104893994292663,24.732316654480996,True
vector_thrust,cruise_24,0.81159488008677,0.10053455919897936,8.637919215503075,8.072794932938937,24.732316654480996,True
vector_thrust,cruise_24,0.8115948800867705,0.10053455919897938,8.637919215503079,8.072794932938939,24.745742492870832,True
vector_thrust,cruise_24,0.81159488008677,0.10053455919897936,8.637919215503075,8.072794932938937,24.783360856090138,True
vector_thrust,cruise_24,0.8115948800867698,0.10053455919897936,8.637919215503073,8.072794932938933,24.83772096594437,True
vector_thrust,cruise_24,0.8115948800867698,0.10053455919897936,8.637919215503073,8.072794932938933,24.89805613599391,True
vector_thrust,cruise_24,0.8115948800867698,0.10053455919897936,8.637919215503073,8.072794932938933,24.95241624584815,True
vector_thrust,cruise_24,0.8115948800867698,0.10053455919897936,8.637919215503073,8.072794932938933,24.99003460906745,True
vector_thrust,cruise_24,0.8115948800867695,0.10053455919897933,8.637919215503072,8.072794932938933,25.003460447457286,True
vector_thrust,cruise_25,0.8704124987327523,0.10886329281949789,9.289159526536087,7.995463633237241,25.003460447457286,True
vector_thrust,cruise_25,0.8704124987313293,0.1088632928192926,9.28915952652036,7.995463633239247,25.03031212423696,True
vector_thrust,cruise_25,0.8704124987262366,0.10886329281855786,9.289159526464065,7.9954636332464295,25.105548850675568,True
vector_thrust,cruise_25,0.870412498729828,0.10886329281907595,9.289159526503763,7.995463633241369,25.214269070384038,True
vector_thrust,cruise_25,0.8704125066878458,0.10886329396717731,9.289159614472524,7.995463622020094,25.33493941048312,True
vector_thrust,cruise_25,0.8704125017412564,0.10886329325353405,9.289159559792411,7.995463628995075,25.44365963019159,True
vector_thrust,cruise_25,0.8704124987443016,0.10886329282116408,9.289159526663756,7.995463633220958,25.518896356630197,True
vector_thrust,cruise_25,0.8704124987244285,0.10886329281829701,9.289159526444077,7.995463633248979,25.545748033409872,True
vector_thrust,cruise_26,0.7663075093379027,0.09454873930214369,8.139433505873038,8.104893994292828,25.545748033409872,True
vector_thrust,cruise_26,0.7663075093378846,0.09454873930214142,8.139433505872839,8.104893994292832,25.572599710189543,True
vector_thrust,cruise_26,0.7663075093378015,0.09454873930213104,8.139433505871931,8.104893994292842,25.64783643662815,True
vector_thrust,cruise_26,0.7663075093377036,0.0945487393021188,8.139433505870866,8.104893994292857,25.75655665633662,True
vector_thrust,cruise_26,0.7663075093377745,0.09454873930212768,8.13943350587164,8.104893994292844,25.877226996435702,True
vector_thrust,cruise_26,0.7663075093381664,0.09454873930217675,8.13943350587592,8.104893994292784,25.985947216144172,True
vector_thrust,cruise_26,0.7663075093384498,0.09454873930221219,8.13943350587901,8.104893994292743,26.06118394258278,True
vector_thrust,cruise_26,0.7663075093384057,0.0945487393022067,8.13943350587853,8.104893994292748,26.088035619362454,True
vector_thrust,cruise_27,0.8694709738081908,0.10872514230208902,9.278701153232136,7.996963309483616,26.088035619362454,True
vector_thrust,cruise_27,0.8694709738144313,0.10872514230298833,9.278701153301112,7.996963309474866,26.10146145775229,True
vector_thrust,cruise_27,0.8694709738388003,0.10872514230649996,9.27870115357046,7.996963309440712,26.13907982097159,True
vector_thrust,cruise_27,0.8694709738952962,0.10872514231464117,9.278701154194898,7.996963309361529,26.19343993082583,True
vector_thrust,cruise_27,0.8694709739935024,0.10872514232879302,9.278701155280364,7.996963309223884,26.25377510087537,True
vector_thrust,cruise_27,0.8694709741166929,0.10872514234654515,9.278701156641976,7.996963309051223,26.308135210729603,True
vector_thrust,cruise_27,0.8694709741439398,0.10872514235047154,9.278701156943136,7.996963309013032,26.345753573948908,True
vector_thrust,cruise_27,0.8694709741309143,0.10872514234859454,9.278701156799166,7.996963309031288,26.359179412338744,True
vector_thrust,cruise_28,0.8131465113380175,0.10074630466604076,8.655043980045035,8.071229153600017,26.359179412338744,True
vector_thrust,cruise_28,0.8131465113363179,0.10074630466581314,8.655043980026374,8.071229153601381,26.37260525072858,True
vector_thrust,cruise_28,0.8131465113310271,0.10074630466510445,8.655043979968282,8.07122915360564,26.410223613947885,True
vector_thrust,cruise_28,0.8131465113209175,0.10074630466375031,8.65504397985728,8.07122915361378,26.464583723802118,True
vector_thrust,cruise_28,0.8131465113050874,0.10074630466162995,8.655043979683471,8.071229153626524,26.52491889385166,True
vector_thrust,cruise_28,0.8131465112847697,0.10074630465890852,8.655043979460386,8.071229153642877,26.579279003705896,True
vector_thrust,cruise_28,0.8131465112663882,0.10074630465644643,8.655043979258563,8.071229153657672,26.616897366925198,True
vector_thrust,cruise_28,0.8131465112588346,0.10074630465543466,8.655043979175625,8.071229153663754,26.630323205315037,True
vector_thrust,cruise_29,0.8892980823989726,0.11166698374097958,9.499167658103541,7.963840811369724,26.630323205315037,True
vector_thrust,cruise_29,0.8892980823996691,0.11166698374108239,9.49916765811126,7.963840811368629,26.643749043704872,True
vector_thrust,cruise_29,0.8892980824033851,0.11166698374163075,9.499167658152421,7.963840811362799,26.681367406924174,True
vector_thrust,cruise_29,0.8892980824148948,0.11166698374332948,9.49916765827993,7.963840811344721,26.73572751677841,True
vector_thrust,cruise_29,0.889298082942889,0.11166698382125426,9.499167664129157,7.963840810515593,26.796062686827952,True
vector_thrust,cruise_29,0.8892980818394113,0.11166698365839595,9.49916765190461,7.9638408122484226,26.850422796682185,True
vector_thrust,cruise_29,0.8892980827605008,0.1116669837943362,9.49916766210862,7.963840810802005,26.88804115990149,True
vector_thrust,cruise_29,0.8892980827329259,0.11166698379026654,9.49916766180314,7.963840810845305,26.901466998291326,True
vector_thrust,cruise_30,0.7663075093526814,0.0945487393039943,8.139433506034388,8.1048939942905,26.901466998291326,True
vector_thrust,cruise_30,0.7663075093512619,0.09454873930381652,8.139433506018888,8.104893994290725,26.928318675071,True
vector_thrust,cruise_30,0.7663075093469274,0.09454873930327379,8.139433505971565,8.104893994291404,27.003555401509605,True
vector_thrust,cruise_30,0.7663075093406534,0.0945487393024882,8.13943350590307,8.10489399429239,27.112275621218078,True
vector_thrust,cruise_30,0.7663075093392646,0.0945487393023143,8.139433505887908,8.104893994292608,27.23294596131716,True
vector_thrust,cruise_30,0.7663075093422586,0.09454873930268917,8.139433505920593,8.104893994292139,27.34166618102563,True
vector_thrust,cruise_30,0.7663075093936448,0.09454873930912336,8.139433506481602,8.104893994284078,27.416902907464237,True
vector_thrust,cruise_30,0.766307509351952,0.09454873930390292,8.139433506026421,8.104893994290617,27.44375458424391,True
vector_thrust,cruise_31,0.8827305253026615,0.11068496511573625,9.426086926550472,7.975161977777615,27.44375458424391,True
vector_thrust,cruise_31,0.8827305253026633,0.1106849651157365,9.42608692655049,7.9751619777776135,27.457180422633744,True
vector_thrust,cruise_31,0.8827305253026807,0.11068496511573903,9.426086926550681,7.9751619777775895,27.49479878585305,True
vector_thrust,cruise_31,0.8827305253027529,0.11068496511574963,9.42608692655148,7.975161977777477,27.549158895707283,True
vector_thrust,cruise_31,0.8827305253029505,0.11068496511577855,9.426086926553667,7.975161977777178,27.609494065756824,True
vector_thrust,cruise_31,0.8827305253033056,0.11068496511583059,9.426086926557602,7.975161977776637,27.66385417561106,True
vector_thrust,cruise_31,0.8827305253036938,0.11068496511588738,9.426086926561895,7.975161977776053,27.701472538830362,True
vector_thrust,cruise_31,0.8827305253038661,0.11068496511591264,9.426086926563803,7.975161977775789,27.7148983772202,True
vector_thrust,cruise_32,0.7663075093392914,0.09454873930231766,8.139433505888201,8.104893994292603,27.7148983772202,True
vector_thrust,cruise_32,0.7663075093392898,0.09454873930231747,8.139433505888183,8.104893994292603,27.741750053999873,True
vector_thrust,cruise_32,0.7663075093392866,0.09454873930231705,8.139433505888146,8.104893994292604,27.81698678043848,True
vector_thrust,cruise_32,0.7663075093392808,0.09454873930231633,8.139433505888086,8.104893994292604,27.92570700014695,True
vector_thrust,cruise_32,0.766307509339367,0.09454873930232713,8.139433505889025,8.10489399429259,28.046377340246032,True
vector_thrust,cruise_32,0.7663075093399881,0.09454873930240487,8.139433505895806,8.104893994292496,28.155097559954502,True
vector_thrust,cruise_32,0.7663075093407989,0.09454873930250643,8.13943350590466,8.104893994292366,28.23033428639311,True
vector_thrust,cruise_32,0.7663075093396193,0.09454873930235871,8.139433505891779,8.104893994292553,28.257185963172784,True
vector_thrust,cruise_33,0.8892980825591051,0.11166698376461287,9.499167659877518,7.963840811118269,28.257185963172784,True
vector_thrust,cruise_33,0.8892980825591035,0.11166698376461262,9.4991676598775,7.963840811118272,28.27061180156262,True
vector_thrust,cruise_33,0.889298082559125,0.11166698376461578,9.499167659877736,7.9638408111182395,28.30823016478192,True
vector_thrust,cruise_33,0.8892980825591131,0.11166698376461404,9.499167659877605,7.963840811118257,28.36259027463616,True
vector_thrust,cruise_33,0.8892980825590991,0.11166698376461201,9.499167659877454,7.963840811118277,28.4229254446857,True
vector_thrust,cruise_33,0.889298082559099,0.11166698376461198,9.49916765987745,7.963840811118278,28.477285554539936,True
vector_thrust,cruise_33,0.889298082558674,0.11166698376454925,9.499167659872743,7.963840811118946,28.514903917759238,True
vector_thrust,cruise_33,0.8892980825590971,0.11166698376461168,9.499167659877429,7.963840811118282,28.528329756149073,True
vector_thrust,cruise_34,0.7663075093777033,0.0945487393071274,8.139433506307567,8.104893994286568,28.528329756149073,True
vector_thrust,cruise_34,0.7663075093776119,0.09454873930711594,8.139433506306567,8.104893994286584,28.608884786488098,True
vector_thrust,cruise_34,0.7663075093392824,0.09454873930231661,8.139433505888103,8.104893994292597,28.83459496580391,True
vector_thrust,cruise_34,0.7663075093304752,0.09454873930121382,8.139433505791951,8.104893994293981,29.160755624929322,True
vector_thrust,cruise_34,0.7663075093392985,0.09454873930231864,8.139433505888281,8.104893994292594,29.522766645226575,True
vector_thrust,cruise_34,0.7663075093392567,0.09454873930231339,8.139433505887824,8.104893994292603,29.84892730435199,True
vector_thrust,cruise_34,0.7663075093392192,0.0945487393023087,8.139433505887416,8.104893994292608,30.0746374836678,True
vector_thrust,cruise_34,0.7663075093392202,0.09454873930230884,8.139433505887427,8.104893994292606,30.155192514006824,True
vector_thrust,cruise_35,0.8772140278242845,0.10986588298295874,9.364742522137185,7.98440793453914,30.155192514006824,True
vector_thrust,cruise_35,0.8772140278190772,0.10986588298220124,9.364742522079577,7.984407934546795,30.182044190786495,True
vector_thrust,cruise_35,0.8772140278198958,0.10986588298232028,9.36474252208863,7.984407934545594,30.257280917225103,True
vector_thrust,cruise_35,0.8772140278181828,0.10986588298207114,9.364742522069685,7.984407934548108,30.366001136933573,True
vector_thrust,cruise_35,0.8772140278189399,0.1098658829821813,9.36474252207806,7.984407934546993,30.486671477032655,True
vector_thrust,cruise_35,0.877214027819765,0.1098658829823013,9.364742522087186,7.984407934545783,30.595391696741125,True
vector_thrust,cruise_35,0.877214027819773,0.10986588298230252,9.364742522087278,7.984407934545767,30.670628423179732,True
vector_thrust,cruise_35,0.8772140278169482,0.1098658829818916,9.364742522056028,7.98440793454992,30.697480099959407,True
vector_thrust,cruise_36,0.7663075096950683,0.09454873934686533,8.13943350977239,8.104893994236788,30.697480099959407,True
vector_thrust,cruise_36,0.7663075096952561,0.09454873934688884,8.139433509774438,8.104893994236757,30.724331776739078,True
vector_thrust,cruise_36,0.766307509694957,0.09454873934685137,8.139433509771171,8.104893994236807,30.799568503177685,True
vector_thrust,cruise_36,0.7663075096951373,0.094548739346874,8.139433509773143,8.104893994236775,30.908288722886155,True
vector_thrust,cruise_36,0.7663075096950499,0.09454873934686306,8.13943350977219,8.104893994236788,31.028959062985237,True
vector_thrust,cruise_36,0.766307509695195,0.09454873934688118,8.139433509773772,8.10489399423677,31.137679282693707,True
vector_thrust,cruise_36,0.766307509694957,0.09454873934685137,8.139433509771171,8.104893994236807,31.212916009132314,True
vector_thrust,cruise_36,0.7663075096952011,0.09454873934688199,8.13943350977384,8.104893994236765,31.23976768591199,True
vector_thrust,cruise_37,0.8615334685926145,0.10756664243830233,9.190575282583685,8.009299621737005,31.23976768591199,True
vector_thrust,cruise_37,0.8615334686014864,0.10756664243956837,9.190575282681657,8.009299621725214,31.26661936269166,True
vector_thrust,cruise_37,0.8615334685938749,0.10756664243848221,9.190575282597603,8.009299621735329,31.341856089130268,True
vector_thrust,cruise_37,0.8615334685894716,0.10756664243785391,9.19057528254898,8.009299621741174,31.450576308838738,True
vector_thrust,cruise_37,0.8615334686000695,0.10756664243936614,9.190575282666009,8.0092996217271,31.57124664893782,True
vector_thrust,cruise_37,0.8615334685923463,0.10756664243826408,9.190575282580726,8.009299621737359,31.67996686864629,True
vector_thrust,cruise_37,0.8615334685988427,0.10756664243919115,9.190575282652466,8.009299621728726,31.755203595084897,True
vector_thrust,cruise_37,0.8615334685912596,0.10756664243810904,9.190575282568725,8.009299621738801,31.78205527186457,True
vector_thrust,cruise_38,0.8892980825645568,0.1116669837654174,9.499167659937909,7.963840811109713,31.78205527186457,True
vector_thrust,cruise_38,0.8892980825644828,0.11166698376540654,9.499167659937095,7.963840811109825,31.795481110254407,True
vector_thrust,cruise_38,0.8892980825645064,0.11166698376540998,9.499167659937351,7.96384081110979,31.83309947347371,True
vector_thrust,cruise_38,0.8892980825644833,0.1116669837654066,9.499167659937099,7.963840811109825,31.887459583327946,True
vector_thrust,cruise_38,0.8892980825645348,0.1116669837654142,9.499167659937669,7.963840811109743,31.947794753377487,True
vector_thrust,cruise_38,0.8892980825644944,0.11166698376540829,9.499167659937225,7.963840811109804,32.00215486323172,True
vector_thrust,cruise_38,0.8892980825645052,0.11166698376540982,9.499167659937338,7.963840811109791,32.039773226451025,True
vector_thrust,cruise_38,0.8892980825644832,0.11166698376540662,9.4991676599371,7.963840811109821,32.05319906484086,True
vector_thrust,cruise_39,0.766307509694833,0.09454873934683594,8.139433509769823,8.104893994236818,32.05319906484086,True
vector_thrust,cruise_39,0.7663075096953255,0.09454873934689759,8.139433509775198,8.104893994236743,32.08005074162053,True
vector_thrust,cruise_39,0.7663075096952946,0.0945487393468937,8.139433509774861,8.104893994236749,32.15528746805914,True
vector_thrust,cruise_39,0.7663075096950507,0.0945487393468632,8.1394335097722,8.104893994236784,32.26400768776761,True
vector_thrust,cruise_39,0.7663075096947924,0.09454873934683083,8.139433509769377,8.104893994236827,32.38467802786669,True
vector_thrust,cruise_39,0.7663075096951376,0.09454873934687408,8.139433509773147,8.104893994236772,32.493398247575165,True
vector_thrust,cruise_39,0.7663075096952681,0.0945487393468904,8.139433509774571,8.104893994236752,32.56863497401377,True
vector_thrust,cruise_39,0.7663075096952423,0.09454873934688718,8.13943350977429,8.104893994236756,32.59548665079345,True
vector_thrust,cruise_40,0.8874148563363863,0.11138463050379319,9.478206622724784,7.967121247542007,32.59548665079345,True
vector_thrust,cruise_40,0.8874148563363736,0.11138463050379135,9.478206622724647,7.967121247542025,32.60891248918328,True
vector_thrust,cruise_40,0.8874148563364058,0.11138463050379607,9.478206622725002,7.967121247541976,32.646530852402584,True
vector_thrust,cruise_40,0.887414856336375,0.11138463050379152,9.478206622724658,7.967121247542025,32.70089096225682,True
vector_thrust,cruise_40,0.8874148563363742,0.11138463050379141,9.478206622724652,7.967121247542026,32.76122613230636,True
vector_thrust,cruise_40,0.8874148563365323,0.1113846305038147,9.478206622726404,7.96712124754178,32.8155862421606,True
vector_thrust,cruise_40,0.887414856336407,0.11138463050379627,9.478206622725017,7.967121247541973,32.8532046053799,True
vector_thrust,cruise_40,0.8874148563363433,0.11138463050378683,9.478206622724308,7.967121247542076,32.866630443769736,True
vector_thrust,cruise_41,0.766307509694833,0.09454873934683594,8.139433509769823,8.104893994236818,32.866630443769736,True
vector_thrust,cruise_41,0.7663075096953255,0.09454873934689759,8.139433509775198,8.104893994236743,32.89348212054941,True
vector_thrust,cruise_41,0.7663075096952946,0.0945487393468937,8.139433509774861,8.104893994236749,32.96871884698802,True
vector_thrust,cruise_41,0.7663075096950507,0.0945487393468632,8.1394335097722,8.104893994236784,33.077439066696485,True
vector_thrust,cruise_41,0.7663075096947924,0.09454873934683083,8.139433509769377,8.104893994236827,33.19810940679557,True
vector_thrust,cruise_41,0.7663075096951376,0.09454873934687408,8.139433509773147,8.104893994236772,33.30682962650404,True
vector_thrust,cruise_41,0.7663075096952681,0.0945487393468904,8.139433509774571,8.104893994236752,33.382066352942644,True
vector_thrust,cruise_41,0.7663075096952423,0.09454873934688718,8.13943350977429,8.104893994236756,33.408918029722315,True
vector_thrust,cruise_42,0.889298082564587,0.11166698376542203,9.49916765993825,7.963840811109653,33.408918029722315,True
vector_thrust,cruise_42,0.889298082564596,0.1116669837654233,9.499167659938347,7.963840811109642,33.46262138328167,True
vector_thrust,cruise_42,0.889298082564652,0.1116669837654316,9.499167659938971,7.963840811109552,33.61309483615887,True
vector_thrust,cruise_42,0.8892980825645471,0.11166698376541612,9.499167659937807,7.963840811109717,33.83053527557581,True
vector_thrust,cruise_42,0.8892980825646043,0.11166698376542461,9.499167659938443,7.963840811109623,34.07187595577398,True
vector_thrust,cruise_42,0.8892980825644888,0.11166698376540754,9.499167659937163,7.963840811109807,34.28931639519092,True
vector_thrust,cruise_42,0.8892980825644896,0.11166698376540762,9.49916765993717,7.963840811109808,34.43978984806814,True
vector_thrust,cruise_42,0.8892980825645541,0.11166698376541717,9.499167659937887,7.963840811109705,34.49349320162749,True
vector_thrust,cruise_43,0.7663075096952654,0.09454873934688993,8.13943350977454,8.104893994236765,34.49349320162749,True
vector_thrust,cruise_43,0.7663075096951215,0.09454873934687191,8.139433509772967,8.104893994236786,34.52034487840716,True
vector_thrust,cruise_43,0.7663075096950118,0.09454873934685815,8.139433509771768,8.104893994236807,34.59558160484576,True
vector_thrust,cruise_43,0.7663075096949626,0.09454873934685201,8.139433509771234,8.104893994236813,34.704301824554236,True
vector_thrust,cruise_43,0.7663075096950192,0.09454873934685909,8.139433509771848,8.104893994236804,34.82497216465332,True
vector_thrust,cruise_43,0.7663075096949699,0.0945487393468529,8.139433509771312,8.104893994236813,34.933692384361784,True
vector_thrust,cruise_43,0.7663075096949509,0.09454873934685051,8.139433509771104,8.104893994236816,35.008929110800395,True
vector_thrust,cruise_43,0.766307509695155,0.09454873934687613,8.139433509773337,8.104893994236779,35.035780787580066,True
vector_thrust,cruise_44,0.8863092597521063,0.11121915311605743,9.465902914596231,7.969034423659391,35.035780787580066,True
vector_thrust,cruise_44,0.8863092597520585,0.11121915311605043,9.465902914595706,7.969034423659463,35.0492066259699,True
vector_thrust,cruise_44,0.8863092597521111,0.11121915311605815,9.465902914596287,7.969034423659382,35.0868249891892,True
vector_thrust,cruise_44,0.8863092597520233,0.11121915311604527,9.465902914595315,7.969034423659516,35.14118509904344,True
vector_thrust,cruise_44,0.8863092597521199,0.11121915311605943,9.465902914596382,7.96903442365937,35.20152026909298,True
vector_thrust,cruise_44,0.8863092597521182,0.11121915311605918,9.465902914596363,7.969034423659372,35.255880378947225,True
vector_thrust,cruise_44,0.8863092597521199,0.11121915311605943,9.465902914596382,7.96903442365937,35.29349874216652,True
vector_thrust,cruise_44,0.8863092597520242,0.11121915311604538,9.465902914595322,7.969034423659516,35.306924580556355,True
vector_thrust,cruise_45,0.7766360571693732,0.09588058062530544,8.252893617089015,8.100034982103542,35.306924580556355,True
vector_thrust,cruise_45,0.776636057169373,0.09588058062530541,8.252893617089011,8.100034982103542,35.3606279341157,True
vector_thrust,cruise_45,0.7766360571693732,0.09588058062530544,8.252893617089013,8.100034982103542,35.51110138699291,True
vector_thrust,cruise_45,0.776636057169373,0.09588058062530541,8.252893617089011,8.100034982103542,35.72854182640985,True
vector_thrust,cruise_45,0.7766360571693735,0.09588058062530547,8.252893617089017,8.100034982103542,35.969882506608016,True
vector_thrust,cruise_45,0.7766360571693732,0.09588058062530544,8.252893617089015,8.100034982103542,36.18732294602496,True
vector_thrust,cruise_45,0.7766360571693732,0.09588058062530544,8.252893617089013,8.100034982103542,36.33779639890217,True
vector_thrust,cruise_45,0.776636057169373,0.09588058062530541,8.252893617089011,8.100034982103542,36.39149975246152,True
vector_thrust,cruise_46,0.8892980825644785,0.11166698376540593,9.499167659937047,7.963840811109829,36.39149975246152,True
vector_thrust,cruise_46,0.8892980825646947,0.11166698376543777,9.499167659939436,7.9638408111094945,36.404925590851356,True
vector_thrust,cruise_46,0.8892980825644842,0.11166698376540674,9.499167659937106,7.963840811109822,36.44254395407066,True
vector_thrust,cruise_46,0.8892980825644995,0.11166698376540904,9.49916765993728,7.963840811109796,36.49690406392489,True
vector_thrust,cruise_46,0.8892980825646658,0.11166698376543358,9.499167659939124,7.963840811109535,36.557239233974435,True
vector_thrust,cruise_46,0.8892980825644499,0.11166698376540166,9.499167659936726,7.963840811109877,36.61159934382867,True
vector_thrust,cruise_46,0.8892980825644833,0.11166698376540665,9.499167659937102,7.9638408111098205,36.64921770704797,True
vector_thrust,cruise_46,0.889298082564683,0.1116669837654361,9.499167659939314,7.963840811109509,36.66264354543781,True
vector_thrust,cruise_47,0.7663075096950683,0.09454873934686531,8.13943350977239,8.10489399423679,36.66264354543781,True
vector_thrust,cruise_47,0.7663075096951149,0.09454873934687114,8.139433509772896,8.104893994236782,36.71634689899715,True
vector_thrust,cruise_47,0.7663075096951054,0.09454873934686994,8.139433509772793,8.104893994236786,36.86682035187437,True
vector_thrust,cruise_47,0.7663075096949291,0.0945487393468479,8.139433509770871,8.104893994236809,37.08426079129131,True
vector_thrust,cruise_47,0.7663075096950179,0.09454873934685898,8.13943350977184,8.1048939942368,37.32560147148947,True
vector_thrust,cruise_47,0.7663075096951978,0.09454873934688149,8.139433509773802,8.104893994236772,37.54304191090641,True
vector_thrust,cruise_47,0.7663075096950686,0.09454873934686536,8.139433509772394,8.104893994236788,37.693515363783625,True
vector_thrust,cruise_47,0.766307509695165,0.09454873934687741,8.139433509773443,8.104893994236775,37.747218717342975,True
vector_thrust,cruise_48,0.8892980825645082,0.11166698376541034,9.499167659937378,7.9638408111097805,37.747218717342975,True
vector_thrust,cruise_48,0.8892980825646846,0.11166698376543635,9.499167659939328,7.963840811109505,37.76064455573281,True
vector_thrust,cruise_48,0.8892980825645093,0.11166698376541051,9.499167659937386,7.963840811109778,37.79826291895211,True
vector_thrust,cruise_48,0.8892980825645086,0.11166698376541045,9.499167659937383,7.963840811109776,37.85262302880634,True
vector_thrust,cruise_48,0.8892980825646689,0.1116669837654341,9.499167659939157,7.963840811109526,37.91295819885589,True
vector_thrust,cruise_48,0.8892980825646191,0.11166698376542675,9.499167659938605,7.963840811109604,37.96731830871013,True
vector_thrust,cruise_48,0.889298082564454,0.11166698376540238,9.499167659936777,7.963840811109863,38.00493667192942,True
vector_thrust,cruise_48,0.8892980825646696,0.11166698376543419,9.499167659939165,7.963840811109526,38.01836251031926,True
vector_thrust,cruise_49,0.7663075096949826,0.0945487393468546,8.139433509771452,8.104893994236802,38.01836251031926,True
vector_thrust,cruise_49,0.7663075096950854,0.09454873934686747,8.139433509772577,8.104893994236786,38.045214187098935,True
vector_thrust,cruise_49,0.766307509694869,0.09454873934684035,8.13943350977021,8.104893994236821,38.12045091353754,True
vector_thrust,cruise_49,0.7663075096951546,0.09454873934687613,8.13943350977333,8.104893994236775,38.22917113324601,True
vector_thrust,cruise_49,0.7663075096951815,0.09454873934687949,8.139433509773623,8.104893994236772,38.349841473345094,True
vector_thrust,cruise_49,0.7663075096952247,0.0945487393468849,8.139433509774094,8.104893994236765,38.45856169305356,True
vector_thrust,cruise_49,0.7663075096949311,0.09454873934684813,8.13943350977089,8.104893994236813,38.53379841949217,True
vector_thrust,cruise_49,0.7663075096951577,0.09454873934687649,8.139433509773362,8.104893994236777,38.56065009627184,True
vector_thrust,cruise_50,0.8892980825645082,0.11166698376541034,9.499167659937378,7.9638408111097805,38.56065009627184,True
vector_thrust,cruise_50,0.8892980825646846,0.11166698376543635,9.499167659939328,7.963840811109505,38.57407593466168,True
vector_thrust,cruise_50,0.8892980825645093,0.11166698376541051,9.499167659937386,7.963840811109778,38.61169429788098,True
vector_thrust,cruise_50,0.8892980825645086,0.11166698376541045,9.499167659937383,7.963840811109776,38.66605440773522,True
vector_thrust,cruise_50,0.8892980825646689,0.1116669837654341,9.499167659939157,7.963840811109526,38.72638957778476,True
vector_thrust,cruise_50,0.8892980825646191,0.11166698376542675,9.499167659938605,7.963840811109604,38.780749687638995,True
vector_thrust,cruise_50,0.889298082564454,0.11166698376540238,9.499167659936777,7.963840811109863,38.8183680508583,True
vector_thrust,cruise_50,0.8892980825646696,0.11166698376543419,9.499167659939165,7.963840811109526,38.83179388924813,True
vector_thrust,cruise_51,0.8327594802481397,0.10346034560879067,8.871763916257994,8.049069190209462,38.83179388924813,True
vector_thrust,cruise_51,0.8327594802481405,0.10346034560879075,8.871763916258002,8.049069190209464,38.87207140441764,True
vector_thrust,cruise_51,0.8327594802481402,0.10346034560879072,8.871763916258,8.049069190209462,38.98492649407555,True
vector_thrust,cruise_51,0.8327594802481405,0.10346034560879078,8.871763916258004,8.04906919020946,39.148006823638255,True
vector_thrust,cruise_51,0.8327594802481396,0.10346034560879061,8.871763916257992,8.049069190209465,39.32901233378688,True
vector_thrust,cruise_51,0.8327594802481401,0.10346034560879072,8.871763916257999,8.04906919020946,39.49209266334959,True
vector_thrust,cruise_51,0.83275948024814,0.10346034560879067,8.871763916257997,8.049069190209464,39.604947753007494,True
vector_thrust,cruise_51,0.83275948024814,0.10346034560879067,8.871763916257997,8.049069190209464,39.645225268177,True
vector_thrust,cruise_52,0.7948784994906216,0.09828116087365049,8.453618280964115,8.087801287904112,39.645225268177,True
vector_thrust,cruise_52,0.794878499490628,0.09828116087365135,8.453618280964186,8.087801287904107,39.658651106566836,True
vector_thrust,cruise_52,0.7948784994906244,0.09828116087365082,8.453618280964141,8.087801287904112,39.69626946978614,True
vector_thrust,cruise_52,0.7948784994906666,0.09828116087365635,8.453618280964605,8.087801287904087,39.750629579640375,True
vector_thrust,cruise_52,0.794878499490638,0.09828116087365266,8.453618280964296,8.087801287904101,39.810964749689916,True
vector_thrust,cruise_52,0.7948784994906274,0.09828116087365127,8.453618280964179,8.087801287904107,39.86532485954415,True
vector_thrust,cruise_52,0.7948784994907016,0.0982811608736609,8.453618280964989,8.087801287904067,39.902943222763454,True
vector_thrust,cruise_52,0.794878499490619,0.09828116087365016,8.453618280964085,8.087801287904112,39.91636906115329,True
vector_thrust,cruise_53,0.8915513846447229,0.11200562670659686,9.524253450372113,7.959880327978315,39.91636906115329,True
vector_thrust,cruise_53,0.8915513846447265,0.11200562670659739,9.52425345037215,7.9598803279783095,39.929794899543126,True
vector_thrust,cruise_53,0.8915513846447483,0.11200562670660061,9.52425345037239,7.959880327978275,39.96741326276243,True
vector_thrust,cruise_53,0.8915513846447103,0.11200562670659503,9.524253450371974,7.959880327978333,40.02177337261666,True
vector_thrust,cruise_53,0.8915513846447275,0.11200562670659756,9.524253450372164,7.959880327978306,40.082108542666205,True
vector_thrust,cruise_53,0.8915513846447433,0.11200562670659991,9.524253450372338,7.959880327978279,40.13646865252044,True
vector_thrust,cruise_53,0.8915513846447508,0.112005626706601,9.52425345037242,7.9598803279782695,40.17408701573974,True
vector_thrust,cruise_53,0.89155138464469,0.112005626706592,9.524253450371747,7.959880327978365,40.18751285412957,True
vector_thrust,cruise_54,0.7663075096950578,0.09454873934686403,8.139433509772276,8.104893994236788,40.18751285412957,True
vector_thrust,cruise_54,0.766307509694952,0.09454873934685074,8.139433509771118,8.104893994236809,40.72454638972306,True
vector_thrust,cruise_54,0.7663075096949927,0.09454873934685587,8.139433509771564,8.1048939942368,42.22928091849513,True
vector_thrust,cruise_54,0.7663075096950909,0.09454873934686811,8.139433509772633,8.104893994236788,44.403685312664564,True
vector_thrust,cruise_54,0.7663075096953225,0.09454873934689714,8.139433509775165,8.104893994236749,46.817092114646236,True
vector_thrust,cruise_54,0.7663075096950975,0.09454873934686897,8.139433509772708,8.104893994236786,48.991496508815665,True
vector_thrust,cruise_54,0.7663075096949754,0.09454873934685368,8.139433509771376,8.104893994236804,50.496231037587734,True
vector_thrust,cruise_54,0.7663075096951545,0.09454873934687613,8.139433509773331,8.104893994236773,51.03326457318122,True
vector_thrust,cruise_55,0.8447531335804058,1.3102667762796387,72.24140613252563,0.6447184259521495,51.03326457318122,False
vector_thrust,cruise_55,0.8381780672703673,1.3075692950866011,72.30126996939234,0.6410199982669784,51.04780779844632,False
vector_thrust,cruise_55,0.8375036319047532,1.307292067338799,72.30740312623048,0.6406400320393781,51.0885570101169,False
vector_thrust,cruise_55,0.9024936765069737,1.3335434130406225,71.70999289590739,0.676763626651787,51.14744132706532,False
vector_thrust,cruise_55,0.8426722047821644,1.3094140796346518,72.26036640695492,0.6435490635760415,51.21279798815121,False
vector_thrust,cruise_55,0.8549613697152648,1.3144359972999182,72.14820424076056,0.6504397106222785,51.271682305099624,False
vector_thrust,cruise_55,0.8566450070781688,1.315121417788549,72.13280204733141,0.6513809261190999,51.31243151677021,False
vector_thrust,cruise_55,0.8355909477440242,1.3065053156119528,72.32478920180512,0.6395618431545703,51.326974742035304,False
vector_thrust,decel_descend,0.9353307491739392,0.11873608263709584,10.012421483738525,7.877392688056569,51.326974742035304,False
vector_thrust,decel_descend,0.9337275880827978,0.1184812821897108,9.994590274736277,7.880802526999366,51.4458121005524,False
vector_thrust,decel_descend,0.9293182296904343,0.11778243986899042,9.945563282034607,7.890125478162248,51.77878697980483,False
vector_thrust,decel_descend,0.9229190358946374,0.1167742454793996,9.87445108830332,7.903446792618768,52.259949621287724,False
vector_thrust,decel_descend,0.9158995657911695,0.11567612101184499,9.796501317645195,7.917792866665915,52.793999862782876,False
vector_thrust,decel_descend,0.9096823256723588,0.11471021609661161,9.727509043137601,7.930264248706525,53.27516250426578,False
vector_thrust,decel_descend,0.9054350751491829,0.11405402027444131,9.680404040375983,7.938651114362203,53.608137383518205,False
vector_thrust,decel_descend,0.9039272877702608,0.11382179412601659,9.663686751694918,7.941601120515525,53.7269747420353,False
vector_thrust,arrival_terminal_procedure,1.1838812542689752,0.16590478988350205,12.869206802879702,7.135907619667243,53.7269747420353,False
vector_thrust,arrival_terminal_procedure,1.1837993373335896,0.16588592720290046,12.868233278809788,7.1362252199105844,53.775922887689774,False
vector_thrust,arrival_terminal_procedure,1.183793890984932,0.1658846731874351,12.868168553873192,7.136246334508245,53.91307254409673,False
vector_thrust,arrival_terminal_procedure,1.18379126335808,0.16588406818355217,12.868137326945618,7.136256521320689,54.11125953977459,False
vector_thrust,arrival_terminal_procedure,1.183819549406938,0.1658905811108973,12.868473482158304,7.136146859450438,54.33123050962539,False
vector_thrust,arrival_terminal_procedure,1.1838239331718126,0.16589159051081104,12.868525579715453,7.13612986364528,54.52941750530327,False
vector_thrust,arrival_terminal_procedure,1.1838285757712417,0.16589265951783244,12.86858075340462,7.136111864214145,54.66656716171021,False
vector_thrust,arrival_terminal_procedure,1.1838143732355606,0.16588938926219662,12.868411967585889,7.136166927255858,54.71551530736469,False
vector_thrust,second_descent,1.3117217572797866,0.19891442627087755,14.430645236998023,6.594402336075469,54.71551530736469,False
vector_thrust,second_descent,1.3116897690669358,0.19890408918550675,14.43025018614067,6.594584226187506,54.74027309038909,False
vector_thrust,second_descent,1.3104421170363945,0.1985481197131827,14.414694280048767,6.600123531411046,54.80964285690001,False
vector_thrust,second_descent,1.3098677749573437,0.19838090898153213,14.407547416214602,6.602791476670183,54.909885073875614,False
vector_thrust,second_descent,1.3079576352124949,0.19783742359627068,14.383752787082198,6.611275113861472,55.02114554085377,False
vector_thrust,second_descent,1.3056994099207695,0.19719854204632772,14.355640147624564,6.621242714938645,55.121387757829375,False
vector_thrust,second_descent,1.3043050388977036,0.1968047523212378,14.338295488190917,6.627406216130035,55.1907575243403,False
vector_thrust,second_descent,1.30339959999795,0.19655054431812966,14.327034440525093,6.6313711036501335,55.21551530736469,False
vector_thrust,hover_descent,0.0,0.0,90.0,,55.21551530736469,True
vector_thrust,hover_descent,0.0,0.0,90.0,,55.22450870990865,True
vector_thrust,hover_descent,0.0,0.0,90.0,,55.24970766386984,True
vector_thrust,hover_descent,0.0,0.0,90.0,,55.286121207371366,True
vector_thrust,hover_descent,0.0,0.0,90.0,,55.32653719153994,True
vector_thrust,hover_descent,0.0,0.0,90.0,,55.36295073504146,True
vector_thrust,hover_descent,0.0,0.0,90.0,,55.38814968900265,True
vector_thrust,hover_descent,0.0,0.0,90.0,,55.39714309154661,True
