eVTOL_type,mission_segment,propeller_throttle,lift_throttle,propeller_rpm,propeller_thrust_N,propeller_torque_N_m,propeller_efficiency,propeller_motor_efficiency,propeller_power_coefficient,lift_rotor_rpm,lift_thrust_N,lift_torque_N_m,lift_efficiency,lift_motor_efficiency,lift_power_coefficient,propeller_tip_mach,lift_tip_mach,time_min,fesibility
lift_and_cruse,hover_climb,0.0,0.7501992850003623,0.0,5.0891490202110486e-12,-5.991188445325284,0.0,,0.0,2365.537391187077,10898.142946548467,57.129851417305545,0.13351145586738036,0.8461233785243132,0.013011722489455096,0.0,0.6212653746510407,0.0,True
lift_and_cruse,hover_climb,0.0,0.7502241116136442,0.0,5.089147826361441e-12,-5.991188445325284,0.0,,0.0,2365.605696713082,10898.140389982796,57.129785605978405,0.13350772235170347,0.8461251903573159,0.013011898725861845,0.0,0.621288601796615,0.0060451441484880184,True
lift_and_cruse,hover_climb,0.0,0.7502936897129616,0.0,5.089144446770418e-12,-5.991188445325284,0.0,,0.0,2365.79712649536,10898.133152767708,57.12960194231615,0.13349725997392964,0.8461302677678941,0.01301239244783538,0.0,0.6213536961695564,0.02298326165651641,True
lift_and_cruse,hover_climb,0.0,0.750394279066026,0.0,5.0891395631812285e-12,-5.991188445325284,0.0,,0.0,2366.0738853030425,10898.122694820247,57.12933656550632,0.1334821367371232,0.8461376070430379,0.013013104973510319,0.0,0.621447801750164,0.047459550619241356,True
lift_and_cruse,hover_climb,0.0,0.7505059885769408,0.0,5.089134142901952e-12,-5.991188445325284,0.0,,0.0,2366.3812507820094,10898.111087579404,57.129042052451204,0.13346534477390673,0.8461457560682943,0.013013894541087206,0.0,0.6215523084545228,0.0746261818256105,True
lift_and_cruse,hover_climb,0.0,0.7506066927727928,0.0,5.0891292594894565e-12,-5.991188445325284,0.0,,0.0,2366.658345294936,10898.100630010324,57.12877673350447,0.13345020995549697,0.8461531008227936,0.013014604768566945,0.0,0.6216465174187625,0.09910247078833545,True
lift_and_cruse,hover_climb,0.0,0.750676414077624,0.0,5.08912588010688e-12,-5.991188445325284,0.0,,0.0,2366.8501936918738,10898.093393241612,57.12859314173325,0.13343973313581933,0.846158185065874,0.013015095624710087,0.0,0.6217117407082103,0.11604058829636384,True
lift_and_cruse,hover_climb,0.0,0.7507013036271336,0.0,5.089124674029392e-12,-5.991188445325284,0.0,,0.0,2366.91868201176,10898.090810490585,57.12852762141274,0.13343599336943357,0.846159999910913,0.013015270683276568,0.0,0.6217350243059324,0.12208573244485187,True
lift_and_cruse,dep_transition,0.6998125957754685,0.7634253220927558,1007.2311247528272,1743.1026104505384,617.8771301873586,0.6909736474903931,0.9551224348442257,0.2547185825176055,2367.170375337557,11358.541658362788,57.030590934479285,0.030192231164360872,0.8461418207975122,0.01299019547060021,0.3307205231579959,0.6218011383457687,0.12208573244485187,True
lift_and_cruse,dep_transition,0.7034505740702945,0.7611459342729268,1011.7489562865804,1763.3864371112566,624.2046681896929,0.6895953366450127,0.9550238619763511,0.2550378041518287,2359.1871787416862,11308.139717761025,56.719433052465476,0.02735175424978604,0.8458472777993011,0.013007092413594169,0.33220450170777094,0.6197051917114108,0.12300711507776838,True
lift_and_cruse,dep_transition,0.7134784146855785,0.7547997609803153,1024.143217729451,1819.6513160497595,641.7305168343588,0.6858794979359941,0.9547463444309001,0.25590102260535574,2337.015381784239,11165.614255186527,55.84076391342621,0.019221414638185823,0.845007084172242,0.013050254764666442,0.3362757218635512,0.6138840903584051,0.12558877184605238,True
lift_and_cruse,dep_transition,0.7275880172254922,0.7457061430792317,1041.4435269551182,1899.4459693403521,666.5170063791335,0.6808398064515137,0.9543458834399721,0.2570431222519695,2305.39377600119,10956.277159928375,54.553323087179315,0.0070150507557219305,0.8437481601670778,0.01310229114735997,0.34195860731632116,0.605581944332201,0.1293193739648028,True
lift_and_cruse,dep_transition,0.7427661796720463,0.7356688896791331,1059.8774960319963,1985.8643231763092,693.2738989403656,0.6756466077462616,0.953906595510886,0.25815943348465703,2270.7125987818,10719.269392491442,53.10028143924904,-0.007192931437339597,0.8422768842498749,0.013146708710810466,0.34801407535373735,0.5964764406585901,0.13346002993156864,True
lift_and_cruse,dep_transition,0.7560162687922211,0.7266323069708858,1075.8184991208525,2061.7361638499474,716.6998750784984,0.6713013482453507,0.9535174352892247,0.25904743267664193,2239.7044127685353,10501.55471610893,51.77020476361674,-0.02061989254762845,0.8408725120559292,0.013175542793934512,0.3532507889681021,0.5883351896345836,0.13719063205031903,True
lift_and_cruse,dep_transition,0.7649538997098657,0.7203635127245622,1086.4908941657382,2113.111939692794,732.531783901965,0.6684673398520351,0.9532525849834721,0.2596043164039333,2218.3193482263036,10348.584553191387,50.83865793736084,-0.030277134192926065,0.8398506417397797,0.013189660768831768,0.35675682952171395,0.5827204493214407,0.13977228881860304,True
lift_and_cruse,dep_transition,0.7680982882569298,0.7181208005429318,1090.2301281912078,2131.220618270688,738.1067305507102,0.6674886394289561,0.9531590340570221,0.25979256597929934,2210.694239197767,10293.534905859713,50.50407450423906,-0.03379889343683568,0.839475139534124,0.013193591576832137,0.357985242602802,0.5807184322472013,0.14069367145151956,True
lift_and_cruse,second_climb,0.8415730045062151,0.0,1199.366962216114,1941.7460106336966,759.4592114716627,0.782450376971136,0.9558009471711558,0.2208738003640976,0.0,-4.755906073359399e-13,-5.336658663347744,0.0,,0.0,0.3938211409100039,0.0,0.14069367145151956,True
lift_and_cruse,second_climb,0.8417857535815758,0.0,1199.495222629093,1941.8299529864269,759.4497713097716,0.7824025538922592,0.9558050329159836,0.22090065903741365,0.0,-4.756111672826566e-13,-5.336658663347744,0.0,,0.0,0.39387935452431094,0.0,0.16446114315493893,True
lift_and_cruse,second_climb,0.8423827341922384,0.0,1199.8550293958915,1942.0659194334573,759.4234842250784,0.7822684404065259,0.9558164829862854,0.22097588208457636,0.0,-4.75668962393469e-13,-5.336658663347744,0.0,,0.0,0.3940426351183564,0.0,0.23105611900542342,True
lift_and_cruse,second_climb,0.8432476692159776,0.0,1200.3760821392964,1942.4088870497803,759.385923207947,0.782074338589061,0.9558330342049065,0.2210844958891146,0.0,-4.757529652321772e-13,-5.336658663347744,0.0,,0.0,0.39427902425332917,0.0,0.3272886473020039,True
lift_and_cruse,second_climb,0.8442108324834169,0.0,1200.9559543130717,1942.7923011478374,759.3448207943344,0.7818584834598094,0.955851412143154,0.22120492788437565,0.0,-4.75846874601764e-13,-5.336658663347744,0.0,,0.0,0.3945420087017219,0.0,0.4340986956010347,True
lift_and_cruse,second_climb,0.8450814696157511,0.0,1201.4797965511234,1943.1402217528353,759.3083172247092,0.7816636276710279,0.9558679768276181,0.22131332482584862,0.0,-4.759320905728175e-13,-5.336658663347744,0.0,,0.0,0.39477950194863093,0.0,0.5303312238976152,True
lift_and_cruse,second_climb,0.8456855605832235,0.0,1201.8430815305267,1943.3823632822607,759.2833491896647,0.7815285740635187,0.9558794436671642,0.22138827766191901,0.0,-4.759913981426079e-13,-5.336658663347744,0.0,,0.0,0.3949441592726474,0.0,0.5969261997480996,True
lift_and_cruse,second_climb,0.8459014742806146,0.0,1201.972890205796,1943.4690555948011,759.2744956432289,0.7814803324768035,0.955883536898986,0.22141501584385806,0.0,-4.760126316352205e-13,-5.336658663347744,0.0,,0.0,0.39500298569215103,0.0,0.6206936714515191,True
lift_and_cruse,departure_terminal_procedures,0.7713551977034022,0.0,1129.4816484226014,1215.794443946638,523.986435559845,0.8467559115784381,0.9617867141549341,0.1730450935473388,0.0,-2.977837548400773e-13,-5.336658663347744,0.0,,0.0,0.37118027124141934,0.0,0.6206936714515191,True
lift_and_cruse,departure_terminal_procedures,0.771507144241944,0.0,1129.4816484556745,1215.794444105483,523.986435617723,0.846755911569916,0.9617867141540428,0.17304509355632924,0.0,-2.977837548789831e-13,-5.336658663347744,0.0,,0.0,0.37118027125228803,0.0,0.6685721589176166,True
lift_and_cruse,departure_terminal_procedures,0.7719333263422465,0.0,1129.4816484564333,1215.7944441091277,523.9864356190906,0.8467559115697207,0.9617867141540213,0.17304509355654726,0.0,-2.9778375487987575e-13,-5.336658663347744,0.0,,0.0,0.3711802712525374,0.0,0.8027246996821342,True
lift_and_cruse,departure_terminal_procedures,0.7725503192013012,0.0,1129.481648457458,1215.7944441140482,523.9864356208593,0.8467559115694565,0.9617867141539944,0.17304509355682135,0.0,-2.97783754881081e-13,-5.336658663347744,0.0,,0.0,0.37118027125287417,0.0,0.9965807377737178,True
lift_and_cruse,departure_terminal_procedures,0.7732367157439031,0.0,1129.4816484585297,1215.7944441191937,523.9864356227982,0.8467559115691806,0.9617867141539638,0.1730450935571431,0.0,-2.9778375488234124e-13,-5.336658663347744,0.0,,0.0,0.37118027125322633,0.0,1.211744707360045,True
lift_and_cruse,departure_terminal_procedures,0.7738565724763261,0.0,1129.4816484594157,1215.7944441234508,523.986435624336,0.8467559115689521,0.9617867141539402,0.17304509355737102,0.0,-2.9778375488338395e-13,-5.336658663347744,0.0,,0.0,0.3711802712535175,0.0,1.4056007454516286,True
lift_and_cruse,departure_terminal_procedures,0.7742863258065846,0.0,1129.4816484599992,1215.7944441262525,523.986435625354,0.8467559115688018,0.9617867141539246,0.17304509355753359,0.0,-2.9778375488407017e-13,-5.336658663347744,0.0,,0.0,0.3711802712537093,0.0,1.5397532862161463,True
lift_and_cruse,departure_terminal_procedures,0.7744398616776725,0.0,1129.4816484601988,1215.7944441272089,523.9864356257551,0.8467559115687504,0.9617867141539177,0.17304509355758987,0.0,-2.977837548843044e-13,-5.336658663347744,0.0,,0.0,0.3711802712537749,0.0,1.5876317736822438,True
lift_and_cruse,accel_climb,0.8592622766291133,0.0,1210.9590081056451,2051.3255902629976,790.6132644219235,0.7697806729917962,0.9550196879630471,0.22714480859161051,0.0,-5.02429863624927e-13,-5.336658663347744,0.0,,0.0,0.3979560834110309,0.0,1.5876317736822438,True
lift_and_cruse,accel_climb,0.8631286190042012,0.0,1215.7619403920346,2034.2005959915182,788.0665475443614,0.7742500452732423,0.9552537212982478,0.22501952515043264,0.0,-4.982354497409302e-13,-5.336658663347744,0.0,,0.0,0.3996162693648961,0.0,1.7064691321993408,True
lift_and_cruse,accel_climb,0.8753181134702839,0.0,1230.8567680864826,1992.2347766989599,782.0734238014061,0.7858883982058436,0.9559050338091566,0.21893188284256457,0.0,-4.879567884868847e-13,-5.336658663347744,0.0,,0.0,0.40481020476280166,0.0,2.039444011451763,True
lift_and_cruse,accel_climb,0.8963922644717763,0.0,1256.4838426560236,1946.2360648770525,776.5434919999593,0.8006099195497929,0.9568127486362032,0.21008705506827183,0.0,-4.766903534473645e-13,-5.336658663347744,0.0,,0.0,0.4135819860202257,0.0,2.520606652934666,True
lift_and_cruse,accel_climb,0.9238497977144878,0.0,1288.9118959005423,1913.4043052861991,775.4874638507305,0.8140726910196927,0.9577106220725131,0.2009508657960864,0.0,-4.686488915887018e-13,-5.336658663347744,0.0,,0.0,0.4246479757972523,0.0,3.05465689442982,True
lift_and_cruse,accel_climb,0.9513515692125932,0.0,1320.3284636527876,1897.7857748006186,779.3428572847811,0.8238338542107312,0.9583815522839412,0.19382402573293672,0.0,-4.648234549153914e-13,-5.336658663347744,0.0,,0.0,0.435361314560033,0.0,3.5358195359127222,True
lift_and_cruse,accel_climb,0.9717144581690766,0.0,1342.9104616992079,1893.56401724003,784.548793889688,0.8293894232835514,0.9587682502629573,0.18954148200811755,0.0,-4.637894225387212e-13,-5.336658663347744,0.0,,0.0,0.44306330631792057,0.0,3.8687944151651448,True
lift_and_cruse,accel_climb,0.9790384865976215,0.0,1351.1294610316147,1893.2306541331393,786.8503584683134,0.8311724306061382,0.9588932111015128,0.18812189873046997,0.0,-4.637077721263598e-13,-5.336658663347744,0.0,,0.0,0.4458669659950027,0.0,3.9876317736822418,True
lift_and_cruse,cruise_0,0.8586797602671978,0.0,1227.0505846147105,1247.3668084658095,550.2713531748797,0.8590235769988294,0.9631940388495529,0.15951190616227068,0.0,-3.0551675387006066e-13,-5.336658663347744,0.0,,0.0,0.40492146538410334,0.0,3.9876317736822418,True
lift_and_cruse,cruise_0,0.8587175111541976,0.0,1227.0505846146555,1247.3668084655283,550.2713531748188,0.859023576998843,0.9631940388495535,0.15951190616226116,0.0,-3.0551675386999175e-13,-5.336658663347744,0.0,,0.0,0.4049214653840852,0.0,4.012389556706637,True
lift_and_cruse,cruise_0,0.8588234084596041,0.0,1227.050584614659,1247.3668084655478,550.2713531747672,0.8590235769988417,0.9631940388495549,0.15951190616224212,0.0,-3.0551675386999654e-13,-5.336658663347744,0.0,,0.0,0.40492146538408635,0.0,4.081759323217558,True
lift_and_cruse,cruise_0,0.8589767516452241,0.0,1227.0505846146573,1247.366808465537,550.2713531747885,0.8590235769988425,0.9631940388495542,0.15951190616225472,0.0,-3.0551675386999387e-13,-5.336658663347744,0.0,,0.0,0.40492146538408585,0.0,4.182001540193163,True
lift_and_cruse,cruise_0,0.8591473893488009,0.0,1227.0505846146675,1247.3668084655903,550.2713531748067,0.8590235769988402,0.9631940388495539,0.15951190616225625,0.0,-3.0551675387000694e-13,-5.336658663347744,0.0,,0.0,0.40492146538408924,0.0,4.293262007171321,True
lift_and_cruse,cruise_0,0.8593015253485639,0.0,1227.0505846147003,1247.366808465756,550.2713531748615,0.8590235769988318,0.9631940388495532,0.15951190616227104,0.0,-3.055167538700476e-13,-5.336658663347744,0.0,,0.0,0.40492146538409995,0.0,4.393504224146925,True
lift_and_cruse,cruise_0,0.8594084112804814,0.0,1227.0505846147455,1247.3668084659887,550.2713531749981,0.8590235769988209,0.9631940388495506,0.15951190616228134,0.0,-3.0551675387010453e-13,-5.336658663347744,0.0,,0.0,0.404921465384115,0.0,4.4628739906578465,True
lift_and_cruse,cruise_0,0.8594466021489491,0.0,1227.0505846147723,1247.3668084661267,550.2713531750042,0.8590235769988142,0.9631940388495509,0.15951190616229402,0.0,-3.0551675387013836e-13,-5.336658663347744,0.0,,0.0,0.4049214653841237,0.0,4.487631773682242,True
lift_and_cruse,cruise_1,0.8221746519066052,0.0,1177.0406852848298,1222.07121809881,532.0068995168156,0.8519489637844228,0.9626287841418373,0.16760055366988544,0.0,-2.9932112111496296e-13,-5.336658663347744,0.0,,0.0,0.3884184116597736,0.0,4.487631773682242,True
lift_and_cruse,cruise_1,0.8221980398522587,0.0,1177.0406852846552,1222.0712180979588,532.0068995165573,0.8519489637844669,0.9626287841418406,0.16760055366982599,0.0,-2.9932112111475445e-13,-5.336658663347744,0.0,,0.0,0.388418411659716,0.0,4.504136962365172,True
lift_and_cruse,cruise_1,0.822263610490362,0.0,1177.0406852846343,1222.0712180978567,532.0068995165086,0.851948963784472,0.9626287841418415,0.16760055366982995,0.0,-2.9932112111472946e-13,-5.336658663347744,0.0,,0.0,0.38841841165970914,0.0,4.550383473372453,True
lift_and_cruse,cruise_1,0.82235846461004,0.0,1177.0406852845572,1222.0712180974829,532.0068995163535,0.8519489637844917,0.9626287841418439,0.16760055366980772,0.0,-2.9932112111463787e-13,-5.336658663347744,0.0,,0.0,0.38841841165968366,0.0,4.617211618022856,True
lift_and_cruse,cruise_1,0.8224638857762372,0.0,1177.0406852845824,1222.0712180976066,532.0068995164295,0.8519489637844854,0.9626287841418425,0.16760055366983337,0.0,-2.9932112111466816e-13,-5.336658663347744,0.0,,0.0,0.3884184116596921,0.0,4.691385262674961,True
lift_and_cruse,cruise_1,0.8225589941713969,0.0,1177.0406852845133,1222.0712180972696,532.0068995163081,0.8519489637845028,0.9626287841418444,0.16760055366979806,0.0,-2.993211211145856e-13,-5.336658663347744,0.0,,0.0,0.38841841165966917,0.0,4.758213407325364,True
lift_and_cruse,cruise_1,0.8226248818861781,0.0,1177.040685284457,1222.0712180969947,532.0068995162594,0.851948963784517,0.9626287841418444,0.16760055366979074,0.0,-2.993211211145183e-13,-5.336658663347744,0.0,,0.0,0.38841841165965063,0.0,4.804459918332645,True
lift_and_cruse,cruise_1,0.822648410944515,0.0,1177.0406852844446,1222.0712180969354,532.0068995161895,0.8519489637845202,0.962628784141846,0.1676005536697806,0.0,-2.993211211145038e-13,-5.336658663347744,0.0,,0.0,0.38841841165964647,0.0,4.820965107015576,True
lift_and_cruse,cruise_2,0.8599319027939802,0.0,1227.050584614968,1247.3668084670403,550.2713531753324,0.8590235769987735,0.9631940388495462,0.15951190616233948,0.0,-3.055167538703621e-13,-5.336658663347744,0.0,,0.0,0.4049214653841884,0.0,4.820965107015576,True
lift_and_cruse,cruise_2,0.8599832311828517,0.0,1227.0505846110175,1247.366808446855,550.2713531677015,0.859023576999738,0.9631940388496685,0.15951190616114552,0.0,-3.055167538654181e-13,-5.336658663347744,0.0,,0.0,0.4049214653828847,0.0,4.8539754843814364,True
lift_and_cruse,cruise_2,0.8601272693622853,0.0,1227.0505846146746,1247.366808465543,550.2713531746851,0.8590235769988451,0.9631940388495573,0.15951190616221966,0.0,-3.055167538699954e-13,-5.336658663347744,0.0,,0.0,0.4049214653840916,0.0,4.946468506395998,True
lift_and_cruse,cruise_2,0.8603359821890595,0.0,1227.0505846146757,1247.366808465548,550.2713531747429,0.8590235769988448,0.9631940388495558,0.15951190616224664,0.0,-3.055167538699966e-13,-5.336658663347744,0.0,,0.0,0.4049214653840919,0.0,5.080124795696804,True
lift_and_cruse,cruise_2,0.860568428761446,0.0,1227.0505846146661,1247.3668084654973,550.2713531747004,0.8590235769988472,0.9631940388495568,0.15951190616222027,0.0,-3.0551675386998417e-13,-5.336658663347744,0.0,,0.0,0.40492146538408874,0.0,5.228472085001014,True
lift_and_cruse,cruise_2,0.8607785718444128,0.0,1227.0505846146643,1247.3668084654892,550.2713531747125,0.8590235769988477,0.9631940388495565,0.15951190616223482,0.0,-3.055167538699822e-13,-5.336658663347744,0.0,,0.0,0.40492146538408813,0.0,5.36212837430182,True
lift_and_cruse,cruise_2,0.8609243935316444,0.0,1227.0505846146614,1247.3668084654732,550.2713531747216,0.8590235769988483,0.9631940388495562,0.15951190616223615,0.0,-3.0551675386997827e-13,-5.336658663347744,0.0,,0.0,0.4049214653840872,0.0,5.454621396316382,True
lift_and_cruse,cruise_2,0.8609765156651416,0.0,1227.0505846146586,1247.3668084654596,550.2713531748948,0.8590235769988491,0.9631940388495515,0.15951190616227123,0.0,-3.0551675386997493e-13,-5.336658663347744,0.0,,0.0,0.4049214653840863,0.0,5.487631773682242,True
lift_and_cruse,cruise_3,0.8141817305330837,0.0,1164.1537692977279,1218.4316793584692,528.078454416157,0.8496793976761857,0.9624548989892362,0.17006654361964302,0.0,-2.9842969122121667e-13,-5.336658663347744,0.0,,0.0,0.3841657842854771,0.0,5.487631773682242,True
lift_and_cruse,cruise_3,0.8142634033825008,0.0,1164.1537692974327,1218.4316793570524,528.0784544156617,0.8496793976762603,0.9624548989892433,0.17006654361958135,0.0,-2.984296912208697e-13,-5.336658663347744,0.0,,0.0,0.3841657842853797,0.0,5.545399934072497,True
lift_and_cruse,cruise_3,0.8144926949906721,0.0,1164.1537693042176,1218.431679389608,528.0784544278177,0.8496793976745403,0.9624548989890579,0.1700665436214982,0.0,-2.984296912288435e-13,-5.336658663347744,0.0,,0.0,0.3841657842876186,0.0,5.707262722597981,True
lift_and_cruse,cruise_3,0.8148252038347742,0.0,1164.1537692980014,1218.4316793597807,528.0784544167041,0.8496793976761162,0.9624548989892271,0.17006654361973697,0.0,-2.984296912215379e-13,-5.336658663347744,0.0,,0.0,0.38416578428556736,0.0,5.9411612288743925,True
lift_and_cruse,cruise_3,0.81519588977645,0.0,1164.1537692980105,1218.4316793598243,528.0784544166523,0.8496793976761139,0.9624548989892288,0.1700665436197216,0.0,-2.9842969122154863e-13,-5.336658663347744,0.0,,0.0,0.38416578428557036,0.0,6.200768985156759,True
lift_and_cruse,cruise_3,0.8155313396013726,0.0,1164.1537692980075,1218.4316793598093,528.0784544167526,0.8496793976761149,0.9624548989892259,0.17006654361974557,0.0,-2.9842969122154494e-13,-5.336658663347744,0.0,,0.0,0.38416578428556936,0.0,6.434667491433171,True
lift_and_cruse,cruise_3,0.8157642985888606,0.0,1164.1537692980683,1218.4316793601013,528.0784544167678,0.8496793976760996,0.9624548989892269,0.17006654361974927,0.0,-2.9842969122161643e-13,-5.336658663347744,0.0,,0.0,0.3841657842855894,0.0,6.596530279958654,True
lift_and_cruse,cruise_3,0.8158476035959392,0.0,1164.1537692980025,1218.4316793597852,528.0784544166585,0.849679397676116,0.9624548989892284,0.17006654361973228,0.0,-2.9842969122153903e-13,-5.336658663347744,0.0,,0.0,0.38416578428556775,0.0,6.654298440348909,True
lift_and_cruse,cruise_4,0.817946187220997,0.0,1167.0069048945822,1219.1126288514201,528.9180397813711,0.8502011740331479,0.9624945031396064,0.1695050581507332,0.0,-2.985964757446014e-13,-5.336658663347744,0.0,,0.0,0.38510730687737627,0.0,6.654298440348909,True
lift_and_cruse,cruise_4,0.817958110111794,0.0,1167.006851073042,1219.1123697612536,528.917943252391,0.8502011876768603,0.9624945046119716,0.16950504285048806,0.0,-2.9859641228581274e-13,-5.336658663347744,0.0,,0.0,0.3851072891164973,0.0,6.662551034690374,True
lift_and_cruse,cruise_4,0.8179917072913431,0.0,1167.0069048952973,1219.1126288548585,528.9180397826385,0.8502011740329668,0.9624945031395873,0.16950505815092046,0.0,-2.985964757454435e-13,-5.336658663347744,0.0,,0.0,0.38510730687761224,0.0,6.685674290194014,True
lift_and_cruse,cruise_4,0.8180402127689166,0.0,1167.0069048947325,1219.1126288522057,528.9180397814592,0.8502011740331038,0.9624945031396073,0.16950505815069933,0.0,-2.985964757447938e-13,-5.336658663347744,0.0,,0.0,0.3851073068774258,0.0,6.719088362519217,True
lift_and_cruse,cruise_4,0.8180940840450294,0.0,1167.0069048946489,1219.1126288516946,528.9180397814714,0.8502011740331353,0.9624945031396052,0.16950505815073302,0.0,-2.985964757446686e-13,-5.336658663347744,0.0,,0.0,0.3851073068773982,0.0,6.756175184845268,True
lift_and_cruse,cruise_4,0.8181426544475427,0.0,1167.006908496261,1219.1126461834206,528.9180462405709,0.8502011731206992,0.9624945030410886,0.1695050591744548,0.0,-2.9859647998971713e-13,-5.336658663347744,0.0,,0.0,0.38510730806591487,0.0,6.78958925717047,True
lift_and_cruse,cruise_4,0.8181762779815601,0.0,1167.0069048946036,1219.1126288514447,528.9180397813985,0.8502011740331492,0.9624945031396062,0.1695050581507266,0.0,-2.985964757446074e-13,-5.336658663347744,0.0,,0.0,0.3851073068773833,0.0,6.812712512674111,True
lift_and_cruse,cruise_4,0.8181882826128953,0.0,1167.0069048946145,1219.1126288515668,528.9180397813408,0.8502011740331402,0.9624945031396079,0.16950505815070052,0.0,-2.985964757446373e-13,-5.336658663347744,0.0,,0.0,0.3851073068773868,0.0,6.820965107015575,True
lift_and_cruse,cruise_5,0.8629514016630658,0.0,1227.0505846146652,1247.366808465534,550.2713531748219,0.8590235769988441,0.9631940388495536,0.15951190616226135,0.0,-3.0551675386999316e-13,-5.336658663347744,0.0,,0.0,0.40492146538408846,0.0,6.820965107015575,True
lift_and_cruse,cruise_5,0.8630587387673275,0.0,1227.0505845399475,1247.3668080837397,550.2713530281588,0.8590235770170851,0.9631940388519287,0.1595119061391768,0.0,-3.055167537764805e-13,-5.336658663347744,0.0,,0.0,0.40492146535943196,0.0,6.886985861747296,True
lift_and_cruse,cruise_5,0.8633603969972793,0.0,1227.0505845701714,1247.366808238179,550.271353087438,0.8590235770097069,0.9631940388509692,0.15951190614849725,0.0,-3.0551675381430725e-13,-5.336658663347744,0.0,,0.0,0.40492146536940565,0.0,7.0719719057764205,True
lift_and_cruse,cruise_5,0.8637986724420876,0.0,1227.050584614663,1247.3668084655233,550.2713531748128,0.8590235769988447,0.9631940388495538,0.15951190616224734,0.0,-3.0551675386999053e-13,-5.336658663347744,0.0,,0.0,0.40492146538408774,0.0,7.339284484378032,True
lift_and_cruse,cruise_5,0.8642884116175461,0.0,1227.0505846146418,1247.3668084654144,550.271353174679,0.85902357699885,0.9631940388495569,0.15951190616223584,0.0,-3.055167538699639e-13,-5.336658663347744,0.0,,0.0,0.40492146538408075,0.0,7.635979062986452,True
lift_and_cruse,cruise_5,0.8647326304940028,0.0,1227.0505846146436,1247.3668084654246,550.2713531747763,0.8590235769988495,0.9631940388495543,0.15951190616224892,0.0,-3.0551675386996635e-13,-5.336658663347744,0.0,,0.0,0.40492146538408136,0.0,7.903291641588065,True
lift_and_cruse,cruise_5,0.8650417002644503,0.0,1227.0505846146511,1247.3668084654623,550.2713531747702,0.8590235769988475,0.9631940388495546,0.15951190616225366,0.0,-3.055167538699756e-13,-5.336658663347744,0.0,,0.0,0.40492146538408375,0.0,8.08827768561719,True
lift_and_cruse,cruise_5,0.8651523359593796,0.0,1227.0505846146518,1247.3668084654662,550.2713531747946,0.8590235769988471,0.963194038849554,0.15951190616225214,0.0,-3.0551675386997655e-13,-5.336658663347744,0.0,,0.0,0.404921465384084,0.0,8.154298440348908,True
lift_and_cruse,cruise_6,0.8185199595638961,0.0,1164.5730571428137,1218.5270586219915,528.2007228317821,0.84975680167605,0.9624607599307398,0.16998345355414582,0.0,-2.9845305240317223e-13,-5.336658663347744,0.0,,0.0,0.3843041474880855,0.0,8.154298440348908,True
lift_and_cruse,cruise_6,0.8185322416779609,0.0,1164.5730571428155,1218.5270586220004,528.2007228317517,0.8497568016760497,0.9624607599307407,0.16998345355414501,0.0,-2.984530524031744e-13,-5.336658663347744,0.0,,0.0,0.38430414748808617,0.0,8.162551034690374,True
lift_and_cruse,cruise_6,0.818566665010829,0.0,1164.573057142815,1218.527058621998,528.2007228317608,0.8497568016760497,0.9624607599307403,0.16998345355413708,0.0,-2.9845305240317384e-13,-5.336658663347744,0.0,,0.0,0.384304147488086,0.0,8.185674290194013,True
lift_and_cruse,cruise_6,0.8186164332107678,0.0,1164.5730571428155,1218.5270586220004,528.2007228317548,0.8497568016760497,0.9624607599307405,0.1699834535541425,0.0,-2.984530524031744e-13,-5.336658663347744,0.0,,0.0,0.38430414748808617,0.0,8.219088362519216,True
lift_and_cruse,cruise_6,0.8186717064236549,0.0,1164.5730571428162,1218.527058622005,528.2007228317395,0.8497568016760494,0.962460759930741,0.16998345355414393,0.0,-2.984530524031755e-13,-5.336658663347744,0.0,,0.0,0.38430414748808633,0.0,8.256175184845269,True
lift_and_cruse,cruise_6,0.8187215371299672,0.0,1164.573057142815,1218.527058621998,528.2007228317486,0.8497568016760496,0.9624607599307408,0.1699834535541446,0.0,-2.9845305240317384e-13,-5.336658663347744,0.0,,0.0,0.384304147488086,0.0,8.289589257170471,True
lift_and_cruse,cruise_6,0.8187560384070298,0.0,1164.5730571428137,1218.5270586219917,528.2007228317759,0.8497568016760502,0.9624607599307399,0.16998345355415279,0.0,-2.984530524031723e-13,-5.336658663347744,0.0,,0.0,0.3843041474880855,0.0,8.31271251267411,True
lift_and_cruse,cruise_6,0.8187683552094783,0.0,1164.5730571427516,1218.5270586216934,528.2007228316878,0.849756801676066,0.962460759930741,0.16998345355414535,0.0,-2.984530524030992e-13,-5.336658663347744,0.0,,0.0,0.384304147488065,0.0,8.320965107015576,True
lift_and_cruse,cruise_7,0.8543643691933357,0.0,1212.3977228061674,1238.3856198998606,544.4653500104498,0.8571908400191051,0.9630448445252783,0.16166691698569632,0.0,-3.03316997104095e-13,-5.336658663347744,0.0,,0.0,0.4000860834120969,0.0,8.320965107015576,True
lift_and_cruse,cruise_7,0.854729854667802,0.0,1212.3977228060699,1238.385619899368,544.4653500102188,0.8571908400191292,0.9630448445252825,0.16166691698566163,0.0,-3.033169971039744e-13,-5.336658663347744,0.0,,0.0,0.40008608341206464,0.0,8.543785154235133,True
lift_and_cruse,cruise_7,0.8557636536707116,0.0,1212.3977228061615,1238.385619899831,544.4653500103799,0.8571908400191066,0.9630448445252799,0.16166691698567542,0.0,-3.033169971040878e-13,-5.336658663347744,0.0,,0.0,0.40008608341209495,0.0,9.168113052833426,True
lift_and_cruse,cruise_7,0.8584801793196145,0.0,1212.3977228061715,1238.3856198998806,544.4653500103768,0.8571908400191037,0.9630448445252803,0.1616669169856852,0.0,-3.033169971040999e-13,-5.336658663347744,0.0,,0.0,0.4000860834120982,0.0,10.070293005613868,True
lift_and_cruse,cruise_7,0.8615642081427104,0.0,1212.397722805912,1238.3856198985718,544.4653500098481,0.8571908400191682,0.9630448445252892,0.16166691698560037,0.0,-3.0331699710377935e-13,-5.336658663347744,0.0,,0.0,0.40008608341201257,0.0,11.071637208417284,True
lift_and_cruse,cruise_7,0.8643731375595355,0.0,1212.397722805619,1238.3856198970932,544.4653500093132,0.8571908400192406,0.9630448445252974,0.16166691698550553,0.0,-3.033169971034172e-13,-5.336658663347744,0.0,,0.0,0.40008608341191587,0.0,11.973817161197726,True
lift_and_cruse,cruise_7,0.8663339546228656,0.0,1212.397722806172,1238.3856198998824,544.4653500103708,0.8571908400191038,0.9630448445252805,0.1616669169856856,0.0,-3.0331699710410035e-13,-5.336658663347744,0.0,,0.0,0.4000860834120984,0.0,12.59814505979602,True
lift_and_cruse,cruise_7,0.8670371465173746,0.0,1212.3977228061701,1238.3856198998758,544.4653500103951,0.8571908400191044,0.9630448445252797,0.16166691698569013,0.0,-3.0331699710409873e-13,-5.336658663347744,0.0,,0.0,0.4000860834120978,0.0,12.820965107015576,True
lift_and_cruse,cruise_8,0.8306529549017265,0.0,1164.103464928832,1218.420346061924,528.0638111717891,0.8496700940733974,0.9624541948656523,0.17007652586505903,0.0,-2.9842691536414913e-13,-5.336658663347744,0.0,,0.0,0.3841491840580505,0.0,12.820965107015576,True
lift_and_cruse,cruise_8,0.8307000144996924,0.0,1164.1034642562404,1218.4203428347937,528.0638099719299,0.8496700942439166,0.9624541948838878,0.17007652567512968,0.0,-2.984269145737302e-13,-5.336658663347744,0.0,,0.0,0.38414918383609814,0.0,12.837470295698505,True
lift_and_cruse,cruise_8,0.830831917668649,0.0,1164.1034629889486,1218.420336754256,528.0638077111009,0.8496700945652073,0.9624541949182489,0.1700765253172775,0.0,-2.9842691308442795e-13,-5.336658663347744,0.0,,0.0,0.3841491834178972,0.0,12.883716806705786,True
lift_and_cruse,cruise_8,0.8310226427126374,0.0,1164.1034649360752,1218.4203460966773,528.0638111846989,0.8496700940715609,0.9624541948654562,0.17007652586709748,0.0,-2.9842691537266125e-13,-5.336658663347744,0.0,,0.0,0.3841491840604407,0.0,12.950544951356191,True
lift_and_cruse,cruise_8,0.8312344899227617,0.0,1164.1034644032209,1218.4203435400113,528.063810234176,0.849670094206653,0.9624541948799016,0.1700765257166435,0.0,-2.9842691474645867e-13,-5.336658663347744,0.0,,0.0,0.384149183884601,0.0,13.024718596008293,True
lift_and_cruse,cruise_8,0.8314255035203441,0.0,1164.103464922275,1218.4203460304634,528.0638111601132,0.8496700940750596,0.9624541948658295,0.17007652586320318,0.0,-2.984269153564435e-13,-5.336658663347744,0.0,,0.0,0.3841491840558867,0.0,13.091546740658698,True
lift_and_cruse,cruise_8,0.8315577692671653,0.0,1164.1034649751803,1218.4203462843059,528.0638112544352,0.8496700940616466,0.9624541948643967,0.17007652587812933,0.0,-2.98426915418617e-13,-5.336658663347744,0.0,,0.0,0.38414918407334525,0.0,13.137793251665979,True
lift_and_cruse,cruise_8,0.8316049902881418,0.0,1164.1034649592991,1218.4203462081073,528.0638112261603,0.8496700940656725,0.9624541948648258,0.1700765258736464,0.0,-2.984269153999537e-13,-5.336658663347744,0.0,,0.0,0.38414918406810455,0.0,13.154298440348908,True
lift_and_cruse,cruise_9,0.8792112604533031,0.0,1227.0505846151852,1247.3668084682347,550.2713531758338,0.8590235769987135,0.9631940388495374,0.15951190616242544,0.0,-3.0551675387065464e-13,-5.336658663347744,0.0,,0.0,0.40492146538426005,0.0,13.154298440348908,True
lift_and_cruse,cruise_9,0.8797519106118502,0.0,1227.050584614657,1247.366808465536,550.2713531748067,0.8590235769988424,0.9631940388495537,0.1595119061622567,0.0,-3.0551675386999366e-13,-5.336658663347744,0.0,,0.0,0.4049214653840858,0.0,13.31935032717821,True
lift_and_cruse,cruise_9,0.8812722997252462,0.0,1227.0505846146568,1247.3668084655349,550.2713531747976,0.8590235769988425,0.963194038849554,0.15951190616225622,0.0,-3.0551675386999336e-13,-5.336658663347744,0.0,,0.0,0.4049214653840857,0.0,13.781815437251021,True
lift_and_cruse,cruise_9,0.8834592129475645,0.0,1227.050584614653,1247.3668084655155,550.2713531748584,0.8590235769988435,0.9631940388495522,0.1595119061622629,0.0,-3.055167538699886e-13,-5.336658663347744,0.0,,0.0,0.40492146538408436,0.0,14.45009688375505,True
lift_and_cruse,cruise_9,0.8856490851199266,0.0,1227.0505846146393,1247.3668084654448,550.2713531747459,0.8590235769988466,0.963194038849555,0.15951190616224328,0.0,-3.055167538699713e-13,-5.336658663347744,0.0,,0.0,0.4049214653840799,0.0,15.191833330276099,True
lift_and_cruse,cruise_9,0.8876352997155762,0.0,1227.0505846231613,1247.3668085089907,550.2713531914544,0.8590235769967667,0.9631940388492847,0.15951190616487732,0.0,-3.05516753880637e-13,-5.336658663347744,0.0,,0.0,0.40492146538689205,0.0,15.860114776780131,True
lift_and_cruse,cruise_9,0.8890172807789826,0.0,1227.05058461644,1247.3668084746446,550.2713531783107,0.8590235769984074,0.9631940388494971,0.1595119061628099,0.0,-3.055167538722246e-13,-5.336658663347744,0.0,,0.0,0.40492146538467405,0.0,16.322579886852942,True
lift_and_cruse,cruise_9,0.8895128381791353,0.0,1227.0505846146589,1247.366808465546,550.271353174758,0.859023576998842,0.9631940388495551,0.15951190616224456,0.0,-3.055167538699961e-13,-5.336658663347744,0.0,,0.0,0.40492146538408635,0.0,16.487631773682242,True
lift_and_cruse,cruise_10,0.02494662220590202,0.0,35.35250625215489,1.8991252419067968,0.6034418250367757,-2.2702976455805994,0.09049845144158052,0.21073473560641473,0.0,-4.651515297362203e-16,-5.336658663347744,0.0,,0.0,0.01166617645279725,0.0,16.487631773682242,False
lift_and_cruse,cruise_10,-0.031291440131254504,0.0,-0.3572326495539813,0.0,4.011857614704074e-05,-14.968762936460967,-inf,0.13720948929319815,0.0,-0.0,-5.336658663347744,0.0,,0.0,-0.00011788525245343812,0.0,16.503587696276742,False
lift_and_cruse,cruise_10,-0.026699051272017403,0.0,-0.3572326495937938,0.0,4.011924385145244e-05,426.6730531661144,-inf,0.137211862491051,0.0,-0.0,-5.336658663347744,0.0,,0.0,-0.00011788525246657606,0.0,16.548295197903848,False
lift_and_cruse,cruise_10,-0.30441153877398663,0.0,-0.357232649653671,0.0,4.012024806603151e-05,510.65478006781785,-inf,0.1372152290393338,0.0,-0.0,-5.336658663347744,0.0,,0.0,-0.0001178852524863353,0.0,16.61289940956479,False
lift_and_cruse,cruise_10,-0.026168517687734497,0.0,-0.3572326497185469,0.0,4.012133611282336e-05,510.65205067930805,-inf,0.1372189629217928,0.0,-0.0,-5.336658663347744,0.0,,0.0,-0.00011788525250774406,0.0,16.68460467482146,False
lift_and_cruse,cruise_10,-0.18884581763850786,0.0,-0.35723264978002583,0.0,4.01223671903739e-05,510.6493344288729,-inf,0.13722237154471503,0.0,-0.0,-5.336658663347744,0.0,,0.0,-0.00011788525252803185,0.0,16.749208886482403,False
lift_and_cruse,cruise_10,-0.03332486832172954,0.0,-0.35723264981743336,0.0,4.0122994559753916e-05,510.64763282593566,-inf,0.13722465873000847,0.0,-0.0,-5.336658663347744,0.0,,0.0,-0.00011788525254037617,0.0,16.793916388109512,False
lift_and_cruse,cruise_10,-0.023804987428812832,0.0,-0.35723264983095043,0.0,4.012322125806359e-05,510.64701574113445,-inf,0.13722543896778075,0.0,-0.0,-5.336658663347744,0.0,,0.0,-0.00011788525254483674,0.0,16.80987231070401,False
lift_and_cruse,decel_descend,0.6780236923732951,0.0,955.5229891291148,560.7281519315277,262.4636424142883,0.8773032494165854,0.9615744485694618,0.12546656408939538,0.0,-1.3733878729095123e-13,-5.336658663347744,0.0,,0.0,0.31531851564852054,0.0,16.80987231070401,True
lift_and_cruse,decel_descend,0.6779081947741231,0.0,955.2304811586644,560.445761411024,262.4059657991584,0.877361461119854,0.9615682852391632,0.1252955904978345,0.0,-1.3726962156154236e-13,-5.336658663347744,0.0,,0.0,0.31515695748047023,0.0,16.928709669221107,True
lift_and_cruse,decel_descend,0.6775903101137777,0.0,954.419147735434,559.6753992383791,262.25240135271946,0.8775214734623438,0.9615513210785185,0.12482000863791991,0.0,-1.3708093724775959e-13,-5.336658663347744,0.0,,0.0,0.31470742791517614,0.0,17.26168454847353,True
lift_and_cruse,decel_descend,0.6771457943739101,0.0,953.2680503001931,558.6165659104871,262.05148803305156,0.8777448221858716,0.9615276033402108,0.12414182318107467,0.0,-1.368215978785929e-13,-5.336658663347744,0.0,,0.0,0.3140659569049447,0.0,17.742847189956432,True
lift_and_cruse,decel_descend,0.6766727887065619,0.0,952.019561299448,557.5166146146798,261.8576535401961,0.8779821772757841,0.9615023832282837,0.12340161783911337,0.0,-1.3655218751186723e-13,-5.336658663347744,0.0,,0.0,0.31336506489412924,0.0,18.276897431451587,True
lift_and_cruse,decel_descend,0.6762648064867233,0.0,950.9205940076508,556.5934098382912,261.7093905897002,0.8781868852812817,0.9614806574167589,0.1227459920545276,0.0,-1.3632606755699486e-13,-5.336658663347744,0.0,,0.0,0.3127434242181096,0.0,18.758060072934487,True
lift_and_cruse,decel_descend,0.6759924780156639,0.0,950.1742662606617,555.9921683759004,261.6214754700461,0.8783236536185616,0.961466176022934,0.12229853670413458,0.0,-1.3617880587050853e-13,-5.336658663347744,0.0,,0.0,0.31231862333770155,0.0,19.091034952186913,True
lift_and_cruse,decel_descend,0.67589725473286,0.0,949.9106887392327,555.7850418285585,261.5930140702429,0.8783715209504845,0.961461117230721,0.12214007888968949,0.0,-1.361280744978644e-13,-5.336658663347744,0.0,,0.0,0.31216807071966624,0.0,19.209872310704007,True
lift_and_cruse,arrival_terminal_procedure,0.772284166464859,0.0,1067.645703623318,1242.8442822811794,515.4731547991781,0.8279005352289798,0.9605373276968123,0.19052384725704832,0.0,-3.0440905442684715e-13,-5.336658663347744,0.0,,0.0,0.35085919493608764,0.0,19.209872310704007,True
lift_and_cruse,arrival_terminal_procedure,0.7723837673005972,0.0,1067.645703790634,1242.8442830649467,515.4731550709272,0.8279005351775599,0.9605373276927248,0.190523847297785,0.0,-3.044090546188148e-13,-5.336658663347744,0.0,,0.0,0.3508591949910725,0.0,19.258912722529686,True
lift_and_cruse,arrival_terminal_procedure,0.7726631447654234,0.0,1067.6457037891637,1242.844283058052,515.4731550686813,0.8279005351780124,0.9605373276927562,0.19052384729747412,0.0,-3.044090546171261e-13,-5.336658663347744,0.0,,0.0,0.3508591949905893,0.0,19.396320903003474,True
lift_and_cruse,arrival_terminal_procedure,0.7730676459720017,0.0,1067.645703787271,1242.8442830491774,515.4731550658732,0.8279005351785957,0.9605373276927944,0.19052384729711405,0.0,-3.0440905461495244e-13,-5.336658663347744,0.0,,0.0,0.35085919498996737,0.0,19.594881476781786,True
lift_and_cruse,arrival_terminal_procedure,0.77351770317672,0.0,1067.645703785481,1242.8442830407807,515.473155063363,0.8279005351791465,0.9605373276928258,0.1905238472968223,0.0,-3.0440905461289584e-13,-5.336658663347744,0.0,,0.0,0.35085919498937906,0.0,19.8152670870422,True
lift_and_cruse,arrival_terminal_procedure,0.7739241796285687,0.0,1067.6457037434834,1242.8442828440582,515.4731549944472,0.8279005351920528,0.9605373276938736,0.19052384728632213,0.0,-3.044090545647127e-13,-5.336658663347744,0.0,,0.0,0.3508591949755775,0.0,20.013827660820517,True
lift_and_cruse,arrival_terminal_procedure,0.7742060201671264,0.0,1067.6457036629179,1242.8442824666809,515.4731548616999,0.8279005352168096,0.9605373276958998,0.1905238472660182,0.0,-3.044090544722819e-13,-5.336658663347744,0.0,,0.0,0.3508591949491013,0.0,20.1512358412943,True
lift_and_cruse,arrival_terminal_procedure,0.7743067167640324,0.0,1067.6457033268316,1242.8442808924185,515.4731543061916,0.8279005353200861,0.9605373277044068,0.19052384718064005,0.0,-3.0440905408669886e-13,-5.336658663347744,0.0,,0.0,0.3508591948386537,0.0,20.20027625311998,True
lift_and_cruse,second_descent,0.6007958126207784,0.0,841.2442929355597,551.0354524560182,249.24113788511622,0.864976558911476,0.9591746511746134,0.14837921421746436,0.0,-1.3496476061339526e-13,-5.336658663347744,0.0,,0.0,0.27645715649138713,0.0,20.20027625311998,True
lift_and_cruse,second_descent,0.600727232432107,0.0,841.1322776273413,550.7817709900049,249.1520322796581,0.8650171320966697,0.9591702802453852,0.1483139895176559,0.0,-1.3490262657432402e-13,-5.336658663347744,0.0,,0.0,0.2764090298723241,0.0,20.2240437248234,True
lift_and_cruse,second_descent,0.6005357264791165,0.0,840.81937236707,550.0732976870004,248.903142199664,0.8651304077157871,0.9591580460645216,0.1481314626755875,0.0,-1.3472910066176282e-13,-5.336658663347744,0.0,,0.0,0.27627451914270135,0.0,20.290638700673885,True
lift_and_cruse,second_descent,0.6002606879913966,0.0,840.3696937160197,549.0555877324875,248.54553092760295,0.8652930350775032,0.9591404017455797,0.1478683124422355,0.0,-1.3447983361411193e-13,-5.336658663347744,0.0,,0.0,0.27608102180601374,0.0,20.386871228970463,True
lift_and_cruse,second_descent,0.5999577573127748,0.0,839.8740104785584,547.9343943330273,248.15144538754282,0.8654720750566356,0.9591208669626027,0.14757708793894303,0.0,-1.342052204325371e-13,-5.336658663347744,0.0,,0.0,0.27586746376773363,0.0,20.4936812772695,True
lift_and_cruse,second_descent,0.5996869256498982,0.0,839.4304852950266,546.9317709706446,247.79893804028208,0.8656320718833288,0.9591033118119758,0.1473154755238454,0.0,-1.3395964853423865e-13,-5.336658663347744,0.0,,0.0,0.2756761378004735,0.0,20.589913805566077,True
lift_and_cruse,second_descent,0.5995006656396712,0.0,839.125253437568,546.2421108695526,247.5564128634468,0.8657420673850164,0.9590911888386837,0.14713486645547189,0.0,-1.3379073052717823e-13,-5.336658663347744,0.0,,0.0,0.2755443347782632,0.0,20.656508781416562,True
lift_and_cruse,second_descent,0.5994344197430757,0.0,839.0166526986736,545.9968005356129,247.4701380561498,0.8657811809729556,0.9590868673513868,0.1470704942737266,0.0,-1.3373064682412685e-13,-5.336658663347744,0.0,,0.0,0.27549741306676523,0.0,20.68027625311998,True
lift_and_cruse,app_transition,0.7069135714462161,0.0,965.7706983594396,1737.3200729509888,589.241841282141,0.6445849047775046,0.9548449019942608,0.26429530080981767,0.0,-4.255206932867749e-13,-5.336658663347744,0.0,,0.0,0.317118054996776,0.0,20.68027625311998,True
lift_and_cruse,app_transition,0.7069021035398173,0.0,965.7541031147999,1737.2625088012378,589.2270063499543,0.6445934800354322,0.9548449219790729,0.264293898876123,0.0,-4.2550659413642726e-13,-5.336658663347744,0.0,,0.0,0.3171120658027944,0.0,20.68124748332613,True
lift_and_cruse,app_transition,0.7068699722470987,0.0,965.7076064265228,1737.1012258377405,589.1854420300034,0.6446175068934522,0.9548449779438355,0.26428997061655346,0.0,-4.254670912034265e-13,-5.336658663347744,0.0,,0.0,0.3170952852748304,0.0,20.683968809890896,True
lift_and_cruse,app_transition,0.70682354388797,0.0,965.6404223567898,1736.8681863960312,589.1253832524321,0.6446522254942457,0.9548450588308647,0.26428429270654596,0.0,-4.254100130021536e-13,-5.336658663347744,0.0,,0.0,0.3170710388406487,0.0,20.68790124071325,True
lift_and_cruse,app_transition,0.7067720160093484,0.0,965.5658613702186,1736.6095613004645,589.0587275703982,0.644690758568064,0.9548451486364187,0.2642779886868575,0.0,-4.253466681230606e-13,-5.336658663347744,0.0,,0.0,0.3170441302676352,0.0,20.692265909640717,True
lift_and_cruse,app_transition,0.7067255943827222,0.0,965.4986912298542,1736.3765746487425,588.9986772154361,0.6447254741445674,0.9548452295645892,0.26427230723576656,0.0,-4.252896028516055e-13,-5.336658663347744,0.0,,0.0,0.3170198891434758,0.0,20.69619834046307,True
lift_and_cruse,app_transition,0.7066934716168182,0.0,965.452212052118,1736.215358204085,588.9571241886874,0.6447494971627682,0.9548452855535393,0.2642683748380638,0.0,-4.252501162110216e-13,-5.336658663347744,0.0,,0.0,0.3170031152832662,0.0,20.698919667027834,True
lift_and_cruse,app_transition,0.7066820074356215,0.0,965.4356245167693,1736.1578232592665,588.9422941438623,0.64475807074831,0.9548453055518056,0.2642669710462729,0.0,-4.252360242138194e-13,-5.336658663347744,0.0,,0.0,0.3169971290292538,0.0,20.699890897233985,True
lift_and_cruse,hover_descent,0.0,0.7600956802024333,0.0,5.089124677878508e-12,-5.991188445325284,0.0,,0.0,2255.4164780019005,10898.09081873326,52.19623231154396,-0.09760903176795674,0.8414874371632283,0.013096417334651453,0.0,0.5924459633647629,20.699890897233985,True
lift_and_cruse,hover_descent,0.0,0.7600758354738775,0.0,5.0891258832799735e-12,-5.991188445325284,0.0,,0.0,2255.3387981216365,10898.093400036625,52.19618227768881,-0.09761251031543261,0.8414853147812731,0.013096357827510893,0.0,0.5924205147431929,20.709382949358698,True
lift_and_cruse,hover_descent,0.0,0.7600202407453466,0.0,5.089129261194549e-12,-5.991188445325284,0.0,,0.0,2255.1211787441866,10898.100633661687,52.196042208317195,-0.09762225669899278,0.8414793682969628,0.01309619097036657,0.0,0.5923492209640902,20.735979088397148,True
lift_and_cruse,hover_descent,0.0,0.7599399270718098,0.0,5.0891341424717975e-12,-5.991188445325284,0.0,,0.0,2254.8067999988557,10898.11108665825,52.195839887417314,-0.09763633988680911,0.8414707760452019,0.01309594948196054,0.0,0.5922462287913675,20.774411622832538,True
lift_and_cruse,hover_descent,0.0,0.7598508175113051,0.0,5.089139560352325e-12,-5.991188445325284,0.0,,0.0,2254.457990997954,10898.1226887623,52.195615446707734,-0.09765197001149244,0.8414612402904559,0.013095680933621724,0.0,0.5921319580704169,20.817068517875832,True
lift_and_cruse,hover_descent,0.0,0.7597705613132308,0.0,5.089144441762091e-12,-5.991188445325284,0.0,,0.0,2254.143837652885,10898.133142042643,52.19541334003496,-0.09766605133102502,0.8414526497079285,0.013095438514244865,0.0,0.5920290415173076,20.855501052311222,True
lift_and_cruse,hover_descent,0.0,0.7597150382554544,0.0,5.089147819841893e-12,-5.991188445325284,0.0,,0.0,2253.9264993450415,10898.140376021529,52.19527353780036,-0.09767579538486588,0.8414467053051216,0.013095270496197605,0.0,0.5919578420343412,20.882097191349672,True
lift_and_cruse,hover_descent,0.0,0.7596952254661147,0.0,5.089149025472767e-12,-5.991188445325284,0.0,,0.0,2253.8489445910727,10898.142957816159,52.19522365487182,-0.0976792728938188,0.8414445838645134,0.0130952104799981,0.0,0.5919324353886269,20.89158924347438,True
