agent_id
1175381
1175385
1175388
1175460
1175984
1175988
1176013
1176048
1176471
1176472
1176474
1176487
1176491
1176556
1176704
1176709
1176713
1176719
1176725
1176744
1176857
1176932
1176934
1176937
1176938
1176984
1177151
1177163
1177164
1177166
1177303
1177307
1177309
1177311
1177313
1177315
